-1.080903876572847366e-02,-1.268446352332830429e-02,-1.790524274110794067e-02,7.349639199674129486e-03,-5.714978091418743134e-03,2.858756296336650848e-02,-3.086848556995391846e-02,-1.520615071058273315e-02,2.643652493134140968e-03,-1.547542633488774300e-03,1.833608373999595642e-02,3.505017608404159546e-02,-5.626275669783353806e-03,-1.390095613896846771e-02,-5.141579546034336090e-03,1.400232966989278793e-02,2.820740826427936554e-02,1.506676059216260910e-02,9.180713444948196411e-03,-1.442208304069936275e-03,-1.027682330459356308e-02,-1.488143578171730042e-03,2.164342068135738373e-02,4.390775691717863083e-03,-9.111017920076847076e-03,4.748754203319549561e-03,-3.525926033034920692e-03,-6.627347320318222046e-03,-2.123792283236980438e-02,-1.107514649629592896e-02,9.548195637762546539e-03,-7.729792967438697815e-03,-1.620722189545631409e-02,-2.833729377016425133e-03,-2.525488100945949554e-02,-1.035918947309255600e-03,8.508910104865208268e-05,4.568181000649929047e-03,1.623256504535675049e-02,-7.077195681631565094e-03,-7.393990643322467804e-03,1.117652002722024918e-02,8.509107865393161774e-03,2.524220943450927734e-02,-3.043764457106590271e-02,1.300442614592611790e-03,1.197484321892261505e-02,-5.401351489126682281e-03,-1.606783270835876465e-02,1.723363623023033142e-02,-1.203820202499628067e-02,-1.771516539156436920e-02,-2.889168635010719299e-02,-1.420824672095477581e-03,-4.111996386200189590e-03,9.510179981589317322e-03,1.435714028775691986e-02,2.676282450556755066e-02,-5.984253715723752975e-03,-4.723410587757825851e-03,1.829806715250015259e-02,-2.965991152450442314e-04,7.907197810709476471e-03,1.525683701038360596e-02,-3.189727722201496363e-04,9.320102632045745850e-03,-1.473729405552148819e-02,-7.381318602710962296e-03,-2.785259857773780823e-02,-9.377125650644302368e-03,1.019445620477199554e-02,3.583582863211631775e-02,9.548195637762546539e-03,-2.436151960864663124e-03,1.248805131763219833e-02,-2.078173868358135223e-02,-1.812066324055194855e-02,-1.795592904090881348e-02,-1.221560779958963394e-02,-1.538355555385351181e-02,-2.451991662383079529e-03,-9.960028342902660370e-03,-5.040205083787441254e-03,2.993077225983142853e-02,7.672769948840141296e-03,-1.420507859438657761e-02,9.377125650644302368e-03,1.047957222908735275e-02,-1.034018211066722870e-02,-4.437661543488502502e-02,3.492662508506327868e-04,3.697628900408744812e-02,-4.557885113172233105e-04,6.104635540395975113e-03,-2.615457773208618164e-02,1.733501069247722626e-02,-2.676282450556755066e-02,3.499948978424072266e-02,-4.938831087201833725e-03,-1.483866851776838303e-02,1.831073896028101444e-03,9.934685193002223969e-03,-1.229955814778804779e-03,1.463938497181516141e-05,-3.548101708292961121e-02,4.222874529659748077e-03,-3.836384974420070648e-03,-1.160736102610826492e-02,3.385744275874458253e-05,-4.070179536938667297e-02,6.022268906235694885e-03,2.343014255166053772e-02,7.273608352988958359e-03,-1.850081607699394226e-02,-6.931470241397619247e-03,-1.957791857421398163e-02,-1.363484840840101242e-02,-2.500144578516483307e-02,-9.560867212712764740e-03,-1.692951470613479614e-02,1.423042267560958862e-02,6.006429437547922134e-03,6.244025658816099167e-03,-4.959739372134208679e-02,-1.815867796540260315e-02,-3.399208188056945801e-03,-2.544495835900306702e-02,1.045422814786434174e-02,6.500629242509603500e-03,1.998975174501538277e-03,4.414852336049079895e-02,1.051125116646289825e-02,4.929326940327882767e-03,-1.994223333895206451e-03,-9.491171687841415405e-03,2.474800869822502136e-02,7.666434161365032196e-03,1.480065286159515381e-02,-3.630468389019370079e-03,-5.005357787013053894e-03,9.579874575138092041e-03,8.466340950690209866e-04,-3.880736185237765312e-03,-1.040354091674089432e-02,-3.165967937093228102e-04,8.084603585302829742e-03,1.117018423974514008e-02,1.728432439267635345e-02,3.107756841927766800e-03,-2.673748135566711426e-02,2.017349191009998322e-02,-3.782529849559068680e-03,1.410370413213968277e-02,-1.099277939647436142e-02,-1.481807674281299114e-03,-9.104682132601737976e-03,-1.554828882217407227e-02,1.430645305663347244e-02,-1.762646250426769257e-02,-1.444584317505359650e-02,1.846280135214328766e-02,-3.548101754859089851e-03,3.261719271540641785e-02,4.815280903130769730e-03,2.230235375463962555e-02,3.956133499741554260e-02,-1.370929530821740627e-03,-1.109415385872125626e-02,-6.025437265634536743e-03,-8.901934139430522919e-03,8.496436290442943573e-03,9.117354638874530792e-03,-1.850081607699394226e-02,2.583778277039527893e-02,3.687491407617926598e-03,5.310272681526839733e-04,1.952723041176795959e-02,5.876543466001749039e-03,-2.709229104220867157e-02,8.762544021010398865e-03,-2.083242498338222504e-02,1.031483896076679230e-02,2.922115288674831390e-02,2.407640404999256134e-02,-1.804463192820549011e-02,-2.364556305110454559e-02,1.141094882041215897e-02,-4.967342596501111984e-03,1.070766430348157883e-02,5.347496364265680313e-03,1.548493001610040665e-02,1.154400222003459930e-02,-1.107197836972773075e-03,-1.153766643255949020e-02,-6.646101474761962891e-01,-1.532019674777984619e-02,-7.729792967438697815e-03,-2.752313204109668732e-02,2.189685590565204620e-02,4.460470750927925110e-03,1.060628984123468399e-02,1.663806289434432983e-02,8.006988209672272205e-04,7.432005833834409714e-03,-6.563988048583269119e-03,1.564966328442096710e-02,2.566037885844707489e-02,-2.131395414471626282e-02,-6.145819090306758881e-03,-9.712928906083106995e-03,-6.180666387081146240e-03,9.511763928458094597e-04,-1.473729405552148819e-02,-5.024365615099668503e-03,-6.034940946847200394e-03,4.248218145221471786e-03,-2.637316705659031868e-03,-7.571395486593246460e-03,1.404192880727350712e-03,-7.976893335580825806e-03,-4.390775691717863083e-03,7.587235304526984692e-04,-1.069499272853136063e-02,2.453258819878101349e-02,-1.850081607699394226e-02,1.136026158928871155e-02,-4.587188828736543655e-03,1.015010569244623184e-02,3.626666963100433350e-02,-1.269079931080341339e-02,-3.426452353596687317e-02,2.362021990120410919e-02,1.804463192820549011e-02,4.653082042932510376e-02,7.559515652246773243e-04,-1.671092584729194641e-03,7.108875084668397903e-03,1.086606178432703018e-02,-4.124668426811695099e-03,-2.197288721799850464e-02,7.818495854735374451e-03,-1.038453355431556702e-02,4.596692509949207306e-03,-2.147868741303682327e-03,-4.194363020360469818e-03,-2.759916335344314575e-02,1.867109385784715414e-04,1.518080662935972214e-02,1.215700060129165649e-03,5.328488536179065704e-03,3.264253586530685425e-02,-1.417973544448614120e-02,2.323689870536327362e-03,4.815280903130769730e-03,7.374982815235853195e-03,9.960028342902660370e-03,-2.398770116269588470e-02,-1.428110990673303604e-02,-1.325469464063644409e-02,-1.084071770310401917e-02,-2.827393589541316032e-03,3.497414523735642433e-03,1.467393524944782257e-02,3.649475984275341034e-03,3.798369551077485085e-03,4.980014171451330185e-03,1.092942059040069580e-02,8.984102169051766396e-05,-5.768833216279745102e-03,7.765432237647473812e-04,3.674819599837064743e-03,-3.114726394414901733e-02,2.448190189898014069e-02,-7.694153464399278164e-04,1.532019674777984619e-02,1.106880977749824524e-02,-6.624812632799148560e-02,-1.231698133051395416e-02,4.158882051706314087e-02,-2.640801481902599335e-02,-4.376836866140365601e-02,-3.216100856661796570e-02,1.229797396808862686e-02,1.262110471725463867e-02,1.224095094949007034e-02,1.187980454415082932e-02,1.698020100593566895e-02,4.802609328180551529e-03,4.279897548258304596e-03,2.711763419210910797e-02,-2.580293687060475349e-03,1.245637144893407822e-02,1.699287258088588715e-02,9.643233381211757660e-03,6.500629242509603500e-03,-1.530752424150705338e-02,3.563941572792828083e-05,-2.840065397322177887e-03,2.576175332069396973e-02,3.023806260898709297e-03,-2.258113399147987366e-02,9.529187344014644623e-03,9.522851556539535522e-03,-1.348278671503067017e-02,7.603075355291366577e-03,-3.152108285576105118e-03,-2.786210272461175919e-03,5.227114073932170868e-03,8.490100502967834473e-03,-2.459594793617725372e-02,-7.713953382335603237e-04,3.370696678757667542e-03,-1.214908086694777012e-03,-1.239301264286041260e-02,5.572420544922351837e-03,1.390095613896846771e-02,1.614861423149704933e-03,-2.085776999592781067e-02,1.979333907365798950e-02,3.096986003220081329e-02,-1.562431920319795609e-02,-1.970463618636131287e-02,-1.170873548835515976e-02,2.076589968055486679e-03,-9.934685193002223969e-03,8.420405909419059753e-03,9.326438419520854950e-03,-5.882879253476858139e-03,-2.410808345302939415e-03,-2.747244387865066528e-02,3.136268584057688713e-03,3.551269648596644402e-03,2.648404426872730255e-02,-7.785232155583798885e-04,-3.719170810654759407e-03,7.134218700230121613e-03,-6.297880783677101135e-03,-5.756161641329526901e-03,-3.750850446522235870e-03,-3.728041052818298340e-02,-2.113654837012290955e-02,-1.153133064508438110e-02,-3.403643146157264709e-02,2.536892704665660858e-02,3.506918437778949738e-03,-1.741104200482368469e-02,-2.405106090009212494e-02,-2.282189764082431793e-02,1.235499698668718338e-02,3.615420719143003225e-04,-2.177013829350471497e-02,2.566037932410836220e-03,-4.438295029103755951e-03,-2.299930155277252197e-02,-7.401118637062609196e-04,2.501094946637749672e-03,-6.066620349884033203e-03,-2.823275141417980194e-02,1.106405863538384438e-03,-2.768786624073982239e-03,1.181010995060205460e-02,1.064430549740791321e-02,1.597912982106208801e-02,-1.438248343765735626e-02,-3.744514426216483116e-03,2.141532860696315765e-02,3.389704274013638496e-03,-1.553086447529494762e-03,1.574470195919275284e-03,-2.043326385319232941e-03,-1.535821147263050079e-02,-1.117018423974514008e-02,1.723363623023033142e-02,9.351782500743865967e-03,2.241639979183673859e-02,1.159468945115804672e-02,-1.898234337568283081e-02,-1.900768838822841644e-02,1.525683701038360596e-02,1.060628984123468399e-02,-2.740274881944060326e-03,3.926275530830025673e-04,-5.420358851552009583e-03,1.330538187175989151e-02,2.090845629572868347e-02,2.472583437338471413e-03,6.402422674000263214e-03,-1.157568208873271942e-02,2.203624695539474487e-02,1.320400740951299667e-02,1.966662146151065826e-02,4.514325875788927078e-03,1.065064128488302231e-02,3.804071992635726929e-02,2.283456921577453613e-02,-4.039133433252573013e-03,2.240372821688652039e-02,-8.502772077918052673e-03,-4.438295029103755951e-03,-2.691488526761531830e-02,9.427812881767749786e-03,-6.380247417837381363e-03,2.145334333181381226e-02,2.249242970719933510e-03,1.187188550829887390e-03,-6.396720558404922485e-02,-1.653668819926679134e-03,-1.287454087287187576e-02,1.444584317505359650e-02,9.263079613447189331e-03,-1.316599175333976746e-02,9.187049232423305511e-03,8.223992772400379181e-03,9.820639155805110931e-03,1.372355036437511444e-02,2.911977842450141907e-02,-4.910319577902555466e-03,-7.444677874445915222e-03,-2.785259857773780823e-02,2.327808178961277008e-02,2.496342919766902924e-02,-2.328441711142659187e-03,1.956524699926376343e-02,-1.061262562870979309e-02,-5.120196146890521049e-04,-1.458523236215114594e-02,-5.030701402574777603e-03,1.207621768116950989e-02,2.043960057199001312e-02,5.249289795756340027e-03,-8.052923716604709625e-03,-3.347887471318244934e-02,1.228530239313840866e-02,-7.127882912755012512e-03,3.399208188056945801e-03,6.044444628059864044e-03,2.510282024741172791e-02,-3.426452353596687317e-02,5.363335832953453064e-03,1.148697920143604279e-02,1.137293316423892975e-02,1.824738085269927979e-02,-1.053025946021080017e-02,1.006615464575588703e-03,-7.457349449396133423e-03,6.551316473633050919e-03,-2.373426593840122223e-02,-6.722385529428720474e-03,-8.927277289330959320e-03,-1.028949487954378128e-02,5.154251120984554291e-03,3.041230142116546631e-02,5.388679448515176773e-03,3.246513009071350098e-02,-5.052877124398946762e-03,1.009308267384767532e-02,2.020556858042255044e-04,2.544495835900306702e-02,7.850174792110919952e-03,-2.065502107143402100e-02,-2.217563614249229431e-02,-1.857684738934040070e-02,-2.206159010529518127e-02,-7.856510579586029053e-03,-8.122618310153484344e-03,-7.077195681631565094e-03,2.597717382013797760e-02,-1.586349913850426674e-03,2.198555972427129745e-03,6.316096405498683453e-04,4.089820664376020432e-03,-1.406568940728902817e-02,4.184859339147806168e-03,7.324295584112405777e-03,-2.411442063748836517e-02,-1.315332017838954926e-02,1.127155870199203491e-02,-1.383759640157222748e-02,7.393990643322467804e-03,-1.666340604424476624e-02,-4.392043128609657288e-02,-2.950943540781736374e-03,-1.608525635674595833e-03,-3.706499235704541206e-03,-5.071884486824274063e-03,7.197577971965074539e-03,9.225064888596534729e-03,-2.164342068135738373e-02,-1.621989347040653229e-02,-2.496342919766902924e-02,4.389508813619613647e-02,-9.465828537940979004e-03,2.209960483014583588e-02,6.811087951064109802e-03,-1.537088397890329361e-02,4.406615626066923141e-03,-1.637195423245429993e-02,-1.909639127552509308e-02,4.460470750927925110e-02,1.194950006902217865e-02,2.550198230892419815e-03,5.135243758559226990e-03,-5.534404888749122620e-03,-1.711959019303321838e-02,-2.432984067127108574e-03,6.494293338619172573e-04,8.249336853623390198e-03,-1.961593329906463623e-02,1.233915681950747967e-03,-4.188027232885360718e-03,-2.759916335344314575e-02,-1.023247186094522476e-02,1.605516113340854645e-02,-1.823470927774906158e-02,-1.150598656386137009e-02,-3.484742715954780579e-02,-2.451991662383079529e-03,3.943461552262306213e-02,8.454619348049163818e-02,1.842478476464748383e-02,-1.929913833737373352e-02,1.443317066878080368e-02,-2.260330831632018089e-03,6.861775182187557220e-03,-4.048637580126523972e-03,-3.918118029832839966e-02,2.745026955381035805e-03,-1.608050428330898285e-02,1.742371357977390289e-02,-1.661271974444389343e-02,1.298858691006898880e-02,-2.525488100945949554e-02,2.260647714138031006e-02,3.940927330404520035e-03,4.748754203319549561e-03,-1.316599175333976746e-02,-1.152499485760927200e-02,-4.707570653408765793e-03,-3.048833087086677551e-02,3.680264489958062768e-05,8.418821962550282478e-04,1.243736408650875092e-02,-6.785744335502386093e-03,-2.203624695539474487e-02,4.729746375232934952e-03,2.668679319322109222e-02,3.246513009071350098e-02,-7.704449351876974106e-03,-1.378057408146560192e-03,8.502772077918052673e-03,4.980014171451330185e-03,7.748800795525312424e-03,1.233598962426185608e-02,1.753775961697101593e-02,1.860219053924083710e-02,1.960326172411441803e-02,1.357148867100477219e-02,-2.289792709052562714e-02,2.365823462605476379e-02,6.595667451620101929e-03,1.166438404470682144e-02,-1.652401685714721680e-02,1.450128154829144478e-03,1.943852938711643219e-02,-6.487957667559385300e-03,1.330538187175989151e-02,-3.525292500853538513e-02,-3.527826815843582153e-02,1.015644147992134094e-02,-1.281118113547563553e-02,-2.886634133756160736e-02,-1.025781594216823578e-02,2.203307813033461571e-03,9.364454075694084167e-03,-3.239226760342717171e-03,-5.455206613987684250e-03,-1.620722189545631409e-02,9.345446713268756866e-03,-1.995807141065597534e-02,-1.170239970088005066e-02,1.048590801656246185e-02,-6.703377701342105865e-03,-3.449261933565139771e-02,-2.126326598227024078e-02,-3.018420748412609100e-02,2.232769690454006195e-02,-1.556096039712429047e-02,1.713226176798343658e-02,-2.425380982458591461e-02,-7.229257375001907349e-03,-2.972802333533763885e-02,-5.021197721362113953e-03,3.636804223060607910e-02,1.793058589100837708e-02,6.570324301719665527e-03,-1.234866119921207428e-02,1.008991384878754616e-03,2.776706358417868614e-03,-3.785697743296623230e-03,-1.923578046262264252e-02,1.055560261011123657e-02,-1.861486211419105530e-02,-1.035918947309255600e-02,-3.310505533590912819e-03,7.089867722243070602e-03,-4.546005278825759888e-03,2.516934648156166077e-03,1.355881709605455399e-02,-9.788959287106990814e-03,1.444584317505359650e-02,1.339408382773399353e-02,-3.135001286864280701e-02,-4.441462922841310501e-03,-7.590403314679861069e-03,3.570277476683259010e-03,-1.344477105885744095e-02,-6.582995876669883728e-03,-1.103079505264759064e-02,-3.386536380276083946e-03,-1.366019155830144882e-02,8.230328559875488281e-03,-2.310067601501941681e-02,1.639729924499988556e-02,-3.557605668902397156e-03,-7.666434161365032196e-03,1.812066324055194855e-02,-1.149965077638626099e-02,9.979035705327987671e-03,1.477530971169471741e-02,-2.196021564304828644e-02,1.111316122114658356e-02,-4.726578481495380402e-03,-2.192219952121376991e-03,4.331218451261520386e-02,-1.522199017927050591e-03,1.471511786803603172e-03,1.586349913850426674e-03,1.519347820430994034e-02,1.274782232940196991e-02,-2.488739974796772003e-02,3.505017608404159546e-02,-1.163270510733127594e-02,-1.184812560677528381e-02,2.625595219433307648e-02,-3.459399100393056870e-03,-2.643335796892642975e-02,1.006773859262466431e-02,1.140461303293704987e-02,-9.519683662801980972e-04,1.540889870375394821e-02,1.046214834786951542e-03,6.310552358627319336e-03,-1.922944444231688976e-03,-3.728041052818298340e-02,1.274782232940196991e-02,-4.789937287569046021e-03,-7.064524106681346893e-03,7.115211337804794312e-03,-2.407640451565384865e-03,-1.767714880406856537e-02,-6.659026723355054855e-03,-9.598881937563419342e-03,-1.362217590212821960e-02,-3.444192931056022644e-02,-6.502213072963058949e-04,-8.705521002411842346e-03,-9.053994901478290558e-03,1.709424704313278198e-02,-3.459399100393056870e-03,-1.938784145750105381e-03,-3.484742715954780579e-02,6.836431566625833511e-03,1.350812986493110657e-02,-1.755043119192123413e-02,-1.402767375111579895e-02,2.878080820664763451e-03,2.040158584713935852e-02,1.978066749870777130e-02,3.641872853040695190e-02,5.293641239404678345e-03,-1.138560473918914795e-02,1.570034958422183990e-02,-1.016911305487155914e-02,-1.862753368914127350e-02,-9.896669536828994751e-03,-2.678816765546798706e-02,-3.213566541671752930e-02,2.787794219329953194e-04,1.851348765194416046e-02,-7.235593162477016449e-03,2.856221981346607208e-02,3.978942520916461945e-03,5.049709230661392212e-03,3.858560696244239807e-03,-1.485134009271860123e-02,1.417973544448614120e-02,-1.757577620446681976e-02,-3.439124301075935364e-02,-1.903303153812885284e-02,-6.310552358627319336e-03,1.826005242764949799e-02,-1.240568421781063080e-02,-7.013836875557899475e-03,-3.211032226681709290e-02,3.451796248555183411e-02,-1.426843740046024323e-02,1.757577620446681976e-02,-9.763615205883979797e-03,3.284528478980064392e-02,-8.832238614559173584e-03,3.626666963100433350e-02,-7.089867722243070602e-03,1.093575637787580490e-02,-2.316403575241565704e-02,3.211032226681709290e-02,1.099277939647436142e-02,1.783554675057530403e-03,4.137340001761913300e-03,1.393897086381912231e-02,1.705623231828212738e-02,-1.570034958422183990e-02,-1.979333907365798950e-02,-9.098346345126628876e-03,5.977917928248643875e-03,-2.136464044451713562e-02,4.237447306513786316e-02,-1.542157027870416641e-02,-8.699185214936733246e-03,-8.038667874643579125e-05,-2.721900865435600281e-02,1.192732364870607853e-03,-3.226238116621971130e-02,1.450920198112726212e-02,1.335606910288333893e-02,-2.009746246039867401e-02,1.272881496697664261e-02,-4.226042423397302628e-03,-2.122525125741958618e-02,1.847547292709350586e-02,-3.266787901520729065e-02,4.688562825322151184e-02,-1.417973544448614120e-02,2.938271733000874519e-03,3.096986003220081329e-02,1.549760159105062485e-02,-5.312648601830005646e-03,3.312406316399574280e-02,1.513487193733453751e-03,-2.384831197559833527e-02,1.209522504359483719e-02,2.278388105332851410e-02,9.383461438119411469e-03,9.136362001299858093e-03,-2.008479088544845581e-03,1.547225750982761383e-02,2.602469176054000854e-03,-2.762450650334358215e-02,1.492737047374248505e-02,-1.010575424879789352e-02,-2.775122411549091339e-02,2.108269371092319489e-03,1.262110471725463867e-02,3.060237737372517586e-03,8.686513639986515045e-03,-2.678816765546798706e-02,1.084705349057912827e-02,-9.852318093180656433e-03,-6.589331664144992828e-03,-3.010817803442478180e-02,-3.050733823329210281e-03,-1.311530452221632004e-02,1.817134954035282135e-02,1.635928265750408173e-02,-7.704449351876974106e-03,-4.907151218503713608e-03,-1.315332017838954926e-02,-1.431912463158369064e-02,1.858951896429061890e-02,-3.086848556995391846e-02,1.547225750982761383e-02,-2.341747097671031952e-02,-9.668577462434768677e-03,9.890333749353885651e-03,9.503844194114208221e-03,-1.112583372741937637e-02,-2.171945199370384216e-02,-8.914605714380741119e-03,2.550831623375415802e-02,-1.685348339378833771e-02,-1.513011939823627472e-02,-2.792862989008426666e-02,3.058970533311367035e-02,2.381029725074768066e-02,1.472462248057126999e-02,-6.678034551441669464e-03,1.853883080184459686e-02,-4.574516788125038147e-03,2.176380250602960587e-03,1.497805770486593246e-02,-5.284137092530727386e-03,-7.355974987149238586e-03,-3.725506737828254700e-02,-1.168972812592983246e-02,-2.668679319322109222e-02,-3.141020424664020538e-03,1.278583798557519913e-02,1.407836098223924637e-02,-3.249047324061393738e-02,-1.053025946021080017e-02,2.486205473542213440e-02,6.937806028872728348e-03,6.773072760552167892e-03,-6.747729144990444183e-03,-8.376054465770721436e-03,2.767202444374561310e-03,3.930789977312088013e-02,2.303098095580935478e-03,2.071837894618511200e-02,-4.707570653408765793e-03,6.842767470516264439e-04,-1.933715492486953735e-02,2.253044582903385162e-02,1.666340604424476624e-02,9.719264693558216095e-03,1.551027316600084305e-02,-3.467002138495445251e-02,-2.054097503423690796e-02,2.668679319322109222e-02,8.996971882879734039e-03,-1.649867370724678040e-02,9.256743825972080231e-03,-1.599180139601230621e-02,1.525683701038360596e-02,-8.027580566704273224e-03,2.367090806365013123e-02,-1.639729924499988556e-02,-1.072667166590690613e-02,7.767808623611927032e-03,-7.146890740841627121e-03,3.335849149152636528e-03,1.941318437457084656e-02,-2.097181603312492371e-02,-1.832341030240058899e-02,6.506965029984712601e-03,-2.721900865435600281e-02,2.195387845858931541e-03,-2.492541447281837463e-02,1.401500217616558075e-02,-1.293314737267792225e-03,3.383368253707885742e-02,-2.691488526761531830e-02,-2.605320326983928680e-02,-4.818448796868324280e-03,2.255578991025686264e-03,-3.601956879720091820e-03,-2.524458395782858133e-04,-2.081341808661818504e-03,1.072350423783063889e-03,8.471093140542507172e-03,1.079636625945568085e-02,2.825809642672538757e-03,1.376156602054834366e-02,6.735849310643970966e-04,5.144747439771890640e-03,-3.728674724698066711e-03,-2.605320326983928680e-02,-4.341356083750724792e-02,-1.445851475000381470e-02,-7.140554953366518021e-03,1.766447722911834717e-02,-1.191782020032405853e-02,2.027486637234687805e-02,1.195583585649728775e-02,-1.568767800927162170e-02,-3.644407168030738831e-02,-3.170482441782951355e-02,6.345399655401706696e-03,1.057302579283714294e-03,1.212056912481784821e-02,9.098346345126628876e-03,4.305874928832054138e-02,3.664682060480117798e-02,-7.159562315791845322e-03,-1.357148867100477219e-02,-4.305874928832054138e-02,6.963149644434452057e-03,-4.682227037847042084e-03,-2.934787049889564514e-02,2.105101477354764938e-03,1.234866119921207428e-02,-1.640997081995010376e-02,-2.047761529684066772e-02,8.217656984925270081e-03,-2.098448760807514191e-02,-7.451013661921024323e-03,1.604248769581317902e-02,1.608050428330898285e-02,-1.159468945115804672e-02,8.724528364837169647e-03,7.119962829165160656e-04,1.644798554480075836e-02,-6.697041913866996765e-03,-6.038108840584754944e-03,-2.835947088897228241e-02,-6.728721316903829575e-03,-1.258467324078083038e-03,2.595183067023754120e-02,-2.008479088544845581e-02,2.358220517635345459e-02,3.583582863211631775e-02,-5.509061738848686218e-03,-5.296809133142232895e-03,-9.313766844570636749e-03,-2.463079581502825022e-04,1.889364235103130341e-02,3.773025935515761375e-03,3.507551923394203186e-02,-1.526950951665639877e-02,9.225064888596534729e-03,1.161369681358337402e-02,-3.082809271290898323e-04,-1.833608373999595642e-02,1.504775253124535084e-03,4.645478725433349609e-02,-1.736035570502281189e-02,-2.468465082347393036e-02,-5.423526745289564133e-03,-2.132662571966648102e-02,2.456743735820055008e-03,1.809531822800636292e-02,-7.102539297193288803e-03,-2.141532860696315765e-02,-1.174516743049025536e-03,-1.208572182804346085e-03,1.247537881135940552e-02,-1.722096465528011322e-02,1.862753368914127350e-02,4.184225574135780334e-02,-4.261880167177878320e-05,-1.737619517371058464e-03,1.492895535193383694e-03,5.803680513054132462e-03,8.635826408863067627e-03,-2.073105238378047943e-02,-9.034987539052963257e-03,-1.434446871280670166e-02,-2.581877633929252625e-03,1.423042267560958862e-02,7.527044508606195450e-03,5.895551294088363647e-03,3.959935158491134644e-03,1.486401166766881943e-02,-4.694899078458547592e-03,1.945120096206665039e-02,2.143053412437438965e-01,5.369671620428562164e-03,4.153179936110973358e-03,2.287258394062519073e-02,5.062380805611610413e-03,-1.092942059040069580e-02,3.008283302187919617e-02,2.781458431854844093e-03,2.835313323885202408e-03,3.241444379091262817e-02,-4.762059450149536133e-02,-2.303731814026832581e-02,-3.745781630277633667e-02,4.229210317134857178e-03,1.691684126853942871e-02,-2.106051892042160034e-02,-1.538355555385351181e-02,-2.177013829350471497e-02,-2.894237264990806580e-02,-3.079245425760746002e-02,1.643531396985054016e-02,-1.504141651093959808e-02,3.730575367808341980e-02,-1.393897086381912231e-02,2.815672196447849274e-02,8.325367234647274017e-03,-1.412904821336269379e-02,4.490566207095980644e-04,1.941318437457084656e-02,2.806801814585924149e-03,-1.619455032050609589e-02,1.001863507553935051e-03,-1.274782232940196991e-02,-1.606783270835876465e-02,-2.270785160362720490e-02,1.001071557402610779e-02,2.360754832625389099e-02,1.030216645449399948e-02,2.596133388578891754e-03,1.104029826819896698e-03,1.281118113547563553e-02,-5.467878188937902451e-03,-9.807966649532318115e-03,-3.401108831167221069e-02,-8.048567542573437095e-05,7.989564910531044006e-03,-1.324202213436365128e-02,-9.522851556539535522e-03,3.323177341371774673e-03,5.616771522909402847e-03,-1.976799592375755310e-02,-6.510132807306945324e-04,3.294665738940238953e-02,4.780433606356382370e-03,1.272881496697664261e-02,-9.807966649532318115e-03,2.242907183244824409e-03,1.570510212332010269e-03,7.279944606125354767e-03,-3.396040294319391251e-03,-8.591474965214729309e-03,6.551316473633050919e-03,-3.208497539162635803e-02,-5.547076929360628128e-03,2.325273817405104637e-03,2.179548144340515137e-02,-2.704160474240779877e-02,-2.154204621911048889e-02,1.696436083875596523e-03,-1.734768226742744446e-02,-2.228651428595185280e-03,-1.672676578164100647e-02,3.630468389019370079e-03,2.808069065213203430e-02,-5.705474410206079483e-03,-7.045516278594732285e-03,-1.149331498891115189e-02,5.170091055333614349e-03,-6.256697233766317368e-04,2.577442489564418793e-02,-2.264449186623096466e-02,-2.287258394062519073e-02,2.412709221243858337e-02,3.224971005693078041e-03,1.189247705042362213e-02,1.168972812592983246e-03,1.715760678052902222e-02,1.005823491141200066e-03,-4.596692509949207306e-03,1.921043731272220612e-02,1.150598656386137009e-02,-7.134218700230121613e-03,2.214395673945546150e-03,1.190356444567441940e-03,4.118332173675298691e-03,1.804463192820549011e-02,-1.213957648724317551e-02,1.511744782328605652e-02,-1.605516113340854645e-02,6.799208349548280239e-04,-1.127155870199203491e-02,-2.762450650334358215e-02,1.250072289258241653e-02,7.127882912755012512e-03,-8.471093140542507172e-03,1.079636625945568085e-02,2.010063035413622856e-03,2.995611540973186493e-02,4.973678383976221085e-03,-1.328003779053688049e-02,-1.483391621150076389e-03,-5.211274605244398117e-03,-2.928767818957567215e-03,-4.751922097057104111e-03,5.499557591974735260e-03,1.677428488619625568e-03,7.872350979596376419e-04,-3.327612578868865967e-02,-2.588847093284130096e-02,-3.814209252595901489e-02,1.539622712880373001e-02,-2.818206511437892914e-02,1.106880977749824524e-02,2.331609651446342468e-02,-4.051805473864078522e-03,-1.803196035325527191e-02,-5.068716593086719513e-03,1.722096465528011322e-02,3.218635171651840210e-02,-3.753384575247764587e-02,2.194754406809806824e-02,-1.867822185158729553e-02,1.967929303646087646e-02,1.102445926517248154e-02,1.047323644161224365e-02,1.966662146151065826e-02,2.035089768469333649e-02,-2.467197924852371216e-02,-1.534553989768028259e-02,-7.311624009162187576e-03,-6.152154877781867981e-03,2.739641442894935608e-02,-8.661169558763504028e-03,8.667505346238613129e-03,2.104784548282623291e-02,-1.705623231828212738e-02,9.149033576250076294e-03,-2.388632856309413910e-02,-1.229797396808862686e-02,-1.649867370724678040e-02,-1.633393950760364532e-02,1.212690491229295731e-02,2.648404426872730255e-02,-1.804463192820549011e-02,1.620722189545631409e-02,2.002143068239092827e-03,-1.869089342653751373e-02,-2.952527441084384918e-02,1.405301690101623535e-02,8.547123521566390991e-03,-3.700163215398788452e-02,8.033916354179382324e-03,8.268344216048717499e-03,-1.812066324055194855e-02,1.104029826819896698e-03,-5.322152748703956604e-03,-1.590563356876373291e-01,1.026415172964334488e-02,1.115751266479492188e-02,-9.294759482145309448e-03,-3.959935158491134644e-03,8.477428928017616272e-03,2.858756296336650848e-02,9.820639155805110931e-03,1.362217590212821960e-02,1.557363197207450867e-02,3.665315685793757439e-03,-1.614386215806007385e-02,-1.766447722911834717e-02,5.499557591974735260e-03,-1.202553045004606247e-02,1.023880764842033386e-02,-1.699287258088588715e-02,1.435872400179505348e-03,1.994539983570575714e-02,1.511744782328605652e-02,1.857684738934040070e-02,-1.776585169136524200e-02,-4.077149089425802231e-03,-2.298662997782230377e-02,2.828343957662582397e-02,3.608292667195200920e-03,1.471511786803603172e-03,2.661076374351978302e-02,-1.301393005996942520e-02,-7.203913759440183640e-03,-2.298662997782230377e-02,1.554828882217407227e-02,2.381029725074768066e-02,-8.401397615671157837e-03,1.186079718172550201e-02,-2.047761529684066772e-02,-3.728674724698066711e-03,-3.532262053340673447e-03,-1.676478050649166107e-02,1.979333907365798950e-02,1.253240182995796204e-02,2.828343957662582397e-02,4.504822194576263428e-03,-1.411637570708990097e-02,-1.265912037342786789e-02,2.555900439620018005e-02,8.300024084746837616e-03,-8.572467602789402008e-03,-6.339855608530342579e-04,-1.988204196095466614e-02,2.041425742208957672e-02,-3.155276179313659668e-02,1.894432934932410717e-03,-5.037037190049886703e-03,2.653473243117332458e-02,6.145819206722080708e-04,-2.470999397337436676e-02,-1.314064860343933105e-02,-3.365628048777580261e-02,-1.032117474824190140e-02,-3.256650408729910851e-03,-8.217656984925270081e-03,8.578803390264511108e-03,4.463638644665479660e-03,4.650547634810209274e-03,5.046541336923837662e-03,-7.755136583000421524e-03,-9.979035705327987671e-03,-2.732038311660289764e-02,8.756208233535289764e-03,-2.899305894970893860e-02,-2.502678893506526947e-02,3.928255662322044373e-02,-2.868893742561340332e-02,6.272537168115377426e-03,1.059995405375957489e-02,-3.226238116621971130e-02,1.582706719636917114e-02,1.057460997253656387e-02,6.250361446291208267e-03,5.277801305055618286e-03,3.887705877423286438e-02,-9.250408038496971130e-03,1.009941846132278442e-02,1.285553257912397385e-02,-1.386294048279523849e-02,1.858001458458602428e-03,6.544980686157941818e-03,-2.253044582903385162e-02,-1.100545097142457962e-02,8.135290816426277161e-03,5.376007873564958572e-03,1.021346449851989746e-02,-3.259184956550598145e-02,2.630664035677909851e-02,-5.607267958112061024e-04,1.518080662935972214e-02,-2.334777731448411942e-03,1.723363623023033142e-02,-5.068716593086719513e-03,1.417973544448614120e-02,-7.831167429685592651e-03,-3.869965299963951111e-02,3.274390846490859985e-02,7.178570143878459930e-03,8.350710384547710419e-03,-1.096109952777624130e-02,7.736128754913806915e-03,3.312406316399574280e-02,-1.765180565416812897e-02,-1.107514649629592896e-02,1.733501069247722626e-02,1.665073446929454803e-02,3.005748987197875977e-02,2.510282024741172791e-02,9.446821175515651703e-03,-1.208255346864461899e-02,-1.195583585649728775e-02,1.261635334230959415e-03,1.098644360899925232e-02,5.565451085567474365e-02,-1.301393005996942520e-02,-1.328162150457501411e-03,1.250072289258241653e-02,-1.363484840840101242e-02,-2.094647288322448730e-02,-1.236766874790191650e-01,-4.503554850816726685e-02,1.619455032050609589e-02,1.805730350315570831e-02,2.121257968246936798e-02,1.580172404646873474e-02,1.301234588027000427e-03,3.122329525649547577e-02,2.166876383125782013e-02,1.551027316600084305e-02,-1.855150423943996429e-02,-1.870356500148773193e-02,-3.364360658451914787e-03,-1.136659737676382065e-02,6.779408548027276993e-03,-1.295057125389575958e-02,-3.440391505137085915e-03,-7.140554953366518021e-03,-3.114726394414901733e-02,2.704160474240779877e-02,6.403214647434651852e-04,1.620722189545631409e-02,1.740787411108613014e-03,-2.985474094748497009e-02,2.266983501613140106e-02,3.167947987094521523e-03,-3.089382871985435486e-02,2.514083497226238251e-02,2.498877421021461487e-02,8.369718678295612335e-03,-1.353347394615411758e-02,-1.336874067783355713e-02,-1.122720725834369659e-02,2.043960057199001312e-02,-2.562236227095127106e-02,-1.809531822800636292e-02,-4.016958177089691162e-02,1.611693529412150383e-03,9.079338982701301575e-03,-2.947458811104297638e-02,-4.226042423397302628e-03,5.962077993899583817e-03,7.210249546915292740e-03,-3.069107979536056519e-02,1.186079718172550201e-02,-6.174330599606037140e-03,-6.716049741953611374e-03,1.561164762824773788e-02,-5.147915333509445190e-03,-6.183834280818700790e-03,-2.592965494841337204e-03,1.238034106791019440e-02,-9.218728169798851013e-03,-2.678816765546798706e-02,1.450920198112726212e-02,-2.534358389675617218e-02,6.174330599606037140e-03,2.003410272300243378e-02,-1.439515594393014908e-02,9.896669536828994751e-03,-1.543424278497695923e-02,-1.817134954035282135e-02,6.212345790117979050e-03,1.651134528219699860e-02,4.577684681862592697e-03,3.361192764714360237e-03,-1.687882654368877411e-02,-9.104682132601737976e-03,3.018420748412609100e-02,7.146890740841627121e-03,2.256846055388450623e-02,1.283652521669864655e-02,-1.328003779053688049e-02,2.830878272652626038e-02,-1.491469889879226685e-02,1.597912982106208801e-02,-8.559795096516609192e-03,-5.615187692455947399e-04,-5.896342918276786804e-04,-3.867430984973907471e-02,-1.397698651999235153e-02,-3.152741864323616028e-02,4.096156917512416840e-03,-4.134172108024358749e-03,3.479674085974693298e-02,9.136362001299858093e-03,7.672769948840141296e-03,-7.457349449396133423e-03,1.378690917044878006e-02,-4.300806298851966858e-02,1.071400009095668793e-02,1.999608799815177917e-02,1.194950006902217865e-02,-3.684956952929496765e-02,1.595061854459345341e-03,1.945120096206665039e-02,1.835825853049755096e-03,-3.223387058824300766e-03,9.149033576250076294e-03,-3.256650641560554504e-02,-7.514372467994689941e-03,-1.794325746595859528e-02,-5.106732249259948730e-02,1.886829733848571777e-02,-1.099911518394947052e-02,-1.711959019303321838e-02,1.431912463158369064e-02,6.708129658363759518e-04,-3.826881060376763344e-03,-1.532019674777984619e-02,-2.370892278850078583e-02,-2.487472817301750183e-02,-2.307533286511898041e-02,1.774050877429544926e-03,-6.316888146102428436e-03,-2.444388717412948608e-02,-1.879226788878440857e-02,-5.670626997016370296e-04,2.092429669573903084e-03,5.632611457258462906e-03,4.381272010505199432e-03,-1.152499485760927200e-02,-1.962860487401485443e-02,8.692849427461624146e-03,-3.125180723145604134e-03,1.312797609716653824e-02,4.482646472752094269e-03,3.005748987197875977e-02,2.218830771744251251e-02,-1.306778518483042717e-03,-1.155667379498481750e-02,3.665315685793757439e-03,-6.975821219384670258e-03,-8.920941501855850220e-03,3.294665738940238953e-02,3.350421786308288574e-02,6.690706126391887665e-03,-3.930789977312088013e-02,1.413696794770658016e-03,2.251777425408363342e-02,1.509210374206304550e-02,5.094060301780700684e-02,-1.355881709605455399e-02,-3.406177833676338196e-02,1.443317066878080368e-02,1.111316122114658356e-02,-9.991708211600780487e-03,1.291255559772253036e-02,-3.563941456377506256e-03,1.539622712880373001e-02,3.322543948888778687e-02,-1.023247186094522476e-02,2.207426168024539948e-02,3.129932656884193420e-02,-1.073142397217452526e-03,-6.114139687269926071e-03,-2.173212356865406036e-02,-1.877959631383419037e-02,1.031483896076679230e-02,-2.445655874907970428e-02,2.448190189898014069e-02,-5.025632679462432861e-02,1.543424278497695923e-02,1.003605872392654419e-02,-1.094842795282602310e-02,-1.803196035325527191e-02,1.331805344671010971e-02,1.294423546642065048e-02,1.231698133051395416e-02,-2.033822610974311829e-02,1.006615464575588703e-03,-2.133929729461669922e-02,1.164537668228149414e-02,-2.965199295431375504e-03,2.296762308105826378e-03,2.203624695539474487e-02,-1.528534921817481518e-03,1.975215505808591843e-03,-2.106685424223542213e-03,2.967733703553676605e-02,-2.035089768469333649e-02,-8.217656984925270081e-03,2.041425742208957672e-02,5.642115138471126556e-03,-1.635928265750408173e-02,1.749974489212036133e-02,1.955257542431354523e-02,2.179548144340515137e-02,-9.377125650644302368e-03,1.358416117727756500e-02,8.185977116227149963e-03,-1.191782020032405853e-02,7.406662218272686005e-03,1.269713509827852249e-02,1.243102736771106720e-02,-1.803196035325527191e-02,1.713859848678112030e-03,1.411637570708990097e-02,-2.610389143228530884e-02,2.013547718524932861e-02,1.463591959327459335e-02,1.293789967894554138e-02,-1.516813505440950394e-02,2.996878698468208313e-03,-4.232378676533699036e-03,-9.472164325416088104e-03,-2.085776999592781067e-02,1.476263720542192459e-02,-1.894432865083217621e-02,-1.812066324055194855e-02,-9.244072251021862030e-03,2.866359241306781769e-02,-4.526997450739145279e-03,2.240372821688652039e-02,4.604929313063621521e-02,7.767808623611927032e-03,3.931423649191856384e-03,6.180666387081146240e-03,5.154251120984554291e-03,-1.011842582374811172e-02,-2.478602528572082520e-02,3.314940631389617920e-02,1.837409846484661102e-02,8.312695659697055817e-03,2.266983501613140106e-02,-1.433179620653390884e-02,2.648404426872730255e-02,1.074567995965480804e-02,-3.487910609692335129e-03,-2.092112787067890167e-02,-8.217656984925270081e-03,-5.227114073932170868e-03,1.425576582551002502e-02,-3.658979898318648338e-03,-8.566130883991718292e-03,-9.084090706892311573e-04,1.393897086381912231e-02,2.208693325519561768e-02,-2.163074910640716553e-02,2.159273251891136169e-02,-1.591577008366584778e-02,5.529969930648803711e-02,7.108875084668397903e-03,-2.962031401693820953e-03,1.709107891656458378e-03,2.549564465880393982e-02,3.454330563545227051e-02,4.165851511061191559e-03,4.777265712618827820e-03,6.728721316903829575e-03,-1.177209429442882538e-02,3.512620553374290466e-02,3.925087396055459976e-03,7.108875084668397903e-03,-1.648600213229656219e-02,-2.085776999592781067e-02,-7.470021490007638931e-03,3.451796248555183411e-02,2.502678893506526947e-02,-3.056436218321323395e-02,-5.128907971084117889e-03,4.354027658700942993e-02,1.534553989768028259e-02,1.751875272020697594e-03,1.751875272020697594e-03,-2.497610263526439667e-02,-4.612532444298267365e-03,1.291255559772253036e-02,-3.996683284640312195e-02,7.919869967736303806e-04,-2.714297734200954437e-02,-8.787888102233409882e-03,8.838574867695569992e-04,-1.670142076909542084e-02,-2.131395414471626282e-02,7.717121392488479614e-03,-6.201257929205894470e-04,-4.650547634810209274e-03,-1.494004298001527786e-02,-5.752993281930685043e-03,-1.853249617852270603e-03,-1.964127831161022186e-02,1.519347820430994034e-02,-2.062967792153358459e-02,-7.343303412199020386e-03,-3.788865869864821434e-03,8.217656984925270081e-03,6.421430502086877823e-03,1.311530452221632004e-02,-1.562431920319795609e-02
-9.416801854968070984e-03,-1.876643672585487366e-02,-1.294978242367506027e-02,-9.295902214944362640e-03,-6.938342936336994171e-03,4.467943683266639709e-02,-2.307855337858200073e-02,-1.672456227242946625e-02,-1.234527956694364548e-02,2.142624696716666222e-03,2.606076560914516449e-02,3.374465927481651306e-02,-1.590512692928314209e-02,-2.033814415335655212e-02,-3.321404103189706802e-03,7.824946194887161255e-03,1.110940892249345779e-02,2.173521555960178375e-02,-4.338982980698347092e-03,-2.243375219404697418e-02,-1.754735829308629036e-03,-6.085323169827461243e-03,7.536128628998994827e-03,-1.599412295036017895e-03,-4.030015319585800171e-03,1.082059089094400406e-02,4.113974049687385559e-03,-1.809476874768733978e-02,-4.239575937390327454e-02,5.655454471707344055e-03,2.831085585057735443e-03,-6.011439254507422447e-04,-3.146098554134368896e-02,-1.409162022173404694e-02,-4.008521884679794312e-02,-1.220422983169555664e-02,1.397071965038776398e-02,-2.548984717577695847e-03,4.184498917311429977e-03,-1.786640100181102753e-02,4.416225012391805649e-03,-1.797386817634105682e-02,1.589169353246688843e-02,1.542152464389801025e-02,-3.261625766754150391e-02,1.452484633773565292e-03,1.462895516306161880e-02,-1.645589619874954224e-02,-1.131090894341468811e-02,2.709513530135154724e-02,-1.753056608140468597e-02,-9.752636775374412537e-03,-1.257364731281995773e-02,-1.225796248763799667e-02,2.367633860558271408e-03,7.321194279938936234e-03,3.449021372944116592e-03,3.562533482909202576e-02,-3.613580251112580299e-03,1.648276299238204956e-02,1.634842902421951294e-02,-8.221231400966644287e-03,8.113764226436614990e-03,1.391698606312274933e-02,3.351629246026277542e-03,1.002130471169948578e-02,-1.472298894077539444e-02,-1.339140464551746845e-03,-6.031589582562446594e-03,-2.600703202188014984e-02,1.141165941953659058e-02,4.408836737275123596e-02,7.683895528316497803e-03,-3.176995320245623589e-03,5.131552927196025848e-03,-3.839261084794998169e-02,4.241590853780508041e-03,6.992076523602008820e-03,-2.624547341838479042e-03,-1.090119127184152603e-02,-2.955344389192759991e-04,-8.832450024783611298e-03,-2.113071270287036896e-02,1.962953247129917145e-03,3.606863552704453468e-03,7.489111740142107010e-04,6.495041307061910629e-03,2.270241826772689819e-02,-1.773206749930977821e-03,-3.640447184443473816e-02,1.492448989301919937e-02,4.287936165928840637e-02,7.952563464641571045e-03,1.268783118575811386e-02,-2.145311422646045685e-02,1.730219833552837372e-02,-2.340095490217208862e-02,4.489437118172645569e-02,-1.115642581135034561e-02,-1.003473810851573944e-02,1.744996570050716400e-02,-3.319724928587675095e-03,3.459096420556306839e-03,-8.651099167764186859e-03,-4.481377080082893372e-02,1.081387395970523357e-03,5.561421159654855728e-03,-1.057878974825143814e-02,-1.247961353510618210e-02,-2.585926465690135956e-02,-1.024295575916767120e-02,1.673799566924571991e-02,-1.956236548721790314e-03,-2.302481979131698608e-02,-1.334606669843196869e-02,-1.837687008082866669e-02,-5.719263106584548950e-03,-2.256808429956436157e-02,1.675814623013138771e-03,-1.900823786854743958e-02,4.930051974952220917e-03,5.124836228787899017e-03,1.853807084262371063e-02,-4.328236356377601624e-02,-3.939339891076087952e-03,4.130765795707702637e-03,-2.505326084792613983e-02,2.669885056093335152e-03,1.508569065481424332e-02,-1.884703710675239563e-02,3.524919971823692322e-02,9.175001643598079681e-03,1.403788663446903229e-02,-1.671112887561321259e-02,2.465025987476110458e-03,2.348155528306961060e-02,4.782284609973430634e-03,-5.890538915991783142e-03,-2.424725890159606934e-02,-1.295649912208318710e-02,3.438946325331926346e-03,5.279319826513528824e-03,4.391037509776651859e-04,-1.880673691630363464e-02,2.209791727364063263e-02,4.066957160830497742e-03,7.744345813989639282e-03,1.660366356372833252e-02,2.422207035124301910e-04,-2.534879557788372040e-02,2.904297597706317902e-02,-1.589169353246688843e-02,1.624096184968948364e-02,-7.871963083744049072e-03,-1.918287202715873718e-02,7.428661454468965530e-03,-1.235871296375989914e-02,6.249881815165281296e-03,-2.188298292458057404e-02,-5.495093646459281445e-04,3.277745842933654785e-02,9.363068267703056335e-03,2.630256675183773041e-02,5.490895826369524002e-03,2.591299824416637421e-02,4.118675366044044495e-02,4.127407446503639221e-03,-1.417222060263156891e-02,-8.449598215520381927e-03,-7.905546575784683228e-03,4.234874155372381210e-03,8.383271051570773125e-04,-1.578422635793685913e-02,2.615479938685894012e-02,3.207220463082194328e-03,2.178894914686679840e-02,1.668426208198070526e-02,-1.080044079571962357e-02,-2.361588925123214722e-02,-2.713543595746159554e-03,-2.858624048531055450e-02,-7.260743994265794754e-03,3.473873063921928406e-02,2.334722131490707397e-02,-1.358115114271640778e-02,-1.845747046172618866e-02,5.249094683676958084e-03,7.710762321949005127e-03,7.657028734683990479e-03,-7.314477581530809402e-03,1.128404214978218079e-02,7.112976629287004471e-03,-5.994647741317749023e-03,-5.296111572533845901e-03,-6.439427137374877930e-01,-2.585926465690135956e-02,1.755785342538729310e-04,-1.124374289065599442e-02,4.038075357675552368e-02,1.567675918340682983e-02,2.295765280723571777e-02,1.398415304720401764e-02,-2.411292493343353271e-02,1.163331046700477600e-02,-6.733483634889125824e-03,1.342666707932949066e-02,1.454835478216409683e-02,-2.033814415335655212e-02,2.147662220522761345e-03,-1.409162022173404694e-02,-1.417222060263156891e-02,7.495828438550233841e-03,-1.364831812679767609e-02,-1.147210970520973206e-02,-1.822910271584987640e-02,1.246618013828992844e-02,-4.127407446503639221e-03,1.076685730367898941e-02,1.441402081400156021e-02,-2.374350558966398239e-03,1.783953420817852020e-02,-1.104895863682031631e-02,-1.930377259850502014e-02,-6.904759444296360016e-03,-2.974151261150836945e-02,1.247961353510618210e-02,1.663220813497900963e-03,1.082226983271539211e-03,3.309985995292663574e-02,-3.906428068876266479e-02,-4.180468991398811340e-02,3.755974024534225464e-02,1.649619638919830322e-02,4.215395823121070862e-02,1.330576650798320770e-02,-1.710069738328456879e-02,1.315800007432699203e-02,3.459096420556306839e-03,8.026447147130966187e-03,2.915044315159320831e-02,1.019593887031078339e-02,-1.056535635143518448e-02,5.903972312808036804e-03,-8.046597242355346680e-03,7.374927867203950882e-03,1.441569998860359192e-03,3.452379722148180008e-03,1.711413078010082245e-02,1.868583634495735168e-02,1.430655363947153091e-02,2.769963815808296204e-02,-2.452935837209224701e-02,-3.620296949520707130e-03,1.589169353246688843e-02,1.460208836942911148e-02,2.267555147409439087e-02,-2.060681022703647614e-02,-3.790900856256484985e-02,-2.829070761799812317e-02,-7.717479020357131958e-03,-1.366175152361392975e-02,5.514404270797967911e-03,2.958031184971332550e-02,-3.259694494772702456e-04,1.261394750326871872e-02,-7.677178829908370972e-03,3.119903383776545525e-03,1.622752845287322998e-02,-9.799653664231300354e-03,1.382295228540897369e-02,-1.266768109053373337e-02,-2.592643164098262787e-02,2.206013596151024103e-04,6.128981243818998337e-03,1.984110847115516663e-02,6.978643126785755157e-03,-5.252453312277793884e-02,-3.425512835383415222e-02,5.674261599779129028e-02,-2.495922707021236420e-02,-5.220213159918785095e-02,-9.786220267415046692e-03,3.714330727234482765e-03,-1.885921228677034378e-04,-4.046807007398456335e-04,6.965209729969501495e-03,1.707383058965206146e-02,-1.454835478216409683e-02,3.135351836681365967e-02,2.358902245759963989e-02,6.797292269766330719e-03,9.692186489701271057e-03,-1.672456273809075356e-03,-8.624232374131679535e-03,1.617379486560821533e-02,-1.319830026477575302e-02,-1.382295228540897369e-02,2.167812315747141838e-03,4.881691932678222656e-02,5.558062810450792313e-03,-1.003473810851573944e-02,2.334050368517637253e-03,1.300351601094007492e-02,-1.787983439862728119e-02,-3.012016532011330128e-04,-8.368997834622859955e-03,4.642913409043103456e-04,-1.162659376859664917e-02,-5.040877498686313629e-03,-3.073558211326599121e-02,2.207105048000812531e-02,3.302933415398001671e-03,-6.746077560819685459e-04,-1.149225980043411255e-02,6.760350428521633148e-03,9.450385347008705139e-03,1.071312371641397476e-02,-3.686120733618736267e-02,2.302481979131698608e-02,2.287705242633819580e-02,2.016350999474525452e-02,-1.217736303806304932e-02,-4.973710514605045319e-03,-3.198824590072035789e-03,-1.227811258286237717e-02,-4.936768673360347748e-03,2.149341441690921783e-02,2.282625791849568486e-05,1.184824481606483459e-02,-1.706039719283580780e-02,2.280317014083266258e-03,1.144356443546712399e-03,2.623539976775646210e-02,-1.061908993870019913e-02,-3.576113886083476245e-05,4.124049097299575806e-03,-9.975337161449715495e-05,5.796505138278007507e-03,-1.213034614920616150e-02,-3.266999125480651855e-02,-1.081387419253587723e-02,-1.522002369165420532e-02,-3.844634443521499634e-02,3.318046033382415771e-02,1.002130471169948578e-02,-1.111612562090158463e-02,-1.656336337327957153e-02,-2.213821746408939362e-02,2.082174457609653473e-02,-1.116314250975847244e-02,-1.192212849855422974e-02,-6.085323169827461243e-03,-4.275594255886971951e-04,-2.250091917812824249e-02,-2.031799405813217163e-03,1.153927668929100037e-02,-1.509912405163049698e-02,-1.297664921730756760e-02,3.076244844123721123e-03,-7.045810110867023468e-03,1.251991372555494308e-02,1.079372409731149673e-02,8.051634649746119976e-04,-2.567119710147380829e-02,5.635304842144250870e-03,9.987721219658851624e-03,4.150915890932083130e-03,7.173426914960145950e-03,-2.099637873470783234e-02,2.080495469272136688e-03,-2.254121936857700348e-02,-1.571705937385559082e-02,1.172062754631042480e-02,2.407262474298477173e-02,3.301925957202911377e-02,2.073778770864009857e-03,-1.241244655102491379e-02,-7.999580353498458862e-03,1.009518839418888092e-02,5.148344207555055618e-03,-2.111727930605411530e-02,-4.241590853780508041e-03,1.727869035676121712e-03,1.660366356372833252e-02,2.040195278823375702e-03,-4.550558980554342270e-03,-2.606076421216130257e-03,1.237550517544150352e-03,2.234979299828410149e-03,4.755417816340923309e-03,8.879466913640499115e-03,2.636973373591899872e-02,2.931836061179637909e-03,4.285249486565589905e-02,9.611586108803749084e-03,-1.136464253067970276e-02,2.788770571351051331e-02,-1.798730157315731049e-02,2.958031184971332550e-02,-2.659809961915016174e-02,2.817652421072125435e-03,-2.460995875298976898e-02,2.302481979131698608e-02,1.630812883377075195e-02,1.538122445344924927e-02,-6.329810619354248047e-02,-8.328698575496673584e-03,-3.218638896942138672e-02,7.079393602907657623e-03,8.328698575496673584e-03,-1.068625692278146744e-02,5.410295445472002029e-03,3.417117055505514145e-03,5.561421159654855728e-03,6.867817603051662445e-03,9.087684564292430878e-03,1.130419224500656128e-02,-4.869601689279079437e-03,-2.960717864334583282e-02,1.370205171406269073e-02,2.131878025829792023e-02,4.553917329758405685e-03,1.706039719283580780e-02,-6.451382767409086227e-03,-2.668205881491303444e-03,-1.129075884819030762e-02,1.607808168046176434e-03,2.122474648058414459e-02,2.227255143225193024e-02,-2.366962283849716187e-02,-4.050165414810180664e-03,-3.033258207142353058e-02,2.157401479780673981e-02,-2.189641632139682770e-02,1.613349467515945435e-02,2.600703202188014984e-02,1.860523782670497894e-02,-2.780710533261299133e-02,2.777352230623364449e-03,3.361032530665397644e-02,2.523797098547220230e-03,5.467387381941080093e-03,-2.302481979131698608e-02,-2.767277183011174202e-03,-2.070084400475025177e-02,1.110940892249345779e-02,-8.698116056621074677e-03,9.161568246781826019e-03,-7.180143613368272781e-03,-1.644246280193328857e-02,-6.998793222010135651e-03,3.664627298712730408e-02,1.657679677009582520e-02,2.542939595878124237e-02,-1.191541180014610291e-02,-3.135015955194830894e-03,2.467712573707103729e-02,1.523345708847045898e-02,1.916943863034248352e-02,-2.780710533261299133e-02,-1.769848400726914406e-03,-1.722159795463085175e-02,-1.515285763889551163e-02,-1.353413448669016361e-03,-5.198719445616006851e-03,-3.959489986300468445e-03,1.742309890687465668e-02,9.188435040414333344e-03,5.440520588308572769e-03,-3.993073478341102600e-03,-6.290182005614042282e-03,9.692186489701271057e-03,1.216392964124679565e-02,1.923660561442375183e-02,-3.205205500125885010e-02,-3.667313978075981140e-02,2.409949153661727905e-02,3.373038780409842730e-04,-1.320249721175059676e-04,-2.904969442170113325e-04,-2.740410342812538147e-02,1.487075630575418472e-02,-2.161431498825550079e-02,1.013380941003561020e-03,-2.397859096527099609e-02,2.588025527074933052e-04,2.790785627439618111e-03,-3.035944886505603790e-02,-1.505882386118173599e-02,-1.843060366809368134e-02,3.627013787627220154e-02,4.641234409064054489e-03,2.534879557788372040e-02,1.137135922908782959e-02,-2.888177521526813507e-02,-1.774885924533009529e-03,-1.142509281635284424e-02,-1.384981907904148102e-02,5.663514882326126099e-02,-3.173637087456882000e-04,9.080967865884304047e-03,-1.680012559518218040e-03,-1.212362945079803467e-02,-8.133914321660995483e-03,1.086424919776618481e-03,1.603946089744567871e-02,-5.722621455788612366e-03,-2.193671651184558868e-02,-1.411848701536655426e-02,-4.298682790249586105e-03,-8.060030639171600342e-03,-8.053313940763473511e-03,2.250091917812824249e-02,-2.023403532803058624e-03,-8.946633897721767426e-03,-3.742540627717971802e-02,-5.225586239248514175e-03,3.025198169052600861e-02,7.694642245769500732e-02,1.965304091572761536e-02,-1.186167821288108826e-02,5.662171170115470886e-03,-7.871963083744049072e-03,1.805110950954258442e-03,-2.405919134616851807e-02,-4.830645024776458740e-02,6.122265011072158813e-03,-1.081387419253587723e-02,1.849777065217494965e-02,-1.950527355074882507e-02,1.519315782934427261e-02,-3.022511489689350128e-02,2.960717864334583282e-02,1.306396629661321640e-02,-2.968777902424335480e-02,-6.085323169827461243e-03,-1.398415304720401764e-02,2.643018262460827827e-03,-3.092364966869354248e-02,-4.772209562361240387e-03,1.720816455781459808e-02,1.824253611266613007e-02,2.571233781054615974e-04,-2.329348772764205933e-02,2.122474648058414459e-02,2.744440361857414246e-02,3.170278668403625488e-02,-2.380395680665969849e-02,-9.853387251496315002e-03,-1.090622856281697750e-03,2.520102821290493011e-02,1.684546284377574921e-02,1.875300332903862000e-02,-1.120847999118268490e-03,7.119693327695131302e-03,1.755743287503719330e-02,1.161316037178039551e-02,-6.115548312664031982e-03,1.774550043046474457e-02,1.172734424471855164e-02,-2.579629654064774513e-04,-2.482489310204982758e-02,2.015007659792900085e-03,2.088891156017780304e-02,1.626782864332199097e-02,5.598363000899553299e-03,-2.100981213152408600e-02,-3.589400276541709900e-02,2.107697911560535431e-02,-1.996200904250144958e-02,-4.948858544230461121e-02,-2.885490842163562775e-02,1.155942678451538086e-02,6.055098026990890503e-03,3.108485043048858643e-02,3.462454769760370255e-03,-2.262181788682937622e-02,7.428661454468965530e-03,-2.259495109319686890e-02,-2.083853585645556450e-03,1.801416836678981781e-02,-1.526368316262960434e-03,-4.027328640222549438e-02,-1.949184015393257141e-02,-8.906333707273006439e-03,3.782840818166732788e-02,-7.509261835366487503e-03,2.231285162270069122e-02,-3.729107230901718140e-02,5.776355043053627014e-03,-2.616823278367519379e-02,7.220443803817033768e-03,3.726420551538467407e-02,1.769176684319972992e-02,-1.550716231577098370e-03,-1.285574864596128464e-02,1.137807592749595642e-02,1.202287897467613220e-02,-7.039093412458896637e-03,-1.303709950298070908e-02,1.512599084526300430e-02,-1.036385539919137955e-02,-2.326662093400955200e-02,-1.058718538843095303e-03,3.049378097057342529e-02,3.768064314499497414e-03,8.543631993234157562e-03,-6.149131339043378830e-03,-1.061908993870019913e-02,1.167361065745353699e-02,2.114414609968662262e-02,-3.052064776420593262e-02,2.438159193843603134e-03,-2.209791680797934532e-03,1.974707469344139099e-02,-2.821010723710060120e-02,-4.674817435443401337e-03,-5.537912715226411819e-03,-1.200944557785987854e-02,9.319410310126841068e-04,5.994647741317749023e-03,-1.437372062355279922e-02,2.588613145053386688e-02,5.074460990726947784e-03,-8.543631993234157562e-03,1.174749433994293213e-02,3.304612590000033379e-03,1.232512947171926498e-02,8.073464035987854004e-03,-8.597365580499172211e-03,-1.174581469967961311e-03,-1.315800007432699203e-02,-2.621188992634415627e-03,2.430099248886108398e-02,-5.410295445472002029e-03,2.748470380902290344e-02,1.729548239381983876e-04,-5.239019636064767838e-03,4.681534133851528168e-03,-1.427968684583902359e-02,3.266999125480651855e-02,-1.524689048528671265e-02,-2.247405238449573517e-02,3.780154138803482056e-02,-1.727533154189586639e-02,-3.586713457480072975e-03,1.155271008610725403e-02,5.531196016818284988e-03,1.910898834466934204e-03,1.681859605014324188e-02,3.333158325403928757e-03,-6.871175952255725861e-03,-2.236658520996570587e-02,-2.589956484735012054e-02,5.333053413778543472e-03,-4.105578118469566107e-04,-3.966206684708595276e-03,1.055863965302705765e-02,-3.141732653602957726e-03,-2.207105048000812531e-02,-1.954557374119758606e-02,-1.280201505869626999e-02,-3.198824590072035789e-03,-3.172965347766876221e-02,-4.016581922769546509e-03,-1.907540485262870789e-02,4.486750345677137375e-03,1.770520024001598358e-02,-1.149225980043411255e-02,-8.771999739110469818e-03,-4.862885177135467529e-02,-7.448811549693346024e-03,1.337965019047260284e-02,-3.788214176893234253e-02,-3.452379629015922546e-02,2.052621170878410339e-02,2.850564010441303253e-02,1.106910873204469681e-02,1.957244053483009338e-02,1.376921869814395905e-02,6.652883253991603851e-03,1.253334712237119675e-02,-1.282888185232877731e-02,-5.275961477309465408e-03,-5.000577308237552643e-03,-1.534092426300048828e-02,-4.097182303667068481e-02,9.470535442233085632e-03,7.562995422631502151e-03,-9.799653664231300354e-03,2.271585166454315186e-02,-3.225691383704543114e-03,-6.021514534950256348e-03,1.505882386118173599e-02,-3.996431827545166016e-03,1.516629103571176529e-02,-2.713543549180030823e-02,-2.845190651714801788e-02,-6.945059634745121002e-03,-1.036385539919137955e-02,1.409162022173404694e-02,-4.083748906850814819e-03,-1.325874961912631989e-02,-4.766164720058441162e-02,5.381413549184799194e-02,1.021776814013719559e-03,9.645169600844383240e-03,-7.442934438586235046e-04,4.537796974182128906e-02,-4.024641960859298706e-02,3.941354900598526001e-02,-1.181466132402420044e-02,-6.656241603195667267e-03,-1.880673691630363464e-02,2.027097716927528381e-02,1.248633023351430893e-02,-3.173636971041560173e-03,1.693949662148952484e-02,-2.923440188169479370e-03,1.883360370993614197e-02,-5.588287953287363052e-03,-1.335278339684009552e-02,-5.094611085951328278e-03,-3.532980103045701981e-03,-9.920554235577583313e-03,2.842504158616065979e-02,-9.658602997660636902e-03,-5.141627974808216095e-03,-2.234979299828410149e-03,-7.547882851213216782e-04,-1.873956993222236633e-02,-3.162218630313873291e-02,2.446219325065612793e-02,3.549771849066019058e-03,-2.579209767282009125e-02,2.139938063919544220e-02,-1.555585861206054688e-02,-1.219079643487930298e-02,1.587826013565063477e-02,-2.332035452127456665e-02,2.405919134616851807e-02,-2.256808569654822350e-03,1.602602750062942505e-02,2.411292493343353271e-02,7.005509920418262482e-03,-1.276843156665563583e-02,4.436375107616186142e-03,6.579000037163496017e-03,-4.893110133707523346e-03,-9.137062079389579594e-06,3.624327108263969421e-02,1.378265209496021271e-02,1.331248320639133453e-02,6.817442364990711212e-03,6.511833053082227707e-03,1.622752845287322998e-02,-2.834444120526313782e-02,2.982211299240589142e-02,-2.050270326435565948e-03,-2.802539849653840065e-03,1.110269222408533096e-02,7.254027295857667923e-03,2.158744819462299347e-02,1.922653056681156158e-03,-2.885490842163562775e-02,2.154714800417423248e-02,-1.410505361855030060e-02,-1.427968684583902359e-02,-1.534092426300048828e-02,-7.132287137210369110e-04,-3.057438135147094727e-02,2.254121936857700348e-02,1.591856032609939575e-02,-2.297108620405197144e-02,-1.746339956298470497e-03,-9.725769981741905212e-03,-1.210347935557365417e-02,1.222437992691993713e-02,-2.791457250714302063e-02,2.713543549180030823e-02,-5.101327784359455109e-03,-7.455528248101472855e-03,-1.862202887423336506e-03,2.173521555960178375e-02,-3.909114748239517212e-03,-2.737723663449287415e-02,-1.738279871642589569e-02,2.818324044346809387e-02,-1.493792328983545303e-02,-1.719473116099834442e-02,-2.422039210796356201e-02,1.898137107491493225e-02,1.972020789980888367e-02,2.219195105135440826e-02,5.312903318554162979e-03,2.688020095229148865e-02,1.994857564568519592e-03,-9.107834659516811371e-03,1.280201505869626999e-02,-4.705042578279972076e-03,-2.086204476654529572e-02,-2.413979172706604004e-02,-2.393829077482223511e-02,-3.175652027130126953e-02,2.957023680210113525e-03,1.781266741454601288e-02,7.730912417173385620e-03,-2.796830609440803528e-02,-2.520102821290493011e-02,9.416801854968070984e-03,1.043773908168077469e-02,2.006947621703147888e-02,-2.306511998176574707e-02,-2.645033411681652069e-02,-9.222018532454967499e-03,2.353528887033462524e-02,7.005509920418262482e-03,1.067954022437334061e-02,-2.207105048000812531e-02,-1.129747554659843445e-02,-1.194227859377861023e-02,2.383082360029220581e-02,1.135120913386344910e-02,1.789326779544353485e-02,2.743097022175788879e-02,-1.714099757373332977e-02,-1.738279871642589569e-02,2.388455718755722046e-02,6.340557243674993515e-03,2.614472294226288795e-03,1.037728879600763321e-02,-4.691609181463718414e-03,3.371779248118400574e-02,-8.966783992946147919e-03,1.407818682491779327e-02,-1.176092773675918579e-02,-1.105567533522844315e-02,4.672298964578658342e-04,-1.785296760499477386e-02,-3.321404103189706802e-03,2.598016522824764252e-02,-2.010977640748023987e-02,-2.683318452909588814e-03,-5.081177689135074615e-03,-4.030015319585800171e-03,-5.213831900618970394e-04,-2.499952726066112518e-02,1.338636688888072968e-02,4.117332398891448975e-03,3.393272683024406433e-02,-2.877430804073810577e-02,-1.273484807461500168e-02,9.134701453149318695e-03,-1.149897649884223938e-02,-1.299679931253194809e-02,1.371548511087894440e-02,-6.021514534950256348e-03,8.013013750314712524e-03,7.106260396540164948e-03,1.352741755545139313e-02,5.635304842144250870e-03,1.867240411229431629e-03,6.527784862555563450e-04,1.513942424207925797e-02,3.862097859382629395e-03,-1.159972697496414185e-02,-4.712431132793426514e-02,-9.080967865884304047e-03,-1.431998703628778458e-02,1.749026589095592499e-02,1.140998094342648983e-03,-1.692606322467327118e-02,-9.591436013579368591e-03,-2.012320980429649353e-02,-3.430886194109916687e-02,-1.482709776610136032e-03,1.668426208198070526e-02,6.767067126929759979e-03,9.000367484986782074e-03,5.521120969206094742e-03,3.350285813212394714e-02,2.450249344110488892e-02,1.844403706490993500e-02,-1.106239203363656998e-02,-5.803221836686134338e-02,-4.728551022708415985e-03,-5.443878937512636185e-03,-9.564569219946861267e-03,-9.080967865884304047e-03,1.225124672055244446e-02,-2.365618944168090820e-02,-2.051277831196784973e-02,4.960277117788791656e-03,-2.060681022703647614e-02,-1.557432929985225201e-03,2.156058140099048615e-02,-7.321194279938936234e-03,6.602508481591939926e-03,7.831662893295288086e-03,-4.983785562217235565e-03,1.390355266630649567e-02,8.449598215520381927e-03,-3.509471716824918985e-04,-2.181581594049930573e-02,1.379608549177646637e-02,3.413758706301450729e-03,4.876318387687206268e-03,-1.732906512916088104e-02,1.758429966866970062e-02,1.930377259850502014e-02,-6.414440926164388657e-03,-9.316051378846168518e-03,-1.473642233759164810e-02,-5.151702556759119034e-03,2.049934491515159607e-02,1.107582543045282364e-02,4.320176318287849426e-02,-3.319724928587675095e-03,-1.573049277067184448e-02,9.363068267703056335e-03,-7.415228057652711868e-03,-2.939224429428577423e-02,-7.401794660836458206e-03,3.995088487863540649e-02,-2.602046541869640350e-02,-2.029784396290779114e-02,-7.321194279938936234e-03,-2.728320285677909851e-02,-2.115757903084158897e-03,1.000787131488323212e-02,-9.705619886517524719e-04,-1.804103516042232513e-02,-3.503174812067300081e-04,-9.008763008750975132e-04,-1.027653925120830536e-03,-1.778580062091350555e-02,1.707383058965206146e-02,5.835461989045143127e-02,-3.788214176893234253e-02,-1.788319204933941364e-03,4.809151403605937958e-03,1.710237702354788780e-03,2.517416141927242279e-02,-1.188854500651359558e-02,-3.389830526430159807e-04,-1.350055076181888580e-02,-3.224012209102511406e-03,1.395392813719809055e-03,1.274156477302312851e-02,-1.449336268706247211e-04,4.093823954463005066e-03,2.217851765453815460e-02,-8.919767104089260101e-03,2.325318753719329834e-02,1.765684038400650024e-01,-7.233877200633287430e-03,-2.067062072455883026e-03,3.981655091047286987e-02,1.049818936735391617e-02,-1.454835478216409683e-02,2.826384082436561584e-02,1.073327381163835526e-02,9.396651759743690491e-03,1.927690580487251282e-02,-4.739297926425933838e-02,-2.783397212624549866e-02,-3.597460314631462097e-02,-2.490213606506586075e-03,5.635304842144250870e-03,-2.129191346466541290e-02,-2.459652535617351532e-02,-2.059337683022022247e-02,-2.438159286975860596e-02,-2.264868468046188354e-02,2.157401479780673981e-02,-9.954137727618217468e-03,4.587500821799039841e-03,-7.804796099662780762e-03,2.452935837209224701e-02,5.591646302491426468e-03,3.202182939276099205e-03,-1.988140866160392761e-02,1.735593192279338837e-02,-5.789788439869880676e-03,-2.271585166454315186e-02,4.795718006789684296e-03,-1.123702619224786758e-02,-1.770520024001598358e-02,-2.572493068873882294e-02,1.227139588445425034e-02,1.624096184968948364e-02,8.913050405681133270e-03,8.664532564580440521e-03,9.631736204028129578e-03,1.071312371641397476e-02,9.813087061047554016e-03,1.910898834466934204e-03,-3.570593520998954773e-02,-1.942467316985130310e-02,2.545626368373632431e-03,-5.984572693705558777e-03,-3.637088695541024208e-03,8.046597242355346680e-03,1.999895088374614716e-03,-1.754399947822093964e-02,1.806790195405483246e-02,4.099868983030319214e-02,7.106260396540164948e-03,-1.484388951212167740e-03,6.703258492052555084e-03,-2.409613225609064102e-03,-2.493571955710649490e-03,4.060240462422370911e-03,4.234874155372381210e-03,-4.231515806168317795e-03,1.601259410381317139e-02,-2.127848006784915924e-02,1.034370530396699905e-02,-1.591856032609939575e-02,1.436028722673654556e-02,-2.622196637094020844e-02,-1.612006127834320068e-02,1.480358932167291641e-02,-9.356351569294929504e-03,-1.613349467515945435e-02,-1.415878720581531525e-02,2.737052040174603462e-03,2.548312954604625702e-02,-1.444088760763406754e-02,2.997323870658874512e-03,-3.163561923429369926e-03,-2.636301564052700996e-03,1.652306295000016689e-03,2.861310727894306183e-02,-2.764590457081794739e-02,-1.930377259850502014e-02,1.732906512916088104e-02,1.016235537827014923e-02,2.454279176890850067e-02,5.965261952951550484e-04,2.212478406727313995e-02,9.289185516536235809e-03,-9.208585135638713837e-03,2.428755909204483032e-02,2.179566537961363792e-03,5.144986324012279510e-03,7.878679782152175903e-03,-1.483045611530542374e-02,-7.354777771979570389e-03,-1.418901141732931137e-03,-2.428084146231412888e-03,1.790670119225978851e-02,5.793146789073944092e-03,-2.317258715629577637e-02,-7.898829877376556396e-03,-1.488418970257043839e-02,1.681859605014324188e-02,2.518759574741125107e-03,-1.700666360557079315e-02,-3.949414938688278198e-03,1.204974576830863953e-02,1.477672252804040909e-02,-1.254342263564467430e-03,-3.070871531963348389e-02,7.025660015642642975e-03,-3.430886194109916687e-02,1.687568845227360725e-03,-2.455790527164936066e-04,1.016907207667827606e-02,-1.342666707932949066e-02,-1.139822602272033691e-02,-3.138038516044616699e-02,-6.992076523602008820e-03,-1.852463744580745697e-02,1.504539046436548233e-02,-2.885490842163562775e-02,2.362932264804840088e-02,2.080831117928028107e-02,6.469013751484453678e-04,-1.663053035736083984e-02,-5.964422598481178284e-03,1.622752845287322998e-02,4.384656623005867004e-02,-2.409949153661727905e-02,2.947284467518329620e-02,-2.882804162800312042e-02,1.223781332373619080e-02,1.358786784112453461e-02,6.233090069144964218e-03,9.087684564292430878e-03,1.318486686795949936e-02,-2.731006965041160583e-02,-5.833446979522705078e-03,-5.917405709624290466e-03,2.072099596261978149e-03,2.855937369167804718e-02,-5.816655233502388000e-03,3.054751455783843994e-02,1.179451122879981995e-02,-6.051739677786827087e-03,2.220538444817066193e-02,-2.289048582315444946e-02,-9.604869410395622253e-03,-1.081387419253587723e-02,-1.406475342810153961e-02,2.847877331078052521e-03,4.795718006789684296e-03,-1.865896955132484436e-02,3.640447184443473816e-02,-1.154599338769912720e-02,-2.012320980429649353e-02,-2.663839980959892273e-02,6.746917031705379486e-03,3.624327108263969421e-02,-4.285249486565589905e-02,1.620066165924072266e-02,1.269454788416624069e-02,-2.576523087918758392e-02,-3.989715129137039185e-03,-3.360025119036436081e-03,-1.715174466371536255e-01,8.026447147130966187e-03,1.534092426300048828e-02,-1.342666707932949066e-02,-1.068793586455285549e-03,-4.547200631350278854e-03,3.718360885977745056e-02,1.714099757373332977e-02,3.131657722406089306e-04,1.714099757373332977e-02,8.879466913640499115e-03,-1.566332578659057617e-02,-1.371548511087894440e-02,4.486750345677137375e-03,1.178779453039169312e-02,-3.488482034299522638e-04,-8.530198596417903900e-03,-3.627013647928833961e-03,2.482489310204982758e-02,1.945153996348381042e-02,1.217064633965492249e-02,-1.530062407255172729e-02,-7.650312036275863647e-03,-2.794143930077552795e-02,-1.176764443516731262e-02,1.101537514477968216e-02,-1.806790125556290150e-03,3.049378097057342529e-02,-1.736936531960964203e-02,-5.440520588308572769e-03,-1.684546284377574921e-02,1.217064633965492249e-02,1.963960751891136169e-02,-1.286246534436941147e-02,1.543495804071426392e-02,4.433016758412122726e-03,-3.686120733618736267e-02,-8.174214512109756470e-03,-1.187511160969734192e-02,2.408605813980102539e-02,1.500509027391672134e-02,2.728320285677909851e-02,-1.578422635793685913e-02,-1.057878974825143814e-02,-2.479802630841732025e-02,1.685889624059200287e-02,-5.087894387543201447e-03,1.009518839418888092e-02,6.008081138134002686e-03,3.212257986888289452e-03,2.180238254368305206e-02,-2.121131308376789093e-02,7.589862216264009476e-03,-7.751062512397766113e-03,1.534092426300048828e-02,5.323503137333318591e-05,-1.673799566924571991e-02,-1.981424167752265930e-02,-1.353413425385951996e-02,-1.283559855073690414e-02,5.549666821025311947e-04,-1.343338377773761749e-02,8.274964988231658936e-03,-6.985359825193881989e-03,-1.544839120469987392e-03,-2.109041204676032066e-03,-6.985359825193881989e-03,-1.672456227242946625e-02,-1.997544243931770325e-02,1.703353039920330048e-02,-2.722946926951408386e-02,-1.896793767809867859e-02,1.863210275769233704e-02,-2.837130799889564514e-02,-1.277011120691895485e-03,1.199601218104362488e-02,-1.783953420817852020e-02,1.689919643104076385e-02,2.195014990866184235e-02,-1.010022591799497604e-03,8.704832755029201508e-03,3.530293330550193787e-02,-1.113627571612596512e-02,2.254121936857700348e-02,1.852463744580745697e-02,-1.163331046700477600e-02,-2.363436069572344422e-04,6.484966259449720383e-03,-9.981004521250724792e-03,-1.499165687710046768e-02,8.089416078291833401e-04,-1.177100231871008873e-03,5.366636905819177628e-03,-2.478459291160106659e-02,3.887621313333511353e-02,3.378496039658784866e-03,-2.264868468046188354e-02,7.090307772159576416e-04,1.235199626535177231e-02,-1.157286018133163452e-02,4.473316948860883713e-03,-1.094820816069841385e-02,-3.573280200362205505e-02,2.219195105135440826e-02,1.389011926949024200e-02,2.915044315159320831e-03,-7.603295147418975830e-03,7.683895528316497803e-03,3.046691417694091797e-02,-2.251435257494449615e-02,-7.556278724223375320e-03,-3.976281732320785522e-03,1.880673691630363464e-02,2.733693644404411316e-02,1.758429966866970062e-02,-4.554756742436438799e-04,-1.063924003392457962e-02,-1.032355520874261856e-02,1.330576650798320770e-02,-5.484179127961397171e-03,4.771538078784942627e-02,-1.578422635793685913e-02,8.131395443342626095e-04,1.347368396818637848e-02,-7.092826999723911285e-03,-2.960717864334583282e-02,-1.004817113280296326e-01,-2.923104353249073029e-02,2.751157060265541077e-02,1.926347240805625916e-02,6.592433433979749680e-03,9.685469791293144226e-03,2.706826897338032722e-03,2.311885356903076172e-02,1.000787131488323212e-02,1.843060366809368134e-02,1.497612392995506525e-04,-1.569019258022308350e-02,-6.998793222010135651e-03,-3.515768548822961748e-05,1.112284231930971146e-02,-6.720889941789209843e-04,9.175001643598079681e-03,-3.874691610690206289e-04,-3.597460314631462097e-02,1.966647431254386902e-02,4.827622324228286743e-04,1.429312024265527725e-02,-1.213706284761428833e-02,-2.561746351420879364e-02,6.142414640635251999e-03,-1.354085095226764679e-02,-2.118444629013538361e-02,2.469055913388729095e-02,2.217851765453815460e-02,1.100865844637155533e-02,-1.492448989301919937e-02,-9.826520457863807678e-03,-8.463031612336635590e-03,-1.177939819172024727e-03,-2.362932264804840088e-02,-1.168032735586166382e-02,-5.029458925127983093e-02,1.602602750062942505e-02,8.745132945477962494e-03,-1.390355266630649567e-02,-6.542058195918798447e-03,1.930377259850502014e-02,8.120480924844741821e-03,-1.121687609702348709e-02,2.414650749415159225e-03,-1.274828147143125534e-02,-1.239901315420866013e-02,1.000115461647510529e-02,-1.011701766401529312e-03,3.430550452321767807e-03,-9.074251167476177216e-03,6.192789878696203232e-03,-1.078029070049524307e-02,-3.291179239749908447e-02,-5.265781510388478637e-05,-2.998331375420093536e-02,-1.199769088998436928e-03,1.597229391336441040e-02,-1.410505361855030060e-02,1.209004595875740051e-02,-2.693393453955650330e-02,-1.233184617012739182e-02,1.131762634031474590e-03,1.606632769107818604e-02,2.080831117928028107e-02,-2.913365140557289124e-03,-1.839030347764492035e-02,-1.822910271584987640e-02,2.925791032612323761e-02,1.722159795463085175e-02,2.979524619877338409e-02,9.839953854680061340e-03,-1.638872921466827393e-02,2.041874453425407410e-02,-2.721603587269783020e-02,6.263315211981534958e-03,-5.558062810450792313e-03,-5.927480757236480713e-03,-1.060565654188394547e-02,-3.989715129137039185e-02,-9.107834659516811371e-03,-2.216508425772190094e-02,-5.574854440055787563e-04,-8.832450024783611298e-03,3.651193901896476746e-02,4.819226451218128204e-04,1.233856286853551865e-02,-2.033814415335655212e-02,-6.014797836542129517e-03,-2.783397212624549866e-02,1.393041945993900299e-02,2.710856869816780090e-02,4.815868102014064789e-03,-2.923104353249073029e-02,-2.099637873470783234e-02,-2.552343066781759262e-03,2.005604282021522522e-02,-9.436951950192451477e-03,-2.836123108863830566e-03,-3.694180771708488464e-02,-9.504118934273719788e-03,-1.740966551005840302e-02,-5.016025528311729431e-02,2.748470380902290344e-02,-1.837687008082866669e-02,-2.290391921997070312e-02,1.288261543959379196e-02,-1.796043477952480316e-02,-1.664396375417709351e-02,-2.184268273413181305e-02,-2.501296065747737885e-02,2.612793119624257088e-03,-5.524479318410158157e-03,-3.885606303811073303e-03,-3.253397590015083551e-04,-8.368997834622859955e-03,-1.365503482520580292e-02,9.410085156559944153e-03,1.329904980957508087e-02,-3.892323002219200134e-03,1.448118779808282852e-02,-5.124836228787899017e-03,-2.361588925123214722e-02,5.242377985268831253e-03,-1.286918204277753830e-02,2.436815947294235229e-02,-5.574854556471109390e-03,3.683434054255485535e-02,7.361494470387697220e-03,2.276958525180816650e-02,-1.001458801329135895e-02,2.062024362385272980e-02,1.485732290893793106e-02,-7.139843422919511795e-03,1.566332578659057617e-02,3.038631565868854523e-02,7.334627676755189896e-03,-1.926347240805625916e-02,9.517552331089973450e-03,3.906428068876266479e-02,3.414766117930412292e-02,4.510930180549621582e-02,-9.222018532454967499e-03,-2.682646736502647400e-02,4.113974049687385559e-03,-1.237550517544150352e-03,-8.859316818416118622e-03,1.425282005220651627e-02,-1.172734424471855164e-02,2.021724358201026917e-02,2.850564010441303253e-02,-3.003704734146595001e-02,1.998887583613395691e-02,3.925234824419021606e-02,7.562995422631502151e-03,-1.551555842161178589e-02,-2.775337174534797668e-02,5.645379424095153809e-03,1.554242521524429321e-02,-1.353413425385951996e-02,1.445432100445032120e-02,-5.255139991641044617e-02,1.808133535087108612e-02,1.530062407255172729e-02,-4.946843720972537994e-03,-9.685469791293144226e-03,6.333840545266866684e-03,1.054520625621080399e-02,-7.106260396540164948e-03,-1.728876493871212006e-02,-5.987931042909622192e-03,-1.523345708847045898e-02,-6.192789878696203232e-03,3.333158325403928757e-03,2.567455638200044632e-03,1.656336337327957153e-02,-2.468384336680173874e-04,6.149131339043378830e-03,-8.489898405969142914e-03,1.867240294814109802e-02,-1.692606322467327118e-02,1.393041945993900299e-02,8.664532564580440521e-03,6.317048799246549606e-03,-4.184498917311429977e-03,7.119693327695131302e-03,1.031683851033449173e-02,5.917405709624290466e-03,-7.065960206091403961e-03,1.684546284377574921e-02,5.275961477309465408e-03,-1.884703710675239563e-02,1.196914538741111755e-02,1.344177988357841969e-03,2.794143930077552795e-02,-2.909670956432819366e-02,3.773941425606608391e-04,2.545626275241374969e-02,-8.416014723479747772e-03,7.583145517855882645e-03,1.345353387296199799e-02,1.824253611266613007e-02,-1.503195706754922867e-02,7.153276819735765457e-03,-7.824946194887161255e-03,-3.489321563392877579e-03,-1.237214636057615280e-02,-2.716062299441546202e-04,-2.313228696584701538e-02,-3.092364966869354248e-02,-1.622752845287322998e-02,6.327123846858739853e-03,1.673295861110091209e-03,3.479246515780687332e-03,4.363163188099861145e-02,8.436164818704128265e-03,3.430550452321767807e-03,-1.187511160969734192e-02,1.730219833552837372e-02,-7.415228057652711868e-03,-6.683108396828174591e-03,4.196589067578315735e-02,1.696636341512203217e-02,1.488418970257043839e-02,1.750369928777217865e-02,-8.154064416885375977e-03,2.200388349592685699e-02,7.529411930590867996e-03,-5.793146789073944092e-03,-2.745783701539039612e-02,-5.289394874125719070e-03,9.322768077254295349e-03,1.198257878422737122e-02,1.328561641275882721e-02,-7.898829877376556396e-03,-3.831872716546058655e-03,-1.126389298588037491e-02,1.820223592221736908e-02,-1.296993251889944077e-02,1.959930732846260071e-02,-1.182809472084045410e-02,7.442095130681991577e-02,-6.048381328582763672e-03,-6.746917031705379486e-03,5.027444101870059967e-03,2.286361902952194214e-02,3.747913986444473267e-02,1.081387419253587723e-02,3.516188357025384903e-03,1.994857564568519592e-03,-5.917405709624290466e-03,4.527050256729125977e-02,1.714435638859868050e-03,-6.320407148450613022e-03,-3.981655091047286987e-02,-3.688807412981987000e-02,2.580888802185654640e-03,2.181581594049930573e-02,8.570498786866664886e-03,-2.299795299768447876e-02,-1.783953420817852020e-02,6.576985120773315430e-02,-2.220706373918801546e-04,1.344010047614574432e-02,5.977855995297431946e-03,-2.035157755017280579e-02,-8.295114384964108467e-04,1.742309890687465668e-02,-2.213821746408939362e-02,9.725769981741905212e-03,-4.430330172181129456e-02,5.255811382085084915e-03,1.055360189639031887e-03,-3.256252408027648926e-02,-2.984897978603839874e-02,-1.602770644240081310e-03,-2.992958016693592072e-02,-9.356351569294929504e-03,4.560634028166532516e-03,8.798866532742977142e-03,-2.626226516440510750e-03,-2.266211807727813721e-02,1.806790195405483246e-02,-2.099637873470783234e-02,-6.169281434267759323e-03,8.402581326663494110e-03,-1.997544243931770325e-02,8.422731421887874603e-03,-3.633730346336960793e-03,-2.821010723710060120e-02
-7.277885451912879944e-03,-5.593370180577039719e-03,1.202574651688337326e-02,-7.765679154545068741e-03,-2.959283068776130676e-03,4.492907226085662842e-02,-2.152797207236289978e-02,-3.073101630434393883e-03,-1.706628315150737762e-02,1.785325701348483562e-03,3.144644899293780327e-03,3.499108366668224335e-03,-8.429079316556453705e-03,-1.128429919481277466e-02,-8.695739321410655975e-03,9.990019723773002625e-03,1.420455891638994217e-02,1.629882119596004486e-02,-7.102279458194971085e-03,4.208035767078399658e-03,7.290893234312534332e-03,3.756013233214616776e-03,2.987737825606018305e-04,-1.857519336044788361e-02,-3.047086065635085106e-03,-4.071453120559453964e-03,5.609630141407251358e-03,-2.908552624285221100e-02,-1.802886277437210083e-02,-5.775480065494775772e-03,1.756058074533939362e-02,-6.361645646393299103e-04,-7.668120320886373520e-03,-3.418459743261337280e-02,-3.793085366487503052e-02,-1.056236401200294495e-02,-9.131502360105514526e-03,-1.235094200819730759e-02,1.242248527705669403e-02,-1.402244903147220612e-02,3.466588910669088364e-03,-2.144992537796497345e-02,1.165502239018678665e-02,2.830505557358264923e-02,-3.179115429520606995e-02,1.016562525182962418e-02,-1.209728885442018509e-02,-2.751970605459064245e-04,-2.436367981135845184e-02,4.282180219888687134e-02,9.983515366911888123e-03,-7.011224515736103058e-03,8.942888816818594933e-04,-1.723538525402545929e-02,-2.104668132960796356e-02,1.140787359327077866e-02,-9.092479012906551361e-03,1.140787359327077866e-02,1.332002598792314529e-02,7.635600864887237549e-03,8.578669279813766479e-03,6.902284221723675728e-04,-1.039001042954623699e-03,-8.994920179247856140e-03,-1.480291970074176788e-02,2.850342541933059692e-03,-2.783677354454994202e-02,-2.752458490431308746e-02,-1.116722915321588516e-02,-2.911154180765151978e-02,9.216053411364555359e-03,4.347219318151473999e-02,5.655157379806041718e-03,-2.700427174568176270e-02,7.538042031228542328e-03,-5.252565070986747742e-02,1.360945054329931736e-03,-4.812899976968765259e-03,-1.253955531865358353e-02,-1.311190053820610046e-02,1.186314783990383148e-02,-5.424268543720245361e-03,-2.614575438201427460e-02,1.445170771330595016e-02,1.222086418420076370e-02,-4.266570787876844406e-03,3.502360312268137932e-03,2.096863463521003723e-02,-1.430862210690975189e-02,-4.607376083731651306e-02,1.672807894647121429e-02,1.990199275314807892e-02,-3.245455678552389145e-03,1.359319034963846207e-02,-1.183062884956598282e-02,1.105666253715753555e-02,-1.845812238752841949e-02,3.473092615604400635e-02,-7.557553704828023911e-03,2.717012073844671249e-03,4.920214880257844925e-03,-1.637686789035797119e-02,8.559157140552997589e-03,1.313791610300540924e-03,-3.460085019469261169e-02,-1.789878495037555695e-02,-9.349383763037621975e-04,-1.072496268898248672e-02,2.526772441342473030e-03,-1.657198555767536163e-02,-2.021417953073978424e-02,3.584960103034973145e-02,4.572255071252584457e-03,-4.716642200946807861e-02,7.433979306370019913e-03,-1.994101516902446747e-02,-2.289379481226205826e-03,-8.494118228554725647e-03,-1.651995442807674408e-02,-1.082902494817972183e-02,-6.403108127415180206e-03,1.503218314610421658e-03,7.017728406935930252e-03,-4.237953573465347290e-02,2.349540824070572853e-03,6.835618987679481506e-03,-1.830202713608741760e-02,-1.878331787884235382e-02,-1.316393166780471802e-02,-2.407750859856605530e-02,3.621382266283035278e-02,7.955105975270271301e-04,5.531582981348037720e-03,-1.930363103747367859e-02,1.697522774338722229e-02,2.600266784429550171e-02,-2.566446363925933838e-02,-5.739708431065082550e-03,-2.911154180765151978e-02,-2.042230591177940369e-02,-1.956378854811191559e-02,1.393139455467462540e-02,-1.566143706440925598e-02,1.268264255486428738e-03,2.131984569132328033e-02,2.983997948467731476e-02,7.082767784595489502e-03,-2.624331275001168251e-03,7.297397125512361526e-03,-4.985253792256116867e-03,2.130683884024620056e-02,-1.477690413594245911e-02,2.141090109944343567e-02,-2.078002085909247398e-03,-1.472487300634384155e-02,2.403848432004451752e-02,-2.994404360651969910e-02,2.314094454050064087e-02,-5.560850724577903748e-03,8.910369127988815308e-03,1.224037539213895798e-02,-8.780290372669696808e-03,1.590858586132526398e-02,5.977101624011993408e-03,4.077957011759281158e-03,3.392444178462028503e-02,1.282572839409112930e-02,-9.157517924904823303e-03,-2.410352416336536407e-02,-4.695016541518270969e-04,2.843513339757919312e-02,6.686028558760881424e-03,-2.383035980165004730e-02,2.541731484234333038e-02,-1.123877242207527161e-02,2.778474241495132446e-02,-2.871480304747819901e-03,-6.630745250731706619e-03,-1.292979065328836441e-02,-5.095820408314466476e-03,-3.290982916951179504e-02,-6.497415248304605484e-03,2.626282535493373871e-02,1.955077983438968658e-02,-1.914753764867782593e-02,-7.128295022994279861e-03,1.180461328476667404e-02,2.695224061608314514e-02,5.112080369144678116e-03,1.008757855743169785e-02,-1.624679006636142731e-02,1.239646971225738525e-02,-1.237045414745807648e-02,-4.432420711964368820e-03,-6.418587565422058105e-01,9.020935744047164917e-03,3.869831794872879982e-03,-2.623680979013442993e-02,4.872735962271690369e-02,1.478991191834211349e-02,1.006806641817092896e-02,1.627280563116073608e-02,-2.021417953073978424e-02,1.100463047623634338e-02,-6.512049003504216671e-04,3.322201967239379883e-02,1.921257749199867249e-02,-3.343014419078826904e-02,-3.151148790493607521e-03,-1.469885651022195816e-02,-1.981093734502792358e-02,3.762517124414443970e-03,-8.064859546720981598e-03,-6.913665682077407837e-03,-9.710351005196571350e-03,-9.593280265107750893e-04,6.972201168537139893e-03,1.125828363001346588e-02,1.081601716578006744e-02,-5.625889752991497517e-04,6.718548480421304703e-03,-2.778392808977514505e-04,-1.477690413594245911e-02,-3.821052378043532372e-03,-4.126086086034774780e-02,1.538827270269393921e-02,-4.266570787876844406e-03,1.836706697940826416e-02,3.538132086396217346e-02,-5.096470937132835388e-02,-2.679614583030343056e-03,4.035031422972679138e-02,4.100720863789319992e-03,2.561243250966072083e-02,9.944492019712924957e-03,-1.542729604989290237e-02,-6.188478786498308182e-03,6.738060154020786285e-03,3.921863157302141190e-03,3.041232563555240631e-02,-5.534835159778594971e-03,-2.130683884024620056e-02,1.168103888630867004e-02,1.012660190463066101e-02,1.776870712637901306e-02,-3.258463460952043533e-03,3.242203500121831894e-03,-6.016124971210956573e-04,3.525124164298176765e-03,9.268084540963172913e-03,1.834105141460895538e-02,-1.270215399563312531e-02,-9.111990220844745636e-03,2.786278910934925079e-02,2.368727326393127441e-02,2.295883372426033020e-02,-8.624196983873844147e-03,-3.493905439972877502e-02,-6.712044589221477509e-03,3.082857653498649597e-02,-1.702726073563098907e-02,6.918543949723243713e-04,2.191820740699768066e-02,-1.263183075934648514e-04,8.949392475187778473e-03,1.589557714760303497e-02,7.375444285571575165e-03,1.918656006455421448e-02,7.199838291853666306e-03,1.449073106050491333e-02,2.588559687137603760e-02,-1.620776578783988953e-02,1.114609069190919399e-03,-1.160299126058816910e-02,1.226639095693826675e-02,-3.247081534937024117e-03,-4.521524533629417419e-02,-2.128082327544689178e-02,3.309193998575210571e-02,9.814413264393806458e-03,-3.808695077896118164e-02,-1.393139455467462540e-02,8.084371685981750488e-03,-7.355932146310806274e-03,-1.374928466975688934e-02,2.458481304347515106e-02,1.341108046472072601e-02,-6.019377149641513824e-03,2.598966099321842194e-02,3.999910317361354828e-03,-5.726700648665428162e-03,9.762382134795188904e-03,1.391838677227497101e-02,-5.095820408314466476e-03,1.004855521023273468e-02,-6.565706338733434677e-03,-1.258508302271366119e-02,-9.183533489704132080e-03,2.048734389245510101e-02,1.754757389426231384e-02,-2.757661603391170502e-02,-3.341388364788144827e-04,2.697825618088245392e-02,-2.342711575329303741e-02,-1.013310533016920090e-02,-3.739753505215048790e-03,5.284434184432029724e-03,-5.193379241973161697e-03,5.118584260344505310e-03,-3.049037232995033264e-02,8.025836199522018433e-03,-1.243874547071754932e-03,1.745651848614215851e-02,-4.198279697448015213e-03,7.694136351346969604e-03,2.292631426826119423e-03,1.101763918995857239e-02,-3.634389862418174744e-02,2.042230591177940369e-02,5.080861598253250122e-02,9.020935744047164917e-03,-2.012312598526477814e-02,-8.968904614448547363e-03,6.894154008477926254e-03,-2.213934063911437988e-02,-8.077867329120635986e-03,3.160904720425605774e-02,-5.720196757465600967e-03,2.939771302044391632e-02,-2.794083580374717712e-02,1.322897151112556458e-02,-8.721754886209964752e-03,3.678616508841514587e-02,-1.622077450156211853e-02,-3.648698562756180763e-03,5.040537100285291672e-03,-1.054285280406475067e-02,3.021070268005132675e-03,6.448635831475257874e-03,-3.858124837279319763e-02,3.188546281307935715e-03,-8.780290372669696808e-03,-2.879935316741466522e-02,1.916054449975490570e-02,1.907274243421852589e-03,1.705652801319956779e-03,1.023066416382789612e-02,2.050360431894659996e-03,1.137535460293292999e-02,-1.473788078874349594e-02,-9.528241120278835297e-03,-3.269845154136419296e-03,1.253630383871495724e-03,-1.223387196660041809e-02,6.900657899677753448e-03,1.852316036820411682e-02,-1.901745982468128204e-02,-9.775389917194843292e-03,1.054935622960329056e-02,-2.271168492734432220e-02,8.090875111520290375e-03,5.095820408314466476e-03,5.177119281142950058e-03,-2.129383012652397156e-02,1.482893526554107666e-02,3.993406426161527634e-03,-1.125990995205938816e-03,1.371026132255792618e-02,2.508886856958270073e-03,-3.508864203467965126e-03,-2.795059233903884888e-03,8.695739321410655975e-03,-9.320115670561790466e-03,2.342711575329303741e-02,2.424661070108413696e-02,7.954292930662631989e-03,-2.066945470869541168e-02,-1.194119546562433243e-02,2.314094454050064087e-02,-2.345475804759189487e-04,-6.520178634673357010e-03,-1.938167773187160492e-02,-1.058187615126371384e-02,1.105666253715753555e-02,1.443056971766054630e-03,1.611671037971973419e-02,1.216883212327957153e-02,-5.768976174294948578e-03,-1.120300032198429108e-03,1.705327630043029785e-02,2.770669572055339813e-02,1.644190773367881775e-02,1.639800611883401871e-03,5.252565070986747742e-02,-8.552653598599135876e-04,-1.229891087859869003e-02,1.783374510705471039e-02,-1.753456518054008484e-02,3.571952134370803833e-02,-3.715038672089576721e-02,-8.734763599932193756e-03,-2.258160710334777832e-02,2.334906905889511108e-02,2.321086067240685225e-04,2.052636817097663879e-02,-4.698431119322776794e-02,-6.822611205279827118e-03,-9.599784389138221741e-03,-5.603126250207424164e-03,8.682731539011001587e-03,-1.667604781687259674e-02,7.993316277861595154e-03,8.552653715014457703e-03,-9.606288745999336243e-03,9.534745477139949799e-03,-1.147291343659162521e-02,4.282830748707056046e-03,-1.166152674704790115e-02,-6.575461942702531815e-03,2.331004478037357330e-02,1.285824738442897797e-02,-6.455139722675085068e-03,3.167408518493175507e-03,-1.659800112247467041e-02,1.543867751024663448e-03,-7.375444285571575165e-03,-2.251981990411877632e-03,1.488096639513969421e-02,1.315742824226617813e-02,-7.622593082487583160e-03,-7.381948176771402359e-03,-1.822398044168949127e-02,3.444475308060646057e-02,-1.186965219676494598e-02,-6.447009509429335594e-04,1.932964660227298737e-02,1.318344380706548691e-02,-2.742052264511585236e-02,-6.100676022469997406e-03,3.795687109231948853e-02,-1.795081607997417450e-02,-1.219484838657081127e-03,-4.593392659444361925e-04,1.700124330818653107e-02,-2.026621066033840179e-02,7.433979306370019913e-03,-1.248752418905496597e-02,-6.288476870395243168e-04,6.087668240070343018e-03,-9.196541272103786469e-03,8.910368778742849827e-04,3.322201967239379883e-02,8.446964784525334835e-04,1.935566216707229614e-02,-1.253955531865358353e-02,-7.507961709052324295e-04,1.732644066214561462e-02,2.207430079579353333e-02,1.939468644559383392e-02,-8.032339625060558319e-03,2.288078702986240387e-02,-1.945972628891468048e-02,-1.149242464452981949e-02,4.734852816909551620e-03,-6.816106848418712616e-03,-1.908249780535697937e-02,1.908249780535697937e-02,1.520616281777620316e-02,1.425659004598855972e-02,7.544545922428369522e-03,1.713132299482822418e-02,2.376531995832920074e-02,3.623983636498451233e-02,4.289334639906883240e-03,-3.767069801688194275e-02,-3.897148370742797852e-02,6.907161790877580643e-03,-1.661100983619689941e-02,5.538086872547864914e-03,-1.700124330818653107e-02,-1.779472269117832184e-02,1.796382479369640350e-02,-1.877031102776527405e-02,1.661100983619689941e-02,-1.250053197145462036e-02,-5.889298394322395325e-03,-1.032822299748659134e-02,-2.043531276285648346e-02,-1.843210682272911072e-02,-2.791482023894786835e-02,3.475694358348846436e-02,-1.987597718834877014e-02,3.473092615604400635e-02,1.988898403942584991e-02,-1.737847179174423218e-02,-5.066552665084600449e-03,-7.863238453865051270e-03,1.941419788636267185e-03,4.922165721654891968e-02,-1.026968844234943390e-02,1.812967355363070965e-03,-3.121881186962127686e-02,1.374765881337225437e-03,-1.577850803732872009e-02,-3.238951554521918297e-03,1.320945937186479568e-02,-1.065992284566164017e-02,-2.258160710334777832e-02,-2.571649476885795593e-02,-1.674108766019344330e-02,-1.638987660408020020e-02,-1.824999600648880005e-02,1.810691133141517639e-02,-1.813292689621448517e-02,-1.149242464452981949e-02,-3.988203033804893494e-02,-3.912107087671756744e-03,8.364039473235607147e-03,9.001424163579940796e-02,1.389237120747566223e-02,-8.663220331072807312e-03,3.009688574820756912e-03,-1.373627688735723495e-02,3.046435676515102386e-02,-2.866927534341812134e-02,-3.975195437669754028e-02,1.218183990567922592e-02,-1.769066043198108673e-02,-9.131502360105514526e-03,-2.419457770884037018e-03,1.093308813869953156e-02,-6.874642334878444672e-03,1.921257749199867249e-02,1.923859305679798126e-02,-2.550837025046348572e-02,1.404846459627151489e-02,-2.523520495742559433e-03,-2.152797067537903786e-03,-2.017515711486339569e-02,-2.274745609611272812e-03,-7.206342183053493500e-03,1.648093014955520630e-02,-8.682731539011001587e-03,-1.040627062320709229e-02,4.985253792256116867e-03,2.677012979984283447e-02,2.344012446701526642e-02,-2.150195650756359100e-02,9.085974656045436859e-03,-7.947788573801517487e-03,2.169707417488098145e-02,2.760263159871101379e-02,6.051896605640649796e-03,4.673065617680549622e-03,-1.622727839276194572e-03,4.206734895706176758e-02,1.170705445110797882e-02,-1.921257749199867249e-02,1.914753764867782593e-02,1.834105141460895538e-02,8.747771382331848145e-03,-1.406147237867116928e-02,5.554346833378076553e-03,2.134586125612258911e-02,-6.094172131270170212e-03,2.038328163325786591e-02,-1.032171957194805145e-02,-9.170525707304477692e-03,3.012615256011486053e-02,-2.459782175719738007e-02,-2.931966632604598999e-02,-1.399643346667289734e-02,1.524355961009860039e-03,-2.660102909430861473e-03,2.593762800097465515e-02,-6.442131940275430679e-03,-2.994404360651969910e-02,1.105666276998817921e-03,-2.334906905889511108e-02,-5.255166441202163696e-03,1.082902494817972183e-02,6.946998182684183121e-04,-5.432073026895523071e-02,-5.674669519066810608e-03,3.003184683620929718e-03,2.239949628710746765e-02,-2.944649197161197662e-03,1.296231057494878769e-02,-6.705540232360363007e-03,2.407750859856605530e-02,-2.614575438201427460e-02,8.585172705352306366e-03,4.313398897647857666e-02,3.665608912706375122e-02,-4.302342422306537628e-03,-1.229240652173757553e-02,7.856734097003936768e-03,1.297531835734844208e-02,-8.689235895872116089e-03,-1.482893526554107666e-02,2.139789424836635590e-02,1.010708976536989212e-02,-2.939771395176649094e-03,5.684425123035907745e-03,2.879935316741466522e-02,-1.272166520357131958e-02,-1.895241998136043549e-02,3.772272961214184761e-03,1.162250339984893799e-02,3.289357060566544533e-03,2.679614536464214325e-02,-2.470188401639461517e-02,-4.331711534177884459e-05,6.129943765699863434e-03,-2.249055169522762299e-02,-1.798984035849571228e-02,-1.995402388274669647e-02,1.180461328476667404e-02,9.645312093198299408e-03,1.416553556919097900e-02,5.251914728432893753e-03,3.713331243488937616e-04,1.665003225207328796e-02,7.817710749804973602e-03,-1.452975533902645111e-02,1.975890621542930603e-02,-8.739641052670776844e-04,2.016214840114116669e-02,2.130683884024620056e-02,-4.542987328022718430e-03,-5.027529317885637283e-03,-2.275070920586585999e-02,1.273345405934378505e-04,2.513114362955093384e-02,-1.529721729457378387e-02,4.596969857811927795e-02,1.606467925012111664e-02,-1.177859678864479065e-02,-6.679524667561054230e-03,-1.914753764867782593e-02,2.647094987332820892e-02,-9.905468672513961792e-03,-1.263711415231227875e-02,3.098466992378234863e-02,-2.881236141547560692e-03,-4.702333360910415649e-03,2.178812772035598755e-02,1.066642720252275467e-02,3.482848638668656349e-03,7.050248328596353531e-03,-9.723358787596225739e-03,-3.408053517341613770e-02,-3.147896751761436462e-02,-2.241250500082969666e-02,1.384033914655447006e-02,1.094609592109918594e-02,-1.276068855077028275e-02,8.487613871693611145e-03,-1.309238933026790619e-02,-1.712156692519783974e-03,-1.439967658370733261e-02,-2.506610378623008728e-02,-4.100720863789319992e-03,-4.157305136322975159e-02,-9.346131235361099243e-03,-3.343014419078826904e-02,-5.554346833378076553e-03,2.124179899692535400e-02,-1.918656006455421448e-02,2.033125050365924835e-02,-3.535530343651771545e-02,-1.543054822832345963e-03,3.644796088337898254e-02,-5.286385491490364075e-02,-3.852921724319458008e-02,8.155914023518562317e-03,2.063043043017387390e-02,-9.723358787596225739e-03,1.434764545410871506e-02,1.021115295588970184e-02,2.514415048062801361e-02,1.316393166780471802e-02,-1.736546307802200317e-02,1.195420324802398682e-02,2.229218138381838799e-03,2.890991978347301483e-03,-3.072451241314411163e-02,2.955380827188491821e-02,1.727440953254699707e-02,2.586933784186840057e-03,3.428865969181060791e-02,6.003117188811302185e-03,-1.136234682053327560e-02,2.046132832765579224e-02,-8.578669279813766479e-03,4.012105055153369904e-04,-1.927761547267436981e-02,-2.908552624285221100e-02,-1.284523983485996723e-03,-2.143691666424274445e-02,1.035423856228590012e-02,-7.004720624536275864e-03,9.840429760515689850e-03,-2.736849151551723480e-02,5.203135311603546143e-02,-4.390145186334848404e-03,7.746167480945587158e-03,-1.463381759822368622e-02,2.259461395442485809e-02,-3.751460462808609009e-02,3.387241065502166748e-02,-2.755060046911239624e-02,-4.497460089623928070e-03,-6.861634552478790283e-03,2.232144959270954132e-02,1.350213587284088135e-02,-4.133240319788455963e-03,3.400248661637306213e-02,7.004720624536275864e-03,-3.363745636306703091e-04,6.654321914538741112e-04,-2.861724421381950378e-02,-1.870527118444442749e-02,3.134888783097267151e-02,-2.143691666424274445e-02,2.321899123489856720e-02,1.199322659522294998e-02,-1.320295594632625580e-02,6.003117188811302185e-03,-4.591766744852066040e-03,-2.276371605694293976e-02,-2.939771302044391632e-02,3.865929320454597473e-02,1.285174395889043808e-02,2.427587751299142838e-03,1.581753045320510864e-02,-4.162508249282836914e-02,-4.513719584792852402e-03,6.299045402556657791e-03,-2.812294475734233856e-02,2.312793582677841187e-02,1.398342568427324295e-02,3.376834839582443237e-02,5.147852003574371338e-03,7.746167480945587158e-03,-3.595366328954696655e-02,8.006324060261249542e-03,9.983516065403819084e-04,-1.068268669769167900e-03,2.458481350913643837e-03,9.339627809822559357e-03,-1.959305489435791969e-03,6.051896605640649796e-03,-3.954382613301277161e-03,-5.131592042744159698e-03,-1.451674755662679672e-02,-1.670206338167190552e-02,2.794083580374717712e-02,5.242158658802509308e-03,1.530859968625009060e-03,5.456787999719381332e-03,-8.805696415947750211e-05,2.038328163325786591e-02,-6.640501320362091064e-03,-2.372629567980766296e-02,1.514112297445535660e-02,-3.384639322757720947e-02,-1.555737387388944626e-02,-2.012312598526477814e-02,1.678011007606983185e-02,-3.327405080199241638e-02,2.653598971664905548e-02,2.200926095247268677e-02,4.042592190671712160e-04,-7.713648024946451187e-03,-4.861679393798112869e-03,-5.245410837233066559e-03,2.390840649604797363e-02,-8.110387250781059265e-03,3.504311665892601013e-02,-8.903864771127700806e-03,-1.921257749199867249e-02,-1.039326284080743790e-02,4.498110339045524597e-02,1.281272037886083126e-03,-7.674624212086200714e-03,-1.443869993090629578e-02,2.027921937406063080e-02,-1.972313504666090012e-03,-1.547932717949151993e-02,-5.421016365289688110e-03,-9.964004158973693848e-03,4.035681486129760742e-03,1.841909810900688171e-02,-2.939771395176649094e-03,-4.377137403935194016e-03,-3.011314431205391884e-03,-9.164022281765937805e-03,3.519921004772186279e-02,3.325128462165594101e-03,-1.592159271240234375e-02,-3.787882253527641296e-02,-1.879632659256458282e-02,-2.600266784429550171e-02,9.194915182888507843e-04,5.398252513259649277e-03,3.466588910669088364e-03,-2.401246875524520874e-02,-7.564057596027851105e-03,-3.531628055498003960e-03,2.245478099212050438e-03,3.548538312315940857e-02,-9.229061193764209747e-03,-1.090056821703910828e-02,2.016214886680245399e-03,1.408748887479305267e-02,-4.897451028227806091e-03,3.012615256011486053e-02,-3.114076331257820129e-02,8.604684844613075256e-03,-2.533926814794540405e-02,1.030220743268728256e-02,2.325801365077495575e-02,-8.292497135698795319e-03,3.739753505215048790e-03,-5.521827377378940582e-03,-3.337811306118965149e-02,1.460780203342437744e-02,-1.296881400048732758e-02,1.495901402086019516e-02,8.520133793354034424e-03,-1.347612030804157257e-02,2.716036513447761536e-02,7.967300713062286377e-03,1.874754671007394791e-03,-1.743050292134284973e-02,-1.145340129733085632e-02,-6.894154357723891735e-04,-2.768067829310894012e-02,6.624241359531879425e-03,2.464985288679599762e-02,-8.994920179247856140e-03,-1.888738013803958893e-02,-2.647094987332820892e-02,1.665003225207328796e-02,6.220998708158731461e-03,-1.934265531599521637e-02,1.179648330435156822e-03,7.310404907912015915e-03,1.212980877608060837e-02,-1.774269156157970428e-02,-2.744653820991516113e-02,1.943371072411537170e-02,-1.248752418905496597e-02,-6.406360305845737457e-03,1.196721103042364120e-02,-9.755878709256649017e-03,-1.602565683424472809e-02,9.723358787596225739e-03,-1.043066033162176609e-03,-1.021115295588970184e-02,8.585172705352306366e-03,-2.669208310544490814e-02,1.206476986408233643e-02,1.282898010686039925e-03,-6.279533728957176208e-03,-3.392444178462028503e-02,-4.542336985468864441e-02,-1.584354601800441742e-02,2.349215559661388397e-02,2.021417953073978424e-02,2.850342541933059692e-03,1.004855521023273468e-02,-9.417674504220485687e-03,-4.263969138264656067e-02,-1.697522774338722229e-02,-4.100720863789319992e-03,9.046951308846473694e-03,7.889254018664360046e-03,1.732644066214561462e-02,-3.051963867619633675e-03,1.737847179174423218e-02,3.332608193159103394e-02,-6.887650117278099060e-03,-3.371631726622581482e-02,-1.312165637500584126e-03,-3.528376109898090363e-03,-7.642104756087064743e-03,1.486795861274003983e-02,6.477903109043836594e-03,-2.338809333741664886e-02,-1.217533648014068604e-02,5.609630141407251358e-03,-2.519618161022663116e-02,1.743050292134284973e-03,9.352635592222213745e-03,-1.590858586132526398e-02,-4.152752459049224854e-03,-1.696222089231014252e-02,-1.735245622694492340e-02,-1.426959782838821411e-02,-8.253472857177257538e-03,-4.656806122511625290e-03,-2.617176994681358337e-02,5.821007303893566132e-03,-8.019331842660903931e-03,1.033472735434770584e-02,-2.887739986181259155e-02,1.138836238533258438e-02,1.966785080730915070e-02,1.094609592109918594e-02,-2.507260767742991447e-03,-9.001423604786396027e-03,-2.403198042884469032e-03,-3.362526185810565948e-03,-2.596364542841911316e-02,3.930968791246414185e-02,4.292586445808410645e-02,-1.064691506326198578e-02,1.966785080730915070e-02,-6.952689494937658310e-03,-4.378438368439674377e-02,-1.029245206154882908e-03,1.953777298331260681e-02,-1.558338943868875504e-02,-9.162395726889371872e-04,3.321876516565680504e-03,-2.370028011500835419e-02,7.141302805393934250e-03,5.768976174294948578e-03,-7.629096973687410355e-03,-1.667604781687259674e-02,-8.702243678271770477e-03,8.585173054598271847e-04,-8.533141575753688812e-03,-1.585655473172664642e-02,2.472789958119392395e-02,3.748858720064163208e-02,-2.102066576480865479e-02,4.129988607019186020e-03,3.123507136479020119e-03,-1.071845833212137222e-02,1.657198555767536163e-02,-1.529721729457378387e-02,4.191775806248188019e-03,-1.247451640665531158e-02,2.228242717683315277e-02,-1.475088857114315033e-02,9.079471230506896973e-03,-1.223387196660041809e-02,-4.458436276763677597e-03,1.304686162620782852e-02,-1.272166520357131958e-02,7.850229740142822266e-03,2.133285403251647949e-01,-2.528398530557751656e-03,-1.801585592329502106e-02,3.491303697228431702e-02,1.166640431620180607e-03,-4.677232209360226989e-05,5.473698303103446960e-02,8.747771382331848145e-03,-1.999955158680677414e-03,2.453278191387653351e-02,-5.244760215282440186e-02,-2.983997948467731476e-02,-3.140091896057128906e-02,-1.500779297202825546e-03,1.164851896464824677e-02,-4.477297887206077576e-02,-2.029222808778285980e-02,-3.036029450595378876e-02,-2.224340289831161499e-02,-3.761866688728332520e-02,3.236350044608116150e-02,2.022718777880072594e-03,-3.086109645664691925e-03,-9.359139017760753632e-03,2.171008102595806122e-02,7.668120320886373520e-03,-1.361757982522249222e-03,-2.962535014376044273e-03,2.519618161022663116e-02,1.536550815217196941e-03,-2.641891874372959137e-02,-2.163203433156013489e-02,-1.058187615126371384e-02,-2.350516244769096375e-02,-1.123226806521415710e-02,-8.968904614448547363e-03,1.745651848614215851e-02,4.962489940226078033e-03,8.227457292377948761e-03,3.400248661637306213e-02,2.861724235117435455e-03,6.071408279240131378e-03,8.097379468381404877e-03,-1.455577090382575989e-02,-3.889343468472361565e-03,1.324360491707921028e-03,3.030826337635517120e-03,-8.090875111520290375e-03,1.834308386605698615e-05,-1.183713204227387905e-03,-2.926763519644737244e-02,-4.022673703730106354e-03,5.910761654376983643e-02,1.939793815836310387e-03,-7.746167480945587158e-03,4.110476933419704437e-03,9.333123452961444855e-03,1.270215399563312531e-02,-2.219137176871299744e-02,2.359296660870313644e-03,-1.456877868622541428e-02,1.335904933512210846e-02,-5.398252513259649277e-03,-3.196676261723041534e-03,-9.827421978116035461e-03,2.219137176871299744e-02,-2.666606754064559937e-02,-1.704026712104678154e-03,1.740448735654354095e-02,8.682731539011001587e-03,-4.523475654423236847e-03,1.065016724169254303e-03,-9.872948750853538513e-03,2.773271128535270691e-02,1.246801298111677170e-02,-9.885956533253192902e-03,-7.147807162255048752e-03,1.421756669878959656e-02,1.134120859205722809e-03,8.916872553527355194e-03,-2.393442206084728241e-03,-3.944627009332180023e-03,4.129988607019186020e-03,1.632483676075935364e-02,-3.365778131410479546e-03,-4.598270636051893234e-03,4.022023454308509827e-02,3.899099305272102356e-03,-1.245500519871711731e-02,1.870527118444442749e-02,1.111519709229469299e-02,9.105486795306205750e-03,7.251869421452283859e-03,-1.447772327810525894e-02,-9.072966873645782471e-03,-1.469885651022195816e-02,7.186830509454011917e-03,-3.971455444116145372e-04,-9.255076758563518524e-03,-1.164851896464824677e-02,-7.882749661803245544e-03,-2.096863463521003723e-02,9.242068976163864136e-03,-9.443690069019794464e-03,-1.602565683424472809e-02,-5.027529317885637283e-03,3.298787772655487061e-02,5.300694145262241364e-03,4.929970484226942062e-03,-3.670812025666236877e-02,2.072148583829402924e-02,-1.665003225207328796e-02,-4.217791371047496796e-03,7.668120320886373520e-03,1.749554276466369629e-02,6.188478786498308182e-03,-3.186920192092657089e-03,-1.792480051517486572e-02,2.346614003181457520e-02,-1.625979691743850708e-02,8.058355189859867096e-03,-1.475088857114315033e-02,-9.437186643481254578e-03,9.359139017760753632e-03,-4.686073400080204010e-03,-1.203875429928302765e-02,-9.606288745999336243e-03,1.059488393366336823e-02,4.206734895706176758e-02,-1.559639722108840942e-02,8.773786947131156921e-03,-2.518317475914955139e-02,5.427520256489515305e-03,1.281272061169147491e-02,1.437366101890802383e-02,1.410049665719270706e-02,5.768976174294948578e-03,-3.415858373045921326e-02,1.291678287088871002e-02,1.571509405039250851e-03,7.463247166015207767e-04,1.056236401200294495e-02,3.729997435584664345e-03,2.690020948648452759e-02,1.704026712104678154e-03,-1.640288345515727997e-02,3.967390581965446472e-02,-5.736456718295812607e-03,-1.339807268232107162e-02,-1.527608023025095463e-03,-7.687631994485855103e-03,-1.028432161547243595e-03,7.193334400653839111e-03,-1.480291970074176788e-02,3.579756990075111389e-02,-4.464940167963504791e-03,-1.393139455467462540e-02,-2.781075797975063324e-02,-1.709229871630668640e-02,3.467889502644538879e-02,-3.314397111535072327e-02,5.557598546147346497e-03,1.935566216707229614e-02,-3.990804776549339294e-02,-3.573903581127524376e-03,6.822611205279827118e-03,-1.640028208494186401e-01,2.437343588098883629e-03,7.433979306370019913e-03,1.756058074533939362e-03,1.635085232555866241e-02,1.612971909344196320e-02,6.848626770079135895e-03,1.033472735434770584e-02,-1.778171397745609283e-02,1.084203273057937622e-02,2.666606800630688667e-03,-1.110218930989503860e-02,8.331520482897758484e-03,-1.620288821868598461e-03,6.868138443678617477e-03,1.480291970074176788e-02,-1.813292689621448517e-02,5.869786720722913742e-03,4.490305483341217041e-02,1.296881400048732758e-02,2.464985288679599762e-02,-1.775569841265678406e-02,-2.206129394471645355e-02,-3.564147651195526123e-02,5.716944579035043716e-03,-2.540593268349766731e-04,7.128295022994279861e-03,1.283223181962966919e-02,-1.157697569578886032e-02,-1.186314783990383148e-02,-2.331004478037357330e-02,1.802886277437210083e-02,1.558338943868875504e-02,1.479641534388065338e-03,3.506913036108016968e-02,1.908249780535697937e-02,-1.415252778679132462e-02,-3.845441970042884350e-04,-8.910369127988815308e-03,1.598663255572319031e-02,2.264664508402347565e-02,2.937169745564460754e-02,-7.225853856652975082e-03,-1.545331161469221115e-02,-2.464985288679599762e-02,1.806788705289363861e-02,-3.573903581127524376e-03,1.219484768807888031e-02,3.004810586571693420e-02,-2.332305349409580231e-02,-8.723381324671208858e-04,-1.858820021152496338e-02,-1.238346192985773087e-02,-2.129017229890450835e-05,-1.173957367427647114e-03,-1.881258562207221985e-03,-9.294100105762481689e-03,-2.589860558509826660e-02,-5.746212322264909744e-03,-6.081164348870515823e-03,-8.728259243071079254e-03,-1.817194931209087372e-02,-5.613695248030126095e-04,-8.175426162779331207e-03,-1.688417419791221619e-02,-3.951130900532007217e-03,2.642217092216014862e-03,-1.168103888630867004e-02,-2.618477866053581238e-02,1.386635564267635345e-02,-4.019422084093093872e-02,-2.359621785581111908e-02,-5.463291890919208527e-03,-3.298787772655487061e-02,7.329916581511497498e-03,9.567264467477798462e-03,-1.079650595784187317e-03,1.268914621323347092e-02,1.026318408548831940e-02,1.227939873933792114e-02,5.238906946033239365e-03,4.417461901903152466e-02,-1.913452893495559692e-02,1.397041790187358856e-02,1.459479425102472305e-02,1.001603528857231140e-02,1.299483049660921097e-02,-2.143691666424274445e-02,8.819313719868659973e-03,-7.336420472711324692e-03,-9.990019723773002625e-03,-3.616178873926401138e-03,7.980308495461940765e-03,-4.898751899600028992e-02,3.236350044608116150e-02,4.386893473565578461e-03,-3.814954834524542093e-04,1.182900276035070419e-03,4.998261574655771255e-03,-7.505522575229406357e-03,-9.990019723773002625e-03,-1.126478798687458038e-02,-2.126781456172466278e-02,9.996523149311542511e-03,-1.697522820904850960e-03,-1.160949561744928360e-02,7.772183045744895935e-03,2.497504837810993195e-02,3.215537592768669128e-02,-3.853572066873311996e-03,-3.440573113039135933e-03,-1.439967658370733261e-02,1.610370352864265442e-02,3.501709923148155212e-02,1.026318408548831940e-02,4.555995110422372818e-03,-8.292496786452829838e-04,-9.853437542915344238e-03,-7.596577517688274384e-03,-3.902351483702659607e-03,3.371631726622581482e-02,-1.883534900844097137e-02,-7.837221957743167877e-03,-8.351031690835952759e-03,-3.350818902254104614e-02,-2.372629567980766296e-02,-1.028139516711235046e-01,-5.239557102322578430e-02,2.186617627739906311e-02,1.218183990567922592e-02,2.217836305499076843e-02,6.282785907387733459e-03,-8.507126010954380035e-03,9.879453107714653015e-03,-3.879587631672620773e-03,2.038328163325786591e-02,2.519618161022663116e-02,-1.215582434087991714e-02,-2.474741078913211823e-03,1.482893526554107666e-02,-6.240510381758213043e-03,-2.258160710334777832e-02,4.601522814482450485e-04,-2.035726606845855713e-02,-2.383035980165004730e-02,2.189219184219837189e-02,-1.777195837348699570e-03,-5.450284108519554138e-03,1.043228618800640106e-02,-2.200926095247268677e-02,7.492514792829751968e-03,1.527120172977447510e-02,-8.539645932614803314e-03,8.988415822386741638e-03,2.584657445549964905e-02,-5.531582981348037720e-03,-5.043789278715848923e-03,-1.097861491143703461e-02,-7.622593082487583160e-03,-3.060093848034739494e-03,-1.403545681387186050e-02,-1.364522241055965424e-02,-4.797290638089179993e-02,7.947788573801517487e-03,2.885138429701328278e-02,-7.629096973687410355e-03,-3.258463460952043533e-03,9.528241353109478951e-04,-5.772227887064218521e-03,-2.092961035668849945e-02,2.993428613990545273e-03,-1.300133392214775085e-02,-2.208730950951576233e-02,4.269822966307401657e-03,-9.040446951985359192e-03,-2.349215559661388397e-02,-1.360619813203811646e-02,1.360619813203811646e-02,-2.388239093124866486e-02,-1.994101516902446747e-02,1.419155113399028778e-02,-1.450373884290456772e-02,-6.959193386137485504e-03,1.406147237867116928e-02,-2.221738733351230621e-02,1.400944124907255173e-02,-2.412953972816467285e-02,1.099812705069780350e-02,1.225988753139972687e-02,1.400944124907255173e-02,2.617827383801341057e-03,-6.484407000243663788e-03,-2.539129927754402161e-02,-6.848626770079135895e-03,1.151844020932912827e-02,1.200623437762260437e-02,6.403108127415180206e-03,3.330006496980786324e-03,-5.850275047123432159e-03,3.993406146764755249e-02,-2.679614536464214325e-02,7.538042031228542328e-03,-7.635600864887237549e-03,-2.956031123176217079e-03,9.456697851419448853e-03,-3.405452147126197815e-02,-1.023716852068901062e-02,-1.367123797535896301e-02,2.716036513447761536e-02,3.434069221839308739e-03,2.304988913238048553e-02,-5.304758669808506966e-04,2.047433704137802124e-02,-1.310539711266756058e-02,-7.499018684029579163e-03,2.604819601401686668e-03,2.749856933951377869e-02,1.179160550236701965e-02,2.096863463521003723e-02,8.194937836378812790e-04,-1.360619813203811646e-02,9.762382134795188904e-03,-1.167453452944755554e-02,-1.571346819400787354e-02,-2.467586845159530640e-02,-1.625979691743850708e-02,-1.059488393366336823e-02,-1.789878495037555695e-02,-3.103670105338096619e-02,1.841909810900688171e-02,-2.268241805722936988e-04,-1.979792863130569458e-02,7.095775566995143890e-03,-2.135886996984481812e-02,-3.960886504501104355e-03,-1.085504051297903061e-02,4.887694958597421646e-03,-5.316953640431165695e-03,-5.164111498743295670e-03,-7.095775566995143890e-03,-2.177288479288108647e-05,4.959238227456808090e-03,-1.012009754776954651e-02,4.009665921330451965e-03,-3.120255190879106522e-03,1.547932717949151993e-02,2.083855681121349335e-02,7.076263893395662308e-03,-5.586866289377212524e-03,-2.762539545074105263e-03,-3.801540704444050789e-03,1.452975533902645111e-02,-8.565661497414112091e-03,2.614575438201427460e-02,-1.553135830909013748e-02,1.304686162620782852e-02,2.668232657015323639e-03,3.749509342014789581e-03,2.890341542661190033e-02,-6.529934704303741455e-03,1.813292689621448517e-02,1.841909810900688171e-02,2.190519869327545166e-02,-2.122879214584827423e-02,-9.885956533253192902e-04,1.599964126944541931e-02,1.084853708744049072e-02,6.358230859041213989e-02,-1.398342568427324295e-02,-1.054935622960329056e-02,-2.352792769670486450e-03,-5.583614576607942581e-03,-2.184016071259975433e-02,8.494118228554725647e-03,-2.491001039743423462e-02,-1.230866648256778717e-03,2.950177714228630066e-02,-1.756058074533939362e-02,5.466544069349765778e-03,3.038631007075309753e-02,-9.990019723773002625e-03,-2.567422110587358475e-03,-2.163203433156013489e-02,-1.172006223350763321e-02,1.064691506326198578e-02,-1.404846459627151489e-02,2.731645945459604263e-03,-4.846720397472381592e-02,4.521524533629417419e-02,2.480594627559185028e-02,-8.255912107415497303e-04,-5.173867568373680115e-03,6.181974895298480988e-03,2.757661603391170502e-02,-2.866927534341812134e-02,8.741267025470733643e-03,-1.212980877608060837e-02,-3.746257396414875984e-03,-1.238346192985773087e-02,-2.619453473016619682e-03,1.260459516197443008e-02,2.851968398317694664e-03,1.583053916692733765e-02,-5.651905667036771774e-03,-8.528264006599783897e-04,-1.404846552759408951e-03,-1.488096639513969421e-02,5.099072586745023727e-03,1.372326863929629326e-03,1.490698195993900299e-02,1.536550815217196941e-03,1.222086418420076370e-02,2.044832147657871246e-02,6.816106848418712616e-03,-6.009621080011129379e-03,1.053634844720363617e-02,1.141437795013189316e-02,-3.668210236355662346e-03,-1.568745262920856476e-02,1.386147690936923027e-03,3.121881186962127686e-02,-1.463381759822368622e-02,3.469840856269001961e-03,2.191820740699768066e-02,5.990109406411647797e-03,1.282572839409112930e-02,1.244199741631746292e-02,2.550837025046348572e-02,9.333123452961444855e-04,6.380344275385141373e-03,-3.003184683620929718e-03,-1.916054449975490570e-02,-1.389399636536836624e-03,1.485495083034038544e-02,-2.729044482111930847e-02,-4.451282322406768799e-02,-2.498805709183216095e-02,1.173307001590728760e-02,1.194119546562433243e-02,-1.240947749465703964e-02,2.853919565677642822e-02,2.865789283532649279e-04,3.051963867619633675e-03,-1.942070201039314270e-02,1.908249780535697937e-02,-9.710351005196571350e-03,-2.564170164987444878e-03,3.917960822582244873e-02,9.885956533253192902e-03,2.392141334712505341e-02,-7.960796356201171875e-03,-2.193121425807476044e-02,2.213934063911437988e-02,-7.499831845052540302e-04,2.684899081941694021e-04,-3.449678793549537659e-02,8.936384692788124084e-03,6.568958051502704620e-03,1.884835772216320038e-02,1.553135830909013748e-02,-6.273029837757349014e-03,-1.443869993090629578e-02,-1.373627688735723495e-02,2.520268550142645836e-03,-1.356717478483915329e-02,1.806788705289363861e-02,-1.309889275580644608e-02,3.878937289118766785e-02,-8.233961649239063263e-03,-1.251353975385427475e-02,-6.666516885161399841e-03,1.853616908192634583e-02,2.329703792929649353e-02,1.857519336044788361e-02,2.616201294586062431e-03,-4.585262853652238846e-03,-8.929880335927009583e-03,3.579756990075111389e-02,2.268241718411445618e-03,-4.845419607590883970e-04,-7.980308495461940765e-03,-2.526122145354747772e-02,9.118494577705860138e-03,1.864023134112358093e-02,-9.456697851419448853e-03,-1.736546307802200317e-02,-1.092008035629987717e-02,5.541339144110679626e-02,1.073146611452102661e-02,1.286475174129009247e-02,-1.285824738442897797e-02,-2.078652568161487579e-02,4.591766744852066040e-03,3.036029450595378876e-02,9.138005785644054413e-03,-1.333303377032279968e-02,-4.750462248921394348e-02,2.770669525489211082e-03,2.649696543812751770e-02,3.954382613301277161e-03,-1.691018976271152496e-02,9.196541272103786469e-03,-8.110387250781059265e-03,4.429168999195098877e-03,1.882234215736389160e-02,9.599784389138221741e-03,-2.043531276285648346e-02,-1.998003944754600525e-02,1.823698915541172028e-02,-2.055238373577594757e-02,-7.440483197569847107e-03,8.838825859129428864e-03,-3.388541750609874725e-03,1.154445577412843704e-02,-1.413952000439167023e-02,-3.090662322938442230e-02
-4.553000908344984055e-03,-9.316393174231052399e-03,2.838640008121728897e-03,4.125643521547317505e-03,-3.642400726675987244e-03,1.521392725408077240e-02,-3.410970419645309448e-02,-8.290735073387622833e-03,-3.806769149377942085e-03,-1.205148175358772278e-02,7.311100605875253677e-03,2.675915369763970375e-03,8.573449216783046722e-03,-4.004010930657386780e-03,4.395207390189170837e-03,2.121008187532424927e-02,2.646986581385135651e-02,1.301139220595359802e-02,2.933973679319024086e-03,1.085488032549619675e-02,-5.062542855739593506e-03,2.126267924904823303e-02,4.145367536693811417e-03,-2.842913568019866943e-02,-1.212380360811948776e-02,-3.891418746206909418e-04,7.514917291700839996e-03,-1.127566304057836533e-02,-6.508983206003904343e-03,-1.454330421984195709e-02,8.152666501700878143e-03,-1.099952403455972672e-02,-9.066553786396980286e-03,-1.725209318101406097e-02,-3.810713812708854675e-02,-6.788409664295613766e-04,9.631980210542678833e-04,-1.284702401608228683e-02,2.378737553954124451e-02,-2.720294753089547157e-03,-1.929683494381606579e-03,-1.345354248769581318e-03,-6.607604445889592171e-04,3.121682070195674896e-02,-1.583195105195045471e-02,3.645688062533736229e-03,1.346504874527454376e-02,1.174246892333030701e-02,-1.744933612644672394e-02,1.533227227628231049e-02,-8.132942020893096924e-03,-7.968573831021785736e-03,-1.956639811396598816e-02,2.064465358853340149e-02,-2.724568359553813934e-02,1.438551116734743118e-02,1.361791044473648071e-03,-7.745854672975838184e-04,5.611532833427190781e-03,2.713720081374049187e-03,6.949490401893854141e-03,4.378770478069782257e-03,2.623317530378699303e-03,-2.500041387975215912e-03,-1.120334118604660034e-02,-7.639836985617876053e-03,-2.593073807656764984e-02,-1.049984525889158249e-02,-1.794901490211486816e-02,-7.370273116976022720e-03,3.251204267144203186e-03,3.429379686713218689e-02,3.297227434813976288e-03,-6.716087460517883301e-03,1.088775414973497391e-02,-4.373510926961898804e-02,-3.961275331676006317e-03,-7.633262313902378082e-03,-1.475369557738304138e-02,-3.961275331676006317e-03,8.612897247076034546e-03,-7.409721612930297852e-03,-2.071040123701095581e-02,2.184125594794750214e-02,1.535857096314430237e-02,-1.074968464672565460e-02,5.920545198023319244e-03,1.430661417543888092e-02,8.187594357877969742e-05,-2.790315635502338409e-02,9.033679962158203125e-03,3.155870735645294189e-02,6.184356170706450939e-04,1.587140001356601715e-02,-3.366262093186378479e-02,1.666036807000637054e-02,-1.122306566685438156e-02,2.103913761675357819e-02,-1.145975571125745773e-02,-1.433291286230087280e-02,-1.511366222985088825e-03,-7.087559904903173447e-03,-8.816713467240333557e-03,4.635185177903622389e-04,-3.200579062104225159e-02,-3.087493591010570526e-02,-3.591446729842573404e-04,-1.276812702417373657e-02,6.492546759545803070e-03,-3.071714192628860474e-02,-7.567515131086111069e-03,1.909301802515983582e-02,7.600388489663600922e-03,-4.097372293472290039e-02,2.475386019796133041e-03,-7.961998693645000458e-03,1.693650707602500916e-02,-2.127582766115665436e-02,-2.185440436005592346e-02,-7.607168663525953889e-05,1.387268211692571640e-02,-1.027301652356982231e-03,-1.038807444274425507e-03,-2.829764038324356079e-02,-1.420141849666833878e-02,-9.888394735753536224e-03,-1.884317770600318909e-02,-9.007381275296211243e-03,-5.979717709124088287e-03,-2.167031168937683105e-02,3.784415125846862793e-02,1.169644575566053391e-02,1.364914048463106155e-02,-2.689064946025609970e-03,1.064448896795511246e-02,2.192015200853347778e-02,-5.759464111179113388e-03,-3.714722814038395882e-03,-1.068393699824810028e-02,-1.717319712042808533e-02,1.282729953527450562e-02,1.781751960515975952e-02,-9.894969873130321503e-03,3.586515551432967186e-03,1.163727324455976486e-02,1.754138059914112091e-02,2.376765245571732521e-03,2.102598920464515686e-02,6.982364226132631302e-03,-1.093870843760669231e-03,1.341902557760477066e-02,-1.455645356327295303e-02,3.526685386896133423e-02,-1.111786998808383942e-02,-1.247226446866989136e-02,-1.107842079363763332e-03,-1.689705811440944672e-02,1.825145259499549866e-02,-2.947123022750020027e-03,7.380135357379913330e-04,7.291376125067472458e-03,1.084173098206520081e-02,2.719308622181415558e-02,6.134223658591508865e-03,1.155180204659700394e-02,3.768635541200637817e-02,4.595736972987651825e-03,3.751705808099359274e-04,-1.784381829202175140e-02,-7.330824621021747589e-03,1.826460100710391998e-02,1.491148956120014191e-02,-1.476684492081403732e-02,1.588455028831958771e-02,-1.103897299617528915e-02,1.858018897473812103e-02,1.239994168281555176e-02,2.435280196368694305e-02,-2.581239305436611176e-02,7.343973964452743530e-03,-3.287365287542343140e-02,-1.412252150475978851e-02,2.837653830647468567e-02,3.240027278661727905e-02,-2.577294409275054932e-02,-1.437236089259386063e-02,-2.235408406704664230e-03,-1.502325991168618202e-03,-4.137971263844519854e-04,6.591167300939559937e-03,-6.298591848462820053e-03,2.176235802471637726e-02,-1.811995729804039001e-02,-3.538026940077543259e-04,-6.623120903968811035e-01,2.454018220305442810e-03,-2.263351110741496086e-03,-2.924440242350101471e-02,2.022387087345123291e-02,1.497723627835512161e-02,2.468153834342956543e-02,7.113858591765165329e-03,-2.475386019796133041e-03,-1.476232573622837663e-04,1.477999426424503326e-02,3.521425649523735046e-02,1.531912293285131454e-02,-2.866582572460174561e-02,-7.311100605875253677e-03,-2.035536617040634155e-02,4.322885535657405853e-03,-3.856079652905464172e-03,-1.805420964956283569e-02,4.743668250739574432e-03,-5.634544417262077332e-03,6.916616577655076981e-03,1.323493290692567825e-02,6.301879417151212692e-03,3.655550302937626839e-03,-1.349134743213653564e-02,9.684578515589237213e-03,1.071023661643266678e-02,-1.892207562923431396e-02,6.042177323251962662e-03,-4.202567785978317261e-02,1.772547326982021332e-02,-7.383422460407018661e-03,2.599648572504520416e-02,4.078963026404380798e-02,-3.679219260811805725e-02,-2.879732102155685425e-02,1.340587623417377472e-02,2.720294753089547157e-03,4.628610238432884216e-02,9.638555347919464111e-03,-1.097322534769773483e-02,1.812982023693621159e-03,-2.588800154626369476e-03,5.621394608169794083e-03,1.443153363652527332e-03,8.580023422837257385e-03,-7.915975525975227356e-03,6.653627380728721619e-03,-5.203899461776018143e-03,-8.665494620800018311e-03,-5.907395388931035995e-03,4.040171857923269272e-03,2.227518707513809204e-02,-7.541215978562831879e-03,1.286674756556749344e-02,3.602952510118484497e-02,-4.569437820464372635e-03,-4.036884754896163940e-03,7.705584168434143066e-03,2.410296350717544556e-02,8.764116093516349792e-03,-1.082858163863420486e-02,-3.316294029355049133e-02,-1.384638249874114990e-02,1.056887907907366753e-03,-1.383323315531015396e-02,5.019806791096925735e-03,1.781751960515975952e-02,9.492267272435128689e-04,2.060520648956298828e-02,7.015237584710121155e-03,1.641052775084972382e-02,-1.704170182347297668e-02,1.059189159423112869e-02,1.149756019003689289e-03,3.192689269781112671e-02,-1.801476255059242249e-02,7.488618139177560806e-03,2.831243327818810940e-04,-5.654268432408571243e-03,1.319548487663269043e-02,-5.654268339276313782e-02,5.292658228427171707e-03,1.701540313661098480e-02,-9.053404442965984344e-03,-2.076300047338008881e-02,-1.314288657158613205e-02,1.397787779569625854e-02,-1.596837770193815231e-03,-4.648334812372922897e-03,2.169661223888397217e-02,8.718092925846576691e-03,-7.883101701736450195e-03,1.793586462736129761e-02,4.848863929510116577e-03,1.638422906398773193e-02,1.936915703117847443e-02,2.006607875227928162e-02,-7.975148037075996399e-03,3.192031756043434143e-03,-1.442495919764041901e-02,1.735728932544589043e-03,-5.963280797004699707e-03,1.726524345576763153e-02,7.613538298755884171e-03,-2.139417454600334167e-02,1.085488032549619675e-02,3.271586075425148010e-02,-2.460264228284358978e-02,-1.282072509638965130e-03,6.882921443320810795e-04,-7.994872517883777618e-03,8.271011523902416229e-03,6.410362402675673366e-05,-2.758757025003433228e-02,9.178323671221733093e-03,-7.351370877586305141e-04,4.674633499234914780e-03,5.387991666793823242e-03,2.337974309921264648e-02,1.256431080400943756e-02,4.776542074978351593e-03,-2.318250015377998352e-02,3.660809993743896484e-02,4.865300655364990234e-02,-1.119676604866981506e-02,-2.324824780225753784e-02,-1.330725476145744324e-02,1.474054623395204544e-02,-2.693009749054908752e-02,1.294564455747604370e-02,4.257795587182044983e-02,-6.956065073609352112e-03,1.634478010237216949e-02,-1.417511980980634689e-02,1.297851838171482086e-02,-1.281415019184350967e-02,1.819885522127151489e-02,-4.526702221482992172e-03,-1.535857096314430237e-02,1.675241440534591675e-02,-1.179342274554073811e-03,-2.650931477546691895e-02,-7.600388489663600922e-03,-3.034895658493041992e-02,-7.311100605875253677e-03,-7.626687642186880112e-03,-4.391920194029808044e-02,1.827775151468813419e-03,-4.717369098216295242e-03,-7.731883320957422256e-03,-7.153307087719440460e-03,-2.376107685267925262e-02,8.527426049113273621e-03,2.394845709204673767e-03,1.505613327026367188e-03,-1.013165991753339767e-02,3.675274550914764404e-03,-1.598974503576755524e-02,9.191473945975303650e-03,1.001331489533185959e-02,-1.502983458340167999e-02,-2.552310377359390259e-02,4.944197367876768112e-03,-3.478032536804676056e-03,9.658279828727245331e-03,6.252568680793046951e-03,4.654909484088420868e-03,-2.578609436750411987e-02,-8.900541579350829124e-04,1.154522690922021866e-02,-6.497683352790772915e-05,2.038166485726833344e-02,-1.011193543672561646e-02,-7.179605774581432343e-03,-8.323608897626399994e-03,-2.887950511649250984e-03,-6.065188907086849213e-03,2.932329848408699036e-02,9.007381275296211243e-03,7.975969929248094559e-04,-1.746248453855514526e-02,-2.193330228328704834e-02,2.448429726064205170e-02,1.147948019206523895e-02,-1.664721779525279999e-02,-3.206824883818626404e-03,-2.034221589565277100e-02,9.487336501479148865e-03,6.548431701958179474e-03,1.654202304780483246e-02,2.721938490867614746e-02,-5.483325570821762085e-03,1.944805309176445007e-02,1.765315188094973564e-03,2.953368984162807465e-02,9.697727859020233154e-03,1.062476448714733124e-02,4.647019505500793457e-02,9.230921976268291473e-03,-1.161097455769777298e-02,2.190700359642505646e-02,-1.184766460210084915e-02,1.998718082904815674e-02,-2.272226847708225250e-02,-1.312973722815513611e-02,-1.927711069583892822e-02,1.062476448714733124e-02,2.051315968856215477e-03,1.379378512501716614e-02,-5.869919434189796448e-02,-6.988938897848129272e-03,-8.198688738048076630e-03,-2.689475659281015396e-04,1.208435464650392532e-02,-1.347819808870553970e-02,1.277470216155052185e-02,1.130853686481714249e-02,-3.034238237887620926e-03,1.635793037712574005e-02,2.636467106640338898e-03,2.476043626666069031e-02,-3.127928124740719795e-03,-1.255116052925586700e-02,2.232778631150722504e-02,8.843013085424900055e-03,-1.441180985420942307e-02,7.613538298755884171e-03,-2.528641372919082642e-02,1.112444419413805008e-02,-4.868587944656610489e-03,-1.591084897518157959e-02,1.802791096270084381e-02,1.153207756578922272e-02,1.481779967434704304e-03,6.430086679756641388e-03,-1.915876567363739014e-02,1.889577694237232208e-02,-1.688390783965587616e-02,1.606864109635353088e-02,1.180164143443107605e-02,3.518795967102050781e-02,-4.597051814198493958e-02,9.125726297497749329e-03,2.111803553998470306e-02,-2.457305556163191795e-03,1.058531645685434341e-02,-2.286691404879093170e-02,5.200611893087625504e-03,1.583195105195045471e-02,1.476684492081403732e-02,-2.362958155572414398e-02,-5.470175761729478836e-03,8.935059420764446259e-03,-2.731800545006990433e-03,-1.136606559157371521e-03,1.981623843312263489e-02,-6.591167300939559937e-03,1.618698611855506897e-02,-3.504331456497311592e-03,-3.653084859251976013e-04,-2.779467497020959854e-03,1.739673689007759094e-02,2.845543436706066132e-02,-1.616068743169307709e-02,7.959533249959349632e-04,-2.457634359598159790e-02,-2.330084517598152161e-02,-1.214352715760469437e-02,6.676638964563608170e-03,-1.282072532922029495e-02,2.648301608860492706e-02,9.276945143938064575e-03,2.114433422684669495e-02,1.829090155661106110e-02,1.080885715782642365e-02,1.954009942710399628e-02,2.919180504977703094e-02,2.821874432265758514e-02,-3.403080627322196960e-02,-2.686434984207153320e-02,1.278785150498151779e-02,-3.648975631222128868e-03,1.550321467220783234e-02,-8.126366883516311646e-03,-4.028994962573051453e-02,-1.941189286299049854e-03,-1.591084897518157959e-02,8.139516226947307587e-03,-4.914611112326383591e-03,-1.124278921633958817e-02,-8.206085767596960068e-04,-1.748878322541713715e-02,-8.823288604617118835e-03,-3.103272803127765656e-02,3.100642934441566467e-02,-2.264337241649627686e-02,2.243298105895519257e-02,4.980358295142650604e-03,-2.611483074724674225e-02,-1.134141068905591965e-02,-9.508704533800482750e-04,-1.186738908290863037e-02,4.912638664245605469e-02,-3.629251383244991302e-03,1.654366613365709782e-03,-1.236049365252256393e-02,5.236772820353507996e-03,-2.658821083605289459e-02,8.100068196654319763e-03,-5.233485717326402664e-03,-5.969855468720197678e-03,-2.189385332167148590e-02,-6.824570242315530777e-03,2.943835686892271042e-03,-1.981623843312263489e-02,-1.916534034535288811e-03,2.163086459040641785e-02,-2.671970613300800323e-02,-1.201860792934894562e-02,-4.252535849809646606e-02,-6.485971622169017792e-03,2.048686146736145020e-02,1.008300706744194031e-01,4.201663832645863295e-04,-5.737479659728705883e-05,4.904748871922492981e-03,-4.089482594281435013e-03,2.782426029443740845e-02,-1.788326725363731384e-02,-3.492496907711029053e-02,-4.963921848684549332e-03,-1.971104182302951813e-02,-8.744391612708568573e-03,-2.094709128141403198e-02,8.935059420764446259e-03,-1.148605439811944962e-02,2.097339183092117310e-02,6.558293942362070084e-03,-9.954142384231090546e-03,-2.920824103057384491e-03,-8.181430748663842678e-04,4.733806126751005650e-04,-7.304525934159755707e-03,-5.440589506179094315e-03,8.882461115717887878e-03,2.001347951591014862e-02,-6.400500424206256866e-03,-8.796989917755126953e-03,1.312973722815513611e-02,3.642400726675987244e-02,2.107858657836914062e-02,-1.307056471705436707e-02,9.336117655038833618e-03,-3.638702619355171919e-04,1.379378512501716614e-02,1.137428451329469681e-02,4.993508104234933853e-03,1.467479858547449112e-02,5.470175761729478836e-03,1.174246892333030701e-02,3.524055704474449158e-02,-1.986883580684661865e-02,2.526011504232883453e-02,2.127582766115665436e-02,2.209109440445899963e-02,-1.502983458340167999e-02,4.092769697308540344e-03,1.489834021776914597e-02,-4.993508104234933853e-03,1.777807250618934631e-02,-3.416230157017707825e-02,-3.142721205949783325e-02,9.789774194359779358e-03,-1.095350179821252823e-02,-7.212479598820209503e-03,3.524055704474449158e-03,-2.486891811713576317e-03,5.121715366840362549e-03,2.240668237209320068e-02,-9.046829305589199066e-03,-2.219629101455211639e-02,-8.415655465796589851e-04,-3.358372300863265991e-02,-2.099969051778316498e-02,9.099427610635757446e-03,-4.243988543748855591e-03,-2.693009749054908752e-02,-1.370173878967761993e-02,-1.873798295855522156e-02,9.934417903423309326e-03,-2.038166485726833344e-02,6.584592629224061966e-03,5.851510446518659592e-03,5.466888658702373505e-03,-1.744933612644672394e-02,-1.141373254358768463e-02,2.428705431520938873e-02,3.731817007064819336e-02,-4.352471791207790375e-03,-2.124952897429466248e-02,-5.595095921307802200e-03,5.009945016354322433e-03,-1.468794792890548706e-02,-1.414882019162178040e-02,9.500485844910144806e-03,1.430003903806209564e-03,-8.060620166361331940e-03,-1.026315428316593170e-02,2.396489260718226433e-03,-5.480038002133369446e-03,-2.231463603675365448e-02,1.509558130055665970e-02,8.218413568101823330e-04,7.915975525975227356e-03,2.018442377448081970e-02,-3.800194337964057922e-02,-1.706142560578882694e-03,-1.623958535492420197e-02,-2.785055898129940033e-02,-6.351189687848091125e-03,-7.455744780600070953e-03,-2.238695742562413216e-03,-4.602311644703149796e-03,1.424251007847487926e-03,2.485248260200023651e-03,-9.664854034781455994e-03,1.485889125615358353e-02,-5.108565557748079300e-03,-4.898174200206995010e-03,1.898782141506671906e-02,-1.773533644154667854e-03,2.993146190419793129e-03,1.183451502583920956e-03,-2.043426223099231720e-02,-4.927760455757379532e-03,-1.680501177906990051e-02,-4.168379120528697968e-03,1.564785838127136230e-02,1.777807250618934631e-02,3.111162595450878143e-02,1.421456784009933472e-02,5.601670593023300171e-03,6.502408534288406372e-03,3.262710059061646461e-03,3.768635541200637817e-02,-2.315620146691799164e-02,-1.783066987991333008e-02,2.771906554698944092e-02,-7.495192810893058777e-03,-2.380052581429481506e-02,1.060504093766212463e-02,-7.343152537941932678e-04,-1.330068055540323257e-02,2.399776689708232880e-02,-7.120433263480663300e-03,-1.575305499136447906e-02,-2.998077124357223511e-02,-1.981623843312263489e-02,8.376207202672958374e-03,2.805766416713595390e-03,-1.485889125615358353e-02,1.353079546242952347e-02,-2.057890640571713448e-03,-2.729828096926212311e-02,-2.806095033884048462e-02,-2.340604178607463837e-02,-1.409622281789779663e-02,-2.645671553909778595e-02,-3.458308288827538490e-03,-3.771265596151351929e-02,-1.311658788472414017e-02,9.165174327790737152e-03,-1.758082956075668335e-02,-4.382058046758174896e-03,-2.961258776485919952e-02,1.195286028087139130e-02,7.843653671443462372e-03,-2.660136111080646515e-02,-2.916550450026988983e-02,6.321603432297706604e-03,2.850803174078464508e-02,3.688423894345760345e-03,2.623317576944828033e-02,-3.422147361561655998e-03,1.529282331466674805e-02,-9.410083293914794922e-04,-1.627903245389461517e-02,-9.461037814617156982e-03,-2.527326531708240509e-02,2.738375449553132057e-03,-4.999425262212753296e-02,1.531912293285131454e-02,1.613438874483108521e-02,-3.685136558488011360e-03,3.027006052434444427e-02,6.364339496940374374e-03,1.230296446010470390e-03,9.099427610635757446e-03,-5.154588725417852402e-03,1.068393699824810028e-02,-1.881687901914119720e-02,-3.195318952202796936e-02,-1.033547706902027130e-02,-1.280757505446672440e-02,1.546376664191484451e-02,-8.566874079406261444e-03,1.064448896795511246e-02,-3.555614501237869263e-02,3.708148002624511719e-02,-8.224988356232643127e-03,4.079620353877544403e-03,-9.960716590285301208e-03,2.927070111036300659e-02,-3.011226654052734375e-02,1.730469055473804474e-02,-1.989513449370861053e-02,6.094775162637233734e-03,-1.897467300295829773e-02,1.787011884152889252e-02,2.207794599235057831e-02,-2.069396432489156723e-03,2.761386893689632416e-02,3.691711230203509331e-03,2.366903051733970642e-02,-9.336117655038833618e-03,-3.571393713355064392e-02,-2.165716327726840973e-02,7.357123773545026779e-03,-1.172931957989931107e-02,2.433965355157852173e-02,9.875245392322540283e-03,-2.314305119216442108e-02,1.946120290085673332e-03,-1.948750205338001251e-02,-8.251287043094635010e-03,-1.644997671246528625e-02,2.276171743869781494e-02,-1.169644575566053391e-02,-1.360969245433807373e-02,-5.698313998436788097e-06,-1.330068055540323257e-02,-1.747563481330871582e-02,1.470109820365905762e-02,-2.330084517598152161e-02,5.044133216142654419e-02,-1.789641752839088440e-02,2.381367422640323639e-02,1.647627539932727814e-02,1.246568933129310608e-02,-2.377422712743282318e-02,2.335344254970550537e-02,1.280100084841251373e-02,-8.152666268870234489e-04,3.718010149896144867e-03,4.602311644703149796e-03,1.700225286185741425e-02,1.671296544373035431e-02,-1.860648766160011292e-02,8.455103263258934021e-03,-3.888953244313597679e-03,-2.892881445586681366e-02,2.729828096926212311e-02,-2.368546789512038231e-03,-6.259143818169832230e-03,-6.896892562508583069e-03,-8.882461115717887878e-03,1.198573410511016846e-02,-1.021055690944194794e-02,-2.397146821022033691e-02,1.089432835578918457e-02,-1.075625978410243988e-02,-4.171666689217090607e-03,-8.757540956139564514e-03,-6.824570242315530777e-03,-3.105902858078479767e-02,3.871201351284980774e-02,4.365621134638786316e-03,-5.021450342610478401e-04,-7.080984767526388168e-03,-3.403080627322196960e-02,-7.094134576618671417e-03,1.485889125615358353e-02,-2.102598920464515686e-02,2.552310377359390259e-02,-1.103239785879850388e-02,-3.609527135267853737e-03,-1.241802237927913666e-03,7.725308649241924286e-03,-9.520210325717926025e-03,-2.869212441146373749e-02,-1.501668523997068405e-02,2.144677191972732544e-02,-3.336675930768251419e-03,-6.929766386747360229e-03,-2.595703676342964172e-02,1.417511980980634689e-02,1.180821657180786133e-02,-5.029669031500816345e-03,-1.862497883848845959e-04,-4.779829178005456924e-03,1.429346483200788498e-02,-1.368858944624662399e-02,2.543105743825435638e-02,3.826493164524435997e-03,-1.660776883363723755e-02,-2.597018703818321228e-02,-7.837078534066677094e-03,-2.265652269124984741e-02,6.942915730178356171e-03,1.111786998808383942e-02,2.293265983462333679e-02,-1.339930109679698944e-02,-2.811354771256446838e-02,1.101267430931329727e-02,-4.888312425464391708e-03,2.661450952291488647e-02,-9.007381158880889416e-04,-7.975148037075996399e-03,-2.572363475337624550e-03,2.577294409275054932e-02,-2.478673495352268219e-02,1.080228295177221298e-02,-6.393925752490758896e-03,9.454462677240371704e-03,-2.587814070284366608e-02,1.762027852237224579e-02,1.120334118604660034e-02,1.850786735303699970e-03,3.688423894345760345e-03,-3.952728211879730225e-02,-2.690379880368709564e-02,7.462319335900247097e-04,1.335327792912721634e-02,1.844211947172880173e-03,9.572807699441909790e-03,-2.597018703818321228e-02,2.769276499748229980e-02,-9.152024984359741211e-03,2.633837051689624786e-02,-1.040122378617525101e-02,-3.826493164524435997e-03,-1.495751203037798405e-03,-2.541790902614593506e-02,-2.920824103057384491e-03,1.027630362659692764e-02,-2.285376377403736115e-02,-4.835714586079120636e-03,-5.065829958766698837e-03,-1.602919399738311768e-02,5.019806791096925735e-03,-2.511547133326530457e-02,4.253850784152746201e-03,7.810779847204685211e-03,1.780437119305133820e-02,-2.589128911495208740e-02,-2.234093472361564636e-02,-9.623761870898306370e-04,-2.085504494607448578e-02,-7.896251976490020752e-03,1.284044887870550156e-02,-1.696280576288700104e-02,-1.129538752138614655e-02,4.002695903182029724e-02,4.845576360821723938e-03,2.029948169365525246e-03,1.787011884152889252e-02,-9.894969873130321503e-03,-4.622035659849643707e-03,9.783199056982994080e-03,-1.091405283659696579e-02,-2.510232105851173401e-02,-3.755486011505126953e-02,4.602311644703149796e-03,1.458275225013494492e-02,6.686501204967498779e-03,2.111803553998470306e-02,5.654268432408571243e-03,1.097980071790516376e-03,-3.681849315762519836e-02,-2.019757218658924103e-02,1.629218272864818573e-02,-1.849143067374825478e-03,1.700225286185741425e-02,4.247276112437248230e-03,1.847499236464500427e-02,3.034895658493041992e-02,8.665494620800018311e-03,1.589769870042800903e-02,-3.558244183659553528e-02,-1.061819028109312057e-02,-1.897467300295829773e-02,-1.374118681997060776e-02,1.096665114164352417e-02,9.309818968176841736e-03,-7.791055832058191299e-03,-1.304426603019237518e-02,-1.514653558842837811e-03,-1.934285834431648254e-02,1.502983458340167999e-02,1.072996016591787338e-02,-1.780108315870165825e-03,-1.963214576244354248e-02,2.718651201575994492e-03,-1.085488032549619675e-02,5.974786472506821156e-04,-6.321603432297706604e-03,-8.060620166361331940e-03,-1.967159472405910492e-02,3.931689076125621796e-03,1.083515584468841553e-02,2.675915323197841644e-02,-2.673285454511642456e-02,1.680501177906990051e-02,1.638422906398773193e-02,-1.128881238400936127e-02,1.768602617084980011e-02,-1.387268211692571640e-02,-8.727955282665789127e-04,2.073669992387294769e-02,-1.943490467965602875e-02,3.245287016034126282e-02,2.401091717183589935e-02,-6.982364226132631302e-03,1.420141849666833878e-02,2.393201924860477448e-03,-4.412959143519401550e-02,-6.163809914141893387e-03,3.250546753406524658e-02,-3.484607115387916565e-02,-1.508243195712566376e-02,6.102172192186117172e-04,-2.465523965656757355e-02,1.851444132626056671e-02,1.253143697977066040e-02,-5.496474914252758026e-03,-2.253817766904830933e-02,1.396472845226526260e-02,8.534000255167484283e-03,6.929766386747360229e-03,-1.618698611855506897e-02,1.644997671246528625e-02,4.357731342315673828e-02,-5.650980863720178604e-03,-1.132826134562492371e-02,4.888312425464391708e-03,3.274215850979089737e-03,1.641052775084972382e-02,-1.512188091874122620e-02,-2.239353209733963013e-02,-1.961899548768997192e-02,6.472822278738021851e-03,2.165551995858550072e-04,4.286724608391523361e-03,-1.652887277305126190e-02,5.588521249592304230e-03,5.213761236518621445e-03,-2.023702114820480347e-02,6.620754022151231766e-03,2.198589891195297241e-01,8.586598560214042664e-03,-1.602590666152536869e-03,3.928401507437229156e-03,2.647972898557782173e-03,-2.901099855080246925e-03,2.382682450115680695e-02,-5.157876294106245041e-03,4.878450185060501099e-03,3.316294029355049133e-02,-3.758116066455841064e-02,-1.663406938314437866e-02,-6.167097482830286026e-03,5.151301622390747070e-03,1.573990471661090851e-02,-3.382041305303573608e-02,-2.436595223844051361e-02,-1.505613327026367188e-02,-2.569404803216457367e-02,-3.900130093097686768e-02,2.589128911495208740e-02,-9.737175889313220978e-03,2.399776689708232880e-02,-1.082200650125741959e-02,3.915909677743911743e-02,-5.588521249592304230e-03,-1.117046736180782318e-02,-5.969855468720197678e-03,1.291277073323726654e-02,-3.833068069070577621e-03,-1.191341225057840347e-02,-2.164401300251483917e-02,-1.790956594049930573e-02,-3.700258582830429077e-02,-1.115074288100004196e-02,2.866582479327917099e-03,7.067835424095392227e-03,1.742303557693958282e-02,4.444518126547336578e-03,1.743618585169315338e-02,2.761386893689632416e-02,-2.151580527424812317e-03,2.539489651098847389e-03,-1.075625978410243988e-02,1.359325600787997246e-03,6.867511547170579433e-05,-4.694357514381408691e-03,8.251287043094635010e-03,1.517324562883004546e-04,1.008563674986362457e-02,-3.045415319502353668e-02,4.947484936565160751e-03,1.840924657881259918e-02,3.362974850460886955e-03,5.529348738491535187e-03,-3.918539267033338547e-03,1.097322534769773483e-02,1.789641752839088440e-02,-1.013823505491018295e-02,-2.904387190937995911e-03,-1.527967397123575211e-02,2.063150517642498016e-02,7.639836985617876053e-03,-6.255856249481439590e-03,-1.345189940184354782e-02,2.135472558438777924e-02,-3.852792084217071533e-02,-1.145975571125745773e-02,2.699235119507648051e-05,6.364339496940374374e-03,1.236706878989934921e-02,-1.138085871934890747e-02,-1.341245044022798538e-02,1.017110794782638550e-02,1.952695101499557495e-02,-2.351123653352260590e-02,-9.401865303516387939e-03,-4.362334031611680984e-03,-1.919821370393037796e-03,1.641052775084972382e-02,-1.680501177906990051e-02,-1.721264421939849854e-02,-3.348181722685694695e-03,1.307713892310857773e-02,-1.534377806819975376e-03,-2.063150517642498016e-02,4.063183441758155823e-02,4.178241360932588577e-03,-3.921169415116310120e-02,1.000016555190086365e-02,3.908677492290735245e-03,-2.608524402603507042e-03,1.947763958014547825e-03,-1.005276292562484741e-02,4.993508104234933853e-03,1.851444132626056671e-02,6.637190468609333038e-03,1.037163776345551014e-03,-1.399102713912725449e-02,-6.732524372637271881e-03,-7.762291352264583111e-04,-2.887621708214282990e-02,6.630615796893835068e-03,-1.582866418175399303e-03,-1.320205908268690109e-02,2.038166485726833344e-02,1.347819808870553970e-02,1.808051019906997681e-02,1.661763177253305912e-03,-2.643041685223579407e-02,-9.375565685331821442e-03,-3.376781567931175232e-02,-1.092720218002796173e-02,-2.215684158727526665e-03,1.621328666806221008e-02,7.120433263480663300e-03,-5.680567119270563126e-03,-1.660776883363723755e-02,-9.362416341900825500e-03,-3.090123459696769714e-02,-4.663949657697230577e-04,-9.033679962158203125e-03,1.111786998808383942e-02,2.547050639986991882e-02,4.069758113473653793e-03,-3.379411622881889343e-02,-2.795575559139251709e-02,4.901461768895387650e-03,5.417577922344207764e-02,-2.583869174122810364e-02,-1.084173098206520081e-02,-3.119052201509475708e-02,8.818357600830495358e-04,4.921185784041881561e-03,2.453689463436603546e-02,2.269596979022026062e-02,2.201219834387302399e-02,-2.906030975282192230e-02,-5.706866271793842316e-03,1.284044887870550156e-02,1.648613717406988144e-03,1.405677385628223419e-02,1.417511980980634689e-02,1.717319712042808533e-02,2.618057839572429657e-02,-2.526011504232883453e-02,2.101283892989158630e-02,-2.472098730504512787e-02,-2.618057839572429657e-02,-2.597018703818321228e-02,-8.323608897626399994e-03,7.606963627040386200e-03,1.802791096270084381e-02,-6.798271555453538895e-03,1.864593662321567535e-02,-1.479314453899860382e-02,-3.192031756043434143e-03,-4.305133596062660217e-02,3.823205828666687012e-03,1.694965548813343048e-02,-3.852792084217071533e-02,1.898782141506671906e-02,1.998718082904815674e-02,-4.789033904671669006e-02,1.144660636782646179e-02,1.446440722793340683e-02,-1.671559512615203857e-01,8.691794238984584808e-03,2.618057839572429657e-02,6.679926533252000809e-03,1.364914048463106155e-02,1.660941285081207752e-03,3.058564662933349609e-02,8.612897247076034546e-03,-1.326780673116445541e-02,1.169644575566053391e-02,1.923766173422336578e-02,-1.713374815881252289e-02,1.387268211692571640e-02,8.744391612708568573e-03,-3.316951682791113853e-03,1.185423973947763443e-02,-5.368267651647329330e-03,-1.178849209100008011e-02,3.282105550169944763e-02,1.894837431609630585e-02,1.480629388242959976e-02,-1.180821657180786133e-02,-1.776492223143577576e-02,-2.034221589565277100e-02,1.589769870042800903e-02,1.897467300295829773e-02,7.087559904903173447e-03,1.459590252488851547e-02,-1.985568786039948463e-03,1.220562808157410473e-05,-2.519436739385128021e-02,2.861322835087776184e-02,2.257762476801872253e-02,-6.002729292958974838e-03,2.448429726064205170e-02,-3.902102587744593620e-03,-1.199230924248695374e-02,-1.905356906354427338e-02,-1.314288657158613205e-02,2.085504494607448578e-02,5.300876800902187824e-04,2.753497287631034851e-02,4.161804448813199997e-03,-2.181495726108551025e-02,-6.719374563544988632e-03,2.514177002012729645e-02,-2.445799764245748520e-03,7.975148037075996399e-03,2.512862160801887512e-02,-3.279475495219230652e-02,-5.874522030353546143e-03,-1.831720024347305298e-02,-2.155196666717529297e-02,-1.146468683145940304e-03,1.160439942032098770e-02,9.914694353938102722e-03,-1.104554720222949982e-02,-2.355068549513816833e-02,-2.472098730504512787e-02,-1.643682643771171570e-02,-1.183451525866985321e-02,-1.298509351909160614e-02,3.977712243795394897e-03,-6.798271555453538895e-03,-1.479314453899860382e-02,8.889036253094673157e-03,-1.274840254336595535e-02,1.560841035097837448e-02,-2.277486771345138550e-02,7.675997912883758545e-04,-2.869212441146373749e-02,-1.476684492081403732e-02,2.785055898129940033e-02,-2.940219640731811523e-02,-5.858085118234157562e-03,1.030917745083570480e-02,-1.879058033227920532e-02,1.833034865558147430e-02,1.829090155661106110e-02,3.331744810566306114e-03,1.925081200897693634e-02,2.916550450026988983e-02,-1.655517145991325378e-02,5.637831636704504490e-04,3.187429532408714294e-02,1.329739228822290897e-03,-9.106001816689968109e-04,3.711435478180646896e-03,-7.574089802801609039e-03,-4.585874732583761215e-03,-8.317034691572189331e-03,4.332747310400009155e-03,-6.381598068401217461e-04,-4.121041297912597656e-02,2.310360409319400787e-02,1.055244263261556625e-02,9.812786011025309563e-04,5.489900242537260056e-03,-2.887950511649250984e-03,-2.009237743914127350e-02,-1.707786344923079014e-03,-1.890892535448074341e-02,-3.092753328382968903e-02,1.960584707558155060e-02,9.500485844910144806e-03,1.546705374494194984e-03,3.351469058543443680e-03,2.727198228240013123e-02,4.086852446198463440e-02,2.431006636470556259e-03,3.178882179781794548e-03,1.003303937613964081e-02,1.162412390112876892e-02,2.067095413804054260e-02,9.553084149956703186e-03,1.931655965745449066e-02,-8.415655232965946198e-03,-2.252502739429473877e-02,-9.868671186268329620e-03,4.293299280107021332e-03,2.590443938970565796e-02,-1.584510086104273796e-03,1.293578301556408405e-03,1.047354564070701599e-02,-2.251187711954116821e-02,-9.770049713551998138e-03,-1.307582408189773560e-01,-3.321553766727447510e-02,5.417577922344207764e-03,1.281250617466866970e-03,1.177698606625199318e-03,1.914561539888381958e-02,-2.965203486382961273e-03,2.042111381888389587e-02,-1.591084897518157959e-02,1.088117901235818863e-02,1.042752247303724289e-02,-1.559526100754737854e-02,-1.063791383057832718e-02,8.008021861314773560e-03,2.458949340507388115e-03,-1.927711069583892822e-02,4.608886316418647766e-03,-2.143362164497375488e-02,-1.614753901958465576e-02,2.735088020563125610e-02,-2.260063629364594817e-04,6.910041905939579010e-03,1.272210385650396347e-02,-1.871168427169322968e-02,2.168346196413040161e-02,9.046829305589199066e-03,-8.126366883516311646e-03,1.516132894903421402e-02,2.002662979066371918e-02,8.520850911736488342e-03,-1.480629388242959976e-02,-8.889036253094673157e-03,-7.733526872470974922e-04,6.591167300939559937e-03,-1.120334118604660034e-02,-3.332073614001274109e-02,-4.100001975893974304e-02,-1.430003903806209564e-03,1.654202304780483246e-02,-2.774536423385143280e-02,-1.166357193142175674e-02,3.632538719102740288e-03,-1.420963671989738941e-03,-1.542431861162185669e-02,1.524022594094276428e-02,-1.013823505491018295e-02,-1.516132894903421402e-02,2.320879884064197540e-02,-1.668337965384125710e-03,-1.279606949537992477e-03,-1.232104562222957611e-02,-6.298591848462820053e-03,-1.925081200897693634e-02,-3.441871609538793564e-03,2.695639617741107941e-02,-1.735728979110717773e-02,2.074985019862651825e-02,1.103897299617528915e-02,3.203537547960877419e-03,1.939545571804046631e-02,-1.859333924949169159e-02,5.023094359785318375e-03,5.131577141582965851e-03,6.758823059499263763e-03,-4.717369098216295242e-03,1.642367802560329437e-02,-7.547790650278329849e-03,6.601029541343450546e-03,2.157826535403728485e-02,-6.587880197912454605e-03,1.518351928098127246e-04,1.880372990854084492e-03,-2.742977626621723175e-02,3.663440048694610596e-02,-8.750966750085353851e-03,1.940860413014888763e-02,-2.469468861818313599e-02,3.102451155427843332e-04,2.107858657836914062e-02,-4.021105170249938965e-02,-1.691020652651786804e-02,-3.247917070984840393e-02,2.681175246834754944e-02,-1.501668523997068405e-02,4.118411242961883545e-02,6.479396950453519821e-03,1.726524345576763153e-02,-1.186081394553184509e-02,2.118378318846225739e-02,-2.285376377403736115e-02,1.606864109635353088e-02,1.278785150498151779e-02,3.229507803916931152e-02,-2.347178943455219269e-02,-1.501668523997068405e-02,1.009221188724040985e-02,-1.538486965000629425e-02,-8.949852199293673038e-04,-8.796989917755126953e-03,-1.885632798075675964e-02,-1.328095607459545135e-02,1.149756019003689289e-03,-4.618090763688087463e-02,2.412926219403743744e-02,-7.317675277590751648e-03,-1.055244263261556625e-02,1.326451892964541912e-03,-2.225546399131417274e-03,-3.533917712047696114e-03,-2.810697304084897041e-03,-2.276171743869781494e-02,-4.602311644703149796e-03,-2.259077504277229309e-02,2.165716327726840973e-02,-6.236132234334945679e-03,5.555647425353527069e-03,-1.539801899343729019e-02,-7.396572269499301910e-03,1.179506722837686539e-02,1.028287876397371292e-02,3.339963266626000404e-03,7.291376125067472458e-03,2.570719690993428230e-03,4.871875513345003128e-03,-1.642367802560329437e-02,-6.538569461554288864e-03,-5.703578703105449677e-03,2.465523965656757355e-02,4.842289257794618607e-03,-1.145646790973842144e-03,-5.370732978917658329e-04,-1.351929036900401115e-03,1.095350179821252823e-02,-3.760745981708168983e-03,2.218314073979854584e-02,1.747563481330871582e-02,1.936915703117847443e-02,-4.044774174690246582e-02,-2.574007026851177216e-03,1.764657720923423767e-02,2.142047323286533356e-02,5.485955253243446350e-02,-7.514917291700839996e-03,-1.275497768074274063e-02,-1.274675945751368999e-03,-1.238679233938455582e-02,-2.385312318801879883e-02,3.504331456497311592e-03,6.525420118123292923e-03,1.984253711998462677e-02,3.931688889861106873e-02,-2.273213118314743042e-03,1.892207562923431396e-02,2.491823025047779083e-02,4.135916533414274454e-04,-5.585233680903911591e-03,-4.520127549767494202e-03,-1.493778824806213379e-02,1.291934633627533913e-03,-1.585824973881244659e-02,1.203833147883415222e-02,-4.291984066367149353e-02,2.895511314272880554e-02,6.232844665646553040e-03,-7.633262313902378082e-03,-8.566874079406261444e-03,9.263795800507068634e-03,6.910041905939579010e-03,-1.333355344831943512e-02,-1.333848456852138042e-03,1.001989003270864487e-02,-3.471457865089178085e-03,-1.138085871934890747e-02,-8.027746342122554779e-03,5.953418556600809097e-03,-4.322885535657405853e-03,1.107842079363763332e-03,-1.659462042152881622e-02,-6.242706906050443649e-03,9.592532180249691010e-03,-1.609494164586067200e-02,1.263005752116441727e-02,8.093493059277534485e-03,3.543779952451586723e-03,-8.573449216783046722e-03,1.672611571848392487e-02,1.001331489533185959e-02,8.915334939956665039e-03,-2.902743639424443245e-03,5.854797549545764923e-03,8.816713467240333557e-03,-7.462319452315568924e-03,-4.158517345786094666e-03,2.553625404834747314e-02,2.858692966401576996e-02,-2.829764038324356079e-02,2.735087880864739418e-03,1.709429919719696045e-02,-6.561581045389175415e-03,2.122323028743267059e-02,1.767287589609622955e-02,2.612797915935516357e-02,5.098703783005475998e-03,-3.331744810566306114e-03,-8.422230370342731476e-03,-1.437236089259386063e-02,2.043097512796521187e-03,1.408636104315519333e-03,-1.938230544328689575e-02,-3.676589578390121460e-02,-2.858692966401576996e-02,2.092079259455204010e-02,3.132859244942665100e-03,-5.943556781858205795e-03,4.155229777097702026e-02,6.693075876682996750e-03,3.192031756043434143e-03,-4.204540513455867767e-03,1.618698611855506897e-02,1.107842102646827698e-02,-1.771232485771179199e-02,3.300514817237854004e-02,1.538486965000629425e-02,1.784381829202175140e-02,2.288006246089935303e-03,-3.481319872662425041e-03,3.592433035373687744e-02,3.865941660478711128e-03,-1.079570781439542770e-02,-1.065763831138610840e-02,1.062476448714733124e-02,6.453098263591527939e-03,8.119792328216135502e-04,5.946843884885311127e-03,-1.727839186787605286e-02,-6.111212074756622314e-03,-1.026972942054271698e-02,1.522707659751176834e-02,-3.371521830558776855e-02,1.823830232024192810e-02,-1.324150804430246353e-02,3.145351260900497437e-02,-6.377488840371370316e-03,-9.855520911514759064e-03,1.848814263939857483e-02,3.326813876628875732e-02,4.273574799299240112e-02,-1.868867198936641216e-03,1.018425822257995605e-02,3.648975631222128868e-03,-2.076300047338008881e-02,4.047404229640960693e-02,4.691070411354303360e-03,5.887671373784542084e-03,-4.096057265996932983e-03,-2.543105743825435638e-02,8.178965188562870026e-03,1.050641946494579315e-02,1.654202304780483246e-02,-1.990828476846218109e-02,2.534558763727545738e-03,3.126941993832588196e-02,1.138085871934890747e-02,-3.392561106011271477e-03,5.588521016761660576e-04,-2.987557649612426758e-02,8.224988356232643127e-03,1.113759353756904602e-02,-1.061161514371633530e-02,1.111129531636834145e-03,-2.043426223099231720e-02,5.420865491032600403e-03,2.869212441146373749e-02,-6.019165739417076111e-03,-2.677230350673198700e-02,1.322178356349468231e-02,-1.426716521382331848e-02,-1.593714766204357147e-02,1.529282331466674805e-02,1.063133962452411652e-02,-1.940860413014888763e-02,-1.981623843312263489e-02,1.122306566685438156e-02,-2.315620146691799164e-02,-7.889676839113235474e-03,1.046697143465280533e-02,1.244596485048532486e-02,9.710877202451229095e-03,4.368908703327178955e-03,-1.388583146035671234e-02
-8.208518847823143005e-03,-9.535484947264194489e-03,-8.735304698348045349e-03,3.604146419093012810e-03,1.997117185965180397e-03,2.512566931545734406e-02,-2.592584863305091858e-02,-1.026898343116044998e-02,-3.287408500909805298e-03,-9.408789686858654022e-03,1.672377251088619232e-02,1.956441439688205719e-02,-3.182384651154279709e-03,-1.781735382974147797e-02,-2.048795577138662338e-03,1.736391708254814148e-02,2.399208024144172668e-02,7.635056041181087494e-03,1.368308719247579575e-02,6.254744715988636017e-03,-1.913765072822570801e-02,2.229836396872997284e-02,1.568353921175003052e-02,-1.964443176984786987e-02,-7.088265847414731979e-03,-1.062739756889641285e-03,-1.419486943632364273e-03,-3.070692764595150948e-03,-1.109583675861358643e-02,-1.275621168315410614e-02,3.957559820264577866e-03,-8.908676914870738983e-03,-1.759063638746738434e-02,-4.380988422781229019e-03,-3.758181259036064148e-02,-1.116918679326772690e-02,2.837306819856166840e-03,-4.734401591122150421e-03,1.584357395768165588e-02,1.827078871428966522e-03,-7.821764796972274780e-03,-8.161841891705989838e-03,8.568599820137023926e-03,3.147376701235771179e-02,-1.968444138765335083e-02,-5.671279504895210266e-03,1.243613939732313156e-02,-4.654383286833763123e-03,-7.981800474226474762e-03,2.181825600564479828e-02,-5.227846093475818634e-03,-8.501918055117130280e-03,-1.597693748772144318e-02,2.140482887625694275e-02,-1.434990391135215759e-02,1.668376475572586060e-02,1.091912999982014298e-04,4.957785364240407944e-03,1.326299272477626801e-02,-4.934446886181831360e-03,9.202076122164726257e-03,1.015562471002340317e-02,3.284074366092681885e-03,-6.058033555746078491e-03,2.055463846772909164e-03,1.768732443451881409e-03,-1.298959739506244659e-02,-8.668622933328151703e-03,-2.019122242927551270e-02,-1.809741742908954620e-02,7.348324637860059738e-03,2.689940296113491058e-02,-6.941566243767738342e-03,-9.388784877955913544e-03,1.969777792692184448e-02,-2.513900585472583771e-02,-1.933769695460796356e-02,-7.781755644828081131e-03,-1.981780491769313812e-02,-1.420320477336645126e-02,-1.048903353512287140e-02,-1.900428719818592072e-02,-3.027349710464477539e-03,2.501897886395454407e-02,7.789257215335965157e-04,-1.757729984819889069e-02,1.523010339587926865e-02,1.715053617954254150e-02,2.260510111227631569e-03,-7.615051697939634323e-03,1.673710905015468597e-02,3.363425657153129578e-02,3.614148823544383049e-03,1.528344862163066864e-02,-1.388313248753547668e-02,6.841543596237897873e-03,-7.568374276161193848e-03,2.223168313503265381e-02,-1.182933524250984192e-02,-2.628593146800994873e-02,-9.355444461107254028e-03,1.248948462307453156e-02,-8.221855387091636658e-03,-1.308628590777516365e-03,-5.185169726610183716e-02,-1.559018436819314957e-02,1.336134853772819042e-03,-1.231611240655183792e-02,1.989782229065895081e-02,-4.310305789113044739e-02,-6.364769302308559418e-03,3.008678741753101349e-02,-4.433291906025260687e-05,-3.192720189690589905e-02,-3.237397177144885063e-03,-1.004226598888635635e-02,2.959000878036022186e-03,-1.074909232556819916e-02,-8.339381311088800430e-04,-2.643262967467308044e-02,4.070918541401624680e-03,4.941114690154790878e-03,1.317630615085363388e-02,-2.639262191951274872e-02,-8.101828396320343018e-03,-2.208498306572437286e-02,-2.925993502140045166e-02,-3.602896176744252443e-04,-8.551929495297372341e-04,-1.596360094845294952e-02,3.920884802937507629e-02,5.471234675496816635e-03,2.309854514896869659e-02,-3.344504511915147305e-04,-7.539201178587973118e-04,2.141816541552543640e-02,3.387430915609002113e-03,2.963168662972748280e-04,-1.428322307765483856e-02,-1.649705506861209869e-02,6.621493957936763763e-03,1.997784152626991272e-02,-3.207390429452061653e-03,3.917550668120384216e-03,-4.080920945852994919e-03,2.285849116742610931e-02,1.400315947830677032e-02,3.008678741753101349e-02,-7.701737806200981140e-03,-4.124263767153024673e-03,2.861979044973850250e-02,-1.927101425826549530e-02,3.230062127113342285e-02,-1.048903353512287140e-02,-7.464184309355914593e-04,9.762202389538288116e-03,-2.933995239436626434e-02,1.181599963456392288e-02,4.477676935493946075e-03,-1.070241443812847137e-02,2.577915042638778687e-02,1.465664058923721313e-02,1.511007547378540039e-02,2.693941071629524231e-02,1.601694710552692413e-02,4.000902548432350159e-02,1.106916461139917374e-02,-6.238074041903018951e-03,-2.964002080261707306e-03,-1.125587336719036102e-02,8.148505352437496185e-03,3.997568506747484207e-03,-5.341205280274152756e-03,2.271179109811782837e-02,5.307864397764205933e-03,1.045569218695163727e-02,1.939104124903678894e-02,2.524569630622863770e-02,-2.421879768371582031e-02,8.801985532045364380e-03,-3.166047856211662292e-02,-3.637487301602959633e-03,3.096698783338069916e-02,3.088696859776973724e-02,-3.030017018318176270e-02,-2.096473053097724915e-02,2.165821939706802368e-02,-1.010894775390625000e-02,3.964227624237537384e-03,5.491239018738269806e-03,-4.471008665859699249e-03,1.047569699585437775e-02,-1.366975065320730209e-02,-1.228943932801485062e-02,-6.597755551338195801e-01,-6.118047051131725311e-03,-6.378105841577053070e-03,-1.867087930440902710e-02,1.592359319329261780e-02,8.821990340948104858e-03,9.742198511958122253e-03,8.295204490423202515e-03,8.101827697828412056e-04,9.175403974950313568e-03,-2.330525778234004974e-03,2.199162915349006653e-02,2.504565007984638214e-02,-2.651264891028404236e-02,4.677722230553627014e-03,-1.845749840140342712e-02,-1.812075497582554817e-03,-1.671043783426284790e-02,-8.728636428713798523e-03,5.431225523352622986e-03,-1.310962438583374023e-02,1.130921859294176102e-02,8.795318193733692169e-03,3.750846255570650101e-03,8.088491857051849365e-03,-1.158928126096725464e-02,5.701286252588033676e-03,6.471460219472646713e-03,-1.060906052589416504e-02,9.728861972689628601e-03,-3.227394819259643555e-02,2.571246773004531860e-02,-9.175403974950313568e-03,1.617698371410369873e-02,3.294076398015022278e-02,-4.256960377097129822e-02,-2.251174673438072205e-02,1.551016606390476227e-02,8.361886255443096161e-03,4.577032849192619324e-02,1.040338902384974062e-04,-6.131383590400218964e-03,1.607029326260089874e-02,6.518137175589799881e-03,-1.071074977517127991e-03,7.339155999943614006e-04,1.192269008606672287e-02,3.147376701235771179e-03,8.568599820137023926e-03,-7.888446561992168427e-03,-4.507683683186769485e-03,-1.061906223185360432e-03,7.001579739153385162e-03,1.462996751070022583e-02,-1.115585025399923325e-02,1.323631964623928070e-02,2.005785889923572540e-02,-8.428568020462989807e-03,-1.847083494067192078e-02,1.897761598229408264e-02,8.015141822397708893e-03,1.759063638746738434e-02,-3.038018755614757538e-02,-1.384312380105257034e-02,-2.824637293815612793e-02,9.268758003599941730e-04,-1.567020267248153687e-02,6.511469371616840363e-03,2.893986366689205170e-02,-7.755083031952381134e-03,2.232503704726696014e-02,1.245614420622587204e-02,2.216500043869018555e-02,-2.370534930378198624e-03,-3.240314545109868050e-04,1.542848069220781326e-03,1.341636013239622116e-02,-1.977779529988765717e-02,1.208272576332092285e-02,2.142149955034255981e-03,-1.077743130736052990e-03,2.428881358355283737e-03,-4.603705555200576782e-02,-1.320297946222126484e-03,5.534582305699586868e-03,-1.497671287506818771e-02,-3.019347973167896271e-02,-3.854203037917613983e-03,1.344303321093320847e-02,-3.255734685808420181e-03,2.583916299045085907e-03,2.771291881799697876e-02,1.863086968660354614e-02,-5.231180228292942047e-03,1.436324045062065125e-02,2.979338914155960083e-02,-7.501692511141300201e-03,1.038234215229749680e-02,3.051355108618736267e-02,-2.289849892258644104e-02,4.337645135819911957e-03,-2.953999908640980721e-03,1.407817588187754154e-03,-6.198064889758825302e-03,2.075134776532649994e-02,6.204733159393072128e-03,-2.901988103985786438e-02,4.130932036787271500e-03,1.480333972722291946e-02,-2.920658886432647705e-02,2.811050799209624529e-04,1.071075021172873676e-04,-8.021810092031955719e-03,9.782207198441028595e-03,-5.087814759463071823e-03,-2.792630158364772797e-02,5.194505210965871811e-03,4.577699583023786545e-03,-1.018229778856039047e-02,7.481688167899847031e-03,1.300960220396518707e-02,-8.126833563437685370e-05,3.820862155407667160e-03,-2.048462256789207458e-02,1.751061715185642242e-02,4.542358219623565674e-02,-1.174264959990978241e-02,-3.088696859776973724e-02,-4.317640792578458786e-03,1.173598133027553558e-02,-1.330966968089342117e-02,1.841748878359794617e-02,2.248507365584373474e-02,-1.656373776495456696e-02,1.160928606986999512e-02,-3.275739029049873352e-03,1.569687575101852417e-02,2.023790031671524048e-03,3.251400217413902283e-02,-7.288311142474412918e-03,-1.508340332657098770e-02,1.695049181580543518e-02,1.262784935534000397e-03,-2.296518161892890930e-02,1.408317778259515762e-02,-2.571246773004531860e-02,-2.135148458182811737e-02,-4.971121437847614288e-03,-5.419889464974403381e-02,1.258950680494308472e-02,-2.217166824266314507e-03,-3.566138073801994324e-02,-9.722193703055381775e-03,-2.169822901487350464e-02,7.595046889036893845e-03,7.848437875509262085e-03,1.203604857437312603e-03,-4.837758373469114304e-03,9.008699096739292145e-03,-2.049795910716056824e-02,5.814645439386367798e-03,1.168930437415838242e-02,-1.636369153857231140e-02,-1.603028364479541779e-02,-3.473700489848852158e-04,-1.014228817075490952e-02,4.537690430879592896e-03,1.012895163148641586e-02,1.080910582095384598e-02,-2.657932974398136139e-02,-4.224286414682865143e-03,4.847760312259197235e-03,5.661277100443840027e-03,2.455220557749271393e-02,-5.337871145457029343e-03,-1.060239225625991821e-02,-2.305853553116321564e-02,-7.928455248475074768e-03,-8.561931550502777100e-03,2.465889789164066315e-02,1.853751577436923981e-02,1.423654495738446712e-03,4.692725487984716892e-04,-5.357875488698482513e-03,1.141590904444456100e-02,1.488335803151130676e-02,-1.788403466343879700e-02,-2.948998706415295601e-03,-1.680379174649715424e-02,1.711052656173706055e-02,8.421899750828742981e-03,1.989782229065895081e-02,2.789962850511074066e-02,-3.642488445620983839e-04,1.588358357548713684e-02,1.041068229824304581e-03,1.999117806553840637e-02,4.651049617677927017e-03,6.461457815021276474e-03,3.280740231275558472e-02,1.250948943197727203e-02,-1.377644203603267670e-02,1.841748878359794617e-02,-1.027731923386454582e-03,1.316296961158514023e-02,-3.323416411876678467e-02,-6.518137175589799881e-03,-1.426988653838634491e-02,3.424105932936072350e-03,9.022035636007785797e-03,9.975584223866462708e-03,-5.878659710288047791e-02,5.287859588861465454e-03,-2.116477489471435547e-02,1.608362793922424316e-02,1.140257250517606735e-02,-1.489669457077980042e-02,5.531248170882463455e-03,1.885425415821373463e-03,-3.205723362043499947e-03,1.268952991813421249e-02,5.751297809183597565e-03,1.340302359312772751e-02,-6.478128489106893539e-03,-1.912431418895721436e-02,2.721947431564331055e-02,2.341861650347709656e-02,-6.394776050001382828e-03,1.747060939669609070e-02,-2.538906177505850792e-03,1.255616638809442520e-02,1.030232477933168411e-02,-2.000451274216175079e-02,2.781960926949977875e-02,2.167155593633651733e-02,-7.675065193325281143e-03,-3.837532596662640572e-03,-2.092472091317176819e-02,2.227169228717684746e-03,-1.553683914244174957e-02,1.174931786954402924e-02,9.155399166047573090e-03,4.072919115424156189e-02,-3.979564458131790161e-02,1.320297922939062119e-02,2.428547851741313934e-02,6.868216209113597870e-03,2.072467654943466187e-02,-2.363199926912784576e-02,-2.695608185604214668e-03,1.218274887651205063e-02,1.462996751070022583e-02,-2.553909644484519958e-02,5.467900540679693222e-03,3.657491877675056458e-03,1.093996834242716432e-04,6.158056203275918961e-03,1.591025665402412415e-02,-3.990900237113237381e-03,2.389872632920742035e-02,-1.122253201901912689e-02,-3.012346336618065834e-03,4.481011070311069489e-03,1.000892464071512222e-02,1.452327705919742584e-02,-1.334967836737632751e-02,-6.234739907085895538e-03,-1.649705506861209869e-02,-2.032458595931529999e-02,-1.660374552011489868e-02,-7.408338133245706558e-03,-2.011120505630970001e-02,2.479225955903530121e-02,2.827304648235440254e-03,1.737725362181663513e-02,1.256950292736291885e-02,-1.187601312994956970e-02,1.977779529988765717e-02,1.144924946129322052e-02,2.721947431564331055e-02,-4.617041721940040588e-02,-1.697716303169727325e-02,1.319631095975637436e-02,-6.751523469574749470e-04,1.072241924703121185e-02,-4.904439672827720642e-03,-3.163380548357963562e-02,1.081577409058809280e-02,-1.613697409629821777e-02,-9.462134912610054016e-03,-7.128274999558925629e-03,-8.948685601353645325e-03,-1.386979594826698303e-03,-1.843082532286643982e-02,-9.022035636007785797e-03,-2.065799385309219360e-02,4.787746816873550415e-02,-1.739059016108512878e-02,2.579248696565628052e-02,9.422126226127147675e-03,-2.127146534621715546e-02,-4.981123842298984528e-03,-6.794866640120744705e-03,-1.381645072251558304e-02,5.782638117671012878e-02,7.074929773807525635e-03,7.061593234539031982e-03,-1.033566519618034363e-02,2.763957018032670021e-03,-1.046902872622013092e-02,-2.110476139932870865e-03,-1.579022966325283051e-02,6.084706401452422142e-04,-5.687950178980827332e-03,-1.068907883018255234e-02,1.733724493533372879e-03,-1.696382835507392883e-02,-5.154496524482965469e-03,3.571472316980361938e-02,-2.008453197777271271e-02,-9.795543737709522247e-03,-3.934220969676971436e-02,5.901331314817070961e-04,2.201830036938190460e-02,9.612835198640823364e-02,2.340527996420860291e-02,3.090280515607446432e-04,1.529678422957658768e-02,1.409651432186365128e-02,1.880424283444881439e-02,-7.001579739153385162e-03,-2.256509102880954742e-02,6.564814597368240356e-03,-8.268532343208789825e-03,-2.644346677698194981e-04,-1.073575578629970551e-02,2.255175448954105377e-02,-2.564578689634799957e-02,2.272512763738632202e-02,5.114487372338771820e-03,-5.507909227162599564e-03,-1.860419753938913345e-03,-1.010227948427200317e-02,3.200722159817814827e-03,-5.781304556876420975e-03,-5.021966644562780857e-04,1.177599001675844193e-02,1.815076172351837158e-02,-4.084254906047135592e-04,-1.216274406760931015e-02,-8.268532110378146172e-04,3.480785340070724487e-02,2.811300940811634064e-02,-1.405650470405817032e-02,1.964443176984786987e-02,-6.588153075426816940e-03,2.277847193181514740e-02,4.644381348043680191e-03,8.728636428713798523e-03,1.225609891116619110e-02,8.488581515848636627e-03,-2.840640954673290253e-03,1.636369153857231140e-02,-1.568353921175003052e-02,2.320523560047149658e-02,1.446993183344602585e-02,1.693715527653694153e-02,-1.576355658471584320e-02,8.435236290097236633e-03,1.274287514388561249e-02,-1.083577796816825867e-02,2.061798609793186188e-02,-4.619709029793739319e-02,-1.560352090746164322e-02,2.573914080858230591e-02,-5.644606892019510269e-03,-1.916432380676269531e-02,-1.762064290232956409e-03,1.937103690579533577e-03,7.088265847414731979e-03,2.056463994085788727e-02,-7.321652024984359741e-03,-1.330300141125917435e-02,6.778195966035127640e-03,-3.288742154836654663e-02,-2.277847193181514740e-02,7.268306799232959747e-03,-1.072908751666545868e-02,-1.972445100545883179e-02,-1.844416186213493347e-02,-3.043353371322154999e-02,2.177824638783931732e-02,-2.128480188548564911e-02,7.681732997298240662e-03,-2.958000823855400085e-02,-1.218941714614629745e-02,-1.503005810081958771e-02,-7.054924964904785156e-03,1.987114921212196350e-02,4.427665844559669495e-02,-1.785736158490180969e-02,-8.201850578188896179e-03,3.657491877675056458e-03,-3.982148482464253902e-04,-1.309628784656524658e-02,-9.635507129132747650e-03,1.064240094274282455e-02,-6.791532505303621292e-03,-1.299626566469669342e-02,-8.695295080542564392e-03,2.337194047868251801e-03,2.658933168277144432e-03,-6.418114528059959412e-03,-1.312796142883598804e-03,-1.602028147317469120e-03,3.810859750956296921e-03,2.012453973293304443e-02,-4.016906395554542542e-02,-8.768645115196704865e-03,2.633927622810006142e-03,-1.649705506861209869e-02,-1.476333104074001312e-02,3.500789869576692581e-03,-8.675290271639823914e-03,1.485668495297431946e-02,-1.099581457674503326e-02,-1.818743650801479816e-03,-6.704845931380987167e-03,1.479000411927700043e-02,-1.089579146355390549e-02,-7.410005200654268265e-04,7.748414762318134308e-03,-2.227585937362164259e-04,-3.082362236455082893e-03,3.320749150589108467e-03,-2.721947431564331055e-02,-3.354090033099055290e-03,-3.964227624237537384e-03,3.011095977853983641e-04,2.713945694267749786e-02,7.501692511141300201e-03,1.649705506861209869e-02,1.436324045062065125e-02,1.727056317031383514e-02,7.508360780775547028e-03,-7.088265847414731979e-03,3.032684326171875000e-02,-1.895094290375709534e-02,-2.411210723221302032e-02,1.932436041533946991e-02,-5.092815845273435116e-04,-3.195387497544288635e-02,8.641949854791164398e-03,7.995137013494968414e-03,5.214510019868612289e-03,2.968669869005680084e-02,-1.035233610309660435e-03,-1.113584544509649277e-02,-1.836414262652397156e-02,-2.425880730152130127e-02,-2.253841841593384743e-03,1.492003328166902065e-03,-1.149592734873294830e-02,1.035567000508308411e-02,-6.801534444093704224e-03,-2.093805745244026184e-02,-1.633701846003532410e-02,-2.303186245262622833e-02,-1.995450118556618690e-03,-2.979338914155960083e-02,-4.214284010231494904e-03,-3.179384022951126099e-02,-1.793738082051277161e-02,1.600361056625843048e-02,-1.051570568233728409e-02,-2.199162915349006653e-02,-3.414103761315345764e-02,1.802073209546506405e-03,1.589692011475563049e-02,-1.847083494067192078e-02,-2.137815766036510468e-02,8.168509230017662048e-03,4.307638481259346008e-02,6.078037898987531662e-03,2.803299203515052795e-02,-1.054404536262154579e-03,1.473665796220302582e-02,-4.731067456305027008e-03,-7.755083031952381134e-03,-3.610814688727259636e-03,-2.359198965132236481e-02,-5.871324799954891205e-03,-4.758406803011894226e-02,1.624366454780101776e-02,1.517675723880529404e-02,-1.295625697821378708e-02,3.584808856248855591e-02,1.130255032330751419e-02,7.575042545795440674e-03,-1.047736383043229580e-03,1.231111120432615280e-03,-5.381213966757059097e-03,-2.195161953568458557e-02,-3.075360506772994995e-02,-1.466997619718313217e-02,-1.380311418324708939e-02,1.687047258019447327e-02,-2.296518161892890930e-02,1.046069315634667873e-03,-3.723506629467010498e-02,3.488787263631820679e-02,-2.109809406101703644e-02,-7.141611538827419281e-03,-4.624376539140939713e-03,3.336752951145172119e-02,-2.248507365584373474e-02,5.907999817281961441e-03,-2.031124942004680634e-02,2.770625054836273193e-03,-3.336752951145172119e-02,2.079135738313198090e-02,1.144258212298154831e-02,-4.524354357272386551e-03,1.359640061855316162e-02,4.701060708612203598e-03,1.016229297965764999e-02,-1.076909620314836502e-02,-3.272738307714462280e-02,-1.324965618550777435e-02,7.288311142474412918e-03,-1.402983255684375763e-02,2.021789550781250000e-02,-1.049570180475711823e-02,-2.311188168823719025e-02,-3.217392601072788239e-03,-2.584583126008510590e-02,1.256950316019356251e-03,-2.552575990557670593e-02,3.467449173331260681e-02,1.404483569785952568e-03,-2.903988584876060486e-03,1.205605361610651016e-02,-1.891093328595161438e-02,-3.369093406945466995e-03,1.807074435055255890e-02,-2.853977307677268982e-02,4.926444962620735168e-02,-2.689940296113491058e-02,4.864430986344814301e-03,1.863086968660354614e-02,1.268952991813421249e-02,-1.354305539280176163e-02,3.072693198919296265e-02,-3.964227624237537384e-03,3.035684814676642418e-03,1.521676685661077499e-02,1.964443176984786987e-02,1.660374552011489868e-02,8.548595011234283447e-03,-7.328320294618606567e-03,1.956441439688205719e-02,-2.293850993737578392e-03,-3.939555585384368896e-02,3.547466918826103210e-02,-5.544584244489669800e-03,-9.208744391798973083e-03,-8.455241098999977112e-03,-1.230944413691759109e-02,2.304519899189472198e-02,-5.311198532581329346e-03,-1.613697409629821777e-02,1.474999450147151947e-02,5.341205280274152756e-03,-1.248948462307453156e-02,-2.883317135274410248e-02,-9.348776191473007202e-03,-1.357639674097299576e-02,2.093805745244026184e-02,-9.748865850269794464e-03,4.754405934363603592e-03,-8.948685601353645325e-03,-2.084470354020595551e-02,-9.922238998115062714e-03,2.184492908418178558e-02,-3.456779941916465759e-02,1.848416961729526520e-02,-8.955353870987892151e-03,-8.741972036659717560e-03,6.761525757610797882e-03,7.368328981101512909e-03,-7.448347285389900208e-03,-2.609922178089618683e-02,-3.259402140974998474e-02,2.613923139870166779e-02,-3.727507777512073517e-03,-1.232278067618608475e-02,-2.420546114444732666e-02,3.152711316943168640e-02,1.320297922939062119e-02,-5.867990548722445965e-04,2.242172602564096451e-03,-1.777067664079368114e-03,-2.052129711955785751e-03,-1.079576928168535233e-02,1.989782229065895081e-02,-1.417653169482946396e-02,-1.134255900979042053e-02,-1.984447799623012543e-02,-6.391441915184259415e-03,-2.409877069294452667e-02,5.764633882790803909e-03,8.288537152111530304e-03,2.245840057730674744e-02,-2.161821164190769196e-02,-2.563245035707950592e-02,4.354315809905529022e-03,-2.989007625728845596e-03,1.230277586728334427e-02,-8.721968159079551697e-03,-2.081803046166896820e-02,-5.824647378176450729e-03,3.688832372426986694e-02,-3.182051330804824829e-02,2.105808444321155548e-02,-3.200722113251686096e-02,-4.150936380028724670e-03,-2.209831960499286652e-02,1.689714565873146057e-02,9.888897649943828583e-03,5.961345043033361435e-03,5.441227462142705917e-03,-3.192720189690589905e-02,-2.532571367919445038e-02,2.089804783463478088e-02,1.739059016108512878e-02,-8.568599820137023926e-03,1.864420622587203979e-02,-2.925993502140045166e-02,3.544799610972404480e-02,-9.535484947264194489e-03,2.453886903822422028e-02,-1.481667626649141312e-02,-1.771066337823867798e-02,-4.927778616547584534e-03,-2.353864349424839020e-02,-4.531022161245346069e-03,2.213832922279834747e-02,-1.667042821645736694e-02,-1.314296573400497437e-02,5.405386327765882015e-04,-1.054904703050851822e-02,-6.184728816151618958e-03,-4.243624210357666016e-02,1.725389272905886173e-03,-4.747737664729356766e-03,2.420546114444732666e-02,-2.803299203515052795e-02,-2.029791288077831268e-02,-1.069574616849422455e-02,-5.561254918575286865e-03,-1.078910101205110550e-02,-9.852222865447402000e-04,-9.322103112936019897e-03,-3.697501029819250107e-03,1.861753314733505249e-02,8.962022140622138977e-03,-3.697501029819250107e-03,2.995675895363092422e-03,-1.555017475038766861e-02,-1.266952510923147202e-02,3.827947075478732586e-04,-1.680379174649715424e-02,-1.893760636448860168e-02,-3.558136150240898132e-02,-1.291958149522542953e-03,1.417653169482946396e-02,1.735808327794075012e-04,1.314963400363922119e-02,1.759063638746738434e-02,-4.217618145048618317e-03,-4.673054441809654236e-02,-2.043127641081809998e-02,4.721065051853656769e-03,-1.932102604769170284e-03,1.101581845432519913e-02,2.930661197751760483e-03,3.000677004456520081e-02,1.537680253386497498e-02,-1.178932655602693558e-02,6.304755806922912598e-03,-3.328751027584075928e-02,-1.283622987102717161e-04,-2.085804007947444916e-02,-2.165821939706802368e-02,5.480403196997940540e-04,-2.872314769774675369e-03,-2.241839095950126648e-02,-1.100915018469095230e-02,4.264295566827058792e-03,-3.168714791536331177e-02,1.040901523083448410e-02,8.281868882477283478e-03,3.840866498649120331e-03,-2.942330436781048775e-03,-6.374771706759929657e-03,-6.501466967165470123e-03,1.732390932738780975e-02,-4.404326900839805603e-03,-2.262177178636193275e-03,-1.512341201305389404e-02,-1.130255032330751419e-02,1.981780491769313812e-02,1.911097951233386993e-02,-2.700609341263771057e-02,9.108722209930419922e-03,1.591025665402412415e-02,-3.647489706054329872e-03,1.199604012072086334e-02,-1.214273925870656967e-02,-8.601941168308258057e-03,1.385645940899848938e-02,-1.885758899152278900e-02,3.462114557623863220e-02,-5.564589053392410278e-03,3.237397177144885063e-03,3.927552606910467148e-03,1.348637626506388187e-03,-3.902213647961616516e-02,5.071144085377454758e-03,3.779519349336624146e-02,-3.267403692007064819e-02,-2.375202625989913940e-02,-6.038029212504625320e-03,-2.444551512598991394e-02,1.166929956525564194e-02,1.644371077418327332e-02,1.019563339650630951e-02,-1.549682952463626862e-02,3.637487301602959633e-03,5.041137337684631348e-03,8.281868882477283478e-03,-1.300960220396518707e-02,2.449886128306388855e-02,2.771291881799697876e-02,-6.538141984492540359e-03,-5.801309016533195972e-04,8.235190995037555695e-03,5.734627135097980499e-03,1.327632926404476166e-02,-2.731282822787761688e-02,-2.897320315241813660e-03,-1.807074435055255890e-02,-1.612863852642476559e-03,9.022035636007785797e-03,8.955353870987892151e-03,-1.161595433950424194e-02,-1.897094654850661755e-03,1.605695672333240509e-02,-1.889759674668312073e-02,2.288516424596309662e-02,2.145550698041915894e-01,3.547467058524489403e-03,7.428342476487159729e-03,1.160261780023574829e-02,-3.687498625367879868e-03,-7.528365124017000198e-03,3.307412937283515930e-02,1.192269008606672287e-02,5.767968250438570976e-04,2.998009696602821350e-02,-3.118036873638629913e-02,-1.377644203603267670e-02,-1.213607192039489746e-02,1.762064290232956409e-03,2.347196266055107117e-02,-2.181825600564479828e-02,-2.717946656048297882e-02,-4.430999513715505600e-03,-2.181825600564479828e-02,-3.766183182597160339e-02,3.019347973167896271e-02,-1.909764297306537628e-02,2.372535318136215210e-02,-1.417653169482946396e-02,3.395432606339454651e-02,-1.507006702013313770e-03,-1.326132565736770630e-03,-3.474117256700992584e-03,1.535013038665056229e-02,8.048691233852878213e-05,-2.051129378378391266e-02,-9.535484947264194489e-03,-2.133814804255962372e-02,-2.736617438495159149e-02,-2.639262191951274872e-02,1.621699146926403046e-02,1.700383611023426056e-02,2.599253132939338684e-02,9.462134912610054016e-03,5.978015251457691193e-03,3.078027814626693726e-02,-4.020906984806060791e-03,-6.454789545387029648e-03,-8.308541029691696167e-03,5.474568344652652740e-03,1.056238356977701187e-02,-1.381645072251558304e-02,4.697726573795080185e-03,8.135168813169002533e-03,1.110917329788208008e-02,-3.128705918788909912e-02,1.007560640573501587e-02,1.366975065320730209e-02,2.128813648596405983e-03,3.874207381159067154e-03,-2.311188168823719025e-02,2.267178148031234741e-02,3.051355108618736267e-02,-8.421899750828742981e-03,7.541701663285493851e-03,-1.009561121463775635e-02,1.412318646907806396e-02,-7.661728654056787491e-03,-6.474794354289770126e-03,-1.632368378341197968e-02,1.535013038665056229e-02,-3.744845092296600342e-02,-6.254744715988636017e-03,-9.955579414963722229e-03,1.283622905611991882e-02,1.537013449706137180e-03,-3.817528020590543747e-03,-2.005785889923572540e-02,5.744629539549350739e-03,5.097816698253154755e-03,-2.428547851741313934e-02,1.288624131120741367e-03,3.674162318930029869e-03,5.554586648941040039e-03,2.252508141100406647e-02,-2.725948393344879150e-02,-8.228523656725883484e-03,-8.275200612843036652e-03,1.376310549676418304e-02,5.424557253718376160e-03,-1.135589554905891418e-02,3.712837770581245422e-02,3.684164490550756454e-03,-1.753729023039340973e-02,2.520568668842315674e-02,5.251184571534395218e-03,-2.275513397762551904e-04,-1.016896124929189682e-02,3.212391398847103119e-03,9.802212007343769073e-03,8.135168813169002533e-03,1.057571917772293091e-02,1.729723624885082245e-02,-4.811085294932126999e-03,-6.141385529190301895e-03,-1.977112842723727226e-03,-3.120704181492328644e-02,1.665709167718887329e-02,1.019563339650630951e-02,-4.781078547239303589e-03,1.179599482566118240e-02,5.971347447484731674e-03,2.517901360988616943e-02,-1.209439593367278576e-03,-1.452327705919742584e-02,-1.111584156751632690e-02,-3.182051330804824829e-02,-1.636369153857231140e-02,-2.285515656694769859e-03,1.370976027101278305e-02,4.127597901970148087e-03,-6.294753402471542358e-03,-2.408543415367603302e-02,-1.928768469952046871e-03,-3.134040534496307373e-02,1.024897955358028412e-02,-2.480559609830379486e-02,1.691048219799995422e-02,1.315630134195089340e-02,5.297861993312835693e-03,-1.961775869131088257e-02,-1.354305539280176163e-02,1.872422546148300171e-02,3.878208249807357788e-02,-3.494121879339218140e-02,-5.355374887585639954e-04,-2.925993502140045166e-02,9.018701384775340557e-04,1.733724586665630341e-02,2.029791288077831268e-02,1.039567869156599045e-02,7.068261504173278809e-03,-2.821969985961914062e-02,-4.370986018329858780e-03,-9.208744391798973083e-03,-3.174049546942114830e-03,1.425654999911785126e-02,1.863753888756036758e-03,2.080469392240047455e-02,2.327191829681396484e-02,-1.132922247052192688e-02,1.973778754472732544e-02,-9.322103112936019897e-03,-2.331192605197429657e-02,-1.206272188574075699e-02,-1.527011208236217499e-02,2.053796686232089996e-02,1.963109523057937622e-02,-4.754405934363603592e-03,5.844652187079191208e-03,-1.697716303169727325e-02,-1.141590904444456100e-02,-2.885984443128108978e-02,2.167155593633651733e-02,-2.243839669972658157e-03,-4.083587974309921265e-02,1.995116844773292542e-02,1.193602662533521652e-02,-4.902439564466476440e-02,8.521922864019870758e-03,3.275739029049873352e-03,-1.704917997121810913e-01,1.947105978615581989e-03,1.857752539217472076e-02,2.045461442321538925e-03,6.081372033804655075e-03,-1.584357395768165588e-02,3.771517798304557800e-02,1.487002125941216946e-03,-1.589692011475563049e-02,-3.967561759054660797e-03,1.939104124903678894e-02,-1.753729023039340973e-02,-7.281642872840166092e-03,1.388313248753547668e-02,8.875335566699504852e-03,2.083136700093746185e-02,-9.142062626779079437e-03,-1.583023928105831146e-02,2.431215159595012665e-02,3.347421996295452118e-03,3.062024153769016266e-02,-7.214961107820272446e-03,-2.487227786332368851e-03,-2.645930275321006775e-02,2.317856252193450928e-02,1.222942583262920380e-02,1.395314815454185009e-03,2.023123204708099365e-02,-1.359640061855316162e-02,-1.377644203603267670e-02,-2.232503704726696014e-02,2.432548813521862030e-02,1.551016606390476227e-02,-2.201830036938190460e-02,3.198054805397987366e-02,-2.100473968312144279e-03,-2.755288407206535339e-02,-1.615031063556671143e-02,-1.466997619718313217e-02,3.480785340070724487e-02,-7.460016640834510326e-04,3.784853965044021606e-02,5.659610033035278320e-04,-8.348550647497177124e-03,-1.750394934788346291e-03,1.589692011475563049e-02,-4.561028908938169479e-03,1.615031063556671143e-02,1.061572879552841187e-02,-2.505898661911487579e-02,8.815322071313858032e-03,-1.819077134132385254e-02,-1.274287514388561249e-02,-4.721065051853656769e-03,1.364974677562713623e-02,7.888446561992168427e-03,-1.024231128394603729e-02,-2.483226917684078217e-02,-1.811075210571289062e-02,-1.401649601757526398e-02,-3.837532596662640572e-03,-1.497671287506818771e-02,1.190268527716398239e-02,7.601715158671140671e-03,-1.306294742971658707e-02,9.562157094478607178e-03,-1.344970148056745529e-02,2.404542453587055206e-02,-3.144709393382072449e-02,7.168283918872475624e-04,-2.583249472081661224e-02,-1.424321345984935760e-02,2.379203401505947113e-02,-3.544799610972404480e-02,6.541476119309663773e-03,2.476558834314346313e-02,-2.005785889923572540e-02,1.143591385334730148e-02,1.102248672395944595e-02,1.520343031734228134e-02,6.151387933641672134e-03,3.787521272897720337e-02,-1.078243274241685867e-02,7.641724310815334320e-03,3.376761823892593384e-02,-1.616364717483520508e-02,7.481688167899847031e-03,9.715525433421134949e-03,-6.461457815021276474e-03,-1.133589074015617371e-02,7.928455248475074768e-03,-2.198829548433423042e-03,-7.968464633449912071e-04,-3.256734833121299744e-02,1.980446837842464447e-02,1.060239225625991821e-02,7.835101336240768433e-03,8.721968159079551697e-03,1.039567869156599045e-02,-1.559018436819314957e-02,4.194279666990041733e-03,-1.900428719818592072e-02,-2.307187207043170929e-02,2.529904060065746307e-02,1.544348429888486862e-02,9.275426156818866730e-03,6.418114528059959412e-03,2.592584863305091858e-02,4.272964224219322205e-02,-1.779068075120449066e-02,2.352197421714663506e-03,7.428342476487159729e-03,8.441904559731483459e-03,1.464330404996871948e-02,2.420546114444732666e-02,2.604587748646736145e-02,-6.259745568968355656e-04,-3.022015094757080078e-02,-7.415006402879953384e-03,-2.445551799610257149e-03,3.587476164102554321e-02,7.548369932919740677e-03,5.631270352751016617e-03,3.846701292786747217e-04,-8.908676914870738983e-03,-1.601694710552692413e-02,-1.276021301746368408e-01,-3.096698783338069916e-02,1.202938053756952286e-02,1.220942102372646332e-02,-1.114251371473073959e-02,2.220501005649566650e-02,-5.105318268761038780e-04,2.853977307677268982e-02,-1.297626085579395294e-02,1.960442401468753815e-02,1.062906440347433090e-02,-2.065799385309219360e-02,6.158056203275918961e-03,-3.447444410994648933e-03,1.789737120270729065e-02,-7.961796596646308899e-03,6.194731220602989197e-03,-2.212499268352985382e-02,-1.239612977951765060e-02,3.174049407243728638e-02,2.305520232766866684e-03,7.161615882068872452e-03,-3.417437663301825523e-03,-2.244506403803825378e-02,2.397874370217323303e-02,8.215187117457389832e-03,-2.757955528795719147e-02,2.843308262526988983e-02,2.565912343561649323e-02,5.811311304569244385e-03,-1.821744441986083984e-02,-1.170930825173854828e-02,1.081577409058809280e-02,7.322485325857996941e-04,-1.396315079182386398e-02,-2.027123980224132538e-02,-3.072693198919296265e-02,-1.222942583262920380e-02,2.036459557712078094e-02,-2.173823863267898560e-02,-1.549682952463626862e-02,7.061593234539031982e-03,-1.455328310839831829e-03,-2.352530881762504578e-02,1.302293874323368073e-02,-9.628838859498500824e-03,2.117144409567117691e-03,2.368534356355667114e-02,6.644832435995340347e-03,-4.254293162375688553e-03,-8.675290271639823914e-03,5.271189380437135696e-03,-2.437883429229259491e-02,-1.765731722116470337e-02,1.579022966325283051e-02,-2.121812105178833008e-02,6.888221018016338348e-03,9.695520624518394470e-03,7.408338133245706558e-03,1.270286645740270615e-02,-6.798200309276580811e-03,-1.145591773092746735e-02,-2.035459270700812340e-03,1.484334934502840042e-02,-6.404778454452753067e-03,3.060690592974424362e-03,-1.585691049695014954e-02,-9.502143599092960358e-03,2.032458595931529999e-02,1.105582807213068008e-02,9.782207198441028595e-03,7.481688167899847031e-03,-2.308520860970020294e-02,4.411661997437477112e-02,-2.291183546185493469e-02,4.581033717840909958e-03,-2.851309999823570251e-02,-8.935349062085151672e-03,1.343636494129896164e-02,-4.457005485892295837e-02,-1.432323176413774490e-02,-3.043353371322154999e-02,2.256509102880954742e-02,-2.469890564680099487e-02,3.464781865477561951e-02,7.915119640529155731e-03,2.016454935073852539e-02,-8.721968159079551697e-03,2.089804783463478088e-02,-2.560577727854251862e-02,9.162067435681819916e-03,4.164272919297218323e-03,2.784628234803676605e-02,-2.629926800727844238e-02,1.143591385334730148e-02,5.891329143196344376e-03,-1.940437778830528259e-02,-6.391441915184259415e-03,-5.037595110479742289e-05,-1.587024703621864319e-02,-9.842220693826675415e-03,-8.306040544994175434e-04,-4.256960377097129822e-02,1.829746179282665253e-02,-1.667042821645736694e-02,-8.308541029691696167e-03,6.271414924412965775e-03,-1.080910582095384598e-02,-1.432323176413774490e-02,-1.517675723880529404e-02,-2.292517200112342834e-02,-6.001354195177555084e-03,-1.271620206534862518e-02,1.336301490664482117e-02,-1.712052966468036175e-03,-1.060239225625991821e-02,-9.108722209930419922e-03,-6.554812192916870117e-03,1.311629265546798706e-02,-8.156006806530058384e-04,6.584818940609693527e-03,4.861096851527690887e-03,7.635055808350443840e-04,9.542153216898441315e-03,2.183825999964028597e-04,1.075575966387987137e-02,-5.254518706351518631e-03,3.654157742857933044e-02,7.901783101260662079e-03,-2.915657823905348778e-03,-2.295517828315496445e-03,6.598155479878187180e-03,8.297705790027976036e-04,1.897094654850661755e-03,1.747060939669609070e-02,1.350304670631885529e-02,1.394981425255537033e-02,-3.563470765948295593e-02,-1.930435537360608578e-03,2.856644615530967712e-02,2.223168313503265381e-02,5.001128464937210083e-02,-3.304078709334135056e-03,-1.943105086684226990e-02,-6.148053798824548721e-03,-1.557684782892465591e-02,-2.529904060065746307e-02,-1.960442401468753815e-03,-9.195407852530479431e-03,2.760622836649417877e-02,2.990007959306240082e-02,-8.801985532045364380e-03,1.799072511494159698e-02,2.768624760210514069e-02,-6.464791949838399887e-03,-1.121586374938488007e-02,-9.075380861759185791e-03,-3.510792041197419167e-03,1.517675723880529404e-02,-1.488335803151130676e-02,9.408789686858654022e-03,-4.064917191863059998e-02,2.179158292710781097e-02,4.254293162375688553e-03,-7.995137013494968414e-03,-1.102915499359369278e-02,2.337194047868251801e-03,8.495249785482883453e-03,-1.162929087877273560e-02,-1.551183289848268032e-03,1.700383611023426056e-02,-1.202938053756952286e-02,-2.083136700093746185e-02,-1.392314117401838303e-02,9.452132508158683777e-04,8.235190995037555695e-03,-1.043568830937147141e-02,-2.023123204708099365e-02,-1.612363755702972412e-02,1.197603531181812286e-02,-5.151162389665842056e-03,1.410984992980957031e-02,6.258078850805759430e-03,6.031360942870378494e-03,-1.641703769564628601e-02,2.623258531093597412e-02,9.308766573667526245e-03,1.193602662533521652e-02,-1.347637362778186798e-02,3.222393803298473358e-03,3.860871074721217155e-03,-1.386979594826698303e-02,2.733950270339846611e-03,1.318297442048788071e-02,2.749953791499137878e-02,-1.466997619718313217e-02,2.016454935073852539e-02,2.081803046166896820e-02,-8.068487048149108887e-03,2.699275687336921692e-02,1.495003979653120041e-02,1.913765072822570801e-02,-4.934446886181831360e-03,-2.400541678071022034e-03,-6.704845931380987167e-03,-2.185826562345027924e-02,-5.397884640842676163e-03,3.142375731840729713e-03,-1.909764297306537628e-02,-4.475676640868186951e-02,-2.359198965132236481e-02,1.957775093615055084e-02,-3.600812517106533051e-03,1.334967836737632751e-02,3.958226367831230164e-02,1.327632926404476166e-02,-1.751061715185642242e-02,3.042353084310889244e-03,1.529678422957658768e-02,1.687880838289856911e-03,-2.123145759105682373e-02,3.883542865514755249e-02,1.739059016108512878e-02,1.224276237189769745e-02,1.164929475635290146e-02,-9.988920763134956360e-03,1.158928126096725464e-02,-3.359091235324740410e-03,-1.298959739506244659e-02,-5.958010908216238022e-03,4.137600306421518326e-03,-1.593692973256111145e-02,4.677722230553627014e-03,7.508360780775547028e-03,-2.044461295008659363e-02,-1.637869514524936676e-03,4.084254615008831024e-03,4.210949875414371490e-03,-1.417653169482946396e-02,2.073801308870315552e-02,-3.587476164102554321e-02,3.568805381655693054e-02,-1.183600351214408875e-02,-7.601715158671140671e-03,1.083577796816825867e-02,3.264736756682395935e-02,5.331869795918464661e-02,1.083577796816825867e-02,5.084480653749778867e-05,2.537239110097289085e-03,-4.754405934363603592e-03,4.238289594650268555e-02,6.431451067328453064e-03,5.754631944000720978e-03,-1.182266790419816971e-02,-3.216725587844848633e-02,-5.854654125869274139e-03,8.575268089771270752e-03,2.385871671140193939e-02,-2.619257569313049316e-02,-7.455848972313106060e-04,3.720839694142341614e-02,6.834875326603651047e-03,1.432323176413774490e-02,-9.722193703055381775e-03,-2.797964587807655334e-02,5.517911631613969803e-03,2.093805745244026184e-02,-1.316963788121938705e-02,9.882229380309581757e-03,-3.320749104022979736e-02,-1.210939884185791016e-02,8.315209299325942993e-03,-1.621699146926403046e-02,-2.555243112146854401e-02,1.409651432186365128e-02,-1.692381873726844788e-02,-1.457662228494882584e-02,-6.324760150164365768e-03,1.933769695460796356e-02,-7.501692511141300201e-03,-4.761074110865592957e-02,6.834875326603651047e-03,-1.705718226730823517e-02,-4.734401591122150421e-03,1.200270839035511017e-02,2.021789550781250000e-02,-2.713945694267749786e-03,1.107583194971084595e-02,-4.457672592252492905e-03
-1.247037854045629501e-02,-1.154228951781988144e-02,4.875734914094209671e-03,1.295403018593788147e-02,-1.799969747662544250e-02,2.833939157426357269e-02,-1.473177783191204071e-02,-1.539843343198299408e-02,7.104455493390560150e-03,8.856059983372688293e-03,2.661393024027347565e-02,2.194734290242195129e-02,-6.035846192389726639e-03,-8.084830828011035919e-03,-6.548909470438957214e-03,1.717618107795715332e-02,5.728661548346281052e-03,9.803756140172481537e-03,1.112399529665708542e-02,-1.250795903615653515e-03,-8.143653161823749542e-03,-1.743434695526957512e-03,9.045599028468132019e-03,7.555428426712751389e-03,-9.313568472862243652e-03,1.152758370153605938e-03,6.091400515288114548e-03,-7.307066582143306732e-03,-4.424761980772018433e-03,-1.311089005321264267e-02,5.568533670157194138e-03,3.996664658188819885e-03,-2.610413543879985809e-02,-5.761340726166963577e-03,-3.720198571681976318e-02,-1.150961033999919891e-02,-7.150206249207258224e-03,-1.503242645412683487e-03,1.856177859008312225e-02,-4.843055736273527145e-03,-5.238473881036043167e-03,-1.978724729269742966e-03,-5.477031692862510681e-03,2.456167712807655334e-02,-1.159457582980394363e-02,8.320121094584465027e-03,4.513812891673296690e-04,-8.241691626608371735e-03,-8.908346295356750488e-03,3.348963335156440735e-02,-1.041812542825937271e-02,1.215012185275554657e-02,-1.460106112062931061e-02,3.502800536807626486e-04,-8.509660139679908752e-03,2.113689854741096497e-02,-1.124817691743373871e-02,2.799952775239944458e-02,2.111075446009635925e-03,-2.403554273769259453e-03,2.936224918812513351e-03,8.588090538978576660e-03,5.057104281149804592e-04,-1.397035317495465279e-03,6.960667204111814499e-03,4.519531503319740295e-03,-6.588941323570907116e-04,-1.067955885082483292e-02,-1.467949151992797852e-02,-1.065995078533887863e-02,1.582979783415794373e-02,2.818253077566623688e-02,-2.076762495562434196e-03,-2.797338413074612617e-03,2.253229962661862373e-03,-4.405154660344123840e-02,-1.647031120955944061e-02,-2.062710374593734741e-02,-3.030014224350452423e-02,-5.375726614147424698e-03,-7.973722182214260101e-03,-1.755525916814804077e-02,1.143117994070053101e-02,-2.455841051414608955e-03,-1.139686675742268562e-03,8.614233694970607758e-03,1.222855225205421448e-02,2.552898228168487549e-02,-1.667945832014083862e-02,-4.786847531795501709e-02,5.081613548099994659e-03,5.495332181453704834e-02,-6.124079693108797073e-03,1.079066749662160873e-02,-2.596034668385982513e-02,9.300496429204940796e-03,-7.333209738135337830e-03,4.316266998648643494e-02,-2.717274473980069160e-03,-1.742454245686531067e-02,-6.967202760279178619e-03,7.499873754568397999e-04,-9.731861762702465057e-03,7.084847893565893173e-03,-4.645673185586929321e-02,-9.548858739435672760e-03,3.039164468646049500e-03,-2.180355414748191833e-02,1.975130103528499603e-02,-2.771195210516452789e-02,-3.328375285491347313e-03,3.725427389144897461e-02,2.299307659268379211e-02,-3.082301095128059387e-02,-1.120242569595575333e-02,-2.301922067999839783e-02,-2.530676312744617462e-02,-2.168590947985649109e-02,2.459874849591869861e-05,-2.160747908055782318e-02,-1.359454263001680374e-02,7.392032071948051453e-03,1.272037392482161522e-03,-3.019556961953639984e-02,8.084830828011035919e-03,-5.428012926131486893e-03,-4.457441344857215881e-02,-3.529352368786931038e-03,9.633824229240417480e-03,-9.908329695463180542e-03,5.584219470620155334e-02,3.395367646589875221e-03,2.614334970712661743e-02,-1.174489967525005341e-02,-6.396950921043753624e-04,2.938512526452541351e-02,-2.238524379208683968e-03,1.198018994182348251e-02,-6.784199271351099014e-03,-4.546492127701640129e-04,-1.151124364696443081e-03,8.411622606217861176e-03,-5.175566184334456921e-04,-8.627305738627910614e-03,1.165339816361665726e-02,8.444301784038543701e-03,7.248243782669305801e-03,2.962041646242141724e-02,-1.381512614898383617e-03,-1.209129951894283295e-02,2.496689930558204651e-02,-1.998659223318099976e-02,1.653566956520080566e-02,-2.325451001524925232e-02,8.104438893496990204e-03,3.045291814487427473e-04,-4.033919051289558411e-02,1.393440552055835724e-02,4.264634102582931519e-03,-1.552915014326572418e-02,1.293442212045192719e-02,1.657488383352756500e-02,9.535786695778369904e-03,2.152904868125915527e-02,1.281677745282649994e-02,3.521509468555450439e-02,4.963968414813280106e-03,-2.052252925932407379e-02,-2.048331499099731445e-02,9.134854190051555634e-05,1.845720596611499786e-02,-3.921502735465764999e-03,-5.624088458716869354e-03,1.867942325770854950e-02,8.300513960421085358e-03,3.578371135517954826e-03,6.156758870929479599e-03,8.124046027660369873e-03,-1.661409996449947357e-02,9.842971339821815491e-03,-3.322819992899894714e-02,2.377737686038017273e-02,2.066631801426410675e-02,2.907140552997589111e-02,-2.338522672653198242e-02,-1.988201774656772614e-02,1.079720351845026016e-02,1.409126538783311844e-02,1.052923407405614853e-02,7.039097137749195099e-03,3.428046824410557747e-03,8.718807250261306763e-03,-3.062039846554398537e-03,-2.765966393053531647e-02,-6.475185155868530273e-01,-1.235926896333694458e-02,-1.219587307423353195e-02,-1.537229027599096298e-02,2.729365788400173187e-02,9.427945478819310665e-04,8.359336294233798981e-03,2.875768579542636871e-02,-8.078294806182384491e-03,8.012936450541019440e-03,4.086940898559987545e-04,3.116287291049957275e-02,3.524123504757881165e-02,-9.607681073248386383e-03,5.258081480860710144e-03,-8.235155604779720306e-03,-1.539843343198299408e-02,-1.916307583451271057e-02,2.625772729516029358e-03,1.074491720646619797e-02,-1.105210091918706894e-02,6.558713037520647049e-03,-1.554222218692302704e-02,4.261366091668605804e-03,1.258148718625307083e-02,-6.202510092407464981e-03,-4.150256980210542679e-03,3.655984182842075825e-04,-1.750297285616397858e-02,2.209113165736198425e-02,-2.334601245820522308e-02,2.368587628006935120e-02,-6.486818660050630569e-03,1.841798983514308929e-02,2.418259903788566589e-02,-3.385563939809799194e-02,-2.143754810094833374e-02,4.572471976280212402e-02,1.636573672294616699e-02,3.665297850966453552e-02,-6.744984537363052368e-03,-8.927954360842704773e-03,2.852239459753036499e-02,-9.852774674072861671e-04,-1.530693192034959793e-02,-1.125797978602349758e-03,2.664007432758808136e-02,-1.077759638428688049e-02,1.330042909830808640e-02,1.024165749549865723e-02,1.504059648141264915e-03,-1.418276783078908920e-02,5.728661548346281052e-03,3.454190213233232498e-03,1.011094078421592712e-02,-1.887223101221024990e-03,2.088853716850280762e-02,-1.296710129827260971e-02,-2.846357179805636406e-03,9.673039428889751434e-03,-7.895291782915592194e-03,1.380368880927562714e-02,-1.698010601103305817e-02,-2.262707054615020752e-02,-1.087563391774892807e-02,9.849507361650466919e-03,-2.624792419373989105e-02,2.483618259429931641e-02,2.384273521602153778e-02,5.630624014884233475e-03,1.799969747662544250e-02,1.164032705128192902e-02,2.666621655225753784e-02,5.483567714691162109e-03,-8.927954360842704773e-03,9.182851761579513550e-03,5.179651081562042236e-03,-3.082301095128059387e-02,7.437783293426036835e-03,3.303865902125835419e-03,3.663336858153343201e-03,-4.816912114620208740e-03,-5.944997817277908325e-02,-1.449648756533861160e-02,3.113673068583011627e-02,-1.162725500762462616e-02,-3.090143948793411255e-02,-1.203247718513011932e-02,1.303246058523654938e-02,-1.837877556681632996e-02,1.960751228034496307e-02,2.935898303985595703e-02,4.248294513672590256e-03,4.166596569120883942e-03,9.169779717922210693e-03,2.687536366283893585e-02,1.480367267504334450e-03,2.703222446143627167e-02,2.134604565799236298e-02,-9.529251605272293091e-03,5.673107225447893143e-03,-1.079230220057070255e-03,2.637210534885525703e-03,-1.145732309669256210e-02,1.296710129827260971e-02,1.996044814586639404e-02,-2.996028028428554535e-02,-2.619236940518021584e-03,1.728075370192527771e-02,-2.454860508441925049e-02,5.898593459278345108e-03,-1.268606074154376984e-02,-1.647031051106750965e-03,-9.365855716168880463e-03,-1.625789591344073415e-04,-2.644399926066398621e-02,-6.522765848785638809e-03,8.927954360842704773e-03,-2.040488459169864655e-02,1.859445823356509209e-03,-3.725427435711026192e-03,8.807040867395699024e-04,3.369224257767200470e-03,-3.179031237959861755e-02,-1.046551042236387730e-03,2.758123539388179779e-02,-5.584873259067535400e-03,-2.687536366283893585e-02,5.669838865287601948e-04,4.843055736273527145e-03,-1.127432007342576981e-02,1.110438816249370575e-02,1.730689778923988342e-02,-9.012919850647449493e-03,4.248294606804847717e-02,-4.029343836009502411e-03,2.900277904700487852e-04,-6.150223314762115479e-03,3.071843646466732025e-02,-4.526067525148391724e-03,-1.449648756533861160e-02,1.292135100811719894e-02,4.787500947713851929e-03,2.977074123919010162e-03,7.973722182214260101e-03,-4.046990722417831421e-02,-1.164032705128192902e-02,-5.346314981579780579e-03,-4.156792536377906799e-02,2.594727464020252228e-02,-2.244406566023826599e-02,-2.371201850473880768e-02,-9.816828183829784393e-03,-1.653566956520080566e-02,1.521542947739362717e-02,-1.163379102945327759e-02,-1.993430545553565025e-03,1.011094078421592712e-02,1.077106036245822906e-02,-3.511051833629608154e-02,-6.784199271351099014e-03,1.102105597965419292e-03,-2.724137157201766968e-02,-1.758140325546264648e-02,4.274437669664621353e-03,-1.414355263113975525e-02,3.338179085403680801e-03,2.779038064181804657e-02,8.741682977415621281e-04,-1.870556734502315521e-02,-2.060095965862274170e-02,1.686246134340763092e-02,6.150223314762115479e-03,4.235222935676574707e-03,8.241691626608371735e-03,-4.676391836255788803e-03,-1.513700000941753387e-02,-2.040488459169864655e-02,1.684938929975032806e-02,1.678403094410896301e-02,2.946355566382408142e-02,2.447671256959438324e-03,-1.202594116330146790e-02,9.346247534267604351e-04,6.601195782423019409e-03,1.798989251255989075e-03,-4.738482180982828140e-03,-2.457474917173385620e-02,-1.436577085405588150e-02,1.874478161334991455e-02,9.109323727898299694e-04,2.182969823479652405e-02,2.745051868259906769e-02,-8.104438311420381069e-04,2.064017578959465027e-02,1.133967842906713486e-02,2.239177934825420380e-02,5.225402303040027618e-03,1.244423445314168930e-02,3.333277255296707153e-02,1.311742607504129410e-02,-8.594626560807228088e-03,1.477099303156137466e-02,-5.303832236677408218e-03,2.711065486073493958e-02,-3.244389593601226807e-02,-4.464794183149933815e-04,-3.129358962178230286e-02,2.406495437026023865e-02,-4.646980669349431992e-03,1.333964429795742035e-02,-4.418226331472396851e-02,-9.895257651805877686e-03,-2.542440779507160187e-02,1.849642023444175720e-02,1.550300698727369308e-02,-4.065291024744510651e-03,-1.292461878620088100e-03,9.215530939400196075e-03,6.039113737642765045e-03,1.939836516976356506e-02,1.992123201489448547e-02,7.947578094899654388e-03,-2.454860508441925049e-02,-9.320104494690895081e-03,2.235256507992744446e-02,3.074458055198192596e-02,-2.792436629533767700e-03,1.935915090143680573e-02,1.615658961236476898e-02,1.679710228927433491e-03,7.124063093215227127e-03,-2.180355414748191833e-02,2.048331499099731445e-02,-2.691131085157394409e-03,-1.648338325321674347e-02,-1.305206771939992905e-02,-1.951601170003414154e-02,3.809086233377456665e-02,-1.845720596611499786e-02,8.699200116097927094e-03,2.381659299135208130e-02,3.024785593152046204e-02,-4.065290838479995728e-02,-3.450922202318906784e-03,3.197331726551055908e-02,8.333193138241767883e-03,1.196058280766010284e-02,6.319337990134954453e-04,-1.348996907472610474e-02,1.001617056317627430e-03,1.372525934129953384e-02,-2.758123539388179779e-02,8.444301784038543701e-03,6.346298381686210632e-03,2.474468015134334564e-02,9.182851761579513550e-03,2.552898228168487549e-02,-8.423060644418001175e-04,5.179651081562042236e-03,-6.908380426466464996e-03,-1.528078783303499222e-02,1.026126462966203690e-02,1.065341569483280182e-02,1.539843343198299408e-02,-1.964672841131687164e-02,-2.130683138966560364e-02,-1.879706978797912598e-02,-1.954215392470359802e-02,-1.254227198660373688e-02,-1.029394380748271942e-02,-1.023512147367000580e-02,1.249652169644832611e-02,1.920229010283946991e-02,7.803790271282196045e-03,2.374143106862902641e-03,-1.224652514792978764e-03,2.131990157067775726e-02,1.099327858537435532e-02,1.745068654417991638e-02,-2.439174614846706390e-02,-2.980341948568820953e-02,1.261416636407375336e-02,4.307116847485303879e-03,1.121549773961305618e-02,2.714006463065743446e-03,-2.880997210741043091e-02,4.323456436395645142e-03,-2.559434063732624054e-02,-5.444352515041828156e-03,-2.432638779282569885e-02,6.486818660050630569e-03,-1.396054867655038834e-02,-8.293977938592433929e-03,-1.892778649926185608e-02,-3.602553531527519226e-02,4.752860963344573975e-02,-1.054230611771345139e-02,2.406495437026023865e-02,2.690150775015354156e-02,-6.646947003901004791e-03,-9.463893249630928040e-03,-9.503107517957687378e-03,-1.384290400892496109e-02,5.040438100695610046e-02,4.846323747187852859e-03,2.177741006016731262e-02,-8.973704650998115540e-03,-3.418243024498224258e-03,-1.922843419015407562e-02,-4.120845813304185867e-03,-1.802257262170314789e-03,8.758022449910640717e-03,-1.990162534639239311e-03,-9.065207093954086304e-03,-4.941093269735574722e-03,-6.205777637660503387e-03,-6.676358170807361603e-03,3.822157904505729675e-02,-2.745051868259906769e-02,-2.321529574692249298e-02,-5.463960394263267517e-02,-4.898610059171915054e-03,1.342461071908473969e-02,9.082199633121490479e-02,1.413048058748245239e-02,-5.114292725920677185e-03,1.386904716491699219e-02,5.529318470507860184e-03,2.040815306827425957e-03,-2.529369108378887177e-02,-2.718908526003360748e-02,1.866635121405124664e-02,-2.972172107547521591e-03,-3.787517780438065529e-03,-1.837877556681632996e-02,1.815655641257762909e-02,-2.324143797159194946e-02,7.679609116166830063e-03,2.358130179345607758e-02,-3.519548568874597549e-03,-9.926303755491971970e-04,1.216319389641284943e-02,8.261298760771751404e-03,-1.257495116442441940e-02,-4.169864580035209656e-03,1.300631649792194366e-02,2.350287139415740967e-02,8.156725205481052399e-03,-2.338522672653198242e-02,7.718824315816164017e-03,3.524123504757881165e-02,2.103232592344284058e-02,-6.032578181475400925e-03,1.560758054256439209e-02,9.189387783408164978e-03,1.707160845398902893e-02,-3.405171446502208710e-03,-1.687880023382604122e-03,1.432655565440654755e-02,4.799755697604268789e-04,2.375123463571071625e-02,-7.250694907270371914e-04,-1.871863938868045807e-02,3.241775557398796082e-02,-3.607782302424311638e-03,2.092775143682956696e-02,-1.290174294263124466e-02,7.954114116728305817e-03,1.601280272006988525e-02,-1.152921747416257858e-02,1.079066749662160873e-02,-2.896683290600776672e-02,-2.288850396871566772e-02,3.215632215142250061e-02,-1.870556734502315521e-02,-2.155519276857376099e-02,9.137100540101528168e-03,2.457474917173385620e-02,6.588124204427003860e-03,1.580365560948848724e-02,-5.914933048188686371e-03,-1.704546436667442322e-02,9.692647494375705719e-03,-1.844413392245769501e-02,-1.199979800730943680e-02,-1.936241867952048779e-03,-7.561963982880115509e-03,-2.644399926066398621e-02,-2.209113165736198425e-02,-1.943758130073547363e-02,1.501935441046953201e-02,-1.053577009588479996e-02,1.313703320920467377e-02,-2.636556886136531830e-02,7.837898738216608763e-05,-2.745051868259906769e-02,-2.238524379208683968e-03,4.645673185586929321e-02,2.244406566023826599e-02,-2.230027690529823303e-02,-1.660102792084217072e-02,5.318537587299942970e-04,1.755525916814804077e-02,-1.112399529665708542e-02,6.075060926377773285e-03,1.059459242969751358e-02,-1.017629913985729218e-02,-1.456184592097997665e-02,1.937222294509410858e-02,3.641768544912338257e-02,1.431348454207181931e-02,-1.504549849778413773e-02,-9.092984255403280258e-04,5.777680315077304840e-03,-1.077759638428688049e-02,2.057481743395328522e-02,-3.463993966579437256e-02,-5.816895514726638794e-03,4.457441158592700958e-03,-5.343047436326742172e-03,-3.207788988947868347e-02,-1.292135100811719894e-02,-1.643763156607747078e-03,5.117560736835002899e-03,-1.790819503366947174e-02,6.421460420824587345e-04,3.800589591264724731e-03,3.199946135282516479e-02,-9.261282160878181458e-03,-5.078346002846956253e-03,9.254746139049530029e-03,-2.426102943718433380e-02,4.111041780561208725e-03,3.062039846554398537e-03,-3.388178348541259766e-02,1.148673472926020622e-03,-1.652259752154350281e-02,5.365922581404447556e-03,3.278376162052154541e-02,-1.055537723004817963e-02,2.185584045946598053e-02,1.234619691967964172e-02,-7.424711715430021286e-03,1.627423614263534546e-02,-3.011713922023773193e-02,3.518895059823989868e-02,-1.633959449827671051e-02,-1.141810789704322815e-02,1.432655565440654755e-02,-8.418158628046512604e-03,-2.508454397320747375e-02,9.359319694340229034e-03,6.261332426220178604e-03,8.091366849839687347e-03,2.479696832597255707e-02,1.503242645412683487e-02,9.823364205658435822e-03,-9.908329695463180542e-03,-2.614334970712661743e-02,-1.118445186875760555e-03,4.220210757921449840e-05,-9.463893249630928040e-03,2.035259827971458435e-02,-2.307150699198246002e-02,-1.122203283011913300e-02,-1.645723916590213776e-02,-1.196058280766010284e-02,-1.198018994182348251e-02,-3.503208979964256287e-02,-1.767290569841861725e-02,-1.427426934242248535e-02,-3.016942553222179413e-02,2.742437459528446198e-02,2.730346051976084709e-03,-8.496589027345180511e-03,-2.406495437026023865e-02,1.039198134094476700e-02,1.509778480976819992e-02,-1.614351943135261536e-02,-2.325451001524925232e-02,3.313669702038168907e-03,2.943741157650947571e-02,-1.656017848290503025e-03,2.152904868125915527e-02,7.732712547294795513e-04,1.028740871697664261e-02,-6.127347704023122787e-03,-3.039164468646049500e-03,-8.823380805552005768e-03,-2.230354584753513336e-03,-8.947561495006084442e-03,-3.461379557847976685e-02,1.198018994182348251e-02,1.385597605258226395e-02,5.820163525640964508e-03,2.430024370551109314e-02,2.135584829375147820e-03,2.119245240464806557e-03,-1.022205036133527756e-02,4.794036969542503357e-03,7.130598649382591248e-03,-2.551591023802757263e-02,-4.399925842881202698e-02,-9.039063006639480591e-03,-9.771076962351799011e-03,1.857485063374042511e-02,-2.147676236927509308e-02,-1.302592456340789795e-02,-4.086205735802650452e-02,5.646963790059089661e-02,-2.750280499458312988e-02,-4.088166635483503342e-03,-7.568500004708766937e-03,3.448307886719703674e-02,-2.802567183971405029e-02,1.907157339155673981e-02,-1.342461071908473969e-02,-4.058755002915859222e-03,-3.312362357974052429e-02,2.839167788624763489e-02,-1.931339967995882034e-03,9.002094884635880589e-05,1.532000303268432617e-02,8.014570921659469604e-04,4.522799514234066010e-03,-4.643712658435106277e-03,-1.402590703219175339e-02,-8.326657116413116455e-03,9.241674095392227173e-03,-1.586901396512985229e-02,2.914983592927455902e-02,-6.320154760032892227e-03,-1.626116409897804260e-02,4.199275746941566467e-03,-2.564662694931030273e-02,-8.705735206604003906e-03,-4.690117016434669495e-02,3.314976766705513000e-02,1.207822747528553009e-02,1.084949076175689697e-02,2.497997134923934937e-02,-3.181645646691322327e-02,-8.731879293918609619e-03,2.098003774881362915e-02,-3.769871219992637634e-02,3.181645646691322327e-02,-1.258802320808172226e-02,5.990094970911741257e-03,1.832648925483226776e-02,6.019506603479385376e-03,-2.632635459303855896e-02,2.007809281349182129e-02,-1.492785289883613586e-02,8.633841760456562042e-03,1.498014014214277267e-02,3.814314678311347961e-02,-2.571852179244160652e-03,2.199309412389993668e-03,4.963968414813280106e-03,1.639188081026077271e-02,1.177104376256465912e-02,-3.367263451218605042e-02,2.206498757004737854e-02,-1.542457658797502518e-02,-1.337232347577810287e-02,-2.318588318303227425e-03,-3.924770280718803406e-03,2.147676236927509308e-02,-3.258115146309137344e-03,-1.864020898938179016e-02,1.079066749662160873e-02,-1.233966089785099030e-02,-2.045717090368270874e-02,-3.314976766705513000e-02,-6.055453326553106308e-03,-1.218933705240488052e-02,2.637864090502262115e-02,6.202510092407464981e-03,-7.293994538486003876e-03,2.932957140728831291e-03,-6.993346381932497025e-03,-8.143653161823749542e-03,1.159457582980394363e-02,-1.807812601327896118e-02,1.445727236568927765e-02,-7.536637713201344013e-04,-1.773826405405998230e-02,7.228636182844638824e-03,1.667945832014083862e-02,-1.222855225205421448e-02,-1.236580498516559601e-02,-1.598665863275527954e-02,2.355515956878662109e-02,-4.973772447556257248e-03,-1.690167561173439026e-02,-8.803773671388626099e-03,1.815655641257762909e-02,1.758140325546264648e-02,1.913693174719810486e-02,-1.647031120955944061e-02,9.195923805236816406e-03,-1.564679481089115143e-02,-7.667354657314717770e-04,2.348979935050010681e-02,-1.356839854270219803e-02,-8.816844783723354340e-03,-2.283621579408645630e-02,-1.143117994070053101e-02,-2.789495512843132019e-02,5.375726614147424698e-03,1.424812618643045425e-02,4.813644569367170334e-03,-3.092758357524871826e-02,-1.249652169644832611e-02,6.405120715498924255e-03,1.900294795632362366e-03,2.108461223542690277e-02,-5.970487836748361588e-03,-1.172529254108667374e-02,1.754872384481132030e-03,3.487522900104522705e-02,-2.304536290466785431e-02,3.769871219992637634e-02,-2.301922067999839783e-02,1.341153867542743683e-02,-1.769904792308807373e-02,2.053560130298137665e-02,2.049638703465461731e-02,-1.224162336438894272e-02,2.155519276857376099e-02,-3.092758357524871826e-02,-3.367263451218605042e-02,5.640428047627210617e-03,-1.508471276611089706e-02,-1.047041174024343491e-02,2.057481743395328522e-02,-3.348963335156440735e-02,1.490170974284410477e-02,-3.728695446625351906e-03,1.164686214178800583e-02,-1.900621503591537476e-02,-2.207479206845164299e-03,1.072530914098024368e-02,-2.405188279226422310e-03,3.604514524340629578e-03,2.928055264055728912e-02,-1.543764863163232803e-02,-5.297296214848756790e-03,1.264684554189443588e-02,-1.482327934354543686e-02,-8.986776811070740223e-04,-2.894068881869316101e-02,1.148673472926020622e-03,-4.362671636044979095e-03,1.618273369967937469e-02,-3.461379557847976685e-02,-7.862612605094909668e-03,-8.130582049489021301e-03,7.816861383616924286e-03,-9.339711628854274750e-03,3.456150740385055542e-02,1.864020898938179016e-02,3.070209641009569168e-03,1.869249530136585236e-02,4.872466903179883957e-03,1.342461071908473969e-02,8.137118071317672729e-03,2.117611467838287354e-03,-1.020407653413712978e-03,-1.047694776207208633e-02,-2.133297361433506012e-02,-4.697959870100021362e-02,-2.888840250670909882e-02,-1.280370540916919708e-02,8.496589027345180511e-03,-1.356839854270219803e-02,3.300597891211509705e-03,1.730689778923988342e-02,-1.266645360738039017e-02,-5.416902154684066772e-02,2.418259857222437859e-03,-1.215665834024548531e-03,6.522765848785638809e-03,8.163261227309703827e-03,2.253556810319423676e-02,2.639171294867992401e-02,1.731996983289718628e-02,2.611067146062850952e-03,7.313602138310670853e-03,-3.155502304434776306e-02,1.067302282899618149e-02,4.029343836009502411e-03,-3.296676650643348694e-02,1.203247718513011932e-02,-7.313602138310670853e-03,-3.147659450769424438e-02,-6.264600437134504318e-03,7.333209738135337830e-03,-4.219536855816841125e-02,3.905162913724780083e-03,1.233966089785099030e-02,-6.604463793337345123e-03,-3.895359113812446594e-03,-4.068559035658836365e-03,-1.142464391887187958e-02,8.346264250576496124e-03,5.963951814919710159e-03,-1.547359512187540531e-03,-2.081010676920413971e-02,-6.135517614893615246e-04,1.725461147725582123e-02,1.996044814586639404e-02,-3.518895059823989868e-02,1.503242645412683487e-02,1.495399605482816696e-02,-5.575069226324558258e-03,1.147039514034986496e-02,-1.257495116442441940e-02,-2.424795646220445633e-03,1.252920087426900864e-02,-1.715003699064254761e-02,3.369877859950065613e-02,1.416969578713178635e-02,-1.009133365005254745e-02,2.932957140728831291e-03,-3.702552057802677155e-03,-1.096713542938232422e-02,2.882304368540644646e-03,3.869215771555900574e-02,-6.277672015130519867e-03,-2.883611619472503662e-02,-2.479696832597255707e-02,-8.516196161508560181e-03,4.120845813304185867e-03,4.199275746941566467e-03,4.597961902618408203e-03,-1.721539534628391266e-02,-1.268769497983157635e-03,-4.990112036466598511e-03,1.845720596611499786e-02,-1.213705074042081833e-02,2.878382802009582520e-02,3.518895059823989868e-02,-2.249635383486747742e-02,2.026109583675861359e-02,7.071776315569877625e-03,-3.245043335482478142e-03,8.875667117536067963e-03,-1.833955943584442139e-02,1.079066749662160873e-02,-1.005211845040321350e-02,-1.540006778668612242e-04,-1.686246134340763092e-02,9.202458895742893219e-03,3.063673793803900480e-04,-9.914865717291831970e-03,1.788205094635486603e-02,-3.338179085403680801e-03,2.594727464020252228e-02,1.804936975240707397e-01,3.272820729762315750e-03,-5.646963603794574738e-03,3.607782348990440369e-02,8.908346295356750488e-03,1.717291306704282761e-03,4.287509620189666748e-02,8.202476426959037781e-03,1.500628329813480377e-02,2.521526068449020386e-02,-2.870539948344230652e-02,-1.369911525398492813e-02,-2.458782121539115906e-02,-2.233622595667839050e-03,8.293977938592433929e-03,-2.962041646242141724e-02,-2.711065486073493958e-02,-8.137118071317672729e-03,-3.375106677412986755e-02,-2.155519276857376099e-02,2.094082348048686981e-02,-1.126124802976846695e-02,9.222066961228847504e-03,-1.581672765314579010e-02,2.290157414972782135e-02,-4.944361280649900436e-03,-1.020897831767797470e-02,-3.794053802266716957e-03,3.077072277665138245e-02,-1.285599265247583389e-02,-3.403864055871963501e-02,-1.688860356807708740e-02,-1.490170974284410477e-02,-2.618256583809852600e-02,-3.424778953194618225e-02,-1.025309553369879723e-03,1.768597587943077087e-02,4.205811303108930588e-03,-1.445727236568927765e-02,7.673073094338178635e-03,2.758123446255922318e-03,5.179651081562042236e-03,-7.687779143452644348e-04,-2.325451001524925232e-02,6.101204548031091690e-03,8.104438893496990204e-03,-2.250942401587963104e-02,-1.471870578825473785e-02,-1.661532442085444927e-04,-1.959117362275719643e-03,-2.586884424090385437e-02,1.194097567349672318e-02,2.453553490340709686e-02,-1.111745927482843399e-02,-6.797271315008401871e-03,-1.912386156618595123e-02,1.511085685342550278e-02,1.550300698727369308e-02,-6.395317148417234421e-03,-1.044917036779224873e-03,-6.418192293494939804e-03,-3.315303707495331764e-03,-2.891454473137855530e-02,-2.908447757363319397e-03,2.908447757363319397e-03,2.247020974755287170e-02,-3.006485290825366974e-02,1.567783998325467110e-03,-1.837877556681632996e-02,-1.800623256713151932e-03,-1.973822899162769318e-02,5.042398814111948013e-03,-4.401886835694313049e-03,9.901793673634529114e-03,-5.771144758909940720e-03,-1.643109507858753204e-02,1.385597605258226395e-02,2.467278623953461647e-03,1.466641947627067566e-02,1.501935441046953201e-02,-1.555529329925775528e-02,1.275795511901378632e-02,-1.328735798597335815e-02,1.560758054256439209e-02,4.146171850152313709e-04,-2.416217466816306114e-04,2.573812752962112427e-02,4.219700058456510305e-04,-2.091467939317226410e-02,4.046990722417831421e-02,1.503242645412683487e-02,-2.331660129129886627e-03,3.745035035535693169e-03,6.758056115359067917e-03,-4.794036969542503357e-03,-4.264634102582931519e-03,-5.986827425658702850e-03,2.700117765925824642e-04,-6.140419282019138336e-03,4.735214170068502426e-03,-1.262723840773105621e-02,-3.359420597553253174e-02,2.528061904013156891e-02,-1.947679556906223297e-03,-1.142464391887187958e-02,1.846374128945171833e-03,-4.542407114058732986e-03,2.045717090368270874e-02,-3.166613401845097542e-03,-2.341137081384658813e-02,7.320138160139322281e-03,-2.555512450635433197e-02,-1.864347723312675953e-03,8.261298760771751404e-03,-9.267817251384258270e-03,6.758056115359067917e-03,-3.562031546607613564e-03,-2.005195058882236481e-02,6.251528859138488770e-03,-3.819543495774269104e-02,7.483534049242734909e-03,-3.563338518142700195e-02,-5.800555809400975704e-04,4.758906725328415632e-04,-1.648665056563913822e-03,-7.895291782915592194e-03,4.941093269735574722e-03,4.160469106864184141e-04,1.794740930199623108e-02,-4.099277406930923462e-02,2.402573823928833008e-02,-1.899314485490322113e-02,1.136582158505916595e-02,4.311038553714752197e-02,1.160111185163259506e-02,-8.717173477634787560e-04,8.182868361473083496e-03,-3.053543344140052795e-02,-8.705735206604003906e-03,-1.582979783415794373e-02,-4.068559035658836365e-03,1.016322709619998932e-02,-9.235138073563575745e-03,3.576410189270973206e-02,2.852239459753036499e-02,-1.112399529665708542e-02,1.776440627872943878e-02,-1.671867258846759796e-02,-9.666503407061100006e-03,-8.535804226994514465e-03,-2.533290721476078033e-02,2.098003774881362915e-02,1.954215392470359802e-02,-2.027416788041591644e-02,2.828710526227951050e-02,-8.836452849209308624e-03,-2.330679632723331451e-02,-2.133297361433506012e-02,-3.356152679771184921e-03,1.005211845040321350e-02,-4.912335425615310669e-02,8.869132027029991150e-03,2.453553490340709686e-02,-3.769871219992637634e-02,1.474484987556934357e-02,-2.109441673383116722e-03,-1.653305441141128540e-01,2.001600340008735657e-03,1.328735798597335815e-02,-5.241741891950368881e-03,-3.457457991316914558e-03,-2.209113212302327156e-03,3.084915317595005035e-02,1.154882460832595825e-02,-1.524157356470823288e-02,1.631345041096210480e-02,2.292771823704242706e-02,-1.376447360962629318e-02,-2.313686534762382507e-03,5.892057437449693680e-03,-4.329992458224296570e-03,1.748990081250667572e-02,-2.316300757229328156e-02,3.826732980087399483e-03,3.461379557847976685e-02,-3.229112189728766680e-04,4.588158056139945984e-02,-1.750297285616397858e-02,-1.720232516527175903e-02,-3.341120108962059021e-02,2.886225841939449310e-02,-1.496706856414675713e-03,-1.864020898938179016e-02,7.411639671772718430e-03,-1.827420108020305634e-02,-2.239177934825420380e-02,-1.517621520906686783e-02,9.941008873283863068e-03,1.333964429795742035e-02,-2.596034668385982513e-02,3.241775557398796082e-02,7.653465960174798965e-03,-7.895291782915592194e-03,-5.277688615024089813e-03,-2.959100529551506042e-03,1.773826405405998230e-02,-4.094702191650867462e-03,3.722812980413436890e-02,7.784182671457529068e-03,-2.424795646220445633e-03,-2.045717090368270874e-02,3.207788988947868347e-02,-7.084847893565893173e-03,2.067939005792140961e-02,1.751604489982128143e-02,-1.262070238590240479e-02,2.290157414972782135e-02,-3.288833424448966980e-02,-1.050309091806411743e-02,-6.973738782107830048e-03,7.228636182844638824e-03,1.612717867828905582e-03,-9.699182584881782532e-03,-2.512376010417938232e-02,-7.869148626923561096e-03,-1.276449114084243774e-02,2.134604565799236298e-02,-1.640495285391807556e-02,2.490154001861810684e-03,-7.261315360665321350e-03,7.535820826888084412e-03,8.202476426959037781e-03,-1.823498681187629700e-02,-2.924787346273660660e-03,-1.828727312386035919e-02,7.712288293987512589e-03,-2.213034592568874359e-02,-1.397362072020769119e-02,1.309781894087791443e-02,-4.347639158368110657e-02,1.048348378390073776e-02,1.647031120955944061e-02,-5.192723125219345093e-03,8.829916827380657196e-03,1.641802489757537842e-02,1.259455922991037369e-02,-9.921401739120483398e-03,3.555495664477348328e-02,1.570235006511211395e-03,1.186254527419805527e-02,1.460106112062931061e-02,-1.946372352540493011e-02,-5.215598270297050476e-03,-2.374143106862902641e-03,-9.614217095077037811e-03,-1.750297285616397858e-02,-2.874134574085474014e-03,-1.322199963033199310e-02,2.609433140605688095e-03,-3.205174580216407776e-02,2.452246285974979401e-02,1.641802489757537842e-02,7.496605627238750458e-03,-5.029327236115932465e-03,6.303815171122550964e-03,-1.993430405855178833e-02,8.994946256279945374e-04,-1.435269974172115326e-02,-3.165959566831588745e-02,1.133314240723848343e-02,1.203901320695877075e-02,8.869132027029991150e-03,4.823448136448860168e-03,1.809119805693626404e-02,3.278376162052154541e-02,-4.009736236184835434e-03,-1.232005376368761063e-02,1.164686214178800583e-02,6.326690781861543655e-03,2.820867486298084259e-02,2.281007356941699982e-02,8.901811204850673676e-03,-1.538536138832569122e-02,-3.343734517693519592e-02,-1.432655565440654755e-02,-9.620753116905689240e-03,6.049571186304092407e-02,-2.084932103753089905e-02,6.189438048750162125e-03,-6.180451600812375546e-04,1.220240909606218338e-02,-2.695379406213760376e-02,-1.007564738392829895e-01,-2.920212224125862122e-02,1.921536214649677277e-02,3.040471673011779785e-02,2.428717166185379028e-02,1.042466051876544952e-02,-2.331986837089061737e-02,2.210420183837413788e-02,-4.758089780807495117e-03,2.980341948568820953e-02,-5.611016415059566498e-03,-1.748990081250667572e-02,9.124029427766799927e-03,1.362068578600883484e-02,8.888739161193370819e-03,-6.784199271351099014e-03,-9.627289138734340668e-03,-2.423488534986972809e-02,-1.337885949760675430e-02,2.027416788041591644e-02,-1.628730632364749908e-02,1.428734138607978821e-02,3.040798474103212357e-03,-4.705803096294403076e-02,1.094099227339029312e-02,-5.473764147609472275e-03,-3.453536704182624817e-02,1.682324521243572235e-02,3.411707282066345215e-02,-1.403571106493473053e-03,-1.709775067865848541e-02,5.003183614462614059e-03,6.660018581897020340e-03,1.585451173014007509e-05,-8.927954360842704773e-03,-1.707487623207271099e-03,-3.058771975338459015e-02,-6.460675504058599472e-03,2.389502152800559998e-02,-1.193443965166807175e-02,2.464010845869779587e-03,1.478406414389610291e-02,-2.800606423988938332e-03,-5.813627503812313080e-03,8.186136838048696518e-04,3.643729491159319878e-03,-4.333260469138622284e-03,1.167300622910261154e-02,6.039113737642765045e-03,-8.882203139364719391e-03,1.236907206475734711e-03,8.869132027029991150e-03,-4.329992458224296570e-03,-1.751604489982128143e-02,-8.463909849524497986e-03,-1.350304018706083298e-02,1.316971238702535629e-02,1.439518178813159466e-03,-6.980274338275194168e-03,7.738431915640830994e-03,-1.413048058748245239e-02,-9.980224072933197021e-03,4.977040458470582962e-03,3.314976766705513000e-02,8.392015472054481506e-03,-5.453339545056223869e-04,-2.164669334888458252e-02,-3.061386384069919586e-02,2.044410072267055511e-02,8.764558471739292145e-03,2.831324748694896698e-02,7.947578094899654388e-03,-2.758123539388179779e-02,2.799952775239944458e-02,-3.430007398128509521e-02,1.975130103528499603e-02,-1.763368956744670868e-02,-2.003887854516506195e-02,2.601263346150517464e-03,-5.819509923458099365e-02,-3.689480246976017952e-03,-2.478389628231525421e-02,1.182333007454872131e-02,-1.007826160639524460e-02,3.526737913489341736e-02,1.213705074042081833e-02,1.831341721117496490e-02,-6.320154760032892227e-03,1.664024218916893005e-02,-1.854870654642581940e-02,5.888789892196655273e-03,1.457491796463727951e-02,1.351611223071813583e-02,-2.269242890179157257e-02,2.114997059106826782e-02,-4.895342513918876648e-03,-1.186908129602670670e-02,4.486852325499057770e-03,-1.559450849890708923e-02,-2.645707130432128906e-02,6.883054156787693501e-04,-1.058805733919143677e-02,-4.240451380610466003e-02,1.424812618643045425e-02,-1.716310903429985046e-02,-2.206498757004737854e-02,8.516196161508560181e-03,-1.079066749662160873e-02,-4.946811823174357414e-04,-1.345075387507677078e-02,-2.135911770164966583e-02,-1.390499412082135677e-03,-3.843072568997740746e-03,6.867735464766155928e-06,5.604480975307524204e-04,-1.917614787817001343e-02,-2.939492929726839066e-03,1.888857036828994751e-02,-1.495072850957512856e-03,-1.823498634621500969e-03,-2.330434654140844941e-04,8.504758588969707489e-04,-1.849642023444175720e-02,8.614233694970607758e-03,2.999949501827359200e-03,3.552881255745887756e-02,-8.254762738943099976e-03,4.907106980681419373e-02,8.254762738943099976e-03,9.097886271774768829e-03,-6.307083182036876678e-03,5.228670197539031506e-04,9.202458895742893219e-03,2.846357179805636406e-03,2.308457903563976288e-02,2.220877632498741150e-02,1.845720596611499786e-02,-2.605184912681579590e-02,-2.369241090491414070e-03,4.564629122614860535e-02,1.924150623381137848e-02,4.075748473405838013e-02,-6.437799893319606781e-03,-2.135911770164966583e-02,3.591442713513970375e-03,3.338179085403680801e-03,-2.901911921799182892e-02,1.248998567461967468e-02,-3.179031237959861755e-02,1.700625009834766388e-02,1.054230611771345139e-02,-3.414321690797805786e-02,1.084949076175689697e-02,2.619563788175582886e-02,-1.945065334439277649e-02,-5.101221147924661636e-03,-1.112399529665708542e-02,-1.826113089919090271e-02,2.301922067999839783e-02,-4.957432858645915985e-03,1.679710298776626587e-02,-4.682274162769317627e-02,3.126744553446769714e-02,4.460709169507026672e-03,2.024475717917084694e-03,5.758072715252637863e-03,1.226776745170354843e-02,1.407819427549839020e-02,-2.747666090726852417e-02,3.653533291071653366e-03,-8.914882317185401917e-03,-1.499321125447750092e-02,-7.686145137995481491e-03,-1.156189665198326111e-02,2.266628481447696686e-02,1.380368880927562714e-02,1.437884289771318436e-03,-9.137100540101528168e-03,-1.986894570291042328e-02,1.976437307894229889e-02,-7.346281316131353378e-03,2.870866563171148300e-03,1.025472953915596008e-02,5.859378259629011154e-03,-2.147676236927509308e-02,1.063380762934684753e-02,1.720232516527175903e-02,1.733304187655448914e-02,-1.311089005321264267e-02,1.084949076175689697e-02,2.066631801426410675e-02,-4.405154380947351456e-03,6.526033859699964523e-03,2.400286262854933739e-03,1.701932027935981750e-02,-1.293442212045192719e-02,2.841782197356224060e-02,1.653566956520080566e-02,4.669855814427137375e-03,1.599973067641258240e-02,-1.376610744046047330e-04,1.112399529665708542e-02,-1.249652169644832611e-02,-8.231070241890847683e-04,-1.098020747303962708e-02,-1.720232516527175903e-02,-5.228669848293066025e-03,1.105210091918706894e-02,-4.031304642558097839e-02,-3.534581139683723450e-02,-2.351594343781471252e-02,1.871863938868045807e-02,1.657488383352756500e-02,1.206515636295080185e-02,3.011713922023773193e-02,1.071877405047416687e-02,-2.655184129253029823e-03,-4.029343836009502411e-03,5.611016415059566498e-03,-8.960633538663387299e-03,-5.019523203372955322e-03,3.061386384069919586e-02,1.167954131960868835e-02,1.158803980797529221e-02,2.120225690305233002e-02,-1.801276765763759613e-02,1.879706978797912598e-02,2.328392118215560913e-03,-1.196711882948875427e-02,-1.882321201264858246e-02,1.394747756421566010e-02,1.113543286919593811e-03,1.564679481089115143e-02,6.222117226570844650e-03,-2.058788761496543884e-02,2.460742834955453873e-03,-1.916838664328679442e-04,6.509694270789623260e-03,-2.473160997033119202e-02,1.466641947627067566e-02,-1.977744512259960175e-02,5.270499363541603088e-02,4.382279235869646072e-03,5.281773628666996956e-04,1.248344965279102325e-02,-4.652699280995875597e-04,3.116287291049957275e-02,1.265991758555173874e-02,-6.127347704023122787e-03,-3.741767024621367455e-03,-1.446871086955070496e-03,2.024802565574645996e-02,7.195957005023956299e-03,1.703239232301712036e-02,7.516213372582569718e-05,-2.982956357300281525e-02,-2.091467939317226410e-02,1.975130103528499603e-02,2.014345116913318634e-02,-3.056157566606998444e-02,-8.228619582951068878e-03,3.897973522543907166e-02,1.704546436667442322e-02,1.293442212045192719e-02,1.060112845152616501e-02,-8.006401360034942627e-03,1.167463953606784344e-03,3.351577371358871460e-02,-1.175143569707870483e-02,-4.503191914409399033e-03,-5.228669941425323486e-02,4.493388347327709198e-03,2.295712911291047931e-04,-4.062676802277565002e-02,-1.735918410122394562e-02,8.803773671388626099e-03,-3.618239611387252808e-02,-3.078379435464739799e-03,-1.965979859232902527e-02,-7.320138160139322281e-03,-3.086549229919910431e-03,-5.631277710199356079e-02,2.805181406438350677e-02,-1.135274954140186310e-02,-1.822191476821899414e-02,1.891471445560455322e-02,1.456184592097997665e-02,-3.673140658065676689e-03,3.682944457978010178e-03,-9.110957384109497070e-03
-2.011371217668056488e-02,-1.682330854237079620e-02,-5.418923217803239822e-03,2.683535404503345490e-02,3.370423102751374245e-03,2.577269449830055237e-02,2.542620932217687368e-04,-2.349373698234558105e-02,1.487563247792422771e-03,1.633678935468196869e-02,2.839733473956584930e-02,4.292248282581567764e-03,-9.269463829696178436e-03,-8.161992765963077545e-03,-2.151775515812914819e-05,1.353290490806102753e-02,1.204774249345064163e-02,1.264308765530586243e-02,1.762990467250347137e-02,-3.211984410881996155e-03,-2.347773406654596329e-03,-2.602235414087772369e-03,1.065220125019550323e-02,3.287202678620815277e-03,-2.188054285943508148e-02,-1.381457317620515823e-02,1.803960464894771576e-02,-3.189578885212540627e-03,1.911506801843643188e-02,-4.861987195909023285e-03,-6.116693839430809021e-03,4.145012353546917439e-04,-2.572148106992244720e-02,-1.412184815853834152e-02,-4.294168576598167419e-02,-1.773232966661453247e-02,-7.777899503707885742e-03,1.547897979617118835e-02,1.729702390730381012e-02,-9.685564786195755005e-03,6.811263505369424820e-03,-4.279444925487041473e-03,-6.177508737891912460e-03,1.058818586170673370e-02,-1.139478292316198349e-02,7.246569730341434479e-03,-1.707616960629820824e-03,-1.225899346172809601e-02,-2.642565406858921051e-02,2.116356790065765381e-02,-1.341767702251672745e-02,1.961438916623592377e-02,-2.092030830681324005e-02,-3.440840169787406921e-03,-7.169750984758138657e-03,2.070265635848045349e-02,-7.873922586441040039e-03,6.187110673636198044e-03,3.437639446929097176e-03,-9.154235012829303741e-03,-8.373244665563106537e-03,8.616504259407520294e-03,2.418190473690629005e-03,7.585852406919002533e-03,-2.001128718256950378e-02,-1.632398576475679874e-03,1.460836734622716904e-02,-1.748907007277011871e-02,-1.584386918693780899e-03,7.022514939308166504e-03,2.791081555187702179e-02,2.839733473956584930e-02,4.682743456214666367e-03,9.722374379634857178e-04,7.252971176058053970e-03,-3.661694005131721497e-02,-2.334010042250156403e-02,-1.887180842459201813e-02,-2.788520976901054382e-02,-1.050496567040681839e-02,-8.590897545218467712e-03,-1.601671054959297180e-02,3.098356537520885468e-03,-2.453399123623967171e-03,1.714338548481464386e-02,-5.812619347125291824e-03,-1.604231819510459900e-02,1.122834160923957825e-02,-3.400510549545288086e-02,-4.888233542442321777e-02,4.231433384120464325e-03,2.506852149963378906e-02,-1.481321733444929123e-02,3.070189803838729858e-02,-2.478685230016708374e-02,1.770672388374805450e-02,-8.065969683229923248e-03,4.022742435336112976e-02,8.782944642007350922e-03,-1.577345095574855804e-02,-6.542397662997245789e-03,-1.017208397388458252e-02,-1.088905893266201019e-02,9.275864809751510620e-03,-4.184061661362648010e-02,-1.456995774060487747e-02,2.069305395707488060e-03,4.452287219464778900e-03,1.780914887785911560e-02,-1.754028350114822388e-02,6.347150076180696487e-03,4.171258583664894104e-02,5.652580410242080688e-03,-2.121478132903575897e-02,-2.012651413679122925e-02,-2.112515829503536224e-02,-1.609352976083755493e-02,-1.853892765939235687e-02,-4.721153061836957932e-03,-1.146520022302865982e-02,-7.630663458257913589e-03,1.814202964305877686e-02,1.456355676054954529e-03,-3.026659041643142700e-02,-2.931915922090411186e-03,8.232410065829753876e-03,-3.264797106385231018e-02,-4.929203540086746216e-03,1.818043924868106842e-02,6.836869753897190094e-03,4.680823162198066711e-02,1.640080474317073822e-02,2.798763476312160492e-02,-1.661845855414867401e-02,8.846960030496120453e-03,2.236706204712390900e-02,1.094027142971754074e-02,6.244725082069635391e-03,-1.049216184765100479e-02,1.078663393855094910e-02,1.378896739333868027e-02,1.158042810857295990e-02,8.890170720405876637e-04,-2.030575834214687347e-02,8.174796588718891144e-03,3.812931245192885399e-04,1.784435706213116646e-03,3.938241675496101379e-02,-7.150546181946992874e-03,-2.117637172341346741e-02,9.839202277362346649e-03,-9.006999433040618896e-03,3.136765956878662109e-02,-2.727065980434417725e-02,1.512049231678247452e-02,-1.553019229322671890e-02,-7.067325990647077560e-03,1.894862763583660126e-02,1.606792397797107697e-02,-2.109955251216888428e-02,2.607996948063373566e-02,3.349297866225242615e-02,2.126599289476871490e-02,1.111951563507318497e-02,1.077383104711771011e-02,3.231509029865264893e-02,1.046655606478452682e-02,-2.020333334803581238e-02,-2.624640986323356628e-02,1.025850535370409489e-03,1.131796371191740036e-02,1.505967811681330204e-03,-2.650247141718864441e-02,1.100428681820631027e-02,-9.114225977100431919e-04,-1.203493867069482803e-02,1.805240847170352936e-02,6.894483696669340134e-03,-3.065068461000919342e-02,2.097152173519134521e-02,-3.607920929789543152e-02,1.063299644738435745e-02,2.180372364819049835e-02,4.493897315114736557e-03,-2.325047738850116730e-02,-8.008355274796485901e-03,6.760051008313894272e-03,-3.463245695456862450e-03,7.489828858524560928e-03,7.241768180392682552e-04,2.921673469245433807e-02,2.878142893314361572e-02,2.783079631626605988e-03,-1.608072780072689056e-02,-6.592074036598205566e-01,-1.109390892088413239e-02,-9.359085932374000549e-03,-2.742429636418819427e-02,1.219497807323932648e-02,1.345608569681644440e-02,6.228721234947443008e-03,3.605360537767410278e-02,-7.707482203841209412e-03,5.851028952747583389e-03,8.923779241740703583e-03,2.663050405681133270e-02,2.020333334803581238e-02,-9.948029182851314545e-03,-2.278956584632396698e-03,-1.047935895621776581e-02,-1.242543384432792664e-02,-8.402051753364503384e-04,7.707482203841209412e-03,9.826399385929107666e-03,-9.154235012829303741e-03,2.057462371885776520e-02,-6.301538669504225254e-04,-1.251505594700574875e-02,2.016492420807480812e-03,1.382737699896097183e-02,8.552488870918750763e-03,4.000977147370576859e-03,-1.403222698718309402e-02,-9.339881129562854767e-03,-2.208539284765720367e-02,3.296805080026388168e-03,-2.117316937074065208e-03,2.880703471601009369e-02,2.839733473956584930e-02,-7.240167818963527679e-03,-1.806521229445934296e-02,3.328812867403030396e-02,-6.453575915656983852e-04,4.724353551864624023e-02,-1.729702390730381012e-02,-1.314721070230007172e-03,3.323691710829734802e-02,8.731732144951820374e-03,8.277221582829952240e-03,-3.485651221126317978e-03,1.385298278182744980e-02,4.404275678098201752e-03,-7.259372621774673462e-03,1.737384311854839325e-02,-1.518450770527124405e-02,-3.518299013376235962e-02,-3.511257469654083252e-03,4.129008390009403229e-03,-6.283134222030639648e-03,5.399718414992094040e-03,2.678414061665534973e-02,2.114116214215755463e-03,-1.103269387385807931e-04,-5.851028952747583389e-03,-3.597678616642951965e-03,2.116356790065765381e-02,-9.839202277362346649e-03,-2.400586195290088654e-02,-2.026734873652458191e-02,7.348994724452495575e-03,-1.911506801843643188e-02,2.437715232372283936e-02,2.163728326559066772e-02,1.206054538488388062e-02,1.669527776539325714e-02,3.015136346220970154e-03,2.680974639952182770e-02,-1.458276156336069107e-02,1.272630784660577774e-02,-9.275864809751510620e-03,5.207671783864498138e-03,-1.102989353239536285e-02,7.496230769902467728e-03,9.205447509884834290e-03,3.549666842445731163e-03,-1.059458684176206589e-02,-5.026507377624511719e-02,-7.099333684891462326e-03,2.565746568143367767e-02,4.132208880037069321e-03,-3.303206712007522583e-02,-6.449575070291757584e-03,-3.367222379893064499e-03,-1.733543351292610168e-02,4.602723754942417145e-03,2.336570620536804199e-02,2.358576020924374461e-04,1.646482013165950775e-02,1.560701150447130203e-02,3.510617464780807495e-02,6.097489036619663239e-03,2.386502735316753387e-02,1.298877224326133728e-02,3.258395707234740257e-03,7.156947627663612366e-03,-1.172126270830631256e-02,2.931915922090411186e-03,-1.483882404863834381e-02,1.492844521999359131e-02,1.267509534955024719e-02,-3.195660561323165894e-02,-1.016568206250667572e-02,1.673368550837039948e-02,-1.328964531421661377e-02,9.128629229962825775e-03,-1.146520022302865982e-02,-2.755872905254364014e-03,-2.253350336104631424e-03,-1.369134290143847466e-03,-3.001052886247634888e-02,5.918245296925306320e-03,2.068985253572463989e-02,-2.400586195290088654e-02,-3.082992881536483765e-02,2.062583714723587036e-02,-2.712662331759929657e-03,8.610102348029613495e-03,-1.632398553192615509e-02,1.259827613830566406e-02,3.024098463356494904e-02,6.711638707201927900e-05,-2.197016589343547821e-02,-1.442912314087152481e-02,1.619595475494861603e-02,-9.685564786195755005e-03,1.316161360591650009e-02,2.673292905092239380e-02,6.568003911525011063e-03,2.983128465712070465e-02,-1.065860316157341003e-02,1.629837974905967712e-02,-1.918868627399206161e-03,1.681050471961498260e-02,-1.459556445479393005e-02,-2.480605849996209145e-03,1.140118390321731567e-02,5.783812608569860458e-03,-8.341236971318721771e-03,2.288558898726478219e-04,-4.616807401180267334e-02,-1.014007627964019775e-02,-3.056746441870927811e-03,-5.633375793695449829e-02,2.010090835392475128e-02,-1.688732393085956573e-02,-1.903824880719184875e-02,-2.277676202356815338e-02,-8.571692742407321930e-03,1.204774249345064163e-02,-3.460044972598552704e-03,7.477025967091321945e-03,-8.309229277074337006e-03,6.033473182469606400e-03,-5.387555807828903198e-02,2.651847666129469872e-03,7.246569730341434479e-03,-1.073542144149541855e-02,-2.460760995745658875e-02,1.524852402508258820e-02,-9.231054224073886871e-03,5.828623194247484207e-03,2.071545831859111786e-02,1.781234983354806900e-03,-2.267433702945709229e-02,4.605924710631370544e-03,1.682330854237079620e-02,-7.525837863795459270e-04,2.711702138185501099e-02,1.683611189946532249e-03,2.707861363887786865e-03,-5.895839538425207138e-03,-3.933120518922805786e-02,2.126599289476871490e-02,1.517170481383800507e-02,2.131720632314682007e-02,2.637444064021110535e-02,-2.213340485468506813e-03,-1.394260488450527191e-02,3.185417875647544861e-02,9.448707103729248047e-03,-9.403896518051624298e-03,-1.369934529066085815e-02,-2.089470252394676208e-02,4.337059217505156994e-04,1.231660787016153336e-02,1.371214818209409714e-02,3.026659041643142700e-02,-7.745891343802213669e-03,1.508208271116018295e-02,1.773232966661453247e-02,2.054901793599128723e-02,-5.271687172353267670e-03,2.189334714785218239e-03,3.748755529522895813e-02,1.917908340692520142e-02,6.097489036619663239e-03,2.750111557543277740e-02,-1.811642386019229889e-02,1.935832761228084564e-02,-2.029295638203620911e-02,-2.218141686171293259e-03,-2.911430969834327698e-02,1.323843281716108322e-02,1.829246757552027702e-03,2.162448130548000336e-02,-4.550231248140335083e-02,-1.878218725323677063e-02,-1.723300851881504059e-02,8.597299456596374512e-03,2.890945971012115479e-02,-3.109559416770935059e-03,8.005955023691058159e-04,8.654913865029811859e-03,5.783812608569860458e-03,2.068985253572463989e-02,9.416699409484863281e-03,6.990507245063781738e-03,-1.974242180585861206e-02,-3.187978640198707581e-02,2.663050405681133270e-02,3.981772437691688538e-02,3.352818894200026989e-04,1.526132691651582718e-02,-1.158682908862829208e-02,1.469158800318837166e-03,1.723300851881504059e-02,-6.532795261591672897e-03,1.036413107067346573e-02,3.495253622531890869e-03,-3.287202678620815277e-03,-1.637519896030426025e-02,-2.678414061665534973e-02,3.049704805016517639e-02,-7.745891343802213669e-03,9.237456135451793671e-03,1.058818586170673370e-02,2.341691777110099792e-02,-2.744990400969982147e-02,3.043943317607045174e-03,2.031856216490268707e-02,6.119894329458475113e-03,-6.708838511258363724e-03,3.263196907937526703e-03,-1.138197910040616989e-02,3.380025504156947136e-03,2.074106410145759583e-02,-2.696338482201099396e-02,7.387403864413499832e-03,1.046655606478452682e-02,4.990018438547849655e-03,-1.224298961460590363e-03,1.039613876491785049e-02,2.162448130548000336e-02,2.701459638774394989e-02,-8.219607174396514893e-03,-2.328568603843450546e-03,1.637519896030426025e-02,1.364813279360532761e-02,3.159811720252037048e-02,-1.634959317743778229e-02,-1.314881071448326111e-02,-3.370423102751374245e-03,-1.097868103533983231e-02,-3.536223620176315308e-02,1.376336091198027134e-03,-1.086985412985086441e-02,1.792437769472599030e-02,-6.301538669504225254e-04,7.769897347316145897e-04,1.098508294671773911e-02,-6.413566297851502895e-04,4.637932404875755310e-03,1.421147026121616364e-02,1.558140479028224945e-02,-1.057538297027349472e-02,-2.342972159385681152e-02,-8.362042135559022427e-04,-3.261596430093050003e-03,3.469647374004125595e-03,-2.093311166390776634e-03,-1.975522376596927643e-02,-1.110031083226203918e-02,-2.862779051065444946e-02,-1.241903286427259445e-02,-2.237986586987972260e-02,6.606413517147302628e-03,1.625997014343738556e-02,-1.285913982428610325e-03,-5.316498223692178726e-03,-2.149644866585731506e-02,3.454283624887466431e-02,-1.448033563792705536e-02,9.659959003329277039e-03,1.766831427812576294e-02,-1.782835344783961773e-03,-4.048988688737154007e-03,-9.948029182851314545e-03,1.023750010062940419e-04,4.893355071544647217e-02,6.529594305902719498e-03,1.252145785838365555e-02,7.054522633552551270e-03,-1.230380497872829437e-02,-3.152129799127578735e-02,-6.836869753897190094e-03,-1.020409166812896729e-02,1.608072780072689056e-02,-4.116205032914876938e-03,6.395161617547273636e-03,-9.474313817918300629e-03,-1.346888951957225800e-02,1.004405319690704346e-02,4.260880500078201294e-02,-3.671936690807342529e-02,-2.106114290654659271e-02,-3.692421689629554749e-02,-4.903697481495328248e-05,1.197092328220605850e-02,8.219607174396514893e-02,1.805240870453417301e-03,-1.314881071448326111e-02,1.066500414162874222e-02,-1.117072813212871552e-02,1.567102596163749695e-02,-4.575837403535842896e-02,-2.227744087576866150e-02,9.397494606673717499e-03,-1.327684242278337479e-02,-1.565822400152683258e-02,-1.355851069092750549e-02,5.274888128042221069e-03,-1.814202964305877686e-02,2.564466185867786407e-02,7.675474509596824646e-03,1.595269516110420227e-02,-6.907286588102579117e-03,-5.917444941587746143e-04,-8.539685048162937164e-03,-1.993446797132492065e-02,-3.155970713123679161e-03,2.727065980434417725e-02,2.577269449830055237e-02,-1.812922768294811249e-02,-1.168285310268402100e-02,1.088265795260667801e-02,2.550382725894451141e-02,2.400586195290088654e-02,1.049056183546781540e-03,7.073727436363697052e-03,1.289915014058351517e-02,1.908946223556995392e-02,2.339771483093500137e-03,5.265285726636648178e-04,2.239266782999038696e-02,-9.000597521662712097e-03,3.336494788527488708e-02,-6.593610160052776337e-03,-2.944719046354293823e-02,2.618239447474479675e-02,9.551132097840309143e-03,2.737308479845523834e-02,-1.336646452546119690e-02,8.821354247629642487e-03,2.640004642307758331e-02,1.931991800665855408e-02,1.930711418390274048e-02,-2.837172895669937134e-02,-2.330169081687927246e-02,2.714262902736663818e-02,-7.985950214788317680e-04,-1.984484679996967316e-02,8.571692742407321930e-03,1.036413107067346573e-02,1.739624771289527416e-03,7.809907197952270508e-03,-1.957597956061363220e-02,-7.310585118830204010e-03,1.380177028477191925e-02,-9.199046529829502106e-03,-1.928150840103626251e-02,-1.202853769063949585e-02,-3.192779608070850372e-03,-3.735952451825141907e-02,-9.493518620729446411e-03,-2.607996948063373566e-02,1.859013922512531281e-02,-1.168285310268402100e-02,2.325047738850116730e-02,-1.029371377080678940e-02,6.475181318819522858e-03,-1.296956744045019150e-02,1.906065503135323524e-03,3.999696671962738037e-02,2.150925248861312866e-02,-7.765096146613359451e-03,-2.396745234727859497e-02,7.073727436363697052e-03,-8.059567771852016449e-03,-6.760051008313894272e-03,-2.083068713545799255e-02,1.540216151624917984e-02,-1.039613876491785049e-02,-7.880324497818946838e-03,1.902544684708118439e-02,1.784755848348140717e-02,8.443661965429782867e-03,-1.390419527888298035e-02,1.717419363558292389e-04,-1.483882404863834381e-02,-5.694190505892038345e-03,2.323767542839050293e-02,-1.280952803790569305e-02,-6.219118833541870117e-03,8.065969683229923248e-03,-3.687300486490130424e-03,-3.234069794416427612e-02,-1.352010201662778854e-02,-6.177508737891912460e-03,-3.520859871059656143e-03,-1.642641052603721619e-02,4.689144901931285858e-03,-7.348994724452495575e-03,2.537579648196697235e-02,1.083784643560647964e-02,-5.719796754419803619e-03,7.675474509596824646e-03,-1.974242180585861206e-02,-1.085064932703971863e-02,-2.010090975090861320e-03,-2.937037311494350433e-02,1.026170607656240463e-02,-2.398025617003440857e-02,-1.737384311854839325e-02,3.467086702585220337e-02,3.267998108640313148e-03,2.913991548120975494e-02,8.571692742407321930e-03,-5.556556861847639084e-03,-1.826045918278396130e-03,-3.090674802660942078e-02,2.436435036361217499e-02,-1.802680268883705139e-02,-1.477480772882699966e-02,2.486367151141166687e-02,-1.432669814676046371e-02,-3.254554793238639832e-02,6.913688266649842262e-04,1.487723272293806076e-02,-7.368199527263641357e-03,2.360896579921245575e-02,1.006325706839561462e-02,2.261032164096832275e-02,-1.476200483739376068e-02,-2.186774089932441711e-02,1.317441742867231369e-02,-8.590897545218467712e-03,-7.848316803574562073e-03,4.935605451464653015e-03,-3.305767104029655457e-02,-2.573428489267826080e-02,-1.835968345403671265e-02,-2.050100592896342278e-03,-2.939597889780998230e-02,-2.430033497512340546e-02,-1.097227912396192551e-02,-7.950741797685623169e-03,-2.724505402147769928e-02,2.477405034005641937e-02,-3.189578885212540627e-03,-8.232410065829753876e-03,-1.769392006099224091e-02,1.126675121486186981e-02,-2.843894530087709427e-03,-1.613393978914245963e-04,5.281289573758840561e-03,-1.672088354825973511e-02,1.310400012880563736e-02,-2.061303472146391869e-03,3.523420542478561401e-02,-2.291759708896279335e-03,1.524852402508258820e-02,-1.020409166812896729e-02,-1.389139238744974136e-02,-1.487723272293806076e-02,1.167005021125078201e-02,-2.780839055776596069e-02,-4.015060514211654663e-02,-1.047935895621776581e-02,9.615148417651653290e-03,2.762674703262746334e-04,2.342972159385681152e-02,2.821489004418253899e-03,4.762763157486915588e-03,-1.376336067914962769e-02,-5.701392074115574360e-04,2.025454677641391754e-02,-1.303998474031686783e-02,-3.523420542478561401e-02,6.532795261591672897e-03,3.835311417788034305e-06,5.310096777975559235e-03,-9.685564786195755005e-03,4.295448772609233856e-03,-3.899832442402839661e-02,5.326100811362266541e-02,-1.255986746400594711e-02,1.893262378871440887e-03,-1.085064932703971863e-02,1.574784517288208008e-02,-2.346813119947910309e-02,3.684099763631820679e-03,3.741713706403970718e-03,3.112760139629244804e-03,-2.391624078154563904e-02,3.011295385658740997e-02,1.736103929579257965e-02,-1.187490019947290421e-02,4.029783885926008224e-03,1.008886378258466721e-02,1.320002321153879166e-02,-1.313600782305002213e-02,-1.576064899563789368e-02,-9.301471523940563202e-03,1.994727179408073425e-02,-4.497098270803689957e-03,2.837172895669937134e-02,9.967233985662460327e-03,-8.878968656063079834e-03,-2.170129865407943726e-02,-1.494124904274940491e-02,-1.196452137082815170e-02,-4.373548179864883423e-02,3.449162468314170837e-02,8.938182727433741093e-04,7.733088452368974686e-03,1.695133931934833527e-02,-9.039007127285003662e-03,-2.243107743561267853e-02,1.825725845992565155e-02,-7.867521606385707855e-03,1.588867977261543274e-02,-2.398025617003440857e-02,1.602951437234878540e-02,-4.457088361959904432e-04,5.262084770947694778e-03,-2.893506549298763275e-02,3.095795959234237671e-02,1.228299923241138458e-03,1.026170607656240463e-02,1.782195270061492920e-02,3.021537885069847107e-02,5.098845344036817551e-03,-1.322562992572784424e-02,4.705149214714765549e-03,-1.717219362035393715e-03,1.136277522891759872e-02,-3.741073608398437500e-02,1.407063566148281097e-02,-6.503988057374954224e-03,-2.235425822436809540e-02,1.859654090367257595e-03,1.216937135905027390e-02,2.019053138792514801e-02,-6.792058702558279037e-03,-5.617371760308742523e-03,-8.373244665563106537e-03,-1.332805491983890533e-02,8.922178531065583229e-04,-1.234861556440591812e-02,-3.249433636665344238e-02,-1.700255274772644043e-02,2.727065980434417725e-02,-4.509901162236928940e-03,-6.587208714336156845e-03,9.032606147229671478e-03,4.637932404875755310e-03,-2.921673469245433807e-02,8.008355274796485901e-03,-3.026659041643142700e-02,9.474313817918300629e-03,2.059702994301915169e-03,-1.649042777717113495e-02,1.589988241903483868e-03,1.478761155158281326e-02,-2.197016589343547821e-02,-9.723974391818046570e-03,-2.704020403325557709e-02,2.227744087576866150e-02,-1.018488686531782150e-02,-2.606716565787792206e-02,-9.666360914707183838e-03,3.075310960412025452e-02,2.036977373063564301e-02,1.542776706628501415e-03,-2.182532916776835918e-04,1.480041444301605225e-02,-1.888461224734783173e-02,-6.193512585014104843e-03,2.327608317136764526e-02,-1.693213474936783314e-03,-7.451419718563556671e-03,-2.709141559898853302e-02,-3.080752212554216385e-03,-3.559269011020660400e-02,5.559757817536592484e-03,-3.450442571192979813e-03,7.969946600496768951e-03,-1.902544684708118439e-02,-2.328888699412345886e-02,1.099788583815097809e-02,1.250865496695041656e-02,2.248229086399078369e-02,-9.448707103729248047e-03,6.343949120491743088e-03,-1.190290640806779265e-05,2.796202898025512695e-02,-1.211175788193941116e-02,3.126523643732070923e-02,-1.590148359537124634e-02,-1.519731152802705765e-02,-1.715618930757045746e-02,1.328324433416128159e-03,1.067140605300664902e-02,-1.286074053496122360e-02,2.485086768865585327e-02,-4.097000509500503540e-02,-1.368654239922761917e-02,2.026734873652458191e-02,7.509033661335706711e-03,3.396029351279139519e-03,2.584951184689998627e-02,-2.185493707656860352e-02,1.435230486094951630e-02,1.354730804450809956e-03,2.006249874830245972e-02,-7.681875955313444138e-03,-1.199012808501720428e-02,2.074106410145759583e-02,1.800439669750630856e-03,5.012424197047948837e-03,3.251994028687477112e-02,-1.642641052603721619e-02,1.907665841281414032e-02,3.367222100496292114e-02,-1.033212337642908096e-02,1.649042777717113495e-02,-3.308327868580818176e-02,3.469647374004125595e-03,-6.251126527786254883e-03,1.354570779949426651e-02,-3.303206712007522583e-02,-3.386426949873566628e-03,-1.797558926045894623e-02,1.342727919109165668e-03,-8.654913865029811859e-03,1.732262969017028809e-02,6.612814962863922119e-03,1.458276156336069107e-02,1.236782036721706390e-02,6.395161617547273636e-03,9.333479218184947968e-03,1.257907226681709290e-02,-6.600011605769395828e-03,-6.453575915656983852e-04,2.603835891932249069e-03,-1.706656813621520996e-02,-4.770445078611373901e-02,-2.921673469245433807e-02,-2.072826214134693146e-02,1.678489893674850464e-02,-2.559345029294490814e-02,8.942984044551849365e-03,-3.195980563759803772e-03,-7.944339886307716370e-03,-3.467086702585220337e-02,7.086530327796936035e-03,2.025454677641391754e-02,5.514946766197681427e-03,1.131156273186206818e-02,1.929431222379207611e-02,1.129875890910625458e-02,2.875582128763198853e-02,-1.631118357181549072e-02,1.576064899563789368e-02,-2.704020403325557709e-02,-3.000732744112610817e-03,1.029371377080678940e-02,-2.788520976901054382e-02,8.642110042273998260e-03,-1.715618930757045746e-02,-1.065220125019550323e-02,-1.706656813621520996e-02,2.421391196548938751e-03,-2.520935609936714172e-02,2.386502735316753387e-02,7.675474509596824646e-03,1.050496567040681839e-02,-8.584496565163135529e-03,-7.598655764013528824e-03,-4.177019931375980377e-03,7.969946600496768951e-03,1.076742913573980331e-02,-1.737384311854839325e-02,-1.860294304788112640e-02,6.545598618686199188e-03,1.577985356561839581e-03,2.931915968656539917e-02,-1.912787184119224548e-02,1.448033563792705536e-02,1.678489893674850464e-02,-1.177887618541717529e-02,1.819324307143688202e-02,-9.371888823807239532e-03,-8.110780268907546997e-03,1.934552378952503204e-02,-1.473639905452728271e-02,3.405631706118583679e-02,4.292248282581567764e-03,-1.163804158568382263e-02,2.513253688812255859e-02,-1.188770309090614319e-02,-6.353551289066672325e-04,2.040498191490769386e-03,2.811566554009914398e-02,-8.251614868640899658e-03,-2.007530257105827332e-02,-3.287842869758605957e-02,-1.477480772882699966e-02,-8.021159097552299500e-03,-7.528238464146852493e-03,-1.147800311446189880e-02,-2.234145626425743103e-02,6.888082250952720642e-03,1.341767702251672745e-02,7.758694700896739960e-03,-1.955037377774715424e-02,1.600390858948230743e-02,4.862627387046813965e-02,-1.126035023480653763e-02,7.636864756932482123e-05,-1.937112957239151001e-02,-1.844930462539196014e-02,-1.939673675224184990e-03,-1.419866736978292465e-02,3.039142116904258728e-03,-2.381381578743457794e-02,7.649868261069059372e-03,7.400207221508026123e-03,-3.652091836556792259e-03,-7.265774533152580261e-03,-1.531253941357135773e-02,1.652883552014827728e-02,1.972961798310279846e-02,2.811566554009914398e-02,2.099712789058685303e-01,-6.245525437407195568e-04,-1.212456077337265015e-02,3.456844016909599304e-02,6.206315476447343826e-03,2.044659294188022614e-02,2.294320240616798401e-02,-2.883904147893190384e-03,2.567026764154434204e-03,6.766452454030513763e-03,-2.254630625247955322e-02,-2.738168586802203208e-05,-1.377616450190544128e-02,4.215429536998271942e-03,2.181652747094631195e-02,-3.318570554256439209e-02,-3.559269011020660400e-02,-1.604231819510459900e-02,-3.692421689629554749e-02,-3.047144040465354919e-02,1.757869310677051544e-02,-2.335290238261222839e-02,4.410677123814821243e-03,-1.595269516110420227e-02,3.702664375305175781e-02,-3.550867259036749601e-04,-1.099148392677307129e-02,2.873021550476551056e-02,4.117485508322715759e-02,1.173286509583704174e-04,-2.640004642307758331e-02,-5.582163110375404358e-03,-1.297596842050552368e-02,-1.908946223556995392e-02,-2.770596556365489960e-02,5.377313354983925819e-04,1.643921434879302979e-02,-4.082997038494795561e-04,-1.418586447834968567e-02,6.593610160052776337e-03,5.700591951608657837e-03,-2.249509282410144806e-02,-2.418510615825653076e-02,-2.704020403325557709e-02,-2.403787104412913322e-03,2.066104440018534660e-03,-2.383942157030105591e-02,-1.302077993750572205e-02,3.556868468876928091e-04,3.868944768328219652e-04,-1.198372617363929749e-02,1.536375191062688828e-02,1.606792397797107697e-02,1.504367403686046600e-02,-3.303206758573651314e-03,-1.456995774060487747e-02,5.060435738414525986e-03,1.391699817031621933e-02,-5.322899669408798218e-03,7.598655764013528824e-03,-1.564542017877101898e-02,6.510389968752861023e-03,-2.029295638203620911e-02,-2.755232900381088257e-02,-1.215496798977255821e-03,2.412109076976776123e-02,-1.522291731089353561e-02,-2.871101023629307747e-03,-7.905930280685424805e-03,-1.165724638849496841e-02,-6.196713075041770935e-03,1.444192696362733841e-02,8.892171172192320228e-05,1.879498921334743500e-02,-2.719064010307192802e-03,-1.403222698718309402e-02,1.377616450190544128e-02,-5.396517924964427948e-03,9.320676326751708984e-03,1.392980199307203293e-02,-6.017469335347414017e-03,4.080996382981538773e-03,-1.773232966661453247e-02,-7.790702395141124725e-03,3.556068288162350655e-03,1.249585114419460297e-02,1.349449530243873596e-02,-6.046276539564132690e-03,-3.336494788527488708e-02,3.410752862691879272e-02,1.673368550837039948e-02,-1.658004894852638245e-02,4.759562201797962189e-03,-1.418586447834968567e-02,9.135031141340732574e-03,3.029539715498685837e-03,-4.113004542887210846e-03,-9.978436864912509918e-04,-1.081864233128726482e-03,1.972961798310279846e-02,-2.389063499867916107e-02,-3.884468600153923035e-02,1.814202964305877686e-02,7.880324497818946838e-03,-1.480041444301605225e-02,4.577117506414651871e-03,-8.110780268907546997e-03,2.637444064021110535e-02,5.413321778178215027e-04,-1.451874524354934692e-02,5.511745810508728027e-03,-1.886860816739499569e-03,2.858297899365425110e-03,-5.214073229581117630e-03,-2.781479153782129288e-03,8.885369636118412018e-03,-1.930711418390274048e-02,-4.714751150459051132e-03,7.784300949424505234e-03,-3.689860925078392029e-02,2.575989067554473877e-02,-2.152205631136894226e-02,-3.160772030241787434e-05,1.555579900741577148e-02,-8.642110624350607395e-04,4.945207387208938599e-03,-3.712906735017895699e-03,1.592708937823772430e-02,2.814127132296562195e-02,-3.139326721429824829e-02,1.625997014343738556e-02,-7.886725477874279022e-03,7.220963481813669205e-03,3.940802440047264099e-02,-1.235501724295318127e-03,1.207334827631711960e-02,5.815820302814245224e-03,-1.483882404863834381e-02,-2.983128465712070465e-02,-3.426116704940795898e-02,-9.006999433040618896e-03,1.850051805377006531e-02,-1.052416954189538956e-02,1.963999681174755096e-02,7.265774533152580261e-03,-1.926870457828044891e-02,1.518450770527124405e-02,-1.999848335981369019e-02,-7.995552383363246918e-03,-1.254706364125013351e-02,-3.257115557789802551e-02,1.281592994928359985e-02,9.135031141340732574e-03,-6.481582764536142349e-03,3.085553459823131561e-02,8.277221582829952240e-03,-2.295600622892379761e-02,-1.397941377945244312e-03,7.515435107052326202e-03,1.159323100000619888e-02,-3.687300533056259155e-02,1.022969838231801987e-02,1.559420768171548843e-02,-3.515738621354103088e-02,-7.731888035777956247e-05,2.074106596410274506e-03,-1.611145436763763428e-01,9.077416732907295227e-03,2.229024283587932587e-02,1.235501724295318127e-03,1.313920831307768822e-03,-8.033961988985538483e-03,3.702664375305175781e-02,1.358411740511655807e-02,-1.357131451368331909e-02,2.290479280054569244e-02,1.113231852650642395e-02,-2.800683956593275070e-03,-8.706126362085342407e-03,7.521837018430233002e-03,6.817664951086044312e-03,-6.308740470558404922e-03,-1.270070113241672516e-02,1.222698600031435490e-03,3.108599036931991577e-02,1.582466438412666321e-02,2.556784451007843018e-02,-5.924646742641925812e-03,-9.994440479204058647e-04,-1.901264302432537079e-02,2.409548498690128326e-02,5.937450099736452103e-03,-2.600315026938915253e-02,3.844138700515031815e-03,-1.107470411807298660e-02,-5.726198200136423111e-03,-1.303998474031686783e-02,6.004666443914175034e-03,4.506700672209262848e-03,-4.381229728460311890e-02,1.174686849117279053e-02,-2.720664488151669502e-03,-4.513102117925882339e-03,-3.135165665298700333e-03,2.370178699493408203e-03,2.062583714723587036e-02,8.219607174396514893e-03,2.200857363641262054e-02,3.075951244682073593e-03,-1.213736366480588913e-02,-1.371214818209409714e-02,3.782043606042861938e-02,-6.443173624575138092e-03,1.063299644738435745e-02,1.903824880719184875e-02,-9.775186888873577118e-03,2.744990400969982147e-02,-3.848619759082794189e-02,-1.469158800318837166e-03,-1.149080600589513779e-02,2.312564756721258163e-03,1.273911073803901672e-02,-7.214561570435762405e-03,-7.931536994874477386e-03,-7.182553876191377640e-03,-1.569663360714912415e-02,8.974991738796234131e-03,-1.085705123841762543e-02,-1.444352674297988415e-03,-9.435904212296009064e-03,7.733888342045247555e-04,1.062019355595111847e-02,-1.002484839409589767e-02,-6.766452454030513763e-03,-4.423480015248060226e-03,8.270819671452045441e-03,-2.496609650552272797e-02,-2.033136412501335144e-02,1.350729819387197495e-02,-3.262236714363098145e-02,3.284802078269422054e-04,2.538860030472278595e-02,-1.062019355595111847e-02,1.239982806146144867e-02,1.403222698718309402e-02,-8.763739839196205139e-03,-1.327684242278337479e-02,3.495253622531890869e-02,-6.689633708447217941e-03,2.325047738850116730e-02,9.461510926485061646e-03,-1.385298278182744980e-02,-9.992840699851512909e-03,8.968589827418327332e-03,-2.916552312672138214e-02,-1.011446956545114517e-02,8.462866768240928650e-03,-6.574405357241630554e-03,-5.079640541225671768e-03,-2.453079074621200562e-02,3.733391687273979187e-02,3.098356537520885468e-02,2.402586687821894884e-04,7.745891343802213669e-03,4.577117506414651871e-03,-2.456920035183429718e-02,9.359085932374000549e-03,-5.924646742641925812e-03,-3.205902874469757080e-02,-4.407476168125867844e-03,2.499170228838920593e-02,1.186849828809499741e-02,5.249281879514455795e-03,2.162448130548000336e-02,4.017621278762817383e-02,-1.210695598274469376e-03,-3.245592582970857620e-03,9.130229591391980648e-04,2.724505402147769928e-02,1.435230486094951630e-02,2.360896579921245575e-02,9.992840699851512909e-03,-2.208539284765720367e-02,-3.513177856802940369e-02,4.362665582448244095e-03,9.768785908818244934e-03,5.059795454144477844e-02,-1.312320493161678314e-02,-2.751071704551577568e-03,-6.123095285147428513e-03,2.166929189115762711e-03,-2.732187137007713318e-02,-1.137941852211952209e-01,-8.373244665563106537e-03,9.256660938262939453e-03,3.807649761438369751e-02,1.967840455472469330e-02,-5.364510230720043182e-03,-1.279032323509454727e-02,9.359085932374000549e-03,-2.205978706479072571e-02,6.552000064402818680e-03,-8.226009085774421692e-03,-1.930071273818612099e-03,-3.131964709609746933e-03,-9.884013794362545013e-03,2.796202898025512695e-02,-1.560701150447130203e-02,-4.161016084253787994e-03,-1.656724512577056885e-02,-9.787989780306816101e-03,2.302002161741256714e-02,-4.797971807420253754e-03,1.456995774060487747e-02,1.487723272293806076e-02,-3.935680910944938660e-02,-5.089242942631244659e-03,-9.608746506273746490e-03,-2.351934276521205902e-02,1.960158720612525940e-02,2.410828694701194763e-02,-8.161992765963077545e-03,-9.045409038662910461e-03,2.334970282390713692e-03,-1.118993293493986130e-02,1.547897979617118835e-02,-1.912787184119224548e-02,-1.033852435648441315e-02,-4.271123185753822327e-02,-1.184289157390594482e-02,2.632322721183300018e-02,-1.857733726501464844e-02,4.349862225353717804e-03,5.637376452796161175e-04,-3.914556000381708145e-03,-7.515435107052326202e-03,2.442196477204561234e-03,6.235122680664062500e-03,-9.179841727018356323e-03,1.821884885430335999e-02,3.677698085084557533e-03,-1.227819826453924179e-02,-6.760051008313894272e-03,-2.901508472859859467e-03,-1.469798944890499115e-02,-2.113796211779117584e-02,4.807574208825826645e-03,-7.438616361469030380e-03,3.797407448291778564e-02,1.164444349706172943e-02,-2.990810386836528778e-02,9.006999433040618896e-03,1.592388842254877090e-03,-6.920089945197105408e-03,1.599110476672649384e-02,2.440275996923446655e-02,6.785657256841659546e-03,-2.342972205951809883e-03,-1.761710271239280701e-02,-1.818043924868106842e-02,2.954961545765399933e-02,-6.619216408580541611e-03,1.871817186474800110e-02,-1.522291731089353561e-02,-2.985689043998718262e-02,2.737308479845523834e-02,-8.872566744685173035e-03,3.444041125476360321e-03,-2.573428489267826080e-02,-1.204774249345064163e-02,1.243183575570583344e-02,-4.355623573064804077e-02,-3.924158401787281036e-03,-2.819248475134372711e-02,1.049856375902891159e-02,-1.780914887785911560e-02,4.201986268162727356e-02,1.076742913573980331e-02,1.255346555262804031e-02,-2.529897727072238922e-02,1.775793731212615967e-02,-2.555504068732261658e-02,4.413878079503774643e-03,2.460760995745658875e-02,2.120197750627994537e-02,-2.673292905092239380e-02,9.768785908818244934e-03,1.325123570859432220e-02,-2.253350242972373962e-02,-8.245213888585567474e-03,-1.810362003743648529e-02,-1.610633358359336853e-02,-4.273043479770421982e-03,-1.209255307912826538e-02,-5.331221967935562134e-02,1.413465198129415512e-02,-1.951196417212486267e-02,-1.170845888555049896e-02,6.619216408580541611e-03,-9.730376303195953369e-03,1.533974544145166874e-03,-1.581186056137084961e-02,-1.821884885430335999e-02,1.955677522346377373e-03,-1.791157387197017670e-02,1.952476799488067627e-02,5.060435738414525986e-03,5.287691485136747360e-03,-1.864135265350341797e-02,1.887180842459201813e-02,1.053697336465120316e-02,1.082664355635643005e-03,6.953697884455323219e-04,9.698368608951568604e-03,-1.259827613830566406e-02,1.081224065274000168e-02,-1.072902046144008636e-02,1.882059685885906219e-02,-5.130853038281202316e-03,5.969457793980836868e-03,-5.514946766197681427e-03,1.004245248623192310e-03,-7.483427412807941437e-03,-1.138197910040616989e-02,5.194868426769971848e-03,-6.459177471697330475e-03,2.252070046961307526e-02,2.433874271810054779e-02,4.791569896042346954e-03,-3.024098463356494904e-02,-7.886725477874279022e-03,2.775717899203300476e-02,2.346813119947910309e-02,4.399154335260391235e-02,-1.306559052318334579e-02,-2.791081555187702179e-02,1.494124904274940491e-02,-2.655048388987779617e-03,-1.545337401330471039e-02,1.168285310268402100e-02,-9.903218597173690796e-03,4.692345857620239258e-03,2.657929062843322754e-02,-1.797558926045894623e-02,-1.808441593311727047e-03,2.765475399792194366e-02,-3.208783688023686409e-03,-7.541041355580091476e-03,-4.209027625620365143e-03,-6.971302442252635956e-03,3.403070941567420959e-02,-1.641360856592655182e-02,1.609352976083755493e-02,-3.111159801483154297e-02,3.710345923900604248e-02,-5.482939071953296661e-03,-7.573849288746714592e-04,1.153081539086997509e-03,1.305278763175010681e-02,-9.679163806140422821e-03,-8.590897545218467712e-03,-6.875278893858194351e-03,-7.133742328733205795e-04,-1.506927981972694397e-02,6.689633708447217941e-03,-1.216297037899494171e-02,1.435230486094951630e-02,1.442912314087152481e-02,8.565291762351989746e-03,-1.141398772597312927e-02,-1.175967138260602951e-02,3.018337069079279900e-03,-2.262312546372413635e-02,4.407476168125867844e-03,1.997287757694721222e-02,8.752137364353984594e-05,-3.326252102851867676e-02,1.032572146505117416e-02,2.550382725894451141e-02,1.131796371191740036e-02,-2.122758328914642334e-02,6.753649096935987473e-03,-3.559269243851304054e-03,-1.768111810088157654e-02,-2.671052236109972000e-03,-1.072261855006217957e-02,2.422991674393415451e-03,-7.873922586441040039e-03,1.687452010810375214e-02,-8.874167106114327908e-04,-1.117712911218404770e-02,2.698899060487747192e-02,1.611913554370403290e-02,3.218705952167510986e-02,-5.985461641103029251e-03,-5.578962154686450958e-03,-6.881680455990135670e-04,-1.364813279360532761e-02,-2.670732140541076660e-02,1.151641272008419037e-02,-3.287842869758605957e-02,-3.410752862691879272e-02,-7.528238464146852493e-03,-5.405319971032440662e-04,8.597299456596374512e-03,1.138197910040616989e-02,1.424987986683845520e-02,1.512049231678247452e-02,-6.503988057374954224e-03,-5.550155416131019592e-03,-4.308252129703760147e-03,-3.654892498161643744e-04,-2.345532737672328949e-02,2.970325388014316559e-02,1.192291150800883770e-03,-7.029716507531702518e-04,2.313525043427944183e-02,-2.714262809604406357e-03,2.072826214134693146e-02,3.255194984376430511e-03,-7.528238464146852493e-03,-1.633678935468196869e-02,9.615148417651653290e-03,-1.215496798977255821e-03,1.496685482561588287e-02,1.222058385610580444e-02,-2.624640986323356628e-02,2.248549135401844978e-03,-1.101068872958421707e-02,1.555579900741577148e-02,-1.408343948423862457e-02,2.650247141718864441e-02,-1.270710304379463196e-02,4.580958560109138489e-02,-1.809081807732582092e-02,-2.441556192934513092e-02,1.433950196951627731e-02,2.348093315958976746e-02,3.802528604865074158e-02,2.006249874830245972e-02,-5.873434245586395264e-03,2.128519816324114799e-03,-1.006965897977352142e-02,1.386578567326068878e-02,8.104379288852214813e-03,-5.444529466331005096e-03,-8.782944642007350922e-03,-3.147008642554283142e-02,-2.337850816547870636e-02,8.891771547496318817e-03,7.713883649557828903e-03,-1.802680268883705139e-02,2.075386792421340942e-02,3.523420542478561401e-02,-3.008734667673707008e-03,6.836869753897190094e-03,3.895351197570562363e-03,-2.655368484556674957e-02,2.797483233734965324e-03,2.254630625247955322e-02,-6.651224102824926376e-03,5.157259292900562286e-04,-2.150925248861312866e-02,-1.896463101729750633e-03,1.931671751663088799e-03,-3.702664375305175781e-02,-9.218251332640647888e-03,1.108110602945089340e-02,-1.386578567326068878e-02,-7.105735130608081818e-04,-2.620800025761127472e-02,-8.129985071718692780e-03,-6.167906336486339569e-03,-3.741073608398437500e-02,2.084348909556865692e-02,-2.010090835392475128e-02,-2.141963131725788116e-02,3.218705952167510986e-02,3.043243123102001846e-05,-1.477480772882699966e-02,-6.920089945197105408e-03,-1.042814645916223526e-02
-1.785108633339405060e-02,-4.176738206297159195e-03,-7.969931699335575104e-03,-1.151934638619422913e-02,-1.285525271669030190e-03,3.799043968319892883e-02,7.794410921633243561e-03,-5.857184529304504395e-03,2.350024646148085594e-03,-1.438293111277744174e-04,3.778241574764251709e-02,2.822954906150698662e-03,-1.132432371377944946e-02,-2.424783445894718170e-02,-8.171455003321170807e-03,2.143625635653734207e-03,2.452086657285690308e-02,6.676280405372381210e-03,1.324854884296655655e-02,-1.787708955816924572e-03,1.205078326165676117e-03,2.949719782918691635e-03,-2.732919342815876007e-02,-5.468763993121683598e-04,-1.286500412970781326e-02,-5.915691726841032505e-04,1.060924027115106583e-02,-2.834331244230270386e-02,2.042538672685623169e-02,-1.909923180937767029e-02,-2.403981052339076996e-02,-5.294868722558021545e-03,-1.632990874350070953e-02,-1.678496226668357849e-02,-2.878536470234394073e-02,-5.064092110842466354e-03,-9.491109289228916168e-03,-9.647127240896224976e-03,1.807211153209209442e-02,-1.665819669142365456e-03,2.142650447785854340e-02,3.913457505404949188e-03,8.307971060276031494e-03,-1.261147391051054001e-02,-2.202457375824451447e-02,4.729302600026130676e-03,-2.455987036228179932e-02,-3.208775073289871216e-02,-3.057957440614700317e-02,3.107363171875476837e-02,4.901573061943054199e-03,-2.368714340263977647e-04,-9.250581264495849609e-03,-2.387403976172208786e-03,2.453386783599853516e-02,1.599186845123767853e-02,2.983848797157406807e-03,8.216960355639457703e-03,-4.791059996932744980e-03,-1.906022801995277405e-02,5.532146431505680084e-03,4.033721517771482468e-03,-2.528795506805181503e-03,7.813913747668266296e-03,-4.217692837119102478e-02,1.907972968183457851e-03,-1.850116252899169922e-02,-4.809546589967794716e-05,1.123331300914287567e-02,1.789334113709628582e-03,2.901939116418361664e-02,3.539013490080833435e-02,1.792909577488899231e-02,-1.437968108803033829e-02,1.453569903969764709e-02,-3.806845098733901978e-02,-1.716200634837150574e-02,6.923309061676263809e-03,-2.507993206381797791e-02,-1.821837970055639744e-03,-2.455662004649639130e-03,-2.935743145644664764e-02,1.239694934338331223e-02,-1.243270351551473141e-03,1.283900067210197449e-02,-1.548480987548828125e-02,-2.205057814717292786e-02,1.610888354480266571e-02,-1.437968108803033829e-02,-3.336190059781074524e-02,1.768206618726253510e-02,1.821512915194034576e-02,9.205075912177562714e-03,1.730502210557460785e-02,-4.238495603203773499e-03,2.286642324179410934e-03,-3.099562227725982666e-02,3.630024194717407227e-02,8.626508526504039764e-03,-8.268966339528560638e-03,6.227727979421615601e-03,-1.506876107305288315e-02,-1.244245469570159912e-02,1.256271847523748875e-03,-2.956545539200305939e-02,-1.488673966377973557e-02,-5.707667209208011627e-03,7.651394233107566833e-03,2.115347236394882202e-02,-8.489992469549179077e-03,5.704416893422603607e-03,3.843249380588531494e-02,-5.990450270473957062e-03,-2.439085021615028381e-02,-1.251396257430315018e-02,-1.239694934338331223e-02,-1.903097494505345821e-03,-2.894463250413537025e-03,-1.363859418779611588e-02,-1.057673618197441101e-02,-1.554494141601026058e-03,3.122965060174465179e-02,-4.514777567237615585e-03,-2.878536470234394073e-02,-1.104479096829891205e-02,2.296068333089351654e-02,-9.608123451471328735e-03,-1.580984704196453094e-02,1.749110670061782002e-04,1.308602932840585709e-02,6.693182140588760376e-02,2.234961278736591339e-02,3.435001522302627563e-02,-2.124448306858539581e-02,2.214158885180950165e-02,2.609404921531677246e-02,-1.463971100747585297e-02,7.943928241729736328e-03,-1.170136779546737671e-02,-4.917824640870094299e-03,1.180537976324558258e-02,2.631507627665996552e-02,1.042071823030710220e-02,4.742304328829050064e-03,8.041439577937126160e-03,1.855966984294354916e-03,1.366459671407938004e-02,2.483290247619152069e-02,2.129648998379707336e-02,-9.309087879955768585e-03,3.120364807546138763e-02,1.379461213946342468e-02,3.487007692456245422e-02,-1.492574438452720642e-02,2.465413184836506844e-03,-2.844082424417138100e-03,-5.489891860634088516e-03,1.144133694469928741e-02,-1.357358694076538086e-02,-5.070592742413282394e-03,3.151568397879600525e-02,2.270065248012542725e-02,3.130766004323959351e-02,2.823930047452449799e-02,-3.942710813134908676e-03,3.401197493076324463e-02,1.214341912418603897e-02,-1.231893990188837051e-02,-1.484773587435483932e-02,5.122598726302385330e-03,1.358658820390701294e-02,2.545697614550590515e-02,-2.631507627665996552e-02,2.130949124693870544e-02,-9.582119993865489960e-03,-1.034920942038297653e-02,1.981431618332862854e-02,-1.008430379442870617e-03,-2.212858572602272034e-02,1.058973744511604309e-02,-3.081360086798667908e-02,1.136982906609773636e-02,2.660110965371131897e-02,2.766723372042179108e-02,-1.454870030283927917e-02,3.261756151914596558e-03,5.718637112295255065e-05,-1.742203719913959503e-02,-1.263585145352408290e-04,-3.815945936366915703e-03,2.037338167428970337e-02,3.442802280187606812e-02,3.594920272007584572e-03,-6.728286389261484146e-03,-6.457074880599975586e-01,-1.735702902078628540e-02,-1.925525069236755371e-02,-1.739603281021118164e-02,1.240995060652494431e-02,6.026204209774732590e-03,-3.666428616270422935e-03,1.699298620223999023e-02,-2.050339616835117340e-02,1.700598746538162231e-02,-9.075060486793518066e-03,2.751121483743190765e-02,5.363126751035451889e-03,-2.214158885180950165e-02,-1.462670974433422089e-02,-1.227343454957008362e-02,3.055357141420245171e-03,-7.742404937744140625e-03,-1.670695282518863678e-02,-1.192239392548799515e-02,-7.170338183641433716e-03,1.457470376044511795e-02,-9.491109289228916168e-03,-1.802010647952556610e-02,-3.703401598613709211e-04,1.207841187715530396e-02,2.160852588713169098e-02,-6.748601444996893406e-04,-7.586386520415544510e-03,7.715589599683880806e-04,-3.440202027559280396e-02,1.480873115360736847e-02,1.664194464683532715e-02,3.120364807546138763e-02,4.209892079234123230e-02,-1.515977177768945694e-02,-1.696698367595672607e-02,1.307952869683504105e-02,4.414015915244817734e-03,4.490724951028823853e-02,-2.411781810224056244e-02,-4.654543939977884293e-03,2.212858572602272034e-02,8.483491837978363037e-03,-6.819297093898057938e-03,3.239978849887847900e-02,1.229293644428253174e-02,2.103645913302898407e-02,-7.222344167530536652e-03,1.647292450070381165e-02,-1.319654285907745361e-02,-2.307769656181335449e-02,-1.120080891996622086e-02,7.975619519129395485e-04,-9.289585985243320465e-03,5.603654775768518448e-03,9.302587248384952545e-03,5.408632103353738785e-03,1.079126144759356976e-03,5.437885411083698273e-03,-6.016453262418508530e-03,3.359592705965042114e-02,-1.354758348315954208e-02,9.913658723235130310e-03,-2.891537919640541077e-02,9.894156828522682190e-03,8.867442375048995018e-05,5.662161856889724731e-03,2.907139807939529419e-02,6.591770332306623459e-03,1.268948335200548172e-02,1.320304349064826965e-02,1.803310774266719818e-02,-2.779724821448326111e-02,1.984031870961189270e-02,-7.007819134742021561e-03,-1.859217300079762936e-03,-3.079734975472092628e-03,1.575784198939800262e-02,1.859826734289526939e-04,1.181838102638721466e-02,-9.309087879955768585e-03,-1.648592762649059296e-02,3.835448296740651131e-03,1.353458222001791000e-02,1.091477554291486740e-02,-2.155651897192001343e-02,-9.016553871333599091e-03,3.334889886900782585e-03,-1.863117702305316925e-02,1.217592321336269379e-02,2.301269024610519409e-02,-1.131132245063781738e-02,-7.644893601536750793e-03,2.128348685801029205e-02,2.471588924527168274e-02,2.762822899967432022e-03,1.740903407335281372e-02,6.260231602936983109e-03,3.008226631209254265e-03,4.836565349251031876e-03,-2.099745348095893860e-02,2.112746983766555786e-02,8.242963813245296478e-03,1.701898872852325439e-02,6.071709562093019485e-03,-3.747037798166275024e-02,9.718636050820350647e-03,1.133732497692108154e-02,-2.299968898296356201e-02,-1.383361686021089554e-02,-2.771924063563346863e-02,-1.008917950093746185e-02,3.945961128920316696e-03,-3.016352653503417969e-03,-2.673112414777278900e-02,5.678413901478052139e-03,1.865718141198158264e-02,-6.981816142797470093e-03,-3.200974315404891968e-02,1.281949877738952637e-02,2.143950574100017548e-02,-1.160385669209063053e-03,-1.508176233619451523e-02,2.784925512969493866e-02,3.606621548533439636e-02,-1.040771603584289551e-02,-1.746104098856449127e-02,-1.203290652483701706e-02,2.751121483743190765e-02,9.673130698502063751e-03,8.535497821867465973e-03,2.691314555704593658e-02,-6.556016393005847931e-03,2.613305486738681793e-02,-1.320954412221908569e-02,4.191689938306808472e-02,-6.276483647525310516e-03,1.439268235117197037e-02,-2.714717388153076172e-02,-4.103604587726294994e-04,3.304011188447475433e-03,-1.150634489022195339e-03,-2.017835900187492371e-02,3.294260008260607719e-03,-2.922741696238517761e-02,-3.042355645447969437e-03,-1.791609451174736023e-02,-5.286417901515960693e-02,8.594004437327384949e-03,4.280750174075365067e-03,-2.013935334980487823e-02,-3.359592705965042114e-02,9.010053239762783051e-03,-1.461370848119258881e-02,-1.307952869683504105e-02,1.440568361431360245e-02,-1.595286466181278229e-02,5.294868722558021545e-03,-5.715468153357505798e-02,1.518577523529529572e-02,1.638191565871238708e-02,-2.787525765597820282e-02,-1.074575632810592651e-02,2.136149629950523376e-02,-1.729202084243297577e-02,-7.183339446783065796e-03,1.699298620223999023e-02,-8.646010421216487885e-03,-2.584702149033546448e-02,1.383443013764917850e-04,1.670695282518863678e-02,-1.484773587435483932e-02,2.589902654290199280e-02,5.515894852578639984e-03,-1.069375034421682358e-02,-1.371660362929105759e-02,-2.041238546371459961e-02,9.803146123886108398e-03,1.379461213946342468e-02,6.126966327428817749e-03,4.168287292122840881e-02,-1.294301263988018036e-02,-1.751304790377616882e-02,1.744803972542285919e-02,-1.396850799210369587e-03,-6.491008680313825607e-03,1.453569903969764709e-02,-3.357642563059926033e-03,3.240628866478800774e-03,-8.036564104259014130e-04,-4.287251271307468414e-03,1.018181559629738331e-03,8.195020491257309914e-04,3.042355645447969437e-03,1.626490056514739990e-02,1.302752271294593811e-02,5.060841329395771027e-03,2.108683984261006117e-04,2.285667136311531067e-02,8.938544429838657379e-03,-4.410765599459409714e-03,4.225493967533111572e-02,-1.541980262845754623e-02,8.945045061409473419e-03,-2.010034956037998199e-02,-1.127231772989034653e-02,-2.162152715027332306e-02,7.755406666547060013e-03,2.099745348095893860e-02,6.962313782423734665e-03,-2.653610147535800934e-02,-1.436667889356613159e-02,-3.971964120864868164e-03,1.132757402956485748e-03,3.853650391101837158e-02,1.362559292465448380e-02,8.301470428705215454e-03,9.302587248384952545e-03,3.887454280629754066e-03,1.029070280492305756e-02,1.375560741871595383e-02,2.260639332234859467e-03,2.172878943383693695e-03,-3.060557693243026733e-02,3.159369155764579773e-02,2.011335082352161407e-02,3.715184284374117851e-03,-2.806703094393014908e-03,-1.306002680212259293e-02,-6.526763085275888443e-03,-1.811111718416213989e-02,-6.637275684624910355e-03,1.021269336342811584e-02,-2.795326581690460443e-04,1.010868139564990997e-02,-5.252614151686429977e-03,-3.112563863396644592e-02,3.557215631008148193e-02,-4.475773312151432037e-03,1.316403876990079880e-02,9.380596689879894257e-03,2.959145791828632355e-02,-1.855316944420337677e-02,-1.437968108803033829e-02,1.834514364600181580e-02,3.276383038610219955e-03,9.504110552370548248e-03,4.680546931922435760e-03,-9.946162812411785126e-03,1.285525271669030190e-03,2.449486218392848969e-02,-4.069475457072257996e-03,2.801827387884259224e-03,-4.436768591403961182e-03,-1.401563826948404312e-02,9.036055766046047211e-03,2.569100260734558105e-02,3.617022931575775146e-02,3.411598876118659973e-02,-6.191973574459552765e-03,-3.718434600159525871e-03,7.404365576803684235e-03,4.251496866345405579e-03,4.038272053003311157e-02,-1.179887913167476654e-02,-5.886437837034463882e-03,-1.362559292465448380e-02,-1.012168265879154205e-02,-2.452086657285690308e-02,1.378161087632179260e-02,-5.996950902044773102e-03,7.391363848000764847e-03,-2.107871463522315025e-03,9.829148650169372559e-03,5.844183266162872314e-03,-9.107564575970172882e-03,3.217876073904335499e-04,9.101063944399356842e-03,7.137834094464778900e-03,-9.900657460093498230e-03,-4.332106187939643860e-02,1.198090054094791412e-02,-1.638191565871238708e-02,-9.653628803789615631e-03,-8.203959092497825623e-03,-3.221776708960533142e-02,-1.086927019059658051e-02,-3.921258449554443359e-02,7.404365576803684235e-03,-1.812086789868772030e-03,1.557582058012485504e-02,2.656210400164127350e-02,-1.629090495407581329e-02,4.501776304095983505e-03,-2.511893585324287415e-02,4.584335908293724060e-02,-2.400080487132072449e-02,-2.286642324179410934e-03,9.900657460093498230e-03,2.163452841341495514e-02,7.872420363128185272e-03,-2.075367607176303864e-03,7.995934225618839264e-03,4.287901148200035095e-02,3.157744184136390686e-03,-6.126966327428817749e-03,-8.314471691846847534e-03,-3.240628866478800774e-03,-2.632807753980159760e-02,-1.981431618332862854e-02,-7.605888880789279938e-03,-2.286642324179410934e-03,-2.270065248012542725e-02,2.047739364206790924e-02,4.742304328829050064e-03,-3.276383038610219955e-03,9.549615904688835144e-03,2.956545539200305939e-02,-3.585819154977798462e-02,-6.344741676002740860e-03,-1.930725760757923126e-02,1.683696755208075047e-03,2.595428377389907837e-03,1.098368391394615173e-01,-7.800912018865346909e-03,-2.506042830646038055e-03,2.530095726251602173e-02,-2.424783306196331978e-03,4.033071547746658325e-02,-3.682030364871025085e-02,-1.068724878132343292e-02,3.750938456505537033e-03,-9.881154401227831841e-04,-1.552381459623575211e-02,-1.493874564766883850e-02,1.878719590604305267e-02,-1.995733194053173065e-02,2.390979416668415070e-02,2.130624139681458473e-03,1.904722675681114197e-02,-4.745554761029779911e-04,-4.693548660725355148e-03,-9.718636050820350647e-03,-4.553782287985086441e-03,1.309903059154748917e-02,5.730419885367155075e-03,1.536779664456844330e-02,-1.003067195415496826e-02,-5.600404459983110428e-03,-6.801420240662992001e-04,1.694097928702831268e-02,8.841033093631267548e-03,-9.900657460093498230e-03,-2.935093129053711891e-03,8.750022388994693756e-03,1.673295535147190094e-02,-4.817062988877296448e-03,5.176229751668870449e-04,2.376677840948104858e-02,8.646010537631809711e-04,1.825413294136524200e-02,9.536614641547203064e-03,-3.643025830388069153e-02,2.345474064350128174e-02,3.000750765204429626e-02,1.755205169320106506e-02,3.082985291257500648e-03,1.194839645177125931e-02,1.693447935394942760e-03,1.112556788029905874e-06,1.690197549760341644e-02,-1.354758348315954208e-02,-2.670512162148952484e-02,4.823563620448112488e-02,-2.426083572208881378e-02,-9.575619362294673920e-03,-6.994817405939102173e-03,-9.726762073114514351e-04,-1.018994138576090336e-03,3.815133532043546438e-04,-1.813711971044540405e-02,-1.510776579380035400e-02,1.496474910527467728e-02,-1.309903059154748917e-02,-4.719551652669906616e-02,-1.674595661461353302e-02,-1.091477554291486740e-02,-2.449486218392848969e-02,3.822446800768375397e-03,-2.372777275741100311e-02,1.396363228559494019e-02,-1.279999595135450363e-02,3.464905079454183578e-03,-2.886337414383888245e-02,7.930926978588104248e-03,5.298119038343429565e-03,1.854016631841659546e-02,2.748521231114864349e-02,-2.387403976172208786e-03,1.618689112365245819e-02,-1.961929351091384888e-02,1.739603281021118164e-02,-1.348257623612880707e-02,-5.688164848834276199e-03,-1.241645123809576035e-02,1.040771603584289551e-02,-2.085443772375583649e-02,-3.432401223108172417e-03,2.483290247619152069e-02,5.694665480405092239e-03,3.242254024371504784e-03,-2.588602527976036072e-02,8.906041271984577179e-03,6.606397219002246857e-04,-1.971030421555042267e-02,3.440202027559280396e-02,-6.211475934833288193e-03,-1.510776579380035400e-02,5.801928229629993439e-03,-4.891821648925542831e-03,-1.980131492018699646e-02,-1.763006113469600677e-02,-5.775925237685441971e-03,1.435367763042449951e-02,-1.669395156204700470e-02,-5.275366827845573425e-03,1.256271847523748875e-03,2.349374629557132721e-02,5.148601718246936798e-03,-1.157947815954685211e-03,-1.649892888963222504e-02,-5.538647528737783432e-03,-1.930725760757923126e-02,8.372978307306766510e-03,-4.163086414337158203e-02,-7.794410921633243561e-03,-1.556281931698322296e-02,-3.237378224730491638e-02,1.383361686021089554e-02,-3.822446800768375397e-03,4.030470922589302063e-02,2.224560081958770752e-02,-1.782508380711078644e-02,-1.671995408833026886e-02,-1.074575632810592651e-02,1.180537976324558258e-02,1.006805221550166607e-03,3.822446800768375397e-03,1.541980262845754623e-02,-2.169953659176826477e-02,-2.254463545978069305e-02,2.745920978486537933e-02,8.470489643514156342e-03,-1.333955954760313034e-02,1.760405674576759338e-02,1.448856899514794350e-03,-3.419399727135896683e-03,-1.906022801995277405e-02,-1.898221857845783234e-02,1.560182310640811920e-03,1.558882184326648712e-02,-3.128165751695632935e-02,-3.455153899267315865e-03,-3.018952906131744385e-02,-1.404164079576730728e-02,-1.551081333309412003e-02,-9.738137945532798767e-03,-3.317012684419751167e-03,-2.696515247225761414e-02,2.964346436783671379e-03,1.370360143482685089e-02,3.474656026810407639e-03,1.742203719913959503e-02,-1.540680043399333954e-02,8.750022388994693756e-03,-2.221959643065929413e-02,5.993700586259365082e-03,-7.325543556362390518e-04,6.214726250618696213e-03,-9.712135419249534607e-03,-1.228643581271171570e-02,1.946327462792396545e-02,1.499075256288051605e-02,2.751121483743190765e-02,5.922192241996526718e-03,1.504275854676961899e-02,1.459420542232692242e-03,-4.397763870656490326e-03,1.644692197442054749e-02,-6.721785757690668106e-03,-1.889120787382125854e-02,-3.502609580755233765e-02,-8.411983028054237366e-03,2.550898119807243347e-02,1.661594212055206299e-02,3.323188424110412598e-02,-1.426266692578792572e-02,1.990857766941189766e-03,-7.306854240596294403e-03,1.894321478903293610e-02,1.625189930200576782e-02,-9.336716029793024063e-04,-1.770807057619094849e-02,-2.600303851068019867e-03,-1.413265150040388107e-02,6.003451533615589142e-03,-1.304214936681091785e-03,1.851416379213333130e-02,-1.375560741871595383e-02,2.868135273456573486e-02,2.150126267224550247e-03,5.204670596867799759e-04,1.326805073767900467e-02,2.036038041114807129e-02,-1.097328215837478638e-02,2.251863293349742889e-02,9.166071191430091858e-03,1.579684577882289886e-02,-2.185555361211299896e-02,2.491091191768646240e-02,8.873537182807922363e-03,-1.686297170817852020e-02,4.244996234774589539e-03,-1.173387165181338787e-03,6.455254741013050079e-03,-1.400263700634241104e-02,-2.433884516358375549e-02,-4.531029611825942993e-03,-7.495376281440258026e-03,-1.526378374546766281e-02,1.862467732280492783e-03,3.227627370506525040e-03,-4.713051021099090576e-03,-1.735702902078628540e-02,-9.458605200052261353e-03,-1.257246918976306915e-02,-3.294584900140762329e-02,4.872969537973403931e-02,-5.649160128086805344e-03,-1.779908128082752228e-02,1.748704351484775543e-02,-1.174687314778566360e-02,-3.112563863396644592e-02,-1.495174784213304520e-02,1.426266692578792572e-02,1.538079790771007538e-02,-3.276383131742477417e-02,1.483473367989063263e-02,9.140068665146827698e-03,4.774807952344417572e-03,-1.415865495800971985e-02,4.724752157926559448e-02,1.534179318696260452e-02,-3.773691132664680481e-03,2.299968898296356201e-02,2.138749929144978523e-03,-1.209791377186775208e-02,-2.052939869463443756e-02,-2.229760633781552315e-03,-2.844732441008090973e-02,-1.118780765682458878e-02,-3.497408702969551086e-02,1.512076705694198608e-02,4.732553381472826004e-03,-2.463787980377674103e-02,5.236362107098102570e-03,1.137632969766855240e-02,6.614523008465766907e-03,7.911425083875656128e-03,1.125931646674871445e-02,-1.190451672300696373e-03,-1.535479445010423660e-02,2.642558887600898743e-03,-1.548480987548828125e-02,-2.656210400164127350e-02,-3.187972679734230042e-02,1.398475957103073597e-03,-8.698016405105590820e-03,-3.031954355537891388e-02,-7.852917537093162537e-03,9.731637313961982727e-03,-9.816147387027740479e-03,-3.780191764235496521e-03,-2.813528850674629211e-02,1.065474562346935272e-02,1.606987789273262024e-02,5.047840066254138947e-03,2.839206950739026070e-03,1.062224153429269791e-02,-1.700598746538162231e-02,-6.546264979988336563e-03,-1.108379568904638290e-03,2.138750068843364716e-02,-7.599388249218463898e-03,-1.532879192382097244e-02,2.585677197203040123e-03,1.558882184326648712e-02,8.646010421216487885e-03,-8.080444298684597015e-03,3.796443808823823929e-03,-1.450969558209180832e-02,-2.454686909914016724e-02,-1.578384451568126678e-02,2.198556996881961823e-02,1.353458222001791000e-02,6.455254741013050079e-03,-1.920324377715587616e-02,1.079126144759356976e-03,-4.394513741135597229e-02,3.256880678236484528e-03,9.946162812411785126e-03,8.015437051653862000e-03,-1.264397799968719482e-02,-2.816129103302955627e-02,-4.966580308973789215e-03,-2.250888152047991753e-03,7.053324487060308456e-03,-7.306854240596294403e-03,-1.375560741871595383e-02,1.062467927113175392e-04,3.947261348366737366e-02,-3.388195857405662537e-02,4.204691573977470398e-02,-2.307769656181335449e-02,-1.488673966377973557e-02,-1.818912662565708160e-02,-1.248796004801988602e-02,-3.676992200780659914e-04,-1.372960489243268967e-02,1.708399690687656403e-02,-9.055558592081069946e-03,-1.344357151538133621e-02,2.323371544480323792e-02,-3.617672948166728020e-03,1.339156553149223328e-02,1.868318393826484680e-02,-2.461187727749347687e-02,-8.418483659625053406e-03,-2.894463250413537025e-03,2.662711217999458313e-02,-1.344357151538133621e-02,-1.492574438452720642e-02,4.137083515524864197e-02,-2.294768113642930984e-03,-6.975315511226654053e-03,2.865535020828247070e-02,-1.385962031781673431e-02,1.004367414861917496e-02,1.906022801995277405e-02,-1.671995408833026886e-02,3.078759834170341492e-02,-2.540496923029422760e-02,-1.092777680605649948e-02,-1.067424751818180084e-02,4.423766862601041794e-03,-3.827647492289543152e-02,4.287251271307468414e-03,-1.695398241281509399e-02,7.752156234346330166e-04,-5.353375803679227829e-03,1.430167164653539658e-02,1.777307689189910889e-02,7.976432330906391144e-03,-2.527170348912477493e-03,1.488673966377973557e-02,-1.792909577488899231e-02,2.575601078569889069e-02,-1.444468833506107330e-02,9.120565839111804962e-03,-6.302486639469861984e-03,2.918841084465384483e-03,-3.120364807546138763e-02,-2.507993206381797791e-02,-3.094361722469329834e-02,2.337673306465148926e-02,-9.263582527637481689e-03,-5.938444286584854126e-03,-1.893021352589130402e-02,1.564082875847816467e-02,-5.114797875285148621e-02,-6.276483647525310516e-03,1.270898524671792984e-02,2.054240182042121887e-02,7.859418168663978577e-03,2.037338167428970337e-02,6.439002696424722672e-03,2.881136722862720490e-02,-1.184438448399305344e-02,3.721034899353981018e-02,-1.701898872852325439e-02,-1.236444525420665741e-02,5.801928229629993439e-03,8.737021125853061676e-03,2.361075952649116516e-02,-2.098445221781730652e-02,-2.507993206381797791e-02,-1.424966566264629364e-02,7.313354872167110443e-03,-1.093427836894989014e-02,2.124448306858539581e-02,1.091477554291486740e-02,5.496392492204904556e-03,-3.141167014837265015e-02,-1.760080689564347267e-03,1.009649276966229081e-04,-4.690298344939947128e-03,-1.341756805777549744e-02,-2.042863750830292702e-03,-1.069375034421682358e-02,9.172571823000907898e-03,1.579684577882289886e-02,3.476606309413909912e-02,-1.243595313280820847e-02,2.071142010390758514e-02,9.023054502904415131e-03,8.867036551237106323e-03,1.294951327145099640e-02,-1.787708955816924572e-03,2.983848797157406807e-03,-1.078476011753082275e-02,-2.868135273456573486e-02,2.340273559093475342e-02,-2.655560383573174477e-03,-1.578384451568126678e-02,8.841033093631267548e-03,-4.402314499020576477e-02,2.655154094099998474e-04,1.397663354873657227e-02,2.232360839843750000e-02,-1.565383002161979675e-02,8.151953108608722687e-03,-3.477906575426459312e-03,-1.709699817001819611e-02,-2.104946039617061615e-02,-1.263747736811637878e-02,-1.157785300165414810e-02,-9.029555134475231171e-03,-2.694564871490001678e-03,-1.669070101343095303e-03,-1.839715056121349335e-02,-1.428867038339376450e-02,1.937226392328739166e-02,3.632624447345733643e-02,-2.029537223279476166e-02,-7.924426347017288208e-03,-7.027321495115756989e-03,-2.093244576826691628e-03,3.614422399550676346e-03,-9.933160617947578430e-03,1.717825769446790218e-03,2.039613435044884682e-03,-1.263097673654556274e-02,3.744437592104077339e-03,-7.430368568748235703e-03,-2.366276644170284271e-02,-2.346774376928806305e-02,9.679631330072879791e-03,1.004367414861917496e-02,2.717317640781402588e-02,2.150971442461013794e-01,-2.693914808332920074e-02,-1.207191124558448792e-02,2.604204416275024414e-02,3.549008688423782587e-04,2.639308571815490723e-02,2.409181557595729828e-02,1.927475328557193279e-03,-1.487373840063810349e-02,2.422183193266391754e-02,-1.138283032923936844e-02,-1.037683803588151932e-03,5.450887139886617661e-03,-1.626815181225538254e-03,1.333955954760313034e-02,-4.004468023777008057e-02,-1.950228027999401093e-02,-1.707099564373493195e-02,-2.268765121698379517e-02,-2.740720286965370178e-02,2.088044025003910065e-02,-1.135195139795541763e-03,8.190957829356193542e-03,-1.796809956431388855e-02,2.020436152815818787e-02,1.200040243566036224e-02,-6.396747659891843796e-03,2.465088106691837311e-02,4.358109459280967712e-02,5.389129742980003357e-03,-2.563899755477905273e-02,-7.677397225052118301e-03,-8.145452477037906647e-03,-1.427729381248354912e-03,-3.393396735191345215e-02,1.616088859736919403e-02,1.920324377715587616e-02,8.561500348150730133e-03,1.375560741871595383e-02,-4.316504579037427902e-03,2.156952023506164551e-02,-1.851416379213333130e-02,-2.896738611161708832e-02,-2.536596544086933136e-02,7.677397225052118301e-03,3.180171549320220947e-02,-1.985331997275352478e-02,-2.808328159153461456e-02,-2.379278093576431274e-02,8.470489643514156342e-03,6.299236323684453964e-03,1.685322029516100883e-03,9.419601410627365112e-03,2.966946735978126526e-02,-2.907464746385812759e-03,6.736412178725004196e-04,7.378362584859132767e-03,1.260497327893972397e-02,-5.558149423450231552e-04,-1.170786842703819275e-02,1.191264251247048378e-03,2.154351770877838135e-02,-2.275265939533710480e-02,-5.551648791879415512e-03,-1.055723428726196289e-02,3.435001522302627563e-02,-2.745920978486537933e-02,5.970947910100221634e-03,7.839916273951530457e-03,-1.277399342507123947e-02,-9.458605200052261353e-03,8.600505068898200989e-03,1.532879192382097244e-02,2.787525765597820282e-02,-4.329505842179059982e-03,-1.358658820390701294e-02,1.632990874350070953e-02,5.057591013610363007e-03,6.347991991788148880e-03,1.829313859343528748e-02,1.274961512535810471e-03,-2.089344151318073273e-02,-2.377977967262268066e-02,-1.101228687912225723e-02,3.060232615098357201e-03,-5.333873443305492401e-03,1.287150476127862930e-02,1.219542510807514191e-02,-2.852533385157585144e-02,3.468805551528930664e-02,1.817612536251544952e-02,-1.852716505527496338e-02,-1.185738574713468552e-02,-1.126581709831953049e-02,-5.090095102787017822e-03,-2.161502605304121971e-03,-8.398981764912605286e-03,1.395063102245330811e-02,-2.071142010390758514e-02,2.384153660386800766e-03,-1.614788733422756195e-02,-4.137083515524864197e-02,3.724935464560985565e-03,8.662262698635458946e-04,-1.346957404166460037e-02,8.997051976621150970e-03,1.328105200082063675e-02,2.302569150924682617e-02,-8.444487117230892181e-03,-2.627607062458992004e-02,1.128531899303197861e-02,3.121990012004971504e-03,6.614523008465766907e-03,-1.475672516971826553e-02,1.799410395324230194e-02,6.786793470382690430e-03,-1.404164079576730728e-02,-1.359958946704864502e-02,1.939826644957065582e-02,1.600487157702445984e-02,2.292167954146862030e-02,-1.786408759653568268e-02,-3.633924759924411774e-03,1.067424751818180084e-02,-2.551548182964324951e-03,3.718434600159525871e-03,-2.017835900187492371e-02,2.225860208272933960e-02,1.558882184326648712e-02,-3.364793211221694946e-02,-1.794209703803062439e-02,-1.757805421948432922e-02,-2.250888152047991753e-03,6.903807166963815689e-03,-4.668358014896512032e-04,5.837682168930768967e-03,-8.463989011943340302e-03,-1.683696731925010681e-02,-3.762639686465263367e-02,-2.167353406548500061e-02,-1.014768611639738083e-02,3.770440584048628807e-03,-7.586386520415544510e-03,4.163736477494239807e-03,9.016553871333599091e-03,-1.356058474630117416e-02,3.135966509580612183e-02,1.144133694469928741e-02,-1.666835451032966375e-04,-1.195489708334207535e-02,-3.232177719473838806e-02,-7.449870929121971130e-03,2.398780360817909241e-02,3.317012684419751167e-03,4.501125961542129517e-02,1.125931646674871445e-02,-1.513376925140619278e-02,-9.289585985243320465e-03,2.097145095467567444e-02,-2.000608947128057480e-03,-3.557215631008148193e-02,2.878211438655853271e-03,1.538079790771007538e-02,-1.881319843232631683e-02,-1.272198744118213654e-02,-5.866935825906693935e-04,-1.638191491365432739e-01,8.073943667113780975e-03,2.062040939927101135e-02,-7.066325750201940536e-03,1.616088859736919403e-02,-3.919958136975765228e-03,4.883370921015739441e-02,1.175215511466376483e-04,-1.686297170817852020e-02,2.059440687298774719e-02,2.940943837165832520e-02,-5.062466952949762344e-04,-9.900657460093498230e-03,-1.136617211159318686e-04,-9.471607394516468048e-03,-1.835956754803191870e-05,-1.698323525488376617e-03,-7.073639426380395889e-04,1.317704003304243088e-02,1.636891253292560577e-02,2.943544089794158936e-02,7.826915010809898376e-03,4.670795984566211700e-03,-1.640791818499565125e-02,2.097145095467567444e-02,5.249363370239734650e-03,-2.000933885574340820e-02,1.989232562482357025e-02,-1.418465748429298401e-02,-2.964346483349800110e-02,-6.126966327428817749e-03,4.251496866345405579e-03,2.654910273849964142e-02,-2.992949821054935455e-02,3.786692628636956215e-03,8.629758958704769611e-04,-7.599388249218463898e-03,1.129181962460279465e-02,-7.859418168663978577e-03,1.890420913696289062e-02,8.561500348150730133e-03,4.202741198241710663e-03,2.117947489023208618e-02,-1.804610900580883026e-02,-1.172086969017982483e-02,2.645809203386306763e-02,2.116647362709045410e-02,-1.107079442590475082e-02,1.345657277852296829e-02,-1.297551672905683517e-02,1.112280040979385376e-02,-3.749638423323631287e-02,2.686439082026481628e-03,6.443877937272191048e-04,1.626002602279186249e-03,3.310512052848935127e-03,-1.725301705300807953e-02,-1.322904601693153381e-02,-1.138283032923936844e-02,-3.138566762208938599e-02,-1.928125321865081787e-02,4.108480177819728851e-03,1.178262755274772644e-03,3.981715533882379532e-03,1.109679695218801498e-02,-6.071709562093019485e-03,-8.717519231140613556e-03,-1.297551672905683517e-02,-2.095844969153404236e-02,1.186388637870550156e-02,-2.549597993493080139e-02,-2.829130738973617554e-02,1.564082875847816467e-02,-1.603087410330772400e-02,2.810928598046302795e-02,8.093445561826229095e-03,-1.344357151538133621e-02,2.756322175264358521e-02,1.755205169320106506e-02,-1.665494590997695923e-02,-1.660294085741043091e-02,1.945027336478233337e-02,-1.870918646454811096e-02,1.281949877738952637e-02,-4.157235845923423767e-03,-5.304620135575532913e-03,-6.266732700169086456e-03,8.847533725202083588e-03,-1.170786842703819275e-02,-6.289484910666942596e-03,2.504417672753334045e-03,-2.588602527976036072e-02,-1.290400791913270950e-02,-3.253630362451076508e-03,1.920324377715587616e-02,1.906022801995277405e-02,-6.445503327995538712e-03,1.348257623612880707e-02,-1.683696731925010681e-02,-4.547281656414270401e-03,6.328489631414413452e-03,-1.324204821139574051e-02,-2.106246165931224823e-02,-1.322254538536071777e-02,1.024377561407163739e-04,1.224743109196424484e-02,1.013468485325574875e-02,2.212858572602272034e-02,3.692431747913360596e-02,-2.138749929144978523e-03,-1.237744651734828949e-02,5.434635095298290253e-03,1.757805421948432922e-02,1.008267886936664581e-02,1.517277304083108902e-02,1.025819871574640274e-02,-1.437968108803033829e-02,-2.182955108582973480e-02,2.623056527227163315e-03,-1.177287567406892776e-02,7.000017911195755005e-02,-1.729202084243297577e-02,1.482173241674900055e-02,-1.470471918582916260e-02,-1.253346540033817291e-02,-4.862568341195583344e-03,-1.202380508184432983e-01,-1.821837970055639744e-03,3.580618649721145630e-02,4.350308328866958618e-02,1.743503846228122711e-02,1.776007562875747681e-02,-1.735702902078628540e-02,-3.186997491866350174e-03,-2.367576770484447479e-02,-3.458404215052723885e-03,5.627220380119979382e-04,-9.133567102253437042e-03,1.614788733422756195e-02,-8.756523951888084412e-03,1.842315308749675751e-02,-9.738137945532798767e-03,-9.712135419249534607e-03,-1.716200634837150574e-02,-1.107729505747556686e-02,1.869618520140647888e-02,-3.479206562042236328e-02,9.510611183941364288e-03,5.044589750468730927e-03,-6.175721995532512665e-03,7.540881168097257614e-03,4.368510562926530838e-03,-2.450786530971527100e-02,1.294951327145099640e-02,2.225860208272933960e-02,7.846416905522346497e-03,1.010868116281926632e-03,7.124832831323146820e-03,-3.383645555004477501e-03,2.416982501745223999e-02,-1.870918646454811096e-02,-1.371660362929105759e-02,-3.575417771935462952e-02,4.609038587659597397e-03,1.878719590604305267e-02,-7.989433594048023224e-03,9.556116536259651184e-03,-1.692797802388668060e-02,-1.591061009094119072e-03,-4.020719788968563080e-03,-1.753579941578209400e-03,1.005179947242140770e-03,7.001318503171205521e-03,3.757439181208610535e-02,1.857917197048664093e-02,-1.220192573964595795e-02,-1.375560741871595383e-02,-1.680446439422667027e-03,-2.379278093576431274e-02,-2.990349428728222847e-03,-2.211883431300520897e-03,-8.073943667113780975e-03,2.909740060567855835e-02,1.313803531229496002e-02,-2.810928598046302795e-02,-1.227831002324819565e-03,-7.646518643014132977e-04,7.709901314228773117e-03,2.007434703409671783e-02,8.307971060276031494e-03,-6.243980024009943008e-03,6.032705307006835938e-03,1.471609459258615971e-03,-3.021553158760070801e-02,2.307769656181335449e-02,-1.245545595884323120e-02,4.166987258940935135e-03,-1.324854884296655655e-02,-1.873518899083137512e-02,1.989232562482357025e-02,-1.677196100354194641e-02,-5.096595734357833862e-03,-2.015235461294651031e-02,-2.128348685801029205e-02,1.652493141591548920e-02,-2.653610147535800934e-02,-2.933142893016338348e-02,-2.883736975491046906e-02,4.748804960399866104e-03,-1.268948335200548172e-02,2.605504542589187622e-02,-2.406906336545944214e-03,-6.801420240662992001e-04,-1.783808507025241852e-02,2.517013053875416517e-04,-1.228643581271171570e-02,-2.242762129753828049e-03,2.497592009603977203e-02,-7.917925715446472168e-03,-1.380761433392763138e-02,-4.098729230463504791e-03,2.233661152422428131e-02,-3.203574568033218384e-02,-2.249262854456901550e-02,-2.101045660674571991e-02,-9.374096058309078217e-03,-6.240729242563247681e-03,7.093953900039196014e-04,-5.450237169861793518e-02,4.355509299784898758e-03,-6.478006951510906219e-03,-8.405482396483421326e-03,8.659011684358119965e-03,-2.719917893409729004e-02,1.617388986051082611e-02,-2.055540308356285095e-02,-2.712116949260234833e-02,-1.246845722198486328e-02,-4.134483262896537781e-02,2.548297867178916931e-02,-3.390044639672851190e-06,-4.797560628503561020e-03,-3.609221801161766052e-02,1.807211153209209442e-02,2.225860208272933960e-02,-5.680039175786077976e-04,-2.361400984227657318e-03,4.451720416545867920e-02,1.020619273185729980e-02,6.049769581295549870e-04,-1.183138322085142136e-02,1.109029632061719894e-02,-2.972147427499294281e-02,-6.773791741579771042e-03,-1.961929351091384888e-02,1.121381111443042755e-02,3.653427120298147202e-03,-2.358475700020790100e-02,2.286642324179410934e-03,-2.171253785490989685e-02,8.750022388994693756e-03,2.969547174870967865e-02,1.508176233619451523e-02,-2.091619418933987617e-03,9.777142666280269623e-03,2.065941505134105682e-02,3.554615378379821777e-02,4.066875204443931580e-02,-2.036038041114807129e-02,-2.331172488629817963e-02,2.276566065847873688e-02,-5.363126751035451889e-03,-7.449870929121971130e-03,-1.375560741871595383e-02,-1.750004477798938751e-02,7.982932962477207184e-03,1.339156553149223328e-02,-6.338241044431924820e-03,1.414565369486808777e-02,1.548480987548828125e-02,6.488570943474769592e-04,-2.238861657679080963e-02,1.217267243191599846e-03,-1.086927019059658051e-02,2.497592009603977203e-02,-9.146569296717643738e-03,1.500375382602214813e-02,-2.348074503242969513e-02,3.065758384764194489e-02,7.625391241163015366e-03,1.564082875847816467e-02,-5.837682168930768967e-03,2.470288798213005066e-02,-1.251396257430315018e-02,5.112847778946161270e-03,-6.663278676569461823e-03,2.134849503636360168e-02,-2.448186092078685760e-02,-1.632990874350070953e-02,-2.348074503242969513e-02,1.058973744511604309e-02,3.182772174477577209e-02,2.944844309240579605e-03,1.322092022746801376e-03,-2.497592009603977203e-02,-2.041238546371459961e-02,-4.365910217165946960e-02,8.607005700469017029e-03,4.043472558259963989e-02,-5.746671464294195175e-03,-3.975214436650276184e-03,6.754695732524851337e-06,1.609588041901588440e-02,1.019319146871566772e-02,-1.079776231199502945e-02,-7.521379273384809494e-03,2.787200734019279480e-03,-6.071709562093019485e-03,-1.865718141198158264e-02,-2.046439237892627716e-02,-1.272523775696754456e-03,1.652493141591548920e-02,4.900963631371269003e-06,1.474047312512993813e-03,-1.737003028392791748e-02,2.584702149033546448e-02,5.762923508882522583e-03,3.377794846892356873e-02,-1.625189930200576782e-02,-7.098017376847565174e-04,3.338140202686190605e-03,-1.296251546591520309e-02,-1.467871572822332382e-02,4.225493874400854111e-03,-4.113680869340896606e-02,-3.884854167699813843e-02,-6.357742939144372940e-03,1.552381459623575211e-02,-1.123006222769618034e-03,1.248145848512649536e-02,-1.239044778048992157e-02,4.488774575293064117e-03,-1.018019020557403564e-02,-5.241237522568553686e-05,1.538079790771007538e-02,-9.913658723235130310e-03,-2.735519781708717346e-02,3.323188424110412598e-02,1.336718793027102947e-03,-8.483491837978363037e-03,3.057957440614700317e-02,9.445603936910629272e-03,-3.500659251585602760e-03,1.318354066461324692e-02,-1.468359143473207951e-03,-1.047922484576702118e-02,-4.082477185875177383e-03,-3.380395006388425827e-03,1.131782308220863342e-02,-2.445585839450359344e-02,-1.304052397608757019e-02,-1.396363228559494019e-02,-1.942427083849906921e-02,2.345474064350128174e-02,-6.162720266729593277e-03,2.920141257345676422e-02,-1.479572895914316177e-02,1.848816126585006714e-02,-1.825413294136524200e-02,-2.158252336084842682e-02,1.682396605610847473e-02,3.731436282396316528e-02,3.330989181995391846e-02,1.570583507418632507e-02,-5.177855025976896286e-03,5.249363370239734650e-03,-2.411781810224056244e-02,1.980131492018699646e-02,-5.636158864945173264e-03,1.528978720307350159e-02,-1.556281931698322296e-02,-3.187972679734230042e-02,-7.124832831323146820e-03,5.886437837034463882e-03,2.112746937200427055e-03,-2.042914638877846301e-05,1.656393520534038544e-02,3.356992453336715698e-02,-1.222792919725179672e-02,3.611172083765268326e-03,-2.159552462399005890e-02,-1.383361686021089554e-02,-6.380495615303516388e-03,3.388195857405662537e-02,3.923208452761173248e-03,5.551648791879415512e-03,-1.916423998773097992e-02,-1.142833568155765533e-02,1.128531899303197861e-02,-3.229577466845512390e-02,-3.065514611080288887e-04,1.566683128476142883e-02,2.041238592937588692e-03,-1.674595661461353302e-02,-3.523411974310874939e-02,1.081726420670747757e-02,-1.610888354480266571e-02,-1.868318393826484680e-02,3.050156496465206146e-02,-2.753071719780564308e-03,-2.293468080461025238e-02,4.358109459280967712e-02,1.783808507025241852e-02,-1.830613985657691956e-02,1.746104098856449127e-02,-1.430167164653539658e-02
-4.612455144524574280e-03,-1.311616878956556320e-02,-1.370594743639230728e-02,-1.589838601648807526e-02,-1.801389828324317932e-02,3.836126998066902161e-02,-1.209687720984220505e-02,-8.327420800924301147e-03,-1.139811705797910690e-02,-4.282307345420122147e-03,3.271990641951560974e-02,1.003906223922967911e-02,-1.769336522556841373e-03,-7.718410342931747437e-03,-1.114810258150100708e-02,7.885087281465530396e-03,2.297573350369930267e-02,2.269366523250937462e-03,1.231483928859233856e-02,-5.131717305630445480e-03,6.661055522272363305e-05,1.132760010659694672e-02,-3.464309871196746826e-02,-6.160624790936708450e-03,-1.051985938102006912e-02,5.259929690510034561e-03,1.381492824293673038e-03,-3.636115044355392456e-02,1.688562519848346710e-02,-1.433419063687324524e-02,-1.630866713821887970e-02,-1.130676595494151115e-03,-1.037882547825574875e-02,-2.080893702805042267e-02,-1.485986262559890747e-02,4.125246778130531311e-03,-8.474865928292274475e-03,-1.047498546540737152e-02,6.846563424915075302e-03,-2.591501222923398018e-03,2.005248144268989563e-02,1.477011386305093765e-02,-2.387963235378265381e-03,-5.231081973761320114e-03,-4.359235055744647980e-03,1.516757346689701080e-02,-2.279623411595821381e-02,-3.441231325268745422e-02,-8.763344958424568176e-03,7.859444245696067810e-03,1.688562519848346710e-02,-1.024901052005589008e-03,-9.199268184602260590e-03,-4.737462848424911499e-03,2.551434561610221863e-02,2.470660582184791565e-02,7.494037970900535583e-03,3.123263642191886902e-02,-4.936192650347948074e-03,-2.009094506502151489e-02,2.077047340571880341e-02,2.472904277965426445e-03,-9.692886844277381897e-03,1.644970104098320007e-02,-3.100185468792915344e-02,4.186147823929786682e-03,-3.328404203057289124e-02,1.580863818526268005e-02,6.513210013508796692e-03,-1.585992239415645599e-02,3.436102718114852905e-02,2.677083201706409454e-02,7.635071873664855957e-03,-1.424444187432527542e-02,1.324438210576772690e-02,-5.272110179066658020e-02,-6.256784312427043915e-03,5.644568242132663727e-03,-3.287376090884208679e-02,8.686416782438755035e-03,-1.259690732695162296e-03,-9.718529880046844482e-03,8.519739843904972076e-03,3.008192637935280800e-03,2.714905887842178345e-03,1.296231336891651154e-02,-1.175070274621248245e-02,2.392450720071792603e-02,1.837289333343505859e-02,-2.044994011521339417e-02,1.530860736966133118e-02,2.016787230968475342e-02,3.438667207956314087e-02,3.902797400951385498e-02,1.076987478882074356e-02,-1.026343461126089096e-02,-3.138649091124534607e-02,4.043831676244735718e-02,4.439367912709712982e-03,-2.056212630122900009e-03,4.612455144524574280e-03,-2.156539261341094971e-02,5.009914748370647430e-03,-8.667184971272945404e-03,-1.484704203903675079e-02,-3.841255232691764832e-02,-1.002624072134494781e-02,-1.466754358261823654e-02,1.834725029766559601e-02,-2.160385623574256897e-02,2.865555929020047188e-03,2.638619393110275269e-02,9.231321164406836033e-04,-1.769336499273777008e-02,1.516757346689701080e-02,-2.823886694386601448e-03,3.084799833595752716e-02,-1.053268089890480042e-02,-2.112946845591068268e-02,-3.254040703177452087e-02,-3.756634891033172607e-03,9.244142100214958191e-03,7.314539980143308640e-03,-4.184865579009056091e-02,-7.494037970900535583e-03,2.361679635941982269e-02,-8.346652612090110779e-03,-1.648816466331481934e-02,-5.035557318478822708e-03,3.859205171465873718e-03,7.461984455585479736e-02,2.211670763790607452e-02,2.743753790855407715e-02,-1.593684963881969452e-02,-4.628481809049844742e-03,2.028326503932476044e-02,-1.762926019728183746e-02,-4.615660756826400757e-03,2.889595925807952881e-03,-1.727026328444480896e-02,1.560349669307470322e-02,2.146282233297824860e-02,-4.513090476393699646e-03,1.105835312046110630e-03,1.146863494068384171e-02,-4.723840102087706327e-04,-1.732475357130169868e-03,1.475729234516620636e-02,3.366867825388908386e-02,-8.724880404770374298e-03,2.948894351720809937e-02,2.560409530997276306e-02,3.641243278980255127e-02,-1.212893053889274597e-02,-4.285512492060661316e-03,-2.080893702805042267e-02,-2.346294187009334564e-02,1.250715833157300949e-02,-2.733496762812137604e-02,-9.622369892895221710e-03,-6.468335632234811783e-03,3.133200225420296192e-04,2.329626493155956268e-02,2.318087406456470490e-02,7.378646172583103180e-03,1.771900802850723267e-02,1.424444187432527542e-02,-1.628302410244941711e-02,1.187250483781099319e-02,-1.668048463761806488e-02,1.947552338242530823e-02,4.392570257186889648e-02,-2.173206955194473267e-02,2.118075452744960785e-02,-2.343729883432388306e-02,2.941201440989971161e-02,1.605224236845970154e-02,-1.108399592339992523e-02,-2.810424380004405975e-02,1.670612767338752747e-02,-2.969408407807350159e-02,2.489892393350601196e-02,2.746318094432353973e-02,3.851512446999549866e-02,-2.341165579855442047e-02,-2.115511149168014526e-02,-1.892741420306265354e-03,-1.304565183818340302e-02,-1.298154587857425213e-03,-1.027625519782304764e-02,2.414246834814548492e-02,2.877095155417919159e-02,-1.925195247167721391e-04,-1.159043703228235245e-02,-6.433205008506774902e-01,2.721316646784543991e-03,-2.682211622595787048e-02,-1.157120428979396820e-02,2.188592404127120972e-02,1.639521098695695400e-03,-4.523507668636739254e-04,9.814689867198467255e-03,-3.723299503326416016e-02,1.707794517278671265e-02,-5.378526635468006134e-03,3.197627142071723938e-02,-3.990623168647289276e-03,-1.856521330773830414e-02,-1.299436669796705246e-02,-2.109100483357906342e-02,-1.925756223499774933e-02,-4.346413537859916687e-03,-5.580462049692869186e-03,-6.570905912667512894e-03,-1.137888524681329727e-02,2.287316322326660156e-02,-1.685998216271400452e-02,-1.496243290603160858e-02,2.496944274753332138e-03,1.435983274132013321e-02,1.350080687552690506e-02,-8.365884423255920410e-03,-1.367068965919315815e-03,6.904258858412504196e-03,-2.044994011521339417e-02,1.951398700475692749e-02,7.782516535371541977e-03,7.679946254938840866e-03,4.351542145013809204e-02,-2.069354429841041565e-02,-8.558204397559165955e-03,2.496303059160709381e-02,8.244082331657409668e-03,4.466933757066726685e-02,-2.828374318778514862e-02,-7.942782714962959290e-03,1.633431017398834229e-02,-7.878676056861877441e-03,-2.830297453328967094e-03,3.187369927763938904e-02,2.270648628473281860e-02,3.133200109004974365e-03,1.559067610651254654e-02,9.859563782811164856e-03,-9.019769728183746338e-03,-1.792414858937263489e-02,3.801509272307157516e-03,5.856119561940431595e-03,8.737701922655105591e-03,1.507782470434904099e-02,2.337319217622280121e-02,-5.115690641105175018e-03,3.679707180708646774e-03,-1.388704869896173477e-03,-1.255844347178936005e-02,2.616823092103004456e-02,-9.686476550996303558e-03,1.074423175305128098e-02,-2.628362365067005157e-02,8.647953160107135773e-03,-1.145901856943964958e-03,4.317565821111202240e-03,2.068072371184825897e-02,-3.323916811496019363e-03,9.372355416417121887e-03,1.325720269232988358e-02,9.603138081729412079e-03,-2.869402430951595306e-02,7.558144163340330124e-03,-8.064584806561470032e-03,2.142435871064662933e-02,-1.251356862485408783e-02,2.434760890901088715e-02,1.021855976432561874e-02,-3.676501801237463951e-03,-2.348858490586280823e-02,-2.165514044463634491e-02,7.987657561898231506e-03,2.364243939518928528e-02,2.677083201706409454e-02,-1.802671886980533600e-02,-1.324438210576772690e-02,-1.320591778494417667e-03,-1.261613890528678894e-02,2.498867362737655640e-02,3.269426152110099792e-02,-1.268024556338787079e-02,-1.685998216271400452e-02,-9.930080734193325043e-03,2.359115332365036011e-02,1.206802902743220329e-03,2.466814219951629639e-02,8.205618709325790405e-03,7.711999583989381790e-03,1.031471975147724152e-02,-2.032172866165637970e-02,2.268084324896335602e-02,4.250254016369581223e-03,1.006470434367656708e-02,1.019692354020662606e-04,-4.266921803355216980e-02,1.029548700898885727e-02,-8.524147415300831199e-05,-1.768054440617561340e-02,2.759780501946806908e-03,-1.435983274132013321e-02,2.918443642556667328e-03,2.386040054261684418e-02,-5.308009684085845947e-03,-2.488610334694385529e-02,-9.506979025900363922e-03,9.122340008616447449e-03,-5.875351373106241226e-03,-9.648012928664684296e-03,1.859085517935454845e-03,2.082175761461257935e-02,3.327121958136558533e-03,-8.712059818208217621e-03,2.000119537115097046e-02,3.215576708316802979e-02,-1.687280461192131042e-02,-2.955304924398660660e-03,1.478453748859465122e-03,1.829596608877182007e-02,6.788867525756359100e-03,1.301359850913286209e-02,2.433478832244873047e-02,-1.706512272357940674e-02,2.142435871064662933e-02,-8.167155086994171143e-03,2.620669454336166382e-02,-1.016727462410926819e-02,1.933448947966098785e-02,-2.728368341922760010e-02,8.917199447751045227e-03,3.461745567619800568e-03,-4.606044851243495941e-03,3.525851760059595108e-03,-1.026984490454196930e-02,-2.346294187009334564e-02,-1.820621662773191929e-03,-2.545023895800113678e-02,-3.666885942220687866e-02,-9.942902252078056335e-03,2.766591787803918123e-04,-1.248151529580354691e-02,-2.168078348040580750e-02,1.231483928859233856e-02,-1.272511947900056839e-02,-6.506799254566431046e-03,4.461805336177349091e-03,-1.778311468660831451e-02,-8.442812599241733551e-03,-3.672014549374580383e-02,2.547588199377059937e-02,2.933508716523647308e-02,-2.900173328816890717e-02,1.211610855534672737e-03,2.106536179780960083e-02,-2.933508716523647308e-02,-1.644970104098320007e-02,1.314181182533502579e-02,-1.100065745413303375e-02,-1.457779482007026672e-02,4.403308266773819923e-04,1.263537071645259857e-02,-5.676621571183204651e-03,3.110442310571670532e-02,-1.246228348463773727e-02,-1.388544589281082153e-02,-1.305847335606813431e-02,-7.859444245696067810e-03,1.681190216913819313e-03,1.644970104098320007e-02,-1.020193230942822993e-04,2.124485932290554047e-02,-3.128392249345779419e-02,-1.503936108201742172e-02,1.370594743639230728e-02,8.538972586393356323e-03,8.566217147745192051e-04,2.930944412946701050e-02,1.036600489169359207e-02,2.030890621244907379e-02,-1.272511947900056839e-02,7.622250821441411972e-03,-4.231022205203771591e-03,-4.346413537859916687e-03,-3.139610867947340012e-03,8.263315074145793915e-03,-4.471421241760253906e-03,-4.474626388400793076e-03,-2.338280901312828064e-03,3.556622937321662903e-02,2.597911749035120010e-03,-1.066730450838804245e-02,2.532202750444412231e-02,1.824468001723289490e-02,1.153915189206600189e-02,-4.569504037499427795e-02,-8.885147050023078918e-03,-1.461625844240188599e-02,2.930944412946701050e-02,3.663680516183376312e-03,-6.602958776056766510e-03,-1.707794517278671265e-02,-1.911652833223342896e-02,1.650739694014191628e-03,1.355209201574325562e-02,2.900173328816890717e-02,2.614258974790573120e-02,1.790171139873564243e-03,-8.038941770792007446e-03,-8.545382879674434662e-03,1.059678755700588226e-02,6.923491135239601135e-03,-4.840033070649951696e-04,6.386599852703511715e-04,-2.769396454095840454e-02,2.766832150518894196e-02,-1.230842806398868561e-02,-8.609489537775516510e-03,-5.464068817673251033e-05,-2.474506944417953491e-02,1.817416399717330933e-03,-2.175771072506904602e-02,-1.961655728518962860e-02,1.976079773157835007e-03,-3.400203213095664978e-02,1.792414858937263489e-02,9.180036373436450958e-03,-2.511688694357872009e-02,6.885027047246694565e-03,-1.311616878956556320e-02,1.635995320975780487e-02,1.239817682653665543e-02,2.407836355268955231e-02,-6.170240696519613266e-03,-8.199208416044712067e-03,1.485986262559890747e-02,1.685998216271400452e-02,1.066089421510696411e-02,-3.413665574043989182e-03,-1.855239085853099823e-02,-1.844982057809829712e-02,3.056593053042888641e-02,-3.955364692956209183e-03,-3.705349750816822052e-03,-9.147983044385910034e-03,-2.001401782035827637e-02,9.026180952787399292e-03,1.570606790482997894e-02,2.302701771259307861e-02,1.975759118795394897e-02,-1.262094709090888500e-03,-7.750463671982288361e-03,1.122502982616424561e-02,1.782157830893993378e-02,4.931063950061798096e-02,9.654423221945762634e-03,-1.360337715595960617e-02,-2.144999988377094269e-02,-3.179677203297615051e-02,-1.555221155285835266e-02,8.654363453388214111e-03,-1.130836829543113708e-02,7.417110260576009750e-03,-1.179557666182518005e-02,4.785542376339435577e-03,-3.368791192770004272e-03,-7.308129570446908474e-04,8.205618709325790405e-03,4.670151043683290482e-03,2.968126209452748299e-03,-1.028907671570777893e-02,-3.707914054393768311e-02,1.183404121547937393e-02,-1.980887725949287415e-03,-1.193020027130842209e-02,-1.412905007600784302e-02,-3.943825513124465942e-02,-1.862931996583938599e-02,-3.659193217754364014e-02,1.501371804624795914e-02,1.202636025846004486e-02,2.541177533566951752e-02,1.129554677754640579e-02,-1.614199019968509674e-02,1.112245954573154449e-02,-3.302761539816856384e-02,4.577196761965751648e-02,-2.571948617696762085e-02,-1.251356862485408783e-02,7.006829138845205307e-03,1.455215178430080414e-02,-1.546566782053560019e-04,-3.894463647156953812e-03,2.444056328386068344e-03,1.805236190557479858e-02,6.259989924728870392e-03,-3.243382961954921484e-04,-1.087885536253452301e-02,-2.839913358911871910e-03,-2.212952822446823120e-02,-1.643688045442104340e-02,-1.082115992903709412e-02,1.332611776888370514e-03,-1.773182861506938934e-02,-1.786965876817703247e-04,1.634713076055049896e-02,-1.329406397417187691e-03,-4.038703162223100662e-03,1.483261818066239357e-03,-1.857803389430046082e-02,-1.246228348463773727e-02,-2.643747813999652863e-02,-6.628601346164941788e-03,-1.284531899727880955e-03,9.836485981941223145e-02,6.240757647901773453e-03,-3.920106217265129089e-03,2.128332480788230896e-02,4.739866708405315876e-04,2.697597257792949677e-02,-2.191156707704067230e-02,-6.019590888172388077e-03,6.183062214404344559e-03,-2.482520183548331261e-03,-4.198968876153230667e-03,-3.194101154804229736e-03,1.560349669307470322e-02,-1.907806470990180969e-02,1.245587319135665894e-02,8.256903849542140961e-03,7.526090834289789200e-03,-6.820920854806900024e-03,-1.266101375222206116e-03,-1.227637473493814468e-02,-3.561110468581318855e-03,4.416930954903364182e-03,-4.266280680894851685e-03,1.528296526521444321e-02,9.750583209097385406e-03,-1.284692250192165375e-02,1.403930131345987320e-02,6.128571461886167526e-03,2.431235043331980705e-03,-1.960373669862747192e-02,-2.033454924821853638e-02,1.276358403265476227e-02,6.401023827493190765e-03,-3.259810386225581169e-03,-1.078910659998655319e-02,3.141213580965995789e-02,7.782516535371541977e-03,-2.186028053984045982e-03,1.137247495353221893e-02,-3.825869783759117126e-02,3.643807768821716309e-02,1.542399916797876358e-02,8.199208416044712067e-03,-8.179976604878902435e-03,4.179737064987421036e-03,-8.173565380275249481e-03,-1.488550566136837006e-02,1.241740956902503967e-02,-1.687280461192131042e-02,-3.238655254244804382e-02,3.772020339965820312e-02,-2.524509839713573456e-02,-1.396237313747406006e-02,-1.343670114874839783e-02,8.814630098640918732e-03,-7.032471708953380585e-03,-2.069033915176987648e-03,4.926576744765043259e-03,-1.124426163733005524e-02,1.343830372206866741e-03,-3.125827759504318237e-02,-3.856640681624412537e-02,-9.930080734193325043e-03,-1.521885860711336136e-02,-1.974477060139179230e-02,-1.272511947900056839e-02,-2.138589508831501007e-02,1.176352426409721375e-02,-7.667125202715396881e-03,-1.415469218045473099e-02,-7.538912352174520493e-03,-6.731171626597642899e-03,-4.224611446261405945e-03,2.041147649288177490e-02,3.602779656648635864e-02,1.278281584382057190e-02,1.375723257660865784e-02,-1.291102822870016098e-02,2.009094506502151489e-02,-7.218380458652973175e-03,-6.548468489199876785e-03,-9.500567801296710968e-03,-2.218081383034586906e-03,-4.798363894224166870e-03,5.003504455089569092e-03,1.903959922492504120e-02,-8.288957178592681885e-03,2.038583392277359962e-03,-1.547528430819511414e-02,6.516415160149335861e-03,-5.981126800179481506e-03,-2.556563168764114380e-02,2.556563168764114380e-02,-4.881702363491058350e-03,-2.805295959115028381e-02,1.002624072134494781e-02,1.514193136245012283e-02,-7.635071873664855957e-03,-2.082175761461257935e-02,-1.248792652040719986e-02,2.697597257792949677e-02,-2.287316322326660156e-02,-9.987777099013328552e-03,2.048199297860264778e-03,1.588556542992591858e-02,1.793376519344747066e-03,-2.560409530997276306e-02,-2.521945722401142120e-02,-1.318027544766664505e-02,-1.930884644389152527e-02,2.878377214074134827e-03,-3.702785447239875793e-02,-2.327062189579010010e-03,-1.784722134470939636e-02,-3.392510488629341125e-02,1.930884644389152527e-02,5.070816259831190109e-03,1.889856532216072083e-02,3.143777698278427124e-02,-6.615780293941497803e-03,-1.003265101462602615e-02,-1.528296526521444321e-02,3.605343773961067200e-02,5.917020607739686966e-03,1.624456048011779785e-02,-7.910729385912418365e-03,-9.410819038748741150e-03,-2.684775926172733307e-02,2.496303059160709381e-02,2.434440422803163528e-03,-8.647953160107135773e-03,2.318087406456470490e-02,-3.868821077048778534e-03,1.580863818526268005e-02,-1.569324545562267303e-02,-1.366748381406068802e-02,-9.346712380647659302e-03,2.433478832244873047e-02,-3.284811973571777344e-02,-9.968544356524944305e-03,-1.941141672432422638e-02,-1.728308387100696564e-02,-3.343789651989936829e-02,-6.622191052883863449e-03,4.227817058563232422e-03,-3.838691115379333496e-02,1.761323306709527969e-03,1.248151529580354691e-02,8.487687446177005768e-03,1.882163807749748230e-02,-1.157761551439762115e-02,1.588235958479344845e-03,-1.968066394329071045e-02,2.592462673783302307e-02,-2.147564291954040527e-02,1.141895190812647343e-03,-4.069473966956138611e-02,-1.164813246577978134e-02,2.159103378653526306e-02,2.877095155417919159e-02,2.800167351961135864e-02,3.583547659218311310e-03,4.759900039061903954e-04,8.878735825419425964e-03,-9.224910289049148560e-03,1.473165024071931839e-02,-1.410340704023838043e-02,-2.330908551812171936e-02,-2.671954594552516937e-02,9.789046831429004669e-03,7.635071873664855957e-03,1.433419063687324524e-02,3.374560922384262085e-02,-4.066909849643707275e-02,7.199148647487163544e-03,2.496944274753332138e-03,1.651380769908428192e-02,7.032471708953380585e-03,-4.029087256640195847e-03,-1.970630697906017303e-02,-7.320950739085674286e-03,-2.153974957764148712e-02,-2.990963985212147236e-04,1.110322773456573486e-02,-1.372678205370903015e-03,-1.660355739295482635e-02,1.911652833223342896e-02,-6.080491933971643448e-03,-5.865735467523336411e-03,1.487268414348363876e-02,2.223209850490093231e-02,-1.071217935532331467e-02,3.336096927523612976e-02,-7.404288626275956631e-04,8.917199447751045227e-03,-7.985252887010574341e-04,2.493738941848278046e-02,5.381732247769832611e-03,3.346354002133011818e-03,-1.171223912388086319e-02,4.779132083058357239e-03,5.612514913082122803e-03,-1.176352426409721375e-02,-2.182181738317012787e-02,-1.009034737944602966e-02,-5.845702253282070160e-04,-1.837289333343505859e-02,-2.102689817547798157e-03,1.669330522418022156e-02,-4.275095416232943535e-04,-1.621891930699348450e-02,-5.792012903839349747e-03,-1.996273174881935120e-02,-3.633550554513931274e-02,4.907985776662826538e-02,-1.214816235005855560e-02,-2.060379646718502045e-02,3.138649091124534607e-02,-1.551374793052673340e-03,-1.901395805180072784e-02,-9.128751233220100403e-03,7.538912352174520493e-03,2.859145402908325195e-02,-2.559127472341060638e-02,1.047498546540737152e-02,3.825869783759117126e-02,7.519680541008710861e-03,1.112245954573154449e-03,1.506500318646430969e-02,-7.600614917464554310e-04,-9.186446666717529297e-03,1.010957919061183929e-02,2.118716482073068619e-03,-1.879599504172801971e-02,-1.392390951514244080e-02,-9.500567801296710968e-03,-6.227936595678329468e-03,-2.638619393110275269e-02,-3.089928440749645233e-02,1.432136911898851395e-02,-1.771900802850723267e-02,-1.397519465535879135e-02,5.211850162595510483e-03,4.064345732331275940e-03,9.513389319181442261e-03,3.448924282565712929e-03,1.415469218045473099e-02,-5.825668922625482082e-04,-1.742411963641643524e-02,7.353003602474927902e-03,-2.556563168764114380e-02,-1.183564309030771255e-03,-1.760361716151237488e-02,1.903960015624761581e-03,-6.352943833917379379e-03,-1.818057522177696228e-02,-4.301539156585931778e-03,-1.118656597100198269e-03,2.264558570459485054e-03,-1.618045382201671600e-02,-8.359474129974842072e-03,3.143777698278427124e-02,1.007111463695764542e-02,6.214313907548785210e-04,-9.462104178965091705e-03,1.153915189206600189e-02,-8.045352995395660400e-03,-7.404288742691278458e-03,-7.859444245696067810e-03,2.460403554141521454e-02,-3.272631671279668808e-03,-1.625738292932510376e-02,1.680869795382022858e-02,1.400083675980567932e-02,8.333832025527954102e-03,-8.167155086994171143e-03,3.795098746195435524e-03,-1.601377874612808228e-02,-1.443676091730594635e-02,-8.237672038376331329e-03,1.451368816196918488e-02,5.987537559121847153e-03,9.885206818580627441e-03,-1.784722134470939636e-02,-6.404228974133729935e-03,-4.036138951778411865e-02,-1.054550241678953171e-02,-1.192378997802734375e-02,1.891138777136802673e-02,5.457057268358767033e-04,-2.465531975030899048e-02,-1.952039776369929314e-03,-1.393673103302717209e-02,2.111664786934852600e-02,1.681190216913819313e-03,-1.625738292932510376e-02,1.594646601006388664e-03,4.433598369359970093e-02,-4.310514032840728760e-02,4.525911808013916016e-02,-2.466814219951629639e-02,-6.163829937577247620e-03,-1.537271402776241302e-02,-4.908146220259368420e-04,2.442453801631927490e-02,-3.686117939651012421e-03,-3.942543640732765198e-03,-8.109459653496742249e-03,-5.798423662781715393e-03,1.123144105076789856e-02,-1.933448947966098785e-02,1.647534430958330631e-03,1.520603708922863007e-02,-4.718230664730072021e-02,-2.498867362737655640e-02,4.006649833172559738e-03,1.706512272357940674e-02,-2.447582222521305084e-02,-1.098142564296722412e-02,3.684835880994796753e-02,-1.060960907489061356e-02,-1.684395596385002136e-03,3.692528605461120605e-02,-1.434701215475797653e-02,2.356551215052604675e-02,2.334754914045333862e-02,-9.564674459397792816e-03,2.559127472341060638e-02,-2.501752227544784546e-03,-2.398861385881900787e-02,-5.878556519746780396e-03,5.166975781321525574e-03,-3.307890146970748901e-02,1.117374468594789505e-02,5.086842458695173264e-03,-7.731231395155191422e-03,-1.533425040543079376e-02,1.167377457022666931e-02,-6.368970498442649841e-03,1.327803707681596279e-03,-7.288897410035133362e-03,3.113006614148616791e-02,-7.859444245696067810e-03,1.309693697839975357e-02,3.529057139530777931e-03,1.566760428249835968e-02,-9.532621130347251892e-03,-6.673476193100214005e-03,-4.159222915768623352e-02,-2.464249916374683380e-02,-2.912994660437107086e-02,4.138708859682083130e-02,1.352644991129636765e-02,1.218021567910909653e-02,-1.357773505151271820e-02,1.770618744194507599e-02,-3.518158942461013794e-02,-1.392390951514244080e-02,-5.291983019560575485e-03,3.505337983369827271e-02,1.084680203348398209e-02,3.538672998547554016e-02,5.753549281507730484e-03,3.633550554513931274e-02,-4.048319067806005478e-03,5.077226832509040833e-02,-2.406554110348224640e-02,4.833622369915246964e-03,8.846682496368885040e-03,1.015445310622453690e-02,2.183463983237743378e-02,-1.216739416122436523e-02,-2.221927791833877563e-02,-1.587274484336376190e-02,1.342387963086366653e-02,-9.340302087366580963e-03,1.692408882081508636e-02,2.298855409026145935e-02,-1.418353989720344543e-03,-1.339823659509420395e-02,-7.985252887010574341e-04,5.743933375924825668e-03,8.853093720972537994e-03,-2.062943950295448303e-02,5.660594906657934189e-03,-3.801509272307157516e-03,1.055191271007061005e-02,1.150709856301546097e-02,1.951398700475692749e-02,-3.395074978470802307e-02,-3.654064610600471497e-03,1.343670114874839783e-02,-7.801748346537351608e-03,-1.671894825994968414e-02,6.384997162967920303e-03,-9.641601704061031342e-03,-1.177634485065937042e-02,-2.118075452744960785e-02,1.756515353918075562e-02,7.955604232847690582e-03,-2.492456696927547455e-02,3.000179305672645569e-03,-1.851392723619937897e-02,-1.614199019968509674e-02,5.490712821483612061e-03,9.853153489530086517e-03,-9.543839842081069946e-04,2.290201140567660332e-03,7.121820090105757117e-05,-8.103048428893089294e-03,-6.891437806189060211e-03,4.840033128857612610e-03,-2.116793207824230194e-02,-1.574453152716159821e-02,1.056954264640808105e-03,-1.246869470924139023e-02,-1.527014374732971191e-02,-3.574572876095771790e-02,1.779593527317047119e-02,3.459181264042854309e-02,-1.730872690677642822e-02,-3.081113682128489017e-04,1.996273174881935120e-02,9.631986031308770180e-04,2.907225163653492928e-03,-1.589838601648807526e-02,-1.405212190002202988e-02,-3.823846418526954949e-05,-7.461984641849994659e-03,2.017748774960637093e-03,1.419956679455935955e-03,-2.366808243095874786e-02,-2.477071247994899750e-02,-1.446400536224246025e-03,7.038882467895746231e-03,2.039865590631961823e-02,1.992939710617065430e-01,-1.830878667533397675e-02,-5.372115876525640488e-03,3.136084973812103271e-02,-1.159684732556343079e-02,2.177053317427635193e-02,2.843759767711162567e-02,-2.145961625501513481e-03,-1.150709856301546097e-02,1.880881749093532562e-02,-1.298154518008232117e-02,-3.634832799434661865e-03,9.898027405142784119e-03,-1.971271820366382599e-03,1.570606720633804798e-03,-3.923311457037925720e-02,-5.647773388773202896e-03,-2.862350549548864365e-03,-2.405272051692008972e-02,-2.283469960093498230e-02,1.832160912454128265e-02,5.968305747956037521e-03,1.492396928369998932e-02,-3.646371886134147644e-02,9.789046831429004669e-03,1.128272619098424911e-03,-2.000119537115097046e-02,2.116793207824230194e-02,3.882283344864845276e-02,7.814569398760795593e-03,-3.010436333715915680e-02,-5.240697879344224930e-03,-1.197988283820450306e-03,-8.436402305960655212e-03,-2.521945722401142120e-02,-1.033715670928359032e-04,2.059097401797771454e-02,5.843298044055700302e-03,4.908146220259368420e-04,-1.837289333343505859e-02,1.748822443187236786e-02,3.708555130288004875e-03,-8.372295647859573364e-03,-2.654004842042922974e-02,-4.547547432594001293e-04,3.543801605701446533e-02,-1.660355739295482635e-02,-1.583427935838699341e-02,-3.307890146970748901e-02,5.484302528202533722e-03,-4.150889348238706589e-03,-2.870363881811499596e-03,6.843357696197926998e-04,1.671894825994968414e-02,-5.221466068178415298e-03,6.436282303184270859e-03,2.186028100550174713e-02,1.600255956873297691e-03,1.840053882915526628e-04,-2.460403554141521454e-02,-1.070576836355030537e-03,1.702665910124778748e-02,-2.754010818898677826e-02,4.378466866910457611e-03,4.359234881121665239e-04,3.677142783999443054e-02,-4.246407747268676758e-02,-1.041087880730628967e-02,1.535989250987768173e-02,-3.469438105821609497e-02,-8.340242318809032440e-03,-1.162248943001031876e-02,-4.448983818292617798e-03,2.438607439398765564e-02,-1.488069770857691765e-03,1.382294227369129658e-03,1.756915880832821131e-04,2.684775926172733307e-02,1.561631821095943451e-02,1.446240302175283432e-02,-7.059716735966503620e-04,-1.938577368855476379e-02,-1.983451843261718750e-02,5.634952336549758911e-03,1.093655172735452652e-02,-1.433419063687324524e-02,1.020573824644088745e-02,6.452308967709541321e-03,-3.413024544715881348e-02,3.330968320369720459e-02,1.771900802850723267e-02,1.121060573495924473e-03,-2.367128618061542511e-03,-2.854337450116872787e-03,-2.374500967562198639e-02,-2.237313194200396538e-03,-2.224491909146308899e-03,2.828374318778514862e-02,-2.527074143290519714e-02,-4.926576744765043259e-03,-9.135161526501178741e-03,-1.627020351588726044e-02,6.545263342559337616e-03,2.221286762505769730e-03,-1.366748381406068802e-02,9.083876386284828186e-03,2.588616311550140381e-02,1.664202101528644562e-02,-2.136025205254554749e-02,-1.718051359057426453e-02,2.682452031876891851e-04,5.647773388773202896e-03,1.300077699124813080e-02,-5.234287120401859283e-03,8.346652612090110779e-03,4.689382854849100113e-03,1.338541600853204727e-02,-2.677083201706409454e-02,7.558144163340330124e-03,1.094296202063560486e-02,1.942423917353153229e-02,-7.147863507270812988e-03,-5.686237476766109467e-03,7.385056931525468826e-03,7.000418379902839661e-03,-1.498807594180107117e-02,-2.628362365067005157e-02,1.293026003986597061e-02,1.051985938102006912e-02,-4.664381593465805054e-02,3.157240105792880058e-03,-1.989862509071826935e-02,5.388142541050910950e-03,-3.120378823950886726e-03,1.365466229617595673e-02,2.037301287055015564e-02,-1.020573824644088745e-02,-1.362902019172906876e-02,-2.656569145619869232e-02,-4.997093696147203445e-03,-2.322254236787557602e-03,3.235770389437675476e-03,-4.138869408052414656e-04,1.738565415143966675e-02,3.339943243190646172e-03,-3.622011514380574226e-03,2.514252997934818268e-02,1.245587319135665894e-02,-1.205841358751058578e-02,-1.585992239415645599e-02,-1.650098711252212524e-02,-4.804774653166532516e-03,2.352704852819442749e-02,6.596548482775688171e-03,4.210508242249488831e-02,3.940540191251784563e-04,-5.875351373106241226e-03,-2.189874462783336639e-02,2.489892393350601196e-02,3.700141096487641335e-04,-5.151589959859848022e-02,-7.019650656729936600e-03,2.189874462783336639e-02,-1.246228348463773727e-02,-3.033835208043456078e-03,-7.686357013881206512e-03,-1.603172719478607178e-01,5.779191851615905762e-03,-3.147624200209975243e-03,-1.078910659998655319e-02,2.671954594552516937e-02,3.307890146970748901e-03,5.302881076931953430e-02,1.453933119773864746e-02,-4.343208565842360258e-04,1.410340704023838043e-02,2.127050235867500305e-02,-1.318027544766664505e-02,-1.401365827769041061e-02,9.186446666717529297e-03,-1.226355414837598801e-02,1.217380445450544357e-02,-1.393673103302717209e-02,2.205260097980499268e-02,1.224432233721017838e-02,5.471481010317802429e-03,2.523227781057357788e-02,1.771900802850723267e-02,6.292042788118124008e-03,-1.602659933269023895e-02,1.733436994254589081e-02,1.730872690677642822e-02,-2.202695794403553009e-02,1.001341920346021652e-02,-1.018009614199399948e-02,-2.902737632393836975e-02,-5.054789595305919647e-03,-1.028907671570777893e-02,3.756634891033172607e-02,-1.082757022231817245e-02,2.081454586004838347e-04,1.341105811297893524e-02,8.006889373064041138e-03,7.276075892150402069e-03,8.128691464662551880e-03,1.450086664408445358e-02,4.291923251003026962e-03,1.239176653325557709e-02,1.874471083283424377e-02,-1.929602585732936859e-03,-1.079391455277800560e-03,1.825750246644020081e-02,1.382294227369129658e-03,-2.292444743216037750e-02,7.090167608112096786e-03,-2.777089178562164307e-02,8.737701922655105591e-03,-1.573170907795429230e-02,6.122161168605089188e-03,-2.948894398286938667e-04,7.077346090227365494e-03,-3.872026456519961357e-03,-1.187250483781099319e-02,-2.165514044463634491e-02,-1.921909861266613007e-02,-2.861709520220756531e-02,-2.245005965232849121e-02,1.233407109975814819e-02,-7.378646172583103180e-03,2.080893702805042267e-02,2.800167351961135864e-02,3.698939224705100060e-03,-3.032232634723186493e-03,-2.677083201706409454e-02,-2.115511149168014526e-02,1.474447175860404968e-02,-9.449282661080360413e-03,-3.997674956917762756e-02,1.970630697906017303e-02,-5.180598236620426178e-04,1.598813571035861969e-02,-1.868060417473316193e-02,-3.500209376215934753e-02,2.910430356860160828e-02,1.820621639490127563e-02,-2.736061066389083862e-02,-1.361619867384433746e-02,1.511628832668066025e-02,-1.678305491805076599e-02,-1.507782470434904099e-02,-2.519381418824195862e-02,7.897907868027687073e-03,-1.474447175860404968e-02,-1.459061633795499802e-02,1.269947737455368042e-02,4.843238275498151779e-03,-4.154094494879245758e-03,-1.516757346689701080e-02,6.343327928334474564e-03,-1.131477882154285908e-03,1.630866713821887970e-02,-9.720132220536470413e-04,1.910370588302612305e-02,9.904438629746437073e-03,-1.866778358817100525e-02,-1.560990815050899982e-03,-1.073782145977020264e-02,1.609871862456202507e-03,-4.046395793557167053e-02,-4.298334009945392609e-03,-8.455634117126464844e-03,2.480917610228061676e-02,1.553939096629619598e-02,1.251356862485408783e-02,3.872026503086090088e-02,2.890797914005815983e-04,-1.118015591055154800e-02,9.143174975179135799e-04,2.064226008951663971e-02,1.392390951514244080e-02,1.574453152716159821e-02,7.718410342931747437e-03,-5.997153464704751968e-03,-2.278982428833842278e-03,2.237313194200396538e-03,-1.167377457022666931e-02,7.964579015970230103e-02,-1.525732222944498062e-02,1.711640879511833191e-02,1.766772381961345673e-02,-1.013522129505872726e-02,-6.647833622992038727e-03,-1.201097443699836731e-01,-1.696255244314670563e-02,3.369432315230369568e-02,4.120759293437004089e-02,1.996273174881935120e-02,2.462967857718467712e-02,-1.947231823578476906e-03,-7.231201510876417160e-03,-1.616763323545455933e-02,-2.057815436273813248e-03,-1.728308387100696564e-02,-1.244305167347192764e-02,3.904079552739858627e-03,-1.182963387691415846e-04,3.968186210840940475e-03,3.468156093731522560e-03,2.336678095161914825e-03,-6.840152665972709656e-03,-1.974477060139179230e-02,2.604001946747303009e-02,-1.911652833223342896e-02,2.012940868735313416e-02,-8.051763288676738739e-03,-7.551733404397964478e-03,6.024999674991704524e-05,5.291983019560575485e-03,-4.002803564071655273e-02,1.394955161958932877e-02,1.773182861506938934e-02,2.207824401557445526e-02,6.558084394782781601e-03,-4.035497549921274185e-03,-1.253280043601989746e-02,1.288538612425327301e-02,-2.684775926172733307e-02,-9.891617111861705780e-03,-3.248912096023559570e-02,-1.564196124672889709e-02,2.771960571408271790e-02,-1.632148958742618561e-02,1.103912200778722763e-02,-2.280905656516551971e-02,-5.118895787745714188e-03,-1.894985139369964600e-02,9.567879606038331985e-04,2.862350549548864365e-03,1.659073494374752045e-02,3.046336024999618530e-02,3.518158942461013794e-02,-1.061601936817169189e-02,-4.567580763250589371e-03,-1.350080687552690506e-02,-1.387262437492609024e-02,-8.577436208724975586e-03,1.013522129505872726e-02,-9.173625148832798004e-03,1.642405986785888672e-02,-2.187630860134959221e-03,-1.921909861266613007e-02,-3.327121958136558533e-03,-3.187690628692507744e-03,1.421879883855581284e-02,6.859384477138519287e-03,1.915499195456504822e-02,1.070576813071966171e-02,-5.336857400834560394e-03,9.622369892895221710e-03,-2.861709520220756531e-02,2.473224885761737823e-02,-3.248912096023559570e-02,1.306488364934921265e-02,-1.121220923960208893e-02,-9.167214855551719666e-03,2.147564291954040527e-02,-1.375723257660865784e-02,1.507782470434904099e-02,-2.060379646718502045e-02,-2.251416631042957306e-02,2.892480604350566864e-02,-1.373159047216176987e-02,-1.762926019728183746e-02,-2.479635365307331085e-02,6.346533540636301041e-03,-3.695733845233917236e-03,2.861709520220756531e-02,-5.820861086249351501e-03,-6.215115077793598175e-03,-1.232765987515449524e-02,-8.340242318809032440e-03,-6.423461250960826874e-03,-7.622250821441411972e-03,-1.579421339556574821e-03,3.397639142349362373e-03,-6.782456766813993454e-03,5.558024626225233078e-03,4.968245979398488998e-03,-4.120759293437004089e-02,-1.556503307074308395e-02,2.681249985471367836e-03,4.208584781736135483e-03,-3.551494330167770386e-03,-1.972874393686652184e-03,-6.420896947383880615e-02,3.258207580074667931e-03,-1.012239977717399597e-02,-1.289820671081542969e-02,1.450086664408445358e-02,-2.157821319997310638e-02,2.287316322326660156e-02,-2.836067043244838715e-02,-3.266862034797668457e-02,-7.596608251333236694e-03,-4.405391588807106018e-02,2.525792084634304047e-02,-6.000358611345291138e-03,-3.961775451898574829e-03,-4.479755088686943054e-02,1.980887725949287415e-02,1.109040714800357819e-02,1.168018579483032227e-02,-8.699238300323486328e-03,3.559187054634094238e-02,4.291923251003026962e-03,-1.125868642702698708e-03,-1.323156058788299561e-02,9.333891794085502625e-03,-2.486046031117439270e-02,1.897549442946910858e-02,3.102749586105346680e-03,1.203277055174112320e-02,-5.186207592487335205e-03,-9.385176934301853180e-03,-5.667005665600299835e-03,-2.065508067607879639e-02,1.724462024867534637e-02,2.618105337023735046e-02,1.883445866405963898e-02,-1.230842806398868561e-02,1.661637797951698303e-02,8.128691464662551880e-03,5.136204510927200317e-02,4.279743134975433350e-02,-1.910370588302612305e-02,-2.938637323677539825e-02,3.433538600802421570e-02,-1.899152062833309174e-03,-1.748822443187236786e-02,4.570785909891128540e-03,-2.345011942088603973e-02,1.691126823425292969e-02,1.107117440551519394e-02,-4.436162766069173813e-03,2.170642651617527008e-02,1.871906779706478119e-02,3.939338028430938721e-03,-2.287316322326660156e-02,-4.570785909891128540e-03,-4.033574461936950684e-02,4.131016135215759277e-02,4.134862683713436127e-04,1.291743945330381393e-02,-3.089928440749645233e-02,3.336096927523612976e-02,6.897848565131425858e-03,2.089868485927581787e-02,-3.679707180708646774e-03,1.487268414348363876e-02,-3.891258267685770988e-03,-1.140452828258275986e-02,-5.183002445846796036e-03,3.564315661787986755e-02,-3.138649091124534607e-02,-1.077628508210182190e-02,-1.435983274132013321e-02,2.200452145189046860e-03,3.628421947360038757e-02,-1.634713076055049896e-02,1.748502021655440331e-03,-3.092492558062076569e-02,-6.157419644296169281e-03,-4.333592578768730164e-02,5.332850851118564606e-04,3.279683366417884827e-02,1.245066378032788634e-04,-4.282307345420122147e-03,8.353063836693763733e-03,1.689844578504562378e-02,1.268665585666894913e-02,-1.006470434367656708e-02,1.356491353362798691e-02,2.053968980908393860e-02,1.250715833157300949e-02,-1.802671886980533600e-02,-8.090226911008358002e-03,1.296231336891651154e-02,5.769575946033000946e-03,-6.686297245323657990e-03,1.171223912388086319e-02,-6.776046007871627808e-03,4.365645814687013626e-03,-8.186386898159980774e-03,3.943825513124465942e-02,-1.041087880730628967e-02,1.222508959472179413e-02,7.461984641849994659e-03,3.772661555558443069e-03,-1.201994996517896652e-02,1.145581342279911041e-02,-3.964339569211006165e-02,-2.068072371184825897e-02,-1.378287561237812042e-02,1.464190147817134857e-02,8.122280240058898926e-03,8.923610672354698181e-03,-2.289880439639091492e-02,8.551793172955513000e-03,-5.208645015954971313e-03,1.428290549665689468e-02,1.475729234516620636e-02,-2.959151379764080048e-02,-2.086022123694419861e-02,4.459241032600402832e-02,5.942663177847862244e-03,-1.158723141998052597e-03,2.751446515321731567e-02,-1.383416075259447098e-02,1.451368816196918488e-02,2.551434561610221863e-02,6.590137723833322525e-03,-3.128392249345779419e-02,-1.519321650266647339e-02,1.016086433082818985e-02,6.295248400419950485e-03,-2.889916487038135529e-02,-3.647654084488749504e-03,-1.412905007600784302e-02,-1.558586809551343322e-04,2.512970753014087677e-02,-7.705588825047016144e-03,1.665484160184860229e-02,6.583726964890956879e-03,3.087364137172698975e-02,-2.293406287208199501e-03,-1.692408882081508636e-02,6.577316205948591232e-03,3.051464445888996124e-02,1.157761551439762115e-02,-9.571084752678871155e-03,2.437645802274346352e-03,1.410340704023838043e-02,-1.870624721050262451e-02,2.183463983237743378e-02,-1.369312684983015060e-02,1.559067610651254654e-02,-1.384698227047920227e-02,-1.896267198026180267e-02,-1.134683191776275635e-02,-9.462104178965091705e-03,-1.527535205241292715e-04,-5.221466068178415298e-03,-6.397818680852651596e-03,1.988580450415611267e-02,-4.426546860486268997e-03,6.308069452643394470e-03,-6.333712022751569748e-03,-2.084740065038204193e-02,-8.949252776801586151e-03,2.936073020100593567e-02,-2.713303314521908760e-03,9.641601704061031342e-03,-1.733436994254589081e-02,3.146021394059062004e-03,1.625738292932510376e-02,-2.512970753014087677e-02,3.320711432024836540e-03,1.148786675184965134e-02,-3.086722921580076218e-03,-9.282606653869152069e-03,-2.556563168764114380e-02,9.500567801296710968e-03,-3.974596504122018814e-03,-7.211969699710607529e-03,4.602839425206184387e-02,-8.814630098640918732e-03,-1.207123417407274246e-02,3.487388044595718384e-02,1.250074710696935654e-02,-1.119938772171735764e-02,1.888574473559856415e-02,-1.616763323545455933e-02
-1.868235878646373749e-02,-2.119154110550880432e-02,-5.535152275115251541e-03,-5.977184511721134186e-03,-9.958724491298198700e-03,3.700068965554237366e-02,-1.821432448923587799e-02,-2.411675266921520233e-02,7.678683323320001364e-05,-8.502618409693241119e-03,3.213833644986152649e-02,2.045048773288726807e-02,9.484189562499523163e-03,5.082556745037436485e-04,1.489908341318368912e-02,2.042773412540555000e-03,2.836806327104568481e-02,-4.485325887799263000e-03,2.112653665244579315e-02,-1.136932615190744400e-02,-1.777229271829128265e-02,6.175449118018150330e-03,-2.336269803345203400e-02,-2.935613505542278290e-02,-1.393701322376728058e-02,1.502909231930971146e-02,-1.121331565082073212e-02,-1.493808627128601074e-02,9.510191157460212708e-03,-1.335197035223245621e-02,9.222545777447521687e-04,6.812495179474353790e-03,-1.202587410807609558e-02,-1.678422093391418457e-02,-2.128254808485507965e-02,-1.463906466960906982e-02,-1.117431279271841049e-02,9.612573776394128799e-04,9.243671782314777374e-03,-1.143433153629302979e-02,5.739917512983083725e-03,-1.811031624674797058e-02,2.671694150194525719e-03,8.886146359145641327e-03,-1.089479215443134308e-02,-1.041375752538442612e-02,-2.614490129053592682e-02,-1.761628128588199615e-02,-1.074528135359287262e-02,-9.386682882905006409e-03,2.533884160220623016e-02,6.578478496521711349e-03,-1.274742651730775833e-02,-8.691132068634033203e-03,1.686222665011882782e-02,1.090779341757297516e-02,1.151233725249767303e-02,2.188059128820896149e-02,-7.183022331446409225e-03,-4.703091923147439957e-03,9.905095212161540985e-04,-2.847207011654973030e-03,-1.404102053493261337e-02,3.672766906674951315e-04,-2.143855951726436615e-02,8.548121899366378784e-03,-1.834433339536190033e-02,-7.079014554619789124e-03,-2.029447630047798157e-02,-2.060649730265140533e-02,2.622290700674057007e-02,2.709396928548812866e-02,1.095979660749435425e-02,-9.120163507759571075e-03,1.232489570975303650e-02,-3.024019859731197357e-02,-6.422467064112424850e-03,-2.108753286302089691e-02,-1.428803894668817520e-02,8.236099034547805786e-03,3.851529909297823906e-03,8.775637979852035642e-05,-7.686808821745216846e-04,9.679203853011131287e-03,3.923035226762294769e-03,5.171125754714012146e-03,-3.056847257539629936e-03,4.474925249814987183e-02,1.617317646741867065e-02,-2.047648839652538300e-02,2.499431604519486427e-03,2.665193751454353333e-02,8.873145096004009247e-03,1.917639374732971191e-02,-1.001072768121957779e-02,3.121851943433284760e-03,-1.972243376076221466e-02,5.104171112179756165e-02,1.062827277928590775e-02,-1.001072768121957779e-02,-1.110930740833282471e-02,-4.573082551360130310e-03,2.940813824534416199e-02,-1.035525277256965637e-02,-4.651738330721855164e-02,-3.884682431817054749e-02,-3.829184570349752903e-04,-4.995613358914852142e-03,8.164593949913978577e-03,-3.887282684445381165e-02,-2.726948354393243790e-03,4.747945070266723633e-02,5.167875904589891434e-03,-4.235707968473434448e-02,1.632918789982795715e-02,-1.313745509833097458e-02,3.775474429130554199e-02,-9.874218143522739410e-03,-3.103975614067167044e-04,-3.814477473497390747e-02,1.219651196151971817e-03,3.173855831846594810e-03,8.431113325059413910e-03,-3.458251431584358215e-02,-1.565313711762428284e-02,6.988008040934801102e-03,-4.537329822778701782e-02,-2.858582884073257446e-03,-1.365099288523197174e-02,1.077453373000025749e-03,4.550330713391304016e-02,3.596061468124389648e-02,2.347970753908157349e-02,-1.130432169884443283e-02,2.410050248727202415e-03,2.376572787761688232e-02,-6.773492321372032166e-03,-1.716124825179576874e-02,-1.149933598935604095e-02,-2.319368533790111542e-02,2.349920803681015968e-03,2.385673485696315765e-02,-2.518283016979694366e-02,-3.949037287384271622e-03,4.716742783784866333e-02,3.663016250357031822e-03,1.584815233945846558e-02,8.574123494327068329e-03,7.274028845131397247e-03,-4.641337320208549500e-03,1.069327723234891891e-02,5.837424192577600479e-03,4.051094502210617065e-02,-1.325446367263793945e-02,-5.453896708786487579e-03,3.232360119000077248e-03,-2.223161607980728149e-02,9.217670187354087830e-03,-8.509119041264057159e-03,-1.402802020311355591e-02,-5.057367496192455292e-03,-4.657588433474302292e-03,1.081028580665588379e-02,2.714597433805465698e-02,1.385900750756263733e-02,3.024019859731197357e-02,-4.391069058328866959e-03,-6.877500098198652267e-03,-1.365099288523197174e-02,-1.960542611777782440e-02,3.187831863760948181e-02,1.843534037470817566e-02,-4.745345097035169601e-03,1.986544393002986908e-02,-1.815257011912763119e-03,2.550785429775714874e-02,2.907011285424232483e-02,1.112880930304527283e-02,-2.533884160220623016e-02,-7.982579991221427917e-03,-4.318913817405700684e-02,1.069977786391973495e-02,2.751000039279460907e-02,4.201905429363250732e-02,-2.803003787994384766e-02,-2.139955572783946991e-02,1.727825589478015900e-02,1.416290411725640297e-03,1.239965204149484634e-03,5.931681022047996521e-03,2.696396037936210632e-02,1.316995732486248016e-02,-7.495044730603694916e-03,-2.021240652538836002e-04,-6.494232416152954102e-01,-6.510223262012004852e-03,-3.143628686666488647e-02,-3.169630467891693115e-02,1.068677660077810287e-02,2.043748646974563599e-02,8.879645727574825287e-03,8.028083480894565582e-03,-8.561122231185436249e-03,1.597816124558448792e-02,-9.835215285420417786e-03,3.437449783086776733e-02,1.411902625113725662e-02,-3.216433897614479065e-02,-5.271883215755224228e-03,-1.118731312453746796e-02,-1.964442804455757141e-02,-7.321157027035951614e-04,1.391101162880659103e-02,-1.050638849847018719e-03,4.849352408200502396e-03,1.661520823836326599e-02,1.974518643692135811e-03,3.383496077731251717e-03,5.941431969404220581e-03,1.548412535339593887e-02,-2.895960584282875061e-03,6.198200397193431854e-03,-2.539084665477275848e-02,-1.205187663435935974e-02,-1.526310946792364120e-02,2.727598324418067932e-02,-3.321741474792361259e-03,8.307604119181632996e-03,4.084897041320800781e-02,-3.510255366563796997e-02,2.358046360313892365e-03,4.071896150708198547e-02,1.292293984442949295e-02,5.689213797450065613e-02,-1.943641342222690582e-02,-1.547112502157688141e-02,5.216629244387149811e-03,-9.003154933452606201e-03,5.216629244387149811e-03,2.086651697754859924e-02,2.268664911389350891e-02,-2.277765609323978424e-02,1.418403163552284241e-02,-5.242631305009126663e-03,-1.739526540040969849e-02,3.323366690892726183e-04,-1.791530288755893707e-02,3.263237327337265015e-02,2.240062877535820007e-02,1.627718284726142883e-02,-3.838529111817479134e-03,6.077941972762346268e-03,-7.150519639253616333e-03,6.136446259915828705e-03,-1.131082233041524887e-02,2.698996290564537048e-02,3.968538716435432434e-03,-6.110444199293851852e-03,-2.255664020776748657e-02,1.055026706308126450e-02,-2.891410142183303833e-02,1.632918789982795715e-02,1.421003323048353195e-02,-9.822214022278785706e-03,4.225307144224643707e-03,1.039425563067197800e-02,3.633764106780290604e-03,-1.976143755018711090e-02,-1.908538676798343658e-02,6.480971351265907288e-03,3.798876330256462097e-02,-1.544512249529361725e-02,6.818995811045169830e-03,8.496117778122425079e-03,-1.192836742848157883e-02,-2.159456908702850342e-02,-4.784347862005233765e-02,2.185783814638853073e-03,2.834206074476242065e-02,1.233789697289466858e-02,-2.431176789104938507e-02,6.211201660335063934e-03,-3.270550223533064127e-04,-2.064550109207630157e-02,6.269705947488546371e-03,5.915429908782243729e-03,-3.575259819626808167e-03,-6.337960716336965561e-03,1.770728826522827148e-02,8.184094913303852081e-03,-1.300094556063413620e-02,1.876036450266838074e-02,2.743199467658996582e-02,-1.181135885417461395e-02,-2.011896343901753426e-03,2.385673345997929573e-03,3.575259819626808167e-03,-2.959015220403671265e-02,1.112880930304527283e-02,7.820068858563899994e-03,-2.593688480556011200e-02,-1.380537869408726692e-03,2.446777932345867157e-02,-2.520883269608020782e-02,-7.358535192906856537e-03,9.510191157460212708e-03,8.190595544874668121e-03,7.677058223634958267e-03,-1.063477341085672379e-02,-2.029447630047798157e-02,-1.127831987105309963e-03,-1.527611073106527328e-02,-3.516755765303969383e-03,-8.587124757468700409e-03,3.988040145486593246e-03,5.795171484351158142e-03,1.492670970037579536e-03,-1.510709803551435471e-02,1.683622412383556366e-02,3.338642790913581848e-02,1.259141508489847183e-02,-1.842233911156654358e-02,-1.842233911156654358e-02,9.815713390707969666e-03,-1.824032701551914215e-02,-9.770209901034832001e-03,3.133227676153182983e-02,-8.743135258555412292e-03,2.032047696411609650e-02,-4.228557460010051727e-03,1.077128294855356216e-02,-6.006436888128519058e-03,2.927812933921813965e-02,-1.707024127244949341e-02,-8.853644132614135742e-03,1.714824698865413666e-02,-1.192836742848157883e-02,1.839633658528327942e-02,-4.683590494096279144e-03,-3.645465150475502014e-02,-1.322846207767724991e-02,-1.432704180479049683e-02,-3.273637965321540833e-02,1.353926490992307663e-04,-4.381318576633930206e-03,-1.757159043336287141e-04,-2.162057161331176758e-02,-5.791921168565750122e-03,6.194950547069311142e-03,6.764554418623447418e-04,-3.455001162365078926e-03,-1.333897002041339874e-02,-2.069750428199768066e-02,-2.046348713338375092e-02,5.606657825410366058e-03,4.851952567696571350e-02,-1.769428700208663940e-02,-1.757727749645709991e-02,2.777001820504665375e-02,-1.545812375843524933e-02,-2.767576137557625771e-03,3.682517679408192635e-03,-6.399715319275856018e-03,-9.490690194070339203e-03,4.833101294934749603e-03,-1.238990109413862228e-02,-4.641337320208549500e-03,1.788930036127567291e-02,2.549810335040092468e-03,6.328210234642028809e-03,-6.753990892320871353e-03,-1.736926287412643433e-02,-4.153802059590816498e-03,1.746026985347270966e-02,1.062014722265303135e-03,2.051549218595027924e-02,-2.948614396154880524e-02,-2.139955572783946991e-02,-2.777326852083206177e-03,3.445250447839498520e-03,-4.771346691995859146e-03,2.722072880715131760e-03,6.071441341191530228e-03,2.659993432462215424e-02,-1.708324253559112549e-02,5.008614156395196915e-03,1.123931724578142166e-02,-1.277342904359102249e-02,1.652420125901699066e-02,1.281243190169334412e-02,-7.709560450166463852e-03,2.596288733184337616e-02,1.387200877070426941e-02,5.455196648836135864e-02,5.102870985865592957e-03,-1.625118218362331390e-02,3.440050035715103149e-02,1.570514217019081116e-02,1.313745509833097458e-02,-3.109826147556304932e-02,-1.855884911492466927e-03,-1.305944938212633133e-02,3.122827038168907166e-02,7.430040277540683746e-03,8.951150812208652496e-03,-2.818604931235313416e-02,-6.185199599713087082e-03,-1.060227118432521820e-02,2.108753286302089691e-02,2.416875772178173065e-02,1.346897892653942108e-02,3.789775539189577103e-03,-1.243540365248918533e-02,1.911138999275863171e-03,2.410050248727202415e-03,-1.404914655722677708e-03,2.029447630047798157e-02,2.242663130164146423e-02,-2.186759002506732941e-02,8.041084744036197662e-03,1.051776483654975891e-02,1.351285725831985474e-03,1.765528321266174316e-02,-2.639191970229148865e-02,-1.252966118045151234e-03,-2.884584711864590645e-03,-1.527611073106527328e-02,1.313095446676015854e-02,1.017323927953839302e-03,1.268892269581556320e-02,4.618585575371980667e-03,1.925764954648911953e-03,2.580687636509537697e-03,-2.119154110550880432e-02,1.883837021887302399e-02,3.505054861307144165e-02,2.424676343798637390e-02,-1.787629909813404083e-02,1.126531884074211121e-02,1.033575180917978287e-02,2.194559574127197266e-02,1.095329597592353821e-02,4.530829377472400665e-03,-8.405110798776149750e-03,-1.449605356901884079e-02,2.886209823191165924e-02,-3.785875067114830017e-02,-4.615335725247859955e-03,-1.329346676357090473e-03,-3.115026466548442841e-02,1.645919680595397949e-02,2.191959321498870850e-02,5.925180856138467789e-03,1.664121076464653015e-02,-1.644619554281234741e-02,-1.705724000930786133e-02,7.358535192906856537e-03,1.304644811898469925e-02,2.862808108329772949e-02,-9.003154700621962547e-04,-1.675821840763092041e-02,-2.878084313124418259e-03,-1.551012787967920303e-02,-1.090779341757297516e-02,-1.460006181150674820e-02,-2.441577427089214325e-02,1.053076516836881638e-02,-2.028147503733634949e-02,2.291416516527533531e-03,7.560861995443701744e-04,1.883837021887302399e-02,6.500472780317068100e-03,1.599116250872612000e-02,6.513473577797412872e-03,-1.631618663668632507e-02,-2.585888095200061798e-02,1.289043761789798737e-02,-9.822214022278785706e-03,-2.266064658761024475e-02,-2.766601182520389557e-02,-9.523192420601844788e-03,-1.192186679691076279e-02,-1.362499035894870758e-02,6.220952142030000687e-03,-5.015114787966012955e-03,2.281665802001953125e-02,-3.786525223404169083e-03,-2.509182505309581757e-02,-2.873208932578563690e-02,-1.200637314468622208e-02,3.369845077395439148e-02,-1.345597859472036362e-02,-2.346670720726251602e-03,9.575196541845798492e-03,1.708324253559112549e-02,-9.718206711113452911e-03,3.262424725107848644e-04,1.753827556967735291e-02,3.606462106108665466e-02,1.808431558310985565e-02,7.008322281762957573e-04,-5.600157193839550018e-03,1.570676686242222786e-03,-1.000422704964876175e-02,-2.875808998942375183e-02,-8.860143832862377167e-03,-2.173758111894130707e-02,-2.410050248727202415e-03,-2.279065735638141632e-02,9.016155265271663666e-03,5.635909736156463623e-03,-2.159456908702850342e-02,1.130432169884443283e-02,-9.627199731767177582e-03,-1.336497161537408829e-02,-3.130627423524856567e-02,-1.600416377186775208e-02,1.431404054164886475e-02,8.861444145441055298e-02,2.316768467426300049e-02,-9.880718775093555450e-03,9.750708937644958496e-03,7.397538051009178162e-03,1.313745509833097458e-02,-2.104853093624114990e-02,-2.194559574127197266e-02,1.532811485230922699e-02,-2.896610647439956665e-02,2.627816051244735718e-03,-5.782170221209526062e-03,1.539311930537223816e-02,-1.327396463602781296e-02,7.547048851847648621e-03,1.448305323719978333e-02,-6.396465003490447998e-03,2.286541275680065155e-03,-2.980060526169836521e-04,-1.251991000026464462e-02,-1.892937533557415009e-02,-8.912147954106330872e-03,2.362921833992004395e-03,1.023174356669187546e-02,-2.392173977568745613e-03,-2.597588859498500824e-02,1.060227118432521820e-02,1.959242485463619232e-02,2.899210713803768158e-02,-1.043325848877429962e-02,1.486008055508136749e-02,1.718724891543388367e-02,1.051126420497894287e-02,1.899438165128231049e-02,-2.886209823191165924e-02,3.607762278988957405e-03,2.043748646974563599e-02,5.681413225829601288e-03,4.280561115592718124e-03,-2.943414077162742615e-02,2.559886127710342407e-02,8.047585375607013702e-03,1.153833884745836258e-02,-1.905938610434532166e-02,-4.199305083602666855e-03,-4.628336522728204727e-03,-3.151429072022438049e-02,-2.644067164510488510e-03,-1.190886553376913071e-02,-4.004291072487831116e-02,2.717197500169277191e-02,-3.146228566765785217e-02,-5.078169330954551697e-02,-2.355771325528621674e-02,5.824423395097255707e-03,5.486398935317993164e-03,7.690059021115303040e-03,1.757727749645709991e-02,-5.912180058658123016e-03,1.755127683281898499e-02,-2.624890767037868500e-02,-4.238308221101760864e-02,3.477752907201647758e-03,-1.612117141485214233e-02,-2.164657413959503174e-02,7.079014554619789124e-03,-2.055449411273002625e-02,4.189554601907730103e-03,-2.795203216373920441e-02,5.083369556814432144e-03,-1.055676769465208054e-02,-4.814412386622279882e-04,-1.060227118432521820e-02,-2.736699068918824196e-03,3.642864897847175598e-02,3.479053080081939697e-02,1.653720252215862274e-02,-1.562551129609346390e-03,1.792830415070056915e-02,8.853644132614135742e-03,-1.088829152286052704e-02,-1.453505642712116241e-02,-1.085578929632902145e-02,5.245881620794534683e-03,1.794130355119705200e-02,3.239835426211357117e-02,3.321741474792361259e-03,8.788638748228549957e-03,-2.844606898725032806e-02,-9.529693052172660828e-03,-9.841715916991233826e-03,-2.163357287645339966e-02,1.389801036566495895e-02,-2.141255699098110199e-02,-2.704196609556674957e-02,-2.146781189367175102e-03,1.777229271829128265e-02,-4.859103355556726456e-03,-1.428803894668817520e-02,-1.668996294029057026e-03,2.217961288988590240e-02,-2.219261415302753448e-02,-1.973543502390384674e-02,1.252153539098799229e-03,2.295967005193233490e-02,-1.952742040157318115e-02,-1.704423874616622925e-02,1.703123794868588448e-03,-9.139664471149444580e-03,-1.410602591931819916e-02,9.074660018086433411e-03,-4.680340364575386047e-02,6.766992155462503433e-03,-1.235089823603630066e-02,6.058440543711185455e-03,3.050021827220916748e-02,7.605553139001131058e-03,2.315468341112136841e-02,1.171385124325752258e-02,1.129132136702537537e-02,-1.383300591260194778e-02,-2.553385682404041290e-02,3.182631358504295349e-02,5.609907675534486771e-03,-1.405727234669029713e-03,2.036273013800382614e-03,6.344461347907781601e-03,-2.432476915419101715e-02,6.695486605167388916e-03,2.286866307258605957e-02,4.959860816597938538e-03,1.915039308369159698e-02,-3.562259022146463394e-03,7.209023926407098770e-03,-1.198037061840295792e-02,1.194461830891668797e-03,-5.726916249841451645e-03,5.990185309201478958e-03,-5.437645129859447479e-03,1.302532153204083443e-03,-6.183574441820383072e-04,-1.751227304339408875e-02,-2.273865230381488800e-02,-3.237235173583030701e-02,-4.049794282764196396e-03,-3.484253212809562683e-02,3.698769025504589081e-03,-1.547112502157688141e-02,-4.062795545905828476e-03,8.340106345713138580e-03,-2.009946107864379883e-02,-2.766601182520389557e-02,-1.368999574333429337e-02,1.643319427967071533e-02,-3.321741474792361259e-03,-5.301135592162609100e-03,-3.289239108562469482e-02,-5.791921168565750122e-03,2.862808108329772949e-02,5.689213797450065613e-02,2.907011285424232483e-02,1.583515107631683350e-02,1.811031624674797058e-02,1.292293984442949295e-02,-1.166834868490695953e-02,1.648519933223724365e-02,-2.054149284958839417e-03,1.065427437424659729e-02,-3.458251431584358215e-02,2.098352648317813873e-02,-8.847143501043319702e-03,1.098579913377761841e-02,2.641792036592960358e-02,-9.679203853011131287e-03,7.020510267466306686e-03,2.176358178257942200e-02,-1.170085091143846512e-02,1.172685250639915466e-02,-4.157052375376224518e-03,-2.795203216373920441e-02,-7.371535990387201309e-03,-6.217701826244592667e-03,1.515910215675830841e-02,-4.384568892419338226e-03,-1.268892269581556320e-02,-9.529693052172660828e-03,2.553385682404041290e-02,3.652453015092760324e-04,4.140801262110471725e-03,1.518510375171899796e-02,7.664057426154613495e-03,-9.815713390707969666e-03,2.470179647207260132e-02,-9.146165102720260620e-03,1.256541348993778229e-02,-3.828778397291898727e-03,1.328696589916944504e-02,2.334969677031040192e-02,5.057367496192455292e-03,-9.750708937644958496e-03,-4.768096841871738434e-03,-7.384536787867546082e-03,-3.128027543425559998e-02,-2.450678125023841858e-02,-2.740599215030670166e-02,3.068223129957914352e-03,3.464751876890659332e-03,7.723374292254447937e-04,2.047648839652538300e-02,-1.495108660310506821e-02,2.830955898389220238e-03,-1.473007071763277054e-02,-1.466506626456975937e-02,-4.485326260328292847e-02,2.046348713338375092e-02,1.431404054164886475e-02,-3.047421574592590332e-02,1.610817201435565948e-02,-2.228036988526582718e-03,9.360680356621742249e-03,-9.354179725050926208e-03,2.424676204100251198e-03,5.564404651522636414e-02,-1.765528321266174316e-02,2.117853984236717224e-02,2.033347822725772858e-02,1.694023236632347107e-02,-4.885104950517416000e-03,-5.216629244387149811e-03,1.596515998244285583e-02,-4.491826519370079041e-03,3.984789829701185226e-03,2.633991464972496033e-02,-1.647219806909561157e-02,1.875386340543627739e-03,-9.515066631138324738e-04,2.133780159056186676e-03,-3.549258038401603699e-02,-2.653492987155914307e-02,3.336042538285255432e-02,-2.256964147090911865e-02,-1.866935752332210541e-02,3.428999334573745728e-04,-1.019924134016036987e-02,3.008093684911727905e-03,6.493972148746252060e-03,-1.518510375171899796e-02,-9.360680705867707729e-04,-1.610817201435565948e-02,-1.792505267076194286e-03,-2.184158749878406525e-02,1.519810501486063004e-02,-2.427926519885659218e-03,8.418112061917781830e-03,1.070627849549055099e-02,-2.522183395922183990e-02,5.518901161849498749e-03,-5.278383847326040268e-03,1.066727563738822937e-02,2.016771584749221802e-03,-4.654338583350181580e-03,4.178503900766372681e-02,1.760328002274036407e-02,-2.683395147323608398e-02,-3.536257194355130196e-03,1.372899860143661499e-02,-3.520656004548072815e-02,-1.224688999354839325e-02,-1.250690966844558716e-02,2.704196609556674957e-02,9.991226717829704285e-03,-2.211460843682289124e-02,-7.521046791225671768e-03,2.842006646096706390e-02,2.399974502623081207e-02,1.556213106960058212e-02,2.498619141988456249e-04,-2.558586001396179199e-02,-3.148828819394111633e-02,1.260441634804010391e-02,2.661293558776378632e-02,-2.915462013334035873e-03,7.319532334804534912e-03,1.575348869664594531e-04,-1.341697573661804199e-02,-4.207105934619903564e-02,-1.729125715792179108e-02,-3.393246792256832123e-03,2.251763641834259033e-02,-3.187831863760948181e-02,-5.119772255420684814e-02,1.229239348322153091e-02,1.378912711516022682e-03,3.195632249116897583e-02,3.402997506782412529e-03,-1.054376643151044846e-02,3.136478131636977196e-03,2.849807217717170715e-02,-1.049826294183731079e-02,3.437449783086776733e-02,-1.738226413726806641e-02,5.795171484351158142e-03,-1.469106785953044891e-02,1.639419235289096832e-02,8.080087602138519287e-03,-7.300030905753374100e-03,-3.747522365301847458e-03,-1.787629909813404083e-02,-1.859135180711746216e-02,6.870999466627836227e-03,-2.128254808485507965e-02,-5.369390361011028290e-03,2.536484412848949432e-02,-3.302239999175071716e-02,-4.127799998968839645e-03,-6.389964371919631958e-03,8.177594281733036041e-03,-2.722398005425930023e-02,-1.955342106521129608e-02,3.073423355817794800e-02,-2.883609570562839508e-02,1.766828447580337524e-02,2.633991464972496033e-02,-1.518510375171899796e-02,1.087529025971889496e-02,-7.501545362174510956e-03,-9.692205116152763367e-03,3.027595113962888718e-03,-1.857835054397583008e-02,-1.530211232602596283e-02,8.860143832862377167e-03,6.649983581155538559e-03,-2.622290700674057007e-02,-4.407320637255907059e-03,1.617317646741867065e-02,-8.886146359145641327e-03,-1.844834163784980774e-02,3.487503621727228165e-03,3.627263708040118217e-03,2.648942638188600540e-03,5.408393219113349915e-03,1.700523681938648224e-02,7.111517246812582016e-03,-4.111548885703086853e-03,1.426853705197572708e-03,5.385641474276781082e-03,2.232262305915355682e-02,-1.751227304339408875e-02,-3.099425323307514191e-02,-4.147301614284515381e-02,-2.987617254257202148e-02,3.401047363877296448e-02,2.054149284958839417e-02,-4.462574608623981476e-03,-9.282674640417098999e-03,3.637014422565698624e-03,-3.039621002972126007e-02,-1.812006696127355099e-03,7.397538051009178162e-03,9.100661613047122955e-03,2.357071451842784882e-02,1.759027875959873199e-02,1.925764954648911953e-03,2.665193751454353333e-02,9.100661613047122955e-03,1.388500910252332687e-02,-2.865408360958099365e-02,1.946241408586502075e-02,9.214419987984001637e-04,2.491306047886610031e-03,-1.643319427967071533e-02,1.994344964623451233e-02,-1.005623117089271545e-02,-1.147333439439535141e-02,1.777229271829128265e-02,-6.740990094840526581e-03,2.217961288988590240e-02,2.180258557200431824e-02,-5.980434827506542206e-03,-8.619626984000205994e-03,-5.570904817432165146e-03,3.776774508878588676e-03,3.598011564463376999e-03,-2.224461734294891357e-02,1.521110627800226212e-02,-2.735398896038532257e-02,1.223388966172933578e-02,-3.572009736672043800e-03,-7.852571085095405579e-03,-4.984562471508979797e-02,1.579614821821451187e-03,7.176521699875593185e-03,-8.431113325059413910e-03,-2.281665802001953125e-02,1.818832196295261383e-02,-1.961842551827430725e-02,8.587124757468700409e-03,-4.407320637255907059e-03,3.450450673699378967e-02,1.139532867819070816e-02,2.390548819676041603e-03,9.243671782314777374e-03,1.450905483216047287e-02,-3.388046473264694214e-02,-1.948516699485480785e-03,1.187636330723762512e-02,-1.866935752332210541e-02,-1.920239627361297607e-02,5.984497838653624058e-04,-1.870835945010185242e-02,1.159034296870231628e-02,-6.760491523891687393e-03,-1.159684266895055771e-02,-2.345370501279830933e-02,7.690059021115303040e-03,-2.566386573016643524e-02,-2.011246234178543091e-02,-2.576787397265434265e-02,3.107225894927978516e-02,4.547730460762977600e-02,-3.026620112359523773e-02,-1.002372894436120987e-02,2.724998071789741516e-02,-1.658920571208000183e-02,-2.317418577149510384e-03,-1.876036450266838074e-02,-2.197159826755523682e-02,-1.722625270485877991e-02,7.098515983670949936e-03,1.829883083701133728e-03,1.779829338192939758e-02,-1.303344778716564178e-02,-2.607989683747291565e-02,-9.854716248810291290e-03,-1.908538676798343658e-02,3.143628686666488647e-02,2.089511901140213013e-01,-9.705205447971820831e-03,-5.860175937414169312e-03,4.997238283976912498e-04,8.957651443779468536e-03,-6.086067296564579010e-04,3.728670999407768250e-02,1.431404054164886475e-02,5.177626386284828186e-03,2.223161607980728149e-02,-8.437613025307655334e-03,-1.783729717135429382e-02,-1.763253239914774895e-03,6.801119307056069374e-04,1.137582678347826004e-02,-1.830533146858215332e-02,2.544935094192624092e-03,-1.123931724578142166e-02,-2.596288733184337616e-02,-3.837879002094268799e-02,2.292066626250743866e-02,-3.108038508798927069e-04,-2.759450580924749374e-03,-1.725225336849689484e-02,3.077973844483494759e-03,7.625054568052291870e-03,-1.359898876398801804e-02,1.414502877742052078e-02,6.253454834222793579e-03,5.288134329020977020e-03,-2.154256589710712433e-02,5.411643534898757935e-03,-3.251861315220594406e-03,-1.730425842106342316e-02,-3.024019859731197357e-02,2.570936921983957291e-03,3.029220178723335266e-02,7.053012959659099579e-03,1.136282645165920258e-02,-1.215588394552469254e-02,2.202360145747661591e-02,7.930576801300048828e-03,2.827705582603812218e-03,-1.749927178025245667e-02,-7.007509469985961914e-03,1.590015552937984467e-02,1.493808627128601074e-02,-1.261091697961091995e-02,-1.905938610434532166e-02,6.877500098198652267e-03,-2.532584033906459808e-02,-8.450614288449287415e-03,7.293530274182558060e-03,1.169435027986764908e-02,-1.652420125901699066e-02,6.825496442615985870e-03,-1.639419235289096832e-02,1.638119108974933624e-02,2.509182319045066833e-03,-3.360744332894682884e-03,-1.372412312775850296e-03,2.754575340077280998e-03,-1.358598750084638596e-02,1.307245064526796341e-02,-7.046512328088283539e-03,3.018819540739059448e-02,-3.614262863993644714e-02,-9.991226717829704285e-03,4.940359387546777725e-03,-2.494881302118301392e-02,-9.848215617239475250e-03,-1.138882804661989212e-02,-1.769428700208663940e-02,1.424903608858585358e-02,-2.891085110604763031e-03,1.417103037238121033e-02,1.536711677908897400e-02,9.965224191546440125e-03,9.581696242094039917e-03,1.198687124997377396e-02,7.534047588706016541e-03,-2.813404612243175507e-02,-4.810349550098180771e-03,-1.174635440111160278e-02,1.526310946792364120e-02,-2.758800610899925232e-02,2.073650807142257690e-02,1.915039308369159698e-02,-2.719797752797603607e-02,2.152956463396549225e-02,1.062827277928590775e-02,-2.855332568287849426e-03,-2.508776087779551744e-04,8.223097771406173706e-03,-1.411902625113725662e-02,2.459778822958469391e-02,2.113953605294227600e-02,3.168980358168482780e-03,-1.783729717135429382e-02,-4.683590494096279144e-03,-2.628791145980358124e-02,-1.042025722563266754e-02,-1.486008055508136749e-02,2.016771584749221802e-03,-1.475607324391603470e-02,1.040075626224279404e-02,4.014691710472106934e-02,2.357071451842784882e-02,-2.054149284958839417e-02,-1.965742930769920349e-02,1.614717394113540649e-02,-3.995759179815649986e-04,-1.035525277256965637e-02,-8.008582517504692078e-03,8.626126684248447418e-03,-1.903338357806205750e-02,-8.775638416409492493e-03,-2.119154110550880432e-02,-3.958787769079208374e-03,-2.440927550196647644e-03,2.072025556117296219e-03,-2.588488161563873291e-02,1.541912090033292770e-02,4.816850181668996811e-03,6.786493584513664246e-03,-1.822732575237751007e-02,-2.385673485696315765e-02,-4.891605582088232040e-03,-8.756136521697044373e-03,-3.268437460064888000e-02,2.881009504199028015e-02,-1.103780232369899750e-02,2.902460983023047447e-03,3.884032368659973145e-03,-8.359607309103012085e-03,2.771801501512527466e-02,-1.812331750988960266e-02,-6.569540128111839294e-04,-1.408002339303493500e-02,-9.515066631138324738e-04,6.142946425825357437e-03,8.996654301881790161e-03,-8.509119041264057159e-03,1.950141787528991699e-02,-5.388891790062189102e-03,2.964215585961937904e-03,4.355316609144210815e-02,-6.259955000132322311e-03,-2.041148394346237183e-02,-1.723925396800041199e-02,-3.265837579965591431e-02,1.600416377186775208e-02,2.498781681060791016e-02,-5.122372414916753769e-03,1.227289251983165741e-02,-2.401274628937244415e-02,-1.695323176681995392e-02,-2.385673485696315765e-02,2.251763641834259033e-02,2.821205183863639832e-02,-6.328859925270080566e-02,1.308545097708702087e-02,1.857835054397583008e-02,-2.099652588367462158e-02,-1.116131152957677841e-02,-3.581760451197624207e-03,-1.639159172773361206e-01,3.422498935833573341e-03,1.653557759709656239e-03,9.246922563761472702e-04,2.233562432229518890e-02,-7.742062676697969437e-03,5.114571750164031982e-02,8.899146690964698792e-03,3.698769025504589081e-03,2.471804618835449219e-03,7.820068858563899994e-03,-4.859103355556726456e-03,-2.873208932578563690e-02,1.913739182054996490e-02,1.713524572551250458e-02,5.531901959329843521e-03,-1.092729438096284866e-02,7.391037419438362122e-03,2.217961288988590240e-02,1.938765984959900379e-03,1.544512249529361725e-02,-1.325283898040652275e-03,1.232489570975303650e-02,-1.773328892886638641e-02,7.007509469985961914e-03,1.336497161537408829e-02,-9.081160649657249451e-03,-4.339065344538539648e-04,-1.922839879989624023e-02,-1.077778358012437820e-02,-3.008418716490268707e-02,4.846102558076381683e-03,1.760328002274036407e-02,-7.794066797941923141e-03,5.086619872599840164e-03,1.948841661214828491e-02,-1.400201767683029175e-02,-1.007573213428258896e-02,-7.898074574768543243e-03,4.424384096637368202e-04,1.518510375171899796e-02,2.542984858155250549e-02,5.453896708786487579e-03,-1.298144366592168808e-02,-1.675821840763092041e-02,9.685704484581947327e-03,3.220984246581792831e-03,2.193909458583220840e-04,2.104853093624114990e-02,-1.869536004960536957e-02,-1.502909231930971146e-02,-8.327105082571506500e-03,-4.485325887799263000e-03,6.669485010206699371e-03,1.173985376954078674e-02,-2.561186207458376884e-03,-2.078526187688112259e-03,-2.532584033906459808e-02,-8.548121899366378784e-03,-3.279488533735275269e-03,-2.025547251105308533e-02,-2.756200497969985008e-03,2.935613505542278290e-02,1.352098304778337479e-03,-1.427503768354654312e-02,5.268632899969816208e-03,9.341179393231868744e-03,-8.925149217247962952e-03,-2.385673485696315765e-02,3.892482817173004150e-02,-3.590860962867736816e-02,-7.378036621958017349e-03,1.393701322376728058e-02,-3.104625642299652100e-02,1.194786839187145233e-02,-1.746026985347270966e-02,-9.913221001625061035e-03,2.104853093624114990e-02,1.991744898259639740e-02,-5.606657825410366058e-03,-1.687522605061531067e-02,3.312641009688377380e-02,-2.764000929892063141e-02,-2.466929377987980843e-03,-5.895928479731082916e-03,-3.136478131636977196e-03,-2.985341940075159073e-03,-3.510255133733153343e-03,1.844834163784980774e-02,-1.272142492234706879e-02,-1.305294875055551529e-02,-3.310040757060050964e-02,2.045048773288726807e-02,7.462542504072189331e-03,-4.114799201488494873e-03,-2.842331537976861000e-03,1.643319427967071533e-02,-7.345533929765224457e-03,-1.567426486872136593e-03,-6.656483747065067291e-03,-1.200962346047163010e-03,-6.237203255295753479e-03,-2.646992355585098267e-02,6.383464206010103226e-03,1.264991983771324158e-02,1.772028766572475433e-02,7.885073311626911163e-03,1.911138929426670074e-02,3.892482817173004150e-02,6.558977067470550537e-03,-7.235025987029075623e-03,-7.839569821953773499e-03,1.380700338631868362e-02,6.923003122210502625e-03,1.283193286508321762e-02,-1.420353306457400322e-03,9.874218143522739410e-03,1.440504752099514008e-02,8.762637153267860413e-03,5.957683082669973373e-03,6.542075425386428833e-02,1.255891285836696625e-02,-2.010271186009049416e-03,1.041700714267790318e-03,-6.266455631703138351e-03,-1.049826294183731079e-02,-1.182565987110137939e-01,-2.286866307258605957e-02,6.571977864950895309e-03,2.803003787994384766e-02,2.764000929892063141e-02,1.687522605061531067e-02,3.263237187638878822e-03,-3.721520537510514259e-03,-1.872136141173541546e-03,-5.278383847326040268e-03,-1.393701322376728058e-02,-2.696396037936210632e-02,-1.033575180917978287e-02,-1.749927178025245667e-02,1.222738903015851974e-02,7.755063939839601517e-03,-1.151396194472908974e-03,-1.842233911156654358e-02,-1.413202751427888870e-02,2.628791145980358124e-02,-2.653492987155914307e-02,1.421003323048353195e-02,-1.799330860376358032e-02,-2.419475838541984558e-02,9.159165434539318085e-03,2.085351571440696716e-02,-4.841551929712295532e-02,1.004973053932189941e-02,1.627718284726142883e-02,7.878572680056095123e-03,1.666721142828464508e-02,1.044138451106846333e-03,-2.626190893352031708e-02,5.128873046487569809e-03,-3.962038084864616394e-03,-5.535152275115251541e-03,-1.666721142828464508e-02,-1.943641342222690582e-02,1.799330860376358032e-02,-1.380700338631868362e-02,6.988008040934801102e-03,-2.164657460525631905e-03,2.730198437348008156e-03,-4.748595412820577621e-03,8.788638748228549957e-03,-2.395424060523509979e-03,1.125881820917129517e-02,1.614717394113540649e-02,1.821432448923587799e-02,-1.216238457709550858e-02,-4.225307144224643707e-03,-1.073878072202205658e-02,-1.855234801769256592e-02,-2.782202325761318207e-02,1.223388966172933578e-02,-1.296844240278005600e-02,-2.202360145747661591e-02,-1.939740963280200958e-02,-1.597816124558448792e-02,-5.362889729440212250e-03,-1.188936457037925720e-02,3.893783083185553551e-03,1.561413519084453583e-02,2.627491019666194916e-02,2.630091272294521332e-02,-2.111353538930416107e-02,-1.972893485799431801e-03,-2.581987716257572174e-02,1.049176324158906937e-02,-2.354471199214458466e-02,1.201937347650527954e-02,-4.677089862525463104e-03,1.127181947231292725e-02,4.090097546577453613e-02,-1.497708912938833237e-02,2.122810547007247806e-04,-2.376572787761688232e-02,-2.814704552292823792e-03,3.442650288343429565e-02,-1.194786839187145233e-02,-6.734489463269710541e-03,-1.866935752332210541e-02,1.525010913610458374e-02,-1.744726859033107758e-02,1.320896018296480179e-02,-1.250528381206095219e-03,-2.128904685378074646e-03,-6.688986439257860184e-03,1.160943793365731835e-04,2.835831139236688614e-03,8.392110466957092285e-03,-1.318945921957492828e-02,2.160757035017013550e-02,-2.188059128820896149e-02,5.284884013235569000e-03,2.675594575703144073e-02,-2.389573678374290466e-02,-1.367699448019266129e-02,-2.153281529899686575e-04,-5.479898303747177124e-03,1.198524609208106995e-03,1.754111872287467122e-04,-4.399519786238670349e-02,1.010823529213666916e-02,-5.655411165207624435e-03,-1.396301481872797012e-02,2.296291990205645561e-03,-6.949005182832479477e-03,1.582214981317520142e-02,-2.041148394346237183e-02,-1.683622412383556366e-02,-7.391037419438362122e-03,3.637014422565698624e-03,3.746872395277023315e-02,7.196023128926753998e-03,-1.970943249762058258e-02,-1.193486806005239487e-02,2.522183395922183990e-02,-2.301167231053113937e-03,4.852602723985910416e-03,1.803231053054332733e-02,7.644555997103452682e-03,5.119122099131345749e-03,8.736635558307170868e-03,-9.510191157460212708e-03,-2.611564937978982925e-03,-1.847759354859590530e-03,1.392401196062564850e-02,2.206260338425636292e-02,2.081451378762722015e-02,1.046576071530580521e-03,-4.930608440190553665e-03,1.755127683281898499e-02,-5.769169423729181290e-03,2.201060019433498383e-02,5.860175937414169312e-03,7.163520902395248413e-03,-2.076250873506069183e-02,1.058926992118358612e-02,2.063249982893466949e-02,4.183704033493995667e-02,5.580005794763565063e-02,-1.353398431092500687e-02,-2.074950933456420898e-02,1.131732296198606491e-02,-1.475607324391603470e-02,4.105048254132270813e-03,2.224786672741174698e-03,-2.228361926972866058e-02,1.141482964158058167e-02,2.614490129053592682e-02,-4.712842870503664017e-03,1.281243190169334412e-02,1.475607324391603470e-02,-1.515422627562656999e-04,1.698248437605798244e-03,-1.081678643822669983e-02,-2.839406393468379974e-02,2.149056270718574524e-02,1.846134196966886520e-03,1.266942080110311508e-02,-3.200832754373550415e-02,3.078623861074447632e-02,2.173758111894130707e-02,-4.274060949683189392e-03,-4.696591349784284830e-04,4.982612095773220062e-03,-6.220952142030000687e-03,-2.761400677263736725e-02,-8.288102224469184875e-03,-1.479670056141912937e-03,-2.836806327104568481e-02,-3.799526253715157509e-03,-1.372899860143661499e-02,7.391037419438362122e-03,3.070823289453983307e-02,-6.620731204748153687e-03,8.047585375607013702e-03,-1.621217839419841766e-02,1.616992522031068802e-03,-2.420775964856147766e-02,-1.591315679252147675e-02,2.792602963745594025e-02,-4.030292853713035583e-03,-6.048689596354961395e-03,2.176358178257942200e-02,1.772028766572475433e-02,2.468879520893096924e-02,4.881855100393295288e-03,1.125231850892305374e-02,5.999936256557703018e-03,2.043748646974563599e-02,1.018624100834131241e-02,4.703091923147439957e-03,3.050021827220916748e-02,-2.957714954391121864e-03,-5.322261713445186615e-04,1.165534742176532745e-02,-5.440895445644855499e-03,3.003218444064259529e-03,1.203237473964691162e-02,2.471479773521423340e-02,-3.328241873532533646e-03,5.353139247745275497e-03,-1.089479215443134308e-02,-1.467806752771139145e-02,-3.240079240640625358e-05,2.162057161331176758e-02,-3.065622970461845398e-02,-4.443722963333129883e-02,-1.755127683281898499e-02,2.568986825644969940e-02,-5.957683082669973373e-03,-7.027010899037122726e-03,-1.362499035894870758e-02,1.913739182054996490e-02,2.187408972531557083e-03,3.419248759746551514e-02,7.410538848489522934e-03,-1.939740963280200958e-02,-1.807131431996822357e-02,4.638737067580223083e-02,1.869536004960536957e-02,1.955342106521129608e-02,8.788638748228549957e-03,-2.175058051943778992e-02,2.500081807374954224e-02,4.592583980411291122e-03,-7.384536787867546082e-03,-3.182631358504295349e-02,-1.501609198749065399e-02,-6.003186572343111038e-03,2.017746679484844208e-02,-8.190595544874668121e-03,-2.054149284958839417e-02,-6.588228978216648102e-03,-6.923003122210502625e-03,2.204960398375988007e-02,-7.339033763855695724e-03,2.420775964856147766e-02,-7.800566963851451874e-03,2.324569039046764374e-02,6.981507409363985062e-03,-1.787629909813404083e-02,5.873177200555801392e-03,1.478207483887672424e-02,2.406474947929382324e-02,-7.046512328088283539e-03,-1.774629019200801849e-02,8.450614288449287415e-03,-2.364872023463249207e-02,1.009523402899503708e-02,-2.952839713543653488e-03,6.773492321372032166e-03,-6.029188167303800583e-03,-2.384373359382152557e-02,-1.189586520195007324e-02,2.367797074839472771e-03,3.064972814172506332e-03,-1.337797287851572037e-02,-1.051126420497894287e-02,4.662138968706130981e-02,9.776710532605648041e-03,2.189359255135059357e-02,-1.315695699304342270e-02,-1.675496809184551239e-03,4.137550946325063705e-03,2.727598324418067932e-02,-5.700102192349731922e-04,1.886762212961912155e-03,-2.090552076697349548e-02,-7.235025987029075623e-03,1.398901734501123428e-02,-2.100952714681625366e-02,-2.060649730265140533e-02,-4.537330009043216705e-03,-3.258036822080612183e-02,8.983653038740158081e-03,-8.694382268004119396e-04,1.307245064526796341e-02,2.106153033673763275e-02,-2.592388540506362915e-02,1.149283535778522491e-02,-5.840674508363008499e-03,-5.756168626248836517e-03,1.323496177792549133e-02,3.427049145102500916e-02,-1.336497161537408829e-02,-3.445250447839498520e-03,-5.180876702070236206e-03
-1.839997246861457825e-02,-8.866273798048496246e-03,-1.202672440558671951e-02,-2.185487560927867889e-02,6.387970643118023872e-04,4.145883023738861084e-02,-1.273995265364646912e-02,-3.020422346889972687e-02,-5.745084024965763092e-03,-1.353660831227898598e-03,2.067706733942031860e-02,8.748493157327175140e-03,-1.103867497295141220e-02,-1.251093484461307526e-02,-2.146227285265922546e-03,1.586114242672920227e-02,1.323070563375949860e-02,-4.328443203121423721e-03,-2.889309253077954054e-04,-4.338257946074008942e-03,-6.127871572971343994e-03,2.764576347544789314e-03,-3.055756445974111557e-03,-3.980989754199981689e-02,-1.853084005415439606e-02,-8.849916048347949982e-04,-4.099424928426742554e-03,-2.650067210197448730e-02,1.591349020600318909e-02,-2.623893693089485168e-02,1.198092103004455566e-02,-1.443632296286523342e-03,-2.072941511869430542e-02,-2.440679259598255157e-02,-3.023039549589157104e-02,-1.544236671179533005e-02,-7.799704093486070633e-03,5.954471998848021030e-04,1.296897046267986298e-02,1.400282420217990875e-02,3.392740385606884956e-03,2.674604766070842743e-03,1.148362457752227783e-02,2.965457923710346222e-02,-2.168474718928337097e-02,-3.932568710297346115e-03,-2.923580259084701538e-02,-2.117436379194259644e-02,-2.359541319310665131e-02,1.276612654328346252e-02,1.120225898921489716e-02,1.338774710893630981e-02,-1.500886864960193634e-03,3.250421956181526184e-03,-9.504253393970429897e-04,1.008334197103977203e-02,-4.600811225827783346e-04,1.570410281419754028e-02,-1.050211861729621887e-02,-1.239969744347035885e-03,1.080965716391801834e-02,1.132658403366804123e-02,-8.107243105769157410e-03,1.743155345320701599e-02,-1.417295169085264206e-02,2.015359699726104736e-02,2.767848083749413490e-03,-2.385060535743832588e-03,-8.231567218899726868e-03,-2.711574919521808624e-02,1.986568979918956757e-02,2.152770571410655975e-02,5.921754986047744751e-03,-9.016771800816059113e-03,2.588559500873088837e-02,-1.639769971370697021e-02,-7.106106262654066086e-03,8.841736707836389542e-04,-3.955470863729715347e-03,-9.906671009957790375e-03,-2.330750413239002228e-02,-2.682784013450145721e-02,1.063298550434410572e-03,5.696008447557687759e-03,2.625529654324054718e-03,1.994093880057334900e-03,8.480215445160865784e-03,2.110893093049526215e-02,-6.955608725547790527e-03,-8.526018820703029633e-03,9.442090988159179688e-03,1.498433109372854233e-02,7.075025350786745548e-04,7.956745103001594543e-03,-1.209870167076587677e-02,-3.978372551500797272e-03,-1.473568193614482880e-02,4.538485407829284668e-02,-1.753624761477112770e-03,-1.588731631636619568e-02,-2.167166024446487427e-02,7.518338970839977264e-03,3.687846660614013672e-02,-1.034507714211940765e-02,-3.823948651552200317e-02,-1.754933409392833710e-02,-1.299677998758852482e-03,2.504886069800704718e-04,2.129214443266391754e-02,-3.088473342359066010e-02,1.328959595412015915e-02,4.504460096359252930e-02,8.944794535636901855e-03,-1.523297931998968124e-02,-1.196783408522605896e-02,-1.720907911658287048e-02,3.906395286321640015e-03,5.398285109549760818e-03,-7.806247565895318985e-03,-1.333540026098489761e-02,3.864681348204612732e-04,2.155387960374355316e-02,-9.854324162006378174e-03,-3.101560100913047791e-02,-2.672314643859863281e-02,1.007025502622127533e-02,-4.229637980461120605e-02,3.170265583321452141e-03,-3.232427686452865601e-02,5.974102299660444260e-03,6.250232458114624023e-02,1.765402778983116150e-02,8.643799461424350739e-03,-1.065261568874120712e-02,-1.482728961855173111e-02,2.600337564945220947e-02,-1.696043089032173157e-02,9.016771800816059113e-03,-2.089954167604446411e-02,-3.004718199372291565e-02,-7.038218900561332703e-04,1.334848627448081970e-02,-2.365430351346731186e-03,-3.363704017829149961e-04,1.836071349680423737e-02,7.636119611561298370e-03,1.024038344621658325e-02,-1.553233829326927662e-03,-1.152942795306444168e-02,9.945930913090705872e-03,4.521472845226526260e-03,6.195758760441094637e-05,3.782071173191070557e-02,-1.897578942589461803e-03,1.938147842884063721e-02,9.029858745634555817e-03,-9.186899289488792419e-03,1.183696649968624115e-02,6.445225328207015991e-03,-2.962840534746646881e-02,4.688328597694635391e-03,-1.446904032491147518e-03,1.149016804993152618e-02,9.075662121176719666e-03,1.819058507680892944e-02,2.636980451643466949e-02,6.193305365741252899e-03,-2.096497640013694763e-02,-5.087474826723337173e-03,1.347935386002063751e-02,7.341667544096708298e-03,2.695870772004127502e-02,-5.875951610505580902e-03,2.069015428423881531e-02,7.243516854941844940e-03,1.760168187320232391e-02,1.919826492667198181e-02,2.130523137748241425e-02,-8.493301458656787872e-03,2.032372541725635529e-02,-4.648414254188537598e-02,2.326824516057968140e-02,1.761476695537567139e-02,1.402899809181690216e-02,-1.510211173444986343e-02,-1.215759199112653732e-02,8.624169044196605682e-03,-6.000275723636150360e-03,9.782346896827220917e-03,-1.200055144727230072e-02,2.209043689072132111e-02,9.291593916714191437e-03,2.879085252061486244e-03,-1.641569426283240318e-03,-6.453338861465454102e-01,-8.460585027933120728e-03,-2.313737757503986359e-02,-1.747081428766250610e-02,1.768020167946815491e-02,1.457864139229059219e-02,1.588731631636619568e-02,1.149671152234077454e-02,-1.223611272871494293e-02,1.790267601609230042e-02,-2.315046451985836029e-02,5.465027317404747009e-02,-1.376726292073726654e-02,-2.233908511698246002e-02,4.096153192222118378e-03,-1.123824855312705040e-03,-2.165857329964637756e-02,-2.528360486030578613e-02,1.223611272871494293e-02,-2.881702780723571777e-02,-7.112649735063314438e-03,7.308133062906563282e-04,9.160726331174373627e-04,-4.822467919439077377e-03,4.387333523482084274e-03,3.240279853343963623e-02,-4.789751023054122925e-03,-2.316354960203170776e-02,-1.562558114528656006e-02,4.753762390464544296e-03,-4.832283128052949905e-03,4.064745083451271057e-02,-1.392430346459150314e-02,3.867135150358080864e-03,4.148500412702560425e-02,-3.949581831693649292e-02,-9.671109728515148163e-03,3.308330848813056946e-02,1.510701840743422508e-03,5.095981061458587646e-02,-2.593794092535972595e-02,-8.198849856853485107e-03,9.500981308519840240e-03,-2.178944088518619537e-02,-5.031856242567300797e-03,2.960223145782947540e-02,7.996005006134510040e-03,-9.114922955632209778e-03,1.516754552721977234e-02,-3.263508668169379234e-03,-6.831284146755933762e-03,1.144436467438936234e-02,6.016633938997983932e-03,2.753452584147453308e-02,1.338774710893630981e-02,-6.913996912771835923e-06,8.264283649623394012e-03,6.523745600134134293e-03,1.050866115838289261e-02,-6.491028703749179840e-03,-5.050668260082602501e-04,2.727279067039489746e-02,-1.275958307087421417e-02,6.620056228712201118e-05,-2.121362462639808655e-02,7.479078602045774460e-03,-1.675104163587093353e-02,1.850466616451740265e-02,2.763921953737735748e-02,-4.282639361917972565e-03,1.527223922312259674e-02,2.184178866446018219e-02,3.942383918911218643e-03,-1.592657715082168579e-02,-6.173674948513507843e-03,2.476667752489447594e-03,2.647449821233749390e-02,-3.185315430164337158e-02,-1.144436467438936234e-02,2.236525900661945343e-02,-2.785842167213559151e-03,-2.080793492496013641e-02,-2.698488160967826843e-02,-3.991459030658006668e-03,2.392258122563362122e-02,-9.265420027077198029e-03,-3.711402788758277893e-02,-3.026311285793781281e-03,1.943382620811462402e-02,-2.159314043819904327e-02,3.023039549589157104e-03,1.296897046267986298e-02,2.590767981018871069e-04,-4.027447663247585297e-03,2.468161284923553467e-02,8.362433873116970062e-03,-2.240451797842979431e-02,1.974790915846824646e-02,4.062127694487571716e-02,-2.351689338684082031e-02,2.198165311710909009e-04,-6.785480771213769913e-03,-1.012587454169988632e-03,-2.566312067210674286e-02,1.349244080483913422e-02,2.260082028806209564e-02,-3.648586198687553406e-02,8.285549702122807503e-04,3.407790139317512512e-02,-2.881702780723571777e-02,-9.592588990926742554e-03,1.773254759609699249e-02,2.227365225553512573e-02,-6.942521780729293823e-03,5.764713976532220840e-03,-1.860936172306537628e-02,-1.656782813370227814e-02,-3.742811037227511406e-03,-1.169955637305974960e-02,-1.024692691862583160e-02,1.161449216306209564e-02,1.650239340960979462e-02,-8.918621577322483063e-03,-2.337293885648250580e-02,8.617625571787357330e-03,2.390949614346027374e-02,8.774667046964168549e-03,-3.033509105443954468e-02,-1.731377281248569489e-02,6.085339467972517014e-03,-8.460585027933120728e-03,-1.769328862428665161e-02,2.110893093049526215e-02,-6.621896289288997650e-03,3.313565626740455627e-02,8.663429878652095795e-03,1.257636863738298416e-02,-2.722044289112091064e-02,2.397492900490760803e-02,-7.164996583014726639e-03,-8.825378026813268661e-04,2.075558900833129883e-02,-5.075205699540674686e-04,1.033853390254080296e-03,1.926369778811931610e-02,-1.122843287885189056e-02,-1.194166112691164017e-02,-2.998501993715763092e-03,-6.354926526546478271e-02,-2.526612115616444498e-05,6.474670488387346268e-03,1.279884297400712967e-02,-1.118917297571897507e-02,9.684196673333644867e-03,1.702586375176906586e-02,2.980507677420973778e-03,-1.401591114699840546e-02,-1.105176191776990891e-02,-1.349244080483913422e-02,-2.490408904850482941e-02,4.547646094579249620e-04,3.187932819128036499e-02,-1.703895069658756256e-02,-4.033991135656833649e-03,9.494438767433166504e-03,-2.164548635482788086e-02,-2.897406741976737976e-02,1.094706822186708450e-02,-1.094706822186708450e-02,-3.153907135128974915e-02,-1.960395462810993195e-02,-1.409443188458681107e-02,-1.549471355974674225e-02,1.858318783342838287e-02,-2.429228276014328003e-03,1.105176191776990891e-02,-1.846540719270706177e-02,-3.572683036327362061e-02,-1.062644273042678833e-02,2.438061870634555817e-02,1.010951586067676544e-02,1.182388048619031906e-02,-2.685401402413845062e-02,-1.106484886258840561e-02,4.224567092023789883e-04,-6.360161118209362030e-03,1.247821748256683350e-02,8.676515892148017883e-03,9.357027709484100342e-03,-2.351525617996230721e-04,1.459172833710908890e-02,8.146503008902072906e-03,1.113682612776756287e-02,-8.768123574554920197e-03,3.640734404325485229e-02,1.503667794167995453e-02,-5.156180355697870255e-03,2.063780650496482849e-02,1.911974325776100159e-02,5.747701227664947510e-02,1.658091507852077484e-02,-1.113682612776756287e-02,3.742811083793640137e-02,-1.647621951997280121e-02,9.075662121176719666e-03,-4.208699241280555725e-02,-2.097969845635816455e-04,-1.643696054816246033e-02,3.159141913056373596e-02,1.258945465087890625e-02,-2.674604766070842743e-03,-3.606708720326423645e-02,6.258739158511161804e-03,-3.952199127525091171e-03,3.889382630586624146e-02,1.754933409392833710e-02,1.385886967182159424e-02,-7.250060327351093292e-03,-8.663429878652095795e-03,8.270827122032642365e-03,3.297861292958259583e-02,1.676412858068943024e-02,2.790095470845699310e-02,1.327650994062423706e-02,-2.693253569304943085e-02,1.367565523833036423e-02,1.039742399007081985e-02,1.570410281419754028e-02,1.184350997209548950e-02,-3.886765334755182266e-03,-9.972104802727699280e-03,-9.939387440681457520e-03,-9.239247068762779236e-03,2.305885590612888336e-02,-8.885904215276241302e-03,7.780073676258325577e-03,-8.172675967216491699e-03,-1.541619375348091125e-02,2.079484798014163971e-02,-2.562385983765125275e-02,1.150325499475002289e-02,2.104349620640277863e-02,1.480111572891473770e-02,-4.041188955307006836e-02,-1.086200401186943054e-02,2.571546658873558044e-02,1.633226685225963593e-02,-1.839997246861457825e-02,2.434135880321264267e-03,1.097978465259075165e-02,-1.803354360163211823e-02,2.609498240053653717e-02,-3.507249429821968079e-02,1.733994670212268829e-02,1.101904455572366714e-02,-1.190240029245615005e-02,1.042032614350318909e-03,1.760168187320232391e-02,-3.428729018196463585e-03,2.682784013450145721e-02,-2.071387425530701876e-04,-5.303406156599521637e-03,9.500981308519840240e-03,1.016840618103742599e-02,2.207734994590282440e-02,-2.872950863093137741e-04,-7.629576139152050018e-03,-1.584805548191070557e-02,-8.382064290344715118e-03,-3.300478681921958923e-02,-2.952371165156364441e-02,-2.229982428252696991e-02,1.443468686193227768e-02,-1.680338941514492035e-02,6.877087987959384918e-03,-4.838826600462198257e-03,6.252195686101913452e-03,-9.226160123944282532e-03,-2.340892795473337173e-03,7.099562790244817734e-03,-2.352998033165931702e-02,-1.468333508819341660e-02,5.617488175630569458e-03,-1.401591114699840546e-02,-6.733133923262357712e-03,-1.933567575179040432e-03,-2.291490137577056885e-02,1.225247164256870747e-03,-6.461583543568849564e-03,3.729724325239658356e-03,-1.234734989702701569e-02,3.103195922449231148e-03,-7.197713479399681091e-03,-1.351861469447612762e-02,-3.127733618021011353e-02,-1.874022930860519409e-02,2.766539342701435089e-02,-1.031236071139574051e-02,2.359541319310665131e-02,-2.533922204747796059e-03,8.081069216132164001e-03,-8.578365668654441833e-03,5.771257448941469193e-03,-5.201983731240034103e-03,3.617178276181221008e-02,1.730068586766719818e-02,4.200847353786230087e-03,-1.151634100824594498e-02,-1.318490225821733475e-02,-3.343665041029453278e-03,-1.095361076295375824e-02,-1.977408118546009064e-02,-2.983779460191726685e-02,1.229500304907560349e-02,-7.505252026021480560e-03,-2.535558072850108147e-03,-1.298860087990760803e-02,-1.494752359576523304e-04,2.504804357886314392e-02,-1.314564235508441925e-02,6.236655171960592270e-04,-3.143437579274177551e-02,-2.871233224868774414e-02,2.138375304639339447e-02,9.767951816320419312e-02,-5.522609222680330276e-03,1.830509398132562637e-03,1.730068586766719818e-02,1.521989237517118454e-02,2.469469979405403137e-02,-1.459172833710908890e-02,-3.957433626055717468e-02,2.063780650496482849e-02,-8.879360742866992950e-03,-8.558735251426696777e-03,-1.458968326915055513e-04,1.208561472594738007e-02,-3.420876711606979370e-02,2.269242703914642334e-02,1.846540719270706177e-02,-7.531425449997186661e-03,3.876950126141309738e-03,-6.157316733151674271e-03,1.249375782208517194e-04,-6.997322780080139637e-04,8.645435445941984653e-04,-6.144638609839603305e-05,1.828219182789325714e-02,-4.367703571915626526e-03,-2.582016028463840485e-02,1.415986567735671997e-02,3.949581831693649292e-02,2.264008112251758575e-02,-1.440851390361785889e-02,1.321107614785432816e-02,1.308675203472375870e-02,8.539105765521526337e-03,1.455246750265359879e-02,-1.946000009775161743e-02,1.100922934710979462e-03,1.495815720409154892e-02,2.417122945189476013e-02,1.358404848724603653e-02,-3.025656938552856445e-02,2.449839934706687927e-02,6.438681855797767639e-03,-1.053483504801988602e-02,-2.054619975388050079e-02,1.052174810320138931e-02,2.344164298847317696e-03,-2.222130447626113892e-02,2.036298625171184540e-02,-2.012742497026920319e-02,-3.604091331362724304e-02,3.096325509250164032e-02,-3.690464049577713013e-02,-3.208871558308601379e-02,-7.766987197101116180e-03,5.342666525393724442e-03,1.697351783514022827e-02,-1.440851390361785889e-02,6.922891829162836075e-03,6.464855279773473740e-03,1.264834590256214142e-02,-1.266797538846731186e-02,-3.488928079605102539e-02,1.202018186450004578e-02,4.992595873773097992e-03,-9.258876554667949677e-03,-2.229655394330620766e-03,-2.088645473122596741e-02,5.568413063883781433e-03,-1.908048428595066071e-02,-8.905534632503986359e-03,-2.843096852302551270e-03,-5.862864665687084198e-03,-2.159314043819904327e-02,1.163412258028984070e-02,3.889382630586624146e-02,4.384061694145202637e-02,8.892447687685489655e-03,8.054895326495170593e-03,1.562558114528656006e-02,1.593312015756964684e-03,2.794021507725119591e-03,-1.792884990572929382e-02,-1.409443188458681107e-02,7.590315770357847214e-03,9.500981308519840240e-03,1.887109503149986267e-02,1.573027484118938446e-02,6.289820303209125996e-04,-2.146227285265922546e-02,3.935840446501970291e-03,-3.281502984464168549e-03,-1.133967004716396332e-02,1.715673133730888367e-02,-1.532785827293992043e-03,-1.436925306916236877e-02,-8.653614786453545094e-04,1.694734394550323486e-02,-7.433274760842323303e-03,-1.858318783342838287e-02,-9.291593916714191437e-03,1.169955637305974960e-02,-1.534421578980982304e-03,-4.474033194128423929e-04,1.520680543035268784e-02,1.956469379365444183e-02,-1.131349708884954453e-02,-7.996005006134510040e-03,1.029273029416799545e-02,-2.884319983422756195e-02,-1.871405541896820068e-02,2.978544682264328003e-02,-2.078176103532314301e-02,2.639597840607166290e-02,-2.389640919864177704e-02,-2.846368588507175446e-03,3.698315843939781189e-02,1.290353760123252869e-02,2.000964246690273285e-02,7.956745103001594543e-03,1.187622733414173126e-02,-1.969556137919425964e-02,-2.459000609815120697e-02,4.310775920748710632e-02,6.324172951281070709e-03,-8.349347859621047974e-03,1.435616612434387207e-02,-1.421221252530813217e-02,1.680011744610965252e-03,2.178944088518619537e-02,6.425594910979270935e-03,6.386335007846355438e-03,1.805971749126911163e-02,2.622257918119430542e-03,1.061662682332098484e-03,-3.229810297489166260e-02,-1.745445537380874157e-03,-2.601646259427070618e-02,6.353618111461400986e-03,-1.419912558048963547e-02,1.329613942652940750e-02,-1.992458011955022812e-03,-1.982642896473407745e-02,-1.027309987694025040e-02,-2.920963056385517120e-02,-1.882856362499296665e-03,-3.905086591839790344e-02,3.667562268674373627e-03,-7.825877517461776733e-03,5.179082043468952179e-03,2.389640919864177704e-02,-2.091262862086296082e-02,-1.147708110511302948e-02,-2.380480058491230011e-02,5.954471882432699203e-03,2.198574319481849670e-02,-1.461790129542350769e-02,-9.756173007190227509e-03,4.236835811752825975e-04,4.429865628480911255e-03,1.412060484290122986e-02,2.177635394036769867e-02,3.050849074497818947e-03,3.892000019550323486e-02,2.874995698221027851e-04,2.823466667905449867e-03,6.919620209373533726e-04,1.617522537708282471e-02,4.164858721196651459e-03,-2.571546658873558044e-02,7.191170006990432739e-03,-5.516065750271081924e-03,7.924027740955352783e-03,2.087336964905261993e-02,7.263147272169589996e-03,3.765712724998593330e-03,2.805799618363380432e-02,-1.180425006896257401e-02,4.770121071487665176e-03,-4.573819693177938461e-03,-4.548954963684082031e-02,-8.885904215276241302e-03,-1.637152582406997681e-02,-6.566277705132961273e-03,-5.794159136712551117e-03,3.207890084013342857e-03,-2.260082028806209564e-02,4.679822549223899841e-02,-3.224248532205820084e-03,2.385060535743832588e-03,1.274649612605571747e-02,1.289045065641403198e-02,-3.803009912371635437e-02,4.810689762234687805e-02,4.334986675530672073e-03,1.316527184098958969e-02,-4.141957033425569534e-03,1.565175503492355347e-02,1.682956330478191376e-02,-2.735131187364459038e-03,-3.665312760858796537e-05,-2.470124280080199242e-03,7.786617497913539410e-04,-1.815132424235343933e-02,-2.588559500873088837e-02,-2.623893693089485168e-02,1.231463346630334854e-02,1.940110931172966957e-03,-6.435410119593143463e-03,-4.855184815824031830e-03,-2.557151205837726593e-02,9.723456576466560364e-03,-1.271050772629678249e-03,-1.035816408693790436e-02,-4.857802391052246094e-02,2.177635394036769867e-02,9.173813275992870331e-03,-3.504632040858268738e-02,1.575644873082637787e-02,-2.973309904336929321e-02,2.311447402462363243e-03,2.049385383725166321e-02,-2.689327578991651535e-03,3.601473942399024963e-02,-7.897854782640933990e-03,1.455246750265359879e-02,6.428866647183895111e-03,1.576953567564487457e-02,-9.363571181893348694e-03,-4.257283871993422508e-04,-6.273461622186005116e-04,-6.078795995563268661e-03,2.355615235865116119e-02,3.216723725199699402e-02,-7.400557864457368851e-03,9.929572697728872299e-04,-1.022075302898883820e-02,1.315872836858034134e-02,-2.235217206180095673e-02,-3.923408314585685730e-02,-1.579611853230744600e-04,-4.789751023054122925e-03,-1.972173526883125305e-02,2.093880204483866692e-03,-2.795330248773097992e-02,1.415986567735671997e-02,2.745600417256355286e-02,1.029927376657724380e-02,-4.609808325767517090e-03,-2.647449821233749390e-02,9.962290059775114059e-04,-3.462754562497138977e-02,2.695870818570256233e-03,-1.358404848724603653e-02,3.867135150358080864e-03,2.215586975216865540e-02,-1.027309987694025040e-02,2.688918611966073513e-04,-2.350380644202232361e-02,5.797430872917175293e-03,1.238006725907325745e-02,-1.122188940644264221e-02,2.402727678418159485e-02,3.183761436957865953e-04,-1.888418197631835938e-02,-7.053758949041366577e-03,2.167493221350014210e-04,-2.902641519904136658e-02,-2.149499021470546722e-03,-1.770637556910514832e-02,2.215586975216865540e-02,-5.080931354314088821e-03,-5.660020280629396439e-03,-1.031890325248241425e-02,3.755897656083106995e-02,3.567448630928993225e-02,1.254365127533674240e-02,1.025347039103507996e-02,2.298360690474510193e-03,-2.677549421787261963e-02,-2.949426649138331413e-03,3.316183015704154968e-02,-1.092743780463933945e-02,1.681647635996341705e-02,-2.354306541383266449e-02,-6.690601585432887077e-04,-2.782243490219116211e-02,-1.599201001226902008e-02,2.579398825764656067e-02,2.070324122905731201e-02,-2.338602580130100250e-02,-2.719427086412906647e-02,1.832145266234874725e-02,1.771618961356580257e-03,9.703826159238815308e-03,-1.850466616451740265e-02,-2.753452584147453308e-02,2.618659101426601410e-02,5.742466449737548828e-02,-1.583497039973735809e-02,2.589868195354938507e-02,3.059028240386396646e-04,7.151909638196229935e-03,-1.423838548362255096e-02,1.082928664982318878e-02,1.227537263184785843e-02,-1.139856036752462387e-02,9.487895295023918152e-03,-1.133967004716396332e-02,-3.122499026358127594e-02,9.062575176358222961e-03,-6.219478789716959000e-03,1.017494965344667435e-02,2.830010140314698219e-03,-1.146399416029453278e-02,-1.768020167946815491e-02,4.384061787277460098e-03,2.411888353526592255e-02,-2.194648236036300659e-02,-1.397665124386548996e-02,3.805627301335334778e-02,-1.443468686193227768e-02,-3.981235204264521599e-04,2.659227885305881500e-02,-1.608361862599849701e-02,8.323173969984054565e-03,-7.217343430966138840e-03,-9.795433841645717621e-03,7.668836507946252823e-03,-3.682611882686614990e-02,3.513792762532830238e-03,-9.337397292256355286e-03,-4.786479286849498749e-03,-1.885800994932651520e-02,-2.030082279816269875e-03,4.956096017849631608e-05,4.871543496847152710e-03,-1.745772734284400940e-02,8.591452613472938538e-03,6.962151732295751572e-03,-9.376657195389270782e-03,6.628439761698246002e-03,2.237834595143795013e-02,1.255673822015523911e-02,-3.844233229756355286e-03,5.833419505506753922e-03,-4.452767316251993179e-03,9.847780689597129822e-03,-2.095188945531845093e-02,-2.599028870463371277e-02,-3.669525310397148132e-02,-1.769328862428665161e-02,4.111857339739799500e-02,1.258945465087890625e-02,-4.053621552884578705e-03,3.945655655115842819e-03,-1.036470755934715271e-02,-4.596067219972610474e-02,1.108447834849357605e-02,-3.490891074761748314e-03,8.809019927866756916e-04,-1.858318690210580826e-03,1.040396746248006821e-02,2.750835195183753967e-02,1.612287759780883789e-02,-1.195474807173013687e-02,6.720046978443861008e-03,-2.852911874651908875e-02,-2.209043689072132111e-02,3.160450607538223267e-03,-1.495815720409154892e-02,-1.822984591126441956e-02,-1.468987902626395226e-03,-2.066398039460182190e-02,-6.091882940381765366e-03,2.588559500873088837e-02,-9.350484237074851990e-03,-1.876313006505370140e-03,1.410751789808273315e-02,-8.395151235163211823e-03,-1.247821748256683350e-02,-8.421325124800205231e-03,1.362657989375293255e-03,1.379343587905168533e-02,8.408238179981708527e-03,-2.841460984200239182e-03,-3.180080652236938477e-02,1.251747831702232361e-02,-7.458426262019202113e-05,-6.026449147611856461e-03,-3.177463263273239136e-02,3.553053131327033043e-03,1.639769971370697021e-02,-2.011433802545070648e-02,-3.768984461203217506e-03,-5.522609222680330276e-03,6.232565268874168396e-03,3.396421088837087154e-04,3.818059805780649185e-03,2.923580259084701538e-02,6.314357742667198181e-03,4.920618608593940735e-03,1.651548035442829132e-02,6.955608725547790527e-03,-2.215586975216865540e-02,4.675242118537425995e-03,2.091262862086296082e-02,-6.019905675202608109e-03,-7.519769860664382577e-05,-1.037942944094538689e-03,5.071116029284894466e-04,2.075558900833129883e-02,-5.231428891420364380e-03,-2.719427086412906647e-02,-2.871233224868774414e-02,9.659658535383641720e-04,-3.449667617678642273e-02,-1.209870167076587677e-02,-2.928815037012100220e-02,2.947136387228965759e-02,4.664118215441703796e-02,-1.389813050627708435e-02,-1.569101586937904358e-02,2.763921953737735748e-02,-2.900351304560899734e-03,-2.795330248773097992e-02,-1.539001986384391785e-02,2.928160596638917923e-03,-8.198849856853485107e-03,-2.498260885477066040e-02,6.494300439953804016e-03,1.911974325776100159e-02,-3.245514351874589920e-03,6.239108741283416748e-03,2.316354960203170776e-02,-1.805971749126911163e-02,1.423838548362255096e-02,2.050955742597579956e-01,3.068843157961964607e-03,-4.946792032569646835e-03,5.309949629008769989e-03,1.409443188458681107e-02,-1.732685975730419159e-02,5.310603976249694824e-02,1.891035586595535278e-02,-5.313221365213394165e-03,2.103040926158428192e-02,-3.295243903994560242e-02,-1.446086075156927109e-02,-8.506388403475284576e-03,1.364293857477605343e-03,-3.517064498737454414e-03,-5.095981061458587646e-02,-1.367565523833036423e-02,-2.315046451985836029e-02,-1.893652975559234619e-02,-2.193339541554450989e-02,1.765402778983116150e-02,-8.526018820703029633e-03,-3.520336234942078590e-03,-3.180080652236938477e-02,-2.136412309482693672e-03,1.713055744767189026e-02,-4.959878977388143539e-03,1.215759199112653732e-02,2.671333262696862221e-03,-5.107104778289794922e-03,-8.185762912034988403e-03,-2.756069973111152649e-02,1.327487407252192497e-03,-1.122188940644264221e-02,-3.201019391417503357e-02,3.919482231140136719e-03,2.954988554120063782e-02,-1.603127084672451019e-02,2.570237964391708374e-02,3.765712724998593330e-03,8.427867665886878967e-03,7.865137420594692230e-03,1.830836571753025055e-02,1.149998279288411140e-03,8.107243105769157410e-03,4.187760502099990845e-02,-8.107243105769157410e-03,-2.668388746678829193e-02,-7.053758949041366577e-03,9.599132463335990906e-03,-2.521817013621330261e-02,-1.308020856231451035e-02,1.737920567393302917e-02,1.539001986384391785e-02,-3.273323876783251762e-03,7.799704093486070633e-03,-2.523125708103179932e-02,1.182388048619031906e-02,-1.766711473464965820e-02,-1.080311369150876999e-02,-5.512794014066457748e-03,7.518338970839977264e-03,-1.183042395859956741e-02,1.820367202162742615e-02,-7.060302421450614929e-03,2.239143289625644684e-02,-2.493026107549667358e-02,-2.662336046341806650e-04,7.374384440481662750e-03,-3.462754562497138977e-02,-2.690636180341243744e-02,-4.596721380949020386e-03,-2.100423676893115044e-03,1.732685975730419159e-02,-9.906671009957790375e-03,7.439818233251571655e-03,1.871405541896820068e-02,2.277094870805740356e-03,-9.232703596353530884e-03,1.413369178771972656e-02,-3.122826106846332550e-03,-2.227365225553512573e-02,3.415642073377966881e-03,-2.352998033165931702e-02,-3.716637380421161652e-03,-7.086475845426321030e-03,3.067534603178501129e-02,1.487963646650314331e-02,-3.954816237092018127e-02,2.873850613832473755e-02,1.266797538846731186e-02,1.486982102505862713e-03,-1.783069921657443047e-03,5.473534110933542252e-03,-1.896270364522933960e-02,2.281020767986774445e-02,1.639769971370697021e-02,1.527223922312259674e-02,-2.329441718757152557e-02,9.415918029844760895e-03,-5.044942721724510193e-03,-1.334194373339414597e-02,3.038580180145800114e-04,-3.605399979278445244e-03,2.288545714691281319e-03,1.349244080483913422e-02,1.472259592264890671e-02,2.975927293300628662e-02,4.724317230284214020e-03,-1.453938148915767670e-02,1.808589138090610504e-02,-6.474670488387346268e-03,-3.765712724998593330e-03,1.899214810691773891e-03,1.132004056125879288e-02,-2.085701096802949905e-03,-2.388332225382328033e-02,-1.659400202333927155e-02,4.950063768774271011e-03,8.244653232395648956e-03,7.164996583014726639e-03,-2.093880251049995422e-02,3.919891023542732000e-04,3.413024917244911194e-02,2.939611673355102539e-03,-2.139683812856674194e-02,-1.718290522694587708e-02,5.071116029284894466e-04,-5.610944703221321106e-03,-1.829527877271175385e-02,2.839825116097927094e-02,-1.887109503149986267e-02,-7.825877517461776733e-03,2.695870772004127502e-02,-1.884492300450801849e-02,1.061335578560829163e-02,-1.536875381134450436e-03,6.935978308320045471e-03,-1.283156033605337143e-02,-3.657747060060501099e-03,-1.641569426283240318e-03,6.975238677114248276e-03,7.740813773125410080e-03,-5.287865642458200455e-04,9.111650870181620121e-04,-4.416778683662414551e-03,2.622584998607635498e-02,-6.040353910066187382e-04,1.648112782277166843e-03,-2.889554761350154877e-02,-1.540310680866241455e-02,1.275958307087421417e-02,2.459000609815120697e-02,-1.115645561367273331e-02,1.973482221364974976e-02,-8.002548478543758392e-03,-1.010297238826751709e-02,-3.206254215911030769e-03,2.177635394036769867e-02,1.566484197974205017e-02,-5.342011898756027222e-02,9.370114654302597046e-03,5.705823656171560287e-03,-1.853084005415439606e-02,2.833281643688678741e-03,-2.865998540073633194e-03,-1.654165387153625488e-01,1.588731631636619568e-02,7.099562790244817734e-03,-9.991735219955444336e-03,2.075558900833129883e-02,-2.097806334495544434e-02,3.886765241622924805e-02,7.079932838678359985e-03,3.091745078563690186e-03,-1.282501616515219212e-03,2.472087368369102478e-02,4.073251504451036453e-03,-2.049385383725166321e-02,2.072614384815096855e-03,-2.776027191430330276e-03,-2.157678129151463509e-03,-3.708785399794578552e-02,5.251059308648109436e-03,2.384406141936779022e-02,-7.616489659994840622e-03,1.329613942652940750e-02,6.765850819647312164e-03,9.860867634415626526e-03,-7.053758949041366577e-03,1.456555444747209549e-02,9.285050444304943085e-03,-2.579398825764656067e-02,1.771618961356580257e-03,-2.023211866617202759e-02,-2.515273727476596832e-02,-3.873678669333457947e-02,4.135413561016321182e-03,2.185487560927867889e-02,-7.747356779873371124e-03,1.268106233328580856e-02,3.641388611868023872e-03,-5.970830563455820084e-03,-9.219616651535034180e-03,-1.682956330478191376e-02,9.533698670566082001e-03,4.292454570531845093e-03,9.788890369236469269e-03,2.706340327858924866e-02,-4.119054879993200302e-03,-7.819334277883172035e-04,8.473671972751617432e-03,2.931432332843542099e-03,-1.817422686144709587e-03,2.803182229399681091e-02,-2.504804357886314392e-02,5.339394789189100266e-03,-8.787753991782665253e-03,1.291498774662613869e-03,1.461790129542350769e-02,-7.472535129636526108e-03,-2.969056833535432816e-03,-1.391121745109558105e-02,-8.650342933833599091e-03,-8.912078104913234711e-03,-2.270551398396492004e-02,-1.130695361644029617e-02,-1.511519774794578552e-02,2.706340327858924866e-02,-2.070324122905731201e-02,7.112649735063314438e-03,-3.198074875399470329e-03,7.996005006134510040e-03,-1.406825799494981766e-02,-1.115645561367273331e-02,3.546509519219398499e-02,-2.913110889494419098e-02,-1.999655738472938538e-02,7.786617148667573929e-03,-3.768984600901603699e-02,2.951062517240643501e-03,-2.921617357060313225e-03,-1.192203070968389511e-02,1.139201689511537552e-02,2.095188945531845093e-02,1.744464039802551270e-02,-2.397492900490760803e-02,2.999483421444892883e-02,-2.164548635482788086e-02,2.218204364180564880e-02,-3.127733618021011353e-02,-4.200029361527413130e-04,-5.682921968400478363e-03,-1.355787459760904312e-02,-1.671178266406059265e-02,3.445496258791536093e-05,-1.261562854051589966e-02,-2.939284406602382660e-02,-8.565278723835945129e-03,-1.236698031425476074e-02,2.652684599161148071e-02,2.813651692122220993e-03,-2.170764841139316559e-03,-1.137893088161945343e-02,5.921754986047744751e-03,1.224265620112419128e-02,7.766987197101116180e-03,-1.732685975730419159e-02,-1.698660291731357574e-02,1.135275699198246002e-02,2.941901795566082001e-02,7.642663083970546722e-03,1.432999316602945328e-02,2.803182229399681091e-02,4.925853386521339417e-02,7.766987197101116180e-03,-1.480111572891473770e-02,1.119571644812822342e-02,9.900127537548542023e-03,2.078176103532314301e-02,2.287564240396022797e-02,-6.072252988815307617e-03,7.106106262654066086e-03,9.003684855997562408e-03,1.764094084501266479e-02,1.559940818697214127e-02,4.664118215441703796e-02,9.821606799960136414e-03,-2.111874520778656006e-03,-1.739229261875152588e-02,-5.447360221296548843e-03,-1.093398127704858780e-02,-1.144305542111396790e-01,-3.025656938552856445e-02,1.473568193614482880e-02,2.816268987953662872e-02,1.817749813199043274e-02,1.845232024788856506e-02,3.396012121811509132e-03,9.612219408154487610e-03,-1.036470755934715271e-02,1.005062554031610489e-02,-5.646933335810899734e-03,-1.902813650667667389e-02,-2.237834502011537552e-03,-7.472535129636526108e-03,1.976099424064159393e-02,-2.623893693089485168e-02,4.770121071487665176e-03,-1.596583612263202667e-02,-7.158453110605478287e-03,2.140992507338523865e-02,-1.288390718400478363e-02,-3.448358969762921333e-03,-1.688190968707203865e-03,-1.507593784481287003e-02,2.222130447626113892e-02,2.461617998778820038e-02,-3.643351793289184570e-02,3.556324867531657219e-03,1.796811074018478394e-02,1.365929638268426061e-04,-6.523745600134134293e-03,1.007679849863052368e-02,-1.150325499475002289e-02,-4.734132438898086548e-03,-2.782243490219116211e-02,6.715139606967568398e-04,-2.233908511698246002e-02,7.995187188498675823e-04,1.931604556739330292e-02,-1.405517105013132095e-02,1.421221252530813217e-02,4.956607008352875710e-04,-4.318627994507551193e-03,-1.939456537365913391e-02,2.924071159213781357e-04,-1.103867497295141220e-02,9.496074053458869457e-04,6.994868628680706024e-03,1.499741710722446442e-02,-1.486982102505862713e-03,-1.959086768329143524e-02,-9.010228328406810760e-03,-1.175190322101116180e-02,2.381788799539208412e-03,6.186761893332004547e-03,-2.680166810750961304e-02,-1.336811669170856476e-02,-1.641078665852546692e-02,-8.238109759986400604e-03,1.118917297571897507e-02,-2.110893093049526215e-02,-1.757550798356533051e-02,-1.143782120198011398e-02,2.682784013450145721e-02,9.173813275992870331e-03,-1.400282420217990875e-02,-1.291008014231920242e-02,-1.934221945703029633e-02,1.573027484118938446e-02,-6.916348356753587723e-03,1.023383997380733490e-02,1.030581723898649216e-02,-3.517064498737454414e-03,5.017460510134696960e-02,-2.464235387742519379e-02,-2.146227285265922546e-03,-1.693425700068473816e-02,-1.014223229140043259e-02,-2.891354088205844164e-04,-3.467989340424537659e-02,-9.389744140207767487e-03,-2.407962270081043243e-02,3.270052140578627586e-03,-1.153597142547369003e-02,2.033681236207485199e-02,-2.260082028806209564e-02,1.164066605269908905e-02,-1.902486546896398067e-03,1.682956330478191376e-02,-2.753452584147453308e-02,1.860936172306537628e-02,-7.838964462280273438e-03,1.744464039802551270e-02,-2.070324122905731201e-02,1.247821748256683350e-02,1.205289829522371292e-02,-2.373936772346496582e-02,-1.751007325947284698e-02,1.151634100824594498e-02,2.016995567828416824e-03,1.583496923558413982e-03,-1.366256829351186752e-02,-6.009436398744583130e-02,1.592657715082168579e-02,7.878224365413188934e-03,-2.122671157121658325e-02,9.756173007190227509e-03,-2.674932032823562622e-02,1.525915227830410004e-02,-1.942073926329612732e-02,-7.315494120121002197e-03,-1.686882227659225464e-02,1.018803659826517105e-02,3.049213066697120667e-02,8.565278723835945129e-03,-1.881874911487102509e-02,4.616351798176765442e-03,1.332885678857564926e-02,2.960877493023872375e-03,2.046767994761466980e-02,1.527223922312259674e-02,1.414677873253822327e-02,1.761476695537567139e-02,-2.638616366311907768e-03,-1.439542695879936218e-02,6.412508431822061539e-03,7.079932838678359985e-03,2.593794092535972595e-02,-1.094052474945783615e-02,2.093880251049995422e-02,-1.819058437831699848e-03,-1.037779450416564941e-02,6.608809810131788254e-03,-1.647621951997280121e-02,1.338120363652706146e-02,1.353170163929462433e-02,1.510701840743422508e-03,-1.952543295919895172e-02,1.179770659655332565e-02,1.484037656337022781e-02,2.693253569304943085e-02,4.177290946245193481e-02,-8.539105765521526337e-03,-4.572511091828346252e-02,1.427764631807804108e-02,-2.100423723459243774e-02,2.769483719021081924e-03,2.996866125613451004e-03,-2.520508319139480591e-02,1.516754552721977234e-02,1.647621951997280121e-02,1.446086075156927109e-02,2.479939488694071770e-03,3.935840446501970291e-03,-2.535558072850108147e-03,1.765402778983116150e-02,-1.714364439249038696e-02,-2.440679259598255157e-02,2.239143289625644684e-02,-9.114922955632209778e-03,1.384578365832567215e-02,-3.973137959837913513e-02,2.346454560756683350e-02,5.794159136712551117e-03,1.938475063070654869e-03,-8.898991160094738007e-03,3.409098833799362183e-03,-5.077659618109464645e-03,-1.824293099343776703e-02,-6.549919024109840393e-03,-1.608361862599849701e-02,-1.998347043991088867e-02,6.531106773763895035e-04,-4.050349816679954529e-03,7.132279686629772186e-03,3.002100810408592224e-02,3.232427639886736870e-03,1.527060288935899734e-03,-1.597892306745052338e-02,1.067224610596895218e-02,-1.342700701206922531e-02,1.486164284870028496e-03,3.407790139317512512e-02,-2.253538556396961212e-02,-1.104521844536066055e-02,2.409270964562892914e-02,1.389813050627708435e-02,1.425147242844104767e-02,-3.314219880849123001e-03,-4.583634901791810989e-03,1.832145266234874725e-03,1.296242792159318924e-02,6.419051904231309891e-03,8.825378026813268661e-04,3.331886976957321167e-02,-1.268106233328580856e-02,-7.361297961324453354e-03,1.592657715082168579e-02,-1.467147521907463670e-04,-2.488118596374988556e-03,9.487895295023918152e-03,4.800220578908920288e-02,-1.935530640184879303e-02,-8.120329119265079498e-03,3.713365877047181129e-04,-2.024520561099052429e-02,-1.387195661664009094e-02,1.626683212816715240e-02,-3.897234797477722168e-02,-3.878913074731826782e-02,-3.198402002453804016e-02,2.960223145782947540e-02,-1.472259592264890671e-02,4.357888363301753998e-03,3.382925409823656082e-03,1.049557514488697052e-02,-7.250060327351093292e-03,1.361022121272981167e-03,-4.586906637996435165e-03,-2.478630840778350830e-02,-2.735131047666072845e-02,3.734958916902542114e-02,6.294727325439453125e-03,3.242897242307662964e-02,6.988325621932744980e-03,-2.664462663233280182e-02,4.737404175102710724e-03,1.326342299580574036e-02,-3.111375262960791588e-03,-2.657919190824031830e-02,3.553053131327033043e-03,-1.050866115838289261e-02,9.749629534780979156e-03,-2.954334253445267677e-03,-4.138030856847763062e-02,-6.209663581103086472e-03,3.191531635820865631e-03,9.762716479599475861e-03,-2.983779413625597954e-03,3.303096070885658264e-02,-1.803354360163211823e-02,3.146054968237876892e-02,3.088473342359066010e-03,-6.831284146755933762e-03,-6.796931847929954529e-04,3.072769381105899811e-02,2.579398825764656067e-02,1.747081428766250610e-02,-1.380652282387018204e-02,1.735303178429603577e-02,-3.533422946929931641e-03,-6.422323174774646759e-03,-7.289320696145296097e-03,1.067224610596895218e-02,-6.829648627899587154e-04,-3.753280267119407654e-02,-1.214450597763061523e-02,-9.579502046108245850e-03,1.327650994062423706e-02,-1.966284355148673058e-03,-2.590767981018871069e-04,4.386679083108901978e-02,-1.123497635126113892e-02,1.748389936983585358e-02,-1.092089433223009109e-02,-9.232703596353530884e-03,4.743947647511959076e-03,3.423494100570678711e-02,-1.175844669342041016e-02,5.463718902319669724e-03,-2.178944088518619537e-02,2.918345620855689049e-03,2.485174126923084259e-02,-2.913110889494419098e-02,-1.099287159740924835e-02,2.939611673355102539e-03,-3.221958130598068237e-02,3.834418253973126411e-03,-1.171264238655567169e-02,7.144548580981791019e-04,2.209043689072132111e-02,-3.632882237434387207e-02,-2.474214124958962202e-04,-2.086028270423412323e-02,8.060621330514550209e-04,2.863381244242191315e-02,1.960395462810993195e-02,-1.350552774965763092e-02,-9.939387440681457520e-03,-1.639769971370697021e-02
-1.450493279844522476e-02,-9.853261522948741913e-03,1.221144484588876367e-04,-1.801147684454917908e-02,-1.216292288154363632e-02,4.350185766816139221e-02,7.381859235465526581e-03,7.672993000596761703e-03,-7.420676760375499725e-03,-4.202031064778566360e-03,3.146832808852195740e-02,-1.578996452735736966e-04,1.053904369473457336e-02,-1.145773194730281830e-02,-7.642261916771531105e-04,2.329070353880524635e-03,3.322806954383850098e-02,-1.026084925979375839e-02,9.995593689382076263e-03,3.791208844631910324e-03,8.378183469176292419e-03,1.086899545043706894e-03,1.943479850888252258e-02,-6.734895054250955582e-03,-1.736451312899589539e-02,-6.993680726736783981e-03,2.694604918360710144e-03,-1.860668510198593140e-02,1.059080008417367935e-02,-3.535011038184165955e-02,-1.542362105101346970e-02,1.136068720370531082e-02,-2.159565873444080353e-02,-2.417057380080223083e-02,-2.649964392185211182e-02,-2.681018784642219543e-02,-1.412969361990690231e-02,-4.876491148024797440e-04,-4.399355035275220871e-03,1.033524982631206512e-03,-8.080580271780490875e-03,-7.459494750946760178e-03,1.394854392856359482e-02,-8.947512134909629822e-03,-2.203559316694736481e-02,3.723277710378170013e-03,-2.493399195373058319e-02,-3.485842049121856689e-02,-2.387297153472900391e-02,2.678430825471878052e-02,1.657521724700927734e-02,1.724158995784819126e-03,1.495780702680349350e-02,1.711866632103919983e-02,-3.506544744595885277e-03,1.458256784826517105e-02,-1.102426648139953613e-02,8.831058512441813946e-04,-1.002794131636619568e-02,-2.125923708081245422e-02,9.361568838357925415e-03,2.861198270693421364e-03,-1.672401907853782177e-03,2.891929121688008308e-03,-1.641994528472423553e-02,1.124423369765281677e-02,2.212616847828030586e-03,-1.021556090563535690e-02,-7.226587738841772079e-03,-2.536098845303058624e-02,3.100251406431198120e-02,1.924070902168750763e-02,-1.217586174607276917e-02,-1.771387457847595215e-02,3.817087411880493164e-02,-1.156771648675203323e-02,-2.388590946793556213e-02,-2.147920429706573486e-03,-1.979709789156913757e-02,-7.744159083813428879e-03,-1.905955933034420013e-02,-3.084724210202693939e-02,-5.078667309135198593e-03,1.918895170092582703e-02,1.394854392856359482e-02,-9.898548945784568787e-03,-6.793121807277202606e-03,2.149214409291744232e-02,-9.309811517596244812e-03,-2.348479256033897400e-02,1.563064940273761749e-02,1.680812425911426544e-02,5.787092726677656174e-03,-5.664169788360595703e-03,-7.310693152248859406e-03,-7.873551920056343079e-03,-1.636818796396255493e-02,3.164947777986526489e-02,1.185237988829612732e-02,-2.567153051495552063e-02,1.890752231702208519e-03,3.229967784136533737e-03,2.566829556599259377e-03,-3.409500233829021454e-03,-2.688782289624214172e-02,-1.368975825607776642e-02,-7.265405729413032532e-03,-7.071316242218017578e-03,7.194239646196365356e-03,-2.908750064671039581e-02,1.652345992624759674e-02,3.788620978593826294e-02,2.476254710927605629e-03,-1.415557228028774261e-02,1.368975825607776642e-02,-1.952537335455417633e-02,1.219527143985033035e-02,1.160491607151925564e-03,-8.093519136309623718e-03,-1.466020382940769196e-02,-7.407737430185079575e-03,3.897957969456911087e-03,-1.750037539750337601e-03,-2.308367565274238586e-02,-3.079548478126525879e-02,2.145332656800746918e-02,-2.937216497957706451e-02,-1.706690900027751923e-02,-1.415557228028774261e-02,1.469902135431766510e-02,5.615647509694099426e-02,1.787238055840134621e-03,2.585268020629882812e-02,-2.222968265414237976e-02,3.103809664025902748e-03,2.092928392812609673e-03,-9.723869152367115021e-03,8.339365944266319275e-03,-1.388546428643167019e-03,-2.331658266484737396e-02,-1.829290646128356457e-03,9.820912964642047882e-03,1.590237393975257874e-02,-6.411413196474313736e-03,3.377151861786842346e-02,-8.811649866402149200e-03,2.882871590554714203e-02,3.483901033177971840e-03,1.068137492984533310e-02,-3.927071578800678253e-03,1.530716754496097565e-02,3.293046727776527405e-03,4.461463540792465210e-02,-2.374357916414737701e-02,-2.744744764640927315e-03,-1.682106405496597290e-03,-2.745715156197547913e-02,3.371976315975189209e-02,1.047272933647036552e-03,-2.461051009595394135e-02,3.736217040568590164e-03,6.110575050115585327e-03,2.466226741671562195e-02,1.353448629379272461e-02,2.112337388098239899e-03,2.440348081290721893e-02,-4.742246121168136597e-03,-1.666579209268093109e-02,-1.073313225060701370e-02,1.737098325975239277e-03,2.461051009595394135e-02,1.773975230753421783e-02,-2.554213814437389374e-02,6.010295357555150986e-03,1.814086921513080597e-02,5.434497259557247162e-03,1.590237393975257874e-02,1.964182592928409576e-02,-2.276019379496574402e-02,2.057345397770404816e-02,-3.599707782268524170e-02,3.384915739297866821e-02,1.568240672349929810e-02,1.766211725771427155e-02,1.249287463724613190e-02,-1.666579209268093109e-02,1.334039773792028427e-02,-1.357330475002527237e-02,8.843997493386268616e-03,-1.221468020230531693e-02,1.920189149677753448e-02,2.841465733945369720e-02,-2.503750659525394440e-02,-4.787533544003963470e-03,-6.467569470405578613e-01,-2.633143402636051178e-02,-2.681018784642219543e-02,-1.220821030437946320e-02,2.781945047900080681e-03,9.647850529290735722e-04,-9.400386363267898560e-03,1.152889803051948547e-02,-3.839731216430664062e-03,1.266108546406030655e-02,-3.700634092092514038e-02,3.858493268489837646e-02,-2.098751254379749298e-02,-9.820912964642047882e-03,-7.433616090565919876e-03,-2.270843647420406342e-02,-3.732982091605663300e-03,-1.466020382940769196e-02,5.081902258098125458e-03,-2.620204165577888489e-02,-3.498781099915504456e-02,8.180050645023584366e-04,-1.448390656150877476e-03,-1.158712524920701981e-02,2.133687213063240051e-02,1.478959713131189346e-02,1.053904369473457336e-02,-2.150508202612400055e-02,-1.507426053285598755e-02,1.753272488713264465e-02,-3.444436192512512207e-02,8.565803058445453644e-03,-1.046140771359205246e-02,1.275813020765781403e-02,4.764242842793464661e-02,-1.091428287327289581e-02,-1.077841967344284058e-02,2.555507794022560120e-02,6.870757322758436203e-03,4.991973936557769775e-02,-1.389678660780191422e-02,-8.902224712073802948e-03,1.042905915528535843e-02,-1.733863539993762970e-02,-2.304809167981147766e-04,1.569534651935100555e-02,1.186531968414783478e-02,-1.450493279844522476e-02,7.129542995244264603e-03,3.435378661379218102e-03,2.482724376022815704e-03,-2.136598573997616768e-03,1.079782936722040176e-02,1.830908097326755524e-02,1.542362105101346970e-02,1.510013919323682785e-02,2.466226741671562195e-02,-1.475077867507934570e-02,1.296515855938196182e-02,6.724381819367408752e-04,4.726071842014789581e-03,3.095075674355030060e-02,-1.045655575580894947e-03,-1.026731822639703751e-02,-5.939129274338483810e-03,-1.037083286792039871e-02,9.243498207069933414e-04,7.129542995244264603e-03,2.939804270863533020e-02,1.725776470266282558e-03,2.044406160712242126e-02,1.569534651935100555e-02,-8.022353285923600197e-04,-3.506544744595885277e-03,-5.508898291736841202e-03,5.631821695715188980e-03,2.529629133641719818e-02,-2.497280947864055634e-02,-1.574710384011268616e-02,-1.218233164399862289e-02,9.497431106865406036e-03,-9.859731420874595642e-03,-5.580064374953508377e-03,-6.036982522346079350e-04,1.486723218113183975e-02,1.159682986326515675e-03,-3.532423451542854309e-02,9.497431106865406036e-03,7.336571812629699707e-03,-8.151746354997158051e-03,-2.573703532107174397e-04,2.862168662250041962e-02,4.687253851443529129e-03,-1.154022058472037315e-03,1.763623766601085663e-02,8.779301308095455170e-03,-5.483019631356000900e-04,2.463315380737185478e-03,3.540186956524848938e-02,1.247993484139442444e-02,2.318718843162059784e-02,-2.794884331524372101e-02,9.018678218126296997e-03,-2.026291191577911377e-02,8.915163576602935791e-03,2.310874551767483354e-04,-2.882871590554714203e-02,-5.182181484997272491e-03,3.066609241068363190e-02,-1.748096756637096405e-02,2.660639351233839989e-03,3.804148174822330475e-03,1.020909193903207779e-02,6.032939068973064423e-03,-7.847673259675502777e-03,-2.226850017905235291e-02,-6.767243146896362305e-03,4.318484570831060410e-03,-1.447905413806438446e-02,-2.046994119882583618e-02,7.420676760375499725e-03,5.389209836721420288e-03,-1.094663050025701523e-02,-1.349566876888275146e-02,7.899430580437183380e-03,2.190620079636573792e-02,-1.410381495952606201e-02,-3.252935037016868591e-02,-2.295428141951560974e-02,1.123776473104953766e-02,-1.510256552137434483e-04,-1.869725878350436687e-03,2.365300245583057404e-02,-6.877227220684289932e-03,2.000412717461585999e-02,1.586679136380553246e-03,1.645876467227935791e-02,-8.604620583355426788e-03,2.529629133641719818e-02,-2.000412717461585999e-02,6.349951494485139847e-03,1.405205763876438141e-02,6.385534536093473434e-03,-4.202031064778566360e-03,1.864550262689590454e-02,-1.971946284174919128e-02,-4.525512922555208206e-03,-3.045906499028205872e-02,-4.225968569517135620e-02,2.882871590554714203e-02,7.892960682511329651e-03,-7.123073562979698181e-03,-3.092487901449203491e-02,6.721955724060535431e-03,-9.406856261193752289e-03,-4.405824933201074600e-03,-1.068137492984533310e-02,-1.917601190507411957e-02,1.669167075306177139e-03,-3.868844732642173767e-02,1.635525003075599670e-02,2.034054696559906006e-02,-3.307279944419860840e-02,-9.510370902717113495e-03,6.721955724060535431e-03,-3.403030708432197571e-02,-2.304485626518726349e-02,2.567153051495552063e-02,-1.279694773256778717e-02,-4.616735130548477173e-02,-3.762095468118786812e-03,1.962888799607753754e-02,1.007969863712787628e-02,1.811499148607254028e-02,-1.121673849411308765e-03,-4.861934576183557510e-03,-1.211763545870780945e-02,-2.988973632454872131e-02,-1.754889846779406071e-03,2.242377214133739471e-02,8.151746354997158051e-03,1.548831816762685776e-02,-1.183944102376699448e-02,-7.782976608723402023e-03,1.466020382940769196e-02,-1.526835002005100250e-02,-4.813412204384803772e-03,1.522953249514102936e-02,-3.470961702987551689e-03,1.285517401993274689e-02,-9.575067088007926941e-03,2.760918810963630676e-03,7.142482325434684753e-03,-1.710572838783264160e-02,2.607264928519725800e-02,1.713160611689090729e-02,1.577298156917095184e-02,1.087546441704034805e-02,1.358624314889311790e-03,3.304691985249519348e-02,-3.144244896247982979e-03,-1.108249276876449585e-02,4.966095462441444397e-02,2.096163341775536537e-03,1.017674338072538376e-02,-2.266961894929409027e-02,-2.361418592045083642e-04,-2.114278264343738556e-02,1.273872051388025284e-02,2.086458960548043251e-03,8.091093623079359531e-04,-3.239995613694190979e-02,-7.718078268226236105e-05,-1.427202578634023666e-02,1.907249912619590759e-02,3.811911866068840027e-02,1.975828036665916443e-02,-6.531101651489734650e-03,-7.123073562979698181e-03,-2.440671669319272041e-03,5.586533807218074799e-03,1.666579209268093109e-02,2.414793008938431740e-03,1.235054247081279755e-02,-3.408206254243850708e-02,2.468814514577388763e-02,2.722424454987049103e-02,3.501369059085845947e-02,7.731219753623008728e-03,-9.348629973828792572e-03,5.017205607146024704e-03,-1.453081145882606506e-02,9.840322658419609070e-03,3.338334336876869202e-02,8.222912438213825226e-03,-2.591090742498636246e-03,-4.231144674122333527e-03,-2.520571649074554443e-02,2.898398600518703461e-02,-2.701721526682376862e-02,9.930897504091262817e-04,9.128661826252937317e-03,8.585211820900440216e-03,-2.129805460572242737e-02,-2.100045047700405121e-02,1.812793128192424774e-02,2.462344989180564880e-02,-6.159096956253051758e-03,-2.446817792952060699e-02,4.244083538651466370e-03,-7.013089489191770554e-03,9.930897504091262817e-03,8.261729963123798370e-03,7.187769748270511627e-03,1.488017197698354721e-02,-1.570828631520271301e-02,2.371123060584068298e-03,2.867344394326210022e-02,2.127217501401901245e-02,4.099163785576820374e-02,-4.609618335962295532e-03,-5.114250350743532181e-03,1.220174040645360947e-02,-1.114395447075366974e-03,3.040730766952037811e-02,2.159242285415530205e-03,-2.898398553952574730e-03,-2.665491588413715363e-02,-1.911131665110588074e-02,-3.891488304361701012e-03,-1.605764590203762054e-02,-1.136715710163116455e-02,1.405205763876438141e-02,-7.226587738841772079e-03,-5.512133240699768066e-03,1.031907554715871811e-02,-1.327570062130689621e-02,-4.266727250069379807e-03,2.039230428636074066e-02,-8.649908937513828278e-03,-8.106458932161331177e-03,-2.820762991905212402e-02,4.101751837879419327e-03,-1.470225630328059196e-03,3.129688324406743050e-03,-2.304809167981147766e-03,-2.303191833198070526e-02,-1.984562026336789131e-03,-1.389678660780191422e-02,2.869285177439451218e-03,-8.869876153767108917e-03,1.615792512893676758e-03,-5.275991279631853104e-03,-3.742686705663800240e-03,-1.356036495417356491e-02,-2.622791938483715057e-02,3.687694668769836426e-02,-2.686194516718387604e-02,4.650377109646797180e-02,-2.137568965554237366e-02,-1.551096211187541485e-03,-6.291724741458892822e-03,-1.774298725649714470e-03,-1.648464240133762360e-02,4.192326590418815613e-02,1.240229979157447815e-02,8.992799557745456696e-03,-2.164741419255733490e-02,1.205779146403074265e-03,-1.710572838783264160e-02,-2.836290188133716583e-02,1.897221896797418594e-03,-6.074992008507251740e-03,-5.787092726677656174e-03,7.453025318682193756e-03,-7.828264497220516205e-03,-2.880283631384372711e-02,-2.723314100876450539e-04,4.101751744747161865e-02,-9.626824408769607544e-03,-8.297312888316810131e-04,-3.441848233342170715e-02,-2.392472885549068451e-02,-1.250257948413491249e-03,1.094145476818084717e-01,-3.778269747272133827e-03,5.774153396487236023e-03,1.180062349885702133e-02,2.462344989180564880e-02,2.963094972074031830e-02,-2.276019379496574402e-02,-4.808236286044120789e-02,1.097897905856370926e-02,-7.362450007349252701e-03,3.694164333865046501e-03,-1.044199895113706589e-02,6.537571083754301071e-03,-2.124629728496074677e-02,4.329482838511466980e-02,2.798119327053427696e-03,6.495518609881401062e-03,-7.879819168010726571e-05,-1.370754907839000225e-03,3.910897299647331238e-03,-6.364508299157023430e-04,-1.787238055840134621e-03,-2.387297153472900391e-02,2.437760308384895325e-02,-5.422366666607558727e-04,5.942364223301410675e-03,2.810411527752876282e-02,1.537186466157436371e-02,2.545156329870223999e-02,-2.263079956173896790e-02,-1.384502975270152092e-03,8.792240172624588013e-03,2.686518011614680290e-03,-1.247993484139442444e-02,-1.125070359557867050e-02,1.863256283104419708e-02,1.437553949654102325e-02,2.620204165577888489e-02,1.440141815692186356e-02,-3.022615797817707062e-02,7.860612124204635620e-03,2.015939727425575256e-02,-1.616601250134408474e-03,-2.291546389460563660e-02,1.250581350177526474e-02,-4.082342609763145447e-03,4.842525348067283630e-03,1.740333065390586853e-02,-2.761242352426052094e-02,-4.883284121751785278e-02,3.685106709599494934e-02,-3.516896069049835205e-02,-3.092487901449203491e-02,-1.495780702680349350e-02,2.785179996863007545e-03,7.161891087889671326e-03,1.293927989900112152e-02,-6.813339423388242722e-04,-6.032939068973064423e-03,4.021527990698814392e-02,-1.113425008952617645e-02,-2.343303523957729340e-02,1.141891442239284515e-02,-9.510370902717113495e-03,-2.171211130917072296e-02,7.103664334863424301e-03,-2.281194925308227539e-02,1.372857578098773956e-02,-2.017233707010746002e-02,-9.510370902717113495e-03,-6.709016393870115280e-03,-2.686194516718387604e-02,-2.048287913203239441e-02,2.963094972074031830e-02,2.211322821676731110e-02,1.612234301865100861e-02,6.269081030040979385e-03,7.537130266427993774e-03,2.106514759361743927e-02,-1.660109497606754303e-02,-6.201149895787239075e-03,-1.647170260548591614e-02,2.507632412016391754e-02,-1.255110092461109161e-02,-2.649964392185211182e-02,6.663728971034288406e-03,2.112337388098239899e-03,9.452143684029579163e-03,-5.583299323916435242e-03,-7.362450007349252701e-03,3.073078813031315804e-03,2.557125175371766090e-03,1.043552905321121216e-02,-5.803267005831003189e-03,1.331128412857651711e-03,1.701515354216098785e-02,2.344597503542900085e-02,-1.382076763547956944e-03,-2.586562000215053558e-02,-1.699897926300764084e-03,5.411853548139333725e-03,-1.711866632103919983e-02,1.874901540577411652e-02,9.898548945784568787e-03,1.933128386735916138e-02,2.621821593493223190e-03,-1.217101002112030983e-03,1.076548080891370773e-02,-1.925364881753921509e-02,-1.629055291414260864e-02,3.211529180407524109e-02,-2.732775919139385223e-02,3.490370698273181915e-03,-1.630349270999431610e-02,7.601826917380094528e-03,1.200765185058116913e-02,1.223408896476030350e-02,2.269549667835235596e-02,2.076754346489906311e-02,7.821794599294662476e-03,-1.810205169022083282e-02,-9.219236671924591064e-03,3.491017594933509827e-02,4.444642458111047745e-03,8.332896046340465546e-03,9.173949249088764191e-03,-1.565652899444103241e-02,-1.075901091098785400e-02,1.054551266133785248e-02,-5.052788648754358292e-03,-7.446555420756340027e-03,-1.387737691402435303e-03,-2.599986619316041470e-04,1.705397106707096100e-02,-3.356449306011199951e-02,5.094841588288545609e-03,-3.452199697494506836e-02,5.363331642001867294e-03,-3.809323906898498535e-02,-6.857818458229303360e-03,-4.836055915802717209e-03,-2.462344989180564880e-02,-1.754566282033920288e-02,-1.933128386735916138e-02,-2.468814514577388763e-02,-2.963094972074031830e-02,7.563008926808834076e-03,2.953390590846538544e-03,5.850980523973703384e-04,1.495780702680349350e-02,-2.459757030010223389e-02,-6.078226491808891296e-03,-8.941042236983776093e-03,8.158216252923011780e-03,1.026084925979375839e-02,-1.380621176213026047e-02,-1.986179500818252563e-02,6.799591705203056335e-03,1.710572838783264160e-02,-1.009910739958286285e-02,2.309661358594894409e-02,-3.652111627161502838e-03,2.571034803986549377e-02,8.417000994086265564e-03,-3.464492037892341614e-03,1.672401907853782177e-03,2.100045047700405121e-02,-2.022409439086914062e-02,-3.868844732642173767e-02,-3.376343229319900274e-04,9.594475850462913513e-03,8.856937289237976074e-03,3.364212810993194580e-02,2.546450309455394745e-02,-2.194501832127571106e-02,4.467286169528961182e-03,-1.156771648675203323e-02,9.368038736283779144e-03,-1.569534651935100555e-02,-3.739451989531517029e-02,-5.495958961546421051e-03,-2.730187959969043732e-02,7.084255572408437729e-03,-1.717042364180088043e-02,2.127217501401901245e-02,-1.002147234976291656e-02,4.192326590418815613e-02,-1.489311084151268005e-02,-6.049113348126411438e-03,-5.195120815187692642e-03,2.327776327729225159e-02,-3.910250216722488403e-02,3.993061557412147522e-02,1.156124658882617950e-02,2.413175627589225769e-02,-2.369505586102604866e-03,1.188472844660282135e-02,2.499868907034397125e-02,1.080429833382368088e-02,1.533304620534181595e-02,8.062788401730358601e-04,4.075873177498579025e-03,-3.035555034875869751e-02,-5.664169788360595703e-03,-1.700221374630928040e-02,2.361418493092060089e-02,-6.602267269045114517e-03,-8.080580271780490875e-03,3.155566751956939697e-03,-9.031617082655429840e-03,-1.767505519092082977e-02,-1.269990298897027969e-02,-1.801147684454917908e-02,-2.750890888273715973e-02,6.531101651489734650e-03,-9.536249563097953796e-03,-1.769446535035967827e-03,6.421117577701807022e-03,-2.370475977659225464e-02,-5.091606639325618744e-03,2.453287504613399506e-02,-6.553745362907648087e-03,2.010763995349407196e-02,-1.890428736805915833e-02,7.737689185887575150e-03,1.160006411373615265e-02,-2.733422908931970596e-03,-3.030379302799701691e-02,1.732569560408592224e-02,1.735480851493775845e-03,-1.907249912619590759e-02,1.388384681195020676e-02,5.377887864597141743e-04,1.003602868877351284e-03,-1.971946284174919128e-02,-2.087105810642242432e-02,7.271875161677598953e-03,-1.653639972209930420e-02,-2.717248722910881042e-02,2.013351954519748688e-02,-3.820322221145033836e-03,-4.017646424472332001e-03,-1.931187463924288750e-03,-2.436466328799724579e-02,-7.181300316005945206e-03,3.004500828683376312e-02,3.236437449231743813e-03,-4.687253851443529129e-03,-4.772006347775459290e-02,4.062933847308158875e-03,-3.933541104197502136e-02,9.937366470694541931e-03,1.159359421581029892e-02,9.283932857215404510e-03,1.331451907753944397e-02,-1.289399247616529465e-02,-1.090942998416721821e-03,-1.295221876353025436e-02,9.963245131075382233e-03,2.137568965554237366e-02,-3.794443793594837189e-03,1.199471205472946167e-02,3.360977862030267715e-03,6.987210828810930252e-03,1.258344948291778564e-02,-5.466845817863941193e-03,-1.713160611689090729e-02,-5.499193910509347916e-03,-1.214351411908864975e-02,1.841259561479091644e-02,-1.795971952378749847e-02,2.979269251227378845e-03,-4.509339109063148499e-03,2.050875872373580933e-02,4.572741314768791199e-02,-1.780444942414760590e-02,8.067640475928783417e-03,1.429790444672107697e-02,1.638436340726912022e-03,-1.290046144276857376e-02,1.970652304589748383e-02,7.847673259675502777e-03,1.028025802224874496e-02,-1.171004772186279297e-02,-6.870757322758436203e-03,-2.122041955590248108e-02,-1.442729681730270386e-02,1.969358325004577637e-02,1.381915062665939331e-02,-1.657845219597220421e-03,-2.968270704150199890e-02,4.344363231211900711e-03,-4.648436326533555984e-03,2.568447031080722809e-02,-2.822380280122160912e-03,-6.214089225977659225e-03,2.704309485852718353e-02,4.533923789858818054e-02,-2.631849423050880432e-02,2.367888204753398895e-02,-1.313336845487356186e-02,1.658815704286098480e-02,-2.800060063600540161e-02,-8.390314178541302681e-05,2.398942410945892334e-02,-2.397648617625236511e-02,7.349510677158832550e-03,-2.789708785712718964e-02,-2.301897853612899780e-02,1.015733461827039719e-02,3.373917192220687866e-03,1.171004772186279297e-02,1.865844056010246277e-02,-7.705341093242168427e-03,-1.024528100970201194e-04,2.461697906255722046e-03,1.820556633174419403e-02,-2.573622763156890869e-02,-2.228143997490406036e-02,2.970858663320541382e-02,1.235054247081279755e-02,-5.453906487673521042e-03,1.592825353145599365e-02,-1.815380901098251343e-02,1.161300390958786011e-02,3.506544977426528931e-02,-4.764889832586050034e-03,3.045906499028205872e-02,-1.557889301329851151e-02,2.565212314948439598e-03,-1.711866632103919983e-02,4.493164829909801483e-03,-5.172477103769779205e-03,-1.744214817881584167e-02,9.963245131075382233e-03,-1.080429833382368088e-02,-1.696663093753159046e-03,2.919101528823375702e-02,-6.624910980463027954e-03,-2.694604918360710144e-03,9.807974100112915039e-03,2.464932762086391449e-02,-1.286811381578445435e-02,6.980741396546363831e-03,-2.665491541847586632e-03,-2.817528089508414268e-03,-7.123073562979698181e-03,-2.026291191577911377e-02,-2.288958616554737091e-02,-3.783445432782173157e-02,-1.821850612759590149e-02,4.148333147168159485e-02,1.745508797466754913e-02,-1.636818796396255493e-02,1.198177319020032883e-02,-5.492724012583494186e-03,-5.983122810721397400e-02,3.289811778813600540e-03,-2.008823212236166000e-03,1.462138630449771881e-02,-1.013145595788955688e-02,-6.094400770962238312e-03,1.248640473932027817e-02,3.318925155326724052e-03,-2.092928392812609673e-03,1.929246634244918823e-02,-2.925894688814878464e-03,-2.638319134712219238e-02,4.544922150671482086e-03,-2.243671007454395294e-02,-2.828849945217370987e-03,-4.506003097048960626e-05,-2.479489427059888840e-03,-1.746802777051925659e-02,2.643494866788387299e-02,1.563064940273761749e-02,1.147714070975780487e-02,1.240876968950033188e-02,1.933128386735916138e-02,-4.842525348067283630e-03,-9.122191928327083588e-03,6.437291856855154037e-03,1.066196616739034653e-02,-6.825469899922609329e-03,-1.920189149677753448e-02,-1.444023568183183670e-02,6.207619328051805496e-03,-1.604470657184720039e-03,5.651230458170175552e-03,-1.541068218648433685e-02,1.383209042251110077e-02,3.535658121109008789e-03,-7.802385836839675903e-03,-4.043525084853172302e-03,-8.624030277132987976e-03,-5.664169788360595703e-03,3.797678509727120399e-03,-1.103720534592866898e-02,1.433672197163105011e-02,-1.240229979157447815e-02,-1.629055291414260864e-02,8.190563879907131195e-03,-1.828320138156414032e-02,-1.052610389888286591e-02,-2.314513549208641052e-03,2.334246039390563965e-02,8.968538022600114346e-04,6.175271235406398773e-03,-9.469935321249067783e-04,-1.687282137572765350e-02,2.684900537133216858e-03,8.397592231631278992e-03,1.422026846557855606e-02,-1.820556633174419403e-02,1.573416404426097870e-02,-2.693958021700382233e-02,9.057495743036270142e-03,-2.608882263302803040e-03,2.301897853612899780e-02,3.625586256384849548e-02,-2.088399790227413177e-02,-1.829614117741584778e-02,6.220558658242225647e-03,-6.650789640843868256e-03,-3.229644149541854858e-02,-3.255522623658180237e-02,-1.261579804122447968e-03,-3.972359001636505127e-03,-2.856992930173873901e-02,1.506132166832685471e-02,2.880607033148407936e-03,-2.820762991905212402e-02,1.322394423186779022e-02,4.371050454210489988e-04,-6.477726856246590614e-04,1.912425458431243896e-02,2.083741575479507446e-01,6.773713044822216034e-03,4.088003770448267460e-04,4.661375656723976135e-03,-6.359655875712633133e-03,1.871019788086414337e-02,1.993943005800247192e-02,1.077841967344284058e-02,-1.172945741564035416e-02,1.894310489296913147e-02,-2.030172944068908691e-02,-1.289884385187178850e-04,-2.820763038471341133e-03,2.636378165334463120e-03,4.978388082236051559e-03,-3.348685428500175476e-02,-2.216498553752899170e-02,-4.003413021564483643e-02,-2.017233707010746002e-02,-3.827438876032829285e-02,2.753478661179542542e-02,8.831058628857135773e-03,4.451112356036901474e-03,-7.019559387117624283e-03,2.539980597794055939e-02,1.108249276876449585e-02,-4.122373647987842560e-04,-7.343041244894266129e-03,2.432584576308727264e-02,-7.241953280754387379e-04,-2.045700140297412872e-02,-5.926189944148063660e-03,1.399059663526713848e-03,-1.881371252238750458e-02,-2.681018784642219543e-02,1.301044598221778870e-02,2.624085918068885803e-02,2.189973136410117149e-03,7.038968149572610855e-03,-1.419438980519771576e-02,2.631525974720716476e-03,-1.907249912619590759e-02,-4.253788385540246964e-03,2.823997754603624344e-03,-5.660934839397668839e-03,3.211529180407524109e-02,-4.958978854119777679e-03,-9.905018843710422516e-03,-1.226643752306699753e-02,1.656227745115756989e-02,-2.461051009595394135e-02,-3.878548974171280861e-03,3.346097841858863831e-02,2.552919834852218628e-02,1.544626546092331409e-03,-3.914132248610258102e-03,1.223408896476030350e-02,1.647170260548591614e-02,-1.358624361455440521e-02,-4.791576939169317484e-04,8.792240172624588013e-03,4.181975126266479492e-02,-5.767683964222669601e-03,1.043229480274021626e-03,7.194239646196365356e-03,3.995649516582489014e-02,-3.327982872724533081e-02,-6.851348560303449631e-03,4.118330252822488546e-04,-2.903574332594871521e-02,4.454346839338541031e-03,-1.071372348815202713e-02,1.301044598221778870e-02,1.508720032870769501e-02,-1.447905413806438446e-02,-6.592562887817621231e-03,1.412969361990690231e-02,5.305104888975620270e-03,-8.035292848944664001e-03,1.180062349885702133e-02,-2.743127290159463882e-03,-4.331423901021480560e-03,1.172945741564035416e-02,-3.040730766952037811e-02,1.562418066896498203e-03,-1.639406755566596985e-02,1.158712524920701981e-02,6.401708815246820450e-03,-3.480666130781173706e-02,2.488223463296890259e-02,2.911338023841381073e-02,-2.534804865717887878e-02,-2.193207852542400360e-02,-1.154183782637119293e-02,-1.660109497606754303e-02,1.919865608215332031e-03,1.647170260548591614e-02,1.939598098397254944e-02,-3.874020278453826904e-02,1.308161206543445587e-02,3.200449864380061626e-04,-3.139069303870201111e-02,2.194501832127571106e-02,7.763567846268415451e-03,9.814443998038768768e-03,2.065109089016914368e-02,1.087546441704034805e-02,3.993061557412147522e-02,4.046759568154811859e-03,-1.100485771894454956e-02,-4.376711323857307434e-03,-7.977065630257129669e-03,1.947361626662313938e-03,-7.368919905275106430e-03,1.331451907753944397e-02,1.868432015180587769e-02,-2.348479349166154861e-03,-1.073313225060701370e-02,1.051316503435373306e-02,6.663728971034288406e-03,9.529779665172100067e-03,-2.039230428636074066e-02,-7.931778207421302795e-03,1.092075183987617493e-02,3.978828433901071548e-03,-9.380977600812911987e-03,-1.288752257823944092e-02,1.145126298069953918e-02,-4.195561632513999939e-03,-3.038142807781696320e-02,1.278400793671607971e-02,-2.820762991905212402e-02,-3.571241162717342377e-03,1.072666328400373459e-02,-4.024115856736898422e-03,2.991561405360698700e-02,4.856273299083113670e-04,-8.688726462423801422e-03,-1.856786571443080902e-02,1.226805499754846096e-03,-8.961462299339473248e-05,8.559333160519599915e-03,6.631380878388881683e-03,4.092046990990638733e-03,-5.751509685069322586e-03,5.446628201752901077e-04,2.208735048770904541e-02,-2.775475382804870605e-03,-1.029319688677787781e-02,-2.657728083431720734e-02,-1.670460961759090424e-02,-3.113514278084039688e-03,1.312042959034442902e-02,1.309455092996358871e-02,4.784945771098136902e-02,-4.024115856736898422e-03,-1.467314362525939941e-02,-1.187178958207368851e-02,2.255316451191902161e-02,9.258054196834564209e-03,-6.169448420405387878e-02,3.758456441573798656e-04,1.683400198817253113e-02,-2.563271299004554749e-02,1.117306761443614960e-02,6.838409230113029480e-03,-1.627243757247924805e-01,1.230525504797697067e-02,1.410381495952606201e-02,-2.424821071326732635e-02,4.508044943213462830e-02,-4.095281939953565598e-03,4.016352444887161255e-02,1.449199300259351730e-02,7.770037278532981873e-03,-2.579768886789679527e-03,2.099398057907819748e-03,3.304691985249519348e-02,-2.691370248794555664e-02,1.075901091098785400e-02,1.186370151117444038e-03,-2.026291191577911377e-02,7.343041361309587955e-04,-1.342450268566608429e-03,1.931834407150745392e-02,1.269343309104442596e-02,9.432734921574592590e-03,1.783032715320587158e-02,9.555658325552940369e-03,-2.298016101121902466e-02,1.462138630449771881e-02,1.847729086875915527e-02,-2.436466328799724579e-02,2.608558721840381622e-02,-3.183062747120857239e-02,-2.864756435155868530e-02,-2.344597503542900085e-02,8.274669758975505829e-03,4.049994423985481262e-02,-6.126748863607645035e-03,1.676930673420429230e-02,-4.606383386999368668e-03,-1.442729681730270386e-02,9.329220280051231384e-03,-1.849023066461086273e-02,2.867344394326210022e-02,2.043112181127071381e-02,3.168506082147359848e-03,2.378239668905735016e-02,-8.531837374903261662e-04,-2.859580796211957932e-03,2.981210127472877502e-02,1.237642113119363785e-02,-8.481698110699653625e-03,2.309661358594894409e-02,5.059258546680212021e-03,6.461552693508565426e-04,-2.132393233478069305e-02,-3.794443793594837189e-03,9.704459458589553833e-03,1.529422868043184280e-02,1.092722173780202866e-02,-2.071578614413738251e-02,-6.877227220684289932e-03,1.085282070562243462e-03,-2.737951651215553284e-02,-2.431290596723556519e-02,-1.296515855938196182e-02,2.151802182197570801e-02,-1.223408896476030350e-02,9.717399254441261292e-03,-1.777533558197319508e-03,3.904427634552121162e-03,-1.656227745115756989e-03,-2.248846739530563354e-02,8.378183469176292419e-03,-1.485429331660270691e-02,-2.859580889344215393e-02,1.036436296999454498e-02,-3.071784973144531250e-02,3.428909229114651680e-03,1.573416404426097870e-02,-3.568653389811515808e-02,3.258110582828521729e-02,9.258054196834564209e-03,-5.091606639325618744e-03,-2.031466923654079437e-02,2.763830125331878662e-02,-1.041612029075622559e-02,8.417000994086265564e-03,-1.828320138156414032e-02,-1.251066569238901138e-03,7.945526158437132835e-04,-2.854405157268047333e-02,-1.724806055426597595e-02,5.583299323916435242e-03,6.304664071649312973e-03,-5.612412467598915100e-03,-1.282282639294862747e-02,-1.929246634244918823e-02,2.864756435155868530e-02,3.914132248610258102e-03,9.083374403417110443e-03,1.522953249514102936e-02,-8.300547488033771515e-03,5.101311020553112030e-03,7.194239646196365356e-03,-1.131539978086948395e-02,-2.999325096607208252e-02,1.460844650864601135e-02,1.728687807917594910e-02,1.252522319555282593e-02,7.103664334863424301e-03,2.005588263273239136e-02,3.149420768022537231e-02,4.214970394968986511e-03,-9.982653893530368805e-03,6.644320208579301834e-03,4.745480604469776154e-03,2.022409439086914062e-02,4.512573592364788055e-03,1.178121380507946014e-02,1.221468020230531693e-02,2.895163837820291519e-03,8.533454500138759613e-03,-1.192354597151279449e-02,4.953156411647796631e-02,8.713795978110283613e-05,7.860612124204635620e-03,-1.343097258359193802e-02,-7.782976608723402023e-03,-3.954567364417016506e-04,-1.185237988829612732e-01,-2.665491588413715363e-02,6.624910980463027954e-03,1.805029436945915222e-02,-2.969564637169241905e-03,2.032760903239250183e-02,1.100485771894454956e-02,1.299750618636608124e-02,-3.560889884829521179e-02,1.902074180543422699e-02,1.205779146403074265e-03,-2.150508202612400055e-02,-2.620204119011759758e-03,-1.033848430961370468e-02,1.376739330589771271e-02,2.736657625064253807e-03,-3.891892629326321185e-05,-9.232176467776298523e-03,8.636969141662120819e-03,1.762329973280429840e-02,-1.867138035595417023e-02,3.139392705634236336e-03,-8.688726462423801422e-03,-9.309811517596244812e-03,2.354948967695236206e-02,1.955125108361244202e-02,-1.814086921513080597e-02,5.796797107905149460e-03,1.466020382940769196e-02,-6.058817729353904724e-03,-1.469902135431766510e-02,2.039554063230752945e-03,1.363476621918380260e-03,8.365244604647159576e-03,-1.832202076911926270e-02,-6.883696652948856354e-03,-3.115778602659702301e-02,1.855169190093874931e-03,3.610058873891830444e-02,-2.088399790227413177e-02,1.411675382405519485e-02,-2.156977914273738861e-02,-1.268696412444114685e-02,-8.371713571250438690e-03,-1.372857578098773956e-02,7.323632482439279556e-03,-8.467141306027770042e-04,2.056051604449748993e-02,3.307279944419860840e-02,2.896781312301754951e-03,-4.289371427148580551e-03,4.577270243316888809e-03,-1.930540613830089569e-02,-4.415529314428567886e-03,2.026614733040332794e-03,-1.616116054356098175e-02,7.575948256999254227e-03,2.243347698822617531e-03,-2.589149959385395050e-02,1.132833957672119141e-02,-5.017205607146024704e-03,-9.542718529701232910e-03,-2.274078316986560822e-03,8.125867694616317749e-03,-6.235115579329431057e-04,-4.855464678257703781e-03,-1.777856983244419098e-02,-3.133893385529518127e-02,2.309661358594894409e-03,-1.125717349350452423e-02,6.922514643520116806e-03,3.102192422375082970e-03,-9.549188427627086639e-03,3.371976315975189209e-02,-2.446817792952060699e-02,8.190563879907131195e-03,-1.319806557148694992e-02,-1.572122424840927124e-02,2.197089605033397675e-02,-4.502869397401809692e-02,-2.473990246653556824e-02,-1.136715710163116455e-02,7.304223254323005676e-03,-1.459550764411687851e-02,2.701721526682376862e-02,-5.893841851502656937e-03,1.180709246546030045e-02,-2.061227336525917053e-02,9.523309767246246338e-03,-4.431703127920627594e-03,-8.819938375381752849e-05,-1.239582989364862442e-02,2.994149364531040192e-02,-6.721955724060535431e-03,3.181445412337779999e-03,1.918895170092582703e-02,-2.895810827612876892e-02,-1.478959713131189346e-02,-2.081606537103652954e-03,1.506132166832685471e-02,-1.123129483312368393e-02,-1.566946692764759064e-02,-5.274050310254096985e-02,-7.585652638226747513e-04,-1.128305215388536453e-02,-1.243464741855859756e-02,-9.329220280051231384e-03,-1.808911375701427460e-02,2.717248629778623581e-03,-2.065109089016914368e-02,-2.569741010665893555e-02,-1.781738735735416412e-02,-2.331658266484737396e-02,1.588943600654602051e-02,-1.367681846022605896e-02,4.338702128734439611e-04,-1.467314362525939941e-02,1.293927989900112152e-02,1.779150962829589844e-02,1.692457869648933411e-02,-6.042643450200557709e-03,1.336627546697854996e-02,1.876195520162582397e-02,-1.601882837712764740e-02,6.837600376456975937e-04,1.129599101841449738e-02,-3.315043449401855469e-02,7.951186969876289368e-03,-1.731275580823421478e-02,1.846435293555259705e-02,-1.806646934710443020e-03,-3.299516439437866211e-02,-8.714605122804641724e-03,-2.393766678869724274e-02,7.915199967101216316e-05,3.757566958665847778e-02,9.225706569850444794e-03,-2.167329378426074982e-02,9.413326159119606018e-03,1.499662548303604126e-02,1.675636693835258484e-02,3.773093968629837036e-02,-2.699133753776550293e-02,-2.173798903822898865e-02,3.933541104197502136e-02,1.112131122499704361e-02,-5.512133240699768066e-03,8.559333160519599915e-03,-1.309455092996358871e-02,2.125923708081245422e-02,1.662697456777095795e-02,1.897221896797418594e-03,2.153096161782741547e-02,2.407999895513057709e-02,-2.596913464367389679e-02,9.484492242336273193e-03,-2.851817198097705841e-02,-3.193414211273193359e-02,2.067696861922740936e-02,-7.847673259675502777e-03,1.139950565993785858e-02,-3.879196196794509888e-02,3.589356318116188049e-02,-3.635937580838799477e-03,1.271931175142526627e-02,-1.297809742391109467e-02,1.927952654659748077e-02,1.662697456777095795e-02,-5.043084267526865005e-03,2.462344989180564880e-02,-1.123129483312368393e-02,-2.789708785712718964e-02,-7.841203361749649048e-03,-1.061020977795124054e-02,9.296872653067111969e-03,1.779150962829589844e-02,1.455669011920690536e-02,-6.178506184369325638e-03,-1.328864041715860367e-02,-4.713132511824369431e-03,-2.538686618208885193e-02,2.266961894929409027e-02,2.932040765881538391e-02,-1.422026846557855606e-02,-2.796501852571964264e-03,2.088399790227413177e-02,2.041818387806415558e-02,1.999118737876415253e-02,-1.312689948827028275e-02,-1.805029460228979588e-03,9.186888346448540688e-04,1.634231023490428925e-02,-1.606088131666183472e-03,4.411485570017248392e-04,1.603176817297935486e-02,-9.458613581955432892e-03,2.682878694031387568e-04,9.872670285403728485e-03,-1.120541617274284363e-02,2.107485197484493256e-03,2.317425049841403961e-02,5.362037569284439087e-02,-8.274669758975505829e-03,1.229231595061719418e-03,1.773975230753421783e-02,-1.179415360093116760e-02,-2.160859666764736176e-02,7.634175010025501251e-03,-3.180474787950515747e-02,-2.810411527752876282e-02,-3.822263330221176147e-02,1.627761311829090118e-02,-4.347598180174827576e-03,8.449349552392959595e-03,1.187825854867696762e-02,1.709278859198093414e-02,-7.349510677158832550e-03,-3.343995194882154465e-04,-4.586974624544382095e-03,-3.891488304361701012e-03,-2.485635690391063690e-02,2.885459363460540771e-02,1.860668510198593140e-02,2.331092109670862556e-04,3.773093968629837036e-02,-1.641994528472423553e-02,2.634760923683643341e-03,8.785771206021308899e-03,-1.427202578634023666e-02,-8.488167077302932739e-03,-7.116603665053844452e-03,-1.600588858127593994e-02,3.310838248580694199e-03,-1.276459917426109314e-02,-2.230731770396232605e-02,-4.661375656723976135e-03,-8.384653367102146149e-03,2.590443752706050873e-02,1.955448649823665619e-03,3.408206254243850708e-02,-3.529835492372512817e-02,1.185884978622198105e-02,-4.790768492966890335e-03,-9.575067088007926941e-03,-1.362506113946437836e-02,2.501162700355052948e-02,2.336833998560905457e-02,-1.371563645079731941e-03,-9.510370902717113495e-03,1.079135946929454803e-02,-2.184150367975234985e-02,-4.603148903697729111e-03,-5.453906487673521042e-03,9.316281415522098541e-03,-2.424821071326732635e-02,-2.621498145163059235e-02,-2.790032187476754189e-03,-5.809736438095569611e-03,6.704164552502334118e-04,-3.406669566174969077e-05,1.623879559338092804e-02,3.503957018256187439e-02,-5.919720511883497238e-03,-2.195795811712741852e-02,-1.797265931963920593e-02,-2.259198203682899475e-02,-7.698871195316314697e-03,1.297162752598524094e-02,2.820358495227992535e-04,-1.749390549957752228e-02,-4.262198880314826965e-02,5.233938805758953094e-03,3.447024151682853699e-02,-3.250347077846527100e-02,7.724749855697154999e-03,1.273225154727697372e-02,-1.905955933034420013e-02,-1.817968860268592834e-02,-2.988973632454872131e-02,4.169682972133159637e-03,1.750037539750337601e-03,-1.519071403890848160e-02,3.221880644559860229e-02,-2.921689301729202271e-02,-1.815380901098251343e-02,4.862581193447113037e-02,1.621291786432266235e-02,-2.791649661958217621e-03,-2.633143449202179909e-03,-1.068137492984533310e-02
-2.106780186295509338e-02,-1.269636116921901703e-02,-1.565517671406269073e-02,-8.662790060043334961e-03,-1.859456859529018402e-02,4.840285331010818481e-02,1.136910263448953629e-02,1.586235873401165009e-02,-8.300221525132656097e-03,-8.194203255698084831e-04,1.518901716917753220e-02,5.254001356661319733e-03,1.571992039680480957e-02,-4.758707713335752487e-03,1.886649429798126221e-02,1.276758033782243729e-02,3.226856887340545654e-02,-1.533145457506179810e-02,1.131730712950229645e-02,-2.680414821952581406e-03,-2.970145782455801964e-03,1.248270459473133087e-02,2.378706261515617371e-02,1.246328116394579411e-03,-2.105485275387763977e-02,-1.539619918912649155e-02,6.108626723289489746e-03,-1.062454283237457275e-02,7.944128476083278656e-03,-1.398477330803871155e-02,-3.239805623888969421e-02,1.560338120907545090e-02,-2.004484087228775024e-02,-2.417552843689918518e-02,-3.428859263658523560e-02,-1.382938679307699203e-02,-1.553863659501075745e-02,-1.485072891227900982e-03,9.633954614400863647e-03,6.163659505546092987e-03,-1.309453858993947506e-03,7.797643775120377541e-04,3.842575475573539734e-03,-4.260176327079534531e-03,-2.343744412064552307e-02,9.083627723157405853e-03,-4.949055984616279602e-02,-1.789532974362373352e-02,-2.534092776477336884e-02,1.786943152546882629e-02,1.401067059487104416e-02,-3.266351064667105675e-03,2.751633524894714355e-03,-3.161343920510262251e-05,-5.532402079552412033e-03,1.515017077326774597e-02,-2.407193742692470551e-02,1.169929839670658112e-02,-9.802290238440036774e-03,-1.701480709016323090e-02,-1.209909445606172085e-03,6.325520109385251999e-03,-1.235321629792451859e-02,-6.409687921404838562e-03,-2.267346158623695374e-02,5.179545842111110687e-04,-1.165397744625806808e-02,9.070679545402526855e-03,-3.816677723079919815e-03,-1.698890887200832367e-02,4.376716166734695435e-02,3.110317140817642212e-02,-3.696900792419910431e-03,-3.337569767609238625e-03,2.275115437805652618e-02,-1.222372800111770630e-02,-3.053342178463935852e-02,-7.011809851974248886e-03,-1.860751770436763763e-02,5.597146693617105484e-03,-2.196127362549304962e-02,-1.994124986231327057e-02,-1.456747204065322876e-02,1.807661354541778564e-02,6.516515742987394333e-03,-5.694263149052858353e-03,-1.332438085228204727e-02,1.946214213967323303e-02,-5.017684772610664368e-03,-3.053342178463935852e-02,1.032024435698986053e-02,2.526323311030864716e-02,-5.697500309906899929e-04,3.088304074481129646e-03,-2.716671675443649292e-02,-9.264912456274032593e-03,-1.810251176357269287e-02,3.535039722919464111e-02,5.121275782585144043e-03,-1.672993227839469910e-02,2.363167703151702881e-02,-1.670403406023979187e-03,2.598837018013000488e-02,-2.277381485328078270e-03,-3.299370408058166504e-02,-1.744212023913860321e-02,-1.033319346606731415e-02,6.688088178634643555e-03,2.180588617920875549e-02,-1.810251176357269287e-02,1.943624578416347504e-02,4.280894622206687927e-02,5.043582525104284286e-03,-1.358335837721824646e-02,3.149163722991943359e-02,-3.257934004068374634e-02,-1.420490350574254990e-02,-1.044973358511924744e-02,-1.358335837721824646e-02,-1.715724542737007141e-02,-6.713985931128263474e-03,-3.305197460576891899e-03,6.642767228186130524e-03,-3.118086419999599457e-02,-2.047215402126312256e-02,1.840033568441867828e-02,-2.918673865497112274e-02,-1.122666522860527039e-02,-1.860751770436763763e-02,4.218092653900384903e-03,4.586487635970115662e-02,1.107775326818227768e-02,2.926443330943584442e-02,-6.157184951007366180e-03,-4.279599525034427643e-03,1.812840998172760010e-02,-1.197769958525896072e-02,-4.842875059694051743e-03,-3.261495148763060570e-03,-1.274168211966753006e-02,-6.882321089506149292e-03,4.655116703361272812e-03,2.215874381363391876e-03,-1.450272742658853531e-02,4.651232063770294189e-02,-1.190000586211681366e-02,1.477465406060218811e-02,-5.370541475713253021e-03,-1.998980995267629623e-03,-1.568107493221759796e-02,1.845213212072849274e-02,4.920568317174911499e-03,4.848054796457290649e-02,-3.232036530971527100e-02,-7.555662188678979874e-03,-5.529164802283048630e-03,-3.317498788237571716e-02,2.080882526934146881e-02,-3.229123074561357498e-03,-8.093040436506271362e-03,3.826389322057366371e-03,-1.953659811988472939e-03,1.801186986267566681e-02,1.819315366446971893e-02,-6.309334188699722290e-03,1.702775619924068451e-02,9.672801010310649872e-03,-6.726935040205717087e-03,4.308734554797410965e-03,7.089503109455108643e-03,3.641220554709434509e-02,8.462082594633102417e-03,-2.179293893277645111e-02,2.369642071425914764e-02,-2.701456658542156219e-03,-1.955278450623154640e-03,-7.031233049929141998e-03,-2.612433396279811859e-03,-3.589425235986709595e-02,8.928242139518260956e-03,-4.371536523103713989e-02,3.770709037780761719e-02,2.807313762605190277e-02,2.172819338738918304e-02,-4.447934683412313461e-03,-1.238558813929557800e-02,1.667813770473003387e-02,1.331143267452716827e-02,4.862298257648944855e-03,-1.552568841725587845e-02,3.125855699181556702e-02,2.773646637797355652e-02,2.089622896164655685e-03,-9.562736377120018005e-03,-6.389487385749816895e-01,-1.340207457542419434e-02,-2.659696713089942932e-02,-3.009315952658653259e-02,1.499478425830602646e-02,9.789341129362583160e-03,1.029434707015752792e-02,7.452071178704500198e-03,-2.144331857562065125e-02,2.436976134777069092e-02,-3.335627540946006775e-02,2.936802431941032410e-02,-1.745506934821605682e-02,-3.221677243709564209e-02,-9.303758852183818817e-03,-2.550926245748996735e-02,-1.658749394118785858e-02,-2.027792111039161682e-02,-6.759306881576776505e-03,-1.403656881302595139e-02,-1.354451198130846024e-02,-1.617313176393508911e-02,2.895689802244305611e-03,-1.864636433310806751e-03,2.882417105138301849e-02,9.005934931337833405e-03,1.044973358511924744e-02,-5.807565525174140930e-03,-5.001498851925134659e-03,4.995024297386407852e-03,-4.594257101416587830e-02,7.257838267832994461e-03,-2.128793299198150635e-02,-9.731071069836616516e-03,4.412972927093505859e-02,-8.837599307298660278e-03,-5.619807168841362000e-03,1.992830261588096619e-02,3.777831094339489937e-03,4.001199081540107727e-02,-9.290809743106365204e-03,-7.704574149101972580e-03,3.942929208278656006e-03,-1.628967002034187317e-02,-8.688687346875667572e-03,1.021665334701538086e-02,3.645105287432670593e-03,-6.791679188609123230e-03,4.509442020207643509e-03,-1.128493528813123703e-02,-5.263713188469409943e-03,-5.493555683642625809e-03,-1.380348950624465942e-02,6.471194792538881302e-03,7.018284406512975693e-03,4.301450680941343307e-04,3.213908150792121887e-02,-2.885006926953792572e-02,4.988549742847681046e-03,5.263713188469409943e-03,7.568610832095146179e-03,4.273125156760215759e-02,8.345542475581169128e-03,-2.229794301092624664e-02,-3.609495935961604118e-03,-1.732558012008666992e-02,7.484443485736846924e-03,4.959414713084697723e-03,1.297476142644882202e-02,1.415310800075531006e-02,6.532702129334211349e-03,2.045920491218566895e-02,2.164078876376152039e-03,1.517444965429604053e-03,-9.752113255672156811e-04,-1.057274732738733292e-02,8.416761644184589386e-03,-2.108075097203254700e-02,1.184011809527873993e-03,-1.919021643698215485e-02,1.824495010077953339e-02,-1.330293453065678477e-04,-1.926790922880172729e-02,-9.368503466248512268e-03,2.654517069458961487e-02,5.283136386424303055e-03,-1.801186986267566681e-02,-1.230789534747600555e-02,1.237911358475685120e-02,6.684851250611245632e-04,-5.092140752822160721e-03,1.595300063490867615e-02,7.134824059903621674e-03,-8.229003287851810455e-03,1.837443746626377106e-02,9.426772594451904297e-03,-1.320136711001396179e-02,1.244385819882154465e-02,2.897955849766731262e-02,1.381643768399953842e-02,1.306540425866842270e-02,-2.521143853664398193e-02,2.549307537265121937e-04,-9.491517208516597748e-03,2.187063172459602356e-02,1.671698316931724548e-02,-4.034866020083427429e-02,1.390707958489656448e-02,1.710544899106025696e-02,-2.615670487284660339e-02,9.363647550344467163e-04,-4.379953257739543915e-03,2.108075097203254700e-02,-4.043282940983772278e-03,-6.500329822301864624e-03,-3.006726317107677460e-02,-2.350218826904892921e-03,1.145974453538656235e-02,1.116030267439782619e-03,-2.815083041787147522e-02,1.001109019853174686e-03,2.475822716951370239e-02,2.632261312101036310e-04,-1.489119324833154678e-02,1.512427348643541336e-02,3.177651390433311462e-02,-1.700185798108577728e-02,-2.203896641731262207e-02,-1.512427348643541336e-02,2.243390772491693497e-03,-1.541724195703864098e-04,-2.784005831927061081e-03,2.159870602190494537e-02,-1.871110871434211731e-02,1.603069342672824860e-02,-8.727534674108028412e-03,2.633798867464065552e-02,-2.091241627931594849e-02,2.484887093305587769e-02,-3.738984465599060059e-03,1.421785261482000351e-02,-1.387956290272995830e-04,3.884659148752689362e-03,9.833043441176414490e-04,2.357988059520721436e-02,-1.377759128808975220e-02,-1.366105116903781891e-02,-3.503962606191635132e-02,-5.697500333189964294e-02,1.508542615920305252e-02,2.117139287292957306e-02,2.837419742718338966e-03,-2.908314950764179230e-02,-1.084467396140098572e-02,-5.386727396398782730e-03,-1.860751770436763763e-02,-1.419195532798767090e-02,1.092560356482863426e-03,-5.257238633930683136e-03,-3.216497972607612610e-02,3.097368218004703522e-02,1.650980114936828613e-02,-2.949751168489456177e-02,-1.920316554605960846e-02,-3.541514277458190918e-03,-9.310233406722545624e-03,-2.973059192299842834e-02,1.173167116940021515e-02,-1.369747042190283537e-04,-3.926095739006996155e-02,4.078892059624195099e-03,1.094826497137546539e-02,-9.070679545402526855e-03,1.137881423346698284e-03,-7.348480168730020523e-03,-9.510940872132778168e-03,-2.113902010023593903e-03,-1.491709146648645401e-02,-2.308134920895099640e-03,2.908314950764179230e-02,1.247623004019260406e-02,7.575085386633872986e-03,-1.808956265449523926e-02,1.404951792210340500e-03,1.671698316931724548e-02,-2.044625580310821533e-02,-2.082177251577377319e-02,2.057574503123760223e-02,1.205053646117448807e-03,2.074407972395420074e-02,-8.669264614582061768e-03,1.643210835754871368e-02,-2.568730851635336876e-03,-5.244289990514516830e-03,2.460284158587455750e-02,1.628967002034187317e-02,4.027096554636955261e-03,1.406246609985828400e-02,-2.319465158507227898e-03,2.543156966567039490e-02,-1.154876779764890671e-03,-7.121875416487455368e-03,3.788837790489196777e-02,-1.007421594113111496e-02,2.444745600223541260e-02,-2.104190364480018616e-02,7.944128476083278656e-03,-1.069576200097799301e-02,2.874647825956344604e-02,-1.033966802060604095e-02,1.360440044663846493e-03,-2.140447311103343964e-02,-4.273124970495700836e-03,7.244889624416828156e-03,2.690774016082286835e-02,2.172819338738918304e-02,1.454157475382089615e-02,8.157784119248390198e-03,-2.931299153715372086e-03,-1.644505746662616730e-02,-2.610814757645130157e-03,7.827588357031345367e-03,-9.394400753080844879e-03,7.445596624165773392e-03,-3.172471746802330017e-02,1.368694938719272614e-02,2.838391065597534180e-02,6.895270198583602905e-03,2.515316940844058990e-03,-7.652778644114732742e-03,-1.287117041647434235e-02,-9.672801010310649872e-03,-4.105194529984146357e-04,3.377063572406768799e-02,-6.972963456064462662e-03,4.457646515220403671e-03,6.518943700939416885e-04,-9.873508475720882416e-03,1.215898338705301285e-02,-3.273472934961318970e-02,-5.228104069828987122e-03,1.015838421881198883e-02,8.526827208697795868e-03,-3.101252950727939606e-03,-2.063725143671035767e-03,1.744212023913860321e-02,1.230142079293727875e-02,6.746358238160610199e-03,-9.824950248003005981e-04,2.877237647771835327e-02,4.758707713335752487e-03,9.750494733452796936e-03,-8.992985822260379791e-03,3.297104500234127045e-03,1.247137435711920261e-03,-3.996019437909126282e-02,-1.259277015924453735e-02,2.879827283322811127e-02,2.558695524930953979e-02,4.835105687379837036e-02,-2.460284158587455750e-03,-2.056279592216014862e-02,2.468053437769412994e-02,9.575684554874897003e-03,2.525028400123119354e-02,3.353755688294768333e-03,-8.429710753262042999e-03,-2.464168891310691833e-02,-1.994124986231327057e-02,1.633175532333552837e-03,3.535039955750107765e-03,-1.228199712932109833e-02,7.180145010352134705e-03,1.338912546634674072e-02,-1.681733760051429272e-03,1.568107493221759796e-02,5.030633881688117981e-03,2.034266479313373566e-02,1.845213212072849274e-02,4.745758604258298874e-03,3.609495935961604118e-03,-3.503962606191635132e-02,4.146873485296964645e-03,-5.296085495501756668e-03,-1.119429338723421097e-02,-1.121371611952781677e-02,-2.282884716987609863e-02,3.028415609151124954e-03,-1.362220477312803268e-02,-4.415562842041254044e-03,-7.821113802492618561e-03,1.634146645665168762e-02,1.104538142681121826e-02,7.329056970775127411e-03,-6.344943307340145111e-03,-2.137857489287853241e-02,4.337869584560394287e-02,-2.657106891274452209e-02,1.436029002070426941e-02,-1.337617635726928711e-02,2.102571772411465645e-03,-1.190648041665554047e-02,-2.123613609001040459e-03,-3.457346698269248009e-03,3.042983077466487885e-02,1.950098946690559387e-02,4.153348039835691452e-03,2.622144995257258415e-03,2.627000678330659866e-03,-1.649685204029083252e-02,-2.166344970464706421e-02,4.286074079573154449e-03,-8.701636455953121185e-03,-1.551273930817842484e-02,1.330495811998844147e-03,2.147892722859978676e-03,-3.962352499365806580e-02,2.716024173423647881e-03,2.438271045684814453e-02,-2.333385311067104340e-02,-1.331305131316184998e-03,-4.814387485384941101e-02,-2.188358083367347717e-02,1.149211637675762177e-02,1.042642518877983093e-01,1.069576200097799301e-02,4.632456228137016296e-03,-2.887596609070897102e-03,5.759007297456264496e-03,1.397182419896125793e-02,-1.538325008004903793e-02,-3.182830661535263062e-02,-1.872729510068893433e-03,-1.737737469375133514e-02,1.564222760498523712e-02,-2.154367277398705482e-03,2.268641069531440735e-02,-1.713134720921516418e-02,3.449577465653419495e-02,1.934560202062129974e-02,-8.403812535107135773e-03,6.487380713224411011e-03,-1.608248986303806305e-02,-1.625082455575466156e-02,-1.384233590215444565e-02,5.361639196053147316e-04,-1.474875584244728088e-02,2.316551841795444489e-02,3.719561267644166946e-03,-5.409387871623039246e-03,1.852982491254806519e-02,2.354103513062000275e-02,1.858161948621273041e-02,-7.247317116707563400e-04,-8.432947797700762749e-04,5.619807168841362000e-03,8.863497525453567505e-03,-2.207781374454498291e-02,-5.865835584700107574e-03,1.525376178324222565e-02,8.780948701314628124e-04,2.290653996169567108e-02,8.455608040094375610e-03,-3.516425786074250937e-04,2.698543295264244080e-02,2.319141477346420288e-02,3.421737346798181534e-03,-4.713386297225952148e-03,1.695006340742111206e-02,1.624273136258125305e-03,1.312367338687181473e-02,4.495683824643492699e-04,-2.146921679377555847e-02,-4.472537711262702942e-02,2.387770451605319977e-02,-2.451219968497753143e-02,-2.644157968461513519e-02,-2.460284158587455750e-02,-9.245488792657852173e-03,-4.570948891341686249e-03,1.505952887237071991e-02,1.082525029778480530e-02,-1.437323912978172302e-02,9.536838158965110779e-03,-1.722198911011219025e-02,-2.329500578343868256e-02,1.030729617923498154e-02,-1.925496011972427368e-02,-2.541862055659294128e-02,9.957676753401756287e-03,-2.563875168561935425e-02,1.775289326906204224e-02,-1.322726439684629440e-02,-7.277261465787887573e-03,-2.606606297194957733e-02,-1.253450009971857071e-02,-2.923853509128093719e-02,1.281290128827095032e-02,3.330447897315025330e-02,2.369642071425914764e-02,1.985060796141624451e-02,-1.515017123892903328e-03,1.446388103067874908e-02,-1.498021651059389114e-03,-3.512379480525851250e-03,-9.342605248093605042e-03,4.420742020010948181e-02,-1.467106305062770844e-02,-2.626029588282108307e-02,1.030729617923498154e-02,-5.635993089526891708e-03,-4.040045663714408875e-03,-5.852886475622653961e-03,-7.332294480875134468e-04,1.423080172389745712e-02,-1.569402404129505157e-02,2.005778998136520386e-02,-1.061159372329711914e-02,-2.680414915084838867e-02,2.133972756564617157e-02,2.268641069531440735e-02,-1.311072520911693573e-02,-2.983418293297290802e-02,1.452862564474344254e-02,-5.985612515360116959e-03,-1.140794903039932251e-02,1.516311988234519958e-02,8.002397604286670685e-03,1.969522237777709961e-02,1.191295450553297997e-03,-6.597446277737617493e-03,5.004736129194498062e-03,-2.578118816018104553e-02,-1.498183608055114746e-02,2.473233081400394440e-02,-3.125855699181556702e-02,7.955458131618797779e-04,-1.753276214003562927e-02,-1.781763695180416107e-02,3.444397822022438049e-02,-1.723493821918964386e-02,1.380348950624465942e-02,2.218140475451946259e-02,4.085366614162921906e-03,-8.837599307298660278e-03,-1.255392376333475113e-02,4.166944324970245361e-02,-1.353156287223100662e-02,-1.268988661468029022e-02,1.011630054563283920e-03,6.081919418647885323e-04,-2.402014285326004028e-02,2.918673865497112274e-02,3.485834226012229919e-02,-2.492656372487545013e-02,1.212661154568195343e-02,-3.687188960611820221e-03,1.688208198174834251e-03,-1.645800657570362091e-02,-5.321983247995376587e-03,-1.574581861495971680e-02,5.749295465648174286e-03,-4.661590978503227234e-02,-6.778730545192956924e-03,-8.449133485555648804e-03,-2.600131928920745850e-02,-1.648390479385852814e-02,-1.098711136728525162e-02,-1.048210542649030685e-02,-4.187662526965141296e-02,3.272825386375188828e-03,-3.034889930859208107e-03,-1.408836431801319122e-02,2.637683600187301636e-02,-3.369294479489326477e-02,1.243900274857878685e-03,1.022312790155410767e-02,-1.885678269900381565e-03,1.402361970394849777e-02,-9.782866574823856354e-03,-2.558695524930953979e-02,-6.675139535218477249e-03,-6.146663799881935120e-04,3.716323990374803543e-03,3.537629544734954834e-02,-6.306096911430358887e-03,1.959163136780261993e-02,1.017780695110559464e-02,1.054037548601627350e-02,6.077872822061181068e-04,2.802134118974208832e-02,-2.768467180430889130e-02,-2.934212610125541687e-02,7.777411374263465405e-04,3.749990835785865784e-02,9.497991763055324554e-03,4.739284142851829529e-02,7.639830000698566437e-03,-7.296684663742780685e-03,1.067633833736181259e-02,-1.566812582314014435e-02,1.788238063454627991e-02,-1.810817775549367070e-04,-4.804028570652008057e-02,-1.898303441703319550e-02,-2.526323311030864716e-02,1.015838421881198883e-02,-2.641568332910537720e-02,-9.565973305143415928e-04,-8.863497525453567505e-03,5.681314039975404739e-03,-9.808764792978763580e-03,-1.196475047618150711e-02,-1.375169400125741959e-02,3.281242027878761292e-02,-1.830969378352165222e-02,4.845464974641799927e-02,-1.186115946620702744e-02,2.521791262552142143e-03,-5.885258782655000687e-03,5.438522901386022568e-03,1.891829073429107666e-02,-8.441040990874171257e-04,6.960014346987009048e-03,1.744212023913860321e-02,1.218488067388534546e-02,-4.024507105350494385e-02,6.824051495641469955e-03,-9.854085743427276611e-03,1.696301251649856567e-02,-1.043678447604179382e-02,9.161321446299552917e-03,3.813440445810556412e-03,9.426772594451904297e-03,-1.395887508988380432e-02,-2.101600542664527893e-02,-3.289011493325233459e-02,-3.027444332838058472e-02,2.695953473448753357e-02,-4.593609366565942764e-03,9.355554357171058655e-03,1.917726732790470123e-02,-2.124908566474914551e-02,-9.698699228465557098e-03,7.044182159006595612e-03,-7.308014901354908943e-04,9.744020178914070129e-03,-2.025202289223670959e-02,1.972112059593200684e-02,2.338564768433570862e-02,2.400395693257451057e-03,-2.941981889307498932e-02,-5.254001356661319733e-03,1.889239251613616943e-02,-3.761644940823316574e-03,7.102451752871274948e-03,4.622744396328926086e-03,-1.199712231755256653e-02,-2.348923869431018829e-02,-1.913842186331748962e-02,-6.144235841929912567e-03,-3.037803433835506439e-02,-2.119729109108448029e-02,2.667465992271900177e-02,-7.905281148850917816e-03,4.405851010233163834e-03,1.458042114973068237e-02,2.577127452241256833e-05,8.144835010170936584e-03,2.941981889307498932e-02,-5.490318406373262405e-03,5.111563950777053833e-03,-5.309034138917922974e-02,-2.048510313034057617e-02,-2.067933604121208191e-02,-1.646124292165040970e-03,-3.522091079503297806e-03,1.119429338723421097e-02,1.931970566511154175e-02,-1.873700693249702454e-02,-2.889215247705578804e-03,-9.719741065055131912e-04,8.598045445978641510e-03,1.559043209999799728e-02,-1.364486524835228920e-03,1.411426160484552383e-02,3.437923500314354897e-03,-7.354954723268747330e-03,1.016485854052007198e-03,3.177327569574117661e-03,-2.196127362549304962e-02,3.269588109105825424e-03,-8.410287089645862579e-03,2.284179627895355225e-02,-2.073113061487674713e-02,1.958515727892518044e-03,-2.312667109072208405e-02,2.382590994238853455e-02,2.150806225836277008e-02,-1.586235873401165009e-02,1.267046388238668442e-02,4.535339772701263428e-03,-1.221077889204025269e-02,-1.530555728822946548e-02,2.001894451677799225e-02,1.134967897087335587e-02,1.224315073341131210e-02,-4.315209109336137772e-03,-1.469696033746004105e-02,-1.948804035782814026e-02,-2.851987257599830627e-03,4.111264366656541824e-03,1.465811394155025482e-02,-1.922906376421451569e-02,-2.918673865497112274e-02,1.418709871359169483e-03,1.288411952555179596e-02,1.208776421844959259e-02,1.125903706997632980e-02,-6.500329822301864624e-03,9.918829426169395447e-03,4.179893434047698975e-02,-3.027444332838058472e-02,3.579065948724746704e-02,-1.801186986267566681e-02,8.902343921363353729e-03,-2.176704071462154388e-02,2.815083041787147522e-02,2.490066550672054291e-02,1.132216304540634155e-03,1.213308516889810562e-02,-1.026197429746389389e-02,-1.261219382286071777e-02,2.276410348713397980e-02,1.378244720399379730e-03,9.640429168939590454e-03,1.452862564474344254e-02,-2.020022831857204437e-02,9.905881015583872795e-04,1.054037548601627350e-02,1.913842186331748962e-02,-1.024902611970901489e-02,-3.866530954837799072e-02,1.717019453644752502e-02,-1.497212360845878720e-04,1.407379633747041225e-03,1.742917113006114960e-02,-1.129140984266996384e-02,1.763635315001010895e-02,2.908314950764179230e-02,-4.305497277528047562e-04,3.211318328976631165e-02,3.259876510128378868e-03,-2.840657019987702370e-03,-1.947509124875068665e-02,1.535735279321670532e-02,1.295695663429796696e-03,-2.488771639764308929e-02,1.230789534747600555e-02,-2.385180816054344177e-02,9.938253089785575867e-03,5.309034138917922974e-03,-3.363467520102858543e-03,2.773889573290944099e-04,-2.539596054702997208e-03,2.348923869431018829e-02,1.706012873910367489e-03,2.556105703115463257e-02,-1.264456566423177719e-02,1.548684109002351761e-02,3.560937475413084030e-04,-3.928685188293457031e-02,-4.071122780442237854e-02,-3.612732887268066406e-02,-1.145326998084783554e-02,2.701133117079734802e-02,7.944128476083278656e-03,-9.161321446299552917e-03,1.357040926814079285e-02,-1.218488067388534546e-02,-5.583550035953521729e-02,-2.310077287256717682e-02,1.161513105034828186e-02,1.820610277354717255e-02,1.018428150564432144e-02,2.172819338738918304e-02,2.672645449638366699e-02,2.835801243782043457e-02,6.157184951007366180e-03,1.805071718990802765e-02,-2.610491029918193817e-02,-3.001546673476696014e-02,1.830969378352165222e-02,-2.830621600151062012e-02,1.075565000064671040e-03,1.162808015942573547e-02,-4.952940624207258224e-03,-1.726083643734455109e-02,2.784005738794803619e-02,-7.388945668935775757e-04,1.279995217919349670e-02,8.546249940991401672e-03,1.206186693161725998e-02,-7.840537466108798981e-03,-7.905281148850917816e-03,6.312571000307798386e-03,-1.362058683298528194e-03,-5.839937832206487656e-03,-2.009663730859756470e-02,-1.579761318862438202e-02,9.485042653977870941e-03,-1.575714908540248871e-03,8.798752911388874054e-03,-1.028787251561880112e-02,-4.535339772701263428e-03,1.247623004019260406e-02,-1.417900621891021729e-02,-7.659253198653459549e-03,-1.074755680747330189e-03,2.735447604209184647e-03,-7.646304089576005936e-03,-9.977099485695362091e-03,2.220730111002922058e-02,-2.582003548741340637e-02,-1.597889885306358337e-02,1.748096663504838943e-03,-2.064048871397972107e-02,-1.791799091733992100e-03,1.758455671370029449e-02,1.836148835718631744e-02,3.086685435846447945e-03,-1.226904895156621933e-02,-1.187410857528448105e-02,-9.219591505825519562e-03,2.824470866471529007e-04,1.801510690711438656e-03,1.963371410965919495e-03,-2.993777394294738770e-02,1.033966802060604095e-02,-9.368503466248512268e-03,8.688687346875667572e-03,-2.256339648738503456e-03,2.018727920949459076e-02,3.615322709083557129e-02,-2.049805223941802979e-02,-7.821113802492618561e-03,-3.975301049649715424e-03,6.908218841999769211e-03,-2.101600542664527893e-02,-2.638978511095046997e-02,-5.130987265147268772e-04,-7.704574149101972580e-03,-1.421785261482000351e-02,1.309130154550075531e-02,-9.420298971235752106e-03,-1.591415330767631531e-02,-7.503866683691740036e-03,-1.893123984336853027e-02,2.193213906139135361e-03,3.035213798284530640e-02,1.811805069446563721e-01,-5.273425020277500153e-03,-6.199268624186515808e-03,2.544451691210269928e-02,1.273520756512880325e-02,1.534440368413925171e-02,2.281589806079864502e-02,3.017085231840610504e-02,-2.329500578343868256e-02,3.568707033991813660e-02,-1.021017972379922867e-02,-1.667813770473003387e-02,5.380252841860055923e-03,2.793717430904507637e-03,1.626377366483211517e-02,-4.954235255718231201e-02,-1.432144362479448318e-02,-3.677477315068244934e-02,-1.046268176287412643e-02,-1.713134720921516418e-02,2.166344970464706421e-02,1.129788346588611603e-02,2.316551841795444489e-02,-2.642863057553768158e-02,6.869372446089982986e-03,-1.484263571910560131e-03,1.237425836734473705e-03,1.720580272376537323e-03,2.954930812120437622e-02,-1.433439273387193680e-02,-2.242743223905563354e-02,1.068928744643926620e-02,-4.447934683412313461e-03,-1.999304629862308502e-02,-2.944571711122989655e-02,8.028295822441577911e-03,3.320088610053062439e-02,8.724296931177377701e-04,-1.026197429746389389e-02,-4.907619673758745193e-03,7.872909307479858398e-03,-7.898806594312191010e-03,-1.262514269910752773e-03,-7.600983139127492905e-03,1.849097758531570435e-02,1.735147833824157715e-02,-8.047718554735183716e-03,-1.270283572375774384e-02,-1.662634126842021942e-02,8.635273552499711514e-04,-2.069228515028953552e-02,-1.285822223871946335e-02,2.835801243782043457e-02,2.392950095236301422e-02,9.213116951286792755e-03,-2.133325440809130669e-03,3.583598183467984200e-03,2.303602918982505798e-02,-9.064204990863800049e-03,-1.533145457506179810e-02,1.543504558503627777e-02,2.566464804112911224e-02,-1.965637505054473877e-02,-1.230789534747600555e-02,4.949703346937894821e-03,4.576128721237182617e-02,-2.275115437805652618e-02,-2.086061984300613403e-02,1.145326998084783554e-02,-2.380001172423362732e-02,9.530363604426383972e-03,-2.023907378315925598e-02,1.503363158553838730e-02,1.761045493185520172e-02,9.112763218581676483e-04,6.231640931218862534e-03,2.023907378315925598e-02,5.419099703431129456e-03,1.105185505002737045e-02,1.486529596149921417e-02,6.574785802513360977e-03,2.997661940753459930e-03,-7.348480168730020523e-03,-5.658653564751148224e-03,2.241772133857011795e-03,-3.183801891282200813e-03,1.016485784202814102e-02,1.461926754564046860e-02,-4.767771810293197632e-02,2.468053437769412994e-02,3.299370408058166504e-02,-1.544799469411373138e-02,-4.004436079412698746e-03,-2.510784752666950226e-02,-4.671302624046802521e-03,3.570649307221174240e-03,2.172171836718916893e-03,1.040441263467073441e-02,-2.897955849766731262e-02,8.073616772890090942e-03,-1.201007142663002014e-02,-7.885858416557312012e-03,-9.646903723478317261e-03,1.137557718902826309e-02,-5.600383505225181580e-03,4.671302624046802521e-03,1.608248986303806305e-02,2.635093778371810913e-02,2.512079663574695587e-03,-6.095677614212036133e-03,-3.674240084365010262e-03,-1.219135522842407227e-02,-6.029314681654796004e-05,-5.914393812417984009e-03,1.570697128772735596e-02,8.708111010491847992e-03,8.429710753262042999e-03,-2.194832451641559601e-02,2.439565956592559814e-02,1.282584946602582932e-02,-1.276110578328371048e-02,-1.688531786203384399e-02,-1.041736081242561340e-02,3.651579609140753746e-03,3.460583975538611412e-03,-3.399076871573925018e-03,-7.633355446159839630e-03,1.076698023825883865e-02,-1.875966670922935009e-03,-2.426617033779621124e-02,2.460284158587455750e-02,-1.937150023877620697e-02,1.073137158527970314e-03,4.800791386514902115e-03,3.991487435996532440e-03,3.136214986443519592e-02,4.376715980470180511e-03,-6.383790168911218643e-03,-2.657106891274452209e-02,3.713086713105440140e-03,-1.284365425817668438e-03,1.773994415998458862e-02,-2.267346158623695374e-02,4.317636776249855757e-04,-7.516815792769193649e-03,-1.906072720885276794e-02,1.982471160590648651e-02,-1.504657976329326630e-02,-8.494454436004161835e-03,-1.899598352611064911e-02,-3.001546673476696014e-02,-3.424974624067544937e-03,1.513398485258221626e-03,6.490617990493774414e-03,4.456999152898788452e-02,-3.813440445810556412e-03,-2.231089212000370026e-02,-1.527966000139713287e-02,2.299718186259269714e-02,2.355398423969745636e-02,-6.153300032019615173e-02,1.670403406023979187e-03,2.509489841759204865e-02,-1.008069049566984177e-02,3.936454653739929199e-03,1.036556530743837357e-02,-1.614982336759567261e-01,1.150506548583507538e-02,1.393297780305147171e-02,-9.323182515799999237e-03,3.529860451817512512e-02,-3.405551193282008171e-03,2.455104701220989227e-02,9.964151307940483093e-03,7.600983139127492905e-03,-6.640339270234107971e-04,-1.859780633822083473e-03,1.192590408027172089e-02,-2.487476728856563568e-02,1.478760316967964172e-02,6.179845426231622696e-03,-8.649840950965881348e-03,-2.482297271490097046e-02,4.463311634026467800e-04,2.273820526897907257e-02,2.645452879369258881e-02,1.123313978314399719e-02,1.897008530795574188e-02,-1.801510690711438656e-03,-3.320088610053062439e-02,9.672801010310649872e-03,1.881469972431659698e-02,-1.103890687227249146e-02,4.330100119113922119e-02,-2.443450689315795898e-02,-2.493951283395290375e-02,-2.420142665505409241e-02,1.709249988198280334e-02,6.500329822301864624e-02,-3.654816886410117149e-03,1.454157475382089615e-02,-8.708111010491847992e-03,-3.904082579538226128e-03,2.949751168489456177e-02,-7.736946456134319305e-03,1.953983493149280548e-02,2.452514879405498505e-02,2.825442142784595490e-02,1.643210835754871368e-02,-1.358335837721824646e-02,-7.369724335148930550e-05,9.957676753401756287e-03,1.050800271332263947e-02,-7.821113802492618561e-03,2.510784752666950226e-02,-3.858761396259069443e-03,-6.940591149032115936e-03,-1.628967002034187317e-02,8.895869366824626923e-03,3.861998673528432846e-03,1.277405396103858948e-02,7.691625040024518967e-03,-1.467106305062770844e-02,2.061701961793005466e-04,-1.433439273387193680e-02,1.748096663504838943e-03,-1.482644956558942795e-02,5.788142327219247818e-03,2.100305818021297455e-02,6.561836693435907364e-03,-6.448534317314624786e-03,-3.211318282410502434e-03,-6.616869475692510605e-03,-4.150110762566328049e-03,-4.240753129124641418e-03,1.864636503159999847e-02,-1.785324653610587120e-03,-3.633451089262962341e-02,1.562927849590778351e-02,-1.521491538733243942e-02,1.191295497119426727e-02,-1.248756074346601963e-03,-3.475474938750267029e-02,2.758108079433441162e-02,7.393801584839820862e-03,-6.649241782724857330e-03,-1.596594974398612976e-02,2.755518257617950439e-02,-1.939739845693111420e-02,6.417780532501637936e-04,-8.863497525453567505e-03,-5.703974515199661255e-03,2.426293445751070976e-03,-2.457694336771965027e-02,-1.305245514959096909e-02,8.721060119569301605e-03,1.193237863481044769e-02,-9.187218733131885529e-03,1.015838421881198883e-02,-2.328205667436122894e-02,2.000599540770053864e-02,2.124908566474914551e-02,1.139499992132186890e-02,1.736442744731903076e-02,-1.338588772341609001e-03,7.970025762915611267e-03,5.399676505476236343e-03,-3.320088610053062439e-02,-2.929032966494560242e-02,2.900545485317707062e-02,9.679275564849376678e-03,-4.820214584469795227e-03,9.646903723478317261e-03,1.329848356544971466e-02,7.723997347056865692e-03,-7.872909307479858398e-03,-9.659852832555770874e-03,1.606468460522592068e-03,1.260571926832199097e-02,4.229098930954933167e-02,6.960014346987009048e-03,3.089598938822746277e-02,-7.620406337082386017e-03,-2.917540841735899448e-04,2.534092776477336884e-02,6.785204634070396423e-03,5.568011477589607239e-02,2.087356895208358765e-02,9.977099485695362091e-03,-9.867034852504730225e-03,-1.456747204065322876e-02,4.114501643925905228e-03,-1.302137821912765503e-01,-4.280894622206687927e-02,1.509837526828050613e-02,2.768467180430889130e-02,5.830226000398397446e-03,2.268641069531440735e-02,1.096768770366907120e-02,3.596547059714794159e-03,-2.167316153645515442e-03,3.716323897242546082e-02,-1.101948320865631104e-02,-1.423080172389745712e-02,-2.819615183398127556e-03,-6.998861208558082581e-03,3.887896426022052765e-03,4.176008515059947968e-03,1.136262807995080948e-02,-1.618608087301254272e-02,-5.299322772771120071e-03,2.575528994202613831e-02,-2.765877358615398407e-02,1.148564275354146957e-02,1.584940962493419647e-02,-2.988597750663757324e-02,1.493004057556390762e-02,-2.633475232869386673e-03,-3.338216990232467651e-02,3.703375114127993584e-03,1.862046681344509125e-02,-8.683832129463553429e-04,2.065343782305717468e-03,7.283736020326614380e-03,1.612942898645997047e-03,8.831125684082508087e-03,-2.614375576376914978e-02,2.165697515010833740e-03,-3.110317140817642212e-02,-1.363515388220548630e-02,4.073712602257728577e-02,-1.944919303059577942e-02,1.772699505090713501e-02,-3.320088610053062439e-02,-1.816078205592930317e-03,-1.011306326836347580e-02,3.140099579468369484e-03,2.249217592179775238e-02,-2.419818891212344170e-03,1.719609089195728302e-02,1.928085833787918091e-02,-1.667166245169937611e-03,-8.339068852365016937e-03,-8.818176575005054474e-03,-8.457226795144379139e-04,-2.934212610125541687e-02,1.841328479349613190e-02,-1.587530784308910370e-02,3.064024960622191429e-03,-1.032671891152858734e-03,-3.827684372663497925e-02,5.551825277507305145e-03,-1.007421594113111496e-02,-7.348480168730020523e-03,4.923805594444274902e-03,1.613428443670272827e-02,9.582159109413623810e-03,-6.522990297526121140e-03,-1.123313978314399719e-02,-2.508194930851459503e-02,1.917726732790470123e-02,-3.130387980490922928e-03,5.723397713154554367e-03,-9.776392020285129547e-03,-1.388118229806423187e-02,4.775540903210639954e-02,-2.843570522964000702e-02,-6.205743178725242615e-03,-1.165397744625806808e-02,-1.897008530795574188e-02,2.544451691210269928e-02,-2.234973944723606110e-02,-4.065943136811256409e-02,-1.920316554605960846e-02,1.367400027811527252e-02,-6.170133594423532486e-03,2.031676843762397766e-02,9.316707961261272430e-03,-1.987650524824857712e-03,-1.254097465425729752e-02,-6.992386654019355774e-03,-2.730591688305139542e-03,3.936454653739929199e-03,-2.205191552639007568e-02,2.184473350644111633e-02,-3.755170619115233421e-03,5.393201950937509537e-03,1.555158570408821106e-02,-3.136214986443519592e-02,-7.911755703389644623e-03,9.795815683901309967e-03,1.763635315001010895e-02,-6.675139535218477249e-03,-9.342605248093605042e-03,-5.073364824056625366e-02,1.788238063454627991e-02,-3.055932000279426575e-02,-1.241796091198921204e-02,1.024902611970901489e-02,-2.302308008074760437e-02,1.065044105052947998e-02,-7.458545733243227005e-03,-1.454157475382089615e-02,6.636292673647403717e-03,-2.615670487284660339e-02,1.969522237777709961e-02,2.853605896234512329e-03,-1.736442744731903076e-02,-1.369989849627017975e-02,4.475127533078193665e-02,8.112463168799877167e-03,1.267693750560283661e-02,7.989449426531791687e-03,1.186763402074575424e-02,2.023907378315925598e-02,-2.642863057553768158e-02,-1.318841800093650818e-02,3.216497972607612610e-02,-3.333037719130516052e-02,2.179293893277645111e-02,7.225465960800647736e-03,1.657454669475555420e-02,-1.675259321928024292e-03,-8.727534674108028412e-03,-1.315928297117352486e-03,-2.357988059520721436e-02,1.118781883269548416e-02,2.706312574446201324e-02,7.218991871923208237e-03,-3.970121592283248901e-02,3.946166485548019409e-03,2.045920491218566895e-02,1.133025623857975006e-02,3.892428427934646606e-02,-1.150506548583507538e-02,-3.535039722919464111e-02,2.302308008074760437e-02,2.952340990304946899e-03,-1.388118229806423187e-02,-5.173071287572383881e-03,-2.562580257654190063e-02,1.156981009989976883e-02,2.559990435838699341e-02,8.857022970914840698e-03,2.065343782305717468e-02,1.965637505054473877e-02,-2.996367216110229492e-02,2.004038979066535830e-04,-3.335627540946006775e-02,-3.322678431868553162e-02,2.177998982369899750e-02,-8.980037644505500793e-03,1.354451198130846024e-02,-4.879131913185119629e-02,3.405551239848136902e-02,1.429554633796215057e-02,2.586535643786191940e-03,7.050656247884035110e-03,4.800791386514902115e-03,1.706660352647304535e-02,-5.914393812417984009e-03,4.305497277528047562e-03,5.257238633930683136e-03,-1.226257439702749252e-02,-4.020622465759515762e-03,-9.892932139337062836e-03,1.389413140714168549e-02,8.364966139197349548e-03,3.078592475503683090e-03,-6.115100812166929245e-03,-1.441208552569150925e-02,-3.939691931009292603e-03,-3.418499976396560669e-02,1.205539237707853317e-02,1.100005954504013062e-02,-1.612133532762527466e-02,-7.898806594312191010e-03,6.047119386494159698e-03,-1.073137158527970314e-03,1.303950604051351547e-02,-1.689826697111129761e-02,-4.736047238111495972e-03,-7.944128476083278656e-03,7.393801584839820862e-03,-2.921587438322603703e-04,1.451567653566598892e-02,2.820262499153614044e-02,-3.534635179676115513e-04,-1.081877574324607849e-02,2.440860960632562637e-03,-8.941190317273139954e-03,-7.432647980749607086e-03,-6.680804654024541378e-04,4.353408142924308777e-02,-2.300041960552334785e-03,-2.528265817090868950e-03,1.011953689157962799e-02,-1.977291516959667206e-02,-2.372231893241405487e-02,-6.043882109224796295e-03,-2.695953473448753357e-02,-1.555158570408821106e-02,-4.311971738934516907e-02,2.910904586315155029e-02,-4.001198802143335342e-03,1.588825695216655731e-02,-6.348180584609508514e-03,6.289910525083541870e-03,-3.871710272505879402e-03,2.781415916979312897e-02,-2.607577480375766754e-03,-1.696301251649856567e-02,-2.752928435802459717e-02,4.604616016149520874e-02,1.228847168385982513e-02,1.594005152583122253e-02,3.239805623888969421e-02,-1.227552350610494614e-02,1.088999491184949875e-02,-5.211918032728135586e-04,-2.986008115112781525e-02,-2.228499576449394226e-02,-9.543312713503837585e-03,-5.723397713154554367e-03,3.635393688455224037e-03,-1.423080172389745712e-02,-1.155686099082231522e-02,-6.636292673647403717e-03,-1.143384724855422974e-02,2.632504142820835114e-02,-1.587530784308910370e-02,3.030034154653549194e-02,-5.329752340912818909e-02,2.567759715020656586e-02,-1.026844885200262070e-02,-1.005479320883750916e-02,2.298423321917653084e-03,1.371284667402505875e-02,1.885354518890380859e-02,-7.469875854440033436e-04,-2.566464804112911224e-02,1.977291516959667206e-02,-1.364810299128293991e-02,5.241052713245153427e-03,-2.550926292315125465e-03,1.660044305026531219e-02,-7.031233049929141998e-03,-2.771056815981864929e-02,-5.266950465738773346e-03,8.602901361882686615e-04,4.502967465668916702e-03,-1.660044305026531219e-02,1.329848356544971466e-02,2.978238649666309357e-02,5.364066921174526215e-03,-1.575714908540248871e-03,-1.955278404057025909e-02,-2.452514879405498505e-02,-2.168934792280197144e-02,2.162460237741470337e-02,-7.309633772820234299e-03,-1.311072520911693573e-02,-2.820262499153614044e-02,1.103890687227249146e-02,1.908662542700767517e-02,-2.732210233807563782e-02,-4.195431713014841080e-03,4.392901901155710220e-03,-2.291948907077312469e-02,-9.031832218170166016e-03,-1.799892075359821320e-02,-8.047718554735183716e-03,-7.685150951147079468e-03,1.178994029760360718e-02,2.210371010005474091e-02,-1.656159758567810059e-02,-2.598837018013000488e-02,4.589077457785606384e-02,2.089946717023849487e-02,-8.352017030119895935e-03,6.409687921404838562e-03,-2.093831263482570648e-02
-2.150738984346389771e-02,-3.028486855328083038e-02,5.028764135204255581e-04,-1.484568114392459393e-03,-1.614337600767612457e-02,3.590553626418113708e-02,-2.661475352942943573e-02,2.909384493250399828e-04,-1.232568547129631042e-02,4.407988395541906357e-03,1.158139575272798538e-02,3.585420548915863037e-02,2.329913841094821692e-04,1.924885727930814028e-04,1.257591973990201950e-02,2.741037309169769287e-02,1.779877766966819763e-02,-9.643677622079849243e-03,5.842028185725212097e-03,-7.038665469735860825e-03,-9.342112578451633453e-03,9.752754122018814087e-03,2.864230051636695862e-02,-1.109375804662704468e-02,-2.643509767949581146e-02,-3.788816742599010468e-03,4.959789104759693146e-03,-1.842757314443588257e-02,8.828809484839439392e-03,3.050943836569786072e-03,-2.067327313125133514e-02,3.613170993048697710e-04,-2.204635739326477051e-02,-4.363074526190757751e-02,-4.958505555987358093e-02,-1.534775551408529282e-02,-4.754467867314815521e-03,-3.734278259798884392e-03,7.930529303848743439e-03,-1.352553069591522217e-02,-9.727089665830135345e-03,4.157753195613622665e-03,1.226793881505727768e-02,1.371801923960447311e-02,-2.635810151696205139e-02,-1.074086222797632217e-02,-3.061851672828197479e-02,-6.021684035658836365e-03,-1.154931448400020599e-02,7.481389213353395462e-03,1.382067985832691193e-02,7.500638253986835480e-03,1.496598706580698490e-03,-5.264562554657459259e-03,-1.294806506484746933e-02,1.001582201570272446e-02,-1.509110443294048309e-02,1.381105510517954826e-03,-2.386056294199079275e-04,-1.496277842670679092e-02,1.086277235299348831e-02,2.306013181805610657e-02,-3.933183383196592331e-03,-7.551968563348054886e-03,-4.209083318710327148e-02,8.905804716050624847e-03,-1.456496864557266235e-02,-5.193983204662799835e-03,-2.299596928060054779e-02,-2.607578597962856293e-02,4.832746461033821106e-02,2.611428312957286835e-02,1.928735524415969849e-02,-1.750041963532567024e-03,1.019547786563634872e-02,-2.066043950617313385e-02,-4.144920781254768372e-02,-7.134909741580486298e-03,-9.220202453434467316e-03,1.684916578233242035e-02,-4.882793407887220383e-03,-2.118657529354095459e-02,-2.191161504015326500e-03,4.488192033022642136e-03,1.908203400671482086e-02,1.641285978257656097e-02,-4.417612683027982712e-03,3.872870281338691711e-02,-3.176061436533927917e-03,-2.417656406760215759e-02,4.314952064305543900e-03,8.232094347476959229e-03,-1.172897033393383026e-02,2.835998311638832092e-02,-1.865855976939201355e-02,-1.289673498831689358e-03,-3.346734866499900818e-02,3.164512291550636292e-02,3.266290586907416582e-04,-1.534775551408529282e-02,4.619725979864597321e-03,1.311488822102546692e-02,2.145605906844139099e-02,-1.231926865875720978e-02,-3.616218641400337219e-02,-2.433055639266967773e-02,-3.878644667565822601e-03,1.570706814527511597e-02,8.912220597267150879e-03,-1.515526697039604187e-02,1.638719439506530762e-02,3.567454963922500610e-02,3.403839655220508575e-03,-3.010521270334720612e-02,3.878002986311912537e-02,-2.268798649311065674e-02,-1.479595527052879333e-02,9.295594063587486744e-04,-1.737530156970024109e-02,-1.177388429641723633e-02,4.465735051780939102e-03,4.828255157917737961e-03,4.735218826681375504e-03,-1.673367433249950409e-02,-1.052270829677581787e-02,2.812899649143218994e-02,-3.195310384035110474e-02,-1.442381087690591812e-02,-4.427237436175346375e-03,-2.444604970514774323e-02,1.840190775692462921e-02,1.136965863406658173e-02,2.021129988133907318e-02,-1.312130410224199295e-02,-5.973562132567167282e-03,4.629991948604583740e-02,-1.546324882656335831e-02,-3.283534198999404907e-03,-6.316833198070526123e-03,-2.735904231667518616e-02,1.025001634843647480e-03,1.758062280714511871e-02,-1.064461842179298401e-02,-8.944302797317504883e-03,3.872870281338691711e-02,-7.274464005604386330e-04,2.902727760374546051e-02,6.490073166787624359e-03,1.353836338967084885e-02,3.403839655220508575e-03,2.553681842982769012e-02,-4.980140511179342866e-05,5.333216860890388489e-02,-2.023696526885032654e-02,1.038796640932559967e-02,1.050987653434276581e-02,-1.564290560781955719e-02,2.338094636797904968e-02,9.489687159657478333e-03,-1.147231925278902054e-02,1.075369492173194885e-02,-1.167764072306454182e-03,-7.487805560231208801e-03,-2.646717941388487816e-03,1.577604329213500023e-03,3.921633958816528320e-02,1.588672399520874023e-02,-1.809392683207988739e-02,-3.471210598945617676e-03,7.391561288386583328e-03,3.349301218986511230e-02,2.463853731751441956e-02,-3.154246136546134949e-02,3.018220886588096619e-02,-6.262294948101043701e-03,1.926168985664844513e-02,3.731070086359977722e-03,8.443832397460937500e-03,-2.966890484094619751e-02,3.663699142634868622e-03,-3.249207139015197754e-02,2.565230987966060638e-02,4.011461883783340454e-02,1.992898434400558472e-02,-1.281332317739725113e-02,-2.178970724344253540e-02,1.214602869004011154e-02,-5.739367567002773285e-03,2.110958099365234375e-02,-6.073014345020055771e-03,1.819658651947975159e-02,2.341944351792335510e-02,1.190862618386745453e-02,5.473091732710599899e-03,-6.447083950042724609e-01,1.281973905861377716e-02,-3.505858406424522400e-02,-3.113181889057159424e-02,7.577633485198020935e-03,1.393617317080497742e-02,2.399690821766853333e-02,2.098125405609607697e-03,-1.801693066954612732e-02,2.138227224349975586e-03,-2.014713734388351440e-02,2.205919101834297180e-02,1.199203822761774063e-02,-3.174778074026107788e-02,2.420543925836682320e-03,-1.865855976939201355e-02,-2.580630220472812653e-02,-2.705106139183044434e-02,-5.392888095229864120e-03,-1.346136722713708878e-02,-1.738813519477844238e-02,-3.050943836569786072e-03,-2.900161081925034523e-03,-7.859949953854084015e-03,2.820599265396595001e-02,2.027546241879463196e-02,8.167931810021400452e-03,8.806352270767092705e-04,-1.831207983195781708e-02,-2.940262900665402412e-03,-2.549831941723823547e-02,9.630844928324222565e-03,-2.186670154333114624e-02,9.688591584563255310e-03,3.626484796404838562e-02,-1.697749271988868713e-02,3.046131692826747894e-03,3.426296636462211609e-02,5.765032954514026642e-03,4.152620211243629456e-02,-8.822392672300338745e-03,-1.537342090159654617e-02,1.038796640932559967e-02,-3.297970863059163094e-03,9.071024251170456409e-04,1.705448701977729797e-02,1.341003738343715668e-02,-1.088843680918216705e-02,4.869960714131593704e-03,-9.159247856587171555e-04,-4.321368411183357239e-03,-9.887496009469032288e-03,-1.660534739494323730e-02,1.110017485916614532e-02,2.812899649143218994e-02,9.566682390868663788e-03,3.249207139015197754e-02,-2.113524638116359711e-02,3.775984281674027443e-03,9.848998859524726868e-03,7.651420892216265202e-04,3.895968571305274963e-02,1.291598379611968994e-02,-1.502694096416234970e-02,-3.148792311549186707e-03,2.794934064149856567e-02,-4.501024726778268814e-03,1.727264188230037689e-02,2.116090990602970123e-02,2.648642845451831818e-02,1.339720468968153000e-02,1.328171137720346451e-02,-1.780519261956214905e-03,2.396081690676510334e-04,-7.872782647609710693e-03,-2.418939722701907158e-03,5.919023882597684860e-03,-2.987422607839107513e-02,2.532828832045197487e-03,2.382046077400445938e-04,5.039992276579141617e-03,-5.392888095229864120e-03,-2.697406522929668427e-02,1.002223882824182510e-02,1.797843351960182190e-02,-1.804580329917371273e-03,-1.005432009696960449e-02,-1.248769578523933887e-03,2.340660989284515381e-02,1.191504299640655518e-02,-4.821838811039924622e-03,3.573871217668056488e-03,1.212036423385143280e-02,-1.110659074038267136e-02,1.987765356898307800e-02,1.421848963946104050e-02,-1.551457867026329041e-02,1.836341060698032379e-02,3.120881505310535431e-02,-3.541789716109633446e-03,-8.668402209877967834e-03,-4.645390901714563370e-03,6.146801635622978210e-03,-4.536313936114311218e-03,1.075369492173194885e-02,1.333304215222597122e-02,-4.460601881146430969e-02,-5.912607535719871521e-03,1.926168985664844513e-02,-2.572930604219436646e-02,-2.053211443126201630e-03,-5.206815898418426514e-03,1.270424574613571167e-02,-3.586703678593039513e-03,-1.980065740644931793e-02,-2.625544182956218719e-02,-1.380784716457128525e-02,3.666907316073775291e-03,-3.471210598945617676e-03,-2.381725236773490906e-02,8.790311403572559357e-03,1.548891421407461166e-02,-8.482329547405242920e-03,-5.027160048484802246e-03,1.677217148244380951e-02,2.676874399185180664e-02,-1.827037427574396133e-03,-2.486952394247055054e-02,-1.596371829509735107e-02,1.684916578233242035e-02,-3.493667580187320709e-03,-2.252116240561008453e-02,2.288047596812248230e-02,-1.468046195805072784e-02,8.264176547527313232e-03,-2.239283733069896698e-02,1.837624236941337585e-02,-2.684574015438556671e-02,1.003507059067487717e-02,-6.432326510548591614e-03,1.454090815968811512e-03,2.430489100515842438e-02,8.846453856676816940e-04,5.877317860722541809e-03,-1.224227342754602432e-02,-1.823508366942405701e-02,-1.364102400839328766e-02,-1.915903016924858093e-02,-6.662671267986297607e-02,7.025832775980234146e-03,1.859439536929130554e-02,6.839760579168796539e-03,-2.912993729114532471e-02,-2.616561390459537506e-02,3.759943414479494095e-03,-7.032249122858047485e-03,8.674818091094493866e-03,-1.955683901906013489e-02,1.578406314365565777e-03,-1.614337600767612457e-02,3.064418025314807892e-02,1.873555406928062439e-02,-2.682007476687431335e-02,-1.435964740812778473e-02,1.048421114683151245e-02,9.810500778257846832e-03,-2.751303277909755707e-02,-2.577742794528603554e-03,-7.731624413281679153e-03,-2.800067141652107239e-02,5.617458373308181763e-03,8.187180384993553162e-03,-8.790311403572559357e-03,2.268798649311065674e-02,5.091322585940361023e-03,-2.115369279636070132e-04,-4.674264229834079742e-03,-1.568140275776386261e-02,-1.190862618386745453e-02,2.137906476855278015e-02,-5.210024304687976837e-03,1.077294349670410156e-02,-2.664041891694068909e-02,-1.636152900755405426e-02,1.239626388996839523e-02,-1.107450947165489197e-02,-1.447514072060585022e-02,4.462526645511388779e-03,-1.307639013975858688e-02,-1.343570277094841003e-02,-6.846176926046609879e-03,-8.167931810021400452e-03,2.431772276759147644e-02,1.609204523265361786e-02,1.908203400671482086e-02,1.414149347692728043e-02,2.848831005394458771e-03,4.446486011147499084e-03,-1.031097117811441422e-02,3.954998403787612915e-02,-6.400245241820812225e-03,4.039051942527294159e-03,2.646076306700706482e-02,6.557444110512733459e-03,2.069893851876258850e-02,-1.538625359535217285e-02,-6.878258194774389267e-03,-1.516809966415166855e-02,2.705106139183044434e-02,-1.939001493155956268e-02,1.228718739002943039e-02,-3.362133726477622986e-02,-6.570276804268360138e-03,1.940926420502364635e-03,3.218409046530723572e-02,3.043885901570320129e-02,1.100393012166023254e-02,1.595088653266429901e-02,1.003507059067487717e-02,-1.595088653266429901e-02,-1.785331522114574909e-03,-3.238620236515998840e-03,5.518005928024649620e-04,-8.495162241160869598e-03,-4.429803788661956787e-02,3.763151587918400764e-03,5.546879023313522339e-03,-5.463467445224523544e-03,-6.910339929163455963e-03,-1.324321422725915909e-02,-2.723713405430316925e-03,6.316833198070526123e-03,7.436475250869989395e-03,2.205919101834297180e-02,1.102317869663238525e-02,2.717297058552503586e-03,3.240224439650774002e-03,-2.044228650629520416e-02,5.434594117105007172e-03,-8.341171778738498688e-03,-7.308149710297584534e-03,1.179954968392848969e-02,2.344510890543460846e-02,-1.923602446913719177e-02,1.040079910308122635e-02,1.344853546470403671e-02,1.366668846458196640e-02,-8.244927041232585907e-03,-1.182521507143974304e-02,4.360507801175117493e-02,-2.297030296176671982e-03,2.746170386672019958e-03,-2.051928266882896423e-02,6.506113801151514053e-03,9.696611668914556503e-04,-4.986737295985221863e-02,-2.615278027951717377e-02,2.248266525566577911e-02,6.493281107395887375e-03,4.021728038787841797e-02,4.523481475189328194e-04,2.895348938181996346e-03,2.137906476855278015e-02,2.580630220472812653e-02,3.090083226561546326e-02,8.912220597267150879e-03,2.903369255363941193e-03,-1.352553069591522217e-02,-9.759170934557914734e-03,4.093590192496776581e-03,-8.112591458484530449e-04,-2.689707092940807343e-02,3.054152056574821472e-02,1.302506029605865479e-02,-1.493390533141791821e-03,1.379501447081565857e-02,1.606637984514236450e-02,-1.860722899436950684e-03,1.860722899436950684e-02,-8.405334665440022945e-04,1.078738016076385975e-03,-4.098723456263542175e-02,-1.037032227031886578e-03,-1.374368462711572647e-02,5.909399129450321198e-03,-1.921035908162593842e-02,-1.141457259654998779e-02,-1.525792758911848068e-02,-1.968516409397125244e-02,3.301179036498069763e-03,-5.665580276399850845e-03,2.072460390627384186e-02,1.674650609493255615e-02,-7.353063672780990601e-03,-2.021129988133907318e-02,-4.783341195434331894e-03,2.570364065468311310e-02,-1.904353685677051544e-02,-1.503817038610577583e-04,5.939074326306581497e-04,-4.600476939231157303e-03,-1.533492282032966614e-02,2.563306130468845367e-03,1.201770361512899399e-02,3.167078644037246704e-02,1.888954453170299530e-02,-7.551968563348054886e-03,1.844682148657739162e-03,5.190775264054536819e-03,-3.616218641400337219e-02,-1.259516924619674683e-02,8.167931810021400452e-03,-3.567454870790243149e-03,-7.725208066403865814e-03,-2.539245178923010826e-03,1.831849571317434311e-03,-3.010521270334720612e-02,-8.482329547405242920e-03,-3.785608569160103798e-03,-1.641767099499702454e-03,1.085635554045438766e-02,-3.398064896464347839e-02,-1.806826144456863403e-02,2.915560267865657806e-02,9.824617207050323486e-02,6.749932654201984406e-03,-1.124855116358958185e-04,-9.375797817483544350e-04,-2.759002847597002983e-03,2.018563449382781982e-02,-2.039095573127269745e-02,-4.373340308666229248e-02,5.588585045188665390e-03,-2.692273445427417755e-02,-5.322309210896492004e-03,-1.695182733237743378e-02,2.348360605537891388e-02,-2.166138030588626862e-02,1.045854575932025909e-02,1.494994573295116425e-02,-1.638719439506530762e-02,1.049062702804803848e-02,-2.517750486731529236e-02,-2.227734401822090149e-02,-2.539565972983837128e-02,-1.232568547129631042e-02,-2.682007383555173874e-03,2.303446643054485321e-02,8.758230134844779968e-03,-2.290613949298858643e-02,2.853963896632194519e-02,3.172211721539497375e-02,2.132773399353027344e-02,-9.027713909745216370e-03,-4.440069664269685745e-03,3.062172327190637589e-03,1.959533616900444031e-02,2.032679319381713867e-02,7.006584201008081436e-03,2.889895066618919373e-02,-1.483445242047309875e-02,2.923259884119033813e-02,1.806826144456863403e-02,-7.295317016541957855e-03,3.883136063814163208e-02,2.613994851708412170e-02,1.713148318231105804e-02,-1.261441782116889954e-02,-1.571989990770816803e-02,9.310030378401279449e-03,8.328339084982872009e-03,1.097184885293245316e-02,-2.966890484094619751e-02,-3.516124561429023743e-02,2.574213780462741852e-02,-3.382666036486625671e-02,-3.123447857797145844e-02,-1.983915641903877258e-02,-3.182477783411741257e-03,4.542730282992124557e-03,-7.591267931275069714e-04,3.023353964090347290e-02,-2.463853731751441956e-02,-1.145908536273054779e-04,-2.751303277909755707e-02,-2.928392775356769562e-02,-5.386471748352050781e-03,-1.602788269519805908e-02,-1.149156782776117325e-02,-7.353063672780990601e-03,-2.603728696703910828e-02,4.982246086001396179e-03,-2.643509767949581146e-02,1.144665386527776718e-02,-1.434681471437215805e-02,-1.574556529521942139e-02,-3.395498543977737427e-02,3.660490969195961952e-03,4.755751043558120728e-02,1.864572614431381226e-02,1.256308797746896744e-02,8.815976791083812714e-03,1.779877766966819763e-02,3.775984281674027443e-03,1.038796640932559967e-02,-1.371801923960447311e-02,2.077593281865119934e-02,-1.387200970202684402e-02,-1.105526089668273926e-02,1.079219300299882889e-02,6.852593272924423218e-03,-2.018563449382781982e-02,-1.303789298981428146e-02,1.136965863406658173e-02,6.477240473031997681e-03,-1.841473951935768127e-02,2.779535017907619476e-02,-9.804084897041320801e-03,-8.860890753567218781e-03,3.869020380079746246e-03,5.755408201366662979e-03,-3.508425131440162659e-02,-1.578406314365565777e-03,1.054837368428707123e-02,-1.612893887795507908e-03,-5.835611838847398758e-03,8.495162241160869598e-03,9.778419509530067444e-03,2.812899649143218994e-02,3.994137980043888092e-03,-1.824791729450225830e-02,1.011848263442516327e-02,-2.751303277909755707e-02,-2.374025806784629822e-02,2.425356023013591766e-02,-2.712805569171905518e-02,1.779877766966819763e-02,-1.420565694570541382e-02,-3.711821278557181358e-03,4.827613383531570435e-02,-1.330737676471471786e-02,1.425698678940534592e-02,-5.752200260758399963e-03,-6.901517626829445362e-04,-8.937885984778404236e-03,-1.813242398202419281e-02,2.743603847920894623e-02,5.011119414120912552e-03,-4.430445376783609390e-03,2.588971285149455070e-03,-2.146247541531920433e-03,-1.783727481961250305e-02,3.641883656382560730e-02,3.677815198898315430e-02,-2.113524638116359711e-02,1.385917700827121735e-02,-8.918637409806251526e-03,1.380784716457128525e-02,-1.841473975218832493e-03,-3.131147474050521851e-03,-1.792710274457931519e-02,-8.418167009949684143e-03,-3.015654347836971283e-02,-2.139831427484750748e-03,-8.289841003715991974e-03,-2.409956976771354675e-02,-1.521942950785160065e-02,-1.441097818315029144e-02,-4.148128908127546310e-03,-4.396438971161842346e-02,2.454229397699236870e-03,3.955640364438295364e-03,-1.126058120280504227e-02,2.687140554189682007e-02,-1.829924806952476501e-02,7.077163085341453552e-03,-1.283898763358592987e-02,4.298911429941654205e-03,4.619725979864597321e-03,-4.106422886252403259e-03,-2.748736925423145294e-02,-8.713316172361373901e-03,1.334587484598159790e-02,1.711865141987800598e-02,3.867737203836441040e-02,1.471896003931760788e-02,1.514243427664041519e-02,1.672084070742130280e-02,9.239451959729194641e-03,8.354004472494125366e-03,1.518093235790729523e-02,-1.432115025818347931e-02,-3.182477876543998718e-02,-1.089485362172126770e-02,1.071519777178764343e-02,2.760607050731778145e-03,1.207545027136802673e-02,8.572157472372055054e-03,-4.677472170442342758e-03,9.258700534701347351e-03,-2.471553348004817963e-02,1.936435140669345856e-02,-2.754190703853964806e-03,-3.613652288913726807e-02,-8.629904128611087799e-03,-1.187012880109250546e-03,1.312130410224199295e-02,-2.281631156802177429e-02,1.332181389443576336e-03,-1.108092535287141800e-02,4.065358638763427734e-02,1.565573737025260925e-02,8.413354516960680485e-04,-1.247165608219802380e-03,2.570364065468311310e-02,-6.300792563706636429e-03,3.978097066283226013e-02,4.411196336150169373e-03,-4.497816320508718491e-03,-6.929588504135608673e-03,8.738981559872627258e-03,2.384291775524616241e-02,7.635380141437053680e-03,6.557444110512733459e-03,1.969799771904945374e-02,-1.038155052810907364e-02,-2.735904231667518616e-02,-1.919752731919288635e-02,-2.010864019393920898e-02,2.112241275608539581e-02,-9.778419509530067444e-03,7.911280728876590729e-03,7.609714753925800323e-03,1.876763650216162205e-03,-2.880912274122238159e-03,-2.512617595493793488e-02,-2.009580656886100769e-02,-3.980663791298866272e-02,3.156812489032745361e-02,9.311634930782020092e-04,-1.496277842670679092e-02,3.227391745895147324e-03,-1.591238938271999359e-02,-1.252458989620208740e-02,4.116047173738479614e-03,8.013941347599029541e-03,2.771835401654243469e-02,-9.431940503418445587e-03,7.699543144553899765e-03,5.184358917176723480e-03,1.596371829509735107e-02,-3.580287471413612366e-02,1.115631661377847195e-03,2.739754039794206619e-03,4.112839233130216599e-03,8.982799947261810303e-03,6.757150986231863499e-04,-1.011848263442516327e-02,-1.192787569016218185e-02,-1.023397594690322876e-02,-6.859009619802236557e-03,-3.644450381398200989e-02,-5.569336190819740295e-02,-3.031695028766989708e-03,-1.820941828191280365e-02,1.005432009696960449e-02,1.921677612699568272e-03,-1.487295050173997879e-02,1.637436076998710632e-02,3.464794158935546875e-02,-1.672084070742130280e-02,-1.007356867194175720e-02,-3.280005231499671936e-02,-1.749079488217830658e-02,-8.957134559750556946e-03,-1.333304215222597122e-02,-4.465735051780939102e-03,2.335528098046779633e-02,-8.700483478605747223e-03,-3.562321886420249939e-02,9.720672853291034698e-03,2.869683783501386642e-03,-1.009281724691390991e-02,1.379501447081565857e-02,-1.353836338967084885e-02,1.126058120280504227e-02,3.126335330307483673e-03,-2.010864019393920898e-02,-2.906577428802847862e-03,9.387026540935039520e-03,-3.079817257821559906e-02,-1.646418869495391846e-02,6.987335160374641418e-03,2.068610489368438721e-02,-3.525749081745743752e-03,6.464407779276371002e-03,-1.978782564401626587e-02,2.258532680571079254e-02,4.363074433058500290e-03,5.235689226537942886e-03,4.106422886252403259e-03,-1.088843680918216705e-02,-1.823508366942405701e-02,-9.220202453434467316e-03,2.515183947980403900e-02,1.939001493155956268e-02,1.827037427574396133e-03,-8.835225366055965424e-03,2.538443077355623245e-04,-7.904863916337490082e-03,1.870347303338348866e-03,-3.904309822246432304e-03,2.076310105621814728e-02,-1.534775551408529282e-02,-1.822225190699100494e-02,8.238511160016059875e-03,1.745229773223400116e-02,2.997688762843608856e-02,9.816917590796947479e-03,-2.317883307114243507e-03,5.299852229654788971e-03,3.185044229030609131e-02,-1.715714856982231140e-02,5.957521498203277588e-03,-8.469496853649616241e-03,1.247165608219802380e-03,-1.200487092137336731e-02,1.672084070742130280e-02,1.079860888421535492e-02,4.388739354908466339e-03,4.363074433058500290e-03,-1.589955575764179230e-02,-2.563947811722755432e-02,2.492085471749305725e-02,7.782954722642898560e-03,-1.439654151909053326e-03,1.656685024499893188e-02,-2.761569432914257050e-02,1.804580329917371273e-03,1.114829676225781441e-03,2.480536140501499176e-02,-2.175120869651436806e-03,-2.687140554189682007e-02,1.041363179683685303e-02,-8.976384066045284271e-03,1.767686684615910053e-03,2.279064804315567017e-02,-1.323038153350353241e-02,1.343570277094841003e-02,1.204978488385677338e-02,-1.468046195805072784e-02,3.549489378929138184e-02,-2.860059496015310287e-03,-3.657283028587698936e-03,-8.501579053699970245e-03,-6.150010041892528534e-03,-2.353493683040142059e-02,-2.241850271821022034e-02,-7.500638253986835480e-03,-1.366668846458196640e-02,-3.769567934796214104e-03,5.832403898239135742e-03,7.609714753925800323e-03,-1.840190775692462921e-02,3.765557776205241680e-04,2.137906476855278015e-02,1.249250862747430801e-02,1.840190775692462921e-02,-1.989048533141613007e-02,9.111125953495502472e-03,5.181150976568460464e-03,-2.050644904375076294e-02,-3.664982318878173828e-02,-2.879629097878932953e-02,-9.476854465901851654e-03,2.454870939254760742e-02,4.420821089297533035e-03,6.794846616685390472e-03,1.995464786887168884e-03,-1.801693066954612732e-02,-5.176659300923347473e-02,-2.118657529354095459e-02,4.436861723661422729e-03,7.686710450798273087e-03,2.574213780462741852e-02,3.149113059043884277e-02,1.514243427664041519e-02,1.751646026968955994e-02,2.220034971833229065e-02,8.963551372289657593e-03,-1.002865470945835114e-02,8.195802365662530065e-05,9.618012234568595886e-03,-2.589613012969493866e-02,-2.366326190531253815e-02,1.299297902733087540e-02,-5.819571204483509064e-03,-2.073743566870689392e-02,1.865855976939201355e-02,-6.053765770047903061e-03,1.980065740644931793e-02,9.348528459668159485e-03,7.867970271036028862e-04,-1.417999155819416046e-02,-7.494221907109022141e-03,2.368892729282379150e-02,3.946015611290931702e-03,5.774657242000102997e-03,-5.081698298454284668e-03,-8.649153634905815125e-03,4.706345498561859131e-03,-3.172211721539497375e-02,4.321368411183357239e-03,-1.793993450701236725e-02,2.319487277418375015e-03,6.031308788806200027e-03,-1.532209012657403946e-02,3.228193672839552164e-04,6.615190766751766205e-03,5.437802057713270187e-03,-2.242491813376545906e-03,1.593644963577389717e-03,2.807766757905483246e-02,-1.598457223735749722e-03,-4.549146629869937897e-03,1.580972783267498016e-02,-1.787577196955680847e-02,-1.722131110727787018e-02,-4.937532503390684724e-05,2.513900771737098694e-02,1.074086222797632217e-02,6.085847038775682449e-03,2.646717941388487816e-03,-1.085635554045438766e-02,1.401316840201616287e-02,3.503292100504040718e-03,-6.220588926225900650e-03,-8.649153634905815125e-03,1.183163095265626907e-02,-9.855414740741252899e-03,1.314055360853672028e-02,-1.484728511422872543e-02,2.938658930361270905e-02,4.968771710991859436e-02,-4.006970673799514771e-03,1.802976359613239765e-03,-5.707286298274993896e-03,-5.822779610753059387e-03,-1.977499201893806458e-02,-4.869960714131593704e-03,8.277008309960365295e-03,-9.091877378523349762e-03,5.803530570119619370e-03,2.012147195637226105e-02,-1.305072568356990814e-02,-1.376934908330440521e-02,-1.475745718926191330e-02,-1.452647149562835693e-02,-1.289031840860843658e-02,3.195310384035110474e-02,2.077849954366683960e-01,-1.706732064485549927e-02,-6.942421197891235352e-03,2.053211443126201630e-02,9.688591584563255310e-03,7.166991475969552994e-03,2.723071724176406860e-02,1.530925836414098740e-02,-6.194924004375934601e-03,6.355331279337406158e-03,-2.954057976603507996e-02,-9.303614497184753418e-03,-2.058344520628452301e-02,-5.221252795308828354e-04,1.178030110895633698e-02,-5.338349938392639160e-02,-2.022413350641727448e-02,-9.079044684767723083e-03,-9.816917590796947479e-03,-2.997688762843608856e-02,1.921035908162593842e-02,-1.294164825230836868e-02,-8.559325709939002991e-03,-4.442636296153068542e-02,-1.419603242538869381e-03,2.956303767859935760e-03,1.916865352541208267e-03,-1.578406244516372681e-02,9.630844928324222565e-03,1.079219300299882889e-02,-3.218409046530723572e-02,-7.064330857247114182e-03,-1.416715886443853378e-02,1.049062702804803848e-03,-1.976216025650501251e-02,-1.059970445930957794e-02,3.729145228862762451e-02,-1.090126950293779373e-02,3.997345920652151108e-03,-1.701919827610254288e-03,8.225678466260433197e-03,-4.013386555016040802e-03,1.034626038745045662e-03,3.121522953733801842e-03,9.585930965840816498e-03,1.066386699676513672e-02,-1.032219966873526573e-03,-1.810675859451293945e-02,-7.960204384289681911e-04,-7.827868685126304626e-03,-1.788860559463500977e-02,-3.002821840345859528e-02,2.544698864221572876e-02,5.120195914059877396e-03,1.512960158288478851e-02,-4.302921588532626629e-04,1.402600109577178955e-02,1.444947533309459686e-02,-4.209083504974842072e-03,1.115150470286607742e-02,8.629904128611087799e-03,6.348914932459592819e-03,-8.174347691237926483e-03,-1.307318219915032387e-03,-1.632303185760974884e-02,5.248521640896797180e-02,-4.196250811219215393e-02,-1.868422515690326691e-02,2.152022346854209900e-02,-1.713148318231105804e-02,-2.823165850713849068e-03,-2.462570555508136749e-02,1.367952115833759308e-02,8.713316172361373901e-03,4.116047173738479614e-03,4.796173423528671265e-03,5.787489935755729675e-03,-2.083287836285308003e-04,1.944134570658206940e-02,1.584822684526443481e-02,7.526303175836801529e-03,-7.436475250869989395e-03,-8.944302797317504883e-03,-9.412690997123718262e-03,1.921035908162593842e-02,-1.259516924619674683e-02,-1.584822544828057289e-03,1.571989990770816803e-02,-3.151679411530494690e-02,2.304729819297790527e-02,1.419282425194978714e-02,-1.435964740812778473e-02,2.070856280624866486e-03,-2.687140554189682007e-02,-1.253742258995771408e-02,8.520827628672122955e-03,-2.736946917138993740e-04,8.321922272443771362e-03,-2.707672677934169769e-02,2.102837424899917096e-05,-6.278335582464933395e-03,-1.885104738175868988e-02,-5.726534873247146606e-03,1.027888990938663483e-02,-1.420565694570541382e-02,9.059795178472995758e-03,4.029427468776702881e-02,2.728204801678657532e-02,1.113867200911045074e-02,-2.057061158120632172e-02,1.273632701486349106e-02,8.129433728754520416e-03,-9.760774555616080761e-04,-3.432712983340024948e-03,4.039051942527294159e-03,3.869020380079746246e-03,-7.064330857247114182e-03,-2.340660989284515381e-02,2.340660989284515381e-02,-9.855414740741252899e-03,-1.724697649478912354e-02,-1.373085193336009979e-02,-8.950718678534030914e-03,1.176105160266160965e-02,7.449307944625616074e-03,5.380055867135524750e-03,-2.062194235622882843e-02,8.687650784850120544e-03,-4.250789526849985123e-03,-2.676874399185180664e-02,1.286465302109718323e-02,-5.498757120221853256e-03,6.252670660614967346e-03,-9.648489649407565594e-04,1.908203400671482086e-02,2.504917979240417480e-02,9.881079895421862602e-04,-2.715372107923030853e-02,-3.313370048999786377e-02,-2.035566605627536774e-03,1.859118812717497349e-03,1.628132537007331848e-03,2.726921520661562681e-04,3.248244756832718849e-04,-2.805200219154357910e-02,-2.261099033057689667e-02,1.450080610811710358e-02,-1.266574859619140625e-02,3.580287564545869827e-03,-1.829924806952476501e-02,-2.592179551720619202e-02,5.986394826322793961e-03,-6.961670238524675369e-03,-7.904863916337490082e-03,3.408331051468849182e-02,2.268156968057155609e-03,-1.777311228215694427e-02,-3.028486855328083038e-02,1.646418869495391846e-02,1.801693066954612732e-02,-6.221230700612068176e-02,1.505260635167360306e-02,2.830865234136581421e-02,-1.749079488217830658e-02,-1.394900493323802948e-02,1.145948655903339386e-02,-1.604584753513336182e-01,3.815685049630701542e-04,1.713148318231105804e-02,-8.443832397460937500e-03,2.436905354261398315e-02,-1.817092113196849823e-02,3.195310384035110474e-02,-2.632281277328729630e-03,-6.438742857426404953e-03,-1.358648529276251793e-03,1.147231925278902054e-02,-1.070878095924854279e-02,-2.313712611794471741e-02,1.420565694570541382e-02,1.325604692101478577e-02,-3.132751444354653358e-03,-2.972023561596870422e-02,5.184358917176723480e-03,9.297197684645652771e-03,2.307296358048915863e-02,1.507827173918485641e-02,9.387026540935039520e-03,2.757398877292871475e-03,-2.800067141652107239e-02,1.687483116984367371e-02,1.602788269519805908e-02,3.212153096683323383e-04,3.072117641568183899e-02,-2.805521013215184212e-03,-2.447171323001384735e-02,-1.088843680918216705e-02,1.433398295193910599e-02,4.671056196093559265e-02,-1.926168985664844513e-02,1.817092113196849823e-02,-1.101034600287675858e-02,-1.609204523265361786e-02,-4.559573135338723660e-04,4.732010886073112488e-03,-3.342884825542569160e-03,2.823165804147720337e-02,1.928735524415969849e-02,-5.367223173379898071e-03,-2.812899649143218994e-02,-1.041042385622859001e-03,2.497218362987041473e-02,3.212955081835389137e-03,-3.490459406748414040e-03,1.919752731919288635e-02,-1.442381087690591812e-02,1.342287007719278336e-02,-3.228675201535224915e-02,1.047458616085350513e-03,2.486310666427016258e-03,-7.755685364827513695e-04,6.528570782393217087e-03,-1.412866171449422836e-02,-5.479508079588413239e-03,-2.276498265564441681e-02,-7.819848251529037952e-04,-2.475403062999248505e-02,1.508629182353615761e-03,1.541191898286342621e-02,-3.695780644193291664e-03,1.066386699676513672e-02,5.399304442107677460e-03,-6.647272035479545593e-03,-2.409956976771354675e-02,-1.464196387678384781e-02,1.528359297662973404e-02,-2.078876644372940063e-02,-3.364700451493263245e-02,1.497561112046241760e-02,-1.583539322018623352e-02,1.347419992089271545e-02,-1.323038153350353241e-02,-3.082383796572685242e-02,1.380784716457128525e-02,-2.228055149316787720e-03,-2.429205738008022308e-02,-2.226451225578784943e-02,4.989304021000862122e-02,-1.962100155651569366e-02,-9.287573629990220070e-04,1.086277235299348831e-02,-1.841473951935768127e-02,6.188507657498121262e-03,-1.199845410883426666e-02,-5.870901513844728470e-03,8.507994934916496277e-03,5.476300138980150223e-03,-1.993860816583037376e-03,3.596328198909759521e-03,-1.089485362172126770e-02,2.137906476855278015e-02,2.462570555508136749e-02,1.788860559463500977e-02,9.265116415917873383e-03,-3.164832945913076401e-03,-1.145948655903339386e-02,-1.463715219870209694e-03,-8.726148866117000580e-03,-2.461287193000316620e-02,2.787234634160995483e-02,6.891090888530015945e-03,-2.366005355725064874e-04,2.761569432914257050e-02,2.612711675465106964e-02,1.919752731919288635e-02,-3.657283028587698936e-03,-6.775598041713237762e-03,-1.507827173918485641e-02,1.253742258995771408e-02,3.108048811554908752e-02,5.726534873247146606e-03,2.466420270502567291e-02,-1.072161365300416946e-02,3.301179036498069763e-03,1.879971660673618317e-02,2.134056575596332550e-02,5.163826793432235718e-02,2.702539600431919098e-02,-4.443278012331575155e-04,-2.095558866858482361e-02,-2.452304400503635406e-02,-1.695182733237743378e-02,-1.160064488649368286e-01,-4.522198066115379333e-02,2.454229397699236870e-03,1.910769939422607422e-02,1.965950056910514832e-02,1.999314688146114349e-02,1.349986530840396881e-02,-1.931302016600966454e-03,-8.546493016183376312e-03,3.213275969028472900e-02,-1.088202092796564102e-02,-1.137607451528310776e-02,-1.434681471437215805e-02,2.239283639937639236e-03,9.431940503418445587e-03,-1.923602446913719177e-02,-6.871842313557863235e-03,-2.110958099365234375e-02,-3.534090146422386169e-02,2.997688762843608856e-02,-1.862006075680255890e-02,8.187180384993553162e-03,1.777311204932630062e-03,-2.684574015438556671e-02,2.454870939254760742e-02,2.314675133675336838e-03,-2.157476032152771950e-03,2.608861774206161499e-02,1.761911995708942413e-02,1.671442412771284580e-03,-1.963383518159389496e-03,1.701598986983299255e-02,-8.610655553638935089e-03,9.327675215899944305e-04,-1.942851394414901733e-02,-8.589802891947329044e-04,-4.350241646170616150e-02,-2.234150655567646027e-02,1.379501447081565857e-02,-4.847303353017196059e-05,1.277482509613037109e-02,-5.938272457569837570e-03,-8.848058059811592102e-03,-2.114166272804141045e-03,1.881255023181438446e-02,1.246684323996305466e-02,5.614249967038631439e-04,1.659251563251018524e-02,1.294806506484746933e-02,-1.149798464030027390e-02,-2.133415080606937408e-03,2.855247119441628456e-03,-1.217811089009046555e-02,-1.791426911950111389e-02,5.861277226358652115e-03,-2.168704569339752197e-02,-5.075281951576471329e-03,1.409978838637471199e-03,-2.669174969196319580e-02,2.172554470598697662e-02,-9.592346847057342529e-03,-1.945417933166027069e-02,-1.112423604354262352e-03,6.278335582464933395e-03,4.857128486037254333e-03,-4.318160470575094223e-03,-1.129266340285539627e-02,-1.370518654584884644e-02,2.032679319381713867e-02,-2.370175905525684357e-02,1.011206675320863724e-02,1.120925135910511017e-02,-5.894962814636528492e-04,3.965264558792114258e-02,-1.403883378952741623e-02,7.019416894763708115e-03,-1.512639340944588184e-03,-1.007998455315828323e-02,2.036529034376144409e-02,-1.645135693252086639e-02,-3.056718595325946808e-02,-1.692616194486618042e-02,1.864572614431381226e-02,-1.025964133441448212e-02,1.373085193336009979e-02,-4.282870795577764511e-04,-6.541603943333029747e-05,-1.764478534460067749e-02,4.160961136221885681e-03,-2.039095573127269745e-02,-1.307318219915032387e-03,-9.444772265851497650e-03,2.825732342898845673e-02,-1.194070745259523392e-02,4.792163381353020668e-04,1.066386699676513672e-02,-1.026605721563100815e-02,-2.276498265564441681e-02,-6.980918813496828079e-03,1.121566724032163620e-02,-1.442381087690591812e-02,-5.761824548244476318e-03,-5.073998868465423584e-02,3.072117641568183899e-02,-1.564290560781955719e-02,-1.493711303919553757e-02,1.025964133441448212e-02,-2.812899649143218994e-02,4.205875564366579056e-03,-6.576693151146173477e-03,-1.746512949466705322e-02,-4.661431536078453064e-03,-3.775984281674027443e-03,6.891090888530015945e-03,1.417999155819416046e-02,-2.656342228874564171e-03,-1.818375475704669952e-02,1.462913211435079575e-02,-2.092992514371871948e-02,1.442381087690591812e-02,6.207756698131561279e-03,2.359909936785697937e-02,1.396183762699365616e-02,-3.705405164510011673e-03,-7.263235747814178467e-03,2.331678196787834167e-02,-2.284197695553302765e-02,-6.143593927845358849e-04,-3.766359761357307434e-03,1.700315740890800953e-03,2.114166272804141045e-03,-1.115150470286607742e-02,1.663101278245449066e-02,-6.345706526190042496e-03,1.892804354429244995e-02,1.752929203212261200e-02,4.510649014264345169e-03,-2.877062559127807617e-02,1.254383823834359646e-03,4.411196336150169373e-03,2.792367525398731232e-02,6.062106788158416748e-02,-9.425523690879344940e-03,-3.518691286444664001e-02,2.166138030588626862e-02,-1.089485362172126770e-02,-1.199203822761774063e-02,5.755408201366662979e-03,-7.417226210236549377e-03,1.496277842670679092e-02,2.255966141819953918e-02,8.398918434977531433e-03,1.332020945847034454e-02,2.068610489368438721e-02,-1.998031325638294220e-02,-1.545041613280773163e-02,-2.057061158120632172e-02,-3.131147474050521851e-02,3.539223223924636841e-02,-6.339290179312229156e-03,2.415090054273605347e-02,-4.288645461201667786e-02,3.770209476351737976e-02,1.953758997842669487e-03,2.613032469525933266e-03,-6.268711294978857040e-03,9.951659478247165680e-03,2.366326190531253815e-02,-1.393617317080497742e-02,1.691333018243312836e-02,3.288346575573086739e-03,-1.058687176555395126e-02,8.926657610572874546e-04,6.111512426286935806e-03,7.969027385115623474e-03,8.495162241160869598e-03,6.560652051120996475e-03,-3.631617873907089233e-02,-1.272830646485090256e-03,-4.029427655041217804e-03,-5.688037257641553879e-03,-7.134909741580486298e-03,3.779593389481306076e-04,-9.776816004887223244e-04,-1.020189467817544937e-02,2.452304400503635406e-02,-2.380442107096314430e-03,1.240268070250749588e-02,-1.615620777010917664e-02,-1.831849571317434311e-03,1.546324882656335831e-02,3.115106839686632156e-03,-5.373639520257711411e-03,2.161005139350891113e-02,3.031053394079208374e-02,-8.174347691237926483e-03,-5.402512848377227783e-03,3.747110953554511070e-03,-1.458100974559783936e-03,-3.200122620910406113e-03,1.422811415977776051e-03,2.841131389141082764e-02,-1.365385577082633972e-02,-2.128602704033255577e-03,1.464196387678384781e-02,-7.686710450798273087e-03,-1.769611611962318420e-02,2.484706696122884750e-03,-3.403197973966598511e-02,-2.181537263095378876e-02,-2.273931726813316345e-02,3.020787425339221954e-02,1.839870004914700985e-03,8.674818091094493866e-03,4.388739354908466339e-03,7.141326088458299637e-03,-1.808590604923665524e-04,1.965950056910514832e-02,2.974590100347995758e-02,-6.660104729235172272e-03,-1.790143735706806183e-02,4.114122316241264343e-02,2.987422607839107513e-02,3.108048811554908752e-02,2.492085471749305725e-02,-7.089995779097080231e-03,2.477969601750373840e-02,-1.256950385868549347e-02,-2.280347980558872223e-02,-2.589613012969493866e-02,1.977499201893806458e-02,-1.932906103320419788e-03,1.589955575764179230e-02,-5.424969829618930817e-03,-1.416715886443853378e-02,3.018862567842006683e-03,-1.115150470286607742e-02,2.805200219154357910e-02,-2.892140764743089676e-03,2.956624515354633331e-02,-2.902727760374546051e-02,3.801007568836212158e-02,8.334754966199398041e-03,-1.167122367769479752e-02,1.342287007719278336e-02,1.541191898286342621e-02,2.771835401654243469e-02,1.401316840201616287e-02,-1.407733093947172165e-02,-9.438356384634971619e-03,-1.950550824403762817e-02,1.144023798406124115e-02,-6.807679310441017151e-03,3.054152056574821472e-02,-4.144920501857995987e-03,-4.201383888721466064e-02,8.718128083273768425e-04,-1.992256846278905869e-03,5.514797754585742950e-03,-2.920693345367908478e-02,2.673987066373229027e-03,2.989989146590232849e-02,-3.766359761357307434e-03,2.013430558145046234e-02,-1.405166555196046829e-02,-1.065745111554861069e-02,-1.796559989452362061e-02,3.359567373991012573e-02,2.664362778887152672e-03,-1.433398295193910599e-02,-4.825047031044960022e-02,1.525471918284893036e-03,3.120881505310535431e-02,-7.173407357186079025e-03,-1.446230802685022354e-02,5.569336004555225372e-03,-1.747796311974525452e-02,-6.756349001079797745e-03,-5.742575973272323608e-03,-2.261740854009985924e-03,-1.029172260314226151e-02,-1.994181610643863678e-02,1.351269800215959549e-02,-2.977156639099121094e-02,-1.283898763358592987e-02,4.642824456095695496e-02,9.765586815774440765e-03,-1.862006075680255890e-02,-8.200815500458702445e-05,-2.864230051636695862e-02
-2.628581412136554718e-02,-2.862175926566123962e-02,8.124472573399543762e-03,-4.100740887224674225e-03,1.605642214417457581e-02,2.980256825685501099e-02,-5.909173935651779175e-02,-1.456757728010416031e-02,-1.072995085269212723e-02,-7.964036427438259125e-03,3.799121361225843430e-03,1.895710267126560211e-02,-8.278490975499153137e-03,-8.278490975499153137e-03,6.545783486217260361e-03,1.000478118658065796e-02,3.475682809948921204e-02,2.005448332056403160e-03,9.099923074245452881e-03,-1.609492674469947815e-02,2.030476368963718414e-02,1.479860488325357437e-02,2.407821640372276306e-02,-1.491411868482828140e-02,-7.919115014374256134e-03,1.907582511194050312e-03,8.400422520935535431e-03,-4.397226497530937195e-02,2.705590613186359406e-02,-1.128185074776411057e-02,8.671559044159948826e-04,-1.104440540075302124e-02,-1.772816409356892109e-03,-4.494771361351013184e-02,-3.254922851920127869e-02,-1.769928634166717529e-02,1.825760235078632832e-03,-6.937247235327959061e-03,7.643165066838264465e-03,-5.153200123459100723e-03,2.409746870398521423e-03,1.071069855242967606e-02,1.025506108999252319e-02,5.570333451032638550e-03,-2.641416154801845551e-02,-1.039624493569135666e-02,-9.645404294133186340e-03,-1.991971768438816071e-02,-6.712636910378932953e-03,1.451623812317848206e-02,3.637402132153511047e-02,-4.931798670440912247e-03,7.315875962376594543e-03,-1.513231173157691956e-02,-1.035774033516645432e-02,-2.635961398482322693e-03,-1.934214867651462555e-02,7.322293240576982498e-03,1.809716597199440002e-02,-8.791885338723659515e-03,2.143423259258270264e-02,3.883831575512886047e-02,-2.049728669226169586e-02,9.337367489933967590e-03,-9.472133591771125793e-03,-1.096739619970321655e-02,-3.211284428834915161e-02,-1.039624447003006935e-03,-1.341243926435709000e-02,-2.098501287400722504e-02,3.470548614859580994e-02,3.308829292654991150e-02,8.631450124084949493e-03,-7.431389763951301575e-03,2.006090059876441956e-02,-2.403971180319786072e-02,-7.630330044776201248e-03,-3.513545496389269829e-03,-7.232449017465114594e-03,-5.955379456281661987e-03,-9.196184575557708740e-03,-1.234072726219892502e-02,-1.134602446109056473e-02,1.640296354889869690e-02,2.288457192480564117e-02,1.066577713936567307e-02,3.757408121600747108e-03,1.370764058083295822e-02,-1.183214553748257458e-04,-3.625850658863782883e-03,-4.065445158630609512e-03,4.495413042604923248e-03,-1.355362217873334885e-02,2.482263743877410889e-02,-2.053579129278659821e-02,-9.793005883693695068e-03,-2.210164628922939301e-02,2.080532349646091461e-02,-7.784348446875810623e-03,-2.759497053921222687e-02,-3.619433380663394928e-03,-8.047463372349739075e-03,-1.365630142390727997e-02,-6.468774285167455673e-03,-1.929080858826637268e-02,-1.687785424292087555e-02,1.492053619585931301e-03,7.091265637427568436e-03,5.673012230545282364e-03,-2.215298451483249664e-02,2.640774473547935486e-03,2.332095801830291748e-02,1.698053255677223206e-02,-2.628581412136554718e-02,3.609165549278259277e-02,-2.011224068701267242e-02,4.896502941846847534e-03,-1.493978872895240784e-02,-7.296623662114143372e-03,-9.247523732483386993e-03,1.409268658608198166e-02,1.240490190684795380e-02,1.495262328535318375e-02,-7.136187516152858734e-03,1.241131871938705444e-02,1.108291000127792358e-02,-1.940632238984107971e-02,-1.682651415467262268e-02,-1.133960764855146408e-02,-1.628744974732398987e-02,4.679593443870544434e-02,2.341080270707607269e-02,3.131708130240440369e-02,-3.519321233034133911e-02,-5.370590952225029469e-04,2.364183031022548676e-02,-1.414402667433023453e-02,-2.483547199517488480e-03,-6.048432551324367523e-03,-2.088233269751071930e-02,8.567275479435920715e-03,2.411351073533296585e-03,1.173107139766216278e-02,-5.490115378051996231e-03,9.125592187047004700e-03,8.124472573399543762e-03,3.270324692130088806e-02,9.414376690983772278e-03,-1.573274203110486269e-04,-2.599061094224452972e-02,5.060147494077682495e-03,5.255879368633031845e-03,3.290860727429389954e-02,-1.531199924647808075e-02,-6.301118992269039154e-04,6.292294710874557495e-03,9.671074338257312775e-03,1.916246116161346436e-02,1.297124079428613186e-03,-1.595374383032321930e-02,-3.552050096914172173e-03,1.301535958191379905e-04,8.021793328225612640e-03,-2.000956237316131592e-02,-8.278490975499153137e-03,4.253475740551948547e-02,2.187061868607997894e-02,-4.450491163879632950e-03,-1.483710948377847672e-02,5.778900347650051117e-03,3.005926497280597687e-02,2.407821640372276306e-02,-2.428357303142547607e-02,1.171181909739971161e-02,-6.295503582805395126e-03,1.246265880763530731e-02,-1.158346980810165405e-02,8.528770878911018372e-03,-2.344930730760097504e-02,-1.888330210931599140e-03,-1.527349464595317841e-02,1.628744974732398987e-02,2.756929956376552582e-02,1.370764058083295822e-02,-1.735916128382086754e-03,-2.330812439322471619e-02,2.504083141684532166e-02,-5.429150070995092392e-03,1.986837759613990784e-02,-8.323413319885730743e-03,1.930364407598972321e-02,2.211447991430759430e-02,-1.447131624445319176e-03,7.283788640052080154e-03,-6.501631736755371094e-01,2.746662124991416931e-02,-1.623610965907573700e-02,-5.024851299822330475e-03,-5.753230303525924683e-03,1.298888865858316422e-02,7.007838692516088486e-03,2.093688119202852249e-03,-1.695486344397068024e-02,4.737871859106235206e-05,-3.799121361225843430e-03,2.944319136440753937e-02,-1.062085479497909546e-02,-2.690188772976398468e-02,-2.910306677222251892e-03,-2.773936139419674873e-03,-5.015225149691104889e-03,-1.313007157295942307e-02,-9.215436875820159912e-03,-7.707339245826005936e-03,-2.298725210130214691e-02,1.230864040553569794e-02,3.898591734468936920e-03,-3.529589250683784485e-02,-1.040907949209213257e-02,1.777629554271697998e-02,1.350228302180767059e-02,-9.523473680019378662e-03,-1.722439564764499664e-02,-1.505089021520689130e-04,-1.413119118660688400e-02,1.382315438240766525e-02,-1.562003605067729950e-02,1.940632238984107971e-02,4.831045120954513550e-02,-1.248191110789775848e-03,3.041864139959216118e-03,2.908381447196006775e-02,2.081815898418426514e-02,2.368033491075038910e-02,-2.631148323416709900e-02,-2.336347388336434960e-04,-3.597774484660476446e-04,-5.108278244733810425e-03,-1.602754346095025539e-03,9.523473680019378662e-03,2.923783287405967712e-02,-2.077965438365936279e-02,3.475040895864367485e-03,5.477280821651220322e-03,-5.811789305880665779e-04,-4.774571396410465240e-03,-1.659548655152320862e-02,3.167646005749702454e-02,9.491385892033576965e-03,2.156258188188076019e-02,-1.726289978250861168e-03,-1.413439982570707798e-03,-2.178719034418463707e-03,1.814850606024265289e-02,-5.044103600084781647e-03,3.011060506105422974e-02,-6.988586392253637314e-03,-1.324558537453413010e-02,5.448402371257543564e-03,1.782763376832008362e-02,-1.059518475085496902e-02,1.365630142390727997e-02,-4.347811918705701828e-03,5.278340075165033340e-03,6.975751835852861404e-03,2.368033491075038910e-02,-2.446646976750344038e-04,8.374752360396087170e-04,1.253325026482343674e-02,1.995822228491306305e-02,1.083263009786605835e-02,-3.252356126904487610e-02,7.810018025338649750e-03,1.214499585330486298e-03,1.468309108167886734e-02,1.097381394356489182e-02,-3.095770627260208130e-02,2.633715234696865082e-02,1.787897385656833649e-02,2.358407247811555862e-03,-1.895710267126560211e-02,-2.196046151220798492e-02,1.618477143347263336e-02,-1.136688166297972202e-03,-2.418089471757411957e-02,1.074920315295457840e-02,1.505530253052711487e-02,-2.003523148596286774e-02,1.350228302180767059e-02,8.952321484684944153e-03,-4.761736840009689331e-03,1.077487319707870483e-02,1.814850606024265289e-02,-9.767335839569568634e-03,-4.620552994310855865e-03,-2.490766928531229496e-04,4.612852260470390320e-02,-1.843087375164031982e-02,1.345094386488199234e-02,-2.563765272498130798e-03,-1.655698195099830627e-02,-1.087755244225263596e-02,2.180644311010837555e-02,-1.974003016948699951e-02,-3.085502609610557556e-02,1.075562089681625366e-02,-9.202601388096809387e-03,-3.168608527630567551e-03,1.949616707861423492e-02,-2.772331796586513519e-02,1.062085479497909546e-02,3.356318455189466476e-03,1.033207029104232788e-02,-1.241773646324872971e-02,2.677353844046592712e-02,1.493978872895240784e-02,6.237746682018041611e-03,-1.696769706904888153e-02,1.264234632253646851e-02,1.478577032685279846e-02,-9.337367489933967590e-03,-1.644146814942359924e-02,-5.669803824275732040e-03,8.336247876286506653e-03,-8.702041581273078918e-03,-7.664823788218200207e-04,2.540020644664764404e-02,-1.144709996879100800e-03,2.289740741252899170e-02,-6.131859030574560165e-03,2.188345231115818024e-02,-1.633878983557224274e-02,-6.731889210641384125e-03,-2.020208537578582764e-02,1.259742490947246552e-02,4.639805294573307037e-03,-3.375570755451917648e-03,1.433654967695474625e-02,3.032237873412668705e-04,-3.942871838808059692e-02,-1.345094386488199234e-02,-9.215436875820159912e-03,-3.965974599123001099e-02,4.941424820572137833e-03,3.872921923175454140e-03,2.554139122366905212e-03,-1.596657745540142059e-02,-6.648462731391191483e-03,-5.602420773357152939e-03,1.185941975563764572e-02,-1.116633694618940353e-02,-5.881579127162694931e-03,-3.219947917386889458e-03,-2.251236140727996826e-02,1.372047606855630875e-02,-3.009777050465345383e-03,6.731889210641384125e-03,-1.948333159089088440e-02,1.374614518135786057e-02,-1.818701066076755524e-02,-2.011224068701267242e-02,1.053101103752851486e-02,6.038806401193141937e-03,-2.708157524466514587e-02,1.563447527587413788e-03,6.629210431128740311e-03,-6.070893257856369019e-03,2.836506254971027374e-02,1.763511076569557190e-02,1.311563304625451565e-03,1.336109917610883713e-02,3.629059530794620514e-03,-1.686501875519752502e-02,1.854638755321502686e-02,9.754501283168792725e-03,-1.492695324122905731e-02,-2.438625320792198181e-02,-9.690326638519763947e-03,-8.751776767894625664e-04,1.557230716571211815e-04,-2.473921049386262894e-03,-3.526380518451333046e-03,-1.406701747328042984e-02,-1.591523922979831696e-02,6.293096812441945076e-04,2.796397311612963676e-03,7.790765725076198578e-03,-1.333543006330728531e-02,1.162197440862655640e-02,2.656817995011806488e-02,1.558153145015239716e-02,3.696442581713199615e-03,1.692919246852397919e-02,4.035282880067825317e-02,2.269204892218112946e-02,-2.676070434972643852e-03,4.099457338452339172e-02,-4.302890039980411530e-03,3.503919346258044243e-03,-2.428999170660972595e-03,-9.632569737732410431e-03,-3.792704083025455475e-03,2.433491311967372894e-02,-1.149362605065107346e-02,5.076190922409296036e-03,-3.811956197023391724e-02,-1.191075891256332397e-02,-5.608838051557540894e-03,5.791734904050827026e-03,3.778585791587829590e-02,2.900680527091026306e-02,-6.045223679393529892e-03,6.186407059431076050e-03,-2.669652923941612244e-02,9.093505330383777618e-03,-2.711366163566708565e-03,-3.324231365695595741e-03,1.200702041387557983e-02,-1.773779094219207764e-02,-2.011464675888419151e-04,1.655698195099830627e-02,-3.645102959126234055e-03,-1.487561408430337906e-02,3.635476808995008469e-03,-1.707037724554538727e-02,3.840834833681583405e-03,1.468309108167886734e-02,8.451761677861213684e-03,2.728693373501300812e-02,3.098016604781150818e-03,-8.252820931375026703e-03,-1.268085092306137085e-02,2.433491311967372894e-02,-1.577405445277690887e-02,-1.519648544490337372e-02,1.630830694921314716e-03,1.612059585750102997e-02,-6.083728279918432236e-03,4.789010854437947273e-04,3.545632818713784218e-03,1.900844275951385498e-02,-2.505366504192352295e-02,-2.460444532334804535e-02,2.335946261882781982e-02,-6.302121619228273630e-05,1.893143355846405029e-02,-2.969988808035850525e-02,-4.079834070580545813e-06,-1.993255317211151123e-02,-4.892652481794357300e-02,-1.668533077463507652e-03,1.332259457558393478e-02,1.396433822810649872e-02,7.745843846350908279e-03,1.751959696412086487e-02,-4.059027414768934250e-03,3.403807431459426880e-02,2.273055352270603180e-02,2.003523148596286774e-02,-1.944482792168855667e-03,-1.482427469454705715e-03,-1.263432437554001808e-03,-1.994538679718971252e-02,6.911577191203832626e-03,-1.027431339025497437e-02,-1.922663487493991852e-02,2.498949132859706879e-02,-2.208881080150604248e-02,4.219463560730218887e-03,4.925381508655846119e-04,2.017641440033912659e-02,-2.059996593743562698e-03,1.409268658608198166e-02,1.406701747328042984e-02,-9.228271432220935822e-03,-3.686174750328063965e-02,-1.918813027441501617e-02,-1.242415420711040497e-02,8.029815508052706718e-04,-1.993255317211151123e-02,-3.437178209424018860e-02,-6.969334091991186142e-03,-1.468309108167886734e-02,2.601628191769123077e-02,1.519648544490337372e-02,2.149840630590915680e-02,1.393866818398237228e-02,-4.917359328828752041e-04,-1.974003016948699951e-02,1.091605704277753830e-02,2.552855573594570160e-02,-2.208881080150604248e-02,-5.402677925303578377e-04,-6.674132309854030609e-03,-1.112141460180282593e-02,-2.151124179363250732e-02,7.919115014374256134e-03,-9.472133591771125793e-03,2.181927859783172607e-02,8.779050782322883606e-03,1.721476903185248375e-03,-7.848522625863552094e-03,-9.987133089452981949e-04,-2.918649464845657349e-02,-4.857998341321945190e-03,-2.019887557253241539e-03,-9.016496129333972931e-03,-1.251399749889969826e-03,2.093688119202852249e-03,-1.907261647284030914e-02,-2.287173829972743988e-02,-1.579972542822360992e-02,2.157862531021237373e-03,2.728693373501300812e-02,2.238401211798191071e-02,-3.121440298855304718e-02,-4.938215948641300201e-03,5.477280821651220322e-03,1.114066690206527710e-01,7.149022538214921951e-03,-9.529890492558479309e-03,2.934372052550315857e-03,-1.181449741125106812e-02,1.128826756030321121e-02,-1.827685534954071045e-02,-2.774898894131183624e-02,1.142303366214036942e-02,-3.085502609610557556e-02,1.976569928228855133e-02,-2.095934189856052399e-02,5.291175097227096558e-03,-1.350228302180767059e-02,9.189766831696033478e-03,5.223792046308517456e-03,-2.700135810300707817e-03,1.048608869314193726e-02,-5.294383969157934189e-03,-1.110216230154037476e-02,-1.802015677094459534e-02,-2.278189361095428467e-02,1.095456164330244064e-02,-1.432692282833158970e-03,2.261503972113132477e-02,5.766065325587987900e-03,2.176793850958347321e-02,4.777780268341302872e-03,1.114066690206527710e-02,-2.092083683237433434e-03,-9.395124390721321106e-03,1.692919246852397919e-02,-4.880459047853946686e-03,1.302739325910806656e-02,1.191717665642499924e-02,2.731260284781455994e-02,4.232298117130994797e-03,3.557825833559036255e-02,3.491084650158882141e-02,-2.356482110917568207e-02,1.486277952790260315e-02,2.185778319835662842e-02,-2.891054376959800720e-03,-2.459160983562469482e-02,-5.673012230545282364e-03,-1.932931318879127502e-02,-1.930364407598972321e-02,3.129141405224800110e-02,-2.252519689500331879e-02,-2.469429001212120056e-02,4.589749500155448914e-02,-1.513231173157691956e-02,-2.451460063457489014e-02,-2.393703162670135498e-02,-3.937096334993839264e-03,1.618477143347263336e-02,-2.568257413804531097e-02,3.465414792299270630e-02,-2.128021419048309326e-02,3.288935404270887375e-03,-1.985554397106170654e-02,-3.604031354188919067e-02,-1.162197440862655640e-02,1.390016358345746994e-02,-3.568093851208686829e-02,3.702057874761521816e-04,-2.126737870275974274e-02,6.109397858381271362e-03,-2.061280049383640289e-02,-2.204388845711946487e-03,-3.635476808995008469e-03,-1.207119505852460861e-02,-1.451623812317848206e-02,5.287966225296258926e-03,3.000792488455772400e-02,-1.642863382585346699e-03,1.524782553315162659e-02,-1.387449447065591812e-02,2.756929956376552582e-02,2.857763902284204960e-04,1.358891837298870087e-03,-2.916724188253283501e-03,-3.622642019763588905e-03,-1.123692840337753296e-02,6.642045336775481701e-04,1.229580491781234741e-02,9.061418473720550537e-03,-2.167809568345546722e-02,-1.522215548902750015e-02,2.574674785137176514e-02,-2.061601029708981514e-03,-7.452246500179171562e-04,1.425954047590494156e-02,1.021655648946762085e-02,6.565035786479711533e-03,-6.382138933986425400e-03,-1.080054324120283127e-02,3.519963007420301437e-03,-6.465565878897905350e-03,-2.188345231115818024e-02,-2.581413136795163155e-03,-6.770393811166286469e-03,9.529890958219766617e-04,-2.811638696584850550e-04,3.770884871482849121e-02,1.544034853577613831e-02,-1.011387724429368973e-02,3.822224214673042297e-02,-1.125618070363998413e-02,-1.963734999299049377e-02,1.904694736003875732e-02,-2.998225577175617218e-02,1.030640024691820145e-02,-7.296623662114143372e-03,-1.477293483912944794e-02,3.552692010998725891e-02,6.731889210641384125e-03,3.414075449109077454e-02,1.345254830084741116e-03,-9.767335839569568634e-03,-1.551735773682594299e-02,-2.284606732428073883e-02,2.590076811611652374e-02,2.130588330328464508e-02,-1.642863266170024872e-02,2.423223480582237244e-02,4.970303270965814590e-03,-2.910948544740676880e-02,1.192359440028667450e-02,1.422264031134545803e-03,-1.423387043178081512e-02,1.307231467217206955e-02,8.907400071620941162e-03,4.466534592211246490e-03,-3.126574307680130005e-02,-1.432371512055397034e-02,-9.414376690983772278e-03,-7.046343293040990829e-03,-1.709604635834693909e-02,-1.635162346065044403e-02,-1.427237503230571747e-02,-1.681367866694927216e-02,-3.185614570975303650e-02,-1.789180934429168701e-02,-8.907400071620941162e-03,-3.319097310304641724e-02,1.015238184481859207e-02,-6.905159913003444672e-03,-4.065445158630609512e-03,2.144706808030605316e-02,-1.979136839509010315e-02,-1.558634452521800995e-03,-3.731738310307264328e-03,-1.119842380285263062e-02,-8.220734074711799622e-03,2.507612574845552444e-03,-3.278025612235069275e-02,-1.437505427747964859e-02,2.549005113542079926e-02,1.562003605067729950e-02,4.702696204185485840e-02,-1.569704525172710419e-02,2.156258188188076019e-02,1.338676922023296356e-02,-9.706370183266699314e-04,-5.105069372802972794e-03,9.382289834320545197e-03,-2.084382809698581696e-02,-1.577405445277690887e-02,1.617193594574928284e-02,2.954586967825889587e-02,1.038982719182968140e-02,-2.358407247811555862e-03,-1.347661297768354416e-02,1.704470627009868622e-02,8.490266278386116028e-03,-1.355362217873334885e-02,-1.989404903724789619e-03,-8.862477727234363556e-03,-1.126259844750165939e-02,1.650564186275005341e-02,-3.025720252480823547e-05,6.590705830603837967e-03,3.879339434206485748e-03,2.374450908973813057e-03,-7.354380562901496887e-03,6.278818100690841675e-02,-3.301770193502306938e-03,1.142303366214036942e-02,4.453700035810470581e-03,1.120484154671430588e-02,-1.484994404017925262e-02,3.175346925854682922e-02,-6.693384610116481781e-03,1.759660616517066956e-02,-1.063368935137987137e-02,1.717305555939674377e-02,2.993091568350791931e-02,-3.784281143452972174e-04,1.361779682338237762e-02,2.267921529710292816e-02,-4.961479571647942066e-04,-2.954586967825889587e-02,-2.505366504192352295e-02,-2.949453145265579224e-02,2.370600402355194092e-02,-8.522353135049343109e-03,1.437505427747964859e-02,-3.298561554402112961e-03,-3.229253366589546204e-02,-5.204539746046066284e-03,-2.964854985475540161e-02,1.085188239812850952e-02,-3.876130655407905579e-02,1.609492674469947815e-02,-6.003510206937789917e-03,-1.976569928228855133e-02,1.780196465551853180e-02,-2.325678430497646332e-02,-3.023895248770713806e-02,2.125775354215875268e-04,4.671892616897821426e-03,2.661952003836631775e-02,1.179524511098861694e-02,1.817417517304420471e-02,9.067835286259651184e-03,-9.330950677394866943e-03,-1.280278246849775314e-02,2.088233269751071930e-02,-4.103949759155511856e-03,1.372047606855630875e-02,2.135722339153289795e-02,-8.284908719360828400e-03,-2.443759143352508545e-02,-1.944482699036598206e-02,6.847403012216091156e-03,-1.431087963283061981e-02,-3.367869928479194641e-02,-5.909173935651779175e-02,1.265518181025981903e-02,-1.044758409261703491e-02,-2.172301756218075752e-03,-6.144694052636623383e-03,-1.699336804449558258e-02,1.361779682338237762e-02,8.085967972874641418e-03,-1.544034853577613831e-02,-1.343810837715864182e-02,-3.123686416074633598e-03,-2.030476368963718414e-02,-2.418089471757411957e-02,3.938700538128614426e-04,-2.895546704530715942e-02,8.015376515686511993e-03,-1.773779094219207764e-02,-1.673666946589946747e-02,-3.208717331290245056e-03,-8.496684022247791290e-03,-1.535050384700298309e-02,1.624894514679908752e-02,-1.418253057636320591e-03,-1.764794578775763512e-03,4.460117314010858536e-03,-3.468623617663979530e-03,8.573693223297595978e-03,2.036893740296363831e-02,-2.590076811611652374e-02,-1.848221197724342346e-02,-9.927771985530853271e-03,2.230700291693210602e-02,-1.404134742915630341e-02,3.577719908207654953e-03,-2.947207074612379074e-03,-3.295352915301918983e-03,-1.881912816315889359e-03,-1.823835074901580811e-02,3.491084557026624680e-03,-1.210328191518783569e-02,7.976871915161609650e-03,-1.663399115204811096e-02,1.908545196056365967e-02,-9.857179597020149231e-03,-1.319585018791258335e-03,-4.148871637880802155e-03,-4.729649517685174942e-03,-3.170212730765342712e-02,1.472159568220376968e-02,-9.472133591771125793e-03,2.104918658733367920e-02,9.902101941406726837e-03,-1.240490190684795380e-02,8.875312283635139465e-03,5.418721702881157398e-04,4.361288622021675110e-02,1.891859807074069977e-02,-4.296472761780023575e-03,4.215452645439654589e-04,4.179033637046813965e-02,-2.154974639415740967e-02,-8.073935168795287609e-04,-1.748109236359596252e-02,5.499741528183221817e-03,-2.202463708817958832e-02,3.767034271731972694e-03,7.591825444251298904e-03,1.610776176676154137e-03,3.167004091665148735e-03,-4.959393665194511414e-02,-4.807942360639572144e-02,-8.233568631112575531e-03,6.459148135036230087e-03,3.317813854664564133e-03,-4.549961537122726440e-03,-2.995658665895462036e-02,2.506650052964687347e-02,3.175025805830955505e-03,2.175510488450527191e-02,-1.415686123073101044e-02,-1.876457966864109039e-02,1.514514628797769547e-02,-1.754526607692241669e-02,1.948333159089088440e-02,9.311698377132415771e-03,-1.493978872895240784e-02,-8.554440923035144806e-03,4.512259038165211678e-04,-1.432371512055397034e-02,2.015074482187628746e-03,-7.880610413849353790e-03,9.831510484218597412e-03,-9.703161194920539856e-03,1.428521052002906799e-02,-3.865862637758255005e-02,-2.126737870275974274e-02,-1.894426718354225159e-02,-5.271922796964645386e-03,-1.407985202968120575e-02,1.117917150259017944e-02,-1.253966800868511200e-02,-1.076203864067792892e-02,1.743937958963215351e-03,1.135244220495223999e-02,-6.879490334540605545e-03,1.776346005499362946e-02,-6.885907612740993500e-03,8.503100834786891937e-03,1.467025652527809143e-02,-5.624881479889154434e-03,-2.523335441946983337e-02,-4.510173201560974121e-02,-3.991644363850355148e-03,1.998389139771461487e-02,1.210969965904951096e-02,2.081815898418426514e-02,-1.030640024691820145e-02,-4.616542137227952480e-04,-5.518994107842445374e-02,-1.297605317085981369e-02,-7.405719719827175140e-03,1.010104268789291382e-02,1.676234044134616852e-02,1.295038405805826187e-02,6.298712454736232758e-03,8.021793328225612640e-03,2.207597531378269196e-02,1.907261647284030914e-02,3.519963007420301437e-03,-3.022611839696764946e-03,1.207119505852460861e-02,-2.410388551652431488e-02,-3.811956383287906647e-03,3.587346058338880539e-03,-2.311560139060020447e-02,-1.277069561183452606e-02,4.692428559064865112e-02,1.309798471629619598e-02,-8.323413319885730743e-03,1.320708077400922775e-02,-1.749392785131931305e-02,-1.312365476042032242e-02,-1.513231173157691956e-02,-9.215436875820159912e-03,-6.317964754998683929e-03,6.690176087431609631e-04,7.681669667363166809e-03,-2.785166725516319275e-02,-1.562003605067729950e-02,-2.148557268083095551e-02,2.821104414761066437e-02,-7.251701317727565765e-03,1.728856936097145081e-02,2.380868420004844666e-02,-1.184016745537519455e-02,6.577870808541774750e-04,3.172779828310012817e-02,2.942393999546766281e-03,9.793005883693695068e-03,-2.540020644664764404e-02,2.575958333909511566e-02,3.972392063587903976e-03,-1.796881854534149170e-02,4.271444678306579590e-02,-7.360797841101884842e-03,-1.502963248640298843e-02,9.767335839569568634e-03,3.571302630007266998e-03,1.153213065117597580e-02,-1.123051065951585770e-02,1.862339675426483154e-02,-1.830252446234226227e-02,1.695486344397068024e-02,-6.542575079947710037e-03,6.905159913003444672e-03,-2.163959108293056488e-02,1.393866818398237228e-02,-1.328408997505903244e-02,3.695038685691542923e-05,-7.495563942939043045e-03,2.143423259258270264e-02,3.832492232322692871e-02,1.033207029104232788e-02,5.201330874115228653e-03,-3.982018213719129562e-03,-1.805866137146949768e-02,-2.506650052964687347e-02,-2.012507617473602295e-02,-1.151929516345262527e-02,-8.291325531899929047e-03,3.298561647534370422e-02,2.802814589813351631e-03,-1.292471401393413544e-02,-2.690188772976398468e-02,-1.974965678527951241e-03,-4.562796093523502350e-03,-1.164764445275068283e-02,2.098501287400722504e-02,2.089516818523406982e-01,-2.455310523509979248e-02,-7.540485821664333344e-03,2.184494771063327789e-02,4.655849188566207886e-03,1.879024878144264221e-02,1.216745655983686447e-02,1.048448379151523113e-03,-5.868744105100631714e-03,3.484667045995593071e-03,-1.505530253052711487e-02,-1.884158886969089508e-02,-2.428357303142547607e-02,9.998363442718982697e-03,1.162357861176133156e-03,-4.381824657320976257e-02,-1.115991920232772827e-02,-2.119036950170993805e-02,3.606598358601331711e-03,-2.282039821147918701e-02,1.624894514679908752e-02,2.137005794793367386e-03,-1.083904784172773361e-02,-1.889292895793914795e-02,8.605780079960823059e-03,2.972876653075218201e-03,-6.192824803292751312e-03,-5.101860966533422470e-03,1.157063525170087814e-02,-6.881194622110342607e-06,-8.182229474186897278e-03,-1.383759430609643459e-03,8.220734074711799622e-03,-1.206477731466293335e-02,-1.234072726219892502e-02,-1.027431339025497437e-02,2.518201433122158051e-02,-1.141661684960126877e-02,-1.067861169576644897e-02,2.284606732428073883e-02,1.125618070363998413e-02,1.068502943962812424e-02,4.999181721359491348e-03,3.269683104008436203e-03,1.178241055458784103e-02,2.139572799205780029e-02,-1.085188239812850952e-02,-5.737186875194311142e-03,3.497502068057656288e-03,1.384561532177031040e-03,-3.275458887219429016e-02,-1.282203476876020432e-02,3.062399849295616150e-02,3.604031354188919067e-02,1.300814095884561539e-02,-7.328710518777370453e-03,1.523499004542827606e-02,2.597777731716632843e-02,-1.798165217041969299e-02,1.279636472463607788e-02,-7.489146664738655090e-03,4.045550897717475891e-02,-3.088069707155227661e-02,2.265354432165622711e-02,-9.600482881069183350e-03,3.362735733389854431e-02,-2.813403494656085968e-02,4.405568819493055344e-03,1.250116340816020966e-02,-2.687300788238644600e-03,-7.989706471562385559e-03,-2.184494771063327789e-02,-1.379748526960611343e-02,-1.413119118660688400e-02,9.164096787571907043e-03,-5.644133780151605606e-03,-1.897956361062824726e-03,8.753380738198757172e-03,2.613179571926593781e-02,2.249952591955661774e-02,-2.369317039847373962e-02,-2.659385092556476593e-02,9.844345040619373322e-03,-2.932767849415540695e-03,-4.963885992765426636e-03,-2.275622449815273285e-02,6.622792687267065048e-03,7.758678868412971497e-03,-3.211284428834915161e-02,4.752110689878463745e-03,2.250915393233299255e-03,-1.851429929956793785e-03,-1.469592563807964325e-02,-1.209044735878705978e-02,-8.156559430062770844e-03,2.877577766776084900e-02,1.153854746371507645e-02,-1.194284670054912567e-02,-2.726126275956630707e-02,-2.134438790380954742e-02,-1.531199924647808075e-02,-1.492695324122905731e-02,-8.008958771824836731e-03,-2.932767849415540695e-03,5.400271620601415634e-03,1.536333933472633362e-02,3.313963487744331360e-02,3.437178209424018860e-02,2.539699897170066833e-03,7.386467419564723969e-03,7.598242722451686859e-03,-1.731103053316473961e-03,-1.283486955799162388e-03,1.854638685472309589e-03,1.169898360967636108e-02,-3.383191360626369715e-04,5.896018119528889656e-04,-9.164096787571907043e-03,3.865862637758255005e-02,-6.648462731391191483e-03,-7.758678868412971497e-03,1.587512902915477753e-03,-7.867774926126003265e-03,5.961797200143337250e-03,-6.712636910378932953e-03,-3.313963487744331360e-02,-2.420656383037567139e-02,5.121113266795873642e-03,1.059879505191929638e-04,-1.194926351308822632e-02,-8.644284680485725403e-03,-1.757093705236911774e-02,2.242251671850681305e-02,-9.311698377132415771e-03,9.144844487309455872e-03,2.074114978313446045e-02,-1.957317627966403961e-02,-2.764630876481533051e-02,-1.209044735878705978e-02,-1.711850753054022789e-03,-8.495079237036406994e-04,4.071862436830997467e-03,1.745542325079441071e-02,1.621044054627418518e-02,-2.446326240897178650e-02,3.186657559126615524e-04,9.080670773983001709e-03,-7.822853513062000275e-03,7.938367314636707306e-03,-2.011224068701267242e-02,-7.681669667363166809e-03,-1.105082314461469650e-02,4.421612713485956192e-03,-1.900844275951385498e-02,2.895546704530715942e-02,8.130890317261219025e-03,-7.412137463688850403e-03,-7.681669667363166809e-03,-6.642044987529516220e-03,3.497502068057656288e-03,-4.261176660656929016e-02,4.662266466766595840e-03,3.634835034608840942e-02,-4.813075996935367584e-03,-1.492695324122905731e-02,8.522353135049343109e-03,-1.610006093978881836e-01,1.456757728010416031e-02,2.130588330328464508e-02,-9.690326638519763947e-03,4.045550897717475891e-02,-8.567275479435920715e-03,2.384718880057334900e-02,-1.217387430369853973e-02,-2.070264518260955811e-02,-5.297592375427484512e-03,1.590721658430993557e-03,5.127530544996261597e-03,-3.855594992637634277e-02,-6.340425461530685425e-03,-4.899711348116397858e-03,-7.752261124551296234e-03,-1.321991626173257828e-02,-1.553019275888800621e-03,3.591196611523628235e-02,1.384882442653179169e-02,2.344930730760097504e-02,1.570988073945045471e-02,1.141661684960126877e-02,-2.483547292649745941e-02,1.546601764857769012e-02,3.203583508729934692e-02,3.844043472781777382e-03,4.222672060132026672e-02,4.174541216343641281e-03,-2.432207763195037842e-02,-2.053579129278659821e-02,2.004806697368621826e-02,3.162511810660362244e-02,-1.733990944921970367e-02,2.756929956376552582e-02,2.351989969611167908e-03,-1.766077987849712372e-02,-1.490128412842750549e-02,-1.814850606024265289e-02,2.943998260889202356e-04,2.500232681632041931e-02,3.822224214673042297e-02,7.432191632688045502e-04,-2.862175926566123962e-02,1.043474953621625900e-02,2.301292121410369873e-02,2.359049022197723389e-02,2.066414104774594307e-03,7.604660466313362122e-03,-1.624894514679908752e-02,6.346843205392360687e-03,-3.129141405224800110e-02,-3.786286571994423866e-03,7.380050141364336014e-03,-5.023648191126994789e-05,2.392419800162315369e-02,-1.494460157118737698e-03,-7.636747322976589203e-03,-1.438788883388042450e-02,-2.193479239940643311e-02,-3.378137573599815369e-02,-8.349082432687282562e-03,1.180808059871196747e-03,-1.208402961492538452e-02,-3.770242910832166672e-03,-2.076681889593601227e-02,-3.154169302433729172e-03,-1.323275081813335419e-02,-2.080532349646091461e-02,7.964036427438259125e-03,-3.755483031272888184e-02,-1.259100716561079025e-02,-2.980898600071668625e-03,-1.908545196056365967e-02,1.799448765814304352e-02,-3.921052906662225723e-03,-3.793987631797790527e-02,2.782599814236164093e-02,1.026147883385419846e-02,-1.501679793000221252e-02,-1.821267977356910706e-02,3.937738016247749329e-02,-9.305280633270740509e-03,8.426091633737087250e-03,-1.138091975008137524e-04,1.379748526960611343e-02,-4.659057594835758209e-03,-9.042166173458099365e-03,-1.538900844752788544e-02,3.516754368320107460e-03,-1.519648544490337372e-02,-1.793673029169440269e-03,3.146147355437278748e-03,-1.972719468176364899e-02,1.735274307429790497e-02,2.436058223247528076e-02,3.912629908882081509e-04,-2.234871732071042061e-03,-1.463175192475318909e-02,-3.008493408560752869e-02,2.003844128921627998e-03,1.193642895668745041e-02,-2.875010855495929718e-02,2.030476368963718414e-02,1.255250256508588791e-02,5.499741528183221817e-03,2.536170184612274170e-02,2.511784061789512634e-02,2.556706033647060394e-02,-4.575631115585565567e-03,-3.046677215024828911e-03,-1.740408316254615784e-02,2.099784649908542633e-02,-1.891538966447114944e-03,5.406688898801803589e-03,2.016678918153047562e-03,2.088233269751071930e-02,7.983288727700710297e-03,6.616375409066677094e-03,1.085188239812850952e-02,6.237746775150299072e-02,1.514514628797769547e-02,-1.315574161708354950e-02,-2.167809568345546722e-02,9.330950677394866943e-03,-2.661952003836631775e-02,-1.187995523214340210e-01,-2.618313394486904144e-02,-1.199258113047108054e-04,1.953467167913913727e-02,2.849340997636318207e-02,2.093367278575897217e-02,-1.064652483910322189e-02,-2.404933795332908630e-03,-3.213851526379585266e-02,2.617030031979084015e-02,-2.122566569596529007e-03,-1.428521052002906799e-02,1.708321087062358856e-02,1.025506108999252319e-02,1.890576258301734924e-02,-3.154810890555381775e-02,-1.333543006330728531e-02,-1.891859807074069977e-02,-2.176793850958347321e-02,4.831045120954513550e-02,-1.096739619970321655e-02,4.495413042604923248e-03,8.297743275761604309e-03,-1.126901526004076004e-02,1.294396631419658661e-02,2.969668013975024223e-03,8.387587033212184906e-03,2.315410599112510681e-02,1.794314756989479065e-02,1.457559876143932343e-03,-8.702041581273078918e-03,-5.878370255231857300e-03,-9.613317437469959259e-03,1.863623037934303284e-02,-1.189150661230087280e-02,-1.773779094219207764e-02,-3.783719614148139954e-02,-1.535371295176446438e-03,7.136187516152858734e-03,-2.278189361095428467e-02,2.212731540203094482e-02,1.802015677094459534e-02,-4.190585110336542130e-03,-1.628744974732398987e-02,1.581255905330181122e-02,-8.535188622772693634e-03,2.318298444151878357e-03,3.462847694754600525e-02,1.691635884344577789e-02,-7.341545540839433670e-03,-6.491235457360744476e-03,-2.215619431808590889e-03,-1.081337779760360718e-02,-1.721476903185248375e-03,1.438788883388042450e-02,-1.680084504187107086e-02,-1.519648544490337372e-02,2.339154947549104691e-03,-2.524618804454803467e-02,1.051175873726606369e-02,-4.152080509811639786e-03,-1.855922117829322815e-02,4.710397217422723770e-03,2.207597531378269196e-02,1.617193594574928284e-02,5.037686321884393692e-03,-5.246253218501806259e-03,-1.214820425957441330e-02,3.744573332369327545e-03,-2.926350384950637817e-02,-1.139094680547714233e-02,3.371158672962337732e-04,-3.419209271669387817e-02,1.813567057251930237e-02,-1.139736454933881760e-02,6.188813713379204273e-04,-1.698053255677223206e-02,-4.203419666737318039e-03,1.386165898293256760e-02,-1.566656283102929592e-03,-1.590240374207496643e-02,-9.979111142456531525e-03,-2.063205232843756676e-03,-4.623761866241693497e-03,3.560392931103706360e-02,-8.118055411614477634e-04,-1.198776811361312866e-02,-1.359212677925825119e-02,-1.231505721807479858e-02,-2.024058997631072998e-02,2.591360174119472504e-02,1.991971768438816071e-02,3.799121454358100891e-02,-1.524782553315162659e-02,1.833782065659761429e-03,1.757093705236911774e-02,-1.570667140185832977e-03,-2.325678430497646332e-02,-1.529916469007730484e-02,2.606762014329433441e-02,-2.079248987138271332e-02,-9.472133591771125793e-03,-3.609165549278259277e-02,2.839073166251182556e-02,-5.669803824275732040e-03,-9.626151993870735168e-03,1.297124079428613186e-03,-2.815970405936241150e-02,6.038806401193141937e-03,-2.502799499779939651e-03,-4.691144917160272598e-03,-1.368197146803140640e-02,-5.682638380676507950e-03,1.076845545321702957e-02,-8.150142617523670197e-03,1.250758022069931030e-02,-2.369317039847373962e-02,1.061443705111742020e-02,-1.900844275951385498e-02,2.416805922985076904e-02,9.473738027736544609e-04,1.731103053316473961e-03,9.922959143295884132e-04,-5.875161848962306976e-03,-1.210488611832261086e-03,1.650564186275005341e-02,-6.109397858381271362e-03,1.595374383032321930e-02,-2.222999371588230133e-02,7.675251923501491547e-03,-1.628424157388508320e-03,-3.036730177700519562e-02,3.106038458645343781e-02,8.862477727234363556e-03,1.608209125697612762e-02,2.664518915116786957e-02,2.249952591955661774e-02,-1.699336804449558258e-02,-8.201481774449348450e-03,1.369480602443218231e-02,1.760944165289402008e-02,5.837298929691314697e-02,-2.124170958995819092e-02,-2.339796721935272217e-02,3.124007210135459900e-02,-6.642044987529516220e-03,-3.414075449109077454e-02,4.283637739717960358e-03,9.221853688359260559e-03,-1.248993212357163429e-03,1.728856936097145081e-02,1.055026333779096603e-02,4.899711348116397858e-03,3.034163266420364380e-02,-2.279472909867763519e-02,-2.405254542827606201e-02,-2.053579129278659821e-02,-2.649117074906826019e-02,2.018924988806247711e-02,-4.264385439455509186e-03,1.542751304805278778e-02,-4.438297823071479797e-02,4.109725356101989746e-02,9.093505330383777618e-03,4.530709236860275269e-03,-1.956034079194068909e-02,1.863623037934303284e-02,3.157377988100051880e-02,5.239835474640130997e-03,1.309156697243452072e-02,5.445193499326705933e-03,-1.562003605067729950e-02,2.292628632858395576e-03,1.123692840337753296e-02,-5.923292599618434906e-03,2.821104414761066437e-02,1.542751304805278778e-02,-2.040744386613368988e-02,-6.409413181245326996e-04,-8.740546181797981262e-03,-1.481143943965435028e-02,-7.501981221139431000e-03,3.994853235781192780e-03,6.783228833228349686e-03,-2.047161757946014404e-02,2.099784649908542633e-02,-1.158988755196332932e-02,1.336109917610883713e-02,-2.798001654446125031e-02,-7.264536339789628983e-03,2.029513707384467125e-03,2.515634521842002869e-03,-1.551735773682594299e-02,1.927797496318817139e-02,7.919115014374256134e-03,8.323413319885730743e-03,-7.309458218514919281e-03,7.110517937690019608e-03,-1.167331449687480927e-02,-1.286695711314678192e-02,2.780032716691493988e-02,1.355362217873334885e-02,2.422581659629940987e-03,1.176315825432538986e-02,7.219614461064338684e-03,-5.827031098306179047e-03,-1.863623037934303284e-02,1.004970259964466095e-02,-4.463967680931091309e-02,2.509217010810971260e-03,3.096412401646375656e-03,1.318141166120767593e-02,-6.908769864821806550e-05,-1.295038405805826187e-02,6.324382033199071884e-03,1.902769436128437519e-03,-7.104100193828344345e-03,7.072013337165117264e-03,2.733827196061611176e-02,1.681367866694927216e-02,-1.884158886969089508e-02,3.357601910829544067e-02,2.214015088975429535e-02,1.533766929060220718e-02,3.958273679018020630e-02,-9.061418473720550537e-03,3.888965398073196411e-02,6.199242081493139267e-03,-8.637866936624050140e-03,-2.513067424297332764e-02,2.274338901042938232e-02,-1.044116634875535965e-02,1.028714794665575027e-02,-2.040744386613368988e-02,-3.052132017910480499e-02,-9.709578938782215118e-03,3.356318455189466476e-03,2.119036950170993805e-02,-8.945904672145843506e-03,2.529752813279628754e-02,-9.375872090458869934e-03,2.183211408555507660e-02,2.053579129278659821e-02,-1.155138295143842697e-02,-1.959884539246559143e-02,-9.056605049408972263e-04,2.818537317216396332e-02,9.459299035370349884e-03,-2.281398046761751175e-03,-7.591825444251298904e-03,-3.249789029359817505e-02,1.538900844752788544e-02,6.642044987529516220e-03,2.371883951127529144e-02,-1.563287153840065002e-02,-5.257162824273109436e-02,-2.709761960431933403e-03,-9.863597340881824493e-03,-1.284128706902265549e-02,1.083904784172773361e-02,1.442639343440532684e-02,3.260057047009468079e-02,1.406701747328042984e-02,1.658265106379985809e-02,-4.219463560730218887e-03,-3.511620312929153442e-02,-2.782599814236164093e-02,3.170212730765342712e-02,1.888009347021579742e-02,-1.623610965907573700e-02,-2.388569340109825134e-02,2.746662124991416931e-03,2.836506254971027374e-02,-9.209019131958484650e-03,-1.089680474251508713e-02,1.884158886969089508e-02,-1.429804507642984390e-02,-1.774420728906989098e-03,-2.672219835221767426e-02,-3.876130562275648117e-03,3.895382862538099289e-03,-6.221703253686428070e-03,7.200362160801887512e-03,-2.369317039847373962e-02,-1.836669817566871643e-02,4.181600734591484070e-02,-8.740546181797981262e-03,-9.449672652408480644e-04,8.246404118835926056e-03,-3.778585791587829590e-02
-2.747312001883983612e-02,-4.513065330684185028e-03,-9.618223644793033600e-03,1.649966090917587280e-02,3.856828552670776844e-04,3.331510350108146667e-02,-3.531506285071372986e-02,1.978577813133597374e-03,-2.624945947900414467e-03,-4.832137376070022583e-03,-1.405234262347221375e-02,1.259842514991760254e-02,-6.105137523263692856e-03,-3.065315249841660261e-04,7.164326496422290802e-03,1.203922647982835770e-02,2.311794646084308624e-02,1.450628042221069336e-03,2.313110418617725372e-02,-7.348533254116773605e-03,1.874961517751216888e-02,1.209185644984245300e-02,2.485475130379199982e-02,-4.736744798719882965e-03,-1.889434829354286194e-02,-3.661108901724219322e-03,-5.496597383171319962e-03,-3.363088890910148621e-02,1.980222389101982117e-02,-1.165107637643814087e-02,-1.976275071501731873e-02,-1.309183612465858459e-02,2.414423972368240356e-03,-2.485475130379199982e-02,-3.623609617352485657e-02,-9.335334412753582001e-03,8.276145905256271362e-03,1.233527320437133312e-03,3.113093972206115723e-02,5.575543269515037537e-03,9.664274752140045166e-03,4.463723860681056976e-03,1.657860726118087769e-02,2.298636920750141144e-02,-1.632861234247684479e-02,2.297650091350078583e-03,-1.247342769056558609e-02,-2.860467508435249329e-02,-2.457186346873641014e-03,1.855224929749965668e-02,3.252564743161201477e-02,2.457844279706478119e-02,-8.460352197289466858e-03,-3.081515617668628693e-02,1.165765523910522461e-02,1.490758825093507767e-02,-1.980222528800368309e-03,1.480232737958431244e-02,-9.756378829479217529e-03,-3.825579304248094559e-03,1.063136011362075806e-02,1.469706650823354721e-02,-1.423654984682798386e-02,-1.789436908438801765e-03,4.055837634950876236e-03,6.295923143625259399e-03,-3.202565759420394897e-02,1.331551559269428253e-02,9.835324017331004143e-04,-3.102567791938781738e-02,2.593367733061313629e-02,3.263090923428535461e-02,1.938118040561676025e-02,-1.059188740327954292e-03,1.856540702283382416e-02,-4.036759212613105774e-02,-2.207849361002445221e-02,-9.348492138087749481e-03,4.980160854756832123e-03,1.292736618779599667e-03,-6.489998195320367813e-03,-1.485495734959840775e-02,-2.022326923906803131e-02,1.311815157532691956e-02,7.473530713468790054e-03,1.946012675762176514e-02,-2.639419399201869965e-02,1.731543429195880890e-02,-1.142081804573535919e-02,-2.561789378523826599e-02,-8.453773334622383118e-03,1.513126771897077560e-02,-1.228922139853239059e-02,3.263090923428535461e-02,-1.221027504652738571e-02,-9.874797426164150238e-03,-2.517053484916687012e-02,3.357825800776481628e-02,-6.230134982615709305e-03,-2.365740761160850525e-02,1.639439910650253296e-02,-2.021011151373386383e-02,-1.465759333223104477e-02,2.269690157845616341e-03,-3.592031449079513550e-02,-1.474969647824764252e-02,-1.277605351060628891e-02,4.286095965653657913e-03,1.149318460375070572e-02,-1.697333529591560364e-02,1.315762382000684738e-02,5.386731401085853577e-02,1.824962534010410309e-02,-5.110421404242515564e-02,2.792047895491123199e-02,-1.381550543010234833e-02,-1.325630676001310349e-02,-2.723628282546997070e-02,-3.839394822716712952e-02,-2.540737204253673553e-02,1.793384179472923279e-02,4.338726401329040527e-03,-1.770111703081056476e-04,-2.942044846713542938e-02,-1.513126771897077560e-02,2.324952185153961182e-02,-1.378918997943401337e-02,-1.827594079077243805e-02,-8.605086244642734528e-03,-1.036820746958255768e-02,2.973623014986515045e-02,1.653913408517837524e-02,2.660471573472023010e-02,-2.068378590047359467e-02,1.001295167952775955e-02,2.048642002046108246e-02,-3.449929133057594299e-02,-7.355112116783857346e-03,-8.907712064683437347e-03,-7.894574664533138275e-03,6.493287626653909683e-03,1.813120581209659576e-02,3.559137461706995964e-03,-4.128204658627510071e-03,1.311157271265983582e-02,3.828868735581636429e-03,2.773627266287803650e-02,1.336156763136386871e-02,-2.146337414160370827e-03,-2.807836979627609253e-02,2.855204418301582336e-02,1.024321001023054123e-02,3.326247259974479675e-02,-3.223618119955062866e-02,-3.490059869363903999e-03,-3.228551940992474556e-03,1.722333021461963654e-02,2.388108707964420319e-02,-1.295368093997240067e-02,-2.060812897980213165e-03,-9.098497219383716583e-03,8.723504841327667236e-03,1.568388752639293671e-02,9.210336953401565552e-03,2.226269990205764771e-02,3.631504252552986145e-02,-7.372381514869630337e-04,-4.059127066284418106e-03,-4.045969340950250626e-03,-8.197199553251266479e-03,3.384140878915786743e-02,2.640735171735286713e-02,-4.168335348367691040e-02,5.740013439208269119e-03,-9.341913275420665741e-03,1.486811507493257523e-02,5.884747486561536789e-03,3.496638732030987740e-03,-2.188112959265708923e-02,-7.802471052855253220e-03,-2.692049928009510040e-02,1.563125848770141602e-02,3.542032465338706970e-02,5.644620861858129501e-03,-3.861762816086411476e-03,-1.846014708280563354e-02,8.684031665325164795e-03,-6.322238594293594360e-03,1.503916457295417786e-02,-2.705207467079162598e-02,3.020990453660488129e-02,1.865751110017299652e-02,3.858473384752869606e-03,1.715425285510718822e-03,-6.496708393096923828e-01,2.153903059661388397e-02,-1.337472535669803619e-02,-9.637959301471710205e-03,1.208527758717536926e-02,4.822269082069396973e-03,1.230895705521106720e-02,-4.108468070626258850e-03,-1.378918997943401337e-02,1.221027504652738571e-02,9.309018962085247040e-03,2.446002326905727386e-02,2.297650091350078583e-03,-3.826237097382545471e-02,-1.287473551928997040e-02,-2.160481922328472137e-02,-2.789416350424289703e-03,-2.557842060923576355e-02,-4.226886667311191559e-03,3.545979736372828484e-03,-1.557862665504217148e-02,-3.486770438030362129e-03,6.914331577718257904e-03,-1.300631184130907059e-02,1.258526742458343506e-02,6.460393313318490982e-03,9.218560298904776573e-04,-1.472338195890188217e-02,-2.546000294387340546e-02,2.082193968817591667e-03,-2.842046879231929779e-02,9.512962773442268372e-03,-6.276186555624008179e-03,2.602578140795230865e-02,4.402540996670722961e-02,-2.163113467395305634e-02,-5.434098653495311737e-03,1.678912900388240814e-02,8.499825373291969299e-03,3.399930149316787720e-02,-3.770975023508071899e-02,-5.190682597458362579e-03,-1.627433695830404758e-03,-1.268394943326711655e-02,1.363129913806915283e-02,3.021319396793842316e-03,2.453896962106227875e-02,-1.402931637130677700e-03,1.227606367319822311e-02,-2.018050523474812508e-03,-4.812401253730058670e-03,-6.624863948673009872e-03,-6.743282545357942581e-03,3.007832914590835571e-02,-1.597335562109947205e-02,2.236796170473098755e-02,1.188133470714092255e-02,-1.490758825093507767e-02,-6.203819997608661652e-03,-6.911864620633423328e-04,1.421845750883221626e-03,4.668325185775756836e-02,-1.409181579947471619e-02,-6.134742405265569687e-03,1.893053180538117886e-03,1.207869872450828552e-02,-7.499845698475837708e-03,1.461812015622854233e-02,-6.730124820023775101e-03,8.295882493257522583e-03,7.993256673216819763e-03,1.672334037721157074e-02,6.973540876060724258e-03,6.632264703512191772e-04,1.617071963846683502e-02,1.389445085078477859e-02,-4.470302723348140717e-03,-5.363047495484352112e-02,2.590407384559512138e-03,-4.483460448682308197e-03,2.239427715539932251e-02,1.822330988943576813e-02,-3.515717014670372009e-02,1.228922139853239059e-02,7.736682891845703125e-03,9.394543245434761047e-03,-7.052486762404441833e-03,-2.547316066920757294e-02,1.092740707099437714e-02,-1.584178023040294647e-02,-1.421023439615964890e-02,1.988117024302482605e-02,1.078925188630819321e-02,-9.881375357508659363e-03,2.327583730220794678e-02,3.038588911294937134e-04,-1.701280847191810608e-02,2.755206450819969177e-02,2.136798202991485596e-02,1.316420268267393112e-02,1.098003704100847244e-02,-8.591928519308567047e-03,1.601282879710197449e-02,7.197220344096422195e-03,2.181534096598625183e-02,1.897329464554786682e-02,-2.314426191151142120e-02,1.105240453034639359e-02,2.290742285549640656e-02,-3.037766553461551666e-03,-2.889414317905902863e-02,9.651117026805877686e-03,-1.067741215229034424e-02,-2.646327251568436623e-03,3.357825800776481628e-02,-2.323636412620544434e-02,1.494706142693758011e-02,1.540757808834314346e-02,1.771016232669353485e-02,-3.502559661865234375e-02,1.778910867869853973e-02,1.274315919727087021e-02,6.947225425392389297e-03,-4.197281971573829651e-02,2.818363159894943237e-02,1.043399609625339508e-02,7.355112116783857346e-03,-1.994695886969566345e-02,-1.073004212230443954e-02,-3.605189034715294838e-03,7.901153527200222015e-03,2.680866047739982605e-03,2.234164625406265259e-02,3.082173410803079605e-03,1.817067898809909821e-02,-9.236652404069900513e-03,1.922328956425189972e-02,-2.293373830616474152e-02,-1.117575680837035179e-03,-1.968380622565746307e-02,8.420879952609539032e-03,-3.011862281709909439e-04,-4.598589614033699036e-03,-1.038794405758380890e-02,1.852593570947647095e-02,-3.799922019243240356e-02,-1.336814649403095245e-02,-1.158528774976730347e-02,-4.223597422242164612e-02,1.798647269606590271e-02,9.545856155455112457e-03,1.322999130934476852e-02,-2.335478365421295166e-02,-7.802471052855253220e-03,-3.516375087201595306e-03,-2.213770290836691856e-03,-4.176229983568191528e-02,-9.190600365400314331e-03,3.578873816877603531e-03,-2.339425496757030487e-02,3.086778707802295685e-02,2.856849227100610733e-03,1.517074089497327805e-02,-9.512962773442268372e-03,-8.164306171238422394e-03,-2.632840536534786224e-02,-1.001295167952775955e-02,2.540737204253673553e-02,-2.131535112857818604e-02,-1.372340228408575058e-02,1.965749077498912811e-02,2.314426191151142120e-02,-6.036059930920600891e-03,1.756542921066284180e-02,3.213749732822179794e-03,1.607861742377281189e-02,-1.407865784130990505e-03,-1.789436908438801765e-03,-6.822227966040372849e-03,1.676281355321407318e-02,1.532040885649621487e-03,5.388047080487012863e-03,-2.739417366683483124e-02,-1.545198494568467140e-03,6.901173852384090424e-03,-2.531197853386402130e-03,-1.968380622565746307e-02,-2.562447218224406242e-03,4.726876504719257355e-03,1.005900371819734573e-02,3.934129606932401657e-03,1.287473551928997040e-02,1.422668108716607094e-03,2.575604943558573723e-03,1.332209445536136627e-02,3.378877788782119751e-02,1.175633724778890610e-02,1.112477108836174011e-02,1.517074089497327805e-02,3.378877788782119751e-02,4.181493073701858521e-02,-2.758166985586285591e-03,1.939433813095092773e-02,-1.760490052402019501e-02,1.271684374660253525e-02,-1.697333529591560364e-02,-1.238132454454898834e-02,-1.773647777736186981e-02,3.949918970465660095e-02,6.822227966040372849e-03,-2.944018458947539330e-03,-4.665693640708923340e-02,-9.855060838162899017e-03,6.952981930226087570e-04,5.744125228375196457e-04,4.028864577412605286e-02,6.966962013393640518e-03,2.082193968817591667e-03,1.442075613886117935e-02,-1.364445593208074570e-02,1.819699443876743317e-02,1.039452292025089264e-02,2.046010643243789673e-02,-1.130897831171751022e-02,-4.168335348367691040e-02,1.005900371819734573e-02,3.873604536056518555e-02,-5.059106741100549698e-03,1.553915441036224365e-02,2.718694042414426804e-03,2.268045442178845406e-03,7.277810946106910706e-04,-5.473571829497814178e-03,2.061799727380275726e-02,2.661787346005439758e-02,4.766349215060472488e-03,-1.177607383579015732e-02,-1.263789832592010498e-02,1.307209953665733337e-02,-3.015727549791336060e-02,-1.317078154534101486e-02,-5.388047080487012863e-03,2.543368749320507050e-02,-1.818383671343326569e-02,-1.889434829354286194e-02,2.151271514594554901e-02,1.134187169373035431e-02,-3.152895718812942505e-03,-1.101293135434389114e-02,1.998643204569816589e-02,-8.394564501941204071e-03,1.482864283025264740e-02,-2.148639969527721405e-02,-1.136160828173160553e-02,-1.780226640403270721e-02,-4.563064128160476685e-02,-1.360498368740081787e-02,1.834172755479812622e-02,2.279558451846241951e-03,3.176250308752059937e-02,1.392076630145311356e-02,-7.565633859485387802e-03,2.067062817513942719e-02,2.115746028721332550e-02,1.275631692260503769e-02,-7.874838076531887054e-03,-2.889743307605385780e-03,-6.460393313318490982e-03,-5.861721467226743698e-03,3.911103587597608566e-03,1.977755455300211906e-04,3.897946153301745653e-04,1.493390370160341263e-02,-4.417672287672758102e-03,1.348656509071588516e-02,7.624843157827854156e-03,1.813120581209659576e-02,-4.460434429347515106e-03,2.544684521853923798e-02,1.640755683183670044e-02,-1.659176498651504517e-02,-2.918361127376556396e-02,-9.098497219383716583e-03,1.241236805071821436e-05,-1.484344480559229851e-03,-1.480232737958431244e-02,-3.913077339529991150e-02,-7.322217803448438644e-03,1.553473339299671352e-05,-5.042659584432840347e-03,7.881416939198970795e-03,2.826257608830928802e-02,1.815752126276493073e-02,1.040274626575410366e-03,-1.257868856191635132e-02,8.269567042589187622e-03,2.140745520591735840e-02,-3.044674172997474670e-02,1.372340228408575058e-02,-2.342057041823863983e-02,-5.207129754126071930e-03,-3.476244211196899414e-02,5.147920455783605576e-03,-4.401225131005048752e-03,3.073620982468128204e-02,1.223659049719572067e-02,5.324726225808262825e-04,3.725252463482320309e-04,-9.440595284104347229e-03,-1.186817698180675507e-02,-7.960362359881401062e-03,1.183363841846585274e-03,-3.531506285071372986e-02,-2.035484462976455688e-02,-1.564441435039043427e-02,-1.381550543010234833e-02,-2.448633871972560883e-02,7.725992472842335701e-04,2.072325907647609711e-02,2.810468524694442749e-02,1.821015216410160065e-02,-1.843383163213729858e-02,-5.009765271097421646e-03,9.197179228067398071e-03,9.715589880943298340e-02,3.107830882072448730e-02,1.921013114042580128e-03,5.894615780562162399e-03,-8.756399154663085938e-03,2.502580173313617706e-02,-1.123661082237958908e-02,-4.255175590515136719e-02,1.606545969843864441e-02,-1.946012675762176514e-02,2.138113975524902344e-02,-1.678912900388240814e-02,2.561789378523826599e-02,-6.368290167301893234e-03,2.774613909423351288e-03,8.052466437220573425e-03,-1.749964058399200439e-02,3.598610172048211098e-03,2.335478318855166435e-03,8.611665107309818268e-03,-9.466910734772682190e-03,1.582204364240169525e-03,-8.591928519308567047e-03,-8.085359819233417511e-03,1.220369618386030197e-02,-7.131432183086872101e-03,1.897329464554786682e-02,2.419687062501907349e-02,5.832117050886154175e-03,2.134002133971080184e-04,-1.065767556428909302e-02,2.181534096598625183e-02,5.526202265173196793e-03,1.307867839932441711e-02,5.897905211895704269e-03,1.356551051139831543e-02,1.127443974837660789e-03,2.559157833456993103e-02,2.257848344743251801e-02,-1.028268318623304367e-02,1.036820746958255768e-02,1.399971172213554382e-02,7.545897271484136581e-03,-2.277584746479988098e-02,3.417692845687270164e-03,1.815752126276493073e-02,-2.247322164475917816e-02,8.789292536675930023e-03,-2.506527490913867950e-02,-1.990748569369316101e-02,2.355214767158031464e-02,4.917662125080823898e-03,-2.410476841032505035e-02,-1.822330988943576813e-02,-2.135482430458068848e-02,6.542628630995750427e-03,-1.102773356251418591e-03,2.476264908909797668e-02,-8.341933600604534149e-03,1.462963293306529522e-03,-3.163092955946922302e-02,-3.802553564310073853e-02,4.868321120738983154e-03,4.332148004323244095e-03,-3.107830882072448730e-02,8.634690893813967705e-04,-3.273616731166839600e-02,1.906539686024188995e-02,-1.453917473554611206e-02,4.904504399746656418e-03,-1.726280339062213898e-02,-8.710347115993499756e-03,-1.351288054138422012e-02,1.880224421620368958e-02,2.109167166054248810e-02,1.717069931328296661e-02,1.360498368740081787e-02,-1.663123629987239838e-02,2.278900519013404846e-02,9.453753009438514709e-03,3.315721405670046806e-03,-2.445673337206244469e-03,9.822166524827480316e-03,-1.045373268425464630e-02,-1.126292627304792404e-02,1.977590844035148621e-02,1.364445593208074570e-02,-1.213132962584495544e-02,-1.300631184130907059e-02,2.613104134798049927e-02,6.213687825947999954e-03,3.070660633966326714e-03,4.094652831554412842e-02,-1.241421885788440704e-02,6.776176393032073975e-03,-6.394605152308940887e-03,-1.315104495733976364e-02,-2.643366716802120209e-02,-1.296683866530656815e-02,-2.484159544110298157e-02,-9.749799966812133789e-03,-4.536090884357690811e-03,6.476840469986200333e-03,-1.089615747332572937e-03,3.565715998411178589e-02,-3.519664518535137177e-03,-1.254908391274511814e-03,3.826237097382545471e-02,-7.881416939198970795e-03,-1.401287037879228592e-03,1.247342769056558609e-02,-3.547295555472373962e-02,2.872062614187598228e-04,-1.315104495733976364e-02,-6.506445351988077164e-03,3.944655880331993103e-02,6.032770499587059021e-03,2.556526474654674530e-02,5.279496777802705765e-03,6.835385691374540329e-03,5.302522331476211548e-03,-2.355214767158031464e-02,3.918340429663658142e-02,-2.050739130936563015e-04,-1.452601701021194458e-02,1.561809983104467392e-02,9.407700970768928528e-03,-3.355194255709648132e-02,7.447215262800455093e-03,4.407803993672132492e-03,5.341995507478713989e-03,1.503916457295417786e-02,1.038794405758380890e-02,1.151292090071365237e-04,-3.247301653027534485e-02,-3.756501711905002594e-03,-2.022326923906803131e-02,8.756399154663085938e-03,-1.559178438037633896e-02,-7.572212722152471542e-03,-1.889434829354286194e-02,-2.301268465816974640e-02,-2.081536129117012024e-02,-2.123640477657318115e-02,4.568162548821419477e-04,-3.918340429663658142e-02,1.836804300546646118e-02,8.137990720570087433e-03,1.723854365991428494e-04,2.965728566050529480e-02,-5.930799059569835663e-03,-1.306552067399024963e-02,-1.309841498732566833e-02,-1.859172247350215912e-02,1.392241101711988449e-03,-2.080220356583595276e-02,-2.519685029983520508e-02,3.980181179940700531e-03,1.834172755479812622e-02,2.611788362264633179e-02,3.760448843240737915e-02,-1.190765015780925751e-02,2.244690619409084320e-02,-8.583293674746528268e-05,-1.642236020416021347e-03,-1.586316036991775036e-03,-3.087107557803392410e-03,-1.531547494232654572e-02,-2.147324196994304657e-02,8.591928519308567047e-03,1.548652350902557373e-02,5.108447745442390442e-03,2.907834947109222412e-02,-3.638083115220069885e-03,1.061162352561950684e-02,1.522337086498737335e-02,-1.141423918306827545e-02,-2.888098591938614845e-03,-1.070701633580029011e-03,-2.597315050661563873e-02,2.792047895491123199e-02,-3.703871276229619980e-03,3.152895718812942505e-03,1.103924680501222610e-02,-7.901153527200222015e-03,-7.295902818441390991e-03,4.452539980411529541e-02,-1.173002179712057114e-02,-5.259760189801454544e-03,1.191422902047634125e-02,1.492074597626924515e-02,-5.013054702430963516e-03,1.735490560531616211e-02,-1.276947464793920517e-02,7.809049915522336960e-03,-8.887975476682186127e-03,9.684011340141296387e-03,2.686786837875843048e-02,-1.008531916886568069e-02,1.028926204890012741e-02,1.569704525172710419e-02,2.397319115698337555e-02,-2.786784805357456207e-02,-1.772332005202770233e-02,-2.563105151057243347e-02,2.770995721220970154e-02,-9.782693348824977875e-03,2.489422447979450226e-02,-2.851915080100297928e-03,-2.032852917909622192e-02,-8.690610527992248535e-03,-2.099956758320331573e-02,-4.549248609691858292e-03,-3.384140878915786743e-02,1.589440926909446716e-02,4.967003129422664642e-03,-2.215743996202945709e-02,1.045373268425464630e-02,-1.472338195890188217e-02,-3.634135797619819641e-02,-1.873645745217800140e-02,-5.430809222161769867e-03,1.011821348220109940e-02,-9.914269670844078064e-03,2.792047895491123199e-02,3.149935230612754822e-02,7.111696060746908188e-03,-1.271026488393545151e-02,-7.421722402796149254e-04,4.351884126663208008e-03,1.089451275765895844e-02,7.868259213864803314e-03,5.253181327134370804e-03,-1.672334037721157074e-02,-1.940749585628509521e-02,-6.259739864617586136e-03,2.266400726512074471e-03,-1.574967615306377411e-02,-4.986739531159400940e-02,2.184165641665458679e-02,-6.230134982615709305e-03,-1.789436861872673035e-02,1.948644220829010010e-02,2.162527562177274376e-05,3.047634614631533623e-03,7.243271917104721069e-03,-1.020373776555061340e-02,-1.606545969843864441e-02,-1.017742231488227844e-02,-2.030221372842788696e-02,-2.601262368261814117e-02,-9.828745387494564056e-03,-3.576242178678512573e-02,6.920910440385341644e-03,-1.844698935747146606e-02,-2.142061293125152588e-02,-6.782755255699157715e-03,6.894594989717006683e-03,-8.572191931307315826e-03,1.857856474816799164e-02,-6.134742405265569687e-03,3.289405955001711845e-03,-8.873172919265925884e-04,-9.032708592712879181e-03,1.036820746958255768e-02,1.392076630145311356e-02,-2.011800743639469147e-02,-9.596841991879045963e-04,-6.430788896977901459e-03,2.106535620987415314e-02,-1.137312152422964573e-03,-1.040110178291797638e-02,-1.276289578527212143e-02,4.207150544971227646e-03,-7.018769974820315838e-04,-2.260479889810085297e-02,-4.082153085619211197e-03,-1.455233246088027954e-02,5.272917915135622025e-03,-2.272321656346321106e-02,2.942044846713542938e-02,-1.486811507493257523e-02,1.248000655323266983e-02,4.049258772283792496e-03,-1.244711223989725113e-02,-3.894656896591186523e-02,5.209082883084192872e-05,1.189120346680283546e-03,2.102588303387165070e-02,-7.230114657431840897e-03,-1.378918997943401337e-02,7.006434723734855652e-03,1.190107129514217377e-02,2.090746536850929260e-02,8.072202093899250031e-03,5.009765271097421646e-03,7.111696060746908188e-03,3.984128683805465698e-02,-2.532842755317687988e-02,7.190641481429338455e-03,-1.300631184130907059e-02,2.636458957567811012e-03,-4.076232016086578369e-02,1.401286944746971130e-02,-6.052507087588310242e-03,4.707962507382035255e-04,1.797331497073173523e-02,-4.126230999827384949e-02,-4.657799005508422852e-02,2.077588811516761780e-02,6.665159016847610474e-04,2.256532572209835052e-02,1.446022931486368179e-02,-1.877593062818050385e-02,2.613104134798049927e-02,-1.599473645910620689e-03,2.913098037242889404e-02,7.940625771880149841e-03,-5.291996523737907410e-02,1.368392910808324814e-02,-1.005900371819734573e-02,1.971998950466513634e-03,1.413128804415464401e-02,-1.050636265426874161e-02,4.391357302665710449e-03,6.341974716633558273e-03,-1.288131438195705414e-02,1.356551051139831543e-02,-2.200612565502524376e-03,-1.932526007294654846e-03,-1.286815665662288666e-02,8.111675269901752472e-03,-1.888119056820869446e-02,-2.096009626984596252e-02,-7.914311252534389496e-03,-8.723504841327667236e-03,-4.365041851997375488e-03,-2.333833603188395500e-03,-5.822248756885528564e-03,-6.881437264382839203e-03,-1.402602717280387878e-02,-1.510495226830244064e-02,-1.955222897231578827e-02,2.268374338746070862e-02,-1.740753650665283203e-02,6.193951703608036041e-03,2.301268465816974640e-02,-2.490738220512866974e-02,-3.302563726902008057e-02,-4.231492057442665100e-02,-1.430233754217624664e-02,1.281223609112203121e-03,-2.677576616406440735e-03,-1.036162953823804855e-03,-2.808330464176833630e-04,-3.460455220192670822e-03,-5.899878591299057007e-02,-8.585349656641483307e-03,1.289447210729122162e-02,-2.531197853386402130e-03,1.919697411358356476e-02,6.986698601394891739e-03,3.983470611274242401e-03,1.048662606626749039e-02,2.218375355005264282e-02,2.415739744901657104e-02,-2.249953709542751312e-02,-5.690672434866428375e-03,1.023005228489637375e-03,-3.523611649870872498e-02,1.917723682709038258e-03,1.244217855855822563e-03,-9.170863777399063110e-03,-1.932854950428009033e-02,2.647314034402370453e-02,-3.891367465257644653e-03,-5.151209887117147446e-03,8.026150986552238464e-03,-2.786784805357456207e-02,-4.835426807403564453e-03,-8.059045299887657166e-03,-7.802471052855253220e-03,-5.075553432106971741e-03,-8.026150986552238464e-03,-1.549968123435974121e-02,-2.710470557212829590e-02,-1.868382678367197514e-03,-8.295882493257522583e-03,1.746016740798950195e-02,-2.040747553110122681e-02,1.359182596206665039e-02,3.063094988465309143e-02,-2.142061293125152588e-02,-7.848522625863552094e-03,-4.335436969995498657e-03,7.703789044171571732e-03,-1.431549526751041412e-02,-1.676281355321407318e-02,3.494665026664733887e-02,1.904566073790192604e-03,-5.970271769911050797e-03,2.472317591309547424e-02,-1.131555717438459396e-02,-2.053905092179775238e-02,4.473592154681682587e-03,1.752595603466033936e-02,-8.137990720570087433e-03,-2.165745012462139130e-02,-1.661972375586628914e-03,-1.061820238828659058e-02,1.502600684762001038e-02,-3.457165788859128952e-03,7.624843157827854156e-03,-2.805205434560775757e-02,1.898645237088203430e-02,-6.138031836599111557e-03,1.877593062818050385e-02,-1.932854950428009033e-02,1.605230197310447693e-02,3.202565759420394897e-02,1.347340736538171768e-02,1.561809983104467392e-02,-1.809173263609409332e-02,-2.784153260290622711e-02,-9.486647322773933411e-03,-7.269587367773056030e-03,1.028926204890012741e-02,-8.966920897364616394e-03,2.007853426039218903e-02,6.175859598442912102e-04,1.459180563688278198e-02,-1.273658033460378647e-02,-2.231861930340528488e-03,-3.911103587597608566e-03,-1.981538161635398865e-02,3.163092955946922302e-02,2.033642381429672241e-01,-2.936781756579875946e-02,-1.165107637643814087e-02,2.878888137638568878e-02,4.809111822396516800e-03,1.469706650823354721e-02,6.809070706367492676e-03,4.894636105746030807e-03,-2.140745520591735840e-02,7.131432183086872101e-03,-2.136798202991485596e-02,-2.897308766841888428e-02,-1.275631692260503769e-02,6.075533106923103333e-03,1.756542921066284180e-02,-4.110441729426383972e-02,-5.216998048126697540e-03,-2.702576108276844025e-02,1.810489036142826080e-02,-2.847309969365596771e-02,1.776279322803020477e-02,1.344544696621596813e-03,-1.939104869961738586e-03,-1.422339212149381638e-02,2.084167674183845520e-02,7.203799206763505936e-03,1.026294659823179245e-03,2.152916276827454567e-03,1.855224929749965668e-02,5.154499318450689316e-03,-2.707839012145996094e-02,-6.621574517339468002e-03,1.308525726199150085e-02,-7.559054996818304062e-03,8.677452802658081055e-03,1.090767048299312592e-02,2.044694870710372925e-02,-4.180835094302892685e-03,-1.105898339301347733e-02,1.124318968504667282e-02,3.265722468495368958e-02,1.873316708952188492e-03,1.846014708280563354e-02,-3.506506793200969696e-03,1.374971773475408554e-02,1.860488019883632660e-02,-7.276166230440139771e-03,-5.105158314108848572e-03,-2.564420923590660095e-02,1.263789832592010498e-02,-2.763101086020469666e-02,-9.730063378810882568e-03,2.760469540953636169e-02,4.963713698089122772e-03,5.664357449859380722e-03,-1.587138394825160503e-03,1.702596619725227356e-02,1.453917473554611206e-02,8.012993261218070984e-03,7.881416939198970795e-03,3.011451335623860359e-03,3.260459378361701965e-02,-2.805205434560775757e-02,2.881519682705402374e-02,-5.529491696506738663e-03,3.370983153581619263e-02,-1.272342260926961899e-02,4.618326202034950256e-03,1.905223913490772247e-02,-1.563125848770141602e-02,5.088711157441139221e-03,-2.339425496757030487e-02,-6.128163542598485947e-03,-4.394646268337965012e-03,1.526284404098987579e-02,-1.108529861085116863e-03,8.144569583237171173e-03,-8.198844734579324722e-04,3.428876772522926331e-02,2.820994704961776733e-02,-2.663103118538856506e-02,-1.538126263767480850e-02,-1.116753323003649712e-03,3.381509333848953247e-03,2.629880094900727272e-03,-2.986780740320682526e-02,1.277605351060628891e-02,9.039287455379962921e-03,-2.692049928009510040e-02,2.807836979627609253e-02,2.946074237115681171e-04,-1.151292119175195694e-02,-1.160502433776855469e-02,-1.605230197310447693e-02,-1.401287037879228592e-03,1.593388244509696960e-02,5.430809222161769867e-03,-2.412779256701469421e-03,-1.626282371580600739e-02,-5.999054410494863987e-04,-4.684114363044500351e-03,-6.389671470969915390e-04,8.823832031339406967e-04,1.198659557849168777e-02,-2.795995213091373444e-03,6.723545957356691360e-03,2.221006900072097778e-02,1.843383163213729858e-02,8.536008535884320736e-04,-1.996011659502983093e-02,9.684011340141296387e-03,-1.340103987604379654e-02,3.976069565396755934e-04,5.815669894218444824e-03,6.545918062329292297e-03,-6.299212574958801270e-03,7.914311252534389496e-03,1.490758825093507767e-02,1.418391894549131393e-02,5.486729089170694351e-03,7.466951850801706314e-03,8.371538133360445499e-04,-2.364424988627433777e-02,1.043399609625339508e-02,-9.091918356716632843e-03,-3.342036530375480652e-02,-4.584116116166114807e-02,2.157850423827767372e-03,-4.713718779385089874e-03,-6.723545957356691360e-03,-1.263789832592010498e-02,-2.426265925168991089e-02,1.630229689180850983e-02,-8.309039287269115448e-03,1.531218527816236019e-03,1.223659049719572067e-02,-1.542073581367731094e-02,-3.068357892334461212e-02,-2.918361127376556396e-02,4.845295101404190063e-03,-2.234164625406265259e-02,9.651117026805877686e-03,1.590756699442863464e-02,9.631381370127201080e-03,-1.057873014360666275e-02,-1.530231721699237823e-02,1.827594079077243805e-02,-6.207109428942203522e-03,-1.390760857611894608e-02,-8.572191931307315826e-03,-7.585370447486639023e-03,9.399477858096361160e-04,1.589440926909446716e-02,-1.102608907967805862e-02,2.114430256187915802e-02,-3.027898259460926056e-03,-7.710367906838655472e-03,-1.335498876869678497e-02,2.197323180735111237e-02,-4.213728941977024078e-03,-5.081474408507347107e-02,1.618387736380100250e-02,1.619703508913516998e-02,-8.361670188605785370e-03,-5.128183867782354355e-03,7.723525632172822952e-03,-1.665228903293609619e-01,3.338747192174196243e-04,2.422318607568740845e-02,-9.039287455379962921e-03,2.089430764317512512e-02,-1.059188786894083023e-02,2.152587287127971649e-02,-1.434181001968681812e-03,-8.703768253326416016e-03,-7.361690979450941086e-03,7.657737471163272858e-03,4.378199577331542969e-03,-3.618346527218818665e-02,-6.223556119948625565e-03,-6.763018667697906494e-03,6.934068165719509125e-03,-3.265722468495368958e-02,-5.532781127840280533e-03,4.815690591931343079e-02,2.226269990205764771e-02,1.624966599047183990e-02,2.393371798098087311e-02,1.166423410177230835e-02,-3.149935230612754822e-02,-7.887995801866054535e-03,2.836783789098262787e-02,-5.802512168884277344e-03,4.249912500381469727e-02,-1.711806841194629669e-02,-2.244690619409084320e-02,-3.673608601093292236e-02,2.098640985786914825e-02,4.042022302746772766e-02,-9.559013880789279938e-03,4.009786061942577362e-03,1.357702305540442467e-03,3.624925389885902405e-03,-2.142061293125152588e-02,-1.859172247350215912e-02,6.243292707949876785e-03,2.273637428879737854e-02,4.247280955314636230e-02,-2.860138658434152603e-03,-2.242059260606765747e-02,9.802429936826229095e-03,1.931539177894592285e-02,1.365761365741491318e-02,7.986677810549736023e-03,1.440759841352701187e-02,-3.123619966208934784e-02,1.303920522332191467e-02,-2.134166657924652100e-02,-1.351288054138422012e-02,-8.059045299887657166e-03,1.156555209308862686e-02,1.844698935747146606e-02,-3.490059869363903999e-03,-6.147077656351029873e-04,-3.278879821300506592e-02,-1.346024964004755020e-02,-1.509179454296827316e-02,-8.111675269901752472e-03,-1.192080788314342499e-02,-3.707160707563161850e-03,5.039370153099298477e-03,-1.530231721699237823e-02,-3.552558599039912224e-03,6.603482761420309544e-04,-2.992043830454349518e-02,1.224974822252988815e-02,-2.614419907331466675e-02,-1.802594587206840515e-02,1.248658541589975357e-02,-1.519705634564161301e-02,3.286774456501007080e-02,-1.403918489813804626e-02,-2.402582205832004547e-02,3.494665026664733887e-02,1.851277798414230347e-02,-1.453917473554611206e-02,-1.977590844035148621e-02,2.322320640087127686e-02,-2.251269482076168060e-02,4.401225131005048752e-03,1.671018265187740326e-02,-1.389774028211832047e-03,3.437429433688521385e-03,3.195658093318343163e-03,-2.072325907647609711e-02,-4.059127066284418106e-03,-1.561809983104467392e-02,-4.440698307007551193e-03,1.486811507493257523e-02,-1.846014708280563354e-02,1.455233246088027954e-02,1.786805316805839539e-02,2.444028621539473534e-03,-4.703850485384464264e-03,-6.769597530364990234e-03,-3.197302669286727905e-02,-2.639748388901352882e-03,-1.178923156112432480e-02,-3.115725331008434296e-02,2.056536637246608734e-02,7.087642006808891892e-05,-8.111675269901752472e-03,2.473633270710706711e-03,2.855204418301582336e-02,1.796015724539756775e-02,-2.434160560369491577e-02,1.075635780580341816e-03,-1.667070947587490082e-02,2.194691635668277740e-02,2.909479662775993347e-03,1.868382655084133148e-02,1.399971172213554382e-02,2.215743996202945709e-02,3.229785652365535498e-04,4.164387937635183334e-03,1.355235278606414795e-02,5.002528801560401917e-02,4.513065330684185028e-03,-9.999793954193592072e-03,-1.176949497312307358e-02,-8.453773334622383118e-03,-4.820953682065010071e-02,-1.212606653571128845e-01,-5.170946195721626282e-02,5.443966947495937347e-03,2.581525780260562897e-02,3.299932181835174561e-02,2.360477857291698456e-02,-9.216915816068649292e-03,6.476840469986200333e-03,-3.465718403458595276e-02,6.993277464061975479e-03,-3.670977195724844933e-03,-4.828847944736480713e-03,-1.254579424858093262e-02,-5.506465677171945572e-03,1.301289070397615433e-02,-2.640735171735286713e-02,2.320675877854228020e-03,-2.405213750898838043e-02,-1.132213603705167770e-02,2.693365700542926788e-02,-1.709175296127796173e-02,9.950453386409208179e-05,6.105137523263692856e-03,-1.518389862030744553e-02,1.680228672921657562e-02,-5.707119591534137726e-03,-1.433975412510335445e-04,1.140766032040119171e-02,1.684175990521907806e-02,8.782714605331420898e-03,-9.552435018122196198e-03,9.098497219383716583e-03,6.496576825156807899e-04,1.043399609625339508e-02,-8.256409317255020142e-03,-8.789292536675930023e-03,-4.078863561153411865e-02,-1.817067898809909821e-02,1.332209445536136627e-02,-1.580230705440044403e-02,2.022326923906803131e-02,-3.026253543794155121e-04,-1.857856474816799164e-02,-1.311815157532691956e-02,3.152895718812942505e-03,-3.710450138896703720e-03,-1.327069767285138369e-04,2.747312001883983612e-02,2.306531555950641632e-02,-1.249974302481859922e-04,-1.455233246088027954e-02,-1.927591860294342041e-02,-5.138052161782979965e-03,-1.952591352164745331e-02,2.761456416919827461e-03,-6.193951703608036041e-03,-6.319771637208759785e-04,2.703480713535100222e-04,-2.486790902912616730e-02,1.480232737958431244e-02,-1.301946956664323807e-02,-1.943833340192213655e-04,8.118254132568836212e-03,2.119693346321582794e-02,1.403753994964063168e-03,2.674287185072898865e-03,-4.425279257702641189e-05,-1.090109162032604218e-02,1.868382655084133148e-02,-2.172323688864707947e-02,1.113464008085429668e-03,6.391316186636686325e-03,-2.052589319646358490e-02,3.052568808197975159e-02,-2.111798711121082306e-02,2.004893030971288681e-03,-1.697333529591560364e-02,-7.657737471163272858e-03,1.572336070239543915e-02,-1.472338195890188217e-02,-2.881519682705402374e-02,-2.176271006464958191e-02,1.726280339062213898e-02,5.982607253827154636e-04,3.049937263131141663e-02,1.348656509071588516e-02,1.796015654690563679e-03,-1.909171231091022491e-02,-2.197323180735111237e-02,-1.137312152422964573e-03,2.105219848453998566e-02,2.090746536850929260e-02,7.611685432493686676e-03,-1.978906616568565369e-02,-1.090109162032604218e-02,1.626282371580600739e-02,-1.969696395099163055e-02,-9.289282374083995819e-03,-2.064431272447109222e-02,9.789272211492061615e-03,-1.563125848770141602e-02,1.209185644984245300e-02,-4.489381238818168640e-02,2.643366716802120209e-02,-3.589399904012680054e-02,-3.134804079309105873e-03,1.388129312545061111e-02,-1.145371142774820328e-02,2.101930556818842888e-03,8.322197012603282928e-03,-9.894533082842826843e-03,1.779568730853497982e-03,-2.244690619409084320e-02,1.794699952006340027e-02,-3.927550744265317917e-03,-1.840422744862735271e-03,-3.523611649870872498e-02,6.003166083246469498e-03,-6.203819997608661652e-03,2.376266941428184509e-02,1.644703000783920288e-02,-2.702247118577361107e-03,-6.861701142042875290e-03,-2.136798202991485596e-02,-8.940605446696281433e-03,1.934170722961425781e-02,-1.303262636065483093e-02,1.861803792417049408e-02,-3.917682450264692307e-03,2.335478365421295166e-02,1.327275298535823822e-03,-1.180896814912557602e-02,1.490758825093507767e-02,-2.396332332864403725e-03,1.460496243089437485e-02,1.086819730699062347e-02,8.881396614015102386e-03,-1.553915441036224365e-02,-1.846014708280563354e-02,1.677597127854824066e-02,9.710326790809631348e-03,4.270964860916137695e-02,5.760572385042905807e-04,-1.990748569369316101e-02,2.059168182313442230e-02,-2.502580173313617706e-02,-2.531526982784271240e-02,2.580539090558886528e-03,-4.812401253730058670e-03,-4.927530419081449509e-03,1.980222389101982117e-02,1.534178946167230606e-02,3.394667059183120728e-03,2.999938279390335083e-02,-1.678912900388240814e-02,-1.415760349482297897e-02,-1.261158287525177002e-02,-2.340741269290447235e-02,1.511810999363660812e-02,-6.815649569034576416e-03,3.641372546553611755e-03,-2.897308766841888428e-02,4.139388725161552429e-02,1.714438386261463165e-02,-7.335375528782606125e-03,-1.878250855952501297e-03,3.302563726902008057e-02,1.421023439615964890e-02,-2.972800866700708866e-04,-8.723504841327667236e-03,5.305811762809753418e-03,2.896321937441825867e-03,1.685820636339485645e-03,1.135502941906452179e-02,4.539380315691232681e-03,6.693941541016101837e-03,6.582923815585672855e-04,-1.556546986103057861e-02,-1.269052829593420029e-02,-1.684175920672714710e-03,-3.734133765101432800e-02,1.713122613728046417e-02,-1.712135854177176952e-03,1.835488528013229370e-02,-1.092740707099437714e-02,7.874838076531887054e-03,6.743282545357942581e-03,1.577599160373210907e-02,3.363417694345116615e-03,-1.876606140285730362e-03,-1.365761365741491318e-02,1.677597058005630970e-03,-3.136777505278587341e-02,2.638103626668453217e-02,1.674965582787990570e-02,-4.217018373310565948e-03,-9.197179228067398071e-03,1.004584599286317825e-02,-1.580230705440044403e-02,-9.631381370127201080e-03,6.420920602977275848e-03,1.935486495494842529e-02,-1.397997548338025808e-04,2.981517650187015533e-02,-5.845274776220321655e-03,-9.236652404069900513e-03,-1.909171231091022491e-02,1.590756699442863464e-02,-2.064431272447109222e-02,-6.407762877643108368e-03,-1.389445085078477859e-02,1.274973805993795395e-02,-7.407742552459239960e-03,-1.676281355321407318e-02,2.192060276865959167e-02,3.848605090752243996e-03,-1.751279830932617188e-02,1.869698427617549896e-02,2.324952185153961182e-02,-9.029419743455946445e-04,-1.297999639064073563e-02,2.636787854135036469e-02,6.443946622312068939e-03,2.321004867553710938e-02,3.673608601093292236e-02,-1.063793897628784180e-02,2.705207467079162598e-02,-5.776197183877229691e-03,-6.361711304634809494e-03,-1.556546986103057861e-02,1.513126771897077560e-02,-4.549248609691858292e-03,1.540757808834314346e-02,-1.518389862030744553e-02,-3.581505268812179565e-02,-1.133529283106327057e-02,-1.642236020416021347e-03,1.431549526751041412e-02,-6.927489303052425385e-03,1.939433813095092773e-02,-1.323657017201185226e-02,2.501264400780200958e-02,1.677597127854824066e-02,-2.381530031561851501e-02,-7.986677810549736023e-03,1.099977362900972366e-02,1.005242485553026199e-02,1.839435845613479614e-02,9.828745387494564056e-03,-9.480068460106849670e-03,-5.039370153099298477e-03,2.186797186732292175e-02,-9.243231266736984253e-03,1.715754158794879913e-02,-1.251290086656808853e-02,-3.692029416561126709e-02,1.812462694942951202e-03,2.157850423827767372e-03,-1.044057495892047882e-02,2.084167674183845520e-02,1.509179454296827316e-02,3.757817298173904419e-02,1.253263745456933975e-02,1.195370126515626907e-02,-2.606854250188916922e-04,-3.968339413404464722e-02,-3.620978072285652161e-02,1.474969647824764252e-02,1.071030646562576294e-02,-1.869698427617549896e-02,-4.339384287595748901e-02,-3.717028768733143806e-03,1.423654984682798386e-02,-1.630229689180850983e-02,-2.460475638508796692e-02,7.664316333830356598e-03,-1.593388244509696960e-02,-1.468390878289937973e-02,-1.079583074897527695e-02,4.615036770701408386e-03,-1.260253629880025983e-04,-9.611644782125949860e-03,1.806541718542575836e-02,-1.494706142693758011e-02,-1.993380114436149597e-02,4.034127667546272278e-02,8.210357278585433960e-03,9.335334412753582001e-03,1.730227656662464142e-02,-1.652597635984420776e-02
-2.526892162859439850e-02,-1.734705455601215363e-02,-1.530776359140872955e-02,1.152330730110406876e-02,-5.013259593397378922e-03,4.779263958334922791e-02,-1.135990303009748459e-02,-8.778106421232223511e-03,1.074550114572048187e-02,-2.158250845968723297e-02,-3.771383082494139671e-03,8.797715418040752411e-03,-7.176739629358053207e-03,-2.017069049179553986e-02,3.964201081544160843e-03,4.183163400739431381e-03,2.597483061254024506e-02,-7.032943423837423325e-03,5.392359104007482529e-03,2.746834885329008102e-03,8.247857913374900818e-04,-9.992204140871763229e-04,3.594905883073806763e-02,-2.205311320722103119e-02,-2.930828742682933807e-02,-2.130798809230327606e-02,-6.624431349337100983e-03,-1.581758633255958557e-02,3.308947663754224777e-03,-2.943901158869266510e-02,3.876779228448867798e-04,-1.375214941799640656e-02,2.717422088608145714e-03,-1.537312474101781845e-02,-2.151714637875556946e-02,-6.915291771292686462e-03,1.301355939358472824e-02,-1.771308295428752899e-02,2.251064777374267578e-02,1.841572346165776253e-03,2.431463683024048805e-03,-4.062243737280368805e-03,6.425077561289072037e-03,2.734743058681488037e-02,-1.500709820538759232e-02,1.318350061774253845e-02,-1.547443564049899578e-03,-9.457870386540889740e-03,-1.780458912253379822e-02,2.475909702479839325e-02,1.380443852394819260e-02,2.577874436974525452e-02,-1.738627254962921143e-02,-2.219691127538681030e-02,-4.660305567085742950e-03,2.771345712244510651e-02,7.404280950140673667e-06,2.240606769919395447e-02,-1.738627254962921143e-02,9.379436378367245197e-04,4.830246325582265854e-03,6.604822818189859390e-03,-7.967619225382804871e-03,2.065436914563179016e-02,7.477404549717903137e-03,9.693173691630363464e-03,-2.286360226571559906e-02,1.415085745975375175e-03,-3.840013174340128899e-03,-9.725854732096195221e-03,1.014417130500078201e-02,1.154291629791259766e-02,1.247105561196804047e-02,-4.375981166958808899e-03,3.419736027717590332e-02,-4.055054113268852234e-02,-3.153059259057044983e-02,-9.895795956254005432e-03,-1.956772757694125175e-04,1.505938824266195297e-02,-3.227245062589645386e-03,-2.257600985467433929e-02,-3.584448248147964478e-02,1.258217077702283859e-02,4.081198573112487793e-02,1.393516268581151962e-02,-1.247105561196804047e-02,1.132068596780300140e-02,-1.469336077570915222e-02,-4.180548712611198425e-02,-1.715750549919903278e-03,5.549227818846702576e-03,-9.052626788616180420e-03,1.807910948991775513e-02,-1.464107166975736618e-02,1.096773147583007812e-02,-2.062822319567203522e-02,3.040636889636516571e-02,3.830208908766508102e-03,-3.241951391100883484e-02,3.066781535744667053e-02,1.077818218618631363e-02,-5.882573314011096954e-03,1.143833738751709461e-03,-1.937327533960342407e-02,-1.234686840325593948e-02,-1.988309808075428009e-02,3.215806791558861732e-03,1.419661007821559906e-02,-2.495518326759338379e-02,7.967619225382804871e-03,3.163517266511917114e-02,1.760850287973880768e-02,-6.855159252882003784e-02,-3.483790671452879906e-03,-1.181743666529655457e-02,-1.793531328439712524e-02,-1.738627254962921143e-02,-4.034138098359107971e-02,-1.533390767872333527e-02,2.085045445710420609e-03,2.270673401653766632e-02,7.104841526597738266e-03,-2.424927428364753723e-02,-1.133375801146030426e-02,3.472025692462921143e-02,-4.434806760400533676e-03,-3.801449760794639587e-02,-5.679951515048742294e-03,-1.538619771599769592e-02,1.930791325867176056e-02,1.013763528317213058e-02,1.687644980847835541e-02,-1.466721668839454651e-02,-6.291085388511419296e-03,2.052364498376846313e-02,-1.496788114309310913e-02,6.653844378888607025e-03,-1.656271144747734070e-02,1.810525427572429180e-03,1.919026114046573639e-02,3.555689007043838501e-02,9.497088380157947540e-03,-9.797752834856510162e-03,1.571300812065601349e-02,1.730457064695656300e-03,1.536005269736051559e-02,1.173246558755636215e-02,2.797490451484918594e-03,-1.122917886823415756e-02,2.243221364915370941e-02,-7.071343716233968735e-04,2.771345712244510651e-02,-1.877194456756114960e-02,2.670034766197204590e-03,8.510123006999492645e-03,1.823597773909568787e-02,-1.321944990195333958e-03,-7.993763312697410583e-03,4.378738594823516905e-05,8.614702150225639343e-03,-4.921752959489822388e-03,2.618398703634738922e-02,2.147139282897114754e-03,2.626242302358150482e-02,3.571375831961631775e-02,-1.214097836054861546e-03,-1.126185990869998932e-02,-2.184395678341388702e-02,-8.562412112951278687e-03,3.111227788031101227e-02,3.362217545509338379e-02,-4.426309838891029358e-02,7.117914035916328430e-03,9.861480211839079857e-04,1.333383284509181976e-02,8.366326801478862762e-03,2.094849711284041405e-03,-3.443266451358795166e-02,6.921828258782625198e-03,-3.304699063301086426e-02,1.653656736016273499e-02,3.618436306715011597e-02,-5.251830909401178360e-03,-3.921715542674064636e-03,-1.305277645587921143e-02,-4.375981166958808899e-03,-2.431463683024048805e-03,2.354336529970169067e-02,-2.173937670886516571e-02,2.886382676661014557e-02,1.733398251235485077e-02,-2.158250845968723297e-02,-1.102655660361051559e-02,-6.513185501098632812e-01,-1.348906778730452061e-03,-5.248562898486852646e-03,-1.388287357985973358e-02,2.190931700170040131e-02,1.300702337175607681e-03,1.260831579566001892e-02,-7.202884182333946228e-03,-1.280440110713243484e-02,3.320385888218879700e-02,-1.260831579566001892e-02,3.508628159761428833e-02,1.618524664081633091e-03,-3.383133187890052795e-02,-2.869388554245233536e-03,-1.051673386245965958e-02,8.967656642198562622e-03,-4.682528600096702576e-02,8.399007841944694519e-03,7.490476593375205994e-03,-1.762157492339611053e-02,1.201352197676897049e-02,7.504366221837699413e-04,2.039292128756642342e-03,3.108613193035125732e-02,6.830321159213781357e-03,-3.918447531759738922e-03,-6.487171165645122528e-03,-3.072010539472103119e-02,1.601367257535457611e-02,-3.830209001898765564e-02,2.205311320722103119e-02,-5.827015731483697891e-03,3.330843895673751831e-02,4.094270989298820496e-02,-1.469336077570915222e-02,-3.382479771971702576e-03,1.928176917135715485e-02,2.928214380517601967e-03,3.466796502470970154e-02,-9.562449529767036438e-03,-1.866736635565757751e-02,-9.013409726321697235e-03,7.928402163088321686e-03,2.077202126383781433e-02,1.020299643278121948e-02,1.267367787659168243e-02,-1.447113044559955597e-02,6.778031587600708008e-03,-6.506779696792364120e-03,-5.193005315959453583e-03,-2.660230500623583794e-03,-7.010066765360534191e-04,1.139748608693480492e-03,-1.525547355413436890e-02,6.264940835535526276e-03,3.226264566183090210e-02,-7.202884182333946228e-03,1.311160251498222351e-02,8.104878477752208710e-03,-1.356913615018129349e-02,2.980503812432289124e-02,-8.497050032019615173e-03,-6.042710039764642715e-03,-1.343841198831796646e-02,1.166056748479604721e-02,-8.405543863773345947e-03,2.276229206472635269e-03,4.219112452119588852e-03,2.866120543330907822e-03,7.444723509252071381e-03,-1.466558198444545269e-03,-1.355606317520141602e-02,-2.083411440253257751e-03,1.624897494912147522e-02,6.081927102059125900e-03,9.281394071877002716e-03,-4.698215425014495850e-02,-4.813905805349349976e-03,-1.232072338461875916e-02,1.008534524589776993e-02,7.238833350129425526e-04,-3.105998784303665161e-02,3.607978345826268196e-03,1.451034750789403915e-02,3.421696834266185760e-03,-8.686600252985954285e-03,-3.879230469465255737e-03,1.525547355413436890e-02,-8.908830583095550537e-03,-6.166897714138031006e-03,2.432770840823650360e-02,5.307388491928577423e-03,-7.268246263265609741e-03,2.658923156559467316e-02,-1.592216454446315765e-02,-1.909875497221946716e-02,1.320964563637971878e-02,2.469046739861369133e-03,5.235490389168262482e-03,2.349107712507247925e-02,3.349798731505870819e-03,2.175244875252246857e-02,-1.228804234415292740e-02,-1.071282010525465012e-02,2.049750089645385742e-02,-2.558265812695026398e-02,1.069974713027477264e-02,1.013763528317213058e-02,-1.231255242601037025e-03,-2.875924855470657349e-02,-3.578565549105405807e-03,-7.050918065942823887e-04,3.072010586038231850e-03,6.751887034624814987e-03,-2.584410645067691803e-02,-6.398932542651891708e-03,1.205110573209822178e-03,1.478486787527799606e-02,-2.121648192405700684e-02,2.800104953348636627e-02,1.009841728955507278e-02,7.294390816241502762e-03,-4.177934303879737854e-02,2.281131222844123840e-02,2.133413217961788177e-02,2.269366011023521423e-02,-1.372600439935922623e-02,-8.993800729513168335e-03,-1.211156509816646576e-02,2.828537486493587494e-03,-1.800067536532878876e-02,-5.869500804692506790e-03,-6.238795816898345947e-03,-6.947972811758518219e-03,-1.180436369031667709e-02,1.310506649315357208e-02,-1.711175218224525452e-02,1.219653524458408356e-02,-1.767386496067047119e-02,3.011550754308700562e-03,-4.637428559362888336e-03,-1.902032084763050079e-02,-1.327500771731138229e-02,6.575409788638353348e-03,-1.886345259845256805e-02,-1.520318444818258286e-02,-6.379324011504650116e-03,-4.567491263151168823e-02,1.185011770576238632e-02,1.559535600244998932e-02,-1.321127987466752529e-03,-2.896840684115886688e-02,-4.696254618465900421e-03,3.341628471389412880e-03,2.810562960803508759e-03,-2.002689428627490997e-02,-1.169324852526187897e-02,9.111452847719192505e-03,-1.147755421698093414e-02,3.534772992134094238e-02,2.266751602292060852e-02,-6.496975664049386978e-03,-1.690259389579296112e-02,4.251793492585420609e-03,-8.666991256177425385e-03,-3.529543988406658173e-03,2.521663159132003784e-02,-2.146485634148120880e-02,-9.026481769979000092e-03,1.069974713027477264e-02,2.888997085392475128e-02,-2.014454640448093414e-02,2.313812263309955597e-02,-5.555763840675354004e-03,1.619668491184711456e-02,-1.691566593945026398e-02,-4.670109599828720093e-03,-5.764922127127647400e-03,1.410510390996932983e-02,1.026182202622294426e-03,1.688952185213565826e-02,-3.001419641077518463e-02,4.418466240167617798e-03,1.788302324712276459e-02,-1.519011147320270538e-02,-1.451034750789403915e-02,6.451222114264965057e-03,8.307500742375850677e-03,1.847128011286258698e-02,1.512475032359361649e-02,1.905953697860240936e-02,3.931520041078329086e-03,-1.096119545400142670e-02,1.097426749765872955e-02,3.085082955658435822e-02,1.869351044297218323e-02,2.896840684115886688e-02,1.185665372759103775e-02,3.453724086284637451e-02,4.099500179290771484e-02,-7.869576103985309601e-03,4.204079136252403259e-02,-2.243221364915370941e-02,2.792261540889739990e-02,-2.496825531125068665e-02,-4.719131160527467728e-03,-2.758273296058177948e-02,3.655038774013519287e-02,6.745351012796163559e-03,-2.611208939924836159e-03,-3.618436306715011597e-02,9.301002137362957001e-03,-6.270660087466239929e-04,5.791066680103540421e-03,2.675917372107505798e-02,-1.048405282199382782e-02,2.322962880134582520e-02,1.028796751052141190e-02,-3.117763902992010117e-03,2.763502299785614014e-02,1.122917886823415756e-02,1.375214941799640656e-02,-1.415739301592111588e-02,-5.417196452617645264e-02,4.882535897195339203e-03,3.592291474342346191e-02,-5.866232793778181076e-03,1.210502907633781433e-02,-4.245257005095481873e-03,1.546463184058666229e-02,-2.083738148212432861e-02,5.248562898486852646e-03,2.022298052906990051e-02,2.187010087072849274e-02,-2.473295293748378754e-02,-1.415902748703956604e-03,-3.045865707099437714e-02,-1.257563475519418716e-02,-2.245835773646831512e-02,1.006573718041181564e-02,-1.051673386245965958e-02,1.471950579434633255e-02,-1.393516268581151962e-02,6.888533971505239606e-05,2.062822319567203522e-02,8.686600252985954285e-03,2.602711878716945648e-02,-4.451147280633449554e-03,2.868081443011760712e-02,-1.048405282199382782e-02,-2.611208939924836159e-03,-1.483715698122978210e-02,3.970737103372812271e-03,-6.389128509908914566e-03,-3.840666636824607849e-02,-8.738889358937740326e-03,3.053709305822849274e-02,1.397437974810600281e-02,4.329574108123779297e-02,1.894188672304153442e-02,-6.644039880484342575e-03,2.925599925220012665e-02,1.414432097226381302e-02,8.542804047465324402e-03,1.828091335482895374e-04,-1.166710350662469864e-02,-2.875924855470657349e-02,1.262792386114597321e-02,-1.576529629528522491e-02,-1.116381678730249405e-02,-2.275902219116687775e-02,9.954621084034442902e-03,4.617820028215646744e-03,1.609210669994354248e-02,4.794297274202108383e-03,-1.899580965982750058e-04,-3.294241148978471756e-03,2.692911401391029358e-02,2.082430943846702576e-02,-5.078621674329042435e-03,-3.134758025407791138e-02,1.269982196390628815e-02,5.724274888052605093e-05,-1.032718457281589508e-02,8.072198252193629742e-04,-3.597520291805267334e-02,-3.238683566451072693e-03,-5.843356251716613770e-03,1.638133311644196510e-03,4.715863149613142014e-03,2.768731303513050079e-02,1.213117316365242004e-02,1.115728076547384262e-02,-1.143180113285779953e-02,5.954471416771411896e-03,3.417121618986129761e-02,-2.421005815267562866e-02,3.657653555274009705e-02,-1.550384890288114548e-02,-4.447879269719123840e-03,-1.919026114046573639e-02,-7.209420669823884964e-03,-1.519011147320270538e-02,2.129491604864597321e-02,1.360835321247577667e-02,5.140715744346380234e-03,-2.626732457429170609e-04,-1.652349531650543213e-02,-8.627774193882942200e-03,-1.176514662802219391e-02,1.232725940644741058e-02,-2.098117768764495850e-02,-1.188933476805686951e-02,-6.451222114264965057e-03,-6.526388227939605713e-03,-4.023680090904235840e-02,-4.955251351930201054e-04,2.739972062408924103e-02,-6.863002199679613113e-03,9.176814928650856018e-03,-3.733473271131515503e-02,-3.921715542674064636e-03,6.098267622292041779e-03,1.065137982368469238e-01,8.588557131588459015e-03,9.725854732096195221e-03,1.363449823111295700e-02,2.800758462399244308e-03,6.127680651843547821e-03,-1.300048734992742538e-02,-2.068051323294639587e-02,1.299885334447026253e-03,-1.840591803193092346e-02,3.679876448586583138e-03,-4.124337807297706604e-03,8.934975601732730865e-03,-3.888523860950954258e-05,2.849780023097991943e-02,-4.252610378898680210e-04,-1.256256271153688431e-02,6.575409788638353348e-03,-2.111190231516957283e-03,4.706058651208877563e-03,-1.890266872942447662e-02,4.647233057767152786e-03,3.096521366387605667e-03,5.294315982609987259e-03,1.272596698254346848e-02,-1.414432097226381302e-02,4.015836864709854126e-02,3.296855464577674866e-02,2.268058806657791138e-02,-2.607940929010510445e-03,-1.954321563243865967e-02,2.451072214171290398e-03,1.371293235570192337e-02,5.663610994815826416e-03,3.385747782886028290e-03,3.954396583139896393e-03,1.980466395616531372e-02,1.658885739743709564e-02,2.240606769919395447e-02,-1.790916733443737030e-02,2.240606769919395447e-02,1.309199351817369461e-02,6.967581342905759811e-03,-1.630126498639583588e-02,2.016415353864431381e-03,1.111152814701199532e-03,-1.230111438781023026e-02,1.031411159783601761e-02,-2.079816535115242004e-02,-2.222305536270141602e-02,9.673565626144409180e-03,-1.979159191250801086e-02,-3.017106465995311737e-02,-2.537349984049797058e-02,-1.966086775064468384e-02,5.882573314011096954e-03,5.813943222165107727e-03,3.467450151219964027e-03,2.124262682627886534e-04,3.104691626504063606e-03,-1.724247634410858154e-02,-2.407933399081230164e-02,8.562412112951278687e-03,-7.810750044882297516e-03,-3.092926368117332458e-02,-1.253641769289970398e-02,-3.751774504780769348e-02,1.154945231974124908e-02,-2.192239090800285339e-02,6.111340131610631943e-03,-2.087659947574138641e-02,-1.256909873336553574e-02,-2.398782782256603241e-02,1.946478150784969330e-02,1.834055595099925995e-02,3.187047690153121948e-02,8.684966014698147774e-04,5.258366931229829788e-03,3.053709305822849274e-02,8.202921599149703979e-04,1.605288870632648468e-02,-1.902644871734082699e-04,2.413162402808666229e-02,-1.813793438486754894e-03,1.748431590385735035e-03,1.213771011680364609e-02,4.431538749486207962e-03,-1.454956457018852234e-02,-8.706208318471908569e-03,2.449765056371688843e-02,1.109518692828714848e-03,1.045790873467922211e-02,5.469486117362976074e-02,-1.086315233260393143e-02,1.409203186631202698e-02,8.470905944705009460e-03,-6.915291771292686462e-03,-1.985695399343967438e-02,-2.401397190988063812e-02,-6.876074708998203278e-03,-1.461492665112018585e-02,-2.612842945381999016e-03,1.109191868454217911e-02,-1.613132283091545105e-02,2.470680885016918182e-02,4.042635206133127213e-03,-1.004612818360328674e-02,2.126877009868621826e-02,-1.233379542827606201e-02,-2.424927428364753723e-03,-2.073607174679636955e-03,-3.584448248147964478e-02,1.766406116075813770e-03,-2.177859470248222351e-02,-1.624243916012346745e-03,2.844551019370555878e-02,-1.091544143855571747e-02,1.594831049442291260e-02,-7.581983692944049835e-03,-1.275211200118064880e-02,9.046090766787528992e-03,-2.928214333951473236e-02,2.857623435556888580e-02,-2.325250534340739250e-03,-7.902257144451141357e-03,7.320535834878683090e-03,-7.686562370508909225e-03,-3.202734515070915222e-02,2.159558050334453583e-02,6.255136337131261826e-03,-8.124487474560737610e-03,1.264099683612585068e-02,-1.402666978538036346e-02,8.725817315280437469e-03,-3.270138986408710480e-04,-8.962754509411752224e-04,-1.465414371341466904e-02,-3.833476919680833817e-03,-1.898110285401344299e-02,2.527872566133737564e-03,-1.475872285664081573e-02,-1.983080804347991943e-02,-3.274632617831230164e-03,-2.333420701324939728e-02,1.367698307149112225e-03,-3.362217545509338379e-02,-5.551678477786481380e-04,6.362983491271734238e-03,-3.243585582822561264e-03,1.921640709042549133e-02,-1.164749544113874435e-02,5.614589434117078781e-03,-1.502017118036746979e-02,-1.108538266271352768e-02,-7.117914035916328430e-03,-2.996190637350082397e-02,-3.210577741265296936e-02,-9.363095741719007492e-04,1.447113044559955597e-02,3.495555743575096130e-02,1.758235879242420197e-02,-9.941549040377140045e-03,1.932098530232906342e-02,1.515089441090822220e-02,-1.011475804261863232e-03,-3.016453003510832787e-03,-1.350377406924962997e-02,-1.536005293019115925e-03,-3.636737540364265442e-02,-8.464369922876358032e-03,5.506742279976606369e-03,9.006873704493045807e-03,2.074587531387805939e-02,1.406588684767484665e-02,9.261785075068473816e-03,1.088929735124111176e-02,-1.342533994466066360e-02,-4.810637794435024261e-03,-3.686412703245878220e-03,-3.270711004734039307e-02,9.987302124500274658e-03,-1.366881304420530796e-03,6.676720920950174332e-03,-7.764996960759162903e-03,2.366101834923028946e-03,-9.686637669801712036e-03,4.904758930206298828e-02,-1.020299643278121948e-02,1.479793991893529892e-02,-8.686600252985954285e-03,2.794875949621200562e-02,8.039517328143119812e-03,2.337342500686645508e-02,-5.866232793778181076e-03,2.260215394198894501e-02,-1.739934459328651428e-02,2.583103440701961517e-02,3.524314984679222107e-02,-6.598286330699920654e-03,9.614739567041397095e-03,1.071935612708330154e-02,4.192967433482408524e-03,-1.420968305319547653e-02,-1.431426219642162323e-02,-2.509897947311401367e-02,2.537349984049797058e-02,1.207888405770063400e-02,5.114570725709199905e-03,8.183313533663749695e-03,-1.912489905953407288e-02,-4.062243737280368805e-03,-8.372862823307514191e-03,8.353253826498985291e-03,-1.966086775064468384e-02,-3.145542723359540105e-05,3.201100276783108711e-03,-1.279786508530378342e-02,6.372787989675998688e-03,-1.300702337175607681e-02,-3.670725971460342407e-02,-2.655001543462276459e-02,-9.681735537014901638e-04,2.471988089382648468e-02,-2.342571504414081573e-02,1.393516268581151962e-02,3.265481814742088318e-02,1.688952185213565826e-02,-6.598286330699920654e-03,6.908755749464035034e-03,-5.248562898486852646e-03,1.180436369031667709e-02,1.319493865594267845e-03,6.446319748647511005e-04,2.985405968502163887e-03,-8.634310215711593628e-03,-1.636662706732749939e-02,8.778106421232223511e-03,-1.568686217069625854e-02,-4.591021686792373657e-02,2.281131222844123840e-02,-6.457758601754903793e-03,-1.383058354258537292e-02,3.879230469465255737e-03,1.549077685922384262e-02,-1.892881467938423157e-02,1.753006875514984131e-02,-1.692873984575271606e-02,5.454452708363533020e-03,-1.402666978538036346e-02,-2.611862681806087494e-02,-2.505976334214210510e-02,-1.151023525744676590e-02,-2.657615952193737030e-02,1.323579065501689911e-02,6.173434201627969742e-03,-1.801374740898609161e-02,1.211810111999511719e-02,8.640847168862819672e-03,-1.685030385851860046e-02,1.788302324712276459e-02,-2.606633678078651428e-02,-3.702753223478794098e-03,-7.954546250402927399e-03,-1.461492665112018585e-02,9.621275588870048523e-03,4.617820028215646744e-03,-2.172630466520786285e-02,-1.206581201404333115e-02,8.882685564458370209e-03,2.773960120975971222e-02,1.088276039808988571e-02,-1.397437974810600281e-02,1.383221824653446674e-03,2.353029325604438782e-02,6.545996759086847305e-03,-4.647233057767152786e-03,-8.457832969725131989e-03,-1.153638027608394623e-02,-5.882573314011096954e-03,-2.376559749245643616e-02,2.109882980585098267e-02,-7.385897915810346603e-03,-3.434769343584775925e-03,-1.661500148475170135e-02,-1.149062719196081161e-02,-1.854971423745155334e-02,-8.497050032019615173e-03,1.537312474101781845e-02,1.349070202559232712e-02,-5.447916686534881592e-03,-2.951744571328163147e-02,2.355643920600414276e-02,1.069321110844612122e-02,1.319657266139984131e-02,2.833439502865076065e-03,2.936384640634059906e-03,2.579181641340255737e-02,2.553036808967590332e-02,-1.010495424270629883e-02,-7.686562370508909225e-03,-1.817061565816402435e-02,2.742586471140384674e-02,-3.210577741265296936e-02,-5.098230205476284027e-03,-2.638987731188535690e-03,-8.542804047465324402e-03,2.241914160549640656e-02,-1.954321563243865967e-02,-3.866811469197273254e-02,2.139949426054954529e-02,1.071935612708330154e-02,3.053709305822849274e-02,9.928476996719837189e-03,-3.312542289495468140e-02,6.313961930572986603e-03,6.516584195196628571e-03,3.035407885909080505e-02,5.630929954349994659e-03,-3.553074225783348083e-02,2.719056094065308571e-03,-1.602674461901187897e-02,-9.895795956254005432e-03,2.390939369797706604e-02,-2.920370921492576599e-02,1.148409023880958557e-02,5.748581606894731522e-03,-1.993538811802864075e-02,7.294390816241502762e-03,-1.869351137429475784e-03,-6.980653852224349976e-03,1.317042857408523560e-03,4.549189936369657516e-03,-1.899417676031589508e-02,-3.090311959385871887e-02,1.436328398995101452e-03,-9.497088380157947540e-03,1.542541477829217911e-02,2.158577553927898407e-03,3.617782611399888992e-03,-1.786995120346546173e-02,-8.114070806186646223e-05,1.068013906478881836e-02,4.114533308893442154e-03,2.810562774538993835e-02,-1.760850287973880768e-02,1.111806370317935944e-02,2.236685156822204590e-02,-2.341264300048351288e-02,-2.980503812432289124e-02,-1.832748390734195709e-02,-1.823597704060375690e-03,2.411855012178421021e-02,-9.693173691630363464e-03,5.690573016181588173e-04,-1.445805840194225311e-02,8.647383190691471100e-03,-5.132218450307846069e-02,-2.564802020788192749e-02,-3.823672654107213020e-03,-2.088313456624746323e-03,1.525547355413436890e-02,3.990345634520053864e-03,1.066706608980894089e-02,5.621125921607017517e-03,1.465414371341466904e-02,-8.941511623561382294e-03,-4.010607674717903137e-02,-2.418391406536102295e-03,-1.648427732288837433e-02,-2.606633678078651428e-02,3.750140604097396135e-04,4.686450120061635971e-03,-1.439269632101058960e-02,-2.053671702742576599e-02,2.472314983606338501e-03,-9.372900240123271942e-03,1.798760145902633667e-02,2.292896434664726257e-02,-9.366364218294620514e-03,-8.000300265848636627e-03,-8.013372309505939484e-03,-4.585138987749814987e-03,1.103962957859039307e-02,-1.763464696705341339e-02,-1.683069625869393349e-03,-2.287667430937290192e-02,3.282802877947688103e-03,-1.203966699540615082e-02,-4.914400051347911358e-04,-1.470643375068902969e-02,1.146448217332363129e-02,2.789646945893764496e-02,-1.899417676031589508e-02,-1.069321110844612122e-02,-9.091843850910663605e-03,9.104916825890541077e-03,-1.428811717778444290e-02,-1.733398251235485077e-02,7.170203607529401779e-03,-1.779151707887649536e-02,-1.082393527030944824e-02,2.209233120083808899e-03,-6.732278503477573395e-03,-2.193546295166015625e-02,-4.088388755917549133e-03,2.705983817577362061e-02,8.915366604924201965e-03,-6.974117364734411240e-03,5.245294421911239624e-03,-5.947935394942760468e-03,1.339919492602348328e-02,-1.780458912253379822e-02,-5.049208644777536392e-03,-2.146485634148120880e-02,1.960857771337032318e-02,-2.044194377958774567e-03,2.163479849696159363e-02,-1.114420872181653976e-02,2.173937670886516571e-02,3.294241055846214294e-02,-4.032830707728862762e-03,1.515089441090822220e-02,-9.353292174637317657e-03,-1.271943096071481705e-02,-2.897167345508933067e-03,-2.732128463685512543e-02,-1.817061565816402435e-02,-2.066744118928909302e-02,1.049058884382247925e-02,3.322019940242171288e-03,-7.366289384663105011e-03,-4.277121042832732201e-04,1.178965787403285503e-03,-7.163667120039463043e-03,-2.150407433509826660e-02,1.967393979430198669e-02,2.066482752561569214e-01,-2.371330745518207550e-02,1.437962427735328674e-02,8.863077498972415924e-03,-6.474098656326532364e-03,1.110499165952205658e-02,6.408737041056156158e-03,5.062281154096126556e-03,-1.190240681171417236e-02,1.081086229532957077e-02,-3.623665124177932739e-02,-2.708598226308822632e-02,-1.172592956572771072e-02,8.725817315280437469e-03,1.661500148475170135e-02,-3.278554230928421021e-02,-2.282438427209854126e-02,-2.393553778529167175e-02,-6.617895327508449554e-03,-3.153059259057044983e-02,2.826249785721302032e-02,-1.746470667421817780e-02,1.530776359140872955e-02,-2.928214333951473236e-02,5.591712892055511475e-03,1.195469684898853302e-02,9.059162810444831848e-03,2.332603762624785304e-04,1.968701183795928955e-02,4.070822615176439285e-04,-3.401434794068336487e-02,-8.261747658252716064e-03,2.701081568375229836e-03,-1.445805840194225311e-02,9.889259934425354004e-03,7.802579784765839577e-04,1.869351044297218323e-02,-7.300927303731441498e-03,1.511167734861373901e-02,-7.634273264557123184e-03,1.352991908788681030e-02,-3.908643033355474472e-03,1.230765040963888168e-02,-9.137596935033798218e-03,-7.470663695130497217e-05,2.456301264464855194e-02,-1.093995291739702225e-03,-7.764996960759162903e-03,-1.231418736279010773e-02,3.134758025407791138e-02,-4.303429275751113892e-02,7.268246263265609741e-03,3.607978299260139465e-02,2.262829989194869995e-02,5.794334691017866135e-03,-1.988432341022416949e-04,1.508553232997655869e-02,1.232725940644741058e-02,-1.807910948991775513e-02,4.127605818212032318e-03,-8.621238172054290771e-03,6.081927102059125900e-03,-1.445805840194225311e-02,2.687682397663593292e-02,1.225536130368709564e-02,3.116456605494022369e-02,-1.912489905953407288e-02,-2.230148948729038239e-02,1.976544596254825592e-02,-1.479793991893529892e-02,1.603981666266918182e-02,-1.743856258690357208e-02,2.189624495804309845e-02,2.719056233763694763e-02,8.869613520801067352e-03,-6.333570927381515503e-03,6.598286330699920654e-03,-5.820479709655046463e-03,1.320964563637971878e-02,4.405393730849027634e-03,-5.091694183647632599e-03,-4.128259420394897461e-02,1.797452941536903381e-02,1.378319575451314449e-03,1.121774083003401756e-03,-3.309927880764007568e-02,2.304661460220813751e-02,-1.513128634542226791e-03,-2.466759085655212402e-02,3.600135073065757751e-02,7.608128245919942856e-03,-3.553074225783348083e-02,-1.101348455995321274e-02,-2.253679186105728149e-02,-4.686450120061635971e-03,1.393516268581151962e-02,6.719205994158983231e-03,1.900724880397319794e-02,-1.435347925871610641e-02,4.440525954123586416e-04,-7.248637732118368149e-03,-1.525547355413436890e-02,1.971315778791904449e-02,1.298741530627012253e-02,-1.397437974810600281e-02,-3.820404643192887306e-03,2.077202126383781433e-02,1.126185990869998932e-02,8.882685564458370209e-03,-1.058209594339132309e-02,2.111190184950828552e-02,-1.007880922406911850e-02,-3.722361754626035690e-03,-4.692986141890287399e-03,3.728898009285330772e-03,1.554306596517562866e-02,-4.143946338444948196e-03,1.357894041575491428e-03,3.787723602727055550e-03,-1.083047129213809967e-02,5.728973075747489929e-03,-1.184358075261116028e-02,-1.358220819383859634e-02,2.435385435819625854e-02,-1.767386496067047119e-02,-1.844513602554798126e-02,-4.099500179290771484e-02,-1.598099130205810070e-03,5.062281154096126556e-03,1.728822942823171616e-03,-1.431426219642162323e-02,-1.296780630946159363e-02,3.809292986989021301e-02,-1.108538266271352768e-02,1.112459972500801086e-02,1.580124604515731335e-03,-4.232184961438179016e-03,-2.698140405118465424e-02,-2.828864194452762604e-02,1.519011147320270538e-02,-6.438149604946374893e-03,1.990270568057894707e-03,2.090274356305599213e-02,3.001419641077518463e-02,6.565605755895376205e-03,-2.601404674351215363e-02,2.750429883599281311e-02,-8.967656642198562622e-03,-1.375214941799640656e-02,-2.658923156559467316e-02,-6.376056000590324402e-03,3.993613645434379578e-03,1.049712579697370529e-02,-3.666804172098636627e-03,2.690296992659568787e-02,2.282765228301286697e-03,-6.300889886915683746e-03,-1.384365651756525040e-02,5.516546778380870819e-03,1.360835321247577667e-02,-4.410622641444206238e-02,1.543848682194948196e-02,2.065436914563179016e-02,-5.055745132267475128e-03,-1.052980683743953705e-02,1.160827837884426117e-02,-1.652349531650543213e-01,1.106577459722757339e-02,3.116456605494022369e-02,-1.915104500949382782e-02,1.014417130500078201e-02,-9.568986482918262482e-03,1.149716321378946304e-02,-1.728169433772563934e-02,7.830359041690826416e-03,-2.230148948729038239e-02,2.452379465103149414e-02,-3.398820292204618454e-03,-1.760850287973880768e-02,4.696254618465900421e-03,-1.422275509685277939e-02,1.421621855115517974e-04,-1.941249147057533264e-02,-1.616073655895888805e-03,4.763577133417129517e-02,1.620975695550441742e-02,1.730783842504024506e-02,2.274595014750957489e-02,3.251755842939019203e-03,-2.857623435556888580e-02,3.122666152194142342e-03,3.171360865235328674e-02,-2.902069501578807831e-02,1.998767815530300140e-02,-1.818368770182132721e-02,-1.111969817429780960e-03,-2.606633678078651428e-02,1.168017648160457611e-02,2.478524297475814819e-02,-4.326959606260061264e-03,8.523195050656795502e-03,-1.166710350662469864e-02,-1.154945231974124908e-02,2.532120980322360992e-02,-1.831441186368465424e-02,9.758535772562026978e-03,3.184432908892631531e-02,1.811832562088966370e-02,-6.137485150247812271e-03,2.423293422907590866e-03,1.604635268449783325e-03,1.898110285401344299e-02,1.009188126772642136e-02,6.049246527254581451e-03,3.119071200489997864e-02,-2.150407433509826660e-02,1.994846016168594360e-02,-3.872694214805960655e-03,-1.334036886692047119e-02,-5.438112188130617142e-03,6.245332304388284683e-03,2.337454861844889820e-05,-1.166710350662469864e-02,9.856578893959522247e-03,-4.358333349227905273e-02,-7.575447205454111099e-03,-9.000337682664394379e-03,-1.086968835443258286e-02,-1.300048734992742538e-02,-1.001344714313745499e-02,1.046444475650787354e-02,-8.568949066102504730e-03,-1.979159191250801086e-02,5.885841324925422668e-03,-4.755733907222747803e-02,1.401359681040048599e-02,-2.479831501841545105e-02,4.915216937661170959e-03,1.118342578411102295e-02,-2.823635190725326538e-02,3.848510235548019409e-02,-1.302009541541337967e-02,-1.516396738588809967e-02,9.885991457849740982e-04,4.624356515705585480e-03,3.516471711918711662e-03,-2.078509330749511719e-02,1.739934459328651428e-02,-2.375252358615398407e-02,7.817286066710948944e-03,1.919026114046573639e-02,2.971925132442265749e-04,5.931594874709844589e-03,-3.853085683658719063e-03,4.206039942800998688e-03,-1.406098483130335808e-03,5.206077359616756439e-03,-3.170053474605083466e-03,1.102002058178186417e-02,-2.083738148212432861e-02,1.079125422984361649e-02,1.231418736279010773e-02,1.813139766454696655e-02,-1.165403146296739578e-02,3.272181493230164051e-04,-2.670688368380069733e-02,6.287817377597093582e-03,-3.628894314169883728e-02,-2.517741359770298004e-02,2.207925915718078613e-02,2.281131222844123840e-02,1.558473450131714344e-04,1.775229908525943756e-02,2.083738148212432861e-02,2.160865254700183868e-02,-1.323579065501689911e-02,1.068013906478881836e-02,-6.010028999298810959e-03,2.064129710197448730e-02,7.732315920293331146e-03,2.813177369534969330e-02,2.040599286556243896e-02,4.722399171441793442e-03,-1.624897494912147522e-02,-2.681473037227988243e-03,2.254986390471458435e-02,4.269441217184066772e-02,1.124225184321403503e-02,2.384076360613107681e-03,-1.418353803455829620e-02,-1.844513602554798126e-02,-4.112572595477104187e-02,-1.277956366539001465e-01,-2.418391220271587372e-02,8.836932480335235596e-03,1.543848682194948196e-02,2.230148948729038239e-02,1.725554838776588440e-02,9.065698832273483276e-03,-3.163517219945788383e-03,-1.329461578279733658e-02,2.285053022205829620e-02,-7.333608344197273254e-03,-2.526238560676574707e-03,-3.171360865235328674e-02,-2.911873860284686089e-03,2.209233120083808899e-02,-1.241876650601625443e-02,1.009024796076118946e-03,-2.228841744363307953e-02,-4.138717055320739746e-02,1.877194456756114960e-02,-1.205927506089210510e-02,3.957664594054222107e-03,4.153750371187925339e-03,-1.135336700826883316e-02,2.664152160286903381e-02,-1.291715074330568314e-03,-2.488655271008610725e-03,6.245332304388284683e-03,1.447113044559955597e-02,7.562375161796808243e-03,-3.584448248147964478e-02,-8.725817315280437469e-04,-3.931520041078329086e-03,1.120957080274820328e-03,-9.340219199657440186e-03,-2.589966403320431709e-03,-3.566146641969680786e-02,-2.049750089645385742e-02,1.076510921120643616e-02,-1.845820806920528412e-02,4.009954165667295456e-03,8.930073236115276814e-04,-2.427542023360729218e-02,7.621200755238533020e-03,-9.861480211839079857e-04,-1.658885739743709564e-02,-4.660305567085742950e-03,1.747777871787548065e-02,1.415739301592111588e-02,-1.559698954224586487e-03,-9.823897853493690491e-03,-1.909875497221946716e-02,-3.709289245307445526e-03,-1.283708214759826660e-02,-2.455974463373422623e-03,-1.684703631326556206e-03,-6.621163338422775269e-03,1.255602575838565826e-02,-1.827519387006759644e-02,1.270635891705751419e-02,-5.222417879849672318e-03,8.513390785083174706e-04,-3.013184759765863419e-03,1.739934459328651428e-02,1.687644980847835541e-02,4.872731864452362061e-03,-4.503436852246522903e-03,-7.673490326851606369e-03,1.736012846231460571e-02,-2.536042779684066772e-02,-2.933116396889090538e-03,3.607978299260139465e-02,-1.307238545268774033e-02,2.776574715971946716e-02,-2.635392919182777405e-02,1.343841198831796646e-02,-5.637465976178646088e-03,-1.555613894015550613e-02,2.360872738063335419e-02,-3.929559141397476196e-02,-2.750429883599281311e-02,-2.171323262155056000e-02,1.511167734861373901e-02,-1.648427732288837433e-02,2.190931700170040131e-02,2.180473878979682922e-02,3.673340193927288055e-03,-1.086968835443258286e-02,-1.617054082453250885e-02,-6.791104096919298172e-03,3.689680714160203934e-03,8.582021109759807587e-03,1.037293765693902969e-02,-1.802681945264339447e-02,1.810525427572429180e-03,1.053634285926818848e-02,-1.118342578411102295e-02,-1.090890541672706604e-02,-2.040599286556243896e-02,6.477367132902145386e-03,-2.009225636720657349e-02,1.985695399343967438e-02,-6.222455576062202454e-02,2.647158131003379822e-02,-5.032868310809135437e-02,-2.133413217961788177e-02,2.136027812957763672e-02,-9.568986482918262482e-03,5.983884446322917938e-03,-9.170277975499629974e-03,-7.980691269040107727e-03,-9.601666592061519623e-03,-2.417084015905857086e-02,1.330768875777721405e-02,-1.245144661515951157e-02,-2.217403380200266838e-03,-2.554344013333320618e-02,1.795410498743876815e-04,8.314036764204502106e-03,1.606269390322268009e-03,1.630126498639583588e-02,4.117801319807767868e-03,-3.408624557778239250e-03,-1.903339289128780365e-02,1.135990303009748459e-02,1.691566593945026398e-02,7.568911183625459671e-03,1.781766116619110107e-02,1.070628408342599869e-02,1.730783842504024506e-02,5.460989195853471756e-03,-8.836932480335235596e-03,6.163629703223705292e-03,-3.065474331378936768e-03,3.111227648332715034e-03,1.943863742053508759e-02,-2.036024117842316628e-03,-2.077202126383781433e-02,-2.494211122393608093e-02,2.184395678341388702e-02,7.621200755238533020e-03,3.236722573637962341e-02,-3.335092216730117798e-03,-3.320385888218879700e-02,4.787761252373456955e-03,-1.009188126772642136e-02,-1.263446081429719925e-02,-3.666804172098636627e-03,-1.199391391128301620e-02,1.414432097226381302e-02,2.153021842241287231e-02,9.706245735287666321e-03,9.261785075068473816e-03,3.393591195344924927e-02,-2.062168903648853302e-03,-8.810787461698055267e-03,-1.439269632101058960e-02,-3.194890916347503662e-02,1.163442339748144150e-02,-1.819675974547863007e-02,-1.235340372659265995e-03,-4.120415821671485901e-02,4.465526714920997620e-02,1.346455700695514679e-02,-2.330152783542871475e-03,-1.457570935599505901e-03,1.679801568388938904e-02,2.771345665678381920e-03,1.529469038359820843e-03,-1.116381678730249405e-02,1.191547885537147522e-02,1.955955754965543747e-03,-1.486330199986696243e-02,1.639277115464210510e-02,5.264903418719768524e-03,1.117035374045372009e-02,1.315081957727670670e-02,-5.019796080887317657e-03,6.519852206110954285e-03,9.301002137362957001e-03,-2.056286297738552094e-02,7.993763312697410583e-03,2.091581746935844421e-02,-3.915179520845413208e-03,-1.102002058178186417e-02,1.424890011548995972e-02,3.134104423224925995e-03,-1.007227320224046707e-02,1.638950314372777939e-03,-5.245294421911239624e-03,-1.521625649183988571e-02,-6.327034439891576767e-03,-1.377829443663358688e-02,1.566071808338165283e-02,2.115111984312534332e-02,-6.699597463011741638e-03,-1.304624043405056000e-02,-9.689905564300715923e-04,-9.910502703860402107e-04,-5.193005315959453583e-03,-2.970699686557054520e-03,2.495518326759338379e-02,-2.083738148212432861e-02,5.892377812415361404e-03,5.019796080887317657e-03,-9.330415050499141216e-04,4.395589698106050491e-03,4.493632353842258453e-03,-2.011840045452117920e-02,-4.591675242409110069e-04,-2.411855012178421021e-02,1.767386496067047119e-02,4.627624526619911194e-03,2.349761314690113068e-03,2.708598226308822632e-02,-5.385822616517543793e-03,3.158615203574299812e-03,1.111806370317935944e-02,1.814447157084941864e-02,1.712482539005577564e-03,-1.130107697099447250e-02,5.438112467527389526e-02,2.009225636720657349e-02,1.908568292856216431e-02,3.827594593167304993e-02,-1.988309808075428009e-02,2.351722121238708496e-02,-2.347800321877002716e-02,8.464369922876358032e-03,-1.271943096071481705e-02,1.654963940382003784e-02,2.359565533697605133e-02,1.414432097226381302e-02,-7.248637732118368149e-03,-2.339956909418106079e-02,-5.277975462377071381e-03,-1.219653524458408356e-02,3.160902857780456543e-02,7.451259531080722809e-03,3.641966730356216431e-02,-1.458878163248300552e-02,4.771420732140541077e-02,-4.016490187495946884e-03,-2.742586471140384674e-02,2.382442122325301170e-03,2.206618711352348328e-02,2.363487333059310913e-02,2.342571504414081573e-02,2.645850740373134613e-02,-1.972622983157634735e-02,-2.586698159575462341e-03,1.745163463056087494e-02,-1.498095318675041199e-02,2.010532841086387634e-02,-1.051673386245965958e-02,-2.495518326759338379e-02,7.013334892690181732e-03,-1.145794615149497986e-02,1.712482422590255737e-02,1.231255242601037025e-03,4.251793492585420609e-03,2.507283538579940796e-02,1.437962427735328674e-02,1.292205322533845901e-02,-2.848146017640829086e-03,-2.313812263309955597e-02,-2.100732363760471344e-02,1.196123287081718445e-02,-2.891611680388450623e-02,-2.520355954766273499e-02,-4.658998176455497742e-02,-9.242176078259944916e-03,6.771495565772056580e-03,-1.417046599090099335e-02,-2.930828742682933807e-02,-1.671958155930042267e-02,-1.968701183795928955e-02,-1.831441186368465424e-02,-1.075857318937778473e-02,9.111452847719192505e-03,3.719093743711709976e-03,-6.385860033333301544e-03,1.141219213604927063e-02,-2.458915673196315765e-02,-1.090890541672706604e-02,3.736087679862976074e-02,6.235527805984020233e-03,-2.393880626186728477e-03,2.275902219116687775e-02,-1.434040721505880356e-02
-8.081840351223945618e-03,-1.394855882972478867e-02,-5.849936977028846741e-03,-9.236388839781284332e-03,-7.081679068505764008e-03,4.215444996953010559e-02,-2.154709957540035248e-02,1.785103377187624574e-04,4.557781852781772614e-03,-2.824616618454456329e-02,2.768903039395809174e-03,1.298867166042327881e-02,7.215928751975297928e-03,-2.498389594256877899e-02,-7.326055492740124464e-05,1.460638269782066345e-02,2.110407501459121704e-02,4.440313670784235001e-03,-1.188782323151826859e-02,-8.216090500354766846e-03,-1.196166034787893295e-02,-1.019627507776021957e-02,1.117629930377006531e-02,-2.015425823628902435e-03,-7.262916304171085358e-03,6.631942000240087509e-03,4.564494360238313675e-03,-2.019117586314678192e-02,1.485138898715376854e-03,-9.457901120185852051e-03,-5.235743592493236065e-04,-9.712976403534412384e-03,-1.035737525671720505e-02,-1.578778028488159180e-02,-4.398024827241897583e-02,-7.867041043937206268e-03,1.843250356614589691e-02,-1.957362703979015350e-02,4.258405044674873352e-02,5.138412583619356155e-03,-1.700777676887810230e-03,-2.815890358760952950e-03,-8.471164852380752563e-03,1.657985523343086243e-02,-1.285442244261503220e-02,-7.578403688967227936e-03,-1.735850423574447632e-02,1.184754818677902222e-02,-2.811191603541374207e-02,1.353238429874181747e-02,1.604285649955272675e-02,2.200354821979999542e-02,-2.262109890580177307e-02,-2.513828221708536148e-03,8.298318134620785713e-04,-6.816535722464323044e-03,6.537967361509799957e-03,3.697240725159645081e-02,-1.076012477278709412e-02,-2.674928167834877968e-03,8.679252117872238159e-03,1.954677700996398926e-02,6.403717212378978729e-03,7.806628011167049408e-03,3.926808014512062073e-03,-7.940878160297870636e-03,-1.451576361432671547e-03,7.256203796714544296e-03,-3.513989504426717758e-03,-2.182902395725250244e-02,-1.009391038678586483e-03,1.199522335082292557e-02,1.044463738799095154e-02,-1.357937138527631760e-02,6.987703964114189148e-03,-4.228869825601577759e-02,-3.701939247548580170e-03,-1.386800874024629593e-02,-1.797605305910110474e-02,2.276877313852310181e-02,1.553270686417818069e-02,-1.062587462365627289e-02,-3.933520242571830750e-02,6.420498713850975037e-03,1.688862964510917664e-02,2.358769625425338745e-02,3.557620802894234657e-03,2.088927477598190308e-02,2.599412575364112854e-03,-3.509290888905525208e-02,5.480749532580375671e-03,3.510633250698447227e-03,-4.920256789773702621e-03,1.435130834579467773e-02,-2.424552105367183685e-02,6.393648684024810791e-03,-1.835195347666740417e-02,3.114596381783485413e-02,-1.285442244261503220e-02,-7.880466058850288391e-03,2.008377574384212494e-02,2.878316491842269897e-02,-7.269628811627626419e-03,-1.423048321157693863e-03,-1.398883294314146042e-02,-4.749088082462549210e-03,-2.303727343678474426e-02,3.240455407649278641e-03,2.182902395725250244e-02,-2.915906533598899841e-02,-4.158388823270797729e-03,3.595210611820220947e-02,-6.032852106727659702e-04,-3.369671106338500977e-02,-4.638331942260265350e-03,-2.918591536581516266e-02,-1.841907761991024017e-02,1.434795209206640720e-03,-3.399205952882766724e-02,-1.680807955563068390e-02,1.710846438072621822e-03,2.307754755020141602e-02,1.241810992360115051e-02,-3.052841313183307648e-02,1.365992147475481033e-02,3.409945964813232422e-02,-2.476909570395946503e-02,-1.572065614163875580e-02,-2.344002202153205872e-02,-2.655461803078651428e-02,2.425894699990749359e-02,2.235259860754013062e-02,2.127859927713871002e-02,-1.487488206475973129e-02,1.051176246255636215e-02,1.414993312209844589e-02,-2.392332069575786591e-02,-1.157904881983995438e-02,-1.152534876018762589e-02,-1.790892891585826874e-02,2.568199485540390015e-02,3.117281198501586914e-02,1.423048321157693863e-02,8.377189747989177704e-03,1.494200713932514191e-02,2.301126223756000400e-04,-1.508968230336904526e-02,1.064601261168718338e-02,-1.329744700342416763e-02,-1.055203750729560852e-02,7.283053826540708542e-03,-3.119630739092826843e-03,2.088927477598190308e-02,-6.081517785787582397e-03,-1.333772204816341400e-02,1.322360895574092865e-02,-8.585277013480663300e-03,3.688514465466141701e-03,-2.211094833910465240e-02,-2.324200468137860298e-03,4.198663868010044098e-03,-5.839867983013391495e-03,1.482118200510740280e-02,9.525026194751262665e-03,1.317662186920642853e-02,3.047471307218074799e-02,-1.609655655920505524e-02,-1.260606013238430023e-02,-5.229031201452016830e-03,-1.191467326134443283e-02,3.273010998964309692e-02,1.031710021197795868e-02,-4.730964452028274536e-02,6.303030066192150116e-03,-2.505437703803181648e-03,1.634072250453755260e-04,-1.797605305910110474e-02,1.055874954909086227e-02,-3.431425988674163818e-02,-1.094136200845241547e-02,-3.869080543518066406e-02,1.317662186920642853e-02,3.678445518016815186e-02,1.957362703979015350e-02,-1.046477537602186203e-02,-2.688352949917316437e-03,-1.286784745752811432e-02,-3.015587106347084045e-03,2.472881972789764404e-02,-3.887875378131866455e-02,2.969606406986713409e-02,1.073998678475618362e-02,-1.404253300279378891e-02,-1.114944927394390106e-02,-6.267856359481811523e-01,-1.714370399713516235e-02,-2.447374537587165833e-02,-3.125336393713951111e-02,2.139942534267902374e-02,5.906993057578802109e-03,3.283751010894775391e-02,5.074643995612859726e-03,-2.350714616477489471e-02,1.470035780221223831e-02,-2.045967616140842438e-02,3.742885589599609375e-02,-1.776125468313694000e-02,-3.724090382456779480e-02,-4.658469464629888535e-03,4.960531368851661682e-03,-1.233756076544523239e-02,-4.585974663496017456e-02,-8.330202661454677582e-03,9.122276678681373596e-03,-9.538451209664344788e-03,1.671410538256168365e-02,-4.008616378996521235e-04,-1.314977183938026428e-02,2.122489921748638153e-02,3.287442959845066071e-03,3.181721316650509834e-03,5.423693452030420303e-03,-1.440500747412443161e-02,2.709161862730979919e-02,-3.965740278363227844e-02,2.964236401021480560e-02,-8.739664219319820404e-03,1.990925148129463196e-02,4.602084681391716003e-02,-2.478587673977017403e-03,-2.448381390422582626e-03,3.299861028790473938e-02,1.573408208787441254e-02,3.310601040720939636e-02,-4.873269237577915192e-03,-3.920095413923263550e-02,1.407525705872103572e-04,1.586665282957255840e-03,2.220492437481880188e-02,1.439829589799046516e-03,4.141607787460088730e-03,-2.216800581663846970e-03,1.808345317840576172e-02,-1.507625728845596313e-02,7.229353766888380051e-03,-1.738535473123192787e-03,1.159918587654829025e-02,1.316319685429334641e-02,1.408280804753303528e-02,-5.890211556106805801e-03,2.180217392742633820e-02,-2.803136594593524933e-02,1.676780544221401215e-02,1.537160668522119522e-02,-2.568199485540390015e-02,3.877135366201400757e-02,-5.255881231278181076e-03,-3.372355923056602478e-02,5.279374774545431137e-03,7.041404023766517639e-03,-1.150521170347929001e-02,1.619053073227405548e-02,4.900119267404079437e-03,7.202503737062215805e-03,2.772259293124079704e-03,1.063929987139999866e-03,-1.739878021180629730e-02,-3.347855294123291969e-03,2.808506600558757782e-02,6.256042513996362686e-03,1.691547967493534088e-02,-4.142950102686882019e-02,-5.742536857724189758e-03,-7.766353432089090347e-03,-2.844418399035930634e-03,-3.060896415263414383e-03,-2.374879643321037292e-02,-7.182366680353879929e-03,2.488991990685462952e-02,-1.507625728845596313e-02,-1.310278475284576416e-02,5.121631547808647156e-03,2.698421850800514221e-02,-4.027495160698890686e-03,-1.291483454406261444e-02,3.890560194849967957e-02,1.125013642013072968e-02,-9.249813854694366455e-03,3.334765881299972534e-02,-5.863361991941928864e-03,2.978668315336108208e-03,1.354580931365489960e-02,3.755639307200908661e-03,5.299512296915054321e-03,7.222641259431838989e-03,-2.906508976593613625e-03,2.193642407655715942e-02,-2.655461803078651428e-02,5.413624923676252365e-03,4.453738220036029816e-03,-2.251369878649711609e-02,-2.111078705638647079e-03,1.782837882637977600e-02,-3.385781124234199524e-02,-5.457255989313125610e-03,-9.800238534808158875e-03,2.399044670164585114e-02,-9.759963490068912506e-03,-1.018285006284713745e-02,-2.327892184257507324e-02,-9.753250516951084137e-03,7.940878160297870636e-03,3.289121016860008240e-02,-3.713350743055343628e-02,3.004511445760726929e-02,1.463323272764682770e-02,6.094942800700664520e-03,-1.714370399713516235e-02,1.887552812695503235e-02,3.396521136164665222e-02,-9.951269021257758141e-04,-2.326549775898456573e-02,-6.366798654198646545e-03,-1.141123659908771515e-02,-1.996295154094696045e-02,-1.612676191143691540e-03,1.856675371527671814e-02,-1.362635847181081772e-02,-7.710975478403270245e-04,9.551876224577426910e-03,8.148965425789356232e-03,-1.304237172007560730e-02,2.526582032442092896e-02,-1.396198384463787079e-02,1.092122495174407959e-02,-1.704972982406616211e-02,6.588310934603214264e-03,-1.766727864742279053e-02,-7.242778781801462173e-03,-2.651434391736984253e-02,-2.458114549517631531e-02,-2.009720169007778168e-02,-5.012889206409454346e-02,6.135217845439910889e-03,3.077006340026855469e-02,-5.598218180239200592e-03,-2.913221530616283417e-02,7.538128644227981567e-03,5.067931488156318665e-03,-1.451240759342908859e-02,-5.873430520296096802e-03,3.839545417577028275e-03,-2.176189981400966644e-02,2.131216228008270264e-03,1.671410538256168365e-02,7.987865246832370758e-03,-1.368005853146314621e-02,3.490495961159467697e-03,-4.433601163327693939e-03,3.037402639165520668e-03,-2.899796469137072563e-03,3.025655867531895638e-03,-1.301552169024944305e-02,-1.504940725862979889e-02,-4.675250500440597534e-03,1.392170879989862442e-02,-2.348029613494873047e-02,3.571045771241188049e-02,2.599412575364112854e-03,1.931855268776416779e-02,-3.873107954859733582e-03,-1.923800259828567505e-02,-6.519507733173668385e-04,2.146654948592185974e-02,6.578241940587759018e-03,9.699551388621330261e-03,-2.746751718223094940e-02,-1.704972935840487480e-03,3.799270372837781906e-03,-1.671410538256168365e-02,-1.252551004290580750e-02,2.301042340695858002e-02,2.161422511562705040e-03,7.907315157353878021e-03,2.251369878649711609e-02,7.712653372436761856e-03,1.107561215758323669e-02,-1.053861249238252640e-02,4.366476088762283325e-03,2.245999872684478760e-02,-4.447026178240776062e-03,3.294491022825241089e-02,-1.686177961528301239e-02,3.050156310200691223e-02,2.482279576361179352e-02,4.171813838183879852e-03,4.172484949231147766e-02,-3.847600519657135010e-02,2.519869431853294373e-02,-1.668725535273551941e-02,-1.433788333088159561e-02,-1.437815744429826736e-02,1.794920302927494049e-02,-2.267479710280895233e-02,-1.581463031470775604e-02,-3.705295547842979431e-02,-2.446703379973769188e-03,8.316777646541595459e-03,1.157904881983995438e-02,1.702287979423999786e-02,2.674928167834877968e-03,5.175331141799688339e-03,7.209216244518756866e-03,-1.559983100742101669e-02,3.128021210432052612e-02,2.025494351983070374e-03,9.484751150012016296e-03,-1.777467876672744751e-02,-2.556116878986358643e-02,1.413818681612610817e-04,8.847064338624477386e-03,-2.848781645298004150e-02,4.007357638329267502e-03,-2.200354821979999542e-02,9.686126373708248138e-03,-9.363926015794277191e-03,1.229728572070598602e-02,2.142627537250518799e-02,-1.114273630082607269e-02,-3.173666074872016907e-02,5.679397509084083140e-05,-2.691709250211715698e-02,-1.094807405024766922e-02,-2.411127090454101562e-02,5.296156276017427444e-03,1.845935359597206116e-02,2.693387446925044060e-03,-1.129041146486997604e-02,1.922457665205001831e-02,1.746590435504913330e-02,1.590860635042190552e-02,1.817742921411991119e-02,-1.010230090469121933e-02,3.863710537552833557e-02,-1.179384812712669373e-02,1.200864836573600769e-02,-3.195146098732948303e-02,1.879497803747653961e-02,-2.369509777054190636e-03,-2.593706920742988586e-02,5.171975120902061462e-03,3.267640992999076843e-02,4.416819661855697632e-02,2.674256823956966400e-02,2.041940018534660339e-02,-3.973795101046562195e-03,8.706102147698402405e-03,7.256203796714544296e-03,2.737354300916194916e-02,-6.980991922318935394e-03,-1.694232970476150513e-02,-3.246160969138145447e-02,8.920901454985141754e-03,6.118436343967914581e-03,-3.101171366870403290e-02,-3.487810865044593811e-02,4.141607787460088730e-03,1.265304721891880035e-02,1.123671140521764755e-02,1.785522885620594025e-02,-8.907476440072059631e-03,4.269144963473081589e-03,2.538664452731609344e-02,3.341142786666750908e-03,-1.537160715088248253e-03,-3.769735619425773621e-02,3.302546218037605286e-02,5.702261812984943390e-03,-4.040081112179905176e-04,-2.849452896043658257e-03,-3.976480290293693542e-02,-4.366476088762283325e-03,-1.890237815678119659e-02,1.221002265810966492e-02,9.142413735389709473e-03,1.953335106372833252e-02,7.471003569662570953e-03,5.625068210065364838e-03,-1.546558178961277008e-02,-8.457739837467670441e-03,2.773601748049259186e-02,-1.439158245921134949e-02,2.899796515703201294e-02,-3.177945472998544574e-05,-1.652615517377853394e-02,-2.092955075204372406e-02,7.652241038158535957e-04,-1.876141526736319065e-03,3.366985917091369629e-02,1.660670526325702667e-02,8.397327736020088196e-03,-1.013586297631263733e-02,-1.447213254868984222e-02,-1.217646058648824692e-02,-1.964075118303298950e-02,-2.789040328934788704e-03,-5.743376095779240131e-04,-1.876141526736319065e-03,5.574724636971950531e-03,-4.262432456016540527e-03,-3.055526316165924072e-02,2.089263172820210457e-03,2.407099679112434387e-02,-1.182069815695285797e-02,-1.135082356631755829e-02,-4.414134845137596130e-02,-2.074160054326057434e-02,-1.495207543484866619e-03,8.468479663133621216e-02,-4.712169524282217026e-03,6.467486266046762466e-03,2.149339951574802399e-02,-7.027140236459672451e-04,-9.370638988912105560e-03,-1.377403363585472107e-02,-2.094297483563423157e-02,-1.144479867070913315e-02,-7.336753886193037033e-03,-2.634653123095631599e-03,-7.081679068505764008e-03,1.329073403030633926e-02,-3.469016030430793762e-02,4.688004404306411743e-02,2.288959734141826630e-02,-7.940878160297870636e-03,-1.014928799122571945e-02,5.104850046336650848e-03,-8.732952177524566650e-03,-1.974815130233764648e-02,-1.671410538256168365e-02,-1.321689691394567490e-02,1.829825341701507568e-02,3.735501784831285477e-03,-3.030690131708979607e-03,3.281066194176673889e-02,3.498550876975059509e-02,2.147997356951236725e-02,1.222344767302274704e-02,8.296640589833259583e-03,3.997289109975099564e-03,9.397489018738269806e-03,1.250537298619747162e-02,-5.873430520296096802e-03,-6.148642860352993011e-03,1.644560508430004120e-02,1.210262347012758255e-02,1.507625728845596313e-02,-2.672914229333400726e-02,3.444850817322731018e-02,9.484751150012016296e-03,1.202207338064908981e-02,-1.648588106036186218e-02,4.256139509379863739e-04,-2.118462510406970978e-02,5.396843422204256058e-03,1.202207338064908981e-02,-4.614838398993015289e-03,-1.807002909481525421e-02,2.292987331748008728e-02,-2.268822304904460907e-02,-2.215122431516647339e-02,-2.993771433830261230e-02,-5.076322122476994991e-04,-5.034368950873613358e-03,1.309607177972793579e-02,1.856675371527671814e-02,-2.997127594426274300e-03,-1.529105659574270248e-02,-1.016271300613880157e-02,-2.431264519691467285e-02,-1.608313061296939850e-02,1.368677150458097458e-02,-2.152024954557418823e-02,-2.633981779217720032e-02,-2.768231742084026337e-02,1.630296465009450912e-03,-2.369509637355804443e-02,1.200864836573600769e-02,-9.894213639199733734e-03,-1.746590435504913330e-02,-1.411301433108747005e-03,-1.058056601323187351e-03,4.027495160698890686e-02,5.109548941254615784e-02,3.371349070221185684e-03,1.949307695031166077e-02,2.573569491505622864e-02,1.656643114984035492e-02,1.512995734810829163e-02,7.769709336571395397e-04,1.808345317840576172e-02,-5.094781517982482910e-03,-2.606125082820653915e-03,8.860489353537559509e-03,-3.792558098211884499e-03,-1.660670526325702667e-02,-1.782837882637977600e-02,9.122276678681373596e-03,5.684641655534505844e-04,-4.282569978386163712e-03,3.622060641646385193e-02,9.498176164925098419e-03,3.718720516189932823e-03,6.642010994255542755e-03,1.773440465331077576e-02,-1.255907211452722549e-02,-1.231742277741432190e-02,7.410591002553701401e-03,-9.518313221633434296e-03,3.450220916420221329e-03,1.487488206475973129e-02,1.615025661885738373e-02,3.928150236606597900e-02,-1.147836097516119480e-03,-2.075502462685108185e-02,4.151676315814256668e-03,-7.363603916019201279e-03,5.373349878937005997e-03,1.913060247898101807e-02,-3.624745830893516541e-02,-4.124826285988092422e-03,-3.436795994639396667e-02,-1.988240145146846771e-02,3.471700847148895264e-02,-2.212437428534030914e-02,2.356084622442722321e-02,-4.702100530266761780e-03,-1.068628765642642975e-02,5.870074033737182617e-03,-4.207390174269676208e-02,2.827301621437072754e-02,-1.437312341295182705e-03,-1.365992147475481033e-02,4.755800589919090271e-03,1.466008275747299194e-02,-2.412469685077667236e-02,2.405757084488868713e-02,8.310064673423767090e-03,-2.821931615471839905e-02,1.121657434850931168e-02,3.708651755005121231e-03,-2.168135019019246101e-03,-1.821770332753658295e-02,-1.678122952580451965e-02,-6.028657080605626106e-04,-1.179384812712669373e-02,-3.136076405644416809e-02,2.816561609506607056e-02,-3.171652555465698242e-03,-1.048491243273019791e-02,6.148642860352993011e-03,-3.579100593924522400e-02,-2.270164713263511658e-02,-4.790034145116806030e-02,-6.380223669111728668e-03,-4.842958151130005717e-05,1.361964643001556396e-02,2.507787011563777924e-02,-1.110917422920465469e-02,1.138438656926155090e-02,-3.036731295287609100e-02,6.793041713535785675e-03,1.306922174990177155e-02,-2.405757084488868713e-02,-2.468854561448097229e-02,-1.122328639030456543e-02,2.689024247229099274e-02,1.369348354637622833e-02,2.915906533598899841e-02,4.994093906134366989e-03,3.337786765769124031e-03,1.580120623111724854e-02,1.657985523343086243e-02,1.152660770458169281e-04,5.997611675411462784e-03,-1.576093211770057678e-02,-4.494684562087059021e-02,1.071313768625259399e-02,3.294155467301607132e-03,5.561299622058868408e-03,2.709161862730979919e-02,1.000832580029964447e-02,-6.284570554271340370e-04,1.078026182949542999e-02,-4.604769404977560043e-03,-2.216464839875698090e-02,-1.726788585074245930e-03,-4.322844743728637695e-02,-4.930325318127870560e-03,-1.392170879989862442e-02,1.691547967493534088e-02,-5.682124290615320206e-03,-1.538503170013427734e-02,-9.162551723420619965e-03,4.083880037069320679e-02,-1.735179219394922256e-03,-1.027011312544345856e-03,6.235904991626739502e-03,2.722586691379547119e-02,-2.196663059294223785e-03,2.456772141158580780e-02,-1.062587462365627289e-02,2.095975680276751518e-03,-1.864730194211006165e-02,2.525239437818527222e-02,3.318656235933303833e-02,-3.195146098732948303e-03,1.083396188914775848e-02,2.145312353968620300e-02,-2.599076926708221436e-02,-1.081382483243942261e-02,-1.502255722880363464e-02,-1.743905432522296906e-02,1.559983100742101669e-02,-5.974117666482925415e-03,-1.078697480261325836e-02,-5.772742908447980881e-03,-1.440500747412443161e-02,-1.711685443297028542e-03,6.934004370123147964e-03,-1.467350777238607407e-02,-5.440474953502416611e-03,5.839867983013391495e-03,2.456772141158580780e-03,-1.115616131573915482e-02,1.219659764319658279e-02,-5.762002989649772644e-02,-1.519708149135112762e-02,-3.869751701131463051e-03,-5.883499048650264740e-03,3.850285336375236511e-02,-3.358931094408035278e-02,2.632639370858669281e-02,2.263452298939228058e-02,5.735824350267648697e-03,-3.050156310200691223e-02,2.225191099569201469e-03,-8.947751484811306000e-03,9.484751150012016296e-03,3.977151587605476379e-03,1.217646058648824692e-02,-3.916739020496606827e-03,-1.456610765308141708e-02,-9.404201060533523560e-03,4.537644796073436737e-03,-1.984212547540664673e-02,-4.760499298572540283e-02,7.900603115558624268e-03,-1.862045191228389740e-02,3.691870719194412231e-03,2.218478592112660408e-03,1.562668196856975555e-02,-7.115241605788469315e-03,2.505102008581161499e-02,-9.370638988912105560e-03,5.027656443417072296e-03,-2.999141439795494080e-02,-4.204704985022544861e-02,-1.684835553169250488e-02,6.088230293244123459e-03,-1.827140338718891144e-02,1.561325602233409882e-02,-3.712008008733391762e-03,-2.945441566407680511e-02,9.261141531169414520e-05,4.350533999968320131e-04,-2.797766588628292084e-02,2.266137301921844482e-02,-1.252551004290580750e-02,1.577435620129108429e-02,4.406751133501529694e-03,-1.361293345689773560e-02,1.112259924411773682e-02,-2.465162659063935280e-03,-1.867415197193622589e-02,-3.584470832720398903e-03,-3.638170659542083740e-03,2.727956697344779968e-02,1.797605305910110474e-02,-8.961176499724388123e-03,1.576093211770057678e-02,1.855332776904106140e-02,1.376060862094163895e-02,-4.118113778531551361e-03,-3.758995560929179192e-03,-7.551553659141063690e-03,-1.648588106036186218e-02,-2.334604784846305847e-02,4.132210090756416321e-02,-6.823248229920864105e-03,1.625765487551689148e-02,1.255907211452722549e-02,-1.926485262811183929e-02,-3.654280677437782288e-02,-7.343466393649578094e-03,5.839867983013391495e-03,2.385619655251502991e-02,5.245812702924013138e-03,-6.954141892492771149e-03,1.856675371527671814e-02,-1.022983808070421219e-02,1.044463738799095154e-02,7.457578554749488831e-03,-1.262619718909263611e-02,1.098163705319166183e-02,3.055526316165924072e-02,-1.623080484569072723e-02,1.964075118303298950e-02,-1.970787718892097473e-02,3.724090382456779480e-02,-1.453925762325525284e-02,4.990737885236740112e-03,9.464614093303680420e-03,-2.196327410638332367e-02,2.388304658234119415e-02,-1.915745250880718231e-02,-3.404575958847999573e-02,1.745247980579733849e-03,1.773440465331077576e-02,2.752121724188327789e-02,6.249330006539821625e-03,-2.659489400684833527e-02,-8.994739037007093430e-04,-2.728627994656562805e-03,2.223177440464496613e-02,-2.673249924555420876e-03,-4.599399492144584656e-02,1.921115256845951080e-02,-1.636505499482154846e-02,2.773937303572893143e-03,3.710665553808212280e-02,-2.519869431853294373e-02,4.601413384079933167e-03,1.228386070579290390e-02,-2.260431647300720215e-03,-4.189014434814453125e-04,-1.208248548209667206e-02,-9.887500666081905365e-03,-2.671571914106607437e-03,1.586833037436008453e-02,-3.734830394387245178e-02,-2.041940018534660339e-02,2.223513001808896661e-04,-1.938567683100700378e-02,-2.782328054308891296e-03,-1.730480417609214783e-02,1.349882129579782486e-02,-2.663516812026500702e-02,-4.403394646942615509e-03,1.161261089146137238e-02,-9.343788959085941315e-03,2.705134265124797821e-02,-1.506283227354288101e-02,1.555619994178414345e-03,4.393326118588447571e-03,-1.031710021197795868e-02,-3.358931094408035278e-02,-1.950650103390216827e-02,-2.176189981400966644e-02,3.826120495796203613e-02,-1.165288593620061874e-02,-1.574750617146492004e-02,1.864394638687372208e-03,4.212088882923126221e-03,-5.227688699960708618e-02,-1.522393152117729187e-02,-1.131893950514495373e-03,8.538289926946163177e-03,1.682150550186634064e-02,2.495704591274261475e-02,6.282892543822526932e-03,2.333262190222740173e-02,2.092955075204372406e-02,-4.799431655555963516e-03,-4.451724886894226074e-02,-2.192299813032150269e-02,1.200697035528719425e-03,-1.645903103053569794e-02,2.278890926390886307e-03,1.102862413972616196e-02,-4.532274603843688965e-02,-1.558640599250793457e-02,1.597573049366474152e-02,-9.444476105272769928e-03,8.927614428102970123e-03,8.034853264689445496e-03,-1.480775699019432068e-02,-2.181559801101684570e-03,-1.305579673498868942e-02,-2.772259293124079704e-03,-2.914899727329611778e-03,-3.400296845939010382e-04,1.286784745752811432e-02,-1.762700453400611877e-02,1.527763158082962036e-02,-1.065943762660026550e-02,-6.447348743677139282e-03,-2.015090174973011017e-02,1.675437949597835541e-02,1.130383647978305817e-02,-1.396198384463787079e-02,-1.445870753377676010e-02,2.794074825942516327e-04,4.890050273388624191e-03,-1.237112283706665039e-02,-1.900977827608585358e-02,1.674095541238784790e-02,-6.138573866337537766e-03,-2.451402135193347931e-02,1.898292824625968933e-02,-1.711685396730899811e-02,-2.158737368881702423e-02,-1.958705112338066101e-02,4.250349849462509155e-02,8.625552058219909668e-03,-2.830993616953492165e-03,-6.212411448359489441e-03,1.230399776250123978e-02,-5.829799454659223557e-03,-8.732952177524566650e-03,1.918430253863334656e-02,-3.066266328096389771e-02,1.024326309561729431e-02,-1.753638498485088348e-03,3.889889223501086235e-03,-4.344324767589569092e-02,3.828805312514305115e-02,2.586994506418704987e-02,-7.074966561049222946e-03,3.012566454708576202e-02,-3.117952495813369751e-03,1.318333391100168228e-02,-1.187439821660518646e-02,-3.729460388422012329e-02,-1.368677150458097458e-02,-6.766192149370908737e-03,-1.012243796139955521e-02,-3.507276996970176697e-03,7.249491172842681408e-04,-1.085409987717866898e-02,5.004162900149822235e-03,-2.107722498476505280e-02,-2.899796515703201294e-02,5.849936977028846741e-03,1.829019784927368164e-01,3.906670492142438889e-03,2.294329740107059479e-02,3.474386036396026611e-02,8.061703294515609741e-03,8.417464792728424072e-03,1.137096155434846878e-02,1.743905432522296906e-02,-2.321179769933223724e-02,8.766514249145984650e-03,-2.303727343678474426e-02,-1.741220429539680481e-02,4.054345190525054932e-03,-1.185593893751502037e-03,1.977500133216381073e-02,-4.943079128861427307e-02,-2.079530060291290283e-02,-3.254216164350509644e-02,3.126343246549367905e-03,-2.329234778881072998e-02,-1.234259456396102905e-03,-8.202665485441684723e-03,6.786329206079244614e-03,-3.240790963172912598e-02,2.311782166361808777e-02,-2.272178651764988899e-03,-4.671894479542970657e-03,-4.450382199138402939e-03,1.996295154094696045e-02,5.269306246191263199e-03,-2.178874984383583069e-02,-8.471164852380752563e-03,5.225675180554389954e-03,-6.900441832840442657e-03,5.675411783158779144e-03,-2.490334445610642433e-03,3.001826442778110504e-02,-9.605576284229755402e-03,2.335947193205356598e-02,2.011062577366828918e-02,1.154548581689596176e-02,-4.688675515353679657e-03,-1.820427924394607544e-02,-1.922457665205001831e-02,3.175008809193968773e-03,2.808506600558757782e-02,1.449898257851600647e-02,-2.421867102384567261e-02,5.185400135815143585e-03,1.445870753377676010e-02,-1.930512674152851105e-02,-1.095478702336549759e-02,4.873269051313400269e-02,1.478090696036815643e-02,-1.079872134141623974e-03,2.005692571401596069e-02,8.558426983654499054e-03,4.319488536566495895e-03,-2.910536527633666992e-02,-4.483944736421108246e-03,-2.131216228008270264e-03,4.832994192838668823e-03,-1.597573049366474152e-02,2.964236401021480560e-02,-1.719740405678749084e-02,1.546558178961277008e-02,-1.667382940649986267e-02,-2.910536527633666992e-02,1.735850423574447632e-02,-3.007196448743343353e-02,4.681963007897138596e-03,-1.615025661885738373e-02,1.082053687423467636e-02,2.519869431853294373e-02,1.567366882227361202e-03,-7.900603115558624268e-03,1.269332226365804672e-02,2.083557471632957458e-02,-2.183238044381141663e-03,7.356891408562660217e-03,-2.037241356447339058e-03,-4.271829873323440552e-02,-1.041778735816478729e-02,-3.665020689368247986e-03,-2.396359574049711227e-03,-1.198179833590984344e-02,2.894426509737968445e-02,-1.319675892591476440e-02,-2.644721791148185730e-02,3.192461282014846802e-02,1.328402198851108551e-02,-9.055151604115962982e-03,-5.463968496769666672e-03,-1.359279640018939972e-02,-1.085409987717866898e-02,9.384064003825187683e-03,-6.363442633301019669e-03,-1.167973596602678299e-02,-3.661664435639977455e-03,-4.507438279688358307e-03,-7.095104083418846130e-03,-7.101816590875387192e-03,8.625552058219909668e-03,6.657952908426523209e-04,-2.082215063273906708e-02,-2.169813029468059540e-03,1.319675892591476440e-02,3.662335500121116638e-02,1.463323272764682770e-02,-2.368251152802258730e-04,2.005692571401596069e-02,-2.505437703803181648e-03,-6.484267301857471466e-03,-4.379900929052382708e-04,1.428418327122926712e-02,1.300209667533636093e-02,-1.315648388117551804e-02,-9.907638654112815857e-03,-2.275534905493259430e-03,1.112259924411773682e-02,5.057862959802150726e-03,-1.496885716915130615e-02,1.820763456635177135e-03,1.035066228359937668e-02,-3.004511445760726929e-02,-3.661664435639977455e-03,-2.510472014546394348e-02,2.503759460523724556e-03,8.451027795672416687e-03,-3.517345758154988289e-03,-3.233743133023381233e-03,-3.450220916420221329e-03,2.282247319817543030e-02,-7.766353432089090347e-03,2.425894699990749359e-02,1.236440986394882202e-02,1.484803203493356705e-02,-3.761680424213409424e-02,-1.651273109018802643e-02,1.680807955563068390e-02,1.704133930616080761e-03,2.904830966144800186e-03,1.852647773921489716e-02,1.568038202822208405e-02,4.084551241248846054e-03,-1.471378281712532043e-02,3.522715717554092407e-02,-2.178874984383583069e-02,1.114273676648736000e-03,-1.285442244261503220e-02,-1.053861249238252640e-02,1.429760828614234924e-02,3.618033137172460556e-03,7.175654172897338867e-03,3.898615390062332153e-02,9.001451544463634491e-03,-2.023816341534256935e-03,-1.197508536279201508e-02,1.292154751718044281e-02,1.292154751718044281e-02,-4.381914809346199036e-02,2.076845057308673859e-02,2.654119394719600677e-02,-1.998980157077312469e-02,-1.050505042076110840e-02,1.781495288014411926e-02,-1.696918010711669922e-01,7.108529098331928253e-03,4.195307381451129913e-03,-5.020943935960531235e-03,2.667544409632682800e-02,-2.086242474615573883e-02,2.339974790811538696e-02,1.627779332920908928e-03,-2.946784021332859993e-03,1.010230090469121933e-02,3.968425095081329346e-02,-1.042450033128261566e-02,-6.490979809314012527e-03,1.111588720232248306e-02,-2.236602269113063812e-02,1.353238429874181747e-02,-1.727795414626598358e-02,1.665537129156291485e-03,3.785845637321472168e-02,1.219659764319658279e-02,1.080039981752634048e-02,2.181559801101684570e-03,3.007196355611085892e-03,-1.710342988371849060e-02,1.097492408007383347e-02,1.533133164048194885e-02,-1.281414739787578583e-02,3.371349070221185684e-03,-9.035014547407627106e-03,4.140243981964886189e-05,-1.292154751718044281e-02,8.618840016424655914e-03,2.948126569390296936e-02,8.331880671903491020e-04,2.703791856765747070e-02,-6.574885919690132141e-03,-1.110917422920465469e-02,3.318656235933303833e-02,5.198825150728225708e-03,8.699390105903148651e-03,2.760176733136177063e-02,7.849420071579515934e-04,-5.836511962115764618e-03,1.067286240868270397e-03,2.446032129228115082e-02,3.058211319148540497e-02,-8.357052691280841827e-03,-1.490383001510053873e-04,2.466169558465480804e-02,-2.270164713263511658e-02,7.437441032379865646e-03,9.028301574289798737e-04,-1.939910277724266052e-02,1.167302392423152924e-02,2.013747580349445343e-04,1.085409987717866898e-02,-1.127027440816164017e-02,1.270003523677587509e-02,-3.044786304235458374e-02,1.144479843787848949e-03,-2.243314869701862335e-02,-1.277387235313653946e-02,-2.293994184583425522e-03,-2.334604784846305847e-02,8.491302840411663055e-03,-1.807338441722095013e-03,-2.442004531621932983e-02,-2.373537234961986542e-02,-1.981527730822563171e-02,2.601761929690837860e-02,-3.517345711588859558e-02,-4.047632683068513870e-03,-6.855132523924112320e-04,-3.195146098732948303e-02,4.615509510040283203e-02,-6.994416471570730209e-03,-2.591021917760372162e-02,2.211766084656119347e-03,1.780152879655361176e-02,-4.020782653242349625e-03,-2.521212026476860046e-02,1.384115871042013168e-02,-1.747932843863964081e-02,6.561460904777050018e-03,-3.275696188211441040e-03,5.474037025123834610e-03,1.634491840377449989e-03,-1.531790662556886673e-02,6.168780382722616196e-03,1.117629930377006531e-02,4.598057130351662636e-04,-5.054506473243236542e-03,-3.052505664527416229e-03,-4.258405044674873352e-02,1.486145704984664917e-02,1.702287979423999786e-02,7.189078722149133682e-03,-8.645690046250820160e-03,1.652615517377853394e-02,2.876302925869822502e-03,9.900925680994987488e-03,-4.341639950871467590e-02,-2.068790048360824585e-02,1.684835553169250488e-02,3.815380483865737915e-02,-1.674095541238784790e-02,2.197669818997383118e-02,1.283428445458412170e-02,1.637848094105720520e-02,1.595055917277932167e-03,7.041404023766517639e-03,-1.435130834579467773e-02,3.219311311841011047e-02,2.409784682095050812e-02,1.393513381481170654e-02,-1.185593893751502037e-03,-6.454061251133680344e-03,-3.162926062941551208e-02,2.905166521668434143e-02,7.860328070819377899e-03,5.923102796077728271e-02,2.270164713263511658e-02,1.184083614498376846e-02,-1.564010605216026306e-02,-1.652615517377853394e-02,-1.167973596602678299e-02,-1.255504488945007324e-01,-1.531790662556886673e-02,2.499732002615928650e-02,2.813876606523990631e-02,2.143969945609569550e-02,3.659650683403015137e-02,1.448555756360292435e-02,2.422790130367502570e-04,3.705295501276850700e-03,2.168134972453117371e-02,-1.933197723701596260e-03,-1.021641306579113007e-02,-8.867202326655387878e-03,-3.896601498126983643e-03,1.767063513398170471e-03,1.441507716663181782e-03,-3.510633250698447227e-03,3.013908863067626953e-03,-3.619375824928283691e-02,1.909032650291919708e-02,-9.645851328969001770e-03,-1.396198384463787079e-02,9.746538475155830383e-03,-2.299699746072292328e-02,2.236602269113063812e-02,-9.780100546777248383e-03,-1.066614966839551926e-02,-1.119643636047840118e-02,1.359950844198465347e-02,-1.277387235313653946e-02,-1.014257501810789108e-02,-3.302545985206961632e-03,-5.276018753647804260e-03,8.014715276658535004e-03,-1.610159059055149555e-03,7.491141092032194138e-03,-2.323864772915840149e-02,-3.480427199974656105e-03,2.025830000638961792e-02,-1.018956303596496582e-02,-4.436957184225320816e-03,2.287617325782775879e-02,-1.296182163059711456e-02,2.592364326119422913e-02,2.438312629237771034e-03,-5.833155475556850433e-03,-1.340484619140625000e-02,7.524703629314899445e-03,9.880788624286651611e-03,-1.250537298619747162e-02,-1.839222759008407593e-02,-2.020460180938243866e-02,-2.371187787503004074e-03,-5.192112643271684647e-03,8.001290261745452881e-03,-1.755987852811813354e-02,3.901635864167474210e-05,2.306412346661090851e-02,-2.651434391736984253e-02,2.251369878649711609e-02,4.228869918733835220e-03,2.726949984207749367e-03,9.238066850230097771e-04,2.611159346997737885e-02,2.582966908812522888e-02,-1.437815744429826736e-02,-1.073327474296092987e-02,-4.077838733792304993e-03,2.133229933679103851e-02,-2.666201815009117126e-02,7.638815790414810181e-03,2.039255015552043915e-02,3.035724395886063576e-03,3.315971046686172485e-02,-2.608474344015121460e-02,-6.276180036365985870e-03,-1.143640838563442230e-03,-2.240629866719245911e-02,1.651273109018802643e-02,-4.994093999266624451e-02,-1.858017779886722565e-02,-2.123832516372203827e-02,2.268822304904460907e-02,-8.954464457929134369e-03,6.202342454344034195e-03,5.450543481856584549e-03,2.102352492511272430e-02,-5.608287174254655838e-03,2.042275620624423027e-03,-8.585277013480663300e-03,-2.679962432011961937e-03,5.474037025123834610e-03,1.831167750060558319e-02,-1.486145704984664917e-02,3.282408695667982101e-03,5.574724636971950531e-03,8.941039443016052246e-03,-2.268822304904460907e-02,-1.249194797128438950e-02,6.934004370123147964e-03,-6.782973185181617737e-03,1.971794525161385536e-03,-5.211578682065010071e-02,2.372194640338420868e-02,-2.687681838870048523e-02,-2.353399619460105896e-02,3.340135887265205383e-02,-4.728950560092926025e-03,8.873914368450641632e-03,-7.799915503710508347e-03,-1.770755462348461151e-02,-1.409623306244611740e-02,-3.604608122259378433e-03,1.486145704984664917e-02,-2.149675507098436356e-03,-1.364649645984172821e-02,-1.498228218406438828e-02,3.181721270084381104e-02,1.223351689986884594e-03,1.470035780221223831e-02,1.939910277724266052e-02,1.432445831596851349e-02,7.095104083418846130e-03,2.022138331085443497e-03,8.142252452671527863e-03,2.654119394719600677e-02,-4.363119951449334621e-04,1.896950230002403259e-02,-4.215444903820753098e-03,5.719043314456939697e-03,1.773440465331077576e-02,3.460289677605032921e-03,1.930512674152851105e-02,1.661341753788292408e-03,4.859844222664833069e-03,-7.403878495097160339e-03,6.517829839140176773e-03,-1.823112741112709045e-02,-3.106541372835636139e-02,3.154871240258216858e-02,7.155516650527715683e-03,3.981850296258926392e-02,-1.365320850163698196e-02,-3.511975705623626709e-02,6.615160964429378510e-03,-2.137257531285285950e-02,-1.071313768625259399e-02,-2.092955075204372406e-02,-3.240790963172912598e-02,1.468693278729915619e-02,3.914725407958030701e-02,6.004324182868003845e-03,2.072817459702491760e-02,2.757491730153560638e-02,-1.103533711284399033e-02,8.533255313523113728e-04,-4.349694773554801941e-02,-4.628934338688850403e-02,2.460799552500247955e-02,-1.413650810718536377e-02,-2.742053009569644928e-03,-4.258405044674873352e-02,3.608635812997817993e-02,1.361964643001556396e-02,3.034046385437250137e-03,-1.588175632059574127e-02,1.259934715926647186e-02,-3.221996128559112549e-03,-1.135753653943538666e-02,1.604285649955272675e-02,-1.590021536685526371e-03,4.786845820490270853e-04,-1.233084779232740402e-02,1.429760828614234924e-02,1.588175632059574127e-02,1.608313061296939850e-02,2.810856094583868980e-03,-4.128182772547006607e-03,6.232548970729112625e-03,2.502417005598545074e-02,-2.578939497470855713e-02,-1.318333391100168228e-02,1.439158245921134949e-02,-1.204221043735742569e-02,-3.047471307218074799e-02,1.935882680118083954e-02,1.640365226194262505e-03,-1.238454831764101982e-03,5.041081458330154419e-03,-1.355252135545015335e-02,1.491515710949897766e-02,-7.699228357523679733e-03,6.517829839140176773e-03,1.980185136198997498e-02,3.463646024465560913e-02,-1.257249712944030762e-02,-1.016271300613880157e-02,5.349856335669755936e-03,-1.621738076210021973e-02,1.320682815276086330e-03,8.115402422845363617e-03,3.573730587959289551e-02,-3.641526913270354271e-03,-3.314292989671230316e-03,6.232548970729112625e-03,-1.281414739787578583e-02,-8.746377192437648773e-03,2.121147513389587402e-02,-4.564494639635086060e-02,-1.841907761991024017e-02,-2.282247319817543030e-02,1.581463031470775604e-02,1.421705819666385651e-02,-1.627108082175254822e-02,3.151515033096075058e-03,-5.739180836826562881e-03,1.104204915463924408e-02,-3.788362664636224508e-04,1.191467326134443283e-02,9.706263430416584015e-03,-1.657146494835615158e-03,4.454409703612327576e-02,2.370852231979370117e-02,2.635324373841285706e-02,3.004511445760726929e-02,-2.029857598245143890e-02,2.027172595262527466e-02,-1.809687912464141846e-02,-5.618355702608823776e-03,-1.743905432522296906e-02,-8.115402422845363617e-03,2.126181731000542641e-03,8.417464792728424072e-03,-8.974601514637470245e-03,-3.434110805392265320e-02,-3.852970432490110397e-03,-2.356084622442722321e-02,2.423209697008132935e-02,1.876812800765037537e-02,3.624745830893516541e-02,-2.415154688060283661e-02,3.119966201484203339e-02,2.686674939468502998e-03,-2.080872468650341034e-02,3.195146098732948303e-03,3.034046478569507599e-02,3.525400906801223755e-02,4.144963808357715607e-03,6.752767134457826614e-03,-2.753799781203269958e-03,-1.388143375515937805e-02,8.404039777815341949e-03,-2.052680030465126038e-02,3.409945964813232422e-02,-2.012405171990394592e-02,-3.495865687727928162e-02,4.926969297230243683e-03,1.221673563122749329e-02,2.282247319817543030e-02,2.059895923594012856e-04,1.624423079192638397e-03,4.057030007243156433e-02,8.800077252089977264e-03,1.252551004290580750e-02,1.753638498485088348e-03,-1.561325602233409882e-02,-1.821770332753658295e-02,1.982870139181613922e-02,-2.368167228996753693e-02,-7.954303175210952759e-03,-3.989905118942260742e-02,-1.969445124268531799e-02,-1.198179833590984344e-02,-1.133068650960922241e-02,-1.102191209793090820e-02,-1.867415197193622589e-02,-1.258592214435338974e-02,-8.115402422845363617e-03,-2.353399619460105896e-02,-7.021266501396894455e-03,-8.263077586889266968e-03,-1.054532453417778015e-02,2.660831809043884277e-02,-5.810501170344650745e-04,-3.452906012535095215e-02,4.819569364190101624e-02,9.310225956141948700e-03,-1.764042861759662628e-02,3.557620802894234657e-03,-2.227204851806163788e-02
-1.465473882853984833e-02,-1.282454840838909149e-02,-6.375934462994337082e-03,7.986436248756945133e-04,-1.088864263147115707e-02,5.534179136157035828e-02,-3.961668908596038818e-02,-6.204147823154926300e-03,-1.152953947894275188e-03,-1.641225069761276245e-02,1.947468146681785583e-03,2.017834596335887909e-02,2.277414459967985749e-04,-7.056474685668945312e-03,1.791868917644023895e-02,1.781297475099563599e-02,2.579445391893386841e-02,-1.541952020488679409e-03,-1.009578071534633636e-02,-1.221008040010929108e-02,-2.353479713201522827e-02,2.323086746037006378e-02,2.086549438536167145e-02,-8.126839064061641693e-03,2.193585736677050591e-03,-2.758500166237354279e-03,9.672920219600200653e-03,-1.498509850353002548e-02,1.402375288307666779e-03,-8.780950680375099182e-03,4.003954585641622543e-03,-4.192259628325700760e-03,-2.835804224014282227e-02,-1.543438713997602463e-02,-4.606530070304870605e-02,-2.057477831840515137e-02,6.560935638844966888e-03,-1.799797452986240387e-02,2.225300297141075134e-02,8.470412343740463257e-03,3.077297005802392960e-03,-3.120243549346923828e-03,-2.307229489088058472e-02,1.633296348154544830e-02,-1.816976256668567657e-02,-1.258668955415487289e-03,-1.851333491504192352e-02,1.362401805818080902e-02,-1.505117025226354599e-02,2.028406225144863129e-02,8.695056661963462830e-03,4.757173825055360794e-03,-1.572510227560997009e-02,4.720834549516439438e-03,-7.155582774430513382e-03,-2.813009545207023621e-03,-3.977525979280471802e-03,1.108025107532739639e-02,-3.683506278321146965e-03,-1.070364192128181458e-02,-7.518977858126163483e-03,-1.603894401341676712e-03,-1.534188631922006607e-02,6.623704102821648121e-04,-9.633277542889118195e-03,-1.686153933405876160e-02,-1.110668014734983444e-02,-9.712563827633857727e-03,9.983458556234836578e-03,-4.521958157420158386e-02,2.571516856551170349e-02,2.560945414006710052e-02,2.000655978918075562e-02,-1.929298415780067444e-02,-6.128164939582347870e-03,-4.926317930221557617e-02,-1.348691876046359539e-03,-5.474053788930177689e-03,-1.772047393023967743e-02,2.005941793322563171e-02,1.863226480782032013e-02,-1.746940053999423981e-02,-3.747595846652984619e-02,9.770377073436975479e-04,1.234883069992065430e-02,-2.499168273061513901e-03,-1.184668485075235367e-02,2.274193428456783295e-02,-2.583409892395138741e-03,-2.689124830067157745e-02,1.592331938445568085e-02,2.475051954388618469e-02,1.034685317426919937e-02,2.627017162740230560e-02,-2.745946496725082397e-02,-3.633952466771006584e-03,-1.199204288423061371e-02,2.949447929859161377e-02,-1.205150783061981201e-02,4.753870423883199692e-03,1.896262355148792267e-02,1.172114815562963486e-02,2.167157130315899849e-03,-6.729418877512216568e-03,-1.503795571625232697e-02,-2.118263952434062958e-02,-1.290383469313383102e-02,-1.334651559591293335e-02,3.356450470164418221e-03,-3.507094457745552063e-02,-9.785242378711700439e-03,4.059455171227455139e-02,-2.940197940915822983e-03,-1.116614416241645813e-02,6.997010204941034317e-03,-3.739667311310768127e-02,-1.658403687179088593e-02,-9.051844826899468899e-04,-9.864528663456439972e-03,2.618355574668385088e-05,1.797154545783996582e-02,1.213079411536455154e-02,-3.561273450031876564e-03,-2.664017491042613983e-02,1.063757017254829407e-02,1.456223800778388977e-02,-1.031546969898045063e-03,4.859585314989089966e-03,-1.806404627859592438e-02,-3.237521275877952576e-02,4.027740657329559326e-02,3.176734969019889832e-02,-3.710348100867122412e-04,2.312515134690329432e-04,4.816638771444559097e-03,2.109013870358467102e-02,1.002970896661281586e-02,1.423187926411628723e-02,-1.901548169553279877e-02,-2.119585312902927399e-02,8.648806251585483551e-03,1.059131976217031479e-02,-1.805413630791008472e-03,-3.723149420693516731e-03,2.633624337613582611e-02,1.162204053252935410e-02,-6.858259439468383789e-03,2.127514034509658813e-02,-1.893619634211063385e-02,-1.955727115273475647e-02,2.091587375616654754e-04,-1.535510085523128510e-02,2.965305186808109283e-02,-2.094477973878383636e-02,3.614130895584821701e-03,3.522951528429985046e-02,-1.620081998407840729e-02,2.904519066214561462e-02,-8.747914806008338928e-03,3.713238518685102463e-03,1.460188161581754684e-02,3.776006866246461868e-03,2.835804224014282227e-02,5.513696931302547455e-03,1.618760637938976288e-02,3.004948236048221588e-02,-3.240824909880757332e-03,-1.201186422258615494e-02,-1.116614416241645813e-02,-1.769404485821723938e-02,2.493552118539810181e-02,-4.915746394544839859e-03,-3.602237999439239502e-02,2.227943204343318939e-02,8.351483382284641266e-03,1.777333021163940430e-02,-1.497188396751880646e-02,2.000655978918075562e-02,-2.305907942354679108e-02,-7.155582774430513382e-03,-5.978181958198547363e-02,1.059131976217031479e-02,2.574159763753414154e-02,2.714231982827186584e-02,-1.221503596752882004e-03,-2.198541304096579552e-03,4.466457758098840714e-03,1.345883775502443314e-02,-9.131131693720817566e-03,-2.028406225144863129e-02,1.530224271118640900e-02,8.034338243305683136e-03,-1.372973248362541199e-02,-1.575153134763240814e-02,-6.338670253753662109e-01,-6.392452400177717209e-03,3.439866413827985525e-04,-3.361736238002777100e-02,6.194237153977155685e-03,3.396093845367431641e-02,2.476373314857482910e-02,1.935905590653419495e-02,-2.189621515572071075e-02,2.763455500826239586e-03,-1.608849852345883846e-03,2.177728526294231415e-02,-4.831504775211215019e-04,-4.498172178864479065e-02,1.975548686459660530e-03,-2.415587194263935089e-02,-1.333990879356861115e-02,-1.838119141757488251e-02,-9.588678949512541294e-04,-1.372973248362541199e-02,1.294182613492012024e-03,1.963655650615692139e-02,2.046906203031539917e-02,-5.619411822408437729e-03,8.556306362152099609e-03,1.209775824099779129e-02,-9.098094888031482697e-03,5.989414174109697342e-03,-2.357443980872631073e-02,2.315158024430274963e-02,-4.051526635885238647e-02,-5.834145471453666687e-03,-2.312515117228031158e-02,1.328044384717941284e-02,4.630316048860549927e-02,7.578442338854074478e-03,-3.866525366902351379e-02,1.514367107301950455e-02,1.258668955415487289e-02,3.018162585794925690e-02,-1.074328459799289703e-02,-3.969597443938255310e-02,1.916084066033363342e-02,-6.831830367445945740e-03,5.358427762985229492e-03,-1.349848136305809021e-02,-8.133445866405963898e-03,-1.659725233912467957e-02,6.584060844033956528e-03,-1.999334618449211121e-02,1.998013071715831757e-02,-2.463158965110778809e-02,-2.115621045231819153e-02,2.444658800959587097e-02,2.428801544010639191e-02,2.250407636165618896e-02,4.223313555121421814e-02,-3.885025531053543091e-02,1.424509380012750626e-02,1.226954441517591476e-02,8.384519256651401520e-03,3.781953454017639160e-02,-1.034685317426919937e-02,-2.029727585613727570e-02,3.990740515291690826e-03,3.156583290547132492e-03,-1.150971837341785431e-02,6.154594011604785919e-03,6.029057316482067108e-03,-5.550036206841468811e-03,3.929210943169891834e-04,6.408970803022384644e-03,-1.448295172303915024e-02,-1.959691382944583893e-02,3.270557150244712830e-03,2.703660540282726288e-02,2.719517797231674194e-02,-4.963318258523941040e-02,-1.509081292897462845e-02,-3.027742961421608925e-03,7.327369414269924164e-03,2.938132965937256813e-04,-5.026747286319732666e-02,-1.957378815859556198e-03,2.464480511844158173e-02,-3.565237671136856079e-02,2.234880812466144562e-03,-1.131810992956161499e-02,1.210436504334211349e-02,-1.301615685224533081e-02,-1.082917768508195877e-02,2.041620574891567230e-02,2.095799520611763000e-02,-1.129828859120607376e-02,2.390480041503906250e-02,1.114632282406091690e-02,-6.970581598579883575e-03,1.444330904632806778e-02,2.270229160785675049e-02,1.786583103239536285e-02,-3.564576851204037666e-03,-1.140400301665067673e-02,1.453580986708402634e-02,-1.996691711246967316e-02,1.662367954850196838e-02,8.285411633551120758e-03,-1.793190278112888336e-02,9.302917867898941040e-03,3.187306597828865051e-02,-2.825232781469821930e-02,1.082917768508195877e-02,1.409973483532667160e-02,2.426158823072910309e-02,-2.360086888074874878e-02,-1.372973248362541199e-02,-2.488266304135322571e-02,2.898902865126729012e-03,6.897902581840753555e-03,7.089510560035705566e-03,-2.944162115454673767e-02,1.559295970946550369e-02,1.142382528632879257e-02,1.103400066494941711e-02,-1.717868447303771973e-02,2.325729466974735260e-02,3.253378346562385559e-02,-9.587027132511138916e-03,-3.419879451394081116e-02,-1.787904649972915649e-02,-3.183011896908283234e-03,-3.374950587749481201e-02,-1.498179510235786438e-03,1.842083409428596497e-02,-4.013865720480680466e-03,3.832167945802211761e-03,3.534844610840082169e-03,1.834154874086380005e-02,-2.142049744725227356e-02,6.181022617965936661e-03,-3.044591471552848816e-02,1.802440360188484192e-02,-1.754868589341640472e-02,5.143694579601287842e-03,-2.044263482093811035e-02,-1.742975786328315735e-02,-4.897246509790420532e-02,-2.611159905791282654e-02,-9.692742489278316498e-03,-3.480665758252143860e-02,9.712563827633857727e-03,2.165835537016391754e-02,-1.046578306704759598e-02,-1.724475622177124023e-02,-1.258668955415487289e-02,1.085230382159352303e-03,-2.447301708161830902e-02,-8.428291766904294491e-04,-2.695732051506638527e-03,-7.333976682275533676e-03,-1.068381965160369873e-02,2.545088157057762146e-02,1.173601485788822174e-03,-2.683839015662670135e-02,2.803098643198609352e-03,1.132306526415050030e-03,-2.680865814909338951e-03,9.329346939921379089e-03,-1.243472471833229065e-02,2.220014575868844986e-03,-1.474723964929580688e-02,4.644851665943861008e-03,6.759151350706815720e-03,-1.334651559591293335e-02,2.476373314857482910e-02,1.235543843358755112e-02,1.844726316630840302e-02,-8.662020787596702576e-03,-5.213069729506969452e-03,2.287407778203487396e-02,2.192264422774314880e-02,1.195240020751953125e-02,-3.643863135948777199e-03,-2.893947623670101166e-02,-1.754868589341640472e-02,-1.252887654118239880e-03,1.624954893486574292e-04,-2.387837134301662445e-02,1.172114815562963486e-02,5.556643474847078323e-03,2.213407307863235474e-03,1.324080117046833038e-02,8.107017725706100464e-03,6.897902581840753555e-03,7.234868826344609261e-04,4.862889181822538376e-03,1.047899760305881500e-02,7.869158871471881866e-03,2.479016222059726715e-02,-6.660043727606534958e-03,3.911454230546951294e-02,1.508090295828878880e-03,-9.507740847766399384e-03,3.639237955212593079e-02,-2.477694861590862274e-02,2.782946825027465820e-02,-1.995370164513587952e-02,5.719345645047724247e-04,-8.159874938428401947e-03,8.093803189694881439e-03,-3.977525979280471802e-03,-8.675235323607921600e-03,-5.394106730818748474e-02,-8.140053600072860718e-03,-2.892295829951763153e-03,1.348526682704687119e-02,1.253383234143257141e-02,1.187311392277479172e-02,-3.250735579058527946e-03,2.205478772521018982e-02,-2.859590202569961548e-02,2.172442898154258728e-02,7.631300250068306923e-04,-5.209766328334808350e-03,-1.884369552135467529e-02,-2.841090038418769836e-02,3.812346374616026878e-03,1.742975786328315735e-02,-1.986120082437992096e-02,6.451917346566915512e-03,-3.097448870539665222e-02,5.358427762985229492e-03,-2.107692323625087738e-02,1.386476651532575488e-04,1.991405896842479706e-02,1.060453336685895920e-02,-1.734386314637959003e-03,-1.761475764214992523e-02,-8.424161933362483978e-03,1.556653063744306564e-02,-3.818953782320022583e-02,-4.228599369525909424e-03,1.661046594381332397e-02,2.804750576615333557e-03,5.345213692635297775e-03,-3.987436648458242416e-03,3.581094741821289062e-02,1.487938314676284790e-02,2.132799662649631500e-02,-1.341258827596902847e-02,2.875447459518909454e-02,-2.397087216377258301e-02,2.177728526294231415e-02,-2.304586581885814667e-02,-9.534169919788837433e-03,-6.111647002398967743e-03,2.416578354313969612e-03,5.034675821661949158e-03,1.828869059681892395e-02,3.898239880800247192e-02,3.586380556225776672e-02,2.337292069569230080e-03,-2.272872067987918854e-02,1.245454605668783188e-02,2.375944145023822784e-02,3.496522828936576843e-02,-3.432433120906352997e-03,-1.256026048213243484e-02,-1.877762377262115479e-02,1.745948917232453823e-03,1.642546430230140686e-02,-4.578779917210340500e-03,-1.828869059681892395e-02,7.023438811302185059e-03,9.818278253078460693e-03,8.080588653683662415e-03,1.912780338898301125e-03,7.941837422549724579e-03,1.267919037491083145e-02,3.483308479189872742e-02,4.301278386265039444e-03,-1.090846396982669830e-02,-1.945155672729015350e-02,2.670624665915966034e-02,-4.532529506832361221e-03,5.090836901217699051e-03,-2.131478302180767059e-02,-4.159884527325630188e-02,-5.972896236926317215e-03,-2.143371105194091797e-02,1.840762048959732056e-02,5.110658705234527588e-03,1.666332408785820007e-02,1.982155954465270042e-03,1.151302130892872810e-03,-1.073667779564857483e-02,-1.879083737730979919e-02,1.769404485821723938e-02,-2.510730735957622528e-02,1.366366073489189148e-02,9.600241668522357941e-03,-1.497188396751880646e-02,-1.254704687744379044e-02,-8.364697918295860291e-03,1.320776529610157013e-02,4.252384975552558899e-02,1.515688467770814896e-02,3.620737930759787560e-03,2.251398749649524689e-03,-5.956378299742937088e-03,-2.606534864753484726e-03,-1.265936903655529022e-02,6.930938456207513809e-03,-6.114950869232416153e-03,-2.395765669643878937e-02,-1.147668249905109406e-02,-7.624692749232053757e-03,-2.301943674683570862e-02,-1.460188161581754684e-02,1.527581457048654556e-02,1.060453336685895920e-02,-8.424161933362483978e-03,-2.983805350959300995e-02,-1.254704687744379044e-02,1.045917533338069916e-02,9.445632994174957275e-02,-5.665662232786417007e-03,-1.176739856600761414e-02,1.278490480035543442e-02,-1.176739856600761414e-02,7.360405288636684418e-03,-1.596296206116676331e-02,-4.770388454198837280e-02,-6.702990271151065826e-03,-1.000327989459037781e-02,1.274980459129437804e-04,-2.436399925500154495e-03,2.790875360369682312e-02,-2.547731064260005951e-02,3.707952797412872314e-02,3.861239552497863770e-02,-2.131478302180767059e-02,8.067374117672443390e-03,-1.966298557817935944e-02,-1.502474118024110794e-02,-2.611159905791282654e-02,-1.992727257311344147e-02,-4.889317788183689117e-03,2.435408905148506165e-02,6.729418877512216568e-03,-1.513045653700828552e-02,3.483308479189872742e-02,3.385522216558456421e-02,2.116942405700683594e-02,8.787557482719421387e-03,4.367350134998559952e-03,1.906833983957767487e-02,1.501070073572918773e-04,1.407330669462680817e-02,-9.659706614911556244e-03,8.054159581661224365e-03,2.115621045231819153e-02,2.519980818033218384e-02,1.355794630944728851e-02,-1.893619634211063385e-02,3.108020313084125519e-02,1.642546430230140686e-02,2.357443980872631073e-02,-1.994048804044723511e-02,-7.796479854732751846e-03,6.983795668929815292e-03,5.543429404497146606e-03,8.985772728919982910e-03,-1.497188396751880646e-02,-3.678881376981735229e-02,1.816976256668567657e-02,-5.163515917956829071e-03,-8.239161223173141479e-03,-3.094805963337421417e-02,-3.481987165287137032e-03,-3.409308148548007011e-03,9.950422681868076324e-03,1.439045183360576630e-02,-9.857921861112117767e-03,-4.578779917210340500e-03,-1.357115991413593292e-02,3.140478220302611589e-04,1.845882652560248971e-04,-5.711912643164396286e-03,-1.449616625905036926e-02,-1.491902675479650497e-02,-3.004948236048221588e-02,7.148975506424903870e-03,-3.911454230546951294e-02,1.802440360188484192e-02,-1.191936340183019638e-02,1.944164512678980827e-03,-1.443009451031684875e-02,-1.723154075443744659e-02,1.686153933405876160e-02,4.368671402335166931e-02,1.916084066033363342e-02,-1.312847901135683060e-02,3.337950631976127625e-02,1.838119141757488251e-02,-1.737689971923828125e-02,-1.707296818494796753e-02,1.941191218793392181e-02,-3.393450751900672913e-02,-1.384866237640380859e-02,1.861905120313167572e-02,1.810369081795215607e-02,-1.657082326710224152e-02,-2.292693592607975006e-02,7.928623817861080170e-03,1.855297945439815521e-02,-2.383542479947209358e-03,9.904172271490097046e-03,-8.404340595006942749e-03,3.752881661057472229e-03,5.269230809062719345e-03,1.000327989459037781e-02,-1.423187926411628723e-02,-7.406655699014663696e-03,1.485790940932929516e-03,-5.285748746246099472e-03,2.206800132989883423e-02,1.491902675479650497e-02,-6.286737509071826935e-03,3.340593352913856506e-02,-5.285748746246099472e-03,-2.690446190536022186e-02,1.275847665965557098e-02,1.839440688490867615e-02,-1.552688772790133953e-03,9.957029484212398529e-03,-2.621731534600257874e-02,-1.180043444037437439e-02,-1.571188867092132568e-02,-2.505444921553134918e-02,3.657738119363784790e-02,-2.130156755447387695e-02,2.358765527606010437e-02,-1.084239222109317780e-02,2.086549438536167145e-02,-1.332008745521306992e-02,-1.348526682704687119e-02,2.283443510532379150e-02,-3.600916359573602676e-03,-2.297979407012462616e-02,1.630653627216815948e-02,6.138076074421405792e-03,-1.503795571625232697e-02,9.970244020223617554e-03,1.488268724642693996e-03,-2.653446048498153687e-02,1.216382998973131180e-02,1.591010391712188721e-02,-9.329346939921379089e-03,-2.352158352732658386e-02,3.501808736473321915e-03,1.836797781288623810e-02,1.932601880980655551e-04,-1.534188631922006607e-02,1.119257323443889618e-02,-5.559947341680526733e-03,-9.468098171055316925e-03,-2.354801073670387268e-02,-2.494873479008674622e-02,-2.296657860279083252e-02,-4.881389066576957703e-02,-7.226609741337597370e-04,8.252375759184360504e-03,2.083906531333923340e-02,4.070026800036430359e-02,-1.023453101515769958e-02,-6.323077250272035599e-03,-4.564244300127029419e-02,1.320115756243467331e-02,1.227615214884281158e-02,-3.039305657148361206e-02,-4.178384691476821899e-02,6.200844421982765198e-03,2.804089896380901337e-02,1.482652593404054642e-02,2.920376323163509369e-02,8.820593357086181641e-03,-2.018495462834835052e-03,5.292356014251708984e-03,2.107692416757345200e-03,-8.582734502851963043e-03,5.062756245024502277e-04,5.731733981519937515e-03,-5.444321408867835999e-02,2.482980489730834961e-02,1.370330434292554855e-02,1.795833185315132141e-02,1.935905590653419495e-02,1.663689501583576202e-02,-1.180043444037437439e-02,-7.657728623598814011e-03,-8.516662754118442535e-03,-1.736368611454963684e-02,3.736363723874092102e-03,-2.738017961382865906e-02,-4.816638771444559097e-03,-8.100409992039203644e-03,4.212080966681241989e-03,-1.269901171326637268e-02,-1.975548639893531799e-02,-2.297979407012462616e-02,4.630316048860549927e-02,2.658731676638126373e-02,4.430118482559919357e-03,8.695056661963462830e-03,1.773368753492832184e-02,-2.856947295367717743e-02,2.812018431723117828e-02,-1.982155814766883850e-02,-1.403366308659315109e-02,-8.027731091715395451e-04,1.191275659948587418e-02,4.311189055442810059e-03,9.375597350299358368e-03,2.225300297141075134e-02,1.182025577872991562e-02,-6.141379475593566895e-03,-6.342898588627576828e-03,-1.423187926411628723e-02,-1.706305774860084057e-03,1.984798721969127655e-02,-1.624046266078948975e-02,1.708618365228176117e-02,-1.750904368236660957e-03,-1.057810522615909576e-02,1.372973248362541199e-02,-2.103728055953979492e-02,-3.398736566305160522e-02,-3.398736566305160522e-02,1.195900724269449711e-03,1.258668955415487289e-02,-4.149313084781169891e-03,8.305232971906661987e-03,-2.068049274384975433e-02,-2.973233722150325775e-02,1.594974659383296967e-02,-1.834154874086380005e-02,2.193585783243179321e-02,-1.349848136305809021e-02,4.558958578854799271e-03,2.007263153791427612e-02,5.401374772191047668e-03,-3.343236073851585388e-02,1.123882364481687546e-02,5.850663408637046814e-03,-1.643867976963520050e-02,-1.318959519267082214e-03,1.197222154587507248e-02,-1.102739386260509491e-02,6.749240681529045105e-03,-1.314169354736804962e-02,-6.438702810555696487e-03,-3.224306926131248474e-02,-4.196884483098983765e-02,2.402372844517230988e-02,2.218362642452120781e-03,6.276826607063412666e-04,1.097618835046887398e-03,1.038649678230285645e-02,1.721172011457383633e-03,1.258008275181055069e-02,-2.357443980872631073e-02,5.986110772937536240e-03,-4.574815556406974792e-02,-2.107692323625087738e-02,-1.326723024249076843e-02,1.827299856813624501e-04,-3.483308479189872742e-02,3.258664160966873169e-02,-6.607186049222946167e-03,-1.004953030496835709e-02,-1.522295735776424408e-02,-8.780950680375099182e-03,-4.291367251425981522e-03,2.381229959428310394e-02,1.281794160604476929e-02,3.044591471552848816e-02,1.289227162487804890e-03,-1.420545019209384918e-02,2.237193286418914795e-02,-6.617096718400716782e-03,-1.140400301665067673e-02,6.512207910418510437e-04,3.209440736100077629e-03,3.160877898335456848e-02,2.062763459980487823e-02,-7.122546900063753128e-03,-3.192592412233352661e-02,2.074656449258327484e-02,5.979503504931926727e-03,8.779298514127731323e-04,9.600241668522357941e-03,-1.372973248362541199e-02,-1.108025107532739639e-02,-1.642546430230140686e-02,3.216378390789031982e-02,8.199517615139484406e-03,-5.645840428769588470e-03,9.555643191561102867e-04,-1.359758898615837097e-02,-3.311521559953689575e-02,-9.398722322657704353e-04,2.337622456252574921e-02,4.101741313934326172e-02,-1.057149749249219894e-02,-1.256191288121044636e-03,5.355124361813068390e-03,-1.798476092517375946e-02,2.619088627398014069e-02,4.459850490093231201e-03,-1.713904179632663727e-02,9.309525601565837860e-03,2.719517797231674194e-02,-7.479334715753793716e-03,3.232235461473464966e-02,-2.066397573798894882e-03,1.614796370267868042e-02,-3.152949362993240356e-02,1.416580751538276672e-02,1.283115521073341370e-02,-5.804412998259067535e-03,1.314830034971237183e-02,-1.495866943150758743e-02,-3.689452633261680603e-02,9.963636286556720734e-03,1.733725704252719879e-02,1.793190278112888336e-02,1.818297617137432098e-02,-8.305232971906661987e-03,-1.043109572492539883e-03,-1.339276600629091263e-02,5.936556961387395859e-03,-2.463158965110778809e-02,-4.183670133352279663e-02,1.263954676687717438e-02,-7.895587012171745300e-03,9.514347650110721588e-03,4.210099205374717712e-02,-3.015519678592681885e-02,-6.879732827655971050e-04,-4.506100900471210480e-03,7.155582774430513382e-03,6.280130241066217422e-03,-2.613142132759094238e-03,2.147335559129714966e-03,-3.163190325722098351e-03,1.283776294440031052e-02,-1.765440218150615692e-02,-1.947798393666744232e-02,8.206125348806381226e-03,-1.600260473787784576e-02,-7.882373407483100891e-03,-1.141061075031757355e-02,-7.862551137804985046e-03,-1.957378815859556198e-03,1.259329728782176971e-02,1.203829329460859299e-02,-1.253383234143257141e-02,2.181692793965339661e-02,-2.518659457564353943e-02,1.064417697489261627e-02,1.222329400479793549e-02,-2.711589261889457703e-02,-3.678881376981735229e-02,-2.769732475280761719e-02,-7.684157695621252060e-03,3.012876957654953003e-02,-8.522237476427108049e-05,-1.670296676456928253e-02,2.321765199303627014e-02,-9.785242378711700439e-03,-4.397743195295333862e-02,-2.438051626086235046e-02,3.511719405651092529e-03,-1.846708590164780617e-03,2.033691853284835815e-02,3.219021111726760864e-02,1.687475293874740601e-02,2.489587664604187012e-02,2.000655978918075562e-02,6.739330128766596317e-04,-3.351164981722831726e-02,-3.049877099692821503e-02,1.953084208071231842e-02,6.332987919449806213e-03,-3.650470403954386711e-03,3.931275568902492523e-03,-3.713238611817359924e-02,-1.375616155564785004e-02,1.416580751538276672e-02,-1.104721520096063614e-02,1.775681274011731148e-03,1.238186657428741455e-02,-9.223631583154201508e-03,-1.700689643621444702e-02,-5.807716865092515945e-03,-9.032023139297962189e-03,3.647166769951581955e-03,-1.333990879356861115e-02,-3.921364899724721909e-03,-2.176407165825366974e-02,2.891304716467857361e-02,-1.152953971177339554e-02,2.759161032736301422e-02,-1.604224741458892822e-02,1.573831774294376373e-02,7.994695566594600677e-03,-1.238847430795431137e-02,-1.661046594381332397e-02,-9.941750613506883383e-05,1.143703889101743698e-02,1.189954206347465515e-02,-1.110668014734983444e-02,2.693089097738265991e-02,8.794165216386318207e-03,-1.034685317426919937e-02,1.783940196037292480e-02,-2.173764258623123169e-02,-2.352158352732658386e-02,-1.345883775502443314e-02,2.891304716467857361e-02,-6.660869694314897060e-04,-9.236846119165420532e-03,5.057801026850938797e-03,-1.921369694173336029e-02,6.516337161883711815e-04,-5.526911001652479172e-03,1.963655650615692139e-02,-4.765102639794349670e-02,2.657410316169261932e-02,-1.543603837490081787e-03,1.200525742024183273e-02,-3.663023933768272400e-02,2.880733087658882141e-02,2.342908270657062531e-02,-1.391473412513732910e-02,2.223978936672210693e-02,1.117275189608335495e-02,2.389158494770526886e-02,1.215061545372009277e-02,-1.050542574375867844e-02,-7.670943159610033035e-03,-1.787904649972915649e-02,2.628008369356393814e-03,-7.168796844780445099e-03,-1.293687056750059128e-02,-1.079614181071519852e-02,-1.317472942173480988e-02,-8.027731440961360931e-03,-2.722160704433917999e-02,1.004292257130146027e-02,1.468380987644195557e-01,-1.683511026203632355e-02,1.421866472810506821e-02,2.782946825027465820e-02,3.845382248982787132e-03,6.617096718400716782e-03,3.121234662830829620e-02,-2.058138605207204819e-03,-1.084899995476007462e-02,-1.411294937133789062e-02,-3.752881661057472229e-02,-2.198871597647666931e-02,4.046901594847440720e-03,-7.561098900623619556e-04,1.275847665965557098e-02,-4.561601206660270691e-02,-1.295008510351181030e-02,-2.856947295367717743e-02,-1.564581692218780518e-02,-1.091507170349359512e-02,1.744297146797180176e-02,-2.261309418827295303e-03,8.252375759184360504e-03,-2.481659129261970520e-02,2.081263624131679535e-02,5.892784101888537407e-04,2.755196532234549522e-03,2.109013870358467102e-02,2.152621187269687653e-02,1.561773591674864292e-03,-2.323086746037006378e-02,-1.501152664422988892e-02,1.337294466793537140e-02,7.518977858126163483e-03,-6.633615121245384216e-03,2.974885515868663788e-03,2.173764258623123169e-02,1.639903523027896881e-02,1.176739856600761414e-02,4.484957829117774963e-02,2.494873479008674622e-02,-2.250407636165618896e-02,8.754521608352661133e-03,-9.884350933134555817e-03,-4.767084959894418716e-03,1.437723729759454727e-02,1.258668955415487289e-02,-2.161871269345283508e-02,2.237193286418914795e-02,8.880058303475379944e-03,-1.473402511328458786e-02,3.153279656544327736e-03,4.490243643522262573e-02,1.861905120313167572e-02,8.741307072341442108e-03,5.599590484052896500e-03,3.756185295060276985e-03,3.548058914020657539e-03,-1.802109996788203716e-03,-1.546907471492886543e-03,8.787557599134743214e-04,2.735375054180622101e-02,-1.945155672729015350e-02,1.318133622407913208e-02,-4.238510038703680038e-03,2.377265505492687225e-02,-3.507094457745552063e-02,-3.060448542237281799e-02,-5.050367908552289009e-04,-1.634617894887924194e-02,1.122560910880565643e-02,-1.166168320924043655e-02,-3.121895482763648033e-03,1.498509850353002548e-02,-4.179045092314481735e-03,-1.129828859120607376e-02,1.520974282175302505e-02,2.459194697439670563e-02,1.567224599421024323e-02,1.810369081795215607e-02,-2.229264564812183380e-02,-5.526911001652479172e-03,7.129153702408075333e-03,2.838447131216526031e-02,-1.638375688344240189e-04,-3.082252340391278267e-03,4.001311957836151123e-02,-6.177719216793775558e-03,-1.700689643621444702e-02,1.094810757786035538e-02,1.157579012215137482e-02,-1.323419343680143356e-02,4.096455406397581100e-03,-2.000325592234730721e-03,-6.963974330574274063e-03,8.258982561528682709e-03,-1.515688467770814896e-02,1.370165264233946800e-03,-1.768082939088344574e-02,-5.632626358419656754e-03,3.749578259885311127e-03,-7.643688586540520191e-04,9.005594998598098755e-03,2.819946967065334320e-02,-7.968266494572162628e-03,5.203159060329198837e-03,5.222980864346027374e-03,2.542445249855518341e-02,3.686809912323951721e-03,-1.765440218150615692e-02,1.522295735776424408e-02,-4.654102027416229248e-02,-4.463980149012058973e-04,9.058452211320400238e-03,1.121900230646133423e-02,1.394116319715976715e-02,-1.580438949167728424e-02,-9.296311065554618835e-03,6.792187225073575974e-03,6.679865065962076187e-03,-1.478688232600688934e-02,-1.868181861937046051e-03,6.015842780470848083e-03,9.250060655176639557e-03,1.571684377267956734e-03,-1.569867506623268127e-02,-4.202170297503471375e-02,1.177400536835193634e-02,4.370653536170721054e-03,-2.517337910830974579e-02,6.012539379298686981e-03,-4.658066201955080032e-03,1.300294231623411179e-02,1.450938079506158829e-02,2.954733744263648987e-02,1.102739386260509491e-02,9.144345298409461975e-03,-2.235871739685535431e-02,-1.174757722765207291e-02,2.949447929859161377e-02,-6.290041375905275345e-03,1.567224599421024323e-02,5.867181345820426941e-03,4.403689410537481308e-03,1.395768020302057266e-03,-8.443984203040599823e-03,1.406009215861558914e-02,-2.186978608369827271e-02,9.468098171055316925e-03,-1.375616155564785004e-02,1.441192463971674442e-03,-5.543429404497146606e-03,2.036334760487079620e-02,-2.644195966422557831e-02,3.393450751900672913e-02,5.315481219440698624e-03,7.730407523922622204e-04,-1.655760779976844788e-02,2.138085477054119110e-02,2.864875830709934235e-02,-4.936889559030532837e-02,2.933590672910213470e-02,1.474723964929580688e-02,-2.160549908876419067e-02,4.578779917210340500e-03,-8.655413985252380371e-04,-1.658668071031570435e-01,3.425826085731387138e-03,1.503795571625232697e-02,-2.295336499810218811e-02,1.963655650615692139e-02,-8.774342946708202362e-03,1.850012131035327911e-02,1.515688467770814896e-02,-2.054834924638271332e-02,1.445321948267519474e-03,1.688796840608119965e-02,-9.633277542889118195e-03,-2.418230101466178894e-02,1.163525506854057312e-02,-6.105040200054645538e-03,-1.275847665965557098e-02,-2.521302178502082825e-02,2.590016927570104599e-03,2.822589874267578125e-02,2.270229160785675049e-02,1.555992290377616882e-03,1.390812685713171959e-03,5.368338897824287415e-03,-1.520974282175302505e-02,-5.285748746246099472e-03,1.515688467770814896e-02,5.493875127285718918e-03,6.329684518277645111e-03,-1.145025342702865601e-02,-1.258008275181055069e-02,-2.011227421462535858e-02,8.219339884817600250e-03,1.971584372222423553e-02,9.679527720436453819e-04,4.836460202932357788e-02,-8.569520898163318634e-03,-1.836797781288623810e-02,1.007595844566822052e-02,5.427803378552198410e-03,1.902869530022144318e-02,1.789226010441780090e-02,1.631974987685680389e-02,-1.041953265666961670e-02,-6.041445885784924030e-04,7.122546900063753128e-03,3.639237955212593079e-02,-1.186650618910789490e-02,9.035327238962054253e-04,1.191275659948587418e-02,-1.905512437224388123e-02,3.660381073132157326e-03,-2.134121209383010864e-02,-1.601581834256649017e-02,9.402025490999221802e-03,1.416580751538276672e-02,1.170132681727409363e-02,-9.217024780809879303e-03,1.244793832302093506e-02,-1.021470967680215836e-02,-3.584398422390222549e-03,4.159223753958940506e-03,-8.100409992039203644e-03,2.044263482093811035e-02,-6.379238329827785492e-03,3.838775213807821274e-03,-5.626019090414047241e-03,-3.493880107998847961e-02,-2.093156613409519196e-02,-1.503795571625232697e-02,1.799797452986240387e-02,-1.749252551235258579e-03,-2.662695944309234619e-02,1.711261272430419922e-02,-1.472081057727336884e-02,3.772703232243657112e-03,-1.015524473041296005e-02,-2.153942734003067017e-02,3.700024262070655823e-02,1.926655508577823639e-02,3.206137102097272873e-03,-1.554010156542062759e-02,3.142377734184265137e-02,-1.839440688490867615e-02,3.868507454171776772e-03,9.362382814288139343e-03,-1.444289664505049586e-04,-6.551024969667196274e-03,-5.979503504931926727e-03,6.954063428565859795e-04,2.352158352732658386e-02,1.086221449077129364e-02,-8.873450569808483124e-03,-4.859585314989089966e-03,-3.092163056135177612e-02,2.332336641848087311e-02,2.516016550362110138e-02,1.625367812812328339e-02,-4.410296678543090820e-03,-7.988087832927703857e-03,6.068700458854436874e-03,1.316481851972639561e-03,-3.943168744444847107e-02,-2.399729937314987183e-02,2.284765057265758514e-02,2.588695473968982697e-02,-1.362401805818080902e-02,2.054834924638271332e-02,1.268579717725515366e-02,3.521630307659506798e-03,-8.126839064061641693e-03,-7.883199141360819340e-04,-1.034850487485527992e-03,8.880058303475379944e-03,5.361731629818677902e-03,1.513045653700828552e-02,-1.090846396982669830e-02,-6.177719216793775558e-03,-2.316479384899139404e-02,2.366694062948226929e-02,-9.355776011943817139e-03,2.912447601556777954e-02,1.526260003447532654e-02,-4.757173825055360794e-03,4.509404767304658890e-03,-4.006597772240638733e-02,-2.423515915870666504e-02,-1.267522573471069336e-01,-5.523607507348060608e-02,1.571188867092132568e-02,2.822589874267578125e-02,-7.267904584296047688e-04,1.918726786971092224e-02,-3.298637690022587776e-03,1.930619776248931885e-02,-9.798456914722919464e-03,1.120578777045011520e-02,1.223361759912222624e-04,-1.158900465816259384e-02,4.522618837654590607e-03,-1.029399596154689789e-02,2.179050073027610779e-02,-1.998013071715831757e-02,-1.063757017254829407e-02,-9.917386807501316071e-03,-2.163192816078662872e-02,3.089520335197448730e-02,7.208439987152814865e-03,-4.456547088921070099e-03,-3.894936293363571167e-03,-3.182020783424377441e-02,1.834154874086380005e-02,1.195487711811438203e-04,-2.835804224014282227e-02,-2.586713293567299843e-03,1.313508581370115280e-02,-3.924668766558170319e-03,-1.232653157785534859e-04,2.281130990013480186e-03,7.413262967020273209e-03,6.726115476340055466e-03,-2.009906060993671417e-02,-1.354473177343606949e-03,-1.719189807772636414e-02,-1.193918567150831223e-02,3.327379003167152405e-02,-9.131131693720817566e-03,4.912442993372678757e-03,1.248758193105459213e-02,2.195237670093774796e-03,1.325401570647954941e-02,1.872476562857627869e-02,-2.781625371426343918e-03,-1.561938785016536713e-02,2.320443838834762573e-02,-5.972896236926317215e-03,-7.750229444354772568e-03,-1.766761578619480133e-02,-3.065734356641769409e-02,1.785592059604823589e-03,-1.038649678230285645e-02,2.806732617318630219e-02,-1.240829564630985260e-02,1.161543373018503189e-02,-1.211097184568643570e-02,-2.029727585613727570e-02,1.002970896661281586e-02,6.600578781217336655e-03,1.783940242603421211e-03,3.422522451728582382e-03,6.990402936935424805e-03,2.275514975190162659e-02,-5.348517093807458878e-03,-1.806404627859592438e-02,-2.662695944309234619e-02,2.287407778203487396e-02,-1.750904321670532227e-02,1.774690113961696625e-02,-1.114632282406091690e-02,-6.557632237672805786e-03,3.142377734184265137e-02,-2.693089097738265991e-02,-1.563260331749916077e-02,-4.261635185685008764e-04,-7.822908461093902588e-03,1.350508816540241241e-02,-4.083241149783134460e-02,-1.221668720245361328e-02,-2.732732146978378296e-02,1.577796041965484619e-02,-6.015842780470848083e-03,2.402372844517230988e-02,-1.946477033197879791e-02,1.190614979714155197e-02,-3.822257276624441147e-03,-1.211097184568643570e-02,-1.538152899593114853e-02,1.370330434292554855e-02,1.483974047005176544e-02,2.510730735957622528e-02,-2.883375994861125946e-02,2.147335559129714966e-02,-7.657728623598814011e-03,1.457545254379510880e-02,-9.626669809222221375e-03,-2.315158024430274963e-02,-1.367687527090311050e-02,3.934579435735940933e-03,-1.954405754804611206e-02,-4.952746629714965820e-02,2.835804224014282227e-02,-1.768082939088344574e-02,1.279811933636665344e-02,1.485295407474040985e-02,-1.937226951122283936e-02,1.330026611685752869e-02,-7.935230620205402374e-03,-2.209443040192127228e-02,1.327383704483509064e-02,-8.761128410696983337e-03,2.214728854596614838e-02,-4.800120834261178970e-03,-6.091825664043426514e-03,-1.041292585432529449e-02,6.230576429516077042e-03,-1.832461857702583075e-04,2.286086324602365494e-03,-4.212080966681241989e-03,1.896262355148792267e-02,8.939523249864578247e-03,-1.094149984419345856e-02,-4.106366075575351715e-03,2.066727913916110992e-02,-2.561936387792229652e-03,1.335973013192415237e-02,6.511381827294826508e-03,1.836797781288623810e-02,8.998987264931201935e-03,-1.906833983957767487e-02,2.928304858505725861e-02,-2.430123090744018555e-02,7.532192394137382507e-03,-3.425826085731387138e-03,-2.175085619091987610e-02,-3.131806105375289917e-02,-1.416580751538276672e-02,2.521302178502082825e-02,6.768236053176224232e-04,5.280463024973869324e-02,-1.871485495939850807e-03,-2.936233580112457275e-02,2.227943204343318939e-02,-5.996021442115306854e-03,-8.496841415762901306e-03,-1.173436269164085388e-02,-2.477694861590862274e-02,-1.800458179786801338e-03,3.618095070123672485e-02,1.206472236663103104e-02,3.805739060044288635e-02,1.620081998407840729e-02,1.207132916897535324e-02,-6.099258898757398129e-04,-2.724803611636161804e-02,-4.035669192671775818e-02,3.929954394698143005e-02,-1.984798721969127655e-02,-6.983795668929815292e-03,-2.751232311129570007e-02,3.372307866811752319e-02,2.925661951303482056e-02,1.317472942173480988e-02,-1.374294701963663101e-02,-1.352821360342204571e-03,2.188299968838691711e-02,-1.032042503356933594e-02,1.892958884127438068e-03,4.677888005971908569e-03,5.996021442115306854e-03,-5.292356014251708984e-03,1.815654709935188293e-02,1.277169119566679001e-02,2.110996050760149956e-03,4.826549440622329712e-03,-8.007909171283245087e-03,-7.089510560035705566e-03,1.536831539124250412e-02,-1.585724763572216034e-02,1.210436504334211349e-02,4.810031503438949585e-03,-1.835476234555244446e-02,-1.815654709935188293e-02,2.123549580574035645e-02,3.700024215504527092e-03,-1.175418402999639511e-02,-1.400723494589328766e-02,-3.328369930386543274e-03,1.657082326710224152e-02,-1.881726644933223724e-02,-6.134772207587957382e-03,1.420545019209384918e-02,2.471087686717510223e-02,-2.727446518838405609e-02,-2.311193756759166718e-02,1.802440360188484192e-02,-1.316812168806791306e-02,-4.658066201955080032e-03,7.419870235025882721e-03,2.983805350959300995e-02,3.225958673283457756e-03,-1.261972542852163315e-02,1.094149984419345856e-02,-5.616108421236276627e-03,-1.462830975651741028e-02,3.287735953927040100e-02,-3.472737222909927368e-02,-3.105377405881881714e-02,-2.904519066214561462e-02,2.671946026384830475e-02,4.506100900471210480e-03,-1.285923644900321960e-03,1.394116319715976715e-02,-6.785579957067966461e-03,7.043260615319013596e-03,1.690118201076984406e-02,9.137738496065139771e-03,-8.477020077407360077e-03,-1.657082326710224152e-02,4.902531951665878296e-02,2.233228832483291626e-02,2.933590672910213470e-02,2.954733744263648987e-02,-3.977525979280471802e-03,3.969597443938255310e-02,-1.444330904632806778e-02,-9.104702621698379517e-03,-2.364051155745983124e-02,-2.335640368983149529e-03,-1.168811228126287460e-02,-1.164846960455179214e-02,-2.411622926592826843e-02,-6.374613195657730103e-02,3.838775213807821274e-03,-1.859262213110923767e-02,9.435062296688556671e-03,-7.148975506424903870e-03,2.962662279605865479e-02,-2.701017633080482483e-02,4.310528188943862915e-02,1.848690770566463470e-02,5.137087428011000156e-04,-1.085560675710439682e-02,1.725796982645988464e-02,3.520308807492256165e-02,-3.262298181653022766e-03,6.404840969480574131e-04,1.464152429252862930e-02,-2.068049274384975433e-02,2.891304716467857361e-02,-8.166481740772724152e-03,2.116942405700683594e-02,5.351820960640907288e-03,-4.543101042509078979e-02,-1.524938549846410751e-02,-6.669954396784305573e-03,1.466795336455106735e-02,4.231902770698070526e-03,8.292018435895442963e-03,4.950103908777236938e-02,1.530389534309506416e-03,1.402044948190450668e-02,-1.176739856600761414e-02,-3.224306926131248474e-02,-2.489587664604187012e-02,1.604224741458892822e-02,-2.402372844517230988e-02,-3.944490104913711548e-03,-2.851661480963230133e-02,-5.705305375158786774e-03,1.514367107301950455e-02,-1.370330434292554855e-02,-2.110335230827331543e-02,-1.038649678230285645e-02,6.970581598579883575e-03,-1.263624406419694424e-03,-1.045917533338069916e-02,-1.015524473041296005e-02,1.024774555116891861e-02,9.084881283342838287e-03,1.036667544394731522e-02,-3.980829846113920212e-03,-2.541123889386653900e-02,2.406337112188339233e-02,8.173089474439620972e-03,-9.770377073436975479e-04,1.123882364481687546e-02,-2.999662607908248901e-02
-3.475804999470710754e-02,-9.760379791259765625e-03,-3.278726479038596153e-03,-2.909406088292598724e-03,-2.359457314014434814e-03,5.039530247449874878e-02,-2.450094185769557953e-02,-5.615605507045984268e-03,-1.375355664640665054e-02,-1.261817850172519684e-02,1.082157134078443050e-03,6.022019311785697937e-03,5.460781045258045197e-03,-2.017876319587230682e-02,4.657630342990159988e-03,1.696616038680076599e-02,2.105610072612762451e-02,7.676703389734029770e-03,1.319876965135335922e-02,-6.734855938702821732e-03,-1.172793842852115631e-02,-7.844429463148117065e-03,1.020549982786178589e-02,1.093446393497288227e-03,1.479700789786875248e-03,-1.695325784385204315e-02,3.772329728235490620e-05,-3.553216904401779175e-02,-3.673851024359464645e-03,-1.075706095434725285e-03,6.370373535901308060e-03,-1.379226241260766983e-02,-1.572756655514240265e-02,-7.257387973368167877e-03,-3.259050846099853516e-02,-6.557452958077192307e-03,-3.841577330604195595e-03,-7.328348699957132339e-03,3.313239291310310364e-02,4.580217879265546799e-03,1.919820904731750488e-02,2.078515850007534027e-02,-4.393138922750949860e-03,1.370194833725690842e-02,-1.686294376850128174e-02,6.386501248925924301e-03,-6.741306744515895844e-03,-2.635238226503133774e-03,-2.484929561614990234e-02,2.011425420641899109e-02,1.491473801434040070e-02,3.256147960200905800e-03,-8.186333812773227692e-03,-3.125515067949891090e-03,-1.743063330650329590e-02,1.336568966507911682e-04,-4.431844688951969147e-03,3.725459100678563118e-03,-8.844941476127132773e-05,-1.023130398243665695e-02,-1.503085624426603317e-02,1.991749741137027740e-03,-9.412026032805442810e-03,2.509443461894989014e-02,1.066029653884470463e-03,-9.708772413432598114e-03,-1.416642125695943832e-02,-1.281170826405286789e-02,-2.309462055563926697e-03,-6.941287964582443237e-02,2.244951948523521423e-02,3.622888028621673584e-02,-3.858511045109480619e-04,-2.420419454574584961e-02,-7.966998964548110962e-03,-4.931152984499931335e-02,2.533634658902883530e-03,-1.086350344121456146e-02,-1.662748167291283607e-03,3.473869524896144867e-03,2.090127766132354736e-02,-8.902396075427532196e-03,-3.710621595382690430e-02,4.344756249338388443e-03,3.244858700782060623e-03,-3.015847876667976379e-03,-8.915297687053680420e-03,2.146896533668041229e-02,-1.807895954698324203e-03,-3.220344707369804382e-02,2.164959348738193512e-02,2.104319818317890167e-02,1.567595824599266052e-02,2.781676128506660461e-02,-4.182835668325424194e-02,1.888856105506420135e-02,-2.181732095777988434e-02,1.100542582571506500e-02,-6.273608305491507053e-04,9.373319335281848907e-03,2.389454655349254608e-02,-3.056166693568229675e-03,-2.593306638300418854e-02,-5.765591631643474102e-04,-1.056030578911304474e-02,-1.586948707699775696e-02,-3.117128647863864899e-02,-1.586948707699775696e-02,1.134087797254323959e-02,-8.792728185653686523e-03,-9.302358143031597137e-03,3.284854814410209656e-02,7.754115853458642960e-03,-3.524832800030708313e-02,1.172148808836936951e-02,-1.936593651771545410e-02,5.218868143856525421e-03,-7.238034624606370926e-03,-2.119802311062812805e-02,-1.356002595275640488e-02,2.250112779438495636e-02,1.557274162769317627e-02,3.001232289534527808e-05,-5.194354429841041565e-02,1.294072903692722321e-02,1.197952777147293091e-02,-6.254255305975675583e-03,-1.162794767878949642e-03,-3.160995617508888245e-02,-3.537734597921371460e-02,3.199701756238937378e-02,3.615146875381469727e-02,2.350748516619205475e-02,-1.438575563952326775e-03,-9.281392558477818966e-04,1.625654846429824829e-02,-6.523585179820656776e-04,-1.748224161565303802e-02,-1.472120825201272964e-02,-2.650075405836105347e-02,7.076759357005357742e-03,1.134732924401760101e-02,1.286976784467697144e-02,-9.889400564134120941e-03,1.949495635926723480e-02,3.031975403428077698e-02,1.148280035704374313e-02,2.149477042257785797e-02,-3.001010417938232422e-02,-1.580497832037508488e-03,-4.657630342990159988e-03,1.272784546017646790e-02,2.364940755069255829e-02,-2.699103206396102905e-02,1.695325784385204315e-02,9.979714639484882355e-03,-6.599384825676679611e-03,2.954563125967979431e-02,-1.857891306281089783e-02,3.465402696747332811e-04,-5.518840160220861435e-03,5.357564892619848251e-03,1.059256028383970261e-02,2.170120179653167725e-02,1.614043116569519043e-02,2.789417281746864319e-02,6.612286437302827835e-03,-1.092801336199045181e-02,-1.452767755836248398e-02,-8.476628921926021576e-03,4.848580062389373779e-02,4.309275653213262558e-03,-3.728684410452842712e-02,1.819185167551040649e-02,-1.224079402163624763e-03,1.568885892629623413e-02,-1.339391223154962063e-03,2.472027577459812164e-02,-1.981750689446926117e-02,8.928199298679828644e-03,-4.925992339849472046e-02,-3.230344038456678391e-03,2.652655914425849915e-02,1.522438693791627884e-02,-1.072803232818841934e-02,9.153985418379306793e-03,-6.209098501130938530e-04,-6.473589688539505005e-03,1.459218747913837433e-02,2.306236652657389641e-03,1.437285356223583221e-02,1.146344747394323349e-02,-2.443643100559711456e-02,-2.474607899785041809e-02,-6.403532028198242188e-01,1.164407562464475632e-02,3.415810409933328629e-03,-5.157583393156528473e-03,6.209098268300294876e-03,2.644914574921131134e-02,1.512117031961679459e-02,2.593306638300418854e-02,1.297459704801440239e-03,1.088930759578943253e-02,-7.747664581984281540e-03,1.173438969999551773e-02,-5.670438986271619797e-03,-3.873187303543090820e-02,-9.773282799869775772e-04,-1.482442393898963928e-02,-2.072064764797687531e-02,-2.164959348738193512e-02,-9.334613569080829620e-03,-6.292961537837982178e-03,-1.284396369010210037e-02,-2.527990145608782768e-04,4.180255346000194550e-03,2.611046889796853065e-03,9.797473903745412827e-04,1.389547809958457947e-02,-5.428526084870100021e-03,-2.498154062777757645e-03,-9.766831062734127045e-03,1.327618118375539780e-02,-3.514511138200759888e-02,2.425580285489559174e-02,-1.286976784467697144e-02,1.726290583610534668e-02,3.509350121021270752e-02,5.389819853007793427e-03,-3.594503551721572876e-02,2.678459882736206055e-02,2.328815124928951263e-02,2.246242202818393707e-02,-2.804899774491786957e-02,-1.072158105671405792e-02,1.530179940164089203e-02,-3.039716556668281555e-02,1.655329577624797821e-02,-6.002665963023900986e-03,5.180161911994218826e-03,-3.219054779037833214e-03,-8.563717710785567760e-04,-9.837792254984378815e-03,2.321073971688747406e-02,-4.082199931144714355e-02,-8.857239037752151489e-03,1.635976508259773254e-02,1.428253948688507080e-02,1.983040943741798401e-02,2.737809158861637115e-02,-3.188412403687834740e-03,-1.207629311829805374e-02,2.439772523939609528e-02,1.249077031388878822e-03,3.277113661170005798e-02,-1.602431200444698334e-02,4.251216538250446320e-03,-4.589894786477088928e-03,-6.060725077986717224e-03,-2.595886960625648499e-02,-1.017324533313512802e-02,3.215829143300652504e-03,-2.399776130914688110e-03,2.007554657757282257e-02,-4.831807687878608704e-03,-1.513407286256551743e-02,-1.793381199240684509e-02,2.212696895003318787e-02,2.011425420641899109e-02,2.487510070204734802e-02,-2.451384253799915314e-02,-3.460967680439352989e-03,-5.160809028893709183e-03,1.179244834929704666e-02,-4.625375382602214813e-03,-3.847383335232734680e-02,4.296373575925827026e-03,2.789417281746864319e-02,-5.424010381102561951e-02,-1.943367184139788151e-03,-9.018514305353164673e-03,2.091417834162712097e-02,-1.539211347699165344e-02,8.592948688601609319e-06,2.678459882736206055e-02,2.429450862109661102e-02,-1.575336977839469910e-02,1.599850878119468689e-02,3.638370428234338760e-03,-8.392766118049621582e-03,1.559854578226804733e-02,2.208826318383216858e-02,1.908209174871444702e-02,1.363743841648101807e-02,-6.544550880789756775e-03,1.839828491210937500e-02,-8.283098228275775909e-03,1.105058286339044571e-02,1.810153760015964508e-02,-3.486126661300659180e-02,2.078515850007534027e-02,2.344297617673873901e-02,-3.816418349742889404e-02,2.148186787962913513e-03,-1.149892807006835938e-03,1.372775249183177948e-02,-3.751263022422790527e-03,-9.431378915905952454e-03,-1.215370558202266693e-02,1.682423800230026245e-02,1.451477594673633575e-02,1.136668212711811066e-02,-2.312042564153671265e-02,2.505572885274887085e-02,1.710808277130126953e-02,1.810153760015964508e-02,-1.357292756438255310e-02,7.057406473904848099e-03,2.056582458317279816e-02,-1.651459001004695892e-02,-2.246242202818393707e-02,-2.386874146759510040e-02,4.596345592290163040e-03,-5.183387547731399536e-03,2.021746896207332611e-02,1.252141315490007401e-02,-1.180535089224576950e-02,2.941661141812801361e-02,9.031415916979312897e-03,1.817894913256168365e-02,-7.199328858405351639e-03,2.343007363379001617e-02,-3.870606794953346252e-02,1.624364592134952545e-02,-1.766286976635456085e-02,-5.873645655810832977e-03,-1.685004122555255890e-02,-9.811988100409507751e-03,-3.708041459321975708e-02,-3.148093447089195251e-02,-1.185695920139551163e-02,-1.908209174871444702e-02,9.508790448307991028e-03,1.931432820856571198e-02,3.111000172793865204e-03,-6.247804500162601471e-03,-1.320521999150514603e-02,4.144774749875068665e-03,-2.188182994723320007e-02,-1.372775249183177948e-02,-4.015754442662000656e-03,-1.014744117856025696e-02,-7.115465588867664337e-03,2.683620713651180267e-02,1.249560900032520294e-02,-1.639847084879875183e-02,-1.806283183395862579e-02,-4.915670491755008698e-03,-1.303749438375234604e-02,1.466959994286298752e-02,1.938528963364660740e-03,-6.876778323203325272e-03,5.483359564095735550e-03,-1.016679406166076660e-02,8.870140649378299713e-03,-1.686294376850128174e-02,1.280525792390108109e-02,7.825076580047607422e-03,7.979901507496833801e-03,-1.712098345160484314e-02,-4.935023840516805649e-03,1.727580837905406952e-02,4.889866802841424942e-03,2.055292204022407532e-02,-8.854013285599648952e-04,-2.398486062884330750e-02,-1.402449887245893478e-02,1.141183916479349136e-02,3.275501076132059097e-03,1.121830847114324570e-02,-1.393418409861624241e-03,6.234902422875165939e-03,4.925347398966550827e-03,2.229469455778598785e-02,1.521632308140397072e-03,5.651086103171110153e-03,-7.966998964548110962e-03,6.228451617062091827e-03,3.444839967414736748e-03,1.014098990708589554e-02,2.546859346330165863e-02,1.845594088081270456e-04,5.168550461530685425e-02,2.363650500774383545e-02,-4.628600552678108215e-03,3.937697410583496094e-02,-1.196017488837242126e-02,2.662977576255798340e-02,-2.732648327946662903e-02,3.560958197340369225e-03,-1.766286976635456085e-02,1.273429673165082932e-02,1.785317435860633850e-03,-1.126991678029298782e-02,-5.707854777574539185e-02,1.273268368095159531e-03,4.822130780667066574e-03,1.487603224813938141e-02,2.300430648028850555e-02,2.450094185769557953e-02,1.086995378136634827e-02,1.586948707699775696e-02,-2.481058984994888306e-02,2.149477042257785797e-02,-1.948407007148489356e-04,-8.425020612776279449e-03,-1.117315143346786499e-02,-3.535154089331626892e-02,1.274719834327697754e-02,1.490183640271425247e-02,-8.434697519987821579e-04,-4.673757590353488922e-03,-2.784256450831890106e-02,-4.745525366161018610e-04,-1.412771455943584442e-02,-8.360510692000389099e-03,1.294072903692722321e-02,-5.754302255809307098e-03,1.621784269809722900e-02,8.966905996203422546e-03,-4.541512113064527512e-03,2.604918368160724640e-02,-3.687398135662078857e-02,-3.265824634581804276e-04,3.576440736651420593e-02,-2.265917719341814518e-04,3.470644121989607811e-03,4.538286477327346802e-03,2.010135166347026825e-02,2.091417834162712097e-02,-7.676703389734029770e-03,-8.205686695873737335e-03,2.773934975266456604e-02,-2.237210795283317566e-02,1.028291229158639908e-02,-1.288912072777748108e-02,-3.277113661170005798e-03,-9.315260685980319977e-03,-1.984331011772155762e-02,3.188412403687834740e-03,2.696522697806358337e-02,1.614043116569519043e-02,1.455348171293735504e-02,1.639847084879875183e-02,-1.540501508861780167e-02,6.025244481861591339e-03,3.527412936091423035e-02,4.972439631819725037e-02,-1.007647998631000519e-02,-7.005798164755105972e-03,-1.826926507055759430e-02,1.869503036141395569e-02,6.263932213187217712e-03,-1.666941307485103607e-02,-6.305863615125417709e-03,1.799832098186016083e-02,-1.555983908474445343e-02,1.732741668820381165e-02,-2.644914668053388596e-03,9.663615375757217407e-03,2.364295767620205879e-03,3.883508965373039246e-02,-1.286170445382595062e-03,-1.924014184623956680e-03,-4.126066714525222778e-02,2.088837511837482452e-02,-2.162379026412963867e-02,9.037867188453674316e-03,-3.158415108919143677e-02,-4.252506792545318604e-02,-5.234995856881141663e-03,5.918803159147500992e-03,1.348261348903179169e-02,1.864342205226421356e-02,2.879731543362140656e-02,5.035014357417821884e-03,-5.215642508119344711e-03,-1.455348171293735504e-02,-2.735228836536407471e-02,1.494054216891527176e-02,-1.922401413321495056e-02,1.141183916479349136e-02,-9.250750765204429626e-03,1.221821550279855728e-02,-1.812734175473451614e-03,-5.328535567969083786e-03,-3.880283329635858536e-03,3.942858055233955383e-02,1.310200430452823639e-02,-1.225692103616893291e-03,-1.758545637130737305e-02,5.718821659684181213e-03,-1.425673533231019974e-02,4.141549114137887955e-03,1.638556830585002899e-03,-1.931432820856571198e-02,-2.750711329281330109e-02,-1.468250155448913574e-02,-5.686566699296236038e-03,-2.545569092035293579e-02,-1.604689052328467369e-03,9.908753447234630585e-03,-9.515241836197674274e-04,1.060546282678842545e-02,-3.800936043262481689e-02,-1.806283136829733849e-03,1.839828491210937500e-02,7.772178202867507935e-02,-6.325216498225927353e-03,-4.341530613601207733e-03,2.269465848803520203e-02,-2.065613865852355957e-02,2.394937910139560699e-03,-2.255273610353469849e-02,-3.037136234343051910e-02,1.240529492497444153e-02,-1.597270369529724121e-02,-1.224401965737342834e-02,-4.151226021349430084e-03,2.264305017888545990e-02,-5.493036005645990372e-03,1.388257648795843124e-02,2.589435875415802002e-02,3.938342444598674774e-03,1.385354669764637947e-03,-7.218681741505861282e-03,-3.825449850410223007e-03,-1.754675060510635376e-02,-1.236658915877342224e-02,-5.702693946659564972e-03,1.260527595877647400e-02,-5.047916434705257416e-03,-4.802777897566556931e-03,2.804899774491786957e-02,1.952075958251953125e-02,2.678459882736206055e-02,1.270042848773300648e-04,6.392952054738998413e-03,-3.544830717146396637e-03,-9.882949292659759521e-03,7.631546352058649063e-03,-1.003132294863462448e-02,4.004788026213645935e-02,1.210209727287292480e-02,1.901758089661598206e-02,3.022298915311694145e-03,-1.049579586833715439e-02,3.349364921450614929e-02,2.215277217328548431e-02,1.346971187740564346e-02,-8.700801408849656582e-04,-1.780479215085506439e-02,5.989763885736465454e-03,-1.545662339776754379e-02,2.652655914425849915e-02,-3.731910139322280884e-03,-2.964884787797927856e-02,1.664360985159873962e-02,-4.693110939115285873e-03,3.151318989694118500e-03,-2.164959348738193512e-02,-1.375678228214383125e-03,-1.199888158589601517e-02,-3.967371769249439240e-03,1.872083544731140137e-02,-1.375355664640665054e-02,-1.170858554542064667e-02,-1.183760631829500198e-02,7.648480241186916828e-04,-1.092156209051609039e-02,-9.747478179633617401e-03,-2.385584078729152679e-02,-1.288912072777748108e-02,-2.683620713651180267e-02,1.097962167114019394e-02,-2.395905554294586182e-02,3.341623814776539803e-03,-1.543081924319267273e-02,1.172793842852115631e-02,-6.812267936766147614e-03,-5.828488618135452271e-03,3.697719797492027283e-02,1.272139418870210648e-02,1.828216575086116791e-02,-2.221728302538394928e-02,2.545569092035293579e-02,1.615333184599876404e-02,3.290015738457441330e-03,-1.892726682126522064e-02,1.837247982621192932e-02,-4.474421590566635132e-02,-2.277207002043724060e-02,7.328348699957132339e-03,2.366231009364128113e-02,-2.057872712612152100e-03,-2.833284251391887665e-02,1.151505485177040100e-02,1.286976784467697144e-02,-1.246980484575033188e-02,2.371391840279102325e-02,-1.021195109933614731e-02,7.870233617722988129e-03,-1.023130398243665695e-02,9.063671343028545380e-03,-1.726290583610534668e-02,-2.335266023874282837e-02,-1.834667660295963287e-02,-1.221176423132419586e-02,-6.007504416629672050e-04,-8.192784152925014496e-04,-1.340520195662975311e-02,2.650075405836105347e-02,4.941474646329879761e-03,-1.882405206561088562e-02,1.730161160230636597e-02,1.557274162769317627e-02,5.309182219207286835e-03,1.036032382398843765e-02,-2.195924334228038788e-02,-1.466959994286298752e-02,-3.434518352150917053e-02,-1.166987977921962738e-02,2.370101585984230042e-02,-2.194634079933166504e-02,1.915950328111648560e-02,1.725000515580177307e-02,6.812267936766147614e-03,-5.167260300368070602e-03,-3.362267091870307922e-02,1.673392392694950104e-02,9.953910484910011292e-03,-6.170392502099275589e-03,3.344204276800155640e-02,-1.788220368325710297e-02,-1.779188960790634155e-02,2.114641480147838593e-02,-1.779188960790634155e-02,-1.912079751491546631e-02,1.148280035704374313e-02,1.554693747311830521e-02,-4.922121763229370117e-03,-2.967465296387672424e-02,-6.486491765826940536e-03,-1.310845464468002319e-02,8.102470077574253082e-03,-1.571466401219367981e-02,-5.254348739981651306e-03,-2.340426854789257050e-02,-1.034742221236228943e-02,-3.741586580872535706e-02,-2.455255016684532166e-02,-2.531376853585243225e-02,-3.842222318053245544e-02,5.064044147729873657e-03,6.380050443112850189e-03,-5.135004874318838120e-03,1.904338598251342773e-02,-2.462996169924736023e-02,-5.622056312859058380e-03,-4.422813281416893005e-02,5.326116224750876427e-04,2.328815124928951263e-02,-1.429544109851121902e-02,-2.624271437525749207e-02,6.315540056675672531e-03,1.910789497196674347e-02,1.221176423132419586e-02,2.411388047039508820e-02,2.786836819723248482e-03,6.028470117598772049e-03,-7.154171820729970932e-03,-1.457122154533863068e-03,-1.718549430370330811e-02,-2.593306638300418854e-02,6.514009328384418041e-06,-3.984144702553749084e-02,2.017876319587230682e-02,2.465576492249965668e-02,1.379226241260766983e-02,1.119250431656837463e-02,6.663894746452569962e-03,1.510343048721551895e-03,-6.228451617062091827e-03,-2.146977203665301204e-04,-1.985621266067028046e-02,2.328815171495079994e-03,-2.350748516619205475e-02,5.976861808449029922e-03,2.135284710675477982e-03,-3.214216325432062149e-03,-1.794671453535556793e-02,-1.683714054524898529e-02,-2.504282630980014801e-02,2.332685701549053192e-02,2.779095619916915894e-02,1.021195109933614731e-02,1.172148808836936951e-02,1.605011709034442902e-02,-2.802319265902042389e-02,1.126991678029298782e-02,-8.173431269824504852e-03,1.205694023519754410e-02,-1.112154405564069748e-02,5.551095120608806610e-03,2.890053018927574158e-02,1.129572093486785889e-02,-3.344849450513720512e-03,1.639847084879875183e-02,2.093998342752456665e-02,-1.500505208969116211e-02,-2.150767110288143158e-02,-1.093446463346481323e-02,3.555797412991523743e-02,-5.512389354407787323e-03,1.687584631145000458e-02,1.226982381194829941e-02,-3.042296878993511200e-02,-4.570541437715291977e-03,-1.335359364748001099e-02,-1.861761882901191711e-02,-4.108003899455070496e-02,1.323747541755437851e-02,1.252786442637443542e-02,-1.464379578828811646e-02,4.718914628028869629e-03,-2.015295997262001038e-02,-2.964884787797927856e-02,1.539211347699165344e-02,-1.112154405564069748e-02,3.016492910683155060e-02,-1.469540409743785858e-02,6.160716060549020767e-03,1.523728854954242706e-02,4.696336109191179276e-03,-3.091324679553508759e-02,3.284854814410209656e-02,1.425673533231019974e-02,-2.496541477739810944e-02,-1.427286333637312055e-04,-7.863783277571201324e-03,-8.241166942752897739e-04,3.570634871721267700e-03,-1.468250155448913574e-02,-1.406320463865995407e-02,-3.037136234343051910e-02,-3.153254464268684387e-02,2.042390219867229462e-02,-5.447878967970609665e-03,-1.428253948688507080e-02,4.991469904780387878e-04,-1.362453587353229523e-02,1.605011709034442902e-02,1.103122951462864876e-03,-5.899449810385704041e-03,4.538931697607040405e-02,-3.617727011442184448e-02,-2.512023784220218658e-02,-1.460509002208709717e-02,1.955462794285267591e-04,-1.682423800230026245e-02,2.313332632184028625e-02,-9.283005259931087494e-03,-4.331854172050952911e-03,-1.263108011335134506e-02,5.967185366898775101e-03,-1.282944926060736179e-03,1.056675706058740616e-02,6.383275613188743591e-03,3.021653741598129272e-02,9.289456647820770741e-04,-2.146896533668041229e-02,1.345680933445692062e-02,-1.268913969397544861e-02,-4.951151087880134583e-03,1.240529492497444153e-02,5.822037812322378159e-03,2.497831545770168304e-02,1.572756655514240265e-02,-4.612473130691796541e-04,1.827248954214155674e-03,2.264305017888545990e-02,6.505845114588737488e-03,-4.064137116074562073e-03,3.215829143300652504e-03,3.338398411870002747e-03,-1.260527595877647400e-02,-1.713388599455356598e-02,2.323654294013977051e-02,-2.047551050782203674e-02,-7.721860427409410477e-03,-2.820704830810427666e-03,-1.803702861070632935e-02,-2.737809158861637115e-02,-1.706937700510025024e-02,1.958527043461799622e-02,2.902955189347267151e-02,-7.147720549255609512e-03,2.906180685386061668e-03,-5.364016164094209671e-03,-1.637266762554645538e-02,2.446223422884941101e-02,1.334069110453128815e-02,2.843283349648118019e-03,-1.122475974261760712e-02,2.722326852381229401e-02,-1.495344471186399460e-02,3.140352293848991394e-02,-2.038519643247127533e-02,1.190856657922267914e-02,-2.416548877954483032e-02,2.127543464303016663e-02,1.521148439496755600e-02,-9.373319335281848907e-03,1.321167126297950745e-02,-3.013912588357925415e-02,-3.919634595513343811e-02,1.214725431054830551e-02,-1.841763732954859734e-03,1.135377958416938782e-02,1.320521999150514603e-02,-1.241819653660058975e-02,7.209005416370928288e-04,-1.430834364145994186e-02,1.225692126899957657e-02,-2.433321438729763031e-02,-4.634406417608261108e-02,3.434518352150917053e-02,-5.173711106181144714e-03,3.070681355893611908e-03,3.367428109049797058e-02,-2.949402481317520142e-02,-1.790800690650939941e-02,1.946915313601493835e-02,1.965945819392800331e-03,1.310845464468002319e-02,-2.335266023874282837e-02,5.431751720607280731e-03,-1.423093117773532867e-02,2.283658133819699287e-03,-6.715503055602312088e-03,-6.805817130953073502e-03,1.016034279018640518e-02,-9.870047681033611298e-03,-1.163117308169603348e-02,-2.227211603894829750e-03,3.240020480006933212e-03,-2.213987149298191071e-02,1.186340954154729843e-02,5.322084296494722366e-03,-9.528144262731075287e-03,2.893278608098626137e-03,-5.754302255809307098e-03,7.257387973368167877e-03,1.042483467608690262e-02,-2.531376853585243225e-02,-6.451011449098587036e-02,-3.643531352281570435e-02,-2.459125593304634094e-02,2.161088772118091583e-02,7.321897894144058228e-03,-7.573487237095832825e-03,-3.735538630280643702e-04,-1.464379578828811646e-02,-3.726104274392127991e-02,-1.896597258746623993e-02,-5.441428162157535553e-03,-6.560678593814373016e-03,5.538193043321371078e-03,2.696522697806358337e-02,1.670811884105205536e-02,1.927562244236469269e-02,9.289456531405448914e-03,1.771447807550430298e-02,-3.001010417938232422e-02,-2.224308811128139496e-02,1.621784269809722900e-02,-1.363743841648101807e-02,1.179244834929704666e-02,-3.150915727019309998e-04,-2.590726129710674286e-02,-1.445026509463787079e-02,1.870793290436267853e-02,2.996494760736823082e-03,-1.721129752695560455e-02,2.233340218663215637e-02,-8.554041385650634766e-03,-1.620010240003466606e-03,-1.051514875143766403e-02,-1.820475421845912933e-02,-2.214309759438037872e-03,-2.544278837740421295e-02,-1.403740048408508301e-02,-2.611369453370571136e-02,1.384387072175741196e-02,-1.077318936586380005e-02,4.964698478579521179e-02,-2.841025404632091522e-02,2.003684081137180328e-02,1.570821274071931839e-03,-1.460509002208709717e-02,-2.585242735221982002e-03,-2.938435645774006844e-03,4.683434031903743744e-03,-2.388486871495842934e-03,-1.690165023319423199e-03,2.990688942372798920e-02,8.818532340228557587e-03,4.806003533303737640e-03,2.771354466676712036e-02,-3.006171248853206635e-02,-1.763706468045711517e-02,-2.562664216384291649e-03,2.657816745340824127e-02,-1.483732648193836212e-02,6.631639786064624786e-03,9.289456531405448914e-03,-2.286238409578800201e-02,-1.258592307567596436e-02,-1.256657019257545471e-02,1.630815677344799042e-02,-3.248729184269905090e-02,6.812267936766147614e-03,-5.902675446122884750e-03,9.979714639484882355e-03,-3.408714383840560913e-02,4.314436390995979309e-02,1.861761882901191711e-02,7.650899700820446014e-03,1.717259176075458527e-02,6.889679934829473495e-03,1.432124525308609009e-02,-2.664267783984541893e-03,-1.537921093404293060e-02,1.099091023206710815e-03,-1.057965867221355438e-02,-1.723710261285305023e-02,-3.664174349978566170e-03,-1.661780476570129395e-02,-2.232049964368343353e-02,-2.475898154079914093e-02,-1.366324163973331451e-02,-1.492764055728912354e-02,-5.712370388209819794e-03,1.727838814258575439e-01,-2.280432498082518578e-03,-1.296653295867145061e-03,3.826740011572837830e-02,8.966905996203422546e-03,-8.850787766277790070e-03,3.039716556668281555e-02,-3.606115467846393585e-03,-1.890146359801292419e-02,-1.170052215456962585e-03,-1.292137615382671356e-02,-8.179882541298866272e-03,-8.134725503623485565e-03,4.439102194737643003e-04,1.628235355019569397e-02,-5.325955152511596680e-02,-1.054095290601253510e-02,-2.985528111457824707e-02,-4.383462015539407730e-03,-4.113164916634559631e-02,1.222466677427291870e-02,1.041838340461254120e-02,2.073355019092559814e-02,-2.153347618877887726e-02,2.635883167386054993e-02,7.269483176060020924e-04,5.215642508119344711e-03,2.314622886478900909e-02,2.339136786758899689e-02,-8.605648763477802277e-03,-3.351945430040359497e-02,-1.474701240658760071e-02,1.430834364145994186e-02,-3.864155849441885948e-03,-8.050861768424510956e-03,4.341530613601207733e-03,1.730161160230636597e-02,1.042483467608690262e-02,1.891436614096164703e-02,4.520868882536888123e-02,7.745245238766074181e-04,-2.042390219867229462e-02,1.651459001004695892e-02,-1.570176146924495697e-02,-2.611046889796853065e-03,-7.586389314383268356e-03,-3.062617732211947441e-03,-2.188182994723320007e-02,4.012529272586107254e-03,1.530179940164089203e-02,-2.448803931474685669e-02,-1.167633105069398880e-03,2.761032804846763611e-02,1.686294376850128174e-02,3.235827386379241943e-02,1.210209727287292480e-02,1.211499981582164764e-02,1.655329577624797821e-02,3.298079594969749451e-03,1.704357191920280457e-02,-1.466959994286298752e-02,2.173990756273269653e-02,-2.023037150502204895e-02,1.954656559973955154e-03,-3.564183833077549934e-03,2.074645273387432098e-02,-3.101646341383457184e-02,-2.607498876750469208e-02,2.212696895003318787e-02,-1.208274438977241516e-02,1.147634908556938171e-02,-4.338304977864027023e-03,-6.612286437302827835e-03,4.293147940188646317e-03,-2.283658087253570557e-02,-4.254442173987627029e-03,9.347515180706977844e-03,2.853927388787269592e-02,3.806096687912940979e-02,1.935303397476673126e-02,-8.837885223329067230e-03,-8.586295880377292633e-03,1.830797083675861359e-02,4.009948670864105225e-02,1.486313063651323318e-02,-8.625002577900886536e-03,2.533957175910472870e-02,-9.992616251111030579e-03,-2.691361866891384125e-02,2.897794358432292938e-02,1.055385451763868332e-02,-7.708958815783262253e-03,-3.092453698627650738e-04,-2.599757537245750427e-02,-9.108828380703926086e-03,2.046260796487331390e-02,1.796606695279479027e-03,1.750804483890533447e-02,-1.740482822060585022e-02,-8.670159615576267242e-03,1.086995378136634827e-02,-1.397289056330919266e-02,2.337846532464027405e-02,2.333975955843925476e-02,6.644541863352060318e-03,2.238500863313674927e-02,8.199235424399375916e-03,3.648691996932029724e-02,2.365908352658152580e-03,-1.554693747311830521e-02,1.140538789331912994e-02,-2.714585512876510620e-02,-3.419036045670509338e-03,8.599198423326015472e-03,8.539526024833321571e-04,2.065613865852355957e-02,-1.406320463865995407e-02,-9.689419530332088470e-03,4.889866802841424942e-03,-3.341623814776539803e-03,8.425020612776279449e-03,-2.109480788931250572e-03,9.244299493730068207e-03,1.429544109851121902e-02,-2.683620667085051537e-03,-1.354712434113025665e-02,-3.372588753700256348e-02,2.353329025208950043e-02,3.499673679471015930e-03,-3.380329906940460205e-02,-2.642334252595901489e-02,9.437829256057739258e-03,1.256657019257545471e-02,2.084966935217380524e-02,1.272139418870210648e-02,4.293147940188646317e-03,8.902396075427532196e-03,-2.869409881532192230e-02,7.767017465084791183e-03,1.455348171293735504e-02,6.896131206303834915e-03,8.244392462074756622e-03,2.044970542192459106e-02,1.264398265630006790e-02,5.957508925348520279e-03,-2.557825995609164238e-03,2.198504656553268433e-02,-1.541791763156652451e-02,3.889959771186113358e-03,-2.216567471623420715e-02,-6.463106838054955006e-04,1.054740324616432190e-02,1.513407286256551743e-02,-2.223018556833267212e-02,2.681040391325950623e-02,7.986351847648620605e-03,-7.696056738495826721e-03,-1.789510622620582581e-02,6.696149706840515137e-03,1.367614418268203735e-02,-4.448617622256278992e-02,2.086257003247737885e-02,1.027646102011203766e-02,-2.379132993519306183e-02,-1.085705216974020004e-02,1.138603501021862030e-02,-1.617397516965866089e-01,3.899636445567011833e-03,1.883695274591445923e-02,-1.536630932241678238e-02,8.470177650451660156e-03,5.426913267001509666e-04,2.611369453370571136e-02,1.407610718160867691e-02,-4.585378989577293396e-02,1.272784546017646790e-02,1.660490408539772034e-02,-1.824345998466014862e-02,-3.302918002009391785e-02,1.470830640755593777e-03,-2.068194188177585602e-02,-1.380516402423381805e-02,-2.150767110288143158e-02,-2.512668957933783531e-03,1.850150153040885925e-02,4.406847001519054174e-04,6.670345552265644073e-03,5.102749913930892944e-03,-1.785317435860633850e-03,2.881989348679780960e-03,7.192877586930990219e-03,1.132152508944272995e-02,-1.039257925003767014e-02,1.928852312266826630e-02,-1.188921369612216949e-02,9.153985418379306793e-03,-2.776515297591686249e-02,1.728871092200279236e-02,2.306881733238697052e-02,-3.641595831140875816e-03,4.778909310698509216e-02,2.634834963828325272e-04,-2.799738897010684013e-03,1.402449887245893478e-02,4.457648843526840210e-03,2.305591478943824768e-02,3.050038218498229980e-02,2.185602672398090363e-02,1.131507381796836853e-02,1.230207830667495728e-02,2.392034977674484253e-02,2.957143634557723999e-02,-6.799365859478712082e-03,-3.357751527801156044e-03,1.642427407205104828e-02,-2.242371626198291779e-02,-5.744625814259052277e-03,-2.784256450831890106e-02,-2.108190581202507019e-02,1.548242755234241486e-02,8.502433076500892639e-03,3.199701756238937378e-02,5.647860467433929443e-03,1.288912072777748108e-02,-2.389454655349254608e-02,-7.889586500823497772e-03,-1.349551603198051453e-02,-1.243109907954931259e-02,1.970138959586620331e-02,-6.163941230624914169e-03,-6.292961537837982178e-03,6.863876245915889740e-03,-2.185602672398090363e-02,-3.081003017723560333e-02,-3.950599208474159241e-02,1.634686253964900970e-02,-2.388486871495842934e-03,-1.433414686471223831e-02,2.709424868226051331e-02,-6.321991328150033951e-03,-1.194727327674627304e-02,6.638090591877698898e-03,-1.296008192002773285e-02,3.708041459321975708e-02,1.001197006553411484e-02,-6.560678593814373016e-03,1.457928563468158245e-03,3.728684410452842712e-02,-1.185050792992115021e-02,-5.734948907047510147e-03,-1.052321284078061581e-03,6.812267936766147614e-03,1.336165703833103180e-03,-1.408900879323482513e-02,-2.075613010674715042e-03,3.096485510468482971e-02,7.160622626543045044e-03,-2.794578112661838531e-02,-2.727165119722485542e-03,-3.006171248853206635e-02,1.187631208449602127e-02,4.886641167104244232e-03,1.150699099525809288e-03,6.793721113353967667e-04,-1.414061710238456726e-02,2.376290467509534210e-05,-1.314716134220361710e-02,-2.554600499570369720e-02,-3.122289478778839111e-02,1.326327957212924957e-02,1.223111711442470551e-02,-1.558564323931932449e-02,3.320980817079544067e-02,1.954656466841697693e-02,1.937883906066417694e-02,2.254628576338291168e-03,-1.536630932241678238e-02,9.192691184580326080e-03,8.689512498676776886e-03,-1.545662339776754379e-02,1.994652673602104187e-02,-1.053450163453817368e-02,1.150860451161861420e-02,-2.539118006825447083e-02,3.230666369199752808e-02,-1.221176423132419586e-02,4.657630249857902527e-02,-1.127636805176734924e-02,-4.435070324689149857e-03,1.550823170691728592e-02,-2.887472696602344513e-02,-4.126066714525222778e-02,-1.055901572108268738e-01,-4.507966712117195129e-02,4.590539634227752686e-02,4.118325561285018921e-02,1.328908372670412064e-02,2.395905554294586182e-02,-3.989950753748416901e-03,2.604918368160724640e-02,-2.727487683296203613e-02,1.701454311842098832e-04,-1.199888158589601517e-02,-1.176664512604475021e-02,-5.289829336106777191e-03,-1.535139163024723530e-04,1.330521074123680592e-03,-1.501795463263988495e-02,1.063771732151508331e-02,-1.388257648795843124e-02,-2.103029750287532806e-02,2.975206449627876282e-02,-2.135284710675477982e-03,1.545662339776754379e-02,2.457835245877504349e-03,-2.362360432744026184e-02,1.623074524104595184e-02,7.128367666155099869e-03,-2.495251223444938660e-02,8.199235424399375916e-03,1.948205381631851196e-02,-3.683527465909719467e-03,1.199888065457344055e-03,-2.360666985623538494e-04,1.345680933445692062e-02,1.406320463865995407e-02,-2.846186235547065735e-02,-1.397289056330919266e-02,-3.684817627072334290e-02,-6.618737708777189255e-03,3.222925215959548950e-02,-6.273608654737472534e-03,-5.351114086806774139e-03,1.056675706058740616e-02,-1.721129752695560455e-02,-6.792915053665637970e-03,1.278590410947799683e-02,-6.312314420938491821e-03,-4.657630342990159988e-03,8.354059420526027679e-03,1.220531389117240906e-02,-8.096019737422466278e-03,-1.308910176157951355e-02,-2.353329025208950043e-02,-6.612286437302827835e-03,-1.674682460725307465e-02,2.599757537245750427e-02,-4.264118615537881851e-03,2.542988769710063934e-02,-5.618830677121877670e-03,-2.856507897377014160e-02,1.794671453535556793e-02,2.104319818317890167e-02,6.244578864425420761e-03,2.219147980213165283e-02,6.967092398554086685e-03,4.028656519949436188e-03,-3.854479407891631126e-03,-1.265688426792621613e-02,-2.673299051821231842e-02,3.896410763263702393e-02,-1.442446187138557434e-02,1.651458907872438431e-03,-1.362453587353229523e-02,-2.088837511837482452e-02,1.674682460725307465e-02,-3.509350121021270752e-02,-1.648233388550579548e-03,-7.392859086394309998e-03,-1.450187340378761292e-02,-2.856185194104909897e-03,-2.784256450831890106e-02,-1.820475421845912933e-02,-2.308171801269054413e-02,-6.428432650864124298e-03,-1.361163426190614700e-02,3.297756984829902649e-02,-1.352132018655538559e-02,1.284396369010210037e-02,3.315819893032312393e-03,-1.265043299645185471e-02,-2.946821972727775574e-02,6.909033283591270447e-03,7.425114046782255173e-03,2.915857173502445221e-02,-2.789417281746864319e-02,5.805910099297761917e-03,5.270476453006267548e-03,-1.706937700510025024e-02,-1.878534443676471710e-02,-9.741026908159255981e-03,-6.218775175511837006e-03,1.878534443676471710e-02,-1.193437073379755020e-02,-4.951796308159828186e-02,9.276553988456726074e-03,-3.179058432579040527e-02,5.796233657747507095e-03,2.123672887682914734e-02,-3.013912588357925415e-02,1.145054493099451065e-02,-4.002852365374565125e-03,-1.846279390156269073e-02,3.915763925760984421e-03,-1.878534443676471710e-02,6.276834290474653244e-03,-1.126346550881862640e-02,-7.921841926872730255e-03,-3.622242948040366173e-03,2.659429330378770828e-03,6.260706577450037003e-03,8.302452042698860168e-03,-3.796420292928814888e-03,1.914660260081291199e-02,1.438575517386198044e-02,-1.114734727889299393e-02,-1.988201774656772614e-02,1.646298170089721680e-02,-1.309555303305387497e-02,2.206245809793472290e-02,3.370653372257947922e-03,1.641137339174747467e-02,-5.825263448059558868e-03,-1.624364592134952545e-02,2.784256450831890106e-02,-2.655236236751079559e-02,5.273701623082160950e-03,-1.632105931639671326e-02,8.779826574027538300e-03,-2.866829372942447662e-02,2.264305017888545990e-03,1.225047092884778976e-02,8.005704730749130249e-03,4.397009313106536865e-02,-1.598560623824596405e-02,-2.980367280542850494e-02,1.722420006990432739e-02,4.080264829099178314e-03,-2.092708088457584381e-02,-1.406320463865995407e-02,-2.907793270424008369e-03,-2.103029750287532806e-03,1.903048343956470490e-02,1.411158707924187183e-03,3.687398135662078857e-02,1.269559003412723541e-02,4.470550920814275742e-03,-1.114089693874120712e-02,-2.748130820691585541e-02,-3.282274678349494934e-02,3.579021245241165161e-02,-5.718821659684181213e-03,1.288589555770158768e-03,-2.799738943576812744e-02,3.465483337640762329e-02,9.850694797933101654e-03,1.167633011937141418e-02,-9.612006833776831627e-04,1.407610718160867691e-02,1.728871092200279236e-02,-1.032968168146908283e-03,6.992896553128957748e-03,1.775318384170532227e-02,1.817894913256168365e-02,-1.752094738185405731e-02,1.073448266834020615e-02,1.385677233338356018e-02,1.420512702316045761e-02,2.096578711643815041e-03,-6.702600978314876556e-03,-1.434704940766096115e-02,9.024964645504951477e-03,-3.604825213551521301e-02,-1.917563145980238914e-03,1.932723075151443481e-02,4.260892979800701141e-03,-1.213596551679074764e-03,2.539118006825447083e-02,9.702321141958236694e-03,4.660855513066053391e-03,-5.609154235571622849e-03,-5.447878967970609665e-03,9.186239913105964661e-03,-5.573673639446496964e-03,-1.344390772283077240e-02,2.802964532747864723e-03,2.048841118812561035e-02,-2.993269264698028564e-02,-6.531648803502321243e-03,1.869180588982999325e-03,-2.595886960625648499e-02,1.791768358089029789e-03,1.735322060994803905e-03,4.115745425224304199e-03,1.158762956038117409e-03,-2.511056140065193176e-03,1.128281932324171066e-02,1.446639304049313068e-03,-1.330198533833026886e-02,1.372775249183177948e-02,-4.206059500575065613e-02,-2.755871973931789398e-02,-1.368904579430818558e-02,1.642427407205104828e-02,-1.025065686553716660e-02,-8.018607273697853088e-03,1.629525423049926758e-02,5.376917775720357895e-03,1.278912997804582119e-03,1.399869471788406372e-02,1.010873448103666306e-02,-1.238594204187393188e-02,-1.158601604402065277e-02,3.785453364253044128e-02,1.900468021631240845e-02,2.108190581202507019e-02,2.856507897377014160e-02,-1.004422456026077271e-02,3.486126661300659180e-02,2.038519596680998802e-03,-5.154358223080635071e-03,-1.812734268605709076e-02,-1.199888158589601517e-02,-2.159798517823219299e-02,-4.898736951872706413e-04,-2.039809711277484894e-02,-6.316830217838287354e-02,-1.376645825803279877e-02,-2.898116828873753548e-03,1.116670109331607819e-02,1.252786442637443542e-02,3.682237118482589722e-02,-1.002325909212231636e-03,4.337660223245620728e-02,-1.686294376850128174e-02,-7.921841926872730255e-03,-6.576806306838989258e-03,2.199794910848140717e-02,3.963501378893852234e-02,5.786557216197252274e-03,1.457928586751222610e-02,1.010389649309217930e-03,-2.931339479982852936e-02,2.768774144351482391e-02,-1.059256028383970261e-02,1.003777328878641129e-02,3.789969254285097122e-03,-1.705647446215152740e-02,-2.204955741763114929e-02,-7.547683082520961761e-03,1.206984184682369232e-02,4.273795057088136673e-03,4.780199378728866577e-03,5.289829149842262268e-02,-4.699561744928359985e-03,3.119064029306173325e-03,1.294717937707901001e-02,-2.477188408374786377e-02,-7.076759357005357742e-03,7.154171820729970932e-03,-1.496634632349014282e-02,3.570634871721267700e-03,-1.937883906066417694e-02,-3.935116808861494064e-03,4.225412383675575256e-03,-1.834667660295963287e-02,-7.560585159808397293e-03,-1.243755035102367401e-02,1.470830570906400681e-02,-1.294072903692722321e-02,-2.274626679718494415e-02,3.883508732542395592e-03,1.840806180553045124e-05,-9.766831062734127045e-03,8.005704730749130249e-03,3.448065603151917458e-03,-2.621690928936004639e-02,4.296373575925827026e-02,9.418476838618516922e-04,1.083769928663969040e-02,2.810060605406761169e-02,-1.816604845225811005e-02
-3.114744648337364197e-02,-1.689018309116363525e-02,8.096229867078363895e-04,-9.360032156109809875e-03,-4.348432412371039391e-04,5.423815920948982239e-02,-2.672414109110832214e-02,8.497750386595726013e-03,-3.189124632626771927e-03,-7.813191041350364685e-03,-4.094190895557403564e-03,-1.041978225111961365e-02,7.115466985851526260e-03,-2.174792252480983734e-02,-1.036712341010570526e-02,1.856208778917789459e-02,2.029981464147567749e-02,-6.500022020190954208e-03,1.184155885130167007e-02,-2.571046724915504456e-02,7.084201206453144550e-04,1.680955057963728905e-03,1.190079934895038605e-02,-1.034079492092132568e-02,7.372176740318536758e-03,-1.565271057188510895e-02,1.115041784942150116e-02,-1.936512812972068787e-02,3.797987475991249084e-03,1.854892447590827942e-02,-1.846335362643003464e-03,-1.259852387011051178e-02,-1.981272548437118530e-02,-7.365594618022441864e-03,-3.299049288034439087e-02,-2.427552454173564911e-02,-7.036479655653238297e-03,-5.614702589809894562e-03,5.329030752182006836e-02,1.716664060950279236e-02,8.287116885185241699e-03,6.704073399305343628e-03,-8.425344713032245636e-04,1.148611493408679962e-02,-1.073573250323534012e-02,1.461270730942487717e-03,-7.102302741259336472e-03,1.390511053614318371e-03,-1.625828258693218231e-02,1.777221262454986572e-02,2.722439542412757874e-02,8.984840475022792816e-03,-8.412180468440055847e-03,-6.062299013137817383e-03,-2.478894405066967010e-02,2.298539504408836365e-02,-3.541277721524238586e-03,3.472163574770092964e-03,-1.288156304508447647e-02,-2.746135927736759186e-02,-1.009560422971844673e-03,1.032598433084785938e-03,6.858757231384515762e-03,2.101070433855056763e-02,-1.202586386352777481e-02,-5.157232750207185745e-03,-2.395957522094249725e-02,5.127612501382827759e-03,-9.396234527230262756e-04,-4.720826074481010437e-02,1.047902274876832962e-02,3.069985099136829376e-02,1.128864567726850510e-02,-1.483650598675012589e-02,-9.833957068622112274e-03,-4.557584971189498901e-02,-2.195855602622032166e-02,-1.691651344299316406e-02,-8.833447471261024475e-03,2.570388372987508774e-03,9.215220808982849121e-03,-1.241421885788440704e-02,-2.576312609016895294e-02,1.450739055871963501e-02,1.018611015751957893e-03,3.570898203179240227e-03,-6.931162904947996140e-03,3.414897620677947998e-02,9.486741037108004093e-04,-2.014183998107910156e-02,3.930950164794921875e-02,3.969127312302589417e-03,1.392814796417951584e-02,2.585527673363685608e-02,-4.088925197720527649e-02,1.442840322852134705e-02,-1.677170209586620331e-02,9.807628579437732697e-03,-3.955962602049112320e-03,-6.368375848978757858e-03,3.909886814653873444e-03,-9.519652230665087700e-04,-2.535502240061759949e-02,-2.450261497870087624e-03,-2.062893100082874298e-02,-9.169144555926322937e-03,-1.750892028212547302e-02,-1.255903020501136780e-02,2.356463670730590820e-02,-1.112408842891454697e-02,-9.169144555926322937e-03,2.004968747496604919e-02,-1.567410421557724476e-03,-4.744522273540496826e-02,-4.403559025377035141e-03,-3.167403116822242737e-02,-2.193551743403077126e-03,1.854892447590827942e-02,-2.130032517015933990e-02,-2.170842885971069336e-02,1.749575510621070862e-02,1.078180875629186630e-02,-2.884693210944533348e-03,-3.022592514753341675e-02,6.170907057821750641e-03,3.014693781733512878e-02,-1.554739475250244141e-02,-8.096230216324329376e-03,-3.354340419173240662e-02,-2.985731698572635651e-02,4.181077331304550171e-02,3.433328121900558472e-02,2.252463251352310181e-02,5.074953660368919373e-03,-7.220783736556768417e-03,1.076206192374229431e-02,-9.470285149291157722e-04,-5.394195672124624252e-03,5.321789998561143875e-03,-2.452565357089042664e-02,-3.527701774146407843e-04,2.735604159533977509e-02,1.193371135741472244e-02,4.763940232805907726e-04,2.409122139215469360e-02,1.374384388327598572e-02,5.752930883318185806e-03,3.622898459434509277e-02,-4.023102298378944397e-02,-1.203902810811996460e-02,-1.645575277507305145e-02,1.269067544490098953e-02,3.686088323593139648e-02,-2.601325325667858124e-02,2.331450954079627991e-02,1.756157912313938141e-02,-5.782551132142543793e-03,2.044462598860263824e-02,-6.572427228093147278e-03,-9.485095739364624023e-03,-1.363852713257074356e-02,5.167106166481971741e-03,-1.122282259166240692e-02,3.409631922841072083e-02,1.178890094161033630e-02,2.465729787945747375e-02,1.094636600464582443e-02,1.108459476381540298e-02,-1.840411312878131866e-02,2.102386951446533203e-02,4.299558699131011963e-02,1.578435674309730530e-02,-4.418040439486503601e-02,2.119500935077667236e-02,-9.893198497593402863e-03,1.858841814100742340e-02,3.327352926135063171e-03,3.106845915317535400e-02,-1.483650598675012589e-02,7.411670871078968048e-03,-3.986241295933723450e-02,1.456004939973354340e-02,2.521021105349063873e-02,2.228767052292823792e-02,-1.177573576569557190e-02,-4.745838697999715805e-03,7.326100952923297882e-03,5.496221128851175308e-03,4.656977951526641846e-03,7.102302741259336472e-03,1.261827070266008377e-02,1.528410241007804871e-02,-2.295906469225883484e-02,-7.865849882364273071e-03,-6.116800308227539062e-01,8.774206973612308502e-03,-6.207109428942203522e-03,-3.472821786999702454e-02,1.682436093688011169e-02,1.968107931315898895e-02,2.136614918708801270e-02,2.917275764048099518e-02,-1.711398176848888397e-02,2.070791833102703094e-02,-1.441523898392915726e-02,2.811958827078342438e-02,-2.114235050976276398e-02,-3.406998887658119202e-02,-1.726208371110260487e-03,-1.026016077958047390e-03,-1.130181085318326950e-02,-2.522337622940540314e-02,-1.811449229717254639e-02,1.917095156386494637e-03,-1.153219118714332581e-02,1.532359607517719269e-02,9.096739813685417175e-03,-2.950516296550631523e-03,3.942798357456922531e-03,2.003652416169643402e-02,-3.057478694245219231e-03,1.539435586892068386e-03,-2.672414109110832214e-02,8.642560802400112152e-03,-2.825123444199562073e-02,2.925174497067928314e-02,-2.369628287851810455e-02,1.412561722099781036e-02,3.467556089162826538e-02,3.891785454470664263e-04,-3.367505222558975220e-02,2.164260484278202057e-02,2.384438412263989449e-03,4.357483237981796265e-02,-2.859351411461830139e-02,-1.928614079952239990e-02,6.332173477858304977e-03,-3.638695925474166870e-02,8.030407130718231201e-03,1.113067101687192917e-02,1.287498045712709427e-02,2.335071098059415817e-03,1.186788827180862427e-02,5.252676084637641907e-03,2.557882107794284821e-02,-6.779769901186227798e-03,1.228421926498413086e-03,2.426236122846603394e-02,2.678996324539184570e-02,-6.055716890841722488e-03,1.803550496697425842e-02,-1.629777625203132629e-02,-1.571853458881378174e-02,2.883047796785831451e-02,1.005775574594736099e-02,3.135808184742927551e-02,-2.066842466592788696e-02,-4.048115108162164688e-03,-9.932692162692546844e-03,1.168358419090509415e-02,-2.513122372329235077e-02,-9.603576734662055969e-03,2.889630151912570000e-03,-9.733577026054263115e-04,2.719806693494319916e-02,-5.038751289248466492e-03,-8.635978214442729950e-03,-2.286691218614578247e-02,3.528113290667533875e-02,2.659249585121870041e-03,1.140712760388851166e-02,-5.466600880026817322e-03,1.129687414504587650e-03,-1.991804130375385284e-02,-3.445422917138785124e-04,-1.127548143267631531e-02,-3.062086366117000580e-02,1.218383852392435074e-02,2.160311117768287659e-02,-3.612366691231727600e-02,1.430827658623456955e-03,-1.482334174215793610e-02,2.659249491989612579e-02,-6.414452102035284042e-03,3.807860892266035080e-03,4.847206175327301025e-02,2.326185069978237152e-02,-9.494968689978122711e-04,1.872006431221961975e-02,1.136105135083198547e-02,-9.754969738423824310e-03,5.068371538072824478e-03,1.849626563489437103e-02,6.269641686230897903e-03,-1.087108103092759848e-04,-8.609649725258350372e-03,6.523060146719217300e-03,6.032678764313459396e-03,9.274462237954139709e-03,1.723246276378631592e-02,-3.667657822370529175e-02,1.757474243640899658e-02,2.231399901211261749e-02,-3.204264119267463684e-02,1.171649526804685593e-02,2.899503568187355995e-03,1.298687979578971863e-02,3.093681298196315765e-03,-2.273526601493358612e-02,-2.132665365934371948e-02,9.024334140121936798e-03,1.512612681835889816e-02,1.457321364432573318e-02,-2.571046724915504456e-02,2.764566242694854736e-02,6.605338770896196365e-03,-1.128864567726850510e-02,-1.666967640630900860e-03,1.178231835365295410e-02,2.207703702151775360e-02,-2.428868971765041351e-02,-3.235859051346778870e-02,-2.147146500647068024e-02,2.364362403750419617e-02,3.488619346171617508e-03,1.571853458881378174e-02,3.541277721524238586e-02,-8.017241954803466797e-03,2.486793138086795807e-02,-7.739345892332494259e-05,2.288007736206054688e-02,-6.529642269015312195e-03,2.276159636676311493e-02,-4.602344706654548645e-02,1.047244016081094742e-02,-3.406340721994638443e-03,1.002484373748302460e-02,7.043061777949333191e-03,-2.751401625573635101e-03,-1.478384714573621750e-02,-3.459657356142997742e-02,-1.249320711940526962e-02,-4.657636210322380066e-02,1.144662126898765564e-02,2.307754568755626678e-02,1.050535216927528381e-02,-1.850942894816398621e-02,-1.260510552674531937e-02,4.854446742683649063e-03,-2.090538665652275085e-02,-2.909377031028270721e-02,-6.773187313228845596e-03,-1.278941053897142410e-02,-1.739043928682804108e-02,3.249023482203483582e-02,1.065016258507966995e-02,-1.685068942606449127e-02,-1.221016794443130493e-02,-3.755202516913414001e-03,-1.309877820312976837e-02,-1.136105135083198547e-02,1.120965834707021713e-02,-1.113067101687192917e-02,-1.378169166855514050e-03,-6.045843474566936493e-03,-3.547860076650977135e-03,-8.688637055456638336e-03,2.722439542412757874e-02,9.044080972671508789e-03,1.411245297640562057e-02,-3.131529549136757851e-03,-3.026212798431515694e-03,2.892921213060617447e-03,1.525777298957109451e-02,1.147953234612941742e-02,1.226981985382735729e-04,-1.700866594910621643e-02,-9.340284392237663269e-03,3.728873329237103462e-03,-4.048115108162164688e-03,5.562044214457273483e-03,1.628461293876171112e-02,-5.917488597333431244e-03,-2.292286138981580734e-03,2.413071505725383759e-02,1.272358745336532593e-02,9.544336237013339996e-03,-9.333702735602855682e-03,6.394705269485712051e-03,3.992165438830852509e-03,5.966855678707361221e-03,2.181374467909336090e-02,-1.331270323134958744e-03,3.517581522464752197e-02,1.644258759915828705e-02,-3.182542510330677032e-03,3.865126892924308777e-02,-1.854892447590827942e-02,2.011551149189472198e-02,-3.170036152005195618e-02,1.592916809022426605e-02,-2.065525949001312256e-02,9.511424228549003601e-03,-1.034737657755613327e-02,-2.722439542412757874e-02,-5.363258719444274902e-02,-6.012931931763887405e-03,1.052509900182485580e-02,3.062086366117000580e-02,5.631158128380775452e-03,9.708893485367298126e-03,-5.433689337223768234e-03,2.170842885971069336e-02,-1.831196062266826630e-02,1.973373815417289734e-02,2.039196714758872986e-02,6.407869979739189148e-03,6.598756648600101471e-03,-1.868056878447532654e-02,2.211653068661689758e-02,1.043952908366918564e-02,-7.753950078040361404e-03,-4.959763493388891220e-03,-1.931247115135192871e-02,-6.394705269485712051e-03,-2.043146081268787384e-02,1.364181865938007832e-03,1.326991803944110870e-02,7.582810707390308380e-03,1.198636926710605621e-02,-9.182309731841087341e-03,-1.395447738468647003e-02,1.889120228588581085e-02,-3.744012862443923950e-02,7.227366324514150620e-03,4.402242600917816162e-02,1.232864893972873688e-02,-3.827607957646250725e-03,1.390181947499513626e-02,-3.422796493396162987e-03,2.152412384748458862e-02,-4.778750240802764893e-03,-1.596866175532341003e-02,4.246900603175163269e-02,-1.631094142794609070e-02,2.706642076373100281e-02,-2.272210270166397095e-02,-8.431927300989627838e-03,-2.499628812074661255e-03,-2.162943966686725616e-02,1.532359607517719269e-02,3.393176011741161346e-03,9.103322401642799377e-03,2.007601782679557800e-02,9.590412490069866180e-03,-4.742547869682312012e-03,1.976006664335727692e-02,3.141073882579803467e-02,4.194242134690284729e-02,-5.389258731156587601e-04,-7.676608511246740818e-04,-7.253695279359817505e-03,3.202289342880249023e-03,8.892687968909740448e-03,-1.424409914761781693e-02,-1.521827932447195053e-02,3.651860356330871582e-02,2.390197914792224765e-04,1.392814796417951584e-02,9.142816066741943359e-03,-2.460134914144873619e-03,2.409122185781598091e-03,2.547350339591503143e-02,-3.603809745982289314e-03,1.257877703756093979e-02,-4.878801479935646057e-02,1.178890094161033630e-02,1.223485101945698261e-03,1.226282678544521332e-02,-6.740275770425796509e-03,-3.509682789444923401e-02,-1.475751865655183792e-02,-5.927362013608217239e-03,8.022179245017468929e-04,2.595072146505117416e-03,2.833022177219390869e-02,8.096230216324329376e-03,-1.321726012974977493e-02,-6.977238692343235016e-03,-2.253779768943786621e-02,2.331450954079627991e-02,-1.846993528306484222e-02,1.340814679861068726e-02,-5.585082340985536575e-03,6.059007719159126282e-03,9.149397956207394600e-04,-1.198636926710605621e-02,1.102535333484411240e-02,4.647104442119598389e-02,1.802233979105949402e-02,9.761552326381206512e-03,-5.598246585577726364e-03,1.395447738468647003e-02,-2.384438412263989449e-03,-3.376720240339636803e-03,2.313678618520498276e-03,-7.938254624605178833e-03,-2.494692057371139526e-02,-5.509385839104652405e-03,-2.875642676372081041e-04,-2.077374048531055450e-02,1.471966970711946487e-03,1.629777625203132629e-02,-1.265118177980184555e-02,-1.504055690020322800e-03,-4.339052736759185791e-02,-7.898760959506034851e-03,-9.824084118008613586e-04,9.562766551971435547e-02,-1.054484583437442780e-02,4.239001777023077011e-03,1.860158145427703857e-02,-2.328818105161190033e-02,3.686088370159268379e-03,-4.312723502516746521e-02,-1.441523898392915726e-02,1.843044185079634190e-03,8.642560802400112152e-03,-1.369118597358465195e-02,-1.354637462645769119e-02,3.056820482015609741e-02,-2.682945877313613892e-02,3.072617948055267334e-02,1.527093816548585892e-02,2.990318716911133379e-05,-9.254714474081993103e-03,-1.745955320075154305e-03,-1.666638627648353577e-02,-2.585527673363685608e-02,-1.276966370642185211e-02,-1.309219654649496078e-02,9.544336237013339996e-03,-3.268112428486347198e-03,3.134820843115448952e-03,2.243248187005519867e-02,2.898845262825489044e-02,1.787752844393253326e-02,1.976335886865854263e-03,-1.658739754930138588e-03,6.200527306646108627e-03,2.542413771152496338e-03,8.155470713973045349e-03,-1.296713249757885933e-03,2.052361331880092621e-02,-5.265840794891119003e-03,2.572363056242465973e-02,2.674059709534049034e-03,-7.885596714913845062e-03,3.435961157083511353e-02,2.948870696127414703e-02,5.930652841925621033e-03,-1.270384062081575394e-02,-6.082045845687389374e-03,-1.673549995757639408e-03,-1.286181528121232986e-02,2.735604159533977509e-02,-1.612663641571998596e-02,-2.814591862261295319e-02,2.809325978159904480e-02,-1.145320292562246323e-02,7.424835115671157837e-03,-1.831196062266826630e-02,1.433296012692153454e-03,-1.265776436775922775e-02,-1.001826208084821701e-02,1.483650598675012589e-02,-1.939145848155021667e-02,-1.843044161796569824e-02,-2.686895243823528290e-02,-1.706132292747497559e-02,-1.161776110529899597e-02,-1.307244971394538879e-02,-4.801788367331027985e-03,-1.573169976472854614e-02,-2.103703282773494720e-02,1.089370809495449066e-02,-2.168209850788116455e-02,-1.885829144157469273e-03,-6.133881397545337677e-04,-2.484818454831838608e-03,-1.340156421065330505e-02,-4.926440669805742800e-05,3.820367529988288879e-02,2.365678921341896057e-02,1.550790015608072281e-02,-8.366104215383529663e-03,1.412561722099781036e-02,7.793444208800792694e-03,-1.218383852392435074e-02,-2.985731698572635651e-02,2.282741852104663849e-02,-7.049643900245428085e-03,-1.683752611279487610e-02,9.406107477843761444e-03,3.351707383990287781e-02,1.540258340537548065e-02,-1.316460128873586655e-02,-1.386397052556276321e-03,9.651298751123249531e-04,-2.028994262218475342e-03,2.521021105349063873e-02,-1.453371997922658920e-02,1.816714927554130554e-02,-5.812171380966901779e-03,2.436767704784870148e-02,-1.230232045054435730e-02,-8.504332974553108215e-03,-7.622304372489452362e-03,-4.732674453407526016e-03,-3.919760230928659439e-03,2.560514956712722778e-02,5.989893805235624313e-03,2.195855602622032166e-02,8.273951709270477295e-03,-1.286839786916971207e-02,1.024205982685089111e-02,4.811661783605813980e-03,-7.898760959506034851e-03,1.924664713442325592e-02,-1.950993947684764862e-02,6.253185681998729706e-03,-1.799600943922996521e-02,-1.578435674309730530e-02,4.733990877866744995e-02,-2.933073230087757111e-02,6.315717473626136780e-03,8.556990884244441986e-03,-6.773187313228845596e-03,-1.121624093502759933e-02,-4.623408243060112000e-02,2.822490595281124115e-02,-3.162795444950461388e-03,-6.049134302884340286e-03,9.478513151407241821e-03,-9.333702735602855682e-03,-2.935706079006195068e-02,2.248513884842395782e-02,-5.822045262902975082e-03,-2.259045653045177460e-02,-7.964584045112133026e-03,1.051851641386747360e-02,-7.773697376251220703e-03,-1.821980811655521393e-02,-1.454688515514135361e-02,-7.345847785472869873e-03,9.919526986777782440e-03,-2.775098010897636414e-02,-2.155703492462635040e-03,-2.105019800364971161e-02,-2.367982640862464905e-03,-2.456514723598957062e-02,-3.717683628201484680e-02,-1.375700905919075012e-02,-4.683965072035789490e-02,5.117738619446754456e-03,-2.382792904973030090e-02,-7.418252993375062943e-03,1.964158564805984497e-02,-1.977323181927204132e-02,3.942798357456922531e-03,-2.623705007135868073e-02,2.091855183243751526e-02,-4.005330149084329605e-03,-1.108459476381540298e-02,-2.875149063766002655e-02,-1.974690239876508713e-03,2.434134855866432190e-02,3.184187924489378929e-03,2.530236355960369110e-02,-1.071598567068576813e-02,7.298126001842319965e-04,-5.065080244094133377e-03,9.307373315095901489e-03,-1.527093816548585892e-02,6.766605190932750702e-03,-2.877781912684440613e-02,-4.502293840050697327e-02,9.590412490069866180e-03,2.653983607888221741e-02,1.075547933578491211e-02,3.778240457177162170e-02,1.412561722099781036e-02,3.593936329707503319e-03,3.372770920395851135e-02,-1.859499956481158733e-03,2.465071622282266617e-03,-2.716844668611884117e-03,-2.139247767627239227e-02,4.943307954818010330e-03,-1.725879311561584473e-02,3.972521517425775528e-05,-3.328011184930801392e-02,-1.808816194534301758e-02,-3.420163318514823914e-02,2.105019800364971161e-02,2.681629359722137451e-02,-8.866359479725360870e-03,-2.221526578068733215e-03,1.475751865655183792e-02,-1.849626563489437103e-02,2.472312189638614655e-02,-5.894450470805168152e-03,2.833680482581257820e-03,-1.423093397170305252e-02,7.062808610498905182e-03,8.056736551225185394e-03,-9.076992981135845184e-03,-5.137485917657613754e-03,2.007601782679557800e-02,6.812681443989276886e-03,-8.260787464678287506e-03,-1.013674307614564896e-02,-2.405172772705554962e-02,1.989171281456947327e-02,-2.427552454173564911e-02,4.499002359807491302e-03,1.835145428776741028e-02,-3.241124749183654785e-02,5.729892756789922714e-03,-1.960209198296070099e-02,-4.327862523496150970e-03,-2.754034660756587982e-02,4.245583899319171906e-03,-8.754460141062736511e-03,-2.278792485594749451e-02,9.063827805221080780e-03,-4.491762071847915649e-02,-1.829879544675350189e-02,3.080516681075096130e-02,2.874819794669747353e-03,3.301681950688362122e-02,-1.370435021817684174e-02,2.301172353327274323e-02,2.270893752574920654e-02,4.140267148613929749e-03,-2.655300125479698181e-02,4.878801479935646057e-02,1.301320828497409821e-02,-6.641541607677936554e-03,-1.219700369983911514e-02,6.874390528537333012e-04,-7.771228556521236897e-04,-1.362536288797855377e-02,-1.719296909868717194e-02,-1.399397104978561401e-02,-2.513122372329235077e-02,-2.935706079006195068e-02,1.585018076002597809e-02,2.045450033619999886e-03,-1.511296257376670837e-02,-4.956472665071487427e-03,8.363635861314833164e-04,1.644258759915828705e-02,1.878588646650314331e-02,3.266466781497001648e-03,3.080516681075096130e-02,-4.799813777208328247e-02,-2.925174497067928314e-02,-7.806608919054269791e-03,-2.195197390392422676e-03,-7.576228119432926178e-03,1.793018728494644165e-02,-1.825930178165435791e-02,6.388945621438324451e-04,-1.361219771206378937e-02,-7.800026331096887589e-03,-1.994437165558338165e-02,1.690334826707839966e-02,2.386084059253334999e-03,2.581578306853771210e-02,1.042636483907699585e-02,-3.085782565176486969e-02,1.448106206953525543e-02,-1.085421442985534668e-02,-1.409928780049085617e-02,6.368375848978757858e-03,5.977551918476819992e-04,2.556565590202808380e-02,3.246719948947429657e-03,1.130839250981807709e-02,1.754841394722461700e-02,1.567904092371463776e-02,2.027348615229129791e-02,-1.041978225111961365e-02,1.509979832917451859e-02,-1.416017417795956135e-03,4.433179739862680435e-03,-2.809325978159904480e-02,2.137931250035762787e-02,-5.061789415776729584e-03,1.483650598675012589e-02,-4.057988524436950684e-03,-1.548157166689634323e-02,-3.106845915317535400e-02,1.089370809495449066e-03,1.082788500934839249e-02,3.467556089162826538e-02,1.765702152624726295e-03,-9.327120147645473480e-03,5.650905426591634750e-03,-1.670587994158267975e-02,1.586334407329559326e-02,2.252792473882436752e-03,-6.832428276538848877e-03,1.264460012316703796e-02,3.899354860186576843e-02,-2.070791833102703094e-02,6.845592986792325974e-03,-1.391498371958732605e-02,1.736081787385046482e-03,-2.235349267721176147e-02,9.761552326381206512e-03,2.335400320589542389e-02,-2.269577234983444214e-02,5.917488597333431244e-03,-3.088415600359439850e-02,-3.767709061503410339e-02,1.772284507751464844e-03,-1.015648990869522095e-02,-1.058927620761096478e-03,1.924664713442325592e-02,-1.777221262454986572e-02,2.723427023738622665e-03,-8.418763056397438049e-03,2.772465161979198456e-02,-2.363045886158943176e-02,-4.836674779653549194e-02,5.015713348984718323e-02,8.010660298168659210e-03,-9.623323567211627960e-03,3.464923053979873657e-02,-3.888823464512825012e-02,-3.115073777735233307e-03,2.393324486911296844e-02,7.819773629307746887e-03,-1.534498878754675388e-03,-2.003652416169643402e-02,7.029897067695856094e-03,-1.853575929999351501e-02,1.600815542042255402e-02,-3.536012023687362671e-02,-1.851272070780396461e-03,-1.666638627648353577e-02,-2.310387603938579559e-02,-1.923677395097911358e-03,1.375700905919075012e-02,5.680525675415992737e-03,-2.646084874868392944e-02,6.006349343806505203e-03,1.427042763680219650e-02,-2.126083150506019592e-02,1.440207380801439285e-02,-5.897741299122571945e-03,8.642560802400112152e-03,7.122049573808908463e-03,-2.714540809392929077e-02,-4.181077331304550171e-02,-3.454391285777091980e-02,-1.744309673085808754e-03,3.025225363671779633e-02,3.445834387093782425e-03,-1.937829330563545227e-02,7.813191041350364685e-03,-2.915959339588880539e-03,-4.736623540520668030e-02,-2.157678268849849701e-02,4.936725366860628128e-03,-7.444581948220729828e-03,-8.260787464678287506e-03,2.896212413907051086e-02,8.273951709270477295e-03,3.191099315881729126e-02,1.324688084423542023e-03,1.515245623886585236e-02,-3.114744648337364197e-02,-2.827756479382514954e-02,8.043571375310420990e-03,-3.554442524909973145e-02,1.391498371958732605e-02,1.826588413678109646e-03,-3.183200582861900330e-02,-2.297222986817359924e-02,2.176108583807945251e-02,1.742993295192718506e-02,-2.575325081124901772e-03,4.436470568180084229e-03,-2.955453004688024521e-03,-2.489755162969231606e-03,-1.758790761232376099e-02,-8.004077710211277008e-03,-1.682436093688011169e-02,-1.009066682308912277e-02,-1.869373372755944729e-03,-1.661372743546962738e-02,6.964897038415074348e-04,-3.988874144852161407e-03,3.654493391513824463e-02,-4.834041744470596313e-02,1.259852387011051178e-02,1.954943407326936722e-03,-9.860286489129066467e-03,-9.766488801687955856e-04,-2.028994262218475342e-03,-8.405597880482673645e-03,-3.442543325945734978e-03,-7.326100952923297882e-03,3.019959665834903717e-02,4.673433490097522736e-03,9.669399820268154144e-03,2.988364547491073608e-02,-1.031446550041437149e-02,-2.623705007135868073e-02,-3.189124632626771927e-03,2.698743343353271484e-02,-1.475751865655183792e-02,1.536308974027633667e-02,2.037222031503915787e-03,-3.212162852287292480e-02,-3.296416252851486206e-02,-1.517878565937280655e-02,1.355953980237245560e-02,-2.959402464330196381e-02,1.225953456014394760e-04,-2.293273620307445526e-02,1.713043777272105217e-03,-3.601834923028945923e-02,3.270087018609046936e-02,2.651350758969783783e-02,-1.599499024450778961e-02,1.070282142609357834e-02,-1.828234060667455196e-03,2.203754335641860962e-02,-1.363852713257074356e-02,-2.316969819366931915e-02,-3.389884950593113899e-03,-1.470485981553792953e-02,-1.258535869419574738e-02,2.580261789262294769e-03,-7.484076078981161118e-03,-7.595974951982498169e-03,-1.417827606201171875e-02,-1.894057029858231544e-03,-2.954136580228805542e-02,-8.787371218204498291e-03,1.750365346670150757e-01,1.677170209586620331e-02,-3.060769755393266678e-03,4.810345545411109924e-02,1.248004194349050522e-02,-5.229637958109378815e-03,1.799600943922996521e-02,6.371667142957448959e-03,-1.567904092371463776e-02,5.897741299122571945e-03,-1.889120228588581085e-02,-1.632410660386085510e-02,-2.557223895564675331e-03,5.091409664601087570e-03,1.833828911185264587e-02,-4.547053202986717224e-02,-1.642942242324352264e-02,-3.614999726414680481e-02,-9.057246148586273193e-03,-2.732971310615539551e-02,2.313020452857017517e-02,5.743057467043399811e-03,2.445982955396175385e-02,-2.796161361038684845e-02,2.582894824445247650e-02,-7.628886494785547256e-03,1.233523152768611908e-02,2.788262628018856049e-02,2.218235284090042114e-02,1.866082311607897282e-03,-4.038899764418601990e-02,-4.466091282665729523e-03,4.550015437416732311e-04,-1.335548795759677887e-02,-1.015648990869522095e-02,1.631094142794609070e-02,2.467046305537223816e-02,-2.619755687192082405e-03,8.991423062980175018e-03,1.415194664150476456e-02,2.311704121530056000e-02,-6.707364693284034729e-03,2.468362799845635891e-04,-2.307754568755626678e-02,1.340814679861068726e-02,5.170397460460662842e-03,-1.545524224638938904e-02,-2.119500935077667236e-02,-1.042471849359571934e-03,2.255096286535263062e-02,-2.004968747496604919e-02,7.990913465619087219e-03,2.848819829523563385e-02,2.398590371012687683e-02,2.212969586253166199e-02,1.317118387669324875e-02,4.271913319826126099e-03,1.040661707520484924e-02,-2.209020219743251801e-02,1.981272548437118530e-02,-2.205070666968822479e-02,2.501274272799491882e-02,-1.441523898392915726e-02,2.307754568755626678e-02,1.030130032449960709e-02,3.064719215035438538e-02,-3.035757131874561310e-02,-4.523357003927230835e-02,6.065590307116508484e-03,-1.893069781363010406e-02,-1.678486727178096771e-02,3.722290974110364914e-03,1.583701558411121368e-02,2.182690985500812531e-02,-4.851155448704957962e-03,-2.140893368050456047e-03,8.096230216324329376e-03,2.143197134137153625e-02,3.443859890103340149e-02,3.135808184742927551e-02,-1.259194128215312958e-02,-1.209826860576868057e-02,1.165725477039813995e-02,1.159143168479204178e-02,1.205219235271215439e-02,9.524589404463768005e-03,2.532869391143321991e-02,1.172307785600423813e-02,-1.850942894816398621e-02,3.965178132057189941e-02,1.703499443829059601e-02,1.019598357379436493e-02,-1.728512160480022430e-02,-2.676363475620746613e-02,-5.986602511256933212e-03,1.699879183433949947e-03,3.264821134507656097e-03,6.253185681998729706e-03,-3.475454822182655334e-02,-1.116522820666432381e-03,4.795206245034933090e-03,-1.910183764994144440e-02,1.415194664150476456e-02,2.343299053609371185e-02,-8.445091545581817627e-03,1.423093397170305252e-02,1.190079934895038605e-02,5.115764215588569641e-02,-2.014184137806296349e-03,-2.738237194716930389e-02,3.426087554544210434e-03,-1.311852503567934036e-02,-1.207852177321910858e-02,-1.011699624359607697e-02,9.076992981135845184e-03,2.259045653045177460e-02,2.041541738435626030e-04,-3.080516820773482323e-03,9.439019486308097839e-03,2.205070806667208672e-03,2.749756211414933205e-03,-1.457321364432573318e-02,-1.019598357379436493e-02,9.728640317916870117e-03,-6.016222760081291199e-03,-8.958511054515838623e-03,-3.172668814659118652e-02,4.041532520204782486e-03,1.629777625203132629e-02,-4.273229837417602539e-02,-2.600008808076381683e-02,-2.205070666968822479e-02,9.577247314155101776e-03,1.592916809022426605e-02,4.073127731680870056e-02,2.191906236112117767e-02,1.110434159636497498e-02,-2.344615571200847626e-02,-2.164260484278202057e-02,8.280534297227859497e-03,1.188105321489274502e-03,4.446343984454870224e-03,7.056226488202810287e-03,1.421776949428021908e-03,1.348055154085159302e-02,-2.001019427552819252e-03,1.695600710809230804e-02,-7.286606822162866592e-03,1.893069781363010406e-02,-1.882538013160228729e-02,-4.640521947294473648e-03,-2.787604462355375290e-03,1.149434247054159641e-03,-3.416214138269424438e-03,3.641328960657119751e-02,9.162562899291515350e-03,-1.218383852392435074e-02,-5.058498121798038483e-03,1.041319966316223145e-02,1.656106859445571899e-02,-4.049431532621383667e-02,1.899651996791362762e-02,2.551299706101417542e-02,-2.532869391143321991e-02,-2.357780188322067261e-02,1.057775691151618958e-02,-1.647154986858367920e-01,5.246093496680259705e-03,4.903814289718866348e-03,-5.318499170243740082e-03,2.077374048531055450e-02,-9.221803396940231323e-03,2.211653068661689758e-02,9.267879649996757507e-03,-2.272210270166397095e-02,2.369628287851810455e-02,1.442840322852134705e-02,7.332683075219392776e-03,-4.011912271380424500e-03,1.070282142609357834e-02,-3.054187633097171783e-03,-1.731145009398460388e-02,-2.636869624257087708e-02,-1.624511741101741791e-02,1.764056645333766937e-02,1.983905397355556488e-02,1.198636926710605621e-02,9.478513151407241821e-03,-1.109775900840759277e-02,-3.294441616162657738e-03,1.379650272428989410e-02,1.438890956342220306e-02,-4.485838115215301514e-03,2.531552873551845551e-02,-9.412690065801143646e-03,3.416214138269424438e-03,-2.709274925291538239e-02,2.361729554831981659e-02,2.160311117768287659e-02,-2.938997233286499977e-03,3.643961623311042786e-02,4.081026650965213776e-03,1.884183613583445549e-03,8.524079807102680206e-03,3.129883902147412300e-03,2.517071738839149475e-02,1.685068942606449127e-02,7.023314945399761200e-03,1.877272129058837891e-02,9.603576734662055969e-03,7.332683075219392776e-03,3.438593819737434387e-02,-6.667870562523603439e-03,1.405979413539171219e-02,1.583701558411121368e-02,-3.206896781921386719e-02,-8.984840824268758297e-04,-5.535714793950319290e-03,-1.744309626519680023e-02,1.329624745994806290e-02,-3.547860076650977135e-03,2.182690985500812531e-02,1.768006011843681335e-02,1.891753263771533966e-02,-4.841940477490425110e-02,-1.386232580989599228e-02,-2.843553945422172546e-02,-1.561321783810853958e-02,1.832512579858303070e-02,-1.796968095004558563e-02,-6.690908689051866531e-03,7.872431538999080658e-03,-2.288007736206054688e-02,-2.273526601493358612e-02,-3.275352716445922852e-02,9.017752483487129211e-03,-3.044314216822385788e-03,-2.228767052292823792e-02,2.975199930369853973e-02,-1.516562141478061676e-02,-6.434198934584856033e-03,3.146339673548936844e-03,-3.291150555014610291e-02,2.510489523410797119e-02,2.628970891237258911e-02,-9.774716570973396301e-03,-1.582385040819644928e-02,3.559708222746849060e-02,-2.501274272799491882e-02,-8.445091545581817627e-03,-5.065080244094133377e-03,1.341472938656806946e-02,-1.338675385341048241e-03,-4.229128360748291016e-03,-1.104180933907628059e-03,4.828775674104690552e-02,1.783803477883338928e-02,-1.964158564805984497e-02,2.014184137806296349e-03,-2.269577234983444214e-02,2.137602074071764946e-03,2.530236355960369110e-02,1.299346145242452621e-02,4.989384207874536514e-03,-2.032614499330520630e-02,5.374448373913764954e-03,-6.619326304644346237e-04,-2.890946529805660248e-02,-3.701885789632797241e-02,9.083574637770652771e-03,3.528113290667533875e-02,-1.691651344299316406e-02,2.102386951446533203e-02,2.270893752574920654e-02,2.488109655678272247e-02,1.542891282588243484e-02,-2.833022177219390869e-02,1.201269868761301041e-02,3.256922587752342224e-02,-8.267370052635669708e-03,7.181290071457624435e-03,8.603067137300968170e-03,7.464329246431589127e-03,-2.782996743917465210e-02,3.620265424251556396e-02,-9.577247546985745430e-04,4.325887933373451233e-02,9.618386975489556789e-04,-2.116209594532847404e-03,-3.786879824474453926e-04,-2.507856674492359161e-02,-2.700388897210359573e-03,-1.153219118714332581e-01,-1.400713622570037842e-02,2.746135927736759186e-02,4.536521807312965393e-02,-1.077028922736644745e-03,2.094488032162189484e-02,-2.627654559910297394e-02,1.812765561044216156e-02,-2.497324906289577484e-02,1.793676987290382385e-03,-6.388122681528329849e-03,2.990010194480419159e-03,-5.588373169302940369e-03,3.335580928251147270e-03,-1.382283121347427368e-02,-2.330134436488151550e-02,-1.708107069134712219e-03,-1.194687560200691223e-02,-2.638186141848564148e-02,1.103193592280149460e-02,-3.788114059716463089e-03,-2.618521393742412329e-04,-1.924664713442325592e-02,-3.175301849842071533e-02,1.787094632163643837e-03,7.260277867317199707e-03,-1.491549331694841385e-02,2.840262837707996368e-03,2.738237194716930389e-02,-1.065016258507966995e-02,-1.353321038186550140e-02,7.668380625545978546e-03,9.109904058277606964e-03,9.465348906815052032e-03,-2.869883179664611816e-02,-1.581068709492683411e-02,-2.698743343353271484e-02,-1.519194990396499634e-02,3.451758623123168945e-02,8.984840475022792816e-03,7.931672036647796631e-03,1.063699834048748016e-02,3.913177642971277237e-03,-7.201036904007196426e-03,6.490148603916168213e-03,-3.577480558305978775e-03,-1.569220423698425293e-02,2.062893100082874298e-02,9.346866863779723644e-04,-9.491677395999431610e-03,-2.443350106477737427e-02,-2.983098663389682770e-02,-1.773930038325488567e-03,-1.723246276378631592e-02,1.581068709492683411e-02,-6.164324469864368439e-03,9.728640317916870117e-03,-5.180270876735448837e-03,-2.732971310615539551e-02,2.465729787945747375e-02,3.406340721994638443e-03,-1.295890426263213158e-03,7.780279498547315598e-03,2.544717490673065186e-02,1.093978341668844223e-02,7.642051205039024353e-03,-2.684262208640575409e-02,-2.190589718520641327e-02,2.413071505725383759e-02,-4.610901698470115662e-03,2.423932310193777084e-03,-8.583320304751396179e-03,-1.420460548251867294e-02,3.014693781733512878e-02,-3.693987056612968445e-02,5.910906009376049042e-03,-1.669435994699597359e-03,-2.492059022188186646e-02,6.098501849919557571e-03,-3.551809489727020264e-02,-3.062086366117000580e-02,-2.582894824445247650e-02,2.060260064899921417e-02,-1.200611703097820282e-02,2.754034660756587982e-02,6.440781522542238235e-03,1.671904325485229492e-02,1.408612355589866638e-02,-3.238491946831345558e-03,-2.610540576279163361e-02,2.962035359814763069e-03,6.269641686230897903e-03,2.759300544857978821e-02,-2.838288061320781708e-02,-2.986718900501728058e-04,-3.017984796315431595e-03,-1.142029184848070145e-02,-1.889120228588581085e-02,8.343066438101232052e-04,-5.019004456698894501e-03,1.021573040634393692e-02,-6.207109428942203522e-03,-5.760829523205757141e-02,9.228385984897613525e-03,-2.671097591519355774e-02,-5.423815920948982239e-03,1.660056225955486298e-02,-1.904917880892753601e-02,1.332257688045501709e-02,-2.269577234983444214e-02,-1.167041901499032974e-02,-1.960209198296070099e-02,-1.636360026895999908e-02,4.298242274671792984e-03,-6.384831853210926056e-03,-1.450739055871963501e-02,-1.281573995947837830e-02,5.298752337694168091e-03,8.256673463620245457e-04,7.003568112850189209e-03,-3.245074301958084106e-03,2.248513884842395782e-02,1.874639280140399933e-02,6.108375266194343567e-03,-1.545524224638938904e-02,2.980465814471244812e-02,-1.175598893314599991e-02,1.030130032449960709e-02,-6.493439897894859314e-03,1.338839996606111526e-02,4.074444063007831573e-03,-8.510914631187915802e-03,1.686385460197925568e-02,-2.484160289168357849e-02,-1.389688230119645596e-03,-1.511296257376670837e-02,9.557500481605529785e-03,-1.978639699518680573e-02,-5.423815920948982239e-03,1.840411312878131866e-02,1.371751446276903152e-02,4.810345545411109924e-02,-8.385851047933101654e-03,-2.946237847208976746e-02,8.464838378131389618e-03,1.532359607517719269e-02,-2.647401392459869385e-02,-1.775904744863510132e-02,-1.029471866786479950e-02,-1.228257361799478531e-02,1.849626563489437103e-02,-5.881285760551691055e-03,2.888313494622707367e-02,1.095953118056058884e-02,3.850645851343870163e-03,9.675982291810214520e-04,-2.372261136770248413e-02,-3.788772225379943848e-02,3.196365386247634888e-02,-9.886615909636020660e-03,1.511296257376670837e-02,-3.517581522464752197e-02,5.052573978900909424e-02,2.036563865840435028e-02,1.457321364432573318e-02,-1.612663641571998596e-02,2.835655212402343750e-02,2.969749039039015770e-05,-1.253270078450441360e-02,1.707448810338973999e-02,3.335580928251147270e-03,1.908867270685732365e-03,-1.586334407329559326e-02,1.344105787575244904e-02,1.001167949289083481e-02,1.320409495383501053e-02,-4.067861940711736679e-03,-2.169526368379592896e-02,-4.946599248796701431e-03,1.799600943922996521e-02,-2.664515376091003418e-02,-3.574189264327287674e-03,1.371751446276903152e-02,-1.628090976737439632e-04,-1.911500096321105957e-02,2.319602854549884796e-02,-5.956982262432575226e-03,-7.497240789234638214e-03,1.207852177321910858e-02,-1.682436093688011169e-02,1.263801753520965576e-02,-1.867727842181921005e-03,-1.475751865655183792e-02,4.732674453407526016e-03,3.035757131874561310e-02,-1.719296909868717194e-02,-7.372176740318536758e-03,-7.872431538999080658e-03,-4.317989200353622437e-02,1.571853458881378174e-02,8.162053301930427551e-03,1.727195642888545990e-02,2.646084874868392944e-03,4.614192992448806763e-03,1.030788291245698929e-02,-1.495498698204755783e-02,-1.337523479014635086e-02,1.445473264902830124e-02,-4.710294306278228760e-02,-1.506030373275279999e-02,-2.618439309298992157e-02,4.025735333561897278e-02,4.956472665071487427e-03,-7.668380625545978546e-03,4.472673404961824417e-03,-1.365169137716293335e-02,-9.057246148586273193e-03,1.362536288797855377e-02,1.336207054555416107e-02,-1.968107931315898895e-02,-1.283548679202795029e-02,4.905130714178085327e-02,1.629777625203132629e-02,1.918082498013973236e-02,1.108459476381540298e-02,-1.846993528306484222e-02,2.825123444199562073e-02,8.023824542760848999e-03,-4.841282032430171967e-03,-1.667954958975315094e-02,-1.091345492750406265e-02,-2.709274925291538239e-02,1.035066787153482437e-03,-2.474945038557052612e-02,-5.502803623676300049e-02,2.698743250221014023e-03,-1.215750910341739655e-02,4.521217779256403446e-04,1.795651577413082123e-02,4.349584504961967468e-02,-2.020766399800777435e-02,6.308477371931076050e-02,-2.425577724352478981e-03,-2.415704354643821716e-02,-5.107865203171968460e-03,6.681035272777080536e-03,5.168422684073448181e-02,2.236665785312652588e-02,2.368311770260334015e-02,-1.051193475723266602e-02,-3.385935351252555847e-02,-1.796968164853751659e-03,-1.179548259824514389e-02,1.615296676754951477e-02,-5.687107797712087631e-03,-2.746135927736759186e-02,-2.651350758969783783e-02,-1.234181411564350128e-02,5.555461626499891281e-03,5.989893805235624313e-03,6.216982845216989517e-03,2.925174497067928314e-02,-6.342046894133090973e-03,5.074953660368919373e-03,-1.606904203072190285e-03,-1.534992549568414688e-02,2.859186788555234671e-04,-3.006465965881943703e-03,-1.386232580989599228e-02,-3.177605802193284035e-03,-2.496008388698101044e-02,2.807762648444622755e-04,1.226776279509067535e-03,-1.425726339221000671e-02,1.933550811372697353e-03,-4.518749658018350601e-03,-4.584572277963161469e-03,-1.122282259166240692e-02,-3.014693781733512878e-02,1.123105059377849102e-03,5.476474296301603317e-03,-1.525777298957109451e-02,1.097927801311016083e-02,-1.859499956481158733e-03,-2.049728482961654663e-02,3.117377683520317078e-02,3.485328285023570061e-03,-9.024334140121936798e-03,1.978639699518680573e-02,-2.027348615229129791e-02
-6.644076784141361713e-04,-3.659709170460700989e-02,5.415022606030106544e-04,-7.909045089036226273e-04,-1.398248970508575439e-02,4.645506665110588074e-02,-2.518125064671039581e-02,8.549110963940620422e-03,9.200350381433963776e-03,-2.737758681178092957e-02,6.927397567778825760e-03,2.264014072716236115e-02,1.033682655543088913e-02,-5.960116162896156311e-03,5.944154225289821625e-03,1.256508659571409225e-02,3.534569218754768372e-02,-2.433847077190876007e-02,-4.207516089081764221e-03,-9.206735529005527496e-03,-5.216298624873161316e-03,6.062271073460578918e-03,4.989641718566417694e-03,-8.798114024102687836e-03,-3.238638164475560188e-03,9.457334526814520359e-04,-9.538739919662475586e-03,-2.378300065174698830e-03,2.013175253523513675e-04,6.863550748676061630e-03,-1.637036725878715515e-02,-1.229692902415990829e-02,-1.015805546194314957e-02,-1.008143927901983261e-02,-2.265290915966033936e-02,-2.633688040077686310e-03,1.067042700015008450e-03,-1.202238723635673523e-02,1.736638019792735577e-03,1.598728448152542114e-02,-8.127721026539802551e-03,-1.396972034126520157e-02,-1.163930539041757584e-02,2.709666080772876740e-02,-1.476142276078462601e-02,-2.422993071377277374e-03,-2.036718837916851044e-02,1.235439162701368332e-02,-7.770177908241748810e-03,9.972899220883846283e-03,2.747974172234535217e-02,-6.612153374589979649e-04,-2.041826583445072174e-02,9.072656743228435516e-03,-9.826051071286201477e-03,1.612774841487407684e-02,-1.847731694579124451e-02,1.316524855792522430e-02,-3.390274941921234131e-03,-1.468480657786130905e-02,8.619342930614948273e-03,-6.556287407875061035e-04,-4.925794899463653564e-03,-6.332822958938777447e-04,-2.819482795894145966e-02,1.149245770648121834e-03,-2.167605096474289894e-03,5.695151165127754211e-03,-1.105191279202699661e-02,-3.184687718749046326e-02,3.427306190133094788e-02,3.708232939243316650e-02,1.265447214245796204e-02,-1.400802843272686005e-02,-5.235452670603990555e-03,-3.240872919559478760e-02,-2.334245666861534119e-02,-5.043911747634410858e-03,-1.185000035911798477e-02,2.740631811320781708e-03,1.557866390794515610e-02,-2.054595947265625000e-02,-9.021579287946224213e-03,2.037995681166648865e-02,1.458265166729688644e-02,-9.289736044593155384e-04,-2.067365311086177826e-02,5.128189921379089355e-02,1.021551713347434998e-02,-4.415657371282577515e-02,2.201444096863269806e-02,-1.440387964248657227e-02,-7.782947272062301636e-03,2.401923574507236481e-02,-7.674407679587602615e-03,-2.557071624323725700e-03,-3.488599136471748352e-02,3.391551971435546875e-02,-6.349582690745592117e-03,1.299286168068647385e-02,3.342389594763517380e-03,1.602559350430965424e-02,-1.073267776519060135e-02,-1.059859897941350937e-02,-3.690355643630027771e-02,-1.947333104908466339e-02,4.983257036656141281e-03,-8.555496111512184143e-03,2.704558335244655609e-02,-2.747974172234535217e-02,-7.553098257631063461e-03,4.762985184788703918e-02,1.236077584326267242e-02,-4.101530089974403381e-02,-6.348784663714468479e-04,-2.335522696375846863e-02,-1.431449409574270248e-02,-2.480455441400408745e-03,-2.931853570044040680e-02,-5.031142383813858032e-03,1.011974737048149109e-02,9.079040959477424622e-03,-1.571912690997123718e-02,1.116683799773454666e-02,-1.164568960666656494e-02,3.559469478204846382e-03,-1.354833040386438370e-02,-1.308863144367933273e-02,-2.232090570032596588e-02,-2.103119716048240662e-02,2.944622933864593506e-02,2.556433342397212982e-02,1.569358818233013153e-02,1.441664900630712509e-02,-4.401451442390680313e-04,5.784536711871623993e-03,-4.695945885032415390e-03,-2.095777308568358421e-03,-7.968103513121604919e-03,-2.329137921333312988e-02,1.441664900630712509e-02,1.541266217827796936e-02,-6.914628203958272934e-03,-1.132645457983016968e-02,4.050452634692192078e-02,1.907428610138595104e-03,1.316524855792522430e-02,5.232260562479496002e-03,-2.405754290521144867e-02,-1.271831896156072617e-02,1.193140516988933086e-03,-4.612944554537534714e-03,3.884450346231460571e-02,-2.681573294103145599e-02,-1.053475216031074524e-02,2.159304916858673096e-02,-1.698329858481884003e-02,1.887316815555095673e-02,1.753238216042518616e-02,3.406236646696925163e-03,1.311417017132043839e-02,2.527063712477684021e-02,1.102637406438589096e-02,-2.151643391698598862e-03,1.474865339696407318e-02,4.252209141850471497e-02,-2.576225902885198593e-03,2.239432884380221367e-03,-1.289070583879947662e-02,-9.315274655818939209e-03,3.567769378423690796e-02,1.031767297536134720e-02,-4.198577627539634705e-02,1.319078728556632996e-02,-4.051091149449348450e-03,9.340813383460044861e-03,-5.624919198453426361e-03,2.133766189217567444e-02,-1.735361106693744659e-02,-5.912230815738439560e-03,-4.625075682997703552e-02,1.069436967372894287e-02,2.765851281583309174e-02,3.021239303052425385e-02,-6.793319247663021088e-03,-5.781344603747129440e-03,-1.528496760874986649e-02,9.232274256646633148e-03,1.382925640791654587e-02,7.310479879379272461e-03,2.201444096863269806e-02,3.156594932079315186e-02,-5.155643913894891739e-03,1.131368521600961685e-02,-6.542017459869384766e-01,1.469757594168186188e-02,-1.672790944576263428e-02,-3.662262856960296631e-02,-1.524346735095605254e-04,3.367928322404623032e-03,2.117165923118591309e-02,6.965706124901771545e-03,-1.860501058399677277e-02,1.149245724081993103e-02,-6.020770408213138580e-03,2.598572336137294769e-02,-9.193966165184974670e-03,-2.959946170449256897e-02,-6.154849193990230560e-03,-1.642144471406936646e-02,-1.520835142582654953e-02,-2.645819075405597687e-02,-8.715113624930381775e-03,-3.517968812957406044e-03,-3.179579740390181541e-03,-7.286536856554448605e-04,2.581972070038318634e-02,1.272470410913228989e-02,1.103914342820644379e-02,1.274385768920183182e-02,-1.534881535917520523e-02,1.261616405099630356e-02,-8.044719696044921875e-03,-1.284122467041015625e-03,-2.456831932067871094e-02,2.008626051247119904e-02,-1.637036725878715515e-02,2.868006564676761627e-02,4.167931154370307922e-02,-1.010059285908937454e-02,-1.059859897941350937e-02,2.203997969627380371e-02,2.118442952632904053e-02,3.447737172245979309e-02,-2.098011970520019531e-02,-1.700883731245994568e-02,5.564264487475156784e-03,1.345575205050408840e-03,1.036236528307199478e-02,-8.568265475332736969e-03,1.001759152859449387e-02,-9.800512343645095825e-03,1.430172473192214966e-02,6.907445495016872883e-04,6.180387921631336212e-03,4.692753311246633530e-03,-1.820915937423706055e-02,1.917963474988937378e-02,1.667683199048042297e-02,4.028744529932737350e-03,3.537122905254364014e-02,-1.089868042618036270e-02,1.265447214245796204e-02,5.765382666140794754e-03,2.984846476465463638e-03,1.697052828967571259e-02,-1.051559858024120331e-02,-9.928205981850624084e-03,-9.321659803390502930e-03,5.219491198658943176e-03,3.422198351472616196e-03,2.069919183850288391e-02,1.174784544855356216e-02,-4.105361178517341614e-03,7.482866756618022919e-03,-2.327222609892487526e-03,4.820447415113449097e-03,-1.732807233929634094e-02,9.193966165184974670e-03,4.606559872627258301e-03,1.929455809295177460e-02,-9.193966165184974670e-03,-1.495296414941549301e-02,-6.426198873668909073e-03,-1.469757594168186188e-02,-1.054752152413129807e-02,-4.344148933887481689e-02,-8.951347321271896362e-03,1.805592700839042664e-02,-1.836239360272884369e-02,-2.314453158760443330e-04,1.333125028759241104e-02,3.722279099747538567e-03,-5.829229485243558884e-03,-4.884294234216213226e-03,2.957392297685146332e-02,2.783728530630469322e-03,1.500404160469770432e-02,1.622990332543849945e-02,1.712376065552234650e-02,-2.224428951740264893e-02,-5.177990533411502838e-03,1.902640052139759064e-02,1.979256514459848404e-03,8.191567845642566681e-03,-5.979270208626985550e-03,1.290507148951292038e-03,3.152444958686828613e-03,1.048367470502853394e-02,-1.012772787362337112e-03,-4.259870946407318115e-02,5.602573044598102570e-03,5.388685315847396851e-02,-2.103119716048240662e-02,3.664816962555050850e-03,4.648060537874698639e-03,1.589789986610412598e-02,-1.343340519815683365e-02,-1.228415966033935547e-02,-1.966487057507038116e-02,-1.137114781886339188e-02,1.050921343266963959e-02,2.573033422231674194e-02,-1.075821649283170700e-02,1.819639094173908234e-02,3.212780132889747620e-02,5.778152029961347580e-03,-1.451880391687154770e-02,1.650444581173360348e-03,4.505043104290962219e-02,-1.911578699946403503e-02,-2.806713432073593140e-02,-2.146535553038120270e-02,1.216923538595438004e-02,-6.703933468088507652e-04,1.272470410913228989e-02,2.709666080772876740e-02,-3.300889162346720695e-03,3.447737079113721848e-03,-1.868162676692008972e-02,4.762984812259674072e-03,-2.745420299470424652e-02,3.583092615008354187e-02,-2.278060466051101685e-02,2.258906327188014984e-02,7.872332818806171417e-03,1.543820090591907501e-02,4.852370824664831161e-03,-1.020274776965379715e-02,-5.950538907200098038e-03,-3.427306190133094788e-02,-2.298491448163986206e-02,-2.541109919548034668e-02,1.260977983474731445e-02,1.204154081642627716e-02,-6.036732345819473267e-03,-4.630183428525924683e-02,-1.917963474988937378e-02,1.122429966926574707e-02,4.651252645999193192e-03,-6.608163006603717804e-03,-1.077417866326868534e-03,-4.539520479738712311e-03,-2.386600337922573090e-02,1.207346469163894653e-02,2.040549553930759430e-02,-1.491465512663125992e-02,-1.192661654204130173e-02,2.973673399537801743e-03,-1.021551783196628094e-03,1.063690800219774246e-02,-4.657637327909469604e-03,-5.602573044598102570e-03,-1.058582961559295654e-02,9.079040959477424622e-03,-3.251407761126756668e-03,-1.373987086117267609e-02,4.913663864135742188e-02,2.975269407033920288e-02,1.967764087021350861e-02,1.144457142800092697e-03,-4.073437768965959549e-03,-2.008626051247119904e-02,1.743022724986076355e-02,1.189150032587349415e-03,1.369517762213945389e-03,-5.286530405282974243e-02,-2.018841728568077087e-02,1.818042830564081669e-03,-1.035119290463626385e-03,-3.642470343038439751e-03,1.653636805713176727e-02,1.842623949050903320e-02,1.179253775626420975e-02,-1.594578381627798080e-03,-4.290517419576644897e-03,1.236716099083423615e-02,-8.900269865989685059e-03,3.028900921344757080e-02,-6.978475488722324371e-03,2.463216707110404968e-02,2.156751044094562531e-02,-6.264985422603785992e-04,4.433534666895866394e-02,2.709666080772876740e-02,-1.434003282338380814e-02,3.930420428514480591e-02,-9.762204252183437347e-03,1.140307169407606125e-02,-1.376540958881378174e-02,-1.902640052139759064e-02,-2.492586337029933929e-02,2.302322164177894592e-02,-4.871524870395660400e-03,-6.493238266557455063e-03,-4.798739403486251831e-02,-4.421403631567955017e-03,8.715113624930381775e-03,2.113335207104682922e-02,2.952284552156925201e-02,7.591406349092721939e-03,-3.463698783889412880e-03,1.933286711573600769e-02,-2.020118571817874908e-02,9.027963504195213318e-03,-1.519558206200599670e-02,2.284445054829120636e-02,5.995231680572032928e-03,-2.487478591501712799e-02,1.176699902862310410e-02,-3.455718106124550104e-04,-9.296121075749397278e-03,3.011023811995983124e-02,-1.513173524290323257e-02,1.336955837905406952e-02,-1.437834091484546661e-02,-5.615342408418655396e-03,2.640711329877376556e-02,1.195854041725397110e-02,-1.336955837905406952e-02,3.107751952484250069e-03,-1.333125028759241104e-02,-8.376724086701869965e-03,-1.893701590597629547e-02,1.080929487943649292e-02,2.860344946384429932e-02,1.565528102219104767e-02,-1.565528102219104767e-02,-1.463372912257909775e-02,1.293774289479188155e-06,2.112058177590370178e-02,2.419800683856010437e-02,-1.033523003570735455e-03,2.330414950847625732e-02,-2.506632544100284576e-02,2.791390195488929749e-02,-1.336955837905406952e-02,-3.664816962555050850e-03,6.646471098065376282e-03,-3.669924661517143250e-02,7.214709185063838959e-03,3.708232939243316650e-02,6.185176516737556085e-06,3.741433098912239075e-02,1.538712298497557640e-03,6.279350724071264267e-03,1.064967736601829529e-02,8.523572236299514771e-03,3.378782421350479126e-02,8.076643571257591248e-03,6.320851389318704605e-03,-8.389493450522422791e-03,-4.683176521211862564e-03,-3.984051756560802460e-03,-1.183084584772586823e-02,-1.231608353555202484e-02,3.747818060219287872e-03,4.341594874858856201e-03,2.845021709799766541e-02,-1.926582772284746170e-03,-3.575431182980537415e-03,-3.766972105950117111e-03,1.243100780993700027e-02,6.716702599078416824e-03,6.113348528742790222e-03,-1.277578156441450119e-02,2.105673588812351227e-02,-7.043120567686855793e-04,6.110156420618295670e-03,-3.225549682974815369e-02,-4.594428837299346924e-02,-1.559143327176570892e-02,-1.698329858481884003e-02,-4.897063598036766052e-03,1.142861042171716690e-02,1.194577105343341827e-02,1.990748941898345947e-02,-1.506788842380046844e-02,-1.703118323348462582e-03,1.000482216477394104e-02,2.965053915977478027e-02,-3.125948458909988403e-02,9.353582747280597687e-03,2.019160892814397812e-03,1.292901393026113510e-02,-1.873270608484745026e-02,-2.814375050365924835e-02,5.765382666140794754e-03,4.584213346242904663e-02,-3.658432280644774437e-03,2.399050397798418999e-03,5.213106051087379456e-03,-1.628896221518516541e-03,-2.362338453531265259e-02,-1.116683799773454666e-02,3.044703043997287750e-04,-1.538712345063686371e-02,-3.217887878417968750e-02,-5.181182641535997391e-03,-1.828577555716037750e-02,-3.388997912406921387e-02,1.257147081196308136e-02,4.632098600268363953e-03,5.567457061260938644e-03,1.246293168514966965e-02,-2.035441808402538300e-02,-1.186915393918752670e-02,6.767780520021915436e-03,1.106340512633323669e-01,-1.976702548563480377e-02,1.268001087009906769e-02,5.905845900997519493e-04,-4.150053951889276505e-03,1.373987086117267609e-02,-2.233367599546909332e-02,-5.194590613245964050e-02,-1.419797306880354881e-03,1.398248970508575439e-02,1.028574910014867783e-02,-1.134560909122228622e-02,6.755011156201362610e-03,-1.833685301244258881e-02,1.688114181160926819e-02,1.044536661356687546e-02,-1.263531856238842010e-02,3.936565772164613008e-04,3.139675362035632133e-03,2.229855861514806747e-03,-1.131368521600961685e-02,-9.755819104611873627e-03,-5.940962117165327072e-03,1.125622354447841644e-02,-9.117349050939083099e-03,-1.038790401071310043e-02,2.942069061100482941e-02,5.117974430322647095e-02,4.948141053318977356e-03,-1.509342715144157410e-02,-8.747036568820476532e-03,-1.625544205307960510e-02,1.011974737048149109e-02,1.270554959774017334e-02,1.220115832984447479e-02,3.056993521749973297e-02,7.194756763055920601e-04,3.200330073013901711e-03,1.884762942790985107e-02,-9.877128526568412781e-03,3.784849122166633606e-02,2.465770579874515533e-02,2.073750086128711700e-02,-1.648529060184955597e-02,-1.703437604010105133e-02,5.030443935538642108e-05,5.315261427313089371e-03,9.883512742817401886e-03,-2.229536697268486023e-02,-1.455711200833320618e-02,1.675344817340373993e-02,-9.123734198510646820e-03,-1.126260776072740555e-02,-3.922758623957633972e-02,1.315247919410467148e-02,-8.197952993214130402e-03,1.199046336114406586e-02,9.768588468432426453e-03,-9.640894830226898193e-03,-6.129310466349124908e-03,-3.187241405248641968e-02,-1.898809336125850677e-02,1.719080028124153614e-03,-2.018841728568077087e-02,-2.230654063168913126e-04,-1.648529060184955597e-02,-2.870560437440872192e-02,-3.061462892219424248e-03,-2.988038957118988037e-02,1.921794191002845764e-02,-9.998437948524951935e-03,-1.181807648390531540e-02,-6.729471962898969650e-03,-5.749420728534460068e-03,1.139668654650449753e-02,4.344148933887481689e-02,1.865608803927898407e-02,2.405435079708695412e-03,2.942069061100482941e-02,1.662575453519821167e-02,-2.478859154507517815e-03,-1.588512957096099854e-02,-7.712715771049261093e-03,-1.078375522047281265e-02,-3.723556175827980042e-02,2.791390195488929749e-02,6.212311796844005585e-03,-7.891487330198287964e-03,-2.469601295888423920e-02,-1.600165036506950855e-03,-2.534725330770015717e-02,2.194740111008286476e-03,9.577048011124134064e-03,-4.635291174054145813e-03,-4.236247390508651733e-03,1.379094831645488739e-02,1.703437604010105133e-02,-1.683006435632705688e-02,-1.376540958881378174e-02,2.204317133873701096e-03,1.273747300729155540e-03,-9.762204252183437347e-03,7.336018607020378113e-03,1.107106730341911316e-02,2.211659587919712067e-02,4.711907356977462769e-03,-2.436400949954986572e-02,1.399525906890630722e-02,-3.996821120381355286e-03,-2.989635104313492775e-03,1.032405719161033630e-02,-2.975269407033920288e-02,5.656842608004808426e-03,1.485080830752849579e-02,-6.023962981998920441e-03,4.374795407056808472e-02,-5.960116162896156311e-03,1.321632601320743561e-02,-7.572252303361892700e-03,2.377661690115928650e-02,-2.403839025646448135e-03,-2.224428951740264893e-02,2.650926820933818817e-02,3.600969910621643066e-03,-1.361217722296714783e-02,-9.289735928177833557e-03,-1.771115325391292572e-02,-1.441664900630712509e-02,1.372710149735212326e-02,5.529148969799280167e-03,-2.625387907028198242e-02,1.153076533228158951e-02,1.334401965141296387e-02,-6.362352054566144943e-03,-1.979256421327590942e-02,1.252677850425243378e-02,-2.675188705325126648e-03,7.706331089138984680e-03,-3.843588382005691528e-02,-4.973680246621370316e-03,-1.377498731017112732e-03,-1.764730736613273621e-02,-1.675344817340373993e-02,-3.846142441034317017e-02,-8.823653683066368103e-03,-4.101530089974403381e-02,6.106963846832513809e-03,-1.343340519815683365e-02,2.094181021675467491e-03,3.516691923141479492e-02,-1.139668654650449753e-02,-9.066271595656871796e-03,-2.026503346860408783e-02,2.043103426694869995e-02,1.440387964248657227e-02,-2.264014072716236115e-02,-3.238318860530853271e-02,-1.202877145260572433e-02,1.897532306611537933e-02,1.732807233929634094e-02,3.090194053947925568e-02,-7.891487330198287964e-03,1.198407914489507675e-02,1.177338417619466782e-02,-3.904242999851703644e-03,-1.139668654650449753e-02,-5.782142397947609425e-04,-1.015167031437158585e-02,-5.761551856994628906e-02,3.177025914192199707e-02,2.064811438322067261e-02,3.491153195500373840e-02,1.285239774733781815e-02,1.501681096851825714e-02,6.869935430586338043e-03,3.366012871265411377e-02,-2.458108961582183838e-02,-7.757408544421195984e-03,-3.035924164578318596e-03,-2.447893470525741577e-02,1.356109976768493652e-02,-3.034008666872978210e-02,-7.438173517584800720e-03,2.450128085911273956e-04,4.205919976811856031e-04,-2.045657299458980560e-02,3.664816915988922119e-02,-1.145414914935827255e-02,1.465926785022020340e-02,-6.454930175095796585e-03,3.048693528398871422e-03,-2.847575582563877106e-02,1.412295270711183548e-02,8.453340269625186920e-03,6.504411576315760612e-04,-5.583418998867273331e-03,4.833216778934001923e-03,3.314935415983200073e-02,3.007192863151431084e-03,2.408308163285255432e-02,1.325463410466909409e-02,-1.237354520708322525e-02,-6.984860170632600784e-03,-9.755819104611873627e-03,-3.368566930294036865e-02,1.431449409574270248e-02,-6.499622948467731476e-03,-5.644073244184255600e-03,2.124827727675437927e-02,-2.804159559309482574e-02,4.098976496607065201e-03,-2.880775928497314453e-02,-3.368566930294036865e-02,-2.385323308408260345e-02,-1.468480681069195271e-03,-5.918615497648715973e-03,-4.157715663313865662e-02,1.370156276971101761e-02,-1.654913835227489471e-02,-1.442941837012767792e-02,-4.437365569174289703e-03,3.387082600966095924e-03,3.051885776221752167e-02,-2.372553944587707520e-02,2.447893470525741577e-02,1.481250021606683731e-02,5.149259231984615326e-03,-7.080630399286746979e-03,1.204154081642627716e-02,-1.873909030109643936e-03,-4.022359848022460938e-03,2.300087595358490944e-03,2.499609487131237984e-03,2.048211172223091125e-02,-1.159461215138435364e-02,-2.246136963367462158e-02,-6.509200204163789749e-03,-3.085086308419704437e-02,-2.888437546789646149e-02,7.150862365961074829e-03,-1.055390667170286179e-02,-1.078375522047281265e-02,-5.059873685240745544e-03,-1.260339468717575073e-02,8.363954722881317139e-03,-5.177990533411502838e-03,-9.755819104611873627e-03,-7.719100452959537506e-03,-3.179579973220825195e-02,-1.166484411805868149e-02,-5.239443271420896053e-04,-3.798895515501499176e-03,-6.244235206395387650e-03,1.847731694579124451e-02,-5.624919198453426361e-03,-7.693561725318431854e-03,-8.006411604583263397e-03,-2.661142311990261078e-02,-2.465770579874515533e-02,1.588512957096099854e-02,-3.024750854820013046e-03,1.413572207093238831e-02,-3.868728235829621553e-04,8.472494781017303467e-03,1.304393913596868515e-02,-9.321659803390502930e-03,-6.071848329156637192e-03,-1.781330909579992294e-03,9.206735529005527496e-03,2.747974172234535217e-02,1.810700446367263794e-02,1.667683199048042297e-02,-6.761395838111639023e-03,4.252209141850471497e-02,1.633205823600292206e-02,4.568251781165599823e-03,1.127697410993278027e-03,-4.063860513269901276e-03,-1.894978433847427368e-02,-2.671357803046703339e-02,1.199046336114406586e-02,-5.854768678545951843e-03,-7.444558199495077133e-03,6.308082025498151779e-03,-1.537435408681631088e-02,-3.161702677607536316e-02,-7.246632594615221024e-03,1.750684343278408051e-02,3.376228362321853638e-02,5.139682441949844360e-03,-6.145272403955459595e-03,1.306309271603822708e-02,-6.509200204163789749e-03,2.870560437440872192e-02,1.339509710669517517e-02,2.676784759387373924e-03,1.777500100433826447e-02,2.016287855803966522e-02,-3.682694211602210999e-02,9.296121075749397278e-03,1.039109658449888229e-03,3.197137732058763504e-03,-1.864331960678100586e-02,1.708545349538326263e-02,2.162816701456904411e-03,4.047898575663566589e-03,-1.822192966938018799e-02,-1.345894392579793930e-02,-3.718448430299758911e-02,1.917963474988937378e-02,1.805273466743528843e-03,1.038790401071310043e-02,2.207828685641288757e-02,-2.615172415971755981e-02,8.031950332224369049e-03,-1.524346764199435711e-03,1.660021580755710602e-02,-3.087640181183815002e-02,-2.309983968734741211e-02,1.767284609377384186e-02,-1.566804945468902588e-02,-2.620918676257133484e-03,2.479816786944866180e-02,-4.241993650794029236e-02,1.049005985260009766e-02,1.252677850425243378e-02,8.191567845642566681e-03,1.525942888110876083e-02,-1.969679491594433784e-03,3.585008205845952034e-03,-5.190759897232055664e-03,-7.157247047871351242e-03,-1.629375107586383820e-02,-1.261616405099630356e-02,2.737439470365643501e-03,-1.740468852221965790e-02,1.111735589802265167e-03,5.155643913894891739e-03,5.436570849269628525e-03,-3.391551971435546875e-02,2.407031320035457611e-02,6.812473293393850327e-03,-2.962500089779496193e-03,2.579418243840336800e-03,-2.188674546778202057e-02,2.159304916858673096e-02,4.392672330141067505e-03,-1.015805546194314957e-02,-1.818362064659595490e-02,-2.156751044094562531e-02,-5.937769543379545212e-03,2.344461344182491302e-02,-1.225862069986760616e-03,-1.075821649283170700e-02,-2.700727432966232300e-03,-5.640881136059761047e-03,-3.343028202652931213e-02,-2.977823279798030853e-02,2.474070526659488678e-03,-8.881115354597568512e-03,7.529953727498650551e-04,-7.837217417545616627e-04,2.493863180279731750e-02,2.804159559309482574e-02,9.340813383460044861e-03,-2.858748659491539001e-03,-5.105204880237579346e-02,-1.047090534120798111e-02,7.393480744212865829e-03,-2.790113212540745735e-03,-9.040732868015766144e-03,1.095614209771156311e-02,-4.206239432096481323e-02,-1.992025971412658691e-02,2.067365311086177826e-02,-9.264197200536727905e-03,2.058426849544048309e-02,8.946558809839189053e-04,1.770157599821686745e-03,-1.469757594168186188e-02,-2.607510797679424286e-02,-2.354357624426484108e-03,-3.136163949966430664e-02,3.216291777789592743e-03,1.289070583879947662e-02,-1.087314169853925705e-02,1.157545857131481171e-02,3.387880569789558649e-04,1.349565573036670685e-03,-2.421077713370323181e-02,1.095614209771156311e-02,1.694498956203460693e-02,-1.419956889003515244e-02,-3.326427889987826347e-03,-2.803281531669199467e-04,-1.647252240218222141e-03,1.515727397054433823e-02,1.984045142307877541e-03,2.684127166867256165e-02,-1.408624113537371159e-03,-1.743022724986076355e-02,2.283168211579322815e-02,-1.285878289490938187e-02,-4.040237143635749817e-02,-1.887316815555095673e-02,2.832252159714698792e-02,9.117349050939083099e-03,-1.570635847747325897e-02,6.199541967362165451e-03,-1.897532306611537933e-02,-1.949886977672576904e-02,-7.541925297118723392e-04,1.602160191396251321e-04,-2.018841728568077087e-02,2.244859933853149414e-02,-1.533604599535465240e-02,4.724676720798015594e-03,-2.301045320928096771e-02,2.934407442808151245e-02,1.859224215149879456e-02,-2.021395601332187653e-02,7.125323638319969177e-03,8.025566115975379944e-03,1.629375107586383820e-02,-1.060498412698507309e-02,-2.671357803046703339e-02,-1.249006600119173527e-03,-1.458265166729688644e-02,-4.628906492143869400e-03,7.840409874916076660e-03,-3.849973203614354134e-03,-4.296902101486921310e-03,-1.971594803035259247e-02,-5.340800154954195023e-03,-2.491309307515621185e-02,-9.369545150548219681e-04,1.996112167835235596e-01,-6.081425119191408157e-03,-4.166015889495611191e-03,4.374795407056808472e-02,4.791716113686561584e-03,-3.037520218640565872e-03,1.694498956203460693e-02,1.705991476774215698e-02,6.017578300088644028e-03,5.577033851295709610e-03,-4.507597163319587708e-02,3.987244330346584320e-03,4.753408022224903107e-03,5.031940527260303497e-04,6.735856644809246063e-03,-3.932974115014076233e-02,-1.375264022499322891e-02,-2.661142311990261078e-02,-7.942564785480499268e-03,-3.738879412412643433e-02,9.409449412487447262e-04,-1.843581674620509148e-03,7.905054953880608082e-04,-2.972715534269809723e-02,2.942069061100482941e-02,2.722435444593429565e-02,-1.249485462903976440e-02,3.725471440702676773e-03,2.002241462469100952e-02,5.088604521006345749e-03,-6.825242657214403152e-03,-2.986442763358354568e-03,1.151161082088947296e-02,7.067861035466194153e-03,-4.874717444181442261e-03,1.186276972293853760e-02,1.683006435632705688e-02,9.098195005208253860e-04,1.050282921642065048e-02,-7.265786640346050262e-03,2.058426849544048309e-02,-1.974148675799369812e-02,4.349575901869684458e-04,4.546603668131865561e-05,-1.357386913150548935e-02,1.259701047092676163e-02,-3.144463989883661270e-03,-2.426185458898544312e-02,-5.119729903526604176e-04,2.039272710680961609e-02,-1.325463410466909409e-02,5.663227289915084839e-03,2.265290915966033936e-02,2.407031320035457611e-02,5.018373019993305206e-03,2.712219953536987305e-02,8.467706502415239811e-04,1.741745695471763611e-02,-1.819639094173908234e-02,1.594897732138633728e-02,-6.646471098065376282e-03,3.200010955333709717e-02,-1.889870734885334969e-03,3.892112150788307190e-02,3.489237744361162186e-03,3.825711458921432495e-02,-2.868006564676761627e-02,-2.334245666861534119e-02,8.778960444033145905e-03,6.218696478754281998e-03,-1.670237071812152863e-02,-2.055872976779937744e-02,1.559143327176570892e-02,2.424908429384231567e-02,7.904256694018840790e-03,2.269760239869356155e-03,-5.487648304551839828e-03,2.735204808413982391e-02,2.370000071823596954e-02,2.135043218731880188e-02,-1.231608353555202484e-02,-2.903441665694117546e-03,2.199528506025671959e-03,1.619159430265426636e-02,3.581815864890813828e-03,-4.178785253316164017e-03,3.330258652567863464e-02,-1.143499463796615601e-02,-7.438173517584800720e-03,2.732650935649871826e-02,1.675344817340373993e-02,-2.267844974994659424e-02,-8.919423446059226990e-03,-2.537279203534126282e-02,-1.407187525182962418e-02,1.596174575388431549e-02,1.523389015346765518e-02,1.017082482576370239e-02,-2.498970925807952881e-02,6.889089476317167282e-03,-1.077098585665225983e-02,-3.361543640494346619e-03,2.037995681166648865e-02,1.040067337453365326e-02,-1.263372250832617283e-03,7.259401958435773849e-03,6.786934565752744675e-03,4.022359848022460938e-02,9.704741649329662323e-03,-4.446303844451904297e-02,1.129453163594007492e-02,-3.123713657259941101e-03,1.424585818313062191e-03,-3.929781727492809296e-03,1.345894392579793930e-02,1.610220968723297119e-02,-1.213092729449272156e-02,-8.121336810290813446e-03,-9.366353042423725128e-03,-4.405441868584603071e-04,-2.237198315560817719e-02,-2.461939677596092224e-02,-6.199541967362165451e-03,3.968090284615755081e-03,-1.065606158226728439e-02,-1.196492463350296021e-02,-1.690668053925037384e-02,-3.120521316304802895e-03,1.040705852210521698e-02,-1.828577555716037750e-02,9.577048011124134064e-03,-2.353399805724620819e-02,-9.462122805416584015e-03,2.124827727675437927e-02,1.954994723200798035e-02,2.617726288735866547e-02,-1.142860972322523594e-03,-4.895786941051483154e-02,-1.465926785022020340e-02,2.788836322724819183e-02,-4.188362043350934982e-03,3.511584131047129631e-03,1.262893341481685638e-02,4.421403631567955017e-03,-3.961705602705478668e-03,-1.579574309289455414e-02,1.280131982639431953e-03,-6.117339362390339375e-04,5.171605851501226425e-03,-1.048367470502853394e-02,-1.886039972305297852e-02,-2.223151922225952148e-02,1.857947185635566711e-02,-2.165689691901206970e-02,2.490032464265823364e-02,-1.151799596846103668e-02,-1.181807648390531540e-02,-1.471034530550241470e-02,3.253642469644546509e-02,-1.236237236298620701e-03,-3.989159688353538513e-02,2.340630441904067993e-02,1.522112078964710236e-02,7.150862365961074829e-03,-6.863550748676061630e-03,9.774973616003990173e-03,-1.600771546363830566e-01,8.772575296461582184e-03,1.084760297089815140e-02,-1.362494658678770065e-02,2.418523840606212616e-02,4.680782149080187082e-04,1.777500100433826447e-02,-5.669612437486648560e-03,4.181977361440658569e-03,2.595779078546911478e-04,1.453157328069210052e-02,-1.726422458887100220e-02,-1.300563104450702667e-02,1.897532306611537933e-02,7.712715771049261093e-03,-1.123706903308629990e-02,-1.860501058399677277e-02,-2.015968551859259605e-03,2.606233954429626465e-02,7.661638315767049789e-03,5.417416803538799286e-03,5.845191422849893570e-03,-6.486853584647178650e-03,-2.984846476465463638e-03,5.500417668372392654e-03,3.521799668669700623e-02,-4.686368629336357117e-03,1.297370716929435730e-02,-1.138870604336261749e-03,-7.061476353555917740e-03,-2.221875078976154327e-02,3.498814627528190613e-02,5.216298624873161316e-03,-1.302478462457656860e-02,8.938577957451343536e-03,-2.694342751055955887e-03,-3.097855672240257263e-02,-6.965706124901771545e-03,-2.067046007141470909e-03,1.213731151074171066e-02,1.022190228104591370e-02,6.435776129364967346e-03,1.752599724568426609e-03,4.028744529932737350e-03,-6.850781384855508804e-03,2.931853570044040680e-02,-9.755819104611873627e-03,1.487634703516960144e-02,5.902653560042381287e-03,-2.090350352227687836e-02,7.987258024513721466e-03,-1.875824481248855591e-02,-1.028574910014867783e-02,7.444558199495077133e-03,7.106169126927852631e-03,2.890991419553756714e-02,2.341588260605931282e-03,1.097529660910367966e-02,-2.049488201737403870e-02,-1.033044233918190002e-02,-2.456831932067871094e-02,-1.834004651755094528e-03,1.725145429372787476e-02,-4.976872354745864868e-03,-1.017720904201269150e-02,-1.866885833442211151e-02,-3.355797380208969116e-02,-6.799703929573297501e-03,-4.959633573889732361e-02,3.865934908390045166e-03,-3.703125112224370241e-04,-1.165207475423812866e-02,2.184843830764293671e-02,-1.842623949050903320e-02,9.806896559894084930e-03,7.623329758644104004e-03,-1.486357767134904861e-02,1.642144471406936646e-02,1.928178966045379639e-02,-4.619329236447811127e-03,-3.023793175816535950e-02,3.074870817363262177e-02,-1.939671300351619720e-02,2.900249324738979340e-03,-1.653636805713176727e-02,1.049644406884908676e-02,1.495296414941549301e-02,-1.459542103111743927e-02,-8.593804202973842621e-03,2.163135819137096405e-02,7.955334149301052094e-03,-2.339353412389755249e-02,-1.082206424325704575e-02,-2.218044176697731018e-02,1.769838482141494751e-02,2.712219953536987305e-02,4.858755506575107574e-03,-5.561072379350662231e-03,2.988038817420601845e-03,-1.347171328961849213e-02,-2.710304455831646919e-03,-3.498814627528190613e-02,-3.516691923141479492e-02,9.736665524542331696e-03,2.727543190121650696e-02,-1.725145429372787476e-02,1.460819039493799210e-02,5.337608046829700470e-03,1.796654053032398224e-02,-6.119733676314353943e-03,4.402249585837125778e-03,-9.583432227373123169e-03,2.069919183850288391e-02,-6.793319247663021088e-03,1.405431772582232952e-03,2.525786682963371277e-02,3.837203839793801308e-03,-3.396659623831510544e-03,1.345894392579793930e-02,4.552289843559265137e-03,5.506163835525512695e-02,1.698329858481884003e-02,-1.522750593721866608e-03,-3.028741339221596718e-04,-2.916530333459377289e-02,-2.988038817420601845e-03,-1.059349179267883301e-01,-8.114951662719249725e-03,-4.134092014282941818e-03,1.568081974983215332e-02,3.032731823623180389e-03,1.840070076286792755e-02,4.568251781165599823e-03,-1.586198595759924501e-05,1.036875043064355850e-02,-9.409449412487447262e-04,-2.566648833453655243e-02,-1.617882587015628815e-02,-1.336955837905406952e-02,-1.168399769812822342e-02,-5.647265817970037460e-03,-1.168399769812822342e-02,-1.697052828967571259e-02,-4.118130542337894440e-03,-5.500417668372392654e-03,3.279181197285652161e-02,1.834004651755094528e-03,-1.289709098637104034e-02,-4.038321785628795624e-03,-2.578141167759895325e-02,-3.585008205845952034e-03,1.243100780993700027e-02,-2.260183170437812805e-02,1.370156276971101761e-02,1.225223671644926071e-02,4.992834292352199554e-03,-2.295937575399875641e-02,-1.017720904201269150e-02,-5.043911747634410858e-03,8.300107903778553009e-03,-2.755635790526866913e-02,-1.456988137215375900e-02,-4.729784652590751648e-02,-1.809423603117465973e-02,3.756756708025932312e-02,-2.422354556620121002e-02,1.173507608473300934e-02,1.030490361154079437e-02,4.285728791728615761e-04,2.243583090603351593e-02,4.181977361440658569e-03,4.213900770992040634e-03,-8.587419055402278900e-03,1.737914979457855225e-02,8.861961774528026581e-03,-9.117349050939083099e-03,-2.322753332555294037e-02,-2.428739331662654877e-02,-1.680452562868595123e-02,-1.345894392579793930e-02,5.299299489706754684e-03,-1.162015087902545929e-02,2.550686942413449287e-03,-2.858748659491539001e-03,-1.689391210675239563e-02,1.691945083439350128e-02,-7.284940686076879501e-03,-1.278855092823505402e-02,1.290986035019159317e-02,1.833685301244258881e-02,1.833685301244258881e-02,-1.282047480344772339e-02,-2.242306061089038849e-02,9.615356102585792542e-03,2.850129455327987671e-02,-1.592343859374523163e-02,1.329294219613075256e-02,-4.868332762271165848e-03,-8.287338539958000183e-03,2.885883674025535583e-02,-3.011023811995983124e-02,5.838806740939617157e-03,2.249009907245635986e-03,-4.609752446413040161e-03,1.954994723200798035e-02,-3.460506722331047058e-02,-6.742241326719522476e-03,-1.864331960678100586e-02,2.186120674014091492e-02,-1.222669705748558044e-02,1.969040930271148682e-02,-1.426341664046049118e-02,2.320199459791183472e-02,-4.887486808001995087e-03,2.371915383264422417e-03,-1.518281269818544388e-02,-8.083027787506580353e-03,8.612957783043384552e-03,3.646939620375633240e-02,-3.810387849807739258e-02,-5.005603656172752380e-03,-1.132645457983016968e-02,-1.013251673430204391e-02,-7.118938956409692764e-03,1.077737100422382355e-02,2.660823054611682892e-03,-1.408464461565017700e-02,-1.101360423490405083e-03,-5.322284623980522156e-02,2.304876223206520081e-02,-6.927397567778825760e-03,-8.555496111512184143e-03,1.130730099976062775e-02,-1.949886977672576904e-02,3.184368368238210678e-03,-1.915409602224826813e-02,-9.193966165184974670e-03,7.553098257631063461e-03,-3.077424596995115280e-03,2.321476303040981293e-02,4.695945885032415390e-03,-5.873922724276781082e-03,-5.490840878337621689e-03,2.009583869948983192e-03,-1.416126079857349396e-02,6.876320112496614456e-03,1.856670342385768890e-02,5.577033851295709610e-03,8.593804202973842621e-03,-2.163135819137096405e-02,-9.058290743269026279e-04,2.143981680274009705e-02,6.563469767570495605e-03,1.208623405545949936e-02,1.451880391687154770e-02,9.411045350134372711e-03,1.983087323606014252e-02,2.593783661723136902e-03,1.591066829860210419e-02,-2.193782292306423187e-02,8.989655412733554840e-03,-2.857152605429291725e-03,-7.738254498690366745e-03,-2.630495838820934296e-02,-1.315247919410467148e-02,1.541266217827796936e-02,2.658588439226150513e-02,3.455398976802825928e-02,-1.587236113846302032e-02,-2.146535553038120270e-02,1.483803894370794296e-02,7.585021667182445526e-03,-4.485250450670719147e-03,-4.239439964294433594e-03,-5.634496454149484634e-03,5.806883331388235092e-03,2.415969967842102051e-02,1.652359962463378906e-02,1.668960228562355042e-02,1.170953735709190369e-02,8.006411604583263397e-03,-9.647279046475887299e-03,-2.570479549467563629e-02,-3.866573423147201538e-02,1.731530204415321350e-02,-2.546217665076255798e-02,-9.525969624519348145e-03,-3.547338396310806274e-02,3.350689634680747986e-02,2.249967679381370544e-02,2.299768291413784027e-02,-3.795064613223075867e-02,1.305670849978923798e-02,1.875505200587213039e-03,-5.634496454149484634e-03,3.962503396905958652e-04,-1.639271271415054798e-03,3.537521988619118929e-04,-9.436584077775478363e-03,1.891147717833518982e-02,1.121153030544519424e-02,2.058426849544048309e-02,-1.653636805713176727e-02,-7.412634789943695068e-03,4.689561203122138977e-03,5.953731480985879898e-03,-1.820915937423706055e-02,3.106155898422002792e-03,1.298009231686592102e-02,9.098195470869541168e-03,-2.765851281583309174e-02,3.056993521749973297e-02,-1.830812310799956322e-03,5.254606716334819794e-03,-7.189170457422733307e-03,-1.849008724093437195e-02,1.550204772502183914e-02,8.794922032393515110e-04,-1.840389333665370941e-03,1.107745151966810226e-02,3.268965706229209900e-02,-2.016287855803966522e-02,-1.225862093269824982e-02,4.146063583903014660e-04,-7.948949933052062988e-03,-1.089229527860879898e-02,6.201138603501021862e-04,1.539989281445741653e-02,-1.755792088806629181e-02,-1.631928980350494385e-02,2.547494601458311081e-03,-1.610220968723297119e-02,-1.435280218720436096e-02,5.806883331388235092e-03,-2.942069061100482941e-02,-2.491309307515621185e-02,-1.815808191895484924e-02,3.363459184765815735e-02,7.891487330198287964e-03,-5.343992728739976883e-03,1.799207925796508789e-02,5.586611106991767883e-03,5.541918333619832993e-03,8.603380993008613586e-04,5.442955531179904938e-03,-1.073267776519060135e-02,-1.427618600428104401e-02,2.852683328092098236e-02,1.857947185635566711e-02,4.849816858768463135e-02,1.693222112953662872e-02,-7.610560394823551178e-03,2.625387907028198242e-02,-9.506816044449806213e-03,7.955334149301052094e-03,-2.474709041416645050e-02,-5.395070184022188187e-03,-3.141271648928523064e-03,2.793944068253040314e-02,-1.152438111603260040e-03,-4.704245924949645996e-02,4.497221962083131075e-04,-2.128658443689346313e-02,1.485080830752849579e-02,5.695151165127754211e-03,3.371120616793632507e-02,-9.027963504195213318e-03,2.850129455327987671e-02,1.856670342385768890e-02,-2.663696184754371643e-02,-1.992025971412658691e-02,3.279181197285652161e-02,3.853803873062133789e-02,-7.412634789943695068e-03,7.795716635882854462e-03,-8.146875537931919098e-03,-3.118286654353141785e-02,7.808485999703407288e-03,-2.322753332555294037e-02,9.857974015176296234e-03,1.280770543962717056e-02,-3.210226446390151978e-02,-4.849178250879049301e-03,-8.702344261109828949e-03,-1.280770543962717056e-02,2.274548751302063465e-04,7.240247912704944611e-03,1.828577555716037750e-02,-3.339197253808379173e-03,2.378300065174698830e-03,-2.067365311086177826e-02,-9.334429167211055756e-03,-1.907428610138595104e-03,1.241823844611644745e-02,-7.814871147274971008e-03,-1.823469810187816620e-02,-2.890991419553756714e-02,-5.628111772239208221e-03,1.051559858024120331e-02,-1.280132029205560684e-02,-1.847731694579124451e-02,-2.662419341504573822e-03,4.354364238679409027e-03,2.474070526659488678e-03,-1.786438561975955963e-02,-3.371120663359761238e-03,1.255870144814252853e-02,7.127917342586442828e-05,-3.610546933487057686e-03,-2.224428951740264893e-02,-1.395695097744464874e-02,3.519245609641075134e-02,3.049331903457641602e-02,7.814871147274971008e-03,2.006072178483009338e-02,-2.057149820029735565e-02
-9.200097061693668365e-03,-3.397357836365699768e-02,-1.264283992350101471e-02,3.747467417269945145e-03,-5.968068726360797882e-03,4.222059994935989380e-02,-2.410568110644817352e-02,1.666261465288698673e-03,9.978118352591991425e-03,-3.070589154958724976e-02,-1.355863525532186031e-03,1.355053111910820007e-02,1.779074408113956451e-02,-8.752735448069870472e-04,8.363724686205387115e-03,1.242240052670240402e-02,2.507820725440979004e-02,-5.870816297829151154e-03,-1.387470634654164314e-03,-1.355053111910820007e-02,-1.600129716098308563e-02,-6.379771512001752853e-03,4.959883168339729309e-03,-9.180646389722824097e-03,-1.288921292871236801e-02,-2.755490830168128014e-03,-4.758894443511962891e-03,-9.026258339872583747e-05,-1.270767534151673317e-03,3.129913238808512688e-03,-6.827133707702159882e-03,-1.327822357416152954e-02,-8.389659225940704346e-03,-1.031526084989309311e-02,-1.904854550957679749e-02,3.987357195001095533e-04,-9.446470998227596283e-03,-2.123997174203395844e-02,7.274495437741279602e-03,9.478888474404811859e-03,-1.122943498194217682e-02,-1.316152047365903854e-02,1.236404851078987122e-02,8.798119612038135529e-03,-2.025447785854339600e-02,1.038171700201928616e-03,-3.480346873402595520e-02,1.074317190796136856e-02,-1.255855429917573929e-02,1.041251327842473984e-02,2.589512988924980164e-02,-1.080152392387390137e-02,-2.816435694694519043e-02,2.894886070862412453e-03,-3.702082904055714607e-03,2.018964290618896484e-02,-1.457492541521787643e-02,4.548180382698774338e-03,6.925196503289043903e-04,-3.873895853757858276e-03,1.525245141237974167e-03,-2.233568346127867699e-03,-4.544938914477825165e-03,1.138666062615811825e-03,-2.422238513827323914e-02,5.355377215892076492e-03,4.334224853664636612e-03,-5.922683980315923691e-03,-3.763676155358552933e-03,-3.047248534858226776e-02,4.211686551570892334e-02,3.822676092386245728e-02,4.340708255767822266e-03,-1.264283992350101471e-02,-1.264283992350101471e-02,-3.884917870163917542e-02,-1.248075254261493683e-02,-1.380987092852592468e-02,-1.047896919772028923e-03,-1.231866423040628433e-02,1.259745564311742783e-02,-1.409514527767896652e-02,-8.804603479802608490e-03,1.051138620823621750e-03,1.995623670518398285e-02,-9.336250834167003632e-03,-2.321095764636993408e-02,5.472080409526824951e-02,1.116460002958774567e-02,-4.219466820359230042e-02,3.192479163408279419e-02,8.084123255684971809e-04,1.974876411259174347e-02,3.285517450422048569e-03,-5.660102237015962601e-03,-6.736364215612411499e-03,-3.036874905228614807e-02,3.475160151720046997e-02,-1.475646346807479858e-02,1.299943309277296066e-02,-7.819110527634620667e-03,-5.296215531416237354e-04,4.473620094358921051e-03,-4.113785456866025925e-03,-2.684172056615352631e-02,-1.746656931936740875e-02,-4.070427094120532274e-04,-1.271415874361991882e-02,2.308128774166107178e-02,-2.120107039809226990e-02,-9.828997775912284851e-03,3.659291565418243408e-02,1.557338517159223557e-02,-4.066456109285354614e-02,5.822189617902040482e-03,-2.212172746658325195e-02,-1.629953831434249878e-02,-2.833292819559574127e-03,-3.571115806698799133e-02,-5.404003430157899857e-03,7.566253188997507095e-03,6.357079371809959412e-03,8.590647485107183456e-04,-1.817975565791130066e-02,1.693816302577033639e-04,1.347272843122482300e-02,-1.222141180187463760e-02,-1.001701876521110535e-02,-6.169057451188564301e-03,-2.507820725440979004e-02,3.765621036291122437e-02,6.311694625765085220e-03,2.401491254568099976e-02,1.862063445150852203e-02,5.032822955399751663e-04,5.825431551784276962e-03,-1.029581017792224884e-02,-4.635707940906286240e-03,-3.044006880372762680e-03,-1.688305288553237915e-02,1.092470996081829071e-02,1.283086184412240982e-02,-1.491206698119640350e-02,-1.842612773180007935e-02,2.143447659909725189e-02,9.128778241574764252e-03,1.742766797542572021e-02,4.094335250556468964e-03,-3.143204376101493835e-02,-1.414215075783431530e-03,-2.783045638352632523e-03,-1.406921166926622391e-02,3.892697766423225403e-02,-4.873004183173179626e-02,1.120998430997133255e-02,2.046195045113563538e-02,-1.671448163688182831e-02,1.980063132941722870e-02,7.475484162569046021e-03,2.129183895885944366e-02,1.966123702004551888e-03,3.145797923207283020e-02,9.018559008836746216e-03,3.572412766516208649e-03,8.687900379300117493e-03,3.882324323058128357e-02,1.266229059547185898e-02,3.311451524496078491e-03,-5.796255543828010559e-03,-1.635140553116798401e-02,2.829402685165405273e-02,-7.780209183692932129e-03,-3.498500585556030273e-02,1.801118440926074982e-02,-7.469000760465860367e-03,2.143447659909725189e-02,7.741307839751243591e-03,7.786692585796117783e-03,-2.398897893726825714e-03,1.593646220862865448e-02,-3.233973681926727295e-02,-5.121971014887094498e-03,3.656698390841484070e-02,3.610017150640487671e-02,3.066699020564556122e-03,-1.478239707648754120e-02,-8.875922299921512604e-03,8.940757252275943756e-03,2.446875721216201782e-02,1.642920821905136108e-02,2.343139611184597015e-02,3.490720316767692566e-02,-2.275711158290505409e-03,8.642515167593955994e-03,-6.398444175720214844e-01,1.466569397598505020e-02,-1.414215075783431530e-04,-3.288435190916061401e-02,2.182348631322383881e-02,8.752735331654548645e-03,2.050085179507732391e-02,1.751843839883804321e-02,-1.779074408113956451e-02,4.696490941569209099e-04,-1.648107543587684631e-02,2.356106601655483246e-02,-6.917902734130620956e-03,-4.193532839417457581e-02,-9.611800196580588818e-04,-2.173271775245666504e-02,-1.602723076939582825e-02,-1.513250637799501419e-02,-1.336899306625127792e-02,-7.773725781589746475e-03,-7.585703860968351364e-03,7.354728877544403076e-04,2.404084615409374237e-02,3.805818967521190643e-03,1.799173303879797459e-03,1.766107417643070221e-02,-3.750709118321537971e-03,-1.961261034011840820e-03,-1.017262320965528488e-02,9.679877199232578278e-03,-2.699732594192028046e-02,2.103249914944171906e-02,1.093767769634723663e-02,2.312018722295761108e-02,3.602236881852149963e-02,-1.769997552037239075e-02,-1.741470210254192352e-02,2.790501713752746582e-02,2.034524641931056976e-02,2.756787464022636414e-02,-3.200259432196617126e-02,-1.969689689576625824e-02,9.887348860502243042e-03,-2.757111564278602600e-03,1.585865952074527740e-02,1.638706540688872337e-03,-1.159251108765602112e-02,-1.671124133281409740e-03,1.017910707741975784e-02,5.841640289872884750e-03,1.664964668452739716e-02,-7.695923559367656708e-03,-2.488370239734649658e-02,3.389577940106391907e-02,1.808898523449897766e-02,1.574195548892021179e-02,2.663424983620643616e-02,-2.253667265176773071e-02,1.195396762341260910e-03,2.909474074840545654e-03,1.986546814441680908e-02,7.222627289593219757e-03,-5.912959109991788864e-03,-1.701920700725167990e-04,-2.736040158197283745e-03,1.441932097077369690e-02,5.693330313079059124e-04,2.829402685165405273e-02,1.268174126744270325e-02,-8.512845262885093689e-03,1.441932097077369690e-02,-1.208566318382509053e-04,2.898127771914005280e-03,-1.515844091773033142e-02,-4.486587364226579666e-03,6.639111787080764771e-03,2.100656367838382721e-02,-1.544371526688337326e-02,-1.784261316061019897e-02,-4.752411041408777237e-03,5.942134652286767960e-03,-1.090525928884744644e-02,-4.790015518665313721e-02,-1.668854802846908569e-02,2.380743995308876038e-02,-2.370370365679264069e-02,-5.459113512188196182e-03,-7.598670665174722672e-03,-5.170597229152917862e-03,-1.824459061026573181e-02,2.394035225734114647e-03,2.013777382671833038e-02,-3.792851930484175682e-03,8.973174728453159332e-03,2.914985083043575287e-02,2.542831748723983765e-02,-2.354810014367103577e-02,-1.014668960124254227e-03,2.341843023896217346e-02,3.113704500719904900e-03,1.985574141144752502e-03,-4.253181163221597672e-03,3.165572648867964745e-03,-3.146121976897120476e-03,2.431315369904041290e-02,2.013129182159900665e-03,-3.405138105154037476e-02,1.370613463222980499e-02,5.513574928045272827e-02,-3.122457303106784821e-02,1.980063132941722870e-02,1.995299477130174637e-03,2.524677850306034088e-02,5.952670471742749214e-04,-1.386173907667398453e-02,-1.744063571095466614e-02,-4.690817557275295258e-03,2.003403753042221069e-02,2.562282234430313110e-02,-1.137207262217998505e-02,1.511953957378864288e-02,2.428722009062767029e-02,-6.156090646982192993e-03,-1.981359906494617462e-02,3.292001085355877876e-03,3.322149440646171570e-02,-1.462679263204336166e-02,-3.457006067037582397e-02,-2.330172620713710785e-02,-6.049112416803836823e-03,6.071805022656917572e-03,1.531404536217451096e-02,1.613096706569194794e-02,2.718210453167557716e-03,1.133317127823829651e-02,-2.129183895885944366e-02,3.896587993949651718e-03,-1.657184585928916931e-02,4.058675840497016907e-02,-9.816030040383338928e-03,1.597536355257034302e-02,1.867250166833400726e-02,1.141097303479909897e-02,7.287462707608938217e-03,5.559607874602079391e-03,-1.223437860608100891e-02,-2.673798613250255585e-02,-2.143447659909725189e-02,-1.043844688683748245e-02,1.119701750576496124e-02,3.796093631535768509e-03,-1.159251108765602112e-02,-4.273928329348564148e-02,-2.170678414404392242e-02,8.091417141258716583e-03,-5.844882223755121231e-03,-8.778668940067291260e-03,1.064591947942972183e-02,7.546802982687950134e-03,-1.480833161622285843e-02,4.476862028241157532e-03,3.065402433276176453e-02,-1.226679608225822449e-02,-1.113218255341053009e-02,-9.725261479616165161e-03,-1.669503166340291500e-03,1.327173970639705658e-02,-6.042629014700651169e-03,-8.441526442766189575e-03,-1.014668960124254227e-02,1.200097240507602692e-02,-4.104060120880603790e-03,-2.455952577292919159e-02,4.717400297522544861e-02,2.183645404875278473e-02,1.277899369597434998e-02,-1.293459720909595490e-02,-3.822027705609798431e-03,-1.318745408207178116e-02,1.805008575320243835e-02,4.914498887956142426e-03,-3.844720078632235527e-03,-5.871464312076568604e-02,-2.153821289539337158e-02,-1.894805114716291428e-03,5.303509067744016647e-03,-8.584164083003997803e-03,1.028284337371587753e-02,3.225544933229684830e-03,1.951535791158676147e-02,-3.139638574793934822e-03,5.951859988272190094e-03,7.930140127427875996e-04,-4.104060120880603790e-03,2.296458370983600616e-02,-7.553286384791135788e-03,9.128778241574764252e-03,2.293865010142326355e-02,4.065159242600202560e-03,2.883864194154739380e-02,2.465029619634151459e-02,-2.267931029200553894e-02,3.809709101915359497e-02,-2.569089876487851143e-03,1.836129277944564819e-02,-2.599886618554592133e-02,-1.362833287566900253e-02,-1.247426867485046387e-02,3.010940924286842346e-02,-3.838236443698406219e-03,-6.182024255394935608e-03,-4.984520748257637024e-02,-1.368020102381706238e-02,-2.988897031173110008e-03,7.819110527634620667e-03,2.759380824863910675e-02,7.883945479989051819e-03,9.822513908147811890e-03,1.959316059947013855e-02,-7.248561363667249680e-03,4.301807377487421036e-03,-2.663424983620643616e-02,3.397357836365699768e-02,-2.810600446537137032e-03,-2.168084867298603058e-02,2.977550961077213287e-03,-6.736364215612411499e-03,-8.285922929644584656e-03,3.306588903069496155e-02,-3.909555263817310333e-03,7.663506083190441132e-03,-8.629548363387584686e-03,-2.103249914944171906e-02,2.961666323244571686e-02,1.304481737315654755e-02,-5.092795006930828094e-03,-1.047086436301469803e-02,-1.412107981741428375e-02,9.182267822325229645e-04,-1.856876537203788757e-02,7.922845892608165741e-03,3.646324574947357178e-02,5.796255543828010559e-03,-9.485371410846710205e-03,-2.190128900110721588e-02,3.009968437254428864e-03,2.997973933815956116e-02,1.701272465288639069e-02,-1.324580609798431396e-02,1.618283428251743317e-02,-2.641380950808525085e-02,2.620633691549301147e-02,-1.644217595458030701e-02,-9.028284111991524696e-04,1.750547066330909729e-02,-2.324985899031162262e-02,2.395007759332656860e-02,3.125050663948059082e-02,-6.781748961657285690e-03,3.980873525142669678e-02,8.869438432157039642e-03,5.977794062346220016e-03,1.036064513027667999e-02,1.049679890275001526e-02,3.490720316767692566e-02,-1.590080210007727146e-03,1.413404662162065506e-02,-2.326282486319541931e-02,-1.491206698119640350e-02,-8.331307210028171539e-03,-2.261447533965110779e-02,-1.746656931936740875e-02,1.431558467447757721e-02,1.159899495542049408e-02,2.465029619634151459e-02,-5.274333525449037552e-03,-8.674933575093746185e-03,3.102358430624008179e-03,1.457492541521787643e-02,1.318097114562988281e-02,-1.278547663241624832e-02,-2.795688435435295105e-02,1.150174252688884735e-02,-8.033066056668758392e-03,-1.952143647940829396e-04,-3.132830932736396790e-02,-4.917092248797416687e-02,-2.514304220676422119e-02,-7.190209813416004181e-03,3.011589171364903450e-03,1.422481518238782883e-02,2.169381640851497650e-02,2.017667517066001892e-02,-1.425074972212314606e-02,-1.342086028307676315e-02,-7.054866873659193516e-04,3.306588903069496155e-02,-1.720722950994968414e-02,1.444525457918643951e-02,8.409108966588973999e-03,2.283491380512714386e-02,-9.809547103941440582e-03,-2.409271337091922760e-02,-9.222789667546749115e-04,3.713753074407577515e-02,1.640327391214668751e-03,5.031201988458633423e-03,3.225544933229684830e-04,2.881270833313465118e-02,-2.350919879972934723e-02,-5.005267914384603500e-03,-5.284058861434459686e-03,-1.070427056401968002e-02,-1.793338172137737274e-02,-3.834994742646813393e-03,-2.546721696853637695e-02,-3.405138105154037476e-02,2.300348505377769470e-02,8.007131516933441162e-03,1.989140175282955170e-02,6.104222498834133148e-03,-1.646810956299304962e-02,-1.811492070555686951e-02,1.811492070555686951e-02,8.910933136940002441e-02,-1.044493075460195541e-02,7.287462707608938217e-03,-2.379447221755981445e-03,-1.497690286487340927e-02,6.794715765863656998e-03,-1.501580327749252319e-02,-4.175378754734992981e-02,4.481724754441529512e-04,5.238674115389585495e-03,3.029418876394629478e-03,4.386093001812696457e-03,9.647459723055362701e-03,-2.372963726520538330e-02,1.664964668452739716e-02,2.226436510682106018e-02,-1.397844217717647552e-02,-1.474349666386842728e-02,1.150012132711708546e-03,-1.073668897151947021e-02,-2.440392225980758667e-02,6.052354350686073303e-03,-1.097009517252445221e-02,1.014668960124254227e-02,1.604668097570538521e-03,-1.492503471672534943e-02,2.933138795197010040e-02,4.030148312449455261e-02,-3.013210138306021690e-03,-2.140854112803936005e-02,-5.232190713286399841e-03,-1.179350074380636215e-02,8.091417141258716583e-03,6.256585009396076202e-03,-7.410649210214614868e-03,1.616986840963363647e-02,4.927465692162513733e-03,2.319798991084098816e-02,2.857605926692485809e-03,-1.511953957378864288e-02,3.379204124212265015e-02,3.690412640571594238e-02,1.041251327842473984e-02,-9.569657035171985626e-03,-2.098063006997108459e-02,-4.946916364133358002e-03,-9.556690230965614319e-03,1.362833287566900253e-02,-1.141097303479909897e-02,-2.493556961417198181e-02,2.308128774166107178e-02,-2.654996467754244804e-03,-1.615690067410469055e-02,-4.079423099756240845e-02,1.618283428251743317e-02,-9.965151548385620117e-03,-3.851203480735421181e-03,1.505470462143421173e-02,-1.275954302400350571e-02,4.849663469940423965e-03,-2.620633691549301147e-02,-1.374503597617149353e-02,6.678012665361166000e-03,-2.610260061919689178e-02,6.240376271307468414e-03,-1.216954365372657776e-02,-3.265094384551048279e-02,-2.925682929344475269e-04,-1.919118314981460571e-02,2.210876159369945526e-02,-2.598589845001697540e-02,-2.640408463776111603e-03,-1.666261465288698673e-03,6.363562773913145065e-03,1.240294985473155975e-02,3.016127645969390869e-02,2.060458622872829437e-02,-1.782964542508125305e-02,2.278304472565650940e-02,2.633600868284702301e-02,-9.277899749577045441e-03,-3.122457303106784821e-02,-8.396142162382602692e-03,-1.093119382858276367e-02,-2.922765165567398071e-02,2.546721696853637695e-02,6.029662210494279861e-03,7.079990115016698837e-03,-3.781181573867797852e-02,-6.136639975011348724e-03,-2.164194919168949127e-02,-8.480427786707878113e-03,-4.544938914477825165e-03,-6.451089866459369659e-03,-2.304886933416128159e-03,8.208120241761207581e-03,1.377097051590681076e-02,-1.750547066330909729e-02,-1.626063697040081024e-02,4.804279189556837082e-03,5.494772456586360931e-03,-5.459113512188196182e-03,-2.528568031266331673e-03,4.188345745205879211e-03,2.720479853451251984e-02,8.091417141258716583e-03,-3.750709118321537971e-03,2.863116934895515442e-02,5.254882853478193283e-03,-1.784585416316986084e-03,1.758327335119247437e-02,-3.086149692535400391e-02,5.186805967241525650e-03,-1.382283773273229599e-02,-1.139800623059272766e-02,2.883864194154739380e-02,-2.041008137166500092e-02,2.966204658150672913e-03,1.167031354270875454e-03,2.103249914944171906e-02,9.991085156798362732e-03,-2.515600994229316711e-02,3.866763785481452942e-02,9.089877828955650330e-03,-1.219547819346189499e-02,-9.381635114550590515e-03,-1.043844688683748245e-02,-2.271820977330207825e-02,2.361293509602546692e-02,-5.974552128463983536e-03,-1.115811616182327271e-02,1.852986402809619904e-02,2.704919315874576569e-02,-5.805980879813432693e-03,-1.559931878000497818e-02,1.061350200325250626e-02,-9.997569024562835693e-03,2.623227238655090332e-02,-3.200259432196617126e-02,8.869438432157039642e-03,6.652078591287136078e-03,3.666423493996262550e-03,-2.330172620713710785e-02,-3.075776062905788422e-02,-4.061917308717966080e-03,-4.336169734597206116e-02,9.524272754788398743e-03,-6.146365310996770859e-03,1.031526084989309311e-02,3.246940672397613525e-02,-1.203338988125324249e-02,-2.231623232364654541e-02,-2.017667517066001892e-02,6.253343075513839722e-03,9.945700876414775848e-03,-2.362590096890926361e-02,-3.490720316767692566e-02,-3.669665195047855377e-03,8.143285289406776428e-03,2.699732594192028046e-02,3.062809072434902191e-02,-1.331712491810321808e-02,1.723316311836242676e-02,1.150174252688884735e-02,-4.512521438300609589e-03,-5.284058861434459686e-03,-2.103898208588361740e-03,-3.063457319512963295e-03,-4.603290557861328125e-02,4.904125258326530457e-02,2.356106601655483246e-02,2.787908166646957397e-02,5.666585639119148254e-03,3.235270269215106964e-03,1.058108452707529068e-02,4.318016022443771362e-02,-2.435205504298210144e-02,-1.906151138246059418e-02,-1.210470870137214661e-02,-3.610017150640487671e-02,9.900315664708614349e-03,-1.941162161529064178e-02,8.947240188717842102e-03,-4.074884578585624695e-03,-3.750709118321537971e-03,-3.086149692535400391e-02,2.720479853451251984e-02,-8.538779802620410919e-03,-4.392576403915882111e-03,-3.497852245345711708e-03,1.677931845188140869e-02,-3.887511044740676880e-02,1.633843965828418732e-02,-6.678012665361166000e-03,2.496150322258472443e-03,7.520868675783276558e-04,5.365102551877498627e-03,2.612853609025478363e-02,2.442661439999938011e-03,9.491855278611183167e-03,2.191425487399101257e-02,-1.123591884970664978e-02,-4.058675840497016907e-03,-1.976173184812068939e-02,-2.452062629163265228e-02,1.528811082243919373e-02,-2.305535227060317993e-02,2.588540315628051758e-03,2.379447221755981445e-02,-1.900964416563510895e-02,-1.475646346807479858e-02,-1.134613808244466782e-02,-1.282437797635793686e-02,-3.410324826836585999e-02,1.008185464888811111e-02,9.206580929458141327e-03,-3.555555641651153564e-02,2.306832000613212585e-02,-1.668854802846908569e-02,-2.229029871523380280e-02,-6.263068411499261856e-03,2.063376363366842270e-03,1.812788657844066620e-02,-1.285679545253515244e-02,2.523381076753139496e-02,1.851689815521240234e-02,-1.943431445397436619e-03,-1.120998430997133255e-02,6.762298289686441422e-03,-2.353513147681951523e-03,-9.284382686018943787e-03,-2.095469646155834198e-02,2.300348505377769470e-02,1.632547192275524139e-02,-2.257881453260779381e-03,-1.812788657844066620e-02,-1.297998242080211639e-02,-3.542588651180267334e-02,-1.890590786933898926e-02,5.173839163035154343e-03,-9.277899749577045441e-03,-1.736283302307128906e-02,1.983953407034277916e-03,-1.277899369597434998e-02,6.657752091996371746e-04,-3.173677017912268639e-03,2.747386228293180466e-03,1.449712272733449936e-02,-1.263635605573654175e-02,-1.806305162608623505e-02,-3.254720708355307579e-03,-8.875922299921512604e-03,-7.397681940346956253e-03,1.535294577479362488e-02,1.162492949515581131e-02,-3.455709433183073997e-03,-8.519329130649566650e-03,-3.192479163408279419e-02,-2.886457554996013641e-02,7.507901638746261597e-03,-6.645595189183950424e-03,2.336656115949153900e-02,-7.799659390002489090e-03,-1.335602533072233200e-02,8.512845262885093689e-03,-2.251073904335498810e-02,-1.395250856876373291e-02,1.415835926309227943e-03,2.137531409971415997e-04,2.681578695774078369e-02,1.661074720323085785e-02,1.614393293857574463e-02,-3.614555578678846359e-03,3.866763785481452942e-02,1.540481392294168472e-02,-5.711970385164022446e-03,1.004943717271089554e-02,-5.744387861341238022e-03,-2.581732720136642456e-02,-2.883864194154739380e-02,2.579139359295368195e-02,-1.186481863260269165e-02,7.164275739341974258e-03,1.050976570695638657e-02,-1.537888031452894211e-02,-2.453359216451644897e-02,4.742685705423355103e-03,2.227084944024682045e-03,3.669665381312370300e-02,5.057136062532663345e-03,-1.028284337371587753e-02,7.287462707608938217e-03,-1.849096268415451050e-02,2.238106727600097656e-02,7.287462707608938217e-03,-4.431477282196283340e-03,1.039954647421836853e-02,3.005754202604293823e-02,-3.944566100835800171e-02,2.826809324324131012e-02,-8.383175358176231384e-03,6.750952452421188354e-04,-2.816435694694519043e-02,2.284788154065608978e-02,-5.960774724371731281e-04,2.658238168805837631e-03,-4.613015800714492798e-03,-2.392414258792996407e-03,-2.580435946583747864e-02,2.816435694694519043e-02,4.470378626137971878e-03,2.992787025868892670e-02,2.143447659909725189e-02,-1.847799681127071381e-02,9.861415252089500427e-03,8.441526442766189575e-03,1.725909672677516937e-02,-3.099116683006286621e-02,-4.253181070089340210e-02,1.779074408113956451e-02,9.295729105360805988e-04,-2.901369705796241760e-03,9.666909463703632355e-03,-3.931599110364913940e-02,1.051624957472085953e-02,2.111029997467994690e-02,8.409108966588973999e-03,1.191020384430885315e-02,6.678012665361166000e-03,1.039306260645389557e-02,-1.061350200325250626e-02,-3.702082904055714607e-03,-1.932085305452346802e-02,-1.875354559160768986e-03,9.796580299735069275e-03,-1.884107291698455811e-02,-1.166382990777492523e-02,-3.971148282289505005e-03,9.245481342077255249e-03,-2.873490564525127411e-02,3.967906814068555832e-03,-8.752735448069870472e-04,1.343706971965730190e-03,-2.179755270481109619e-02,-1.486019976437091827e-02,1.716832816600799561e-02,-3.501094179227948189e-03,-1.024394202977418900e-02,-1.150822639465332031e-02,-1.655887812376022339e-02,-6.989221088588237762e-03,3.202852606773376465e-02,3.407083218917250633e-03,-1.760920695960521698e-02,1.072372123599052429e-02,-6.853067316114902496e-03,-3.799335286021232605e-02,-1.934678666293621063e-02,-2.747386228293180466e-03,-1.086635887622833252e-02,3.059405134990811348e-04,3.582137869670987129e-03,2.510414086282253265e-02,1.451008953154087067e-02,7.728341035544872284e-03,-1.916524767875671387e-02,-3.612610325217247009e-02,-1.167031377553939819e-02,2.435205504298210144e-02,-1.270767534151673317e-03,-8.979657664895057678e-03,1.041899621486663818e-02,-3.622984141111373901e-02,-1.596239581704139709e-02,1.780371181666851044e-02,-2.363886870443820953e-02,7.520868908613920212e-03,1.153416000306606293e-02,7.689440157264471054e-03,-7.261528633534908295e-03,-3.519247844815254211e-02,-1.925601740367710590e-03,-2.304238639771938324e-02,-1.115163322538137436e-03,1.150174252688884735e-02,-6.596968974918127060e-03,1.318745408207178116e-02,1.285031158477067947e-02,3.945214208215475082e-03,-2.455952577292919159e-02,5.387794692069292068e-03,8.091417141258716583e-03,-1.531404536217451096e-02,1.577113172970712185e-03,-2.348326519131660461e-02,-6.528892088681459427e-03,1.480833161622285843e-02,1.593646220862865448e-02,2.844963036477565765e-02,8.363724686205387115e-03,-9.751195088028907776e-03,1.732393167912960052e-02,-1.281789410859346390e-02,-3.874544054269790649e-02,-4.852905403822660446e-03,2.051381766796112061e-02,-4.771861713379621506e-03,-1.939865387976169586e-02,-3.984115552157163620e-03,-1.651997677981853485e-02,-1.421184837818145752e-02,7.469000760465860367e-03,1.480670995078980923e-03,-2.384634129703044891e-02,2.529864571988582611e-02,-2.544128336012363434e-02,-8.566334145143628120e-04,-3.693005815148353577e-02,2.844963036477565765e-02,1.758327335119247437e-02,-3.244347125291824341e-02,8.415592834353446960e-03,1.653294451534748077e-02,6.224167067557573318e-03,-9.913283400237560272e-03,-2.490963600575923920e-02,2.102277241647243500e-03,-3.112083533778786659e-03,-1.011427212506532669e-02,4.966367036104202271e-03,5.468838848173618317e-03,-9.874382056295871735e-03,-2.226436510682106018e-02,1.028932631015777588e-02,-3.524434566497802734e-02,-7.118891458958387375e-03,1.863100677728652954e-01,8.035497157834470272e-04,-1.162492949515581131e-02,5.378717929124832153e-02,1.549558341503143311e-02,-1.453602407127618790e-02,8.175702765583992004e-03,2.461139485239982605e-02,-7.456033490598201752e-03,1.672744937241077423e-02,-3.195072710514068604e-02,-8.448010310530662537e-03,-6.788232363760471344e-03,-6.236577064555604011e-06,1.335602533072233200e-02,-4.154631495475769043e-02,-2.028041146695613861e-02,-2.287381514906883240e-02,-8.713833987712860107e-03,-2.384634129703044891e-02,5.556365940719842911e-03,8.538779802620410919e-03,-6.467298604547977448e-03,-3.952346369624137878e-02,2.171975001692771912e-02,2.222546376287937164e-02,2.291514683747664094e-04,5.066861398518085480e-03,1.607909798622131348e-02,9.303833357989788055e-03,-1.624766923487186432e-02,-2.694707945920526981e-04,7.585703860968351364e-03,1.237701624631881714e-02,-5.232190713286399841e-03,-1.966123702004551888e-03,1.497690286487340927e-02,1.967744436115026474e-03,7.047572638839483261e-03,-1.114514935761690140e-02,1.355053111910820007e-02,-1.972607104107737541e-03,9.394602850079536438e-03,-2.431315369904041290e-03,-3.601588541641831398e-03,1.714239455759525299e-02,-2.522084396332502365e-03,-3.252127394080162048e-02,4.204554483294487000e-03,1.803711801767349243e-02,-1.051624957472085953e-02,1.795931532979011536e-02,3.708566352725028992e-02,2.109733410179615021e-02,3.225544933229684830e-03,2.243293635547161102e-02,2.570710843428969383e-03,1.495096832513809204e-02,-1.646810956299304962e-02,1.711645908653736115e-02,-3.020909207407385111e-04,2.435205504298210144e-02,-3.752330085262656212e-04,5.300915613770484924e-02,1.487154513597488403e-03,2.380743995308876038e-02,-2.567468956112861633e-02,-2.610260061919689178e-02,5.682794377207756042e-03,8.901855908334255219e-03,-1.578085683286190033e-02,-2.280898019671440125e-02,1.379690412431955338e-02,2.063052169978618622e-02,7.579220458865165710e-03,8.188670501112937927e-03,3.309830557554960251e-03,1.649404317140579224e-02,1.682470203377306461e-03,2.418348379433155060e-02,3.951698075979948044e-03,-8.266472257673740387e-03,8.298889733850955963e-03,3.643731400370597839e-02,1.833211746998131275e-03,-1.495258882641792297e-03,3.581489622592926025e-02,-5.308371619321405888e-04,-8.809465798549354076e-04,3.866763785481452942e-02,1.315503660589456558e-02,-6.334386765956878662e-03,2.206418721470981836e-04,-3.469973430037498474e-02,-2.415754832327365875e-02,-7.404165808111429214e-03,1.738876663148403168e-02,1.167031377553939819e-02,-5.040927324444055557e-03,-6.833617109805345535e-03,-9.414052590727806091e-03,1.332158135483041406e-04,2.085096016526222229e-02,1.719426177442073822e-02,-6.587243638932704926e-03,-7.015155162662267685e-03,6.684496533125638962e-03,3.179512172937393188e-02,7.378231734037399292e-03,-3.949752822518348694e-02,7.553286384791135788e-03,-9.141745977103710175e-03,1.290217973291873932e-03,4.337466787546873093e-03,1.251316978596150875e-03,-3.744225716218352318e-03,-7.105924189090728760e-03,-1.942458935081958771e-02,-1.635140553116798401e-02,9.388118982315063477e-03,-2.176837762817740440e-03,-2.537644840776920319e-02,-7.903396151959896088e-03,7.203177083283662796e-03,-3.884026373270899057e-04,-1.650701090693473816e-02,-1.999513804912567139e-02,9.725261479616165161e-03,1.711645908653736115e-02,-3.086149692535400391e-02,2.209579385817050934e-02,-2.068238891661167145e-02,-1.349866297096014023e-02,2.618040330708026886e-02,2.717886306345462799e-02,1.513250637799501419e-02,-1.362347044050693512e-03,-2.498743869364261627e-02,-5.225707311183214188e-03,7.469000760465860367e-03,-2.226436510682106018e-02,1.085987500846385956e-02,-2.385930856689810753e-03,1.131372060626745224e-02,-2.583677880465984344e-03,-1.989140175282955170e-02,5.805980879813432693e-03,3.556203795596957207e-03,1.213712617754936218e-02,-1.051624957472085953e-02,-3.303995355963706970e-02,-6.989221088588237762e-03,1.789448037743568420e-02,-1.817975565791130066e-02,3.923818841576576233e-02,-1.299943309277296066e-02,-2.645271085202693939e-02,-8.837020955979824066e-03,3.547775372862815857e-02,1.148391282185912132e-03,-4.315422475337982178e-02,2.392414212226867676e-02,1.847799681127071381e-02,-3.847961779683828354e-03,-8.493394590914249420e-03,-3.497852245345711708e-03,-1.625545024871826172e-01,2.329200040549039841e-03,2.567468956112861633e-02,1.235918607562780380e-03,2.035821415483951569e-02,2.984034363180398941e-03,1.894480921328067780e-02,-9.895453695207834244e-04,1.409514527767896652e-02,-4.405543208122253418e-03,1.263473532162606716e-03,-1.633843965828418732e-02,-7.773725781589746475e-03,7.800469757057726383e-05,1.357646472752094269e-02,-1.811492070555686951e-02,-2.401491254568099976e-02,1.263473532162606716e-03,1.240294985473155975e-02,1.237701624631881714e-02,7.948780432343482971e-03,1.082097459584474564e-02,-8.156252093613147736e-03,3.394116181880235672e-03,-3.191506490111351013e-03,3.423291817307472229e-02,-1.144339051097631454e-02,1.977469772100448608e-02,-1.231218129396438599e-02,-1.510657276958227158e-02,-1.683118566870689392e-02,3.967906534671783447e-02,4.807520657777786255e-03,-2.196612395346164703e-02,-1.860766671597957611e-03,3.478401806205511093e-03,-4.305049031972885132e-02,-8.999108336865901947e-03,5.506929010152816772e-04,2.157711237668991089e-02,8.636032231152057648e-03,5.053083878010511398e-04,1.548261567950248718e-02,4.168895538896322250e-03,2.611637755762785673e-04,2.826809324324131012e-02,-1.965799555182456970e-02,1.317448727786540985e-02,5.488289054483175278e-03,-2.388524264097213745e-02,-3.588621504604816437e-03,-1.537888031452894211e-02,-2.000810392200946808e-02,6.139881443232297897e-03,1.091174315661191940e-02,6.143123377114534378e-03,-1.207877416163682938e-02,7.346624624915421009e-04,-1.220196112990379333e-02,1.192154944874346256e-03,-2.353513240814208984e-02,-6.317367660813033581e-04,2.130480669438838959e-02,-7.449550088495016098e-03,-1.518437452614307404e-02,-3.036874905228614807e-02,-3.280654922127723694e-02,-1.558473100885748863e-03,-5.116784200072288513e-02,1.566415466368198395e-02,7.131858263164758682e-03,-2.127887122333049774e-02,2.269227616488933563e-02,-3.550368919968605042e-02,5.005267914384603500e-03,1.474349666386842728e-02,-9.816030040383338928e-03,3.783775120973587036e-02,1.466569397598505020e-02,8.136042197293136269e-06,-1.855579949915409088e-02,3.119863756000995636e-02,-1.707755960524082184e-02,8.078450337052345276e-03,-1.172218192368745804e-02,2.764567546546459198e-02,-1.962882000952959061e-03,-9.770645759999752045e-03,-3.543236991390585899e-03,5.887025035917758942e-03,2.899424545466899872e-02,-2.899424545466899872e-02,-1.302536670118570328e-02,-2.649161219596862793e-02,2.352216467261314392e-02,1.648107543587684631e-02,-6.833617109805345535e-03,-2.226436510682106018e-02,8.882405236363410950e-03,-3.156171366572380066e-02,2.812221413478255272e-03,-3.527028113603591919e-02,-2.554501965641975403e-02,5.903233774006366730e-03,4.193532839417457581e-02,-1.488613337278366089e-02,1.616986840963363647e-02,5.199773237109184265e-03,2.663424983620643616e-02,-1.560094067826867104e-03,-6.327903363853693008e-03,-8.409108966588973999e-03,4.155928269028663635e-03,2.779803937301039696e-03,-2.556122839450836182e-03,2.894237823784351349e-02,3.494610544294118881e-03,3.799335332587361336e-03,2.140854112803936005e-02,9.031525813043117523e-03,5.612124130129814148e-02,2.381068188697099686e-03,-1.014020573347806931e-02,-1.119701750576496124e-02,-1.618283428251743317e-02,-1.744063571095466614e-02,-1.064332574605941772e-01,-8.849987760186195374e-03,1.066537015140056610e-02,3.384390845894813538e-02,-1.424750778824090958e-03,1.663668081164360046e-02,6.185266189277172089e-03,-1.152119319885969162e-02,8.221087977290153503e-03,5.232190713286399841e-03,-1.671448163688182831e-02,-1.334305852651596069e-02,-7.092957384884357452e-03,-1.639030687510967255e-02,7.092957384884357452e-03,-2.685792976990342140e-03,-1.391360722482204437e-02,-1.994326896965503693e-02,-1.087932568043470383e-02,2.834589593112468719e-02,-8.225950296036899090e-04,-1.506767142564058304e-02,-5.994002800434827805e-03,-3.202852606773376465e-02,-1.298646535724401474e-02,8.130318485200405121e-03,-2.598589845001697540e-02,1.395250856876373291e-02,1.524920947849750519e-02,8.221087977290153503e-03,-2.825188450515270233e-03,5.818948149681091309e-03,7.663506083190441132e-03,-2.134694950655102730e-03,-1.816678792238235474e-02,-1.805008575320243835e-02,-4.758894443511962891e-02,-1.887997426092624664e-02,3.773401305079460144e-02,-8.564713411033153534e-03,2.920820144936442375e-03,1.675338298082351685e-02,-1.115811616182327271e-02,1.471756212413311005e-02,1.356349792331457138e-02,-1.252613682299852371e-02,-1.500283647328615189e-02,1.130075380206108093e-02,8.305373601615428925e-03,-9.660426527261734009e-03,-2.235513366758823395e-02,-2.043601498007774353e-02,-1.692195422947406769e-02,-1.772590912878513336e-02,1.224734541028738022e-02,-1.200097240507602692e-02,1.807601936161518097e-02,-3.546478692442178726e-03,-8.882405236363410950e-03,1.666261442005634308e-02,-1.355053111910820007e-02,-1.227327995002269745e-02,2.729556756094098091e-03,3.145797923207283020e-02,1.444525457918643951e-02,-2.496150508522987366e-02,-1.212415937334299088e-02,4.969608504325151443e-03,2.492260374128818512e-02,-1.046438142657279968e-02,1.045141462236642838e-02,-9.777129627764225006e-03,8.778668940067291260e-03,4.385444521903991699e-02,-2.349623106420040131e-02,2.266695082653313875e-05,3.246616339311003685e-03,-1.954777631908655167e-03,1.151470933109521866e-02,-4.100170359015464783e-02,-1.020504068583250046e-02,-3.039468266069889069e-02,1.262987311929464340e-02,-1.618283428251743317e-02,2.065645530819892883e-02,-3.542588651180267334e-02,3.055028803646564484e-02,7.566253188997507095e-03,-8.460977114737033844e-03,-3.272874653339385986e-02,-7.280978839844465256e-03,2.232920005917549133e-02,3.895291313529014587e-02,-4.564389213919639587e-02,-2.209579385817050934e-02,-1.213712617754936218e-02,-1.556041766889393330e-03,-9.841964580118656158e-03,1.863360032439231873e-02,1.163141243159770966e-02,-3.298808634281158447e-02,-9.816030040383338928e-03,-4.618850722908973694e-02,2.126590535044670105e-02,-7.151308935135602951e-03,-4.862630739808082581e-03,2.203095890581607819e-02,-1.775184459984302521e-02,5.546640604734420776e-03,-1.784585416316986084e-03,-8.272956125438213348e-03,1.827052421867847443e-02,-6.561309564858675003e-03,2.108436636626720428e-02,-6.295485887676477432e-03,2.421590033918619156e-03,-5.410487297922372818e-03,1.594132394529879093e-03,-9.038009680807590485e-03,5.459113512188196182e-03,1.209174189716577530e-02,5.546640604734420776e-03,1.410811208188533783e-02,-1.019855774939060211e-02,8.143285289406776428e-03,2.323689125478267670e-02,-1.203338988125324249e-02,1.406921166926622391e-02,7.644055411219596863e-03,-2.027716953307390213e-03,1.406921166926622391e-02,-3.326039295643568039e-03,1.368020102381706238e-02,-1.513250637799501419e-02,5.203014588914811611e-04,-2.097414806485176086e-03,6.042629014700651169e-03,-2.509117498993873596e-02,-3.439500695094466209e-03,1.593646220862865448e-02,2.557095326483249664e-02,4.333576560020446777e-02,-1.056811772286891937e-02,-2.767161093652248383e-02,2.389820851385593414e-02,5.141421686857938766e-03,6.331145297735929489e-03,-4.694059491157531738e-03,-1.776481047272682190e-02,1.202690694481134415e-02,2.247183769941329956e-02,1.190371997654438019e-02,1.930788531899452209e-02,2.251073904335498810e-02,2.377826487645506859e-03,-4.729718901216983795e-03,-4.985817242413759232e-03,-2.642677724361419678e-02,2.375557087361812592e-02,-2.562282234430313110e-02,-1.394764520227909088e-03,-2.465029619634151459e-02,2.218656241893768311e-02,3.467379882931709290e-02,5.841640289872884750e-03,-3.104303404688835144e-02,1.227327995002269745e-02,-8.843503892421722412e-03,-1.403031032532453537e-02,1.645190059207379818e-04,-1.483912812545895576e-03,-1.475646346807479858e-02,-2.008590660989284515e-02,2.516897581517696381e-02,1.449712272733449936e-02,1.431558467447757721e-02,-1.163141243159770966e-02,-4.269389901310205460e-03,-4.152686800807714462e-03,-2.408622996881604195e-03,-1.274009235203266144e-02,-1.096361130475997925e-02,8.584164083003997803e-03,1.384877227246761322e-02,-2.104546502232551575e-02,3.944566100835800171e-02,-7.060539908707141876e-03,1.035416126251220703e-02,-2.007293887436389923e-02,-2.601183205842971802e-02,2.668611705303192139e-02,-1.227976288646459579e-02,3.444363537710160017e-04,1.305778417736291885e-02,2.806062065064907074e-02,-3.438852354884147644e-02,-1.635464839637279510e-03,1.238349918276071548e-02,-4.810762591660022736e-03,-1.598832942545413971e-02,7.526946865255013108e-05,4.256422631442546844e-03,-1.847799681127071381e-02,-2.292568236589431763e-02,9.744712151587009430e-03,-1.065888628363609314e-02,-1.860766671597957611e-02,5.945376586169004440e-03,-2.953886054456233978e-02,-3.327336162328720093e-02,-3.752654045820236206e-02,1.983953267335891724e-02,-1.115163322538137436e-02,-2.979171695187687874e-03,5.935651250183582306e-03,8.078450337052345276e-03,2.757111564278602600e-03,1.930464408360421658e-03,-1.316152047365903854e-03,-9.498338215053081512e-03,-1.273360848426818848e-02,4.802982509136199951e-02,2.139557525515556335e-02,4.515114799141883850e-02,1.167679671198129654e-02,-9.206580929458141327e-03,1.928195171058177948e-02,1.606613211333751678e-02,8.921306580305099487e-03,-2.787908166646957397e-02,-5.180322565138339996e-03,-8.169219829142093658e-03,2.829402685165405273e-02,-8.020099252462387085e-03,-5.746981129050254822e-02,3.426533658057451248e-03,-1.043196395039558411e-02,-4.437961149960756302e-03,2.505875658243894577e-03,4.245400801301002502e-02,-1.104141306132078171e-02,3.980873525142669678e-02,1.030229311436414719e-02,-1.646810956299304962e-02,-2.012480795383453369e-02,2.964259684085845947e-02,3.739687055349349976e-02,4.006807692348957062e-03,4.211038351058959961e-03,-6.904935464262962341e-03,-1.528811082243919373e-02,1.431558467447757721e-02,-2.328875847160816193e-02,1.132668741047382355e-02,3.100737463682889938e-03,-2.920171804726123810e-02,-2.476699883118271828e-03,-8.409108966588973999e-03,-4.668125417083501816e-03,-4.191587679088115692e-03,2.287057228386402130e-03,1.251317001879215240e-02,-5.828673485666513443e-03,-4.788070451468229294e-03,-1.339492667466402054e-02,1.348569616675376892e-02,2.238431014120578766e-03,1.720722950994968414e-02,2.731177664827555418e-04,-4.950157832354307175e-03,-2.987600304186344147e-02,4.869114141911268234e-03,1.828349195420742035e-02,-1.649404317140579224e-02,-2.878677286207675934e-02,-1.567712053656578064e-02,-5.034443456679582596e-03,4.470378626137971878e-03,-2.449469082057476044e-02,1.816678792238235474e-02,3.830456361174583435e-02,-1.604019850492477417e-02,-5.261366255581378937e-03,-2.169381640851497650e-02,-9.096360765397548676e-03,3.394764661788940430e-02,2.865710295736789703e-02,6.678012665361166000e-03,9.556690230965614319e-03,-1.926898397505283356e-02
-1.270013581961393356e-02,-1.247511990368366241e-02,-7.842449471354484558e-03,-2.048302209004759789e-03,-5.909963976591825485e-03,2.532085403800010681e-02,-4.585020244121551514e-02,-4.318310879170894623e-03,-1.549959182739257812e-02,-9.629337117075920105e-03,5.800765473395586014e-03,1.037056371569633484e-02,-7.134312763810157776e-03,-3.855043614748865366e-04,-3.289196174591779709e-03,9.530065581202507019e-03,1.023158431053161621e-02,-1.289867889136075974e-02,6.654500495642423630e-03,-1.747178658843040466e-02,-1.152211334556341171e-02,-1.381859462708234787e-02,-1.133680716156959534e-02,-1.587020605802536011e-02,-1.328914612531661987e-02,-1.295162364840507507e-02,1.041689049452543259e-02,-2.424872107803821564e-02,5.129028111696243286e-03,5.787529051303863525e-03,1.733942423015832901e-03,-1.463923882693052292e-02,-5.628694780170917511e-03,-6.373231299221515656e-03,-2.371927350759506226e-02,-9.986714459955692291e-03,-9.778244420886039734e-04,-9.417557157576084137e-03,4.066161066293716431e-02,5.704802926629781723e-03,-8.524114266037940979e-03,4.344783257693052292e-03,2.169413492083549500e-02,1.316340267658233643e-02,-2.198533155024051666e-02,1.722029782831668854e-02,-4.301765561103820801e-02,1.928514614701271057e-02,-1.171403843909502029e-02,2.263390459120273590e-02,2.497671172022819519e-02,-5.661785136908292770e-03,-6.115125026553869247e-03,2.280597575008869171e-02,-2.733275759965181351e-03,2.267361432313919067e-02,-7.273292634636163712e-03,3.358686110004782677e-03,-1.230304967612028122e-02,-1.915278472006320953e-02,-9.778244420886039734e-04,1.421568077057600021e-02,-8.213062770664691925e-03,8.457932621240615845e-03,-6.290504708886146545e-03,-1.961605064570903778e-02,-2.526790834963321686e-02,1.429509744048118591e-02,-1.709124539047479630e-03,-2.724010311067104340e-02,2.259419672191143036e-02,4.280587658286094666e-02,3.977478481829166412e-03,-1.389801129698753357e-02,-9.271958842873573303e-03,-2.652534842491149902e-02,-2.768020611256361008e-03,-1.434804219752550125e-02,-1.920572854578495026e-02,1.594135072082281113e-03,2.648563869297504425e-02,-4.228966310620307922e-03,-1.023820228874683380e-02,1.835861243307590485e-02,1.389801129698753357e-02,1.376564963720738888e-03,-1.329576503485441208e-02,2.007931843400001526e-02,5.512877833098173141e-03,-3.017853945493698120e-02,-1.134177087806165218e-03,7.339473813772201538e-03,1.538046635687351227e-02,7.180639542639255524e-03,-3.036384657025337219e-02,1.871598884463310242e-02,-3.782906383275985718e-02,5.122410133481025696e-02,-5.426842719316482544e-03,-1.947169366758316755e-04,-9.477120824158191681e-03,-5.383669758884934708e-06,1.957634277641773224e-02,-1.083383150398731232e-02,-1.620111055672168732e-02,-2.696214243769645691e-02,-7.763032335788011551e-03,-6.770316977053880692e-03,2.296480908989906311e-02,-3.677016869187355042e-02,-7.994665764272212982e-03,4.050277546048164368e-02,4.956957418471574783e-03,-4.344121366739273071e-02,6.795962108299136162e-04,-2.784896828234195709e-02,-4.296471178531646729e-02,-1.225672289729118347e-02,-3.409645706415176392e-02,-2.195885777473449707e-02,1.638641767203807831e-02,1.985430158674716949e-02,-3.797006002059788443e-06,-4.230289906263351440e-02,-5.453315097838640213e-03,9.238868951797485352e-03,-1.614816673099994659e-02,-9.814643301069736481e-03,-1.384506653994321823e-02,-1.304427720606327057e-02,4.704146087169647217e-02,-1.464254804886877537e-03,2.011902630329132080e-02,1.046983525156974792e-02,4.549944307655096054e-03,1.401713769882917404e-02,-1.551282871514558792e-02,-9.066797792911529541e-03,-5.718039348721504211e-03,7.624051999300718307e-03,1.029776502400636673e-02,2.293833717703819275e-02,-1.986753940582275391e-02,-8.696184493601322174e-03,2.346778474748134613e-02,2.160148136317729950e-02,9.536683559417724609e-03,9.960241615772247314e-03,-1.109855528920888901e-02,-1.416273601353168488e-02,-1.389801129698753357e-02,-1.053601689636707306e-02,2.608855441212654114e-02,-2.231623604893684387e-02,2.690919861197471619e-02,1.572460681200027466e-02,-1.337518170475959778e-02,1.849097386002540588e-02,-5.923200398683547974e-03,6.621409673243761063e-03,1.057572476565837860e-02,5.304407794028520584e-03,3.393762186169624329e-02,7.107840385288000107e-03,7.888776250183582306e-03,3.497004508972167969e-02,1.080074068158864975e-02,-9.920532815158367157e-03,-1.180007401853799820e-02,1.397246494889259338e-03,2.349425852298736572e-02,-5.188590846955776215e-03,-3.031090274453163147e-02,1.455982215702533722e-02,-1.547311991453170776e-02,2.811369299888610840e-02,8.590294979512691498e-03,8.636621758341789246e-03,-2.517525479197502136e-02,5.675021559000015259e-03,-3.467884659767150879e-02,-5.370588973164558411e-03,3.510240837931632996e-02,4.029099643230438232e-02,-4.185948986560106277e-03,5.141437286511063576e-04,-4.707124317064881325e-04,2.272655814886093140e-02,1.254130154848098755e-02,9.976787259802222252e-04,2.645916678011417389e-02,5.913272965699434280e-03,-8.352043107151985168e-03,-1.221039611846208572e-02,-6.239016056060791016e-01,6.320286076515913010e-03,-3.494357224553823471e-03,-1.884835027158260345e-02,6.631337106227874756e-03,1.749825850129127502e-02,1.790858060121536255e-02,4.635979421436786652e-03,-2.205151133239269257e-02,4.513544961810112000e-03,-5.450006108731031418e-03,1.567166298627853394e-02,3.487739246338605881e-03,-2.066171169281005859e-02,4.530089907348155975e-03,-1.892776787281036377e-02,-1.986753940582275391e-02,-1.835861243307590485e-02,-2.156177163124084473e-02,-7.928485050797462463e-03,-9.066797792911529541e-03,9.973477572202682495e-03,1.284573413431644440e-02,1.895424164831638336e-02,1.129048038274049759e-02,2.373250946402549744e-02,-6.109334062784910202e-04,3.284232458099722862e-03,-2.326924167573451996e-02,9.417557157576084137e-03,-3.327581286430358887e-02,3.176688402891159058e-02,-4.695542622357606888e-03,1.966899633407592773e-02,4.428832978010177612e-02,-1.497014425694942474e-02,-2.060876600444316864e-02,9.450647979974746704e-03,7.260056678205728531e-03,2.275303006172180176e-02,-3.319639340043067932e-02,-3.478473797440528870e-02,1.458629406988620758e-02,-1.785563677549362183e-02,1.649561687372624874e-03,3.031090134754776955e-03,5.367279984056949615e-03,-5.079392343759536743e-03,1.723353378474712372e-02,9.543301537632942200e-03,1.269351784139871597e-02,-1.260748226195573807e-02,9.099888615310192108e-03,3.171394020318984985e-02,2.214416489005088806e-02,2.048964053392410278e-02,2.487082220613956451e-02,-2.399723418056964874e-02,-1.158829499036073685e-02,9.933769702911376953e-03,7.074749562889337540e-03,1.267366297543048859e-02,-1.618787460029125214e-02,4.245511721819639206e-03,-2.060876600444316864e-02,-9.616100229322910309e-03,-4.493690561503171921e-03,2.078083716332912445e-02,1.863657124340534210e-02,-7.736559957265853882e-03,-9.397703222930431366e-03,3.815335221588611603e-03,-1.720706187188625336e-02,-3.841807600110769272e-03,1.160814892500638962e-02,1.213759649544954300e-02,3.028442896902561188e-02,-1.760414801537990570e-02,5.714729893952608109e-03,9.887442924082279205e-03,8.537350222468376160e-03,2.964909188449382782e-03,-4.442069306969642639e-02,1.735596917569637299e-03,2.115144953131675720e-02,-3.166099265217781067e-02,-1.311045791953802109e-02,-9.252104908227920532e-03,6.915915291756391525e-03,-1.208837493322789669e-04,-1.311707589775323868e-02,3.661133348941802979e-02,2.389134466648101807e-02,-5.380515940487384796e-03,3.671722486615180969e-02,2.373250946402549744e-02,-2.651211246848106384e-02,-6.922533269971609116e-03,1.861009933054447174e-02,1.600753166712820530e-03,6.115125026553869247e-03,1.689270255155861378e-03,1.732618734240531921e-02,6.280577741563320160e-03,5.850401241332292557e-03,1.322296541184186935e-02,-2.026462554931640625e-02,1.522163208574056625e-02,1.452011335641145706e-02,-1.564519107341766357e-02,3.122088965028524399e-03,-1.724015222862362862e-03,2.373250946402549744e-02,-1.507603377103805542e-02,-2.133675664663314819e-02,-2.270008623600006104e-02,-4.289356584195047617e-04,1.788541791029274464e-03,2.226329036056995392e-02,-7.723323535174131393e-03,8.815309964120388031e-03,2.555910497903823853e-02,-4.351401235908269882e-03,-2.631356939673423767e-02,6.618100684136152267e-03,4.315001890063285828e-02,-8.007901720702648163e-03,-2.935789525508880615e-02,-2.930164104327559471e-03,-2.758920891210436821e-04,-2.898728242143988609e-03,3.594952449202537537e-02,2.837841585278511047e-02,-1.310383994132280350e-02,3.801437094807624817e-02,-7.425508927553892136e-03,1.564519107341766357e-02,-4.309707134962081909e-02,5.347425490617752075e-02,-2.943731285631656647e-02,7.061513606458902359e-03,1.011907588690519333e-02,-1.249497476965188980e-02,-1.745855063199996948e-02,6.025780923664569855e-03,-3.253458440303802490e-02,-3.340486437082290649e-03,-1.437451504170894623e-02,-1.207141578197479248e-02,2.010579034686088562e-02,1.726000756025314331e-02,1.441422384232282639e-02,-2.763718925416469574e-02,-6.399703677743673325e-03,1.342150848358869553e-02,-1.040365453809499741e-02,-1.111840922385454178e-02,2.979799872264266014e-03,-1.513063325546681881e-03,-2.594295423477888107e-03,9.563155472278594971e-03,1.149564143270254135e-02,-2.170737134292721748e-03,-1.171403843909502029e-02,-1.103237364441156387e-02,-1.185963675379753113e-02,-5.019829608500003815e-03,5.271317437291145325e-03,1.556908246129751205e-03,-2.571794018149375916e-02,-7.253438699990510941e-03,-6.858006818220019341e-04,-3.221691399812698364e-02,3.253458440303802490e-02,1.409655436873435974e-02,8.729275315999984741e-03,-9.576392360031604767e-03,6.694208830595016479e-03,-3.868279978632926941e-03,2.140293829143047333e-02,4.980120807886123657e-03,2.542674355208873749e-02,-4.902689158916473389e-02,-1.490396354347467422e-02,-8.345425128936767578e-03,3.795480821281671524e-03,-1.723353378474712372e-02,1.273322571069002151e-02,1.970539567992091179e-03,1.383183058351278305e-02,1.992048323154449463e-02,3.290850669145584106e-03,2.991381660103797913e-02,-1.581726036965847015e-02,2.753129974007606506e-02,1.493043545633554459e-02,4.262057133018970490e-03,-1.131033431738615036e-02,3.623410128057003021e-03,2.755777165293693542e-02,3.065504319965839386e-02,-1.917925663292407990e-02,1.945721730589866638e-02,-3.874897956848144531e-03,1.111840922385454178e-02,-3.809378668665885925e-02,4.937103018164634705e-03,-4.113149829208850861e-03,2.919906005263328552e-02,3.532411355990916491e-04,-2.025138819590210915e-03,-5.207121744751930237e-02,-1.432157028466463089e-02,4.123076796531677246e-03,7.763032335788011551e-03,6.039016880095005035e-03,9.609482251107692719e-03,5.615458358079195023e-03,-4.586343653500080109e-03,1.863657124340534210e-02,3.310704836621880531e-03,-2.296480908989906311e-02,1.445393264293670654e-02,-2.485096920281648636e-03,-2.663123793900012970e-02,2.101908810436725616e-02,-6.723990663886070251e-03,2.630436574690975249e-05,8.431460708379745483e-03,-1.814683340489864349e-02,1.150887738913297653e-02,-2.693566959351301193e-03,-8.199826814234256744e-03,2.443402819335460663e-02,5.850401241332292557e-03,1.773650990799069405e-03,9.470501914620399475e-03,-1.707470044493675232e-02,-1.613492891192436218e-02,-9.318285621702671051e-03,1.698204688727855682e-02,4.637965187430381775e-02,1.809388771653175354e-02,1.120444480329751968e-02,-1.281926129013299942e-02,6.101889070123434067e-03,2.236918173730373383e-02,1.719382591545581818e-02,-2.026462554931640625e-02,2.382516302168369293e-02,-5.496332887560129166e-03,2.267361432313919067e-02,-3.507593274116516113e-02,1.780269085429608822e-03,1.046321727335453033e-02,-2.550616115331649780e-02,1.641288958489894867e-02,1.021172944456338882e-02,-2.530761808156967163e-02,2.848430536687374115e-02,5.277935415506362915e-03,6.783553399145603180e-03,-3.338831942528486252e-03,1.624082028865814209e-02,2.348102256655693054e-02,2.058229409158229828e-03,2.104556001722812653e-02,-2.718715742230415344e-02,-1.677688560448586941e-03,-5.608840379863977432e-03,-1.478483714163303375e-02,-2.099261619150638580e-02,9.748462587594985962e-03,1.707470044493675232e-03,3.438765183091163635e-02,-1.144269667565822601e-02,1.921896450221538544e-02,1.711440831422805786e-02,1.888806000351905823e-02,8.722657337784767151e-03,-2.930495142936706543e-02,-3.361995145678520203e-02,1.805417984724044800e-02,1.548635587096214294e-02,-1.391124818474054337e-02,-3.497004508972167969e-02,-3.989391028881072998e-02,-7.147548720240592957e-03,1.521335914731025696e-03,-1.601580344140529633e-02,4.887467250227928162e-03,4.132342338562011719e-02,4.913940094411373138e-03,-1.113826408982276917e-02,-1.593638770282268524e-02,-3.277614479884505272e-03,2.909317053854465485e-02,3.993610152974724770e-04,2.086025476455688477e-02,8.318953216075897217e-03,-6.707445252686738968e-03,-1.123091671615839005e-02,-1.511408830992877483e-03,-1.635994575917720795e-02,3.446706756949424744e-02,1.842479221522808075e-02,-8.047610521316528320e-03,-1.153534930199384689e-02,2.514878287911415100e-03,-4.142931196838617325e-03,-1.919249258935451508e-02,2.246845280751585960e-03,2.989727072417736053e-03,-2.436784654855728149e-02,-1.263395417481660843e-02,-1.034409180283546448e-02,-1.358034275472164154e-02,1.222363207489252090e-02,-5.046301987022161484e-03,-2.968218177556991577e-03,1.430833432823419571e-02,-3.798789903521537781e-02,-3.139626979827880859e-02,4.219039343297481537e-03,8.900021761655807495e-02,-8.299098350107669830e-03,1.316340267658233643e-02,8.358661085367202759e-03,-8.722657337784767151e-03,9.523446671664714813e-03,-2.472522482275962830e-02,-1.372594106942415237e-02,1.325274701230227947e-03,-8.352043107151985168e-03,-8.391751907765865326e-03,-2.764711622148752213e-03,2.692243456840515137e-02,-1.629376411437988281e-02,1.242879312485456467e-02,1.263395417481660843e-02,6.052253302186727524e-03,-8.060846477746963501e-03,1.131695229560136795e-03,7.676996756345033646e-03,-2.313688024878501892e-02,-1.661143265664577484e-02,-1.919249258935451508e-02,7.696851156651973724e-03,1.138313300907611847e-02,-1.867628097534179688e-02,2.158824540674686432e-02,4.651201143860816956e-02,-2.897487138397991657e-04,-1.903365738689899445e-02,-6.194542162120342255e-03,4.513544961810112000e-03,1.711440831422805786e-02,-1.381528563797473907e-03,-9.093270637094974518e-03,7.306383457034826279e-03,1.436127908527851105e-02,3.835851326584815979e-02,1.542017515748739243e-02,-1.329576503485441208e-02,2.131028473377227783e-02,1.896747760474681854e-02,-1.457305811345577240e-02,-7.643906399607658386e-03,-2.930495142936706543e-02,4.966884851455688477e-03,-1.301118638366460800e-02,3.711431100964546204e-02,-1.417597196996212006e-02,-2.460609935224056244e-02,2.082054503262042999e-02,1.073373205144889653e-04,-2.843136154115200043e-02,-1.580402441322803497e-02,2.301775477826595306e-02,-7.796122692525386810e-03,6.767007987946271896e-03,1.062866952270269394e-02,-1.485101785510778427e-02,8.586985641159117222e-04,-2.066171169281005859e-02,-1.975503051653504372e-03,1.913954690098762512e-02,-5.274626426398754120e-03,-3.280923468992114067e-03,-1.764385774731636047e-02,-1.000656839460134506e-02,2.154853567481040955e-02,-2.117792330682277679e-02,2.645916678011417389e-02,-2.435461059212684631e-02,1.019187504425644875e-03,-2.101908810436725616e-02,1.821301318705081940e-02,1.111179124563932419e-02,4.259409755468368530e-02,1.972194015979766846e-02,-2.088672667741775513e-02,-1.826595864258706570e-03,1.669085025787353516e-02,-1.990724727511405945e-02,-1.211774256080389023e-02,8.557204157114028931e-03,-1.088015735149383545e-02,-1.511574257165193558e-02,2.003960870206356049e-02,1.773650944232940674e-02,1.107208244502544403e-02,-2.003960870206356049e-02,-3.527447814121842384e-03,4.963575629517436028e-04,-1.551282871514558792e-02,2.185296826064586639e-02,-5.377206951379776001e-03,-1.504956092685461044e-02,1.839832030236721039e-02,1.040365453809499741e-02,3.639955539256334305e-03,-2.688272483646869659e-02,7.333682733587920666e-04,-2.461933530867099762e-03,1.458629406988620758e-02,-1.413626316934823990e-02,-1.906012999825179577e-03,9.589628316462039948e-03,2.223681844770908356e-02,-2.213092893362045288e-02,2.657829225063323975e-02,-7.087985984981060028e-03,-8.034374564886093140e-03,2.354720234870910645e-02,-1.168094761669635773e-02,2.256358711747452617e-04,-1.218392327427864075e-02,-2.071465551853179932e-02,4.315001890063285828e-02,-4.348092246800661087e-03,-5.320953205227851868e-03,1.457305811345577240e-02,6.571773905307054520e-03,-9.629337117075920105e-03,-2.005284465849399567e-02,3.632013872265815735e-02,7.405654992908239365e-03,-1.245857449248433113e-03,-1.428186148405075073e-02,6.975478492677211761e-03,-1.643936336040496826e-02,4.275293275713920593e-02,1.565842702984809875e-02,-1.661143265664577484e-02,1.589667797088623047e-02,5.804074462503194809e-03,-3.822614997625350952e-02,-1.895424164831638336e-02,1.722360728308558464e-03,-1.090663019567728043e-02,1.336029148660600185e-03,-2.935789525508880615e-02,-1.402210182277485728e-04,-1.549959182739257812e-02,-2.215740084648132324e-02,-1.223025005310773849e-02,-3.690253198146820068e-02,-3.759908431675285101e-04,-4.476483538746833801e-02,7.948338985443115234e-03,-1.519515924155712128e-02,1.809388771653175354e-02,1.612169295549392700e-02,-1.046983525156974792e-02,3.948110679630190134e-04,-2.726657502353191376e-02,1.823948509991168976e-02,-1.597609557211399078e-02,-1.223686803132295609e-02,-2.578411996364593506e-02,-1.585697010159492493e-02,2.031756937503814697e-02,6.949005648493766785e-03,3.846440091729164124e-02,2.193900523707270622e-03,5.314334761351346970e-03,4.506926517933607101e-03,-1.913044834509491920e-04,-1.958957873284816742e-02,-1.321634743362665176e-02,-1.567166298627853394e-02,-4.656495898962020874e-02,1.269351784139871597e-02,1.822624914348125458e-02,2.589001134037971497e-02,1.917925663292407990e-02,-3.765699453651905060e-03,1.757767610251903534e-02,4.847097024321556091e-02,-1.698204688727855682e-02,-9.278577752411365509e-03,-3.280923468992114067e-03,-3.878207132220268250e-02,6.353376898914575577e-03,-1.986753940582275391e-02,4.364637657999992371e-03,-7.994665764272212982e-03,-5.218372680246829987e-03,-2.637974917888641357e-02,3.542007505893707275e-02,1.744531467556953430e-02,-1.385830342769622803e-02,9.675662964582443237e-03,1.185963675379753113e-02,-4.148225486278533936e-02,4.291176423430442810e-02,-7.604198064655065536e-03,-7.266674656420946121e-03,-6.075416691601276398e-03,9.126361459493637085e-03,1.088015735149383545e-02,-1.153534930199384689e-02,2.378545515239238739e-02,2.046316862106323242e-02,-5.929818376898765564e-03,-1.534075755625963211e-02,-1.253468263894319534e-02,-3.806731477379798889e-02,-3.679664107039570808e-03,-1.970870420336723328e-02,-2.794492989778518677e-03,1.503632497042417526e-02,-2.592971920967102051e-02,-2.622422529384493828e-03,-1.443573273718357086e-04,-5.072774365544319153e-03,-4.664437472820281982e-02,2.919906005263328552e-02,7.299765013158321381e-03,-3.004617802798748016e-02,1.028452906757593155e-02,-2.922553382813930511e-02,-2.370603755116462708e-02,1.985430158674716949e-02,5.483096465468406677e-03,4.362652078270912170e-02,-1.584373414516448975e-02,2.635327726602554321e-02,2.273979410529136658e-02,1.242217514663934708e-02,-8.087319321930408478e-03,-1.052278000861406326e-02,9.020471014082431793e-03,-8.835164830088615417e-03,4.328237846493721008e-03,9.248795686289668083e-04,8.040992543101310730e-03,1.253468263894319534e-02,-8.974145166575908661e-03,-4.774959757924079895e-03,-5.289186164736747742e-02,-2.103232406079769135e-02,2.369280159473419189e-02,-2.375898137688636780e-02,-1.161476690322160721e-02,1.424215268343687057e-02,-2.546645142138004303e-02,1.666437834501266479e-02,8.881491608917713165e-03,-1.634877698961645365e-04,3.226985782384872437e-02,-3.438765183091163635e-02,-6.836498156189918518e-03,4.503617528825998306e-03,1.740560517646372318e-03,-2.123086713254451752e-02,1.449364051222801208e-02,6.072107702493667603e-03,-1.612169295549392700e-02,9.874206036329269409e-03,-2.382516302168369293e-02,-2.329571545124053955e-02,5.684948526322841644e-03,-3.269341774284839630e-03,3.105212934315204620e-02,8.742511272430419922e-03,-8.901345543563365936e-03,3.363649826496839523e-03,9.702135808765888214e-03,-1.982782967388629913e-02,-4.592962097376585007e-03,2.629040507599711418e-03,2.827252633869647980e-02,-9.185924194753170013e-03,9.357994422316551208e-03,-5.406988319009542465e-03,2.622091583907604218e-02,1.581726036965847015e-02,-2.570470422506332397e-02,-5.029756575822830200e-04,2.496678614988923073e-03,-3.608188405632972717e-02,-8.623385801911354065e-03,2.402370609343051910e-02,4.874231293797492981e-03,5.774293094873428345e-03,-1.453334931284189224e-02,-3.669074922800064087e-02,-2.962261997163295746e-02,6.862970534712076187e-03,-4.960266407579183578e-03,1.421568077057600021e-02,-1.334209088236093521e-02,-1.158167608082294464e-02,-1.791023532859981060e-04,-1.593638770282268524e-02,1.318987458944320679e-02,-6.498975213617086411e-03,-1.281264331191778183e-02,-1.377888582646846771e-02,4.092633724212646484e-02,-3.097271174192428589e-02,1.330900099128484726e-02,-1.277293451130390167e-02,1.915278472006320953e-02,-2.395752444863319397e-02,1.252144668251276016e-02,9.053561836481094360e-03,5.370588973164558411e-03,-1.050292607396841049e-02,-1.532752159982919693e-02,-2.803427539765834808e-02,-1.044005388393998146e-03,-8.179972879588603973e-03,6.796789355576038361e-03,2.832547202706336975e-02,-1.882187835872173309e-02,-1.907336711883544922e-02,3.124984505120664835e-04,2.802765695378184319e-03,-9.106506593525409698e-03,-2.943731285631656647e-02,3.634661063551902771e-02,-1.242879312485456467e-02,-6.446029990911483765e-03,-2.744857221841812134e-03,-1.718058995902538300e-02,-4.492035950534045696e-04,2.080730907618999481e-02,8.755747228860855103e-03,5.056228954344987869e-03,-2.061538398265838623e-03,2.329571545124053955e-02,-1.724677160382270813e-02,-2.283244859427213669e-03,-2.739893831312656403e-02,-1.058896165341138840e-02,-8.007901720702648163e-03,-1.929838210344314575e-02,3.735917853191494942e-03,-5.148882512003183365e-03,-7.941721007227897644e-03,-2.627385966479778290e-02,1.178021915256977081e-02,1.177360117435455322e-02,1.551282871514558792e-02,-2.522820048034191132e-02,-2.230300009250640869e-02,2.120439521968364716e-02,5.297789815813302994e-03,-1.213097851723432541e-02,-5.830546841025352478e-03,-2.322953380644321442e-02,-2.251477912068367004e-02,3.753786906599998474e-02,7.114458363503217697e-03,-3.592305257916450500e-02,1.569813489913940430e-02,1.848104642704129219e-03,-3.332875669002532959e-02,-7.531398907303810120e-03,4.089986439794301987e-03,-1.313693006522953510e-03,3.315668553113937378e-03,4.420891404151916504e-03,1.610845699906349182e-02,4.391771554946899414e-02,-5.443388130515813828e-03,1.172727439552545547e-02,-3.107860125601291656e-02,-1.119782682508230209e-02,2.305746264755725861e-02,-1.213759649544954300e-02,2.807729179039597511e-03,-8.457932621240615845e-03,-2.644593082368373871e-02,-3.332213731482625008e-03,2.067494764924049377e-02,-2.115144953131675720e-02,9.675662964582443237e-03,1.288544200360774994e-02,-1.075441390275955200e-02,-2.988072577863931656e-03,-2.545321546494960785e-02,6.273959763348102570e-03,-3.947697114199399948e-03,7.399864261969923973e-04,4.635979421436786652e-03,2.514878287911415100e-03,-8.279244415462017059e-03,2.142610261216759682e-03,-3.191579133272171021e-03,-3.931152075529098511e-02,3.769008442759513855e-03,2.112497761845588684e-02,-6.661118473857641220e-03,7.498308084905147552e-03,2.380861667916178703e-03,1.187121844850480556e-03,-3.795480821281671524e-03,-1.741884090006351471e-02,3.817320615053176880e-02,1.973848557099699974e-03,9.410939179360866547e-03,1.850420981645584106e-02,-9.761698544025421143e-03,-4.262056946754455566e-02,-3.381849499419331551e-03,8.795456029474735260e-03,-2.068818360567092896e-02,-7.226966321468353271e-03,-6.514692795462906361e-04,-2.304422669112682343e-02,-1.608198508620262146e-02,1.533744856715202332e-03,1.114488206803798676e-02,-1.343474444001913071e-02,1.454658526927232742e-02,-1.373917702585458755e-02,5.188590846955776215e-03,-3.383173048496246338e-02,1.499661616981029510e-02,2.136323042213916779e-02,-9.257068741135299206e-04,1.498999889008700848e-03,2.170737087726593018e-02,1.641288958489894867e-02,-1.064190641045570374e-02,-1.715411804616451263e-02,-6.197851616889238358e-03,-6.862970534712076187e-03,-2.484435029327869415e-02,-1.384506653994321823e-02,-3.957624081522226334e-03,-9.298431687057018280e-03,-1.238246634602546692e-02,-3.398394677788019180e-03,-1.999990083277225494e-02,5.684948526322841644e-03,2.133675664663314819e-01,-5.727966316044330597e-03,-1.523486804217100143e-02,4.330885037779808044e-02,1.084706746041774750e-02,-1.283911522477865219e-02,4.910630732774734497e-02,8.385133929550647736e-03,-1.125738956034183502e-02,1.871598884463310242e-02,-3.422881662845611572e-02,-2.859019488096237183e-02,-9.258722886443138123e-03,2.996345050632953644e-03,1.407008245587348938e-02,-5.323600396513938904e-02,-9.788171388208866119e-03,-2.244859747588634491e-02,-8.557204157114028931e-03,-3.465237468481063843e-02,4.821286536753177643e-03,-3.894752357155084610e-03,-3.718545485753566027e-04,-2.295157313346862793e-02,1.050292607396841049e-02,6.280577741563320160e-03,-1.842479221522808075e-02,1.317663863301277161e-02,1.580402441322803497e-02,-7.365946192294359207e-03,-2.068818360567092896e-02,-1.392448414117097855e-02,7.167403120547533035e-03,2.595950150862336159e-03,-1.453334931284189224e-02,-1.821301318705081940e-02,2.320306189358234406e-02,-1.407008245587348938e-02,3.709445474669337273e-03,1.002642326056957245e-03,1.187949068844318390e-02,-8.881491608917713165e-03,1.965576037764549255e-02,-1.210450660437345505e-02,-6.068798247724771500e-03,2.500318549573421478e-02,1.992048462852835655e-03,-1.458629406988620758e-02,-5.800765473395586014e-03,-1.005951315164566040e-02,-1.678350381553173065e-02,4.493690561503171921e-03,2.197209559381008148e-02,1.001980435103178024e-02,8.524114266037940979e-03,4.808050114661455154e-03,-1.556080998852849007e-03,1.288544200360774994e-02,-1.580402441322803497e-02,9.238868951797485352e-03,3.851734800264239311e-03,2.363985590636730194e-02,-2.082054503262042999e-02,5.352719873189926147e-02,4.983429796993732452e-03,3.348759189248085022e-02,-2.514878287911415100e-02,-8.788838051259517670e-03,3.775626420974731445e-03,1.527126762084662914e-03,2.438770141452550888e-03,-2.259419672191143036e-02,1.477160118520259857e-02,1.285235211253166199e-02,2.084701787680387497e-03,-5.790838040411472321e-03,-1.661143265664577484e-02,2.448697388172149658e-02,1.789534464478492737e-02,2.428843080997467041e-02,-1.937779970467090607e-02,-1.207141578197479248e-02,1.876893453299999237e-02,2.284568361937999725e-02,5.608840379863977432e-03,5.943054333329200745e-03,4.068808257579803467e-02,-5.678330548107624054e-03,-2.866961248219013214e-02,3.073446080088615417e-02,1.736589707434177399e-02,-1.736589707434177399e-02,5.185281857848167419e-03,-2.019844390451908112e-02,-3.629366680979728699e-02,-1.015878468751907349e-02,2.431490272283554077e-02,1.332720043137669563e-03,-2.558557875454425812e-02,-2.913618925958871841e-03,-2.064847387373447418e-02,-1.892776787281036377e-02,1.298471353948116302e-02,3.266694396734237671e-02,2.438770141452550888e-03,-7.736559957265853882e-03,1.478483714163303375e-02,2.845783345401287079e-02,4.311692900955677032e-03,-4.214406758546829224e-02,-1.811705151339992881e-04,-1.196552626788616180e-02,2.498333051335066557e-04,3.639955539256334305e-03,1.407008245587348938e-02,-1.479972852393984795e-03,-1.544664707034826279e-02,-1.427027978934347630e-03,3.954315092414617538e-03,1.363328751176595688e-02,-6.244177930057048798e-03,-3.335522860288619995e-02,-3.261069301515817642e-03,6.230941973626613617e-03,-7.941721007227897644e-03,-2.360014803707599640e-02,-3.406998142600059509e-02,1.199861709028482437e-02,2.734930254518985748e-03,-2.570470422506332397e-02,1.981459371745586395e-02,-2.344131283462047577e-02,-5.565822590142488480e-03,1.384010305628180504e-03,2.239565365016460419e-02,1.704822853207588196e-02,1.407008245587348938e-02,-1.504956092685461044e-02,-2.246183343231678009e-02,1.637979992665350437e-03,-1.358034275472164154e-02,-1.295162364840507507e-02,-1.446055015549063683e-03,4.361328668892383575e-03,7.485072128474712372e-03,-2.840488962829113007e-02,2.044993080198764801e-02,2.550616115331649780e-02,7.326237857341766357e-03,-1.101913768798112869e-02,-8.047610521316528320e-03,-9.821261279284954071e-03,6.955624092370271683e-03,-1.692910119891166687e-02,2.277950383722782135e-02,-1.580071519128978252e-03,-2.223681844770908356e-02,-3.775626420974731445e-03,1.936456374824047089e-02,4.493690561503171921e-03,-4.661790281534194946e-02,2.946378476917743683e-02,1.135666109621524811e-02,6.773626431822776794e-03,-4.589653108268976212e-03,5.003284197300672531e-03,-1.670938134193420410e-01,-2.266699448227882385e-03,1.353401597589254379e-02,-1.014554873108863831e-02,8.093937300145626068e-03,4.533399187494069338e-04,3.335522860288619995e-02,1.279278937727212906e-02,-1.289702369831502438e-03,7.882158271968364716e-03,4.655833821743726730e-03,-5.059537943452596664e-03,-1.733942329883575439e-02,6.661118473857641220e-03,-1.947376178577542305e-03,7.286529056727886200e-03,-2.669741958379745483e-02,1.702175475656986237e-02,2.491053193807601929e-02,1.715411804616451263e-02,8.855018764734268188e-03,6.015853490680456161e-03,-4.192566964775323868e-03,-1.102575566619634628e-02,-1.306413114070892334e-02,1.673055812716484070e-02,-7.849067449569702148e-03,1.270013581961393356e-02,-1.960281468927860260e-02,-1.102575566619634628e-02,-1.949692517518997192e-02,2.816663682460784912e-02,2.739893831312656403e-02,1.614816673099994659e-02,1.520839612931013107e-02,-2.404025057330727577e-03,-1.491719949990510941e-02,-2.576095750555396080e-03,7.849067449569702148e-03,2.624738775193691254e-02,1.690262928605079651e-02,2.594295516610145569e-02,4.209111910313367844e-03,7.372564170509576797e-03,1.331561896950006485e-02,2.790191397070884705e-02,-1.309722196310758591e-02,4.583034664392471313e-03,9.357994422316551208e-03,-3.729961812496185303e-02,7.670378778129816055e-03,2.577750245109200478e-03,-1.308398507535457611e-02,5.099246744066476822e-03,-3.186615649610757828e-03,9.371230378746986389e-03,-2.377221733331680298e-02,1.027129217982292175e-02,-1.244203001260757446e-02,-4.305074457079172134e-03,-2.150882780551910400e-02,-5.843783263117074966e-03,2.567823044955730438e-02,-8.285862393677234650e-03,-5.443387781269848347e-04,-7.240202277898788452e-03,-3.319639340043067932e-02,-1.131033431738615036e-02,-4.473836347460746765e-02,2.338836900889873505e-02,1.207141578197479248e-02,-2.070141956210136414e-02,2.766366116702556610e-02,-3.422881662845611572e-02,1.136327907443046570e-02,4.348092246800661087e-03,-5.479787476360797882e-03,2.280597575008869171e-02,1.022496540099382401e-02,1.385830342769622803e-02,-1.784239895641803741e-02,5.659799650311470032e-02,-1.984106563031673431e-02,-2.688603475689888000e-03,-3.630028339102864265e-03,1.138313300907611847e-02,-2.758093411102890968e-03,-1.545326551422476768e-03,-1.326267421245574951e-02,2.011902630329132080e-02,-4.268675111234188080e-03,5.753611330874264240e-04,-2.993036061525344849e-03,-1.422891672700643539e-02,2.664447389543056488e-02,2.498994953930377960e-02,3.408321877941489220e-03,-3.249487606808543205e-03,-3.203160827979445457e-03,-9.223978267982602119e-04,5.493023898452520370e-03,-3.383173048496246338e-02,-2.925200574100017548e-02,1.572460681200027466e-02,2.345454879105091095e-02,-2.195885777473449707e-02,2.292510122060775757e-02,4.377873614430427551e-03,2.946378476917743683e-02,-1.147413277067244053e-03,-5.833855830132961273e-03,1.671070465818047523e-03,8.047610521316528320e-03,-1.453334931284189224e-02,1.978812180459499359e-02,1.596285961568355560e-02,1.687615737318992615e-02,1.564519107341766357e-02,3.354053571820259094e-02,-5.446697119623422623e-03,2.660476602613925934e-02,-1.056414330378174782e-03,-8.491023443639278412e-03,1.977488584816455841e-02,-4.264704138040542603e-02,-8.206444792449474335e-03,-1.123488768935203552e-01,-4.034394398331642151e-02,1.814683340489864349e-02,4.013216495513916016e-02,-9.146215394139289856e-03,1.400390174239873886e-02,1.943074353039264679e-02,4.695542622357606888e-03,2.356043783947825432e-03,9.152833372354507446e-03,-8.199826814234256744e-03,-8.173354901373386383e-03,9.348067687824368477e-04,-2.531423466280102730e-03,6.436103023588657379e-03,-1.407008245587348938e-02,7.630670443177223206e-03,-1.504956092685461044e-02,-3.070798702538013458e-02,2.512231096625328064e-02,-5.446697119623422623e-03,-1.448040455579757690e-02,-4.516853950917720795e-03,-3.457295894622802734e-02,1.339503563940525055e-02,1.314354781061410904e-02,-3.086682222783565521e-02,7.035041227936744690e-03,2.581059373915195465e-02,9.788171388208866119e-03,-2.675036340951919556e-02,1.722029782831668854e-02,-1.116473600268363953e-02,-8.709420450031757355e-03,-2.088672667741775513e-02,-2.485758624970912933e-02,-3.690253198146820068e-02,2.774638822302222252e-03,1.019849348813295364e-02,-1.841155625879764557e-02,1.772327348589897156e-02,1.887482404708862305e-02,3.335522720590233803e-03,-1.111013698391616344e-03,1.146916858851909637e-02,-8.199826814234256744e-03,-2.013226225972175598e-02,1.953663304448127747e-02,1.252806466072797775e-02,-1.317002065479755402e-02,-3.015206754207611084e-02,-1.076103188097476959e-02,-1.711440831422805786e-02,-1.079412270337343216e-02,9.563155472278594971e-03,-2.480464242398738861e-02,1.058234367519617081e-02,-1.486590947024524212e-03,-2.101908810436725616e-02,1.817330531775951385e-02,-1.544664707034826279e-02,8.775602094829082489e-03,4.512717423494905233e-04,1.973517611622810364e-02,4.235584754496812820e-03,-2.382516395300626755e-03,-1.246188394725322723e-02,-1.872922480106353760e-02,3.629366680979728699e-02,-1.560548134148120880e-02,1.334209088236093521e-02,-8.120410144329071045e-03,5.648549180477857590e-03,2.231623604893684387e-02,-2.461933530867099762e-02,1.174051128327846527e-02,-7.313001551665365696e-04,5.677089575328864157e-05,-4.523471929132938385e-03,-3.854382038116455078e-02,-1.352739799767732620e-02,-1.796152628958225250e-02,2.347771311178803444e-03,-3.090653102844953537e-03,3.044326417148113251e-02,-9.013853035867214203e-03,1.285235211253166199e-02,2.025138773024082184e-02,-6.343449465930461884e-03,-1.654525287449359894e-02,1.590825966559350491e-03,1.954986900091171265e-02,3.406998142600059509e-02,-3.997332975268363953e-02,-1.919249258935451508e-02,9.788171388208866119e-03,-3.046973608434200287e-02,-2.228976413607597351e-02,1.741884090006351471e-02,-3.054253524169325829e-03,-1.812035962939262390e-02,9.678972419351339340e-04,-6.146892160177230835e-02,1.643936336040496826e-02,-6.452648085542023182e-04,-1.663790643215179443e-02,3.364642336964607239e-02,-2.624738775193691254e-02,6.525447592139244080e-03,-4.136313218623399734e-03,-1.354063395410776138e-02,1.821301318705081940e-02,-1.337518170475959778e-02,2.840488962829113007e-02,2.080565463984385133e-04,-1.719382591545581818e-02,1.122595393098890781e-03,1.524810399860143661e-02,3.593628760427236557e-03,1.699197338894009590e-03,2.860674168914556503e-03,1.432157028466463089e-02,2.176031470298767090e-02,-1.777621917426586151e-02,-1.597609557211399078e-02,1.166771166026592255e-02,-1.712764427065849304e-02,1.503632497042417526e-02,1.301780436187982559e-02,1.947376178577542305e-03,2.923546126112341881e-03,-9.033707901835441589e-04,3.245516493916511536e-02,-3.184629976749420166e-02,1.547311991453170776e-02,-1.044998131692409515e-02,6.545301526784896851e-03,-3.788200765848159790e-02,-2.357367426156997681e-02,1.800123415887355804e-02,3.422881662845611572e-02,3.949682414531707764e-02,1.003304123878479004e-02,-2.342807687819004059e-02,3.473179414868354797e-02,-2.519842004403471947e-03,-8.179972879588603973e-03,-1.018525753170251846e-02,-1.850420981645584106e-02,1.580402441322803497e-02,1.499661616981029510e-02,-7.015186827629804611e-03,2.808721922338008881e-02,1.516868732869625092e-02,2.487082220613956451e-02,-6.389776244759559631e-03,-2.523150993511080742e-03,1.236757525475695729e-04,9.271958842873573303e-03,-2.608855441212654114e-02,1.421568077057600021e-02,-2.185296826064586639e-02,4.720029607415199280e-02,2.904022671282291412e-02,5.873564630746841431e-03,-3.303755819797515869e-02,-2.131028566509485245e-03,-6.790171377360820770e-03,-9.404321201145648956e-03,7.081368006765842438e-03,-1.068823272362351418e-03,-1.017202064394950867e-02,1.483778189867734909e-02,2.157500945031642914e-02,1.021172944456338882e-02,1.145593263208866119e-02,-4.384491592645645142e-03,2.819310873746871948e-03,-1.823948509991168976e-02,2.933473093435168266e-03,-1.405684649944305420e-02,-9.225632995367050171e-03,1.090001221746206284e-02,-2.238572575151920319e-03,-1.630700007081031799e-02,2.508260309696197510e-02,6.085343658924102783e-03,7.031732238829135895e-04,-3.520829603075981140e-03,-1.425538957118988037e-02,2.704156003892421722e-02,-3.944388125091791153e-03,-2.432813867926597595e-02,9.391085244715213776e-03,4.243526235222816467e-02,-7.379182614386081696e-03,1.334374537691473961e-03,1.953663304448127747e-02,-5.906654987484216690e-03,3.914606757462024689e-03,-1.851744577288627625e-02,9.099888615310192108e-03,-1.510250568389892578e-02,-1.949030673131346703e-03,1.936456374824047089e-02,-2.141617424786090851e-02,-9.781553409993648529e-03,7.868922315537929535e-03,-2.304422669112682343e-02,-2.819310873746871948e-02,-1.455982215702533722e-02,3.798789903521537781e-02,1.412302721291780472e-02,-1.658496074378490448e-02,-1.335532777011394501e-02,6.657809484750032425e-03,-1.095957495272159576e-02,-4.113149829208850861e-03,7.511544506996870041e-03,-2.363985590636730194e-02,-1.518192328512668610e-02,4.121753200888633728e-02,-3.626719349995255470e-03,1.494367141276597977e-02,1.866304501891136169e-02,-2.628709562122821808e-02,4.007921740412712097e-02,-1.074117794632911682e-02,2.071465551853179932e-02,-1.520839612931013107e-02,1.075441396096721292e-04,-1.417597196996212006e-02,8.378515951335430145e-03,-8.520804694853723049e-04,-5.993352085351943970e-02,-2.042345888912677765e-02,-3.815335221588611603e-03,1.318325661122798920e-02,-1.098604779690504074e-02,3.639955446124076843e-02,-4.860994871705770493e-03,3.925857320427894592e-02,-1.094633899629116058e-02,-4.105869680643081665e-02,-1.044336333870887756e-02,4.815329983830451965e-02,2.888139151036739349e-02,-1.825272291898727417e-02,-7.193875499069690704e-03,4.728632979094982147e-03,-1.552606467157602310e-02,2.996676042675971985e-02,-1.407008245587348938e-02,9.768316522240638733e-03,-1.052278000861406326e-02,-1.269351784139871597e-02,-2.495023980736732483e-02,4.156167153269052505e-03,-2.054713550023734570e-04,-1.222363207489252090e-02,2.888801041990518570e-03,1.375241391360759735e-02,-1.189934555441141129e-02,-1.184640103019773960e-03,-9.910606313496828079e-04,-1.161476690322160721e-02,-2.999654272571206093e-03,2.411635965108871460e-02,-5.976145155727863312e-03,2.064847387373447418e-03,-3.531418740749359131e-02,1.043012738227844238e-02,1.912631094455718994e-02,-2.288208343088626862e-03,-1.008598599582910538e-02,-1.048307213932275772e-02,-8.848400786519050598e-03,-2.514878287911415100e-03,-3.316992148756980896e-02,-1.728978822939097881e-03,2.806074731051921844e-02,-1.798799820244312286e-02,2.464580722153186798e-02,-2.401047013700008392e-02,-1.932485494762659073e-03,2.750482782721519470e-02,9.450647979974746704e-03,1.613492891192436218e-02,1.252806466072797775e-02,-2.829899825155735016e-02
-1.167470868676900864e-02,-2.214213088154792786e-02,4.581905435770750046e-03,-1.348563656210899353e-02,-9.035376831889152527e-03,2.473972272127866745e-03,-4.931889846920967102e-02,-2.617497928440570831e-02,-6.306140683591365814e-03,-3.039084607735276222e-03,1.249026786535978317e-02,1.491126138716936111e-02,-8.515216410160064697e-03,-1.550206076353788376e-02,-2.069081924855709076e-02,1.905969902873039246e-02,1.602864265441894531e-02,2.454706933349370956e-03,1.772398012690246105e-03,1.057980349287390709e-03,1.610570400953292847e-02,-2.295769052579998970e-03,3.820930374786257744e-03,-6.871252786368131638e-03,-2.575114369392395020e-02,1.342944684438407421e-03,8.470264263451099396e-03,-1.831477880477905273e-02,-1.167149748653173447e-03,-8.707867935299873352e-03,1.211780775338411331e-02,-8.149177767336368561e-03,-7.693234831094741821e-03,4.614014178514480591e-03,-1.664512790739536285e-02,-2.002296037971973419e-02,-2.262054942548274994e-03,-1.903401315212249756e-02,3.847901523113250732e-02,-2.305401721969246864e-03,2.528556855395436287e-03,2.200085297226905823e-02,1.301042828708887100e-02,3.588463738560676575e-02,-3.467735275626182556e-02,3.372693434357643127e-02,-3.942943178117275238e-03,1.170360599644482136e-03,-1.311317645013332367e-02,2.169260941445827484e-02,2.096053212881088257e-02,-9.067485108971595764e-03,-3.185179084539413452e-02,1.218202523887157440e-02,-2.913860836997628212e-03,1.554059050977230072e-02,-8.759242482483386993e-03,1.552774757146835327e-02,-1.925235241651535034e-02,-1.189304701983928680e-02,-3.270266810432076454e-03,6.563009694218635559e-03,-1.260585989803075790e-02,2.329804375767707825e-02,-1.319465227425098419e-04,-1.210496481508016586e-02,-1.747995428740978241e-02,6.527690216898918152e-03,-1.324161048978567123e-02,-3.585895150899887085e-02,-4.218275134917348623e-04,3.575620427727699280e-02,6.749240215867757797e-03,-1.218844670802354813e-02,1.321592368185520172e-02,-2.663734368979930878e-02,-1.104537863284349442e-02,-6.489160005003213882e-03,-1.282419823110103607e-02,1.401542918756604195e-03,8.245503529906272888e-03,-9.382150135934352875e-03,-1.684099202975630760e-03,1.561765186488628387e-02,-8.324169903062283993e-04,-6.363936234265565872e-03,-2.532730996608734131e-02,-2.496448287274688482e-04,6.062114611268043518e-03,-2.918034978210926056e-02,-2.827167510986328125e-03,1.759554445743560791e-02,1.859733462333679199e-02,1.912391744554042816e-02,-2.766481973230838776e-02,3.519108891487121582e-02,-4.014866799116134644e-02,4.151007533073425293e-02,-7.641860749572515488e-03,-1.795516163110733032e-02,-4.392464645206928253e-03,1.157517195679247379e-03,-5.121331196278333664e-03,-1.260585989803075790e-02,-1.715886779129505157e-02,-2.603370137512683868e-02,3.888358594849705696e-03,-5.583695601671934128e-03,7.423521950840950012e-03,-4.680158197879791260e-02,-1.357554085552692413e-02,4.693001508712768555e-02,-3.728618030436336994e-04,-4.723826050758361816e-02,-4.280084278434514999e-03,-1.574608683586120605e-02,-4.215224832296371460e-02,-2.178251370787620544e-02,-3.005370497703552246e-02,-2.400443330407142639e-02,1.403790526092052460e-02,2.748501114547252655e-02,-3.499843878671526909e-03,-3.072156570851802826e-02,-3.503054613247513771e-03,-1.844642451032996178e-03,-2.408149465918540955e-02,-3.136373683810234070e-02,-8.939051069319248199e-03,-1.894410885870456696e-02,4.469525441527366638e-02,2.835194580256938934e-03,1.557912118732929230e-02,5.972210783511400223e-03,6.678601261228322983e-03,2.490347623825073242e-02,-5.522689316421747208e-03,-6.049271207302808762e-03,-1.393515802919864655e-02,2.465944970026612282e-03,1.053806208074092865e-02,2.119171433150768280e-02,-7.571221794933080673e-03,5.438404041342437267e-04,2.006148919463157654e-02,2.264302596449851990e-02,7.307930849492549896e-03,6.729974877089262009e-03,-3.879127325490117073e-04,-1.615707762539386749e-02,4.639700986444950104e-03,3.975051920861005783e-03,2.527593635022640228e-02,-1.362691447138786316e-02,2.876935899257659912e-02,-3.477769205346703529e-04,-1.710749417543411255e-02,1.274713780730962753e-02,-7.751030381768941879e-03,7.160231005400419235e-03,7.211604621261358261e-03,1.305217039771378040e-03,3.015645220875740051e-02,1.111601758748292923e-02,1.988168247044086456e-02,2.694558724761009216e-02,-1.259462093003094196e-03,-2.255312167108058929e-02,-2.383746765553951263e-02,3.226920263841748238e-03,1.691484078764915466e-02,6.768505088984966278e-03,-2.304117381572723389e-02,1.786525733768939972e-02,-1.384525373578071594e-02,2.379893884062767029e-02,4.787400830537080765e-03,1.161691267043352127e-02,-3.059313073754310608e-02,1.392231415957212448e-02,-2.653459645807743073e-02,2.923493506386876106e-03,3.100412152707576752e-02,2.555849216878414154e-02,-2.250816905871033669e-03,3.958997782319784164e-03,1.764691807329654694e-02,1.715886779129505157e-02,1.030687987804412842e-02,-3.644332755357027054e-04,1.533509511500597000e-02,1.153985224664211273e-02,-1.753132790327072144e-03,-2.121740207076072693e-02,-6.600512862205505371e-01,-3.275083145126700401e-03,2.976472722366452217e-03,-1.487273070961236954e-02,-5.744238849729299545e-03,2.047248184680938721e-02,5.715341307222843170e-03,-5.519478581845760345e-03,-3.341869264841079712e-02,1.312441425397992134e-03,4.890148527920246124e-03,7.051061373203992844e-03,2.576719853095710278e-04,-1.944500394165515900e-02,5.535532720386981964e-03,-1.410212274640798569e-02,-2.245037443935871124e-02,-1.816065795719623566e-02,-2.776756882667541504e-02,4.042480140924453735e-03,-1.315170712769031525e-02,-1.301203388720750809e-03,-3.522319952026009560e-03,8.617963641881942749e-03,6.463473197072744370e-03,1.254806388169527054e-02,-1.924914075061678886e-03,1.249026786535978317e-02,-2.214213088154792786e-02,2.720245532691478729e-02,-3.102980740368366241e-02,3.670661896467208862e-02,-1.488236361183226109e-03,2.797306329011917114e-02,3.513971716165542603e-02,-5.763504188507795334e-03,-3.966061398386955261e-02,4.581905435770750046e-03,-8.348251692950725555e-03,4.561998322606086731e-02,-6.566220894455909729e-03,-1.968902908265590668e-02,2.051101066172122955e-02,-1.500116568058729172e-02,-9.176654741168022156e-03,2.197516523301601410e-02,1.275355927646160126e-02,2.677862066775560379e-03,2.622635290026664734e-02,-6.326409493340179324e-05,1.362691447138786316e-02,-1.814781315624713898e-02,-6.142386235296726227e-03,3.901844099164009094e-02,1.568186841905117035e-02,1.610570400953292847e-02,2.702264674007892609e-02,4.626857582479715347e-03,-3.981473855674266815e-03,1.045457925647497177e-02,1.138573046773672104e-02,1.947069168090820312e-02,-2.905191481113433838e-02,2.989316126331686974e-03,-3.719466924667358398e-02,-9.606910869479179382e-03,1.402506232261657715e-02,8.406046777963638306e-03,3.460029140114784241e-02,-2.054954133927822113e-02,5.888727959245443344e-03,9.452789090573787689e-03,2.136831171810626984e-03,-1.554059050977230072e-02,2.358059957623481750e-02,4.440627526491880417e-03,2.409433759748935699e-02,-1.839184015989303589e-02,-2.775793662294745445e-03,6.559798959642648697e-03,1.527087856084108353e-02,9.285824373364448547e-03,-3.616719320416450500e-02,7.815247401595115662e-03,1.932941190898418427e-02,-3.297559218481183052e-03,-3.994317259639501572e-03,-1.714602299034595490e-02,1.302969362586736679e-02,-4.758503288030624390e-03,-1.430761814117431641e-02,2.653459645807743073e-02,9.125281125307083130e-03,-7.429943885654211044e-03,2.090915851294994354e-02,1.280493289232254028e-02,-2.319529466331005096e-02,1.082061789929866791e-03,2.242468670010566711e-02,-7.147387601435184479e-03,1.538646966218948364e-02,5.419941619038581848e-03,5.042343959212303162e-02,1.331867184489965439e-02,2.438652561977505684e-03,1.245815958827733994e-02,-3.133805096149444580e-02,1.925235241651535034e-02,4.703918471932411194e-03,-1.848174445331096649e-02,-3.634700085967779160e-03,-1.610570400953292847e-02,1.264438964426517487e-02,-5.869462620466947556e-03,2.970051020383834839e-03,-1.913676038384437561e-02,1.344550051726400852e-03,-5.109290359541773796e-04,2.215497428551316261e-03,-8.579433895647525787e-03,3.416361287236213684e-03,2.119171433150768280e-02,1.649100705981254578e-02,-3.326456993818283081e-02,7.224448199849575758e-05,3.557639569044113159e-02,1.325445435941219330e-02,-1.349848043173551559e-02,-2.681073034182190895e-03,1.320308074355125427e-02,-7.622595410794019699e-03,3.660387173295021057e-02,1.202790345996618271e-02,-9.722501970827579498e-03,2.349069528281688690e-02,-6.429759087041020393e-04,1.093620900064706802e-02,-2.577683143317699432e-02,3.996885940432548523e-02,-3.989179804921150208e-02,5.891938693821430206e-03,2.717997878789901733e-03,-2.021561190485954285e-02,-3.195453807711601257e-02,5.702497903257608414e-03,-2.363197319209575653e-02,4.840380279347300529e-04,-1.080657020793296397e-04,-1.363975834101438522e-02,2.450532838702201843e-02,8.621175074949860573e-04,1.277924608439207077e-02,-1.819918863475322723e-02,-4.758503288030624390e-03,1.026834920048713684e-02,-9.497741237282752991e-03,-1.596442610025405884e-02,-3.010507859289646149e-02,3.570482833310961723e-03,-1.133435685187578201e-02,8.149177767336368561e-03,1.260585989803075790e-02,5.541954655200242996e-03,-2.810149826109409332e-02,-1.954775117337703705e-02,-7.320774253457784653e-03,1.082663875422440469e-04,-1.466562971472740173e-03,-6.190549582242965698e-03,-4.315403848886489868e-02,-9.317932650446891785e-03,1.394800096750259399e-02,-1.749279722571372986e-02,2.951427921652793884e-02,1.213707309216260910e-02,1.177103444933891296e-02,-2.376040816307067871e-02,-3.538374323397874832e-03,5.493791308254003525e-03,1.457733102142810822e-02,3.257423406466841698e-03,2.889779210090637207e-02,-2.645753510296344757e-02,-8.457420393824577332e-03,4.575483966618776321e-03,7.391413208097219467e-03,-2.853817678987979889e-02,1.938078738749027252e-02,1.542821060866117477e-03,2.442826703190803528e-02,1.089125685393810272e-02,1.155269518494606018e-02,3.049038164317607880e-02,-1.756985858082771301e-02,2.051101066172122955e-02,2.851248905062675476e-02,7.667547557502985001e-03,-1.139215193688869476e-02,5.535532720386981964e-03,3.472872450947761536e-02,2.080641128122806549e-02,-1.546353008598089218e-02,1.676071994006633759e-02,2.942758612334728241e-03,2.034083474427461624e-03,-3.747722506523132324e-02,3.133805003017187119e-03,-5.814878270030021667e-03,2.671440504491329193e-02,1.091694366186857224e-02,-6.315773352980613708e-03,-4.174125567078590393e-02,-2.892347984015941620e-02,-3.400306915864348412e-03,2.734052250161767006e-03,8.592276833951473236e-03,-5.149426287971436977e-04,9.640624630264937878e-04,2.520529786124825478e-03,-4.087432287633419037e-03,6.246137490961700678e-05,1.153503544628620148e-03,1.074997894465923309e-02,-5.394254811108112335e-03,-2.571261487901210785e-02,3.097843378782272339e-02,1.460301782935857773e-02,2.857670653611421585e-03,-4.868475371040403843e-04,-2.141005359590053558e-02,2.608507499098777771e-02,-7.230869960039854050e-03,-6.402466446161270142e-03,9.626176208257675171e-03,2.080641128122806549e-02,1.507822610437870026e-02,1.282419823110103607e-02,-2.454385906457901001e-02,1.680888351984322071e-03,-1.175176911056041718e-02,2.577683143317699432e-02,3.508834168314933777e-02,2.923172339797019958e-02,4.620436113327741623e-03,4.199812654405832291e-03,2.571261487901210785e-02,5.747450049966573715e-03,7.076748646795749664e-03,-1.619560830295085907e-02,1.057659182697534561e-02,-8.450998924672603607e-03,3.110686875879764557e-02,-4.076515510678291321e-02,1.676072017289698124e-03,1.388378441333770752e-02,-1.331867184489965439e-02,5.943312775343656540e-03,1.601579971611499786e-02,-9.587645530700683594e-03,2.364481613039970398e-02,2.578967437148094177e-02,-4.318614490330219269e-03,-1.778819784522056580e-02,2.645753510296344757e-02,3.490853309631347656e-02,5.805245600640773773e-03,3.637911053374409676e-03,-2.668871730566024780e-02,4.321825690567493439e-03,-4.488790407776832581e-03,-9.972949512302875519e-03,-3.254533559083938599e-02,3.609013278037309647e-03,-5.795612931251525879e-03,3.429204598069190979e-02,-1.194442156702280045e-02,9.388571605086326599e-03,1.899548247456550598e-02,2.509612776339054108e-02,5.208024289458990097e-03,-2.480072900652885437e-02,-2.426130324602127075e-02,8.078538812696933746e-03,-2.962023718282580376e-03,-3.898191789630800486e-05,-1.780104078352451324e-02,-4.379621148109436035e-02,-8.502372540533542633e-03,-1.070502679795026779e-02,-8.258347399532794952e-03,-8.637228980660438538e-03,2.876935899257659912e-02,6.742818281054496765e-03,4.463103599846363068e-03,-9.369306266307830811e-03,-1.263154670596122742e-02,1.938078738749027252e-02,-8.797772228717803955e-03,7.282244041562080383e-03,1.390947122126817703e-02,-9.048219770193099976e-03,-9.542693383991718292e-03,1.139215193688869476e-02,-2.392737194895744324e-02,3.668093308806419373e-02,1.127656083554029465e-02,1.289965352043509483e-03,-3.586537204682826996e-03,1.600616611540317535e-03,8.797772228717803955e-03,-2.315676398575305939e-02,1.173892524093389511e-02,-7.230869960039854050e-03,-2.776756882667541504e-02,2.632910013198852539e-02,9.488108917139470577e-04,-3.509476315230131149e-03,2.050137845799326897e-03,2.592774108052253723e-03,-1.958628185093402863e-02,2.474935352802276611e-02,-2.359344251453876495e-02,-3.917256370186805725e-02,1.583599112927913666e-02,9.499025344848632812e-02,-1.009496208280324936e-02,1.487273070961236954e-02,1.697905920445919037e-02,-1.469292212277650833e-02,6.081379950046539307e-03,-2.969408780336380005e-02,-1.608001627027988434e-02,8.155599352903664112e-04,-1.613138988614082336e-02,-2.918677171692252159e-03,-1.614423282444477081e-02,-2.178572583943605423e-03,-1.881567412056028843e-03,3.429204691201448441e-03,-6.020373664796352386e-03,8.328986354172229767e-03,-1.210496481508016586e-02,2.261734008789062500e-02,7.404256612062454224e-03,-2.596948295831680298e-02,-1.084630470722913742e-02,-4.694285802543163300e-03,9.934418834745883942e-03,2.159307245165109634e-03,-8.348251692950725555e-03,1.289483718574047089e-02,3.575620427727699280e-02,1.527087856084108353e-02,-1.037109643220901489e-02,-4.900583880953490734e-04,8.425312116742134094e-03,2.843542769551277161e-02,-1.370397582650184631e-02,1.742858067154884338e-02,6.729974877089262009e-03,1.819918863475322723e-02,2.329804375767707825e-02,1.049953140318393707e-02,-1.528372149914503098e-02,2.460807561874389648e-02,6.412099115550518036e-03,-1.051558530889451504e-03,-1.215633843094110489e-02,-2.412002533674240112e-02,-7.070326711982488632e-03,-1.989452540874481201e-02,3.750291466712951660e-02,-1.673503220081329346e-02,-3.005370497703552246e-02,2.286136522889137268e-02,-1.916244812309741974e-02,-3.955786675214767456e-02,-1.376819331198930740e-02,1.968902908265590668e-02,-6.312562152743339539e-03,-1.455324934795498848e-03,1.192515622824430466e-02,7.468474097549915314e-03,-2.318245172500610352e-02,-5.574063397943973541e-03,-1.870008371770381927e-02,2.144858427345752716e-02,-9.356463328003883362e-03,-1.152700837701559067e-02,7.577643264085054398e-04,-2.648322097957134247e-02,5.574063397943973541e-03,-2.871798537671566010e-02,1.500116568058729172e-02,-3.498559445142745972e-02,4.954366013407707214e-03,-1.151416543871164322e-02,1.825056225061416626e-02,1.316455006599426270e-02,2.679146453738212585e-02,1.480851322412490845e-02,-1.202790345996618271e-02,-4.443838261067867279e-03,6.017162464559078217e-03,-1.593873836100101471e-02,-1.440073363482952118e-03,1.673503220081329346e-02,-1.491126138716936111e-02,-1.407643593847751617e-02,8.354673162102699280e-03,2.559702284634113312e-02,-1.189946942031383514e-02,-1.321592368185520172e-02,1.268292032182216644e-02,-6.434575188905000687e-03,-1.187378168106079102e-02,1.767260581254959106e-02,-1.112886145710945129e-02,-1.153985224664211273e-02,1.798084937036037445e-02,9.728923439979553223e-03,1.056374888867139816e-02,-2.936015836894512177e-02,-1.681209355592727661e-02,-1.587773207575082779e-03,1.088483538478612900e-02,-1.993305608630180359e-02,-1.229761634021997452e-02,-3.551217727363109589e-03,1.198937278240919113e-02,-7.333617657423019409e-03,1.559196505695581436e-02,3.174743615090847015e-04,3.214076859876513481e-03,8.759242482483386993e-03,-2.268155664205551147e-02,-1.314528472721576691e-02,-3.442048327997326851e-03,-1.879961928352713585e-03,4.672452062368392944e-02,5.037848372012376785e-03,1.698548090644180775e-03,1.425624452531337738e-02,4.960787948220968246e-03,-6.424942519515752792e-03,-2.593095228075981140e-02,1.785241439938545227e-02,6.864831317216157913e-03,1.214510062709450722e-03,-1.008854061365127563e-02,-1.086557004600763321e-02,-2.648322097957134247e-02,3.347006440162658691e-02,-9.324354119598865509e-03,-6.017162464559078217e-03,3.819645941257476807e-02,-5.895149894058704376e-03,-2.596948295831680298e-02,-3.033626079559326172e-02,5.358935333788394928e-03,5.124541930854320526e-03,1.013028202578425407e-03,-1.941931620240211487e-02,-8.894098922610282898e-03,-4.498423077166080475e-03,-2.876935899257659912e-02,-2.083209715783596039e-02,-1.076924428343772888e-02,-6.187338382005691528e-03,-2.874367125332355499e-02,5.317193921655416489e-03,-3.748685994651168585e-04,-4.000738728791475296e-03,5.118120461702346802e-03,-7.873043417930603027e-03,9.234450757503509521e-03,-2.534015290439128876e-02,1.565618254244327545e-02,-1.519381720572710037e-02,-8.688603527843952179e-03,-3.216003254055976868e-02,-3.557639429345726967e-03,3.308476135134696960e-02,2.210360020399093628e-02,2.984820865094661713e-02,1.550206076353788376e-02,1.852669636718928814e-03,1.343426294624805450e-02,-7.648282684385776520e-03,-1.401221845299005508e-02,-1.532225217670202255e-02,-1.694052852690219879e-02,-5.016656965017318726e-02,-1.696621626615524292e-02,1.104537863284349442e-02,1.791663095355033875e-02,2.920603565871715546e-02,-1.179672125726938248e-02,2.184994285926222801e-03,2.128161862492561340e-02,-2.356775477528572083e-02,3.236552933230996132e-03,-4.456681665033102036e-03,-2.072934992611408234e-02,-6.074958480894565582e-03,-4.042480140924453735e-03,-8.821854135021567345e-04,-1.244531664997339249e-02,1.852027513086795807e-02,-3.503696992993354797e-02,2.661165595054626465e-02,2.123024500906467438e-02,-6.678601261228322983e-03,1.460301782935857773e-02,3.321319818496704102e-02,-3.156923502683639526e-02,4.651902616024017334e-02,1.036467496305704117e-02,-1.131509151309728622e-02,-1.207927707582712173e-02,1.351132337003946304e-02,1.142426114529371262e-02,-2.446679770946502686e-02,1.818634383380413055e-02,3.007939085364341736e-02,4.739237949252128601e-03,-2.820424549281597137e-02,-2.270724438130855560e-02,-3.287926688790321350e-02,-2.331088669598102570e-02,-6.367146968841552734e-03,4.402097314596176147e-03,1.238752063363790512e-02,-1.670934632420539856e-02,-2.139721065759658813e-02,-5.246554967015981674e-03,-1.872576959431171417e-02,-2.088347263634204865e-02,2.645753510296344757e-02,1.024266239255666733e-02,-1.437183562666177750e-02,1.437183562666177750e-02,-2.843542769551277161e-02,-1.640110276639461517e-02,9.561958722770214081e-03,-1.243247278034687042e-02,4.335953295230865479e-02,-1.768544875085353851e-02,2.169260941445827484e-02,2.324666827917098999e-03,2.704833447933197021e-02,-6.030006334185600281e-03,-9.947262704372406006e-03,4.912624601274728775e-03,-3.634700085967779160e-03,5.371778737753629684e-03,6.261188536882400513e-03,6.123121362179517746e-03,-5.940101691521704197e-04,-7.892308756709098816e-03,-1.679282868281006813e-03,-3.503696992993354797e-02,-2.103759348392486572e-02,1.965049840509891510e-02,-2.554564923048019409e-02,-8.065694943070411682e-03,1.338288933038711548e-02,-1.813497021794319153e-02,1.142426114529371262e-02,-1.503487932495772839e-03,-8.945472538471221924e-03,2.525024861097335815e-02,-2.189810574054718018e-02,-1.957343891263008118e-02,5.477737169712781906e-03,8.926207199692726135e-03,-1.082703936845064163e-02,1.405074913054704666e-02,1.392713049426674843e-03,-2.158986218273639679e-02,2.287420816719532013e-02,-1.227192953228950500e-02,-3.287926688790321350e-02,1.152058690786361694e-02,-1.278566755354404449e-02,3.043900802731513977e-02,1.976609043776988983e-02,1.100042648613452911e-02,2.703549107536673546e-03,2.097337692975997925e-02,-1.640110276639461517e-02,-4.546585958451032639e-03,9.979370981454849243e-03,2.953996695578098297e-02,-6.640070583671331406e-03,-1.840468309819698334e-02,-1.609446480870246887e-03,1.767260581254959106e-02,7.513426244258880615e-03,-2.871798537671566010e-02,4.819509573280811310e-03,-7.359304465353488922e-03,-1.822487451136112213e-02,-4.328247159719467163e-03,7.751030381768941879e-03,-4.378818266559392214e-04,-2.892990130931138992e-03,-2.485210262238979340e-02,-1.745426654815673828e-02,-2.869229763746261597e-02,-3.368198405951261520e-03,6.317378720268607140e-04,-1.785241416655480862e-03,-5.455261096358299255e-03,-5.972210783511400223e-03,8.759242482483386993e-03,-9.812406264245510101e-03,9.446367621421813965e-03,-1.690199784934520721e-02,-8.597093401476740837e-04,-5.265819840133190155e-03,2.766481973230838776e-02,-3.007939085364341736e-02,1.048026606440544128e-02,-1.459017489105463028e-02,1.835330948233604431e-02,-1.423055771738290787e-02,-2.173114009201526642e-02,-2.559060230851173401e-03,-5.577274132519960403e-03,-5.294717848300933838e-03,-4.530531819909811020e-03,-1.959912478923797607e-02,1.754417084157466888e-02,-4.244764801114797592e-03,1.601579971611499786e-02,1.460301782935857773e-02,-2.513465844094753265e-02,-1.096189580857753754e-02,4.992896690964698792e-03,1.134077832102775574e-02,-3.336089663207530975e-03,-2.537868358194828033e-02,1.952206529676914215e-02,-2.370903454720973969e-02,-1.025550533086061478e-02,4.475947003811597824e-03,-1.574608683586120605e-02,-7.346461061388254166e-03,3.370124846696853638e-02,-5.680021829903125763e-03,1.118665654212236404e-02,-2.486494556069374084e-02,1.387094054371118546e-02,-1.130224787630140781e-03,5.737817380577325821e-03,-2.345216460525989532e-02,-1.398653164505958557e-02,-7.860199548304080963e-03,-2.833589096553623676e-04,-7.134544197469949722e-03,-2.714787144213914871e-03,-1.723592728376388550e-02,-1.949637755751609802e-02,-2.904228167608380318e-03,2.277146093547344208e-02,-9.038587450049817562e-04,-1.035825349390506744e-02,-9.375728666782379150e-03,1.179672125726938248e-02,6.225066026672720909e-04,-1.754417084157466888e-02,-7.243713364005088806e-03,-2.486494556069374084e-02,-2.613644860684871674e-02,4.302560165524482727e-02,-6.929048802703619003e-03,-8.605120819993317127e-04,1.660659909248352051e-02,1.904043485410511494e-03,-3.321319818496704102e-02,-1.159122586250305176e-02,8.361094631254673004e-03,2.510897116735577583e-03,-2.758133690804243088e-03,-8.219816721975803375e-03,1.685062423348426819e-02,3.809371218085289001e-02,-5.596539471298456192e-03,1.590020768344402313e-02,-3.318750858306884766e-02,-7.384991477010771632e-05,7.975790649652481079e-03,-1.457733102142810822e-02,4.321825690567493439e-03,-3.381041809916496277e-03,-7.969369180500507355e-03,-2.942758612334728241e-03,2.220634929835796356e-02,-2.134583704173564911e-02,9.818827733397483826e-03,2.201369591057300568e-02,-1.191873382776975632e-02,1.272145099937915802e-02,-1.340857613831758499e-02,4.344301763921976089e-03,3.551217727363109589e-03,-6.335038226097822189e-03,1.434614881873130798e-02,-5.846987012773752213e-03,-5.426363553851842880e-03,-9.651863016188144684e-03,6.646492518484592438e-03,-3.115824237465858459e-02,4.504845011979341507e-03,1.460301782935857773e-02,-1.538807526230812073e-03,1.574608683586120605e-02,4.571470199152827263e-04,3.871100198011845350e-04,-1.250632223673164845e-03,-2.232193946838378906e-02,3.976336494088172913e-02,-7.962947711348533630e-03,7.828091271221637726e-03,-8.661311003379523754e-04,-1.597726903855800629e-02,-2.894916757941246033e-02,-7.436365354806184769e-03,2.953996695578098297e-02,-1.464154850691556931e-02,-8.560168556869029999e-03,-7.898730225861072540e-03,-1.922666467726230621e-02,-1.118023507297039032e-02,-1.764691807329654694e-02,3.740658750757575035e-03,-2.565481932833790779e-03,1.240678597241640091e-02,3.650754457339644432e-03,1.221413351595401764e-02,-3.935237228870391846e-02,2.191094867885112762e-02,2.730520442128181458e-02,3.067019023001194000e-02,-4.001541528850793839e-04,2.069402951747179031e-03,1.256732922047376633e-02,1.461586169898509979e-02,-8.219816721975803375e-03,-1.615707762539386749e-02,-1.732583157718181610e-02,-1.699190214276313782e-02,6.383201573044061661e-03,1.019771024584770203e-02,-1.241802354343235493e-03,-9.414258413016796112e-03,5.297928582876920700e-03,-3.038281865883618593e-04,1.348563702777028084e-03,2.046734392642974854e-01,-1.251595560461282730e-02,5.628647748380899429e-03,3.049038164317607880e-02,-5.994686391204595566e-03,2.245599316665902734e-04,1.952206529676914215e-02,-5.204813554883003235e-03,-1.302327215671539307e-02,2.727951668202877045e-02,-3.840195760130882263e-02,-9.003267623484134674e-03,-4.597960039973258972e-03,3.178757149726152420e-03,1.943216100335121155e-02,-5.800108239054679871e-02,-1.570755615830421448e-02,-1.807075366377830505e-02,-2.689421363174915314e-02,-3.609013184905052185e-02,1.241962891072034836e-02,-7.346461061388254166e-03,8.483108133077621460e-03,-1.338288933038711548e-02,1.700474508106708527e-02,1.223982032388448715e-02,-1.876430027186870575e-02,1.960233552381396294e-03,3.133805096149444580e-02,-8.226238191127777100e-03,-8.078538812696933746e-03,-2.151280082762241364e-02,-1.214991696178913116e-02,-6.437785923480987549e-03,-2.260449528694152832e-02,-8.913363330066204071e-03,1.882851682603359222e-02,-2.753638662397861481e-02,-9.170233272016048431e-03,-8.284034207463264465e-03,-1.188823138363659382e-03,-6.030006334185600281e-03,1.256732922047376633e-02,-1.371681876480579376e-02,-6.225869059562683105e-03,2.307970449328422546e-02,-9.118858724832534790e-03,-1.902117021381855011e-02,3.056744346395134926e-03,-2.567087300121784210e-03,-1.471860893070697784e-02,-5.734606646001338959e-03,1.324161048978567123e-02,1.430761814117431641e-02,2.668871730566024780e-02,-7.725343108177185059e-03,1.627266779541969299e-02,1.115454826503992081e-02,-6.986844353377819061e-03,6.864831317216157913e-03,4.803455434739589691e-03,2.650890871882438660e-02,-3.519108891487121582e-02,2.557133510708808899e-02,1.627266779541969299e-02,4.048259556293487549e-02,-4.523468017578125000e-02,-9.041798301041126251e-03,-4.472736269235610962e-03,1.318060443736612797e-03,6.678601261228322983e-03,-1.498832181096076965e-02,9.496135753579437733e-04,1.398653164505958557e-02,-5.281874444335699081e-03,-1.365260221064090729e-02,1.138251973316073418e-03,3.203159943222999573e-02,1.975324749946594238e-02,2.149995788931846619e-02,-1.886704750359058380e-02,9.921575896441936493e-03,-1.953811850398778915e-03,7.982213050127029419e-03,1.927803829312324524e-02,-9.285824373364448547e-03,3.028488717973232269e-02,-8.746398612856864929e-03,-2.066513337194919586e-02,2.505759708583354950e-02,7.256556767970323563e-03,-1.433330494910478592e-02,9.118858724832534790e-03,1.541215606266632676e-04,-2.143252873793244362e-03,-5.686443299055099487e-03,1.224624272435903549e-02,2.995737828314304352e-03,-2.187241800129413605e-02,3.721393644809722900e-03,-1.783636049367487431e-03,-4.135595168918371201e-03,2.838405407965183258e-02,3.354712575674057007e-02,-6.058903876692056656e-03,6.379990372806787491e-03,-1.713318005204200745e-02,6.691444665193557739e-03,1.081419643014669418e-02,-2.085778489708900452e-02,2.392095047980546951e-03,-1.310675498098134995e-02,-1.435899268835783005e-02,7.698051049374043941e-04,5.811667069792747498e-03,8.348251692950725555e-03,-1.810928434133529663e-02,-1.895695179700851440e-02,1.541215647011995316e-02,-1.227192953228950500e-02,-8.063287241384387016e-04,-2.289989590644836426e-02,2.631304552778601646e-03,-1.100724985008127987e-04,-1.432046201080083847e-02,-2.044679410755634308e-02,-3.832489624619483948e-02,1.878998801112174988e-02,4.225499462336301804e-03,-1.645247638225555420e-02,-8.007899858057498932e-03,-2.027982845902442932e-02,-8.162020705640316010e-03,2.580733562353998423e-04,1.541215647011995316e-02,2.260449528694152832e-02,2.029267325997352600e-02,-2.060091495513916016e-02,-2.193663641810417175e-02,-6.055693142116069794e-03,-2.500622346997261047e-02,1.086878124624490738e-03,1.711391494609415531e-03,1.419202703982591629e-02,3.286321181803941727e-03,-2.905191481113433838e-02,3.187747672200202942e-02,1.119307894259691238e-02,-2.148711495101451874e-02,-1.414065342396497726e-02,-5.127752665430307388e-03,-8.579433895647525787e-03,6.704288069158792496e-03,-2.977114915847778320e-02,2.097337692975997925e-02,5.907993298023939133e-03,-6.800613831728696823e-03,-3.576102026272565126e-04,2.040505176410079002e-03,7.828091271221637726e-03,-3.793959319591522217e-02,8.142756298184394836e-03,1.686346717178821564e-02,4.697497002780437469e-03,-1.381475012749433517e-03,1.695337146520614624e-02,-1.618276387453079224e-01,7.500382344005629420e-05,2.291273884475231171e-02,-1.649100705981254578e-02,7.667547557502985001e-03,-1.462870463728904724e-02,1.970187388360500336e-02,-8.348251692950725555e-03,-7.116081542335450649e-04,4.247975535690784454e-03,1.385689247399568558e-04,-1.537362579256296158e-02,-2.594379708170890808e-02,2.577683143317699432e-02,-1.000505778938531876e-02,1.552774757146835327e-02,-2.010001987218856812e-02,7.340039592236280441e-03,2.451817132532596588e-02,1.348563656210899353e-02,1.306822430342435837e-02,3.056744346395134926e-03,-9.099594317376613617e-03,-1.048026606440544128e-02,-7.070326711982488632e-03,2.021561190485954285e-02,-1.210496481508016586e-02,3.628278383985161781e-03,-2.079356834292411804e-02,1.716207829304039478e-03,-1.366544514894485474e-02,2.034404687583446503e-02,3.416361287236213684e-02,1.028761453926563263e-02,9.041798301041126251e-03,-9.446367621421813965e-03,-7.930838502943515778e-03,-1.198295131325721741e-02,9.594066999852657318e-03,3.357281535863876343e-02,1.699190214276313782e-02,1.976609043776988983e-02,-1.378103625029325485e-02,1.403790526092052460e-02,1.281135529279708862e-02,2.722814306616783142e-02,-1.085914857685565948e-02,5.789190996438264847e-03,8.367516100406646729e-03,-2.776756882667541504e-02,1.623413711786270142e-02,-4.084221553057432175e-03,-7.102435454726219177e-03,-5.856619216501712799e-03,1.443605311214923859e-02,1.478282641619443893e-02,-7.783139124512672424e-03,-1.485025510191917419e-03,-9.773875586688518524e-03,-1.266365498304367065e-02,-7.230869960039854050e-03,-9.581224061548709869e-03,3.539658710360527039e-02,-1.185451727360486984e-02,1.273911097086966038e-03,-3.076009452342987061e-03,-2.781894244253635406e-02,-8.065694943070411682e-03,-2.884641848504543304e-02,1.113528292626142502e-02,1.255448535084724426e-02,-1.390947122126817703e-02,3.205728530883789062e-02,-3.257102519273757935e-02,1.647174241952598095e-03,4.244764801114797592e-03,-1.115454826503992081e-02,8.187708444893360138e-03,1.399937551468610764e-02,-4.780979361385107040e-03,-7.956525310873985291e-03,3.868451341986656189e-02,-2.738226391375064850e-02,3.120961599051952362e-03,3.756713122129440308e-03,1.236986136063933372e-03,1.859733462333679199e-02,8.739977143704891205e-03,-2.691989950835704803e-02,6.010740995407104492e-03,-6.497990107163786888e-04,1.080135256052017212e-02,-1.972755976021289825e-02,-1.090410072356462479e-02,1.092978753149509430e-02,2.176967076957225800e-02,7.558378390967845917e-03,-9.664705954492092133e-03,9.271375020034611225e-04,-1.544426544569432735e-03,-1.399134867824614048e-03,-3.033626079559326172e-02,-2.869229763746261597e-02,2.260449528694152832e-02,2.360628545284271240e-02,-1.406359300017356873e-02,9.529849514365196228e-03,-2.722814213484525681e-03,2.346500754356384277e-02,-2.276503946632146835e-03,-1.311317645013332367e-02,1.494979113340377808e-02,1.181598659604787827e-02,-4.326641792431473732e-04,2.318245172500610352e-02,7.590487133711576462e-03,7.057483308017253876e-03,1.010419364320114255e-04,3.246827423572540283e-02,2.441863529384136200e-03,3.169766813516616821e-02,-5.076379049569368362e-03,-2.003580331802368164e-02,3.154354542493820190e-02,-2.910328842699527740e-02,-2.831983612850308418e-03,-1.117895096540451050e-01,-3.912118822336196899e-02,1.834046654403209686e-02,3.840195760130882263e-02,-3.080825787037611008e-03,1.027477066963911057e-02,1.881567388772964478e-02,1.313886325806379318e-02,-1.218844670802354813e-02,-5.406295531429350376e-04,-1.436059712432324886e-03,-9.271375020034611225e-04,-5.638280417770147324e-03,-2.356775570660829544e-03,1.389662735164165497e-02,4.125962499529123306e-03,1.241320744156837463e-02,-3.023030236363410950e-03,-1.819918863475322723e-02,4.447049461305141449e-03,-1.796800643205642700e-02,-4.325036425143480301e-03,6.575853563845157623e-03,-1.474429573863744736e-02,2.485210262238979340e-02,-6.152018904685974121e-03,-2.810149826109409332e-02,-4.318614490330219269e-03,1.152058690786361694e-02,6.993265822529792786e-03,-1.682493649423122406e-02,8.213395252823829651e-03,-7.172271725721657276e-04,-1.100684795528650284e-02,-1.712033711373806000e-02,-8.181286044418811798e-03,-1.456448808312416077e-02,5.834143143147230148e-03,2.035688981413841248e-02,-1.664512790739536285e-02,1.433330494910478592e-02,1.633688621222972870e-02,1.152058690786361694e-02,-1.673503220081329346e-02,2.141005359590053558e-02,-2.288705296814441681e-02,-1.604148559272289276e-02,8.117068558931350708e-03,7.025374565273523331e-03,-1.764691807329654694e-02,-1.764691807329654694e-02,-1.213065162301063538e-02,-8.335407823324203491e-03,-6.335038226097822189e-03,1.309391111135482788e-02,-2.802443690598011017e-02,9.035376831889152527e-03,8.117068558931350708e-03,-2.302833087742328644e-02,-1.664833980612456799e-03,-6.572642363607883453e-03,-3.570482833310961723e-03,-1.035183202475309372e-02,2.602406777441501617e-03,-6.269215373322367668e-04,-2.555849263444542885e-03,-1.349848043173551559e-02,-2.758776023983955383e-02,2.287420816719532013e-02,-4.212656058371067047e-03,1.669650338590145111e-02,-2.080791637126822025e-05,-1.652953773736953735e-02,1.776251010596752167e-02,-1.789094507694244385e-02,8.656494319438934326e-03,-5.914414767175912857e-03,-7.706078235059976578e-03,2.083851955831050873e-03,-3.087568655610084534e-02,-2.352922596037387848e-02,-2.599517069756984711e-02,-1.762765343300998211e-03,-1.325445435941219330e-02,2.595664002001285553e-02,6.261188536882400513e-03,1.998442970216274261e-02,7.320774253457784653e-03,5.461683031171560287e-03,-6.248345132917165756e-03,1.175176911056041718e-02,2.144858473911881447e-03,1.739004999399185181e-02,-3.580757603049278259e-02,-8.566590026021003723e-03,2.769050747156143188e-02,-3.544795885682106018e-02,-2.510897070169448853e-02,1.098758261650800705e-02,4.037663748022168875e-04,-1.538646966218948364e-02,1.134719979017972946e-02,-5.574063211679458618e-02,2.725382894277572632e-02,-1.581030339002609253e-02,-1.510391291230916977e-02,2.144858427345752716e-02,-1.699190214276313782e-02,3.371409140527248383e-03,-5.686443299055099487e-03,-2.273293025791645050e-02,5.342880729585886002e-03,-1.709464937448501587e-02,2.388884313404560089e-02,-6.270821206271648407e-03,-3.059313073754310608e-02,-1.235541235655546188e-02,-6.929048802703619003e-03,-5.423152353614568710e-03,-4.607592709362506866e-03,7.442787289619445801e-03,7.551956456154584885e-03,1.804506592452526093e-02,-1.699190214276313782e-02,-1.957343891263008118e-02,1.335720252245664597e-02,-2.445395477116107941e-02,7.057483308017253876e-03,-3.045506309717893600e-03,3.316824557259678841e-03,-6.492370739579200745e-03,1.969866221770644188e-03,1.141141727566719055e-02,-2.125593274831771851e-02,1.831477880477905273e-02,1.530940830707550049e-02,5.991475656628608704e-03,-3.267377242445945740e-02,-1.852027513086795807e-02,3.059313073754310608e-02,2.269439958035945892e-02,3.449754416942596436e-02,1.438467949628829956e-02,-2.274577319622039795e-02,3.524246439337730408e-02,-1.259943749755620956e-02,-1.369113195687532425e-02,-1.633688621222972870e-02,-6.811049534007906914e-04,3.323888406157493591e-02,2.341363392770290375e-02,-2.043716143816709518e-03,2.658597007393836975e-02,1.809643954038619995e-02,2.079356834292411804e-02,-1.429477520287036896e-02,1.289162668399512768e-03,-1.873540226370096207e-03,1.340857613831758499e-02,-2.360628545284271240e-02,8.181286044418811798e-03,-1.475713960826396942e-02,7.099866867065429688e-02,2.228340879082679749e-02,1.227192953228950500e-02,-2.709970809519290924e-02,-5.041059572249650955e-03,3.824141342192888260e-03,3.605802310630679131e-03,-4.992896574549376965e-04,-1.730656716972589493e-03,1.314046909101307392e-03,1.402506232261657715e-02,9.382150135934352875e-03,2.160912845283746719e-03,1.791663095355033875e-02,1.334435865283012390e-02,1.049150479957461357e-03,-1.692768558859825134e-02,9.221606887876987457e-03,-1.584883406758308411e-02,-5.426363553851842880e-03,1.619560830295085907e-02,4.668598994612693787e-03,-1.755701377987861633e-02,1.563049480319023132e-02,5.917625967413187027e-03,-4.145227838307619095e-03,5.610988009721040726e-04,1.204716879874467850e-02,-5.644702352583408356e-03,-9.722501970827579498e-03,-2.144858427345752716e-02,9.709658101201057434e-03,2.794737741351127625e-02,-2.185957506299018860e-02,1.682493649423122406e-02,9.927997365593910217e-03,6.402466446161270142e-03,9.651863016188144684e-03,-9.215185418725013733e-03,4.282492445781826973e-04,-8.553747087717056274e-03,-1.375534944236278534e-02,1.357554085552692413e-02,-1.139215193688869476e-02,-2.198801003396511078e-02,1.852027513086795807e-02,-2.350353822112083435e-02,-2.815287187695503235e-02,-1.392231415957212448e-02,3.051606938242912292e-02,2.062660269439220428e-02,1.944500394165515900e-02,-4.999318160116672516e-03,6.813457235693931580e-03,-1.053163968026638031e-02,-1.024266239255666733e-02,-4.912624601274728775e-03,2.265265909954905510e-03,-1.687631197273731232e-02,4.479800164699554443e-02,1.355788088403642178e-03,8.547324687242507935e-03,2.928309701383113861e-02,-2.805012464523315430e-02,2.324666827917098999e-02,-3.711760789155960083e-02,2.060091495513916016e-02,-1.608001627027988434e-02,3.980972178396768868e-05,-6.132754031568765640e-03,5.185548216104507446e-03,-6.360725499689579010e-03,-4.770062491297721863e-02,-3.077293932437896729e-02,-9.529849514365196228e-03,2.995095774531364441e-02,-2.006791066378355026e-03,2.807581052184104919e-02,3.560850163921713829e-03,4.839416965842247009e-02,-9.712869068607687950e-04,-3.054175712168216705e-02,-3.039084607735276222e-03,3.621856868267059326e-02,3.177472949028015137e-02,-4.032847471535205841e-03,-6.363936234265565872e-03,2.558417990803718567e-02,-1.256090775132179260e-02,4.305129125714302063e-02,-1.308748964220285416e-02,4.453470930457115173e-03,-2.337510325014591217e-02,-3.182610124349594116e-02,-1.078208722174167633e-02,8.438155986368656158e-03,2.182104438543319702e-02,-2.067797631025314331e-02,3.047111677005887032e-03,1.822487451136112213e-02,-1.894410932436585426e-03,1.390947122126817703e-02,-3.663598094135522842e-03,-1.131509151309728622e-02,-8.200551383197307587e-03,2.504475414752960205e-02,-8.406046777963638306e-03,5.127752665430307388e-03,-3.531952574849128723e-02,4.437416791915893555e-03,1.718455366790294647e-02,-2.233478240668773651e-02,-6.306140683591365814e-03,1.854596100747585297e-02,3.003765130415558815e-03,-1.971471682190895081e-02,-1.186093874275684357e-02,5.789190996438264847e-03,1.848174445331096649e-02,-3.000233136117458344e-02,3.390674293041229248e-02,-1.114812679588794708e-02,4.591538105159997940e-03,2.399159036576747894e-02,-9.183076326735317707e-04,1.415349729359149933e-02,1.484704390168190002e-02,-1.807075366377830505e-02
-8.515063673257827759e-03,-2.897624112665653229e-02,-6.582216359674930573e-03,-1.095828693360090256e-02,-2.102094516158103943e-02,-7.481138221919536591e-03,-5.062939599156379700e-02,-4.222628474235534668e-02,-1.224246155470609665e-02,-4.288812924642115831e-04,3.155776113271713257e-02,1.371102966368198395e-02,-6.427457090467214584e-03,-8.304326795041561127e-03,-2.237755991518497467e-02,2.104728668928146362e-02,2.423467300832271576e-02,9.430449455976486206e-03,1.219636294990777969e-02,2.106045745313167572e-02,-3.707641735672950745e-03,-4.576928913593292236e-03,2.078386768698692322e-02,-1.179464720189571381e-02,-1.018119696527719498e-02,1.755696721374988556e-02,4.073137417435646057e-03,-1.812332123517990112e-02,-1.741208694875240326e-02,-1.705646887421607971e-02,-2.010638272622600198e-04,1.168927922844886780e-02,-8.337254635989665985e-03,9.259225800633430481e-03,-2.578885480761528015e-02,-1.446177810430526733e-02,1.043144613504409790e-02,-1.239392813295125961e-02,3.016163222491741180e-02,8.231886662542819977e-03,2.193797699874266982e-04,-2.132058609277009964e-03,9.950703941285610199e-03,5.105086788535118103e-02,-2.564397267997264862e-02,5.877566989511251450e-03,-2.751096384599804878e-03,-2.192974556237459183e-03,-1.036559138447046280e-02,2.289122901856899261e-02,1.207782421261072159e-02,3.460685024037957191e-03,-2.109997160732746124e-02,6.252940744161605835e-03,-3.822888014838099480e-03,2.478785626590251923e-02,7.540408056229352951e-03,3.151166252791881561e-03,-6.941126659512519836e-03,4.092894028872251511e-03,4.952303133904933929e-03,9.252640418708324432e-03,-2.378685958683490753e-02,1.542326249182224274e-02,1.591059006750583649e-02,-6.986813968978822231e-05,-1.846576854586601257e-02,1.062242593616247177e-02,-1.775453239679336548e-02,-9.002391248941421509e-03,1.313809119164943695e-02,1.275613158941268921e-02,-1.467251405119895935e-02,-1.182098872959613800e-03,2.495907992124557495e-02,-2.138973399996757507e-02,-2.700058743357658386e-02,-1.136823557317256927e-03,-4.247653298079967499e-03,-1.484373770654201508e-02,-3.233484923839569092e-03,-1.930871233344078064e-02,3.164337249472737312e-03,2.692156098783016205e-02,1.343443896621465683e-02,-1.244661211967468262e-02,-2.905526570975780487e-02,1.451446209102869034e-02,1.182757411152124405e-02,-2.532786875963211060e-02,7.467967458069324493e-03,2.191657386720180511e-02,7.421868853271007538e-03,1.434323936700820923e-02,-2.152144350111484528e-02,2.074435353279113770e-02,-3.590419515967369080e-02,4.248970374464988708e-02,-7.454796228557825089e-03,-1.760965213179588318e-02,6.592094898223876953e-03,9.680698625743389130e-03,6.443920545279979706e-03,-1.093853078782558441e-02,-2.383954264223575592e-02,-2.412930503487586975e-02,-1.243344135582447052e-02,2.087606349959969521e-03,1.446177810430526733e-02,-3.097823448479175568e-02,8.301857742480933666e-04,6.148231402039527893e-02,1.938773877918720245e-02,-6.780440360307693481e-02,-6.671943701803684235e-04,-2.688534092158079147e-03,1.194446696899831295e-03,-2.146876044571399689e-02,-3.121531382203102112e-02,-3.749624302145093679e-04,4.949009977281093597e-03,6.657949648797512054e-03,-6.289161276072263718e-03,-1.656914129853248596e-02,-7.922367192804813385e-03,1.317101810127496719e-02,-2.513030357658863068e-02,-3.927597776055335999e-02,-1.509398687630891800e-02,-1.325004454702138901e-02,4.172578454017639160e-02,1.716183684766292572e-02,2.844939939677715302e-02,2.082337997853755951e-02,-1.218977756798267365e-02,3.801155835390090942e-02,-1.800478249788284302e-02,-1.676670648157596588e-02,-2.844939939677715302e-03,-2.312830835580825806e-02,1.519935484975576401e-02,2.765913866460323334e-02,-8.969463407993316650e-03,6.345137953758239746e-03,1.183416042476892471e-02,1.986189559102058411e-02,1.368468813598155975e-02,1.538374926894903183e-02,6.450506392866373062e-03,-4.063259344547986984e-03,5.834761075675487518e-03,-1.618718169629573822e-02,2.873916178941726685e-02,-3.419196233153343201e-02,1.328955776989459991e-02,1.256185933016240597e-03,-6.019155494868755341e-03,2.844939939677715302e-02,-1.561588840559124947e-03,8.159445598721504211e-03,2.787316683679819107e-03,5.930250976234674454e-03,1.200538314878940582e-02,1.982238329946994781e-02,3.089920990169048309e-02,2.918697707355022430e-02,2.624325454235076904e-03,-2.021751366555690765e-02,-1.353980693966150284e-02,-4.297044593840837479e-03,-2.533774590119719505e-03,9.311909787356853485e-03,-2.900258265435695648e-02,2.623666822910308838e-02,-1.480422448366880417e-02,1.108341198414564133e-02,9.726797230541706085e-03,2.320733480155467987e-02,-3.474514558911323547e-02,2.105716615915298462e-03,-2.676350995898246765e-02,1.671402156352996826e-02,3.537735715508460999e-02,1.531789451837539673e-02,3.819595323875546455e-03,-5.778784397989511490e-03,1.830771565437316895e-02,6.888442672789096832e-03,5.498900078237056732e-03,-7.092593237757682800e-03,-1.680333807598799467e-04,1.699061319231987000e-02,-9.377765469253063202e-03,-1.928237080574035645e-02,-6.621334552764892578e-01,-7.816999219357967377e-03,1.443543657660484314e-02,-4.306923132389783859e-03,2.042824961245059967e-02,-2.747391990851610899e-04,-2.602922497317194939e-03,-1.110975444316864014e-02,-7.079422473907470703e-03,1.975652761757373810e-02,-1.712232455611228943e-02,1.803112402558326721e-02,-3.277937183156609535e-03,-5.195966921746730804e-03,1.708281040191650391e-02,-1.397445052862167358e-02,-2.757681941147893667e-04,1.325333723798394203e-03,-2.707961387932300568e-02,1.185391657054424286e-02,-9.180199354887008667e-03,9.766310453414916992e-03,6.322088651359081268e-03,1.153781171888113022e-02,1.199221238493919373e-02,2.053361758589744568e-02,1.135177095420658588e-03,7.586506661027669907e-03,-1.555497292429208755e-02,9.285568259656429291e-03,-3.066213056445121765e-02,3.600956499576568604e-02,-4.511073697358369827e-03,1.217660680413246155e-02,4.162041842937469482e-02,-1.159708201885223389e-02,-2.569665759801864624e-02,2.202194184064865112e-02,-6.934541277587413788e-03,3.816961124539375305e-02,2.838354557752609253e-03,-3.909158334136009216e-02,6.032326258718967438e-03,-1.375054288655519485e-02,3.743862034752964973e-03,2.682936377823352814e-02,1.996726356446743011e-02,6.460384465754032135e-03,1.541009172797203064e-02,-8.396524004638195038e-03,-1.551545970141887665e-02,6.980639882385730743e-03,-2.260146662592887878e-02,3.005626425147056580e-02,5.136697087436914444e-03,6.592094898223876953e-03,2.992455288767814636e-02,-1.301296614110469818e-02,7.698460016399621964e-03,-6.430749781429767609e-03,2.485371194779872894e-02,1.583156362175941467e-02,-2.837037295103073120e-02,-1.865016110241413116e-02,-3.253241628408432007e-02,-1.112292520701885223e-02,2.104070270434021950e-03,1.906504854559898376e-03,1.817600615322589874e-02,-2.192974649369716644e-02,-4.163276462350040674e-04,1.749111153185367584e-02,1.596327498555183411e-02,2.433345653116703033e-03,1.417201571166515350e-02,1.639791764318943024e-02,8.943121880292892456e-03,-2.059947326779365540e-02,-1.342620700597763062e-03,1.125298906117677689e-03,4.721810109913349152e-03,1.391188823617994785e-03,-3.587785363197326660e-02,5.785369779914617538e-03,2.643423341214656830e-02,1.364517491310834885e-02,-1.569985412061214447e-02,-2.016482874751091003e-02,2.304928191006183624e-02,-1.440909411758184433e-02,5.103769362904131413e-04,3.242704644799232483e-02,4.227896686643362045e-03,-3.255875781178474426e-02,2.185072004795074463e-02,3.605566220358014107e-03,-1.847893930971622467e-02,1.493593491613864899e-02,3.524564579129219055e-02,-8.212129585444927216e-03,5.815004464238882065e-03,2.232487685978412628e-02,2.834403142333030701e-02,2.526201307773590088e-02,1.389542408287525177e-02,1.684573292732238770e-02,-2.012531645596027374e-02,1.518618408590555191e-02,1.584638142958283424e-03,-3.361243754625320435e-02,-1.364517491310834885e-02,2.273647114634513855e-03,4.395827185362577438e-03,-1.064876839518547058e-02,1.182757411152124405e-02,-2.291757240891456604e-02,1.226221770048141479e-02,-6.539410445839166641e-03,3.859108313918113708e-03,-2.254878357052803040e-02,1.030632201582193375e-02,2.453760802745819092e-02,3.921670839190483093e-03,-3.911792486906051636e-02,1.016144081950187683e-02,3.137336671352386475e-02,1.155098341405391693e-02,-1.185391657054424286e-02,-8.317498490214347839e-03,1.152464095503091812e-02,-7.474552839994430542e-03,1.125463563948869705e-02,2.341807074844837189e-02,-1.797844097018241882e-02,1.672719419002532959e-02,-7.190553005784749985e-04,2.395808324217796326e-02,-2.588105201721191406e-02,3.116262890398502350e-02,-1.937456801533699036e-02,5.107062403112649918e-03,9.371179156005382538e-03,-1.512032933533191681e-02,-3.766911104321479797e-02,-8.849278092384338379e-04,-3.213728591799736023e-02,-4.086308646947145462e-03,7.698460016399621964e-03,-3.155776113271713257e-02,2.831768989562988281e-02,4.059966187924146652e-03,-4.873276688158512115e-03,-1.737257279455661774e-02,-1.838674210011959076e-02,1.243014819920063019e-03,-2.074435353279113770e-02,-1.958530396223068237e-02,-2.568348497152328491e-02,4.837056621909141541e-03,-8.508478291332721710e-03,1.630572043359279633e-02,1.871601678431034088e-02,-5.301334895193576813e-03,-1.264417730271816254e-02,5.172917619347572327e-03,-4.576928913593292236e-03,9.562158957123756409e-03,-1.112951058894395828e-02,-2.339172922074794769e-02,-3.271681070327758789e-02,1.111633982509374619e-02,1.436958089470863342e-02,-1.647200435400009155e-03,2.264098078012466431e-02,1.730754156596958637e-04,1.580522209405899048e-02,-2.831768989562988281e-02,-2.100777439773082733e-02,-8.798240683972835541e-03,2.734303474426269531e-02,2.750108577311038971e-02,2.279903367161750793e-02,-2.611812949180603027e-02,-5.498900078237056732e-03,2.731340005993843079e-03,-1.144746693171327934e-05,-2.624983899295330048e-02,1.879504323005676270e-02,9.417277760803699493e-03,2.166632562875747681e-02,7.599677424877882004e-03,1.766233518719673157e-02,6.470263004302978516e-03,2.010226715356111526e-03,7.178205065429210663e-03,2.503810636699199677e-02,-3.096835687756538391e-03,-7.691874634474515915e-03,1.460665930062532425e-02,3.687885031104087830e-02,3.974354825913906097e-03,-1.745159924030303955e-02,1.232148800045251846e-02,1.266064122319221497e-03,1.697744242846965790e-02,-5.012889578938484192e-02,2.867989242076873779e-03,-2.665814198553562164e-02,1.849211007356643677e-02,2.480102702975273132e-02,-1.247953996062278748e-02,-3.500856831669807434e-02,1.181275700218975544e-03,-7.421868853271007538e-03,1.189342979341745377e-02,1.020095404237508774e-02,-2.385271340608596802e-02,5.087305791676044464e-03,3.434343030676245689e-03,7.467967458069324493e-03,-3.658250439912080765e-03,-5.660245195031166077e-03,8.363597095012664795e-03,8.436037227511405945e-03,-1.778087392449378967e-02,3.200557455420494080e-02,3.398122638463973999e-02,-7.342842873185873032e-03,-1.634523458778858185e-02,-2.431369945406913757e-02,2.881818823516368866e-02,-7.718216627836227417e-03,-5.298042204231023788e-03,7.342842873185873032e-04,1.988823711872100830e-02,-5.676709115505218506e-03,1.886089891195297241e-02,-3.042505308985710144e-02,7.507480680942535400e-03,-2.146876044571399689e-02,1.504130288958549500e-02,4.032965749502182007e-02,1.688524521887302399e-02,1.608181372284889221e-02,1.488325092941522598e-02,2.243024483323097229e-02,6.895028054714202881e-03,9.107759222388267517e-03,-3.527198731899261475e-02,-4.171920008957386017e-03,-2.250597812235355377e-03,3.498222306370735168e-02,-3.340170159935951233e-02,-1.907163485884666443e-02,1.596327498555183411e-02,-7.105764467269182205e-03,-1.789941452443599701e-02,1.969067193567752838e-02,-2.573287812992930412e-03,1.958530396223068237e-02,1.505447365343570709e-02,-1.080023497343063354e-02,-1.313809119164943695e-02,1.620035246014595032e-02,3.182118013501167297e-02,9.463376365602016449e-03,-2.046447014436125755e-03,-2.095508947968482971e-02,-5.139989778399467468e-03,2.877867547795176506e-03,-4.402413032948970795e-03,-3.010894730687141418e-02,-4.955595824867486954e-03,-9.828872280195355415e-04,3.124165534973144531e-02,-7.033323869109153748e-03,4.346435889601707458e-03,2.892355620861053467e-02,2.430052869021892548e-02,5.482436390593647957e-04,-3.321730718016624451e-02,-3.116262890398502350e-02,1.834722794592380524e-02,2.331270137801766396e-03,-7.474552839994430542e-03,-5.581219214946031570e-03,-4.133065417408943176e-02,-1.011534221470355988e-02,-1.149829942733049393e-02,-1.625303737819194794e-02,-3.012870438396930695e-04,1.502813212573528290e-02,-6.918900762684643269e-04,-7.197961676865816116e-03,-8.205544203519821167e-03,2.956893527880311012e-03,2.543323673307895660e-02,-2.648691833019256592e-02,2.015165798366069794e-02,1.308540720492601395e-02,-8.475550450384616852e-03,-3.139970824122428894e-02,2.407003659754991531e-03,-2.158729918301105499e-02,6.221989169716835022e-02,1.190660055726766586e-02,-1.107024122029542923e-02,7.329671643674373627e-03,1.433171448297798634e-03,-5.008279811590909958e-03,-1.312491949647665024e-02,9.292153641581535339e-03,-3.050407767295837402e-02,-1.061584055423736572e-02,2.677668072283267975e-02,1.041827537119388580e-02,-5.838053766638040543e-03,-4.715224727988243103e-03,3.931548912078142166e-03,-1.305247936397790909e-02,2.028336748480796814e-03,-1.903212070465087891e-02,-4.333265125751495361e-02,1.162342354655265808e-02,7.433722913265228271e-02,1.392176654189825058e-02,8.225301280617713928e-03,1.091218832880258560e-02,-6.322088651359081268e-03,1.078047882765531540e-02,-2.634203620254993439e-02,-1.905846409499645233e-02,-9.672466549091041088e-04,-4.758030176162719727e-03,1.886089891195297241e-02,-3.192654997110366821e-02,1.729354634881019592e-02,-4.218841786496341228e-04,6.266111973673105240e-03,-7.718216627836227417e-03,-2.426101639866828918e-02,-8.936535567045211792e-03,2.283854596316814423e-02,7.691874634474515915e-03,-9.825579822063446045e-03,4.125821404159069061e-03,2.229194855317473412e-03,1.352663617581129074e-02,4.978645127266645432e-03,-8.185788057744503021e-03,6.200256757438182831e-03,3.245338797569274902e-02,1.375054288655519485e-02,-3.836059011518955231e-03,-1.469885651022195816e-02,1.425104215741157532e-02,2.739571779966354370e-02,-5.936836358159780502e-03,1.691158674657344818e-02,-7.263816427439451218e-03,2.373417466878890991e-02,1.999360509216785431e-02,8.982634171843528748e-03,3.391537116840481758e-03,1.712232455611228943e-02,2.455077879130840302e-02,-9.812409058213233948e-03,-2.090240642428398132e-02,-5.910494364798069000e-03,-1.294711139053106308e-02,-1.115585211664438248e-02,1.879504323005676270e-02,-1.655597053468227386e-02,-3.600956499576568604e-02,9.193371050059795380e-03,-1.973018608987331390e-02,-3.690519183874130249e-02,-1.931200618855655193e-03,1.759648136794567108e-02,1.095828693360090256e-02,1.177159720100462437e-03,2.081020921468734741e-02,-9.786066599190235138e-03,1.000997377559542656e-03,-7.652361877262592316e-03,-1.450129132717847824e-02,1.995409280061721802e-02,-1.146537158638238907e-02,-2.016482874751091003e-02,1.267710514366626740e-02,-4.309557378292083740e-02,2.358929440379142761e-02,-3.687885031104087830e-02,1.621352322399616241e-02,-2.189023233950138092e-02,-5.288163665682077408e-03,-3.240070492029190063e-02,1.547594647854566574e-02,1.339492574334144592e-02,2.341807074844837189e-02,9.252640418708324432e-03,1.323687378317117691e-03,1.484373770654201508e-02,1.481739524751901627e-02,-6.661242339760065079e-03,-9.469961747527122498e-03,1.691158674657344818e-02,-2.628935314714908600e-02,-1.249271072447299957e-02,4.590099677443504333e-03,1.033266354352235794e-02,-1.755696721374988556e-02,-1.361883338540792465e-02,1.896626688539981842e-02,1.182922045700252056e-03,4.804128780961036682e-03,-2.463134842400904745e-05,-6.914784666150808334e-03,-5.271700210869312286e-03,9.326727595180273056e-04,3.103421302512288094e-03,1.890041166916489601e-03,-9.173613972961902618e-03,-1.317760348320007324e-02,-8.172617293894290924e-03,9.456790983676910400e-03,-1.693793013691902161e-02,-7.046494632959365845e-03,6.947712041437625885e-03,-5.284870974719524384e-03,6.655480246990919113e-04,2.127119526267051697e-02,-1.286149956285953522e-02,6.848929449915885925e-03,1.236100029200315475e-02,-1.338834036141633987e-02,-1.230173092335462570e-02,9.035318158566951752e-03,6.328674498945474625e-03,3.677348420023918152e-02,8.541405200958251953e-03,1.303272228688001633e-02,1.049071643501520157e-02,1.517301332205533981e-02,8.870680816471576691e-03,4.231189843267202377e-03,1.995409280061721802e-02,-6.733683403581380844e-04,-4.188383929431438446e-03,7.507480680942535400e-03,-1.768867857754230499e-02,-1.937456801533699036e-02,1.804429478943347931e-02,1.435641013085842133e-02,1.209099497646093369e-02,3.371780738234519958e-02,-1.190660055726766586e-02,-2.414247579872608185e-02,-4.217360168695449829e-02,3.997404128313064575e-03,1.756684621796011925e-03,-3.032627049833536148e-03,-1.220953371375799179e-02,-1.093194540590047836e-02,8.646773174405097961e-03,-1.751745492219924927e-02,-3.292754665017127991e-02,-2.614447101950645447e-02,1.456220750696957111e-03,-3.474514558911323547e-02,1.775453239679336548e-02,-4.264117218554019928e-03,-7.632605265825986862e-03,1.114926673471927643e-02,-1.465934328734874725e-02,1.485855551436543465e-03,4.050088173244148493e-04,1.232148800045251846e-02,4.138992633670568466e-03,-2.163998410105705261e-02,-3.869645297527313232e-02,-6.019155494868755341e-03,3.577248752117156982e-02,2.834403142333030701e-02,2.850208431482315063e-02,3.198910970240831375e-03,1.733306050300598145e-02,5.772199016064405441e-03,-7.968465797603130341e-03,-1.807063631713390350e-02,-1.992116449400782585e-03,2.472858643159270287e-03,-4.441267251968383789e-02,1.866580278147011995e-04,6.025740876793861389e-03,1.101755723357200623e-02,4.148870706558227539e-02,2.836707979440689087e-03,5.548291373997926712e-03,1.706963963806629181e-02,-1.480422448366880417e-02,-6.677706260234117508e-03,-8.923364803194999695e-03,-1.724086329340934753e-02,3.291108179837465286e-03,-1.502813212573528290e-02,3.424464724957942963e-03,-6.743561476469039917e-03,3.147873328998684883e-03,-3.888084739446640015e-02,3.703690320253372192e-02,3.855815622955560684e-03,1.584473438560962677e-02,7.698460016399621964e-03,4.246336221694946289e-02,-3.176849707961082458e-02,4.277946799993515015e-02,2.872928278520703316e-03,-4.517659079283475876e-03,-5.416581407189369202e-03,1.858430728316307068e-02,1.146537158638238907e-02,-1.876870170235633850e-02,2.522250078618526459e-02,2.823866344988346100e-02,2.237755991518497467e-02,-2.240390144288539886e-02,-2.281220443546772003e-02,-3.780082240700721741e-02,-3.710934426635503769e-03,2.996406750753521919e-03,6.091596093028783798e-03,-2.293403493240475655e-03,-1.290759770199656487e-03,-1.963798888027667999e-02,-2.220633625984191895e-02,-1.728037558495998383e-02,-1.001655962318181992e-02,1.095170155167579651e-02,8.890436962246894836e-03,-2.469565905630588531e-02,2.826500497758388519e-02,-2.351026795804500580e-02,-4.929253831505775452e-03,7.137045613490045071e-04,-2.451126463711261749e-02,3.340170159935951233e-02,-2.568348497152328491e-02,5.630610510706901550e-03,2.779084816575050354e-02,1.344102434813976288e-02,-1.642425917088985443e-02,-2.133704954758286476e-03,-5.634726257994771004e-04,-5.561462603509426117e-03,1.809697970747947693e-02,3.055676259100437164e-02,1.430372614413499832e-02,-6.954297889024019241e-03,3.598980838432908058e-03,-1.228856015950441360e-02,-2.829134836792945862e-02,-2.200877107679843903e-02,7.830169983208179474e-03,-1.244002673774957657e-02,-2.381320111453533173e-02,2.784435637295246124e-04,-1.750428415834903717e-02,6.906552589498460293e-04,1.068169623613357544e-02,-1.186708733439445496e-02,2.770852996036410332e-03,-2.428735792636871338e-02,-1.328297238796949387e-02,1.267051976174116135e-02,1.081999205052852631e-02,-1.878187246620655060e-02,2.013848721981048584e-02,6.740268785506486893e-03,-1.788624376058578491e-02,8.462379686534404755e-03,-3.250607475638389587e-02,-2.826500497758388519e-02,2.268049307167530060e-02,-8.192373439669609070e-03,1.919017359614372253e-02,3.832766320556402206e-03,2.106045745313167572e-02,-9.094588458538055420e-03,1.991458050906658173e-02,-6.457091774791479111e-03,-1.893992349505424500e-02,-1.563399843871593475e-02,2.576251141726970673e-02,-6.522946991026401520e-03,-2.482737042009830475e-02,-1.200538314878940582e-02,1.643743179738521576e-02,8.139689452946186066e-03,-1.870284602046012878e-02,-7.527236826717853546e-03,-1.039851922541856766e-02,-6.275990046560764313e-03,-2.067849971354007721e-02,1.142585836350917816e-02,2.779084956273436546e-03,3.799838712438941002e-03,-1.605547219514846802e-02,-2.307562343776226044e-02,-1.718817837536334991e-02,-2.107363007962703705e-02,1.633206196129322052e-02,2.024385519325733185e-02,-9.548988193273544312e-03,-1.327638607472181320e-02,3.184752166271209717e-02,3.513369243592023849e-03,8.980988059192895889e-04,-5.067549180239439011e-03,-6.424164399504661560e-03,-6.289161276072263718e-03,1.463300175964832306e-02,-1.355297770351171494e-02,2.086289227008819580e-02,9.269104339182376862e-04,-1.513843890279531479e-03,-1.342785358428955078e-02,-1.226221770048141479e-02,7.178205065429210663e-03,-4.188383929431438446e-03,5.439630709588527679e-03,-1.209758035838603973e-02,-8.416281081736087799e-03,3.132067993283271790e-02,3.116592299193143845e-03,1.670085079967975616e-02,2.055995911359786987e-02,-1.483056694269180298e-02,1.380322687327861786e-02,5.986227653920650482e-03,2.149510197341442108e-02,1.729354634881019592e-02,-1.841308362782001495e-02,7.751144468784332275e-03,-1.616084016859531403e-02,-1.344102434813976288e-02,9.417277760803699493e-03,-2.497225068509578705e-02,4.142285324633121490e-03,1.108011929318308830e-03,-1.703012734651565552e-02,1.223587617278099060e-02,-1.751745492219924927e-02,1.058620633557438850e-03,1.770184934139251709e-02,1.333565637469291687e-02,-1.915066130459308624e-02,-3.711593151092529297e-02,-1.286808494478464127e-02,-6.674413569271564484e-03,-5.373775493353605270e-03,-7.481138221919536591e-03,-1.556814368814229965e-02,-2.163998410105705261e-02,-1.306565012782812119e-02,1.705646887421607971e-02,-8.883851580321788788e-03,8.040906861424446106e-03,8.585857576690614223e-04,-7.784277840983122587e-05,1.439592335373163223e-02,-9.483133442699909210e-03,-1.232148800045251846e-02,-9.904606267809867859e-03,-2.073118276894092560e-02,2.520933002233505249e-02,5.986227653920650482e-03,-8.297741413116455078e-03,-3.678006818518042564e-03,4.053380805999040604e-03,-2.797524258494377136e-02,-1.483056694269180298e-02,5.133404396474361420e-03,9.911191649734973907e-03,2.667131135240197182e-03,-1.530472375452518463e-02,1.978286914527416229e-02,2.256195433437824249e-02,-7.849927060306072235e-03,8.811411447823047638e-03,-4.188383743166923523e-02,9.628014639019966125e-03,4.646076820790767670e-03,-7.909196428954601288e-03,-2.191328210756182671e-03,-4.167392398812808096e-05,-1.157073955982923508e-02,-5.887445062398910522e-03,1.060266979038715363e-02,-1.172879151999950409e-02,2.073118276894092560e-02,2.217999473214149475e-02,-9.555573575198650360e-03,-2.492615254595875740e-03,-8.916779421269893646e-03,-3.315803827717900276e-03,1.281540095806121826e-02,-1.094511616975069046e-02,7.843341678380966187e-03,-1.527838129550218582e-02,-1.683256216347217560e-02,1.766562811098992825e-03,-9.226297959685325623e-03,-1.568668335676193237e-02,-3.404708346351981163e-03,1.253222394734621048e-02,-7.832639967091381550e-04,6.015862803906202316e-03,-1.236100029200315475e-02,9.344837628304958344e-03,1.018119696527719498e-02,-2.422150224447250366e-02,3.985550254583358765e-02,1.350029371678829193e-02,-3.582516917958855629e-03,1.186214853078126907e-03,-4.761323332786560059e-03,-2.474834397435188293e-02,-9.812409058213233948e-03,3.602273529395461082e-03,-1.519935484975576401e-02,-2.142924629151821136e-02,-2.143583260476589203e-03,-2.560446038842201233e-02,1.197904162108898163e-02,-1.940090954303741455e-02,7.494309451431035995e-03,3.208789275959134102e-03,1.163000892847776413e-02,-1.475977245718240738e-03,-1.066852477379143238e-03,-2.146876044571399689e-02,2.441906742751598358e-02,1.397445052862167358e-02,-3.529832931235432625e-03,-2.109997160732746124e-02,3.384951734915375710e-03,1.645060256123542786e-02,1.922968588769435883e-02,-2.062581479549407959e-02,-6.980639882385730743e-03,-6.585509050637483597e-03,-1.208440959453582764e-02,1.285491418093442917e-02,9.990217164158821106e-03,-9.410692378878593445e-03,-2.813329547643661499e-02,-5.327676888555288315e-03,-1.199879776686429977e-02,-8.857510052621364594e-03,1.940881311893463135e-01,-9.002391248941421509e-03,2.331270277500152588e-02,7.388941477984189987e-03,5.680001806467771530e-03,-2.493273839354515076e-02,9.772895835340023041e-03,-9.469961747527122498e-03,-2.800899383146315813e-04,2.734303474426269531e-02,-2.818597853183746338e-02,-3.057322697713971138e-03,-7.296744268387556076e-03,-2.408650005236268044e-03,6.789660081267356873e-03,-4.459706693887710571e-02,-1.746477000415325165e-02,-5.456094164401292801e-03,-1.976969838142395020e-02,-4.680979996919631958e-02,1.979603990912437439e-02,-1.196586992591619492e-02,8.442622609436511993e-03,-1.826820336282253265e-02,1.770184934139251709e-02,1.242685597389936447e-02,-3.651664825156331062e-03,-8.515063673257827759e-03,2.632886543869972229e-02,7.909196428954601288e-03,-3.030980704352259636e-03,-1.029315125197172165e-02,-9.377765469253063202e-03,-5.656952504068613052e-03,-8.271399885416030884e-03,-1.176171936094760895e-02,1.514667086303234100e-02,-1.183416042476892471e-02,-2.479444257915019989e-03,-2.165315486490726471e-02,8.403109386563301086e-03,-1.637157611548900604e-02,1.612132601439952850e-02,-1.971701532602310181e-02,-1.555497292429208755e-02,2.502493560314178467e-02,6.289161392487585545e-04,-2.156095765531063080e-02,1.053022872656583786e-02,1.342785358428955078e-02,-1.832088641822338104e-02,9.884849190711975098e-03,3.447514027357101440e-03,1.041168998926877975e-02,2.228536270558834076e-02,-1.342126727104187012e-02,3.442904353141784668e-02,1.896626688539981842e-02,-1.234782952815294266e-02,3.694470738992094994e-03,1.053681503981351852e-02,1.684573292732238770e-02,-2.244341559708118439e-02,3.145239129662513733e-02,1.778087392449378967e-02,2.183754928410053253e-02,-3.732666745781898499e-02,-4.790958017110824585e-03,-8.837752975523471832e-03,-4.998401273041963577e-03,1.757013797760009766e-02,-6.147572770714759827e-03,-5.670123267918825150e-03,1.272320374846458435e-02,-6.575630977749824524e-03,-1.620035246014595032e-02,8.251642808318138123e-03,1.897943764925003052e-02,9.529232047498226166e-03,1.725403405725955963e-02,-2.765913866460323334e-02,6.605265662074089050e-03,3.212082199752330780e-03,-3.467270638793706894e-03,-1.786319422535598278e-03,-2.945039793848991394e-02,1.436958089470863342e-02,4.774494096636772156e-03,-1.917700283229351044e-02,7.112349849194288254e-03,1.726720482110977173e-02,-1.747794076800346375e-02,-4.692175425589084625e-03,-1.693793013691902161e-02,6.515537970699369907e-04,-1.091877464205026627e-02,1.244661211967468262e-02,1.992775127291679382e-02,-1.446177810430526733e-02,-8.357010781764984131e-03,7.972582243382930756e-04,-6.147572770714759827e-03,1.932188309729099274e-02,3.579224226996302605e-03,-1.034583523869514465e-02,3.408001037314534187e-03,-1.788624376058578491e-02,-1.916383160278201103e-03,1.215026481077075005e-03,-2.112631313502788544e-02,-8.256582077592611313e-04,-1.697744242846965790e-02,-1.925602927803993225e-02,4.181798547506332397e-03,5.870981607586145401e-03,6.190378684550523758e-03,-7.744558621197938919e-03,-1.975652761757373810e-02,1.855796575546264648e-02,-1.193952839821577072e-02,-3.333914093673229218e-03,-1.899260841310024261e-02,1.077389344573020935e-02,2.042824961245059967e-02,-1.211733650416135788e-02,-3.000357933342456818e-02,-3.651006147265434265e-02,1.712232455611228943e-02,-2.170583792030811310e-02,-1.264417730271816254e-02,-8.831167593598365784e-03,-1.893992349505424500e-02,-2.216682396829128265e-02,7.672118023037910461e-03,1.081340573728084564e-02,2.297025546431541443e-02,9.660941548645496368e-03,-1.405347697436809540e-02,-2.443223819136619568e-02,9.476548060774803162e-03,-1.182757411152124405e-02,1.465934328734874725e-02,3.592395223677158356e-03,2.826829906553030014e-03,-7.207016460597515106e-04,-4.006623849272727966e-02,3.785350546240806580e-02,-3.114945953711867332e-03,-4.314825683832168579e-02,-1.452763285487890244e-02,-1.865016110241413116e-02,-9.575330652296543121e-03,1.497544813901185989e-02,-8.883851580321788788e-03,2.723766677081584930e-02,-4.627863745554350317e-05,-2.876550331711769104e-02,-1.369785889983177185e-02,1.987506635487079620e-02,1.236100029200315475e-02,-3.869645297527313232e-02,-6.509775761514902115e-03,2.237755991518497467e-02,-2.871281933039426804e-03,7.622726843692362309e-04,1.112951058894395828e-02,-1.679568290710449219e-01,3.615444526076316833e-03,3.503490984439849854e-02,-3.500856831669807434e-02,2.497225068509578705e-02,-8.047492243349552155e-03,1.108999736607074738e-02,4.129114095121622086e-03,4.125821404159069061e-03,9.707040153443813324e-03,5.298042204231023788e-03,-2.621032670140266418e-02,-1.849211007356643677e-02,1.475154049694538116e-02,-8.694930329511407763e-06,7.751144468784332275e-03,-2.008580230176448822e-02,9.522646665573120117e-03,2.428735792636871338e-02,1.558131445199251175e-02,2.133704908192157745e-02,4.520952235907316208e-03,1.004948746412992477e-02,-7.151863072067499161e-03,1.236100029200315475e-02,1.841308362782001495e-02,1.853820867836475372e-03,2.430052869021892548e-02,-1.940090954303741455e-02,-2.081020921468734741e-02,-1.515984255820512772e-02,2.135021984577178955e-02,2.162681147456169128e-02,-2.612800803035497665e-03,9.160443209111690521e-03,-1.874235831201076508e-02,-6.348430644720792770e-03,-8.712628856301307678e-03,-1.837357063777744770e-03,1.942725293338298798e-02,-2.216023858636617661e-03,2.082337997853755951e-02,-1.494910567998886108e-02,4.260824527591466904e-03,-4.165334627032279968e-03,3.184752166271209717e-02,-1.911114715039730072e-02,-5.370482802391052246e-03,1.738574355840682983e-02,-4.135699942708015442e-02,1.701695658266544342e-02,2.403710823273286223e-04,1.136658899486064911e-02,3.110006684437394142e-03,1.431525102816522121e-03,2.563080191612243652e-02,1.089901779778301716e-03,7.586506661027669907e-03,-2.553860470652580261e-02,-1.167610753327608109e-02,1.168927876278758049e-03,-1.413250248879194260e-02,3.008260577917098999e-02,-8.218715898692607880e-03,-9.779481217265129089e-03,-6.005984265357255936e-03,-2.671082504093647003e-02,6.565752439200878143e-03,-2.094191871583461761e-02,5.890737753361463547e-03,-4.145578015595674515e-03,-1.110975444316864014e-02,1.442226488143205643e-02,-2.623666822910308838e-02,7.691874634474515915e-03,1.188684441149234772e-02,-5.472558084875345230e-03,1.481739524751901627e-02,9.489718824625015259e-03,-6.809416692703962326e-03,-9.199956431984901428e-03,3.187386319041252136e-02,-1.388225331902503967e-02,2.308221068233251572e-03,1.002973038703203201e-02,-1.497544813901185989e-02,1.874235831201076508e-02,-9.469961747527122498e-03,8.501891978085041046e-03,-3.885450307279825211e-03,-1.160366740077733994e-02,8.080420084297657013e-03,-2.233804762363433838e-02,-2.328636124730110168e-02,8.205544203519821167e-03,2.229853346943855286e-02,1.010217145085334778e-02,4.718517418950796127e-03,-1.159049570560455322e-03,-6.015862803906202316e-03,6.220013368874788284e-03,-3.421830385923385620e-02,-2.246975712478160858e-02,4.217360168695449829e-02,1.854479312896728516e-02,-1.220294833183288574e-02,-4.273995291441679001e-03,2.788963029161095619e-03,4.422827810049057007e-02,-1.573936641216278076e-02,-1.548911724239587784e-02,-1.014168374240398407e-02,7.520651444792747498e-03,2.297025546431541443e-02,1.514667086303234100e-02,2.024385519325733185e-02,1.997055718675255775e-03,-9.331666864454746246e-03,2.855476737022399902e-02,7.955295033752918243e-03,3.561443462967872620e-02,1.821551844477653503e-02,-1.078706420958042145e-02,2.058630250394344330e-02,-2.544640749692916870e-02,-4.853520076721906662e-03,-1.139029636979103088e-01,-2.850208431482315063e-02,1.199221238493919373e-02,2.041507884860038757e-02,-3.549589542672038078e-03,7.461382076144218445e-03,3.928256221115589142e-03,1.531789451837539673e-02,-1.160366740077733994e-02,1.249929610639810562e-02,-7.830169983208179474e-03,-1.991458050906658173e-02,-1.280881557613611221e-02,-4.530830308794975281e-03,1.515984255820512772e-02,7.606263272464275360e-03,4.932546522468328476e-03,-1.890041120350360870e-02,-5.330969579517841339e-03,7.573335315100848675e-04,-1.074096560478210449e-02,1.444860734045505524e-02,1.008899975568056107e-02,-7.626019418239593506e-03,1.778087392449378967e-02,6.560813635587692261e-04,-2.929234504699707031e-02,1.029315125197172165e-02,8.304326795041561127e-03,6.536117871291935444e-04,8.627017028629779816e-03,-2.443223819136619568e-02,-1.480093225836753845e-03,-2.800158597528934479e-02,-1.348712295293807983e-02,-1.838674210011959076e-02,-1.623986475169658661e-02,-2.648609515745192766e-04,5.021450575441122055e-03,-4.581044777296483517e-04,6.147572770714759827e-03,2.005946077406406403e-02,3.026700019836425781e-02,-2.792255952954292297e-02,2.455077879130840302e-02,-9.660941548645496368e-03,-7.105764467269182205e-03,1.788624376058578491e-02,1.626620814204216003e-02,-6.071839481592178345e-03,-2.522250078618526459e-02,8.837752975523471832e-03,-2.138973399996757507e-02,8.482135832309722900e-03,1.742525771260261536e-02,-2.559128776192665100e-02,-3.444221336394548416e-03,2.359258709475398064e-03,-2.435321360826492310e-02,-7.889440283179283142e-03,-2.157412841916084290e-02,-1.730671897530555725e-02,-2.066532708704471588e-02,5.969764199107885361e-03,1.054340042173862457e-02,2.456394955515861511e-03,-2.237755991518497467e-02,-2.291757240891456604e-02,1.251905318349599838e-02,-1.878187246620655060e-02,1.131390500813722610e-02,-3.222783561795949936e-04,-2.015165798366069794e-02,1.674036495387554169e-02,-2.203511446714401245e-02,-5.413288716226816177e-03,-1.202514022588729858e-02,-4.708638880401849747e-03,-2.085960004478693008e-03,-3.182118013501167297e-02,-1.005607284605503082e-02,-3.737935051321983337e-02,2.988174790516495705e-03,-1.994092203676700592e-02,2.718498185276985168e-02,2.005946077406406403e-02,-1.759977312758564949e-03,8.587503805756568909e-03,1.921322313137352467e-03,-3.411293728277087212e-03,1.318418979644775391e-02,1.003467012196779251e-03,3.184752166271209717e-02,-4.554538056254386902e-02,-1.601595804095268250e-02,2.008580230176448822e-02,-3.018797375261783600e-02,-7.020152639597654343e-03,1.010875683277845383e-02,-5.116940476000308990e-03,-2.805426903069019318e-02,1.359249092638492584e-02,-5.737295746803283691e-02,1.737257279455661774e-02,-3.097823448479175568e-02,-2.369466237723827362e-02,1.296686753630638123e-02,-2.188035519793629646e-03,-5.459387321025133133e-03,-4.198262002319097519e-03,1.215026481077075005e-03,-2.041507745161652565e-03,-3.229533880949020386e-02,2.489322423934936523e-02,2.003641100600361824e-03,3.714227117598056793e-03,-1.350029371678829193e-02,-2.013848721981048584e-02,1.525203883647918701e-02,-6.009276956319808960e-03,1.236100029200315475e-02,2.532128244638442993e-03,1.616084016859531403e-02,-2.171900868415832520e-02,-8.923364803194999695e-03,1.882138475775718689e-02,-1.290101278573274612e-02,1.299320999532938004e-02,-7.626842707395553589e-04,1.330272853374481201e-02,-4.366192501038312912e-03,6.496604997664690018e-03,1.237417198717594147e-02,-2.133704908192157745e-02,2.275951951742172241e-02,3.250607475638389587e-02,-4.777786787599325180e-03,-2.773816511034965515e-02,-2.243024483323097229e-02,3.492954000830650330e-02,1.697744242846965790e-02,3.153141960501670837e-02,-1.022400334477424622e-03,-1.143902912735939026e-02,1.067510992288589478e-02,-2.921331860125064850e-02,-5.686587188392877579e-03,-2.755377069115638733e-02,6.203549448400735855e-03,2.916063554584980011e-02,3.585151210427284241e-02,7.645776029676198959e-03,3.005626425147056580e-02,2.084972150623798370e-02,-1.787965768016874790e-03,-1.280881557613611221e-02,6.177207455039024353e-03,-8.541405200958251953e-03,2.291757240891456604e-02,-7.072837091982364655e-03,1.532777212560176849e-03,-1.526521053165197372e-02,5.647732689976692200e-02,2.273317798972129822e-02,7.626019418239593506e-03,-2.328636124730110168e-02,5.673415958881378174e-03,-8.119932375848293304e-03,9.548988193273544312e-03,5.486552254296839237e-04,1.115585211664438248e-02,-3.552882233634591103e-03,-1.018284354358911514e-03,-1.301296614110469818e-02,1.120195072144269943e-02,8.073834702372550964e-03,8.725799620151519775e-03,-8.449207991361618042e-03,2.428406616672873497e-03,1.140610221773386002e-02,-2.049739705398678780e-03,9.496304206550121307e-03,1.400079298764467239e-02,6.058668252080678940e-03,-2.692156098783016205e-02,-5.301334895193576813e-03,4.540708381682634354e-03,1.632383093237876892e-03,3.694470738992094994e-03,-7.843341678380966187e-03,-1.792575605213642120e-02,-1.706963963806629181e-02,-1.157403225079178810e-03,3.353670472279191017e-03,1.697744242846965790e-02,-2.066532708704471588e-02,9.219712577760219574e-03,8.409694768488407135e-03,1.529484521597623825e-03,1.551545970141887665e-02,1.271661836653947830e-02,2.112631313502788544e-02,2.128765918314456940e-03,2.025044057518243790e-03,-5.439630709588527679e-03,-2.215365320444107056e-02,-1.589741930365562439e-02,7.072837091982364655e-03,-2.510396018624305725e-02,-2.428735792636871338e-02,-1.614766940474510193e-02,2.131070755422115326e-02,1.417201571166515350e-02,8.745555765926837921e-03,1.634523458778858185e-02,3.408001037314534187e-03,-2.976650139316916466e-03,1.020095404237508774e-02,-6.513068452477455139e-03,6.335259880870580673e-03,-1.730671897530555725e-02,5.905884504318237305e-02,1.261783577501773834e-02,2.308879606425762177e-02,2.231170423328876495e-02,-2.635520696640014648e-02,1.772819086909294128e-02,-3.255875781178474426e-02,2.191657386720180511e-02,-6.381358485668897629e-03,1.832088641822338104e-02,-4.669126123189926147e-03,-4.675711505115032196e-03,-1.596162794157862663e-03,-3.142604976892471313e-02,-2.223267965018749237e-02,-7.764315232634544373e-03,1.267710514366626740e-02,-7.197961676865816116e-03,2.555177547037601471e-02,-2.481090603396296501e-03,6.348431110382080078e-02,-8.633190736873075366e-05,-1.754379644989967346e-02,2.639142796397209167e-03,2.166632562875747681e-02,2.207462675869464874e-02,1.066852454096078873e-02,2.518957247957587242e-03,2.339172922074794769e-02,1.475154072977602482e-03,3.374414891004562378e-02,-9.641185402870178223e-03,2.511713281273841858e-02,-2.744840271770954132e-02,-3.453440964221954346e-02,1.778087392449378967e-02,-3.908499609678983688e-03,8.508478291332721710e-03,-1.397445052862167358e-02,-6.154158152639865875e-03,1.301955152302980423e-02,1.055327826179563999e-03,1.273637451231479645e-02,-6.417578551918268204e-03,-3.000357933342456818e-02,-7.454796228557825089e-03,6.667828187346458435e-03,-1.747794076800346375e-02,5.735978484153747559e-03,-5.076110363006591797e-02,-1.015814836136996746e-03,1.763599365949630737e-02,-3.255875781178474426e-02,-1.973018608987331390e-02,1.498861890286207199e-02,-1.074755098670721054e-02,-3.005626425147056580e-02,8.152860216796398163e-03,1.091877464205026627e-02,7.026738487184047699e-03,-3.205825760960578918e-02,1.941408030688762665e-02,-1.817600615322589874e-02,-5.120233166962862015e-03,6.881857290863990784e-03,-1.231490261852741241e-02,7.095886394381523132e-04,1.541009172797203064e-02,-9.746553376317024231e-03
-1.512963045388460159e-02,-3.318312764167785645e-02,-3.958253562450408936e-02,-2.879732847213745117e-02,-2.100494690239429474e-02,1.683981716632843018e-02,-3.312795981764793396e-02,-3.003859147429466248e-02,-2.704576589167118073e-02,2.222207607701420784e-03,7.716525346040725708e-03,2.392881363630294800e-02,-2.702335477806627750e-04,-9.433607570827007294e-03,-5.747742485255002975e-03,2.111528255045413971e-02,1.177821774035692215e-02,1.312291994690895081e-02,-5.175381898880004883e-03,-2.246343297883868217e-03,-3.555532172322273254e-02,-1.586921745911240578e-03,-9.326720610260963440e-04,-1.812245696783065796e-02,-1.272295718081295490e-03,1.068176794797182083e-02,1.306085754185914993e-02,-6.806265097111463547e-03,-2.442532032728195190e-02,-1.914305239915847778e-02,-2.107390761375427246e-02,-3.703104797750711441e-03,-3.023857483640313148e-03,5.814115866087377071e-04,-4.603710770606994629e-02,-1.052316185086965561e-02,1.453658193349838257e-02,1.072314288467168808e-02,2.787327580153942108e-02,8.910811448004096746e-05,1.189544796943664551e-02,-2.295045705977827311e-04,1.380561571568250656e-02,3.740342706441879272e-02,-1.650708960369229317e-03,-2.428740262985229492e-02,-3.183152899146080017e-02,1.499860896728932858e-03,-1.772249303758144379e-02,6.213216576725244522e-03,7.757900748401880264e-03,1.850862801074981689e-02,-1.381251122802495956e-02,1.641227118670940399e-02,-3.322967677377164364e-04,9.971488267183303833e-03,-1.536064432002604008e-03,-1.748803257942199707e-02,2.241171430796384811e-03,-3.899638075381517410e-03,1.030249241739511490e-02,1.521238125860691071e-02,-2.195658348500728607e-02,-8.978477679193019867e-03,8.461283519864082336e-03,2.977309981361031532e-03,-2.422189107164740562e-03,1.503308769315481186e-02,5.271924659609794617e-03,-2.030156552791595459e-02,2.951450273394584656e-02,1.610195380635559559e-03,-2.948002424091100693e-03,9.040540084242820740e-03,2.420465089380741119e-02,-3.781718015670776367e-02,-2.340472489595413208e-02,7.042450015433132648e-04,-1.561924000270664692e-03,1.412799931131303310e-03,-7.695837877690792084e-03,-1.616401784121990204e-02,-3.030753228813409805e-03,1.413661986589431763e-02,5.775326397269964218e-03,8.633681572973728180e-03,-2.580450288951396942e-02,3.983078896999359131e-02,1.086795702576637268e-02,-2.636996656656265259e-02,1.230920292437076569e-02,3.514156863093376160e-02,8.668160997331142426e-03,2.192899957299232483e-02,-1.972230896353721619e-02,3.471660602372139692e-04,-3.693450242280960083e-02,1.204026211053133011e-02,-1.573647186160087585e-02,-1.697773486375808716e-02,1.420557871460914612e-02,-1.403318066149950027e-02,3.260042285546660423e-03,-6.961422972381114960e-03,-1.188855245709419250e-02,-1.277812477201223373e-02,-1.336082932539284229e-03,3.368652891367673874e-03,2.990067377686500549e-02,-1.911546848714351654e-02,7.868235930800437927e-03,5.753948912024497986e-02,1.272985339164733887e-02,-3.919636458158493042e-02,7.826860062777996063e-03,1.730011892504990101e-03,1.675706543028354645e-02,-1.626056060194969177e-02,-3.252112120389938354e-02,1.875687949359416962e-02,6.795921362936496735e-03,1.325394306331872940e-02,-9.731855825521051884e-04,-1.961197331547737122e-02,-4.858170170336961746e-03,1.165409106761217117e-02,-2.126699313521385193e-02,-9.461191482841968536e-03,-9.406023658812046051e-03,-1.208853349089622498e-02,3.199703246355056763e-02,8.861246518790721893e-03,3.263145685195922852e-02,7.709629368036985397e-03,-2.779052592813968658e-03,4.264431819319725037e-02,-1.688119210302829742e-02,-8.417322533205151558e-04,-1.260572671890258789e-02,-2.232896350324153900e-02,2.835598960518836975e-02,3.083851747214794159e-02,6.878672167658805847e-03,1.199888717383146286e-02,1.314360834658145905e-02,1.124723255634307861e-02,1.892238296568393707e-02,-3.451403928920626640e-03,7.075205445289611816e-03,1.452279090881347656e-02,4.796106833964586258e-03,-3.012134321033954620e-02,2.016364596784114838e-02,-2.580450288951396942e-02,-9.192250669002532959e-03,1.419178675860166550e-02,-2.000891981879249215e-04,2.882491238415241241e-02,-6.023147943778894842e-05,7.551023736596107483e-03,7.495856378227472305e-03,1.755009638145565987e-03,6.923495791852474213e-03,-5.861524841748178005e-04,1.758457534015178680e-02,3.900327906012535095e-02,2.296338602900505066e-02,-5.882212892174720764e-03,8.392324671149253845e-03,1.372286467812955379e-03,3.534154966473579407e-04,-9.426712058484554291e-03,-1.187476050108671188e-02,2.392881363630294800e-02,-9.599109180271625519e-03,9.006060659885406494e-03,1.192303188145160675e-02,2.512870356440544128e-02,-3.632766380906105042e-02,-1.446762308478355408e-02,-4.035487771034240723e-02,4.534061998128890991e-03,3.481056168675422668e-02,1.677085831761360168e-02,-1.434349641203880310e-02,-1.284018810838460922e-02,-5.878765136003494263e-03,-5.796013865619897842e-03,6.578700151294469833e-03,1.216481978190131485e-04,4.303048830479383469e-03,6.661450956016778946e-03,-1.086795702576637268e-02,-6.268383935093879700e-03,-6.399406194686889648e-01,-1.019905414432287216e-02,-7.571711204946041107e-03,-8.426804095506668091e-03,1.708807051181793213e-02,6.078746169805526733e-03,2.737676957622170448e-03,-1.664673164486885071e-02,-1.615022495388984680e-02,3.494848310947418213e-02,-1.580543071031570435e-02,1.299879420548677444e-02,2.058429643511772156e-03,-1.558476127684116364e-02,1.241953764110803604e-02,-3.555532172322273254e-02,-7.295874878764152527e-03,-1.130239944905042648e-02,-3.885846352204680443e-03,3.251422429457306862e-03,-5.006432067602872849e-03,-1.195061579346656799e-02,1.235057786107063293e-02,1.642606221139431000e-02,1.642606221139431000e-02,3.983078896999359131e-02,-6.633867044001817703e-03,1.425729831680655479e-03,-1.340565271675586700e-02,-1.612264290452003479e-02,-2.213587798178195953e-02,2.576312609016895294e-02,-1.568130403757095337e-02,8.950893767178058624e-03,3.643799945712089539e-02,-2.227379567921161652e-02,-1.655018888413906097e-02,3.072818368673324585e-02,5.706367082893848419e-03,3.061784803867340088e-02,1.052316185086965561e-02,-1.737769879400730133e-02,-2.900592808146029711e-04,-1.287466753274202347e-02,8.868142962455749512e-03,1.518479827791452408e-02,2.846287563443183899e-03,1.789489178918302059e-03,1.781903579831123352e-02,-1.660406269365921617e-04,-1.912925951182842255e-02,2.032914757728576660e-02,-1.381251122802495956e-02,5.847733467817306519e-03,5.134006496518850327e-03,2.659063600003719330e-02,4.162372276186943054e-02,-3.034201264381408691e-02,8.647473528981208801e-03,-1.367459353059530258e-02,9.275001473724842072e-03,8.544035255908966064e-03,-3.417614102363586426e-02,-1.150927692651748657e-02,-2.654926106333732605e-02,-4.620261024683713913e-03,8.461283519864082336e-03,-8.316469378769397736e-03,7.785484660416841507e-03,-9.661172516644001007e-03,-1.197819877415895462e-02,2.239792235195636749e-02,6.295967381447553635e-03,2.059119381010532379e-02,-3.525534993968904018e-04,9.233625605702400208e-03,1.152996439486742020e-02,-1.125412806868553162e-02,-6.385614629834890366e-03,6.182184908539056778e-03,-6.471813190728425980e-03,-2.518731867894530296e-03,-1.652260497212409973e-02,1.674327440559864044e-02,4.253398627042770386e-02,8.219926618039608002e-03,-3.202461451292037964e-02,-1.382630318403244019e-02,1.132308691740036011e-02,3.899638075381517410e-03,-1.419178675860166550e-02,3.737584128975868225e-02,6.095986347645521164e-03,-2.010848000645637512e-02,1.792937144637107849e-02,5.430530756711959839e-03,-7.302770856767892838e-03,2.141870185732841492e-02,3.045234642922878265e-02,-7.557919248938560486e-03,-2.999721618834882975e-04,6.875224411487579346e-03,2.077393466606736183e-03,2.248067222535610199e-02,1.164029911160469055e-02,2.660442888736724854e-02,-4.002387449145317078e-02,-3.046269062906503677e-03,2.008089609444141388e-02,-2.716989256441593170e-02,-1.241953764110803604e-02,2.198416739702224731e-02,1.518479827791452408e-02,-2.177728898823261261e-02,7.040726020932197571e-03,-2.719747647643089294e-02,1.697773486375808716e-02,-9.843914303928613663e-04,1.471587643027305603e-02,-3.227286785840988159e-02,6.620075553655624390e-03,2.890766225755214691e-02,-8.626786060631275177e-03,-3.403821960091590881e-02,2.486665919423103333e-02,3.566565737128257751e-02,-1.726736314594745636e-02,-2.686647325754165649e-02,-1.409524399787187576e-02,1.304706558585166931e-02,-1.655018888413906097e-02,-1.775697339326143265e-03,2.377710491418838501e-02,-1.781903579831123352e-02,1.172304991632699966e-02,-2.602517232298851013e-02,1.827416568994522095e-02,-2.006710320711135864e-02,3.356929868459701538e-02,-2.139111794531345367e-02,7.861339487135410309e-03,-3.806543303653597832e-03,-1.717082108370959759e-03,-2.518386952579021454e-02,-3.422096371650695801e-03,-3.116952255368232727e-02,-1.500550471246242523e-02,7.130372803658246994e-03,-4.407867044210433960e-02,1.962576620280742645e-02,-9.507738286629319191e-04,-9.254314005374908447e-03,-3.059026598930358887e-02,-2.630100771784782410e-02,1.973954727873206139e-03,-1.322635915130376816e-02,-1.677085831761360168e-02,-2.155662141740322113e-02,-3.630697727203369141e-03,-2.768019028007984161e-02,1.519859023392200470e-02,2.348747663199901581e-02,-3.547257184982299805e-02,1.540374360047280788e-03,7.268290966749191284e-03,-1.645536976866424084e-03,-3.620353760197758675e-03,-4.627157002687454224e-03,-3.232803568243980408e-02,-1.663293875753879547e-02,1.209542993456125259e-02,9.537045843899250031e-03,-3.460023785009980202e-03,2.312888950109481812e-02,-1.286087557673454285e-02,2.001193724572658539e-02,-1.072314288467168808e-02,-1.744665764272212982e-02,-2.330818213522434235e-02,2.896283008158206940e-02,3.574840724468231201e-02,1.664673164486885071e-02,-2.413569204509258270e-02,-1.707427762448787689e-02,4.423727281391620636e-03,2.673889743164181709e-03,-1.401249319314956665e-02,2.696301555261015892e-03,8.206135593354701996e-03,1.641227118670940399e-02,-1.961197331547737122e-02,-5.568448919802904129e-03,9.302585385739803314e-03,1.077831070870161057e-02,6.699378602206707001e-03,-2.866975264623761177e-03,2.030156552791595459e-02,2.574933506548404694e-02,1.013009436428546906e-02,3.776201233267784119e-02,3.096264554187655449e-03,-2.540453895926475525e-02,4.002387449145317078e-02,-2.392881549894809723e-03,2.992825768887996674e-02,-3.354171663522720337e-02,-1.280570868402719498e-02,-1.696394383907318115e-02,1.053695380687713623e-02,1.291604340076446533e-02,-2.006710320711135864e-02,-3.321071341633796692e-02,6.702826358377933502e-03,-7.037278264760971069e-03,2.143249474465847015e-02,9.454295039176940918e-03,-1.291604340076446533e-02,1.146790105849504471e-02,1.151617337018251419e-02,1.853621192276477814e-02,-4.482342861592769623e-03,-3.084196709096431732e-03,1.375734433531761169e-02,1.829140586778521538e-03,-3.254870325326919556e-02,1.208163797855377197e-02,1.401249319314956665e-02,-2.406673273071646690e-03,-2.698025433346629143e-03,-7.923402823507785797e-03,-5.096078850328922272e-03,-1.155065279453992844e-02,7.433793041855096817e-03,1.210922095924615860e-02,3.268662095069885254e-02,-1.660535670816898346e-02,1.857758685946464539e-02,-2.083944529294967651e-02,-4.920233041048049927e-03,-2.150145359337329865e-02,1.815004087984561920e-02,2.279788441956043243e-02,4.471998661756515503e-03,5.723606795072555542e-03,-1.448141556465998292e-04,6.375270429998636246e-03,8.137175813317298889e-03,1.416420284658670425e-02,-2.777673304080963135e-02,1.752940751612186432e-02,-1.594334840774536133e-02,3.301762789487838745e-02,-1.240574568510055542e-02,-9.930113330483436584e-03,2.477356465533375740e-03,-3.558290656656026840e-03,-1.192992785945534706e-03,3.039718046784400940e-02,6.551116239279508591e-03,2.667338773608207703e-02,-1.688119210302829742e-02,-8.495763875544071198e-03,3.141087945550680161e-03,1.288156304508447647e-02,2.915591560304164886e-02,2.097736485302448273e-02,-5.120214540511369705e-03,-4.747835453599691391e-03,-3.404856426641345024e-03,6.270969752222299576e-04,-1.139894220978021622e-02,-2.083944529294967651e-02,-3.370377002283930779e-03,1.228851545602083206e-02,3.177636116743087769e-02,1.707427762448787689e-02,-1.293673086911439896e-02,2.077048644423484802e-02,1.357115432620048523e-02,1.017836574465036392e-02,-2.945933490991592407e-02,-3.638283163309097290e-02,2.322543226182460785e-02,1.504687964916229248e-02,-1.588818058371543884e-02,-9.212938137352466583e-03,-2.701818197965621948e-02,-8.124246378429234028e-04,-1.086795702576637268e-02,-1.246780902147293091e-02,8.516451343894004822e-03,1.730873808264732361e-02,1.379872020334005356e-02,-9.143979288637638092e-03,2.292890800163149834e-03,-2.732160314917564392e-02,3.414855524897575378e-02,-2.741814590990543365e-02,2.314268052577972412e-02,-1.907409168779850006e-02,-2.496320195496082306e-02,-4.090654850006103516e-02,-9.702548384666442871e-03,-5.454666446894407272e-03,6.344238668680191040e-02,1.039213966578245163e-02,-1.548821851611137390e-02,-7.301046862266957760e-04,3.696208819746971130e-03,-3.067301586270332336e-02,-3.180394694209098816e-02,-8.213031105697154999e-03,-2.852149121463298798e-02,-1.541236299090087414e-03,2.648030174896121025e-03,-1.726736314594745636e-02,-3.130743978545069695e-03,1.202647015452384949e-02,-3.547946689650416374e-03,-1.267468649893999100e-02,-1.951543055474758148e-02,-2.199795842170715332e-02,-2.111528255045413971e-02,3.279006108641624451e-03,5.936000868678092957e-02,6.799369119107723236e-03,9.088811464607715607e-03,9.916321374475955963e-03,2.166695520281791687e-02,7.220019586384296417e-03,1.487793051637709141e-03,-4.360974580049514771e-02,1.040593069046735764e-02,-3.920326009392738342e-03,-8.344053290784358978e-03,-2.077048644423484802e-02,4.708528518676757812e-02,-9.157771244645118713e-03,1.008182298392057419e-02,1.583301462233066559e-02,-3.856194019317626953e-02,6.451125722378492355e-03,-2.558383392170071602e-03,-1.134377554990351200e-03,-3.280729986727237701e-03,6.075298413634300232e-03,-4.940920975059270859e-03,1.973954727873206139e-03,2.592862816527485847e-03,-7.364833727478981018e-03,2.529420517385005951e-02,3.767926245927810669e-02,9.075020439922809601e-03,-9.081915952265262604e-03,-1.348150800913572311e-02,-1.086968113668262959e-03,2.481149137020111084e-02,1.523996517062187195e-02,7.378625683486461639e-03,1.140583865344524384e-02,6.427205516956746578e-05,1.338496524840593338e-02,3.180394694209098816e-02,-8.261302486062049866e-03,4.668532405048608780e-03,3.094885312020778656e-02,-2.429085085168480873e-03,-4.927129019051790237e-03,9.474983438849449158e-03,3.410028526559472084e-03,-3.437181003391742706e-04,7.516543846577405930e-03,-8.019945584237575531e-03,-3.202461451292037964e-02,1.770870201289653778e-02,-1.981885172426700592e-02,-3.481056168675422668e-02,3.347965190187096596e-03,1.355736237019300461e-02,1.340565271675586700e-02,-7.413105107843875885e-03,2.106011472642421722e-02,-1.374355237931013107e-02,4.220298025757074356e-03,-7.151060737669467926e-03,-1.592955738306045532e-02,8.930206298828125000e-03,-2.744572935625910759e-03,-1.616401784121990204e-02,-2.156696515157818794e-03,-3.199703246355056763e-02,3.527948632836341858e-02,-3.878260776400566101e-02,1.734321820549666882e-03,-1.932234503328800201e-02,1.136963488534092903e-03,-3.770684823393821716e-02,-3.382444847375154495e-03,2.252204902470111847e-02,2.583208680152893066e-02,8.999165147542953491e-03,9.275001473724842072e-03,2.722506038844585419e-02,1.486758608371019363e-02,2.532523591071367264e-03,-2.155662141740322113e-02,1.151617337018251419e-02,-2.602517232298851013e-02,-2.173591405153274536e-02,1.081968564540147781e-02,-2.330818213522434235e-02,-2.214966900646686554e-02,-1.269537396728992462e-02,1.235057786107063293e-02,1.788799464702606201e-02,6.468365434557199478e-03,-1.030938816256821156e-03,1.628297148272395134e-03,7.564815226942300797e-03,9.454295039176940918e-03,-3.063508775085210800e-03,2.649754052981734276e-03,-1.637089438736438751e-02,4.730595741420984268e-03,-6.861432455480098724e-03,-1.532271597534418106e-02,-7.137268781661987305e-03,-1.054384931921958923e-02,1.022663712501525879e-02,-1.889479812234640121e-03,-1.290914695709943771e-02,1.950163953006267548e-02,-3.042476251721382141e-02,7.220019586384296417e-03,9.061228483915328979e-03,-9.757715277373790741e-03,5.930484272539615631e-03,-9.778402745723724365e-03,-1.420557871460914612e-02,1.397801376879215240e-02,-2.023260481655597687e-02,2.035673148930072784e-02,1.372976042330265045e-02,8.040633052587509155e-03,-8.144072256982326508e-03,-3.353137057274580002e-03,2.766639925539493561e-02,1.888100616633892059e-02,-5.197793361730873585e-04,3.230044990777969360e-02,1.286087557673454285e-02,-6.137361750006675720e-03,1.609505899250507355e-02,1.750182360410690308e-02,9.847362525761127472e-03,2.077048644423484802e-02,-2.106701023876667023e-03,-3.627249738201498985e-03,-3.676900267601013184e-02,5.844285245984792709e-03,-1.253676787018775940e-02,8.957789279520511627e-03,-2.187383174896240234e-02,-9.530150331556797028e-03,4.165130667388439178e-03,-8.654369041323661804e-03,-2.020502276718616486e-02,-3.155569359660148621e-02,2.456668531522154808e-03,-4.465792700648307800e-02,9.902529418468475342e-03,-5.154693964868783951e-03,-5.878765136003494263e-03,2.821807190775871277e-02,-1.853621192276477814e-02,4.044452216476202011e-03,-1.838450133800506592e-02,-4.578885622322559357e-03,3.104884410277009010e-03,-3.003859147429466248e-02,-1.547442656010389328e-02,-1.339186076074838638e-02,2.479769848287105560e-02,1.894996687769889832e-02,3.784476593136787415e-02,3.522087121382355690e-03,3.161086142063140869e-02,7.213124074041843414e-03,3.072128864005208015e-03,5.933932028710842133e-03,2.060498483479022980e-02,1.715702936053276062e-02,-3.610699623823165894e-02,2.359781041741371155e-02,4.654740449041128159e-03,1.457623438909649849e-03,3.475539758801460266e-02,2.796981856226921082e-02,1.507446356117725372e-02,1.355046685785055161e-02,-5.365881370380520821e-04,-2.522524632513523102e-02,-1.137135829776525497e-02,-1.401249319314956665e-02,9.468086995184421539e-03,-2.614929713308811188e-02,1.153686083853244781e-02,-1.315740030258893967e-02,-2.718368545174598694e-02,-1.653639599680900574e-02,2.904558181762695312e-02,-1.299879420548677444e-02,2.010848000645637512e-02,1.130239944905042648e-02,3.944461792707443237e-02,-3.045234642922878265e-02,3.464506193995475769e-02,-4.813346546143293381e-03,-3.820335259661078453e-03,-1.930855331011116505e-03,3.475539619103074074e-03,5.964963696897029877e-03,2.966966014355421066e-03,3.916877880692481995e-02,-3.700087836477905512e-04,2.446669526398181915e-02,-2.421844191849231720e-02,-1.889479905366897583e-02,-3.072818368673324585e-02,1.201957464218139648e-02,-4.599573090672492981e-03,1.828795857727527618e-02,1.334358938038349152e-03,-9.688756428658962250e-03,-1.934992894530296326e-02,-2.705955877900123596e-02,-2.456323802471160889e-02,-2.602517232298851013e-02,1.580543071031570435e-02,1.310912892222404480e-02,-1.366080157458782196e-02,2.312888950109481812e-02,-1.481241919100284576e-02,-9.240522049367427826e-03,-9.993684943765401840e-05,-1.326083857566118240e-02,4.336149245500564575e-02,-3.105918690562248230e-02,1.921201124787330627e-02,3.185911476612091064e-02,2.115320879966020584e-03,-2.194279246032238007e-02,9.868049994111061096e-03,1.357805076986551285e-02,-1.439866423606872559e-02,1.926717720925807953e-02,4.680944979190826416e-02,9.688756428658962250e-03,-8.753497968427836895e-04,-1.461933366954326630e-02,-1.979126781225204468e-02,-3.445197641849517822e-02,-2.523903734982013702e-02,1.385388709604740143e-02,-9.792194701731204987e-03,-1.351598743349313736e-02,-3.854814684018492699e-03,-1.347461156547069550e-02,9.709443897008895874e-03,9.233625605702400208e-03,-2.106011472642421722e-02,1.218507625162601471e-02,-3.373824991285800934e-03,-1.575026288628578186e-02,-2.119803242385387421e-02,-1.496412884443998337e-02,-1.253676787018775940e-02,2.066015265882015228e-02,8.275094442069530487e-03,-2.769398316740989685e-02,-6.947631482034921646e-03,-3.047993034124374390e-02,-1.912925951182842255e-02,1.058522518724203110e-02,-1.423143781721591949e-03,7.461376488208770752e-03,6.630419287830591202e-03,8.992268703877925873e-03,1.391250174492597580e-03,4.041004460304975510e-03,8.787977858446538448e-04,-2.442532032728195190e-02,-6.364926695823669434e-03,2.750089764595031738e-02,-5.061599425971508026e-03,-4.554749932140111923e-03,-1.452279090881347656e-02,3.390030190348625183e-02,-1.224886393174529076e-03,1.463226362830027938e-04,-7.042450015433132648e-04,-1.014388632029294968e-02,-1.387457456439733505e-02,-2.362539432942867279e-02,4.278223589062690735e-02,-9.550838149152696133e-04,-1.721219532191753387e-02,6.082194391638040543e-03,-2.638375945389270782e-02,-1.029559690505266190e-02,9.774955688044428825e-04,2.180487290024757385e-02,3.403821960091590881e-02,-8.419908583164215088e-03,-4.878857638686895370e-03,2.118424139916896820e-02,-5.023671779781579971e-03,9.537045843899250031e-03,-2.034293953329324722e-03,9.833570569753646851e-03,-8.868142962455749512e-03,1.544684264808893204e-02,3.403132548555731773e-03,2.827323973178863525e-02,-1.834312640130519867e-02,-2.542867558076977730e-03,-2.761123143136501312e-02,7.785484660416841507e-03,2.720437245443463326e-03,2.635962329804897308e-03,-1.232299488037824631e-02,-1.186096854507923126e-02,6.513188593089580536e-03,3.381755203008651733e-02,-7.956158369779586792e-04,-6.992454640567302704e-03,-1.118861720897257328e-03,-1.053005736321210861e-02,4.851274192333221436e-03,1.076451875269412994e-02,1.581922173500061035e-02,1.270916592329740524e-02,-2.429085085168480873e-03,1.991539448499679565e-02,3.768615890294313431e-03,-2.832495840266346931e-03,6.916599813848733902e-03,-2.528041228652000427e-02,2.104632370173931122e-02,-1.744665764272212982e-02,-1.002665609121322632e-02,1.686740107834339142e-02,-7.606190629303455353e-03,-7.502752356231212616e-03,1.611919375136494637e-03,-5.512419738806784153e-04,-2.992825768887996674e-02,-2.402535639703273773e-02,-1.081279013305902481e-02,-1.252297591418027878e-02,-6.902807857841253281e-03,1.073693484067916870e-02,-1.041972264647483826e-02,-2.271513454616069794e-02,5.733950529247522354e-03,-2.194623928517103195e-03,5.675335414707660675e-03,-4.423727281391620636e-03,-3.420372260734438896e-03,1.827416568994522095e-02,6.740754004567861557e-03,-9.219834581017494202e-03,-1.391595043241977692e-02,-1.298500224947929382e-02,-2.682509645819664001e-02,1.641227118670940399e-02,1.693635992705821991e-02,-2.141870185732841492e-02,-1.281950064003467560e-02,4.754731431603431702e-03,-1.992918550968170166e-02,-3.274178877472877502e-02,6.230456288903951645e-03,5.540865007787942886e-03,1.693635992705821991e-02,1.803970523178577423e-02,2.521145343780517578e-02,1.562613621354103088e-02,7.468272466212511063e-03,5.178829655051231384e-03,-5.450528860092163086e-02,4.254777450114488602e-03,9.661172516644001007e-03,9.468086995184421539e-03,2.368745859712362289e-03,1.356770633719861507e-03,-3.075576759874820709e-02,-6.423541810363531113e-03,8.192343637347221375e-03,-4.168578889220952988e-03,3.803785145282745361e-02,2.093598805367946625e-02,-3.647937439382076263e-03,1.394353434443473816e-02,-1.255055982619524002e-02,6.999350618571043015e-03,1.599851623177528381e-02,-1.503308769315481186e-02,-1.244712155312299728e-03,-2.030156552791595459e-02,-8.288886398077011108e-03,1.723977923393249512e-02,1.757380086928606033e-04,-1.339186076074838638e-02,4.312100063543766737e-04,2.523903734982013702e-02,7.192436140030622482e-03,-1.110931392759084702e-02,-1.328842248767614365e-02,2.256342396140098572e-02,1.020594965666532516e-02,-6.275279913097620010e-03,4.887822270393371582e-02,2.328059822320938110e-02,-3.530706837773323059e-02,2.701473422348499298e-03,-8.295781910419464111e-03,-1.586059667170047760e-02,-9.847362525761127472e-03,-2.142904559150338173e-03,-3.039373084902763367e-03,-1.798453740775585175e-02,-8.695744909346103668e-03,-1.955680549144744873e-02,1.269537396728992462e-02,-1.672258600592613220e-03,1.310223247855901718e-02,-9.275001473724842072e-03,1.150238141417503357e-02,-1.532271597534418106e-02,8.888830430805683136e-03,-2.827323973178863525e-02,4.007903859019279480e-02,5.251236725598573685e-03,-2.557004056870937347e-02,-1.766732707619667053e-02,3.827231004834175110e-03,3.409338742494583130e-02,3.607423859648406506e-04,-2.497699297964572906e-02,-1.267985790036618710e-03,-1.295569469220936298e-03,-2.031535655260086060e-02,1.174891018308699131e-03,3.065232886001467705e-03,-1.961197331547737122e-02,-1.797074638307094574e-02,-2.391157438978552818e-03,-1.752940751612186432e-02,1.948784664273262024e-02,2.089737206697463989e-01,-1.722900487948209047e-04,1.297810580581426620e-02,1.010940689593553543e-02,7.923402823507785797e-03,-2.461840584874153137e-02,2.481149137020111084e-02,-8.213031105697154999e-03,-1.128171198070049286e-02,1.944647170603275299e-02,-3.348654881119728088e-02,1.243332959711551666e-02,-6.920047570019960403e-03,-6.502844858914613724e-03,-1.376423984766006470e-02,-2.217725291848182678e-02,-1.952922344207763672e-02,1.195061579346656799e-02,-8.419908583164215088e-03,-3.707242384552955627e-02,2.362539432942867279e-02,1.811900874599814415e-03,9.412920102477073669e-03,-2.649409323930740356e-02,1.196440681815147400e-02,1.859137788414955139e-02,1.208853349089622498e-02,-1.277812477201223373e-02,9.716340340673923492e-03,-6.433886010199785233e-03,-1.765353418886661530e-02,-4.172026645392179489e-03,4.609917290508747101e-03,7.706181495450437069e-04,-2.133595198392868042e-02,-5.568448919802904129e-03,2.304613776504993439e-02,-3.256594296544790268e-03,2.915591560304164886e-02,-3.256594296544790268e-03,2.220483683049678802e-02,-1.637089438736438751e-02,2.180487290024757385e-02,-1.678464934229850769e-02,-2.061877585947513580e-02,1.817762292921543121e-02,-2.568727126345038414e-03,-1.893617399036884308e-02,-1.383319962769746780e-02,1.752940751612186432e-02,-3.161086142063140869e-02,7.613086607307195663e-03,3.885846352204680443e-03,1.213680487126111984e-02,2.506664022803306580e-03,6.102881859987974167e-03,3.136260807514190674e-02,2.403914928436279297e-02,-6.392510142177343369e-03,-5.516729317605495453e-03,9.143979288637638092e-03,1.649502106010913849e-02,-1.056453678756952286e-02,4.200989380478858948e-02,-1.001975964754819870e-02,9.456019033677875996e-04,-2.835598960518836975e-02,-1.553304144181311131e-03,-2.854907419532537460e-03,-1.464691665023565292e-02,-1.828795857727527618e-02,-2.492182515561580658e-02,1.150927692651748657e-02,1.310223247855901718e-02,-1.987401768565177917e-02,-2.170833013951778412e-02,-3.344517317600548267e-04,1.286087557673454285e-02,6.251144222915172577e-03,1.126102451235055923e-02,-4.347872454673051834e-03,-1.522617321461439133e-02,-3.541050711646676064e-03,5.768430419266223907e-03,-3.703104797750711441e-03,-1.489516999572515488e-02,2.816980006173253059e-03,1.850862801074981689e-02,-2.238412946462631226e-02,2.537695504724979401e-02,1.072314288467168808e-02,-2.394260652363300323e-02,-1.033007632941007614e-02,-2.525283023715019226e-02,-9.743923321366310120e-03,1.523996586911380291e-03,1.331600546836853027e-02,2.419085986912250519e-02,-2.632859162986278534e-02,-3.682416863739490509e-03,-4.975400399416685104e-03,-7.226915564388036728e-03,1.410213951021432877e-02,-9.819778613746166229e-03,1.244022510945796967e-02,5.189173854887485504e-03,-3.528982866555452347e-03,6.685586646199226379e-03,1.815348863601684570e-03,-1.917063444852828979e-02,9.185354225337505341e-03,-9.095707908272743225e-03,-1.287466753274202347e-02,1.414523925632238388e-03,8.594030514359474182e-04,1.068176794797182083e-02,-8.585410192608833313e-03,-2.956967055797576904e-02,2.146007865667343140e-02,8.806079626083374023e-03,-1.511583849787712097e-02,-2.752847969532012939e-02,1.167477853596210480e-02,-3.296245820820331573e-03,-1.655880827456712723e-03,-2.188762463629245758e-02,-3.232803568243980408e-02,1.159202773123979568e-02,-2.676993049681186676e-02,-2.431498467922210693e-02,-7.826860062777996063e-03,-5.599480587989091873e-03,5.730502773076295853e-03,-7.888923399150371552e-03,5.706367082893848419e-03,1.197130326181650162e-02,1.728115603327751160e-02,-1.717082038521766663e-02,-1.539167575538158417e-02,2.090840414166450500e-02,2.422189107164740562e-03,2.348747663199901581e-02,4.902993328869342804e-03,-1.069728285074234009e-03,-6.180460914038121700e-04,-3.985837101936340332e-02,2.337714098393917084e-02,6.206320598721504211e-03,-3.434164077043533325e-02,-8.971581235527992249e-03,-2.337714098393917084e-02,-1.605368219316005707e-02,8.240615017712116241e-03,-3.161775646731257439e-03,3.712758794426918030e-02,6.106330081820487976e-03,-2.103253081440925598e-02,-2.730781212449073792e-03,2.311509661376476288e-02,3.125227242708206177e-02,-5.897383764386177063e-02,1.695532351732254028e-03,1.780524477362632751e-02,-6.199424620717763901e-03,4.375455901026725769e-03,5.209861323237419128e-03,-1.776386946439743042e-01,4.899545572698116302e-03,1.318498328328132629e-02,-2.594242058694362640e-02,4.675428196787834167e-02,-2.212208509445190430e-02,3.988595306873321533e-02,3.552773967385292053e-02,-3.792751580476760864e-03,9.109499864280223846e-03,8.520761039108037949e-04,-8.337157778441905975e-03,-2.463219687342643738e-02,-8.061321452260017395e-03,-1.097139623016119003e-02,-5.944276228547096252e-03,-2.954208664596080780e-02,-5.961515940725803375e-03,2.748710475862026215e-02,2.326680719852447510e-02,2.161178737878799438e-02,-1.218507625162601471e-02,1.779145188629627228e-02,-1.972230849787592888e-03,1.359184272587299347e-02,2.141870185732841492e-02,1.023353356868028641e-02,2.893524616956710815e-02,-5.023671779781579971e-03,-2.559762448072433472e-02,-2.352885156869888306e-02,1.612264290452003479e-02,3.210736438632011414e-02,-1.959818229079246521e-02,-6.874362006783485413e-04,3.368652891367673874e-03,-1.053350511938333511e-03,4.537510219961404800e-03,-3.499675367493182421e-04,-2.391157438978552818e-03,-2.941106446087360382e-03,2.086702920496463776e-02,-1.958438940346240997e-02,-1.768801361322402954e-03,-2.015330363065004349e-03,2.965242043137550354e-02,-4.389247857034206390e-03,2.816980006173253059e-03,3.285212442278862000e-02,-4.827138409018516541e-02,1.186096854507923126e-02,-8.868142962455749512e-03,3.531999827828258276e-04,-5.247788969427347183e-03,-1.311947242356836796e-03,1.861896179616451263e-02,-5.096078850328922272e-03,5.237445235252380371e-03,-1.819141581654548645e-02,-6.347686983644962311e-03,-5.106422584503889084e-03,-5.582240875810384750e-03,1.557096932083368301e-02,-1.279881224036216736e-02,-7.226915564388036728e-03,-1.264020614326000214e-02,-1.406076457351446152e-02,6.358030717819929123e-03,-3.599666059017181396e-02,1.772249303758144379e-02,-2.075669541954994202e-02,-1.547442656010389328e-02,-7.778588682413101196e-03,-2.082565426826477051e-02,1.293673086911439896e-02,7.978569716215133667e-03,-8.847454562783241272e-03,2.126699313521385193e-02,1.257814373821020126e-02,-2.279788441956043243e-02,-1.678464934229850769e-02,4.322357475757598877e-02,-2.951450413092970848e-03,6.495948880910873413e-03,1.897754892706871033e-02,-3.909982275217771530e-03,1.954301446676254272e-02,-2.119803242385387421e-02,9.137082844972610474e-03,1.266261795535683632e-03,-1.111621037125587463e-02,-1.453658193349838257e-02,-2.770432503893971443e-03,-3.053509816527366638e-02,3.985837101936340332e-02,2.563900128006935120e-02,-1.096449978649616241e-02,1.180924940854310989e-03,-1.439521671272814274e-03,-1.290225144475698471e-02,-1.355046685785055161e-02,-4.236848279833793640e-02,-2.819048799574375153e-02,3.348654881119728088e-02,1.230230648070573807e-02,-3.358309157192707062e-03,1.675706543028354645e-02,1.958438940346240997e-02,4.148580506443977356e-02,-2.370814606547355652e-02,4.547853954136371613e-03,-2.341162180528044701e-03,-3.391064703464508057e-03,3.814818337559700012e-02,4.858170170336961746e-03,3.034201264381408691e-02,3.366929013282060623e-03,-8.206135593354701996e-03,2.984550595283508301e-02,7.917368784546852112e-04,4.198231175541877747e-02,2.428740262985229492e-02,2.163937129080295563e-02,2.658374141901731491e-03,-2.526662126183509827e-02,-1.257124729454517365e-02,-1.180580109357833862e-01,-2.643892541527748108e-02,3.485883586108684540e-03,-4.209954291582107544e-03,-4.223746247589588165e-03,2.133595198392868042e-02,4.684910236392170191e-04,8.716432377696037292e-03,7.164852693676948547e-03,1.395042985677719116e-02,-1.224713958799839020e-02,-2.747331373393535614e-02,-4.223746247589588165e-03,4.803002811968326569e-03,5.237445235252380371e-03,-6.340791005641222000e-03,-1.120585668832063675e-02,-2.148076659068465233e-03,-8.109592832624912262e-03,9.571526199579238892e-03,4.547853954136371613e-03,1.890859007835388184e-02,1.823279075324535370e-02,-1.341254822909832001e-02,1.453313394449651241e-03,3.451403928920626640e-03,-3.665866702795028687e-02,2.554245851933956146e-02,3.185049281455576420e-04,1.297810580581426620e-02,7.509647868573665619e-03,8.226823061704635620e-03,-4.103067796677350998e-03,-3.657591715455055237e-02,-1.526754908263683319e-02,-3.489331528544425964e-02,-4.672669991850852966e-02,-1.532271597534418106e-02,5.192621611058712006e-03,-1.096449978649616241e-02,-8.475075475871562958e-03,9.054332040250301361e-03,9.750819765031337738e-03,-1.467450056225061417e-02,7.037278264760971069e-03,7.275186944752931595e-03,6.389062386006116867e-03,1.192992739379405975e-02,2.170833013951778412e-02,-6.709722336381673813e-03,-1.162650715559720993e-02,-1.302465330809354782e-03,-2.249446511268615723e-02,1.338668866083025932e-03,8.578514680266380310e-03,-1.286087557673454285e-02,4.516822285950183868e-03,3.968597389757633209e-03,-1.652260497212409973e-02,-1.204715855419635773e-02,-1.215059682726860046e-02,-1.124723255634307861e-02,5.920140538364648819e-03,8.723328821361064911e-03,8.275094442069530487e-03,-1.452279090881347656e-02,1.424005837179720402e-03,-7.337250281125307083e-03,2.174970693886280060e-02,-1.781903579831123352e-02,3.067301586270332336e-02,3.909982275217771530e-03,-2.409431710839271545e-02,2.001193724572658539e-02,-3.072818368673324585e-02,-8.316469378769397736e-03,-1.674327440559864044e-02,-1.150238141417503357e-02,7.626878563314676285e-03,-2.584587782621383667e-02,-1.934303320012986660e-03,-2.293580211699008942e-02,8.281989954411983490e-03,-2.159799635410308838e-02,2.494940906763076782e-02,2.152903750538825989e-02,-7.392417639493942261e-03,1.143342163413763046e-02,2.482528332620859146e-03,-2.136008813977241516e-03,-1.504687964916229248e-02,1.489516999572515488e-02,3.759651258587837219e-02,-4.156855866312980652e-02,-8.495763875544071198e-03,6.861432339064776897e-04,-2.377710491418838501e-02,1.855000294744968414e-02,-1.394698163494467735e-03,1.202474697493016720e-03,-1.168857049196958542e-02,-6.547668483108282089e-03,-5.544313043355941772e-02,1.435728836804628372e-02,-2.773535810410976410e-02,-4.101688414812088013e-02,3.254870325326919556e-02,-2.341851778328418732e-02,1.393663790076971054e-02,-2.248067222535610199e-02,3.091092454269528389e-03,-1.024042908102273941e-02,-3.199703246355056763e-02,3.230044990777969360e-02,1.323325466364622116e-02,1.286777202039957047e-02,-2.827323973178863525e-02,-5.128834745846688747e-04,2.046706713736057281e-02,2.270134165883064270e-02,4.654740449041128159e-03,9.171563200652599335e-03,-1.470208447426557541e-02,-3.914119675755500793e-02,-8.468179963529109955e-03,3.137639956548810005e-03,1.967058982700109482e-03,1.974989101290702820e-02,3.937565721571445465e-03,2.406673319637775421e-02,-1.092312484979629517e-02,1.686740107834339142e-02,8.178551681339740753e-03,-3.119710460305213928e-02,2.155662141740322113e-02,2.443911135196685791e-02,7.095893379300832748e-03,-1.652260497212409973e-02,-2.475632354617118835e-02,7.716525346040725708e-03,3.359688445925712585e-02,2.030156552791595459e-02,-5.147798452526330948e-03,-1.052316185086965561e-02,1.140583865344524384e-02,-3.668625280261039734e-02,-1.152996439486742020e-02,-1.351598743349313736e-02,-2.791465073823928833e-02,1.663293875753879547e-02,3.569323942065238953e-02,1.601230725646018982e-02,2.088082209229469299e-02,9.088811464607715607e-03,-1.354357134550809860e-02,-1.075072679668664932e-02,-4.999536089599132538e-03,-1.634331047534942627e-02,3.017651103436946869e-02,-1.080589368939399719e-02,1.892927801236510277e-03,-2.945933490991592407e-02,3.070059977471828461e-02,1.312291994690895081e-02,-3.346672165207564831e-04,-2.186004072427749634e-02,1.163340359926223755e-02,-2.300476282835006714e-02,-9.878394193947315216e-04,-1.073176274076104164e-03,1.221438404172658920e-03,-1.117137726396322250e-02,-5.644303746521472931e-03,-3.310037776827812195e-03,1.685360819101333618e-02,9.737027809023857117e-03,-1.192992739379405975e-02,-1.085416506975889206e-02,1.307464856654405594e-02,3.716896520927548409e-03,-7.916507311165332794e-03,4.034108482301235199e-03,1.101966761052608490e-02,-8.599202148616313934e-03,-2.827323973178863525e-02,1.848104409873485565e-03,8.461283519864082336e-03,3.447955939918756485e-03,-4.492686595767736435e-03,-7.002798374742269516e-03,1.500722835771739483e-03,-5.975307896733283997e-03,-2.882491238415241241e-02,4.678876139223575592e-03,5.696023348718881607e-03,-1.719840429723262787e-02,-1.097829174250364304e-02,3.167809627484530210e-04,-1.256435178220272064e-02,1.546063460409641266e-02,1.794316247105598450e-02,3.949978202581405640e-02,-4.920233041048049927e-03,1.481241919100284576e-02,-1.212818548083305359e-03,-2.350126765668392181e-02,-1.368838548660278320e-02,-7.116581313312053680e-03,-1.368148904293775558e-02,-2.572175115346908569e-02,-2.237033843994140625e-02,5.122283473610877991e-02,3.204875160008668900e-03,-1.528134103864431381e-02,7.992361672222614288e-03,-3.892742330208420753e-03,3.528767410898581147e-05,1.781903579831123352e-02,1.855000294744968414e-02,-1.156444475054740906e-02,-1.244712062180042267e-02,5.028498917818069458e-02,1.907409168779850006e-02,2.267375774681568146e-02,2.397019043564796448e-02,-1.292983442544937134e-02,2.428740262985229492e-02,-6.371822673827409744e-03,5.161589942872524261e-03,1.184028107672929764e-02,2.337714191526174545e-03,-5.630512256175279617e-03,3.680693043861538172e-04,7.192436140030622482e-03,-4.413383454084396362e-02,-1.475725136697292328e-02,-4.551301710307598114e-03,2.718713367357850075e-03,4.744387231767177582e-03,2.904558181762695312e-02,-1.944647170603275299e-02,4.443725571036338806e-02,-1.872929744422435760e-02,-1.404697261750698090e-02,-3.641041461378335953e-03,2.366676926612854004e-02,1.632951945066452026e-02,5.520177539438009262e-03,1.526754908263683319e-02,4.244433715939521790e-03,1.444693538360297680e-03,3.042476251721382141e-02,-1.937751192599534988e-03,1.747424155473709106e-02,-1.010940689593553543e-02,-3.569323942065238953e-02,1.412282790988683701e-02,-1.236436981707811356e-02,-5.320196039974689484e-03,-1.786041259765625000e-02,1.535417832201346755e-04,2.286684326827526093e-02,2.663546008989214897e-03,1.475725136697292328e-02,-1.381251122802495956e-02,-2.932141721248626709e-02,-2.418741118162870407e-03,1.608126610517501831e-02,-2.075669541954994202e-02,2.977309981361031532e-03,-1.726736314594745636e-02,5.599480587989091873e-03,9.392231702804565430e-03,-2.249446511268615723e-02,-1.507446356117725372e-02,7.123476825654506683e-03,-8.268197998404502869e-03,-7.785484660416841507e-03,7.740661385469138622e-04,-4.630604758858680725e-03,-6.237352266907691956e-03,-6.264936178922653198e-03,1.725357212126255035e-02,-9.826674126088619232e-03,-2.201175130903720856e-02,2.094978094100952148e-02,-1.671569049358367920e-02,-5.158142186701297760e-03,9.219834581017494202e-03,-4.096171818673610687e-03
-3.193833678960800171e-02,-1.809484697878360748e-02,-3.456886485219001770e-02,-2.499002031981945038e-02,-1.485318597406148911e-02,1.104689110070466995e-02,-2.973294258117675781e-02,-2.064566314220428467e-02,-3.350602462887763977e-02,-1.129931584000587463e-02,6.187720224261283875e-03,2.835125103592872620e-02,5.971830803900957108e-03,2.912845229730010033e-03,1.424205303192138672e-02,3.440943732857704163e-02,1.929054223001003265e-02,1.655372977256774902e-02,1.547760423272848129e-02,5.782512482255697250e-03,-2.073866128921508789e-02,-1.924736425280570984e-03,-1.684601046144962311e-02,-2.223992161452770233e-02,-7.892415742389857769e-04,3.010825719684362411e-03,1.122624520212411880e-02,-3.203050291631370783e-04,1.868273015134036541e-03,-2.382089570164680481e-02,1.693070516921579838e-03,-1.582302711904048920e-02,1.664008479565382004e-03,-2.169521711766719818e-02,-3.156634047627449036e-02,-1.256808079779148102e-02,2.611430536489933729e-04,2.597314771264791489e-03,9.499130770564079285e-03,-7.772015873342752457e-03,2.472431026399135590e-02,3.274874994531273842e-03,2.173507399857044220e-02,2.776668965816497803e-02,1.074464642442762852e-03,-2.819846849888563156e-03,-3.430315479636192322e-02,-2.597314771264791489e-03,-3.108806349337100983e-02,-8.685393841005861759e-04,5.613122601062059402e-03,7.307023275643587112e-03,-1.417562551796436310e-02,1.150524057447910309e-02,-5.025239195674657822e-03,1.090075075626373291e-02,-3.626940771937370300e-03,-1.438819337636232376e-02,-9.944194927811622620e-03,-7.280452642589807510e-03,8.921211585402488708e-03,1.056861318647861481e-02,-1.566360145807266235e-02,3.763117128983139992e-03,2.341568935662508011e-03,2.627206966280937195e-03,-1.976881921291351318e-02,6.340503692626953125e-03,1.473859883844852448e-03,-3.417029976844787598e-02,1.301978714764118195e-02,9.585485793650150299e-03,-2.758069150149822235e-02,-1.291350368410348892e-02,1.883883588016033173e-02,-4.006905853748321533e-02,-1.596916839480400085e-02,3.122091758996248245e-03,3.879780415445566177e-04,-7.127669174224138260e-03,1.521189417690038681e-02,-1.774942502379417419e-02,-1.376377511769533157e-02,1.277400553226470947e-02,1.197687536478042603e-02,9.585485793650150299e-03,-2.018067054450511932e-02,2.417960576713085175e-02,6.034937221556901932e-03,-7.705588359385728836e-03,7.639160845428705215e-03,2.432574518024921417e-02,3.669454157352447510e-02,2.443202957510948181e-02,-2.629199996590614319e-02,2.634265110827982426e-04,-2.451174333691596985e-02,-2.077519660815596581e-03,-1.073634251952171326e-03,-8.695357479155063629e-03,1.784242317080497742e-02,-9.877767413854598999e-03,-4.975418560206890106e-03,-8.057653903961181641e-03,-6.875244900584220886e-03,-1.715157739818096161e-02,-9.226777590811252594e-03,-6.090570241212844849e-04,2.700941637158393860e-02,-1.820113137364387512e-02,4.643281456083059311e-03,4.285901412367820740e-02,1.200344692915678024e-02,-4.440013319253921509e-02,2.379432506859302521e-02,-3.487443085759878159e-03,8.542574942111968994e-03,-1.970239169895648956e-02,-3.656168654561042786e-02,1.251493860036134720e-02,9.047423489391803741e-03,2.132322406396269798e-03,1.086753699928522110e-02,-3.608341142535209656e-02,7.200739346444606781e-03,1.359106414020061493e-02,-2.991893887519836426e-02,1.189882401376962662e-03,-1.506575383245944977e-02,-1.292014587670564651e-02,2.558786794543266296e-02,1.952968165278434753e-02,3.531285002827644348e-02,4.942204803228378296e-03,-3.649360151030123234e-04,3.196490556001663208e-02,-4.869134631007909775e-03,-1.962932292371988297e-03,3.029093379154801369e-03,-1.711172051727771759e-02,1.910454593598842621e-02,3.440943732857704163e-02,-1.398962829262018204e-02,6.948315072804689407e-03,1.825427263975143433e-02,1.123953051865100861e-02,2.752755023539066315e-02,-7.931441999971866608e-03,-1.054868474602699280e-02,3.289821324869990349e-03,-7.346880156546831131e-03,-1.013019122183322906e-02,4.564896970987319946e-02,-2.384746819734573364e-02,-1.668658480048179626e-02,1.603559590876102448e-02,-7.532876916229724884e-03,2.760726399719715118e-02,9.592128917574882507e-03,1.505246851593255997e-02,-2.295900048920884728e-04,1.243522576987743378e-02,1.111830002628266811e-03,2.557458123192191124e-03,3.223393810912966728e-03,4.325757920742034912e-02,1.607545092701911926e-02,-5.755941849201917648e-03,2.077519660815596581e-03,-2.072537550702691078e-03,1.230901293456554413e-02,2.042645122855901718e-03,6.410252302885055542e-03,2.425931766629219055e-02,-4.018862731754779816e-03,1.216287259012460709e-02,3.510692622512578964e-03,6.147863809019327164e-03,-2.427260391414165497e-02,-8.901283144950866699e-03,-3.595055639743804932e-02,-1.133252959698438644e-02,3.587084263563156128e-02,3.943135589361190796e-02,-1.778928004205226898e-02,1.052211411297321320e-02,-1.820113137364387512e-02,-6.543107330799102783e-03,1.477347314357757568e-02,9.585485793650150299e-03,7.346880156546831131e-03,6.915101315826177597e-03,1.684601046144962311e-02,-2.975951321423053741e-02,-6.134710907936096191e-01,-1.440147869288921356e-02,3.195162164047360420e-03,7.381754694506525993e-04,1.793542131781578064e-02,-4.483855329453945160e-03,-1.676629669964313507e-02,-1.115317456424236298e-02,-4.404972714837640524e-04,3.002522327005863190e-02,-6.705854553729295731e-03,2.379432506859302521e-02,-6.988171488046646118e-03,-6.785567849874496460e-03,1.634116098284721375e-02,-3.231032937765121460e-02,6.380360107868909836e-03,-1.013683434575796127e-02,-1.620830595493316650e-02,4.543640185147523880e-03,-9.042441379278898239e-04,-2.271820092573761940e-03,9.771483018994331360e-03,8.037725463509559631e-03,2.087151631712913513e-02,2.723526954650878906e-02,-2.461138414219021797e-03,2.509630471467971802e-02,-2.164207585155963898e-02,-8.602359332144260406e-03,-2.463131211698055267e-02,2.686327509582042694e-02,-6.460073054768145084e-04,2.152250520884990692e-02,2.056594938039779663e-02,-2.861696109175682068e-02,-9.565558284521102905e-03,2.037995308637619019e-02,1.337849535048007965e-02,3.773081302642822266e-02,-4.473891109228134155e-03,-2.743455115705728531e-03,5.118237808346748352e-03,-2.626542747020721436e-02,-8.031083270907402039e-03,9.851195849478244781e-03,-3.507371293380856514e-03,4.729636944830417633e-03,9.392846375703811646e-03,-9.216813487000763416e-04,-1.537132076919078827e-02,2.269162982702255249e-02,-1.343163754791021347e-02,6.131256930530071259e-03,6.954957731068134308e-03,2.407332137227058411e-02,2.351533062756061554e-02,-2.415303327143192291e-02,-4.882420180365443230e-04,-1.365749072283506393e-02,1.147202681750059128e-02,7.326951716095209122e-03,-1.614187844097614288e-02,-4.742922727018594742e-03,-1.830077264457941055e-03,1.620830595493316650e-02,2.501659095287322998e-02,2.874649362638592720e-03,2.173839369788765907e-03,-1.893183402717113495e-02,1.119303144514560699e-02,4.317786544561386108e-02,-8.602359332144260406e-03,-2.487709280103445053e-03,-1.376377511769533157e-02,1.747042872011661530e-02,6.137899588793516159e-03,1.003054995089769363e-02,-5.437089595943689346e-03,-2.027699025347828865e-03,-1.081439480185508728e-02,-4.938883706927299500e-03,-7.772015873342752457e-03,4.666530992835760117e-03,2.237277664244174957e-02,-2.598643302917480469e-02,-3.273546695709228516e-02,-8.502718061208724976e-03,2.146936394274234772e-02,-8.024440146982669830e-03,-1.507903914898633957e-02,1.724457554519176483e-02,1.020990498363971710e-02,-1.060846913605928421e-02,2.109736949205398560e-02,1.426862366497516632e-02,1.020990498363971710e-02,2.108408324420452118e-02,1.893183402717113495e-02,-1.733757369220256805e-02,-1.689915172755718231e-02,1.606216654181480408e-02,1.073468197137117386e-02,2.318319305777549744e-02,1.833398640155792236e-02,1.096053514629602432e-02,-9.877767413854598999e-03,4.314465448260307312e-03,3.193833678960800171e-02,-3.486114367842674255e-02,2.961005084216594696e-03,1.086089410819113255e-03,5.197950638830661774e-03,-1.476018782705068588e-02,6.230898201465606689e-03,-2.986579760909080505e-02,1.177759375423192978e-02,-2.522168506402522326e-04,3.549885004758834839e-02,-2.080508880317211151e-02,2.888267114758491516e-02,1.749699935317039490e-02,-1.388334436342120171e-03,-2.024709805846214294e-02,1.800184883177280426e-02,3.339973837137222290e-02,-2.768697589635848999e-02,-1.434833742678165436e-02,-5.493552889674901962e-03,-1.527832238934934139e-03,-1.092067919671535492e-02,-7.692303042858839035e-03,2.205392532050609589e-02,-1.863955333828926086e-02,1.268100738525390625e-02,1.692240242846310139e-03,2.165536023676395416e-02,-1.348477974534034729e-02,4.091932997107505798e-02,-1.320578437298536301e-02,1.461404655128717422e-02,3.982327878475189209e-03,7.101098075509071350e-03,-2.026038244366645813e-02,-2.626542747020721436e-02,-3.669454157352447510e-02,-1.398962829262018204e-02,-9.286562912166118622e-03,-4.105218499898910522e-02,2.845753543078899384e-02,3.454229328781366348e-03,6.111328955739736557e-03,-2.960008755326271057e-02,-2.164207585155963898e-02,-1.043575815856456757e-02,-6.450108718127012253e-03,-2.518930286169052124e-02,-2.342233248054981232e-02,-1.192373409867286682e-02,-1.413576863706111908e-02,1.229572761803865433e-02,2.331604808568954468e-02,-2.157564833760261536e-02,1.439815736375749111e-03,-2.740133786574006081e-03,-1.119967456907033920e-02,8.462862111628055573e-03,-1.000563963316380978e-03,-1.716486178338527679e-02,-1.907797344028949738e-02,-9.060708805918693542e-03,1.429519522935152054e-02,-1.184402033686637878e-02,2.467116899788379669e-02,-1.886540651321411133e-02,4.835920874029397964e-03,-2.633185498416423798e-02,-2.200410563091281801e-05,-2.962665818631649017e-02,3.661483153700828552e-02,1.128602959215641022e-02,7.008099928498268127e-03,-2.310347929596900940e-02,-8.509361185133457184e-03,5.556659307330846786e-03,2.047295123338699341e-02,-1.151852589100599289e-02,-7.134311832487583160e-03,5.951902829110622406e-03,1.761656999588012695e-02,-2.243920415639877319e-02,5.121559370309114456e-03,-5.154773127287626266e-03,4.885741509497165680e-03,9.585485793650150299e-03,-9.087280370295047760e-03,1.773613877594470978e-02,2.316990680992603302e-02,7.161713438108563423e-04,3.265575319528579712e-02,4.075326491147279739e-03,-3.013150766491889954e-02,4.347014799714088440e-02,1.532814232632517815e-03,5.069745704531669617e-02,-4.729637131094932556e-02,-2.592228884168434888e-05,-7.725516799837350845e-03,1.723128929734230042e-02,4.334393423050642014e-03,-2.939416328445076942e-03,-3.804966434836387634e-02,4.471400170587003231e-04,-3.256607567891478539e-03,1.136574335396289825e-02,-1.263782964088022709e-03,1.034608110785484314e-03,6.270754616707563400e-03,1.402948517352342606e-02,6.064829416573047638e-03,4.231431055814027786e-03,-1.168293412774801254e-03,-7.924798876047134399e-03,8.755142800509929657e-03,-3.998934850096702576e-02,2.117708325386047363e-02,1.070146821439266205e-02,-8.323363959789276123e-03,-1.917097158730030060e-02,-2.586686238646507263e-02,1.409923424944281578e-03,7.931441999971866608e-03,3.998934756964445114e-03,5.254413932561874390e-03,7.898228242993354797e-03,2.393050119280815125e-03,1.922411471605300903e-02,-1.583631336688995361e-02,-3.153977170586585999e-02,-1.816127449274063110e-02,5.156433326192200184e-04,2.198749780654907227e-02,1.676629669964313507e-02,-1.804170571267604828e-02,1.862626709043979645e-02,2.441874332726001740e-02,1.842698454856872559e-02,1.265443582087755203e-02,-1.089410763233900070e-02,2.609271742403507233e-02,-1.281386241316795349e-02,3.775738179683685303e-02,-2.294405363500118256e-02,-5.021918099373579025e-03,5.380626302212476730e-03,-1.598245278000831604e-02,-1.849341206252574921e-02,2.293076738715171814e-02,1.046232879161834717e-02,2.271820046007633209e-02,-2.569083124399185181e-03,-5.114916246384382248e-03,1.478841877542436123e-03,7.293737959116697311e-03,2.456488460302352905e-02,2.311676554381847382e-02,-1.082103792577981949e-02,-1.464061811566352844e-02,-5.848939996212720871e-03,1.558388862758874893e-02,-5.941938608884811401e-03,-7.938084192574024200e-03,-1.365749072283506393e-02,2.253220416605472565e-02,1.721800491213798523e-02,1.487975660711526871e-02,-2.134979330003261566e-02,2.060580626130104065e-02,1.933039911091327667e-02,9.133779443800449371e-03,-3.626940771937370300e-02,-2.673042006790637970e-02,2.885610051453113556e-02,2.208049595355987549e-02,-1.296664495021104813e-02,-1.648730225861072540e-02,-1.606216654181480408e-02,-1.164141693152487278e-03,-1.442805025726556778e-02,4.556925501674413681e-03,1.050218567252159119e-02,1.667329855263233185e-02,1.410919800400733948e-02,2.371461363509297371e-03,8.436290547251701355e-03,-2.706255763769149780e-02,4.663209617137908936e-02,-2.448517084121704102e-02,1.822770200669765472e-02,-1.159823872148990631e-02,-7.140954956412315369e-03,-4.099904373288154602e-02,-1.169787999242544174e-02,2.939416153822094202e-04,4.113189876079559326e-02,8.343292400240898132e-03,-1.464061811566352844e-02,-2.130993828177452087e-02,-2.459477633237838745e-03,-1.666001416742801666e-02,-2.506973408162593842e-02,-4.696423187851905823e-03,-3.268232196569442749e-02,-1.176430750638246536e-02,-1.005047839134931564e-02,-1.313271373510360718e-02,-8.382318192161619663e-04,2.057923562824726105e-02,-1.367575838230550289e-03,1.309949997812509537e-02,-1.639430411159992218e-02,-3.743853047490119934e-02,-2.460474148392677307e-02,2.059252001345157623e-03,8.757799863815307617e-02,7.878299802541732788e-03,8.210437372326850891e-03,1.448119245469570160e-02,1.666001416742801666e-02,-4.274608567357063293e-03,8.398925419896841049e-04,-3.539256379008293152e-02,1.319914124906063080e-02,-2.129665203392505646e-02,-2.161550335586071014e-02,-1.254815235733985901e-02,3.889993578195571899e-02,-1.400291454046964645e-02,2.572072297334671021e-02,-3.985648974776268005e-03,-3.053007274866104126e-02,-8.760124910622835159e-04,-9.984050877392292023e-03,-1.057857763953506947e-03,-5.755941849201917648e-03,7.486377842724323273e-03,-1.666001416742801666e-02,7.586019113659858704e-03,-2.755079884082078934e-03,-2.367475628852844238e-02,3.204461932182312012e-02,2.698284573853015900e-02,4.018862731754779816e-03,-2.560779685154557228e-03,-1.762985438108444214e-02,-1.220937166363000870e-02,2.085823006927967072e-02,3.757138550281524658e-02,-7.659089285880327225e-03,6.370395887643098831e-03,-1.553074643015861511e-02,1.600902341306209564e-02,2.383418194949626923e-02,-1.626144908368587494e-02,1.209644507616758347e-02,2.627871371805667877e-02,1.728443242609500885e-02,5.513481330126523972e-03,1.433505117893218994e-02,-8.718607714399695396e-04,1.309866929659619927e-04,9.206849150359630585e-03,-4.895705729722976685e-03,-4.806692898273468018e-02,1.007040683180093765e-02,-3.080574562773108482e-03,-3.669454157352447510e-02,5.377305205911397934e-03,1.510561071336269379e-02,1.399959321133792400e-03,3.819580422714352608e-03,2.562772482633590698e-02,-7.094455417245626450e-03,6.049053044989705086e-04,-3.834194317460060120e-02,-1.526503637433052063e-02,1.962267979979515076e-02,-1.214958727359771729e-02,-2.869667485356330872e-02,2.356515033170580864e-03,-1.984853297472000122e-02,4.546297341585159302e-02,-3.751824423670768738e-02,1.334528159350156784e-02,-1.462733279913663864e-02,1.070146821439266205e-02,-2.681013382971286774e-02,3.357909386977553368e-03,2.100437134504318237e-02,3.177890926599502563e-02,1.971567794680595398e-02,8.011154830455780029e-03,1.739071495831012726e-02,1.610202342271804810e-02,6.320575252175331116e-03,-1.655372977256774902e-02,2.925466559827327728e-02,-1.561045926064252853e-02,-2.428588829934597015e-02,2.133650891482830048e-02,-1.090739294886589050e-02,-9.465917013585567474e-03,-3.084892407059669495e-02,1.057857763953506947e-03,3.148662671446800232e-02,1.028961781412363052e-02,-5.912046413868665695e-03,-1.296664495021104813e-02,8.223722688853740692e-03,9.519059211015701294e-03,-3.789687994867563248e-03,1.547760423272848129e-02,-8.987639099359512329e-03,2.391389571130275726e-03,-6.433501839637756348e-03,3.749831579625606537e-03,-1.322571281343698502e-02,-2.112394012510776520e-02,1.368406228721141815e-02,-9.598771575838327408e-04,-1.626144908368587494e-02,1.869269460439682007e-02,-1.851998269557952881e-02,2.535869367420673370e-03,3.680082736536860466e-03,-1.180416438728570938e-02,1.626144908368587494e-02,-2.080508880317211151e-02,-1.270093582570552826e-02,7.067884318530559540e-03,-6.206818507052958012e-04,2.007438614964485168e-02,2.049952186644077301e-02,3.366212826222181320e-03,-2.740133786574006081e-03,3.264911007136106491e-03,2.671713568270206451e-02,2.779326029121875763e-02,-2.981265634298324585e-02,2.938752062618732452e-02,1.551746111363172531e-02,-4.204859957098960876e-03,7.402512710541486740e-04,2.493687905371189117e-02,-8.051011711359024048e-03,2.140293642878532410e-02,8.894640021026134491e-03,-2.297062426805496216e-02,-5.125544965267181396e-02,4.820144386030733585e-04,-2.728509018197655678e-03,3.350602462887763977e-02,-1.655372977256774902e-02,-3.088878002017736435e-03,1.457419060170650482e-02,-7.619232870638370514e-03,-3.669454157352447510e-02,-3.916564583778381348e-02,1.072139665484428406e-02,-4.968775808811187744e-02,1.190380565822124481e-02,-1.851998269557952881e-02,-5.008632317185401917e-03,1.193701941519975662e-02,-5.080374330282211304e-02,4.530354402959346771e-03,-1.068818289786577225e-02,1.199680380523204803e-02,2.014081366360187531e-02,-1.311942841857671738e-02,7.498002378270030022e-04,-2.603957429528236389e-02,2.447188645601272583e-02,9.817982092499732971e-03,5.468310788273811340e-02,3.240000689402222633e-03,2.327619120478630066e-02,1.813470385968685150e-02,-1.050218567252159119e-02,5.314198788255453110e-03,5.712763871997594833e-03,8.509361185133457184e-03,-3.180548176169395447e-02,2.719541266560554504e-02,8.299283799715340137e-04,1.228244230151176453e-02,3.066292777657508850e-02,3.470171988010406494e-02,8.330007083714008331e-03,2.210706658661365509e-02,3.809201298281550407e-04,-3.217747434973716736e-02,-3.076921217143535614e-02,-1.632787659764289856e-02,1.346485130488872528e-02,-2.901552617549896240e-02,4.081969149410724640e-03,-7.692303042858839035e-03,-1.472033094614744186e-02,-9.558915160596370697e-03,1.592598971910774708e-03,-1.196525059640407562e-03,1.561045937705785036e-04,3.145341528579592705e-03,2.614585869014263153e-02,-1.866612397134304047e-02,3.116777725517749786e-02,1.418891083449125290e-02,-1.018997654318809509e-02,3.258268116042017937e-03,1.255894603673368692e-04,2.493687905371189117e-02,1.736414432525634766e-02,1.790885068476200104e-02,8.129063644446432590e-04,2.867010235786437988e-02,-2.508301846683025360e-02,-2.763383463025093079e-02,-2.736812457442283630e-02,5.616444163024425507e-03,-1.612859405577182770e-02,1.396305765956640244e-02,9.313133545219898224e-03,-2.824496664106845856e-02,-1.788228005170822144e-02,-3.967049345374107361e-02,-2.152250520884990692e-02,-2.949380315840244293e-02,2.843096479773521423e-02,9.299848228693008423e-03,-1.189052034169435501e-02,1.826755888760089874e-02,-1.850669831037521362e-02,-2.026038244366645813e-02,-2.002124488353729248e-02,-2.505644783377647400e-02,4.365614429116249084e-02,-2.367475628852844238e-02,1.356449257582426071e-02,2.874981611967086792e-02,7.951370440423488617e-03,-3.661483153700828552e-02,-1.051547098904848099e-02,9.651913307607173920e-03,-1.487975660711526871e-02,1.573002897202968597e-02,3.106149286031723022e-02,2.378104068338871002e-02,-1.713829115033149719e-02,-8.987639099359512329e-03,-1.446790620684623718e-02,-2.635842561721801758e-02,-2.699613012373447418e-02,2.890924178063869476e-02,-1.716486178338527679e-02,-1.518532354384660721e-02,-4.095254465937614441e-03,-2.651785314083099365e-02,1.272750645875930786e-02,-1.712168450467288494e-03,-2.581372112035751343e-02,1.357113569974899292e-02,-5.659621674567461014e-03,-1.635444723069667816e-02,-2.813868224620819092e-02,-7.984584197402000427e-03,-2.189449965953826904e-02,4.719672724604606628e-03,1.489304285496473312e-02,-2.330276183784008026e-02,2.032680995762348175e-02,-3.603027015924453735e-02,-1.392320077866315842e-02,1.842698454856872559e-02,1.420219615101814270e-02,1.677958294749259949e-02,7.971297949552536011e-03,8.768428117036819458e-03,2.929036854766309261e-04,-6.692569004371762276e-04,-1.263450831174850464e-02,-2.367475628852844238e-02,4.012220073491334915e-03,2.667727880179882050e-02,-1.139231398701667786e-02,-1.838712766766548157e-02,-6.848673801869153976e-03,1.737743057310581207e-02,-2.502655610442161560e-03,-1.446790620684623718e-02,3.673440078273415565e-03,-9.784768335521221161e-03,-2.973294258117675781e-02,-2.100437134504318237e-02,4.827949777245521545e-02,-4.948847927153110504e-04,-5.028560757637023926e-03,-1.840041368268430233e-03,-2.920152246952056885e-02,-2.137304283678531647e-03,8.241159957833588123e-04,1.952968072146177292e-03,2.388732321560382843e-02,-1.046897191554307938e-02,-1.879897899925708771e-03,1.387005951255559921e-02,-6.410252302885055542e-03,1.766971126198768616e-02,1.491961348801851273e-02,1.258136611431837082e-02,6.098873564042150974e-04,2.877638675272464752e-02,-7.891585119068622589e-03,1.709843426942825317e-02,-3.480800241231918335e-02,-7.479734718799591064e-03,-2.047295123338699341e-02,1.911783032119274139e-02,1.817456074059009552e-02,1.712500676512718201e-02,-2.309019491076469421e-02,-8.575788699090480804e-03,1.048225723206996918e-02,2.282448485493659973e-02,2.026038244366645813e-02,-4.802707117050886154e-03,-3.819580422714352608e-03,-1.642087474465370178e-02,6.695890799164772034e-03,1.525175105780363083e-02,1.897169090807437897e-02,7.346880156546831131e-03,-2.213363908231258392e-02,1.600902341306209564e-02,-1.869933679699897766e-03,-6.054865196347236633e-03,1.063504070043563843e-02,-1.761656999588012695e-02,-3.786366665735840797e-03,-3.444265108555555344e-03,1.055532786995172501e-02,9.279919788241386414e-03,6.665998138487339020e-03,-1.365749072283506393e-02,-3.077253233641386032e-03,-1.402948517352342606e-02,-2.840439230203628540e-02,-2.270491421222686768e-02,5.334127228707075119e-03,-1.252158079296350479e-02,-1.453433372080326080e-02,1.041582971811294556e-02,-2.614585869014263153e-02,-1.915768720209598541e-02,2.239934913814067841e-02,-1.547760423272848129e-02,3.346284618601202965e-03,-1.064832601696252823e-02,-1.024976093322038651e-02,4.739601165056228638e-03,1.804170571267604828e-02,-6.370395887643098831e-03,-2.319647744297981262e-02,-2.994551137089729309e-02,-2.101765573024749756e-02,2.037995308637619019e-02,2.901552617549896240e-02,-1.390991546213626862e-02,-1.986181922256946564e-02,2.921148668974637985e-03,-3.199147805571556091e-02,-3.446257859468460083e-02,-8.974353782832622528e-03,9.525701403617858887e-03,2.525573037564754486e-02,2.718212828040122986e-02,2.654442377388477325e-02,2.694298885762691498e-02,1.097382046282291412e-02,-7.818515412509441376e-03,-3.783709555864334106e-02,-8.084225468337535858e-03,2.758401446044445038e-03,4.052076488733291626e-03,7.459806744009256363e-03,-5.284306593239307404e-03,-2.185464277863502502e-02,-3.021122142672538757e-02,2.390060946345329285e-02,-4.208181053400039673e-03,3.082235343754291534e-02,2.008767239749431610e-02,4.626674577593803406e-03,6.619499064981937408e-03,-2.073866128921508789e-02,-6.340503692626953125e-03,-6.201006006449460983e-03,-1.251493860036134720e-02,-1.400291454046964645e-02,-1.887869089841842651e-02,-1.396305765956640244e-02,1.283378992229700089e-02,2.813868224620819092e-02,-3.292146325111389160e-02,-2.392718009650707245e-02,9.798054583370685577e-03,1.700543612241744995e-02,-1.357113569974899292e-02,-2.107079885900020599e-02,5.812405142933130264e-03,-1.894843997433781624e-03,-1.193037629127502441e-02,2.962665818631649017e-02,1.294007431715726852e-02,-3.305431827902793884e-02,-9.241724037565290928e-04,-2.514944598078727722e-02,-3.092863783240318298e-02,2.956023206934332848e-03,1.494618412107229233e-02,-4.048755392432212830e-03,-1.225587166845798492e-02,-2.012752741575241089e-02,-3.140691667795181274e-02,1.130595803260803223e-02,1.190380565822124481e-02,6.848673801869153976e-03,-2.197421155869960785e-02,1.576988585293292999e-02,-2.180150151252746582e-02,8.721929043531417847e-03,-1.979539170861244202e-02,3.430315479636192322e-02,5.337448325008153915e-03,8.718607714399695396e-04,-1.077453792095184326e-02,2.593328990042209625e-02,3.512685373425483704e-02,4.666530992835760117e-03,-3.254946693778038025e-02,-1.764314062893390656e-02,1.120631676167249680e-02,-3.630262101069092751e-03,-2.265177294611930847e-02,-1.157831121236085892e-02,-3.379830345511436462e-02,-8.516003377735614777e-03,-7.380093913525342941e-03,-2.048623748123645782e-02,1.259465143084526062e-02,2.170318812131881714e-01,-3.399426583200693130e-03,5.347412545233964920e-03,1.512886025011539459e-03,-1.195694785565137863e-02,-1.133252959698438644e-02,3.385144844651222229e-02,-1.064168289303779602e-02,-3.004183061420917511e-03,1.048890035599470139e-02,-1.324564032256603241e-02,1.558388862758874893e-02,-1.157831121236085892e-02,9.175296290777623653e-04,8.927853778004646301e-03,-2.085823006927967072e-02,-1.575659960508346558e-02,-3.597048344090580940e-03,-4.384214058518409729e-03,-3.560513257980346680e-02,1.919754408299922943e-02,1.077453792095184326e-02,-5.181343760341405869e-03,-3.818251937627792358e-02,1.079446636140346527e-02,6.649391259998083115e-03,-1.321076648309826851e-03,-9.739930392242968082e-04,-8.462862111628055573e-03,3.120431210845708847e-03,-2.383418194949626923e-02,-4.832599777728319168e-03,7.228140602819621563e-04,-1.497939811088144779e-03,-2.451174333691596985e-02,-9.459273889660835266e-03,1.376377511769533157e-02,-1.449779840186238289e-03,2.238606289029121399e-02,2.554801106452941895e-02,2.771354652941226959e-02,-8.582430891692638397e-03,2.375446818768978119e-02,-1.849341206252574921e-02,-1.903811842203140259e-02,1.801513507962226868e-02,7.751257508061826229e-04,-1.166466623544692993e-02,-1.418891083449125290e-02,1.911450875923037529e-03,-3.555199131369590759e-02,1.879897899925708771e-02,2.890924178063869476e-02,1.624816283583641052e-02,1.915768720209598541e-02,6.626141723245382309e-03,8.197152055799961090e-03,1.557060237973928452e-02,-8.383148349821567535e-03,-1.048225723206996918e-02,4.118504002690315247e-03,1.519860886037349701e-02,-5.048488732427358627e-03,4.036134108901023865e-02,-3.254946786910295486e-04,2.083165943622589111e-02,-3.937821462750434875e-02,-8.934496901929378510e-03,1.528662513010203838e-03,-8.436290547251701355e-03,-2.944066189229488373e-02,-3.422344103455543518e-02,-6.181077565997838974e-03,1.489304285496473312e-02,-3.822901751846075058e-03,-2.674370631575584412e-02,2.173507399857044220e-02,1.926397159695625305e-02,3.929600934498012066e-04,2.073866128921508789e-02,-7.765373215079307556e-03,-1.889197714626789093e-02,1.590938307344913483e-03,8.921211585402488708e-03,-9.166993200778961182e-03,-1.715157739818096161e-02,9.140421636402606964e-03,1.535803452134132385e-02,-1.507903914898633957e-02,2.779326029121875763e-02,9.731627069413661957e-03,-2.338247559964656830e-02,-5.280985031276941299e-03,-3.260261192917823792e-02,-1.201507169753313065e-03,-9.678484871983528137e-03,1.031286665238440037e-03,1.177759375423192978e-02,-2.182807214558124542e-02,-5.134844686836004257e-03,-2.479405840858817101e-03,-2.358175814151763916e-02,9.784768335521221161e-03,9.889391949400305748e-04,-8.951103664003312588e-04,-3.474157536402344704e-03,1.808156259357929230e-02,-8.217080496251583099e-03,1.810149056836962700e-03,-2.615914493799209595e-02,5.579908844083547592e-03,-1.752356998622417450e-02,-1.448119245469570160e-02,-6.602892186492681503e-03,1.276072021573781967e-02,2.249234728515148163e-02,-2.218678034842014313e-02,-3.525970876216888428e-02,8.942800341174006462e-04,5.320841446518898010e-03,-1.416234020143747330e-02,-2.112394012510776520e-02,2.176164463162422180e-02,1.365749072283506393e-02,-7.931441999971866608e-03,-3.215090185403823853e-02,-3.951106965541839600e-02,9.671841748058795929e-03,8.542574942111968994e-03,-3.047693148255348206e-02,-1.210973039269447327e-02,-1.679286919534206390e-02,3.316392190754413605e-03,-5.131523124873638153e-03,1.379034575074911118e-02,1.373720448464155197e-02,7.167525589466094971e-03,-1.952968165278434753e-02,-4.832599777728319168e-03,8.648858405649662018e-03,-7.293737959116697311e-03,2.350204437971115112e-02,-3.587084356695413589e-03,4.822635557502508163e-03,7.911513559520244598e-03,-2.824496664106845856e-02,4.017534479498863220e-02,8.741857483983039856e-03,-1.958282291889190674e-02,-9.844553656876087189e-03,-3.374516218900680542e-02,-1.133917178958654404e-02,2.286433987319469452e-02,-1.285371836274862289e-02,3.839508816599845886e-02,-4.277930129319429398e-03,-2.441874332726001740e-02,-6.451769731938838959e-04,9.445988573133945465e-03,3.084892407059669495e-02,-5.792476981878280640e-02,2.424603328108787537e-02,1.197023317217826843e-02,-1.255479454994201660e-02,-4.586817696690559387e-03,4.055398050695657730e-03,-1.677161157131195068e-01,7.514609606005251408e-04,3.068949794396758080e-03,-1.562374457716941833e-02,4.336386173963546753e-02,-2.111065573990345001e-02,3.552541881799697876e-02,1.813470385968685150e-02,-1.902483217418193817e-02,5.314198788255453110e-03,-1.168459467589855194e-02,-7.220667786896228790e-03,-1.404277049005031586e-02,-2.473759651184082031e-02,-1.384348794817924500e-02,-1.377706043422222137e-02,-2.572072297334671021e-02,-6.227576639503240585e-03,9.087280370295047760e-03,1.960939355194568634e-02,9.964123368263244629e-03,-1.817456074059009552e-02,-1.623321673832833767e-03,1.007704995572566986e-02,-8.349934592843055725e-03,1.737743057310581207e-02,2.193767810240387917e-03,2.429917454719543457e-02,-1.952968165278434753e-02,-3.706653788685798645e-02,-2.255877479910850525e-02,2.138965018093585968e-02,2.564100921154022217e-02,2.901220461353659630e-03,7.506305817514657974e-03,8.635573089122772217e-03,-1.009033527225255966e-02,1.311278622597455978e-02,4.782779142260551453e-03,2.967980131506919861e-02,1.534474920481443405e-02,2.674370631575584412e-02,-2.726184017956256866e-02,-9.824625216424465179e-03,9.582164930179715157e-04,2.125679515302181244e-02,2.189449965953826904e-02,-1.238872576504945755e-02,4.307158291339874268e-02,-4.424070566892623901e-02,-6.171113345772027969e-03,3.230036469176411629e-03,-1.477347314357757568e-02,-9.592128917574882507e-03,1.729771681129932404e-02,9.997337125241756439e-03,-1.503918319940567017e-02,-7.167525589466094971e-03,-1.844027079641819000e-02,-3.201804822310805321e-03,-1.786899380385875702e-02,-1.119303144514560699e-02,1.669986918568611145e-02,-1.372391823679208755e-02,-1.554403174668550491e-02,-6.503250915557146072e-03,-1.646073162555694580e-02,2.319979947060346603e-03,-3.977677971124649048e-02,1.398962829262018204e-02,3.666797187179327011e-03,-9.964123368263244629e-03,-1.029626000672578812e-02,-1.902483217418193817e-02,2.532215788960456848e-02,-6.480001378804445267e-03,-2.307690866291522980e-02,4.110532999038696289e-02,1.724457554519176483e-02,-1.958282291889190674e-02,2.406003512442111969e-02,3.871393948793411255e-02,-1.261457987129688263e-02,3.703332273289561272e-03,4.487840831279754639e-02,6.197684444487094879e-03,9.532344527542591095e-03,-2.784640155732631683e-02,2.423274703323841095e-02,-5.636372137814760208e-03,-2.560115233063697815e-02,-1.934368349611759186e-02,-1.786899380385875702e-02,-3.390458971261978149e-02,2.525573037564754486e-02,2.595986239612102509e-02,-4.994516493752598763e-04,2.783311763778328896e-03,-2.258534543216228485e-03,1.660687103867530823e-02,-4.789421800523996353e-03,-4.131789505481719971e-02,-2.605286054313182831e-02,2.456488460302352905e-02,2.192107029259204865e-02,-1.335856784135103226e-02,1.780256628990173340e-02,3.047693148255348206e-02,2.597314678132534027e-02,-2.811211161315441132e-02,-1.145874150097370148e-02,7.552805356681346893e-03,1.882554963231086731e-02,5.396569147706031799e-02,4.443998914211988449e-03,3.669454157352447510e-02,-6.098043173551559448e-03,-2.486048731952905655e-03,3.124748915433883667e-02,-1.800184883177280426e-02,4.955490306019783020e-02,-5.920349503867328167e-04,3.940478339791297913e-02,1.234222669154405594e-02,-3.371859341859817505e-02,-1.848012581467628479e-02,-9.560243785381317139e-02,-3.451572358608245850e-02,-2.147268503904342651e-03,8.108305046334862709e-04,-9.778126142919063568e-03,1.389663014560937881e-02,1.387005951255559921e-02,3.872722387313842773e-03,1.794870756566524506e-02,-5.455357022583484650e-04,-3.464193316176533699e-03,-2.221335098147392273e-02,3.201804822310805321e-03,-5.991759244352579117e-03,1.470704562962055206e-02,-1.203666068613529205e-02,2.592332661151885986e-03,2.353193704038858414e-03,-1.243522576987743378e-02,2.585357800126075745e-02,-1.879897899925708771e-03,8.462862111628055573e-03,1.392320077866315842e-02,-3.371859341859817505e-02,-1.216287259012460709e-02,-6.895172875374555588e-03,-3.254946693778038025e-02,1.074132416397333145e-02,-1.222930010408163071e-02,4.948847927153110504e-03,8.602359332144260406e-03,-2.919176586146932095e-05,-3.862758399918675423e-03,-1.321242656558752060e-02,-6.234219763427972794e-03,-1.623487845063209534e-02,-5.282313749194145203e-02,-1.762985438108444214e-02,1.620830595493316650e-02,4.643281456083059311e-03,4.211502615362405777e-03,4.091933369636535645e-03,-1.481332932598888874e-03,-2.075194753706455231e-02,5.251092836260795593e-03,-1.075461041182279587e-02,1.257472299039363861e-02,1.105353329330682755e-02,2.973294258117675781e-02,-1.786899380385875702e-02,-1.975553482770919800e-02,5.131523124873638153e-03,-2.318319305777549744e-02,-6.466715596616268158e-03,3.220404684543609619e-02,-2.132322266697883606e-02,-2.522583818063139915e-03,8.721929043531417847e-03,-2.483059465885162354e-02,-9.379561059176921844e-03,-4.125146660953760147e-03,3.276535775512456894e-03,6.115480209700763226e-04,-8.863917901180684566e-05,-7.805229630321264267e-03,-1.422876771539449692e-02,-1.620830595493316650e-02,-2.237277664244174957e-02,2.593328990042209625e-02,-2.056594938039779663e-02,-3.547227708622813225e-03,1.321906968951225281e-02,-1.401619985699653625e-02,2.387403883039951324e-02,-1.000397931784391403e-02,-2.647135406732559204e-03,-6.842031143605709076e-03,2.571989316493272781e-04,2.898895554244518280e-02,-1.336521003395318985e-02,-1.301314495503902435e-02,-2.625214308500289917e-02,2.200410526711493731e-04,-1.793542131781578064e-02,2.096451446413993835e-02,1.327221188694238663e-02,-9.651913307607173920e-03,1.996810175478458405e-02,4.679816309362649918e-03,-5.011953879147768021e-03,-1.359770633280277252e-02,1.960939355194568634e-02,2.952037565410137177e-02,-2.059252001345157623e-02,-8.801641874015331268e-03,1.009697746485471725e-02,-7.619232870638370514e-03,1.817414449760690331e-04,2.109736949205398560e-02,-9.864481398835778236e-04,-2.153579145669937134e-02,2.316658617928624153e-03,-5.542709305882453918e-02,2.134979330003261566e-02,-3.047693148255348206e-02,-2.429917454719543457e-02,2.453831396996974945e-02,-1.782913692295551300e-02,2.020724117755889893e-02,-1.911783032119274139e-02,-8.781713433563709259e-03,-1.250829547643661499e-02,-1.709843426942825317e-02,3.751824423670768738e-02,-3.733224701136350632e-03,-1.278064865618944168e-02,-2.250563167035579681e-02,9.426060132682323456e-03,1.877240836620330811e-02,1.240865420550107956e-02,1.036268752068281174e-02,-9.324758430011570454e-04,9.259991347789764404e-03,-1.398962829262018204e-02,-7.931441999971866608e-03,1.329878251999616623e-02,1.429519522935152054e-02,1.076789572834968567e-02,4.311143886297941208e-03,1.517203822731971741e-02,1.434833742678165436e-02,5.576587282121181488e-03,-1.496279146522283554e-03,-3.959078341722488403e-02,1.947653852403163910e-02,1.121295988559722900e-02,6.181077565997838974e-03,3.759795799851417542e-03,1.135245710611343384e-02,6.626141723245382309e-03,3.624283522367477417e-02,4.309815168380737305e-02,4.603424575179815292e-03,-3.736546030268073082e-03,2.342233248054981232e-02,-3.815594688057899475e-02,-1.628801971673965454e-02,1.181080751121044159e-02,-1.986181922256946564e-02,1.319249905645847321e-02,5.343427136540412903e-02,-1.108674705028533936e-02,2.330276183784008026e-02,1.444133557379245758e-02,2.597314771264791489e-03,1.489304285496473312e-02,-1.360434945672750473e-02,-2.832468040287494659e-02,2.731498144567012787e-02,-1.243854640051722527e-03,1.330210361629724503e-03,-2.229306474328041077e-02,3.297460451722145081e-02,2.771354652941226959e-02,4.789421800523996353e-03,-2.874981611967086792e-02,4.626674577593803406e-03,-2.027366869151592255e-02,5.520123988389968872e-03,1.513218134641647339e-02,-1.529160700738430023e-02,-2.521587349474430084e-02,-1.510394969955086708e-03,-3.726582042872905731e-03,1.712500676512718201e-02,1.713829115033149719e-03,-1.838712766766548157e-02,-1.474690157920122147e-02,5.241128616034984589e-03,1.678124419413506985e-03,-2.718212828040122986e-02,5.207914859056472778e-03,-2.974290633574128151e-03,-9.426060132682323456e-03,-2.364818565547466278e-02,1.563703082501888275e-02,9.412774816155433655e-03,-7.765373215079307556e-03,8.353256271220743656e-04,-4.407463595271110535e-03,2.125679515302181244e-02,-5.373983643949031830e-03,-2.651785314083099365e-02,8.854784071445465088e-03,-1.278729061596095562e-03,-7.287095300853252411e-03,3.832865972071886063e-03,-1.069482509046792984e-02,-1.926397159695625305e-02,2.493687905371189117e-02,2.747440896928310394e-02,2.318319305777549744e-02,1.938354037702083588e-02,4.699744749814271927e-03,5.224521737545728683e-03,-2.184135839343070984e-02,-6.031615659594535828e-03,-2.426263876259326935e-03,-8.429648354649543762e-03,-9.837910532951354980e-03,-2.851067669689655304e-02,3.443600982427597046e-02,9.764840360730886459e-04,-2.193435654044151306e-02,-1.014347746968269348e-02,9.346347302198410034e-03,-8.861426264047622681e-03,3.183537162840366364e-03,1.555731706321239471e-02,-1.874583587050437927e-02,-1.379034575074911118e-02,5.702135339379310608e-02,1.639430411159992218e-02,9.844553656876087189e-03,8.429648354649543762e-03,-2.382089570164680481e-02,2.290419675409793854e-02,1.755014248192310333e-02,8.044368587434291840e-03,-4.857509920839220285e-04,-6.207648664712905884e-03,-3.640226321294903755e-03,1.482661534100770950e-02,-2.753419335931539536e-03,-5.184001103043556213e-02,-1.578317023813724518e-02,-1.099374843761324883e-03,6.470037158578634262e-03,5.895439535379409790e-03,2.744783647358417511e-02,-1.662015728652477264e-02,5.622422322630882263e-02,-1.740400120615959167e-02,-1.579645648598670959e-02,7.738802232779562473e-04,2.467116899788379669e-02,2.978608570992946625e-02,-6.091400515288114548e-03,1.442805025726556778e-02,2.258534514112398028e-04,-5.842297337949275970e-03,3.058321401476860046e-02,-2.227977849543094635e-02,1.794870756566524506e-02,5.649657920002937317e-03,-3.281517699360847473e-02,5.749298725277185440e-03,-1.288693211972713470e-02,1.407432369887828827e-03,-3.124748915433883667e-02,1.270093582570552826e-02,3.818251937627792358e-02,-5.244450177997350693e-03,2.774011902511119843e-02,-1.705857925117015839e-02,-2.026038244366645813e-02,8.077582344412803650e-03,1.028297469019889832e-02,-1.357113569974899292e-02,-6.455921538872644305e-05,-1.565197599120438099e-03,-9.054066613316535950e-03,2.633185498416423798e-02,-1.171780843287706375e-02,-1.436162274330854416e-02,1.635444723069667816e-02,-4.643281456083059311e-03,1.731100305914878845e-02,-9.512416087090969086e-03,-1.879690244095399976e-04,8.748499676585197449e-03,3.120431210845708847e-03,1.477347314357757568e-02,-1.543774735182523727e-02,-2.849739044904708862e-03,2.906866744160652161e-02,-1.109339017421007156e-02,-1.591602526605129242e-02,1.816127449274063110e-02,-7.745444774627685547e-03
-3.136612474918365479e-02,-2.244524657726287842e-02,-2.897335402667522430e-02,-1.751665584743022919e-02,-1.572207547724246979e-02,2.655457332730293274e-02,-4.884376749396324158e-02,1.690545817837119102e-03,-2.297841943800449371e-02,-4.002042114734649658e-03,2.253627590835094452e-02,3.513734415173530579e-02,-4.333649296313524246e-03,-1.284164562821388245e-02,-1.812460133805871010e-03,1.455169823020696640e-02,2.089774608612060547e-02,-3.543643979355692863e-03,1.884308271110057831e-02,-1.351136248558759689e-02,-1.333743100985884666e-03,7.379882503300905228e-03,-3.081995062530040741e-03,-8.875365369021892548e-03,-1.336831599473953247e-02,-4.494576132856309414e-04,-6.973501294851303101e-04,-8.147130720317363739e-03,1.698348298668861389e-02,-3.685389831662178040e-02,-1.789702801033854485e-03,-2.554024569690227509e-02,-3.612728905864059925e-04,-2.589135989546775818e-02,-2.886931970715522766e-02,6.066458765417337418e-03,-1.145669911056756973e-02,-1.687294803559780121e-03,1.392749696969985962e-02,1.593014225363731384e-02,1.379745453596115112e-02,7.048275321722030640e-03,5.864893551915884018e-03,7.353874389082193375e-03,-3.108003363013267517e-02,-1.099504996091127396e-02,-1.460371445864439011e-02,-1.604718156158924103e-02,-1.064393669366836548e-02,-6.014441605657339096e-03,5.497524980455636978e-03,7.916305912658572197e-04,-1.790678128600120544e-02,1.160624716430902481e-02,-8.192645385861396790e-03,1.926246914081275463e-03,-1.185982860624790192e-02,1.591713912785053253e-02,-1.630726456642150879e-02,-2.044259943068027496e-02,1.849197037518024445e-02,-1.413556374609470367e-02,-1.096253935247659683e-02,1.026031281799077988e-02,1.342033315449953079e-02,-6.781689357012510300e-03,-1.889510080218315125e-02,2.181454328820109367e-03,-1.273111067712306976e-02,-2.088474296033382416e-02,2.126186527311801910e-02,3.277058154344558716e-02,5.838884972035884857e-03,2.043284708634018898e-03,3.258852288126945496e-02,-3.766015917062759399e-02,-5.855953204445540905e-04,9.801913984119892120e-04,3.213662421330809593e-03,-4.411674104630947113e-03,2.088799374178051949e-03,-1.308872550725936890e-02,-3.032579086720943451e-02,3.352482244372367859e-02,1.011076383292675018e-02,-8.121121674776077271e-03,-2.137890271842479706e-02,1.611220277845859528e-02,1.639829389750957489e-02,-8.355197496712207794e-03,-8.140628226101398468e-03,-5.217934492975473404e-03,2.920742891728878021e-02,2.798503451049327850e-02,-2.559226192533969879e-02,1.570907235145568848e-02,-2.511110715568065643e-02,1.404453441500663757e-02,-5.518656689673662186e-04,-1.094303280115127563e-02,-3.683845570776611567e-04,-7.074283901602029800e-03,1.345934532582759857e-02,-7.126300595700740814e-03,-2.290039323270320892e-02,-2.671062387526035309e-02,-1.193785388022661209e-02,-1.998745277523994446e-02,7.724493741989135742e-03,-3.284860402345657349e-02,5.455261096358299255e-03,2.580033056437969208e-02,5.494273733347654343e-03,-2.050762064754962921e-02,2.422682195901870728e-02,4.714021924883127213e-03,-5.058633163571357727e-03,-2.053362876176834106e-02,-3.503331169486045837e-02,-3.181964857503771782e-04,2.159997448325157166e-02,1.302370429039001465e-02,-1.383321592584252357e-03,-3.401898220181465149e-02,-1.687294803559780121e-03,2.083922736346721649e-03,-2.656757645308971405e-02,-1.427861023694276810e-02,-9.291499853134155273e-03,-1.297168806195259094e-02,1.517589949071407318e-02,1.608619280159473419e-02,2.014350332319736481e-02,-5.783617030829191208e-03,-1.111046178266406059e-03,2.239323034882545471e-02,-8.257665671408176422e-03,1.120961923152208328e-02,-9.421541355550289154e-03,-7.438401691615581512e-03,1.418758090585470200e-02,8.998905308544635773e-03,8.850982412695884705e-04,-3.317696042358875275e-03,1.782875694334506989e-02,3.722451860085129738e-03,2.884331159293651581e-02,1.130064856261014938e-02,5.120403133332729340e-03,-1.766945468261837959e-03,2.501276321709156036e-04,9.675123728811740875e-03,4.418826475739479065e-02,-3.092398308217525482e-02,4.644936998374760151e-04,7.522928994148969650e-03,-1.126813795417547226e-02,3.160020336508750916e-02,-8.628285489976406097e-03,9.712510509416460991e-04,1.422659307718276978e-02,-9.603600949048995972e-03,1.135266479104757309e-02,8.875365369021892548e-03,5.799872335046529770e-03,3.378490731120109558e-02,1.970135979354381561e-02,-4.445810336619615555e-04,6.622388027608394623e-03,1.544898748397827148e-02,1.996144466102123260e-02,1.785476505756378174e-02,-1.418758090585470200e-02,2.010449022054672241e-02,-7.698485627770423889e-03,2.959755621850490570e-02,1.725657097995281219e-02,2.101803664118051529e-03,-2.801104262471199036e-02,3.631422296166419983e-03,-4.015696421265602112e-02,4.119080025702714920e-03,3.508532792329788208e-02,3.641175478696823120e-02,9.875062823994085193e-05,1.386247575283050537e-02,1.668438687920570374e-02,4.252372775226831436e-03,2.513711526989936829e-02,-2.124560996890068054e-03,2.820285502821207047e-03,5.204930435866117477e-03,7.184819784015417099e-03,-9.369525127112865448e-03,-6.466727852821350098e-01,4.492950625717639923e-03,-2.602465217933058739e-03,-1.580010168254375458e-02,3.381091635674238205e-03,1.227596309036016464e-02,-8.576269261538982391e-03,-9.519073180854320526e-03,-1.996144419535994530e-03,2.881730347871780396e-02,1.557902991771697998e-02,2.253627590835094452e-02,4.359657410532236099e-03,-7.887046784162521362e-03,1.728257909417152405e-02,-2.279635891318321228e-02,-4.707519896328449249e-03,-1.815386116504669189e-02,-6.827204022556543350e-03,9.805165231227874756e-03,-9.415039792656898499e-03,-5.825880914926528931e-03,-4.795297980308532715e-03,1.464272756129503250e-02,8.582770824432373047e-03,3.256251290440559387e-02,-6.846710573881864548e-03,2.656757645308971405e-02,-1.559203397482633591e-02,-1.987041532993316650e-02,-2.704873308539390564e-02,2.349858731031417847e-02,-7.893548347055912018e-03,2.951953001320362091e-02,4.528062045574188232e-02,-2.486402727663516998e-02,-2.013618795899674296e-04,2.915541268885135651e-02,2.396023599430918694e-03,4.085919260978698730e-02,-1.198336854577064514e-02,2.791026141494512558e-03,2.468196861445903778e-02,-2.505909092724323273e-02,2.287113340571522713e-03,2.020527375862002373e-03,1.732159219682216644e-02,3.094999119639396667e-03,-3.348581027239561081e-03,-4.333649296313524246e-03,-3.259177319705486298e-03,2.059540012851357460e-03,2.092050388455390930e-03,3.243247047066688538e-02,9.257363853976130486e-04,2.344656921923160553e-02,1.881707459688186646e-02,-1.749064773321151733e-02,-3.092560800723731518e-04,-9.850679896771907806e-03,1.192484982311725616e-02,3.907761536538600922e-03,-2.188606560230255127e-02,1.075284671969711781e-03,-1.477276906371116638e-02,1.710052043199539185e-02,1.020179409533739090e-02,-8.010585792362689972e-03,2.719502896070480347e-03,-4.736779257655143738e-03,1.191834826022386551e-02,1.673640310764312744e-02,1.473131851525977254e-04,-2.072869241237640381e-02,-4.021548200398683548e-03,3.472120966762304306e-03,1.276362035423517227e-02,-2.916191471740603447e-03,1.178180333226919174e-02,1.970135979354381561e-02,5.469890893436968327e-04,-1.199637260288000107e-02,-2.756890095770359039e-02,2.546222135424613953e-02,3.643776476383209229e-02,-1.918119192123413086e-02,-4.247171059250831604e-02,-1.041636336594820023e-02,2.416180074214935303e-02,7.041773293167352676e-03,-2.144392393529415131e-02,1.488980744034051895e-02,1.529293693602085114e-02,-1.082599535584449768e-02,1.146970316767692566e-02,8.628285489976406097e-03,8.114620111882686615e-03,1.860900782048702240e-02,1.080648880451917648e-02,6.794693879783153534e-03,-1.152171939611434937e-02,-3.462367923930287361e-03,-9.005407337099313736e-04,-3.828110930044203997e-04,1.697047986090183258e-02,8.062602952122688293e-03,-2.071568742394447327e-02,2.618720522150397301e-03,4.756935685873031616e-02,-1.801081560552120209e-02,-4.281632136553525925e-03,-2.002646448090672493e-03,1.129414606839418411e-02,1.197686698287725449e-02,2.103429054841399193e-03,-2.970158867537975311e-02,1.016278099268674850e-02,8.309682831168174744e-03,1.423959713429212570e-02,-2.769894339144229889e-02,-3.275432391092181206e-03,2.061165496706962585e-02,5.656826309859752655e-03,-3.175625205039978027e-02,4.229615442454814911e-03,2.632049843668937683e-02,-3.016974031925201416e-02,-4.401921294629573822e-03,-3.789504698943346739e-04,-3.436359344050288200e-03,-1.591713912785053253e-02,9.727139957249164581e-03,2.648955211043357849e-02,-1.444766484200954437e-02,2.136589772999286652e-02,-5.874646827578544617e-03,2.157396450638771057e-02,-4.470193292945623398e-03,3.024776466190814972e-02,-2.596938423812389374e-02,8.166636340320110321e-03,1.684043742716312408e-02,4.886327777057886124e-03,1.210203161463141441e-03,-2.089774608612060547e-02,-3.105402551591396332e-02,-1.680142432451248169e-02,-1.430461835116147995e-02,-2.954553812742233276e-02,2.404476329684257507e-02,-4.970855079591274261e-03,6.157488096505403519e-03,-4.403221607208251953e-02,-1.977938599884510040e-02,1.104056462645530701e-02,-5.253696348518133163e-03,-2.728280797600746155e-02,-3.199032694101333618e-02,-1.825789548456668854e-02,-3.179526422172784805e-03,3.238045424222946167e-02,1.462972350418567657e-02,-2.227619104087352753e-02,-1.734434976242482662e-03,9.623106569051742554e-03,-8.147130720317363739e-03,-5.360980983823537827e-03,3.345330012962222099e-03,-5.861642304807901382e-03,-2.345957420766353607e-02,-7.607456296682357788e-03,1.877806335687637329e-02,-2.863524481654167175e-02,3.722451860085129738e-03,7.530243601649999619e-04,-1.123237656429409981e-03,-2.154795639216899872e-02,-1.072196196764707565e-02,-6.339546758681535721e-03,2.689268253743648529e-02,5.851889494806528091e-03,-4.899331834167242050e-03,-3.217238560318946838e-02,-6.879221182316541672e-03,1.364140398800373077e-02,2.011749520897865295e-02,-2.485102228820323944e-02,1.682743243873119354e-02,-5.237441044300794601e-03,3.313469886779785156e-02,-1.431762240827083588e-02,-7.107607088983058929e-04,-3.459116676822304726e-03,5.809625610709190369e-03,3.667183965444564819e-02,-1.622273703105747700e-03,1.725657097995281219e-02,1.169727649539709091e-02,6.059956271201372147e-03,4.044305533170700073e-02,5.152913741767406464e-03,-7.210827898234128952e-03,2.594337612390518188e-02,1.264658290892839432e-02,8.322686888277530670e-03,-2.491604350507259369e-02,-2.145692706108093262e-03,-1.713953353464603424e-02,2.508509904146194458e-02,1.041636336594820023e-02,-1.547499652951955795e-02,-1.537096220999956131e-02,1.760768517851829529e-02,-3.307942999526858330e-03,1.488980744034051895e-02,2.007848210632801056e-02,-1.288065873086452484e-02,-8.270670659840106964e-03,1.247590262209996581e-04,9.876688942313194275e-03,2.044259943068027496e-02,-4.658753983676433563e-03,-3.101501381024718285e-03,1.256205607205629349e-02,-5.024822428822517395e-02,2.668461576104164124e-02,2.296866616234183311e-03,2.222092356532812119e-03,-1.149571128189563751e-02,-3.334276378154754639e-02,1.360239181667566299e-02,2.178203314542770386e-03,-3.793568466790020466e-04,1.017578504979610443e-02,1.671039499342441559e-02,8.348695002496242523e-03,1.456470228731632233e-02,-2.957154810428619385e-02,1.103406213223934174e-02,-1.359751448035240173e-03,1.425585243850946426e-03,3.193831071257591248e-02,2.353759855031967163e-02,-1.659335754811763763e-02,-8.790838532149791718e-03,1.693146675825119019e-02,9.785659611225128174e-03,9.844178333878517151e-03,-2.675613854080438614e-03,1.302370429039001465e-02,-2.440888062119483948e-02,3.055986575782299042e-02,-1.871304214000701904e-02,7.561941165477037430e-03,8.751825429499149323e-03,-2.832314372062683105e-02,-8.381205610930919647e-03,2.003946900367736816e-02,5.643822252750396729e-03,2.894734591245651245e-02,1.609919779002666473e-02,-3.813481191173195839e-03,1.026681438088417053e-02,1.975337788462638855e-02,3.685389831662178040e-02,1.877806335687637329e-02,7.160436944104731083e-04,-1.263357885181903839e-02,-1.046187803149223328e-02,-4.203607328236103058e-03,-9.111066465266048908e-04,-1.155423000454902649e-02,-7.603392004966735840e-04,9.389031678438186646e-03,2.171701192855834961e-02,1.776373572647571564e-02,-1.102105807512998581e-02,-6.853212602436542511e-03,1.422659307718276978e-02,1.535795815289020538e-02,-1.911617256700992584e-02,-2.180804125964641571e-02,1.760768517851829529e-02,2.661959454417228699e-02,-1.012376882135868073e-02,4.718085692729800940e-04,-1.685344055294990540e-02,-3.683439223095774651e-03,-1.002623699605464935e-02,8.803842589259147644e-03,4.151590168476104736e-03,2.829713560640811920e-02,1.768570952117443085e-02,-5.373985040932893753e-03,-5.263449158519506454e-03,-2.656757645308971405e-02,4.361608251929283142e-02,-1.448667701333761215e-02,-3.914263565093278885e-03,-8.134125731885433197e-03,-1.107957679778337479e-02,-1.786776818335056305e-02,5.640571005642414093e-03,-5.617813672870397568e-03,1.227596309036016464e-02,1.288065873086452484e-02,-9.467056021094322205e-03,-1.941526867449283600e-02,-3.784221829846501350e-03,-2.127486839890480042e-02,-2.871327102184295654e-02,3.345330012962222099e-03,-1.910316757857799530e-02,-2.094976417720317841e-02,2.337504643946886063e-03,-8.758327923715114594e-03,-2.837516181170940399e-02,-6.911731325089931488e-03,-7.600953802466392517e-03,-2.997467759996652603e-03,-1.132665667682886124e-02,-1.342033315449953079e-02,-1.449968107044696808e-02,2.435686439275741577e-02,9.945610910654067993e-02,5.035063368268311024e-04,2.391472086310386658e-02,3.016974031925201416e-02,-4.245870746672153473e-03,2.088474296033382416e-02,-1.072846353054046631e-02,-2.996167354285717010e-02,7.425397168844938278e-03,-9.122445248067378998e-03,-5.556043703109025955e-03,-2.876528725028038025e-02,1.672339998185634613e-02,-1.185332704335451126e-02,-1.150871533900499344e-02,-2.049461752176284790e-02,-5.770612973719835281e-03,7.997581735253334045e-03,-1.356337871402502060e-02,-1.462972373701632023e-03,-4.310891963541507721e-03,2.584584522992372513e-03,-1.896012201905250549e-02,4.510831204243004322e-04,-7.269347086548805237e-03,-1.091052219271659851e-02,4.455238208174705505e-02,3.040381520986557007e-02,8.654293604195117950e-03,-2.473398484289646149e-02,-7.126300595700740814e-03,-5.968926940113306046e-03,2.899936214089393616e-02,1.583911292254924774e-02,6.892225239425897598e-03,1.750365085899829865e-02,6.180245429277420044e-03,2.446089684963226318e-02,1.514989137649536133e-02,-1.690545864403247833e-02,5.858391523361206055e-03,1.925921812653541565e-02,7.652970962226390839e-03,6.255019456148147583e-03,5.695838946849107742e-03,4.762787721119821072e-04,-1.090402062982320786e-02,2.209413237869739532e-02,-2.348558232188224792e-02,-4.632095620036125183e-02,2.109280973672866821e-02,-1.231497619301080704e-02,-2.535818703472614288e-02,-2.066367119550704956e-02,1.596915535628795624e-02,1.202238164842128754e-02,-3.602163121104240417e-02,9.447550401091575623e-03,-4.330398049205541611e-03,1.409330056048929691e-03,-3.011772409081459045e-02,-1.603417657315731049e-02,2.949352189898490906e-02,-3.839489538222551346e-03,-1.224345248192548752e-02,5.367483012378215790e-03,-1.410955563187599182e-02,1.001973450183868408e-02,-3.433108329772949219e-02,7.132802624255418777e-03,-2.136589772999286652e-02,1.729558408260345459e-02,-1.758167706429958344e-02,4.824557807296514511e-03,2.173001505434513092e-02,2.264031022787094116e-02,3.552747145295143127e-02,-1.165826432406902313e-02,1.563104614615440369e-02,-2.508509904146194458e-02,-6.111973198130726814e-04,-1.690545864403247833e-02,-3.199032740667462349e-03,-1.599516347050666809e-02,-1.963634043931961060e-02,1.311473455280065536e-02,-5.432503763586282730e-03,-1.775073073804378510e-02,-1.128114201128482819e-02,1.031883154064416885e-02,3.609965369105339050e-02,-4.769289866089820862e-03,2.343356609344482422e-02,-1.798480562865734100e-02,-7.948816055431962013e-04,2.502007782459259033e-02,1.240600552409887314e-02,4.115828778594732285e-03,-1.485079433768987656e-02,5.445508286356925964e-03,-1.421358902007341385e-02,2.813783474266529083e-03,5.725910887122154236e-04,-6.414320785552263260e-03,1.544898748397827148e-02,9.245985187590122223e-03,-1.394050102680921555e-02,3.534541279077529907e-02,-5.952671635895967484e-03,5.728349555283784866e-03,2.031255885958671570e-02,-1.685344055294990540e-02,1.068945135921239853e-02,-2.490303944796323776e-03,-6.443580146878957748e-03,1.293917745351791382e-02,5.295959766954183578e-03,1.431762240827083588e-02,1.246452424675226212e-02,1.919744769111275673e-03,-2.124560996890068054e-03,-1.033183559775352478e-02,2.814108505845069885e-02,1.529293693602085114e-02,-9.278495796024799347e-03,3.208786016330122948e-03,-4.099573474377393723e-03,-2.632049843668937683e-02,2.413579262793064117e-02,2.303043566644191742e-02,-3.459116816520690918e-02,1.394050102680921555e-02,5.461763124912977219e-03,-8.082109503448009491e-03,-2.983163110911846161e-02,-1.013027038425207138e-02,-1.231497619301080704e-02,2.011749520897865295e-02,-7.600953802466392517e-03,4.246683674864470959e-04,-5.312215071171522141e-03,-2.362862788140773773e-02,-1.929823122918605804e-02,-3.144415095448493958e-02,1.213291753083467484e-02,-3.443511575460433960e-02,1.781575195491313934e-02,4.246683674864470959e-04,-2.053362876176834106e-02,1.641780021600425243e-03,-1.304971333593130112e-02,-4.388916771858930588e-03,-2.390171587467193604e-02,6.905229296535253525e-03,-8.907875977456569672e-03,-2.290039323270320892e-02,-1.407054252922534943e-02,-5.097645800560712814e-03,2.780297584831714630e-02,2.279635891318321228e-02,4.533263668417930603e-02,4.525461234152317047e-03,2.858891675714403391e-04,9.584094397723674774e-03,2.223717980086803436e-03,-3.072241786867380142e-03,-1.614146167412400246e-03,1.483291387557983398e-03,-6.163990125060081482e-02,1.500684488564729691e-02,5.502401618286967278e-04,1.172978710383176804e-02,1.234098430722951889e-02,3.355083242058753967e-02,-6.798757240176200867e-04,3.061188384890556335e-02,-7.757004350423812866e-03,-2.786149503663182259e-03,-6.336295511573553085e-03,-3.022175654768943787e-02,8.914378471672534943e-03,7.944752578623592854e-04,-8.004084229469299316e-03,-1.606018468737602234e-02,-7.314861752092838287e-03,-8.277172222733497620e-03,2.951953001320362091e-02,6.206253543496131897e-03,-7.425397168844938278e-03,2.595637924969196320e-02,1.918119192123413086e-02,-2.928545512259006500e-02,2.793301828205585480e-02,1.301232608966529369e-03,-4.629494622349739075e-03,-1.023430377244949341e-02,1.156723406165838242e-02,1.812785305082798004e-02,4.479946568608283997e-03,1.622924022376537323e-02,1.157373655587434769e-02,1.603417657315731049e-02,-2.730881609022617340e-02,-1.435663551092147827e-02,-3.513734415173530579e-02,-2.682115882635116577e-03,4.462065699044615030e-04,1.959732733666896820e-02,4.067062865942716599e-03,-1.788077317178249359e-02,-2.027354575693607330e-02,-1.247102674096822739e-02,-1.815386116504669189e-02,-1.977938599884510040e-02,1.344634126871824265e-02,1.208090037107467651e-02,-1.676241122186183929e-02,1.368041709065437317e-02,-8.875365369021892548e-03,-3.264053910970687866e-02,-3.118406794965267181e-02,-2.624247223138809204e-02,5.056032165884971619e-02,-1.138517539948225021e-02,1.053340081125497818e-02,1.932423934340476990e-02,2.648955211043357849e-02,-1.608619280159473419e-02,-1.453219214454293251e-03,3.842740552499890327e-03,-8.771331980824470520e-03,2.033856697380542755e-02,1.417457591742277145e-02,2.042959630489349365e-02,-1.530594192445278168e-02,3.494878299534320831e-03,-1.388848386704921722e-02,-3.664582967758178711e-02,-2.264031022787094116e-02,2.089774608612060547e-02,-3.550146147608757019e-02,-1.409655064344406128e-02,-2.139190677553415298e-03,-2.850520238280296326e-02,2.426583506166934967e-02,-1.024080673232674599e-03,-1.638529077172279358e-02,2.097577229142189026e-02,-1.991267781704664230e-03,-1.124212983995676041e-02,-3.555347770452499390e-02,-4.886327777057886124e-03,-3.362885862588882446e-02,1.694446988403797150e-02,1.078048069030046463e-02,-2.293940633535385132e-02,-2.862549154087901115e-03,-2.886931970715522766e-02,-2.515012025833129883e-02,-2.673988230526447296e-03,1.001973450183868408e-02,1.374543737620115280e-02,9.532077237963676453e-03,-2.020852454006671906e-02,1.236699242144823074e-02,-9.083432145416736603e-03,-1.318625733256340027e-02,-2.277035079896450043e-02,2.717877505347132683e-03,2.710074931383132935e-02,-1.441027736291289330e-03,-1.295868400484323502e-02,-3.310868889093399048e-02,2.282236889004707336e-02,-2.527690958231687546e-03,8.070476724242325872e-06,-9.480061009526252747e-03,-1.828390359878540039e-02,-1.808883994817733765e-02,-1.322526950389146805e-02,2.443488873541355133e-02,6.807697936892509460e-03,2.701622201129794121e-03,-7.015765178948640823e-03,-1.410955563187599182e-02,-2.325150743126869202e-02,4.541716072708368301e-03,-1.723056309856474400e-03,3.792024403810501099e-02,-9.714135900139808655e-03,-1.344634126871824265e-02,5.991684272885322571e-03,-2.079046331346035004e-03,1.560503803193569183e-02,-1.306271739304065704e-02,1.215892564505338669e-02,-3.400597954168915749e-03,2.951953001320362091e-02,-2.171701192855834961e-02,3.375889733433723450e-02,-3.287461400032043457e-02,1.386247575283050537e-02,-1.591713912785053253e-02,7.562754326499998569e-04,5.985182244330644608e-03,5.978680215775966644e-03,-1.478577405214309692e-02,-1.286765467375516891e-02,-1.202888321131467819e-02,2.444789372384548187e-02,4.915587138384580612e-03,-5.282955826260149479e-04,-1.877806335687637329e-02,-1.344634126871824265e-02,1.377144642174243927e-02,9.324010461568832397e-03,1.664537377655506134e-02,-3.543643979355692863e-03,-4.340801388025283813e-02,2.100178040564060211e-02,-8.075607009232044220e-03,-3.245848044753074646e-02,4.840812645852565765e-03,-1.686644554138183594e-02,-3.754962235689163208e-03,-4.405172076076269150e-03,-6.336295511573553085e-03,1.211991254240274429e-02,8.407214656472206116e-03,-3.917514812201261520e-03,3.117756685242056847e-03,-2.169100381433963776e-02,-2.578732557594776154e-02,-1.808883994817733765e-02,-1.903814636170864105e-02,-4.657128592953085899e-04,-1.425260119140148163e-02,3.412301838397979736e-02,-2.635950967669487000e-02,-3.022175654768943787e-02,1.512388233095407486e-02,-2.351159043610095978e-02,-2.257447631563991308e-04,7.744000293314456940e-03,1.484307285863906145e-04,3.073867410421371460e-03,-1.929497928358614445e-03,-1.469474378973245621e-02,-2.032556198537349701e-02,-4.884376749396324158e-02,-1.762068830430507660e-02,2.345957420766353607e-02,3.875251114368438721e-02,-5.149662494659423828e-03,-1.115760207176208496e-02,-1.187283359467983246e-02,-3.792024403810501099e-02,-3.149616718292236328e-02,6.950743962079286575e-03,5.689336918294429779e-03,3.183427825570106506e-02,1.403153035789728165e-02,4.676309600472450256e-02,2.490304037928581238e-02,1.632026955485343933e-02,4.870072472840547562e-03,-3.355083242058753967e-02,3.111254423856735229e-03,-8.119496633298695087e-04,-9.187466464936733246e-03,4.268628079444169998e-03,-6.742676720023155212e-03,1.071220845915377140e-03,-5.552792921662330627e-03,3.443511575460433960e-02,2.232820913195610046e-02,1.370642520487308502e-02,2.251026779413223267e-02,-3.332325955852866173e-03,1.565705426037311554e-02,-2.950327470898628235e-03,1.046187803149223328e-02,-9.127321536652743816e-04,-4.645749926567077637e-03,-6.495597306638956070e-03,-7.730995770543813705e-03,-9.597098454833030701e-03,-1.281726290471851826e-03,1.650232821702957153e-02,-3.344679996371269226e-02,-8.569766767323017120e-03,3.687990829348564148e-02,-7.874041795730590820e-03,-3.685877600219100714e-04,-4.219862166792154312e-03,5.133407190442085266e-03,-5.266700405627489090e-03,-1.768570952117443085e-02,2.208112925291061401e-02,1.373243331909179688e-02,-1.512388233095407486e-02,-5.386989098042249680e-03,-2.496806206181645393e-03,-5.612612143158912659e-02,-1.159811974503099918e-03,7.945565506815910339e-03,-2.678864868357777596e-03,1.958757406100630760e-03,-1.295218151062726974e-02,-3.287461400032043457e-02,4.723775200545787811e-03,1.483779028058052063e-02,-8.525877492502331734e-04,-1.804982684552669525e-02,2.072869241237640381e-02,-9.122445248067378998e-03,1.307572145015001297e-02,-1.200287509709596634e-02,1.558065530844032764e-03,8.790838532149791718e-03,1.459071040153503418e-02,-7.620460353791713715e-03,1.334230788052082062e-02,1.022780220955610275e-02,-1.814085640944540501e-03,-2.990965545177459717e-02,-1.071545947343111038e-02,-1.306271739304065704e-02,4.385665990412235260e-03,-1.710052043199539185e-02,6.201377254910767078e-04,-1.576108857989311218e-02,-1.330979727208614349e-02,-1.929823122918605804e-02,-1.313424017280340195e-02,2.902537025511264801e-02,2.222157418727874756e-01,-6.931237876415252686e-03,-1.121612079441547394e-02,1.044237148016691208e-02,-8.924131398089230061e-04,-1.814085617661476135e-02,1.096253935247659683e-02,-3.650928614661097527e-03,-5.920161493122577667e-03,4.948097281157970428e-03,-1.980539411306381226e-02,1.922020502388477325e-02,-6.563869304955005646e-03,6.619136780500411987e-03,1.600816845893859863e-02,-2.962356433272361755e-02,-1.546199154108762741e-02,-1.081299129873514175e-02,-3.968881443142890930e-02,-4.085919260978698730e-02,1.881707459688186646e-02,1.510112546384334564e-03,-2.070268429815769196e-02,-2.468196861445903778e-02,7.568443659693002701e-03,6.180245429277420044e-03,-1.583911292254924774e-02,7.425397168844938278e-03,1.638529077172279358e-02,-5.894152913242578506e-03,-2.790701016783714294e-02,-2.227619104087352753e-02,3.348581027239561081e-03,-1.215892564505338669e-02,-2.161297760903835297e-02,5.422750953584909439e-03,2.297841943800449371e-02,1.898612943477928638e-03,4.753034561872482300e-03,8.485239930450916290e-03,1.651533134281635284e-02,-1.217192970216274261e-02,-3.348581027239561081e-03,-2.001346088945865631e-02,-7.704987656325101852e-03,2.686667442321777344e-02,-5.829132162034511566e-03,-1.876505836844444275e-02,-6.567120086401700974e-03,-4.445810336619615555e-04,-4.143137484788894653e-02,2.344006672501564026e-03,2.124886028468608856e-02,2.037757821381092072e-02,2.309545688331127167e-02,-4.831059835851192474e-03,9.545081295073032379e-03,3.164896741509437561e-03,-3.298189723864197731e-03,3.416853025555610657e-03,1.219793781638145447e-02,1.906415447592735291e-02,-1.375844236463308334e-02,7.717179250903427601e-04,5.019620526582002640e-03,3.766015917062759399e-02,-4.889578744769096375e-02,4.031301476061344147e-03,2.508509904146194458e-02,-2.319623949006199837e-03,-1.043586898595094681e-02,-1.365440804511308670e-02,-8.140628226101398468e-03,9.174462407827377319e-03,-6.147734820842742920e-03,-1.213291753083467484e-02,1.008475571870803833e-02,1.496783271431922913e-02,1.518890354782342911e-02,2.327751554548740387e-02,-5.065135192126035690e-03,-1.886909268796443939e-02,-6.391563452780246735e-03,1.581310480833053589e-02,1.521491259336471558e-02,-2.676264010369777679e-02,2.899936214089393616e-02,9.668621234595775604e-03,-1.462972350418567657e-02,4.301788657903671265e-02,1.284814812242984772e-02,-1.918119192123413086e-02,-1.297818962484598160e-02,-2.691869065165519714e-02,-1.539697125554084778e-02,4.181662516202777624e-04,1.361539587378501892e-02,1.555302087217569351e-02,-5.068386439234018326e-03,-1.414856780320405960e-02,-9.350018575787544250e-03,-2.680490491911768913e-03,1.602767501026391983e-03,1.664537377655506134e-02,-1.459071040153503418e-02,7.991080172359943390e-03,1.464272756129503250e-02,1.197686698287725449e-02,1.369342114776372910e-02,-1.990942843258380890e-02,9.759650565683841705e-03,-1.567005924880504608e-02,1.432900084182620049e-03,-3.164896741509437561e-03,1.559203397482633591e-02,9.623106569051742554e-03,-2.193808183073997498e-02,-3.500730171799659729e-02,6.898727267980575562e-03,-3.325823694467544556e-03,-3.025101730599999428e-03,-1.583911292254924774e-02,8.459230884909629822e-03,1.777673885226249695e-02,7.711489684879779816e-03,-3.591759502887725830e-02,-4.476045072078704834e-02,5.308963824063539505e-03,2.504608593881130219e-02,-4.088519886136054993e-02,-8.199146948754787445e-03,-9.011909365653991699e-03,1.812785305082798004e-02,-7.334367837756872177e-03,-4.759536590427160263e-03,1.697047986090183258e-02,1.282214000821113586e-02,-1.389823737554252148e-03,-7.496920414268970490e-03,-3.950025129597634077e-04,-1.555302087217569351e-02,-7.490418385714292526e-03,-3.199032740667462349e-03,1.222394686192274094e-02,-8.631536620669066906e-04,-1.781575195491313934e-02,3.084595873951911926e-02,5.630817729979753494e-03,-1.906415447592735291e-02,-2.052062563598155975e-02,1.931123435497283936e-03,-1.867402903735637665e-02,1.256205607205629349e-02,-2.396673709154129028e-02,8.790838532149791718e-03,3.524137660861015320e-03,-2.928545512259006500e-02,-1.831966452300548553e-03,8.621783927083015442e-03,1.527993287891149521e-02,-5.167868360877037048e-02,2.326451055705547333e-02,-8.664047345519065857e-04,-8.127624168992042542e-03,-4.229615442454814911e-03,1.543598342686891556e-02,-1.641650050878524780e-01,-2.987714484333992004e-03,1.988342031836509705e-02,-8.699809201061725616e-03,4.195154458284378052e-02,3.647677600383758545e-03,3.084595873951911926e-02,1.598216034471988678e-02,-1.941526867449283600e-02,-5.065135192126035690e-03,5.403244402259588242e-03,-7.028769236057996750e-03,-2.293940633535385132e-02,-8.511248044669628143e-03,-1.797180250287055969e-02,-4.775791894644498825e-03,-1.877806335687637329e-02,1.187283359467983246e-02,1.360239181667566299e-02,1.427861023694276810e-02,2.678864821791648865e-02,2.937323413789272308e-03,-1.125513389706611633e-02,4.128832835704088211e-03,-5.250445101410150528e-03,1.440865173935890198e-02,-1.357638277113437653e-02,1.193135231733322144e-02,2.506559249013662338e-03,-2.167799882590770721e-02,-3.544944524765014648e-02,8.842854760587215424e-03,2.163898572325706482e-02,1.834892481565475464e-02,7.633464410901069641e-03,1.059191953390836716e-02,-1.440865173935890198e-02,8.231657557189464569e-03,1.611707848496735096e-03,1.695747487246990204e-02,1.945550029631704092e-04,1.561316545121371746e-03,-9.915701113641262054e-03,-9.063926525413990021e-03,1.654987427173182368e-04,3.596961125731468201e-02,6.508601363748311996e-03,-1.549937878735363483e-03,1.390148792415857315e-02,-4.007893800735473633e-02,2.353759948164224625e-03,-1.772472262382507324e-02,-2.502007782459259033e-02,-5.104147829115390778e-03,1.271160412579774857e-02,-8.732318878173828125e-03,-1.886909268796443939e-02,-1.668438687920570374e-02,-3.118406794965267181e-02,-1.896012201905250549e-02,-2.490304037928581238e-02,-2.433085441589355469e-02,1.343333721160888672e-02,-1.958432234823703766e-02,-7.184819784015417099e-03,5.630817729979753494e-03,-2.873927913606166840e-02,-1.036434620618820190e-02,-4.473444074392318726e-02,1.511087827384471893e-02,-2.487052930518984795e-03,-1.598216034471988678e-02,2.239973284304141998e-03,-8.387708105146884918e-03,8.686804212629795074e-03,9.584094397723674774e-03,-2.382369153201580048e-02,2.192507870495319366e-02,2.715276554226875305e-02,-1.002623699605464935e-02,4.671758506447076797e-03,3.061188384890556335e-02,-6.742676720023155212e-03,6.586626637727022171e-03,1.521491259336471558e-02,3.972376362071372569e-05,1.040986087173223495e-02,-6.645145360380411148e-03,9.141951799392700195e-03,-1.378445047885179520e-02,-7.431899197399616241e-03,-1.531894598156213760e-02,-1.902514137327671051e-02,-2.028654888272285461e-02,3.167822584509849548e-02,1.286115217953920364e-02,1.093002874404191971e-02,-1.855699159204959869e-02,-5.663328338414430618e-03,1.262707635760307312e-02,4.544967319816350937e-03,-1.849197037518024445e-02,-2.725679986178874969e-02,1.795879751443862915e-02,2.712675742805004120e-02,-2.440319076413288713e-04,1.479877810925245285e-02,4.020898044109344482e-02,4.049507528543472290e-02,-1.170377898961305618e-02,5.377235822379589081e-03,-5.829132162034511566e-03,-6.550864782184362411e-03,3.121007606387138367e-02,4.314142744988203049e-03,2.157396450638771057e-02,-1.195736043155193329e-02,8.043096400797367096e-03,2.102778851985931396e-02,-8.607154013589024544e-04,5.266700312495231628e-02,4.619741346687078476e-03,-5.262636695988476276e-04,1.548800058662891388e-02,-2.710074931383132935e-02,-3.079394251108169556e-02,-1.176619902253150940e-01,-1.711352542042732239e-02,-7.197823841124773026e-03,1.248403079807758331e-02,1.217192970216274261e-02,1.815386116504669189e-02,3.254300681874155998e-03,-4.779042792506515980e-04,5.286206491291522980e-03,1.815386116504669189e-02,-2.316047810018062592e-02,-2.031255885958671570e-02,-1.166476588696241379e-02,1.348372781649231911e-03,9.486562572419643402e-03,-2.671062387526035309e-02,-8.745323284529149532e-04,1.146807800978422165e-03,3.439610591158270836e-03,3.474721685051918030e-02,-1.004574354737997055e-02,2.413579262793064117e-02,2.541020326316356659e-02,-1.596915535628795624e-02,-7.607456296682357788e-03,-9.720638394355773926e-03,-3.963679820299148560e-02,-3.621669253334403038e-03,9.219977073371410370e-03,1.344634126871824265e-02,-9.226478636264801025e-03,3.764715511351823807e-03,-5.582052282989025116e-03,-2.792651532217860222e-03,-3.035179898142814636e-02,-1.461671944707632065e-02,-3.326474130153656006e-02,-2.214615046977996826e-02,7.379882503300905228e-03,-2.301743067800998688e-02,5.377235822379589081e-03,-3.442861605435609818e-03,2.745511475950479507e-03,-7.132802624255418777e-03,1.239300146698951721e-02,-7.958569563925266266e-03,4.453937872312963009e-04,2.297841943800449371e-02,1.953230611979961395e-02,-1.011076383292675018e-02,-2.678864821791648865e-02,2.106680162250995636e-02,-1.190534327179193497e-02,-1.050089020282030106e-02,2.645053900778293610e-02,-2.557925879955291748e-02,-1.471912721171975136e-03,9.584094397723674774e-03,3.164896741509437561e-03,1.193785388022661209e-02,-5.705592222511768341e-03,-9.876688942313194275e-03,-4.525461234152317047e-03,4.580728709697723389e-03,5.894152913242578506e-03,-2.988364733755588531e-02,-1.985741034150123596e-02,-1.610285471542738378e-05,8.400712162256240845e-03,-8.810344152152538300e-03,5.191926378756761551e-03,1.031883154064416885e-02,-2.204211615025997162e-02,2.840116992592811584e-02,-9.350018575787544250e-03,-2.299142256379127502e-02,-2.602465217933058739e-03,-2.532567596063017845e-03,1.784176006913185120e-02,-1.563104614615440369e-02,-1.290016528218984604e-02,-1.518890354782342911e-02,-3.034854773432016373e-03,-2.720478363335132599e-02,2.066367119550704956e-02,1.426398084731772542e-04,-7.054777815937995911e-03,5.637320224195718765e-03,9.337014518678188324e-03,-3.010472049936652184e-03,-1.602117158472537994e-02,1.143069006502628326e-02,1.617722213268280029e-02,-1.949329301714897156e-02,-3.033229382708668709e-03,1.128114201128482819e-02,-2.148293517529964447e-02,-9.024913422763347626e-03,1.593827037140727043e-03,5.408933502621948719e-04,-2.079371362924575806e-02,-7.626962382346391678e-03,-5.063834786415100098e-02,1.677541621029376984e-02,-3.042982518672943115e-02,-1.924621313810348511e-02,1.361539587378501892e-02,-1.909016259014606476e-02,2.652856521308422089e-02,-1.300419797189533710e-03,-2.135289460420608521e-02,-2.265981631353497505e-03,-8.290176279842853546e-03,2.531917393207550049e-02,-5.894152913242578506e-03,-1.916818879544734955e-02,-2.357661165297031403e-02,-2.139190677553415298e-03,1.556440023705363274e-03,1.659335754811763763e-02,5.295959766954183578e-03,-7.672477047890424728e-03,-9.415039792656898499e-03,-7.295355200767517090e-03,-2.059864997863769531e-02,1.063093193806707859e-03,1.595615223050117493e-02,3.966280724853277206e-03,2.986089093610644341e-03,1.888859784230589867e-03,1.152171939611434937e-02,-2.734132809564471245e-03,-4.649000708013772964e-03,-2.537119202315807343e-02,1.230847369879484177e-02,2.163898572325706482e-02,1.299769617617130280e-02,-2.957154810428619385e-02,-1.093002874404191971e-02,-3.413602011278271675e-03,2.438287250697612762e-02,2.329051867127418518e-02,-1.235398836433887482e-02,-9.252486750483512878e-03,1.773772574961185455e-02,-2.806306071579456329e-02,-1.116410456597805023e-02,2.548822900280356407e-03,1.323827356100082397e-02,2.373266220092773438e-02,3.511133417487144470e-02,8.069105446338653564e-03,2.236722037196159363e-02,1.808883994817733765e-02,-9.512570686638355255e-03,-4.453937872312963009e-04,-5.266700405627489090e-03,-2.244524657726287842e-02,1.868703402578830719e-02,1.393887563608586788e-03,5.484520457684993744e-03,-1.741262152791023254e-02,5.141859874129295349e-02,-4.490512365009635687e-04,1.697047986090183258e-02,-3.440910950303077698e-02,2.067667618393898010e-02,-5.627566948533058167e-03,1.546199154108762741e-02,-5.055381916463375092e-03,4.395419266074895859e-03,-1.007175166159868240e-02,1.445091562345623970e-03,-4.740030504763126373e-03,1.859600283205509186e-02,2.720478363335132599e-02,-1.975012710317969322e-03,-1.446066889911890030e-02,1.191834826022386551e-02,-4.866821225732564926e-03,-1.936325058341026306e-02,3.254300681874155998e-03,1.994843967258930206e-02,-6.219258066266775131e-03,-1.076747663319110870e-02,4.925339948385953903e-03,2.733482420444488525e-02,1.055940892547369003e-02,-5.822629667818546295e-03,-7.730995770543813705e-03,1.438264362514019012e-02,1.108607929199934006e-02,-1.637228578329086304e-02,1.183382049202919006e-02,-5.708843003958463669e-03,-1.200937759131193161e-02,7.505860994569957256e-04,1.610082341358065605e-03,-1.112509146332740784e-02,-8.719314821064472198e-03,1.325778011232614517e-02,2.512411214411258698e-02,9.086683858186006546e-04,7.744000293314456940e-03,7.438401691615581512e-03,-1.356337871402502060e-02,8.875365369021892548e-03,2.827112749218940735e-02,-2.927570138126611710e-03,-1.291316933929920197e-02,-1.421358902007341385e-02,3.183427825570106506e-02,3.816732205450534821e-03,1.112509146332740784e-02,-8.264168165624141693e-03,1.168427243828773499e-02,-1.628125645220279694e-02,-1.877806335687637329e-02,2.660658955574035645e-02,-2.756890095770359039e-02,-1.526692882180213928e-02,6.122376769781112671e-02,1.639829389750957489e-02,-9.330512024462223053e-03,7.126300595700740814e-03,-2.275734767317771912e-02,3.305667266249656677e-02,-9.598723845556378365e-04,1.194435637444257736e-02,-1.962333545088768005e-02,1.085200347006320953e-02,1.766945468261837959e-03,6.157488096505403519e-03,5.764110945165157318e-03,-5.248494446277618408e-02,-9.174462407827377319e-03,2.433410612866282463e-03,2.154795639216899872e-02,7.660285918973386288e-04,3.240646421909332275e-02,-1.177692669443786144e-03,4.894780367612838745e-02,-1.324477605521678925e-02,-2.366764098405838013e-02,5.598307587206363678e-03,4.343402385711669922e-02,2.772495150566101074e-02,-1.130715012550354004e-02,1.240600552409887314e-02,-1.258806418627500534e-02,-2.113182283937931061e-02,5.027423053979873657e-02,-2.280936390161514282e-02,5.920161493122577667e-03,9.115942753851413727e-03,-4.148339480161666870e-02,-1.518890354782342911e-02,-5.673081614077091217e-03,9.506069123744964600e-03,-4.093071445822715759e-03,2.639852277934551239e-02,2.785499393939971924e-02,-9.896194562315940857e-03,6.918233353644609451e-03,-4.675009287893772125e-03,-2.399274520576000214e-02,-1.784826279617846012e-03,2.336854487657546997e-02,-1.037084870040416718e-02,5.445508286356925964e-03,-2.390171587467193604e-02,2.246475312858819962e-03,2.016951143741607666e-02,-2.199009992182254791e-02,5.068386439234018326e-03,3.907761536538600922e-03,1.136566977947950363e-02,2.875553444027900696e-03,2.295240992680191994e-03,-5.835634190589189529e-03,1.145669911056756973e-02,-1.258156145922839642e-03,3.490326926112174988e-02,-1.625524833798408508e-02,-5.793370306491851807e-03,3.880452737212181091e-02,-9.013534872792661190e-04,1.382346265017986298e-02,2.967558056116104126e-02,-4.918837919831275940e-03
-4.129832610487937927e-03,-2.169780246913433075e-02,-1.650638319551944733e-02,-1.659700646996498108e-02,-2.720316639170050621e-03,1.142500620335340500e-02,-3.715554624795913696e-02,-4.625023808330297470e-03,-9.211209602653980255e-03,-1.104309409856796265e-02,2.165896445512771606e-02,2.868874184787273407e-02,-1.108840573579072952e-02,-6.447199266403913498e-03,-1.787180081009864807e-04,6.712595932185649872e-03,2.708341553807258606e-02,-2.736499533057212830e-03,6.141345365904271603e-04,-9.055854752659797668e-03,4.887183895334601402e-04,9.651379659771919250e-03,-1.960052177309989929e-02,-3.142685862258076668e-03,-7.165712304413318634e-03,-1.334751490503549576e-02,7.884225808084011078e-03,-9.230628609657287598e-03,-3.134594531729817390e-03,-2.964675985276699066e-02,-3.738210303708910942e-03,-2.850749529898166656e-02,-9.593121707439422607e-03,-2.407990023493766785e-02,-2.044202387332916260e-02,-3.420381620526313782e-02,3.076336812227964401e-03,-3.705844981595873833e-03,2.282412163913249969e-02,2.730026375502347946e-03,1.099130976945161819e-02,1.181986555457115173e-02,-3.493446565698832273e-04,1.509524974972009659e-02,-3.492880240082740784e-02,8.453857153654098511e-03,-2.229979960247874260e-03,-2.617718279361724854e-02,4.434067755937576294e-03,1.681709103286266327e-02,1.385241560637950897e-02,1.359349233098328114e-03,-4.582948982715606689e-02,1.364527735859155655e-02,-1.319863367825746536e-02,3.751156618818640709e-03,-9.722583927214145660e-03,1.739967055618762970e-02,-1.123081427067518234e-02,-1.618272811174392700e-02,5.366193130612373352e-03,-5.790180526673793793e-03,-1.673941500484943390e-02,2.987978979945182800e-02,8.622158318758010864e-03,-1.219530403614044189e-02,-2.111522480845451355e-02,1.172438729554414749e-03,-1.227945461869239807e-02,-1.932865194976329803e-02,1.108193304389715195e-02,3.782874718308448792e-02,4.188090097159147263e-03,-2.759155351668596268e-03,3.741446882486343384e-02,-3.399667516350746155e-02,-5.864621140062808990e-03,-7.211023941636085510e-03,1.291584048885852098e-04,-4.906603600829839706e-03,4.349108494352549314e-04,5.583041347563266754e-04,-1.420196332037448883e-02,2.943962067365646362e-02,-2.375624608248472214e-03,-1.948400516994297504e-03,-1.115961000323295593e-02,1.013038866221904755e-02,5.634826142340898514e-03,-2.611245214939117432e-02,-1.778481877408921719e-03,2.587618306279182434e-03,2.910302020609378815e-02,2.040318399667739868e-02,-1.329572964459657669e-02,2.307009883224964142e-02,-1.653227582573890686e-02,2.354910783469676971e-02,-1.645459793508052826e-02,-2.321250550448894501e-02,-8.538007736206054688e-03,2.870816038921475410e-03,7.308120373636484146e-03,1.149782910943031311e-03,-1.260310970246791840e-02,-2.608655951917171478e-02,1.207878906279802322e-02,4.802224866580218077e-04,-3.537544514983892441e-03,-3.725911676883697510e-02,6.558051100000739098e-04,1.488811057060956955e-02,4.094230476766824722e-03,-3.793231770396232605e-02,8.434438146650791168e-03,-3.281857352703809738e-03,2.746209036558866501e-03,-1.449972484260797501e-02,-2.881820313632488251e-02,-4.238580539822578430e-02,2.004069089889526367e-02,1.373590063303709030e-02,1.039578486233949661e-02,-3.899390250444412231e-02,-1.125670596957206726e-02,-1.100425608456134796e-03,-7.806548383086919785e-03,-1.786573231220245361e-02,-4.408175125718116760e-03,-2.486961707472801208e-02,1.224708929657936096e-02,7.139820139855146408e-03,1.408544741570949554e-02,6.078233011066913605e-03,-3.459867322817444801e-03,1.098807319067418575e-03,-1.081653591245412827e-02,8.790458552539348602e-03,-1.382652390748262405e-02,-4.340207669883966446e-03,6.492510903626680374e-03,-2.085953718051314354e-03,-1.398187782615423203e-02,-2.883762354031205177e-03,2.413168549537658691e-02,1.244128216058015823e-02,1.688182353973388672e-02,1.995006762444972992e-02,-4.812743514776229858e-03,-9.962087497115135193e-03,1.790457032620906830e-02,1.341224554926156998e-02,4.132421687245368958e-02,-6.547532044351100922e-03,2.459774725139141083e-02,2.270436845719814301e-03,-8.479749783873558044e-03,5.867857486009597778e-03,-1.430553197860717773e-02,9.793787263333797455e-03,3.410024568438529968e-02,-2.840068889781832695e-03,1.574255898594856262e-02,7.353432010859251022e-03,1.072591263800859451e-02,2.574995905160903931e-02,1.459034811705350876e-02,-2.127057872712612152e-02,-1.795635558664798737e-02,1.830590330064296722e-02,6.615499500185251236e-03,2.637784928083419800e-04,-1.872018165886402130e-02,1.749029383063316345e-02,2.844923641532659531e-03,2.442944794893264771e-02,2.281117439270019531e-02,4.233401734381914139e-03,-3.676715865731239319e-02,1.882051350548863411e-03,-3.977067396044731140e-02,8.220826275646686554e-03,1.518587302416563034e-02,1.715369336307048798e-02,-1.254485175013542175e-02,7.767709903419017792e-03,1.787867955863475800e-02,1.373590063303709030e-02,1.966525241732597351e-02,6.401887629181146622e-03,1.121786795556545258e-02,6.469045765697956085e-04,1.014657085761427879e-03,-2.791520673781633377e-03,-6.665730476379394531e-01,-6.727969739586114883e-04,-3.340115305036306381e-03,-1.418901700526475906e-02,1.348992250859737396e-02,2.441650070250034332e-02,-3.187997499480843544e-03,-4.896893631666898727e-03,-1.426669396460056305e-02,4.010080359876155853e-03,-2.927455585449934006e-03,1.626040600240230560e-02,2.024783007800579071e-02,-1.707601547241210938e-02,1.235713157802820206e-02,-2.321250550448894501e-02,1.528458786197006702e-03,-1.179397292435169220e-02,-1.154799573123455048e-02,1.169687602669000626e-02,-1.606621406972408295e-02,3.048826009035110474e-03,-1.186517719179391861e-02,1.895321160554885864e-02,5.395321641117334366e-03,1.490105688571929932e-02,-1.174866105429828167e-03,6.298318039625883102e-03,-1.579434424638748169e-02,-2.340022707358002663e-03,-2.409284748136997223e-02,3.187350183725357056e-02,-1.574255898594856262e-02,2.736823074519634247e-02,4.489736258983612061e-02,2.455729118082672358e-04,-1.724431663751602173e-02,-4.061865154653787613e-03,8.764565922319889069e-03,5.520252510905265808e-02,-1.932865194976329803e-02,-4.673572257161140442e-03,1.293971017003059387e-02,-2.392454631626605988e-02,-1.214999239891767502e-02,-1.084242830984294415e-03,1.887553557753562927e-02,3.877381794154644012e-03,2.212502621114253998e-02,-1.629924401640892029e-02,1.812465605325996876e-03,-1.660995371639728546e-02,4.615314304828643799e-03,3.290919587016105652e-02,1.899205148220062256e-02,2.026077732443809509e-02,1.778805628418922424e-02,1.747734728269279003e-03,-5.285279359668493271e-03,1.176808029413223267e-02,1.481043361127376556e-02,2.801554091274738312e-02,-3.034585341811180115e-02,1.943545765243470669e-03,-3.120030090212821960e-02,-5.706030409783124924e-03,-4.502844240050762892e-04,-1.593675091862678528e-02,3.549843281507492065e-02,4.825689829885959625e-03,-3.205798566341400146e-03,2.422230876982212067e-02,9.334198199212551117e-03,1.484765321947634220e-03,1.268078666180372238e-02,1.307564508169889450e-02,6.299127126112580299e-04,-6.680230610072612762e-03,1.846125721931457520e-02,2.110227756202220917e-02,-6.424543098546564579e-04,-3.220363054424524307e-03,-1.919918879866600037e-02,1.960052177309989929e-02,1.176808029413223267e-02,-2.538746595382690430e-02,-2.450712397694587708e-02,-1.640281453728675842e-02,8.991124108433723450e-03,2.079480618704110384e-04,-9.735529311001300812e-03,3.057888522744178772e-02,2.234511263668537140e-02,-8.492696098983287811e-03,-9.742002584971487522e-04,1.110135205090045929e-02,6.104125175625085831e-03,2.326429076492786407e-02,-4.729402426164597273e-04,-2.519650850445032120e-03,-3.281857352703809738e-03,4.437304101884365082e-03,1.178749930113554001e-02,9.463659487664699554e-03,8.039579726755619049e-03,5.583041347563266754e-03,-1.203347742557525635e-02,3.046398633159697056e-04,2.098576352000236511e-02,-1.638986729085445404e-02,9.916775859892368317e-03,2.940401900559663773e-03,-1.791751757264137268e-02,1.859071850776672363e-02,2.613510703667998314e-03,-3.182171657681465149e-02,2.444239333271980286e-02,8.771038614213466644e-03,2.997041447088122368e-03,-8.447384461760520935e-03,1.715369336307048798e-02,3.547254204750061035e-02,2.414463087916374207e-02,-3.668948262929916382e-02,-9.243574924767017365e-03,2.288885228335857391e-02,-2.330312877893447876e-02,-2.159423381090164185e-02,-1.651933044195175171e-02,-1.067250967025756836e-03,-1.898234128020703793e-03,1.021453831344842911e-02,1.822822540998458862e-02,-1.075180526822805405e-02,8.602738380432128906e-03,-9.237101301550865173e-03,1.499168016016483307e-02,-4.438113537617027760e-04,3.857962414622306824e-02,-3.557611256837844849e-02,-8.777512237429618835e-03,1.623451337218284607e-02,-9.424821473658084869e-03,-1.468097139149904251e-02,4.168671090155839920e-03,-1.222767028957605362e-02,-1.194285415112972260e-02,-8.971705101430416107e-03,-2.577584981918334961e-02,8.220826275646686554e-03,3.349824808537960052e-03,-1.211115438491106033e-02,-4.088404774665832520e-02,-1.054466608911752701e-02,-8.706307969987392426e-03,-3.385426942259073257e-03,-1.941927522420883179e-02,-3.334936872124671936e-02,-5.628352984786033630e-03,-4.757722374051809311e-03,1.984649896621704102e-02,1.107707736082375050e-03,-8.563900366425514221e-03,-1.382652390748262405e-02,-2.331931143999099731e-03,1.512276008725166321e-03,-6.855004001408815384e-03,1.271315198391675949e-02,7.482893764972686768e-03,-3.153690323233604431e-02,-2.249399432912468910e-03,1.284261327236890793e-02,-6.217404268682003021e-03,2.674681507050991058e-02,-8.531535044312477112e-03,1.387830823659896851e-02,-1.408544741570949554e-02,-2.295924605277832597e-05,-6.307218573056161404e-04,-1.112077105790376663e-02,-1.174218766391277313e-02,-2.000589884119108319e-04,-2.462363988161087036e-02,4.372573457658290863e-03,1.035047322511672974e-02,1.538006588816642761e-02,-9.314779192209243774e-03,1.975587569177150726e-02,-1.695949956774711609e-02,2.378213778138160706e-02,2.825504401698708534e-03,2.059252292383462191e-04,8.809877559542655945e-03,-3.838543314486742020e-03,2.626780606806278229e-02,3.143333271145820618e-02,-6.178565789014101028e-03,-1.032458059489727020e-02,7.165712304413318634e-03,3.371186181902885437e-02,2.375624515116214752e-02,-1.940632797777652740e-02,2.294063568115234375e-02,-1.716663874685764313e-02,-6.308027543127536774e-03,-4.217866435647010803e-02,1.547068916261196136e-02,-2.842981740832328796e-02,1.869428902864456177e-02,2.682449109852313995e-02,-4.955151583999395370e-03,-3.627520427107810974e-02,-9.515444748103618622e-03,1.090715918689966202e-02,7.709451951086521149e-03,1.360643841326236725e-02,-1.429258659482002258e-02,-1.927686668932437897e-02,-3.624931210651993752e-03,1.305622607469558716e-02,5.282042548060417175e-03,1.000092597678303719e-03,6.592843681573867798e-03,7.269281893968582153e-03,-3.643056005239486694e-02,2.028666809201240540e-02,1.348992250859737396e-02,1.310801040381193161e-02,-1.865868689492344856e-03,-2.902534231543540955e-02,1.178304955828934908e-04,2.174958819523453712e-03,-1.008507702499628067e-02,1.689476892352104187e-02,3.687072917819023132e-02,6.246533244848251343e-03,8.356761187314987183e-03,-2.762715518474578857e-02,1.145089883357286453e-02,-4.871001467108726501e-03,4.890420474112033844e-03,2.145182527601718903e-02,2.215091884136199951e-02,-1.593675091862678528e-02,-1.066118199378252029e-02,3.495469456538558006e-03,2.329018339514732361e-02,7.042723707854747772e-03,4.709173925220966339e-03,3.110320540145039558e-03,6.822638679295778275e-03,1.660995371639728546e-02,-4.246348142623901367e-02,-5.841965321451425552e-04,2.194378059357404709e-03,-1.985944435000419617e-02,-2.825504401698708534e-03,-6.201221607625484467e-03,1.632837345823645592e-03,3.881265595555305481e-02,1.622156798839569092e-02,-1.210468122735619545e-03,8.337342180311679840e-03,9.897356852889060974e-03,1.901794224977493286e-02,1.009802240878343582e-02,6.133254151791334152e-03,3.134594531729817390e-03,-6.855004001408815384e-03,-2.195672690868377686e-02,9.942668490111827850e-03,-7.502313237637281418e-03,4.822453018277883530e-03,-1.014333404600620270e-02,2.329018339514732361e-02,4.246348049491643906e-03,6.719069089740514755e-03,1.316464971750974655e-03,1.786573231220245361e-02,-3.391899866983294487e-03,-3.303866088390350342e-02,-1.949695125222206116e-02,8.690125541761517525e-04,1.925097405910491943e-02,-1.007213070988655090e-02,7.463474757969379425e-03,-8.563900366425514221e-03,-2.076244214549660683e-03,8.201407268643379211e-03,-1.269373297691345215e-02,-1.633808389306068420e-02,2.094692364335060120e-02,-1.496093231253325939e-03,7.049196865409612656e-03,-7.191604934632778168e-03,-3.233309136703610420e-03,3.016460686922073364e-02,1.317274174652993679e-03,-1.178102660924196243e-02,-5.275569390505552292e-03,-1.204642374068498611e-02,-1.673941500484943390e-02,2.222859673202037811e-02,-1.663584448397159576e-02,3.153690323233604431e-02,7.903644815087318420e-03,-9.269467554986476898e-03,-7.148720324039459229e-04,-1.714074611663818359e-02,5.356483161449432373e-04,-1.966525241732597351e-02,1.637692190706729889e-02,-1.303033344447612762e-02,-2.747827442362904549e-03,-5.384802934713661671e-04,-9.502498432993888855e-03,-1.769743300974369049e-02,-7.075089029967784882e-03,-4.129832610487937927e-03,-1.227298192679882050e-02,9.055854752659797668e-03,-3.091548569500446320e-02,-2.644905261695384979e-02,1.913445815443992615e-02,1.027409061789512634e-01,-1.195580046623945236e-02,2.918069623410701752e-02,1.580728963017463684e-02,-2.641021274030208588e-03,1.032458059489727020e-02,-6.165619939565658569e-03,-2.791197039186954498e-02,-1.938690897077322006e-03,-1.398187782615423203e-02,4.065101500600576401e-03,-1.351581513881683350e-02,2.322545275092124939e-02,-1.872018165886402130e-02,3.854725975543260574e-03,-1.227945461869239807e-02,1.198331126943230629e-03,7.612355519086122513e-03,1.324394531548023224e-02,5.709266755729913712e-03,4.848345648497343063e-03,-1.954873651266098022e-02,-2.294063568115234375e-02,7.256335578858852386e-03,-6.842057686299085617e-03,-1.492694951593875885e-02,3.671537712216377258e-02,4.179028049111366272e-02,1.739967055618762970e-02,-1.325041800737380981e-02,1.609210483729839325e-02,4.094230476766824722e-03,2.744590863585472107e-02,1.551114604808390141e-03,1.394303888082504272e-02,3.267292864620685577e-03,2.193083427846431732e-02,3.213242813944816589e-02,2.674681507050991058e-02,-3.316812217235565186e-02,-6.466618273407220840e-03,3.042353084310889244e-03,-1.487192814238369465e-03,-1.165803801268339157e-02,-5.330590996891260147e-03,1.376179233193397522e-02,-1.141206081956624985e-02,3.006103634834289551e-02,-2.163307182490825653e-02,-4.401702433824539185e-02,2.252635918557643890e-02,-1.921213604509830475e-02,-1.745145395398139954e-02,-3.789995098486542702e-03,1.629924401640892029e-02,1.459034811705350876e-02,-9.754949249327182770e-03,1.243480853736400604e-02,-1.873312704265117645e-02,-2.130941674113273621e-02,-1.991122961044311523e-02,-2.506704768165946007e-03,2.308304421603679657e-02,7.871279492974281311e-03,-2.042907662689685822e-02,-4.427594598382711411e-03,-2.049380727112293243e-02,2.514796098694205284e-03,-2.174958772957324982e-02,1.200758479535579681e-02,-2.515443414449691772e-02,1.003329176455736160e-02,-2.360089123249053955e-02,4.217219073325395584e-03,2.625485882163047791e-02,2.191788889467716217e-02,2.152950316667556763e-02,-8.667469955980777740e-03,4.485852550715208054e-03,-9.606068022549152374e-03,-1.540595758706331253e-02,-1.513408776372671127e-02,-6.534585729241371155e-03,1.101184170693159103e-05,-1.705012284219264984e-02,1.341224554926156998e-02,1.794341020286083221e-02,-7.890698499977588654e-03,1.807610853575170040e-03,2.212179126217961311e-03,2.603477425873279572e-02,7.314593531191349030e-03,4.119475558400154114e-02,-2.638432197272777557e-02,-1.156255952082574368e-03,1.166451070457696915e-02,1.956168189644813538e-02,-8.097837679088115692e-03,-1.741261593997478485e-02,-3.183142747730016708e-03,-3.912983927875757217e-03,3.968005068600177765e-03,4.874237813055515289e-03,-9.554282762110233307e-03,7.282228209078311920e-03,4.867764655500650406e-03,-8.427965454757213593e-03,3.044942207634449005e-02,-8.544480428099632263e-03,8.764565922319889069e-03,2.376919239759445190e-02,-1.389125455170869827e-02,2.480812370777130127e-03,6.311264354735612869e-03,-8.382653817534446716e-03,3.456630930304527283e-02,2.041613124310970306e-02,5.155817605555057526e-03,1.584612764418125153e-02,2.901563188061118126e-03,-1.459034811705350876e-02,-2.760126255452632904e-02,6.201221607625484467e-03,-6.411597132682800293e-03,8.434438146650791168e-03,-1.170820440165698528e-03,-2.215091884136199951e-02,-2.819678746163845062e-02,1.003329176455736160e-02,1.280377525836229324e-02,-2.206029556691646576e-02,1.660995371639728546e-02,6.453672423958778381e-03,-1.043462380766868591e-02,-3.386721387505531311e-02,-1.154799573123455048e-02,-2.029314171522855759e-03,1.126317889429628849e-03,6.926207803189754486e-03,2.611892530694603920e-03,-2.029961533844470978e-02,-1.870723441243171692e-02,-1.293323654681444168e-02,-2.224154211580753326e-02,8.042816189117729664e-04,-3.202885761857032776e-02,1.368411537259817123e-02,-7.541151717305183411e-04,-3.228778019547462463e-02,2.393749170005321503e-02,-1.691095181740820408e-03,1.716987579129636288e-03,-2.622896619141101837e-02,1.891437359154224396e-02,2.751064021140336990e-03,-1.694655418395996094e-02,-2.240984328091144562e-02,-8.958758786320686340e-03,2.233216539025306702e-02,7.910117506980895996e-03,3.070834651589393616e-02,6.463381927460432053e-03,4.566766321659088135e-03,3.074718406423926353e-03,-1.130201760679483414e-02,-1.574255898594856262e-02,-1.143147982656955719e-02,-1.747734658420085907e-02,-4.743481427431106567e-02,1.031810790300369263e-02,1.934159733355045319e-02,1.587202027440071106e-02,2.283706702291965485e-02,1.198169216513633728e-02,-1.637692213989794254e-03,4.049566015601158142e-02,-8.544480428099632263e-03,1.566488109529018402e-02,-3.896801033988595009e-03,-4.080636799335479736e-02,2.611892530694603920e-03,-6.346866488456726074e-03,-8.039579726755619049e-03,4.175144131295382977e-04,1.378768496215343475e-02,-2.910302020609378815e-02,5.649714171886444092e-02,-2.747827442362904549e-03,-4.893657285720109940e-03,1.816349476575851440e-02,3.925282880663871765e-02,-2.892177365720272064e-02,2.801554091274738312e-02,-3.845016472041606903e-03,9.175607119686901569e-04,-4.085815325379371643e-02,-5.249677225947380066e-03,8.363233879208564758e-03,-2.278528176248073578e-02,2.294063568115234375e-02,1.839652657508850098e-02,3.047207836061716080e-03,-1.960052177309989929e-02,1.611799816600978374e-03,-2.515443414449691772e-02,3.430738579481840134e-03,-5.476235412061214447e-03,1.415017805993556976e-02,-9.612540714442729950e-03,-7.780656218528747559e-03,-1.658406108617782593e-02,-4.042445681989192963e-03,-2.593120560050010681e-02,-1.143795251846313477e-02,1.882375031709671021e-02,-3.003514371812343597e-03,-2.136120200157165527e-02,2.228038199245929718e-02,-1.521176472306251526e-02,-2.023488469421863556e-02,-7.515259087085723877e-03,-3.632698953151702881e-02,3.990013524889945984e-02,1.239596982486546040e-03,3.459220007061958313e-02,2.207324141636490822e-03,2.398927696049213409e-02,-8.078418672084808350e-03,1.247688429430127144e-03,1.888848096132278442e-02,-1.624746015295386314e-03,1.908267475664615631e-02,-4.977807402610778809e-03,1.903088879771530628e-03,-3.401609603315591812e-03,1.274389913305640221e-03,1.775245415046811104e-03,-2.545219659805297852e-02,-1.459034811705350876e-02,2.101165428757667542e-02,-9.573702700436115265e-03,-3.375717205926775932e-03,-4.003202484454959631e-04,-9.237101301550865173e-03,2.247457392513751984e-02,7.482893764972686768e-03,-1.497873384505510330e-02,2.039023820543661714e-04,-1.400777045637369156e-02,-2.177548035979270935e-02,-1.962641440331935883e-02,3.747920040041208267e-03,-3.518772497773170471e-02,2.206029556691646576e-02,1.198169216513633728e-02,-1.884964294731616974e-02,-9.800260886549949646e-03,-1.346403034403920174e-03,-3.091548569500446320e-02,6.463381927460432053e-03,-3.540781093761324883e-03,2.516737952828407288e-02,7.243389263749122620e-03,-2.594925945231807418e-06,-1.048640813678503036e-02,1.565193571150302887e-02,-4.062512144446372986e-02,-2.133530937135219574e-02,-1.314684934914112091e-02,3.016460686922073364e-02,-1.326983794569969177e-02,-2.804143354296684265e-02,-3.280562907457351685e-02,3.943407535552978516e-02,6.848530843853950500e-03,1.202053111046552658e-02,-6.233587395399808884e-03,-1.207231543958187103e-02,4.201036412268877029e-03,-8.758093230426311493e-03,9.631960652768611908e-03,1.409839373081922531e-02,-1.601280993781983852e-03,-3.593860566616058350e-02,-7.036250550299882889e-03,-2.969854325056076050e-02,5.239967722445726395e-03,4.226928576827049255e-03,4.013316705822944641e-02,-1.246717479079961777e-02,-1.367116905748844147e-02,6.764380726963281631e-03,1.079711690545082092e-02,2.026077732443809509e-02,-2.264287509024143219e-02,6.479564588516950607e-03,-1.355465408414602280e-02,1.844831183552742004e-02,-6.175329443067312241e-03,2.376919239759445190e-02,-1.720547676086425781e-02,1.433789730072021484e-03,-1.739967055618762970e-02,6.080660386942327023e-04,-4.259294364601373672e-03,-2.290179766714572906e-02,-2.217033877968788147e-03,-2.980211377143859863e-02,-2.303125895559787750e-02,1.328278426080942154e-02,1.214351970702409744e-02,2.159423381090164185e-02,-1.466802507638931274e-02,-1.760680926963686943e-03,-1.686240313574671745e-03,5.327354185283184052e-03,8.149622008204460144e-03,3.734973724931478500e-03,-3.200296312570571899e-02,1.449972484260797501e-02,-1.464213337749242783e-02,-3.555021807551383972e-02,1.878491230309009552e-02,-1.982060633599758148e-02,7.314593531191349030e-03,7.489366922527551651e-03,1.720224041491746902e-03,2.027372270822525024e-02,-8.633485995233058929e-04,-1.038931217044591904e-02,6.197985261678695679e-03,1.147355535067617893e-03,-1.649343781173229218e-02,-1.789809786714613438e-03,-1.453856378793716431e-02,-4.291659686714410782e-03,1.282481243833899498e-03,2.018309943377971649e-02,-3.803588449954986572e-02,-2.573701180517673492e-02,-5.016645882278680801e-03,-4.644443280994892120e-03,1.716663874685764313e-02,1.491400320082902908e-02,-9.521917439997196198e-03,1.214351970702409744e-02,-8.641577325761318207e-03,1.379577675834298134e-03,-3.058535745367407799e-03,-3.332347422838211060e-02,-1.795635558664798737e-02,2.273349836468696594e-02,2.664324454963207245e-02,-1.620862074196338654e-02,-9.062328375875949860e-03,-2.319956012070178986e-02,-2.283706702291965485e-02,-3.876087069511413574e-02,2.303125895559787750e-02,5.191419273614883423e-03,1.284908689558506012e-02,8.079227409325540066e-04,3.107083961367607117e-02,3.536897152662277222e-02,-5.579805001616477966e-03,7.217497099190950394e-03,-4.699464514851570129e-02,-1.471819239668548107e-03,-5.845201667398214340e-03,1.446735928766429424e-03,2.152303000912070274e-03,-1.648049056529998779e-02,3.524598432704806328e-03,-6.725542247295379639e-03,2.606066688895225525e-02,-3.611985128372907639e-03,5.139634478837251663e-03,1.147679146379232407e-02,9.023489430546760559e-03,4.113649483770132065e-03,-1.711485348641872406e-02,1.082948222756385803e-02,-3.058535745367407799e-03,1.003329176455736160e-03,3.363984869793057442e-04,-1.572961220517754555e-03,-1.803403347730636597e-02,6.162383127957582474e-03,1.030516158789396286e-02,-3.904568776488304138e-02,1.067412830889225006e-02,5.206954851746559143e-02,-1.170982234179973602e-02,1.928981277160346508e-03,7.728871423751115799e-03,-1.972998306155204773e-02,5.689847283065319061e-03,-3.922693431377410889e-02,4.072869196534156799e-02,-1.496902434155344963e-03,6.222259253263473511e-04,-1.497873384505510330e-02,1.491400320082902908e-02,-4.626965895295143127e-02,-6.019975058734416962e-03,1.133438292890787125e-02,-1.412428542971611023e-02,2.563344314694404602e-03,5.890513304620981216e-03,-1.539301127195358276e-02,-7.717138942098245025e-05,2.765628276392817497e-03,-9.068801067769527435e-03,-8.596265688538551331e-03,5.414741113781929016e-03,-1.070002000778913498e-02,1.323747215792536736e-03,-1.320510637015104294e-02,1.531533431261777878e-02,2.928426675498485565e-02,7.754763588309288025e-03,-1.107545942068099976e-02,-2.825504401698708534e-03,-3.186379326507449150e-03,4.230165388435125351e-03,-2.687627635896205902e-02,-3.929166588932275772e-03,-1.906972751021385193e-02,2.724766964092850685e-04,-7.204550784081220627e-03,-1.717958413064479828e-02,7.298410637304186821e-04,-2.291878918185830116e-04,2.239689696580171585e-03,-1.794341020286083221e-02,2.238395065069198608e-02,2.156316190958023071e-01,3.073100233450531960e-03,-1.288145221769809723e-02,1.950989849865436554e-02,-8.039579726755619049e-03,-7.191604934632778168e-03,2.695395238697528839e-02,-6.479564588516950607e-03,-1.196874585002660751e-02,2.049380727112293243e-02,-4.831515625119209290e-02,-2.042260486632585526e-03,-1.721842400729656219e-02,1.168393064290285110e-02,1.293971017003059387e-02,-2.593120560050010681e-02,-1.856482587754726410e-02,-1.589791290462017059e-02,-3.246902674436569214e-02,-2.308304421603679657e-02,3.363418206572532654e-02,-8.641577325761318207e-03,-1.824117265641689301e-02,-2.297947555780410767e-02,2.682449109852313995e-02,-1.413723174482584000e-02,-2.749769203364849091e-02,5.104032810777425766e-03,2.340669929981231689e-02,-6.867950316518545151e-03,-1.690771430730819702e-02,-2.370446175336837769e-02,-5.375902634114027023e-03,-1.037636585533618927e-02,-1.058997772634029388e-02,6.615499500185251236e-03,1.866839639842510223e-02,-6.424543447792530060e-03,-5.909932777285575867e-03,-8.745146915316581726e-03,1.491400320082902908e-02,-2.775661647319793701e-02,1.403366215527057648e-02,-1.943222060799598694e-02,2.511559519916772842e-03,2.879231050610542297e-02,-1.300444081425666809e-02,-1.670057699084281921e-02,4.705937579274177551e-03,2.726789796724915504e-03,-4.256705194711685181e-02,-7.929537445306777954e-03,3.120030090212821960e-02,2.501202560961246490e-02,2.620307542383670807e-02,3.812650917097926140e-03,3.562789410352706909e-02,1.084890123456716537e-02,-1.803403347730636597e-02,7.780656218528747559e-03,-8.576846681535243988e-03,3.120030090212821960e-02,-3.006103634834289551e-02,2.890235278755426407e-03,7.936010137200355530e-03,4.248937219381332397e-02,-4.570002481341362000e-02,8.447384461760520935e-03,2.445534057915210724e-02,9.345525759272277355e-04,8.945812471210956573e-03,-2.082717139273881912e-03,1.299149449914693832e-02,8.311449550092220306e-03,-2.088219299912452698e-02,-1.623451337218284607e-02,-4.689754918217658997e-03,4.181616939604282379e-03,1.306269876658916473e-02,2.490845695137977600e-02,-2.446828596293926239e-02,-1.557425875216722488e-02,-6.207694765180349350e-03,1.931570470333099365e-02,2.646199800074100494e-02,-1.572961173951625824e-02,3.495469316840171814e-02,1.090068649500608444e-02,-3.479286795482039452e-03,1.763270050287246704e-02,1.297854818403720856e-02,-2.304420620203018188e-02,1.470605493523180485e-04,-2.713519893586635590e-02,2.208942547440528870e-03,3.056917572394013405e-03,-7.088035345077514648e-03,1.873312704265117645e-02,7.301647216081619263e-03,-1.536711957305669785e-02,-1.596264354884624481e-02,-5.220548249781131744e-03,1.938690897077322006e-03,1.843536458909511566e-02,-3.132976219058036804e-02,5.615407135337591171e-03,3.218340280000120401e-04,1.627335138618946075e-02,2.184021100401878357e-02,-1.580728963017463684e-02,9.877937845885753632e-03,-1.487516425549983978e-02,-2.336786128580570221e-03,7.221542764455080032e-04,1.183281093835830688e-02,-1.152857579290866852e-02,-2.150684595108032227e-03,-2.490845695137977600e-02,6.579897366464138031e-03,-1.731551950797438622e-03,-6.926207803189754486e-03,2.597328042611479759e-03,8.861661888659000397e-03,1.635102927684783936e-02,-9.036435745656490326e-03,-2.409284748136997223e-02,-3.407435491681098938e-02,1.198816578835248947e-02,1.683003827929496765e-02,-2.230627276003360748e-02,6.673757452517747879e-03,-8.117256686091423035e-03,6.117071490734815598e-03,1.038283854722976685e-02,5.307935178279876709e-03,3.544017672538757324e-03,7.702978793531656265e-03,-6.725542247295379639e-03,-1.963935978710651398e-02,-7.204550784081220627e-03,-2.181431837379932404e-02,-2.024783007800579071e-02,-8.887554518878459930e-03,2.875671023502945900e-03,6.573424674570560455e-03,-1.995006762444972992e-02,2.467542514204978943e-02,4.084520973265171051e-03,-8.609212003648281097e-03,-2.196967229247093201e-02,7.683559786528348923e-03,-1.326983794569969177e-02,-6.081469357013702393e-03,-1.657111383974552155e-02,2.793139079585671425e-03,2.471102634444832802e-03,-1.812465675175189972e-02,-8.194933645427227020e-03,1.146384514868259430e-02,2.285001240670681000e-02,-4.844461753964424133e-02,-6.108980160206556320e-04,1.291381753981113434e-02,5.948771256953477859e-03,-2.561725908890366554e-03,2.402811497449874878e-02,-1.647790223360061646e-01,9.515444748103618622e-03,3.314222767949104309e-02,-2.992186462506651878e-03,2.037729136645793915e-02,8.790458552539348602e-03,2.097281627357006073e-02,2.383715938776731491e-03,-9.573702700436115265e-03,-2.919364254921674728e-03,6.900315638631582260e-03,-1.712780073285102844e-02,-7.198077626526355743e-03,7.767709903419017792e-03,-1.005271077156066895e-02,-4.122550308238714933e-04,-4.712410643696784973e-02,1.578139699995517731e-02,2.532273344695568085e-02,1.928981207311153412e-02,2.280146582052111626e-03,1.916035078465938568e-02,-1.444794051349163055e-02,-4.155724775046110153e-03,3.116793697699904442e-03,3.402256965637207031e-02,-2.652349183335900307e-03,1.430553197860717773e-02,-8.110783994197845459e-03,3.254751209169626236e-04,-2.664324454963207245e-02,3.241724148392677307e-02,3.417792171239852905e-02,4.304606001824140549e-03,3.362771123647689819e-03,-3.812650917097926140e-03,-1.427964027971029282e-02,-1.536711957305669785e-02,2.490521874278783798e-03,2.297947555780410767e-02,2.063621580600738525e-02,1.057703141123056412e-02,-6.751434411853551865e-03,-1.447383314371109009e-02,-1.420196332037448883e-02,1.717958413064479828e-02,6.958573590964078903e-03,-7.418163120746612549e-03,7.198077626526355743e-03,-4.031441360712051392e-02,-6.253006402403116226e-03,-1.358054578304290771e-02,-2.910868497565388680e-04,-8.304976858198642731e-03,-1.684298366308212280e-02,1.578139699995517731e-02,-2.373035438358783722e-02,-3.641114104539155960e-03,-1.746440120041370392e-02,-2.253930456936359406e-02,-1.550952717661857605e-02,-2.853338792920112610e-02,1.509524974972009659e-02,-1.180044561624526978e-02,-1.139911450445652008e-02,4.333734977990388870e-03,-3.156279399991035461e-02,5.469762254506349564e-04,-1.931570470333099365e-02,1.755502447485923767e-02,9.852045215666294098e-03,-3.966710343956947327e-02,1.341224554926156998e-02,-2.180137299001216888e-02,-6.764380726963281631e-03,-4.252012004144489765e-04,-1.565193571150302887e-02,1.684298366308212280e-02,1.734788529574871063e-02,7.793602067977190018e-03,-2.128352597355842590e-02,3.723322227597236633e-02,-2.328694798052310944e-03,6.618736311793327332e-03,8.091364055871963501e-03,4.163006960880011320e-04,1.690771430730819702e-02,8.648050017654895782e-03,-8.725726976990699768e-03,-1.500462647527456284e-02,1.395598519593477249e-02,1.434598932974040508e-03,-2.222859673202037811e-02,-3.544017672538757324e-03,2.181431837379932404e-02,1.466802507638931274e-02,1.660348032601177692e-03,-1.263547502458095551e-02,-6.139727309346199036e-03,9.377891547046601772e-04,1.681709103286266327e-02,-1.488811057060956955e-02,-2.191788889467716217e-02,2.431293204426765442e-02,3.161457926034927368e-02,9.010543115437030792e-03,9.677272289991378784e-03,2.318661473691463470e-02,4.070280119776725769e-02,-2.641021274030208588e-02,7.961902767419815063e-03,-9.670798666775226593e-03,-6.919734645634889603e-03,1.203347742557525635e-02,2.454596385359764099e-02,1.072591263800859451e-02,1.381600450258702040e-04,5.284672442940063775e-05,2.299242094159126282e-02,-1.052524708211421967e-02,2.612539753317832947e-02,9.159424342215061188e-03,-2.185315638780593872e-02,1.857777312397956848e-02,-2.187904901802539825e-02,-1.715369289740920067e-04,-1.076086759567260742e-01,-3.158868849277496338e-02,-1.170982234179973602e-02,3.117440827190876007e-02,1.773627102375030518e-02,1.815054938197135925e-02,5.864621140062808990e-03,7.094508502632379532e-03,-1.409839373081922531e-02,1.055761240422725677e-02,-5.104032810777425766e-03,-2.941372804343700409e-02,-3.381542861461639404e-02,3.531071357429027557e-03,8.926393464207649231e-03,-2.690216898918151855e-02,-3.511652117595076561e-03,-9.360090829432010651e-03,8.071945048868656158e-03,1.831884868443012238e-02,-1.316626835614442825e-02,9.528391063213348389e-03,1.104956772178411484e-02,-1.389125455170869827e-02,3.178287995979189873e-03,-5.120215471833944321e-03,-3.904568776488304138e-02,1.804697886109352112e-02,2.286295965313911438e-02,1.416312437504529953e-02,-2.563344314694404602e-02,-1.159330736845731735e-02,-5.201129242777824402e-03,3.828833578154444695e-03,-1.329572964459657669e-02,-1.136674918234348297e-02,-3.099316172301769257e-02,-1.857777312397956848e-02,1.173571497201919556e-02,-3.140744194388389587e-02,1.220825035125017166e-02,2.857869956642389297e-03,1.671352237462997437e-02,-1.390420086681842804e-02,2.400222420692443848e-02,-1.409839373081922531e-02,-5.813645548187196255e-04,2.454596385359764099e-02,1.430553197860717773e-02,2.886998932808637619e-03,-3.637877479195594788e-02,2.459774725139141083e-03,-1.736083067953586578e-02,-1.029868889600038528e-02,2.154244855046272278e-02,-1.025337725877761841e-02,1.854540780186653137e-03,2.108609536662697792e-03,2.728408202528953552e-03,1.117902901023626328e-02,8.725726976990699768e-03,2.098900033161044121e-03,-3.938876092433929443e-03,2.215091884136199951e-02,1.139264088124036789e-02,-5.819309502840042114e-03,-1.347697619348764420e-02,1.919271657243371010e-03,5.489181727170944214e-03,-2.943638479337096214e-03,-4.349917639046907425e-03,1.224708929657936096e-02,-1.295912917703390121e-02,1.570372097194194794e-02,-7.217497099190950394e-03,-3.267616778612136841e-02,-1.632513664662837982e-02,-9.819679893553256989e-03,1.670057699084281921e-02,-2.933605015277862549e-02,-1.847420260310173035e-02,-2.086924761533737183e-02,2.720316639170050621e-03,-9.942668490111827850e-03,3.997781500220298767e-02,-1.382005051709711552e-03,2.346495632082223892e-03,1.368411537259817123e-02,2.134825661778450012e-02,-2.039023907855153084e-03,7.890698499977588654e-03,1.116608269512653351e-02,3.280562907457351685e-02,-2.323839813470840454e-02,-5.288515705615282059e-03,1.971703767776489258e-02,-2.912891283631324768e-02,-2.677270583808422089e-02,1.277788262814283371e-02,-7.573517039418220520e-03,-2.133530937135219574e-02,-5.854911170899868011e-03,-5.318291857838630676e-02,1.852598786354064941e-02,-2.017015404999256134e-02,-1.731552038108929992e-04,-3.411319339647889137e-03,-2.781406510621309280e-04,2.360402686463203281e-05,4.634733777493238449e-03,-1.980766095221042633e-02,5.010172724723815918e-03,-1.708896085619926453e-02,1.374884601682424545e-02,6.227114237844944000e-03,-1.257721707224845886e-02,-2.145182527601718903e-02,-1.971703767776489258e-02,4.353153984993696213e-03,5.638062953948974609e-03,1.663584448397159576e-02,-6.161574274301528931e-04,-5.688228993676602840e-04,3.505179192870855331e-03,-2.356205321848392487e-02,2.922600833699107170e-03,-1.271962467581033707e-02,-6.790272891521453857e-03,-1.428125775419175625e-03,-6.240060087293386459e-03,-1.281024795025587082e-02,-8.350288495421409607e-03,-2.757536945864558220e-03,-6.065286695957183838e-03,2.357499860227108002e-02,2.015720680356025696e-02,8.544480428099632263e-03,-4.404291510581970215e-02,-2.793786302208900452e-02,1.738672330975532532e-02,1.474570296704769135e-02,1.275846362113952637e-02,-4.977807402610778809e-03,-1.958757452666759491e-02,2.486961707472801208e-02,2.349732210859656334e-03,-1.992417499423027039e-02,-5.566858686506748199e-03,-3.696135245263576508e-03,1.773627102375030518e-02,3.410024568438529968e-02,1.914740540087223053e-02,1.705012284219264984e-02,2.524505741894245148e-02,2.344553731381893158e-02,-2.747827442362904549e-03,8.156095631420612335e-03,-7.936010137200355530e-03,-3.961531911045312881e-03,-2.824857085943222046e-02,8.641577325761318207e-03,-3.645645081996917725e-02,4.725356772541999817e-02,6.100888829678297043e-03,4.971334245055913925e-03,-2.064916118979454041e-02,1.794664654880762100e-03,4.555438063107430935e-04,7.774183060973882675e-03,-1.738672330975532532e-02,-1.585098332725465298e-03,8.809877559542655945e-03,-3.191234078258275986e-03,-4.907412803731858730e-04,1.715369336307048798e-02,3.834659606218338013e-02,2.095987088978290558e-02,2.971149049699306488e-03,8.272610604763031006e-03,6.634918972849845886e-03,-1.306269876658916473e-02,1.780100166797637939e-02,2.471426315605640411e-02,3.948586061596870422e-03,-1.020806562155485153e-02,4.712410736829042435e-03,2.659145928919315338e-02,1.242186315357685089e-02,-1.796930283308029175e-02,3.974478226155042648e-03,5.785325774922966957e-04,-1.560824224725365639e-03,-6.350102834403514862e-03,1.607915945351123810e-02,-1.070487545803189278e-03,1.458873040974140167e-03,7.612355519086122513e-03,1.051230076700448990e-02,-9.903830476105213165e-03,-6.460145581513643265e-03,1.034400053322315216e-02,6.680230610072612762e-03,4.000370390713214874e-03,1.011744234710931778e-02,-1.540595781989395618e-03,-1.251895911991596222e-02,-2.995423041284084320e-03,1.569077372550964355e-02,-1.486221794039011002e-02,-1.513894298113882542e-03,-1.970409043133258820e-02,1.891437359154224396e-02,1.752913184463977814e-02,7.016831077635288239e-03,5.104032810777425766e-03,5.350010003894567490e-03,-2.111522480845451355e-02,-1.271315198391675949e-02,-4.094230476766824722e-03,-1.299149449914693832e-02,-1.145737245678901672e-02,4.365453124046325684e-02,1.033752691000699997e-02,-5.971427075564861298e-03,-3.793231677263975143e-03,-1.694655418395996094e-02,3.179582580924034119e-02,-2.191788889467716217e-02,2.510264888405799866e-02,-2.692806161940097809e-02,2.225125208497047424e-03,-1.581861753948032856e-03,5.929351784288883209e-03,-1.493665855377912521e-03,-3.430738672614097595e-02,-2.886998839676380157e-02,-2.730026375502347946e-03,2.817089483141899109e-02,6.217404268682003021e-03,3.474755585193634033e-02,-9.172370657324790955e-03,4.083226248621940613e-02,-3.948585945181548595e-04,-2.125763334333896637e-02,6.405123975127935410e-03,2.842981740832328796e-02,2.406695485115051270e-02,-3.424265421926975250e-03,-1.089421287178993225e-02,1.602090196684002876e-03,-1.456445641815662384e-02,3.606806695461273193e-02,-1.292029116302728653e-02,7.644721306860446930e-03,-9.528391063213348389e-03,-3.252081200480461121e-02,-5.214075092226266861e-03,-5.550676025450229645e-03,7.825967855751514435e-03,2.128028776496648788e-03,-8.265328942798078060e-04,2.597004361450672150e-02,-8.783984929323196411e-03,6.984465755522251129e-03,-1.562604308128356934e-02,-3.624931350350379944e-02,-1.319863367825746536e-02,9.606068022549152374e-03,-1.258368976414203644e-02,1.304327975958585739e-02,-4.608841240406036377e-02,9.761421941220760345e-03,1.062234304845333099e-02,-1.147679146379232407e-02,7.124446565285325050e-04,8.156095631420612335e-03,1.044757012277841568e-02,-1.182633824646472931e-02,1.903088879771530628e-03,1.512114144861698151e-02,1.064823567867279053e-02,-2.452007122337818146e-02,3.314222767949104309e-02,-5.023119039833545685e-03,3.508415538817644119e-03,2.299242094159126282e-02,-8.686888962984085083e-03,2.519327215850353241e-02,2.703163027763366699e-02,-2.029961533844470978e-02
-1.446482143364846706e-03,-3.143556788563728333e-02,8.097512181848287582e-04,-1.346113998442888260e-02,3.911405801773071289e-04,1.278545893728733063e-02,-4.282374307513237000e-02,-6.730569992214441299e-03,-9.236494079232215881e-03,-1.440578140318393707e-02,1.670178584754467010e-02,2.484931796789169312e-02,-1.430082134902477264e-02,3.936005756258964539e-03,1.399906072765588760e-02,1.165713742375373840e-02,3.185540810227394104e-02,-6.566569674760103226e-03,-1.289041899144649506e-02,-1.266081910580396652e-02,8.626412600278854370e-03,-1.530122244730591774e-03,-1.650498434901237488e-02,-1.649186387658119202e-02,-1.683298498392105103e-02,-6.760910036973655224e-04,4.969207569956779480e-03,-1.414338126778602600e-02,9.689134545624256134e-03,-1.709538511931896210e-02,1.372682047076523304e-03,-2.659427933394908905e-02,4.933127202093601227e-03,-1.660994440317153931e-02,-1.735778525471687317e-02,-3.300996869802474976e-02,3.007764462381601334e-03,-1.786946691572666168e-02,2.606947906315326691e-02,-3.168484661728143692e-03,1.822370663285255432e-02,8.409932255744934082e-03,-9.462814196012914181e-04,3.524037078022956848e-02,-1.498306263238191605e-02,6.392729468643665314e-03,3.065164666622877121e-03,-1.869602873921394348e-02,-6.874890066683292389e-03,1.128321699798107147e-02,1.666242489591240883e-03,1.553410291671752930e-02,-4.683846980333328247e-02,2.575459890067577362e-02,-1.815810799598693848e-02,1.998179033398628235e-02,-1.021393481642007828e-02,1.073217578232288361e-02,-2.034915052354335785e-02,-2.931012399494647980e-02,-6.130329333245754242e-03,-3.353805048391222954e-03,-1.138817705214023590e-02,3.547653183341026306e-02,1.291665900498628616e-02,2.240653411718085408e-04,-1.878786832094192505e-02,1.478626206517219543e-02,-9.059373289346694946e-03,-1.487810257822275162e-02,7.137290667742490768e-03,2.579395845532417297e-02,2.466563601046800613e-03,1.478626206517219543e-02,2.452131733298301697e-02,-2.362915500998497009e-02,-4.070485942065715790e-03,-1.733154617249965668e-02,8.055691607296466827e-03,-7.052010390907526016e-03,-3.821205813437700272e-03,8.206572383642196655e-03,-1.817122660577297211e-02,2.332739531993865967e-02,-5.707208532840013504e-03,8.869132958352565765e-03,-1.571778394281864166e-02,1.598018407821655273e-02,1.546850334852933884e-02,-3.529285266995429993e-02,1.914210803806781769e-02,-1.973250880837440491e-02,2.501987665891647339e-02,1.866978779435157776e-02,-8.173772133886814117e-03,1.583586446940898895e-02,-1.915522851049900055e-02,1.378914061933755875e-02,-1.515362225472927094e-02,-1.202449761331081390e-02,-1.860418729484081268e-02,8.790412917733192444e-03,3.862205776385962963e-04,-1.587522332556545734e-03,-1.344802044332027435e-02,-2.936260402202606201e-02,1.668866537511348724e-02,5.926968995481729507e-03,3.882705932483077049e-04,-2.066403068602085114e-02,9.643214754760265350e-03,2.231715247035026550e-02,-7.793291471898555756e-03,-4.510662704706192017e-02,-5.923688877373933792e-03,-4.323046654462814331e-03,-2.971684327349066734e-03,-4.464086610823869705e-03,-2.854916267096996307e-02,-2.650243975222110748e-02,1.835490763187408447e-02,4.923287313431501389e-03,-6.563290022313594818e-03,-3.458437323570251465e-02,-1.730530522763729095e-02,-5.362808005884289742e-04,-1.435330137610435486e-02,-1.490434259176254272e-02,-1.889282837510108948e-02,-3.222276642918586731e-02,2.011298947036266327e-02,9.735054336488246918e-03,1.894530840218067169e-02,-3.922885749489068985e-03,-7.373450789600610733e-03,1.992931030690670013e-02,-6.186089012771844864e-03,-1.082401629537343979e-02,-1.812202739529311657e-03,-4.428006708621978760e-03,1.511426270008087158e-02,1.578338444232940674e-02,-2.145123109221458435e-02,-3.719525644555687904e-03,1.532418280839920044e-02,1.060753595083951950e-02,3.277380764484405518e-02,2.731588110327720642e-02,-7.557131350040435791e-03,-3.548965323716402054e-03,5.011847708374261856e-03,1.456527243135496974e-04,4.006854072213172913e-02,-7.124170660972595215e-03,2.457379736006259918e-02,-1.147345732897520065e-02,-5.274247843772172928e-03,9.577614255249500275e-03,-3.811365691944956779e-03,-2.141843084245920181e-03,2.251395396888256073e-02,-9.630094282329082489e-03,1.445826143026351929e-02,8.396812714636325836e-03,-6.750250235199928284e-03,3.904517740011215210e-02,8.259052410721778870e-03,-1.743650622665882111e-02,-1.887970790266990662e-02,1.851234771311283112e-02,1.588834449648857117e-02,1.418274082243442535e-02,-2.411459572613239288e-02,1.321841962635517120e-02,-8.113912190310657024e-04,2.941508404910564423e-02,1.735778525471687317e-02,1.260177884250879288e-02,-3.915013745427131653e-02,-8.306612144224345684e-04,-3.287876769900321960e-02,1.527662272565066814e-03,1.040417514741420746e-02,1.672802492976188660e-02,-1.470754202455282211e-02,-1.383342081680893898e-03,1.256241835653781891e-02,7.799851708114147186e-03,1.451074145734310150e-02,4.782247357070446014e-03,1.437954138964414597e-02,2.573163947090506554e-03,3.257044823840260506e-03,-5.063507705926895142e-04,-6.553711891174316406e-01,2.076243050396442413e-03,5.149607546627521515e-03,-4.346006549894809723e-03,3.217028826475143433e-02,1.773826591670513153e-02,1.563906297087669373e-02,-1.102081686258316040e-02,-1.794818602502346039e-02,-9.669454768300056458e-03,3.325924975797533989e-03,2.227779291570186615e-02,1.080433651804924011e-02,-3.030724450945854187e-02,8.056511869654059410e-04,-3.112068586051464081e-02,-2.132003195583820343e-02,-1.371042057871818542e-02,-1.927330903708934784e-02,5.261127837002277374e-03,-3.091076575219631195e-02,2.360291592776775360e-02,6.402569357305765152e-03,1.030577532947063446e-02,1.949962927028536797e-03,1.792194694280624390e-02,1.155217736959457397e-02,1.969642937183380127e-03,-2.812932245433330536e-02,-6.947050336748361588e-03,-2.310435473918914795e-02,1.974562928080558777e-02,-9.339813841506838799e-04,2.496739663183689117e-02,4.311238601803779602e-02,-2.030323026701807976e-03,-3.280004858970642090e-02,-1.093061640858650208e-03,-8.979013655334711075e-04,4.547398909926414490e-02,-2.159555256366729736e-02,-4.424726590514183044e-03,2.826052159070968628e-02,-1.378914061933755875e-02,-1.124385651201009750e-02,1.733154617249965668e-02,4.418166819959878922e-03,7.996652275323867798e-03,2.170051261782646179e-02,-1.570466347038745880e-02,5.998308770358562469e-04,-1.504702260717749596e-03,2.925764303654432297e-03,2.669923938810825348e-02,8.901933208107948303e-03,1.650498434901237488e-02,1.333650015294551849e-02,-1.707242568954825401e-03,-9.846574626863002777e-03,-9.302093647420406342e-03,-1.720362575724720955e-03,2.920516394078731537e-02,-1.567842252552509308e-02,4.162325989454984665e-03,-2.812932245433330536e-02,5.569448228925466537e-03,2.132003195583820343e-02,3.644085489213466644e-03,3.678853437304496765e-02,-1.018769480288028717e-02,1.411714125424623489e-02,1.977187022566795349e-02,2.230403386056423187e-02,5.234887823462486267e-03,2.799812145531177521e-02,-1.296421978622674942e-03,1.124385651201009750e-02,-1.581782358698546886e-03,4.723207093775272369e-03,1.094209589064121246e-02,-1.137505657970905304e-02,-7.642411626875400543e-03,-3.510917350649833679e-02,-7.340651005506515503e-03,1.802690699696540833e-02,-1.413026079535484314e-02,-2.361603453755378723e-02,-7.609611377120018005e-03,1.882722787559032440e-02,-4.195126239210367203e-03,4.436206654645502567e-04,1.991618983447551727e-02,2.008675038814544678e-02,-4.027845803648233414e-03,-1.353822066448628902e-03,-1.542914286255836487e-02,4.195126239210367203e-03,2.620067819952964783e-02,1.616386324167251587e-02,-7.130730431526899338e-03,-1.347426045686006546e-02,-5.910568870604038239e-03,1.839426718652248383e-02,5.008567590266466141e-03,1.157185714691877365e-02,1.457634195685386658e-02,-5.494008306413888931e-03,1.361858006566762924e-02,2.309123426675796509e-02,-2.810308150947093964e-02,1.028609555214643478e-02,2.308303373865783215e-04,-1.800066605210304260e-02,1.389410067349672318e-02,-6.737130228430032730e-03,-2.912644296884536743e-02,7.616171147674322128e-03,1.250337902456521988e-02,-8.751053363084793091e-03,4.821607377380132675e-03,1.580962352454662323e-02,3.411205112934112549e-02,2.382595464587211609e-02,-1.881410740315914154e-02,7.327530998736619949e-03,1.991618983447551727e-02,-6.503634358523413539e-05,-1.688546501100063324e-02,-1.077153626829385757e-02,-1.818762742914259434e-03,-2.437453658785670996e-04,1.616386324167251587e-02,2.269763313233852386e-02,-1.033857557922601700e-02,8.619853295385837555e-03,-1.195889804512262344e-02,5.070887506008148193e-03,-1.588834449648857117e-02,3.156676888465881348e-02,-4.502790793776512146e-02,-2.023763023316860199e-03,2.235651388764381409e-02,-9.257813799194991589e-04,-2.561027742922306061e-02,-6.809290032833814621e-03,-1.161777693778276443e-02,-1.110609620809555054e-02,-8.803533390164375305e-03,-2.236963249742984772e-02,1.005649473518133163e-02,2.205475233495235443e-02,-1.212945766746997833e-02,-3.883525729179382324e-02,-2.183171175420284271e-02,-2.104123122990131378e-03,2.568243769928812981e-03,-1.041729561984539032e-02,-3.639493510127067566e-02,-1.268049888312816620e-02,-1.041073538362979889e-02,2.700100094079971313e-02,1.106181647628545761e-03,-3.348885104060173035e-03,-1.478626206517219543e-02,4.288606287445873022e-04,6.179529242217540741e-03,7.570251356810331345e-03,-1.079121604561805725e-02,3.035644534975290298e-03,-2.467875741422176361e-02,1.377602014690637589e-02,7.976971566677093506e-03,-2.024419046938419342e-02,3.461061045527458191e-02,3.486645175144076347e-03,4.264006391167640686e-02,-2.641060017049312592e-02,-5.884328857064247131e-03,-2.399651519954204559e-02,8.692013099789619446e-03,-8.718253113329410553e-03,7.097930647432804108e-03,-2.883780375123023987e-02,-6.064728833734989166e-03,1.235905848443508148e-02,2.201539278030395508e-02,-8.580492809414863586e-03,1.197201758623123169e-02,1.215241849422454834e-03,2.385219559073448181e-02,1.160465739667415619e-02,-7.858891971409320831e-03,1.369730010628700256e-02,4.828167147934436798e-03,2.045411057770252228e-02,1.832866668701171875e-02,-1.783010736107826233e-02,-6.327129434794187546e-03,1.122417673468589783e-02,3.400709107518196106e-02,2.634499967098236084e-02,-2.135939151048660278e-02,2.408835664391517639e-02,-2.125443145632743835e-02,3.147164592519402504e-03,-4.009478166699409485e-02,-3.146754752378910780e-04,-1.823682710528373718e-02,1.222129818052053452e-02,1.823682710528373718e-02,-3.988485783338546753e-03,-3.718213364481925964e-02,-1.595394313335418701e-02,2.075587026774883270e-02,2.542659826576709747e-02,5.421848036348819733e-03,-1.936514861881732941e-02,-1.451074145734310150e-02,-9.249613620340824127e-03,1.746274530887603760e-02,1.105361618101596832e-02,-1.790882647037506104e-02,1.121761649847030640e-02,-2.715843962505459785e-03,-2.603011950850486755e-02,1.588834449648857117e-02,1.772514730691909790e-02,-7.175010978244245052e-04,-3.470245283097028732e-03,-3.240644931793212891e-02,-9.393934160470962524e-03,1.178177725523710251e-02,4.801927134394645691e-03,2.912644296884536743e-02,2.357667498290538788e-02,1.868290826678276062e-02,1.437954138964414597e-02,-3.282628953456878662e-02,7.609611377120018005e-03,-2.043443033471703529e-03,1.299537904560565948e-02,8.882253430783748627e-03,2.996612526476383209e-02,-1.899778842926025391e-02,-6.655130069702863693e-03,-1.144721754826605320e-03,1.434018183499574661e-02,-7.957291789352893829e-03,-7.530891336500644684e-03,-1.942377857631072402e-04,2.738804090768098831e-03,2.341923490166664124e-02,-3.584389388561248779e-02,-6.396009586751461029e-03,2.053283154964447021e-02,-1.003025472164154053e-02,-5.047927610576152802e-03,2.450163708999752998e-03,-2.127083251252770424e-03,4.064581915736198425e-02,1.613762415945529938e-02,6.743689998984336853e-03,7.019210606813430786e-03,2.504611760377883911e-02,1.414338126778602600e-02,1.773826591670513153e-02,5.631768610328435898e-03,-7.366891019046306610e-03,-1.615074463188648224e-02,-2.076899074018001556e-02,1.272641867399215698e-02,-5.572728347033262253e-03,6.815850269049406052e-03,-1.014177501201629639e-02,1.895842887461185455e-02,9.003613376989960670e-04,8.573932573199272156e-03,-2.097891084849834442e-02,-5.674408283084630966e-03,2.062467113137245178e-02,-1.476002205163240433e-02,-1.738402619957923889e-02,1.447138190269470215e-02,2.928388305008411407e-02,-1.595394313335418701e-02,-3.271804889664053917e-03,-8.888813666999340057e-03,5.320168100297451019e-03,1.317906007170677185e-02,-1.506178267300128937e-02,-1.401218120008707047e-02,2.217283239588141441e-03,1.321841962635517120e-03,-4.211526364088058472e-03,3.706405637785792351e-03,-5.008567590266466141e-03,2.318307384848594666e-02,-1.495682261884212494e-02,1.594902365468442440e-03,-6.323849316686391830e-03,-1.092897634953260422e-02,-1.025329530239105225e-02,3.840885823592543602e-03,-1.277233939617872238e-02,3.009732440114021301e-02,5.090567748993635178e-03,-1.771202683448791504e-02,-3.306244965642690659e-03,-5.772808566689491272e-03,1.453698147088289261e-02,-2.584643894806504250e-03,-2.451803768053650856e-03,-1.835162751376628876e-03,-1.313969958573579788e-02,-3.212764859199523926e-03,-1.154561713337898254e-02,-6.986410357058048248e-03,6.002408917993307114e-04,-3.998326137661933899e-03,-1.377602014690637589e-02,1.186541747301816940e-03,-2.112323231995105743e-02,-2.757828123867511749e-02,2.212035283446311951e-02,1.018113493919372559e-01,-1.168993767350912094e-02,5.740008782595396042e-03,7.596491370350122452e-03,-9.754734113812446594e-03,2.095267176628112793e-02,6.382889579981565475e-03,-1.219505816698074341e-02,-1.129633653908967972e-02,-5.648168269544839859e-03,-2.453853667248040438e-04,-1.393346115946769714e-02,1.038449537009000778e-02,-8.849453181028366089e-03,8.744493126869201660e-03,-5.976168904453516006e-03,-5.618648603558540344e-03,-1.390722114592790604e-02,1.142097730189561844e-02,1.705602556467056274e-02,4.798647016286849976e-03,-1.807938702404499054e-02,-3.686725394800305367e-03,1.236561872065067291e-02,-2.632203977555036545e-03,-1.420898083597421646e-02,3.306245058774948120e-02,4.408326745033264160e-02,1.104049663990736008e-02,-1.346113998442888260e-02,7.045450620353221893e-03,-1.241809874773025513e-02,1.276577915996313095e-02,4.716646857559680939e-03,-4.431286826729774475e-03,8.377132937312126160e-03,1.844674721360206604e-02,3.287876769900321960e-02,2.393091656267642975e-02,-2.962500415742397308e-02,-5.261127837002277374e-03,-1.383342081680893898e-03,5.848248954862356186e-03,-2.158243209123611450e-02,-9.590734727680683136e-03,2.103139087557792664e-02,-6.412409711629152298e-03,3.266884759068489075e-02,-2.416707575321197510e-02,-4.185286164283752441e-02,2.578083798289299011e-02,2.543643815442919731e-03,-1.666242443025112152e-02,-6.123769097030162811e-03,-9.033133275806903839e-03,1.194577757269144058e-02,-4.454246722161769867e-03,4.546086769551038742e-03,-8.167211897671222687e-03,-3.584389388561248779e-02,-1.734466664493083954e-02,-1.971939019858837128e-02,3.198660910129547119e-02,-4.924107342958450317e-04,-2.012610994279384613e-02,1.048289518803358078e-02,-1.762018539011478424e-02,1.384982024319469929e-03,-2.778820134699344635e-02,1.003681449219584465e-03,-2.337987534701824188e-02,4.437846597284078598e-03,-1.786946691572666168e-02,2.881484339013695717e-03,1.287073921412229538e-02,3.836293891072273254e-02,1.702978461980819702e-02,-3.670325502753257751e-03,3.166844835504889488e-03,-5.995849147439002991e-03,-1.591458357870578766e-02,-1.269361935555934906e-02,-8.029451593756675720e-03,1.367761986330151558e-03,-1.636066474020481110e-02,9.354573674499988556e-03,-2.687964122742414474e-03,-1.291501917876303196e-03,-1.533730328083038330e-02,-3.703125519677996635e-03,1.066001597791910172e-02,7.931051775813102722e-03,2.999236434698104858e-02,-2.302563376724720001e-02,6.960170343518257141e-03,1.397282071411609650e-02,3.342980891466140747e-02,-1.104049663990736008e-02,-1.212289836257696152e-02,-3.732645651325583458e-03,-4.900327417999505997e-03,-3.068444551900029182e-03,-1.113233622163534164e-02,-4.201686475425958633e-03,4.096725955605506897e-03,1.053537614643573761e-02,-9.571054019033908844e-03,2.755204029381275177e-02,-4.867527168244123459e-03,3.186524845659732819e-03,2.016546949744224548e-02,-1.849922724068164825e-02,-4.070485942065715790e-03,-4.070485942065715790e-03,5.920408759266138077e-03,2.933636307716369629e-02,2.433763630688190460e-02,-7.340651005506515503e-03,2.170051261782646179e-02,1.028609555214643478e-02,-1.111265644431114197e-02,-2.024419046938419342e-02,1.847298815846443176e-02,-2.122819237411022186e-02,-4.405046347528696060e-03,-3.778565675020217896e-03,-2.540035732090473175e-02,-1.508802268654108047e-02,1.956195011734962463e-02,1.473378203809261322e-02,-1.943074911832809448e-02,2.361603453755378723e-02,1.156529691070318222e-02,-5.992569029331207275e-03,-5.505160242319107056e-02,-1.208353787660598755e-02,-3.188164671882987022e-03,1.212945766746997833e-02,-3.650645492598414421e-03,-8.304972201585769653e-03,-1.630162470974028111e-03,-1.322497986257076263e-02,-2.397027611732482910e-02,-4.153798148036003113e-02,6.343529559671878815e-03,-3.432197123765945435e-02,2.070339024066925049e-02,-1.688546501100063324e-02,-1.675262465141713619e-03,2.457379736006259918e-02,-9.761294350028038025e-03,8.580492809414863586e-03,-2.462627738714218140e-02,2.996612526476383209e-02,-6.707610096782445908e-03,-1.223441865295171738e-02,-5.169287696480751038e-02,-5.687528289854526520e-03,1.927330903708934784e-02,1.464194152504205704e-02,3.329860791563987732e-02,7.931051775813102722e-03,9.420174174010753632e-03,1.040417514741420746e-02,-1.167025696486234665e-02,-7.065130397677421570e-03,-1.261981902644038200e-03,-8.318092674016952515e-03,-3.954374045133590698e-02,7.504651322960853577e-03,1.200481783598661423e-02,1.861730776727199554e-02,1.866978779435157776e-02,1.384162064641714096e-02,1.321185939013957977e-02,4.392582550644874573e-02,-1.088961586356163025e-02,-2.574803773313760757e-03,-8.849453181028366089e-03,-4.439814761281013489e-02,8.639533072710037231e-03,3.925755736418068409e-04,-9.938415139913558960e-03,8.311532437801361084e-03,1.052225567400455475e-02,-1.949634961783885956e-02,4.400454461574554443e-02,6.609209813177585602e-03,-6.215609144419431686e-03,1.902402751147747040e-02,2.841796167194843292e-02,-4.311238601803779602e-02,4.206278175115585327e-02,-3.575205337256193161e-03,-5.227507790550589561e-04,-2.418019622564315796e-02,-2.655163872987031937e-03,5.812168586999177933e-03,-1.694122562184929848e-03,3.117316588759422302e-02,1.137505657970905304e-02,1.008273474872112274e-02,-9.662894532084465027e-03,-1.844674721360206604e-02,-1.733154617249965668e-02,2.051643095910549164e-03,-1.351362001150846481e-02,8.364012464880943298e-03,-6.756810005754232407e-03,-9.216813370585441589e-03,-9.571054019033908844e-03,-5.933528766036033630e-03,-2.492803707718849182e-02,-2.069027163088321686e-02,1.260177884250879288e-02,-9.407053701579570770e-03,-3.106820583343505859e-02,2.319619432091712952e-02,-7.806411478668451309e-03,-8.318092674016952515e-03,-2.016546949744224548e-02,-2.213347330689430237e-02,4.471302777528762817e-02,4.893767181783914566e-03,2.773572131991386414e-02,1.606382429599761963e-03,2.466563694179058075e-02,-1.199169829487800598e-02,2.889684401452541351e-03,1.149969734251499176e-02,-1.369402045384049416e-03,1.491746213287115097e-02,-3.696565516293048859e-03,6.507529877126216888e-03,-5.330007988959550858e-03,2.049347013235092163e-02,7.668651640415191650e-03,-3.516165167093276978e-02,-2.048034965991973877e-02,1.315282005816698074e-02,-9.072493761777877808e-03,-1.182769797742366791e-02,-6.117209326475858688e-03,-2.327491529285907745e-02,1.907650940120220184e-02,1.303473953157663345e-02,1.429877156624570489e-04,3.867125837132334709e-03,5.602248478680849075e-03,-8.842892944812774658e-03,-4.487046506255865097e-03,-1.348902005702257156e-03,-3.371845185756683350e-02,4.710087087005376816e-03,1.014833524823188782e-02,-1.357922051101922989e-02,-6.012248806655406952e-03,-1.419586129486560822e-02,-2.145123109221458435e-02,3.745355643332004547e-04,-2.648931927978992462e-02,3.240644931793212891e-02,8.593613281846046448e-03,1.293633971363306046e-02,2.999564399942755699e-03,-1.389902085065841675e-03,-4.340102523565292358e-02,-1.106017641723155975e-02,-9.557934477925300598e-03,3.138308599591255188e-02,-3.190788626670837402e-02,-1.494370214641094208e-02,-3.482053056359291077e-02,4.245638474822044373e-02,1.465506199747323990e-02,2.384563675150275230e-03,-2.614163793623447418e-03,7.252910872921347618e-04,5.776088684797286987e-03,-1.666242443025112152e-02,2.109699137508869171e-02,1.590146310627460480e-02,-7.832651957869529724e-03,-1.870914734899997711e-02,-3.421045141294598579e-03,-1.864354871213436127e-02,1.116021652705967426e-03,-7.327530998736619949e-03,3.398085013031959534e-02,-1.094865612685680389e-02,-2.028355002403259277e-02,8.521452546119689941e-03,-2.061482984572649002e-03,1.622946374118328094e-02,-9.367694146931171417e-03,-4.195126239210367203e-03,-2.194979228079319000e-02,2.418019622564315796e-02,-1.662306487560272217e-02,9.190573357045650482e-03,-2.660739980638027191e-02,2.740444149821996689e-03,-1.750210672616958618e-02,-3.716245526447892189e-03,-8.751053363084793091e-03,-8.501772768795490265e-03,-3.430885029956698418e-03,-1.423522084951400757e-02,-1.722658611834049225e-02,2.240899391472339630e-02,2.065091021358966827e-02,2.028355002403259277e-02,5.195527803152799606e-03,-7.885131984949111938e-03,-1.620322465896606445e-02,4.883927293121814728e-03,5.684248637408018112e-03,1.048289518803358078e-02,-3.631621599197387695e-02,1.632130518555641174e-02,-2.139875106513500214e-02,-1.491746213287115097e-02,1.286417897790670395e-02,-3.211780637502670288e-02,3.306245058774948120e-02,-6.783050019294023514e-03,-3.811365691944956779e-03,2.163163153454661369e-03,-9.944974444806575775e-03,-2.500675804913043976e-02,1.789242727681994438e-03,6.327129434794187546e-03,-2.568899840116500854e-02,7.491531316190958023e-03,-3.012684406712651253e-03,-7.983531802892684937e-03,-9.531694464385509491e-03,1.546850334852933884e-02,-3.217028826475143433e-02,-1.948322914540767670e-02,6.822410039603710175e-03,8.390252478420734406e-03,1.931266859173774719e-02,9.630094282329082489e-03,2.730604028329253197e-03,1.693794503808021545e-02,-1.462882198393344879e-02,3.130764700472354889e-03,8.304972201585769653e-03,-3.445317223668098450e-02,-1.444514188915491104e-02,4.235142469406127930e-02,1.985058933496475220e-02,-2.765700034797191620e-02,-8.495212532579898834e-03,-1.511426270008087158e-02,-2.543971873819828033e-02,-4.458182677626609802e-02,2.050659060478210449e-02,1.220161840319633484e-02,4.621526692062616348e-03,-1.079941634088754654e-03,3.600133210420608521e-02,3.505669161677360535e-02,-1.212289836257696152e-02,1.943074911832809448e-02,-4.612999036908149719e-02,-2.996284514665603638e-03,1.430902164429426193e-03,1.077809650450944901e-02,-7.786731701344251633e-03,-6.874890066683292389e-03,-8.672333322465419769e-03,-1.283793896436691284e-02,1.781698688864707947e-02,-1.708226464688777924e-02,1.169321709312498569e-03,1.819746755063533783e-02,8.659212850034236908e-03,3.571925219148397446e-03,-2.197603322565555573e-02,1.003681495785713196e-02,-1.070593576878309250e-02,1.223441795445978642e-03,-8.862573653459548950e-03,-1.525858230888843536e-02,-1.672802492976188660e-02,-4.224646370857954025e-03,4.801927134394645691e-03,-3.736581653356552124e-02,5.041367374360561371e-03,3.009732440114021301e-02,-7.596491370350122452e-03,-8.995413663797080517e-04,8.560813032090663910e-03,-1.966691017150878906e-02,9.538254700601100922e-03,-2.938884310424327850e-02,3.757573664188385010e-02,1.553410291671752930e-02,-1.282481942325830460e-02,-7.911371998488903046e-03,1.500930264592170715e-02,-3.408581018447875977e-02,-3.299684962257742882e-03,3.025476448237895966e-02,-2.226467244327068329e-02,-3.030724590644240379e-03,1.480922219343483448e-03,-1.143409684300422668e-02,-4.956087563186883926e-03,-6.199209019541740417e-03,9.315214119851589203e-03,1.165057718753814697e-02,-2.683043945580720901e-03,-2.248771302402019501e-02,-5.812168586999177933e-03,-2.187107317149639130e-02,2.875908277928829193e-02,3.542405366897583008e-02,6.254969164729118347e-03,-2.868036366999149323e-02,-4.815047141164541245e-03,1.671982463449239731e-03,-6.582969799637794495e-03,-1.414338126778602600e-02,-1.654434390366077423e-02,-1.243777852505445480e-02,-1.663618534803390503e-02,-3.006124403327703476e-03,-7.137290667742490768e-03,4.280406516045331955e-03,-1.968002878129482269e-02,1.608514413237571716e-02,-1.822370663285255432e-02,1.416962128132581711e-02,2.168476879596710205e-01,-9.092173539102077484e-03,-1.319873984903097153e-02,2.171363309025764465e-02,4.693686962127685547e-03,7.911371998488903046e-03,2.707972005009651184e-02,-1.184081775136291981e-03,4.559206718113273382e-04,5.090567748993635178e-03,-4.132806137204170227e-02,-2.217283286154270172e-02,-6.425529718399047852e-03,6.484569516032934189e-03,2.894604345783591270e-03,-3.697221353650093079e-02,-1.060097571462392807e-02,-1.194577757269144058e-02,-3.413829207420349121e-02,-3.077956661581993103e-02,2.786692231893539429e-02,-2.453443594276905060e-02,-1.360546052455902100e-02,-3.941253945231437683e-02,2.818180248141288757e-02,-1.598182367160916328e-03,-2.551843784749507904e-02,1.111265644431114197e-02,-1.053701620548963547e-03,2.120523247867822647e-03,-7.826091721653938293e-03,-2.198915369808673859e-02,-1.368418056517839432e-02,5.602248478680849075e-03,-1.654434390366077423e-02,4.621526692062616348e-03,1.672802492976188660e-02,-1.877474784851074219e-02,-1.283301971852779388e-03,1.090273633599281311e-02,1.663618534803390503e-02,-1.514050271362066269e-02,2.028355002403259277e-02,-2.453443594276905060e-02,-8.692013099789619446e-03,2.889028377830982208e-02,2.676483942195773125e-03,-1.852546818554401398e-02,7.248810958117246628e-03,-8.678892627358436584e-03,-4.361094534397125244e-02,-3.058604663237929344e-03,1.042385585606098175e-02,1.549474336206912994e-02,1.619010418653488159e-02,1.738402619957923889e-02,1.977187022566795349e-02,1.692482456564903259e-02,-1.855170726776123047e-02,6.694490090012550354e-03,2.689603948965668678e-03,2.428515627980232239e-02,-3.587013483047485352e-02,2.250083256512880325e-03,1.705602509900927544e-03,3.345604985952377319e-02,-3.534533455967903137e-02,-1.881082775071263313e-03,2.000802941620349884e-02,-7.071690633893013000e-03,9.623534046113491058e-03,-1.253617834299802780e-02,-8.594637620262801647e-05,8.468972519040107727e-03,-9.735054336488246918e-03,-5.349687766283750534e-03,2.396453637629747391e-04,8.960973471403121948e-03,5.264407955110073090e-03,1.617698371410369873e-02,-1.190641801804304123e-02,-4.454246722161769867e-03,-4.116406198590993881e-03,-1.581782358698546886e-03,2.177923172712326050e-02,-6.261529400944709778e-03,3.366596996784210205e-02,-2.120523247867822647e-03,-1.992931030690670013e-02,1.880877825897186995e-04,1.169649790972471237e-02,-6.888010073453187943e-03,4.419806646183133125e-04,-1.529794279485940933e-02,-8.470612810924649239e-04,3.014980442821979523e-02,-6.178709445521235466e-04,2.672548033297061920e-02,-2.865084214136004448e-03,-2.078211121261119843e-02,-2.372099459171295166e-02,-1.064033620059490204e-02,1.439266186207532883e-02,3.007108531892299652e-02,-3.361349180340766907e-02,8.154092356562614441e-03,-6.031929049640893936e-03,2.105763182044029236e-02,1.394658070057630539e-02,-2.297315374016761780e-02,3.345604985952377319e-03,-2.141187153756618500e-02,4.480486735701560974e-03,2.317323349416255951e-03,1.965378969907760620e-02,-8.311532437801361084e-03,-3.450565040111541748e-03,-2.212035283446311951e-02,-5.267688073217868805e-03,-2.761764219030737877e-03,-1.448450144380331039e-02,-1.248369831591844559e-02,1.514050271362066269e-02,2.668611891567707062e-02,-6.068008951842784882e-03,-2.651556022465229034e-02,-4.757319018244743347e-02,3.050404600799083710e-03,6.999530363827943802e-03,-1.416962128132581711e-02,2.020483091473579407e-02,-2.264515310525894165e-02,1.407778076827526093e-02,5.215207580476999283e-03,2.330115437507629395e-02,-1.184737775474786758e-02,4.801927134394645691e-03,-9.794094599783420563e-03,-2.663363888859748840e-02,3.124204697087407112e-03,-3.227524831891059875e-02,-2.164803259074687958e-02,-1.180801726877689362e-02,-6.914250086992979050e-03,-1.386786065995693207e-02,-1.090273633599281311e-02,2.540035732090473175e-02,2.163163153454661369e-03,-4.792907275259494781e-04,-2.251395396888256073e-02,1.177521795034408569e-02,-1.189329754561185837e-02,2.318963408470153809e-03,-6.763370241969823837e-03,1.907650940120220184e-02,-3.175044804811477661e-02,-3.009732440114021301e-02,-7.334090769290924072e-03,1.493058260530233383e-02,1.310033909976482391e-02,-3.217028826475143433e-02,-4.454246722161769867e-03,7.530891336500644684e-03,1.843362697400152683e-03,-1.927002915181219578e-03,2.949380315840244293e-02,-1.667816936969757080e-01,7.872011512517929077e-03,3.146180510520935059e-02,-4.562486894428730011e-03,3.198660910129547119e-02,-3.340685041621327400e-03,2.273699454963207245e-02,5.106967408210039139e-03,-8.147532120347023010e-03,1.889282837510108948e-02,1.127665676176548004e-02,-3.991765901446342468e-03,-7.839211262762546539e-03,5.303767975419759750e-03,-7.990911835804581642e-04,6.133608985692262650e-03,-3.652613610029220581e-02,2.705348096787929535e-02,3.710341453552246094e-02,8.357452228665351868e-03,3.365284996107220650e-03,5.841688718646764755e-03,-3.161924658343195915e-03,-1.515362225472927094e-02,3.699845634400844574e-03,2.663363888859748840e-02,5.182407796382904053e-03,1.157841738313436508e-02,-1.733154617249965668e-02,6.517369765788316727e-03,-2.836548164486885071e-02,3.432197123765945435e-02,2.630564011633396149e-02,8.468972519040107727e-03,-6.199209019541740417e-03,-2.173987217247486115e-02,-2.053283154964447021e-02,-2.656804025173187256e-02,1.899122842587530613e-03,2.933636307716369629e-02,2.191043272614479065e-02,1.312658004462718964e-02,2.679764060303568840e-03,1.580962352454662323e-02,-9.826894849538803101e-03,2.316995523869991302e-02,-1.257061841897666454e-03,-1.873538829386234283e-02,6.569849792867898941e-03,-4.893767461180686951e-02,4.477206675801426172e-04,-2.061155065894126892e-02,1.334961969405412674e-02,-2.635483862832188606e-03,-1.114545669406652451e-02,2.626627869904041290e-02,-2.669923938810825348e-02,-1.794818602502346039e-02,-8.062251843512058258e-03,-2.631875872611999512e-02,-1.282481942325830460e-02,-1.789570599794387817e-02,1.399906072765588760e-02,-1.788258738815784454e-02,-3.058604663237929344e-03,1.205073762685060501e-02,-2.425891533493995667e-02,-5.325907841324806213e-04,-1.843362674117088318e-02,1.583586446940898895e-02,1.258209906518459320e-02,-3.030724450945854187e-02,9.544814005494117737e-03,-2.382595464587211609e-02,8.291852660477161407e-03,-4.444406833499670029e-03,-1.544226333498954773e-02,2.765700034797191620e-02,5.808888468891382217e-03,6.940490566194057465e-03,-1.305441930890083313e-02,4.103942215442657471e-02,8.468972519040107727e-03,7.084810640662908554e-04,7.819531485438346863e-03,2.850324148312211037e-03,1.821058802306652069e-02,1.843362674117088318e-02,1.298061921261250973e-03,-6.051608826965093613e-03,-2.684684004634618759e-03,-5.179127678275108337e-03,-8.508333005011081696e-03,-1.319873984903097153e-02,3.518789261579513550e-02,1.337585970759391785e-02,-7.845771498978137970e-03,4.739607102237641811e-04,-1.892562839202582836e-03,-4.595286678522825241e-03,3.127484582364559174e-03,-2.251395396888256073e-02,-1.415650080889463425e-02,2.705348096787929535e-02,4.054085910320281982e-02,-5.546488333493471146e-03,-5.303767975419759750e-03,1.779074594378471375e-02,2.828676253557205200e-02,-2.462627738714218140e-02,-3.040564479306340218e-03,3.247204935178160667e-03,-2.432123525068163872e-03,1.145377755165100098e-02,2.603011950850486755e-02,3.093700669705867767e-02,-8.901933208107948303e-03,2.099203120451420546e-04,2.549219876527786255e-02,4.924107342958450317e-04,1.810562610626220703e-02,1.254929881542921066e-02,-2.208099327981472015e-02,1.428770087659358978e-02,-3.379717096686363220e-02,-1.554722338914871216e-02,-1.133569702506065369e-01,-1.819746755063533783e-02,-4.490326624363660812e-03,2.578083798289299011e-02,1.612450368702411652e-02,6.432089488953351974e-03,8.829773403704166412e-03,-6.687929853796958923e-03,-2.603503817226737738e-04,-2.614163793623447418e-03,-1.694122562184929848e-03,-7.786731701344251633e-03,-3.537157177925109863e-02,1.103393640369176865e-02,1.598018407821655273e-02,-2.491491660475730896e-02,-5.858088843524456024e-03,-1.865666732192039490e-02,3.212764859199523926e-03,1.685922592878341675e-02,-2.036227099597454071e-02,5.887608975172042847e-03,2.067715115845203400e-02,-7.544011343270540237e-03,-6.025368813425302505e-03,-5.221767816692590714e-03,-3.398085013031959534e-02,1.093553658574819565e-02,2.037538960576057434e-02,1.599330455064773560e-02,-2.585955895483493805e-02,-1.210977789014577866e-02,-8.482092991471290588e-03,2.968404442071914673e-03,-2.002114988863468170e-02,-1.827618665993213654e-02,-6.208393350243568420e-02,-1.409090124070644379e-02,-1.725282520055770874e-02,-2.479683607816696167e-02,1.339554041624069214e-02,1.170961745083332062e-02,3.140932694077491760e-02,-1.945698820054531097e-02,2.923140302300453186e-02,-2.260579355061054230e-02,-5.900728981941938400e-03,2.886404283344745636e-02,2.847044169902801514e-02,-1.666242443025112152e-02,-2.554467879235744476e-02,-4.122965969145298004e-03,-2.547907829284667969e-02,-2.299939468502998352e-02,1.357922051101922989e-02,-1.140785682946443558e-02,1.014833524823188782e-02,-8.114731870591640472e-03,-7.320970762521028519e-03,-3.509605303406715393e-03,4.513286519795656204e-03,6.999530363827943802e-03,-1.270017866045236588e-02,2.042786963284015656e-02,1.748898625373840332e-02,-4.877367056906223297e-03,-8.639533072710037231e-03,-1.635902444832026958e-03,2.336675487458705902e-02,-8.044212008826434612e-04,-1.813186705112457275e-02,8.744493126869201660e-03,-1.045009586960077286e-02,1.139473728835582733e-02,-1.016801502555608749e-02,-2.553155831992626190e-02,-1.489122211933135986e-02,-2.031963085755705833e-03,2.032290957868099213e-02,-3.618501499295234680e-02,-2.374723553657531738e-02,-2.156931161880493164e-02,1.864354871213436127e-02,-6.674809847027063370e-03,2.791940234601497650e-02,7.852331735193729401e-03,1.003025472164154053e-02,5.310327745974063873e-03,3.199644852429628372e-03,-1.267721876502037048e-03,5.546488333493471146e-03,9.689134545624256134e-03,3.209156915545463562e-02,-9.098733775317668915e-03,-1.611138321459293365e-02,2.120195142924785614e-02,-2.393091656267642975e-02,-2.011298947036266327e-02,2.854916267096996307e-02,1.523234229534864426e-02,-1.868290826678276062e-02,1.454682205803692341e-03,-5.106311663985252380e-02,2.886404283344745636e-02,-8.108172565698623657e-03,-6.343529559671878815e-03,-1.895842840895056725e-03,8.711692877113819122e-03,1.050257589668035507e-02,7.603051140904426575e-03,-2.654179930686950684e-02,2.200883347541093826e-03,-1.594082452356815338e-02,3.492549061775207520e-02,1.431394182145595551e-02,-1.466818153858184814e-02,-9.885935112833976746e-03,-1.452386192977428436e-02,4.024566151201725006e-03,8.718253113329410553e-03,1.881410740315914154e-02,1.817122660577297211e-02,6.396009586751461029e-03,3.847445826977491379e-03,-1.586210355162620544e-02,1.402202062308788300e-03,-1.149969734251499176e-02,-5.248007830232381821e-03,-5.002007354050874710e-03,-2.261563437059521675e-03,-2.870004391297698021e-03,-9.958094917237758636e-03,7.170090917497873306e-03,-1.470754202455282211e-02,7.176650688052177429e-03,2.145123109221458435e-02,-1.231969799846410751e-02,-3.041220456361770630e-02,-7.012650370597839355e-03,2.034915052354335785e-02,2.844420261681079865e-02,1.179489772766828537e-02,-1.672802492976188660e-02,-2.267139405012130737e-02,1.878786832094192505e-02,6.732210167683660984e-04,-1.912898942828178406e-02,3.417765023186802864e-03,6.202489137649536133e-03,1.516674272716045380e-02,3.379717096686363220e-02,2.139875106513500214e-02,2.826052159070968628e-02,2.450819686055183411e-02,1.274609938263893127e-02,1.308065932244062424e-02,1.045665517449378967e-02,-1.861730776727199554e-02,1.692482503131031990e-03,-2.760452032089233398e-02,2.807684242725372314e-03,-4.067206010222434998e-02,3.337733075022697449e-02,1.880098879337310791e-02,6.999530363827943802e-03,-1.447138190269470215e-02,-1.865502781583927572e-05,-6.789610255509614944e-03,7.904811762273311615e-03,-2.400963567197322845e-03,-1.283793896436691284e-02,3.280004952102899551e-03,5.100407637655735016e-03,4.624806810170412064e-03,2.760124159976840019e-03,2.697475999593734741e-02,1.998179033398628235e-02,-6.563290022313594818e-03,-6.868330296128988266e-03,1.524546276777982712e-02,-1.338241994380950928e-02,1.588834449648857117e-02,1.881410740315914154e-02,3.114364575594663620e-03,-2.238275296986103058e-02,1.840738765895366669e-02,2.755204029381275177e-02,2.831300161778926849e-02,-1.188017800450325012e-02,1.110609620809555054e-02,-2.104123122990131378e-03,-6.141809280961751938e-04,-1.695762504823505878e-03,1.874850876629352570e-02,1.649186387658119202e-02,-1.161777693778276443e-02,-2.952004317194223404e-03,5.717048421502113342e-03,-9.735054336488246918e-03,9.400494396686553955e-03,1.182113774120807648e-02,2.617443911731243134e-02,-8.600172586739063263e-03,5.894168745726346970e-03,2.000802895054221153e-03,-2.288131415843963623e-02,6.550169549882411957e-03,1.363170053809881210e-02,-1.122417673468589783e-02,-1.716098561882972717e-02,-2.920516394078731537e-02,1.674114540219306946e-02,1.353986002504825592e-02,1.227377820760011673e-02,7.432491052895784378e-03,1.812202739529311657e-03,-2.152995206415653229e-02,-4.506726749241352081e-03,-6.150009110569953918e-03,-2.665003994479775429e-03,-1.188017800450325012e-02,4.022597894072532654e-02,1.524546276777982712e-02,1.098801661282777786e-02,-3.603905497584491968e-04,-1.444514188915491104e-02,4.143302142620086670e-02,-2.306499518454074860e-02,1.371042057871818542e-02,-2.471811696887016296e-02,4.762567114084959030e-03,-2.397683681920170784e-03,2.519043860957026482e-03,-2.868364332243800163e-03,-2.959876507520675659e-02,-2.482307702302932739e-02,-4.165606107562780380e-03,1.897154748439788818e-02,3.286564955487847328e-03,3.130436688661575317e-02,-8.737932890653610229e-03,4.271878302097320557e-02,8.429612964391708374e-03,-2.415395528078079224e-02,5.711308331228792667e-04,2.340611442923545837e-02,3.243269026279449463e-02,-1.864354871213436127e-02,-6.553449667990207672e-03,-1.067313551902770996e-02,-1.537666283547878265e-02,1.939138956367969513e-02,-2.486243611201643944e-03,8.423052728176116943e-03,-1.157841738313436508e-02,-3.500421345233917236e-02,1.586702419444918633e-03,-6.186909158714115620e-04,-1.173421740531921387e-03,-3.046304627787321806e-04,5.467768292874097824e-03,3.621125221252441406e-02,-2.715844102203845978e-02,4.890487529337406158e-03,-1.207697764039039612e-02,-2.191043272614479065e-02,-2.193667367100715637e-02,1.668866537511348724e-02,-1.453698147088289261e-02,7.137290667742490768e-03,-4.757319018244743347e-02,4.776507194037549198e-05,1.422210130840539932e-02,-5.805608816444873810e-03,-2.386203501373529434e-03,1.398594118654727936e-02,2.842124318704009056e-03,-3.516165306791663170e-03,-1.227951870532706380e-04,1.401218120008707047e-02,2.033603005111217499e-02,-2.183171175420284271e-02,-2.112323185428977013e-03,-1.090929657220840454e-02,2.309123519808053970e-03,2.618755958974361420e-02,-2.888044342398643494e-03,1.464194152504205704e-02,1.008273474872112274e-02,-2.322243526577949524e-03
-5.750738549977540970e-03,-2.978402003645896912e-02,-8.677130565047264099e-03,-3.393824677914381027e-03,-1.017818227410316467e-02,3.336547687649726868e-02,-5.322149023413658142e-02,-6.669145077466964722e-03,-2.031686343252658844e-02,1.734356337692588568e-04,-5.995153333060443401e-04,1.765710487961769104e-02,-1.194257568567991257e-02,-6.162211298942565918e-03,1.448382902890443802e-02,1.911865547299385071e-02,1.148172654211521149e-02,-2.412215992808341980e-02,2.533024176955223083e-03,-1.603754982352256775e-02,5.849491804838180542e-03,1.097479276359081268e-02,-1.668109209276735783e-03,-1.102087739855051041e-02,-9.506658650934696198e-03,-6.208295933902263641e-03,2.904666215181350708e-02,-1.535285916179418564e-02,3.436617553234100342e-02,-2.503809810150414705e-04,1.948733464814722538e-03,-1.688024401664733887e-02,9.809503098949790001e-04,-1.067853253334760666e-02,-7.722514681518077850e-03,-1.035593822598457336e-02,8.861470036208629608e-03,-1.670907251536846161e-02,3.734194487333297729e-02,8.420371450483798981e-03,2.077771164476871490e-02,1.104721147567033768e-02,-3.522204002365469933e-03,1.636672765016555786e-02,-1.088920608162879944e-02,2.896765945479273796e-03,-2.273961156606674194e-02,-1.454966515302658081e-02,-1.497101318091154099e-02,4.272729624062776566e-03,1.689341105520725250e-02,1.821012422442436218e-02,-2.923100069165229797e-02,1.038227230310440063e-02,-2.156773954629898071e-02,2.113322354853153229e-02,-2.204175479710102081e-02,1.121180038899183273e-02,-1.142247486859560013e-02,-2.851997688412666321e-02,5.243804771453142166e-03,1.736742816865444183e-02,-1.947416737675666809e-02,1.944783329963684082e-02,-6.501264404505491257e-03,1.054398089763708413e-04,-2.420116215944290161e-02,1.919765770435333252e-02,-2.941204933449625969e-03,-1.479983981698751450e-02,3.252277895808219910e-02,2.873065136373043060e-02,-3.611081978306174278e-03,1.847346685826778412e-02,1.632722653448581696e-02,-2.788795530796051025e-02,-2.422749763354659081e-03,-4.855374805629253387e-03,3.143649315461516380e-03,6.211587693542242050e-03,-1.847511157393455505e-04,-1.042177341878414154e-02,4.723703488707542419e-03,-2.631366078276187181e-04,-1.275893673300743103e-02,1.445749495178461075e-02,-2.250260487198829651e-02,2.883598767220973969e-02,9.625162929296493530e-03,-3.565655648708343506e-02,3.062671609222888947e-02,-3.010003082454204559e-02,2.010618895292282104e-02,1.590587757527828217e-02,-1.531335804611444473e-02,-1.823645830154418945e-02,-3.326014056801795959e-02,1.628772541880607605e-02,8.097777143120765686e-03,-1.955316960811614990e-02,-1.939516514539718628e-02,6.521014962345361710e-03,7.992440834641456604e-03,-7.268249057233333588e-03,-1.208741404116153717e-02,-6.478222087025642395e-03,-8.275533095002174377e-03,1.056002825498580933e-02,1.368063502013683319e-02,-1.383370254188776016e-03,1.819695718586444855e-02,3.297046199440956116e-02,1.350946258753538132e-02,-4.152908921241760254e-02,-2.322761865798383951e-04,-2.287128381431102753e-02,-1.819695718586444855e-02,1.183723844587802887e-02,-2.870431728661060333e-02,-6.702062673866748810e-03,1.084312144666910172e-02,8.749549277126789093e-03,-7.612240151502192020e-04,-5.029838904738426208e-02,-1.382547337561845779e-02,2.158090658485889435e-02,-1.256636809557676315e-03,-1.706458441913127899e-02,-2.873065136373043060e-02,-2.126489579677581787e-02,4.026504606008529663e-02,8.321618661284446716e-03,2.158090658485889435e-02,-1.551086455583572388e-02,-1.874668407253921032e-03,2.514919452369213104e-02,-1.718308776617050171e-02,-1.237709075212478638e-02,-1.125119865719170775e-06,-1.593221165239810944e-02,1.111963111907243729e-02,8.525708690285682678e-03,-4.052180331200361252e-03,-7.320917211472988129e-03,1.077070180326700211e-02,1.291694212704896927e-02,2.579438313841819763e-02,3.347081318497657776e-02,-1.140930783003568649e-02,-1.162821077741682529e-03,1.965192379429936409e-03,-7.630344480276107788e-03,3.473485633730888367e-02,3.244048682972788811e-03,1.732792705297470093e-02,-9.388155303895473480e-03,-2.005352079868316650e-02,1.939516514539718628e-02,6.119417957961559296e-03,-1.374647114425897598e-02,-1.228656619787216187e-03,-1.684074290096759796e-02,-3.041604068130254745e-03,-7.880520075559616089e-03,7.180193788371980190e-04,3.576189279556274414e-02,-9.500075131654739380e-03,-1.950050145387649536e-02,1.408881624229252338e-03,2.220305148512125015e-03,1.897381618618965149e-02,1.993501558899879456e-02,-2.171257697045803070e-02,1.412831712514162064e-02,-1.019134931266307831e-02,3.207509964704513550e-02,5.800115410238504410e-03,1.807845197618007660e-02,-3.557755053043365479e-02,1.257459726184606552e-02,-3.318113833665847778e-02,2.275277860462665558e-02,2.857264503836631775e-02,2.135706506669521332e-02,-1.856563612818717957e-02,-9.888505563139915466e-03,2.268694341182708740e-02,-1.376786734908819199e-03,3.607790218666195869e-03,-1.200182735919952393e-02,3.797396644949913025e-02,4.055472090840339661e-03,1.631405949592590332e-02,7.064158562570810318e-03,-6.320216655731201172e-01,-4.315522965043783188e-03,-8.552042767405509949e-03,-2.089621499180793762e-02,2.298978716135025024e-02,1.874997466802597046e-02,8.012191392481327057e-03,4.572281613945960999e-03,-3.204876556992530823e-02,-5.681611131876707077e-03,-1.323953643441200256e-02,1.267335098236799240e-02,4.312231205403804779e-03,-3.555121645331382751e-02,-4.114724230021238327e-03,-2.522819675505161285e-02,-2.736127004027366638e-02,-2.453033998608589172e-02,-1.880264468491077423e-02,-1.357529871165752411e-02,-1.790728047490119934e-02,1.838129572570323944e-02,5.497271660715341568e-03,-1.040202286094427109e-02,1.781510934233665466e-02,1.618238724768161774e-02,9.453990496695041656e-03,-8.617878891527652740e-03,-2.409582585096359253e-02,-1.418098527938127518e-02,-3.657825291156768799e-02,4.420859739184379578e-03,-1.219604280777275562e-03,7.920021191239356995e-03,4.013337567448616028e-02,-1.529031549580395222e-03,-2.326629683375358582e-02,6.557224784046411514e-03,-5.757322069257497787e-03,3.523520752787590027e-02,-1.360163278877735138e-02,-1.598981907591223717e-03,2.014569006860256195e-02,-5.645401775836944580e-03,-1.019628718495368958e-03,2.090938203036785126e-02,2.345392946153879166e-03,-7.162911817431449890e-03,1.728842593729496002e-02,-4.861958324909210205e-03,6.359717808663845062e-03,-1.299594528973102570e-02,-9.751896723173558712e-04,2.054070308804512024e-02,9.750250726938247681e-03,1.270626857876777649e-02,2.221292816102504730e-02,-1.400981284677982330e-02,-6.912736687809228897e-03,-7.847602479159832001e-03,-1.652473211288452148e-02,2.647907286882400513e-02,-9.105062112212181091e-03,1.036910573020577431e-03,-1.404931489378213882e-02,-2.433859335724264383e-04,1.994818262755870819e-02,1.928982697427272797e-02,2.596555650234222412e-02,1.877631060779094696e-02,3.420158755034208298e-03,2.216025814414024353e-02,2.754561044275760651e-02,-1.354896370321512222e-02,3.336547687649726868e-02,8.288700133562088013e-03,-3.954250132665038109e-04,-9.901672601699829102e-03,1.042177341878414154e-02,1.093529164791107178e-02,-6.455179303884506226e-03,-1.103404443711042404e-02,-4.429418221116065979e-02,-1.325270440429449081e-02,1.565570384263992310e-02,-7.663262542337179184e-03,-3.943551797419786453e-03,2.284494927152991295e-03,2.799658337607979774e-03,-4.608490969985723495e-03,-4.565698094666004181e-03,1.749909855425357819e-02,3.400408197194337845e-03,-4.104848951101303101e-03,1.461550034582614899e-02,-3.222652012482285500e-03,-1.322636939585208893e-02,2.421432919800281525e-02,1.580054126679897308e-02,6.800816394388675690e-03,-8.644212968647480011e-03,-3.357614949345588684e-02,2.933633886277675629e-02,-3.907341975718736649e-03,2.202858775854110718e-02,3.175908699631690979e-02,-2.820396609604358673e-02,9.796335361897945404e-03,1.041518989950418472e-02,-4.279313236474990845e-02,1.018476579338312149e-02,1.825291663408279419e-03,-4.118015989661216736e-03,-2.110030502080917358e-03,-8.183363825082778931e-03,-2.213392406702041626e-02,-1.265360042452812195e-02,1.928982697427272797e-02,3.476119134575128555e-03,-3.372016653884202242e-04,1.456283219158649445e-02,2.597872354090213776e-02,1.806528493762016296e-02,-2.554420754313468933e-02,2.770361490547657013e-02,3.397116437554359436e-02,-5.266846856102347374e-04,-3.146941214799880981e-02,-1.350946258753538132e-02,4.522904753684997559e-03,-9.704166091978549957e-03,-3.150232834741473198e-03,1.627455651760101318e-02,-1.785790314897894859e-03,3.668358922004699707e-02,4.094973672181367874e-03,1.727525889873504639e-02,-1.013868022710084915e-02,2.799329161643981934e-02,-3.349714726209640503e-02,8.657380007207393646e-03,7.656679023057222366e-03,7.538174744695425034e-03,-7.755432277917861938e-03,-1.045654280460439622e-04,-1.718308776617050171e-02,-1.140272431075572968e-02,-2.658441103994846344e-02,-4.339881986379623413e-02,-1.789082074537873268e-03,7.057575043290853500e-03,9.750250726938247681e-03,-9.137979708611965179e-03,-2.804595977067947388e-02,5.283305887132883072e-03,-5.493979901075363159e-03,2.757194451987743378e-02,-1.749909855425357819e-02,-6.218171212822198868e-03,-2.902032807469367981e-02,3.905367106199264526e-02,9.078728035092353821e-03,-7.472339086234569550e-03,-1.911865547299385071e-02,4.135297785978764296e-04,4.885000642389059067e-03,-1.019134931266307831e-02,-1.391764357686042786e-02,-2.742052311077713966e-03,-1.965850591659545898e-02,2.206808887422084808e-02,5.760613828897476196e-03,-2.754561044275760651e-02,2.076454460620880127e-02,-5.777073092758655548e-03,3.976469486951828003e-02,-2.661074511706829071e-02,-7.208996918052434921e-03,-1.485250890254974365e-02,2.059337124228477478e-02,3.023499390110373497e-03,1.618238724768161774e-02,-3.534054383635520935e-02,-9.203814901411533356e-03,1.339095830917358398e-02,8.097777143120765686e-03,-1.403614785522222519e-02,6.833733990788459778e-03,4.308939445763826370e-03,1.495784614235162735e-02,-5.049589555710554123e-03,1.749909855425357819e-02,1.182407140731811523e-02,3.406991716474294662e-03,-3.359260968863964081e-03,8.301868103444576263e-03,-4.460361320525407791e-03,2.988935634493827820e-02,-6.741564255207777023e-03,4.102873802185058594e-02,2.137023210525512695e-02,-1.226187800057232380e-03,3.202243149280548096e-02,-1.955316960811614990e-02,2.039586566388607025e-02,-1.909232139587402344e-02,-1.353744301013648510e-03,1.412996323779225349e-03,4.848791286349296570e-03,3.748513699974864721e-04,5.296472925692796707e-03,-5.011405050754547119e-02,-1.755176857113838196e-02,2.081721276044845581e-02,2.026419341564178467e-02,1.993501558899879456e-02,2.931329654529690742e-03,-2.381931617856025696e-02,-6.827150471508502960e-03,2.367447689175605774e-02,6.234630011022090912e-03,-2.152823656797409058e-02,4.842207301408052444e-03,-1.138297282159328461e-02,-3.771062567830085754e-02,1.003334391862154007e-02,1.285769045352935791e-02,-4.680910147726535797e-03,1.575116417370736599e-03,-3.734194487333297729e-02,-1.015184726566076279e-02,-4.197018686681985855e-03,9.988492820411920547e-05,4.626925289630889893e-02,-4.019262734800577164e-03,4.634825512766838074e-03,3.530433459673076868e-04,-1.161998137831687927e-02,4.206893965601921082e-03,-1.944783329963684082e-02,1.042177341878414154e-02,1.822329126298427582e-02,2.902032807469367981e-02,2.118260134011507034e-03,-7.768599316477775574e-03,1.153439469635486603e-02,-1.465664827264845371e-03,-3.178542107343673706e-02,-1.864463835954666138e-02,1.716992072761058807e-02,1.387814246118068695e-02,2.312145940959453583e-02,-3.794763237237930298e-02,3.701194364111870527e-04,1.520802080631256104e-02,-1.424682140350341797e-02,-4.042305052280426025e-03,1.253509614616632462e-02,1.043494045734405518e-02,4.763863235712051392e-02,1.194257568567991257e-02,8.854886516928672791e-03,7.064158562570810318e-03,2.520186267793178558e-02,3.881666436791419983e-02,5.872534587979316711e-03,1.365430094301700592e-02,-7.136577740311622620e-03,-2.279228158295154572e-02,-2.105422131717205048e-02,2.832576166838407516e-03,-1.620872132480144501e-02,8.137278258800506592e-03,1.481300685554742813e-03,1.909232116304337978e-03,4.233228508383035660e-03,-2.029381925240159035e-03,-7.426254451274871826e-03,-3.881007898598909378e-03,2.962601557374000549e-02,-4.216769244521856308e-03,-1.836812868714332581e-02,8.663963526487350464e-03,1.468133646994829178e-02,-1.828912645578384399e-02,-8.821968920528888702e-03,-1.510268356651067734e-02,7.294583134353160858e-03,-1.529031549580395222e-03,-3.433326026424765587e-03,-1.283793989568948746e-02,1.785461232066154480e-02,9.960924275219440460e-03,-5.023255478590726852e-03,-4.911334719508886337e-03,-1.030326914042234421e-02,2.851997688412666321e-02,-1.512901857495307922e-02,5.707945674657821655e-03,-4.753329325467348099e-03,-2.873723395168781281e-03,-2.772994898259639740e-02,-1.208083005622029305e-03,9.098478592932224274e-03,4.605857655405998230e-02,1.514218561351299286e-02,-2.696625702083110809e-02,-1.670907251536846161e-02,-7.702763658016920090e-03,-9.658080525696277618e-03,-1.462866738438606262e-02,-1.260751485824584961e-02,-5.349141545593738556e-03,-2.182449679821729660e-03,-3.719710744917392731e-03,-3.212776780128479004e-02,-2.229193039238452911e-02,2.576804906129837036e-02,-4.740162286907434464e-03,-8.887804113328456879e-03,-1.495784614235162735e-02,-2.295028604567050934e-02,-1.660373620688915253e-02,2.801962569355964661e-02,1.041782349348068237e-01,2.287786686792969704e-03,5.006796680390834808e-03,9.592245332896709442e-03,-7.669846061617136002e-03,2.480684965848922729e-02,1.932274550199508667e-03,-6.020664703100919724e-03,-2.332225674763321877e-03,-2.288445085287094116e-02,-1.493644900619983673e-03,-1.539236027747392654e-02,3.297046199440956116e-02,-1.177798677235841751e-02,1.165948249399662018e-02,1.777560822665691376e-02,-7.044408004730939865e-03,-7.656679023057222366e-03,8.217104477807879448e-04,7.610593922436237335e-03,-3.244048682972788811e-03,-6.158919073641300201e-03,-6.254381034523248672e-03,7.301166653633117676e-03,1.462866738438606262e-02,-1.326587144285440445e-02,1.922399178147315979e-02,2.757194451987743378e-02,1.487884297966957092e-02,-7.847602479159832001e-03,-5.796823650598526001e-03,2.798012457787990570e-03,3.436617786064743996e-03,1.186357345432043076e-02,-1.197549328207969666e-02,4.572281613945960999e-03,1.278527081012725830e-02,8.775884285569190979e-03,6.267548073083162308e-03,-2.346380427479743958e-02,4.940961021929979324e-03,-4.108140710741281509e-03,-4.509737715125083923e-03,-1.653789915144443512e-02,-4.355024080723524094e-03,2.056703716516494751e-02,-9.203814901411533356e-03,2.204175479710102081e-02,-2.925733476877212524e-02,-3.299679607152938843e-02,3.847431764006614685e-02,-1.095504220575094223e-02,-2.902032807469367981e-02,-3.013624111190438271e-03,-2.035636454820632935e-02,1.071803364902734756e-02,-1.394397765398025513e-02,1.736742816865444183e-02,6.369593087583780289e-03,-2.140973322093486786e-02,-1.703825034201145172e-02,-1.520802080631256104e-02,7.979272864758968353e-03,-1.889481395483016968e-02,-1.508951652795076370e-02,-7.077325601130723953e-03,-2.733493596315383911e-02,1.113938167691230774e-02,-2.873065136373043060e-02,3.499161452054977417e-03,-2.775628492236137390e-02,-1.537919323891401291e-02,-1.798628270626068115e-02,-8.209697902202606201e-03,3.665725514292716980e-02,2.751927636563777924e-02,2.530720084905624390e-02,1.835167058743536472e-03,7.920021191239356995e-03,8.920722641050815582e-03,-4.717119969427585602e-03,-5.273430608212947845e-03,-9.737083688378334045e-03,-1.678807474672794342e-02,-1.501051429659128189e-02,1.448382902890443802e-02,-1.622188836336135864e-02,-8.255782537162303925e-03,-1.680124178528785706e-02,2.042549196630716324e-03,9.730500169098377228e-03,-8.538875728845596313e-03,1.674857363104820251e-02,-1.452333107590675354e-02,-4.039013292640447617e-03,5.029838997870683670e-03,2.330579794943332672e-02,-1.778877526521682739e-02,-2.001401968300342560e-02,1.358887675451114774e-04,-6.517723202705383301e-03,4.410984460264444351e-03,-1.922399178147315979e-02,-3.690084675326943398e-03,1.425998844206333160e-02,5.977871362119913101e-03,-1.340412534773349762e-02,8.204760379157960415e-04,-1.928982697427272797e-02,-2.358559984713792801e-03,3.620957210659980774e-02,-2.043536677956581116e-02,-1.149653922766447067e-03,-1.902648434042930603e-02,-2.880306914448738098e-03,3.821097686886787415e-02,3.902816097252070904e-04,-2.643298823386430740e-03,1.890798099339008331e-02,1.009917911142110825e-02,-1.732792705297470093e-02,-3.060038201510906219e-02,2.786162123084068298e-02,-1.398347876965999603e-02,-6.501264404505491257e-03,4.460361320525407791e-03,1.915815658867359161e-02,-2.567587979137897491e-02,1.649839803576469421e-02,-7.904385565780103207e-04,-2.786162123084068298e-02,1.599804870784282684e-02,1.437849272042512894e-02,9.486908093094825745e-03,-3.773695975542068481e-02,-2.060653828084468842e-02,-2.029052749276161194e-02,1.337779127061367035e-02,-9.671247564256191254e-03,-1.271943561732769012e-02,-1.023085042834281921e-02,-2.122539281845092773e-02,-9.770001284778118134e-03,-2.772994898259639740e-02,-7.557925768196582794e-03,-4.042305052280426025e-02,2.949434332549571991e-02,1.011892966926097870e-02,8.565209805965423584e-03,3.204876556992530823e-02,-1.777560822665691376e-02,1.438507577404379845e-03,-1.485250890254974365e-02,2.604455873370170593e-02,-1.965850591659545898e-02,-6.264256313443183899e-03,-5.245779827237129211e-02,-6.573683582246303558e-03,1.634039357304573059e-02,2.517552860081195831e-02,2.854631096124649048e-02,8.097777143120765686e-03,3.178542107343673706e-02,1.828912645578384399e-02,-2.046170085668563843e-02,7.419670931994915009e-03,-1.907586120069026947e-03,-1.868413947522640228e-02,-2.741393819451332092e-02,2.430649846792221069e-02,1.716992072761058807e-02,2.196275256574153900e-02,2.004035376012325287e-02,7.544758263975381851e-03,1.547136344015598297e-02,2.279228158295154572e-02,1.236392371356487274e-02,-1.798628270626068115e-02,-4.536072257906198502e-03,-4.748062789440155029e-02,1.055015251040458679e-03,-2.185741439461708069e-03,-1.036910573020577431e-03,6.175378337502479553e-03,-5.289889406412839890e-03,-2.446450479328632355e-02,3.778962790966033936e-02,-1.279679243452847004e-03,-4.338565282523632050e-03,4.723703488707542419e-03,2.164674177765846252e-02,-3.307579830288887024e-02,3.734194487333297729e-02,-5.734279751777648926e-03,-1.140930783003568649e-02,-8.071443066000938416e-03,4.720411729067564011e-03,8.920722641050815582e-03,-9.644913487136363983e-03,1.752543449401855469e-02,1.843396387994289398e-02,1.640622876584529877e-02,-1.017159875482320786e-02,-1.630089245736598969e-02,-7.485506590455770493e-03,1.587954349815845490e-02,-8.288700133562088013e-03,2.985643921419978142e-03,4.690785892307758331e-03,-6.952238269150257111e-03,8.321618661284446716e-03,-1.993172336369752884e-03,-2.583388425409793854e-02,-3.455051779747009277e-02,2.767728082835674286e-02,3.349385457113385201e-03,-1.425998844206333160e-02,2.225242927670478821e-02,-1.784144528210163116e-02,-1.132372114807367325e-02,-1.515535265207290649e-02,-5.355725064873695374e-03,1.595854572951793671e-02,6.827150471508502960e-03,7.920021191239356995e-03,2.396415360271930695e-02,9.065560065209865570e-03,-2.363497577607631683e-02,4.631533753126859665e-03,5.184552632272243500e-03,2.907052694354206324e-04,5.734279751777648926e-03,-3.087689168751239777e-03,7.011489942669868469e-03,-1.418098527938127518e-02,2.668974734842777252e-02,-9.750250726938247681e-03,-4.015970975160598755e-02,-3.017903305590152740e-02,1.135005522519350052e-02,-1.832862757146358490e-02,4.295772232580929995e-04,-1.749580726027488708e-03,-1.665640436112880707e-02,3.073205240070819855e-02,5.582857877016067505e-03,1.015843171626329422e-02,-2.705842722207307816e-03,-9.111645631492137909e-03,-8.874637074768543243e-03,-1.262726541608572006e-02,8.690297836437821388e-04,-2.521502971649169922e-02,2.146240090951323509e-03,2.375018782913684845e-03,-3.309884108603000641e-03,-2.630131784826517105e-03,-9.263067506253719330e-03,-6.274131592363119125e-03,9.598828852176666260e-03,-3.412916883826255798e-02,3.391849622130393982e-02,4.071931354701519012e-03,3.441966837272047997e-04,1.146197598427534103e-02,1.213349867612123489e-02,-3.033703938126564026e-02,-1.214666571468114853e-02,-1.481300778687000275e-02,2.891498990356922150e-02,-3.102172911167144775e-02,2.638361183926463127e-03,-3.818464279174804688e-02,4.479453340172767639e-02,6.033831741660833359e-03,-7.682190043851733208e-04,-2.702550962567329407e-03,7.913437671959400177e-03,3.331280779093503952e-03,-1.428632251918315887e-02,4.684860631823539734e-02,8.545459248125553131e-03,-5.296472925692796707e-03,1.807186868973076344e-03,-1.656423322856426239e-02,-2.836197055876255035e-02,-1.972434297204017639e-02,-8.894387632608413696e-03,3.160108253359794617e-02,-6.399219390004873276e-03,-1.572153903543949127e-02,2.941534109413623810e-02,-1.168581657111644745e-02,1.602438278496265411e-02,7.762015797197818756e-03,-1.208083052188158035e-02,-1.545819640159606934e-02,4.002803936600685120e-02,-4.168709367513656616e-02,1.461550034582614899e-02,-3.847431764006614685e-02,2.477064030244946480e-03,-3.128506988286972046e-02,-9.480324573814868927e-03,3.699137014336884022e-04,1.211374811828136444e-02,1.568203791975975037e-02,-8.361119776964187622e-03,-1.032960414886474609e-02,3.215410187840461731e-02,1.348312851041555405e-02,3.531420975923538208e-02,4.917918238788843155e-03,-1.146197598427534103e-02,-2.243676781654357910e-02,1.707775145769119263e-02,2.411228371784090996e-03,-6.478222087025642395e-03,-3.457685187458992004e-02,3.628857806324958801e-02,-6.079916376620531082e-03,2.339220809517428279e-04,5.852784030139446259e-03,-3.231210634112358093e-02,4.097606986761093140e-02,-1.598488166928291321e-02,4.697369411587715149e-03,-4.397817421704530716e-03,-1.412831712514162064e-02,-2.017202414572238922e-02,3.221006132662296295e-03,6.998322904109954834e-03,-2.788795530796051025e-02,1.103404443711042404e-02,6.985155865550041199e-03,-5.780364852398633957e-03,4.361607716418802738e-04,-9.473741054534912109e-03,-4.351732321083545685e-03,3.086043288931250572e-04,2.123856171965599060e-02,1.911865547299385071e-02,3.876399621367454529e-02,6.244505755603313446e-03,-8.973390795290470123e-03,5.589441396296024323e-03,-1.108012907207012177e-02,-8.789051324129104614e-03,-4.358315840363502502e-03,-2.347697131335735321e-02,-1.864463835954666138e-02,3.433984145522117615e-02,7.683013100177049637e-03,-3.439250960946083069e-02,-9.091895073652267456e-03,-7.413087412714958191e-03,-4.487353563308715820e-02,-4.100240394473075867e-02,2.537961816415190697e-03,2.321362867951393127e-02,5.875826347619295120e-03,2.064604125916957855e-02,2.999469451606273651e-02,3.091639280319213867e-02,9.677831083536148071e-03,7.641043048352003098e-04,-5.035105720162391663e-02,-1.370696909725666046e-02,1.698558218777179718e-02,-5.092382896691560745e-03,-1.627455651760101318e-02,-4.657867830246686935e-03,-2.749294228851795197e-02,-2.067237533628940582e-02,9.690999053418636322e-03,-3.352348133921623230e-02,1.258118078112602234e-02,7.136577740311622620e-03,3.706543706357479095e-03,7.202413398772478104e-03,-3.984369710087776184e-02,2.165990881621837616e-02,-2.274619648233056068e-03,-8.578376844525337219e-03,-7.768599316477775574e-03,-1.341729331761598587e-02,-8.920722175389528275e-04,-1.896064961329102516e-03,1.365059724776074290e-04,-3.694693371653556824e-02,-1.080362033098936081e-02,2.762461267411708832e-02,-3.176567144691944122e-03,-1.706458441913127899e-02,1.652473211288452148e-02,-1.352262962609529495e-02,-1.373330410569906235e-02,-2.641323767602443695e-02,3.107439726591110229e-02,9.506658650934696198e-03,-1.979017816483974457e-02,-2.416166011244058609e-03,-1.213349867612123489e-02,-1.913182251155376434e-02,1.424517598934471607e-03,2.450400590896606445e-02,-1.947087468579411507e-03,4.101557191461324692e-03,-5.582857877016067505e-03,-4.055472090840339661e-03,3.258861601352691650e-03,-1.030985359102487564e-02,1.801261678338050842e-02,-2.043536677956581116e-02,9.355236776173114777e-03,-1.102746091783046722e-02,-1.454966515302658081e-02,-3.963302448391914368e-02,3.908000513911247253e-02,3.728927671909332275e-02,-1.364113390445709229e-02,-1.714358665049076080e-02,2.384565025568008423e-02,-5.201011430472135544e-03,-3.262153360992670059e-03,6.168794818222522736e-03,-9.335486218333244324e-03,-1.660373620688915253e-02,-2.184424735605716705e-02,4.868541844189167023e-03,-3.258861543145030737e-04,-1.110646408051252365e-02,-1.206766348332166672e-02,1.943466626107692719e-02,-2.185741625726222992e-02,2.200225368142127991e-02,1.829702705144882202e-01,-2.510969340801239014e-02,-1.352262962609529495e-02,2.208125591278076172e-02,-9.993841871619224548e-03,3.956718835979700089e-03,4.703294485807418823e-02,1.828912645578384399e-02,1.273918664082884789e-03,-7.360418792814016342e-03,-1.632722653448581696e-02,-1.549769751727581024e-02,-1.979017816483974457e-02,-7.591666071675717831e-04,1.668273843824863434e-02,-6.536157429218292236e-02,-2.568904682993888855e-02,-1.774927414953708649e-02,-2.198908664286136627e-02,-1.551086455583572388e-02,2.492535300552845001e-02,-1.175165269523859024e-02,-9.862171486020088196e-03,-2.825663425028324127e-02,2.115955762565135956e-02,-1.648523099720478058e-02,-1.221250183880329132e-02,2.946800924837589264e-02,1.610503066331148148e-03,-8.071443066000938416e-03,-1.855246908962726593e-02,-1.453649811446666718e-02,4.937669262290000916e-03,6.900392472743988037e-04,-2.306878939270973206e-02,1.148831006139516830e-02,1.878947764635086060e-02,-1.345021091401576996e-02,3.049833700060844421e-03,1.028351858258247375e-02,1.420732028782367706e-02,-3.713127225637435913e-03,2.653174288570880890e-02,-2.965234965085983276e-02,7.241914514452219009e-03,3.133774176239967346e-02,-9.236733429133892059e-03,-1.473400462418794632e-02,-6.593434140086174011e-03,-7.116827182471752167e-03,-3.689426556229591370e-02,-2.065920829772949219e-02,1.117888279259204865e-02,1.217958424240350723e-02,2.218659268692135811e-03,1.659056916832923889e-02,3.507720306515693665e-02,1.684074290096759796e-02,-1.572153903543949127e-02,-1.307494752109050751e-02,1.736742816865444183e-02,2.069870941340923309e-02,-2.250260487198829651e-02,1.079703681170940399e-02,-1.406412804499268532e-03,3.636758029460906982e-02,-2.129122987389564514e-02,7.834435440599918365e-03,2.417482808232307434e-02,-1.221250183880329132e-02,5.452009500004351139e-04,-1.098137628287076950e-02,-1.386497449129819870e-02,1.802578382194042206e-02,-3.174921264871954918e-03,-2.276265528053045273e-03,6.158919073641300201e-03,1.171215157955884933e-02,1.548453047871589661e-02,3.481385856866836548e-02,-2.965893363580107689e-03,8.970099152065813541e-04,-5.658568814396858215e-03,3.767030138988047838e-04,-1.997451670467853546e-02,7.294583134353160858e-03,1.316711772233247757e-02,8.203114382922649384e-03,-5.514388903975486755e-02,1.379913929849863052e-02,5.925202742218971252e-03,9.789751842617988586e-03,5.921910982578992844e-03,-2.562321163713932037e-02,-1.711725257337093353e-02,2.609722688794136047e-02,-3.696668194606900215e-03,2.788795530796051025e-02,-1.272601913660764694e-02,-4.832332022488117218e-03,-1.344362739473581314e-02,-5.628942977637052536e-03,1.960583776235580444e-02,2.372714690864086151e-02,-2.197591960430145264e-02,-4.351732321083545685e-03,1.398183288984000683e-03,3.821097686886787415e-02,9.480324573814868927e-03,-3.144307807087898254e-02,7.643511984497308731e-03,-2.859897911548614502e-02,7.419670931994915009e-03,3.765795612707734108e-03,1.819695718586444855e-02,-2.954701147973537445e-02,7.715931162238121033e-03,-1.237050723284482956e-02,1.032960414886474609e-02,1.361479982733726501e-02,-8.854886516928672791e-03,-2.080404572188854218e-02,1.019793283194303513e-02,3.549854829907417297e-02,-9.381571784615516663e-03,-1.246267650276422501e-02,-3.007369674742221832e-02,2.067237533628940582e-02,3.538662858773022890e-04,-2.250260487198829651e-02,5.800115410238504410e-03,-2.495168708264827728e-02,1.428632251918315887e-02,8.051692508161067963e-03,2.474101446568965912e-02,-3.884299658238887787e-03,-1.196232624351978302e-02,-7.439421489834785461e-03,-3.257545083761215210e-02,1.067853253334760666e-02,-1.022426690906286240e-02,-1.473400462418794632e-02,-4.335273522883653641e-03,9.710749611258506775e-03,-1.678807474672794342e-02,1.886189565993845463e-03,4.479453340172767639e-02,-1.113938167691230774e-02,7.887103594839572906e-03,-3.157474845647811890e-02,-4.345148918218910694e-04,-5.032307817600667477e-04,-9.559327736496925354e-03,-1.347160781733691692e-03,3.299679607152938843e-02,-2.991569228470325470e-02,-2.317412756383419037e-02,5.711237317882478237e-04,1.236392371356487274e-02,1.046785898506641388e-02,-4.371483251452445984e-02,-6.985155865550041199e-03,2.206808887422084808e-02,-1.598488166928291321e-02,-1.451016403734683990e-02,2.880965359508991241e-02,-1.655896753072738647e-01,1.063244766555726528e-03,1.632722653448581696e-02,1.116571575403213501e-02,1.107354555279016495e-02,-1.425998844206333160e-02,2.628156729042530060e-02,-1.064890646375715733e-03,-4.707244690507650375e-03,1.079703681170940399e-02,2.009302191436290741e-02,2.081721276044845581e-02,-7.360418792814016342e-03,-2.881952794268727303e-03,1.853271853178739548e-03,1.370696909725666046e-02,-4.050205275416374207e-02,2.217342704534530640e-02,1.795994862914085388e-02,3.746045054867863655e-03,1.828912645578384399e-02,6.102959159761667252e-03,3.709835465997457504e-03,-1.852613501250743866e-02,-4.664451349526643753e-03,1.349629554897546768e-02,-1.310128252953290939e-02,1.853930205106735229e-02,-3.112706542015075684e-02,-2.136364812031388283e-03,-1.358846575021743774e-02,2.406949177384376526e-02,4.719094932079315186e-02,-1.435215864330530167e-02,1.797311590053141117e-03,-1.985601335763931274e-02,-1.723575778305530548e-02,-1.922399178147315979e-02,-1.309469807893037796e-02,5.592733155936002731e-03,2.420116215944290161e-02,2.414849400520324707e-02,1.069828309118747711e-02,1.977701112627983093e-02,1.059294585138559341e-02,3.044237568974494934e-02,-9.165548544842749834e-05,-2.686092071235179901e-02,1.590587757527828217e-02,-5.327415838837623596e-02,1.245609298348426819e-02,-2.815129794180393219e-02,-1.189155271276831627e-03,-4.324575129430741072e-04,-6.748148007318377495e-04,2.646590583026409149e-02,-1.044152397662401199e-02,-3.657166846096515656e-03,-9.427656419575214386e-03,-9.361820295453071594e-03,-2.001401968300342560e-02,-1.520802080631256104e-02,2.825663425028324127e-02,-2.886232174932956696e-02,7.472339202649891376e-04,8.479624055325984955e-03,-7.399919908493757248e-03,1.013045082800090313e-03,-2.263427525758743286e-02,3.170641884207725525e-02,-2.590630436316132545e-03,-1.980334520339965820e-02,7.939771749079227448e-03,-1.440482679754495621e-02,2.060653828084468842e-02,-5.576274357736110687e-03,-6.228046491742134094e-03,1.023085042834281921e-02,8.960223756730556488e-03,4.516321234405040741e-03,-2.358230762183666229e-02,3.199609741568565369e-02,-1.163973193615674973e-02,-9.335486218333244324e-03,-1.884214580059051514e-02,1.260751485824584961e-02,1.290994696319103241e-04,6.919320207089185715e-03,-1.056661177426576614e-02,5.819865968078374863e-03,-3.179858904331922531e-03,-2.247627079486846924e-02,-3.960010595619678497e-03,-1.653789915144443512e-02,4.400450736284255981e-02,3.428717330098152161e-02,-6.570391822606325150e-03,7.788349874317646027e-03,1.026376802474260330e-02,4.947544541209936142e-03,4.542655777186155319e-03,-1.320003531873226166e-02,-1.914498955011367798e-02,2.626840025186538696e-02,3.502453118562698364e-02,-2.557712607085704803e-03,-2.416166011244058609e-03,1.839446276426315308e-02,1.709091849625110626e-02,-4.258739645592868328e-04,-1.008601207286119461e-02,-6.840317510068416595e-03,-1.026212237775325775e-03,1.775915035977959633e-03,2.026419341564178467e-02,2.583388425409793854e-02,-1.673540659248828888e-02,-7.834435440599918365e-03,2.424066327512264252e-02,1.383864041417837143e-02,3.892200067639350891e-02,1.223883591592311859e-02,-1.275564543902873993e-03,-3.232527291402220726e-03,-1.273918617516756058e-02,-2.056703716516494751e-02,-1.281950622797012329e-01,-2.255527302622795105e-02,8.933889679610729218e-03,2.671608142554759979e-02,1.872364059090614319e-02,2.409582491964101791e-03,1.481300714658573270e-04,-1.943466626107692719e-02,-1.104721147567033768e-02,3.257545083761215210e-02,-1.489201001822948456e-02,7.004906423389911652e-03,-2.707159332931041718e-02,2.241043373942375183e-02,3.942235186696052551e-02,-2.010618895292282104e-02,-1.710079377517104149e-03,-7.762015797197818756e-03,-1.017982838675379753e-03,1.925032585859298706e-02,-1.200841087847948074e-02,2.261452376842498779e-03,1.031643711030483246e-02,-2.535986900329589844e-02,-2.934621414169669151e-03,7.544758263975381851e-03,-3.286512568593025208e-02,1.803895086050033569e-02,3.526154160499572754e-02,-1.138955634087324142e-02,5.690663820132613182e-04,1.140930783003568649e-02,1.106860814616084099e-03,-8.440122008323669434e-03,-3.476119041442871094e-02,-2.183108031749725342e-02,-4.295113682746887207e-02,-7.833406561985611916e-05,-2.004035376012325287e-02,-1.393081061542034149e-02,8.091193623840808868e-03,1.241000834852457047e-03,1.207424700260162354e-02,-9.144563227891921997e-03,3.010003082454204559e-02,-2.526769973337650299e-02,5.105549935251474380e-03,2.148873545229434967e-02,2.533353492617607117e-02,-2.583388425409793854e-02,-2.799329161643981934e-02,-2.088304795324802399e-02,-2.445133775472640991e-02,-2.516236156225204468e-02,-1.398363309590422432e-07,-9.710749611258506775e-03,3.143649315461516380e-03,-6.168794818222522736e-03,-2.991569228470325470e-02,1.655106619000434875e-02,-8.782467804849147797e-03,7.195829879492521286e-03,-5.362308584153652191e-03,2.572854794561862946e-02,1.986918039619922638e-02,-1.661690324544906616e-02,-6.991739384829998016e-03,-2.899399399757385254e-02,1.919765770435333252e-02,-1.761760376393795013e-02,-6.066749338060617447e-03,2.111676381900906563e-03,-1.545819640159606934e-02,2.657124400138854980e-02,-2.439866960048675537e-02,-1.476033870130777359e-02,-2.665024623274803162e-02,1.306178048253059387e-02,1.640622876584529877e-02,-3.821097686886787415e-02,-2.105422131717205048e-02,-1.660373620688915253e-02,3.512987121939659119e-02,4.931085743010044098e-03,1.454966515302658081e-02,-1.111963111907243729e-02,1.217300072312355042e-02,-6.692187394946813583e-03,-6.632935721427202225e-03,8.097777143120765686e-03,1.300252880901098251e-02,2.751927589997649193e-03,2.383248321712017059e-02,5.655277054756879807e-03,-7.985857315361499786e-03,1.444432791322469711e-02,-2.010618895292282104e-02,-1.122496742755174637e-02,7.985857315361499786e-03,2.654490992426872253e-02,-1.001359336078166962e-02,3.076167777180671692e-03,-5.477520823478698730e-02,3.844798356294631958e-02,-2.147556841373443604e-02,-1.828912645578384399e-02,1.674857363104820251e-02,-2.335846610367298126e-02,1.682757586240768433e-02,-1.113938167691230774e-02,-1.869730651378631592e-02,1.652473211288452148e-02,-1.218616776168346405e-02,3.312846645712852478e-02,1.789411343634128571e-02,-4.667743109166622162e-03,-1.790728047490119934e-02,-1.177140325307846069e-02,-7.380169350653886795e-03,1.838129572570323944e-02,-5.966350436210632324e-04,3.094272688031196594e-02,1.056002825498580933e-02,4.575573373585939407e-03,-1.769660599529743195e-02,4.743454046547412872e-03,-1.449699699878692627e-02,8.328202180564403534e-03,-4.180559888482093811e-03,1.030326914042234421e-02,1.443445333279669285e-03,-8.677130565047264099e-03,1.060611288994550705e-02,-2.986302226781845093e-02,4.098265431821346283e-03,4.496570676565170288e-03,3.788838163018226624e-03,-2.666341327130794525e-02,8.789051324129104614e-03,2.491876948624849319e-03,7.340668234974145889e-03,9.105062112212181091e-03,-1.205449644476175308e-02,-2.546520531177520752e-02,2.208125591278076172e-02,-2.006339607760310173e-03,-2.517552860081195831e-02,9.467157535254955292e-03,-5.168093834072351456e-03,2.079087868332862854e-02,2.622889913618564606e-02,1.247584354132413864e-02,2.870431728661060333e-02,2.492535300552845001e-02,1.073120068758726120e-02,8.334785699844360352e-03,-5.421560723334550858e-03,-3.607790172100067139e-02,3.225943818688392639e-02,-2.347697131335735321e-02,7.149744778871536255e-03,-2.691358886659145355e-02,3.699960187077522278e-02,2.535986900329589844e-02,1.327245496213436127e-02,-5.194427911192178726e-03,-2.050778595730662346e-03,2.434270922094583511e-03,-3.316467860713601112e-03,1.281818933784961700e-02,9.258129866793751717e-04,-2.067237533628940582e-02,2.972476882860064507e-03,1.253509614616632462e-02,7.577676326036453247e-03,1.988234743475914001e-02,2.151506952941417694e-02,-1.506318245083093643e-02,-2.014569006860256195e-02,7.597426883876323700e-03,-1.289060804992914200e-02,-2.883598674088716507e-03,8.282116614282131195e-03,4.147642292082309723e-03,-2.542570419609546661e-02,2.144923433661460876e-02,8.736382238566875458e-03,2.169940993189811707e-02,6.405802909284830093e-03,-1.212033163756132126e-02,-1.352098421193659306e-03,-6.609892938286066055e-03,-4.285896662622690201e-03,3.950135409832000732e-02,2.380614914000034332e-02,-1.539236027747392654e-02,-3.495869692414999008e-03,9.855587966740131378e-03,3.450196236371994019e-04,-4.509737715125083923e-03,1.280502229928970337e-02,4.179242998361587524e-02,-3.448138886597007513e-04,-3.660458605736494064e-03,3.713127225637435913e-03,-2.313462644815444946e-02,3.804062725976109505e-04,7.715931162238121033e-03,-2.596555650234222412e-02,-1.798628270626068115e-02,-1.690657995641231537e-02,1.605071686208248138e-02,-4.384650383144617081e-03,1.574787311255931854e-02,-1.640952075831592083e-03,-4.137766547501087189e-03,-1.075095124542713165e-02,1.373330410569906235e-02,-1.975067658349871635e-03,-1.054686121642589569e-02,-1.295644417405128479e-02,3.441884741187095642e-02,2.130439691245555878e-02,1.786777935922145844e-02,2.784845419228076935e-03,-2.434600144624710083e-02,2.484635077416896820e-02,-4.302355926483869553e-03,-3.043250180780887604e-03,-1.931616105139255524e-02,1.138297282159328461e-02,-1.012551318854093552e-02,-9.085311554372310638e-03,-2.126489579677581787e-02,-2.809862978756427765e-02,-2.143606729805469513e-02,-1.370696909725666046e-02,-2.128135412931442261e-03,7.887103594839572906e-03,1.203474588692188263e-02,-1.512901857495307922e-02,4.221377894282341003e-02,3.021853510290384293e-03,-1.889481395483016968e-02,1.651156507432460785e-02,1.179773733019828796e-02,2.485951781272888184e-02,-8.486207574605941772e-03,4.460361320525407791e-03,-1.919765770435333252e-02,-9.151146747171878815e-03,1.468133646994829178e-02,1.247584354132413864e-02,2.094888500869274139e-02,-3.713127225637435913e-03,-3.952768817543983459e-02,5.126946489326655865e-04,2.738760551437735558e-03,-4.259562585502862930e-03,-1.113444333896040916e-03,1.794678159058094025e-02,3.992269933223724365e-02,-2.780895307660102844e-02,2.558371052145957947e-02,-7.696180138736963272e-03,-3.423450514674186707e-02,-1.472083758562803268e-02,2.553104050457477570e-02,1.861501252278685570e-03,2.283178269863128662e-02,-4.066006094217300415e-02,2.839159686118364334e-03,2.555737458169460297e-02,-1.098795980215072632e-02,-2.885244553908705711e-03,1.395714469254016876e-02,-7.057575043290853500e-03,-5.148342810571193695e-03,1.841750578023493290e-03,-7.103660143911838531e-03,1.008601207286119461e-02,-1.088920608162879944e-02,-1.037568878382444382e-02,-1.436532568186521530e-02,-8.361119776964187622e-03,4.271413013339042664e-02,5.869242828339338303e-03,-9.295985102653503418e-03,1.701191626489162445e-02,-1.093529164791107178e-02
-4.001056309789419174e-03,-2.248454280197620392e-02,-2.855349739547818899e-04,5.519682541489601135e-03,-9.676089510321617126e-03,4.532417282462120056e-02,-4.479154199361801147e-02,-1.159101631492376328e-02,-2.497014403343200684e-02,-4.574900493025779724e-03,8.217700757086277008e-03,1.065257564187049866e-02,6.575428880751132965e-03,-8.661557920277118683e-03,1.761479489505290985e-02,2.196459472179412842e-02,2.452628687024116516e-02,-1.892100274562835693e-02,2.394293062388896942e-02,6.334477569907903671e-03,-1.414795115124434233e-04,1.448084483854472637e-03,2.514768578112125397e-02,-2.474504522979259491e-03,-7.127080112695693970e-03,-1.268797833472490311e-02,1.537014450877904892e-02,-3.178018331527709961e-02,2.190118655562400818e-02,-1.968190073966979980e-02,2.496697241440415382e-03,1.230752933770418167e-02,-1.041796524077653885e-02,-3.347952291369438171e-02,-2.437410689890384674e-02,-1.386102940887212753e-02,1.651783240959048271e-03,-9.898018091917037964e-03,2.620026282966136932e-02,6.829061545431613922e-03,-1.295429281890392303e-02,1.516723819077014923e-02,-6.001584697514772415e-03,2.020184881985187531e-02,-3.268691943958401680e-03,-3.238573204725980759e-03,-1.758943125605583191e-02,-1.016433257609605789e-02,-2.929458161816000938e-03,2.153342030942440033e-02,2.762060612440109253e-02,1.198414713144302368e-02,-2.155878394842147827e-02,1.299075200222432613e-03,-2.711334079504013062e-02,-1.280211284756660461e-02,-1.965653710067272186e-02,1.731043495237827301e-02,-1.299867779016494751e-02,-2.871122583746910095e-02,1.498969551175832748e-02,1.425416022539138794e-02,-1.553500536829233170e-03,9.143460541963577271e-03,-7.215851452201604843e-03,8.409510483033955097e-04,-3.543249517679214478e-02,4.983883351087570190e-03,-8.642535656690597534e-03,-2.245917916297912598e-02,3.652311488986015320e-02,3.023302368819713593e-02,2.464993158355355263e-03,-1.273236330598592758e-02,1.369616854935884476e-02,-3.183091059327125549e-02,-7.761161774396896362e-03,1.601690798997879028e-02,-1.310013141483068466e-02,5.332628265023231506e-03,1.943460898473858833e-03,-1.526869088411331177e-02,-5.472126416862010956e-03,-2.615587785840034485e-03,1.473606284707784653e-02,2.670752815902233124e-02,-4.644649568945169449e-03,1.241532247513532639e-02,-7.564596366137266159e-03,-3.715719655156135559e-02,3.218599408864974976e-02,-1.561426557600498199e-03,9.955084882676601410e-03,2.510964125394821167e-02,-2.425997145473957062e-02,-4.958520177751779556e-03,-2.807714417576789856e-02,1.690462231636047363e-02,1.135006546974182129e-02,-3.261717036366462708e-02,1.173051423393189907e-03,2.665125357452780008e-04,-2.665680088102817535e-02,-3.015059279277920723e-03,-2.041743509471416473e-02,-1.065891608595848083e-02,-3.157727792859077454e-02,4.379127931315451860e-04,1.876882277429103851e-02,-1.755138672888278961e-02,5.294583737850189209e-03,3.043592907488346100e-02,1.545891538262367249e-02,-3.555931150913238525e-02,1.564913988113403320e-02,-2.916776575148105621e-02,-2.612417191267013550e-02,-1.263091061264276505e-02,-1.587740890681743622e-02,-1.373421307653188705e-02,1.192707940936088562e-02,1.067159790545701981e-02,1.323962956666946411e-02,-2.384147793054580688e-02,-1.365812309086322784e-02,-1.566182239912450314e-03,-1.984676159918308258e-02,-1.854055374860763550e-02,-2.881268039345741272e-02,1.411624718457460403e-03,4.040369763970375061e-02,3.023302368819713593e-02,1.947899535298347473e-02,-2.924385480582714081e-02,5.830382928252220154e-03,9.802905842661857605e-03,-4.451254848390817642e-03,-5.976221524178981781e-03,-3.509643021970987320e-03,-2.637780457735061646e-02,9.175164625048637390e-03,1.495165005326271057e-02,2.039207331836223602e-02,-5.598942749202251434e-03,2.736697345972061157e-02,1.414002571254968643e-02,1.424147840589284897e-02,2.315666899085044861e-02,7.659709081053733826e-03,-1.388639304786920547e-02,1.635931245982646942e-02,-3.500131890177726746e-03,2.975112013518810272e-02,-1.699339412152767181e-02,-1.100132055580615997e-02,1.076671015471220016e-02,-1.819814927875995636e-02,2.226895466446876526e-02,6.347159389406442642e-03,3.033685497939586639e-04,1.906049996614456177e-02,-1.547159720212221146e-02,-2.803830720949918032e-04,2.606076421216130257e-03,-2.861294429749250412e-03,4.222985357046127319e-02,1.378493942320346832e-02,-1.002483442425727844e-02,-2.281426452100276947e-02,8.813737891614437103e-03,2.891413308680057526e-02,2.441215142607688904e-02,-4.537489637732505798e-02,1.355667039752006531e-02,-1.237727794796228409e-02,1.029748935252428055e-02,4.945838358253240585e-03,1.594081707298755646e-02,-1.248507201671600342e-02,3.599048778414726257e-02,-2.805178239941596985e-02,2.188850566744804382e-02,2.529986575245857239e-02,3.535640612244606018e-02,-8.984940126538276672e-03,-4.210303537547588348e-03,2.741769887506961823e-02,-8.198678493499755859e-03,7.349008694291114807e-03,-1.256116200238466263e-02,2.325812354683876038e-02,1.572523079812526703e-02,-8.619550499133765697e-06,9.772786870598793030e-04,-6.432126164436340332e-01,8.503037504851818085e-03,8.441215031780302525e-04,-2.574372291564941406e-02,1.333157066255807877e-03,2.570567838847637177e-02,8.870805613696575165e-03,8.154292590916156769e-03,-1.051941793411970139e-02,-3.022985300049185753e-03,-2.909167483448982239e-02,1.022774074226617813e-02,-1.784940483048558235e-03,-3.099392168223857880e-02,-8.877146057784557343e-03,-2.450092323124408722e-02,5.272390786558389664e-03,-3.051201999187469482e-02,-1.408454379998147488e-03,-3.157727792859077454e-02,-5.405548028647899628e-03,-5.811360199004411697e-03,9.473183192312717438e-03,-1.614372432231903076e-02,3.231281042098999023e-02,7.640686351805925369e-03,-1.013896893709897995e-02,3.544517559930682182e-03,-1.369616854935884476e-02,-5.386525299400091171e-03,-3.736010193824768066e-02,-6.606340175494551659e-04,-5.170937627553939819e-03,1.434293203055858612e-02,4.053051397204399109e-02,-1.575059257447719574e-02,-1.200316939502954483e-02,5.938176531344652176e-03,1.037991978228092194e-02,4.862139746546745300e-02,8.940554223954677582e-03,-1.349326223134994507e-02,-7.253896445035934448e-03,-2.495112130418419838e-03,1.757991965860128403e-03,3.713183477520942688e-02,2.343566529452800751e-02,-8.420607075095176697e-03,1.183196716010570526e-02,-3.877410665154457092e-03,-6.285336567088961601e-04,-1.950435712933540344e-02,2.504623262211680412e-03,8.851782418787479401e-03,1.166710630059242249e-02,2.303302288055419922e-03,7.089035119861364365e-03,-3.693526843562722206e-03,3.328929655253887177e-03,-2.369880909100174904e-03,-3.687582211568951607e-04,2.802641876041889191e-02,-1.657490059733390808e-02,3.782694693654775620e-04,-1.577278599143028259e-03,-1.211730390787124634e-02,-5.551386624574661255e-03,-1.290990691632032394e-02,1.087450422346591949e-02,5.795508157461881638e-03,-6.416908465325832367e-03,1.545891538262367249e-02,1.668427867116406560e-04,-1.744993217289447784e-02,1.514187455177307129e-02,8.782033808529376984e-03,-1.127397548407316208e-02,-2.588322199881076813e-02,-3.968956007156521082e-04,-9.346366859972476959e-03,4.605019639711827040e-04,-1.943460898473858833e-03,-3.236353769898414612e-02,7.304623257368803024e-03,6.255217362195253372e-03,-2.369880909100174904e-03,-4.302245564758777618e-03,1.217437162995338440e-02,5.107529461383819580e-03,2.149537438526749611e-03,-9.619021788239479065e-03,2.746842615306377411e-02,-6.055481731891632080e-03,7.856274023652076721e-03,2.504623308777809143e-02,-5.627476610243320465e-03,-2.543936483561992645e-02,1.060818973928689957e-02,2.286499179899692535e-02,1.928877085447311401e-02,1.484544132836163044e-03,-1.666367053985595703e-02,1.375957671552896500e-02,2.891413168981671333e-03,2.167291752994060516e-02,2.636195393279194832e-03,-4.618652164936065674e-02,-2.726551902014762163e-04,1.381030306220054626e-02,-1.881955005228519440e-02,-4.150065593421459198e-03,5.031439475715160370e-03,-1.643540151417255402e-02,4.235666710883378983e-03,9.232232347130775452e-03,-2.481796406209468842e-02,-6.924173794686794281e-03,6.448612548410892487e-03,1.079841423779726028e-02,-3.392338054254651070e-03,2.424729056656360626e-02,8.227212238125503063e-04,-2.936591627076268196e-04,-3.482377529144287109e-02,1.410198025405406952e-02,3.287080302834510803e-02,-9.942403994500637054e-03,-7.887978106737136841e-03,-2.828005002811551094e-03,2.114028856158256531e-02,-3.353025019168853760e-02,2.628269372507929802e-03,3.921162337064743042e-02,-8.471333421766757965e-03,2.160950936377048492e-02,-4.650990478694438934e-03,3.807027637958526611e-02,-4.232496488839387894e-03,1.221241708844900131e-02,-2.691043354570865631e-02,-4.803170158993452787e-04,-9.840950369834899902e-03,-1.805865205824375153e-02,-7.596300914883613586e-03,6.676882039755582809e-03,-2.280158363282680511e-02,-2.542668208479881287e-02,-1.921267993748188019e-02,-5.940078943967819214e-02,-5.076617817394435406e-04,1.871809735894203186e-02,1.019603665918111801e-02,-1.685389503836631775e-02,-1.772892847657203674e-02,1.364544127136468887e-02,-7.070012856274843216e-03,2.169828116893768311e-02,-1.410039491020143032e-03,-1.646076515316963196e-02,-3.033447638154029846e-02,4.268639162182807922e-02,4.882430192083120346e-03,-3.294689208269119263e-02,-2.609881013631820679e-02,1.241532247513532639e-02,-2.078599645756185055e-04,-6.531042978167533875e-03,1.940290443599224091e-02,-4.663672298192977905e-03,-2.309326082468032837e-02,-4.454425070434808731e-03,1.786842755973339081e-02,-1.166076585650444031e-02,9.714134037494659424e-03,-1.178758218884468079e-02,-1.217437162995338440e-02,7.786525413393974304e-03,-1.361294562229886651e-04,1.443170290440320969e-02,1.675244234502315521e-02,1.424147840589284897e-02,4.929986316710710526e-03,-1.327767409384250641e-02,-1.741188764572143555e-02,3.566076233983039856e-02,-9.657066315412521362e-03,-2.489405311644077301e-02,-2.923117484897375107e-03,-5.874768365174531937e-03,-1.137542817741632462e-02,1.152760814875364304e-02,1.804596930742263794e-02,1.096961647272109985e-02,-3.092734375968575478e-03,-3.867899300530552864e-03,1.017067302018404007e-02,3.822245448827743530e-02,2.093738317489624023e-02,1.324438489973545074e-03,2.739233709871768951e-02,1.119788549840450287e-02,-1.237093750387430191e-02,4.907793551683425903e-02,-2.212945744395256042e-02,5.944517441093921661e-03,-3.137436881661415100e-02,-8.090884424746036530e-03,-7.647027261555194855e-03,2.120369672775268555e-02,-7.520210929214954376e-03,1.811888883821666241e-03,-4.484226927161216736e-02,-1.689194142818450928e-02,1.320158410817384720e-02,2.461505867540836334e-02,3.378388285636901855e-02,1.035455707460641861e-02,1.144517795182764530e-03,1.095693465322256088e-02,-5.912813358008861542e-03,1.524332817643880844e-02,1.454583741724491119e-02,-5.497489590197801590e-03,-8.319154381752014160e-03,-5.468321964144706726e-02,1.433025021106004715e-02,1.679048687219619751e-02,-9.777542203664779663e-03,4.216644447296857834e-04,-2.602271921932697296e-02,8.648877032101154327e-03,-5.497489590197801590e-03,3.978863824158906937e-03,2.797569148242473602e-02,2.311862446367740631e-02,-2.389696019235998392e-04,6.147423759102821350e-03,-9.225890971720218658e-03,3.357463516294956207e-03,-2.899022214114665985e-02,1.703143864870071411e-02,9.994715219363570213e-04,1.987212523818016052e-02,1.989431912079453468e-03,1.318890228867530823e-02,1.855323463678359985e-02,-4.969616420567035675e-04,1.315719913691282272e-03,-2.357516437768936157e-02,3.147582337260246277e-02,4.914134275168180466e-03,3.633289132267236710e-03,-2.262404002249240875e-02,2.468163613229990005e-03,1.460924651473760605e-02,-2.734160982072353363e-02,3.628137055784463882e-04,2.339762076735496521e-02,2.437410689890384674e-02,4.813949391245841980e-02,4.359312821179628372e-03,5.973051302134990692e-03,3.458916442468762398e-03,6.141082849353551865e-03,2.688507176935672760e-02,-2.055693417787551880e-02,4.885600879788398743e-03,-2.235772646963596344e-02,-6.096696946769952774e-03,-3.668163670226931572e-03,-5.960369482636451721e-03,-1.576327532529830933e-02,2.795032784342765808e-02,1.460766070522367954e-03,5.269220098853111267e-03,1.178758218884468079e-02,9.327344596385955811e-03,-3.937648143619298935e-03,6.778335198760032654e-03,3.231281042098999023e-02,-2.634610049426555634e-03,-1.540818903595209122e-02,5.871598143130540848e-03,-5.443592555820941925e-03,-3.664993215352296829e-03,-2.164755389094352722e-02,-3.370779007673263550e-02,5.922324489802122116e-03,-1.737384311854839325e-02,1.242800429463386536e-02,4.923645872622728348e-03,-4.346631001681089401e-03,2.896485850214958191e-02,-8.642535656690597534e-03,-1.868005096912384033e-02,-2.348639257252216339e-02,3.535640612244606018e-02,-1.126763503998517990e-02,7.291941437870264053e-03,-1.017701346427202225e-02,-1.636723754927515984e-04,-1.129933912307024002e-02,7.355349604040384293e-03,1.379762124270200729e-02,4.570462182164192200e-02,8.686921559274196625e-03,4.895112011581659317e-03,1.363275951007381082e-04,-1.883223094046115875e-02,-1.392443757504224777e-02,-7.628004997968673706e-03,-4.654160700738430023e-03,-1.548427902162075043e-02,-1.678731758147478104e-03,1.109643257223069668e-03,-2.283962815999984741e-02,-4.537489637732505798e-02,-9.027740452438592911e-04,9.961426258087158203e-03,-1.032760832458734512e-03,1.101400237530469894e-02,-3.297225758433341980e-02,-1.496433187276124954e-02,2.261135913431644440e-02,1.084533631801605225e-01,-1.130567956715822220e-02,8.953236043453216553e-03,1.827423833310604095e-02,-1.142615545541048050e-02,3.695429116487503052e-02,-2.049352601170539856e-02,-3.056274540722370148e-02,-1.337120076641440392e-03,-5.345310084521770477e-03,-1.847714558243751526e-02,-7.811888586729764938e-03,2.721479348838329315e-02,-1.198414713144302368e-02,6.226683966815471649e-03,1.266895513981580734e-02,5.944517441093921661e-03,-8.281108923256397247e-03,-1.133738365024328232e-02,1.020871801301836967e-03,-1.163540221750736237e-02,1.642271992750465870e-03,-1.502774003893136978e-02,2.891413308680057526e-02,6.886128801852464676e-03,-5.741611123085021973e-03,1.066525653004646301e-02,2.716406621038913727e-02,2.046816237270832062e-02,4.318097606301307678e-03,-7.012945599853992462e-03,2.040158491581678391e-03,1.058282610028982162e-02,1.492628734558820724e-02,2.673289179801940918e-02,2.494478039443492889e-02,-1.232021022588014603e-02,1.187001261860132217e-02,9.479523636400699615e-03,-1.535746268928050995e-02,3.644702583551406860e-02,9.929722175002098083e-03,-4.498810973018407822e-03,-1.573791168630123138e-02,-5.716247949749231339e-03,1.346631324850022793e-03,-1.334108226001262665e-02,1.463460922241210938e-02,-1.845178194344043732e-02,-2.041743509471416473e-02,2.812787145376205444e-02,-2.853368408977985382e-02,-2.354980073869228363e-02,-1.537014450877904892e-02,-1.828692108392715454e-02,1.951703988015651703e-02,-1.696803048253059387e-02,-4.008586402051150799e-04,-9.217964834533631802e-04,-6.312285084277391434e-03,-2.975112013518810272e-02,-2.502086944878101349e-02,4.007397219538688660e-03,-2.338493987917900085e-02,-1.940290443599224091e-02,-2.833077684044837952e-02,-2.339762076735496521e-02,2.197727747261524200e-02,-2.012575790286064148e-02,3.173579694703221321e-03,-1.478678919374942780e-02,-2.182509750127792358e-02,-9.714134037494659424e-03,-1.005653850734233856e-02,5.011783167719841003e-02,1.883223094046115875e-02,2.029062015935778618e-03,1.066525653004646301e-02,2.313130535185337067e-02,7.152443286031484604e-03,-4.463341974769718945e-05,-1.051307749003171921e-02,1.088718511164188385e-02,-1.576327532529830933e-02,-1.108375098556280136e-02,1.135006546974182129e-02,6.524702534079551697e-03,1.056538894772529602e-03,-2.292839996516704559e-02,1.416538842022418976e-02,9.162483038380742073e-04,-4.054953344166278839e-03,3.165336698293685913e-02,-1.694266684353351593e-02,-8.111789611575659364e-06,4.936327226459980011e-03,-1.254848018288612366e-02,-1.195244304835796356e-02,-1.304940506815910339e-02,6.905151531100273132e-03,-9.726815856993198395e-03,-3.975693136453628540e-03,3.468427807092666626e-03,4.902245127595961094e-04,1.817278563976287842e-02,2.262087073177099228e-03,-1.723434403538703918e-02,-4.175429232418537140e-03,-5.503830499947071075e-03,-4.333949647843837738e-03,-6.220343057066202164e-03,-3.695429116487503052e-02,-4.983883351087570190e-03,-6.302773486822843552e-03,-1.613104343414306641e-02,2.518573217093944550e-02,4.023249261081218719e-03,1.909854635596275330e-02,1.981505891308188438e-03,-7.089827558957040310e-04,-1.838837401010096073e-03,-2.282694727182388306e-02,2.131783217191696167e-02,-1.284015714190900326e-03,-1.618493930436670780e-03,2.294108085334300995e-02,1.396248210221529007e-02,-1.796988025307655334e-02,2.593394741415977478e-02,8.858123794198036194e-03,-2.995402738451957703e-02,9.948744438588619232e-03,1.880686730146408081e-02,-2.872390905395150185e-03,-1.865468919277191162e-02,-2.596565289422869682e-03,-9.137119166553020477e-03,2.896168967708945274e-03,-1.760211214423179626e-02,-8.566445671021938324e-03,-1.548427902162075043e-02,-2.916776575148105621e-02,-2.010039426386356354e-02,-2.226895466446876526e-02,-6.480316631495952606e-03,-2.474187500774860382e-02,6.873447448015213013e-03,2.962747588753700256e-03,-3.772787051275372505e-03,2.635244280099868774e-02,-2.566763386130332947e-02,8.445970714092254639e-03,-3.053738176822662354e-02,8.147952146828174591e-03,3.300396027043461800e-03,-3.401215001940727234e-02,-2.431069873273372650e-02,5.281901918351650238e-03,1.635931245982646942e-02,1.703143864870071411e-02,1.249141246080398560e-02,1.454583741724491119e-02,2.876195311546325684e-02,1.478678919374942780e-02,-5.139233544468879700e-03,1.723117427900433540e-03,-6.784676108509302139e-03,-1.552232354879379272e-02,-4.151967912912368774e-02,1.681585051119327545e-02,1.656221784651279449e-02,3.114610165357589722e-02,2.749378979206085205e-02,1.259286608546972275e-02,-6.887714262120425701e-04,5.586261395364999771e-03,-1.183196716010570526e-02,1.176221854984760284e-02,-6.115719676017761230e-03,-3.761373460292816162e-02,-1.264993287622928619e-02,-5.779656115919351578e-03,3.417701227590441704e-03,-1.295429281890392303e-02,1.382298488169908524e-02,-2.157146483659744263e-02,4.375164955854415894e-02,-1.838837377727031708e-02,6.255217362195253372e-03,1.497701369225978851e-02,1.180660445243120193e-02,-1.931413263082504272e-02,4.177331179380416870e-02,3.626948222517967224e-03,-3.867899300530552864e-03,-1.932681538164615631e-02,1.525600999593734741e-02,2.382879704236984253e-02,-6.375693250447511673e-03,1.947899535298347473e-02,2.016380243003368378e-02,-3.474768484011292458e-03,-3.379656234756112099e-03,-2.173315500840544701e-03,-2.931994572281837463e-02,1.267529651522636414e-02,-4.922060179524123669e-04,1.181770116090774536e-03,-3.439894178882241249e-03,-2.003698609769344330e-02,1.307476777583360672e-02,-2.417119964957237244e-02,-4.536855500191450119e-03,-2.535059303045272827e-02,3.051201999187469482e-02,5.040950607508420944e-03,2.285231091082096100e-02,9.904358536005020142e-03,-2.458969503641128540e-02,-2.551545388996601105e-02,-8.572787046432495117e-03,-5.316776223480701447e-03,1.539550721645355225e-02,-8.484015241265296936e-03,-4.099339246749877930e-03,1.013262849301099777e-02,-1.451254822313785553e-03,-2.992866374552249908e-02,9.460501372814178467e-03,-1.076036877930164337e-02,7.469484116882085800e-03,1.100766099989414215e-02,-1.278943102806806564e-02,-1.057331450283527374e-03,-5.608453880995512009e-03,-9.606339968740940094e-03,-1.261030323803424835e-03,-2.914240211248397827e-02,-2.046816237270832062e-02,2.415851876139640808e-02,-3.195772692561149597e-02,9.859972633421421051e-03,2.591809490695595741e-03,-4.695376381278038025e-03,1.572523079812526703e-02,1.615640521049499512e-02,-1.261822879314422607e-02,-9.168823249638080597e-03,-3.718256205320358276e-02,-1.140079181641340256e-02,-1.851519010961055756e-02,-9.523909538984298706e-03,-3.677674755454063416e-02,2.658071182668209076e-02,-1.174953673034906387e-02,3.300396027043461800e-03,-3.997886087745428085e-03,-1.431756839156150818e-02,-1.368348672986030579e-02,1.595349982380867004e-02,-8.319154381752014160e-03,-3.053104272112250328e-03,1.454583741724491119e-02,-6.778335198760032654e-03,2.030330151319503784e-02,1.203487347811460495e-02,-5.202641710638999939e-03,-7.361690513789653778e-03,7.317304611206054688e-03,2.810250781476497650e-02,-1.351862493902444839e-02,-6.172786932438611984e-03,-2.526182122528553009e-02,1.685389503836631775e-02,2.121637947857379913e-02,7.298282347619533539e-03,-8.116248063743114471e-03,1.670805737376213074e-03,7.456802763044834137e-03,-1.606763526797294617e-02,2.030330151319503784e-02,-3.915455657988786697e-03,-2.650462090969085693e-02,-2.152073755860328674e-02,-1.641003787517547607e-02,-1.691730320453643799e-02,-2.363857254385948181e-02,2.438678778707981110e-02,2.559154480695724487e-02,-8.813737891614437103e-03,-1.840422628447413445e-03,4.080950841307640076e-02,-1.522589009255170822e-03,2.301717177033424377e-02,3.000792348757386208e-03,2.669484587386250496e-03,4.689035471528768539e-03,3.152655065059661865e-02,-3.913553059101104736e-02,5.595772527158260345e-03,-2.073447592556476593e-02,1.015165075659751892e-02,-1.086816284805536270e-02,-4.303830501157790422e-04,1.425416022539138794e-02,-9.535006247460842133e-04,2.084861136972904205e-02,-2.625098824501037598e-02,-9.663407690823078156e-03,2.896485850214958191e-02,-3.024570411071181297e-03,5.703566130250692368e-03,1.767820306122303009e-02,-1.789378933608531952e-02,2.603698521852493286e-04,1.173051446676254272e-02,1.308744959533214569e-02,-1.691730320453643799e-02,-3.543249517679214478e-02,1.321426592767238617e-02,7.488506846129894257e-03,-1.018335483968257904e-02,2.741769887506961823e-02,-1.975799165666103363e-02,1.408454379998147488e-03,4.085864929948002100e-04,-4.742932505905628204e-03,1.676512509584426880e-02,-3.114610165357589722e-02,-2.098811045289039612e-02,-2.330250805243849754e-03,1.253579836338758469e-02,-4.524174146354198456e-03,-1.610567979514598846e-02,-1.846763421781361103e-03,-4.270541481673717499e-03,-3.705415874719619751e-04,-4.349801689386367798e-03,-1.250409428030252457e-02,-4.438573028892278671e-03,2.495112130418419838e-03,2.472919225692749023e-02,6.505679804831743240e-03,1.733579859137535095e-02,-2.001162432134151459e-02,-2.563275862485170364e-03,1.358520356006920338e-03,-1.373421307653188705e-02,-4.205230996012687683e-02,-1.219973526895046234e-02,-9.473183192312717438e-03,2.749378979206085205e-02,1.379762124270200729e-02,5.889035528525710106e-04,9.872654452919960022e-03,-1.320475479587912560e-03,-5.234979838132858276e-02,-1.818546839058399200e-02,-5.354821216315031052e-03,1.951703988015651703e-02,4.413209855556488037e-03,1.614372432231903076e-02,1.803328841924667358e-02,1.937120105139911175e-03,8.217700757086277008e-03,-5.678995512425899506e-04,-3.216063231229782104e-02,-1.403857208788394928e-02,1.117569277994334698e-03,-2.703724987804889679e-02,-8.420607075095176697e-03,6.229854188859462738e-03,-2.343566529452800751e-02,-2.191386930644512177e-02,4.048612900078296661e-03,8.702773484401404858e-04,1.050039567053318024e-02,6.607132963836193085e-03,7.716776337474584579e-03,-1.757991965860128403e-03,-2.375270612537860870e-02,8.452311158180236816e-03,-7.152443286031484604e-03,-5.256538745015859604e-03,-3.931307699531316757e-03,-8.236723020672798157e-03,2.502086944878101349e-02,1.159735769033432007e-02,5.798678845167160034e-03,-1.949801691807806492e-03,1.424147840589284897e-02,1.868005096912384033e-02,-5.034610163420438766e-03,-1.835666946135461330e-03,2.010039426386356354e-02,1.063989382237195969e-02,-1.983408071100711823e-02,-3.895799070596694946e-02,3.850144892930984497e-02,-4.444913938641548157e-03,-2.334689348936080933e-02,1.873077824711799622e-02,-3.117146342992782593e-02,-8.699603378772735596e-03,-2.720211166888475418e-03,1.158467587083578110e-02,9.904358536005020142e-03,-2.084544161334633827e-03,2.037939056754112244e-02,-3.699867753311991692e-03,-1.516723819077014923e-02,4.513870226219296455e-04,8.471333421766757965e-03,-2.729088254272937775e-02,2.098811045289039612e-02,4.486129153519868851e-03,1.223777979612350464e-02,-2.032866515219211578e-02,2.833077684044837952e-02,4.301611334085464478e-02,-1.118520367890596390e-02,1.075402833521366119e-02,1.826155814342200756e-03,-1.942826807498931885e-02,-1.481215190142393112e-02,-6.074503995478153229e-03,4.640686674974858761e-04,-3.398678731173276901e-03,1.557305082678794861e-02,1.249775383621454239e-02,-8.522059768438339233e-03,-1.267529651522636414e-02,-2.292205812409520149e-03,-9.828269248828291893e-04,5.323117133229970932e-03,1.904781907796859741e-02,2.169067263603210449e-01,-3.089246898889541626e-02,-5.925495177507400513e-03,3.033447638154029846e-02,-1.581400074064731598e-02,2.433606237173080444e-02,1.302404142916202545e-02,1.355667039752006531e-02,6.023777648806571960e-03,9.422456845641136169e-03,-4.299075156450271606e-02,5.237516015768051147e-03,-9.479523636400699615e-03,-1.929194084368646145e-03,1.017701346427202225e-02,-5.290779098868370056e-02,-2.308057993650436401e-02,-3.365706652402877808e-02,-2.926921844482421875e-02,-2.220554649829864502e-02,2.374002523720264435e-02,-3.566710511222481728e-03,6.645177956670522690e-03,-1.140713226050138474e-02,2.584517747163772583e-02,-1.426684204488992691e-02,-6.575428880751132965e-03,4.188110586255788803e-03,3.251571953296661377e-02,-2.058229781687259674e-02,-2.148269303143024445e-02,-3.515983931720256805e-03,1.807133294641971588e-02,1.813474111258983612e-03,-2.919312939047813416e-02,1.095059327781200409e-02,1.734847947955131531e-02,1.878467504866421223e-03,-1.379128079861402512e-03,-8.528401143848896027e-03,2.228163741528987885e-02,4.454425070434808731e-04,-3.690356388688087463e-03,-2.237040735781192780e-02,2.013844065368175507e-02,1.980871707201004028e-02,-1.736116223037242889e-02,-1.455851923674345016e-02,1.146419998258352280e-02,2.363857254385948181e-02,-2.117833495140075684e-02,-2.100079134106636047e-02,1.548427902162075043e-02,2.429801598191261292e-02,8.921729749999940395e-05,2.579127904027700424e-03,4.073341935873031616e-02,-7.723117247223854065e-03,-1.101400237530469894e-02,-9.029326029121875763e-03,-5.037780385464429855e-03,2.850832045078277588e-02,-1.803328841924667358e-02,9.454160928726196289e-03,1.243434567004442215e-02,4.560316726565361023e-02,-2.006234973669052124e-02,-4.933157004415988922e-03,1.885759457945823669e-02,-3.297225572168827057e-03,-4.302245564758777618e-03,-1.803328841924667358e-02,-2.797886263579130173e-03,3.053738176822662354e-02,1.019603665918111801e-02,-3.671333892270922661e-03,1.611836068332195282e-02,1.523064635694026947e-02,3.051201999187469482e-02,3.175481781363487244e-02,-4.463936202228069305e-03,-1.591545529663562775e-02,2.157463459298014641e-03,-5.643328651785850525e-03,-3.718890016898512840e-03,-6.936855614185333252e-03,4.571730270981788635e-03,-5.319946911185979843e-03,-2.896485850214958191e-02,1.295429281890392303e-02,1.316353958100080490e-02,-3.320052474737167358e-02,-1.076671015471220016e-02,-1.862932555377483368e-02,-9.042006917297840118e-03,1.294161099940538406e-02,1.308744959533214569e-02,1.633394882082939148e-02,-1.568718440830707550e-02,4.955349955707788467e-03,-4.850726108998060226e-03,-1.138810999691486359e-02,1.684121415019035339e-02,-6.810039281845092773e-03,-1.072232425212860107e-02,2.782034222036600113e-03,2.401902154088020325e-02,4.699814692139625549e-02,-2.231968101114034653e-03,-4.153236281126737595e-03,9.086392819881439209e-03,-2.370198071002960205e-02,5.110699683427810669e-03,-4.831703845411539078e-03,2.258599549531936646e-02,-3.000792348757386208e-03,-7.805547676980495453e-03,-2.663143910467624664e-03,4.017542675137519836e-02,-4.685864783823490143e-03,-1.268163695931434631e-02,-7.019286043941974640e-03,3.427212359383702278e-03,1.398784574121236801e-02,-9.263936430215835571e-03,-1.350594405084848404e-02,-3.573685511946678162e-02,2.589590288698673248e-02,1.930145174264907837e-02,-4.732786864042282104e-02,-2.523645758628845215e-02,-2.049352601170539856e-02,1.936485990881919861e-02,2.058229781687259674e-02,2.271281182765960693e-02,2.744306251406669617e-02,-4.733420908451080322e-03,-2.537595666944980621e-02,-2.538863755762577057e-02,1.327767409384250641e-02,1.166710630059242249e-02,4.619286395609378815e-03,1.146419998258352280e-02,1.601690798997879028e-02,1.109009142965078354e-02,-1.707265386357903481e-03,1.282747648656368256e-02,9.384411387145519257e-03,1.441902108490467072e-02,-2.990330010652542114e-02,-1.018335483968257904e-02,-6.331307347863912582e-03,-3.642800264060497284e-03,2.603698521852493286e-04,2.319471538066864014e-02,3.446234855800867081e-03,-6.949536968022584915e-03,-3.817172721028327942e-03,9.917040355503559113e-03,1.524332817643880844e-02,-2.122906036674976349e-02,-2.796300919726490974e-03,2.952285110950469971e-02,-3.117146342992782593e-02,-8.369880379177629948e-04,1.138810999691486359e-02,-1.576581150293350220e-01,5.909643135964870453e-03,2.476723678410053253e-02,1.525759464129805565e-03,-3.858388168737292290e-03,-2.025891561061143875e-03,1.078573241829872131e-02,-7.050990127027034760e-03,-7.368031423538923264e-03,1.700607500970363617e-02,2.494478039443492889e-02,9.657066315412521362e-03,-8.350858464837074280e-03,7.234874181449413300e-03,-1.031651161611080170e-02,-8.477674797177314758e-03,-1.321426592767238617e-02,-6.435930728912353516e-03,1.476142555475234985e-02,1.318890228867530823e-02,1.065257564187049866e-02,2.550198114477097988e-04,-5.167766939848661423e-03,-2.729088254272937775e-02,1.355667039752006531e-02,1.435561291873455048e-02,-1.204755529761314392e-02,2.324544079601764679e-02,-1.514187455177307129e-02,-9.904358536005020142e-03,-2.698652446269989014e-02,8.807397447526454926e-03,3.763910010457038879e-02,-2.139392122626304626e-02,1.666367053985595703e-02,-6.898810621351003647e-03,-2.708797715604305267e-02,1.552232354879379272e-02,-2.792496420443058014e-02,1.628005178645253181e-03,2.512232400476932526e-02,2.547740936279296875e-02,1.078573241829872131e-02,8.452311158180236816e-03,2.972258720546960831e-03,1.761479489505290985e-02,2.948480658233165741e-03,-6.258388049900531769e-03,1.067793834954500198e-02,-2.878731675446033478e-02,-8.959576487541198730e-03,-2.256063185632228851e-02,-2.125442400574684143e-02,9.859972633421421051e-03,7.685072254389524460e-03,3.133949590846896172e-03,4.307793569751083851e-04,2.258916618302464485e-03,-7.310963701456785202e-03,3.528665518388152122e-03,-3.094319440424442291e-02,5.798678845167160034e-03,1.764015667140483856e-02,-2.484332770109176636e-02,1.020871754735708237e-02,7.964068092405796051e-03,-1.605495251715183258e-02,1.049405522644519806e-02,-2.077252231538295746e-02,1.230118796229362488e-02,4.397357814013957977e-03,-2.268744818866252899e-02,4.175429232418537140e-03,-2.205019583925604820e-03,2.304253540933132172e-02,3.659593630800372921e-06,-1.687925867736339569e-02,1.287820283323526382e-02,1.628322154283523560e-02,-3.598414594307541847e-03,-2.632707916200160980e-02,2.006234973669052124e-02,-1.982139982283115387e-02,-1.042430568486452103e-02,2.442800439894199371e-03,1.696803048253059387e-02,-1.075402833521366119e-02,-4.673183429986238480e-03,-3.086710534989833832e-02,5.725759081542491913e-03,-1.435561291873455048e-02,-1.052575930953025818e-02,-1.586472801864147186e-02,-1.109643280506134033e-02,2.744306251406669617e-02,3.137436881661415100e-02,1.114715915173292160e-02,1.793183572590351105e-02,-1.544623449444770813e-02,-3.197357757017016411e-03,2.310594357550144196e-02,-3.467159718275070190e-02,-3.271862491965293884e-02,5.814530886709690094e-03,1.601690798997879028e-02,-1.577278599143028259e-04,2.125442400574684143e-02,2.206604927778244019e-02,3.210990503430366516e-02,-1.070013153366744518e-03,-3.750594099983572960e-03,-5.281901918351650238e-03,9.593658149242401123e-03,1.452047470957040787e-02,7.247555535286664963e-03,7.000263780355453491e-03,6.258388049900531769e-03,-1.731043495237827301e-02,4.844385199248790741e-03,1.898441091179847717e-02,5.503830686211585999e-02,5.383355077356100082e-03,-3.420871682465076447e-03,-1.855323463678359985e-02,-1.935534877702593803e-03,-1.652417331933975220e-02,-1.286425292491912842e-01,-3.992179408669471741e-02,1.835032925009727478e-02,3.124755434691905975e-02,2.497014403343200684e-02,9.587317705154418945e-03,-3.130779135972261429e-03,-4.061294253915548325e-03,-2.445019595324993134e-02,1.894636638462543488e-02,-1.517992001026868820e-02,-1.232655160129070282e-02,-1.592338085174560547e-03,-7.196829188615083694e-03,2.302985265851020813e-02,-9.403433650732040405e-03,6.714927032589912415e-03,7.653368171304464340e-03,-1.258652471005916595e-02,2.647925913333892822e-02,-3.826684085652232170e-03,-8.490355685353279114e-03,1.780501939356327057e-02,-1.407661754637956619e-02,-1.884412049548700452e-04,5.218493752181529999e-03,-2.815323509275913239e-02,1.056380383670330048e-02,3.213527053594589233e-02,-1.203962950967252254e-03,-9.333685040473937988e-03,8.147952146828174591e-03,4.432232119143009186e-03,4.346631001681089401e-03,-2.011307701468467712e-02,-1.286552101373672485e-02,-3.875508159399032593e-02,-7.190488278865814209e-03,2.716406621038913727e-02,-3.642800264060497284e-03,-3.985204268246889114e-03,-4.885600879788398743e-03,-1.246604975312948227e-02,-1.252311654388904572e-02,4.204755241516977549e-04,-1.170515082776546478e-02,-4.470277111977338791e-03,2.481796406209468842e-02,4.133421170990914106e-04,-1.904781907796859741e-02,-3.586367145180702209e-02,-8.141610771417617798e-03,-1.684121415019035339e-02,-7.704094517976045609e-03,8.103566244244575500e-03,-1.181928627192974091e-02,9.536591358482837677e-03,3.111756639555096626e-03,-2.627635188400745392e-02,1.393711939454078674e-02,-1.485019735991954803e-02,7.608982268720865250e-03,-1.356142573058605194e-03,1.744993217289447784e-02,1.374372397549450397e-03,8.287450298666954041e-03,-3.515983931720256805e-03,-1.110911462455987930e-02,8.503037504851818085e-03,-9.834609925746917725e-03,1.297886337852105498e-04,-1.895904773846268654e-03,-4.240739345550537109e-02,4.261030256748199463e-02,-2.625098824501037598e-02,1.575059257447719574e-02,-2.264940366148948669e-02,-1.383091090247035027e-03,3.573685511946678162e-02,-3.142509609460830688e-02,-2.528718486428260803e-02,-1.517992001026868820e-02,2.114028856158256531e-02,7.329986430704593658e-03,3.426578268408775330e-02,5.500660045072436333e-04,1.871809735894203186e-02,-2.850832045078277588e-02,-4.073976015206426382e-04,-2.438678778707981110e-02,-9.333685040473937988e-03,3.836195392068475485e-04,3.200845047831535339e-02,-1.534478086978197098e-02,1.465997286140918732e-02,8.484015241265296936e-03,-2.282694727182388306e-02,-1.368348672986030579e-02,-2.756987884640693665e-02,1.067159790545701981e-02,-1.297331508249044418e-02,-5.053632427006959915e-03,-6.305310130119323730e-02,3.497595712542533875e-02,-2.406974695622920990e-02,-3.871069755405187607e-03,2.222456969320774078e-03,-2.828005142509937286e-02,1.093791238963603973e-02,-1.689194142818450928e-02,-2.357516437768936157e-02,4.768295679241418839e-03,-4.825362935662269592e-03,2.582298358902335167e-03,1.785336789907887578e-04,-6.388374604284763336e-04,-2.914240211248397827e-02,-1.624517701566219330e-02,3.855217713862657547e-03,4.451254848390817642e-03,-5.792337935417890549e-03,1.374689489603042603e-02,-2.762060612440109253e-02,-1.146419998258352280e-02,-7.926023565232753754e-03,1.030382979661226273e-02,-7.222192361950874329e-03,1.061294460669159889e-03,-1.166076585650444031e-02,8.141610771417617798e-03,3.129194024950265884e-03,-1.523064635694026947e-02,7.228533271700143814e-03,-2.329616807401180267e-02,-3.709378885105252266e-03,2.546472661197185516e-02,-2.533157123252749443e-03,-2.741769887506961823e-02,-9.314662776887416840e-03,1.119788549840450287e-02,-3.617437090724706650e-03,3.928771242499351501e-02,-9.695111773908138275e-03,-3.312443569302558899e-02,2.379075065255165100e-02,-1.543196733109652996e-03,-3.819709271192550659e-02,1.102034281939268112e-02,-3.116512438282370567e-03,1.103936508297920227e-02,3.533104062080383301e-02,5.266049876809120178e-03,-3.601585049182176590e-03,2.843223139643669128e-02,7.520210929214954376e-03,-1.890832185745239258e-02,-6.701452657580375671e-04,-3.543249517679214478e-02,3.167872875928878784e-02,1.115191495046019554e-03,8.820078335702419281e-03,-3.302298486232757568e-02,4.294002428650856018e-02,1.712021045386791229e-02,3.351122606545686722e-03,-1.006922032684087753e-02,2.177437022328376770e-02,2.718942984938621521e-02,-1.243434567004442215e-02,3.195772645995020866e-03,-1.803962863050401211e-03,-5.770144984126091003e-03,-6.512020714581012726e-03,-9.162482805550098419e-03,1.848982647061347961e-02,1.586472801864147186e-02,1.675244234502315521e-02,-2.479260042309761047e-02,6.198150105774402618e-03,-5.925495177507400513e-03,-3.142509609460830688e-02,3.061030292883515358e-03,2.127978764474391937e-02,-3.029722429346293211e-04,-1.122324913740158081e-02,2.376538887619972229e-02,-1.393711939454078674e-02,-5.012417212128639221e-03,1.883223070763051510e-03,-1.553500536829233170e-02,-1.010092440992593765e-02,1.819814927875995636e-02,-1.936485990881919861e-02,4.682694561779499054e-03,1.919999904930591583e-02,-7.063671946525573730e-03,-3.858388168737292290e-03,-8.591809310019016266e-03,3.893262706696987152e-03,1.109009142965078354e-02,1.268163695931434631e-02,4.068269208073616028e-02,-1.329035591334104538e-02,-6.074503995478153229e-03,-7.285600528120994568e-03,-9.650725871324539185e-03,7.742139510810375214e-03,-8.972258074209094048e-04,-3.748691827058792114e-02,-2.568031428381800652e-03,-7.342667784541845322e-03,3.051518928259611130e-03,9.688770398497581482e-03,1.115984097123146057e-02,2.148269303143024445e-02,-1.109643257223069668e-03,-8.965917862951755524e-03,1.837569288909435272e-02,2.025257423520088196e-02,-1.149590406566858292e-02,-1.629590429365634918e-02,3.553394600749015808e-02,2.952285110950469971e-02,1.836301013827323914e-02,1.006287895143032074e-02,-2.120369672775268555e-02,8.997621946036815643e-03,-2.216750197112560272e-02,1.562377717345952988e-02,-1.813474111258983612e-02,6.797357462346553802e-03,6.115719676017761230e-03,6.401056423783302307e-03,-1.710752770304679871e-02,-2.088665589690208435e-02,-2.352443709969520569e-02,-8.065521717071533203e-03,2.191386930644512177e-02,1.248507201671600342e-02,2.497014403343200684e-02,-1.079207286238670349e-02,4.202694445848464966e-02,1.089828205294907093e-03,-5.915983580052852631e-03,7.215851452201604843e-03,2.937067113816738129e-02,3.086710534989833832e-02,-6.607132963836193085e-03,6.096696946769952774e-03,-6.166446255519986153e-04,-1.441902108490467072e-02,1.524332817643880844e-02,-1.951386919245123863e-03,1.065257564187049866e-02,-9.301980957388877869e-03,-4.210303723812103271e-02,-1.968190073966979980e-02,-4.574900493025779724e-03,-6.052311509847640991e-03,2.071862574666738510e-03,-2.655217831488698721e-04,3.905944153666496277e-02,-9.834609925746917725e-03,2.427265420556068420e-02,-2.275085635483264923e-02,-3.748691827058792114e-02,-1.465997286140918732e-02,2.853368408977985382e-02,-1.377225760370492935e-02,-8.496696827933192253e-04,-3.761373460292816162e-02,-5.570409353822469711e-03,1.453315652906894684e-02,-9.910699911415576935e-03,-8.401584811508655548e-03,-3.405019640922546387e-03,-1.557305082678794861e-02,1.490092370659112930e-03,4.273711703717708588e-03,-1.921267993748188019e-02,-1.163540221750736237e-02,-1.117252279072999954e-02,1.434293203055858612e-02,-1.448242925107479095e-02,-1.439365837723016739e-02,3.913553059101104736e-02,1.682853326201438904e-02,-1.284015737473964691e-02,2.337225712835788727e-02,-2.390488609671592712e-02
6.452423520386219025e-03,-2.470114268362522125e-02,8.216325193643569946e-03,-8.542369119822978973e-03,-5.027608480304479599e-03,1.807591505348682404e-02,-5.409732833504676819e-02,-2.264053933322429657e-02,-2.950051985681056976e-02,-5.461247637867927551e-03,1.988872326910495758e-02,2.341000549495220184e-02,3.097424050793051720e-03,4.219017457216978073e-03,9.298793040215969086e-03,2.116681821644306183e-02,3.521282225847244263e-02,-2.102335914969444275e-02,-8.059823885560035706e-03,-2.217103494331240654e-03,-8.953185752034187317e-03,-1.966049196198582649e-03,-8.209804072976112366e-03,1.353737339377403259e-02,-1.812808215618133545e-03,-1.547081861644983292e-03,2.233405830338597298e-03,-2.702257968485355377e-02,1.278747059404850006e-02,-3.113726386800408363e-03,-5.171068012714385986e-03,5.376476328819990158e-03,-2.827459201216697693e-02,-8.222845382988452911e-03,-3.701258823275566101e-02,-1.604139618575572968e-02,-8.822767995297908783e-03,9.624837897717952728e-03,2.387950941920280457e-02,-7.831592112779617310e-03,1.008130051195621490e-02,2.647482417523860931e-02,-2.649112604558467865e-03,2.144069597125053406e-02,-2.207974344491958618e-02,9.344439022243022919e-03,-1.512847095727920532e-02,-1.888450607657432556e-02,-3.667350113391876221e-02,7.283837068825960159e-03,3.878626972436904907e-02,-1.279725227504968643e-03,-1.714994758367538452e-02,1.047255378216505051e-02,-1.146372966468334198e-02,6.840416695922613144e-03,-2.701279940083622932e-03,1.472417637705802917e-02,-9.109687060117721558e-03,-2.442726492881774902e-02,8.392388932406902313e-03,-2.160045783966779709e-03,-1.147025078535079956e-02,-1.426771376281976700e-02,-7.883759215474128723e-03,-1.711082272231578827e-02,-2.441422268748283386e-02,1.562405936419963837e-02,-1.280703302472829819e-02,-2.944835275411605835e-02,4.654287185985594988e-04,3.320438787341117859e-02,6.178545765578746796e-03,-2.181238727644085884e-03,9.924799203872680664e-03,-4.238580167293548584e-02,-5.405819974839687347e-03,-1.559797581285238266e-02,-8.027219213545322418e-03,-1.614573039114475250e-02,9.083603508770465851e-03,-1.304830610752105713e-02,-8.848851546645164490e-03,7.831592112779617310e-03,6.628487724810838699e-03,1.568926870822906494e-02,-9.642770164646208286e-04,1.764553599059581757e-02,3.035475499927997589e-03,-5.125421658158302307e-02,2.047560364007949829e-02,-1.716625061817467213e-03,1.913229934871196747e-02,1.699344627559185028e-02,-3.844718262553215027e-02,-6.462204735726118088e-03,-4.269880428910255432e-02,3.844718262553215027e-02,1.979090971872210503e-03,-2.384038455784320831e-02,1.290321699343621731e-03,-1.674565300345420837e-02,-1.570230908691883087e-02,-7.062126882374286652e-03,-3.320438787341117859e-02,-2.513151988387107849e-02,-1.791941374540328979e-02,-2.465712605044245720e-04,1.649785786867141724e-02,-2.198844961822032928e-02,-1.450246572494506836e-02,4.948053508996963501e-02,1.464592479169368744e-02,-3.114378452301025391e-02,1.117681059986352921e-02,-2.702257968485355377e-02,-1.070078462362289429e-02,-1.516759674996137619e-02,-3.156112134456634521e-02,-5.418861750513315201e-03,2.857781248167157173e-03,8.346742950379848480e-03,9.181416593492031097e-03,-2.506631240248680115e-02,3.664741758257150650e-03,8.679307997226715088e-03,-2.086685784161090851e-02,-1.124038943089544773e-03,-3.878626972436904907e-02,-1.030301023274660110e-02,3.414339572191238403e-02,3.015260770916938782e-02,7.675090804696083069e-03,-2.032888354733586311e-03,1.395471021533012390e-02,1.854541897773742676e-02,-1.566318422555923462e-02,-1.145231770351529121e-03,-4.954350151820108294e-05,-3.046561032533645630e-02,3.146330825984477997e-03,1.165283564478158951e-02,-1.349824853241443634e-02,1.328631886281073093e-03,1.364170759916305542e-02,3.343913704156875610e-02,2.806592173874378204e-02,2.762250229716300964e-02,-1.173108629882335663e-02,8.229366503655910492e-03,1.228536199778318405e-02,-2.298614708706736565e-04,4.421165212988853455e-02,-2.333175390958786011e-02,8.614099584519863129e-03,5.389518104493618011e-03,-3.977744653820991516e-02,2.459680847823619843e-02,6.566538941115140915e-03,7.694653701037168503e-03,1.382429245859384537e-02,-2.378495642915368080e-03,5.448205862194299698e-03,1.042038667947053909e-02,1.323741208761930466e-02,3.818634897470474243e-02,2.133636176586151123e-02,-3.557146992534399033e-03,-2.751816809177398682e-02,-2.564341062679886818e-03,4.095120728015899658e-02,1.327653788030147552e-02,-1.193323358893394470e-02,2.406209520995616913e-02,1.593543216586112976e-03,2.712691389024257660e-02,1.246142573654651642e-02,9.826985187828540802e-03,-2.960485406219959259e-02,1.598922908306121826e-02,-5.164547264575958252e-02,1.167239807546138763e-02,3.740384057164192200e-02,4.948053508996963501e-02,1.501843071309849620e-04,-2.670305548235774040e-03,3.984265495091676712e-03,2.914839191362261772e-03,7.622923702001571655e-03,1.601694239070639014e-04,9.527024812996387482e-03,1.388950180262327194e-02,-6.749124266207218170e-03,-2.198844961822032928e-02,-6.364391446113586426e-01,3.729950636625289917e-03,1.045299135148525238e-02,-3.002219088375568390e-02,1.404600311070680618e-02,1.540234871208667755e-02,1.831066608428955078e-02,5.236276891082525253e-03,-2.154503017663955688e-02,-2.327958820387721062e-03,-2.621093153720721602e-05,2.575752697885036469e-02,-1.418946310877799988e-02,-2.746600098907947540e-02,-1.700322842225432396e-03,-2.393167652189731598e-02,-1.714994758367538452e-02,-7.505547720938920975e-03,-2.445334754884243011e-02,-1.135287433862686157e-02,3.553886665031313896e-03,5.011306144297122955e-03,8.516285568475723267e-03,1.258532330393791199e-02,2.072339691221714020e-02,3.333480283617973328e-02,-1.718907430768013000e-02,8.529327809810638428e-03,-2.661828510463237762e-02,9.585712105035781860e-03,-2.741383388638496399e-02,2.221994102001190186e-03,3.293050976935774088e-04,1.166424714028835297e-03,3.581274300813674927e-02,-2.076252177357673645e-02,-2.123202756047248840e-02,1.832370832562446594e-02,1.265053171664476395e-02,5.341915413737297058e-02,1.023780205287039280e-03,-1.829762570559978485e-02,5.471028853207826614e-03,9.298793040215969086e-03,-9.220542386174201965e-03,3.015260770916938782e-02,2.858759462833404541e-02,7.440338842570781708e-03,7.662049029022455215e-03,1.885842159390449524e-02,1.848673098720610142e-03,-2.013325691223144531e-03,-7.375129964202642441e-03,1.748903468251228333e-02,2.333175390958786011e-02,6.382323917932808399e-04,1.271574106067419052e-02,-2.120594307780265808e-02,-7.036043331027030945e-03,1.421554596163332462e-03,7.231669966131448746e-03,1.701953075826168060e-02,-1.855193986557424068e-03,-1.186802517622709274e-02,-6.110076326876878738e-03,-8.614099584519863129e-03,-1.384874572977423668e-03,1.237665489315986633e-02,2.189715765416622162e-02,-7.199065759778022766e-03,-3.456073114648461342e-03,1.385037600994110107e-02,1.186802517622709274e-03,-1.261792797595262527e-02,2.616182155907154083e-02,8.940144442021846771e-03,2.905709855258464813e-02,-1.971917971968650818e-02,1.526704058051109314e-03,-1.302874367684125900e-02,1.276138704270124435e-02,-5.979658570140600204e-03,-3.766467794775962830e-02,1.837261486798524857e-03,2.712691389024257660e-02,-1.392862666398286819e-02,-1.664131879806518555e-02,-7.323777535930275917e-04,2.913534827530384064e-02,1.395471021533012390e-02,-1.557189226150512695e-02,1.901492290198802948e-02,-3.376599925104528666e-04,-7.492505945265293121e-03,2.903427463024854660e-03,2.598575782030820847e-03,-1.591097749769687653e-02,1.025736425071954727e-02,4.173371568322181702e-02,2.499132184311747551e-03,9.272709488868713379e-03,-2.952334238216280937e-03,1.075295265763998032e-02,-9.324876591563224792e-03,2.955268695950508118e-02,3.286530077457427979e-02,-4.830677434802055359e-02,6.553497165441513062e-03,2.256228961050510406e-02,-3.784726187586784363e-02,2.773009706288576126e-03,-1.085728639736771584e-03,-7.967716082930564880e-04,-5.099338013678789139e-03,1.205713115632534027e-02,-2.134940214455127716e-02,-7.199065759778022766e-03,-1.381125114858150482e-02,1.395471021533012390e-02,-1.233752910047769547e-02,1.064861752092838287e-02,2.155807241797447205e-02,1.731949113309383392e-02,-3.886451944708824158e-02,9.722650982439517975e-03,3.367388993501663208e-02,-9.181416593492031097e-03,-1.135287433862686157e-02,-8.737996220588684082e-03,1.876712962985038757e-02,-1.785420440137386322e-02,3.036127611994743347e-02,3.547365590929985046e-02,-2.059298008680343628e-02,2.047560364007949829e-02,-7.959564682096242905e-04,2.609661221504211426e-02,-3.732559084892272949e-02,2.264053933322429657e-02,-2.408817782998085022e-02,8.483681827783584595e-03,1.337801950285211205e-04,-1.272226218134164810e-02,-3.896233392879366875e-03,-7.948968559503555298e-03,-2.055385336279869080e-02,-1.810199767351150513e-02,-1.263749040663242340e-02,-4.749818146228790283e-02,3.059602901339530945e-02,-4.561364650726318359e-03,3.733211196959018707e-03,-1.683694496750831604e-02,-1.794549636542797089e-02,-4.906971938908100128e-03,-2.801375463604927063e-02,-6.185066886246204376e-03,-7.519404753111302853e-04,-8.085907436907291412e-03,-1.799766346812248230e-02,1.553276646882295609e-02,-2.045930130407214165e-03,-2.861367724835872650e-02,4.903711378574371338e-03,9.822094580158591270e-04,-1.498501189053058624e-02,-3.370486374478787184e-04,4.023390822112560272e-03,2.965376013889908791e-03,-3.422164544463157654e-02,8.418472483754158020e-03,1.846716925501823425e-02,6.788249593228101730e-03,9.807422757148742676e-03,-3.232732648029923439e-03,8.235887624323368073e-03,-4.867846611887216568e-03,1.742382533848285675e-02,6.031825905665755272e-04,2.005826681852340698e-02,3.707127645611763000e-03,8.418472483754158020e-03,-2.001914009451866150e-02,-8.901018649339675903e-03,1.512847095727920532e-02,9.996528737246990204e-03,-1.888450607657432556e-02,1.572839356958866119e-02,2.751816762611269951e-03,2.400992810726165771e-02,1.395471021533012390e-02,-2.857781248167157173e-03,1.220059022307395935e-02,-6.775207817554473877e-03,3.027324564754962921e-03,-2.228515222668647766e-03,1.795853860676288605e-02,-8.085907436907291412e-03,-1.703257113695144653e-02,2.224928699433803558e-02,2.973527088761329651e-02,-3.124811872839927673e-02,2.438813820481300354e-02,-1.739774271845817566e-02,1.627614907920360565e-02,-3.163937106728553772e-02,3.017950803041458130e-04,-2.708208339754492044e-04,3.124811872839927673e-02,1.180281583219766617e-02,-9.096645750105381012e-03,-5.203672498464584351e-02,-2.890059724450111389e-02,7.355567067861557007e-03,1.918446645140647888e-02,1.222667400725185871e-03,1.871496206149458885e-03,-4.753730725497007370e-03,-4.551582969725131989e-03,-1.062905509024858475e-02,6.886062677949666977e-03,1.773682888597249985e-03,8.232627296820282936e-04,-4.404862876981496811e-03,-1.679782010614871979e-02,3.010044060647487640e-02,1.489371899515390396e-02,-1.677173562347888947e-02,-1.437204796820878983e-02,-3.792551159858703613e-02,2.213843166828155518e-03,-7.349045947194099426e-03,-1.253967639058828354e-02,1.870192028582096100e-02,-7.412421109620481730e-05,1.080022891983389854e-03,6.054649129509925842e-03,-2.227536961436271667e-02,-6.201369222253561020e-03,-1.841500215232372284e-02,2.697041258215904236e-02,1.553276646882295609e-02,1.987568102777004242e-02,-3.445884212851524353e-04,1.171152386814355850e-02,1.772378571331501007e-02,9.820464998483657837e-03,9.174896404147148132e-03,-2.476635016500949860e-02,2.488372661173343658e-02,5.373215768486261368e-03,5.813376046717166901e-03,-2.863976173102855682e-02,-1.909317448735237122e-02,7.309920620173215866e-03,5.588405299931764603e-03,-1.772378571331501007e-02,1.876712962985038757e-02,3.020803676918148994e-03,1.022475957870483398e-02,1.728036627173423767e-02,-2.241556998342275620e-03,7.277316413819789886e-03,5.725343711674213409e-03,3.883843868970870972e-02,-1.439813151955604553e-02,1.718907430768013000e-02,-2.140156924724578857e-02,-1.426771376281976700e-02,1.926271803677082062e-02,-9.057519957423210144e-03,-1.730644889175891876e-02,5.917710252106189728e-03,5.919747854932211339e-05,1.913229934871196747e-02,4.310310352593660355e-03,1.107247639447450638e-02,1.819329103454947472e-03,-1.482484221924096346e-04,2.428380399942398071e-02,-2.403601072728633881e-02,-2.558798342943191528e-02,2.416642941534519196e-02,2.186129335314035416e-03,5.228940863162279129e-04,-1.931488513946533203e-02,-1.628918945789337158e-02,-5.643832497298717499e-03,-2.181890793144702911e-02,3.054386191070079803e-02,8.208173676393926144e-04,7.825070992112159729e-03,8.275012485682964325e-03,8.574973791837692261e-03,-1.825849898159503937e-02,-4.100337252020835876e-02,2.777900360524654388e-02,-4.059255588799715042e-03,1.844108477234840393e-02,-3.103537310380488634e-04,-7.877238094806671143e-03,-1.398079376667737961e-02,-5.806854926049709320e-03,-1.746295019984245300e-02,5.441033095121383667e-02,1.124854013323783875e-02,1.066818088293075562e-02,-8.770600892603397369e-03,6.957792676985263824e-03,-4.205975681543350220e-03,6.867315096314996481e-05,1.240925863385200500e-02,-5.030868574976921082e-03,-4.789595957845449448e-03,1.148329209536314011e-02,-1.806287281215190887e-02,-2.539235725998878479e-02,4.867846611887216568e-03,-1.464592479169368744e-02,3.433250123634934425e-03,-2.114399569109082222e-03,-3.628224879503250122e-02,-2.743991650640964508e-02,1.837587542831897736e-02,8.951881527900695801e-02,-2.988199004903435707e-03,1.774987019598484039e-02,5.578623618930578232e-03,-8.366305381059646606e-03,1.083772350102663040e-02,-2.256228961050510406e-02,-3.317830339074134827e-02,8.424993604421615601e-03,-1.992947800317779183e-04,-6.322005763649940491e-03,5.982919130474328995e-03,1.568926870822906494e-02,-2.479243464767932892e-02,2.798767201602458954e-02,8.842330425977706909e-03,-1.039430312812328339e-02,-1.585881039500236511e-02,1.889428705908358097e-03,8.737996220588684082e-03,-1.090293284505605698e-02,-2.125811064615845680e-03,-1.682390272617340088e-02,-2.694759052246809006e-03,-9.050998836755752563e-03,-1.968005485832691193e-02,2.239274606108665466e-02,2.326654456555843353e-02,1.150937564671039581e-02,3.069710219278931618e-03,9.742213413119316101e-03,1.209625601768493652e-02,1.244838442653417587e-02,1.497196964919567108e-02,1.368083339184522629e-02,2.204061672091484070e-02,2.295354148373007774e-03,2.681391127407550812e-02,2.853542752563953400e-02,-3.203062713146209717e-02,1.881929673254489899e-02,2.297962643206119537e-02,1.173108629882335663e-02,9.024915285408496857e-03,-5.845980253070592880e-03,-1.158762630075216293e-02,-2.097119204699993134e-02,1.584577001631259918e-02,-1.438508927822113037e-02,-1.520672161132097244e-02,3.304788470268249512e-02,-3.276096656918525696e-02,-3.093511611223220825e-02,-8.646704256534576416e-03,-7.649007253348827362e-03,5.656874272972345352e-03,1.193323358893394470e-02,9.057519957423210144e-03,-1.364170759916305542e-02,-9.618316777050495148e-03,-1.608052104711532593e-02,-2.038431167602539062e-02,1.315264031291007996e-02,-2.425772137939929962e-03,-3.033519349992275238e-02,1.915512257255613804e-03,-2.434901334345340729e-02,2.819634042680263519e-02,-2.530106343328952789e-02,1.003565359860658646e-02,-2.071035467088222504e-02,2.217103494331240654e-03,-7.675090804696083069e-03,-3.527395310811698437e-04,2.395776100456714630e-02,2.850934304296970367e-02,1.791941374540328979e-02,-8.261971175670623779e-03,1.201148424297571182e-02,6.090513896197080612e-03,-1.252011395990848541e-02,-1.396775245666503906e-02,1.541539095342159271e-02,-4.026651382446289062e-03,-1.842804253101348877e-02,5.069994367659091949e-04,-2.546408679336309433e-03,6.449162960052490234e-03,-2.567927539348602295e-02,2.041039429605007172e-02,1.012042537331581116e-02,7.988093420863151550e-03,5.008045583963394165e-03,-1.383733469992876053e-02,-1.415033731609582901e-02,1.041386555880308151e-02,-1.274834573268890381e-02,-3.948400728404521942e-03,-1.335478853434324265e-02,1.515455450862646103e-02,-3.658220870420336723e-03,1.031605247408151627e-02,-1.635439880192279816e-02,2.619768725708127022e-03,2.138852886855602264e-02,-3.090903162956237793e-03,-1.468505058437585831e-02,1.019215583801269531e-02,3.086012555286288261e-03,8.829289115965366364e-03,1.030953135341405869e-02,-2.144069597125053406e-02,-1.007477939128875732e-02,3.866889514029026031e-03,-3.387603908777236938e-03,1.829762570559978485e-02,-1.758032664656639099e-02,9.207501076161861420e-03,1.555885002017021179e-02,-2.867562696337699890e-03,-1.113768480718135834e-02,-6.859979126602411270e-03,2.055385336279869080e-02,-1.031605247408151627e-02,-8.894497528672218323e-03,3.612574655562639236e-03,6.182621582411229610e-04,-8.959706872701644897e-03,1.385037600994110107e-02,2.487068437039852142e-02,-1.017259247601032257e-02,9.729172103106975555e-03,1.448942348361015320e-02,-8.855372667312622070e-03,-3.351739048957824707e-02,-1.628918945789337158e-02,9.064041078090667725e-03,8.438034914433956146e-03,-3.093511611223220825e-02,1.537300529889762402e-03,-1.639352366328239441e-02,-2.583903726190328598e-03,-1.519368030130863190e-02,-4.491591081023216248e-02,8.914060890674591064e-03,-3.740384057164192200e-02,9.272709488868713379e-03,-2.621398866176605225e-02,-2.466201595962047577e-02,2.866584435105323792e-02,-1.628918945789337158e-02,-2.475901565048843622e-04,-2.848326042294502258e-02,1.051167957484722137e-02,3.374562133103609085e-03,-2.624007314443588257e-02,-4.324655979871749878e-02,-8.190241642296314240e-03,2.357954904437065125e-02,1.790637150406837463e-02,1.082468219101428986e-02,6.814333144575357437e-03,1.441117282956838608e-02,8.711912669241428375e-03,-6.475246511399745941e-03,9.227063506841659546e-03,-2.274161437526345253e-03,-1.272878237068653107e-02,-4.848935827612876892e-02,1.705865561962127686e-02,1.128114480525255203e-02,1.921055093407630920e-02,3.075253032147884369e-02,3.537584329023957253e-03,1.464592479169368744e-02,1.080511976033449173e-02,-1.120289415121078491e-02,-6.436121184378862381e-03,-2.077556401491165161e-02,-3.450856357812881470e-02,8.157636970281600952e-03,-9.794380515813827515e-03,-3.255555639043450356e-03,-1.523280516266822815e-02,5.934012588113546371e-03,-1.987568102777004242e-02,2.890059724450111389e-02,-3.095793770626187325e-03,1.123549789190292358e-02,2.430988848209381104e-02,1.842804253101348877e-02,-3.148287162184715271e-02,4.413340240716934204e-02,-7.590319029986858368e-03,-7.283837068825960159e-03,-1.473721768707036972e-02,-6.431230576708912849e-04,2.994393929839134216e-02,-1.115072704851627350e-02,4.061212018132209778e-02,2.117659896612167358e-03,-9.879152290523052216e-03,-7.733779028058052063e-03,-9.768296964466571808e-03,-3.265663236379623413e-02,2.042343653738498688e-02,-2.440118044614791870e-02,1.353737339377403259e-02,1.347216404974460602e-02,-7.440338842570781708e-03,-1.216961652971804142e-03,-1.692823693156242371e-02,-2.425772137939929962e-02,-1.919750869274139404e-02,1.887146383523941040e-02,3.700606757774949074e-03,-1.519164216006174684e-04,1.368083339184522629e-02,-3.922969102859497070e-02,-1.278747059404850006e-02,1.656306721270084381e-02,-1.353737339377403259e-02,4.747210070490837097e-03,7.016480434685945511e-03,2.312308549880981445e-02,1.408512797206640244e-02,1.057036686688661575e-02,-2.952660247683525085e-02,5.885105929337441921e-04,1.579360291361808777e-02,-9.200979955494403839e-03,-3.557146992534399033e-03,1.332870498299598694e-02,9.142291732132434845e-03,4.688521847128868103e-03,-1.495892833918333054e-02,4.603750538080930710e-03,-3.636049851775169373e-02,-2.176674082875251770e-02,1.628918945789337158e-02,-2.084077335894107819e-02,-4.998264368623495102e-03,1.023128069937229156e-02,-2.256228961050510406e-02,9.559628553688526154e-03,1.282985671423375607e-03,-1.677173562347888947e-02,-1.579360291361808777e-02,-4.449857398867607117e-02,-1.361562404781579971e-02,-4.127725027501583099e-03,6.243754643946886063e-03,-2.678782679140567780e-02,1.677499618381261826e-03,1.027692668139934540e-02,-1.747599244117736816e-02,-1.148492214269936085e-03,-2.423163689672946930e-02,-2.424467913806438446e-02,4.095120821148157120e-03,1.600227132439613342e-02,2.065818756818771362e-02,3.896233392879366875e-04,2.844739472493529320e-03,-5.601447075605392456e-03,1.831066608428955078e-02,-1.339391339570283890e-02,6.964313331991434097e-03,-8.385867811739444733e-03,2.618790604174137115e-02,5.617748945951461792e-03,-6.628487724810838699e-03,-1.585881039500236511e-02,8.353264071047306061e-03,8.398910053074359894e-03,4.682001192122697830e-03,-8.979269303381443024e-03,-1.619789749383926392e-02,9.895454859361052513e-04,-2.247099578380584717e-02,3.375213965773582458e-02,9.650921449065208435e-03,-3.263054788112640381e-02,-1.538930740207433701e-02,-2.477939240634441376e-02,-3.223929554224014282e-02,-8.901018649339675903e-03,1.143764611333608627e-02,7.127335760742425919e-03,8.346742950379848480e-03,-9.794380515813827515e-03,2.403601072728633881e-02,-2.264053933322429657e-02,3.278704732656478882e-02,-7.694653701037168503e-03,3.015912836417555809e-03,4.551582969725131989e-03,4.249013587832450867e-02,-2.638353221118450165e-02,1.141808368265628815e-02,-2.427076362073421478e-02,2.262749709188938141e-02,-2.806592173874378204e-02,1.200496405363082886e-02,2.543148212134838104e-02,-1.207669358700513840e-02,5.154765676707029343e-03,-2.772683650255203247e-02,-1.520672161132097244e-02,1.447638147510588169e-03,-9.781339205801486969e-03,1.173760741949081421e-02,3.223929554224014282e-02,-1.049863733351230621e-02,2.098097233101725578e-03,9.690046310424804688e-03,1.405904442071914673e-02,-8.372826501727104187e-03,-1.171152386814355850e-02,1.923663355410099030e-02,-7.277316413819789886e-03,1.366942189633846283e-03,2.553581632673740387e-02,-2.697041258215904236e-02,7.075168658047914505e-03,8.548890240490436554e-03,1.933444757014513016e-03,4.528759978711605072e-03,-1.605443842709064484e-02,-1.705865561962127686e-02,7.981573231518268585e-03,4.636354744434356689e-03,-2.068427205085754395e-02,-1.571535132825374603e-02,1.105291303247213364e-02,5.617748945951461792e-03,-1.207180321216583252e-03,3.707127645611763000e-03,-1.387645956128835678e-02,-2.275791577994823456e-02,1.411121245473623276e-02,1.223971601575613022e-02,-1.426771376281976700e-02,1.430683862417936325e-02,-4.450509324669837952e-03,2.191019989550113678e-02,9.122729301452636719e-03,-1.971917971968650818e-02,-2.767466939985752106e-02,-2.054081298410892487e-02,-1.523280516266822815e-02,3.419556096196174622e-02,1.021171826869249344e-02,-8.646704256534576416e-03,1.901492290198802948e-02,7.525110151618719101e-03,-3.623007982969284058e-02,-1.321784965693950653e-02,-9.337918832898139954e-03,2.539235725998878479e-02,1.302222255617380142e-02,2.550973184406757355e-02,1.161370985209941864e-02,2.540539763867855072e-02,3.863628953695297241e-03,9.650921449065208435e-03,-3.529107198119163513e-02,-3.369997441768646240e-02,1.182237826287746429e-02,-3.866889514029026031e-03,8.261971175670623779e-03,1.107899658381938934e-02,-2.955268695950508118e-02,-2.929511014372110367e-03,-3.994046710431575775e-04,-4.649396520107984543e-03,5.956835579127073288e-03,1.605443842709064484e-02,-4.584187641739845276e-03,-1.456767413765192032e-02,-6.400256417691707611e-03,-8.548890240490436554e-03,-2.136244438588619232e-02,-6.886062677949666977e-03,-2.204061718657612801e-03,-5.989440251141786575e-03,2.650090865790843964e-02,5.213453900068998337e-03,-1.893667317926883698e-02,-2.640961669385433197e-02,5.193891003727912903e-03,1.118333078920841217e-02,1.591097796335816383e-03,-8.220400195568799973e-04,1.889428705908358097e-03,-4.075558099430054426e-04,-1.580501440912485123e-03,-3.161328658461570740e-02,2.498806081712245941e-02,2.209278568625450134e-02,-1.480242703109979630e-02,2.673565968871116638e-02,-1.790637150406837463e-02,-2.639657445251941681e-02,-1.480242703109979630e-03,7.499026600271463394e-03,-2.026693522930145264e-02,1.187617541290819645e-03,-7.159940432757139206e-03,-1.396775245666503906e-02,-9.194458834826946259e-03,-2.333256998099386692e-04,2.072339691221714020e-02,-2.939618378877639771e-02,1.644569076597690582e-02,-1.468505058437585831e-02,-3.726690309122204781e-03,-3.753425925970077515e-02,2.494893595576286316e-02,4.768076911568641663e-02,-1.435900572687387466e-02,-1.132189994677901268e-03,-2.984938677400350571e-03,-1.572839356958866119e-02,1.019867602735757828e-02,-2.108856663107872009e-02,-7.707695476710796356e-03,-2.150590531527996063e-02,9.610165725462138653e-04,-4.166850354522466660e-03,-6.931709125638008118e-03,-2.560102567076683044e-02,-1.225275732576847076e-02,6.022044457495212555e-03,-1.037474069744348526e-02,4.721126519143581390e-03,1.844630092382431030e-01,-1.230492442846298218e-02,-6.357870530337095261e-03,4.447248950600624084e-02,-1.462310203351080418e-03,2.445334801450371742e-03,1.154850143939256668e-02,1.901492290198802948e-02,-7.902507204562425613e-04,2.466201595962047577e-02,-3.797768056392669678e-02,-3.244796395301818848e-02,-1.571535132825374603e-02,-1.706639886833727360e-04,1.820633187890052795e-02,-5.425382778048515320e-02,-1.841500215232372284e-02,-2.424467913806438446e-02,-1.934096775949001312e-02,-3.124811872839927673e-02,1.266357395797967911e-02,8.842330425977706909e-03,9.898715652525424957e-03,-2.704866416752338409e-02,3.925577551126480103e-02,-1.292767003178596497e-03,-1.274182461202144623e-02,6.022044457495212555e-03,2.115377597510814667e-02,-1.201800536364316940e-02,-3.268271312117576599e-02,-9.024915285408496857e-03,5.581884179264307022e-03,8.620620705187320709e-03,-2.022780850529670715e-02,1.450246572494506836e-02,1.694127917289733887e-02,-1.088337041437625885e-02,1.126484246924519539e-03,9.566149674355983734e-03,-1.637559151276946068e-03,8.190241642296314240e-03,1.656306721270084381e-02,-7.336004171520471573e-03,9.116208180785179138e-03,2.300570905208587646e-02,5.151505116373300552e-03,-1.579360291361808777e-02,1.597618684172630310e-02,1.705865561962127686e-02,-1.958876103162765503e-02,-1.610660552978515625e-02,3.012652508914470673e-02,1.555885002017021179e-02,1.352433208376169205e-02,2.987383923027664423e-04,3.145678713917732239e-02,-1.472906675189733505e-03,-3.552582487463951111e-02,3.573755020624957979e-05,4.939576145261526108e-03,1.904100738465785980e-02,-1.070078462362289429e-02,3.962094336748123169e-02,1.303526479750871658e-02,2.027997747063636780e-02,-3.166545554995536804e-02,-3.857108065858483315e-03,1.604139618575572968e-02,-7.295248797163367271e-04,-9.227063506841659546e-03,-6.331786978989839554e-03,-1.251359283924102783e-02,1.677173562347888947e-02,2.110160887241363525e-02,-5.255839787423610687e-03,2.468810044229030609e-02,1.355041563510894775e-02,9.533545002341270447e-03,1.392862666398286819e-02,-7.459901273250579834e-03,-1.707169786095619202e-02,3.046561032533645630e-02,1.132679078727960587e-02,1.052472088485956192e-02,-1.125506125390529633e-02,2.321437746286392212e-02,8.209804072976112366e-03,-2.575752697885036469e-02,2.618790604174137115e-02,1.939313486218452454e-02,-1.206365134567022324e-02,6.299182306975126266e-03,-2.556189894676208496e-02,-1.488393754698336124e-03,-7.922885008156299591e-03,1.610660552978515625e-02,9.135770611464977264e-03,-3.469115123152732849e-02,-1.266357395797967911e-02,-1.255271863192319870e-02,3.255555639043450356e-03,1.292440947145223618e-02,7.994614541530609131e-03,-1.521976385265588760e-02,-1.141156256198883057e-02,3.853847738355398178e-03,3.857760131359100342e-02,1.195279601961374283e-02,-1.448942348361015320e-02,1.738470047712326050e-02,-9.512352407909929752e-04,-1.340695563703775406e-02,-5.735125392675399780e-03,2.474026754498481750e-02,1.256575994193553925e-02,-1.388950180262327194e-02,-3.615183010697364807e-02,1.868887804448604584e-02,-1.461984124034643173e-02,-3.961442504078149796e-03,-7.538151927292346954e-03,-1.144416723400354385e-02,6.260056979954242706e-03,-8.320659399032592773e-03,-2.279704064130783081e-02,-3.737775608897209167e-02,1.006173714995384216e-02,1.622398197650909424e-02,-2.618790604174137115e-02,5.308006890118122101e-03,-1.571535132825374603e-02,-1.104476163163781166e-03,3.798420075327157974e-03,9.468336589634418488e-03,1.905404962599277496e-02,1.216146536171436310e-02,-3.758642449975013733e-02,-4.613531753420829773e-03,7.962009869515895844e-03,2.963745733723044395e-03,1.734557561576366425e-02,-2.149286307394504547e-02,4.955878481268882751e-03,-7.453380618244409561e-03,-2.599227800965309143e-02,2.556189894676208496e-02,-1.679782010614871979e-02,-9.365632431581616402e-04,-3.046561032533645630e-02,-1.559797581285238266e-02,-2.135592279955744743e-03,1.062253396958112717e-02,-6.191587541252374649e-03,4.272488877177238464e-02,-2.444030530750751495e-02,-1.832370832562446594e-02,-1.236361265182495117e-02,1.879321224987506866e-02,1.068122219294309616e-02,-4.825460538268089294e-02,1.972570084035396576e-03,3.257837891578674316e-02,-3.093511611223220825e-02,2.614878118038177490e-03,2.222320251166820526e-02,-1.643265038728713989e-01,1.628918945789337158e-02,2.239274606108665466e-02,1.622398197650909424e-02,1.576751843094825745e-02,4.215757362544536591e-03,2.095814980566501617e-02,2.132331952452659607e-02,-1.261140685528516769e-02,4.023390822112560272e-03,1.695432141423225403e-02,-5.979658570140600204e-03,1.565014198422431946e-02,2.269270597025752068e-03,-1.021823938935995102e-02,-1.282007526606321335e-02,-3.200454264879226685e-02,1.270759035833179951e-03,3.578665852546691895e-02,1.357649918645620346e-02,2.295354194939136505e-02,-9.018395096063613892e-03,-5.409080535173416138e-03,-2.181890793144702911e-02,8.816246874630451202e-03,1.396775245666503906e-02,-3.902754280716180801e-03,4.104902036488056183e-03,-1.505511114373803139e-03,-1.366779115051031113e-02,-1.958876103162765503e-02,4.053387045860290527e-02,1.335478853434324265e-02,1.390254311263561249e-02,1.478938478976488113e-02,1.002913340926170349e-02,-2.393167652189731598e-02,1.151589676737785339e-02,-1.210277713835239410e-02,1.107899658381938934e-02,1.302874367684125900e-02,5.122161470353603363e-03,-1.944530196487903595e-02,3.466262132860720158e-04,-1.282007526606321335e-02,3.111770004034042358e-02,-2.642265707254409790e-02,6.025305017828941345e-03,3.211539704352617264e-03,-2.333175390958786011e-02,6.716519594192504883e-03,-1.834979280829429626e-02,-3.591707721352577209e-02,2.506631240248680115e-02,-8.255450055003166199e-03,7.440338842570781708e-03,-3.086012555286288261e-03,-7.759862579405307770e-03,-2.123202756047248840e-02,1.263096928596496582e-02,-2.955268695950508118e-02,-8.079386316239833832e-03,2.910926565527915955e-02,-1.896275579929351807e-02,-1.361562404781579971e-02,-6.530674174427986145e-03,-1.348520629107952118e-02,-9.474856778979301453e-03,-2.619768725708127022e-03,1.280703302472829819e-02,9.585712105035781860e-03,-2.622703090310096741e-02,-6.009002681821584702e-03,-2.101031690835952759e-02,2.073643915355205536e-02,-4.264663904905319214e-03,-1.386341825127601624e-02,4.376823082566261292e-02,2.830067463219165802e-02,3.518021665513515472e-03,1.781833940185606480e-03,1.120289415121078491e-02,-1.545451581478118896e-02,-5.415601655840873718e-03,-2.288833260536193848e-03,1.728036627173423767e-02,6.716519594192504883e-03,-2.069731429219245911e-02,-1.205061003565788269e-02,-5.575363524258136749e-03,-9.787860326468944550e-03,-6.833895575255155563e-03,-1.261792797595262527e-02,-4.718517884612083435e-02,1.445029862225055695e-02,3.289138153195381165e-02,-9.527024812996387482e-03,-2.737144706770777702e-03,-2.903101406991481781e-02,3.984265495091676712e-03,9.513982571661472321e-03,-3.119595162570476532e-02,-3.156112134456634521e-02,-8.640182786621153355e-04,2.427076362073421478e-02,-5.294965114444494247e-03,-2.841479144990444183e-03,1.012694649398326874e-02,4.455073922872543335e-02,3.270227694883942604e-03,-2.843109332025051117e-02,-3.951660823076963425e-03,1.162675209343433380e-02,3.333480283617973328e-02,1.592401973903179169e-02,3.949215752072632313e-04,1.382429245859384537e-02,-1.514151319861412048e-02,1.469809189438819885e-02,2.556189894676208496e-03,5.021087452769279480e-02,6.263317540287971497e-03,1.158762630075216293e-02,6.080732564441859722e-04,-2.877017855644226074e-02,-1.033561490476131439e-02,-1.033431068062782288e-01,-2.879626303911209106e-02,1.327653788030147552e-02,3.356955572962760925e-02,3.837137774098664522e-04,-1.481546834111213684e-02,-7.414255291223526001e-03,8.457598276436328888e-03,-2.975157229229807854e-03,2.103639952838420868e-02,8.985790424048900604e-03,-3.710387973114848137e-03,-4.590708296746015549e-03,-1.588489487767219543e-02,1.765857823193073273e-02,-1.130722835659980774e-02,-4.000567831099033356e-03,8.177199400961399078e-03,1.655002497136592865e-02,1.027692668139934540e-02,5.562321748584508896e-03,1.461984124034643173e-02,2.438813820481300354e-02,-1.956267841160297394e-02,3.648439422249794006e-03,2.202757634222507477e-02,-3.578665852546691895e-02,-5.008045583963394165e-03,2.531410567462444305e-02,8.751038461923599243e-03,-2.171457279473543167e-03,-1.347216404974460602e-02,-1.172456517815589905e-02,9.667223785072565079e-04,-2.391863428056240082e-02,-6.827374920248985291e-03,-2.380125783383846283e-02,-1.772378571331501007e-02,2.067122980952262878e-02,-1.612290740013122559e-03,1.138547901064157486e-02,1.022475957870483398e-02,5.115640349686145782e-03,-1.060949265956878662e-02,3.294680966064333916e-03,-1.119637303054332733e-02,-1.493284478783607483e-02,1.974526420235633850e-02,1.089641172438859940e-02,-2.202757634222507477e-02,-3.839501738548278809e-02,1.694413222139701247e-04,-1.042527728714048862e-03,-1.280051283538341522e-02,2.567927539348602295e-02,-1.187454536557197571e-02,7.909842766821384430e-03,-3.687564982101321220e-03,-4.306397587060928345e-02,9.944361634552478790e-03,-2.344913035631179810e-02,5.538683035410940647e-04,1.879647374153137207e-03,5.266273021697998047e-02,2.206670120358467102e-02,3.433250123634934425e-03,-3.203062713146209717e-02,-1.743686757981777191e-02,2.271879091858863831e-02,2.181890793144702911e-02,-4.906971938908100128e-03,5.868803709745407104e-03,-1.952355355024337769e-02,3.398689255118370056e-02,-1.631527394056320190e-02,5.849240813404321671e-03,-7.199065759778022766e-03,-1.303526479750871658e-02,2.395776100456714630e-02,-2.287529222667217255e-02,-1.043994911015033722e-02,-2.196236699819564819e-02,2.294050157070159912e-02,-3.961442504078149796e-03,3.114378452301025391e-02,-1.182237826287746429e-02,6.853458471596240997e-03,1.380799105390906334e-03,1.313307788223028183e-02,-1.463288348168134689e-02,8.959706872701644897e-03,1.823241636157035828e-02,1.917142421007156372e-02,-1.374604180455207825e-02,3.909275401383638382e-03,1.134635298512876034e-03,-1.524584740400314331e-02,-6.390474736690521240e-03,-5.334090441465377808e-03,-3.195237368345260620e-03,-1.484155189245939255e-02,-2.824361727107316256e-04,-5.910537391901016235e-02,2.541843988001346588e-02,-2.764858491718769073e-02,-2.187107503414154053e-02,4.564625024795532227e-02,-9.911756962537765503e-03,1.597618684172630310e-02,-1.876712962985038757e-02,-2.101031690835952759e-02,1.355041563510894775e-02,-1.042690780013799667e-02,3.236971050500869751e-02,2.657263772562146187e-03,-2.033214457333087921e-02,-9.513982571661472321e-03,-1.558493357151746750e-03,7.218628190457820892e-03,5.797073710709810257e-03,1.137895788997411728e-02,3.959486261010169983e-02,5.660134833306074142e-03,-1.772378571331501007e-02,-8.007656782865524292e-03,8.102209540084004402e-04,-1.838891766965389252e-02,5.884086931473575532e-05,5.761208944022655487e-03,2.715299837291240692e-02,1.227884087711572647e-02,-1.237013377249240875e-02,8.731475099921226501e-03,-3.310004994273185730e-02,4.574406426399946213e-03,1.609356328845024109e-02,-4.290747456252574921e-03,-3.375213965773582458e-02,-3.265337087213993073e-03,1.744990982115268707e-02,1.076599396765232086e-02,4.916753247380256653e-02,-3.341957461088895798e-03,-1.664131879806518555e-02,2.541843988001346588e-02,-1.007477939128875732e-02,-5.379736423492431641e-03,-5.904668476432561874e-03,-1.857150346040725708e-02,1.755424402654170990e-02,5.258448049426078796e-02,-6.690436042845249176e-03,3.245774423703551292e-03,2.101031690835952759e-02,1.264401152729988098e-02,4.016870167106389999e-03,-3.056668443605303764e-03,-1.973222196102142334e-02,3.362172469496726990e-02,-1.015955116599798203e-02,2.172761410474777222e-02,-5.240189284086227417e-02,6.187023222446441650e-02,3.325655311346054077e-02,-2.373605035245418549e-03,-2.151894569396972656e-02,1.940617710351943970e-02,4.013609606772661209e-03,-2.210582606494426727e-02,3.834285074844956398e-03,-5.246058106422424316e-03,-1.070078462362289429e-02,-2.243187045678496361e-03,-9.083603508770465851e-03,-6.488288287073373795e-03,6.149202119559049606e-03,1.806287281215190887e-02,-2.470114268362522125e-02,-1.003565359860658646e-02,1.771074533462524414e-02,-1.378516759723424911e-02,-3.619095543399453163e-03,1.263096928596496582e-02,-1.218102779239416122e-02,-9.976966539397835732e-04,1.845412701368331909e-02,4.835241939872503281e-03,4.336393903940916061e-03,-7.492505945265293121e-03,-1.100074592977762222e-02,1.038778200745582581e-02,-2.280682325363159180e-03,-1.336782984435558319e-02,-8.583125309087336063e-04,5.482766777276992798e-02,-2.334479708224534988e-03,4.134246148169040680e-03,1.872800476849079132e-02,7.329483516514301300e-03,-1.883233897387981415e-02,1.549364160746335983e-02,3.521282225847244263e-02,-4.088599700480699539e-03,-2.239926718175411224e-03,-9.253147058188915253e-03,-2.059298008680343628e-02,-1.260488573461771011e-02,1.459375768899917603e-02,-3.917752206325531006e-02,-3.422164544463157654e-02,-2.197540923953056335e-02,2.137548662722110748e-02,1.829762570559978485e-02,-5.650353617966175079e-03,4.173371475189924240e-03,7.140377536416053772e-03,9.044478647410869598e-03,-1.262607867829501629e-03,-1.031605247408151627e-02,-1.878017093986272812e-03,-7.303399965167045593e-03,5.167155340313911438e-02,1.636744104325771332e-02,1.948442682623863220e-02,1.308091077953577042e-02,-2.764858491718769073e-02,2.759641781449317932e-02,-4.134246148169040680e-03,1.640656590461730957e-02,-2.116681821644306183e-02,-1.037474069744348526e-02,-5.917710252106189728e-03,1.357649918645620346e-02,6.119858007878065109e-03,-3.046561032533645630e-02,-1.888450607657432556e-02,-1.216146536171436310e-02,4.541801754385232925e-03,-3.788638627156615257e-03,2.331871353089809418e-02,-1.854541897773742676e-02,3.688216954469680786e-02,-1.357160857878625393e-03,-1.158110518008470535e-02,8.477160590700805187e-04,2.391863428056240082e-02,2.853542752563953400e-02,-1.227232068777084351e-02,-8.809725753962993622e-03,9.690046310424804688e-03,-2.252316288650035858e-02,1.922359131276607513e-02,-1.497196964919567108e-02,-2.937662182375788689e-03,-5.184109904803335667e-04,-5.712302029132843018e-02,-5.836199037730693817e-03,-2.921359986066818237e-02,1.574795576743781567e-03,-8.255450055003166199e-03,7.590319029986858368e-03,3.534323722124099731e-02,-8.953185752034187317e-03,1.866279542446136475e-02,-2.663784660398960114e-03,-1.632831618189811707e-02,2.400503726676106453e-04,1.987568102777004242e-02,2.891099029511678964e-05,-1.720211468636989594e-02,-3.654308244585990906e-02,8.909169700928032398e-04,1.984959840774536133e-02,-1.580664329230785370e-02,-1.193323358893394470e-02,7.714216131716966629e-03,-1.884537935256958008e-02,1.886983372969552875e-04,5.832938477396965027e-03,2.616508165374398232e-03,-2.495871623978018761e-03,-1.217450667172670364e-02,1.811503991484642029e-02,-2.247099578380584717e-02,-2.081468887627124786e-02,2.853542752563953400e-02,8.979269303381443024e-03,-6.136160343885421753e-03,1.178325340151786804e-02,-3.195237368345260620e-02
-7.011866662651300430e-03,-4.294597357511520386e-02,-1.452946290373802185e-02,-3.360707079991698265e-03,2.370605507167056203e-04,2.815681323409080505e-02,-4.116908833384513855e-02,-1.124222297221422195e-02,-8.071164600551128387e-03,5.897895898669958115e-03,1.220584195107221603e-02,2.616123296320438385e-02,-1.433810591697692871e-02,-1.201448496431112289e-02,5.959403235465288162e-03,1.180262584239244461e-02,2.884023077785968781e-02,-6.502720527350902557e-03,1.250654575414955616e-03,1.111237332224845886e-02,-4.254275932908058167e-03,9.815588127821683884e-04,-2.078956924378871918e-02,-3.280405420809984207e-03,-4.589150659739971161e-03,6.294277962297201157e-03,3.159098792821168900e-03,-1.171378139406442642e-02,-4.626738373190164566e-03,6.926439702510833740e-03,-7.765335030853748322e-04,-2.225208468735218048e-02,-7.941314950585365295e-03,8.720410987734794617e-03,-3.367882966995239258e-02,-2.486274018883705139e-02,5.170055665075778961e-03,6.099503953009843826e-03,7.428751327097415924e-03,-1.334714982658624649e-02,2.285349182784557343e-02,1.992846280336380005e-02,8.631566539406776428e-03,2.363258786499500275e-02,-2.996103651821613312e-02,1.961409114301204681e-02,-2.255278825759887695e-02,1.014875434339046478e-02,-1.869831047952175140e-02,-7.169052958488464355e-03,1.191197242587804794e-02,-5.573272239416837692e-03,-7.405472570098936558e-05,1.826092414557933807e-02,-7.230560295283794403e-03,1.905368827283382416e-02,-3.078797133639454842e-03,1.552725210785865784e-02,-1.126272510737180710e-02,-2.155499719083309174e-02,-7.264731451869010925e-03,2.045127796009182930e-03,-1.590996608138084412e-02,1.180945988744497299e-02,7.818299345672130585e-03,-6.017494015395641327e-03,-2.169168181717395782e-02,6.147343199700117111e-03,-1.098252460360527039e-02,-3.613913431763648987e-02,-3.546938300132751465e-03,2.759641036391258240e-02,2.084424346685409546e-02,-5.159804597496986389e-03,1.083900686353445053e-02,-3.348747268319129944e-02,-1.076383050531148911e-02,-8.324028924107551575e-03,1.417237683199346066e-03,-7.831968367099761963e-03,1.599197648465633392e-02,-4.790758714079856873e-03,-1.723579689860343933e-02,1.245870627462863922e-02,-1.022393070161342621e-02,9.267145767807960510e-03,-4.117592237889766693e-03,2.155499719083309174e-02,1.331981271505355835e-02,-3.351480886340141296e-02,2.894957736134529114e-02,2.762716496363282204e-03,6.331866141408681870e-03,1.294393371790647507e-02,-4.485954344272613525e-02,6.068750284612178802e-03,-2.361891977488994598e-02,3.540104255080223083e-02,-7.982320152223110199e-03,-1.966876536607742310e-02,2.221107855439186096e-02,-1.243137009441852570e-02,-1.882816082797944546e-03,-8.993778377771377563e-03,-3.586576506495475769e-02,-1.928605139255523682e-02,3.336787456646561623e-03,-8.843426592648029327e-03,-6.274629849940538406e-04,-1.741348579525947571e-02,-1.652504317462444305e-02,5.158437788486480713e-02,1.005478436127305031e-03,-3.135520964860916138e-02,2.687540603801608086e-03,-3.114676568657159805e-03,-2.259379252791404724e-02,-7.831968367099761963e-03,-3.540104255080223083e-02,-6.413876079022884369e-03,7.620108313858509064e-03,-5.053874570876359940e-03,2.249811403453350067e-02,-3.581109270453453064e-02,2.665329375304281712e-04,2.292183414101600647e-02,-8.242018520832061768e-03,-9.772874414920806885e-03,-2.472605556249618530e-02,-1.038111653178930283e-02,3.813471272587776184e-02,1.403740141540765762e-02,2.057087607681751251e-02,9.376492351293563843e-03,9.485838934779167175e-03,1.748182810842990875e-02,-1.813790947198867798e-02,4.213270731270313263e-03,-4.736085422337055206e-03,-2.821148745715618134e-02,1.972343772649765015e-02,2.773309499025344849e-02,-1.049729716032743454e-02,-3.123219357803463936e-03,1.317629497498273849e-02,1.633368618786334991e-02,2.512243948876857758e-02,3.982958942651748657e-02,-1.459780428558588028e-02,-1.213750056922435760e-02,8.672571741044521332e-03,2.484223805367946625e-03,3.843541815876960754e-02,-6.147343199700117111e-03,1.105086598545312881e-02,-6.601816043257713318e-03,-3.780667483806610107e-02,9.089456871151924133e-03,-1.134473551064729691e-02,1.569127291440963745e-02,1.708544604480266571e-02,1.059981063008308411e-02,2.911359770223498344e-03,1.927238190546631813e-03,1.912203058600425720e-02,3.879079595208168030e-02,1.059297565370798111e-02,-5.976488813757896423e-03,-1.812423951923847198e-02,7.469756528735160828e-03,3.305008634924888611e-02,-4.261109977960586548e-03,-9.615688584744930267e-03,3.438958525657653809e-02,1.265006326138973236e-02,2.553248964250087738e-02,2.096725814044475555e-02,8.440209552645683289e-03,-4.822196066379547119e-02,-6.762419361621141434e-03,-2.173268608748912811e-02,8.795587345957756042e-03,3.791601955890655518e-02,4.414879158139228821e-02,-6.769253406673669815e-03,-1.688041910529136658e-02,1.763217896223068237e-02,1.697609759867191315e-02,8.925436995923519135e-03,4.978698678314685822e-03,2.859420143067836761e-02,4.623321350663900375e-03,1.091418229043483734e-02,-6.362619809806346893e-03,-6.084058880805969238e-01,-3.140304936096072197e-03,1.461873471271246672e-04,-2.128162980079650879e-02,2.165067568421363831e-02,2.271680720150470734e-02,1.664805784821510315e-02,-1.203498803079128265e-02,-3.917350992560386658e-02,9.294481948018074036e-03,9.622522629797458649e-03,1.383921038359403610e-02,-1.452946290373802185e-02,-2.647560648620128632e-02,1.812423951923847198e-02,-2.527279034256935120e-02,-2.653027884662151337e-02,-1.548624783754348755e-02,-1.875298470258712769e-02,-4.124426282942295074e-03,1.591509208083152771e-03,1.469348277896642685e-02,1.180945988744497299e-02,1.779619976878166199e-02,2.571017853915691376e-02,2.590153552591800690e-02,1.325147133320569992e-02,1.622433960437774658e-02,-2.258012443780899048e-02,1.805589906871318817e-02,-1.548624783754348755e-02,1.998313702642917633e-02,-1.869147643446922302e-03,6.068750284612178802e-03,2.859420143067836761e-02,-2.726837061345577240e-02,-3.017972968518733978e-02,2.599721401929855347e-02,-2.344123087823390961e-03,3.575642034411430359e-02,-2.069389075040817261e-02,-1.036061439663171768e-02,9.588351473212242126e-03,3.013872541487216949e-03,-1.092785038053989410e-02,1.109870523214340210e-02,1.832926645874977112e-02,3.271862806286662817e-04,1.081850379705429077e-02,-1.342061674222350121e-03,-6.864931900054216385e-03,-1.223317906260490417e-02,-4.544728435575962067e-03,3.545571491122245789e-02,2.212906815111637115e-02,-5.573272239416837692e-03,2.606555446982383728e-02,-4.267944023013114929e-03,-1.014875434339046478e-02,-2.565486465755384415e-05,8.918602019548416138e-03,1.931338757276535034e-02,-1.117388159036636353e-02,-1.216483674943447113e-02,-2.214273624122142792e-02,-1.935439184308052063e-02,1.258172187954187393e-02,9.000612422823905945e-03,2.628424949944019318e-02,-1.489850785583257675e-02,-7.387746591120958328e-03,5.573272239416837692e-03,1.284825522452592850e-02,-1.963117625564336777e-03,1.507619675248861313e-02,8.009656332433223724e-03,3.581109270453453064e-02,-2.100826427340507507e-02,-5.070960149168968201e-03,1.682062051258981228e-03,2.007881551980972290e-02,-2.704625949263572693e-03,-5.185774341225624084e-02,1.731609925627708435e-03,1.800122484564781189e-02,-2.701208926737308502e-03,-2.345489896833896637e-02,-1.852062344551086426e-02,3.414355218410491943e-02,1.399938628310337663e-04,-1.171378139406442642e-02,5.463925190269947052e-03,1.172744948416948318e-02,3.779300488531589508e-03,4.192768130451440811e-03,2.104926854372024536e-02,-8.576893247663974762e-03,2.747339569032192230e-02,2.423399500548839569e-02,-1.105086598545312881e-02,-6.960610393434762955e-03,5.525432992726564407e-03,2.201972156763076782e-02,5.706538795493543148e-04,2.853952720761299133e-02,3.067179024219512939e-02,-3.400687128305435181e-02,4.011662676930427551e-03,2.098092623054981232e-02,-4.423080012202262878e-02,-6.061915773898363113e-03,-7.121213711798191071e-03,-7.073374465107917786e-03,-2.185228513553738594e-03,8.764833328314125538e-04,-2.456203661859035492e-02,1.642338465899229050e-04,7.661113515496253967e-03,2.697791904211044312e-03,-8.146340027451515198e-03,4.175683017820119858e-03,2.710434980690479279e-02,2.292866818606853485e-03,-2.818414941430091858e-02,2.031117677688598633e-02,3.712325543165206909e-02,-5.299905315041542053e-03,-2.344123087823390961e-02,-1.591509208083152771e-03,-1.504373503848910332e-03,-6.212268024682998657e-03,2.061188034713268280e-02,3.482697159051895142e-02,-1.737248152494430542e-02,1.165227405726909637e-02,-1.269790250808000565e-02,6.837595254182815552e-03,-3.009771928191184998e-02,3.556506335735321045e-02,-2.327721007168292999e-02,4.042416345328092575e-03,-1.245187222957611084e-02,4.797593224793672562e-03,-6.212268024682998657e-03,-1.932705566287040710e-02,-2.464404702186584473e-02,-1.748182810842990875e-02,-9.150964207947254181e-03,-3.479963541030883789e-02,4.146979376673698425e-02,-8.431667229160666466e-04,1.107820309698581696e-02,-3.285872936248779297e-02,-2.661228924989700317e-02,-7.462922483682632446e-03,-2.285349182784557343e-02,-1.947740791365504265e-03,-1.653871126472949982e-02,-1.451579388231039047e-02,-2.443902008235454559e-02,1.663438975811004639e-02,1.342232618480920792e-02,-9.889055974781513214e-03,8.638401515781879425e-03,-9.636190719902515411e-03,-7.326238788664340973e-03,5.791965872049331665e-03,-1.776886358857154846e-02,-1.515820715576410294e-02,-2.740505337715148926e-02,4.886437207460403442e-03,1.469348277896642685e-02,-6.615484599024057388e-03,2.674897387623786926e-02,-9.178301319479942322e-03,2.633892185986042023e-02,-2.590153552591800690e-02,1.113971043378114700e-02,-1.291659660637378693e-02,1.662072166800498962e-02,-2.204022370278835297e-03,1.115337852388620377e-02,-1.972343772649765015e-02,1.266031526029109955e-03,1.001207064837217331e-02,6.618901621550321579e-03,-2.335922047495841980e-02,1.321730017662048340e-02,1.297126989811658859e-02,4.346537217497825623e-02,1.835660263895988464e-02,-7.886641658842563629e-03,3.013872541487216949e-03,-4.241461865603923798e-04,3.502516308799386024e-03,1.217167079448699951e-02,9.759206324815750122e-03,3.540104255080223083e-03,-5.057291709817945957e-04,4.942477494478225708e-02,3.600244969129562378e-02,-2.162333950400352478e-02,1.880765892565250397e-02,-2.867621183395385742e-02,3.326877951622009277e-02,-3.982958942651748657e-02,8.481214754283428192e-03,-1.057247351855039597e-02,2.393329143524169922e-02,2.059821225702762604e-02,-1.285508926957845688e-02,-5.680568888783454895e-02,-3.187460824847221375e-02,7.592771667987108231e-03,1.079116761684417725e-02,6.502720527350902557e-03,6.871765945106744766e-03,-5.248648580163717270e-03,8.023325353860855103e-03,2.925028325989842415e-03,-6.041413638740777969e-03,-8.747748099267482758e-03,1.240403298288583755e-02,-6.427544634789228439e-03,-2.299017459154129028e-02,2.191037498414516449e-02,1.288242544978857040e-02,-3.731034230440855026e-04,-1.433810591697692871e-02,-3.455360606312751770e-02,-1.284142024815082550e-02,-4.797593224793672562e-03,-2.037951909005641937e-02,1.683941483497619629e-02,4.242657870054244995e-02,1.284825522452592850e-02,3.456385573372244835e-03,-1.493951305747032166e-02,-1.797388866543769836e-02,-5.843222141265869141e-03,1.574594713747501373e-02,1.842494495213031769e-02,2.527279034256935120e-02,1.308745145797729492e-02,1.227418426424264908e-02,2.810214087367057800e-02,9.636190719902515411e-03,1.424242742359638214e-02,-2.594253979623317719e-02,1.367519050836563110e-02,3.591360524296760559e-03,2.829349786043167114e-02,-1.267056632786989212e-02,-5.586940795183181763e-03,-8.833174942992627621e-04,-3.309450810775160789e-03,-2.044786140322685242e-02,1.230835448950529099e-02,2.050253329798579216e-03,1.899901591241359711e-02,1.610132306814193726e-02,5.224728956818580627e-03,-4.814678337424993515e-03,1.162493694573640823e-02,2.505409717559814453e-02,4.001411143690347672e-03,1.202131900936365128e-02,-9.253476746380329132e-03,-5.248648580163717270e-03,3.353872802108526230e-03,-2.192404307425022125e-02,-3.397953510284423828e-02,-5.826137028634548187e-03,3.453395620454102755e-04,1.481649838387966156e-02,-6.519806105643510818e-03,1.902891526697203517e-04,9.895890019834041595e-03,-5.604025907814502716e-03,1.431076880544424057e-02,-1.902635209262371063e-02,-1.422875840216875076e-02,1.636102236807346344e-02,1.797388866543769836e-02,-4.770256113260984421e-03,-1.143357995897531509e-02,-1.700001768767833710e-03,-1.775519549846649170e-02,-8.283023722469806671e-03,3.792968811467289925e-03,4.469552543014287949e-03,1.161810290068387985e-02,-3.244525985792279243e-03,-2.516685985028743744e-03,7.427897071465849876e-04,-3.479963541030883789e-02,2.340022660791873932e-02,-5.327241960912942886e-03,5.269151180982589722e-03,-8.481214754283428192e-03,-2.134997211396694183e-02,-1.147458516061306000e-02,-2.240243554115295410e-02,-1.650454010814428329e-03,4.865934699773788452e-02,1.809690333902835846e-02,-1.247920934110879898e-02,-9.622522629797458649e-03,1.147458516061306000e-02,8.549557067453861237e-03,-9.260311722755432129e-03,-1.126785064116120338e-03,-6.834178348071873188e-04,-1.756383851170539856e-02,-2.697791904211044312e-03,-7.214329089038074017e-04,8.385536260902881622e-03,2.346856705844402313e-02,-1.980544812977313995e-02,8.521365816704928875e-04,-3.956988919526338577e-03,-2.859420143067836761e-02,-4.581632837653160095e-02,2.102193236351013184e-02,8.802421391010284424e-02,4.831763915717601776e-03,1.580061949789524078e-02,1.280725002288818359e-02,-4.411461763083934784e-03,-2.157891634851694107e-03,3.417089115828275681e-03,-3.523702174425125122e-02,5.313573405146598816e-03,-1.190513838082551956e-02,1.655237935483455658e-02,7.756792008876800537e-03,2.044786140322685242e-02,-1.326513942331075668e-02,1.738614961504936218e-02,-1.654725405387580395e-03,-1.578695140779018402e-02,-1.237669680267572403e-02,-5.327241960912942886e-03,1.692142523825168610e-02,-1.623117248527705669e-03,-1.370252668857574463e-02,-8.139505982398986816e-03,-2.113127894699573517e-02,-1.949107646942138672e-02,-1.686675101518630981e-02,3.422556445002555847e-02,3.649451211094856262e-02,1.319679804146289825e-02,1.648403704166412354e-02,1.137207262217998505e-02,-2.754173707216978073e-03,2.643460035324096680e-02,2.275781333446502686e-02,-7.749957963824272156e-03,1.995580084621906281e-02,9.034783579409122467e-03,2.323620580136775970e-02,1.586896181106567383e-02,-3.266737237572669983e-02,8.740914054214954376e-03,2.840284444391727448e-02,2.106635365635156631e-03,1.464222674258053303e-03,-4.035582300275564194e-03,-5.959403235465288162e-03,-1.752283237874507904e-02,2.010615170001983643e-02,-9.485838934779167175e-03,-2.210173197090625763e-02,3.447159379720687866e-02,-6.434378679841756821e-03,-3.031641431152820587e-02,1.517187524586915970e-02,-6.512971594929695129e-03,-1.505227759480476379e-03,1.271840557456016541e-02,1.340865716338157654e-02,-4.691663198173046112e-03,-1.329247653484344482e-02,-2.979701571166515350e-02,-1.886233128607273102e-02,9.212472476065158844e-03,-9.755789069458842278e-04,-3.873611986637115479e-02,3.028907626867294312e-02,-2.616123296320438385e-02,1.144724804908037186e-02,-3.458094224333763123e-02,7.039203308522701263e-03,-4.603502526879310608e-02,2.345489896833896637e-02,-1.843861304223537445e-02,9.602020494639873505e-03,2.818414941430091858e-02,3.058978170156478882e-02,1.279358100146055222e-02,-3.888647304847836494e-03,1.945007033646106720e-02,7.866138592362403870e-03,-5.761212203651666641e-03,-1.391438674181699753e-02,9.390160441398620605e-03,4.378145385999232531e-04,-9.738704189658164978e-03,-6.270358338952064514e-03,1.056563947349786758e-02,-1.962775923311710358e-02,-1.530855894088745117e-03,-2.573068020865321159e-03,1.589629799127578735e-02,-6.974278949201107025e-03,1.220584195107221603e-02,-1.588262990117073059e-02,-2.810214087367057800e-02,1.712645031511783600e-02,3.509350353851914406e-03,-1.678474061191082001e-02,-1.072282530367374420e-02,1.086634304374456406e-02,-1.819599885493516922e-03,9.936895221471786499e-03,-1.353850681334733963e-02,-9.239808656275272369e-03,-6.328449118882417679e-03,1.763217896223068237e-02,-1.463880948722362518e-02,1.293026469647884369e-02,-5.501513369381427765e-03,1.731780730187892914e-02,3.482697159051895142e-02,1.468280388507992029e-04,2.921611070632934570e-03,2.458595670759677887e-03,-5.395583808422088623e-03,2.728203870356082916e-02,-1.611499115824699402e-02,1.450554351322352886e-03,1.660705357789993286e-02,2.098092623054981232e-02,-2.521811798214912415e-02,-1.331297867000102997e-02,1.709911413490772247e-02,-1.828142674639821053e-03,-1.126956008374691010e-02,1.023759879171848297e-02,3.123219357803463936e-03,-1.675740443170070648e-02,2.021549828350543976e-02,1.027860399335622787e-02,-1.491217687726020813e-02,9.861718863248825073e-03,1.143357995897531509e-02,-1.197347976267337799e-02,-5.193975195288658142e-02,-1.139257475733757019e-02,1.834293454885482788e-02,1.779619976878166199e-02,-1.243820413947105408e-02,4.397793672978878021e-03,-2.642093226313591003e-02,-1.090051420032978058e-02,-1.298493798822164536e-02,-4.611703380942344666e-02,6.355785881169140339e-04,-4.745653271675109863e-02,1.044945791363716125e-02,-1.463880948722362518e-02,-2.520444802939891815e-02,3.039842471480369568e-02,-3.652184829115867615e-02,1.624185097170993686e-04,-2.834817022085189819e-02,9.554181247949600220e-03,-1.364785339683294296e-02,-2.044786140322685242e-02,-4.466818645596504211e-02,-1.476182416081428528e-02,1.571860909461975098e-02,6.704328581690788269e-03,3.127319738268852234e-02,1.459780428558588028e-02,7.093876600265502930e-03,3.285872936248779297e-02,-1.281408406794071198e-02,7.510761730372905731e-03,-1.683941483497619629e-02,-1.282775215804576874e-02,-4.475019872188568115e-02,1.534956414252519608e-02,9.349155239760875702e-03,1.043578982353210449e-02,5.275985598564147949e-02,1.042895577847957611e-02,2.781510539352893829e-02,3.493632003664970398e-02,-6.277192384004592896e-03,-1.083900686353445053e-02,-1.627901196479797363e-02,-3.619380667805671692e-02,8.590562269091606140e-03,3.499099286273121834e-03,-2.432540204608812928e-04,-1.077066455036401749e-02,-2.099801320582628250e-03,-9.608854539692401886e-03,1.705810800194740295e-02,1.284825522452592850e-02,7.975486107170581818e-03,1.247920934110879898e-02,4.040366038680076599e-02,-2.944163978099822998e-02,2.498575486242771149e-02,2.581610810011625290e-03,-9.157798252999782562e-03,-5.634780041873455048e-03,-2.566233975812792778e-03,2.096725814044475555e-02,-1.336765196174383163e-02,3.693189844489097595e-02,3.464928362518548965e-03,-6.509554572403430939e-03,-1.338815502822399139e-02,-2.422032691538333893e-02,-9.349155239760875702e-03,2.389228716492652893e-02,-2.908626198768615723e-02,1.344966236501932144e-02,1.607398688793182373e-02,-1.301910961046814919e-03,-1.284142024815082550e-02,-1.119438372552394867e-02,-2.993370033800601959e-02,-3.135520964860916138e-02,2.230675704777240753e-02,-5.327241960912942886e-03,-1.704443991184234619e-02,1.940906606614589691e-02,-2.461670897901058197e-02,9.923226200044155121e-03,1.789187826216220856e-02,-2.236143127083778381e-02,1.621066965162754059e-02,-4.349954426288604736e-03,3.801511484198272228e-04,9.892472298815846443e-04,2.401530183851718903e-02,-1.757750660181045532e-02,1.421509031206369400e-02,1.560926251113414764e-02,-1.843861304223537445e-02,-3.162515815347433090e-03,1.595097221434116364e-02,7.298902142792940140e-03,-3.355581546202301979e-03,1.440516643924638629e-04,-1.124222297221422195e-03,-3.589310497045516968e-02,-5.012869834899902344e-03,2.700867131352424622e-02,-4.011662676930427551e-03,-2.251178212463855743e-02,4.643823951482772827e-03,-2.700867131352424622e-02,1.200765091925859451e-02,1.662413822486996651e-03,-1.038111653178930283e-02,-1.307036611251533031e-03,-1.477549318224191666e-02,-1.565026864409446716e-02,-1.858896389603614807e-02,8.440209552645683289e-03,-2.300384268164634705e-02,-9.164633229374885559e-03,1.864363811910152435e-02,-9.424331597983837128e-03,1.207599230110645294e-02,-2.247077785432338715e-02,-1.655237935483455658e-02,7.633776869624853134e-03,-1.518554333597421646e-02,3.181993216276168823e-02,2.122695744037628174e-02,1.388192409649491310e-03,-1.719479262828826904e-02,1.068182010203599930e-02,-2.617490291595458984e-02,-1.582795567810535431e-02,3.929652273654937744e-03,2.864887379109859467e-02,-3.061711788177490234e-03,-1.882816082797944546e-03,-2.925028279423713684e-02,3.236666694283485413e-02,-2.637565485201776028e-04,3.799803089350461960e-03,-2.121328935027122498e-02,-9.345738217234611511e-04,-2.014715783298015594e-02,-1.767318509519100189e-02,3.903682529926300049e-02,-1.079800189472734928e-03,-1.238353084772825241e-02,-2.778093330562114716e-03,-2.022916637361049652e-02,-2.720002830028533936e-02,9.711367078125476837e-03,-8.289857767522335052e-03,9.581517428159713745e-03,-3.493973519653081894e-03,-1.221267599612474442e-02,7.626942824572324753e-03,-7.934480905532836914e-03,8.850260637700557709e-04,-3.220606362447142601e-03,-5.723624024540185928e-03,7.752520468784496188e-05,4.335602745413780212e-02,-7.579103577882051468e-03,1.529489085078239441e-02,-1.093468535691499710e-02,4.418296273797750473e-03,-2.821148745715618134e-02,3.536687232553958893e-03,1.675740443170070648e-02,1.215800270438194275e-02,-5.419503431767225266e-03,-2.776043117046356201e-02,-1.720846071839332581e-02,1.862997002899646759e-02,1.094151940196752548e-02,3.669953672215342522e-03,3.485430777072906494e-02,-1.904002018272876740e-02,7.544932421296834946e-03,6.125132204033434391e-04,9.595186449587345123e-03,8.604230359196662903e-03,-9.383326396346092224e-03,3.600244969129562378e-02,-3.564707189798355103e-02,-1.839760690927505493e-02,3.086314722895622253e-02,-2.586052939295768738e-02,2.137730829417705536e-02,-2.730254083871841431e-03,-1.387338154017925262e-03,1.823358796536922455e-02,-1.940906513482332230e-03,-2.609289251267910004e-02,5.152970086783170700e-03,1.537690032273530960e-02,-4.499622806906700134e-02,-2.081690728664398193e-02,1.339498907327651978e-02,-1.372815575450658798e-03,-8.555536624044179916e-04,2.962189028039574623e-04,-1.219900790601968765e-02,-3.149189427495002747e-02,5.487844813615083694e-03,1.418946194462478161e-03,-5.060709081590175629e-03,-5.580106284469366074e-03,-1.158393220975995064e-03,1.210332941263914108e-02,1.867097429931163788e-02,-1.394855789840221405e-02,-1.249287743121385574e-02,-2.933229133486747742e-02,-1.645670086145401001e-02,1.977811194956302643e-02,2.981410128995776176e-03,-3.313209488987922668e-02,1.654725405387580395e-03,-1.745449006557464600e-02,-2.095359005033969879e-02,-2.843018062412738800e-02,-7.387746591120958328e-03,7.749957963824272156e-03,1.832926645874977112e-02,1.886233128607273102e-02,2.698133513331413269e-02,3.630315512418746948e-02,-7.427897071465849876e-04,1.179579179733991623e-02,-4.234456643462181091e-02,-1.304644625633955002e-02,2.166434377431869507e-02,-3.728044219315052032e-03,2.356424555182456970e-02,9.644733509048819542e-04,-2.491741254925727844e-02,-2.304484881460666656e-02,-2.038293518126010895e-03,-8.385536260902881622e-03,4.141511768102645874e-02,2.737771719694137573e-02,1.315579283982515335e-03,1.225026440806686878e-03,-1.176162064075469971e-02,-7.374078035354614258e-03,-9.062119759619235992e-03,1.327880844473838806e-02,-6.003825459629297256e-03,6.420710124075412750e-03,1.597830839455127716e-02,-1.164373126812279224e-03,-4.770256113260984421e-03,-4.327401518821716309e-02,1.016242243349552155e-02,3.736928477883338928e-02,4.346537403762340546e-03,3.184726927429437637e-03,-5.031663458794355392e-04,3.419224813114851713e-04,3.336787456646561623e-03,-2.344123087823390961e-02,3.559239953756332397e-02,1.327880844473838806e-02,-8.617898449301719666e-03,6.031162105500698090e-03,3.581109223887324333e-03,-2.169168181717395782e-02,4.544728435575962067e-03,-8.521365816704928875e-04,-1.738614961504936218e-02,-6.146489176899194717e-04,-1.953208073973655701e-02,-8.788753300905227661e-03,2.233409322798252106e-02,1.358634606003761292e-02,1.435177400708198547e-02,-1.465247757732868195e-02,1.924504525959491730e-02,-2.161308890208601952e-03,-2.150032483041286469e-02,-3.545571491122245789e-02,2.837550640106201172e-02,3.936486691236495972e-02,1.235619373619556427e-02,-1.226734928786754608e-02,1.888966746628284454e-02,-8.822923526167869568e-03,2.040685527026653290e-02,-2.739138528704643250e-02,1.560755423270165920e-03,-1.618333347141742706e-02,-1.935439184308052063e-02,-9.848050773143768311e-03,-1.001890469342470169e-02,-3.840808197855949402e-02,-2.878555841743946075e-02,-3.446134272962808609e-03,-2.826615981757640839e-02,1.314895879477262497e-02,2.186937034130096436e-01,-1.362735126167535782e-02,-3.066837321966886520e-03,4.010295867919921875e-02,2.540605608373880386e-03,-1.498051825910806656e-02,1.059297565370798111e-02,2.419299073517322540e-02,-1.049046311527490616e-02,2.252545021474361420e-02,-3.668586909770965576e-02,-3.367882966995239258e-02,-1.170011330395936966e-02,1.816182862967252731e-03,4.773673601448535919e-03,-5.289653688669204712e-02,-2.519077993929386139e-02,-2.458937279880046844e-02,-6.991364061832427979e-03,-3.277671709656715393e-02,1.318996399641036987e-02,-1.316946092993021011e-02,1.634735427796840668e-02,-1.925871334969997406e-02,2.897691540420055389e-02,2.378294058144092560e-02,1.790554635226726532e-02,1.805931562557816505e-03,2.413831651210784912e-02,6.834178231656551361e-03,-1.962775923311710358e-02,5.204226821660995483e-03,-2.755027962848544121e-04,9.055285714566707611e-03,-2.694033086299896240e-02,1.306694839149713516e-02,1.683941483497619629e-02,2.103218343108892441e-03,1.098594162613153458e-03,-3.004902682732790709e-04,3.097591223195195198e-03,-1.174795255064964294e-02,2.145931869745254517e-02,-1.912203058600425720e-02,-3.540104255080223083e-03,1.861630193889141083e-02,-5.935483612120151520e-03,-2.171901799738407135e-02,1.130373030900955200e-02,9.383326396346092224e-03,-4.283662885427474976e-02,-1.606031879782676697e-02,3.406154364347457886e-02,2.046152949333190918e-02,6.198599468916654587e-03,2.485932316631078720e-03,3.438958525657653809e-02,1.086634304374456406e-02,-2.510876953601837158e-02,1.655237935483455658e-02,-3.444425761699676514e-03,2.300384268164634705e-02,-2.903158776462078094e-02,3.069912828505039215e-02,2.081690728664398193e-02,1.845228113234043121e-02,-4.040366038680076599e-02,-4.141511861234903336e-03,1.634735427796840668e-02,-8.077998645603656769e-03,-1.243137009441852570e-02,-2.072122879326343536e-02,-5.064126104116439819e-03,7.790963165462017059e-03,-1.552212750539183617e-03,-2.523178607225418091e-02,1.281408406794071198e-02,7.401414681226015091e-03,1.211699750274419785e-02,2.676264196634292603e-02,-1.963117625564336777e-03,-1.981911621987819672e-02,2.006514742970466614e-02,2.330454764887690544e-03,-1.661559566855430603e-03,-9.465336799621582031e-03,3.578375652432441711e-02,9.226140566170215607e-03,-2.076223306357860565e-02,1.323096919804811478e-02,1.612866064533591270e-03,-8.833174942992627621e-04,-1.807640073820948601e-03,-2.990636229515075684e-02,-5.023120902478694916e-03,-2.203338965773582458e-02,8.638401515781879425e-03,1.377086900174617767e-02,-2.670796774327754974e-02,1.447137212380766869e-03,-8.802421391010284424e-03,-8.248852565884590149e-03,1.625167578458786011e-02,2.837892388924956322e-03,-2.625691145658493042e-02,-1.018975954502820969e-02,6.933273747563362122e-03,3.922818228602409363e-02,3.373350203037261963e-02,-4.166115075349807739e-02,3.251360263675451279e-03,-1.862997002899646759e-02,-1.983278430998325348e-02,-1.330614462494850159e-02,3.354214504361152649e-02,2.361891977488994598e-02,-2.072122879326343536e-02,-2.718636021018028259e-02,1.563659869134426117e-02,-1.280725002288818359e-02,-1.489850808866322041e-03,-4.298698157072067261e-03,2.195479755755513906e-04,1.004624180495738983e-02,5.778297781944274902e-03,-2.520444802939891815e-02,-4.852266609668731689e-02,1.144724804908037186e-02,7.059705909341573715e-03,-2.870354801416397095e-02,1.595097221434116364e-02,-2.062555029988288879e-02,8.296691812574863434e-03,-1.688041957095265388e-03,-5.313573637977242470e-04,-2.772967796772718430e-03,1.629268005490303040e-02,-4.179783165454864502e-02,-1.815157756209373474e-02,1.466785441152751446e-03,-9.520010091364383698e-03,6.195182446390390396e-03,-2.637992799282073975e-02,-1.308061648160219193e-02,-1.515820715576410294e-02,-3.419822826981544495e-02,2.077590115368366241e-02,-1.097568962723016739e-02,-1.875298470258712769e-02,-2.028384059667587280e-02,-5.648448131978511810e-03,1.771760638803243637e-03,-2.263821428641676903e-03,-2.878555841743946075e-02,3.838074579834938049e-02,-2.745972760021686554e-02,-3.294073790311813354e-02,-1.227418426424264908e-02,8.330862969160079956e-03,-1.566735329106450081e-03,-5.926599353551864624e-02,3.337812423706054688e-02,1.082533784210681915e-02,-1.154976058751344681e-02,-1.127639412879943848e-02,2.352324128150939941e-02,-1.738614886999130249e-01,2.262112870812416077e-02,6.543725728988647461e-03,-1.336081768386065960e-03,2.732304483652114868e-02,-1.590996608138084412e-02,2.993370033800601959e-02,2.524545416235923767e-02,-2.215982181951403618e-03,1.388704963028430939e-02,4.801010247319936752e-03,-1.210332941263914108e-02,1.113971043378114700e-02,-1.734172692522406578e-03,-9.294481948018074036e-03,-3.497390542179346085e-03,-3.346013650298118591e-02,1.899901591241359711e-02,3.250335156917572021e-02,1.899901591241359711e-02,-1.285679754801094532e-03,-1.080483570694923401e-02,8.119003847241401672e-03,-3.130053728818893433e-02,-1.601931266486644745e-02,2.007881551980972290e-02,-6.181513890624046326e-03,8.563225157558917999e-03,-3.216868935851380229e-05,-2.219741046428680420e-02,-2.873088419437408447e-02,4.417612776160240173e-02,1.966876536607742310e-02,1.459780428558588028e-02,1.023076474666595459e-02,-1.729047112166881561e-02,-2.340022660791873932e-02,-1.220584195107221603e-02,1.103719789534807205e-02,3.073671599850058556e-03,1.483016647398471832e-02,2.163700759410858154e-02,-1.455679908394813538e-02,-5.867141764611005783e-03,-1.433810591697692871e-02,3.277671709656715393e-02,-8.850260637700557709e-03,8.662320906296372414e-04,1.306694839149713516e-02,-1.517187524586915970e-02,-1.346333068795502186e-03,-7.866138592362403870e-03,-1.116704661399126053e-02,2.338655665516853333e-02,-1.778594800271093845e-03,1.242453604936599731e-02,-2.296283841133117676e-02,-1.323780324310064316e-02,-1.337448693811893463e-02,1.828826032578945160e-02,-3.654918447136878967e-02,-2.461670897901058197e-02,2.666696347296237946e-02,-1.899901591241359711e-02,-1.760484278202056885e-02,6.885434500873088837e-03,-1.503519155085086823e-02,-9.622522629797458649e-03,-1.584162563085556030e-02,1.078433264046907425e-02,6.687243469059467316e-03,-1.208966132253408432e-02,5.925232544541358948e-03,-2.491741254925727844e-02,2.607922442257404327e-02,-1.072282530367374420e-02,-2.607922442257404327e-02,3.348747268319129944e-02,2.273047715425491333e-02,1.036744844168424606e-02,-1.292086817556992173e-04,2.990636229515075684e-02,-1.688041910529136658e-02,8.713576942682266235e-03,3.063420299440622330e-03,-1.021026168018579483e-02,2.571017853915691376e-02,-2.055720798671245575e-02,1.541790552437305450e-02,-8.460712619125843048e-03,-1.930655329488217831e-03,-8.173677138984203339e-03,-5.125633440911769867e-03,-1.779619976878166199e-02,1.988745853304862976e-02,4.362939298152923584e-02,-6.572557322215288877e-05,-7.927646860480308533e-03,-3.177892882376909256e-03,3.605028847232460976e-03,6.120006553828716278e-03,-3.455360606312751770e-02,-3.039842471480369568e-02,7.626942824572324753e-03,2.998837269842624664e-02,-9.868552908301353455e-03,1.262956112623214722e-02,1.470715086907148361e-02,3.496365621685981750e-02,-4.578899219632148743e-02,-2.115861512720584869e-02,5.645031109452247620e-03,7.579103577882051468e-03,1.369569264352321625e-02,1.469348277896642685e-02,5.395583808422088623e-03,2.115861512720584869e-02,-6.092669907957315445e-03,1.265006326138973236e-02,1.483870903030037880e-03,2.361891977488994598e-02,3.472616663202643394e-04,1.109187118709087372e-02,1.526755373924970627e-02,-3.698657080531120300e-02,-9.786543436348438263e-03,-1.088001132011413574e-01,-3.015239350497722626e-02,1.638835854828357697e-02,1.360001415014266968e-02,-6.065333262085914612e-03,-1.220584195107221603e-02,1.078433264046907425e-02,1.576986629515886307e-03,-1.401006476953625679e-03,5.921815522015094757e-03,-5.091462749987840652e-03,-6.601816043257713318e-03,-8.542723022401332855e-03,-5.105130840092897415e-03,1.063398085534572601e-02,-8.105334825813770294e-03,9.379909606650471687e-04,-6.061915773898363113e-03,7.305736187845468521e-03,5.501513369381427765e-04,-4.500306211411952972e-03,1.407840661704540253e-02,2.266213484108448029e-02,-2.982435375452041626e-02,8.570059202611446381e-03,5.525432992726564407e-03,-2.971500530838966370e-02,2.010956872254610062e-03,1.902635209262371063e-02,1.207599230110645294e-02,-5.289653781801462173e-03,-7.278399541974067688e-03,-2.329087816178798676e-02,-1.690775714814662933e-02,-1.914936676621437073e-02,1.324463728815317154e-02,-3.564707189798355103e-02,-9.014280512928962708e-03,-2.848143689334392548e-03,-2.721711527556180954e-03,1.845228020101785660e-03,9.786543436348438263e-03,2.426133304834365845e-02,-1.615599729120731354e-02,1.480453880503773689e-03,-9.062119759619235992e-03,-1.845228113234043121e-02,1.668906211853027344e-02,2.124062553048133850e-02,-2.356424555182456970e-02,-3.389752283692359924e-02,6.096086930483579636e-03,-9.663527831435203552e-03,-1.718112453818321228e-02,1.616966538131237030e-02,-1.668906211853027344e-02,3.553772578015923500e-03,1.278845593333244324e-03,-3.351480886340141296e-02,-3.365832613781094551e-03,-2.461670897901058197e-02,-9.000612422823905945e-03,5.829554051160812378e-03,2.129529975354671478e-02,1.809690333902835846e-02,-5.716789979487657547e-03,-8.016491308808326721e-03,-2.072122879326343536e-02,2.048886567354202271e-02,1.298493798822164536e-02,6.560810841619968414e-03,1.473448798060417175e-02,-7.818299345672130585e-03,2.821148745715618134e-02,-5.457091145217418671e-03,-1.129689626395702362e-02,-4.568648058921098709e-03,-4.592567682266235352e-03,1.155659556388854980e-02,-1.331297867000102997e-02,-1.375720091164112091e-02,-2.590153552591800690e-02,1.541790552437305450e-02,-1.282775215804576874e-02,1.838393881916999817e-02,-3.297490999102592468e-03,1.414674916304647923e-03,1.718112453818321228e-02,1.935439184308052063e-02,6.434378679841756821e-03,-2.735379850491881371e-03,5.361412651836872101e-03,2.197871729731559753e-02,-8.665737695991992950e-03,-2.039318718016147614e-02,1.615599729120731354e-02,-4.783924669027328491e-03,-1.019659359008073807e-02,2.118595130741596222e-02,4.684829153120517731e-03,-2.130896784365177155e-02,8.679405786097049713e-03,-5.494679138064384460e-02,2.665329538285732269e-02,-7.866138592362403870e-03,-2.797912433743476868e-02,3.173792362213134766e-02,-9.957397356629371643e-03,2.957490505650639534e-03,-9.629356674849987030e-03,-2.739138528704643250e-02,-9.150964207947254181e-03,-1.913569867610931396e-03,2.103560045361518860e-02,3.710958641022443771e-03,-2.162333950400352478e-02,-1.793288253247737885e-02,9.602020145393908024e-04,4.889854229986667633e-03,1.126272510737180710e-02,4.490055143833160400e-03,1.533589512109756470e-02,1.391438674181699753e-02,-1.254755072295665741e-02,-6.550559774041175842e-03,1.063398085534572601e-02,-1.595097221434116364e-02,-2.865229267627000809e-03,2.069389075040817261e-02,3.299541026353836060e-02,-8.628150098957121372e-04,3.789551788941025734e-03,1.215202282764948905e-04,-3.162857517600059509e-02,1.034694537520408630e-02,2.222474664449691772e-02,-1.303277723491191864e-02,-3.504566475749015808e-02,-1.094835344702005386e-02,9.991568513214588165e-03,2.077590115368366241e-02,2.143198251724243164e-02,-1.057930756360292435e-02,-2.397087868303060532e-03,2.356424555182456970e-02,-2.617490291595458984e-02,-8.023325353860855103e-03,4.664326552301645279e-03,-1.649770513176918030e-02,1.734514348208904266e-02,3.482697159051895142e-02,3.577692201361060143e-03,9.431165643036365509e-03,1.771418936550617218e-02,1.120805181562900543e-02,4.600256215780973434e-04,-7.189555093646049500e-03,-1.749549619853496552e-02,2.057087607681751251e-02,-9.800211526453495026e-03,1.544524263590574265e-02,-7.096610218286514282e-02,5.959403142333030701e-02,2.154132910072803497e-02,3.331661922857165337e-03,-3.895481675863265991e-02,-1.109870523214340210e-02,-3.263320075348019600e-03,8.645235560834407806e-03,1.442011538892984390e-02,-1.000566408038139343e-04,7.230560295283794403e-03,6.181513890624046326e-03,-4.261109977960586548e-03,-4.604527493938803673e-04,7.182721048593521118e-03,1.540423743426799774e-02,-2.017449401319026947e-02,-4.179100040346384048e-03,2.103645383613184094e-04,-6.916188169270753860e-03,-1.209649536758661270e-02,2.247077785432338715e-02,4.319200757890939713e-03,-9.643025696277618408e-03,2.683098241686820984e-02,1.633368618786334991e-02,1.637639943510293961e-03,-8.112169802188873291e-03,-2.749048173427581787e-03,2.989952918142080307e-03,-8.713576942682266235e-03,-2.348223514854907990e-02,7.137444918043911457e-04,3.384285047650337219e-02,-6.366036832332611084e-03,7.510761730372905731e-03,2.378294058144092560e-02,-2.905892580747604370e-02,-5.426337476819753647e-03,1.187780126929283142e-02,3.329611569643020630e-02,-8.836592547595500946e-03,-4.086838569492101669e-03,1.850695349276065826e-02,-2.453469857573509216e-02,-1.919037289917469025e-02,7.579103577882051468e-03,-2.586052939295768738e-02,-3.195661678910255432e-02,-2.426133304834365845e-02,3.264003619551658630e-02,2.247077785432338715e-02,1.187096722424030304e-02,-2.064135333057492971e-04,1.068182010203599930e-02,-4.329451825469732285e-03,8.036993443965911865e-03,1.922112540341913700e-03,-3.208646550774574280e-03,4.110758192837238312e-03,6.014076620340347290e-02,1.796022057533264160e-02,1.852062344551086426e-02,6.424127612262964249e-03,-3.146455436944961548e-02,2.442535199224948883e-02,-1.131056435406208038e-02,-6.133674760349094868e-04,-1.088684611022472382e-02,-1.010774914175271988e-02,-1.240403298288583755e-02,1.785087399184703827e-02,2.818414941430091858e-02,-3.695923462510108948e-02,-3.797069191932678223e-02,2.673872280865907669e-03,-7.640610914677381516e-03,8.412873372435569763e-03,1.424242742359638214e-02,-1.236986275762319565e-02,3.742396086454391479e-02,-1.675740443170070648e-02,-2.106293663382530212e-02,-1.269728841180040035e-06,2.378294058144092560e-02,2.949631214141845703e-02,-1.739981770515441895e-02,2.154474612325429916e-03,1.169327832758426666e-02,-2.778776735067367554e-02,3.315943107008934021e-02,-2.258695894852280617e-03,4.951362032443284988e-03,-1.862997002899646759e-02,-5.800850316882133484e-02,-5.860307719558477402e-03,-1.783720403909683228e-02,3.796385833993554115e-03,-1.150875631719827652e-02,1.919037289917469025e-02,3.326877951622009277e-02,-8.023325353860855103e-03,1.574594713747501373e-02,2.297992352396249771e-03,-1.544524263590574265e-02,-1.048362907022237778e-02,1.061347872018814087e-02,-9.901016019284725189e-04,-2.923319581896066666e-03,-3.600244969129562378e-02,-5.265734158456325531e-03,5.658699665218591690e-03,-2.400163374841213226e-02,-1.849328540265560150e-02,6.530057173222303391e-03,-3.956988919526338577e-03,-1.327880844473838806e-02,1.264322921633720398e-02,7.667947560548782349e-03,-7.128901779651641846e-04,-2.107660472393035889e-02,6.161011755466461182e-03,-2.262112870812416077e-02,-1.729047112166881561e-02,1.998313702642917633e-02,-1.122172083705663681e-02,7.005032617598772049e-03,-4.189351107925176620e-03,-2.345489896833896637e-02
-6.006659474223852158e-03,-2.140457741916179657e-02,-1.296314690262079239e-02,-8.421363309025764465e-03,-4.548472817987203598e-03,2.540455758571624756e-02,-2.913697995245456696e-02,-9.244102053344249725e-03,-1.252836640924215317e-02,4.027990216854959726e-04,1.173238363116979599e-02,2.025408111512660980e-02,-1.273572351783514023e-02,-1.091633457690477371e-02,7.337756454944610596e-03,1.082937791943550110e-02,1.721730642020702362e-02,4.234092775732278824e-03,-3.729078685864806175e-03,-7.946449331939220428e-03,1.059526577591896057e-02,-1.535778399556875229e-02,-2.421392826363444328e-03,-1.042804215103387833e-02,-5.974050727672874928e-04,-1.006015110760927200e-02,-2.476576482877135277e-03,-2.171226777136325836e-02,-1.715041697025299072e-02,-1.911570871016010642e-04,-6.902975961565971375e-03,-1.472902484238147736e-02,-1.331766042858362198e-02,5.863265687366947532e-05,-2.636776305735111237e-02,-1.654841378331184387e-02,3.729078685864806175e-03,-1.204843632876873016e-03,1.640125736594200134e-02,-8.561830967664718628e-03,2.292965352535247803e-02,1.549156289547681808e-02,3.765867790207266808e-03,1.546480692923069000e-02,-1.426079962402582169e-02,3.772556781768798828e-03,-2.263534069061279297e-02,1.097653433680534363e-02,-1.709690690040588379e-02,9.906305931508541107e-03,1.035446394234895706e-02,5.471544805914163589e-03,4.254159517586231232e-03,2.443549747113138437e-04,4.595295060425996780e-03,3.280251473188400269e-02,-7.284244988113641739e-03,7.050132378935813904e-03,-1.399324275553226471e-02,-9.357813745737075806e-03,4.939774982631206512e-03,1.737784035503864288e-02,-6.140437908470630646e-03,1.995976828038692474e-02,1.879589399322867393e-03,1.587952114641666412e-02,-3.387274220585823059e-02,6.613680161535739899e-04,-1.727416296489536762e-03,-2.905671298503875732e-02,2.333098836243152618e-02,3.298980370163917542e-02,-5.344455130398273468e-03,-9.665504097938537598e-03,2.246142737567424774e-02,-3.258846700191497803e-02,-9.277546778321266174e-03,-9.652126580476760864e-03,2.933095907792448997e-03,-1.221398636698722839e-02,2.165875583887100220e-02,-9.852793999016284943e-03,-4.133759066462516785e-03,1.557182986289262772e-02,-1.139208470704033971e-04,1.918385177850723267e-02,-1.391297485679388046e-02,2.583264932036399841e-02,9.197278879582881927e-03,-1.962532103061676025e-02,2.600656077265739441e-02,1.847482472658157349e-02,1.105680223554372787e-02,-3.741620457731187344e-04,-2.967209555208683014e-02,2.443131757900118828e-03,-1.410026475787162781e-02,3.435434773564338684e-02,-8.321029134094715118e-03,-1.578587479889392853e-02,1.926411874592304230e-02,-2.217380329966545105e-03,4.675562493503093719e-03,-5.816024728119373322e-03,-1.356515102088451385e-02,-7.478224113583564758e-03,9.347780141979455948e-04,-1.574574224650859833e-02,9.244102053344249725e-03,-1.141800452023744583e-02,3.224064363166689873e-03,4.088274389505386353e-02,-5.565190222114324570e-03,-3.331087157130241394e-02,7.244111504405736923e-03,-6.618696730583906174e-03,-1.678921468555927277e-02,-1.957181096076965332e-02,-3.606671094894409180e-02,-1.205345243215560913e-02,-1.712366193532943726e-02,5.511678755283355713e-03,1.007352955639362335e-02,-4.369209334254264832e-02,1.502500963397324085e-03,9.839416481554508209e-03,-1.046817563474178314e-02,-2.282262966036796570e-02,-2.260858379304409027e-02,-2.658180892467498779e-02,4.695628955960273743e-02,8.923033252358436584e-03,1.521062757819890976e-02,-1.121064741164445877e-02,5.993281491100788116e-03,1.648152433335781097e-02,-1.788619905710220337e-02,-1.542467344552278519e-02,-9.036744944751262665e-03,-3.061857772991061211e-03,3.044801019132137299e-02,2.311694249510765076e-02,-3.058178909122943878e-02,-1.472902484238147736e-02,6.799297872930765152e-03,8.106983266770839691e-03,2.286276407539844513e-02,2.234102785587310791e-02,-1.915709674358367920e-02,3.145469585433602333e-03,1.585276424884796143e-02,-2.420556702418252826e-04,3.550484403967857361e-02,-1.595978811383247375e-02,3.137108404189348221e-03,7.705647964030504227e-03,-2.342463470995426178e-02,7.371201179921627045e-03,5.127064883708953857e-03,-6.484917830675840378e-03,6.836086977273225784e-03,1.125078089535236359e-02,1.040128711611032486e-02,1.796646602451801300e-02,7.618691772222518921e-03,4.385262727737426758e-02,8.073538541793823242e-03,-1.111031323671340942e-02,-1.109693571925163269e-02,3.612022381275892258e-03,3.694964945316314697e-02,-2.453165128827095032e-03,-1.125078089535236359e-02,3.735098615288734436e-02,6.829397752881050110e-03,3.285937011241912842e-03,3.090285882353782654e-02,7.939760573208332062e-03,-4.147136956453323364e-02,3.003329737111926079e-03,-3.882255032658576965e-02,7.752470206469297409e-03,3.387274220585823059e-02,2.084270678460597992e-02,-9.504970163106918335e-03,-6.287594325840473175e-03,1.765877590514719486e-03,4.484927747398614883e-03,9.939750656485557556e-03,-1.208020839840173721e-02,2.247480675578117371e-02,1.758979633450508118e-04,1.199325174093246460e-02,-3.889613086357712746e-03,-6.173080205917358398e-01,-7.933071814477443695e-03,-1.289448118768632412e-05,-3.435434773564338684e-02,1.369224023073911667e-02,1.650827936828136444e-02,2.769217081367969513e-02,-7.511668838560581207e-03,-1.530427299439907074e-02,1.693637110292911530e-02,-2.717377850785851479e-03,1.262201182544231415e-02,-1.503671519458293915e-02,-3.526404127478599548e-02,-3.438110230490565300e-03,-1.283605769276618958e-02,-3.199984133243560791e-02,-4.876230377703905106e-03,-2.294303104281425476e-02,-3.178914077579975128e-03,-8.555142208933830261e-03,2.132431045174598694e-02,6.394617259502410889e-03,7.752470206469297409e-03,2.113701961934566498e-02,-1.236114371567964554e-02,1.200663018971681595e-02,7.966515608131885529e-03,-1.131098158657550812e-02,-9.297613054513931274e-03,-3.528410801663994789e-03,1.697650551795959473e-02,-1.270896755158901215e-02,1.096984557807445526e-02,2.319721132516860962e-02,-3.138446062803268433e-02,-2.830755338072776794e-02,1.612032204866409302e-02,1.809355686418712139e-03,2.844133228063583374e-02,-2.622060663998126984e-02,-1.008690707385540009e-02,2.567211538553237915e-02,3.239114535972476006e-03,-7.076888345181941986e-03,1.510360464453697205e-02,1.735108532011508942e-02,3.642122494056820869e-03,2.145808935165405273e-02,3.852823982015252113e-03,8.407149580307304859e-04,7.725714705884456635e-03,-7.618691772222518921e-03,1.785944402217864990e-02,7.050132378935813904e-03,3.311020554974675179e-03,2.408014982938766479e-02,-1.979923434555530548e-02,-1.436782255768775940e-02,1.381933037191629410e-02,5.729069001972675323e-03,2.485606446862220764e-02,-7.598625030368566513e-03,-1.712366193532943726e-02,-2.343801222741603851e-02,5.695624276995658875e-03,1.109693571925163269e-02,1.005346234887838364e-02,1.654841378331184387e-02,-1.137787010520696640e-02,4.662184510380029678e-03,1.744472980499267578e-02,1.888953894376754761e-02,-2.284269779920578003e-03,1.239458750933408737e-02,1.434106659144163132e-02,3.119717165827751160e-02,-3.191957622766494751e-02,-4.117036703974008560e-03,3.381254384294152260e-03,2.779919467866420746e-02,8.300962857902050018e-03,-4.628739878535270691e-02,2.392964903265237808e-03,4.749140702188014984e-03,-1.723068393766880035e-02,-2.902995795011520386e-02,-1.102335751056671143e-02,2.094973064959049225e-02,-2.500322088599205017e-02,1.326916506513953209e-03,1.579925417900085449e-02,2.472228743135929108e-02,-9.076878428459167480e-03,1.839455775916576385e-02,-1.139208470704033971e-04,-2.276911959052085876e-02,1.827415823936462402e-02,-6.551807280629873276e-03,-5.973214749246835709e-03,-7.645447272807359695e-03,-8.615341968834400177e-03,2.025408111512660980e-02,1.874238252639770508e-02,2.523064613342285156e-02,1.777917705476284027e-02,-2.592629380524158478e-02,-1.195311825722455978e-02,1.189291849732398987e-02,-4.939106106758117676e-02,-1.785944448783993721e-03,-1.732433028519153595e-02,1.373906340450048447e-02,-2.387948147952556610e-02,7.391267921775579453e-03,-2.676909975707530975e-02,-4.655495751649141312e-03,9.163834154605865479e-03,1.583938673138618469e-02,-9.826038964092731476e-03,-5.551812238991260529e-03,1.816713437438011169e-02,-2.118718577548861504e-03,-5.133754108101129532e-03,2.371894754469394684e-02,4.818705469369888306e-02,-3.832757007330656052e-03,-3.352491930127143860e-02,-3.023396478965878487e-03,-1.567885279655456543e-02,-1.264207880012691021e-03,1.503671519458293915e-02,7.096955087035894394e-03,-1.579925417900085449e-02,2.321058884263038635e-02,1.292970217764377594e-02,1.551831886172294617e-02,-1.329759322106838226e-02,4.904323816299438477e-02,-1.116382516920566559e-02,1.311699207872152328e-02,3.565199906006455421e-03,1.711028441786766052e-02,-1.729757338762283325e-02,-1.458186772651970387e-03,-2.432095073163509369e-02,5.150607194082112983e-06,-2.294303104281425476e-02,-1.783268898725509644e-02,2.227413840591907501e-02,8.869521319866180420e-03,6.897959392517805099e-04,-2.870888821780681610e-02,-3.119717165827751160e-02,1.028423081152141094e-03,-2.033434808254241943e-02,3.821051504928618670e-04,-3.913024265784770250e-04,1.086115022189915180e-03,-2.009354718029499054e-02,1.379257440567016602e-02,-2.583599416539072990e-03,-1.024744100868701935e-02,1.089626736938953400e-02,-2.078919485211372375e-02,-1.399324275553226471e-02,5.548467859625816345e-03,-1.048824284225702286e-02,-1.822064630687236786e-02,-3.320385143160820007e-02,-2.710689092054963112e-03,1.125746965408325195e-02,-1.194642949849367142e-02,2.456175163388252258e-02,-2.286276407539844513e-02,1.918385177850723267e-02,-1.203338615596294403e-02,3.096974687650799751e-03,-1.605343259871006012e-02,1.935776509344577789e-02,1.562534086406230927e-02,-1.728419587016105652e-02,-1.570560783147811890e-02,-2.254169434309005737e-03,2.459854120388627052e-03,-5.324388388544321060e-03,-1.937114261090755463e-02,7.003310136497020721e-03,-5.986592732369899750e-03,1.999990083277225494e-02,1.943803206086158752e-02,-1.327752717770636082e-03,1.123071368783712387e-02,1.195980701595544815e-02,1.419391017407178879e-02,-2.215708227595314384e-04,2.157848887145519257e-02,8.494941517710685730e-03,5.849469453096389771e-03,3.387274220585823059e-02,3.272224590182304382e-02,-1.680259220302104950e-02,1.436782255768775940e-02,-3.076907992362976074e-02,3.122392669320106506e-02,-3.558510914444923401e-02,-6.471540313214063644e-03,-6.698963697999715805e-03,1.620058901607990265e-02,1.259525585919618607e-02,-5.682246293872594833e-03,-7.277556508779525757e-02,-1.819389127194881439e-02,1.969889970496296883e-03,1.256849989295005798e-02,-2.324403263628482819e-03,-4.207337275147438049e-03,4.937266930937767029e-04,8.421363309025764465e-03,8.093605749309062958e-03,-1.500996015965938568e-02,1.882933895103633404e-03,1.887616142630577087e-02,6.882909219712018967e-03,-1.427417714148759842e-02,3.269549086689949036e-02,2.113701961934566498e-02,4.377904813736677170e-03,2.867878880351781845e-03,-1.323739346116781235e-02,-1.617383398115634918e-02,3.245469182729721069e-02,-2.049488201737403870e-02,2.021394670009613037e-02,2.846808731555938721e-02,6.615352351218461990e-03,2.206009253859519958e-02,-8.140427991747856140e-03,-8.829387836158275604e-03,-3.004667535424232483e-02,-3.889613086357712746e-03,3.130419552326202393e-02,2.672896534204483032e-02,-8.414674550294876099e-03,-2.627077512443065643e-03,2.268885262310504913e-02,-2.663866616785526276e-03,-1.572734792716801167e-03,-1.153171621263027191e-02,1.397986430674791336e-02,-1.224074233323335648e-02,2.066879533231258392e-02,-2.738448046147823334e-02,7.317689713090658188e-03,-2.095307456329464912e-03,-7.698958739638328552e-03,-1.303672511130571365e-02,1.033439766615629196e-02,1.326414849609136581e-02,2.375908009707927704e-02,1.167218387126922607e-02,1.904672943055629730e-03,-8.227384532801806927e-04,1.577249728143215179e-02,1.403337623924016953e-02,4.250815138220787048e-03,8.902966044843196869e-03,-2.985938452184200287e-02,-9.941422613337635994e-04,-2.386275911703705788e-03,-2.377245761454105377e-02,-2.700990065932273865e-02,1.785944448783993721e-03,7.779226172715425491e-03,-6.150471512228250504e-03,9.625370614230632782e-03,1.139861637966532726e-06,9.404635988175868988e-03,2.414703927934169769e-02,1.189960725605487823e-02,-3.282926976680755615e-02,-1.982598938047885895e-02,6.735752802342176437e-03,1.027419697493314743e-02,-1.080262288451194763e-02,1.571062486618757248e-03,-1.329090446233749390e-02,-8.046783506870269775e-03,-4.418038297444581985e-03,1.802666694857180119e-03,1.824740134179592133e-02,3.371220827102661133e-02,-2.801324054598808289e-02,-7.511668838560581207e-03,-1.514206640422344208e-03,-2.717043459415435791e-02,2.886942401528358459e-02,-9.270857088267803192e-03,-3.205669810995459557e-03,2.577913738787174225e-02,-9.912994690239429474e-03,-1.587952114641666412e-02,-1.562534086406230927e-02,-3.018379909917712212e-03,4.896296933293342590e-02,1.848820410668849945e-02,-3.023396478965878487e-03,-1.208689715713262558e-02,-2.058518351987004280e-03,7.913004606962203979e-03,-9.752460755407810211e-03,2.799317240715026855e-03,-6.655485834926366806e-03,-1.874238252639770508e-02,2.413031645119190216e-03,-2.414703927934169769e-02,-8.648786693811416626e-03,1.224743109196424484e-02,2.635438460856676102e-03,-5.745791364461183548e-03,-8.474874310195446014e-03,-1.470226887613534927e-02,-1.101666875183582306e-02,1.182602904736995697e-02,9.048785269260406494e-02,7.906315848231315613e-03,1.060864329338073730e-02,8.407985791563987732e-03,6.832742132246494293e-03,3.856168361380696297e-03,-1.287619117647409439e-02,-1.731095090508460999e-02,1.696312800049781799e-02,-1.371230743825435638e-02,7.632069755345582962e-03,-1.106349099427461624e-02,2.674234285950660706e-02,-4.789274185895919800e-03,7.993271574378013611e-03,-2.336108824238181114e-03,-1.046817563474178314e-02,1.227418775670230389e-03,-4.735762719064950943e-03,1.073573343455791473e-02,4.270881880074739456e-03,-2.090959623456001282e-02,-1.244141068309545517e-02,-3.889613086357712746e-03,-1.395478146150708199e-03,-2.779919467866420746e-02,2.820052951574325562e-02,3.957171365618705750e-02,2.097648568451404572e-02,-2.809350844472646713e-03,2.503332216292619705e-03,-1.135111507028341293e-02,2.951156161725521088e-02,-7.478224113583564758e-03,-1.231432054191827774e-02,5.324388388544321060e-03,9.458147920668125153e-03,2.753163687884807587e-02,2.180591225624084473e-02,-1.432768907397985458e-02,7.973205298185348511e-03,1.911696232855319977e-02,2.495807129889726639e-04,-9.759149514138698578e-03,-5.274221766740083694e-03,1.950492151081562042e-02,-1.387284137308597565e-02,2.715705707669258118e-02,-2.216711454093456268e-02,-3.047476708889007568e-02,4.040113836526870728e-02,-1.444808952510356903e-02,-1.690961606800556183e-02,3.020052099600434303e-03,4.636264930013567209e-04,-1.153004355728626251e-03,1.695643877610564232e-03,1.989287883043289185e-02,-8.816010318696498871e-03,8.006650023162364960e-03,-4.077572003006935120e-02,-2.926406916230916977e-03,1.539791747927665710e-02,-4.970711306668817997e-04,-3.149148449301719666e-02,1.167887263000011444e-02,-1.145144831389188766e-02,1.322401501238346100e-02,-2.857511118054389954e-02,1.171900611370801926e-02,-3.716369718313217163e-02,1.541798468679189682e-03,-5.177232250571250916e-02,2.772561740130186081e-03,3.181255236268043518e-02,4.048140719532966614e-02,2.993296366184949875e-03,5.899636540561914444e-03,2.512362226843833923e-02,7.612002547830343246e-03,-2.378750796196982265e-04,-2.820052951574325562e-02,9.585237130522727966e-03,-1.045479811728000641e-02,-1.167218387126922607e-02,1.347819436341524124e-02,1.066884398460388184e-02,-1.031433045864105225e-02,-1.002670638263225555e-02,-4.444794263690710068e-03,1.500996015965938568e-02,-7.391267921775579453e-03,2.525740116834640503e-02,3.319381736218929291e-03,-8.802632801234722137e-03,1.620058901607990265e-02,8.273370913229882717e-04,-1.486280281096696854e-02,-3.966535907238721848e-03,-1.212034188210964203e-02,-2.252497244626283646e-03,5.083587020635604858e-03,-6.367861758917570114e-03,-1.455511245876550674e-02,5.397966597229242325e-03,1.474240235984325409e-02,-1.880927197635173798e-02,2.953162649646401405e-03,-2.145808935165405273e-02,1.334441639482975006e-02,2.836106531322002411e-02,-1.715041697025299072e-02,-5.006664432585239410e-03,-1.991963386535644531e-02,-1.134442631155252457e-02,2.705003507435321808e-02,-1.553169637918472290e-02,6.190604995936155319e-03,2.179253473877906799e-02,-6.250805221498012543e-03,-1.064208801835775375e-02,-1.826078072190284729e-02,3.007343038916587830e-02,1.064877677708864212e-02,-4.240782000124454498e-03,2.424068376421928406e-02,-6.704607221763581038e-05,-1.534440647810697556e-02,1.832766830921173096e-02,5.090275779366493225e-03,-1.064208801835775375e-02,1.995976828038692474e-02,2.341125626116991043e-03,-1.274910103529691696e-02,-5.059506744146347046e-02,-1.781930960714817047e-02,8.996611461043357849e-03,2.177915722131729126e-02,-5.668868310749530792e-03,1.527584507130086422e-03,-4.406667500734329224e-02,-1.129760313779115677e-02,-1.637450233101844788e-02,-4.543121531605720520e-02,-5.317699629813432693e-03,-4.856163263320922852e-02,1.712366193532943726e-02,-2.603331767022609711e-02,-2.347814477980136871e-02,4.979239776730537415e-02,-4.371884837746620178e-02,-5.143787246197462082e-03,-2.032097056508064270e-02,1.199325174093246460e-02,9.678882546722888947e-03,-2.180591225624084473e-02,-3.518377244472503662e-02,-1.969221048057079315e-02,1.448822300881147385e-02,-2.889617811888456345e-03,3.606671094894409180e-02,1.542467344552278519e-02,2.387948147952556610e-02,1.483604777604341507e-02,-9.451458230614662170e-03,-3.140452783554792404e-03,-2.010692469775676727e-02,-1.075579971075057983e-02,-2.690287865698337555e-02,1.878251694142818451e-02,3.478243947029113770e-02,1.875576004385948181e-02,2.996640838682651520e-02,2.022732608020305634e-02,2.256845124065876007e-02,1.744472980499267578e-02,2.284938655793666840e-02,-2.335774526000022888e-02,-1.129760313779115677e-02,-4.738438129425048828e-02,2.252497244626283646e-03,-8.414674550294876099e-03,4.334426950663328171e-03,-2.847812138497829437e-03,1.187954004853963852e-02,-2.432095073163509369e-02,2.244804985821247101e-02,1.785944402217864990e-02,-7.986582815647125244e-03,1.028088573366403580e-02,5.311010777950286865e-02,-3.761854395270347595e-02,3.293629363179206848e-02,-1.343806087970733643e-02,-2.176577970385551453e-02,-1.030095294117927551e-02,2.411359455436468124e-03,2.865537814795970917e-02,-1.053506508469581604e-02,2.769217081367969513e-02,2.913697995245456696e-02,1.141131483018398285e-02,-1.772566512227058411e-02,-4.342453554272651672e-02,-1.854171417653560638e-02,7.043443620204925537e-03,-1.641463488340377808e-02,6.424717605113983154e-03,-1.584440353326499462e-03,-2.596642822027206421e-02,-5.023386795073747635e-03,-5.293661160976625979e-05,-1.826078072190284729e-02,-4.171216860413551331e-02,4.240781813859939575e-02,-6.618696730583906174e-03,-3.047476708889007568e-02,1.482266932725906372e-02,-3.269549086689949036e-02,-1.258187834173440933e-02,-5.307666026055812836e-03,-2.911022491753101349e-02,1.297652442008256912e-02,-1.424742210656404495e-02,-6.096960045397281647e-03,1.129760313779115677e-02,2.092297375202178955e-02,-2.937778271734714508e-02,1.145813800394535065e-02,1.732433028519153595e-02,-7.484912872314453125e-03,1.645476929843425751e-02,2.442797273397445679e-02,1.155178248882293701e-02,-8.080228231847286224e-03,4.688940010964870453e-03,5.588601343333721161e-03,-2.967209555208683014e-02,-2.961858361959457397e-02,2.022732608020305634e-02,-9.217346087098121643e-03,-1.701663807034492493e-02,1.157853845506906509e-02,-2.203333750367164612e-02,2.425406128168106079e-02,1.938452012836933136e-02,-1.519725006073713303e-02,1.458186842501163483e-02,-4.441449884325265884e-03,-2.951156161725521088e-02,-1.281599048525094986e-02,1.222067605704069138e-02,-3.050152212381362915e-02,-4.548472817987203598e-03,4.632084164768457413e-03,-7.759159430861473083e-03,3.568544285371899605e-03,-3.862857352942228317e-03,-1.681597158312797546e-02,4.290948621928691864e-03,-1.513036061078310013e-02,2.069555036723613739e-02,3.470217064023017883e-02,-4.384594038128852844e-03,-6.752475164830684662e-03,1.840793713927268982e-02,-2.713030204176902771e-02,-1.256849989295005798e-02,4.284259863197803497e-03,3.406003490090370178e-02,3.219047794118523598e-03,-2.002665773034095764e-02,-1.278254576027393341e-02,3.796636685729026794e-02,7.304311729967594147e-03,-1.965207792818546295e-02,-3.107008058577775955e-03,-3.471554955467581749e-03,-3.975900262594223022e-02,-4.284259863197803497e-03,1.799322292208671570e-02,-6.297627929598093033e-03,-1.631262945011258125e-03,-1.669557020068168640e-02,-1.502333767712116241e-02,-3.625400364398956299e-02,9.792594239115715027e-03,-2.985938452184200287e-02,2.485606446862220764e-02,-1.366548426449298859e-02,-1.806011237204074860e-02,-1.498320419341325760e-02,-2.015040256083011627e-03,1.478253630921244621e-03,-6.090271286666393280e-03,-1.244809944182634354e-02,7.571033202111721039e-04,4.733087122440338135e-02,-1.033439766615629196e-02,2.709016762673854828e-02,-1.208689715713262558e-02,-8.670525858178734779e-04,-1.978585682809352875e-02,3.324398305267095566e-03,-5.722379777580499649e-03,8.836076594889163971e-03,6.936420686542987823e-03,-1.847482472658157349e-02,-1.781930960714817047e-02,2.125742100179195404e-02,8.073538541793823242e-03,1.533102802932262421e-02,3.989278152585029602e-02,-1.137118134647607803e-02,2.010023687034845352e-03,-2.240791684016585350e-03,2.433432824909687042e-02,1.224910374730825424e-03,-2.766541577875614166e-02,1.943803206086158752e-02,-4.551148042082786560e-02,-1.965207792818546295e-02,3.745801001787185669e-02,-1.010697335004806519e-02,1.503671519458293915e-02,4.846130032092332840e-03,-5.936425644904375076e-03,-3.419715678319334984e-03,-3.926401957869529724e-03,-1.819389127194881439e-02,-1.653503626585006714e-02,9.933061897754669189e-03,-3.547808527946472168e-02,-1.880927197635173798e-02,2.618716331198811531e-03,-1.665543578565120697e-02,-2.269219607114791870e-03,2.080257283523678780e-03,-2.199320308864116669e-02,-2.846808731555938721e-02,1.622734591364860535e-02,-3.555166535079479218e-03,2.359520178288221359e-03,-4.280915483832359314e-03,-2.339453436434268951e-03,1.658854819834232330e-02,1.428755559027194977e-02,-1.107017975300550461e-02,-1.241465471684932709e-02,-2.028083615005016327e-02,-2.347814477980136871e-02,1.711028441786766052e-02,1.570226391777396202e-03,-2.255507372319698334e-02,-1.406347611919045448e-03,-5.866191815584897995e-03,-3.850148245692253113e-02,-1.595978811383247375e-02,3.742456436157226562e-03,1.259525585919618607e-02,1.228087581694126129e-02,1.966545544564723969e-02,8.675542660057544708e-03,3.574564307928085327e-02,2.441459568217396736e-03,1.488955877721309662e-02,-3.799312561750411987e-02,1.524240011349320412e-03,2.345138974487781525e-02,-2.839450957253575325e-03,2.062866091728210449e-02,-7.665514014661312103e-03,-2.383934706449508667e-02,-2.774568274617195129e-02,2.050157170742750168e-03,-2.610020712018013000e-02,1.900994032621383667e-02,2.416041679680347443e-02,1.054175384342670441e-02,1.764539815485477448e-02,1.089459517970681190e-03,-8.548453450202941895e-03,-7.277556229382753372e-03,-1.191298477351665497e-02,-6.461506709456443787e-03,1.819389127194881439e-02,-1.184609532356262207e-02,9.384569711983203888e-03,1.132435910403728485e-02,-5.439438298344612122e-02,-9.578548371791839600e-03,4.125732183456420898e-02,1.783268898725509644e-02,-1.319057028740644455e-02,-1.296983566135168076e-02,3.090285928919911385e-03,8.231565007008612156e-04,-9.846105240285396576e-03,3.882255032658576965e-02,-1.926411991007626057e-03,-2.623732900246977806e-03,-2.088618464767932892e-03,6.759163923561573029e-03,-2.416041679680347443e-02,5.337766371667385101e-03,8.535075001418590546e-03,-9.083567187190055847e-03,3.078580135479569435e-03,-3.555835410952568054e-02,-1.224910374730825424e-03,1.340461615473031998e-02,9.183901362121105194e-03,-1.380595192313194275e-02,-1.696312800049781799e-02,6.367861758917570114e-03,-1.422066614031791687e-02,-3.419715678319334984e-03,-1.727081835269927979e-02,3.553159907460212708e-02,4.650144279003143311e-02,-7.979894056916236877e-03,4.361182451248168945e-03,1.412702072411775589e-02,1.594641059637069702e-02,-7.150466553866863251e-03,-1.737784035503864288e-02,-6.163849495351314545e-03,-3.595300018787384033e-03,-1.744472980499267578e-02,-4.795962944626808167e-03,-2.153835631906986237e-02,-2.838782034814357758e-02,-2.062866091728210449e-02,-4.107003100216388702e-03,-2.049488201737403870e-02,1.836780272424221039e-02,1.817248612642288208e-01,-1.749824173748493195e-02,-1.282267924398183823e-02,3.459514677524566650e-02,1.537116151303052902e-02,-6.311005912721157074e-03,2.795972861349582672e-02,1.975909993052482605e-02,-4.936430603265762329e-03,1.733770780265331268e-02,-4.179243743419647217e-02,-7.899627089500427246e-03,-2.820052951574325562e-02,4.719040356576442719e-03,1.193974073976278305e-02,-6.234082952141761780e-02,-2.275574021041393280e-02,-1.446146704256534576e-02,-1.763202063739299774e-02,-4.037438333034515381e-02,1.582600921392440796e-02,-2.381259202957153320e-02,2.959851641207933426e-03,-2.165875583887100220e-02,1.922398619353771210e-02,8.300962857902050018e-03,6.391272880136966705e-03,1.685610413551330566e-02,8.829387836158275604e-03,-1.054844353348016739e-02,-1.206682994961738586e-02,-1.899656257592141628e-03,2.949400222860276699e-04,1.013372931629419327e-02,-3.095636889338493347e-02,2.080257423222064972e-02,6.882909219712018967e-03,7.264178246259689331e-03,2.355841360986232758e-02,1.003339514136314392e-02,3.068546764552593231e-03,-1.106349099427461624e-02,2.798648551106452942e-02,-2.692963369190692902e-02,-1.846144720911979675e-02,1.747148670256137848e-02,-3.041791031137108803e-03,-2.466877549886703491e-02,4.625395406037569046e-03,6.250805221498012543e-03,-4.034762829542160034e-02,-2.307680994272232056e-02,3.834094852209091187e-02,1.021399628371000290e-02,1.067553274333477020e-02,6.916353944689035416e-03,1.832766830921173096e-02,1.751161925494670868e-02,7.279437704710289836e-05,1.238120999187231064e-02,-1.080931164324283600e-02,2.300992049276828766e-02,-4.304995760321617126e-02,3.256171196699142456e-02,8.635409176349639893e-03,3.242793306708335876e-02,-5.332415178418159485e-02,-4.317704588174819946e-03,1.624072343111038208e-02,-1.037453114986419678e-02,-1.923736371099948883e-02,-3.055503405630588531e-02,-6.341105792671442032e-03,3.302659373730421066e-03,-2.591960597783327103e-03,-6.401306483894586563e-03,-9.852793999016284943e-03,6.927223294042050838e-04,1.636112295091152191e-02,2.611358463764190674e-02,-7.224044762551784515e-03,-1.050831004977226257e-02,-7.357823196798563004e-03,2.759183757007122040e-03,1.934773055836558342e-03,-1.088957861065864563e-02,4.636766389012336731e-02,-1.018389593809843063e-03,-1.989287883043289185e-02,2.299319719895720482e-03,7.411334663629531860e-03,-1.353170629590749741e-02,-2.064203843474388123e-02,-1.642801240086555481e-02,-1.133773708716034889e-03,-2.688949927687644958e-02,8.675542660057544708e-03,1.482266932725906372e-02,-2.536442317068576813e-02,-1.127084810286760330e-02,-7.578558288514614105e-03,-3.240117803215980530e-02,1.553169637918472290e-02,4.421383142471313477e-03,-2.480255439877510071e-02,-4.117036703974008560e-03,3.055503405630588531e-02,3.504999354481697083e-02,3.208011016249656677e-02,-3.796636685729026794e-02,-4.635428544133901596e-03,-9.740754467202350497e-05,-1.350495032966136932e-02,1.317719230428338051e-03,6.193949375301599503e-03,1.886278390884399414e-02,-2.183266915380954742e-02,-9.411324746906757355e-03,2.003334695473313332e-03,-1.349826157093048096e-02,-5.571878980845212936e-03,-1.950492151081562042e-02,7.090266328305006027e-03,2.822728641331195831e-02,1.622734591364860535e-02,-2.058852836489677429e-02,-3.681587427854537964e-02,2.683598920702934265e-02,6.628729868680238724e-03,-2.825404144823551178e-02,-9.356141090393066406e-04,-1.946478709578514099e-02,4.926396999508142471e-03,3.474899334833025932e-03,6.578562781214714050e-03,5.521711893379688263e-03,3.200235078111290932e-04,-1.941127516329288483e-02,-2.127079851925373077e-02,-1.254843361675739288e-02,2.242881892016157508e-04,3.117041429504752159e-03,-1.609356701374053955e-02,-1.231432054191827774e-02,-3.488277085125446320e-03,-1.559858582913875580e-02,4.082923009991645813e-02,-8.421363309025764465e-03,-2.774568274617195129e-02,-2.187280170619487762e-02,-1.452835649251937866e-02,9.217346087098121643e-03,-3.839445998892188072e-03,-3.084934689104557037e-02,4.077572003006935120e-02,-2.900320291519165039e-02,-2.378583699464797974e-02,7.103643845766782761e-03,7.779226172715425491e-03,9.423030423931777477e-04,-6.148464605212211609e-02,4.034762829542160034e-02,1.830091327428817749e-02,-1.752499677240848541e-02,-1.054175384342670441e-02,1.452835649251937866e-02,-1.689891368150711060e-01,1.918050809763371944e-03,1.395310834050178528e-02,-2.201995812356472015e-02,2.367881312966346741e-02,-1.144475955516099930e-02,3.587942197918891907e-02,1.484942529350519180e-02,-8.382065570913255215e-04,1.551831886172294617e-02,1.303003635257482529e-02,-1.373906340450048447e-02,1.018055155873298645e-02,-6.882909219712018967e-03,-1.513036061078310013e-02,1.581263169646263123e-02,-3.641453757882118225e-02,1.068891026079654694e-02,2.806675247848033905e-02,2.179253473877906799e-02,2.161862328648567200e-02,1.143807079643011093e-02,1.767215318977832794e-02,-1.998652331531047821e-02,-1.190629601478576660e-02,2.188617922365665436e-02,-3.336104098707437515e-03,1.570560783147811890e-02,-1.963870041072368622e-02,-1.736446283757686615e-02,-2.218049392104148865e-02,3.668209537863731384e-02,4.176568239927291870e-02,4.327737726271152496e-03,1.527751702815294266e-02,-2.034772560000419617e-02,-8.081063861027359962e-04,4.682251252233982086e-03,1.113706920295953751e-02,1.637450233101844788e-02,2.480255439877510071e-02,1.761864311993122101e-02,-1.602667756378650665e-02,1.233438774943351746e-02,-5.347799975425004959e-03,2.660856582224369049e-02,-1.207351917400956154e-03,7.170533295720815659e-03,2.790621668100357056e-02,-1.626747846603393555e-02,-2.536776941269636154e-03,-2.329085581004619598e-02,-1.392635330557823181e-02,-9.859483689069747925e-03,-4.852818790823221207e-03,1.479591429233551025e-02,-2.341125532984733582e-02,-9.491591714322566986e-03,-1.701663807034492493e-02,5.876225419342517853e-03,-2.094973064959049225e-02,-1.779255457222461700e-02,1.649490185081958771e-02,3.377909888513386250e-04,-1.256849989295005798e-02,-4.210681654512882233e-03,-3.145469585433602333e-03,-6.394617259502410889e-03,-2.841457538306713104e-02,4.101150552742183208e-04,-1.036115270107984543e-02,-2.576575987040996552e-02,2.222062647342681885e-02,-3.106339275836944580e-02,1.511698216199874878e-02,1.461531268432736397e-03,-2.991289645433425903e-02,9.438080713152885437e-03,1.939789764583110809e-02,9.899617172777652740e-03,-1.070897746831178665e-02,4.155163466930389404e-02,-2.144470997154712677e-02,1.266214530915021896e-02,2.658180892467498779e-02,6.494951434433460236e-03,1.474240235984325409e-02,-2.964533865451812744e-02,1.023406349122524261e-02,5.013353191316127777e-03,1.156348851509392262e-03,-1.121733617037534714e-02,3.959846682846546173e-03,-1.931763067841529846e-02,3.422056883573532104e-02,4.361182451248168945e-02,2.137113362550735474e-03,-2.882510889321565628e-04,-1.084442832507193089e-03,-7.579394150525331497e-04,3.896301845088601112e-03,-3.384598717093467712e-02,-3.117041476070880890e-02,1.993301324546337128e-02,2.187280170619487762e-02,-1.599992066621780396e-02,1.116382516920566559e-02,1.418053265661001205e-02,4.508339241147041321e-02,-4.080247506499290466e-02,-2.382596954703330994e-02,1.262201182544231415e-02,2.397312596440315247e-02,2.325072139501571655e-02,2.670221030712127686e-02,2.806675247848033905e-02,2.375908009707927704e-02,-8.254139684140682220e-03,2.458850853145122528e-02,-1.739121973514556885e-02,3.585266694426536560e-02,-1.295645814388990402e-02,1.260194461792707443e-02,1.141800452023744583e-02,-3.617373481392860413e-02,-1.541129592806100845e-02,-1.109827309846878052e-01,-4.730411618947982788e-02,2.812026254832744598e-02,1.458186842501163483e-02,1.359859574586153030e-02,3.658844856545329094e-03,1.876913942396640778e-02,2.672227565199136734e-03,-1.692299358546733856e-02,6.655485834926366806e-03,6.949798669666051865e-03,-1.753837615251541138e-02,-6.220705341547727585e-03,6.608663126826286316e-03,1.621396653354167938e-02,1.533102802932262421e-02,6.638763472437858582e-03,-2.187280170619487762e-02,-1.533102802932262421e-02,1.082937791943550110e-02,-2.358516864478588104e-02,1.747148670256137848e-02,-4.732418339699506760e-03,-1.745810732245445251e-02,2.022732608020305634e-02,-8.816010318696498871e-03,-1.479591429233551025e-02,1.860860362648963928e-02,1.514373812824487686e-02,7.190600037574768066e-03,4.662184510380029678e-03,-4.836096428334712982e-03,9.237412363290786743e-03,-2.183266915380954742e-02,-2.404670463874936104e-03,6.183916237205266953e-03,-4.741114005446434021e-02,-4.732418339699506760e-03,-5.481578409671783447e-03,-2.345138974487781525e-02,1.538453996181488037e-02,1.363705727271735668e-03,1.036115270107984543e-02,-1.451497897505760193e-02,1.193305198103189468e-02,-2.525740116834640503e-02,-1.050162035971879959e-02,7.391267921775579453e-03,3.486270457506179810e-02,-1.337117142975330353e-02,-1.086282264441251755e-02,-9.759149514138698578e-03,-2.711692452430725098e-02,-1.282936800271272659e-02,8.387918584048748016e-03,-9.999950416386127472e-03,-4.137103445827960968e-03,3.712356323376297951e-03,-3.036774322390556335e-02,-7.812670432031154633e-03,-2.782594971358776093e-02,-6.976554170250892639e-03,1.345143932849168777e-02,2.020056918263435364e-02,3.351154038682579994e-03,9.130390360951423645e-03,-1.290963590145111084e-02,-3.876904025673866272e-02,3.079583495855331421e-02,-2.744133584201335907e-03,1.121064741164445877e-02,1.466213539242744446e-02,-7.642103009857237339e-04,2.668883278965950012e-02,2.416376024484634399e-03,-1.451497897505760193e-02,-6.829397752881050110e-03,1.427417714148759842e-02,6.257494445890188217e-03,-3.344465047121047974e-02,-1.987950131297111511e-02,-2.437446266412734985e-02,-1.442300621420145035e-03,-9.391258470714092255e-03,3.507675230503082275e-02,9.431391954421997070e-03,1.712366193532943726e-02,9.458147920668125153e-03,6.193949375301599503e-03,-2.662194194272160530e-03,6.451473105698823929e-03,1.990625634789466858e-02,1.027419697493314743e-02,-2.836106531322002411e-02,-2.347814477980136871e-02,1.466213539242744446e-02,-9.518347680568695068e-03,-3.256171196699142456e-02,1.978585682809352875e-02,-3.359515219926834106e-03,-8.862832561135292053e-03,2.013367973268032074e-02,-4.101651906967163086e-02,3.397976607084274292e-02,-1.688286103308200836e-02,-2.113701961934566498e-02,3.138446062803268433e-02,-1.412702072411775589e-02,5.270876921713352203e-03,-1.344474963843822479e-02,-1.673570461571216583e-02,2.866206690669059753e-03,-1.730760675854980946e-03,4.024060443043708801e-02,5.969870369881391525e-03,-2.167213521897792816e-02,-2.081595174968242645e-02,4.321048967540264130e-03,6.846120115369558334e-03,1.359190605580806732e-02,2.041795989498496056e-03,1.859522610902786255e-02,1.514373812824487686e-02,-5.147132091224193573e-03,-7.665514014661312103e-03,1.446146704256534576e-02,1.492467592470347881e-03,8.882899768650531769e-03,1.189291849732398987e-02,1.254843361675739288e-02,1.132435910403728485e-02,9.357813745737075806e-03,1.668219268321990967e-02,-2.189955860376358032e-02,1.672232523560523987e-02,-1.045479811728000641e-02,3.608678001910448074e-03,-1.949154213070869446e-02,-6.511673796921968460e-03,1.480929180979728699e-02,3.261522576212882996e-02,2.943129278719425201e-02,-1.479925820603966713e-03,-4.203992895781993866e-03,2.608682774007320404e-02,-3.676236048340797424e-02,-5.438100546598434448e-03,-2.028083615005016327e-02,-2.654167637228965759e-02,-1.217385288327932358e-03,2.508348971605300903e-02,-4.270881880074739456e-03,2.817377448081970215e-02,1.177920680493116379e-02,1.021399628371000290e-02,2.070892788469791412e-02,-8.043439011089503765e-04,-1.612032204866409302e-02,1.458186842501163483e-02,-1.715041697025299072e-02,8.244106429629027843e-04,-6.020037457346916199e-02,2.828079834580421448e-02,5.929736886173486710e-03,1.693637110292911530e-02,-3.365869820117950439e-02,-1.993301324546337128e-02,-1.090295612812042236e-02,-8.528386242687702179e-04,1.800660043954849243e-02,-7.618691772222518921e-03,-1.122904126532375813e-03,-2.800989663228392601e-03,5.632079206407070160e-03,-7.096955087035894394e-03,6.916353944689035416e-03,1.043473090976476669e-02,-1.947816461324691772e-02,-8.127050474286079407e-03,-3.625400364398956299e-03,-2.409687265753746033e-03,8.234073407948017120e-03,2.442797273397445679e-02,2.806675247848033905e-02,-2.070892788469791412e-02,1.795308850705623627e-02,2.494971081614494324e-02,-1.884940639138221741e-02,-2.016043663024902344e-02,-8.423871477134525776e-04,1.300996914505958557e-02,5.745791364461183548e-03,-3.068881295621395111e-02,1.032101921737194061e-02,2.585940435528755188e-02,-1.396648678928613663e-02,5.551812238991260529e-03,7.030065637081861496e-03,-1.749824173748493195e-02,6.250805221498012543e-03,-4.414693918079137802e-03,1.474240235984325409e-02,-7.170533295720815659e-03,-8.601964451372623444e-03,1.930425316095352173e-02,-1.248154416680335999e-02,-1.228756550699472427e-02,1.369892898947000504e-02,-1.874238252639770508e-02,-3.312358260154724121e-02,-1.697650551795959473e-02,1.111700199544429779e-02,1.739121973514556885e-02,2.668883185833692551e-03,9.518347680568695068e-03,1.888953894376754761e-02,-4.314360208809375763e-03,1.549156289547681808e-02,2.466877549886703491e-02,-2.353165671229362488e-02,9.933061897754669189e-03,5.003320053219795227e-02,7.926382124423980713e-03,4.535094834864139557e-03,-3.785934532061219215e-03,-1.521062757819890976e-02,3.130419552326202393e-02,-9.444769471883773804e-03,1.743135228753089905e-02,-1.667006836214568466e-05,-8.702298626303672791e-03,3.682256210595369339e-03,4.143792204558849335e-03,1.018055155873298645e-02,-1.610694453120231628e-02,-3.290953859686851501e-02,1.326414849609136581e-02,1.525076106190681458e-02,1.341130491346120834e-02,2.343801222741603851e-02,-1.173238363116979599e-02,4.264862090349197388e-02,-1.764205400831997395e-03,-1.245478820055723190e-02,5.588601343333721161e-03,1.748486422002315521e-02,3.943793475627899170e-02,-9.719016030430793762e-03,-2.874149649869650602e-04,-4.856163635849952698e-03,-6.551807280629873276e-03,3.494297340512275696e-02,-3.088613506406545639e-03,2.975236251950263977e-02,-1.941127516329288483e-02,-5.118369683623313904e-02,-1.581263169646263123e-02,-7.591935805976390839e-03,-1.601998810656368732e-03,-1.272903475910425186e-02,1.359859574586153030e-02,3.756503388285636902e-02,-1.313705928623676300e-02,1.032770890742540359e-02,5.227399058640003204e-03,-2.852159924805164337e-02,-9.912994690239429474e-03,1.153171621263027191e-02,-9.083567187190055847e-03,2.334436774253845215e-02,-5.257499217987060547e-02,-8.936410769820213318e-03,1.305010356009006500e-02,-3.729747608304023743e-02,-2.275574021041393280e-02,3.427407890558242798e-02,-1.197318546473979950e-02,1.687282696366310120e-03,-1.945140957832336426e-02,1.612032204866409302e-02,1.569223031401634216e-02,-1.138455979526042938e-02,1.822064630687236786e-02,-2.559184841811656952e-02,-1.322736032307147980e-03,1.041466463357210159e-02,-6.167193874716758728e-03,4.842785652726888657e-03,-4.849474411457777023e-03,-2.485606446862220764e-02
-8.477600291371345520e-03,-2.967815380543470383e-03,-3.548275306820869446e-02,-9.709276258945465088e-03,3.043157281354069710e-03,6.168207619339227676e-03,-1.628695055842399597e-02,-5.634263157844543457e-03,-5.748913972638547421e-04,-2.320857718586921692e-03,7.186960894614458084e-03,2.386044897139072418e-02,-2.185569889843463898e-02,-3.760542953386902809e-03,9.407908655703067780e-03,3.815575316548347473e-02,3.087051957845687866e-02,-1.353533379733562469e-02,7.147652097046375275e-03,-7.390056736767292023e-03,-1.210056245326995850e-02,-5.971663631498813629e-03,1.501596625894308090e-02,8.307262323796749115e-03,-5.801325663924217224e-03,-3.516828268766403198e-02,9.702725335955619812e-03,-1.045614387840032578e-02,9.283430874347686768e-03,8.759313262999057770e-03,5.051182117313146591e-03,8.294159546494483948e-03,-2.701825648546218872e-02,-2.103021368384361267e-02,-1.415117271244525909e-02,2.063712663948535919e-02,-1.261812821030616760e-02,2.148881787434220314e-03,3.087051957845687866e-02,-2.355908043682575226e-02,1.260502543300390244e-02,2.363442210480570793e-03,1.023994572460651398e-02,4.635164048522710800e-03,3.103758208453655243e-03,-2.272049337625503540e-02,-1.382359862327575684e-02,-1.012857072055339813e-02,-2.974366769194602966e-02,6.951108109205961227e-03,6.151828914880752563e-03,-4.939807578921318054e-03,-8.359674364328384399e-03,-1.919580274261534214e-03,-2.137089148163795471e-02,1.895995065569877625e-02,2.109572989866137505e-03,1.358774583786725998e-02,-7.114895153790712357e-03,-6.793872918933629990e-03,-2.635328331962227821e-03,2.595691941678524017e-02,1.512078940868377686e-02,1.753173023462295532e-02,-1.277536340057849884e-02,1.616902463138103485e-02,-2.623208053410053253e-02,2.351977163925766945e-03,-1.243141130544245243e-03,-1.550077460706233978e-02,2.738513983786106110e-02,3.508966788649559021e-02,1.126197446137666702e-02,-1.090164389461278915e-02,8.222092874348163605e-03,-1.269019488245248795e-02,-1.694209873676300049e-02,-9.689622558653354645e-03,5.100318230688571930e-03,-5.578575655817985535e-03,-6.879041902720928192e-03,-1.869789138436317444e-02,-1.525181904435157776e-02,9.054129943251609802e-03,9.827203117311000824e-03,-1.612971536815166473e-02,9.342393837869167328e-03,2.569486014544963837e-02,-5.568748340010643005e-03,-4.148389771580696106e-02,1.948406733572483063e-02,2.919334359467029572e-02,-1.379903056658804417e-03,2.241912484169006348e-02,-1.838342100381851196e-02,8.654490113258361816e-03,-1.771517097949981689e-02,4.853327944874763489e-02,-1.251330506056547165e-02,-1.995577290654182434e-02,-8.112561044981703162e-05,-1.442633382976055145e-02,9.840305894613265991e-03,-5.300138145685195923e-03,-1.609040610492229462e-02,-1.480631879530847073e-03,-1.003685034811496735e-02,4.913601558655500412e-03,2.598312497138977051e-02,-2.371631562709808350e-02,1.019408553838729858e-02,4.035704582929611206e-02,-1.033821795135736465e-02,-4.397345706820487976e-02,7.999342866241931915e-03,1.103922491893172264e-03,-2.123986184597015381e-02,-2.874784357845783234e-02,-3.042501956224441528e-02,9.119644761085510254e-03,2.122675813734531403e-02,1.977233216166496277e-02,-8.185241022147238255e-04,-2.759478613734245300e-02,7.743835914880037308e-03,1.006305590271949768e-02,-1.458356902003288269e-02,-2.105642110109329224e-02,-1.914339140057563782e-02,-1.404634863138198853e-02,3.943984210491180420e-02,-1.556792762130498886e-03,1.586765795946121216e-02,-6.476126611232757568e-03,1.329948101192712784e-02,1.848824508488178253e-02,-1.284087821841239929e-02,5.955284927040338516e-03,4.664645530283451080e-03,-1.315534859895706177e-02,2.236671373248100281e-02,2.367700822651386261e-02,-3.672098275274038315e-03,-2.720169723033905029e-02,2.341494895517826080e-02,-3.419866552576422691e-03,1.282122451812028885e-02,2.919334359467029572e-02,-6.931453943252563477e-03,-1.377118751406669617e-02,9.132747538387775421e-03,3.665546653792262077e-03,1.991646550595760345e-02,-9.971335530281066895e-03,9.807548485696315765e-03,3.341249004006385803e-02,-3.898123744875192642e-03,1.728277467191219330e-02,-1.793792098760604858e-02,9.155677398666739464e-04,1.207435689866542816e-02,8.071409538388252258e-03,2.754237502813339233e-02,3.904675319790840149e-02,3.940708469599485397e-03,2.578658051788806915e-02,1.650970056653022766e-02,-2.237981744110584259e-02,-1.050200406461954117e-02,6.220619659870862961e-03,2.532797865569591522e-02,9.899268858134746552e-03,-4.343623761087656021e-03,1.920890621840953827e-02,9.819013066589832306e-04,-1.158954761922359467e-02,-4.998770542442798615e-03,1.977233216166496277e-02,-1.945786178112030029e-03,-4.100810037925839424e-04,-4.520513489842414856e-02,1.863237656652927399e-02,2.458111010491847992e-02,3.315043076872825623e-02,-2.317909523844718933e-02,-2.548521384596824646e-03,1.669314131140708923e-02,4.700678866356611252e-03,1.539595145732164383e-02,-6.266479846090078354e-03,3.516828268766403198e-02,1.970681734383106232e-02,1.563344150781631470e-03,-1.500286278314888477e-03,-6.394233107566833496e-01,6.384406238794326782e-03,-2.408319897949695587e-02,-3.660960495471954346e-02,2.079436182975769043e-02,2.194741927087306976e-02,-2.438784111291170120e-03,3.839160548523068428e-03,-1.150437910109758377e-02,1.628695055842399597e-02,-1.903856731951236725e-02,1.994267106056213379e-02,-1.534353941679000854e-02,-1.909098029136657715e-02,-3.417246043682098389e-02,-1.901236176490783691e-02,-1.679796539247035980e-02,-3.024157881736755371e-02,-6.135450210422277451e-03,-2.358528785407543182e-02,6.096141412854194641e-03,2.446318417787551880e-02,-9.322740137577056885e-03,-2.177708223462104797e-02,1.741380430757999420e-02,1.103922445327043533e-02,2.616656571626663208e-02,1.447874587029218674e-02,-2.332322765141725540e-03,2.147571370005607605e-02,-1.615592092275619507e-02,2.032265625894069672e-02,-1.654900982975959778e-02,8.805173449218273163e-03,5.697157233953475952e-02,7.475225720554590225e-03,-1.660142093896865845e-02,2.299565449357032776e-02,1.043648924678564072e-02,2.016542106866836548e-02,-1.036442350596189499e-02,1.027925405651330948e-02,3.868642263114452362e-03,-1.143886428326368332e-02,-5.817704368382692337e-03,-2.361804479733109474e-03,1.903856731951236725e-02,-8.713453426025807858e-04,1.860617101192474365e-02,-6.096141412854194641e-03,2.522315364331007004e-03,-1.339775323867797852e-02,-6.295961327850818634e-03,3.960362635552883148e-03,-1.723036170005798340e-02,-7.901071570813655853e-03,4.242076072841882706e-03,-2.054540626704692841e-02,-7.593152113258838654e-03,4.934074822813272476e-04,-3.616410773247480392e-03,1.623453944921493530e-02,-5.817704368382692337e-03,-1.432151068001985550e-02,-3.105396172031760216e-03,7.802799344062805176e-03,-2.915403456427156925e-04,5.647365935146808624e-03,1.285725738853216171e-03,3.066087374463677406e-03,-6.204240955412387848e-03,1.278191525489091873e-02,-7.396608125418424606e-03,-1.576283387839794159e-02,3.642616420984268188e-02,7.684872951358556747e-03,5.156005732715129852e-03,-3.126360848546028137e-02,2.976987324655056000e-02,-6.620259024202823639e-03,1.855375990271568298e-02,1.390221621841192245e-02,-5.146833881735801697e-02,-2.514453604817390442e-02,1.876340620219707489e-02,-2.535418421030044556e-02,-1.800343580543994904e-02,-1.808205386623740196e-03,-5.123248323798179626e-03,-1.254606246948242188e-02,-1.543525978922843933e-02,9.761688415892422199e-04,1.031201146543025970e-02,-9.591350331902503967e-03,7.494880352169275284e-03,1.896650181151926517e-03,-8.117269724607467651e-03,1.648349501192569733e-02,2.969125658273696899e-02,4.294487647712230682e-03,-7.219718303531408310e-03,-1.528949011117219925e-03,4.661370068788528442e-03,1.847514137625694275e-02,-5.211693234741687775e-03,2.556383050978183746e-02,-4.748504608869552612e-02,2.648431109264492989e-03,1.844893582165241241e-02,-2.848578616976737976e-02,6.099417340010404587e-03,-2.689377870410680771e-03,1.692899502813816071e-02,-2.743755094707012177e-02,9.054129943251609802e-03,-2.310047857463359833e-02,-2.033575810492038727e-02,1.949717104434967041e-02,3.818277909886091948e-04,-3.911226987838745117e-03,4.258454777300357819e-03,1.813446544110774994e-02,1.690278877504169941e-03,5.182211752980947495e-03,2.443697862327098846e-02,3.393660858273506165e-02,-1.052165869623422623e-02,-3.868642263114452362e-03,-1.255261432379484177e-02,-1.358774583786725998e-02,1.100646704435348511e-02,-1.873720088042318821e-03,5.870115943253040314e-03,-1.010236423462629318e-02,4.161492735147476196e-02,1.038407813757658005e-02,6.990416906774044037e-03,-6.292685400694608688e-03,1.878961175680160522e-02,-7.560394704341888428e-03,-4.975840449333190918e-03,1.217754208482801914e-03,9.918923489749431610e-03,-1.178609207272529602e-02,3.826057771220803261e-03,-9.204813279211521149e-03,-1.084268093109130859e-02,-1.315534859895706177e-02,-3.729096055030822754e-02,1.766275987029075623e-02,1.624764315783977509e-02,1.463598106056451797e-02,-3.666201978921890259e-02,-1.480631902813911438e-02,-5.126524250954389572e-03,-2.990090288221836090e-02,-2.039144514128565788e-03,1.795102376490831375e-03,-2.479730872437357903e-03,-1.230365782976150513e-02,1.352223102003335953e-02,2.477765455842018127e-02,-2.582588978111743927e-02,-9.289982728660106659e-03,3.727785544469952583e-03,-3.029399178922176361e-02,-5.149454344063997269e-03,-1.947424025274813175e-03,3.452623961493372917e-03,-2.553762495517730713e-02,-8.287607692182064056e-03,-4.690851550549268723e-03,-1.598558388650417328e-02,-8.831379935145378113e-03,9.054129943251609802e-03,8.942754939198493958e-03,4.340347833931446075e-03,1.084923185408115387e-02,-1.114404853433370590e-02,1.774137653410434723e-02,-1.366636343300342560e-02,1.506837829947471619e-02,-4.583407565951347351e-02,-2.034886181354522705e-02,2.611415460705757141e-02,1.238227542489767075e-02,-5.245269858278334141e-04,2.375562489032745361e-02,-3.776921657845377922e-03,8.136924356222152710e-03,1.384980510920286179e-02,-1.755793578922748566e-03,9.735482744872570038e-03,6.584226153790950775e-03,7.010071538388729095e-03,2.099745674058794975e-03,1.816394738852977753e-03,1.472770143300294876e-02,1.221193745732307434e-02,4.413069412112236023e-02,2.180328778922557831e-02,-1.370567269623279572e-02,3.149946033954620361e-02,-6.220619659870862961e-03,1.942510483786463737e-03,-2.049299329519271851e-02,1.367946621030569077e-02,-5.922527518123388290e-03,1.405945140868425369e-02,-8.366225287318229675e-03,-1.089509204030036926e-02,-5.744327604770660400e-02,1.950699836015701294e-03,2.152812667191028595e-02,2.282531745731830597e-02,6.800424307584762573e-03,-1.107853371649980545e-02,-1.484562829136848450e-02,8.883791044354438782e-03,4.512323939707130194e-04,3.819506149739027023e-03,3.803127445280551910e-03,1.480631902813911438e-02,6.115796044468879700e-03,-2.235361188650131226e-02,5.830807145684957504e-03,2.004749327898025513e-02,-9.355497546494007111e-03,-1.113749668002128601e-02,-1.141265872865915298e-02,5.611333064734935760e-03,-4.848086740821599960e-03,-1.221030019223690033e-03,2.966504916548728943e-02,-1.592006906867027283e-02,-6.214067805558443069e-03,1.974612660706043243e-02,-1.716484874486923218e-02,1.044959202408790588e-02,-3.529931232333183289e-02,-4.717057570815086365e-03,6.898696534335613251e-03,3.891572356224060059e-02,-1.909098029136657715e-02,3.963638562709093094e-03,5.175660364329814911e-03,3.275734197814017534e-04,-2.699205186218023300e-03,-2.815493615344166756e-03,1.819998025894165039e-02,-2.165915444493293762e-02,1.107198186218738556e-02,-3.094913810491561890e-02,2.234050771221518517e-03,2.071901923045516014e-03,-3.710751980543136597e-02,-3.002210520207881927e-03,2.500040456652641296e-02,1.210383838042616844e-03,3.477519378066062927e-02,1.030546054244041443e-02,6.155104842036962509e-03,-1.365326065570116043e-02,-8.303986396640539169e-04,1.641798019409179688e-02,1.728277467191219330e-02,-4.723608959466218948e-03,-2.929816767573356628e-02,-2.591761015355587006e-02,-3.989844582974910736e-03,-1.948406733572483063e-02,-2.333633042871952057e-02,2.294324338436126709e-02,6.142002064734697342e-03,6.155104842036962509e-03,3.675373969599604607e-03,-6.404060404747724533e-03,3.286216780543327332e-02,-3.159445710480213165e-03,6.846284959465265274e-03,-1.580214314162731171e-02,-2.103021368384361267e-02,1.409876067191362381e-02,8.988615125417709351e-03,-4.219145979732275009e-03,-7.540740538388490677e-03,-2.924575656652450562e-02,-2.094832016155123711e-03,-2.106952294707298279e-02,2.434525825083255768e-02,3.777331148739904165e-04,1.130128372460603714e-02,7.291784510016441345e-03,-1.011546794325113297e-02,-2.462041936814785004e-02,-9.971335530281066895e-03,4.242731258273124695e-02,-1.010236423462629318e-02,-6.233722437173128128e-03,2.372941933572292328e-02,5.748913972638547421e-04,-1.464908383786678314e-02,6.820078939199447632e-03,-4.432068672031164169e-03,2.832855097949504852e-02,1.555973722133785486e-05,1.788550987839698792e-03,-1.075751148164272308e-02,-1.369256991893053055e-02,1.526492182165384293e-02,-6.412250222638249397e-04,-1.786913024261593819e-03,-2.935057878494262695e-02,-7.435916922986507416e-03,2.123986184597015381e-02,-1.485873106867074966e-02,-2.942919731140136719e-02,-1.302104443311691284e-03,9.774791076779365540e-03,4.225697368383407593e-03,1.534353941679000854e-02,-2.679550647735595703e-02,-1.695192535407841206e-03,3.812954761087894440e-03,8.847103267908096313e-02,2.220947761088609695e-03,-1.543525978922843933e-02,1.044304110109806061e-02,-3.301940113306045532e-02,6.741461344063282013e-03,-3.026778437197208405e-02,-7.835556752979755402e-03,2.669068239629268646e-02,1.708623021841049194e-02,-5.044630728662014008e-03,1.198263652622699738e-02,1.670624502003192902e-02,-2.303496375679969788e-02,2.338874340057373047e-02,-3.983292728662490845e-03,-6.063384003937244415e-03,-2.129227295517921448e-02,1.024649664759635925e-02,-3.008434362709522247e-02,-1.024649664759635925e-02,7.219718303531408310e-03,4.248627461493015289e-03,1.519940700381994247e-02,3.205306129530072212e-03,-4.855948686599731445e-02,4.828432574868202209e-03,4.690851643681526184e-02,7.848659530282020569e-03,-5.372204352170228958e-03,-1.457701786421239376e-03,1.225779764354228973e-02,5.801325663924217224e-03,3.333059605211019516e-03,7.075586356222629547e-03,2.549831569194793701e-02,2.924575656652450562e-02,3.108016774058341980e-02,2.812217921018600464e-03,-1.259192265570163727e-02,1.527802459895610809e-02,2.445008046925067902e-02,-7.547291927039623260e-03,7.671769708395004272e-03,-1.117025385610759258e-03,1.056751888245344162e-02,7.914174348115921021e-03,1.952337659895420074e-02,-2.510850317776203156e-03,-3.351731225848197937e-02,2.113503776490688324e-02,-3.275734186172485352e-02,-1.261812821030616760e-02,-2.407664665952324867e-03,1.203504763543605804e-02,-1.481942180544137955e-02,8.025549352169036865e-03,4.045532085001468658e-03,-1.843583211302757263e-02,4.124149680137634277e-03,-3.642616420984268188e-02,-2.198672853410243988e-02,-3.337973263114690781e-03,-2.478092908859252930e-03,-3.165669739246368408e-02,-8.942754939198493958e-03,-3.304560855031013489e-02,3.291457891464233398e-02,-1.971992105245590210e-02,1.589386351406574249e-02,-1.479321625083684921e-02,3.485381370410323143e-03,-4.748504608869552612e-02,1.572352461516857147e-02,3.163048997521400452e-02,2.306116931140422821e-02,1.370567269623279572e-02,-1.784620061516761780e-02,7.540740538388490677e-03,1.650970056653022766e-02,-7.226269692182540894e-03,-1.103922445327043533e-02,5.961836315691471100e-03,-2.099090628325939178e-02,-3.125050570815801620e-03,1.981164142489433289e-02,1.166161429136991501e-02,4.314142279326915741e-03,-2.783063799142837524e-02,1.786913024261593819e-03,1.251330506056547165e-02,-1.567111350595951080e-02,4.119563475251197815e-02,-1.053967513144016266e-03,-1.543525978922843933e-02,-6.592415156774222851e-04,5.385307129472494125e-03,-2.020472846925258636e-02,-5.047906655818223953e-03,-2.853819727897644043e-02,-1.711243577301502228e-02,1.096552121452987194e-03,-5.198590457439422607e-03,-3.413315163925290108e-03,1.674555428326129913e-02,-7.358118309639394283e-04,-2.748996205627918243e-02,2.997952140867710114e-02,-1.043648924678564072e-02,-8.064857684075832367e-03,2.310047857463359833e-02,-1.643108390271663666e-02,1.728277467191219330e-02,-8.949305862188339233e-03,-3.560723271220922470e-03,4.122184216976165771e-02,-1.405289978720247746e-03,1.719760475680232048e-03,1.036442350596189499e-02,-1.042338646948337555e-02,-1.683727465569972992e-02,-3.341249004006385803e-02,4.774710163474082947e-02,4.631888121366500854e-03,-1.375808380544185638e-02,2.063712663948535919e-02,1.272295229136943817e-02,-2.270738966763019562e-02,-7.357299327850341797e-03,7.357299327850341797e-03,-9.375151246786117554e-03,1.669314131140708923e-02,-2.051920071244239807e-02,-7.619358133524656296e-03,-2.008680254220962524e-02,-2.118744887411594391e-02,-6.040453910827636719e-03,2.289083227515220642e-02,-1.975923031568527222e-02,-5.234623327851295471e-03,-1.010236423462629318e-02,-2.598312497138977051e-02,-2.426663972437381744e-02,-2.171156741678714752e-02,-7.083775562932714820e-05,-4.572924971580505371e-02,-2.689377870410680771e-03,-1.226434949785470963e-02,-7.861762307584285736e-03,2.885266765952110291e-02,-1.286053285002708435e-02,-9.630658663809299469e-03,-1.455736346542835236e-02,1.367946621030569077e-02,1.023339387029409409e-02,-1.476701069623231888e-02,-2.340184524655342102e-02,-8.346570655703544617e-03,-1.334534119814634323e-02,3.841781243681907654e-02,3.739578276872634888e-02,1.375808380544185638e-03,2.485627122223377228e-02,8.995166048407554626e-03,-2.923592925071716309e-03,3.129964228719472885e-03,5.391858518123626709e-03,-8.477600291371345520e-03,-2.138399332761764526e-02,-1.090819574892520905e-02,1.416427548974752426e-02,-9.132747538387775421e-03,1.944475807249546051e-02,-1.071165129542350769e-02,-3.776921657845377922e-03,2.168536186218261719e-02,9.309637360274791718e-03,5.801325663924217224e-03,-2.481368836015462875e-03,-4.431413486599922180e-02,6.820078939199447632e-03,-3.570550354197621346e-03,-6.289409939199686050e-03,-1.004340127110481262e-02,-5.470476113259792328e-03,-2.424043416976928711e-02,3.160428628325462341e-02,-1.694209873676300049e-02,1.737449504435062408e-02,8.582424372434616089e-03,3.537793084979057312e-02,-2.735893242061138153e-02,4.483824968338012695e-02,-1.700761169195175171e-02,-3.406763775274157524e-03,-8.444842882454395294e-03,3.131601959466934204e-03,2.509212493896484375e-02,1.158299669623374939e-02,8.877240121364593506e-03,1.952337659895420074e-02,2.416181564331054688e-02,-2.262877300381660461e-02,-1.196298189461231232e-02,-1.501596625894308090e-02,-1.842600526288151741e-03,-5.323068238794803619e-03,1.544508733786642551e-03,-5.368928425014019012e-03,-2.446318417787551880e-02,-2.089918591082096100e-03,-1.657521538436412811e-02,-1.610350981354713440e-02,-3.946604579687118530e-02,2.866922691464424133e-02,1.734501332975924015e-03,-2.636311016976833344e-02,1.949717104434967041e-02,-3.461796045303344727e-02,-1.664073020219802856e-02,-1.156334206461906433e-02,-1.472770143300294876e-02,1.755793578922748566e-02,-2.477765455842018127e-02,6.430266425013542175e-03,3.333387151360511780e-02,-1.654245890676975250e-03,-1.795102469623088837e-02,7.580049335956573486e-03,-9.204813279211521149e-03,-7.108343299478292465e-03,-5.994593724608421326e-03,1.603799499571323395e-02,1.232986431568861008e-02,2.173449611291289330e-03,-1.882892102003097534e-02,-1.406927942298352718e-03,-1.047579851001501083e-02,-4.950289800763130188e-02,-6.200965028256177902e-03,-2.294324338436126709e-02,-8.484152145683765411e-03,1.398083381354808807e-02,-3.868642263114452362e-03,3.380557894706726074e-02,2.122675813734531403e-02,-1.041683554649353027e-02,1.375808380544185638e-02,-1.985095068812370300e-02,-1.586765795946121216e-02,-1.818032586015760899e-03,-7.023174315690994263e-03,-4.352795705199241638e-02,7.337644696235656738e-03,1.303742267191410065e-02,-2.822372689843177795e-02,-1.204651314765214920e-03,-1.738759689033031464e-02,-1.036442350596189499e-02,1.155023928731679916e-02,-1.860617101192474365e-02,2.193431742489337921e-02,-6.302512716501951218e-03,-2.830234542489051819e-02,2.722790278494358063e-02,1.111784204840660095e-02,-2.612725645303726196e-02,-8.949305862188339233e-03,-1.632625982165336609e-02,2.793546207249164581e-02,1.673245057463645935e-02,-1.297190785408020020e-02,-1.333879027515649796e-02,1.210711430758237839e-02,1.492424588650465012e-02,-3.453934192657470703e-02,4.333796445280313492e-03,-1.180083258077502251e-03,-1.771517097949981689e-02,4.962737672030925751e-03,2.549831569194793701e-02,6.741461344063282013e-03,1.453607110306620598e-03,-1.766275987029075623e-02,-1.288018748164176941e-02,-7.186960894614458084e-03,-1.182540087029337883e-03,-6.253376603126525879e-03,1.115059945732355118e-02,5.601505748927593231e-03,-1.416427548974752426e-02,1.525181904435157776e-02,8.543115109205245972e-03,5.470476113259792328e-03,4.291211953386664391e-04,-2.582916524261236191e-03,-2.951436676084995270e-03,5.007942765951156616e-02,-1.666693575680255890e-02,2.236671373248100281e-02,-1.404634863138198853e-02,-1.067070406861603260e-03,7.186960894614458084e-03,1.644418574869632721e-02,1.945786178112030029e-02,-1.650151214562356472e-03,3.144704923033714294e-02,-1.460977550595998764e-02,-2.410940453410148621e-02,1.434771623462438583e-02,-3.311767475679516792e-03,3.598066419363021851e-02,5.908605526201426983e-04,-1.884202472865581512e-02,8.254850283265113831e-03,1.715174503624439240e-02,3.336007893085479736e-02,-5.185487214475870132e-03,-2.659896202385425568e-02,3.993775323033332825e-02,-3.934157080948352814e-03,-2.261894522234797478e-03,1.462287828326225281e-02,-3.076569736003875732e-02,-1.767586171627044678e-02,3.501760074868798256e-03,-6.384406238794326782e-03,-2.751616761088371277e-02,-2.294324338436126709e-02,6.014248356223106384e-03,2.761444076895713806e-03,1.916959695518016815e-02,-3.011054918169975281e-02,1.187453744933009148e-03,-1.471459865570068359e-02,-2.030955255031585693e-02,-5.156005732715129852e-03,1.830480247735977173e-02,-5.047906655818223953e-03,-3.423142479732632637e-03,7.409710902720689774e-03,1.280812080949544907e-02,8.739659562706947327e-03,1.086888648569583893e-02,-1.147817261517047882e-02,8.051754906773567200e-03,2.756858058273792267e-02,-1.426909863948822021e-02,-5.382686480879783630e-02,-3.244287148118019104e-02,-1.643108390271663666e-02,3.689787164330482483e-02,-2.401768416166305542e-02,-1.916959695518016815e-02,-7.462532084900885820e-05,2.247153781354427338e-02,-3.904675319790840149e-02,5.624435842037200928e-03,1.991646550595760345e-02,1.015477627515792847e-02,1.785930432379245758e-02,4.805502481758594513e-03,1.063303370028734207e-02,3.461796045303344727e-02,6.829905905760824680e-04,1.181884948164224625e-02,-2.691343240439891815e-02,-2.746375650167465210e-02,2.456800825893878937e-02,-2.072884701192378998e-02,1.496355421841144562e-02,1.546146627515554428e-02,-9.624107740819454193e-03,-9.172055870294570923e-03,3.516828268766403198e-02,-1.328637823462486267e-02,-1.849152031354606152e-03,4.198181256651878357e-02,-4.746539052575826645e-03,-2.237981744110584259e-02,1.567438826896250248e-03,7.815902121365070343e-03,-2.041437663137912750e-02,-1.920890621840953827e-02,9.565143845975399017e-03,-1.978543587028980255e-02,1.113094482570886612e-02,-5.404961761087179184e-03,-2.592743607237935066e-03,-1.139300409704446793e-02,2.167225815355777740e-02,1.436081901192665100e-02,-9.191710501909255981e-03,-1.200229022651910782e-02,5.142902955412864685e-03,2.493488974869251251e-02,-1.336499582976102829e-02,-1.913028885610401630e-03,4.289901629090309143e-02,-6.715255323797464371e-03,-1.481942180544137955e-02,1.508148107677698135e-02,-1.551387738436460495e-02,-2.338874340057373047e-02,1.042993832379579544e-02,2.969125658273696899e-02,-1.723036170005798340e-02,-1.132748927921056747e-02,-1.377118751406669617e-02,-9.565143845975399017e-03,1.768896589055657387e-03,-5.306689534336328506e-03,8.883791044354438782e-03,-3.218081220984458923e-02,3.052984364330768585e-03,6.256652530282735825e-03,-6.302512716501951218e-03,-2.577347680926322937e-02,3.060846216976642609e-02,3.548275306820869446e-02,-5.938906222581863403e-03,-2.176725538447499275e-03,2.098107943311333656e-03,9.139298461377620697e-03,-1.687658391892910004e-02,-2.199983224272727966e-02,-1.639177463948726654e-02,-1.582834869623184204e-02,-7.979689165949821472e-03,-2.030955394729971886e-03,2.132503082975745201e-03,1.790188835002481937e-03,-3.349110856652259827e-02,3.780197352170944214e-03,1.577266026288270950e-03,8.425188250839710236e-03,1.588076055049896240e-01,-2.587318340374622494e-05,4.107770975679159164e-03,4.994839802384376526e-02,2.825320931151509285e-03,-1.106543093919754028e-02,2.232740446925163269e-02,1.020063646137714386e-02,-9.016458643600344658e-04,8.634835481643676758e-03,-3.257390111684799194e-02,-3.973465878516435623e-03,-1.031856331974267960e-02,8.857585489749908447e-03,7.999342866241931915e-03,-3.789369389414787292e-02,-2.502661012113094330e-02,-2.017852291464805603e-02,-3.642616420984268188e-02,-1.115715131163597107e-02,1.236917264759540558e-02,-1.936614140868186951e-02,3.829333465546369553e-03,-9.728930890560150146e-03,7.442468311637639999e-03,6.492505315691232681e-03,-9.185158647596836090e-03,8.385879918932914734e-03,6.142002064734697342e-03,-2.142330259084701538e-02,-2.063712663948535919e-02,-1.178445410914719105e-03,3.465726971626281738e-03,-1.288673840463161469e-02,-2.473834529519081116e-02,5.028252024203538895e-03,2.408319897949695587e-02,-1.607730425894260406e-02,1.045614387840032578e-02,1.326017268002033234e-02,1.909098029136657715e-02,6.322167348116636276e-03,3.440831229090690613e-02,-1.261812821030616760e-02,1.611661282368004322e-03,3.333387151360511780e-02,-1.232986431568861008e-02,-2.568175643682479858e-02,-1.215297449380159378e-02,-9.679794893600046635e-04,-1.737449504435062408e-02,-1.935958978720009327e-03,4.295142740011215210e-02,6.236998364329338074e-03,1.569731906056404114e-02,8.602078072726726532e-03,-1.208745967596769333e-02,1.779378950595855713e-02,-4.808777943253517151e-03,-1.088198926299810410e-02,-2.395216934382915497e-02,2.374252304434776306e-02,-3.718613460659980774e-02,2.832855097949504852e-02,9.375151246786117554e-03,7.147652097046375275e-03,-1.543525978922843933e-02,-3.018916770815849304e-02,-6.574398837983608246e-03,-1.916959695518016815e-02,-1.324215554632246494e-03,-2.521005086600780487e-02,-4.917696351185441017e-04,3.042501956224441528e-02,-1.590696536004543304e-02,-1.767258625477552414e-03,-6.561296060681343079e-03,3.118498995900154114e-02,1.156989391893148422e-02,2.193431742489337921e-02,-1.746621541678905487e-02,2.194741973653435707e-03,-6.233722437173128128e-03,-8.195887319743633270e-03,1.147817261517047882e-02,3.185651730746030807e-03,1.692899502813816071e-02,1.781999506056308746e-02,-1.428220141679048538e-02,3.472278267145156860e-02,2.804028615355491638e-02,-4.559822380542755127e-03,-1.278191525489091873e-02,4.084840882569551468e-03,-7.311439141631126404e-03,-2.342805266380310059e-02,-2.351977303624153137e-02,6.083038635551929474e-03,-1.804274506866931915e-02,-2.321840450167655945e-02,-9.080335497856140137e-03,-2.746375650167465210e-02,1.926131732761859894e-02,1.234296709299087524e-02,-1.124887168407440186e-02,-3.983292728662490845e-03,-3.231511916965246201e-03,3.598066419363021851e-02,-1.077716588042676449e-03,-2.517074160277843475e-02,-1.952337683178484440e-03,4.373105242848396301e-03,1.397100742906332016e-03,-3.115223255008459091e-03,1.483252458274364471e-02,2.950781397521495819e-02,-2.814510837197303772e-02,-1.458356902003288269e-02,-3.875193651765584946e-03,-7.313076639547944069e-04,-2.213086187839508057e-02,-1.916959695518016815e-02,-5.627711769193410873e-03,1.042993832379579544e-02,1.104577630758285522e-02,-5.814428441226482391e-03,-2.843337319791316986e-02,1.302431989461183548e-02,2.342805266380310059e-02,-3.637375310063362122e-02,9.676518850028514862e-03,-2.887887321412563324e-02,-1.071984064765274525e-03,1.042338646948337555e-02,-2.047989144921302795e-02,2.372941933572292328e-02,6.420439109206199646e-03,2.165260491892695427e-03,-1.732208393514156342e-02,3.172548720613121986e-03,-7.468674331903457642e-03,1.878961175680160522e-02,-5.604781210422515869e-03,-1.186470966786146164e-02,6.410612259060144424e-03,-2.462041936814785004e-02,4.376380890607833862e-02,-8.955857716500759125e-03,8.811725303530693054e-03,-2.486937493085861206e-02,-1.295225322246551514e-02,3.002210520207881927e-03,1.631315611302852631e-02,-2.534108050167560577e-02,1.206780504435300827e-02,6.620259024202823639e-03,-4.040945693850517273e-02,-2.456800825893878937e-02,8.313813246786594391e-03,3.449348267167806625e-03,-5.728604272007942200e-02,1.893374510109424591e-02,3.315043076872825623e-02,-5.529439542442560196e-03,-2.833510283380746841e-03,1.102612167596817017e-02,-1.644680649042129517e-01,-1.726311980746686459e-03,1.878961175680160522e-02,-3.241338999941945076e-03,2.644172683358192444e-02,2.222585724666714668e-03,2.641552127897739410e-02,1.872286957222968340e-04,2.345425775274634361e-03,3.750715870410203934e-03,5.827531218528747559e-03,-1.763655431568622589e-02,-1.719105429947376251e-02,6.083038635551929474e-03,-2.961263805627822876e-02,2.764719771221280098e-03,-3.432969748973846436e-02,6.584226153790950775e-03,1.567111350595951080e-02,-4.330520983785390854e-03,3.681925311684608459e-02,-8.359674364328384399e-03,8.431740105152130127e-03,-8.811725303530693054e-03,1.231676060706377029e-02,3.325525298714637756e-02,-1.754483394324779510e-02,4.091392271220684052e-03,-1.915649510920047760e-02,-8.425188250839710236e-03,-3.398901969194412231e-02,2.677912823855876923e-03,2.887887321412563324e-02,8.300710469484329224e-03,2.150191925466060638e-02,1.012201886624097824e-02,2.441077306866645813e-02,-8.132010698318481445e-04,-1.434771623462438583e-02,2.226188965141773224e-02,1.463598106056451797e-02,1.923511177301406860e-02,1.818687655031681061e-02,6.741461344063282013e-03,-3.835884854197502136e-03,3.862746059894561768e-02,8.457945659756660461e-03,3.000572556629776955e-03,-5.519612226635217667e-03,-2.150191925466060638e-02,1.261157728731632233e-02,-4.342313483357429504e-02,-4.674472846090793610e-03,1.432151068001985550e-02,4.491031635552644730e-03,-1.242158468812704086e-02,-3.655719384551048279e-02,9.368600323796272278e-03,-3.794610500335693359e-02,6.544917356222867966e-03,-7.639012299478054047e-03,-1.696830382570624352e-03,-8.549666381441056728e-04,3.652443876489996910e-03,-2.220947761088609695e-03,-7.750387303531169891e-03,-1.821308210492134094e-02,-1.090164389461278915e-02,-4.258454591035842896e-02,-4.569649463519454002e-04,-1.037097442895174026e-02,-3.207598999142646790e-02,1.572352461516857147e-02,-1.181884948164224625e-02,8.082874701358377934e-04,-1.751862652599811554e-02,-3.820816427469253540e-02,5.241174949333071709e-04,2.536728605628013611e-02,-7.317990530282258987e-03,-1.597248017787933350e-02,2.982228435575962067e-02,-3.729096055030822754e-02,-5.974939558655023575e-03,-1.054786425083875656e-02,3.461796045303344727e-02,-5.873391870409250259e-03,-2.020472846925258636e-02,-6.597328931093215942e-03,1.312914304435253143e-02,-5.126524250954389572e-03,-8.353122510015964508e-03,-8.995166048407554626e-03,-2.754237502813339233e-02,2.393906563520431519e-02,8.778967894613742828e-03,-8.274504914879798889e-03,-9.414460510015487671e-03,-2.483006566762924194e-03,-2.053230255842208862e-02,3.161083674058318138e-03,-1.913028769195079803e-02,-2.680861018598079681e-02,1.918270066380500793e-02,4.381622374057769775e-02,6.328718736767768860e-03,-5.388583056628704071e-03,1.844893582165241241e-02,1.685037650167942047e-02,-3.419866552576422691e-03,-1.051510684192180634e-02,3.165669739246368408e-02,3.432969748973846436e-02,1.633936353027820587e-02,3.301940113306045532e-02,2.317909523844718933e-02,-1.808205433189868927e-02,-3.649167949333786964e-03,1.551387738436460495e-02,6.446645129472017288e-03,5.372204259037971497e-02,-4.058634862303733826e-03,1.569731906056404114e-02,4.133976530283689499e-03,-1.022684294730424881e-02,-6.931453943252563477e-03,-1.296666711568832397e-01,-4.641060531139373779e-02,1.239537913352251053e-02,3.218081220984458923e-02,2.450249344110488892e-02,5.778395570814609528e-03,-4.674472846090793610e-03,5.493406672030687332e-03,-8.038652129471302032e-03,7.691424340009689331e-03,5.195314530283212662e-03,-2.403078787028789520e-02,-1.149127632379531860e-02,-3.429693868383765221e-03,8.975512348115444183e-03,-1.424289308488368988e-02,1.933993585407733917e-02,-2.085987664759159088e-02,-1.702071540057659149e-02,3.273113816976547241e-02,3.613134846091270447e-03,7.167306728661060333e-03,-9.414460510015487671e-03,-3.207598999142646790e-02,3.578739706426858902e-04,-1.975923031568527222e-02,-2.430594898760318756e-02,-1.563180424273014069e-02,3.380557894706726074e-02,1.387601066380739212e-02,8.916548453271389008e-03,1.043648924678564072e-02,3.950535785406827927e-03,2.682826481759548187e-03,-2.767340280115604401e-02,-2.553762495517730713e-02,-1.835721544921398163e-02,9.840305894613265991e-03,4.085495695471763611e-02,-1.861927472054958344e-02,1.709933392703533173e-02,-2.066988265141844749e-03,8.936203084886074066e-03,-2.084677293896675110e-02,7.717629894614219666e-03,-2.135778777301311493e-02,-1.592006906867027283e-02,1.016787905246019363e-02,2.974366769194602966e-02,3.282285761088132858e-03,-1.973302289843559265e-02,-3.726475313305854797e-02,-5.136351566761732101e-03,3.396936459466814995e-03,2.163294889032840729e-02,-2.522315457463264465e-02,1.420358382165431976e-02,3.534517250955104828e-03,-3.032019734382629395e-02,1.551387738436460495e-02,-2.892882912419736385e-04,-3.737612860277295113e-03,-4.150355234742164612e-03,1.755793578922748566e-02,-9.303085505962371826e-03,8.099253172986209393e-04,-9.683070704340934753e-03,-5.221520550549030304e-03,2.485627122223377228e-02,-2.653344720602035522e-02,6.970762740820646286e-03,-1.633936353027820587e-02,-1.360084861516952515e-02,3.833919391036033630e-02,-2.080746367573738098e-02,-5.093766842037439346e-03,-1.941855251789093018e-02,-1.155679114162921906e-02,2.159364148974418640e-02,-2.796166762709617615e-02,-2.420112490653991699e-02,-2.327081747353076935e-02,-8.418637444265186787e-04,-4.628612659871578217e-03,3.852263465523719788e-02,2.674309536814689636e-02,2.564900089055299759e-03,1.552698109298944473e-02,4.209318663924932480e-03,-3.147325664758682251e-02,1.948406733572483063e-02,-8.883791044354438782e-03,1.098026148974895477e-02,-1.637867093086242676e-02,1.433461345732212067e-02,-6.538365501910448074e-03,-1.713209087029099464e-03,-1.956268586218357086e-02,3.052984364330768585e-02,-1.289984211325645447e-02,-1.752517884597182274e-03,-6.358200218528509140e-03,-4.510030895471572876e-02,1.122921705245971680e-02,1.737777027301490307e-03,-1.903856731951236725e-02,1.695520058274269104e-02,-2.895749174058437347e-02,1.568421535193920135e-02,-3.336007893085479736e-02,-1.720415614545345306e-02,1.261157728731632233e-02,-1.913028769195079803e-02,2.531487494707107544e-02,-1.253951061517000198e-02,-3.836540132761001587e-02,-4.150355234742164612e-03,-5.958560854196548462e-03,7.265578955411911011e-03,2.012611180543899536e-02,2.583899162709712982e-02,1.390221621841192245e-02,7.802799344062805176e-03,-1.155023928731679916e-02,-4.225697368383407593e-03,1.696830429136753082e-02,1.962164882570505142e-03,3.231184184551239014e-02,1.400704029947519302e-02,1.126852631568908691e-02,4.916877020150423050e-03,-1.173368003219366074e-02,-3.911226987838745117e-03,-1.235606987029314041e-02,2.963884361088275909e-02,1.990336179733276367e-02,-7.062483113259077072e-03,-4.045532085001468658e-03,-2.458438510075211525e-03,1.050200406461954117e-02,1.936614140868186951e-02,3.836540132761001587e-02,-1.567111350595951080e-02,-3.377937152981758118e-02,2.648103609681129456e-02,-2.125296369194984436e-02,-7.383505348116159439e-03,-7.619358133524656296e-03,-1.678486354649066925e-02,1.557939220219850540e-02,3.163048997521400452e-02,-5.018425174057483673e-03,2.494799345731735229e-02,2.235361188650131226e-02,-5.863564438186585903e-04,1.078944987966679037e-04,-4.301039036363363266e-03,-9.807548485696315765e-03,3.032019734382629395e-02,1.569895655848085880e-03,1.135369483381509781e-02,-3.579722344875335693e-02,2.080746367573738098e-02,-1.111129112541675568e-02,-3.387109376490116119e-03,-1.531733386218547821e-02,-4.839897446800023317e-04,-7.213166914880275726e-03,-8.097615092992782593e-03,1.647039130330085754e-02,1.622143574059009552e-02,-1.847514137625694275e-02,1.766275987029075623e-02,2.435836009681224823e-02,-5.703872302547097206e-04,5.621159914880990982e-03,4.363277927041053772e-03,-1.905167102813720703e-02,-3.452623961493372917e-03,4.199491348117589951e-03,-3.611169382929801941e-02,1.631315611302852631e-02,3.347800578922033310e-03,2.327409340068697929e-03,-2.207844890654087067e-02,1.358774583786725998e-02,1.042993832379579544e-02,1.215952541679143906e-02,-3.280648030340671539e-03,-2.202603779733181000e-02,2.738513983786106110e-03,9.263776242733001709e-03,-2.008680254220962524e-02,9.185158647596836090e-03,1.741380430757999420e-02,-9.604453109204769135e-03,-9.984438307583332062e-03,1.356154028326272964e-02,1.921218237839639187e-03,-8.156578056514263153e-03,-1.384980510920286179e-02,9.453768841922283173e-03,7.665218319743871689e-03,-4.969289060682058334e-03,1.170092262327671051e-02,4.828432574868202209e-03,-4.566373769193887711e-03,1.795102469623088837e-02,-2.479075826704502106e-02,-1.059372443705797195e-02,-1.012857072055339813e-02,2.767340280115604401e-02,-2.468593418598175049e-02,-7.886330131441354752e-04,3.868642263114452362e-03,2.130537666380405426e-02,-8.942754939198493958e-03,1.595937833189964294e-02,2.256325818598270416e-02,-2.455490455031394958e-02,-2.717549167573451996e-02,4.017360508441925049e-02,4.684300161898136139e-03,5.388583056628704071e-03,2.456800825893878937e-02,-2.344115450978279114e-02,2.646793425083160400e-02,1.594627462327480316e-02,4.710506182163953781e-03,-2.629759535193443298e-02,6.168207619339227676e-03,-2.211120678111910820e-03,6.780769908800721169e-04,-6.128898821771144867e-03,-5.212348327040672302e-02,-1.297190785408020020e-02,-2.795839216560125351e-03,2.105642110109329224e-02,-1.678486354649066925e-02,3.050363808870315552e-02,-8.765865117311477661e-03,6.011627614498138428e-02,1.130128372460603714e-02,-2.809269726276397705e-02,4.301039036363363266e-03,4.360657557845115662e-02,2.451559528708457947e-02,6.050281226634979248e-03,-6.060108542442321777e-03,2.096469886600971222e-02,2.649250091053545475e-04,2.670378610491752625e-02,-1.886823028326034546e-02,3.550896048545837402e-02,2.317909523844718933e-02,-3.970190137624740601e-02,-1.237408607266843319e-03,3.888296661898493767e-03,1.349602546542882919e-02,-2.736876020208001137e-03,2.109572850167751312e-02,1.813446544110774994e-02,7.855210453271865845e-03,1.764965616166591644e-02,4.736711736768484116e-03,-2.798787318170070648e-02,-6.482677999883890152e-03,1.038407813757658005e-02,-2.817131578922271729e-02,7.055931724607944489e-03,-2.180328778922557831e-02,-4.389483947306871414e-03,1.027270313352346420e-02,-5.398410372436046600e-03,-1.422979030758142471e-02,2.203913964331150055e-02,-6.721806712448596954e-03,-1.438702549785375595e-02,2.794201485812664032e-03,-9.506180882453918457e-03,1.249365042895078659e-02,8.077960461378097534e-03,2.234050817787647247e-02,-7.291784510016441345e-03,-9.231019765138626099e-03,2.007370069622993469e-02,-4.523789044469594955e-03,1.001064386218786240e-02,4.166733939200639725e-03,-4.242731258273124695e-02
-1.427682768553495407e-02,-1.118001528084278107e-02,-2.573568839579820633e-03,4.431983921676874161e-03,-5.212747957557439804e-03,2.573240734636783600e-02,-2.173017151653766632e-02,-3.214910626411437988e-02,1.375194452702999115e-02,-9.880929253995418549e-03,1.679626852273941040e-02,3.180793300271034241e-02,-2.314735576510429382e-02,-9.461022913455963135e-03,3.513437928631901741e-03,2.197949029505252838e-02,8.168497122824192047e-03,1.414560712873935699e-02,8.496549911797046661e-03,-7.682980503886938095e-03,2.065087901428341866e-03,-3.680744674056768417e-03,-8.089764975011348724e-03,1.860711537301540375e-02,-1.285308133810758591e-02,-2.228129841387271881e-02,-6.915338337421417236e-03,-1.855462789535522461e-02,-2.670344198122620583e-03,-4.366373643279075623e-03,4.730511456727981567e-03,-7.269634865224361420e-03,-3.004957363009452820e-02,-1.984059065580368042e-02,-4.136081039905548096e-02,-4.753475077450275421e-03,-1.499854214489459991e-02,-8.529354818165302277e-04,9.618488140404224396e-03,-1.772793568670749664e-02,-3.817706310655921698e-04,4.025199450552463531e-03,1.058952230960130692e-02,2.842243388295173645e-02,1.037956867367029190e-02,-1.037956867367029190e-02,-1.586459949612617493e-02,5.179122672416269779e-04,-1.108816126361489296e-03,2.886858582496643066e-02,-8.634331636130809784e-03,-6.068964023143053055e-03,-9.598804637789726257e-03,-7.794518023729324341e-03,-1.234788075089454651e-02,9.139531292021274567e-03,1.565464586019515991e-02,1.670441403985023499e-02,-3.618824703153222799e-04,-2.598172612488269806e-02,4.402459133416414261e-03,1.734739542007446289e-02,2.978713065385818481e-02,9.890771470963954926e-04,-5.353810265660285950e-03,6.518395151942968369e-03,-6.370771676301956177e-03,-1.217073295265436172e-02,-4.287641029804944992e-03,-1.625826209783554077e-02,1.200014632195234299e-02,2.091660164296627045e-02,1.447365898638963699e-02,-5.219309125095605850e-03,1.755734905600547791e-02,-2.768759801983833313e-02,-2.064103819429874420e-02,8.455542847514152527e-04,-2.432834357023239136e-02,1.201326772570610046e-02,-5.924621131271123886e-03,-1.236756425350904465e-02,-1.325986627489328384e-02,-4.420502227731049061e-04,5.678582005202770233e-03,-7.610808592289686203e-03,1.432931609451770782e-02,2.023425325751304626e-02,-2.125777676701545715e-02,-4.141329601407051086e-02,1.228227093815803528e-02,2.154646255075931549e-02,-1.868584752082824707e-02,1.346325874328613281e-02,-2.612934913486242294e-03,1.123250368982553482e-02,-1.859399303793907166e-02,5.348561331629753113e-02,-9.480705484747886658e-03,-2.558806352317333221e-02,2.398060867562890053e-03,5.458787083625793457e-03,6.626652553677558899e-03,-3.772599156945943832e-03,-4.834175854921340942e-02,-9.231385774910449982e-03,-4.924062173813581467e-03,-1.167045324109494686e-03,1.653382554650306702e-02,-4.154451936483383179e-02,4.117053933441638947e-03,5.072997882962226868e-02,-2.166456170380115509e-02,-5.133359506726264954e-02,-2.586362883448600769e-02,-1.628450676798820496e-02,-1.753110438585281372e-02,-1.679626852273941040e-02,-1.793788932263851166e-02,-2.514191344380378723e-02,8.430939167737960815e-03,8.247230201959609985e-03,6.574164144694805145e-03,-2.495820447802543640e-02,-1.026146952062845230e-02,3.409117460250854492e-02,-1.536596100777387619e-02,-1.411936245858669281e-02,4.894537385553121567e-03,-5.143857095390558243e-03,4.705579206347465515e-02,-1.356495427899062634e-03,1.960439421236515045e-02,-4.599290434271097183e-03,1.734739542007446289e-02,3.044323436915874481e-02,-5.265236366540193558e-03,4.700986668467521667e-03,-2.714631264097988605e-04,-7.427099626511335373e-03,1.969624869525432587e-02,3.309389576315879822e-02,-4.313885234296321869e-03,-1.083228085190057755e-02,1.119313761591911316e-02,-5.665459670126438141e-03,1.279403176158666611e-02,3.291018679738044739e-02,-9.620127966627478600e-04,-1.964375935494899750e-02,1.573337800800800323e-02,-7.289317902177572250e-03,2.026049792766571045e-02,-1.691436581313610077e-02,-1.154087297618389130e-02,1.380443293601274490e-02,-9.087042883038520813e-03,-8.463744074106216431e-03,-1.394877582788467407e-02,-1.355511322617530823e-02,2.165143936872482300e-02,1.359447930008172989e-02,2.397404797375202179e-02,4.146578535437583923e-02,-6.335506332106888294e-04,3.398619964718818665e-02,1.957814954221248627e-02,-2.718895860016345978e-02,-3.710925579071044922e-02,7.340165757341310382e-05,1.102911215275526047e-02,2.818623743951320648e-02,-2.241251990199089050e-02,3.070567734539508820e-02,-1.012368779629468918e-02,7.899494841694831848e-03,-6.770995445549488068e-03,1.582523435354232788e-02,-3.041042946279048920e-03,-1.323362160474061966e-02,-1.960439421236515045e-02,2.978713065385818481e-02,2.823872491717338562e-02,3.128304705023765564e-02,-3.427488356828689575e-02,-1.456551346927881241e-02,6.666018627583980560e-03,4.231872037053108215e-03,-6.889094132930040359e-03,1.481483317911624908e-02,2.311127027496695518e-03,3.428144380450248718e-03,-6.364210974425077438e-03,-1.938787987455725670e-03,-6.235614418983459473e-01,1.331235468387603760e-02,-2.632290124893188477e-02,-1.936819590628147125e-02,2.339667640626430511e-02,3.099436312913894653e-02,-2.872096141800284386e-03,2.216319926083087921e-02,-1.435555983334779739e-02,1.679626852273941040e-02,-1.963063701987266541e-02,1.290556974709033966e-02,1.999805681407451630e-02,-2.766135334968566895e-02,-1.593020930886268616e-02,4.077687859535217285e-03,-7.309000939130783081e-03,-2.284554764628410339e-02,-2.737266756594181061e-02,-1.221666019409894943e-02,-1.627138443291187286e-02,1.918448694050312042e-02,-6.962905754335224628e-04,6.426540669053792953e-03,1.734739542007446289e-02,-8.155375719070434570e-03,1.624513976275920868e-02,9.500388987362384796e-03,-1.110128313302993774e-02,2.644100040197372437e-02,-2.541747689247131348e-02,1.180331502109766006e-02,-1.247910223901271820e-02,2.690027281641960144e-02,3.939249739050865173e-02,-8.306278847157955170e-03,-1.383067667484283447e-02,3.178168833255767822e-02,6.675860378891229630e-03,4.653090983629226685e-02,-1.284652017056941986e-02,-2.073289267718791962e-02,3.431424964219331741e-03,-1.199358515441417694e-02,-8.496549911797046661e-03,4.596009850502014160e-03,1.883019134402275085e-02,8.496549911797046661e-03,2.523376792669296265e-02,4.989672452211380005e-03,-5.212747957557439804e-03,-5.067748948931694031e-02,-5.819644313305616379e-03,2.051965799182653427e-03,6.623371969908475876e-03,-1.251846831291913986e-02,1.886299578472971916e-04,-8.220985531806945801e-03,1.059608254581689835e-02,1.841028407216072083e-02,7.873250171542167664e-03,2.460390701889991760e-02,-1.103567238897085190e-02,-1.102255098521709442e-02,-4.589449148625135422e-03,4.760036244988441467e-03,-1.381755433976650238e-02,1.617952995002269745e-02,7.906056009232997894e-03,1.375194452702999115e-02,1.430307142436504364e-02,6.141135469079017639e-03,-6.682421546429395676e-03,-1.351574668660759926e-03,3.062694519758224487e-02,-7.039998192340135574e-03,2.463015168905258179e-02,-1.993244513869285583e-02,2.931473590433597565e-02,-2.307846443727612495e-03,-1.060264371335506439e-02,-2.106094546616077423e-02,-6.114891171455383301e-02,-1.722929626703262329e-02,3.913005441427230835e-02,1.228555105626583099e-03,-2.968215383589267731e-02,-2.544372156262397766e-02,-6.882532965391874313e-03,-3.088610479608178139e-03,-1.176066813059151173e-03,4.395898059010505676e-02,1.669129170477390289e-02,1.075354777276515961e-02,-3.382217139005661011e-03,4.855171311646699905e-03,-5.842607934027910233e-03,-2.721192315220832825e-03,1.953878253698348999e-02,-3.003316931426525116e-03,-5.521116778254508972e-03,9.513511322438716888e-03,-3.510157577693462372e-03,6.288758944720029831e-03,5.826205480843782425e-03,2.233378775417804718e-02,-3.325136005878448486e-02,1.718993065878748894e-03,1.027459185570478439e-02,-3.102060779929161072e-02,5.649057216942310333e-03,-5.852449685335159302e-03,-3.339570481330156326e-03,-2.546996623277664185e-02,-7.735468447208404541e-03,-2.544372156262397766e-02,1.655022846534848213e-03,1.632387191057205200e-02,1.085852459073066711e-02,-1.438180450350046158e-02,1.173770427703857422e-02,9.159214794635772705e-03,-9.565999731421470642e-03,-1.506415288895368576e-02,1.056327763944864273e-02,2.994459681212902069e-02,-6.387174595147371292e-03,-1.835779659450054169e-02,-1.766232587397098541e-02,4.569765646010637283e-03,2.496476517990231514e-03,-1.820689183659851551e-03,3.270023316144943237e-02,-9.001749567687511444e-03,2.022113092243671417e-02,2.681826008483767509e-03,8.791796863079071045e-03,7.892933674156665802e-03,2.839619107544422150e-02,-1.390940882265567780e-02,-2.266183868050575256e-02,8.601525798439979553e-03,4.025199450552463531e-03,-1.097662374377250671e-02,1.149494573473930359e-02,-3.695178776979446411e-02,-1.286620367318391800e-02,-7.709224242717027664e-03,-3.440610319375991821e-02,2.103470079600811005e-02,1.816096529364585876e-02,-1.461800187826156616e-02,-2.418400160968303680e-02,-3.460949752479791641e-03,1.426370535045862198e-02,-2.494508214294910431e-02,1.525442232377827168e-03,-1.973233418539166451e-03,-9.270752780139446259e-03,-2.983961999416351318e-02,6.915338337421417236e-03,2.196636982262134552e-02,-1.372569985687732697e-02,-1.332547608762979507e-02,7.558320648968219757e-03,-1.818720810115337372e-02,1.331235468387603760e-02,1.406523399055004120e-03,6.059122271835803986e-03,-1.594333164393901825e-02,4.418862052261829376e-03,-3.825087565928697586e-03,-9.559438563883304596e-03,4.454947542399168015e-03,1.533971633762121201e-02,-2.886858535930514336e-03,3.178824903443455696e-03,-1.775418035686016083e-02,-4.422142170369625092e-03,1.411936245858669281e-02,2.955749398097395897e-03,3.309389576315879822e-02,-2.533874474465847015e-02,-2.237315289676189423e-02,2.266183868050575256e-02,4.261396825313568115e-03,6.708665750920772552e-03,2.920975908637046814e-02,-1.072074286639690399e-02,6.065683439373970032e-03,1.076010894030332565e-02,-2.295052446424961090e-02,2.379033900797367096e-02,7.945422083139419556e-03,1.621889695525169373e-02,2.390843816101551056e-02,3.852643817663192749e-02,8.391573093831539154e-03,-7.177779916673898697e-03,2.497132681310176849e-02,4.904379136860370636e-03,-2.156942617148160934e-03,2.161207236349582672e-02,-2.070008777081966400e-03,7.061321521177887917e-04,-1.255127321928739548e-02,1.501166447997093201e-02,-1.245285756886005402e-02,3.251652419567108154e-02,-1.104879472404718399e-02,-6.436382420361042023e-03,-4.422142356634140015e-02,1.071910257451236248e-03,1.186236366629600525e-02,1.923697628080844879e-02,1.540532708168029785e-02,1.491980999708175659e-02,2.376327465754002333e-04,1.207231730222702026e-02,1.051078923046588898e-02,9.894051589071750641e-03,-1.069449819624423981e-03,8.545757154934108257e-04,-2.247156808152794838e-03,-2.565367519855499268e-02,1.737364009022712708e-02,2.763510867953300476e-02,-7.053120061755180359e-03,3.572487505152821541e-03,-1.477546710520982742e-02,9.861246682703495026e-03,-2.371160686016082764e-02,-1.140309125185012817e-02,1.505103055387735367e-02,-2.626057015731930733e-03,1.970234819737015641e-07,-1.020242087543010712e-02,-2.267496101558208466e-02,1.547093689441680908e-02,-8.542477153241634369e-03,6.331405602395534515e-04,1.980122551321983337e-02,3.800155594944953918e-02,-2.970839850604534149e-02,8.214424364268779755e-03,1.205919496715068817e-02,1.574650034308433533e-02,1.287276484072208405e-02,7.860128767788410187e-03,1.894828863441944122e-02,-2.926224842667579651e-02,2.470888383686542511e-02,-1.173770427703857422e-02,-5.826205480843782425e-03,-4.618973471224308014e-03,-3.081065416336059570e-02,-3.310045693069696426e-03,2.831745706498622894e-02,1.125218695960938931e-03,3.957620635628700256e-02,8.266912773251533508e-03,-1.489356532692909241e-02,8.193101384676992893e-04,1.835451577790081501e-03,1.434243842959403992e-02,-1.564808539114892483e-03,-1.515600737184286118e-02,-9.264191612601280212e-03,-2.897356264293193817e-02,-8.863967843353748322e-03,-2.481386065483093262e-02,-1.589084416627883911e-02,2.952468954026699066e-02,-1.933867111802101135e-03,1.646821573376655579e-02,8.089764975011348724e-03,-4.481191746890544891e-03,1.215105038136243820e-02,7.066242396831512451e-03,1.732115074992179871e-02,-4.782999865710735321e-03,-2.402653545141220093e-02,1.426370535045862198e-02,-1.830530725419521332e-02,-8.719624951481819153e-03,-1.515600737184286118e-02,-3.112558275461196899e-02,1.805598847568035126e-02,-1.675690151751041412e-02,-1.151462900452315807e-03,-1.246597990393638611e-02,2.236003056168556213e-02,6.410138215869665146e-03,-9.119848720729351044e-03,-6.488870829343795776e-03,-2.002429962158203125e-02,3.989113494753837585e-02,-3.138802573084831238e-02,1.076831016689538956e-03,1.449990272521972656e-02,-1.831842958927154541e-02,-1.064529060386121273e-03,-5.235711578279733658e-03,-1.027459185570478439e-02,3.479976579546928406e-02,1.617952995002269745e-02,8.404694497585296631e-03,-6.725068204104900360e-03,-4.960147663950920105e-03,1.295805815607309341e-02,-1.377818826586008072e-02,-3.323577984701842070e-04,-1.303679030388593674e-02,-3.588889958336949348e-03,1.126530952751636505e-02,-2.698228461667895317e-03,-2.642787806689739227e-02,-1.823969744145870209e-02,5.934462416917085648e-03,-8.608086965978145599e-03,-1.069449819624423981e-02,-4.020606726408004761e-02,-1.949941739439964294e-02,-1.144901849329471588e-02,7.978226989507675171e-02,2.376409433782100677e-02,-2.592923864722251892e-02,1.102911215275526047e-02,1.805926789529621601e-03,6.770995445549488068e-03,-3.873639181256294250e-02,-3.626944124698638916e-02,2.566679753363132477e-02,-9.132970124483108521e-03,-9.159214794635772705e-03,-1.100286748260259628e-02,1.138340774923563004e-02,-2.356726303696632385e-02,3.960245102643966675e-02,-1.661788992350921035e-04,-5.156978964805603027e-03,-2.482698298990726471e-02,4.782999865710735321e-03,-1.598269864916801453e-02,4.176103509962558746e-03,-7.669858168810606003e-03,-5.534239113330841064e-03,3.212286159396171570e-02,8.594965562224388123e-03,-3.506220877170562744e-02,4.605851601809263229e-03,3.847395256161689758e-02,2.385594882071018219e-02,2.058526966720819473e-03,8.135692216455936432e-03,2.784506231546401978e-02,1.245941873639822006e-02,1.720305159687995911e-02,4.441825672984123230e-03,2.649348787963390350e-02,4.464133083820343018e-02,3.991737961769104004e-02,1.186892483383417130e-02,-2.116592228412628174e-02,1.048454549163579941e-02,7.053120061755180359e-03,1.609915751032531261e-03,6.241191294975578785e-04,-1.855134614743292332e-03,-3.880856325849890709e-03,1.206575613468885422e-02,2.558806352317333221e-02,-1.677002385258674622e-02,-1.914511993527412415e-02,3.204413130879402161e-02,-2.902605012059211731e-02,-2.031298540532588959e-02,-9.283874183893203735e-03,-7.761712651699781418e-03,-1.385692134499549866e-02,-9.201861685141921043e-04,-1.347638014703989029e-02,-1.806911081075668335e-02,9.782513603568077087e-03,-2.970839850604534149e-02,-3.934000805020332336e-02,1.802646322175860405e-03,-1.121282111853361130e-02,-2.855365537106990814e-02,-4.110492765903472900e-03,-2.152021788060665131e-02,4.550082609057426453e-03,-1.726866327226161957e-02,8.752429857850074768e-03,-1.241349149495363235e-02,2.583738416433334351e-02,-3.487849980592727661e-02,1.012368779629468918e-02,3.545587137341499329e-02,2.745139971375465393e-02,3.579048439860343933e-03,2.129058120772242546e-03,-7.135133491829037666e-04,-2.047045156359672546e-03,-9.159214794635772705e-03,2.147101098671555519e-03,3.341210773214697838e-03,-4.871573764830827713e-04,-7.906056009232997894e-03,3.802780061960220337e-02,2.683466300368309021e-02,-6.757873576134443283e-03,-1.464424561709165573e-02,1.217893441207706928e-03,-4.500874783843755722e-03,-2.012927643954753876e-02,2.432834357023239136e-02,-2.536498941481113434e-02,-9.415095672011375427e-03,-3.434705547988414764e-03,-6.869411095976829529e-03,-1.783291250467300415e-02,-4.077687859535217285e-03,-8.909895084798336029e-03,1.193453557789325714e-02,-5.924621131271123886e-03,7.930659339763224125e-04,2.339421625947579741e-04,1.110128313302993774e-02,-8.214424364268779755e-03,-9.054238325916230679e-04,3.427488356828689575e-02,-2.955093421041965485e-02,-1.171146053820848465e-02,3.361877799034118652e-02,-2.686090581119060516e-02,3.621695330366492271e-03,1.254471205174922943e-02,3.933344502002000809e-03,5.167476832866668701e-02,-1.343701407313346863e-02,2.384938765317201614e-03,3.680744674056768417e-03,4.764956829603761435e-04,-1.463112421333789825e-02,-3.351380303502082825e-02,2.335730940103530884e-02,-1.750485971570014954e-02,-2.745139971375465393e-02,9.454461745917797089e-03,3.365814685821533203e-03,-2.651973254978656769e-02,2.104454208165407181e-03,2.045732922852039337e-02,-1.312864478677511215e-02,1.154087297618389130e-02,-1.401438564062118530e-02,-3.411741927266120911e-03,-6.803800817579030991e-03,-2.297676913440227509e-02,-1.335172075778245926e-02,1.994556747376918793e-02,-8.273473940789699554e-03,9.264191612601280212e-03,-1.284652017056941986e-02,-1.654694788157939911e-02,-1.297774165868759155e-02,-3.115182742476463318e-02,1.763608120381832123e-02,-3.766038268804550171e-02,2.211071085184812546e-03,-1.459175720810890198e-02,-1.527902670204639435e-03,2.489259280264377594e-02,5.901657510548830032e-03,-1.105535589158535004e-02,-1.230851467698812485e-02,-1.119969878345727921e-02,3.966149874031543732e-03,-2.768759801983833313e-02,-9.926856495440006256e-03,4.330287687480449677e-03,9.848124347627162933e-03,1.410624012351036072e-02,2.637538872659206390e-02,3.998955246061086655e-03,2.110031060874462128e-02,5.507994908839464188e-03,2.153334021568298340e-02,5.170101299881935120e-03,1.456551346927881241e-02,-4.031760152429342270e-03,-2.449893206357955933e-02,-4.573046229779720306e-03,1.177050918340682983e-02,1.353214960545301437e-03,3.424863889813423157e-02,-1.717680878937244415e-02,4.937184043228626251e-03,1.256439602002501488e-03,2.760558389127254486e-03,8.319401182234287262e-03,-5.232430994510650635e-03,-3.238530457019805908e-02,-9.159214794635772705e-03,-4.235152620822191238e-03,1.572189736180007458e-03,-2.211071178317070007e-02,-6.426540669053792953e-03,-3.632193058729171753e-02,3.109933994710445404e-02,-7.400855422019958496e-03,1.739988289773464203e-02,-2.089691814035177231e-03,2.634914591908454895e-02,-1.204607356339693069e-02,2.526001259684562683e-02,-2.027362026274204254e-02,-1.589084416627883911e-02,-1.062232721596956253e-02,2.666407451033592224e-02,8.096326142549514771e-03,8.512951899319887161e-04,2.545684343203902245e-03,1.823969744145870209e-02,2.412823261693120003e-03,-3.631536848843097687e-03,-1.308927871286869049e-02,-3.002332895994186401e-02,-9.894051589071750641e-03,-1.266281120479106903e-02,7.322122808545827866e-03,2.106094500049948692e-03,-1.071910257451236248e-03,1.157367788255214691e-02,-1.894828863441944122e-02,-1.489356532692909241e-02,-2.065416052937507629e-02,1.951253972947597504e-02,1.090445183217525482e-02,-1.007776055485010147e-02,2.036547474563121796e-02,-2.687402814626693726e-02,-2.082474716007709503e-02,1.692748814821243286e-02,-2.077225968241691589e-02,3.613822162151336670e-02,-2.611294854432344437e-03,9.570920374244451523e-04,2.554869838058948517e-02,-2.284062793478369713e-04,-3.107309527695178986e-02,1.847589388489723206e-02,-1.863336004316806793e-02,-1.264025777345523238e-04,3.044323530048131943e-03,2.700524963438510895e-02,-5.740911699831485748e-03,-1.393565349280834198e-02,2.806485863402485847e-03,8.890211582183837891e-03,-1.379131060093641281e-02,-3.920878842473030090e-02,1.141621358692646027e-02,-1.579898968338966370e-02,-2.077225968241691589e-02,1.569401286542415619e-02,-1.267101266421377659e-03,7.873250171542167664e-03,1.820033043622970581e-02,-8.340724743902683258e-04,4.428703337907791138e-03,-2.364599518477916718e-02,-7.085925433784723282e-03,-2.582426182925701141e-02,-9.087042883038520813e-03,-2.481386065483093262e-02,-2.826168900355696678e-03,2.212383411824703217e-02,-2.064103819429874420e-02,-1.715056411921977997e-02,-2.011615596711635590e-02,-9.926856495440006256e-03,2.850116603076457977e-02,-3.233281522989273071e-02,8.811479434370994568e-03,-2.291115932166576385e-02,-2.170392684638500214e-02,3.256901353597640991e-02,2.255686186254024506e-02,-1.407999638468027115e-02,-9.474144317209720612e-03,-1.287276484072208405e-02,1.745237223803997040e-02,2.022441243752837181e-03,-1.493293140083551407e-02,-2.695276029407978058e-02,1.771481335163116455e-02,2.099533379077911377e-02,-1.868584752082824707e-02,-9.034555405378341675e-03,-8.850845508277416229e-03,-1.822657510638237000e-02,-1.668965123826637864e-04,8.975505828857421875e-03,4.497594200074672699e-03,8.680258877575397491e-03,-3.687305748462677002e-02,-2.585050649940967560e-02,-2.138899639248847961e-02,1.796085271053016186e-03,1.083884108811616898e-02,8.181619457900524139e-03,-2.611294761300086975e-02,-1.913199946284294128e-02,1.589412451721727848e-03,6.436382420361042023e-03,-5.265236366540193558e-03,-2.102157846093177795e-02,-6.488870829343795776e-03,4.894537385553121567e-03,4.078343883156776428e-02,-1.560215838253498077e-02,5.117612890899181366e-03,-5.544080398976802826e-03,1.632879371754825115e-03,-3.871014807373285294e-03,6.255953572690486908e-03,1.026803045533597469e-03,-9.762831032276153564e-03,1.389628741890192032e-02,-2.423648908734321594e-02,-3.750291839241981506e-02,-4.482012009248137474e-04,-1.427682768553495407e-02,3.867734223604202271e-03,-1.010298001347109675e-04,-1.802974380552768707e-02,1.270873844623565674e-02,-1.950269797816872597e-03,1.814784295856952667e-02,1.044517941772937775e-02,-2.839619107544422150e-02,2.939346805214881897e-02,4.809244070202112198e-03,2.291443990543484688e-03,3.697803243994712830e-02,-1.036644633859395981e-02,-2.787130698561668396e-02,-5.776997655630111694e-03,-6.482309661805629730e-03,3.989113494753837585e-03,-1.939444057643413544e-02,1.616640761494636536e-02,-1.741300523281097412e-02,6.797239650040864944e-03,-4.335536435246467590e-02,-3.160781925544142723e-03,-2.104782313108444214e-02,-9.579121135175228119e-03,8.365328423678874969e-03,3.018079325556755066e-02,8.745868690311908722e-03,-1.442609122022986412e-03,8.844284340739250183e-03,1.635011658072471619e-02,1.701934263110160828e-02,5.140576511621475220e-03,-1.218385528773069382e-02,-1.260376162827014923e-02,1.921073161065578461e-02,-9.539755061268806458e-03,-3.760789334774017334e-02,-3.532465174794197083e-02,-3.513437928631901741e-03,3.808028995990753174e-02,-2.279306016862392426e-02,-3.890697844326496124e-03,1.569401286542415619e-02,4.100651480257511139e-03,-3.220159560441970825e-02,-3.447827650234103203e-03,-6.367491558194160461e-03,-1.207231730222702026e-02,1.589084416627883911e-02,1.545781549066305161e-02,1.193453557789325714e-02,3.099436312913894653e-02,-8.739308454096317291e-03,1.217729412019252777e-02,-3.356629237532615662e-02,-2.249125204980373383e-02,1.707183197140693665e-02,-1.918448694050312042e-02,6.521675735712051392e-03,8.424378000199794769e-03,-4.035040736198425293e-03,6.308441981673240662e-03,1.654694788157939911e-02,2.903261221945285797e-03,5.816363729536533356e-03,9.762831032276153564e-03,-3.664341988041996956e-03,-4.096714779734611511e-02,1.198046281933784485e-02,1.920745125971734524e-03,-1.343701407313346863e-02,7.026875857263803482e-03,2.750716870650649071e-03,-1.585147716104984283e-02,-1.942068454809486866e-03,-1.918448694050312042e-02,1.051735039800405502e-02,-4.183320328593254089e-02,1.557591371238231659e-02,1.806911081075668335e-02,-7.328683976083993912e-03,-2.175641618669033051e-02,-1.004495564848184586e-02,-1.081259734928607941e-02,5.357090849429368973e-03,-1.100286748260259628e-02,2.319984510540962219e-02,8.293157443404197693e-03,-7.682980503886938095e-03,2.075913734734058380e-02,-9.270752780139446259e-03,-2.711022645235061646e-02,-1.169833820313215256e-02,4.461508616805076599e-02,-1.299742422997951508e-02,-1.371257822029292583e-03,4.438545089215040207e-03,-1.625826209783554077e-02,9.434778243303298950e-03,1.852838322520256042e-02,1.658631488680839539e-02,-2.120528742671012878e-02,-9.310118854045867920e-03,-1.431619375944137573e-02,-5.809802561998367310e-03,-1.662568002939224243e-02,3.057445585727691650e-02,4.469382017850875854e-02,-8.588404394686222076e-03,2.066728193312883377e-03,-1.117837498895823956e-03,1.522161718457937241e-02,-1.604830846190452576e-02,-1.991932466626167297e-02,-3.070567734539508820e-03,-1.523473951965570450e-02,-1.221666019409894943e-02,1.187548600137233734e-02,-1.827250234782695770e-03,-8.463744074106216431e-03,-2.541747689247131348e-02,2.834370173513889313e-02,-8.280035108327865601e-03,2.178265899419784546e-02,2.094284594058990479e-01,7.748590782284736633e-03,-1.135880360379815102e-03,5.156978964805603027e-02,1.148182316683232784e-03,2.229442074894905090e-02,2.747764438390731812e-02,7.919177412986755371e-03,-1.630418933928012848e-03,1.184268109500408173e-02,-3.981240466237068176e-02,-6.315003149211406708e-03,-5.248833447694778442e-03,1.264312770217657089e-02,5.754034034907817841e-03,-3.907756507396697998e-02,-4.543521441519260406e-03,-3.802123945206403732e-03,-2.519440092146396637e-02,-1.114064920693635941e-02,1.636323891580104828e-02,-1.063544955104589462e-02,1.231507584452629089e-02,4.897817969322204590e-03,1.226258743554353714e-02,1.029427535831928253e-02,3.023000201210379601e-03,-5.170101299881935120e-03,6.816922686994075775e-03,1.795101165771484375e-02,-2.516815811395645142e-02,-1.273498311638832092e-02,-1.758359372615814209e-02,-1.262344513088464737e-02,-1.285964250564575195e-02,1.154087297618389130e-02,3.456357121467590332e-02,-7.899494841694831848e-03,-1.809535361826419830e-02,-1.337140332907438278e-02,1.617952995002269745e-02,-1.292525324970483780e-02,1.478858850896358490e-02,-2.023425325751304626e-02,1.051078923046588898e-02,2.301613613963127136e-02,-1.569401286542415619e-02,-1.796413399279117584e-02,-1.132599893026053905e-03,-3.036532434634864330e-04,-2.314735576510429382e-02,-8.896772749722003937e-03,2.592923864722251892e-02,-1.118001528084278107e-02,1.900077797472476959e-02,-8.909895084798336029e-03,4.596009850502014160e-03,2.302925847470760345e-02,-7.302439771592617035e-03,4.586168564856052399e-03,-1.967000402510166168e-02,5.471908953040838242e-03,-4.529743641614913940e-02,9.690659120678901672e-03,-7.446782663464546204e-03,3.275272250175476074e-02,-2.651973254978656769e-02,-8.450622670352458954e-03,-1.322050020098686218e-02,-8.988627232611179352e-03,-1.045830082148313522e-02,-1.400126423686742783e-02,1.183611992746591568e-02,3.107309527695178986e-02,-1.149494573473930359e-02,-1.369945611804723740e-02,-1.650922233238816261e-03,1.964375935494899750e-02,1.323362160474061966e-02,2.781881764531135559e-02,3.375656204298138618e-03,-2.472200617194175720e-02,1.575962267816066742e-02,-1.003839448094367981e-02,2.392730093561112881e-04,5.166820716112852097e-03,2.669031918048858643e-02,1.048454549163579941e-02,-1.799037680029869080e-02,3.629568591713905334e-02,7.774834986776113510e-03,-1.611392013728618622e-02,-5.265236366540193558e-03,8.811479434370994568e-03,-1.418497320264577866e-02,-3.506220877170562744e-02,-1.110128313302993774e-02,1.250534597784280777e-02,-2.672968618571758270e-02,-1.485419925302267075e-02,-4.618973471224308014e-03,-4.138705506920814514e-02,6.160818506032228470e-03,6.298600230365991592e-03,-7.801489118719473481e-05,-8.581843227148056030e-03,6.377332843840122223e-03,3.393371030688285828e-02,7.827322930097579956e-03,-2.679529599845409393e-02,2.662470936775207520e-02,1.551030389964580536e-02,2.512879204005002975e-03,-2.401341451331973076e-03,2.195324748754501343e-02,2.317360043525695801e-02,-1.904014497995376587e-02,-2.352789603173732758e-02,1.600074116140604019e-03,1.977539068320766091e-04,-4.868293181061744690e-03,-1.009088288992643356e-02,-1.645509339869022369e-02,-3.961229231208562851e-04,-4.461508709937334061e-03,-2.283242531120777130e-03,-1.909263245761394501e-02,-6.485590245574712753e-03,2.755637653172016144e-02,-3.249027952551841736e-02,1.732115074992179871e-02,-1.829218491911888123e-02,-1.082571968436241150e-02,6.935021374374628067e-03,1.049766782671213150e-03,2.651973254978656769e-02,7.958544418215751648e-03,-7.951983250677585602e-03,-1.780666783452033997e-02,-1.167209353297948837e-02,-7.400855422019958496e-03,1.524786185473203659e-02,5.568684427998960018e-04,3.024640493094921112e-03,9.808758273720741272e-03,-3.159797936677932739e-02,4.416893422603607178e-02,-2.439395524561405182e-02,1.089953118935227394e-03,-2.314735576510429382e-02,-4.894537385553121567e-03,-5.491592455655336380e-03,8.581843227148056030e-03,-6.557761691510677338e-03,3.697803243994712830e-02,5.849169101566076279e-03,-3.519342839717864990e-02,-3.288394212722778320e-02,-1.838403940200805664e-02,-1.121938228607177734e-02,-5.757970362901687622e-02,5.278358235955238342e-03,2.249125204980373383e-02,-3.144051507115364075e-02,-6.377332843840122223e-03,5.491592455655336380e-03,-1.643934696912765503e-01,2.229442074894905090e-02,6.465907208621501923e-03,-7.413977757096290588e-03,2.390843816101551056e-02,-8.611367957200855017e-05,3.687305748462677002e-02,-2.263559494167566299e-03,-6.696363561786711216e-04,1.339764799922704697e-02,1.478858850896358490e-02,2.005054429173469543e-02,-6.449504289776086807e-03,-1.297446084208786488e-03,-2.857990004122257233e-02,1.175082661211490631e-02,-3.566582500934600830e-02,-1.327298860996961594e-02,1.328611001372337341e-02,6.684061372652649879e-04,3.960245102643966675e-02,-2.397404797375202179e-02,4.740352742373943329e-03,-3.343506902456283569e-02,2.797628380358219147e-02,1.069449819624423981e-02,1.810847595334053040e-02,1.652562525123357773e-03,1.758359372615814209e-02,-7.118730805814266205e-03,-8.109448477625846863e-03,-1.519291254226118326e-04,2.236003056168556213e-02,4.637836536858230829e-04,2.666407451033592224e-02,-2.637538826093077660e-03,7.000632118433713913e-03,-1.457863580435514450e-02,-4.540241323411464691e-03,3.545587137341499329e-02,1.904014497995376587e-02,2.721520327031612396e-02,-1.282734956475906074e-05,-1.079291384667158127e-02,-2.416103845462203026e-03,2.976088784635066986e-02,7.230268325656652451e-03,9.493827819824218750e-03,-4.369654227048158646e-03,-4.527118988335132599e-03,5.957426037639379501e-03,-2.997083961963653564e-02,-4.123615100979804993e-03,3.634817432612180710e-03,-7.551759481430053711e-03,-1.973561383783817291e-02,-8.647453039884567261e-03,-6.036158883944153786e-04,-2.653285488486289978e-02,3.262478159740567207e-03,-1.933867111802101135e-03,-1.890892349183559418e-02,-8.949261158704757690e-03,-1.238724775612354279e-02,-5.794220487587153912e-04,-7.171219214797019958e-03,-2.683466300368309021e-02,-2.194012515246868134e-02,-2.560118585824966431e-02,2.275369316339492798e-02,-1.257751788944005966e-02,-2.421024441719055176e-02,1.213792804628610611e-02,-2.850116603076457977e-02,2.239939756691455841e-02,7.471386925317347050e-04,-3.010206110775470734e-02,-5.314444191753864288e-03,2.486634999513626099e-03,4.225311335176229477e-03,-4.748554201796650887e-04,5.621500685811042786e-02,-3.406492993235588074e-02,-6.875972263514995575e-03,5.380054470151662827e-03,1.421121694147586823e-02,-1.167865470051765442e-03,1.373882219195365906e-02,1.898765563964843750e-02,1.031395792961120605e-02,-1.253774098586291075e-04,-5.612971726804971695e-03,5.019197240471839905e-03,-1.348950248211622238e-02,8.483427576720714569e-03,3.982552327215671539e-03,1.259064022451639175e-02,3.946466837078332901e-03,2.604733780026435852e-02,-1.573337800800800323e-02,8.516232483088970184e-03,-2.040484175086021423e-02,-2.005054429173469543e-02,2.721520327031612396e-02,3.165046870708465576e-02,-1.106191705912351608e-02,1.018273737281560898e-02,1.397501956671476364e-02,1.980122551321983337e-02,6.557761691510677338e-03,-2.087723650038242340e-02,3.944498673081398010e-02,1.372569985687732697e-02,1.138340774923563004e-02,4.285672679543495178e-02,2.549620904028415680e-02,-1.266937237232923508e-02,-1.769841066561639309e-03,-2.785162301734089851e-03,1.827906258404254913e-02,4.776438698172569275e-02,-3.032841719686985016e-03,-1.304991263896226883e-02,2.662142738699913025e-03,-1.430307142436504364e-02,-8.680258877575397491e-03,-1.243973597884178162e-01,-3.477352485060691833e-02,9.218264371156692505e-03,4.151827469468116760e-02,4.159700870513916016e-02,2.296364679932594299e-02,-1.779354549944400787e-02,3.060070052742958069e-02,4.252375510986894369e-04,1.921073161065578461e-02,2.401341451331973076e-03,-1.589084416627883911e-02,2.121840976178646088e-02,3.592170542106032372e-03,-3.133553639054298401e-02,-7.978226989507675171e-03,1.018273737281560898e-02,-3.125680610537528992e-02,-3.802780061960220337e-02,3.401244059205055237e-02,7.046559359878301620e-03,-1.166225178167223930e-03,-8.824601769447326660e-03,-5.600505694746971130e-02,9.087042883038520813e-03,-7.453343831002712250e-03,-1.868584752082824707e-02,-1.208871952258050442e-03,2.239939756691455841e-02,2.312111295759677887e-02,-1.425386406481266022e-03,5.754034034907817841e-03,-7.637052796781063080e-03,3.841490251943469048e-03,-7.631311891600489616e-04,-4.717389121651649475e-03,-1.705870963633060455e-02,-3.201788524165749550e-03,2.385594882071018219e-02,-1.533971633762121201e-02,1.032708026468753815e-02,6.114891264587640762e-03,1.581826218171045184e-04,-8.837724104523658752e-03,1.675690151751041412e-02,-8.131591603159904480e-04,-9.270752780139446259e-03,8.529354818165302277e-03,2.719552023336291313e-03,-1.190829183906316757e-02,-1.148838456720113754e-02,1.589084416627883911e-02,6.830045022070407867e-03,-1.322050020098686218e-02,-1.232245704159140587e-04,-3.243779391050338745e-02,8.234107866883277893e-03,5.324285477399826050e-03,-3.109933994710445404e-02,1.856774836778640747e-02,1.536596100777387619e-02,-2.305550128221511841e-02,6.488870829343795776e-03,2.581113949418067932e-02,-1.568089053034782410e-02,-1.963063701987266541e-02,-2.474825084209442139e-02,-1.631075143814086914e-02,9.303557686507701874e-03,-7.538637146353721619e-03,2.965591102838516235e-02,-2.747436286881566048e-03,-1.250534597784280777e-02,3.771286830306053162e-02,-5.009355489164590836e-03,-9.126409888267517090e-03,-7.328683976083993912e-03,-3.044323436915874481e-02,1.197390165179967880e-02,-2.291115932166576385e-02,-2.474825084209442139e-02,-1.816096529364585876e-02,8.063520304858684540e-03,-8.555598556995391846e-03,2.881609648466110229e-02,1.907951012253761292e-02,-6.000073160976171494e-03,1.828890526667237282e-03,2.321296744048595428e-02,3.667622571811079979e-03,1.978154294192790985e-03,4.238433204591274261e-03,2.419712394475936890e-02,-2.405278012156486511e-02,2.022113092243671417e-02,1.844965107738971710e-02,-1.940756291151046753e-02,-9.277313947677612305e-03,-4.248274955898523331e-03,-2.695276029407978058e-02,-1.276778802275657654e-02,-2.380018122494220734e-03,-3.923503309488296509e-02,1.896141096949577332e-02,-1.259720046073198318e-02,-2.620480209589004517e-02,2.842243388295173645e-02,9.964582568500190973e-05,7.354928180575370789e-03,-2.546996623277664185e-02,-2.212383411824703217e-02,-1.123906485736370087e-02,-2.103470079600811005e-02,-8.818040601909160614e-03,-1.102255098521709442e-02,-2.228129841387271881e-02,-3.506220877170562744e-02,2.424961142241954803e-02,1.332711661234498024e-03,3.222784027457237244e-02,2.247812971472740173e-02,2.213695645332336426e-02,-2.665423322468996048e-03,3.232953604310750961e-03,-8.102887310087680817e-03,3.309389576315879822e-02,-1.681267051026225090e-03,2.506318129599094391e-02,1.696685515344142914e-02,-6.836605723947286606e-03,-1.071418169885873795e-02,-2.755637746304273605e-03,-5.291480571031570435e-03,1.703246496617794037e-02,4.681959748268127441e-02,1.342389173805713654e-02,-1.336812274530529976e-03,-1.457863580435514450e-02,-6.731629371643066406e-03,2.309486828744411469e-02,2.380018122494220734e-03,5.411547422409057617e-02,-8.065981091931462288e-04,-3.595450893044471741e-02,5.757314618676900864e-03,-6.954704411327838898e-03,-2.119216509163379669e-02,-7.013753987848758698e-03,-2.789755165576934814e-02,1.013024896383285522e-02,2.606045827269554138e-02,-1.240693032741546631e-02,1.567268976941704750e-03,1.717680878937244415e-02,-2.061479352414608002e-02,-4.707547836005687714e-03,4.628815222531557083e-03,-2.355414070188999176e-02,1.868584752082824707e-02,-6.485590245574712753e-03,1.107503939419984818e-02,-3.818526491522789001e-02,3.545587137341499329e-02,1.358135696500539780e-02,-5.708106793463230133e-03,-1.076667010784149170e-02,4.858451895415782928e-03,-1.375194452702999115e-02,1.743596978485584259e-03,8.207709470298141241e-06,-8.916456252336502075e-03,3.608573228120803833e-03,-1.133748050779104233e-02,1.124562602490186691e-02,1.335828192532062531e-02,2.955093421041965485e-02,1.091101299971342087e-02,-1.064857095479965210e-02,-1.105535589158535004e-02,2.910478226840496063e-02,-1.346325874328613281e-02,-6.731629371643066406e-03,3.470791270956397057e-03,-1.402750797569751740e-02,-2.734642289578914642e-02,1.823969744145870209e-02,8.096326142549514771e-03,8.444061502814292908e-03,1.749173738062381744e-02,-7.505832239985466003e-03,5.052002612501382828e-03,5.399737507104873657e-03,-9.828440845012664795e-03,-1.856774836778640747e-02,7.479588035494089127e-03,-8.542477153241634369e-03,7.138413842767477036e-03,1.726866327226161957e-02,-1.170489937067031860e-02,1.644197106361389160e-02,-4.061284940689802170e-03,3.329728962853550911e-03,4.792841151356697083e-03,-6.200184579938650131e-03,-6.991610280238091946e-04,-6.587286479771137238e-03,4.020688647869974375e-04,3.941874206066131592e-02,3.116494975984096527e-03,-3.112558275461196899e-02,-2.127089910209178925e-02,5.054626986384391785e-02,2.752357162535190582e-03,-3.930064383894205093e-03,1.341733150184154510e-02,2.833550097420811653e-04,6.715226452797651291e-03,2.766135334968566895e-02,1.401438564062118530e-02,-1.393565349280834198e-02,-2.098221331834793091e-02,4.731823503971099854e-02,1.481483317911624908e-02,2.873736433684825897e-02,1.747861690819263458e-02,-1.737364009022712708e-02,2.178265899419784546e-02,1.333859842270612717e-02,5.904938094317913055e-03,-8.161935955286026001e-03,-3.907100763171911240e-03,-2.137259347364306450e-03,5.904938094317913055e-03,-9.178898297250270844e-03,-2.321296744048595428e-02,-3.228032728657126427e-03,-3.562645753845572472e-03,1.131123676896095276e-02,-4.369654227048158646e-03,3.340882807970046997e-02,-9.926856495440006256e-03,6.093895807862281799e-02,1.359447930008172989e-02,-2.473512850701808929e-02,1.232163701206445694e-02,1.338452566415071487e-02,4.332912340760231018e-02,9.946539998054504395e-03,4.855171311646699905e-03,8.030715398490428925e-03,6.419979501515626907e-03,4.185944795608520508e-02,-1.468361262232065201e-02,3.603324294090270996e-02,-3.677464090287685394e-03,-3.920878842473030090e-02,-1.238068658858537674e-02,1.316801179200410843e-02,6.380613427609205246e-03,-7.912617176771163940e-03,1.638948358595371246e-02,2.418400160968303680e-02,8.122569881379604340e-03,-7.105608470737934113e-03,-9.939978830516338348e-03,-2.533874474465847015e-02,-1.785915717482566833e-02,2.889482863247394562e-02,-3.663685917854309082e-02,-1.729490607976913452e-02,-4.272550716996192932e-02,-6.298600230365991592e-03,1.435555983334779739e-02,-2.894731797277927399e-02,-2.040484175086021423e-02,1.606143079698085785e-02,-3.234593663364648819e-03,-2.839619107544422150e-02,-1.380443293601274490e-02,-2.952469047158956528e-03,4.484472330659627914e-03,-2.936722524464130402e-02,2.474825084209442139e-02,-1.171802077442407608e-02,-9.296996518969535828e-03,2.182202599942684174e-02,1.556279137730598450e-02,6.770995445549488068e-03,2.095596864819526672e-02,-3.650563955307006836e-02
8.586737327277660370e-03,-2.293993532657623291e-02,1.757951918989419937e-03,1.595061970874667168e-03,-9.612864814698696136e-03,2.045960165560245514e-03,-1.677057705819606781e-02,-2.032110467553138733e-02,-5.048800259828567505e-03,1.767468518210080219e-07,2.101358398795127869e-02,2.981436066329479218e-02,-1.925091072916984558e-02,-1.049420144408941269e-02,-8.970748633146286011e-03,1.338372658938169479e-02,2.234818041324615479e-02,7.913144305348396301e-03,1.247091405093669891e-02,-1.022193115204572678e-03,-1.208690344356000423e-03,4.708855878561735153e-03,-1.306266873143613338e-03,1.320745982229709625e-02,-1.238278020173311234e-02,-7.220665458589792252e-03,8.076821453869342804e-03,-1.609068922698497772e-02,7.204140420071780682e-04,-2.536990493535995483e-02,1.595219410955905914e-02,3.712237230502068996e-04,-2.228522673249244690e-02,2.505514305084943771e-03,-2.000634185969829559e-02,-1.605291850864887238e-03,-6.880721542984247208e-03,3.305012593045830727e-03,1.102929934859275818e-02,-1.372367143630981445e-02,6.515596061944961548e-03,1.325782202184200287e-02,-1.821848750114440918e-02,4.192644357681274414e-02,-2.059809677302837372e-02,-5.826265085488557816e-03,-1.102300360798835754e-02,-1.711052283644676208e-02,-2.843884518370032310e-03,3.444767370820045471e-02,-1.142590027302503586e-02,1.091441023163497448e-03,-8.360107429325580597e-03,-1.354464911855757236e-04,-8.945567533373832703e-03,1.718606427311897278e-02,6.266933400183916092e-03,1.460500806570053101e-02,-2.193898893892765045e-03,-2.574762143194675446e-02,9.342168457806110382e-03,1.340103917755186558e-03,2.232299931347370148e-02,-2.241113223135471344e-03,-1.687130145728588104e-02,-3.588299441616982222e-04,-1.013537216931581497e-02,4.658493853639811277e-04,-5.983646493405103683e-03,1.305637322366237640e-02,1.087191700935363770e-02,2.757324650883674622e-02,2.262517064809799194e-02,1.150773838162422180e-02,2.388422377407550812e-02,-4.323586076498031616e-02,-7.768353447318077087e-03,3.626070916652679443e-03,-4.562805965542793274e-02,9.021110832691192627e-03,-1.673280633985996246e-02,-7.271027658134698868e-03,-4.249301739037036896e-03,3.035890171304345131e-03,3.046906786039471626e-03,-2.560597844421863556e-03,-1.000317092984914780e-02,2.514327690005302429e-02,-2.305324934422969818e-02,-4.741591215133666992e-02,2.119929529726505280e-03,1.233084476552903652e-03,-1.355999428778886795e-02,1.483163703233003616e-02,-1.195470243692398071e-02,2.888266183435916901e-02,-1.984266564249992371e-02,4.268187656998634338e-02,-1.009760051965713501e-02,-1.682093925774097443e-02,-7.881668396294116974e-03,4.718299023807048798e-03,4.334287717938423157e-03,-1.023609563708305359e-02,-3.487575054168701172e-02,-8.693756535649299622e-03,-8.423060178756713867e-03,-7.152991602197289467e-04,2.510550431907176971e-02,-3.135040402412414551e-02,3.336488734930753708e-03,2.827831730246543884e-02,-1.350963208824396133e-02,-3.739385679364204407e-02,-1.863397471606731415e-02,-8.020163513720035553e-03,-1.358517538756132126e-02,-2.508032321929931641e-02,-7.950915955007076263e-03,-1.343408878892660141e-02,7.258437108248472214e-03,4.274482838809490204e-03,4.006934352219104767e-03,-2.757324650883674622e-02,-1.055715419352054596e-02,1.148885302245616913e-02,-1.636768132448196411e-02,-1.745046675205230713e-02,-2.680404577404260635e-05,-1.162734907120466232e-02,4.094438254833221436e-02,1.429024431854486465e-02,2.424934878945350647e-02,-5.432811100035905838e-03,-3.906996862497180700e-04,4.517479985952377319e-02,-1.664467342197895050e-02,9.789132513105869293e-03,-5.775903118774294853e-04,-1.830347464419901371e-03,1.464277971535921097e-02,1.661949232220649719e-02,-1.513380929827690125e-02,-1.033996813930571079e-03,1.682093925774097443e-02,2.840736880898475647e-03,-1.344825373962521553e-03,2.453893050551414490e-02,1.119927130639553070e-02,-1.824366860091686249e-02,1.766450516879558563e-02,6.698158569633960724e-03,3.653769940137863159e-02,-3.802338149398565292e-03,2.648731460794806480e-03,8.290859870612621307e-03,-3.059497289359569550e-02,-8.334927260875701904e-03,-8.486012928187847137e-03,-5.126703763380646706e-04,6.389691028743982315e-03,8.089412003755569458e-03,2.134093828499317169e-02,1.335854548960924149e-02,3.352226922288537025e-04,2.976399846374988556e-02,2.632206305861473083e-04,-2.458929270505905151e-02,-2.359464205801486969e-02,4.564065020531415939e-03,1.257163845002651215e-02,2.714516967535018921e-02,-3.321380168199539185e-02,2.651564404368400574e-02,-1.354740373790264130e-02,1.450428366661071777e-02,5.187295842915773392e-03,2.193898893892765045e-03,-1.212467439472675323e-02,1.595219410955905914e-02,-3.714204579591751099e-02,2.591129764914512634e-02,3.573190793395042419e-02,2.714516967535018921e-02,-3.517792373895645142e-02,-1.658171974122524261e-02,7.459885440766811371e-03,1.013537216931581497e-02,-2.145110396668314934e-03,7.440999615937471390e-03,1.558706816285848618e-02,1.276049576699733734e-02,-1.194211188703775406e-02,-8.819662034511566162e-03,-6.631680727005004883e-01,9.669522754848003387e-03,-1.692166365683078766e-02,-2.300288714468479156e-02,1.688389293849468231e-02,7.598381023854017258e-03,2.344985026866197586e-03,2.324210666120052338e-02,-2.567207813262939453e-02,1.039347704499959946e-02,8.718937635421752930e-03,2.079954557120800018e-02,1.117409020662307739e-02,-2.044701017439365387e-02,-1.994339004158973694e-02,-3.042185446247458458e-03,-1.310673542320728302e-02,1.011019106954336166e-02,-2.159274928271770477e-02,9.021110832691192627e-03,-1.427765376865863800e-02,1.211208384484052658e-02,4.579803207889199257e-04,-3.242059843614697456e-03,2.327987924218177795e-02,-4.957519005984067917e-03,8.039049804210662842e-03,1.670762524008750916e-02,-7.812419906258583069e-03,2.974511357024312019e-03,-2.699408307671546936e-02,1.194211188703775406e-02,-7.579495199024677277e-03,3.381814807653427124e-02,3.364187851548194885e-02,-2.146684378385543823e-02,-1.808314002119004726e-03,1.494495198130607605e-02,-4.542031325399875641e-03,4.998438060283660889e-02,-2.234817948192358017e-03,-1.882283389568328857e-02,7.982391864061355591e-03,6.783144781365990639e-04,-1.053197309374809265e-02,1.108595635741949081e-02,9.134424850344657898e-03,8.385288529098033905e-03,2.974511298816651106e-04,7.459885440766811371e-03,-5.118047818541526794e-03,-4.409201443195343018e-02,-1.041236333549022675e-02,9.587683714926242828e-03,-1.304378267377614975e-02,-4.715151153504848480e-03,1.024239137768745422e-02,4.372059367597103119e-03,8.322336710989475250e-03,9.486959315836429596e-03,2.154553309082984924e-03,1.624177582561969757e-02,5.225067492574453354e-03,-2.132834680378437042e-02,-1.850806921720504761e-02,-2.083731815218925476e-03,-1.571297459304332733e-02,2.154238708317279816e-02,3.782193362712860107e-02,1.634250022470951080e-02,1.446651201695203781e-02,2.265035174787044525e-02,1.315709762275218964e-02,-6.320443004369735718e-03,2.228522673249244690e-02,-2.759842760860919952e-02,4.107028990983963013e-02,-1.247248728759586811e-03,2.028333395719528198e-02,-8.687461726367473602e-03,-9.499549865722656250e-03,-1.896132901310920715e-02,-4.764254391193389893e-02,-5.656292662024497986e-03,3.774639219045639038e-02,5.169984069652855396e-04,-2.292734384536743164e-02,2.277310937643051147e-03,-7.352865766733884811e-03,-1.366071868687868118e-02,4.054148681461811066e-03,2.526918053627014160e-02,2.173439133912324905e-03,4.702560603618621826e-03,-9.449188597500324249e-03,2.266294322907924652e-02,2.886377507820725441e-03,-5.102309864014387131e-03,1.524712424725294113e-02,-1.674539642408490181e-03,4.828466102480888367e-03,-4.028967581689357758e-03,1.824366860091686249e-02,5.203033797442913055e-03,1.009130477905273438e-02,1.554929744452238083e-02,-2.971363626420497894e-02,-3.068940248340368271e-03,2.348132617771625519e-02,-1.439096871763467789e-02,2.496071392670273781e-03,-1.794149726629257202e-02,-1.141960546374320984e-02,-3.604037454351782799e-03,-1.543598249554634094e-02,-2.327987924218177795e-02,4.409831017255783081e-03,2.185714989900588989e-02,1.403843425214290619e-02,-1.086562220007181168e-02,1.101670879870653152e-02,-1.813035458326339722e-03,1.881024241447448730e-02,-2.193269319832324982e-02,-5.502059124410152435e-03,3.316343948245048523e-02,2.721126889809966087e-03,-1.984266564249992371e-02,-2.696890197694301605e-02,7.994982413947582245e-03,-9.946513921022415161e-03,2.495441772043704987e-02,2.601202204823493958e-02,-5.448549054563045502e-03,1.748509006574749947e-03,-3.282979130744934082e-03,7.755762897431850433e-03,-2.045960165560245514e-02,1.780300028622150421e-02,-2.292734384536743164e-02,-4.147003928665071726e-04,3.485057130455970764e-02,-1.194840762764215469e-02,-3.651252016425132751e-03,-1.017314288765192032e-02,-3.291162848472595215e-02,-7.126236334443092346e-03,-4.960666410624980927e-03,-3.409513831138610840e-02,1.565002091228961945e-02,5.558716133236885071e-03,-1.296823937445878983e-02,-2.426194027066230774e-02,4.796202701982110739e-04,1.838216558098793030e-02,-1.991820894181728363e-02,-1.077119354158639908e-02,-3.132522478699684143e-02,-7.403227966278791428e-03,-2.408567257225513458e-02,1.512830203864723444e-04,2.248667553067207336e-02,-1.071453560143709183e-02,-1.643063314259052277e-02,1.468055043369531631e-02,-1.814294420182704926e-02,1.140701491385698318e-02,6.855540443211793900e-03,3.648104378953576088e-03,-2.521882019937038422e-02,9.700998663902282715e-03,1.675798743963241577e-02,2.163996221497654915e-03,1.902428083121776581e-02,1.298082992434501648e-02,-3.528494387865066528e-03,-4.453897941857576370e-03,-1.294305827468633652e-02,5.835707765072584152e-03,2.986472286283969879e-02,1.031163893640041351e-02,2.061068825423717499e-02,-2.280143834650516510e-02,-1.588924042880535126e-02,3.009135276079177856e-02,5.272281821817159653e-03,-6.364509928971529007e-03,8.095706813037395477e-03,-1.036829687654972076e-02,1.320745982229709625e-02,6.477824412286281586e-03,-3.339636372402310371e-03,1.666985452175140381e-02,5.218772217631340027e-03,1.199247408658266068e-02,1.779041066765785217e-02,2.674227207899093628e-02,-7.806124631315469742e-03,-2.363870851695537567e-03,3.459876030683517456e-02,1.164623419754207134e-03,-1.267236191779375076e-02,1.756378076970577240e-02,-2.555876271799206734e-03,8.290859870612621307e-03,-5.731835961341857910e-03,-1.984266564249992371e-02,-3.333341097459197044e-03,4.625758528709411621e-02,-1.046902034431695938e-02,-3.128745127469301224e-03,-3.029279969632625580e-02,-1.172177772969007492e-02,-2.636140910908579826e-03,1.278567686676979065e-02,2.361982315778732300e-02,-1.700704306131228805e-04,3.865290898829698563e-03,-4.098215606063604355e-03,-1.084673590958118439e-02,2.001893334090709686e-02,-3.616628004238009453e-03,2.409511478617787361e-03,-1.656913012266159058e-02,-2.903374843299388885e-02,2.516845799982547760e-02,1.537302974611520767e-02,2.536990679800510406e-03,1.038088649511337280e-02,-2.325469814240932465e-02,2.618828974664211273e-02,-1.094116549938917160e-02,-1.635508984327316284e-02,2.006929554045200348e-02,-4.788333608303219080e-04,1.301860157400369644e-02,-1.416433975100517273e-02,-4.373947903513908386e-02,2.760472474619746208e-03,-2.522826194763183594e-03,1.025340752676129341e-03,2.654082514345645905e-02,4.570360109210014343e-02,-1.658171974122524261e-02,1.090339384973049164e-02,2.200823649764060974e-02,4.834761377424001694e-03,1.458140090107917786e-03,-1.084673590958118439e-02,2.990249311551451683e-03,-1.909038168378174305e-03,1.881024241447448730e-02,-2.390940487384796143e-02,-7.214370183646678925e-03,-6.779997143894433975e-03,-2.256221882998943329e-02,-3.673285245895385742e-03,2.598684094846248627e-02,9.883561171591281891e-03,4.139764234423637390e-02,-2.883229870349168777e-03,4.233563784509897232e-03,-1.721754088066518307e-03,6.490414962172508240e-03,2.555876411497592926e-02,-1.494495198130607605e-02,-1.158328168094158173e-02,-2.290216274559497833e-02,-1.593960262835025787e-02,-1.109854690730571747e-02,9.587683714926242828e-03,-1.674539595842361450e-02,2.523140981793403625e-02,-6.191390100866556168e-03,1.712311245501041412e-02,1.384957600384950638e-02,2.121503278613090515e-02,1.245832350105047226e-02,1.533525809645652771e-02,6.635206285864114761e-03,-1.541080139577388763e-02,-2.268812432885169983e-02,2.178160706534981728e-03,-1.561224926263093948e-02,1.060122158378362656e-02,-1.829403080046176910e-02,-3.024243749678134918e-02,3.419586271047592163e-02,-2.422416768968105316e-02,6.811473518610000610e-03,-1.357258483767509460e-02,1.010389532893896103e-02,2.334283106029033661e-02,-1.495754253119230270e-02,7.503952365368604660e-03,-9.310692548751831055e-03,4.509925842285156250e-02,-2.988990396261215210e-02,3.338456153869628906e-04,2.408567257225513458e-02,-1.400066260248422623e-02,3.739385632798075676e-03,3.034316236153244972e-03,1.288010552525520325e-02,3.857736662030220032e-02,1.694999285973608494e-03,3.270388580858707428e-03,-5.712950136512517929e-03,5.174705293029546738e-03,-1.150773838162422180e-02,-2.103876508772373199e-02,4.886697279289364815e-04,-3.218452678993344307e-03,-1.717347465455532074e-02,7.566904649138450623e-03,1.554929651319980621e-03,-2.127798460423946381e-02,-6.975150201469659805e-03,-1.943662180565297604e-03,-2.322951704263687134e-02,-2.164311148226261139e-02,-4.147318750619888306e-02,-1.629213802516460419e-02,1.243943721055984497e-02,1.083792299032211304e-01,7.296208757907152176e-03,-1.152662467211484909e-02,1.993079856038093567e-02,2.083731815218925476e-03,1.707275025546550751e-02,-4.950594156980514526e-02,-3.510238230228424072e-02,1.294305827468633652e-02,-2.167143858969211578e-03,-8.945567533373832703e-03,-2.481592260301113129e-02,1.559965871274471283e-02,-1.680834963917732239e-02,6.874426268041133881e-03,-6.383395753800868988e-03,8.712642826139926910e-03,-1.368589978665113449e-02,9.556207805871963501e-03,-2.950903959572315216e-03,2.455152105540037155e-03,-1.452946476638317108e-02,1.242055185139179230e-02,2.422416768968105316e-02,-1.230723690241575241e-02,-3.950906544923782349e-02,6.559662986546754837e-03,2.991508506238460541e-02,2.132834680378437042e-02,-7.271027658134698868e-03,1.027386728674173355e-02,7.453590165823698044e-03,3.832555562257766724e-02,-4.919747356325387955e-03,1.107966061681509018e-02,2.689335867762565613e-02,2.215932123363018036e-02,3.225692361593246460e-02,1.887319609522819519e-02,-6.761111319065093994e-03,1.785336248576641083e-02,1.131888106465339661e-02,1.080896519124507904e-02,1.029275357723236084e-03,-5.061390809714794159e-03,-2.352854236960411072e-03,6.717044394463300705e-03,2.858048863708972931e-02,-2.395976707339286804e-02,-1.228835154324769974e-02,3.170293942093849182e-02,-1.056344993412494659e-02,-1.626695692539215088e-02,-1.571297459304332733e-02,-3.183828666806221008e-03,-5.993089172989130020e-03,2.637714846059679985e-03,-1.946494914591312408e-02,-2.817129716277122498e-03,5.338381975889205933e-03,-1.931386440992355347e-02,-2.976399846374988556e-02,9.298101998865604401e-03,-1.660690084099769592e-02,-2.573502995073795319e-02,-2.345614694058895111e-02,-9.121834300458431244e-03,5.023619160056114197e-03,-2.966327406466007233e-02,2.230096608400344849e-03,-1.230094209313392639e-02,8.731528185307979584e-03,-7.541724015027284622e-03,-2.259999047964811325e-03,3.452321514487266541e-02,1.425247266888618469e-02,-5.945874843746423721e-03,-4.274482838809490204e-03,-6.616320461034774780e-03,2.278884872794151306e-03,-1.901169121265411377e-02,2.596795558929443359e-03,2.120244316756725311e-02,-8.246793411672115326e-03,-2.242372371256351471e-02,4.897713661193847656e-03,2.084990777075290680e-02,-8.548965677618980408e-03,-1.258422899991273880e-02,1.254016160964965820e-02,-1.465537026524543762e-02,-3.386850934475660324e-03,3.220656141638755798e-02,-2.762360870838165283e-02,-1.699720695614814758e-02,-1.319486927241086960e-02,-2.520622871816158295e-02,-2.549581043422222137e-02,-4.220973234623670578e-03,-1.206801738590002060e-02,-3.600102791097015142e-04,-1.299342047423124313e-02,-1.270069042220711708e-03,-4.693117924034595490e-03,2.275107614696025848e-02,6.307852454483509064e-03,-1.219392195343971252e-02,1.800444908440113068e-02,-1.310673542320728302e-02,-9.266625158488750458e-03,-2.223801333457231522e-03,-4.331140220165252686e-02,-2.459873678162693977e-03,4.337435588240623474e-03,-3.149204887449741364e-03,4.519997909665107727e-02,-8.958158083260059357e-03,2.042182907462120056e-02,6.232309155166149139e-03,-2.316656289622187614e-03,-1.859620399773120880e-02,-3.004099056124687195e-02,1.636768132448196411e-02,-6.056041922420263290e-03,1.764247193932533264e-03,9.669522754848003387e-03,4.709642962552607059e-04,-2.840422280132770538e-02,1.167771127074956894e-02,7.932029664516448975e-03,-1.363553758710622787e-02,2.918483503162860870e-02,-1.941458694636821747e-02,9.593979455530643463e-03,-1.257163845002651215e-02,-1.216244604438543320e-02,6.255916669033467770e-04,7.560609374195337296e-03,-4.863089998252689838e-04,1.302332268096506596e-03,-6.232309155166149139e-03,-3.306271508336067200e-02,-9.102948941290378571e-03,-2.397235669195652008e-02,-4.828466102480888367e-03,-2.533213421702384949e-02,-1.619456103071570396e-03,-2.063586935400962830e-02,3.106711665168404579e-03,1.276679150760173798e-02,-6.553367711603641510e-03,-1.033682003617286682e-02,-2.275107614696025848e-02,2.064845897257328033e-02,-1.765821012668311596e-03,-2.222227491438388824e-02,-2.355686947703361511e-02,-3.887324361130595207e-03,2.671709097921848297e-02,1.212467439472675323e-02,6.572253536432981491e-03,1.162734907120466232e-02,1.314450707286596298e-02,1.330818422138690948e-02,4.614427220076322556e-03,5.612226203083992004e-03,-5.118047818541526794e-03,-1.717032748274505138e-03,-4.326104000210762024e-02,-6.292114499956369400e-03,8.574146777391433716e-03,1.849547959864139557e-02,3.160221502184867859e-02,2.938313409686088562e-03,4.740332253277301788e-03,-2.598369261249899864e-03,-5.533535033464431763e-03,-4.633312579244375229e-03,-1.071453560143709183e-02,-2.701926417648792267e-02,7.680219598114490509e-03,-1.758896186947822571e-02,1.115048304200172424e-03,-2.398494817316532135e-02,1.180361583828926086e-02,-3.132522478699684143e-02,3.026761859655380249e-02,-6.994036026298999786e-03,-9.254034957848489285e-04,-8.120887912809848785e-03,2.475297078490257263e-02,-2.107653766870498657e-02,2.006929554045200348e-02,-4.173758905380964279e-03,-6.647796835750341415e-03,-1.931386440992355347e-02,3.288644924759864807e-02,1.119927130639553070e-02,1.787854358553886414e-03,9.656932204961776733e-03,1.310673542320728302e-02,1.012278161942958832e-02,-7.661333773285150528e-03,-2.239854261279106140e-02,-2.790060080587863922e-02,-7.044398225843906403e-03,-1.036829687654972076e-02,-1.627325196750462055e-03,9.203673340380191803e-03,-1.347186043858528137e-02,-5.675178486853837967e-03,-1.418952085077762604e-02,-4.671084228903055191e-03,-5.530387628823518753e-03,1.679575815796852112e-02,-1.864971360191702843e-03,-1.422729156911373138e-02,1.478127483278512955e-02,-1.816812530159950256e-02,-1.559965871274471283e-02,-2.576336031779646873e-03,-1.592701300978660583e-02,5.298092588782310486e-02,-3.286126768216490746e-03,1.175954937934875488e-02,1.318227872252464294e-02,1.503308583050966263e-02,-2.305324934422969818e-02,1.298082992434501648e-02,-4.932337906211614609e-03,-1.261413097381591797e-03,1.486940868198871613e-02,6.754816044121980667e-03,1.060751639306545258e-02,9.990580379962921143e-03,-1.234500855207443237e-02,-7.581856334581971169e-04,3.053202060982584953e-03,-3.694059699773788452e-02,2.764878980815410614e-02,-2.324210666120052338e-02,-1.383698545396327972e-02,-3.959719557315111160e-03,-3.899914678186178207e-03,-3.534789662808179855e-03,7.156925857998430729e-04,-8.794480934739112854e-03,-1.079637464135885239e-02,-2.375831827521324158e-02,-6.254342850297689438e-03,-1.410138700157403946e-02,-3.446655813604593277e-03,-1.774004846811294556e-02,2.530695311725139618e-02,9.090358391404151917e-03,-2.194528281688690186e-02,6.937378551810979843e-03,-7.976097054779529572e-03,-2.936110086739063263e-02,9.474369697272777557e-03,-2.496700920164585114e-02,1.073971670120954514e-02,-7.579495199024677277e-03,-5.221919622272253036e-03,8.404174819588661194e-03,7.283618208020925522e-03,-1.021091453731060028e-02,-4.564065020531415939e-03,-5.495763849467039108e-03,2.373313717544078827e-02,-7.170303259044885635e-03,-1.435319706797599792e-02,-2.165570110082626343e-02,2.409826219081878662e-02,1.089709810912609100e-02,5.325791426002979279e-03,-8.328631520271301270e-03,-7.201779633760452271e-03,6.684781401418149471e-04,1.739066094160079956e-03,1.253386680036783218e-02,5.842003040015697479e-03,-3.039037808775901794e-03,-2.840422280132770538e-02,-6.710749119520187378e-03,-2.130316570401191711e-02,-1.508344803005456924e-02,1.125592831522226334e-02,7.585790473967790604e-03,-2.840422280132770538e-02,-1.577750081196427345e-03,4.992142785340547562e-03,1.281715370714664459e-02,1.209949329495429993e-02,-1.902428083121776581e-02,6.260638125240802765e-03,4.142282530665397644e-03,1.513380929827690125e-02,-2.256221882998943329e-02,1.999375224113464355e-02,-1.825626008212566376e-02,4.645903129130601883e-03,-9.499549865722656250e-03,-1.165882498025894165e-02,-4.041558131575584412e-03,-7.000331301242113113e-03,1.417693030089139938e-02,-1.046902034431695938e-02,-3.666360676288604736e-02,1.566261239349842072e-02,-9.197377599775791168e-03,1.738751307129859924e-02,6.106404121965169907e-03,-1.191063597798347473e-02,2.510550431907176971e-02,-4.265040159225463867e-03,2.513068541884422302e-02,-1.090339384973049164e-02,-2.369536645710468292e-02,-3.852700348943471909e-03,-1.392511930316686630e-02,-1.037459168583154678e-02,3.653769940137863159e-02,-2.519363909959793091e-02,-1.265347655862569809e-02,1.849547959864139557e-02,-1.145108137279748917e-02,1.669503562152385712e-02,-4.406683146953582764e-03,1.019832398742437363e-02,-7.976097054779529572e-03,6.817768793553113937e-03,-2.681781537830829620e-02,-1.249609515070915222e-02,-1.942717842757701874e-02,-1.822478370741009712e-03,2.359149511903524399e-03,1.753859966993331909e-02,-5.495763849467039108e-03,-1.568779349327087402e-02,1.576333679258823395e-02,1.115520391613245010e-02,8.209021762013435364e-03,1.571297459304332733e-02,-4.979552235454320908e-03,-1.743787527084350586e-02,1.142590027302503586e-02,-9.260330349206924438e-03,-2.456411160528659821e-02,-3.145112842321395874e-02,1.103244605474174023e-03,2.105135656893253326e-02,-4.022672306746244431e-03,1.877247169613838196e-02,1.216244604438543320e-02,1.124333776533603668e-02,-3.487575054168701172e-02,-6.103256251662969589e-03,-5.149524193257093430e-03,5.694064311683177948e-03,5.143228918313980103e-03,-2.242687041871249676e-04,2.330506034195423126e-02,2.586093544960021973e-02,-8.429355919361114502e-03,2.510550431907176971e-02,-3.548009693622589111e-02,-7.296208757907152176e-03,1.479386538267135620e-02,1.123704249039292336e-03,1.658171974122524261e-02,6.490414962172508240e-03,-3.109859302639961243e-03,1.683353073894977570e-02,-4.028967581689357758e-03,-1.620400510728359222e-02,1.016055233776569366e-02,2.286753850057721138e-03,-2.692798385396599770e-03,-1.260941009968519211e-02,-1.724901725538074970e-03,-1.688704011030495167e-03,-3.180366382002830505e-02,6.717044394463300705e-03,-2.878508530557155609e-03,-1.067676395177841187e-02,-1.162734907120466232e-02,-1.111743226647377014e-02,1.143849082291126251e-02,-3.006617166101932526e-02,1.700979843735694885e-02,1.204913109540939331e-02,1.669228076934814453e-04,1.063269749283790588e-02,-1.659431122243404388e-02,-1.684612035751342773e-02,1.191063597798347473e-02,-1.252757105976343155e-02,-4.316188860684633255e-04,1.223169360309839249e-02,-1.796667836606502533e-02,8.139773271977901459e-03,-2.370795607566833496e-02,-3.605926036834716797e-02,-3.267240943387150764e-03,3.464912250638008118e-02,-3.208065405488014221e-02,-4.963813815265893936e-03,-5.571306683123111725e-03,-1.078378409147262573e-02,1.990561746060848236e-02,3.155500162392854691e-03,2.782505750656127930e-02,-1.354740373790264130e-02,9.505845606327056885e-03,1.867174729704856873e-02,7.352865766733884811e-03,-2.860566973686218262e-02,2.988990396261215210e-02,4.371429979801177979e-02,-4.595541104208678007e-04,6.399133708328008652e-03,-6.635206285864114761e-03,1.344667933881282806e-02,1.186656858772039413e-02,-1.411397755146026611e-02,-1.920054852962493896e-02,-2.192010171711444855e-02,-6.000171415507793427e-04,1.184768322855234146e-02,-5.218772217631340027e-03,-7.560609374195337296e-03,-5.369858350604772568e-03,1.863397471606731415e-02,5.407630000263452530e-03,1.736233197152614594e-02,2.047722786664962769e-01,-4.841056652367115021e-03,6.059189792722463608e-03,3.789747878909111023e-02,-1.086562220007181168e-02,2.840422280132770538e-02,2.306583896279335022e-02,5.621668882668018341e-03,8.888909593224525452e-03,2.345614694058895111e-02,-5.114270746707916260e-02,-2.011336153373122215e-03,-6.773701868951320648e-03,2.135667717084288597e-03,-9.084062650799751282e-03,-3.938315808773040771e-02,-3.361669927835464478e-02,-2.591129764914512634e-02,-3.976087272167205811e-02,-4.137246310710906982e-02,1.875988021492958069e-02,-2.385904267430305481e-02,-4.473570443224161863e-04,-5.967908538877964020e-03,2.666672877967357635e-02,-3.676432883366942406e-03,-1.288010552525520325e-02,-7.680219598114490509e-03,1.717347465455532074e-02,8.567851968109607697e-03,-1.598996482789516449e-02,-4.409831017255783081e-03,-1.763932406902313232e-02,-6.509300787001848221e-03,-1.748823747038841248e-02,1.408879645168781281e-02,1.974194124341011047e-02,3.174385754391551018e-03,-8.825956843793392181e-03,-1.580110751092433929e-02,1.386216655373573303e-02,-1.955308392643928528e-02,-2.475611865520477295e-03,-3.177848085761070251e-02,-1.454205531626939774e-02,2.361982315778732300e-02,-1.522194314748048782e-02,-1.716088317334651947e-02,-2.378035103902220726e-03,2.094748429954051971e-03,-1.534784864634275436e-02,-6.528186611831188202e-03,2.310361154377460480e-02,-1.074601244181394577e-02,1.896132901310920715e-02,-2.714831614866852760e-03,1.153291948139667511e-02,1.660690084099769592e-02,-1.050521823344752192e-04,4.680527374148368835e-03,-1.366858719848096371e-03,1.523453369736671448e-02,-3.520310297608375549e-02,-2.743160352110862732e-03,6.748520769178867340e-03,3.668878600001335144e-02,-3.122449852526187897e-02,6.433757487684488297e-03,-1.479386538267135620e-02,-5.181000567972660065e-03,-1.316968817263841629e-02,-1.873469911515712738e-02,-1.344667933881282806e-02,2.533213421702384949e-02,2.820277353748679161e-03,-1.906205341219902039e-02,5.454844329506158829e-03,1.562483981251716614e-02,9.197377599775791168e-03,2.009447664022445679e-02,-3.279831493273377419e-03,-2.544544823467731476e-02,8.397879078984260559e-03,-5.892365239560604095e-03,4.113953560590744019e-03,-5.014176014810800552e-03,2.092545107007026672e-02,-3.635513829067349434e-03,-1.363553758710622787e-02,3.772120922803878784e-02,2.372054755687713623e-02,-2.166829071938991547e-02,-1.022980082780122757e-02,-5.143228918313980103e-03,-6.572253536432981491e-03,-9.442892856895923615e-03,-3.443508176133036613e-03,-1.112687517888844013e-03,-6.836654618382453918e-03,-1.586405932903289795e-02,2.376461401581764221e-03,-2.025815285742282867e-02,1.228363020345568657e-03,8.297155611217021942e-03,-3.352226922288537025e-03,5.410777870565652847e-03,-6.266933400183916092e-03,2.790060080587863922e-02,2.117726206779479980e-02,-3.900544345378875732e-02,9.222558699548244476e-03,1.254016160964965820e-02,-3.947129473090171814e-03,-7.604676298797130585e-03,2.631419524550437927e-02,2.288957312703132629e-02,-2.686817757785320282e-02,-3.474984690546989441e-02,6.427462678402662277e-03,-3.520310297608375549e-02,3.660694928839802742e-03,-2.951218746602535248e-02,2.971363719552755356e-03,7.969801314175128937e-03,-2.908411063253879547e-02,-1.064528804272413254e-02,-1.541080139577388763e-02,-5.004733335226774216e-03,2.552099153399467468e-02,-3.646215796470642090e-02,4.881975706666707993e-03,-1.935163512825965881e-02,-1.537302974611520767e-02,3.001580946147441864e-02,6.817768793553113937e-03,1.233241800218820572e-02,7.925734855234622955e-03,-1.157069113105535507e-02,-2.933591976761817932e-02,-1.704442198388278484e-03,-5.728688556700944901e-03,-5.672031082212924957e-03,-1.265977136790752411e-02,1.867174729704856873e-02,1.372367143630981445e-03,-2.853012643754482269e-02,3.762048482894897461e-02,-1.896132901310920715e-02,3.531642025336623192e-03,-1.519676204770803452e-02,1.303119235672056675e-03,2.469316590577363968e-03,-7.613332709297537804e-04,-4.438159521669149399e-03,2.574762143194675446e-02,-8.253088220953941345e-03,-2.951218746602535248e-02,-4.182571917772293091e-02,6.868130993098020554e-03,-5.354120396077632904e-03,-3.573190793395042419e-02,-7.126236334443092346e-03,3.097268939018249512e-02,-3.444767370820045471e-02,5.527240224182605743e-03,2.226004563271999359e-02,-1.572304666042327881e-01,1.659431122243404388e-02,7.875372655689716339e-03,-9.757655672729015350e-03,1.497013308107852936e-02,1.710737473331391811e-03,3.996232151985168457e-02,1.148098381236195564e-03,-4.768660757690668106e-03,2.228522673249244690e-02,2.358205057680606842e-02,-1.050679199397563934e-02,-2.747881924733519554e-03,1.439096871763467789e-02,-3.345931647345423698e-03,8.593032136559486389e-03,-3.374260384589433670e-03,-8.958158083260059357e-03,1.213097013533115387e-02,4.891418386250734329e-03,3.429658710956573486e-02,-1.201135944575071335e-02,-6.299196393229067326e-04,-2.528177201747894287e-02,2.601202204823493958e-02,2.388422377407550812e-02,-6.773701868951320648e-03,1.584832207299768925e-03,-9.644341655075550079e-03,-1.406204188242554665e-03,-5.140081513673067093e-03,4.957519005984067917e-03,2.368277497589588165e-02,-2.482851222157478333e-02,2.112689986824989319e-02,-4.970109090209007263e-03,-1.006455044262111187e-03,9.663227014243602753e-03,-3.330193459987640381e-03,3.316343948245048523e-02,-3.910931409336626530e-04,1.352222263813018799e-02,1.924776355735957623e-03,-1.533525809645652771e-02,-2.018260955810546875e-02,1.990561746060848236e-02,3.440360771492123604e-03,7.994982413947582245e-03,-3.260945668444037437e-03,-1.985525526106357574e-02,1.362294703722000122e-02,-3.427140787243843079e-02,-1.693425513803958893e-02,-1.545486855320632458e-03,2.618435537442564964e-04,-1.077119354158639908e-02,-1.128110941499471664e-02,-1.743787527084350586e-02,-2.724589407444000244e-02,-1.768968626856803894e-02,-3.213731339201331139e-03,-6.021418143063783646e-03,3.264093305915594101e-03,-1.605291850864887238e-02,1.494495198130607605e-02,3.997491206973791122e-03,-2.573502995073795319e-02,-1.512121874839067459e-02,-1.578851789236068726e-02,4.963813815265893936e-03,2.824998693540692329e-03,-3.412032127380371094e-02,1.757637225091457367e-02,-2.790060080587863922e-02,6.597434636205434799e-03,1.841993629932403564e-02,-1.746305637061595917e-02,1.687130145728588104e-02,6.578548811376094818e-03,5.782198160886764526e-03,2.949330257251858711e-03,4.243006557226181030e-02,-3.014171496033668518e-02,2.327673137187957764e-03,9.732474572956562042e-03,-3.972310107201337814e-03,-1.918795891106128693e-02,1.201135944575071335e-02,5.819969810545444489e-03,8.567851968109607697e-03,1.720180385746061802e-03,3.852700348943471909e-03,1.514639984816312790e-02,-7.019217126071453094e-03,1.766450516879558563e-02,2.020779065787792206e-02,2.719553187489509583e-02,1.158328144811093807e-03,1.558706816285848618e-02,-9.959104470908641815e-03,1.693425513803958893e-02,-2.066105045378208160e-02,-2.611274644732475281e-02,3.165257722139358521e-02,2.042182907462120056e-02,3.937686327844858170e-03,-2.809260739013552666e-03,1.810517348349094391e-02,3.477502614259719849e-02,3.242059843614697456e-03,-1.196099724620580673e-02,6.307852454483509064e-03,2.277625724673271179e-02,2.246149443089962006e-02,2.061068825423717499e-02,1.622918620705604553e-02,-1.175954937934875488e-02,-1.598996482789516449e-02,-6.027713418006896973e-03,-5.089719314128160477e-03,5.338381975889205933e-02,2.354427939280867577e-03,-6.830359343439340591e-03,1.543598249554634094e-02,-2.694372087717056274e-02,-1.011648587882518768e-02,-1.159335449337959290e-01,-4.655975848436355591e-02,1.214356068521738052e-02,2.807686850428581238e-02,2.646528184413909912e-02,1.593960262835025787e-02,-9.298101998865604401e-03,1.358517538756132126e-02,-1.174066308885812759e-02,1.358517538756132126e-02,-1.156754326075315475e-03,-7.875372655689716339e-03,-4.384649917483329773e-03,-3.566265804693102837e-03,1.251498050987720490e-02,1.506141386926174164e-03,1.649358682334423065e-02,-1.451687421649694443e-02,-3.898026049137115479e-02,2.317915484309196472e-02,7.711695972830057144e-03,-7.453590165823698044e-03,1.059492584317922592e-02,-2.108912728726863861e-02,6.905902177095413208e-03,3.023692988790571690e-04,-2.616310864686965942e-02,-4.290220793336629868e-03,2.981436066329479218e-02,1.162734907120466232e-02,-9.631751105189323425e-03,-5.813674535602331161e-03,-1.165882498025894165e-02,-7.799829356372356415e-03,-1.145737711340188980e-02,-4.658493679016828537e-03,-1.867174729704856873e-02,6.880721542984247208e-03,2.535731531679630280e-02,-3.590817376971244812e-02,7.862782105803489685e-03,3.673285245895385742e-03,6.141027901321649551e-03,-9.373645298182964325e-03,1.389993820339441299e-02,8.278269320726394653e-03,4.573507700115442276e-03,2.348132617771625519e-02,1.563743129372596741e-02,-1.014166697859764099e-02,5.133786238729953766e-03,2.631419524550437927e-02,-1.073971670120954514e-02,-5.354120396077632904e-03,8.797628688625991344e-04,-2.393458597362041473e-02,6.339328829199075699e-03,4.375207237899303436e-03,-1.824366860091686249e-02,2.064845990389585495e-03,3.471836913377046585e-03,-1.377403270453214645e-02,1.020461972802877426e-02,1.078378409147262573e-02,-1.443188753910362720e-03,-1.441614981740713120e-02,-3.004099056124687195e-02,-1.964121684432029724e-02,7.182893808931112289e-03,-1.118038501590490341e-02,1.011019106954336166e-02,-5.001585464924573898e-03,-1.475609373301267624e-02,2.888266183435916901e-02,-1.136294752359390259e-02,-4.003393114544451237e-04,-9.593979455530643463e-03,-1.550208311527967453e-03,1.786595396697521210e-02,-3.938315808773040771e-02,-1.571297459304332733e-02,-1.412656810134649277e-02,1.087821274995803833e-02,3.818076336756348610e-03,3.449803590774536133e-02,2.184455841779708862e-02,8.907795883715152740e-03,-1.094746030867099762e-02,1.971676014363765717e-02,-1.965695526450872421e-03,-5.108605138957500458e-03,6.229161750525236130e-03,2.941146306693553925e-02,-2.742216177284717560e-02,6.465233862400054932e-03,8.895205333828926086e-03,-1.231982745230197906e-02,-2.918483503162860870e-02,-6.553367711603641510e-03,-2.976399846374988556e-02,4.881975706666707993e-03,2.489776117727160454e-03,-4.875050857663154602e-02,1.829403080046176910e-02,-1.300758449360728264e-03,-1.570038311183452606e-02,2.482851222157478333e-02,-3.474984550848603249e-03,4.708855878561735153e-03,-2.890784293413162231e-02,-4.290850460529327393e-02,-7.396932691335678101e-03,-2.339319325983524323e-02,4.158020485192537308e-03,9.497976279817521572e-04,-2.219709381461143494e-02,-2.385904267430305481e-02,1.079637464135885239e-02,-1.863397541455924511e-03,2.313508652150630951e-03,8.492308668792247772e-03,2.734661847352981567e-02,-1.531007699668407440e-02,-5.136933643370866776e-03,-7.535428740084171295e-03,1.925091072916984558e-02,-1.124963350594043732e-02,1.007241941988468170e-02,4.229629121255129576e-04,-8.662280626595020294e-03,6.364509928971529007e-03,-1.116149965673685074e-02,2.674227207899093628e-02,1.145737711340188980e-02,4.638348892331123352e-02,2.253703773021697998e-02,6.081223022192716599e-03,-2.017001993954181671e-02,-4.762365482747554779e-03,3.077124059200286865e-02,5.432811100035905838e-03,5.303128808736801147e-02,-4.054148681461811066e-03,-2.385904267430305481e-02,1.129369996488094330e-02,1.778411446139216423e-03,-1.295564882457256317e-02,1.260311435908079147e-02,-1.376144308596849442e-02,2.538249641656875610e-02,1.892355829477310181e-02,-5.672031082212924957e-03,7.705400697886943817e-03,2.421157807111740112e-02,2.349706599488854408e-03,-3.130319062620401382e-03,-1.397548150271177292e-02,-2.243631333112716675e-02,3.112377598881721497e-02,-1.050049718469381332e-02,4.082477185875177383e-03,-3.817446902394294739e-02,3.590817376971244812e-02,-8.246793411672115326e-03,1.149514876306056976e-02,-7.497657090425491333e-03,1.279826741665601730e-02,-3.021725686267018318e-03,-1.838216441683471203e-03,-8.177544921636581421e-03,3.500165650621056557e-03,-9.392530657351016998e-03,-2.518104854971170425e-03,1.829560496844351292e-04,1.204913109540939331e-02,1.489458978176116943e-02,1.396289095282554626e-02,-9.858380071818828583e-03,-2.371739828959107399e-03,1.032422948628664017e-02,-7.585790473967790604e-03,-1.042652758769690990e-03,2.418639697134494781e-02,-1.327041257172822952e-02,-2.004411444067955017e-02,1.208060793578624725e-02,1.802963018417358398e-02,4.217825364321470261e-03,6.830359343439340591e-03,1.916277781128883362e-02,3.666989970952272415e-03,-9.405121207237243652e-03,-7.900553755462169647e-03,4.132839385420084000e-03,1.096634659916162491e-02,-1.251498050987720490e-02,1.897391863167285919e-02,1.713570393621921539e-02,-4.032115451991558075e-03,6.698158569633960724e-03,-7.554314564913511276e-03,3.286126768216490746e-03,-1.503308583050966263e-02,-4.132839385420084000e-03,-2.186029683798551559e-03,2.651879098266363144e-03,-1.456723641604185104e-02,1.947754062712192535e-02,-1.802963018417358398e-02,-4.318549856543540955e-02,-1.928868331015110016e-02,2.885748073458671570e-02,1.830662228167057037e-02,1.581369712948799133e-02,8.643394336104393005e-03,1.563743129372596741e-02,-7.176598533987998962e-03,5.527240224182605743e-03,2.661636844277381897e-02,8.127182722091674805e-03,-1.551152579486370087e-02,3.734349459409713745e-02,2.258739992976188660e-02,3.548009693622589111e-02,1.211208384484052658e-02,-3.147631138563156128e-02,2.608756534755229950e-02,-1.114890910685062408e-02,2.035887725651264191e-02,2.784079639241099358e-03,-4.812727682292461395e-03,1.374885253608226776e-02,-8.073673234321177006e-04,1.683353073894977570e-02,-3.418327309191226959e-03,1.109539880417287350e-03,-1.400066260248422623e-02,2.377090975642204285e-02,9.096653666347265244e-04,9.071472100913524628e-03,-6.430610083043575287e-03,4.076811671257019043e-02,-2.001893240958452225e-03,-2.237336151301860809e-02,1.974194124341011047e-02,3.701613843441009521e-02,5.131897702813148499e-02,8.102002553641796112e-03,-8.460831828415393829e-03,6.641501560807228088e-03,-5.401334725320339203e-03,5.272911489009857178e-02,-2.329246886074542999e-02,2.039664797484874725e-02,-2.327987924218177795e-02,-3.223174065351486206e-02,-1.904946193099021912e-02,1.813035458326339722e-02,-2.116781892254948616e-03,-2.032110467553138733e-02,7.529133465141057968e-03,2.422416768968105316e-02,-4.724594298750162125e-03,-1.945235999301075935e-03,-6.811473518610000610e-03,-1.974194124341011047e-02,4.982699640095233917e-03,3.152667358517646790e-02,-2.800132520496845245e-02,-7.976097054779529572e-03,-4.842315614223480225e-02,-3.783452324569225311e-03,9.757655672729015350e-03,-3.298717364668846130e-02,-7.063284050673246384e-03,3.077124059200286865e-02,-1.391252875328063965e-02,-2.802650630474090576e-02,-4.069886635988950729e-03,-9.927627630531787872e-03,-1.925091072916984558e-02,-2.676745317876338959e-02,3.417068347334861755e-02,-1.425247266888618469e-02,-9.977989830076694489e-03,1.964121684432029724e-02,1.925091072916984558e-02,-6.534481886774301529e-03,1.954049244523048401e-02,-2.472778968513011932e-02
-2.793112071231007576e-03,-1.921528391540050507e-02,1.082102954387664795e-02,-4.661264829337596893e-03,1.276377588510513306e-02,2.383013628423213959e-02,-1.990485936403274536e-02,-3.424007073044776917e-02,-9.170027449727058411e-03,-7.021734490990638733e-03,3.307309746742248535e-02,2.036899700760841370e-02,-2.059443481266498566e-02,5.619376897811889648e-03,-1.468000002205371857e-02,1.891027949750423431e-02,1.810135506093502045e-02,5.473505239933729172e-03,1.048287283629179001e-02,-2.409535646438598633e-02,-8.613062091171741486e-03,2.673762384802103043e-03,2.020986378192901611e-02,1.033700071275234222e-02,-5.334263667464256287e-03,-1.124538388103246689e-02,1.121886167675256729e-02,-2.071378566324710846e-02,-1.835331507027149200e-02,-7.074778899550437927e-03,1.800852827727794647e-02,3.142872592434287071e-03,-1.887049712240695953e-02,-2.430753409862518311e-02,-2.714540250599384308e-02,-1.889701932668685913e-02,-1.579392887651920319e-02,1.753112860023975372e-02,1.747808419167995453e-02,-6.630532909184694290e-03,-4.037994425743818283e-03,-9.077199734747409821e-03,-1.016460731625556946e-02,3.222439065575599670e-02,-3.018218651413917542e-02,-3.620271105319261551e-03,1.219189260154962540e-03,-9.083829820156097412e-03,-3.241004422307014465e-02,2.074030786752700806e-02,3.878861898556351662e-03,-4.037994425743818283e-03,-1.231290027499198914e-02,5.296138115227222443e-04,1.917881658300757408e-03,1.739851944148540497e-02,1.059227623045444489e-03,1.757091283798217773e-02,8.652845397591590881e-03,-1.184876263141632080e-02,1.238583587110042572e-02,1.959985494613647461e-02,1.214050594717264175e-02,-2.011703699827194214e-02,-5.474333884194493294e-04,-9.296007454395294189e-03,-1.206757035106420517e-02,-1.200789492577314377e-02,-8.022945374250411987e-03,-8.215229958295822144e-03,4.114245530217885971e-03,3.959754481911659241e-02,-8.593170903623104095e-03,3.955112770199775696e-03,2.022312581539154053e-02,-5.285860970616340637e-02,-3.381571732461452484e-03,-1.844614371657371521e-02,-2.864390239119529724e-02,5.161869805306196213e-03,-9.899386204779148102e-03,-1.897658593952655792e-02,-1.801847363822162151e-03,6.544336210936307907e-03,1.233942154794931412e-02,6.464769830927252769e-04,1.450760662555694580e-02,3.625575453042984009e-02,-1.887049712240695953e-02,-5.548429861664772034e-02,1.517065986990928650e-02,4.495501518249511719e-02,-1.656307093799114227e-02,2.588560059666633606e-02,-1.743830181658267975e-02,2.347208745777606964e-02,-1.064863614737987518e-02,3.840404748916625977e-02,-3.931906074285507202e-03,-3.538052365183830261e-02,1.689957105554640293e-03,9.116983041167259216e-03,-1.231290027499198914e-02,-7.857182063162326813e-03,-3.763490542769432068e-02,-1.593980193138122559e-02,-2.574304351583123207e-03,5.540639394894242287e-04,4.959638696163892746e-03,-3.991580754518508911e-02,-8.493713103234767914e-03,3.378919512033462524e-02,-1.790243946015834808e-02,-2.526233159005641937e-02,-1.220018044114112854e-02,-5.944272968918085098e-03,-3.424670314416289330e-03,-4.585676640272140503e-02,1.980871660634875298e-03,-2.996172115672379732e-04,-2.193048829212784767e-03,4.671210423111915588e-03,1.108625158667564392e-02,-4.118886962532997131e-02,-1.034363172948360443e-02,2.083313465118408203e-02,-3.898753598332405090e-02,-5.841499660164117813e-03,6.116666831076145172e-03,-9.116982691921293736e-04,5.707562714815139771e-02,7.664896082133054733e-03,2.010377682745456696e-02,-1.140451710671186447e-02,1.494522113353013992e-02,2.201336994767189026e-02,-6.842710077762603760e-03,1.051602512598037720e-02,-5.086214514449238777e-06,-1.773004606366157532e-02,5.725465249270200729e-03,8.520235307514667511e-03,-1.623154431581497192e-02,-9.435248561203479767e-03,-8.845027878123801202e-06,1.190180703997612000e-02,-4.273378755897283554e-03,3.763490542769432068e-02,-6.143189035356044769e-03,1.767037087120115757e-03,8.487082086503505707e-03,-2.251728996634483337e-02,3.031479753553867340e-02,-2.105857245624065399e-02,3.098116489127278328e-03,7.565438281744718552e-03,-2.792780473828315735e-02,-7.194128120318055153e-04,-1.755433622747659683e-03,-4.790560342371463776e-03,1.453412882983684540e-02,4.720939323306083679e-03,1.340030692517757416e-02,9.952429682016372681e-03,1.298258360475301743e-02,3.681271895766258240e-02,1.257149036973714828e-02,2.609114861115813255e-03,4.097669385373592377e-03,-1.350639574229717255e-02,-2.350524067878723145e-03,1.219355035573244095e-02,-1.698742620646953583e-02,1.986507698893547058e-02,7.107931189239025116e-03,1.761069521307945251e-02,1.241235807538032532e-02,-6.709270528517663479e-04,-1.129179820418357849e-02,6.783035118132829666e-03,-3.150829300284385681e-02,1.477282773703336716e-02,3.991580754518508911e-02,1.701394841074943542e-02,-1.223996374756097794e-02,-3.007609769701957703e-02,4.740830976516008377e-03,-8.487082086503505707e-03,-5.354155320674180984e-03,-1.554196979850530624e-02,2.619060454890131950e-03,9.620903059840202332e-03,-8.838500827550888062e-03,-8.971110917627811432e-03,-6.335607171058654785e-01,-1.714655756950378418e-02,1.081439945846796036e-02,-3.463790565729141235e-02,2.906825765967369080e-02,1.895006373524665833e-02,1.033700071275234222e-02,2.388318069279193878e-02,-4.840289242565631866e-03,7.167606148868799210e-03,-1.137799490243196487e-02,2.829911559820175171e-02,1.517065986990928650e-02,-2.006399258971214294e-02,-4.004842136055231094e-03,2.721833763644099236e-03,-1.007177960127592087e-02,1.818092167377471924e-02,1.899647759273648262e-03,1.525022555142641068e-02,-1.962637715041637421e-02,3.156133741140365601e-02,1.257149036973714828e-02,3.103089518845081329e-03,2.068726345896720886e-02,4.919855389744043350e-03,8.175447583198547363e-03,-5.155239254236221313e-03,-2.739736251533031464e-02,1.705373078584671021e-02,-3.925275430083274841e-02,1.810135506093502045e-02,-7.068148348480463028e-03,1.587349548935890198e-02,3.413398563861846924e-02,-8.878284133970737457e-03,-1.693438179790973663e-02,1.739851944148540497e-02,1.933463476598262787e-02,4.686460644006729126e-02,8.062727749347686768e-03,-2.438710071146488190e-02,7.645004428923130035e-03,-6.129927933216094971e-03,4.256802145391702652e-03,-2.498882240615785122e-04,2.084639668464660645e-02,1.539609767496585846e-02,1.499826554208993912e-02,3.101431764662265778e-03,-1.140451640821993351e-03,-2.660169824957847595e-02,-1.441477891057729721e-02,1.983855478465557098e-02,4.624796565622091293e-03,6.673631258308887482e-03,2.583255618810653687e-02,-2.819302678108215332e-02,1.073483284562826157e-02,1.518392097204923630e-02,5.828238558024168015e-03,2.869694679975509644e-02,-1.388267846778035164e-03,-2.312729880213737488e-02,-1.377824787050485611e-02,6.521129049360752106e-03,-2.344556525349617004e-02,2.064747922122478485e-02,1.652328856289386749e-02,1.502478774636983871e-02,1.300910580903291702e-02,-1.219355035573244095e-02,3.248961269855499268e-02,-1.802178844809532166e-02,1.673546619713306427e-02,5.718834581784904003e-04,2.989044226706027985e-02,-2.938652224838733673e-02,5.480135325342416763e-03,5.775194149464368820e-03,-5.649214144796133041e-03,8.495370275340974331e-04,-4.325759783387184143e-02,-5.022628698498010635e-03,4.384108260273933411e-02,-2.200010791420936584e-02,-3.675967454910278320e-02,-1.678850874304771423e-02,-1.202612882480025291e-03,-7.817398756742477417e-03,2.422216639388352633e-04,2.166858129203319550e-02,-5.566332489252090454e-03,7.764354348182678223e-03,4.041309934109449387e-03,2.792780473828315735e-02,-4.021418280899524689e-03,1.408325228840112686e-02,1.959985494613647461e-02,4.323107656091451645e-03,5.191707517951726913e-03,-1.763721741735935211e-02,1.526348665356636047e-02,-7.505763322114944458e-03,1.547566428780555725e-02,2.731779590249061584e-02,-3.782055899500846863e-02,-8.242581388913094997e-04,2.254381217062473297e-02,-1.324780471622943878e-02,4.893333185464143753e-03,-6.749882828444242477e-03,-8.427407592535018921e-03,-3.467768663540482521e-03,4.339683800935745239e-03,-2.901521325111389160e-02,1.125864498317241669e-02,1.572762429714202881e-02,5.258012562990188599e-03,-2.003747038543224335e-02,2.706915140151977539e-03,7.061517797410488129e-03,-3.633532207459211349e-03,-1.475956663489341736e-02,6.514498498290777206e-03,2.152271009981632233e-02,-9.309268556535243988e-03,-1.869810372591018677e-02,-9.143505245447158813e-03,-8.175447583198547363e-03,-1.717308070510625839e-03,-1.382466172799468040e-03,1.543588098138570786e-02,-4.866811446845531464e-03,1.387107465416193008e-02,-1.759743504226207733e-02,1.486068242229521275e-03,-3.214482590556144714e-02,2.290186099708080292e-02,-2.445009071379899979e-03,-7.704679388552904129e-03,2.661496028304100037e-02,-4.628112073987722397e-03,-3.921960480511188507e-03,7.837289944291114807e-03,-2.771562896668910980e-02,-7.379783317446708679e-03,1.486897002905607224e-03,-3.299353271722793579e-02,3.275483474135398865e-02,-9.813188575208187103e-03,-1.335389353334903717e-02,-9.143505245447158813e-03,-3.016892587766051292e-03,-4.913224838674068451e-03,-1.648350432515144348e-02,-1.905615255236625671e-02,-1.830027066171169281e-02,3.104747040197253227e-03,-2.872346900403499603e-02,-1.022428181022405624e-02,1.761069521307945251e-02,-1.674872636795043945e-02,-2.331295423209667206e-02,1.379150897264480591e-02,-2.129727229475975037e-02,1.010493189096450806e-02,-2.473188797011971474e-03,5.178446415811777115e-03,-1.449434552341699600e-02,-8.871653117239475250e-03,1.184876263141632080e-02,1.822070404887199402e-02,7.122643000911921263e-05,2.332289936020970345e-03,3.210835624486207962e-03,-5.082303658127784729e-03,8.891545236110687256e-03,1.363237574696540833e-02,1.437499560415744781e-02,8.095880970358848572e-03,-1.277703698724508286e-02,-2.322012744843959808e-02,1.450429088436067104e-03,2.591212280094623566e-02,-1.274719950743019581e-03,-1.223333296366035938e-03,-9.700469672679901123e-03,-1.849918626248836517e-02,3.694533184170722961e-02,3.504236694425344467e-03,1.595306210219860077e-02,9.554598480463027954e-03,-1.338704582303762436e-02,7.558807730674743652e-03,2.522254735231399536e-02,3.328527556732296944e-03,-1.131831947714090347e-02,-1.082766056060791016e-02,4.723591729998588562e-02,1.392411906272172928e-02,-1.182224042713642120e-02,1.054917834699153900e-02,-3.288744483143091202e-03,2.806041575968265533e-02,-2.432079426944255829e-02,5.019313655793666840e-03,-6.076883524656295776e-03,3.036784194409847260e-02,3.268852829933166504e-03,6.325528491288423538e-03,-5.063075199723243713e-02,-2.743382938206195831e-03,-9.368943050503730774e-03,3.151160897687077522e-03,1.262453477829694748e-02,-3.303663106635212898e-03,-6.398464553058147430e-03,5.022629047743976116e-04,1.312845572829246521e-02,8.745673112571239471e-03,1.352628692984580994e-03,1.471978332847356796e-02,-2.413514070212841034e-02,-3.842393867671489716e-03,5.778509657829999924e-03,1.855223067104816437e-02,7.645004428923130035e-03,1.121388864703476429e-03,-8.493713103234767914e-03,2.291512303054332733e-02,-4.336368758231401443e-03,-1.653489191085100174e-03,-4.624796565622091293e-03,-9.859602898359298706e-03,-1.385781448334455490e-02,-2.509656827896833420e-03,-2.930695563554763794e-02,2.087291888892650604e-02,-1.125864498317241669e-02,-1.648309116717427969e-04,4.373499751091003418e-02,1.194159034639596939e-02,-1.892354153096675873e-02,-3.016892587766051292e-03,2.058117464184761047e-02,5.015998147428035736e-03,6.746567320078611374e-03,-9.044047445058822632e-03,-2.587565453723073006e-03,-1.143103931099176407e-02,3.023523092269897461e-02,-3.434615954756736755e-02,-9.469230280956253409e-05,-5.984056042507290840e-04,3.177682869136333466e-03,1.515905605629086494e-03,1.771678403019905090e-02,-3.855654969811439514e-03,2.750345133244991302e-02,-1.543588098138570786e-02,-3.696522209793329239e-03,4.004842136055231094e-03,-1.454738900065422058e-02,3.174699097871780396e-02,-3.397485241293907166e-02,2.302452689036726952e-03,-2.656191587448120117e-02,-4.248845577239990234e-02,2.633979311212897301e-03,8.758934214711189270e-03,-1.910919696092605591e-02,2.188075892627239227e-02,3.256917744874954224e-02,9.375574067234992981e-03,9.141847258433699608e-04,1.190180703997612000e-02,2.726475149393081665e-02,2.642930485308170319e-02,-9.985582903027534485e-03,-3.079219534993171692e-02,-2.943956665694713593e-02,2.023638598620891571e-02,1.501815742813050747e-03,3.537389449775218964e-03,-1.564805768430233002e-02,-3.222439065575599670e-02,1.140451710671186447e-02,-3.975667431950569153e-02,1.184213161468505859e-02,-7.625112775713205338e-03,-2.473188797011971474e-03,-4.656913370126858354e-05,4.366206005215644836e-03,-1.656307093799114227e-02,-1.405673008412122726e-02,3.445224836468696594e-02,-7.565438281744718552e-03,1.857875287532806396e-02,3.203873708844184875e-02,-9.004264138638973236e-03,-1.844614371657371521e-02,-1.522370427846908569e-02,-7.088040001690387726e-03,5.935653299093246460e-02,7.147714495658874512e-03,2.381687425076961517e-02,3.157791215926408768e-04,-1.015134621411561966e-02,-6.537705659866333008e-03,5.859733792021870613e-04,4.691102076321840286e-03,-6.149819586426019669e-03,-1.798200607299804688e-02,5.549756344407796860e-03,-8.745673112571239471e-03,-3.047392889857292175e-02,1.594643224962055683e-03,1.452086772769689560e-02,-2.938652224838733673e-02,-2.774214930832386017e-02,-3.065958432853221893e-02,-1.173604372888803482e-02,1.371194235980510712e-02,1.040728464722633362e-01,2.750345133244991302e-02,-2.020986378192901611e-02,-4.117561038583517075e-03,-3.195917000994086266e-03,4.724254831671714783e-03,-3.567226603627204895e-02,-1.918876171112060547e-02,2.225206792354583740e-02,-1.205430924892425537e-02,-2.105194143950939178e-03,-1.948050595819950104e-02,1.344672124832868576e-02,-2.376382984220981598e-02,3.511530160903930664e-02,1.305386249441653490e-04,-2.739736251533031464e-02,-1.639067754149436951e-02,8.407515473663806915e-03,-1.414955779910087585e-02,-2.300794981420040131e-02,-4.813767038285732269e-03,2.319360524415969849e-02,3.431963920593261719e-02,-3.742935834452509880e-03,-3.307309746742248535e-02,-8.792086504399776459e-03,3.683924302458763123e-02,1.098679285496473312e-02,-3.565983497537672520e-04,1.502478774636983871e-02,1.055580843240022659e-02,2.608451619744300842e-02,1.032373961061239243e-02,-1.092711836099624634e-02,3.211830183863639832e-02,2.117792330682277679e-02,2.482471615076065063e-02,1.159680262207984924e-02,-1.462695561349391937e-02,1.193495932966470718e-02,1.881745271384716034e-02,1.442804001271724701e-02,-1.157691050320863724e-02,1.261127367615699768e-02,1.497174333781003952e-02,-6.849340628832578659e-03,3.206525743007659912e-02,-2.404231205582618713e-02,-2.784823812544345856e-02,3.089828416705131531e-02,-3.047392889857292175e-02,-1.288312580436468124e-02,-1.462695561349391937e-02,1.440151780843734741e-02,-5.301111377775669098e-03,2.344556525349617004e-02,3.213736345060169697e-04,-1.995790377259254456e-02,-4.966269247233867645e-03,-2.843172475695610046e-02,-1.920202374458312988e-02,6.484661251306533813e-03,-2.940641483291983604e-03,-2.734431810677051544e-02,-1.345998235046863556e-02,-1.930811256170272827e-02,1.019112952053546906e-02,-1.624480634927749634e-02,2.166858129203319550e-02,-1.241567311808466911e-03,1.803505048155784607e-02,-2.665474265813827515e-02,1.235268265008926392e-02,4.850897938013076782e-02,3.469095006585121155e-02,-6.514498498290777206e-03,-1.762395724654197693e-02,5.847301217727363110e-04,1.843288168311119080e-02,-2.064747922122478485e-02,-3.739620558917522430e-03,1.550218649208545685e-02,2.135031623765826225e-03,-1.438825670629739761e-02,-6.802926771342754364e-03,1.826048828661441803e-02,-4.525338765233755112e-03,-8.553387597203254700e-03,-7.552177179604768753e-03,-7.366522215306758881e-03,-4.286639392375946045e-03,1.265768799930810928e-02,-3.230395540595054626e-02,-1.428216788917779922e-02,-6.299006287008523941e-03,-9.342420846223831177e-03,-1.357270125299692154e-02,-8.195338770747184753e-03,-2.233660779893398285e-04,-1.114592608064413071e-02,9.136874228715896606e-03,-1.499826554208993912e-02,-1.035026181489229202e-02,2.554081380367279053e-02,-2.095248363912105560e-02,-2.186749875545501709e-02,1.240572705864906311e-02,-1.503804884850978851e-02,-3.577172523364424706e-03,1.263779588043689728e-02,-2.019660361111164093e-02,1.607241295278072357e-02,-3.373283660039305687e-03,-2.027617022395133972e-02,3.636184334754943848e-02,-1.778309047222137451e-02,1.257812138646841049e-02,8.407515473663806915e-03,5.228175316005945206e-03,-1.805162639357149601e-03,-1.742504164576530457e-02,3.195916861295700073e-02,-1.029058732092380524e-02,-5.446983035653829575e-03,1.713329739868640900e-02,-5.400569178164005280e-03,-2.874999120831489563e-02,1.732226810418069363e-04,2.384339645504951477e-02,9.813188575208187103e-03,3.124307096004486084e-02,-1.268420927226543427e-02,1.592156710103154182e-03,-2.166858129203319550e-02,-2.396274544298648834e-02,-1.499329227954149246e-03,-4.402673803269863129e-03,-1.745487796142697334e-03,1.067515835165977478e-02,1.379979657940566540e-03,-2.205315232276916504e-02,-1.946683041751384735e-04,-4.306531045585870743e-03,-1.723938621580600739e-02,-4.317802935838699341e-02,-1.731895282864570618e-02,-1.941420137882232666e-02,-6.607326213270425797e-03,2.699953131377696991e-02,-3.262222278863191605e-03,-1.824722625315189362e-02,-2.188075892627239227e-02,1.966616138815879822e-02,1.686807535588741302e-02,-2.695974707603454590e-02,-2.978435344994068146e-02,4.802992334589362144e-04,2.617734484374523163e-02,-2.360469661653041840e-03,1.167636830359697342e-02,6.474715657532215118e-03,3.180998144671320915e-03,-3.653423627838492393e-03,-7.054887246340513229e-03,1.232450362294912338e-03,-1.326106581836938858e-02,-1.193495932966470718e-02,-4.588328674435615540e-02,-1.235931366682052612e-02,-5.612746346741914749e-03,-2.386991865932941437e-02,1.714655756950378418e-02,-1.353291794657707214e-02,5.629322491586208344e-03,2.914119279012084007e-03,-5.135347601026296616e-03,-1.035026181489229202e-02,-1.754439063370227814e-02,-1.336715463548898697e-02,4.916540347039699554e-03,-2.173488773405551910e-02,2.401578985154628754e-02,-7.147714495658874512e-03,-7.340000011026859283e-03,-2.282229438424110413e-02,3.548661246895790100e-02,-5.460244137793779373e-03,-8.626323193311691284e-03,-2.310740761458873749e-03,3.076567314565181732e-02,-2.283555641770362854e-02,3.132263943552970886e-02,-8.241752162575721741e-03,-1.548892538994550705e-02,-6.375257391482591629e-03,7.459349464625120163e-03,1.551544759422540665e-02,-1.574088633060455322e-02,1.826048828661441803e-02,1.094037946313619614e-02,1.879756106063723564e-03,-1.940093934535980225e-02,-3.116350434720516205e-02,-2.371078543365001678e-02,-6.146504078060388565e-03,-1.771678403019905090e-02,1.568784192204475403e-02,-1.570110209286212921e-02,-2.458270173519849777e-03,7.041626144200563431e-03,-2.223880775272846222e-02,-1.758417300879955292e-02,-1.725264638662338257e-02,8.845130912959575653e-03,1.578066847287118435e-03,-1.094037946313619614e-02,1.708025299012660980e-02,-3.187960386276245117e-02,-2.221228554844856262e-02,-3.814628580585122108e-04,-3.888144716620445251e-02,4.012798517942428589e-02,4.052913282066583633e-04,1.350639574229717255e-02,2.691996470093727112e-02,3.719729138538241386e-03,-3.116350434720516205e-02,1.216702815145254135e-02,5.112140905112028122e-03,-1.938767917454242706e-02,1.396390236914157867e-02,3.418703004717826843e-02,7.300216704607009888e-03,6.637163460254669189e-03,-5.745356902480125427e-03,4.750777035951614380e-03,6.948798429220914841e-03,-2.994348667562007904e-02,3.058001771569252014e-02,-5.811662413179874420e-03,-2.255707420408725739e-02,-3.008604282513260841e-03,6.050361320376396179e-03,-2.852786798030138016e-03,8.520235307514667511e-03,-2.043530344963073730e-02,-1.526680192910134792e-03,-2.808693796396255493e-02,-1.457391120493412018e-02,-2.079335227608680725e-02,4.736687114927917719e-04,-3.556618094444274902e-02,3.217134624719619751e-02,9.481661953032016754e-03,-2.162879891693592072e-02,1.421586237847805023e-02,-3.108393959701061249e-02,-3.065958432853221893e-02,1.572762429714202881e-02,-1.131168939173221588e-02,2.446666732430458069e-02,-8.400885388255119324e-03,-1.426890678703784943e-02,2.844498725607991219e-03,5.069042555987834930e-03,-2.981087565422058105e-02,2.119118347764015198e-02,7.611852139234542847e-03,1.775656826794147491e-02,-1.189517602324485779e-02,-1.754439063370227814e-02,-1.790243946015834808e-02,2.440036088228225708e-02,1.219355035573244095e-02,7.326738908886909485e-03,-5.818292498588562012e-03,-1.621828414499759674e-02,-9.428617544472217560e-03,-3.431300865486264229e-03,3.105741739273071289e-02,2.038225904107093811e-02,-6.995212286710739136e-03,-3.291396424174308777e-02,-2.188075892627239227e-02,-1.213387586176395416e-02,-1.824722625315189362e-02,8.546757511794567108e-03,7.054887246340513229e-03,-5.261328071355819702e-03,-9.395465254783630371e-03,1.590001769363880157e-02,3.237357828766107559e-03,1.494522113353013992e-02,-1.771678403019905090e-02,-9.435248561203479767e-03,1.461369451135396957e-02,1.604589074850082397e-02,-2.272615209221839905e-03,2.470536530017852783e-02,-2.623038925230503082e-02,3.902068594470620155e-03,-1.057570055127143860e-02,3.026838414371013641e-03,1.531653106212615967e-02,4.034679383039474487e-03,3.413398563861846924e-02,-1.328758802264928818e-02,-3.047392889857292175e-02,-3.948482219129800797e-03,-7.373152766376733780e-03,1.629785075783729553e-02,2.526233159005641937e-02,-1.625806652009487152e-02,1.727916859090328217e-02,-1.408325228840112686e-02,2.438710071146488190e-02,-1.534305326640605927e-02,-2.522254735231399536e-02,3.580487798899412155e-03,-9.269485250115394592e-03,2.948515175376087427e-04,2.274272777140140533e-02,-4.179887846112251282e-02,-3.795980301219969988e-04,1.619176194071769714e-02,3.296618233434855938e-04,-3.978319931775331497e-03,-1.485239434987306595e-02,1.044308952987194061e-02,-4.485555458813905716e-03,4.397369548678398132e-02,-3.734316304326057434e-02,-5.490081384778022766e-03,1.213387586176395416e-02,-1.592156710103154182e-03,-3.560596145689487457e-03,1.430869009345769882e-02,8.811978623270988464e-03,-1.196811255067586899e-02,-2.048834692686796188e-03,1.002536620944738388e-02,1.312182471156120300e-02,-2.085302723571658134e-03,1.462861313484609127e-03,-1.675867242738604546e-03,-1.235268265008926392e-02,-5.940957460552453995e-03,-3.760838508605957031e-02,-2.121770568192005157e-02,-2.499711001291871071e-03,2.068726345896720886e-02,-9.110352024435997009e-03,1.825054176151752472e-03,4.893333185464143753e-03,6.716730073094367981e-03,-3.498269245028495789e-02,-8.865023031830787659e-03,1.657633297145366669e-02,1.483913324773311615e-02,2.298142760992050171e-02,1.731895282864570618e-02,2.162879891693592072e-02,1.334726251661777496e-02,8.785456418991088867e-03,1.755765080451965332e-02,-5.370731651782989502e-02,-1.747808419167995453e-02,1.627132855355739594e-02,-1.787591725587844849e-02,2.840520255267620087e-02,1.986507698893547058e-02,-3.323223069310188293e-02,-1.275051478296518326e-02,1.186202373355627060e-02,-2.150944992899894714e-02,-7.347459322772920132e-04,2.872678451240062714e-03,1.635255175642669201e-03,-1.347987353801727295e-02,-3.306978382170200348e-03,-5.141978152096271515e-03,2.924065105617046356e-03,-3.176025347784161568e-03,8.984372019767761230e-03,-1.518392097204923630e-02,-1.468000002205371857e-02,-1.554196979850530624e-02,1.650173915550112724e-03,-3.076567314565181732e-02,-1.874783192761242390e-03,7.956639863550662994e-03,9.954087436199188232e-04,9.614272974431514740e-03,-1.245214138180017471e-02,-1.330084912478923798e-02,1.511761546134948730e-02,-1.037678401917219162e-02,1.425564568489789963e-02,1.684155315160751343e-02,-1.559501327574253082e-02,2.567342296242713928e-02,-1.376498676836490631e-02,-3.752881661057472229e-02,2.567673800513148308e-03,3.768794983625411987e-02,-1.920202374458312988e-02,-1.001210510730743408e-02,-5.592854693531990051e-03,-9.819819591939449310e-03,4.064516630023717880e-03,4.309846553951501846e-03,3.663369454443454742e-03,-3.495616838335990906e-02,6.153134629130363464e-03,1.612545549869537354e-02,1.261127367615699768e-02,-1.544914208352565765e-02,1.814113743603229523e-02,4.604241997003555298e-02,-2.129727229475975037e-02,5.155239254236221313e-03,-9.501554071903228760e-03,9.839710779488086700e-03,2.081987448036670685e-02,-1.359259244054555893e-02,-1.715981960296630859e-02,-2.099226787686347961e-02,-1.019112952053546906e-02,2.962522208690643311e-02,-2.194706350564956665e-03,-9.402096271514892578e-03,-9.090460836887359619e-03,2.605799399316310883e-02,-1.045635063201189041e-02,2.721170708537101746e-02,1.504335403442382812e-01,5.629322491586208344e-03,5.258012562990188599e-03,3.283439949154853821e-02,9.037416428327560425e-03,1.272399257868528366e-02,3.633531928062438965e-02,4.399358760565519333e-03,2.711888030171394348e-02,1.298921462148427963e-02,-4.649329930543899536e-02,-2.197358570992946625e-02,-2.584581822156906128e-02,7.245670531119685620e-06,-4.548545461148023605e-03,-4.938421025872230530e-02,-4.919855669140815735e-02,-2.519602514803409576e-02,-8.818608708679676056e-03,-3.023523092269897461e-02,1.424238458275794983e-02,-2.329969219863414764e-02,1.311519462615251541e-02,2.328974660485982895e-03,1.575414650142192841e-02,-1.446782331913709641e-02,8.719150908291339874e-03,2.963848179206252098e-03,1.780961081385612488e-02,7.048256695270538330e-03,-2.015682123601436615e-02,-8.241752162575721741e-03,-1.401694677770137787e-02,-2.543472498655319214e-02,-3.813882544636726379e-02,1.060222275555133820e-02,2.688018046319484711e-02,1.231290027499198914e-02,-1.481261104345321655e-02,-1.188191492110490799e-02,8.354471996426582336e-03,-5.722150206565856934e-03,-8.659476414322853088e-03,-2.397600747644901276e-02,8.652845863252878189e-04,2.774878172203898430e-03,-4.094354342669248581e-03,-1.414955779910087585e-02,1.628458872437477112e-02,2.847814001142978668e-03,-2.534189634025096893e-02,6.577488966286182404e-03,2.119118347764015198e-02,-2.930695656687021255e-03,1.079450733959674835e-02,-3.297032555565237999e-03,5.675736349076032639e-03,-9.183288551867008209e-03,-3.021865384653210640e-03,4.372836556285619736e-03,-1.260464359074831009e-02,2.022312581539154053e-02,-3.095132857561111450e-02,2.588560059666633606e-02,-3.167737042531371117e-03,3.315266594290733337e-02,-8.075988851487636566e-03,-8.805347606539726257e-03,-2.231837436556816101e-02,-1.563479751348495483e-02,-9.693839587271213531e-03,-2.917434461414813995e-02,-1.936115697026252747e-02,2.508993633091449738e-02,3.293717280030250549e-03,-1.252507697790861130e-02,3.252276452258229256e-03,2.170836552977561951e-02,1.721286401152610779e-02,2.390970289707183838e-02,-7.154345046728849411e-03,-8.792086504399776459e-03,1.534305326640605927e-02,1.647024415433406830e-02,-1.082102954387664795e-02,-4.916540347039699554e-03,2.280903421342372894e-02,2.529548248276114464e-03,-2.062095701694488525e-02,1.643045991659164429e-02,2.162879891693592072e-02,-1.461369451135396957e-02,-8.228491060435771942e-03,-1.718965708278119564e-03,8.467190898954868317e-03,-1.027732621878385544e-02,-2.763606235384941101e-02,-3.912014421075582504e-03,-9.256224147975444794e-03,-1.111277379095554352e-02,-1.448108442127704620e-02,-6.809557322412729263e-03,1.413629669696092606e-02,-9.335790760815143585e-03,-1.548892538994550705e-02,-1.559501327574253082e-02,-1.482587214559316635e-02,4.222323372960090637e-02,1.458717230707406998e-02,-3.166742622852325439e-02,-6.783035118132829666e-03,-1.322128251194953918e-02,-5.708889104425907135e-03,-1.836657640524208546e-03,2.861738018691539764e-02,3.296700865030288696e-02,-2.373730763792991638e-02,-1.157691050320863724e-02,2.751671243458986282e-03,-3.132263943552970886e-02,2.096574567258358002e-02,-3.031479753553867340e-02,1.166310720145702362e-02,2.198684774339199066e-02,-2.151608001440763474e-03,5.032574757933616638e-03,-1.231953036040067673e-02,5.430406425148248672e-03,3.034131973981857300e-02,-1.138462498784065247e-02,1.403020787984132767e-02,-2.343230322003364563e-02,-2.395280171185731888e-03,1.345998235046863556e-02,-2.332289936020970345e-03,1.758417300879955292e-02,2.486449852585792542e-02,-9.680578485131263733e-03,-2.928043343126773834e-02,-8.692628704011440277e-03,-1.466673891991376877e-02,1.044308952987194061e-02,-1.225985586643218994e-02,2.218576334416866302e-02,1.183550152927637100e-02,-2.957217767834663391e-02,3.617618978023529053e-02,-2.337925881147384644e-02,2.352513186633586884e-02,-1.937441714107990265e-02,-1.924512209370732307e-03,3.941851668059825897e-03,-1.342019904404878616e-02,-8.891545236110687256e-03,2.835216000676155090e-02,-1.091551501303911209e-03,-2.211945876479148865e-02,-4.423891752958297729e-02,-1.846603467129170895e-03,6.282430142164230347e-03,-5.856086686253547668e-02,2.811346016824245453e-02,2.047508582472801208e-02,-3.296700865030288696e-02,7.107931189239025116e-03,5.115456413477659225e-03,-1.674076914787292480e-01,1.440151780843734741e-02,2.022312488406896591e-03,-1.579392887651920319e-02,1.550218649208545685e-02,-5.022628698498010635e-03,2.959869988262653351e-02,1.790243946015834808e-02,2.629006281495094299e-03,2.600495144724845886e-02,2.226532995700836182e-02,-1.948050595819950104e-02,-4.018103238195180893e-03,1.316823903471231461e-02,-1.385781448334455490e-02,-1.300247572362422943e-02,-1.410977449268102646e-02,-1.452086772769689560e-02,1.710677519440650940e-02,2.028943039476871490e-02,3.116350434720516205e-02,-1.836657710373401642e-02,1.456065010279417038e-02,-2.197358570992946625e-02,1.427222276106476784e-03,2.158901467919349670e-02,-7.618482224643230438e-03,-2.210868406109511852e-04,-5.702258553355932236e-03,-3.166079521179199219e-03,3.540704725310206413e-03,1.391085796058177948e-02,3.161438181996345520e-02,-9.388835169374942780e-03,2.760954014956951141e-02,2.432079426944255829e-02,-2.968821208924055099e-03,1.065029413439333439e-03,7.546375272795557976e-04,2.813998237252235413e-02,5.470189731568098068e-03,4.779288172721862793e-02,-1.633763313293457031e-02,-2.087291888892650604e-02,-1.338704582303762436e-02,2.856433577835559845e-02,1.089065102860331535e-03,1.493196003139019012e-02,1.535631436854600906e-02,-1.359259244054555893e-02,3.089828416705131531e-02,-2.723822928965091705e-02,-3.371626138687133789e-03,1.013145409524440765e-02,2.647240413352847099e-03,-1.385781448334455490e-02,-1.229300815612077713e-02,-3.028495935723185539e-03,-2.467884309589862823e-02,-1.338704582303762436e-02,9.382204152643680573e-03,-2.779519371688365936e-02,2.923650608863681555e-04,-1.980871660634875298e-03,7.596104405820369720e-04,-5.039205309003591537e-03,-2.550102956593036652e-02,-1.954681053757667542e-02,-4.976214841008186340e-03,-3.393175313249230385e-03,-3.058001771569252014e-02,-2.981087565422058105e-02,2.776867151260375977e-02,-4.179887846112251282e-02,2.937326207756996155e-03,-1.330250641331076622e-03,-1.835331507027149200e-02,-2.973794005811214447e-03,1.273725368082523346e-02,1.189517602324485779e-02,8.727438980713486671e-04,2.737084031105041504e-02,-1.363237574696540833e-02,8.931327611207962036e-03,1.164321601390838623e-02,1.330084912478923798e-02,-2.795432694256305695e-02,-6.564227864146232605e-03,1.428216788917779922e-02,4.793875385075807571e-03,1.207420043647289276e-02,4.342999309301376343e-03,-3.093143692240118980e-03,-2.156249247491359711e-02,8.500343188643455505e-03,2.482471615076065063e-02,6.816187873482704163e-03,2.130058826878666878e-03,1.639067754149436951e-02,-1.914897933602333069e-02,-2.693654038012027740e-03,-7.963269948959350586e-03,-3.185307979583740234e-02,2.042204141616821289e-02,2.840520255267620087e-02,1.306215021759271622e-02,-3.878861898556351662e-03,1.082766056060791016e-02,3.514182567596435547e-02,2.998244017362594604e-04,-6.385203450918197632e-03,2.341904304921627045e-02,3.238352388143539429e-02,2.238467894494533539e-02,3.418703004717826843e-02,1.896332390606403351e-02,-1.616523973643779755e-02,-2.125748805701732635e-02,-5.911120213568210602e-03,-1.231621485203504562e-03,4.596285521984100342e-02,4.316477105021476746e-03,-4.323107656091451645e-03,2.877651248127222061e-03,-1.583868521265685558e-03,-8.327949792146682739e-03,-1.113929525017738342e-01,-5.585560947656631470e-02,1.475956663489341736e-02,2.544798515737056732e-02,2.457275614142417908e-02,1.391085796058177948e-02,-1.092711836099624634e-02,2.417492307722568512e-02,-3.288744483143091202e-03,2.121770568192005157e-02,-6.657055113464593887e-03,-1.116581726819276810e-02,1.080113835632801056e-02,-4.935602773912250996e-04,1.523696444928646088e-02,4.969584289938211441e-03,1.139788608998060226e-02,-2.158901467919349670e-02,-3.954450041055679321e-02,1.995790377259254456e-02,-6.471400149166584015e-03,-2.045519417151808739e-03,-1.536957547068595886e-02,-3.453181684017181396e-02,8.042836561799049377e-03,-1.474630553275346756e-02,-2.160227671265602112e-02,1.576740667223930359e-02,3.811230510473251343e-02,-1.461369451135396957e-02,-8.699259720742702484e-03,-5.957534071058034897e-03,6.673631258308887482e-03,-1.849918626248836517e-02,-1.186865381896495819e-02,-1.038341503590345383e-02,-2.893564663827419281e-02,2.831237623468041420e-03,1.595306210219860077e-02,-3.103089518845081329e-02,1.506457105278968811e-02,2.070383867248892784e-03,4.236910492181777954e-03,-1.828701049089431763e-02,6.209494080394506454e-03,-1.741177961230278015e-02,-7.777615450322628021e-03,1.295606140047311783e-02,1.068841945379972458e-02,-1.042319834232330322e-02,-8.122403174638748169e-03,8.560017682611942291e-03,-1.834005489945411682e-02,-1.530326995998620987e-02,7.220650557428598404e-03,-2.495732717216014862e-02,9.044047445058822632e-03,1.081439945846796036e-02,-4.303216002881526947e-03,6.889123935252428055e-03,-9.833080694079399109e-03,-1.599616138264536858e-03,9.780035907169803977e-05,3.771447017788887024e-02,1.225985586643218994e-02,-9.017525240778923035e-03,-1.956007257103919983e-02,-4.283324256539344788e-02,1.620502211153507233e-02,-8.540126495063304901e-03,2.340578101575374603e-02,-5.430406425148248672e-03,-7.260433863848447800e-03,1.828701049089431763e-02,-1.902963034808635712e-02,1.135810278356075287e-02,-1.277040690183639526e-02,-1.900310814380645752e-02,-6.951699469937011600e-05,-4.190496727824211121e-02,4.624796565622091293e-03,-2.543472498655319214e-02,1.037015393376350403e-02,-2.235815674066543579e-02,3.790012747049331665e-02,-8.068530005402863026e-04,4.462659489945508540e-05,1.172941271215677261e-02,9.906016290187835693e-03,-2.015682123601436615e-02,1.602102536708116531e-03,3.180003538727760315e-02,1.875114813446998596e-02,-2.352513186633586884e-02,6.255907937884330750e-03,8.495370275340974331e-04,1.596632413566112518e-02,-8.314688690006732941e-03,-3.626901656389236450e-03,-3.291396424174308777e-02,-6.720045115798711777e-03,-1.940093934535980225e-02,-5.007378384470939636e-02,1.069504953920841217e-02,-8.526865392923355103e-03,-4.455718025565147400e-02,3.686576336622238159e-02,4.956323653459548950e-03,-7.777615450322628021e-03,-2.426775172352790833e-02,-2.161553688347339630e-02,-1.825054176151752472e-03,-1.807483285665512085e-02,1.546240318566560745e-02,8.473820984363555908e-03,-2.205315232276916504e-02,-1.272399257868528366e-02,1.517065986990928650e-02,2.280903421342372894e-02,1.551544759422540665e-02,1.730569079518318176e-02,2.654865384101867676e-02,4.352944903075695038e-03,9.826449677348136902e-03,-1.232864742632955313e-04,-3.394832834601402283e-03,-6.100090220570564270e-03,3.447877243161201477e-02,-6.063622422516345978e-03,1.576740667223930359e-02,-6.418355740606784821e-03,1.308867242187261581e-02,6.249277503229677677e-04,-6.139873526990413666e-03,3.535400331020355225e-02,1.803505048155784607e-02,1.001210510730743408e-02,-1.839309930801391602e-02,2.856102073565125465e-03,2.994348667562007904e-02,2.276924997568130493e-02,5.293817445635795593e-02,-6.915646139532327652e-03,-2.605799399316310883e-02,-1.240572705864906311e-02,-4.541914910078048706e-03,-2.112487889826297760e-02,1.999768801033496857e-02,-2.571320720016956329e-02,1.918876171112060547e-02,4.381456226110458374e-02,-8.798717521131038666e-03,2.673430927097797394e-02,2.343230322003364563e-02,3.646793076768517494e-03,-1.095364056527614594e-02,-1.320139132440090179e-02,-1.116581726819276810e-02,3.752881661057472229e-02,-2.343478990951552987e-04,1.924180611968040466e-02,-2.318034321069717407e-02,3.031479753553867340e-02,3.134584520012140274e-03,1.403020787984132767e-02,-1.052265614271163940e-02,-3.958428278565406799e-03,-5.062412004917860031e-03,-2.538168057799339294e-02,5.526549182832241058e-03,8.354471996426582336e-03,-3.323223069310188293e-02,1.279029808938503265e-02,-5.897859111428260803e-03,-1.322791329585015774e-03,1.332737132906913757e-02,9.037416428327560425e-03,-9.726991876959800720e-03,-2.611103840172290802e-02,1.159680262207984924e-02,8.228491060435771942e-03,1.464021671563386917e-02,7.631743326783180237e-03,-1.168299932032823563e-02,-2.693322487175464630e-02,1.761069521307945251e-02,1.742504164576530457e-02,-2.351767179789021611e-04,4.598274827003479004e-03,-1.031710952520370483e-02,2.141662128269672394e-02,1.280521741136908531e-03,4.807136487215757370e-03,5.781824700534343719e-03,2.084639668464660645e-02,-1.529000885784626007e-02,1.580719090998172760e-02,1.745156385004520416e-02,-1.839972916059195995e-03,3.650108352303504944e-03,2.040878124535083771e-02,2.332621440291404724e-02,-1.626966986805200577e-03,8.042836561799049377e-03,-1.012482400983572006e-02,8.135664276778697968e-03,-7.479241117835044861e-03,1.733221299946308136e-02,-3.172047063708305359e-02,-4.081756249070167542e-02,-2.123096585273742676e-02,1.405673008412122726e-02,9.329159744083881378e-03,2.549439901486039162e-03,1.247866358608007431e-02,1.267094817012548447e-02,-1.267094817012548447e-02,3.975004423409700394e-03,2.849471522495150566e-03,4.223649390041828156e-03,-2.178793214261531830e-02,5.402558296918869019e-02,1.530326995998620987e-02,2.723822928965091705e-02,7.114561740309000015e-03,-1.227311696857213974e-02,3.896101191639900208e-02,7.790876086801290512e-03,2.557728206738829613e-03,-1.767700165510177612e-02,-1.444627414457499981e-03,-2.698626834899187088e-03,1.214713696390390396e-02,4.827028140425682068e-03,-2.497058734297752380e-02,-2.927380381152033806e-03,2.328974660485982895e-04,1.546240318566560745e-02,-2.633647806942462921e-02,2.951913326978683472e-02,-2.665474265813827515e-02,6.619924306869506836e-02,-2.839525695890188217e-03,-9.355681948363780975e-03,1.425564568489789963e-02,2.296816557645797729e-02,3.723707422614097595e-02,2.652213163673877716e-02,-1.807483285665512085e-02,1.052928622812032700e-02,1.381803117692470551e-02,4.827028140425682068e-02,-3.235700074583292007e-03,1.971920579671859741e-02,-1.948050595819950104e-02,-3.975667431950569153e-02,-1.011819299310445786e-02,2.353839110583066940e-03,6.491291802376508713e-03,-2.787476032972335815e-02,4.986160900443792343e-03,3.384223952889442444e-02,3.575183451175689697e-02,1.410977449268102646e-02,9.103721939027309418e-03,-8.924697525799274445e-03,1.149071380496025085e-02,1.871136389672756195e-02,-1.320139132440090179e-02,2.814661245793104172e-03,-2.784823812544345856e-02,1.206093933433294296e-02,1.275051478296518326e-02,-3.095132857561111450e-02,-1.281682029366493225e-02,2.434731647372245789e-02,-3.233047947287559509e-02,-1.188854593783617020e-02,9.030786342918872833e-03,-1.200789492577314377e-02,-1.401694677770137787e-02,-7.751093246042728424e-03,2.214598096907138824e-02,-1.676198840141296387e-02,-2.202663011848926544e-02,6.017208565026521683e-03,1.202115602791309357e-02,-6.763143464922904968e-03,3.316924208775162697e-03,-2.625691145658493042e-02
5.155853577889502048e-04,-2.689066110178828239e-03,6.501222494989633560e-03,1.385479001328349113e-03,-5.755838006734848022e-03,1.032173540443181992e-02,-1.671265438199043274e-02,-2.569737657904624939e-02,-9.673284366726875305e-03,-1.751486212015151978e-02,2.829118072986602783e-02,5.057249218225479126e-03,1.236736425198614597e-03,6.354151293635368347e-03,-7.132960949093103409e-03,3.115238808095455170e-02,1.536227203905582428e-02,1.934656873345375061e-02,1.898557529784739017e-03,-1.726082898676395416e-02,-5.919622257351875305e-03,-1.700512599200010300e-03,-1.796944625675678253e-02,6.524620112031698227e-03,-1.653717132285237312e-03,-9.278865531086921692e-03,2.264564624056220055e-03,-3.040366061031818390e-02,-1.162532251328229904e-02,-9.318975731730461121e-03,-8.118171826936304569e-04,4.281782079488039017e-03,-2.013540640473365784e-02,-1.859784126281738281e-02,-4.775808006525039673e-02,-4.926890600472688675e-03,-5.926307290792465210e-03,-6.838818080723285675e-03,-8.539122063666582108e-05,-2.939755795523524284e-03,7.299251738004386425e-04,-3.028332954272627831e-03,-6.785337813198566437e-03,3.275680169463157654e-02,-1.300913002341985703e-02,2.438710443675518036e-02,-8.503398858010768890e-03,-1.703019486740231514e-03,-1.882513426244258881e-02,3.978948667645454407e-02,2.675696043297648430e-03,5.438297521322965622e-03,-1.024820003658533096e-02,-9.399197064340114594e-03,1.076963450759649277e-02,-6.280615460127592087e-03,1.323642209172248840e-02,5.361419636756181717e-03,2.165959915146231651e-03,3.079306625295430422e-04,-3.920788876712322235e-03,3.366596996784210205e-02,2.497539110481739044e-02,-1.057910965755581856e-03,2.702436177060008049e-03,-1.701348228380084038e-03,-3.937501460313796997e-03,-1.434614229947328568e-02,-1.113062817603349686e-02,-1.266819238662719727e-02,2.231473661959171295e-02,2.345119602978229523e-02,-1.870480179786682129e-02,-4.238329362124204636e-03,3.227547928690910339e-02,-4.289135709404945374e-02,-1.746472320519387722e-03,-1.063593290746212006e-02,-2.334423549473285675e-02,-8.309531956911087036e-03,1.456507830880582333e-03,-1.804966665804386139e-02,-1.206653658300638199e-02,7.253292016685009003e-03,-2.174316439777612686e-03,1.182587444782257080e-02,2.278269082307815552e-02,3.543082624673843384e-02,-2.421329356729984283e-02,-3.968252614140510559e-02,8.329587057232856750e-03,4.489687457680702209e-02,4.572582431137561798e-03,2.607174031436443329e-02,-7.729602511972188950e-04,7.943733362480998039e-05,1.936996588483452797e-03,4.495035484433174133e-02,-4.629405215382575989e-03,-1.356399059295654297e-02,-1.377122756093740463e-02,-2.914686920121312141e-03,-1.312779029831290245e-03,-9.940686635673046112e-03,-5.765197053551673889e-02,-2.560378611087799072e-02,2.627229318022727966e-03,1.318962685763835907e-02,3.035017987713217735e-03,-4.612692445516586304e-02,-1.308600883930921555e-03,5.326657369732856750e-02,3.673441475257277489e-03,-3.890705853700637817e-02,-2.100446447730064392e-02,-1.082311477512121201e-02,-2.099109441041946411e-02,-2.533638477325439453e-02,3.506314940750598907e-03,-1.246764045208692551e-02,-1.692657545208930969e-02,5.874498165212571621e-04,2.125849714502692223e-03,-2.914686873555183411e-02,5.725755356252193451e-03,1.177239324897527695e-02,-5.275850743055343628e-02,-3.367599798366427422e-03,1.544249244034290314e-02,-1.410548016428947449e-02,5.503142997622489929e-02,1.962734200060367584e-02,1.250106561928987503e-02,-6.133544258773326874e-03,7.166386116296052933e-03,1.962734200060367584e-02,-6.230477709323167801e-03,6.952464114874601364e-03,-9.238755330443382263e-03,-1.913264580070972443e-02,2.902988111600279808e-03,5.027166567742824554e-03,-1.497453823685646057e-02,-1.668591424822807312e-02,-1.917275786399841309e-02,1.984126307070255280e-02,6.230477709323167801e-03,2.775637619197368622e-02,-5.745810456573963165e-03,-4.559211898595094681e-03,4.016385227441787720e-02,-3.166045248508453369e-02,1.510823983699083328e-02,-1.927971839904785156e-02,1.601740717887878418e-02,1.042869593948125839e-02,-1.016129367053508759e-02,1.184592954814434052e-02,6.743556004948914051e-04,-9.766874834895133972e-03,1.564304530620574951e-02,-4.408798180520534515e-03,1.280857808887958527e-02,1.593718677759170532e-02,1.426592189818620682e-02,4.692913219332695007e-02,1.857110112905502319e-02,-1.399851962924003601e-02,-5.448325537145137787e-03,-1.982789300382137299e-02,-1.133786514401435852e-02,2.600488997995853424e-02,-1.069609913975000381e-02,3.412055596709251404e-02,6.828790530562400818e-03,-1.238073408603668213e-02,2.016214653849601746e-02,-2.324730157852172852e-03,-2.216766402125358582e-02,-1.466535381041467190e-03,-2.986885607242584229e-02,3.690154058858752251e-03,3.412055596709251404e-02,1.010781340301036835e-02,-3.479574574157595634e-03,-1.826358772814273834e-02,4.843327216804027557e-03,-1.202642638236284256e-02,-5.354734603315591812e-03,-1.473387610167264938e-02,-2.605502726510167122e-03,8.262736722826957703e-03,-7.988648489117622375e-03,-2.311694435775279999e-02,-6.383431553840637207e-01,-1.115736830979585648e-02,-7.453843951225280762e-03,-5.495120771229267120e-03,3.243592008948326111e-02,9.125108830630779266e-03,4.154765978455543518e-03,9.245440363883972168e-03,-1.985463313758373260e-02,6.407631561160087585e-03,7.750493386993184686e-05,2.124512568116188049e-02,3.313116729259490967e-02,-3.289050236344337463e-02,-9.265495464205741882e-03,-1.232725381851196289e-02,1.118912245146930218e-03,1.192614994943141937e-02,4.676200449466705322e-03,3.810485126450657845e-03,-1.472050603479146957e-02,4.144738428294658661e-03,9.539582766592502594e-03,4.468963947147130966e-03,-5.307938903570175171e-03,1.094344630837440491e-02,1.013455353677272797e-02,4.199054455966688693e-05,-1.177406520582735538e-03,1.980449538677930832e-03,-4.366682469844818115e-02,6.992574781179428101e-03,-7.600915152579545975e-03,6.651636213064193726e-03,3.556452691555023193e-02,-2.303672209382057190e-02,-1.365423901006579399e-03,4.660825058817863464e-02,4.160782322287559509e-02,2.723494172096252441e-02,-1.232725381851196289e-02,-1.070946920663118362e-02,1.918612793087959290e-02,-6.931573152542114258e-04,-7.500639185309410095e-03,4.191533662378787994e-03,3.139305114746093750e-02,7.092850282788276672e-03,3.147327154874801636e-02,1.787585578858852386e-02,1.447984389960765839e-02,-2.863880433142185211e-02,-1.916941488161683083e-03,9.285550564527511597e-03,1.751486212015151978e-02,7.458021864295005798e-04,2.224788628518581390e-02,-2.453417703509330750e-02,1.476061623543500900e-02,1.453332416713237762e-02,-1.168548781424760818e-02,2.429351396858692169e-02,-1.515002106316387653e-03,-2.339771576225757599e-02,-1.972093246877193451e-02,3.390663489699363708e-02,-2.941427193582057953e-02,3.409381583333015442e-02,3.053736127912998199e-02,3.326486796140670776e-02,2.805051952600479126e-02,6.798707880079746246e-03,1.339017879217863083e-02,-2.779314527288079262e-03,8.048814721405506134e-03,5.742467939853668213e-03,5.812661256641149521e-03,-1.624470017850399017e-02,2.093761414289474487e-02,1.030836533755064011e-02,-6.695089396089315414e-03,-1.339017879217863083e-02,-4.965663701295852661e-02,-1.263476628810167313e-02,3.350552916526794434e-02,-3.147327154874801636e-02,-4.096606001257896423e-02,-1.659232378005981445e-02,1.490768790245056152e-02,8.924557827413082123e-03,6.925723981112241745e-03,4.032429307699203491e-02,8.998093195259571075e-03,6.688404362648725510e-03,5.719070322811603546e-03,3.230221942067146301e-02,-1.164537761360406876e-02,1.273504272103309631e-02,1.037521567195653915e-02,-4.115491174161434174e-04,1.068272907286882401e-02,-4.231643863022327423e-03,1.663243398070335388e-02,-8.884446695446968079e-03,1.806303672492504120e-02,9.646544232964515686e-03,-1.068272907286882401e-02,-1.592381671071052551e-02,5.361419636756181717e-03,-1.575000584125518799e-02,-8.670524694025516510e-03,1.707364805042743683e-02,3.190445713698863983e-03,-1.525531057268381119e-02,3.329160856083035469e-03,-2.799703925848007202e-02,2.022899687290191650e-02,-8.643784560263156891e-03,-8.483343757688999176e-03,-5.828537978231906891e-04,2.056325040757656097e-02,4.943603184074163437e-03,-3.573165507987141609e-03,-2.309020236134529114e-02,7.901743054389953613e-03,3.527038544416427612e-02,-8.115665055811405182e-03,-2.559041604399681091e-02,4.570910823531448841e-04,8.289476856589317322e-03,-6.852188147604465485e-03,-6.551360711455345154e-03,3.481580317020416260e-02,-3.934158943593502045e-03,2.266235835850238800e-02,-1.954711973667144775e-02,6.070035975426435471e-03,-4.278439562767744064e-03,3.815833106637001038e-02,-1.861121132969856262e-02,-6.992574781179428101e-03,1.530879177153110504e-02,-4.335262347012758255e-03,4.945248406329483259e-07,3.964241594076156616e-03,-3.224873915314674377e-02,-2.842488326132297516e-02,6.019898224622011185e-03,-4.339941963553428650e-02,3.516342490911483765e-02,-8.556879125535488129e-03,-1.214675698429346085e-02,5.757509497925639153e-04,-5.100701935589313507e-03,6.347466260194778442e-03,-7.620970252901315689e-03,6.360836327075958252e-03,6.868900964036583900e-04,2.725834026932716370e-03,-9.405882097780704498e-03,-4.886779934167861938e-03,1.397177856415510178e-02,-1.489431783556938171e-02,7.132960949093103409e-03,2.137882821261882782e-02,-1.193388015963137150e-05,2.534056256990879774e-04,9.479417465627193451e-03,-1.443973369896411896e-02,-2.732853218913078308e-02,-4.232479841448366642e-04,1.151167601346969604e-02,2.813073992729187012e-02,-5.344707053154706955e-03,-2.169970981776714325e-02,-1.393835409544408321e-03,-6.818762980401515961e-03,-1.180581934750080109e-02,9.766874834895133972e-03,1.062256284058094025e-02,1.173228304833173752e-02,-2.272920915856957436e-03,-1.201305631548166275e-02,-1.070278417319059372e-02,1.488094776868820190e-02,-9.768547024577856064e-04,-1.226708851754665375e-02,-2.885272726416587830e-02,-1.433277223259210587e-02,2.279606088995933533e-02,8.135720156133174896e-03,-1.770204305648803711e-02,1.509486977010965347e-02,-9.125108830630779266e-03,-2.112479507923126221e-02,2.890620753169059753e-02,1.147825084626674652e-02,-2.501884242519736290e-03,-6.120174191892147064e-03,3.222199901938438416e-02,7.828207686543464661e-03,-1.277515292167663574e-02,9.272180497646331787e-03,-7.340197917073965073e-03,9.232070297002792358e-03,-3.305094689130783081e-02,-1.380465226247906685e-03,-5.107386969029903412e-03,2.270247042179107666e-02,-5.839401390403509140e-03,6.143571808934211731e-03,-3.465535864233970642e-02,1.821679295971989632e-03,-2.613859251141548157e-03,8.115665055811405182e-03,3.235569968819618225e-02,-5.551943555474281311e-03,2.647284418344497681e-03,1.060250774025917053e-02,8.364683599211275578e-04,2.145904861390590668e-02,-3.036689246073365211e-03,3.673441475257277489e-03,-1.605751737952232361e-02,1.248435233719646931e-03,-6.788680329918861389e-03,2.877250500023365021e-02,1.252780575305223465e-02,5.976445041596889496e-03,-1.121753361076116562e-02,1.057075336575508118e-03,-6.350808776915073395e-03,3.499212034512311220e-04,7.173071149736642838e-03,-1.390492822974920273e-02,-1.911927573382854462e-02,-5.339693161658942699e-04,-2.239495702087879181e-02,3.104542754590511322e-02,-3.814663214143365622e-04,8.082239888608455658e-03,4.230307042598724365e-02,7.794782053679227829e-03,-3.612607344985008240e-02,4.619377665221691132e-03,1.144482567906379700e-02,-9.058258496224880219e-03,-2.547008451074361801e-03,1.586866565048694611e-03,1.064596115611493587e-03,-5.431612487882375717e-03,1.449321396648883820e-02,-1.121753361076116562e-02,4.913520533591508865e-03,1.145819574594497681e-02,-1.183255948126316071e-02,-6.049980875104665756e-03,3.385315090417861938e-02,1.628481037914752960e-02,3.235569968819618225e-02,-1.698005758225917816e-02,-4.863382317125797272e-03,2.087076194584369659e-02,4.913520533591508865e-03,2.922708913683891296e-02,-1.953374966979026794e-02,-9.131793864071369171e-03,-1.548260264098644257e-02,-2.898642793297767639e-02,-1.174565311521291733e-02,1.425589434802532196e-03,-2.636588364839553833e-02,3.013625741004943848e-02,-7.629326428286731243e-04,1.913264580070972443e-02,1.573663577437400818e-02,1.419907156378030777e-02,1.521520037204027176e-02,2.399937249720096588e-02,-8.891131728887557983e-03,-3.468209877610206604e-02,-3.256962075829505920e-02,2.722491277381777763e-03,-1.248769555240869522e-02,-2.321387641131877899e-03,-1.426592189818620682e-02,-2.195374295115470886e-02,1.496116816997528076e-02,-2.108468487858772278e-02,-1.987134572118520737e-03,-2.557704597711563110e-02,3.820512676611542702e-03,-7.694506086409091949e-03,-1.788922585546970367e-02,-8.703950792551040649e-03,-3.334508836269378662e-02,2.067021094262599945e-02,-3.040031762793660164e-03,1.966745220124721527e-02,1.762182265520095825e-02,-8.189200423657894135e-03,-2.155263908207416534e-02,-1.558956410735845566e-02,-9.292235597968101501e-03,5.636844038963317871e-02,1.675276458263397217e-02,1.934656873345375061e-02,-1.139134541153907776e-02,-1.262808125466108322e-02,-1.755497232079505920e-02,-5.948660327703692019e-05,4.281782079488039017e-03,9.033189853653311729e-04,-4.201561212539672852e-03,-7.901743054389953613e-03,-4.579267464578151703e-03,-1.524194050580263138e-02,3.670098958536982536e-03,2.484168857336044312e-02,-2.224788628518581390e-02,-2.169970981776714325e-02,-1.804966665804386139e-02,1.110555836930871010e-03,-1.050891727209091187e-02,9.706709533929824829e-02,2.255539782345294952e-02,7.266662083566188812e-03,-2.152589848265051842e-03,2.533638477325439453e-02,2.242838265374302864e-03,-2.262224815785884857e-02,-2.369185909628868103e-02,1.795607618987560272e-02,-1.280857808887958527e-02,-1.695331744849681854e-02,-1.293559465557336807e-02,8.744060993194580078e-03,-7.975278422236442566e-03,1.576337590813636780e-02,2.356484299525618553e-03,-1.831706985831260681e-02,-1.193283498287200928e-02,8.670524694025516510e-03,1.049554673954844475e-03,-1.676613464951515198e-02,-2.436704933643341064e-03,1.349713932722806931e-02,1.018803380429744720e-02,-9.345715865492820740e-03,-7.841577753424644470e-03,-8.242680691182613373e-03,2.426677383482456207e-02,1.345702912658452988e-02,3.653386142104864120e-03,8.991408161818981171e-03,-5.348049569875001907e-03,3.366596996784210205e-02,1.187266968190670013e-02,-5.351392086595296860e-03,1.579011604189872742e-02,-1.394671038724482059e-03,1.877165399491786957e-02,1.835718005895614624e-02,-1.411885023117065430e-02,2.528290264308452606e-02,8.583619259297847748e-03,3.650043532252311707e-02,-2.327738516032695770e-02,1.465365570038557053e-02,2.842488326132297516e-02,-4.853354766964912415e-03,9.318975731730461121e-03,-4.462947323918342590e-02,-2.904659369960427284e-03,2.954797260463237762e-02,-2.419992350041866302e-02,-1.517509017139673233e-02,-6.213764660060405731e-03,1.544249244034290314e-02,2.015546197071671486e-03,8.396437391638755798e-03,3.997666761279106140e-03,-2.713717112783342600e-04,5.535230971872806549e-03,-1.492105796933174133e-02,-2.803547831717878580e-04,-1.074957940727472305e-02,1.288211438804864883e-02,-3.500298410654067993e-02,-1.706027798354625702e-02,-1.069609913975000381e-02,1.823768398026004434e-04,-1.846414059400558472e-02,1.333001349121332169e-02,8.931242860853672028e-03,1.825021812692284584e-03,-2.054988034069538116e-02,-7.107056444510817528e-04,2.877250500023365021e-02,1.837055012583732605e-02,-1.250775065273046494e-02,-1.528205070644617081e-02,5.177580285817384720e-03,1.188603974878787994e-02,7.514009252190589905e-03,-6.594813428819179535e-03,1.451995410025119781e-02,-1.260134112089872360e-02,-1.814994262531399727e-03,1.080305967479944229e-02,2.048303000628948212e-02,-6.023240741342306137e-03,-2.799703925848007202e-02,-1.422581169754266739e-02,4.138053394854068756e-03,-1.013455353677272797e-02,5.485093221068382263e-03,-3.339856863021850586e-02,1.357067562639713287e-02,-1.158521231263875961e-02,-2.749231643974781036e-03,-4.121340345591306686e-03,-1.279520802199840546e-02,-3.616618458181619644e-03,1.223366335034370422e-02,-1.589707657694816589e-02,6.146078812889754772e-04,1.876831054687500000e-03,1.470713596791028976e-02,-9.954056702554225922e-03,-1.740790158510208130e-02,1.059582270681858063e-02,-2.069695107638835907e-02,-1.477398630231618881e-02,1.550934277474880219e-02,-3.436121717095375061e-02,1.133953570388257504e-03,-2.720820158720016479e-02,-1.295564975589513779e-02,2.783659659326076508e-02,-2.478820830583572388e-02,1.976104266941547394e-02,-9.375798981636762619e-04,6.016555707901716232e-03,-8.267541124951094389e-05,-2.813073992729187012e-02,2.351804636418819427e-02,-1.294227968901395798e-02,3.730264492332935333e-03,1.335006859153509140e-02,-1.826358772814273834e-02,-2.518931217491626740e-02,1.035516057163476944e-02,1.760845258831977844e-02,1.648536138236522675e-02,4.057832527905702591e-03,-8.256051689386367798e-03,-4.997083451598882675e-03,-1.349713932722806931e-02,-2.684720791876316071e-02,7.253292133100330830e-04,2.256208332255482674e-03,-4.749736282974481583e-03,2.333086542785167694e-02,-3.713551675900816917e-03,-4.515759181231260300e-03,-1.390492822974920273e-02,-6.965834181755781174e-03,4.883437417447566986e-03,-3.981622681021690369e-02,-1.940004900097846985e-02,3.036689246073365211e-03,1.741249725455418229e-04,7.928483188152313232e-03,2.648955676704645157e-03,-2.898642793297767639e-02,-3.986970707774162292e-02,2.579096890985965729e-02,2.486842870712280273e-02,-3.168719261884689331e-02,-2.203396335244178772e-02,2.464113757014274597e-02,3.553778678178787231e-02,-4.104627761989831924e-03,2.309020236134529114e-02,7.213181816041469574e-03,4.044462461024522781e-03,3.603248158469796181e-03,-1.175902318209409714e-02,-7.580860052257776260e-03,-8.276106789708137512e-03,-1.230719871819019318e-02,-3.026995994150638580e-02,1.661906391382217407e-02,-6.367521360516548157e-03,-5.876169074326753616e-03,2.342445589601993561e-02,2.130863489583134651e-03,1.171222794800996780e-02,-2.013874938711524010e-03,-2.791013335809111595e-03,-6.056665908545255661e-03,-2.095098420977592468e-02,-1.359741576015949249e-02,2.097438089549541473e-03,-9.265495464205741882e-03,2.278269082307815552e-02,-4.997083451598882675e-03,-3.130280179902911186e-03,-2.037606760859489441e-02,2.936079166829586029e-02,-1.855104637797921896e-04,-1.423918176442384720e-02,5.281198769807815552e-03,3.136631101369857788e-02,-1.387818809598684311e-02,3.176741302013397217e-02,-1.837055012583732605e-02,-1.902568526566028595e-02,-1.628481037914752960e-02,2.104457467794418335e-02,1.386481802910566330e-02,-1.295564975589513779e-02,2.485505864024162292e-02,1.181250438094139099e-02,-5.490106996148824692e-04,-7.112905848771333694e-03,-3.700850158929824829e-02,-1.456006430089473724e-02,1.203979644924402237e-02,-1.008775830268859863e-02,1.845077029429376125e-03,-1.086322497576475143e-02,-3.472889540717005730e-03,2.934742020443081856e-03,-1.013455353677272797e-02,-1.066267304122447968e-02,-3.195459395647048950e-02,1.657895371317863464e-02,9.118423797190189362e-03,-1.351218088530004025e-03,2.424003370106220245e-02,-2.890620753169059753e-02,-2.914686873555183411e-02,9.078313596546649933e-03,-2.690068818628787994e-02,3.206155449151992798e-02,-5.963074974715709686e-03,1.992148347198963165e-02,2.780985645949840546e-02,-3.342530922964215279e-03,-4.457599297165870667e-02,2.809397177770733833e-03,-2.048303000628948212e-02,-1.464028563350439072e-02,2.748897299170494080e-02,3.214177861809730530e-02,3.586953389458358288e-04,-7.219866849482059479e-03,-1.060417969711124897e-03,6.514592561870813370e-03,-1.136460527777671814e-02,-3.821181133389472961e-02,1.558956410735845566e-02,-5.648877006024122238e-03,-1.026825513690710068e-02,-5.615451838821172714e-03,-8.530138991773128510e-03,-4.569239914417266846e-03,6.130201742053031921e-03,-2.633914351463317871e-02,-1.831706962548196316e-03,-1.641851104795932770e-02,-2.046965993940830231e-02,-2.287628129124641418e-02,2.834466286003589630e-03,-1.513497997075319290e-02,3.088498488068580627e-02,8.710635825991630554e-03,-1.180581934750080109e-02,-1.214675698429346085e-02,-2.493528090417385101e-02,-1.949363946914672852e-02,1.410548016428947449e-02,-7.868317887187004089e-03,2.143230848014354706e-02,-1.179077778942883015e-03,-3.315790742635726929e-02,-4.829957149922847748e-03,8.042129687964916229e-03,-2.411970309913158417e-02,4.392085596919059753e-03,-1.075626444071531296e-02,2.456091716885566711e-02,-1.285537332296371460e-02,-1.189272478222846985e-02,3.282365389168262482e-03,2.014877647161483765e-02,1.660569384694099426e-02,1.091670617461204529e-02,-8.172487723641097546e-04,-1.316957175731658936e-02,2.304675057530403137e-03,7.025999948382377625e-03,7.039370015263557434e-03,4.537485656328499317e-04,9.245440363883972168e-03,-2.698090858757495880e-02,-1.962734200060367584e-02,-2.675361745059490204e-02,-7.213181816041469574e-03,3.377627348527312279e-03,7.647710386663675308e-03,-1.763519272208213806e-02,-2.196711301803588867e-02,-7.913442095741629601e-04,2.306346315890550613e-03,1.895883493125438690e-02,-8.436547592282295227e-03,7.774726953357458115e-03,1.364421099424362183e-02,1.615110971033573151e-02,2.326401416212320328e-03,3.954882547259330750e-02,-9.980796836316585541e-03,2.032258780673146248e-03,-1.215344201773405075e-02,5.160867702215909958e-03,1.122254761867225170e-03,-3.887363476678729057e-03,2.639262378215789795e-02,-3.264984115958213806e-02,-3.842573612928390503e-02,6.748569663614034653e-03,7.881687954068183899e-03,1.545586250722408295e-02,1.097018644213676453e-02,-3.251614049077033997e-02,1.580348610877990723e-02,-1.081308699212968349e-03,1.023482996970415115e-02,-2.802377939224243164e-02,-2.046965993940830231e-02,-2.247851953143253922e-04,-1.097185770049691200e-03,6.130201742053031921e-03,2.517594210803508759e-02,-2.587118931114673615e-02,-2.548679709434509277e-03,7.460528984665870667e-03,4.483169468585401773e-04,4.689570982009172440e-03,-2.405285276472568512e-02,1.504138857126235962e-02,-2.431691158562898636e-03,1.933319866657257080e-02,-3.599237278103828430e-02,-1.966745220124721527e-02,8.360505453310906887e-04,-9.265495464205741882e-03,-9.285550564527511597e-03,7.280032150447368622e-03,2.762267552316188812e-02,-5.257801152765750885e-03,-2.540323417633771896e-03,-1.355730555951595306e-02,-1.408876734785735607e-03,4.117997828871011734e-03,-9.038203395903110504e-03,1.020140387117862701e-02,-6.641608662903308868e-03,2.923043211922049522e-03,-4.979034140706062317e-02,-2.103120461106300354e-02,-5.184265319257974625e-03,2.323727495968341827e-02,-7.253292016685009003e-03,3.773717442527413368e-03,5.582026671618223190e-03,8.506741141900420189e-04,-4.628736898303031921e-02,-6.641608662903308868e-03,4.896807484328746796e-03,2.730847802013158798e-03,1.250775065273046494e-02,2.449406683444976807e-02,4.850012250244617462e-03,6.878928747028112411e-03,2.732853218913078308e-02,5.394844803959131241e-03,-3.056410141289234161e-02,-1.307598035782575607e-02,1.699342764914035797e-02,-2.048303000628948212e-02,6.417659111320972443e-03,1.213338691741228104e-02,-1.315620169043540955e-02,-2.113816514611244202e-02,1.171222794800996780e-02,-3.141979128122329712e-02,-3.523027524352073669e-03,-1.169217284768819809e-02,-1.259465608745813370e-02,-2.417318336665630341e-02,-8.129035122692584991e-03,2.788924321066588163e-04,-9.593063965439796448e-03,-1.390492822974920273e-02,4.031092394143342972e-03,-1.885187439620494843e-02,-6.444399710744619370e-03,-1.564304530620574951e-02,1.289548445492982864e-02,-3.494950383901596069e-02,9.987481869757175446e-03,4.906835500150918961e-03,4.893464967608451843e-03,-9.659914299845695496e-03,-2.379881916567683220e-03,2.254537073895335197e-03,-3.035017987713217735e-03,-9.947371669113636017e-03,3.438795730471611023e-02,1.780900359153747559e-02,-1.469376590102910995e-02,2.421329356729984283e-02,-1.228714361786842346e-02,-1.685972511768341064e-02,-5.632164538837969303e-04,5.222370103001594543e-02,-2.704775892198085785e-02,-7.300087250769138336e-03,-6.865558214485645294e-03,-6.325739668682217598e-04,1.659232378005981445e-02,1.209327671676874161e-02,2.109136898070573807e-03,-2.656643465161323547e-02,-1.180581934750080109e-02,3.994324244558811188e-03,1.608425937592983246e-02,-2.702101878821849823e-02,2.186015248298645020e-02,1.441299263387918472e-02,-2.756919525563716888e-02,5.922964774072170258e-03,-1.387150259688496590e-03,-8.416492491960525513e-03,6.370863877236843109e-03,-2.466787770390510559e-02,4.171478562057018280e-03,-2.494865097105503082e-02,8.810911327600479126e-03,6.925723981112241745e-03,9.339030832052230835e-03,7.499803905375301838e-04,-1.623133011162281036e-02,1.044875103980302811e-02,-2.211418375372886658e-02,3.182089328765869141e-02,2.066486328840255737e-01,1.078300457447767258e-02,5.291226319968700409e-03,2.708787098526954651e-02,1.252112071961164474e-02,-8.730690926313400269e-03,2.083065174520015717e-02,-7.808152120560407639e-03,2.192700281739234924e-02,1.129106897860765457e-02,-1.619121991097927094e-02,-3.997666761279106140e-02,-1.762182265520095825e-02,-2.866220194846391678e-03,4.402113147079944611e-03,-2.482831850647926331e-02,-1.826358772814273834e-02,2.490185433998703957e-04,-2.268910035490989685e-02,-4.069865494966506958e-02,3.310442715883255005e-02,-2.183341234922409058e-02,1.195289008319377899e-02,-1.038190070539712906e-02,1.178576424717903137e-02,-4.238329362124204636e-03,6.250532809644937515e-03,-4.582609981298446655e-03,1.635166071355342865e-02,4.843327216804027557e-03,-2.219440415501594543e-02,-2.298324182629585266e-02,-1.485420670360326767e-02,-8.242680691182613373e-03,-2.813073992729187012e-02,9.566322900354862213e-03,6.527962628751993179e-03,9.118423797190189362e-03,-2.184343989938497543e-03,8.195885457098484039e-03,-3.347544698044657707e-03,-2.938084537163376808e-03,-1.477398630231618881e-02,-3.077802434563636780e-02,-9.212015196681022644e-03,-8.697265759110450745e-03,-8.603674359619617462e-03,-6.404289044439792633e-03,5.638849455863237381e-03,-1.982120797038078308e-03,-2.818422019481658936e-02,4.495704080909490585e-03,3.125935047864913940e-02,-8.147418848238885403e-04,-4.295152146369218826e-03,-8.038786472752690315e-04,-5.742467939853668213e-03,4.942767554894089699e-04,-6.146914325654506683e-03,-4.395428113639354706e-03,-5.261143669486045837e-03,-6.885613780468702316e-03,-2.555030584335327148e-02,1.969419233500957489e-02,-2.847836352884769440e-02,2.645947411656379700e-02,-1.561630424112081528e-02,1.474056160077452660e-03,-1.549597270786762238e-02,-8.957982994616031647e-03,-1.336343865841627121e-02,-1.095013134181499481e-02,-1.790259592235088348e-02,1.627144031226634979e-02,-1.942010479979217052e-03,-1.508149970322847366e-02,-8.088924922049045563e-03,4.231643863022327423e-03,1.161195244640111923e-02,1.120416354387998581e-02,6.203737109899520874e-03,-8.269421756267547607e-03,-1.085653994232416153e-02,2.430688403546810150e-02,-1.581685617566108704e-02,-5.304596386849880219e-03,3.294398263096809387e-02,-2.172644948586821556e-03,-1.119747851043939590e-02,3.695502132177352905e-02,2.314368449151515961e-02,1.382972113788127899e-03,-8.663839660584926605e-03,-1.561630424112081528e-02,-2.677367301657795906e-03,1.789925270713865757e-03,-3.367599798366427422e-03,5.665589706040918827e-04,-3.800457576289772987e-03,-1.089665107429027557e-02,-2.203396335244178772e-02,-3.965578600764274597e-02,2.235484682023525238e-02,-1.996159367263317108e-02,4.980370867997407913e-04,1.095013134181499481e-02,9.960741735994815826e-03,4.422836750745773315e-02,7.941853255033493042e-03,-1.246095541864633560e-02,-2.299661282449960709e-03,-2.674024738371372223e-02,1.181584666483104229e-03,-5.224375519901514053e-03,1.066267304122447968e-02,-1.751486212015151978e-03,-1.401188969612121582e-02,-1.272835768759250641e-02,9.679969400167465210e-03,-1.946689933538436890e-02,1.941341906785964966e-02,-1.439962256699800491e-02,1.566978543996810913e-02,1.185261458158493042e-02,9.499472565948963165e-03,-1.525531057268381119e-02,-7.059425115585327148e-03,2.653133997227996588e-04,1.806303672492504120e-02,-1.628481037914752960e-02,1.825021766126155853e-02,-1.423918176442384720e-02,-2.406622283160686493e-03,2.123175561428070068e-02,1.068941410630941391e-02,2.525282092392444611e-03,9.425937198102474213e-03,-7.574175018817186356e-03,-2.760930452495813370e-03,-1.609762944281101227e-02,-1.044875103980302811e-02,-3.469547023996710777e-03,-6.785337463952600956e-04,1.542912237346172333e-02,1.473387610167264938e-02,-2.180667221546173096e-02,3.973600640892982483e-02,-1.131112407892942429e-02,1.609762944281101227e-02,-1.284868828952312469e-02,-1.743464171886444092e-02,-3.014962887391448021e-03,-4.769791383296251297e-03,-2.434699423611164093e-02,2.358489856123924255e-02,-1.776555203832685947e-03,-1.419907156378030777e-02,-3.064432367682456970e-02,1.067604403942823410e-02,1.818336732685565948e-02,-5.273176729679107666e-02,4.278439655900001526e-02,1.615110971033573151e-02,-3.663413971662521362e-02,9.198645129799842834e-03,4.712968599051237106e-03,-1.698540449142456055e-01,5.528545938432216644e-03,2.593803964555263519e-02,-1.766193285584449768e-02,2.874576486647129059e-02,-1.361747086048126221e-02,2.986885607242584229e-02,1.506812870502471924e-02,-1.744801178574562073e-02,1.145151071250438690e-02,3.138636471703648567e-03,-8.924557827413082123e-03,-4.470635030884295702e-04,1.379796769469976425e-02,-1.129106897860765457e-02,1.326316222548484802e-02,-4.109976068139076233e-02,-3.106464573647826910e-04,4.099280014634132385e-02,8.456602809019386768e-04,4.650129005312919617e-02,-3.703524125739932060e-03,2.231473661959171295e-02,-3.155349195003509521e-02,2.438710443675518036e-02,1.623133011162281036e-02,1.163200708106160164e-03,-1.443973276764154434e-03,1.847792882472276688e-04,-4.178163595497608185e-03,-9.018148295581340790e-03,1.371774636209011078e-02,-4.565896932035684586e-03,-2.756919525563716888e-02,2.778311632573604584e-02,1.360410079360008240e-02,-1.695331744849681854e-02,-1.145652495324611664e-03,-1.123090367764234543e-02,2.714135125279426575e-02,-7.039370015263557434e-03,2.339771576225757599e-02,-1.419907156378030777e-02,-2.259550802409648895e-02,1.520851510576903820e-03,4.019059240818023682e-02,5.595396738499403000e-03,5.190950352698564529e-03,2.965493313968181610e-02,-5.498463287949562073e-04,2.805051952600479126e-02,-3.337182849645614624e-02,-4.111312795430421829e-03,-3.887363476678729057e-03,-7.253292016685009003e-03,2.115153521299362183e-02,-2.455089008435606956e-03,-6.665006745606660843e-03,8.710635825991630554e-03,-1.752823218703269958e-02,1.026156940497457981e-03,-3.898727893829345703e-02,1.661864516790956259e-04,1.048886217176914215e-02,-3.840568009763956070e-03,1.987134572118520737e-03,-5.712385289371013641e-03,-1.927971839904785156e-02,-1.766193285584449768e-02,2.852850127965211868e-03,-4.698261246085166931e-02,-3.510994464159011841e-02,1.224034838378429413e-02,-3.786418959498405457e-02,6.217107176780700684e-03,5.384817253798246384e-03,-5.224375519901514053e-03,-6.722665275447070599e-04,7.607600186020135880e-03,1.074289437383413315e-02,1.693827565759420395e-03,3.572497144341468811e-02,-1.758171245455741882e-02,1.423918176442384720e-02,4.886779934167861938e-03,2.093761414289474487e-02,9.238755330443382263e-03,-5.257801152765750885e-03,-3.340859664604067802e-03,3.346709127072244883e-04,2.458765730261802673e-02,-1.361747086048126221e-02,-4.992905305698513985e-04,-2.275595068931579590e-02,3.855943679809570312e-02,2.847836352884769440e-02,1.248769555240869522e-02,-6.350808776915073395e-03,1.653884351253509521e-02,-1.659232378005981445e-02,-1.393166836351156235e-02,-9.633174166083335876e-03,-1.934656873345375061e-02,1.949363946914672852e-02,1.883516088128089905e-03,4.214931279420852661e-03,1.114399824291467667e-02,9.887206368148326874e-03,5.107387155294418335e-02,1.276178285479545593e-02,-1.603579148650169373e-03,-7.280032150447368622e-03,2.858532406389713287e-02,1.703353784978389740e-02,2.398600056767463684e-02,2.238158695399761200e-02,-5.949704907834529877e-03,-1.631155051290988922e-02,2.669846580829471350e-04,-4.565896932035684586e-03,6.685061752796173096e-02,-1.885187439620494843e-02,-5.217690486460924149e-03,-1.724745891988277435e-02,6.985889282077550888e-03,-1.587033644318580627e-02,-1.225772947072982788e-01,-5.957727134227752686e-02,9.532897733151912689e-03,1.387818809598684311e-02,2.954797260463237762e-02,2.588455937802791595e-02,6.527962628751993179e-03,2.813073992729187012e-02,-1.164871966466307640e-03,2.195374295115470886e-02,3.686811542138457298e-03,-1.145151071250438690e-02,2.581770904362201691e-02,-8.483343757688999176e-03,8.215940557420253754e-03,-8.556879125535488129e-03,2.740875259041786194e-02,-4.743051249533891678e-03,-2.903990820050239563e-02,2.290302142500877380e-02,-2.444058656692504883e-02,2.199385315179824829e-02,5.886196624487638474e-03,-3.323812782764434814e-02,-9.768547024577856064e-04,-6.384233944118022919e-03,-1.529542077332735062e-02,9.833726100623607635e-03,2.214426640421152115e-03,-7.332677341764792800e-05,-1.108383201062679291e-02,-1.605459401616826653e-04,-1.616949331946671009e-03,-3.256962075829505920e-02,-1.798281632363796234e-02,-1.998833380639553070e-02,-3.347878903150558472e-02,1.863795146346092224e-02,9.031518362462520599e-03,-2.156600914895534515e-02,-7.219866849482059479e-03,8.784171193838119507e-03,-4.408798180520534515e-03,-4.626062698662281036e-03,-1.021143165417015553e-03,1.835049479268491268e-03,2.824438561219722033e-04,1.365758106112480164e-02,1.364421099424362183e-02,-1.768867298960685730e-02,-1.100361160933971405e-02,1.624470017850399017e-02,-1.553608383983373642e-02,-3.439464373514056206e-03,1.044206600636243820e-02,-2.022899687290191650e-02,4.600158135872334242e-04,2.822349488269537687e-04,-2.839480061084032059e-03,1.186598464846611023e-02,-1.389155816286802292e-02,2.064012922346591949e-03,1.024820003658533096e-02,3.928142413496971130e-02,1.540906727313995361e-03,-6.304013077169656754e-03,-5.087331868708133698e-03,-2.624555304646492004e-02,2.286291122436523438e-02,-2.532301470637321472e-02,2.580433897674083710e-02,1.305592525750398636e-02,-1.811651699244976044e-02,3.313116729259490967e-02,-2.914686873555183411e-02,-2.994907554239034653e-03,-1.196626015007495880e-02,-3.112564794719219208e-02,-8.536824025213718414e-03,-4.190196841955184937e-02,-6.421001628041267395e-03,-6.133544258773326874e-03,1.583022624254226685e-02,-4.495704080909490585e-03,3.986970707774162292e-02,8.978038094937801361e-03,4.666172899305820465e-03,6.283957976847887039e-03,5.104044452309608459e-03,-1.300244498997926712e-02,5.434955004602670670e-03,2.128523588180541992e-02,1.883850432932376862e-02,-2.022899687290191650e-02,-2.804383402690291405e-03,-4.077887628227472305e-03,1.205985154956579208e-02,-2.730179205536842346e-02,-4.408798180520534515e-03,-2.826444059610366821e-02,1.317792804911732674e-03,-2.430688403546810150e-02,-3.208829462528228760e-02,1.893209479749202728e-02,-4.739708732813596725e-03,-3.240917995572090149e-02,2.960145287215709686e-02,-9.960741735994815826e-04,-1.572326570749282837e-02,-7.487269118428230286e-03,-1.084316987544298172e-02,-9.526212699711322784e-03,3.579850541427731514e-03,3.065100871026515961e-03,-1.563468831591308117e-03,-1.897220499813556671e-02,-7.333512883633375168e-03,1.117742341011762619e-02,4.194876179099082947e-03,1.451995410025119781e-02,2.113816514611244202e-02,2.506898157298564911e-02,2.414978516753762960e-04,5.197635386139154434e-03,-1.229424669872969389e-04,3.894048510119318962e-03,-1.302918512374162674e-02,4.631410911679267883e-02,-1.656558364629745483e-02,3.700181609019637108e-03,-1.643188111484050751e-02,-2.887111040763556957e-04,1.790259592235088348e-02,-1.625807024538516998e-02,1.704690791666507721e-02,2.341108582913875580e-02,8.563564158976078033e-03,-2.016214653849601746e-02,1.009444333612918854e-02,3.877335786819458008e-02,2.524279244244098663e-02,4.708957299590110779e-02,-1.790259592235088348e-02,-3.604585304856300354e-02,6.390918977558612823e-03,-7.774726953357458115e-03,-2.097772434353828430e-02,1.949363946914672852e-02,-2.042954787611961365e-02,2.858532406389713287e-02,2.936079166829586029e-02,-1.492105796933174133e-02,-1.613773964345455170e-02,2.409296296536922455e-02,-8.610359393060207367e-03,-9.686654433608055115e-03,-7.395349675789475441e-04,-1.130443904548883438e-02,2.147241868078708649e-02,-3.646701108664274216e-03,7.520694285631179810e-03,-4.382726550102233887e-02,2.702101878821849823e-02,-1.182420295663177967e-03,1.042201090604066849e-02,-4.101285245269536972e-03,2.671350724995136261e-02,1.137129031121730804e-02,-2.548345550894737244e-02,3.576508024707436562e-03,-1.399684813804924488e-03,-2.164622955024242401e-02,5.602081771939992905e-03,-4.198218695819377899e-03,5.254458636045455933e-03,9.532897733151912689e-03,1.205316651612520218e-02,-9.913946501910686493e-03,-9.439307264983654022e-03,4.746393766254186630e-03,1.165206264704465866e-02,1.199300028383731842e-02,1.365089602768421173e-02,-6.501222494989633560e-03,-2.573748677968978882e-02,7.938510971143841743e-04,2.831792086362838745e-02,1.889198459684848785e-02,-9.439307264983654022e-03,-6.430193898268043995e-04,1.086991000920534134e-02,6.685061962343752384e-04,2.085739281028509140e-03,-1.599066704511642456e-02,2.294313162565231323e-02,-2.547008544206619263e-02,2.473472803831100464e-02,1.109051704406738281e-02,-2.323058899492025375e-03,2.032258734107017517e-02,8.282791823148727417e-03,2.957471273839473724e-02,-7.871660054661333561e-04,-6.481167394667863846e-03,-2.465116558596491814e-03,6.120174191892147064e-03,-2.361163869500160217e-02,1.623133011162281036e-02,-3.176741302013397217e-02,-3.842573612928390503e-02,-1.373111642897129059e-02,-7.620970252901315689e-03,5.434955004602670670e-03,-2.210081368684768677e-02,9.305605664849281311e-03,5.695672705769538879e-03,-5.354734603315591812e-03,6.572251440957188606e-04,-1.627812511287629604e-03,-5.632164422422647476e-03,-1.715386845171451569e-02,3.599237278103828430e-02,9.820356033742427826e-03,1.843740046024322510e-02,9.967426769435405731e-03,-2.901316806674003601e-02,3.396011516451835632e-02,-1.024820003658533096e-02,-5.518518388271331787e-03,-2.512246184051036835e-02,1.129775401204824448e-02,-1.963736955076456070e-03,3.190111368894577026e-02,1.216012705117464066e-02,-2.783659659326076508e-02,-1.326984725892543793e-02,2.796027110889554024e-03,4.666172899305820465e-03,-1.112394314259290695e-02,2.436036430299282074e-02,-3.607259318232536316e-02,4.960315674543380737e-02,-1.115736830979585648e-02,-1.215344201773405075e-02,1.878502406179904938e-02,1.204648148268461227e-02,2.239495702087879181e-02,1.676613464951515198e-02,7.253292016685009003e-03,-5.388159770518541336e-03,1.419907156378030777e-02,2.922708913683891296e-02,-4.184430872555822134e-04,1.496116816997528076e-02,-2.708787098526954651e-02,-4.438880831003189087e-02,-1.057075336575508118e-03,1.665917411446571350e-02,5.073961801826953888e-03,-4.639432765543460846e-03,-9.659914299845695496e-03,5.139475315809249878e-02,1.005433313548564911e-02,3.302420675754547119e-02,2.335760556161403656e-02,-1.536728581413626671e-03,-3.052148385904729366e-04,3.401359543204307556e-02,9.125109063461422920e-04,6.019898224622011185e-03,-2.802377939224243164e-02,6.417659460566937923e-04,-8.416492491960525513e-03,-3.478906303644180298e-02,-1.782237365841865540e-02,9.004778228700160980e-03,-3.671436011791229248e-02,-4.599322564899921417e-03,1.617784961126744747e-03,-4.726338665932416916e-03,-2.261222107335925102e-03,-2.780985645949840546e-02,3.719568252563476562e-02,-1.524194050580263138e-02,-1.069609913975000381e-02,2.476146817207336426e-02,1.333001349121332169e-02,-1.490768790245056152e-02,-8.001183159649372101e-04,-1.526868063956499100e-02
-1.149942260235548019e-02,7.142473477870225906e-04,1.817818358540534973e-02,-1.302618300542235374e-03,4.203461576253175735e-03,1.251293160021305084e-02,-1.515065226703882217e-02,-2.115374058485031128e-02,8.783739991486072540e-03,1.900328439660370350e-03,2.141361497342586517e-02,5.921877920627593994e-03,-6.542327348142862320e-03,-1.517014228738844395e-03,-5.947865545749664307e-03,1.677486486732959747e-02,1.668390817940235138e-02,1.284427102655172348e-02,7.419401779770851135e-03,-2.788447588682174683e-02,-7.328446023166179657e-03,6.704748142510652542e-03,-1.554046291857957840e-02,-4.466583952307701111e-03,-1.570938155055046082e-02,6.181751843541860580e-03,7.918034680187702179e-04,-2.177743799984455109e-02,9.022499434649944305e-04,-3.147073835134506226e-02,-9.706292301416397095e-03,4.417857620865106583e-03,7.146534044295549393e-03,-1.429306808859109879e-02,-4.007256403565406799e-02,8.744758553802967072e-03,-4.479577299207448959e-03,-1.993233337998390198e-02,1.301968563348054886e-02,9.823235683143138885e-03,-2.074119169265031815e-03,-3.586260834708809853e-03,-4.840152803808450699e-03,2.749466523528099060e-02,-2.220623008906841278e-02,2.905390970408916473e-02,-2.354458160698413849e-02,-1.707371883094310760e-02,-3.560273349285125732e-02,4.490622133016586304e-02,1.438402384519577026e-02,9.459412656724452972e-03,9.245016612112522125e-03,-1.399421319365501404e-02,1.685282588005065918e-02,4.908369388431310654e-03,1.538453903049230576e-02,4.414609167724847794e-03,9.777757804840803146e-04,6.808697711676359177e-03,2.631223993375897408e-03,3.695407882332801819e-02,-1.244796346873044968e-02,-1.007661316543817520e-02,6.344173103570938110e-03,2.616605954244732857e-03,-4.684228450059890747e-03,-4.352889023721218109e-03,-3.917600028216838837e-03,-8.738262578845024109e-03,3.721395134925842285e-02,1.242847274988889694e-02,-1.986736431717872620e-02,-9.816738776862621307e-03,3.305596858263015747e-02,-3.414743766188621521e-02,-1.377332024276256561e-02,-2.095883525907993317e-02,-2.584446594119071960e-02,6.090796086937189102e-03,-1.168133504688739777e-02,-2.238814160227775574e-02,-1.793130300939083099e-02,1.173330936580896378e-02,-1.365962554700672626e-03,1.015457510948181152e-02,1.728161796927452087e-02,3.243226930499076843e-02,-2.602637745440006256e-02,-3.913702070713043213e-02,1.473485399037599564e-02,4.004658013582229614e-02,4.323652945458889008e-03,7.445388939231634140e-03,-1.049890834838151932e-02,-5.372894462198019028e-03,-1.615116745233535767e-02,2.160852029919624329e-02,-1.275331526994705200e-02,-1.525460183620452881e-02,-1.381230168044567108e-02,-7.575326133519411087e-03,1.003113482147455215e-02,-9.485399350523948669e-03,-4.758292436599731445e-02,-2.140062116086483002e-02,-6.516339723020792007e-03,1.090820971876382828e-02,1.014158129692077637e-02,-4.859643056988716125e-02,-4.281423520296812057e-03,4.753094911575317383e-02,3.982568625360727310e-03,-2.275196649134159088e-02,-1.682684011757373810e-02,-2.457108348608016968e-02,-2.095883525907993317e-02,-4.603017587214708328e-03,2.751415595412254333e-03,-2.767657674849033356e-02,-6.360415369272232056e-03,8.250998333096504211e-03,-2.290789037942886353e-02,-2.754664048552513123e-02,-1.134349871426820755e-02,1.201917137950658798e-02,-5.472945794463157654e-02,2.038386417552828789e-03,-2.251158235594630241e-03,-5.866654682904481888e-03,6.954227387905120850e-02,2.452560467645525932e-03,1.625511609017848969e-02,-1.162935979664325714e-02,-2.725428203120827675e-03,1.330554671585559845e-02,-1.661894097924232483e-02,9.542247280478477478e-04,-1.181776821613311768e-02,-9.920688346028327942e-03,5.993343424052000046e-03,-2.220298163592815399e-03,-6.873666308820247650e-03,-6.233726628124713898e-03,1.908449456095695496e-03,1.615116745233535767e-02,1.395523175597190857e-02,2.375248074531555176e-02,2.187813865020871162e-03,9.004632942378520966e-03,3.924096748232841492e-02,-2.928779646754264832e-02,2.692294307053089142e-02,-1.878888718783855438e-02,5.213721655309200287e-03,1.088871899992227554e-02,-7.036087568849325180e-03,8.341954089701175690e-03,1.074578892439603806e-02,-1.187624037265777588e-02,1.188923418521881104e-02,-3.055143402889370918e-03,2.429821528494358063e-02,1.213611382991075516e-02,8.666796609759330750e-03,4.532201960682868958e-02,6.834685336798429489e-03,1.963672693818807602e-03,-1.762270345352590084e-03,-9.258010424673557281e-03,-1.228716573677957058e-03,2.340165153145790100e-02,4.255436360836029053e-03,2.788447588682174683e-02,7.445388939231634140e-03,4.739451687783002853e-03,4.395118448883295059e-03,-3.032404463738203049e-03,-1.916570588946342468e-02,8.543356670998036861e-04,-3.336781635880470276e-02,2.336267009377479553e-02,3.586260601878166199e-02,7.192011922597885132e-03,9.251513518393039703e-03,-1.391625124961137772e-02,2.925612498074769974e-04,-4.849897697567939758e-03,-1.862971461378037930e-03,-9.634827263653278351e-03,-6.094856653362512589e-04,1.049241144210100174e-02,-1.303430413827300072e-03,-1.539753284305334091e-02,-6.469822525978088379e-01,-8.101571351289749146e-03,-5.726972594857215881e-03,1.226605102419853210e-02,3.770771250128746033e-02,5.739966407418251038e-03,8.309470489621162415e-03,1.819117739796638489e-02,-6.548823788762092590e-03,1.144095137715339661e-02,1.016756892204284668e-02,3.903307020664215088e-02,6.886660121381282806e-03,-3.755178675055503845e-02,-1.429306808859109879e-02,-6.282452959567308426e-03,-2.616605954244732857e-03,-3.352374071255326271e-03,-7.751553202979266644e-04,-3.272787667810916901e-03,-2.368751168251037598e-02,7.153030950576066971e-03,2.486668992787599564e-03,4.862891510128974915e-03,6.522836629301309586e-03,8.608325384557247162e-03,1.079776324331760406e-02,-1.053788978606462479e-02,-9.485399350523948669e-03,4.011804237961769104e-03,-4.612762853503227234e-02,1.715168170630931854e-02,7.282968144863843918e-03,2.088736975565552711e-03,3.822746127843856812e-02,-3.705802932381629944e-02,-1.311713829636573792e-02,4.056632518768310547e-02,1.528058946132659912e-02,2.398636750876903534e-02,-1.609919220209121704e-02,4.525055643171072006e-03,2.362254448235034943e-02,-1.693078875541687012e-02,-3.266290994361042976e-03,4.024798050522804260e-03,2.325871959328651428e-02,6.178503390401601791e-03,1.713868789374828339e-02,5.223466549068689346e-03,-1.975448249140754342e-04,-1.228554174304008484e-02,3.950896498281508684e-04,8.153545670211315155e-03,1.055088266730308533e-02,3.071385435760021210e-03,5.775698926299810410e-03,-2.173845656216144562e-02,1.103165000677108765e-02,9.472406469285488129e-03,-1.515065226703882217e-02,3.027531690895557404e-02,-3.836389398202300072e-03,-1.077827252447605133e-02,-5.187734030187129974e-03,2.574051730334758759e-02,-1.965946517884731293e-02,2.575350925326347351e-02,2.498688176274299622e-02,1.548848859965801239e-02,1.998430863022804260e-02,1.667091436684131622e-02,2.610434032976627350e-02,7.490867283195257187e-03,-4.050785675644874573e-03,-1.417612470686435699e-02,4.797922912985086441e-03,-2.245311066508293152e-02,2.134864591062068939e-02,7.698766421526670456e-03,5.902387667447328568e-03,-6.188248749822378159e-03,-4.384073987603187561e-02,-4.557539708912372589e-03,3.271813318133354187e-02,-2.920983359217643738e-02,-3.084703907370567322e-02,5.850412882864475250e-03,1.674887724220752716e-02,-3.586260834708809853e-03,-4.830407444387674332e-03,2.926180884242057800e-02,1.752849854528903961e-02,2.468802733346819878e-03,5.229963455349206924e-03,2.220623008906841278e-02,-1.005062554031610489e-02,3.404348855838179588e-03,1.339650340378284454e-02,-2.098482334986329079e-03,1.433204952627420425e-02,-2.040010690689086914e-02,1.616416126489639282e-02,-1.381230168044567108e-02,1.924366690218448639e-02,2.207629382610321045e-02,-3.302998095750808716e-02,7.698766421526670456e-04,1.813920214772224426e-02,-3.230233490467071533e-02,-9.907695464789867401e-03,2.132265828549861908e-02,3.646031767129898071e-02,-2.104979194700717926e-02,1.199968066066503525e-02,-2.377846837043762207e-02,-8.860077941790223122e-04,6.698251701891422272e-03,1.326656620949506760e-02,-9.615336544811725616e-03,3.513495996594429016e-02,8.689535898156464100e-04,-1.337051577866077423e-02,-2.778052724897861481e-02,2.008825726807117462e-02,3.944886848330497742e-02,-2.244011685252189636e-02,-3.625241667032241821e-02,5.265696439892053604e-03,-8.043099194765090942e-03,-7.029590662568807602e-03,-1.651499047875404358e-02,3.417342528700828552e-02,-8.072335040196776390e-04,4.144989699125289917e-02,-2.040010690689086914e-02,4.560788162052631378e-03,7.003603503108024597e-03,2.996346913278102875e-02,-1.913971826434135437e-02,-7.463255315087735653e-04,1.422809995710849762e-02,2.416827948763966560e-03,-1.476409030146896839e-03,1.208413974381983280e-03,-5.176689475774765015e-02,-1.346147153526544571e-02,3.269539447501301765e-03,-3.404349088668823242e-02,2.190737612545490265e-02,-4.281423520296812057e-03,1.949054771102964878e-03,2.484395168721675873e-02,-1.693078875541687012e-02,1.182426512241363525e-02,1.547062187455594540e-03,2.127068489789962769e-02,1.280528958886861801e-02,1.656696572899818420e-02,-1.054438576102256775e-02,-1.373271457850933075e-03,2.571452967822551727e-02,-2.577949687838554382e-02,1.771041005849838257e-02,1.157088857144117355e-02,-2.372649312019348145e-02,-1.381230168044567108e-02,1.452695485204458237e-02,-1.942557841539382935e-02,-3.074309043586254120e-02,3.374301013536751270e-04,1.381230168044567108e-02,-2.951193833723664284e-03,-4.616011399775743484e-03,-1.823015883564949036e-02,-7.347936276346445084e-03,-1.246095634996891022e-02,-1.232452318072319031e-02,-2.822880866006016731e-03,2.173845656216144562e-02,1.266235951334238052e-02,5.606780759990215302e-03,-2.084189280867576599e-02,1.219174373545683920e-04,-6.906150840222835541e-03,-1.109661813825368881e-02,-1.832314446801319718e-04,-1.489077787846326828e-02,-1.095368806272745132e-02,9.400940500199794769e-03,1.886116515379399061e-04,-4.330149851739406586e-03,2.317751059308648109e-03,3.076258115470409393e-03,3.992313984781503677e-03,3.295201808214187622e-02,1.103814691305160522e-02,2.515579946339130402e-02,1.092770043760538101e-02,4.222951829433441162e-02,6.672264076769351959e-03,-8.530362509191036224e-03,1.879213610664010048e-03,-8.244501426815986633e-03,1.311713829636573792e-02,-4.157983511686325073e-02,-1.220595557242631912e-03,1.181127224117517471e-02,3.487508744001388550e-02,-2.193336375057697296e-02,6.094044540077447891e-03,-3.326386958360671997e-02,1.417612470686435699e-02,-2.538643777370452881e-03,2.676701871678233147e-03,2.134864591062068939e-02,-5.421620793640613556e-03,3.841262077912688255e-04,-6.461116485297679901e-03,-3.362119314260780811e-04,3.347176685929298401e-02,2.460681600496172905e-03,-4.840152803808450699e-03,-2.089386619627475739e-02,-5.886145401746034622e-03,9.147563949227333069e-03,1.518963370472192764e-02,1.734658703207969666e-02,1.430118922144174576e-03,-1.547549478709697723e-02,1.417612470686435699e-02,-1.533256378024816513e-02,-8.562847040593624115e-03,1.674887724220752716e-02,-8.497878909111022949e-03,2.788772573694586754e-03,1.410628436133265495e-03,-2.130966447293758392e-02,2.558459155261516571e-02,-7.848193868994712830e-03,6.197994109243154526e-03,4.514010995626449585e-02,2.676701871678233147e-03,-2.448012679815292358e-02,1.459192298352718353e-02,3.339380491524934769e-03,-1.016756892204284668e-02,-7.737747393548488617e-03,6.597550120204687119e-03,2.585745975375175476e-02,-3.102245391346514225e-04,8.946161717176437378e-03,-6.529333535581827164e-03,2.041310071945190430e-02,5.340409930795431137e-03,-8.957530953921377659e-04,-2.306381473317742348e-03,3.149672597646713257e-02,-4.060530569404363632e-03,2.780651487410068512e-02,1.370023121125996113e-03,1.582632400095462799e-02,2.232317440211772919e-02,-4.099512007087469101e-03,1.485179737210273743e-02,-1.219458598643541336e-02,-1.738556846976280212e-02,-7.711759768426418304e-03,-4.589374363422393799e-02,-2.561382716521620750e-03,-1.724710455164313316e-04,-2.233616821467876434e-02,1.129802037030458450e-02,-3.534286050125956535e-03,1.029750565066933632e-03,2.529873140156269073e-02,1.011559460312128067e-02,1.461791060864925385e-02,9.079346782527863979e-04,-9.810241870582103729e-03,-3.180857375264167786e-02,-1.800926588475704193e-02,-9.816738776862621307e-03,-1.491676550358533859e-02,1.140197040513157845e-03,-8.705778047442436218e-03,-4.911617841571569443e-03,3.232832252979278564e-02,-3.786363825201988220e-02,1.250643469393253326e-02,-1.923067308962345123e-02,2.941773273050785065e-02,-5.320919677615165710e-03,-1.726862601935863495e-02,-1.715168170630931854e-02,-1.417612470686435699e-02,2.946970798075199127e-02,-1.677811262197792530e-03,3.937090560793876648e-02,-4.577030427753925323e-03,-9.232022799551486969e-03,-2.796243876218795776e-02,-1.643702760338783264e-02,-4.742699675261974335e-03,5.857559293508529663e-02,2.610434032976627350e-02,6.019330583512783051e-03,-1.466988585889339447e-02,-7.292713271453976631e-04,-1.873691380023956299e-02,-1.185025274753570557e-02,2.441191114485263824e-03,-1.238299440592527390e-02,-1.322108786553144455e-03,1.042094640433788300e-02,-2.736797614488750696e-04,-2.700090594589710236e-02,-6.828188430517911911e-03,1.761945523321628571e-02,-5.801686085760593414e-03,-4.295716807246208191e-02,-1.695677638053894043e-02,-4.002058878540992737e-03,-1.126553677022457123e-02,8.139252662658691406e-02,9.673808701336383820e-03,7.815709337592124939e-03,1.154490094631910324e-02,3.843535855412483215e-02,5.307925865054130554e-03,-8.796733804047107697e-03,-3.926695510745048523e-02,2.596141025424003601e-02,-7.640294730663299561e-03,-2.861212380230426788e-02,-1.632333383895456791e-03,8.393929339945316315e-03,-1.932162977755069733e-02,2.303782664239406586e-02,4.051014002470765263e-06,-2.058201842010021210e-02,-1.755773439072072506e-03,1.213286537677049637e-03,-2.108227461576461792e-03,-2.330744639039039612e-03,-8.062589913606643677e-03,8.556350134313106537e-03,1.277280505746603012e-02,-1.677486486732959747e-02,1.048429054208099842e-03,-1.581333018839359283e-02,4.321704059839248657e-02,2.570153586566448212e-02,-9.316481649875640869e-03,6.373409181833267212e-03,7.179018575698137283e-03,2.420726045966148376e-02,8.393929339945316315e-03,-1.505969651043415070e-02,4.283860034774988890e-04,7.360930088907480240e-03,2.097182907164096832e-02,1.170082576572895050e-02,-1.097967475652694702e-02,2.228419296443462372e-02,2.027016878128051758e-02,1.932162977755069733e-02,-1.509867794811725616e-02,2.142660878598690033e-02,8.848708122968673706e-03,-1.143445493653416634e-03,-3.677216591313481331e-03,-3.594056889414787292e-02,-2.103679813444614410e-02,4.797273501753807068e-02,-1.849003322422504425e-02,-6.223981734365224838e-03,1.044368487782776356e-03,2.247909829020500183e-02,2.437942661345005035e-03,3.937090747058391571e-03,1.804499886929988861e-03,-5.262447986751794815e-03,1.615116745233535767e-02,-1.741155609488487244e-02,3.605751320719718933e-03,-1.450096722692251205e-02,1.525460183620452881e-02,-4.056632518768310547e-02,-5.788692738860845566e-03,-3.436833154410123825e-03,3.696707077324390411e-03,-5.333913024514913559e-03,9.433425031602382660e-03,1.522861421108245850e-02,8.257495239377021790e-03,-2.043908834457397461e-02,-7.077504997141659260e-04,2.078991755843162537e-02,3.653828054666519165e-02,7.877429598011076450e-04,-2.257005497813224792e-02,1.444899290800094604e-02,1.387726981192827225e-02,1.482580974698066711e-02,-7.120546884834766388e-03,1.574673806317150593e-03,-5.239708814769983292e-03,-1.828254025895148516e-04,2.506484463810920715e-02,2.002329006791114807e-02,8.465394377708435059e-03,-3.885115683078765869e-02,-6.600798573344945908e-03,6.665767170488834381e-03,-1.611218554899096489e-03,-2.166699152439832687e-03,-9.374953806400299072e-03,-1.097155385650694370e-03,-1.869793236255645752e-02,3.414094215258955956e-03,5.216970108449459076e-03,-1.508568413555622101e-02,-5.376142915338277817e-03,3.670719685032963753e-03,-2.959964424371719360e-02,-1.194608164951205254e-03,5.502831190824508667e-03,2.199833095073699951e-02,-2.169947698712348938e-02,-2.869008667767047882e-02,1.049241144210100174e-02,-2.944372035562992096e-02,-1.112910266965627670e-02,1.645002141594886780e-02,-3.432935103774070740e-02,-1.169432885944843292e-02,-2.629924565553665161e-02,-2.894346369430422783e-03,1.490377169102430344e-02,-8.575840853154659271e-03,3.339380398392677307e-02,6.061560474336147308e-03,1.259089354425668716e-02,-2.231261605629697442e-04,-4.454239830374717712e-02,3.721395134925842285e-02,-1.749276649206876755e-03,-1.745053753256797791e-02,3.009340539574623108e-02,4.216454923152923584e-03,-2.481796406209468842e-02,-4.232697188854217529e-03,2.073794230818748474e-02,2.354458160698413849e-02,4.050785675644874573e-03,-1.754149235785007477e-02,-5.623023025691509247e-03,-2.562357299029827118e-02,-1.651499047875404358e-02,-1.692429184913635254e-03,-6.191497202962636948e-03,1.823990372940897942e-03,7.347936276346445084e-03,-2.548064291477203369e-02,-1.907474920153617859e-02,-7.991124875843524933e-03,-2.098482288420200348e-02,-1.002138946205377579e-03,-3.612248227000236511e-02,-3.345877397805452347e-03,-1.703473925590515137e-02,1.377332024276256561e-02,3.926695510745048523e-02,-1.285726483911275864e-02,-1.305217016488313675e-02,-1.756747998297214508e-02,1.337051577866077423e-02,2.567554824054241180e-02,-2.327171340584754944e-02,-8.660299703478813171e-03,1.674887724220752716e-02,3.069111518561840057e-02,1.196069922298192978e-02,3.367966786026954651e-02,-2.254406688734889030e-03,2.705287933349609375e-02,6.048566661775112152e-03,-1.209713332355022430e-02,7.367426995187997818e-03,3.214316209778189659e-03,-7.757238112390041351e-03,-1.654097810387611389e-02,1.939959079027175903e-02,9.076097980141639709e-03,7.958640344440937042e-03,3.183456137776374817e-02,-3.194825490936636925e-03,-6.945131812244653702e-03,4.086518194526433945e-03,7.588319946080446243e-03,1.442300505004823208e-03,-8.283482864499092102e-03,-7.679275702685117722e-03,-5.041555035859346390e-03,-1.333153434097766876e-02,2.785524120554327965e-03,-1.680085249245166779e-02,-2.078991755843162537e-02,-1.301968563348054886e-02,1.850302703678607941e-02,4.853146150708198547e-03,-2.312878333032131195e-02,-4.918114747852087021e-03,1.020655035972595215e-02,-1.686581969261169434e-02,3.063913993537425995e-02,-1.551447622478008270e-02,-1.022604014724493027e-02,5.759456660598516464e-03,1.030400302261114120e-02,1.726862601935863495e-02,3.501801751554012299e-03,2.359655685722827911e-02,1.913971826434135437e-02,1.089521590620279312e-02,-1.603422313928604126e-02,-2.866409905254840851e-02,-1.446198672056198120e-02,1.298070512712001801e-02,-6.386402528733015060e-03,9.394443593919277191e-03,-6.038009305484592915e-04,-1.238949131220579147e-02,7.497363723814487457e-03,-1.057037338614463806e-02,-2.639020048081874847e-02,-2.843021228909492493e-02,1.956851035356521606e-02,1.071330439299345016e-02,2.650714479386806488e-03,3.287405520677566528e-02,-2.468802779912948608e-02,-2.887199819087982178e-02,1.389026362448930740e-02,-7.867684587836265564e-03,2.088087238371372223e-02,-1.763244904577732086e-02,1.917869970202445984e-02,9.680305607616901398e-03,-1.407217513769865036e-02,-5.142905935645103455e-02,-1.225305721163749695e-02,3.017786424607038498e-03,-1.898379251360893250e-02,6.912647746503353119e-03,6.821691524237394333e-03,8.315967395901679993e-03,-1.202566828578710556e-02,-8.965651504695415497e-03,8.790236897766590118e-03,-2.244011685252189636e-02,-5.114319548010826111e-02,2.575350925326347351e-02,5.627895588986575603e-04,7.224496454000473022e-03,-9.400940500199794769e-03,-1.599524356424808502e-02,8.153545670211315155e-03,1.933462359011173248e-02,9.144315263256430626e-04,3.203758678864687681e-04,-1.919169165194034576e-02,-2.946970798075199127e-02,-3.622643277049064636e-02,1.021954417228698730e-02,-5.428117699921131134e-03,1.674887724220752716e-02,1.738556846976280212e-02,-5.895890761166810989e-03,5.623023025691509247e-03,-2.778052724897861481e-02,-3.505050204694271088e-03,2.054303698241710663e-02,-1.161311753094196320e-03,6.802201271057128906e-03,-1.954252272844314575e-02,-1.596925593912601471e-02,-9.095589048229157925e-04,8.523866534233093262e-03,-2.231018058955669403e-02,-1.396822626702487469e-03,-5.938120186328887939e-03,1.995832100510597229e-02,-9.426928125321865082e-03,-8.452400565147399902e-03,-2.281693369150161743e-02,1.204515807330608368e-02,1.437103003263473511e-02,6.893157027661800385e-03,8.556350134313106537e-03,6.249968893826007843e-03,-5.197479389607906342e-03,-1.457892917096614838e-02,2.336267009377479553e-02,-3.050270723178982735e-03,-1.292060827836394310e-03,-1.543651334941387177e-02,-2.620828896760940552e-02,-1.200617756694555283e-02,-1.741155632771551609e-03,-3.459572093561291695e-03,3.401100635528564453e-03,-2.713084220886230469e-02,-3.646031767129898071e-02,-1.451396103948354721e-02,1.871092594228684902e-03,1.137598324567079544e-02,1.511167082935571671e-02,-9.238519705832004547e-03,1.794754643924534321e-03,1.872391998767852783e-02,-1.485179737210273743e-02,4.815464466810226440e-02,-2.780651487410068512e-02,1.417937339283525944e-03,-1.952303224243223667e-03,1.591728068888187408e-02,2.201132476329803467e-02,-1.355242729187011719e-02,3.032729215919971466e-02,-1.234401389956474304e-02,-4.433449730277061462e-02,5.778947379440069199e-03,3.121735993772745132e-03,1.722964458167552948e-02,2.594841644167900085e-02,-3.084703907370567322e-02,7.101056165993213654e-03,2.207304583862423897e-03,1.037546806037425995e-02,-3.108092583715915680e-02,-1.443599909543991089e-02,9.180047549307346344e-03,-7.451885845512151718e-03,-6.275956518948078156e-03,1.737257465720176697e-02,-9.732279926538467407e-03,7.235865923576056957e-04,2.733549335971474648e-03,1.669690199196338654e-02,-8.902713307179510593e-05,-2.440216578543186188e-02,-7.458382751792669296e-03,3.755990837817080319e-05,3.936684515792876482e-04,-2.503885701298713684e-02,-1.557944435626268387e-02,4.577030427753925323e-03,-1.937360502779483795e-02,-2.185540087521076202e-02,6.630034651607275009e-03,2.592242881655693054e-02,-2.047806791961193085e-02,5.379390902817249298e-03,-1.010909769684076309e-02,5.249454174190759659e-03,9.212532080709934235e-03,-9.491896256804466248e-03,-5.648198421113193035e-04,-1.340949628502130508e-02,-1.237000059336423874e-02,-2.707886695861816406e-02,-3.711000084877014160e-02,-2.208928810432553291e-03,4.160582274198532104e-02,3.248424502089619637e-03,-5.145504605025053024e-03,1.118757389485836029e-02,-7.179018575698137283e-03,-5.135109648108482361e-02,-8.634313009679317474e-03,9.361959993839263916e-03,4.196964669972658157e-03,2.228419296443462372e-02,2.405133657157421112e-02,5.112208309583365917e-04,6.068056914955377579e-03,2.548064291477203369e-02,-2.033513737842440605e-03,-2.237514778971672058e-02,-1.846404559910297394e-02,2.739071659743785858e-02,-3.246800275519490242e-03,-8.998136036098003387e-03,-3.518043784424662590e-03,-2.116673439741134644e-02,-1.055737957358360291e-02,1.997131481766700745e-02,-3.165264800190925598e-02,4.174225497990846634e-03,-1.985437050461769104e-02,-1.300019491463899612e-02,-2.959964424371719360e-02,-2.546764910221099854e-02,1.151241641491651535e-02,-5.106523633003234863e-03,-2.793645253404974937e-03,-1.241547893732786179e-02,-1.205165497958660126e-02,5.707481876015663147e-03,-9.199538268148899078e-03,1.555345673114061356e-02,-4.636151716113090515e-02,9.907695464789867401e-03,9.836229495704174042e-03,3.885115729644894600e-03,-1.047292072325944901e-02,1.765843667089939117e-02,-1.611218554899096489e-03,1.487778499722480774e-03,-2.102380432188510895e-02,4.789477214217185974e-02,3.677216591313481331e-03,-1.096668187528848648e-02,6.396147888153791428e-03,-1.991933956742286682e-02,-2.689695544540882111e-02,5.054548848420381546e-03,3.131481260061264038e-02,-1.253891922533512115e-02,-7.711759768426418304e-03,-9.959669783711433411e-03,-1.311064139008522034e-02,2.533771097660064697e-02,1.830812171101570129e-02,1.159037929028272629e-02,-3.622643277049064636e-02,-5.470347125083208084e-03,-2.881352556869387627e-03,1.522861421108245850e-02,-3.157468885183334351e-02,2.601338364183902740e-02,1.713868789374828339e-02,-1.598224975168704987e-02,1.131263910792768002e-03,2.923582121729850769e-02,-1.218159217387437820e-03,1.410628436133265495e-03,-1.967245899140834808e-02,-4.973337985575199127e-03,-2.420726045966148376e-02,9.797248989343643188e-03,-2.005902118980884552e-03,9.303487837314605713e-03,5.207224749028682709e-03,-2.856989391148090363e-03,7.394226267933845520e-04,-2.086788043379783630e-02,3.749981522560119629e-02,1.748432070016860962e-01,-2.741670468822121620e-03,-1.966921146959066391e-03,1.508893212303519249e-03,1.737257465720176697e-02,-2.949569607153534889e-03,3.152271360158920288e-02,3.950084093958139420e-03,1.430606190115213394e-02,8.302973583340644836e-03,-1.702174544334411621e-02,-3.588859364390373230e-02,-2.684498019516468048e-02,1.575485919602215290e-03,2.803390379995107651e-03,-2.372649312019348145e-02,-2.264152048155665398e-03,1.607320457696914673e-02,-2.619529515504837036e-02,-3.856529667973518372e-02,3.131481260061264038e-02,-1.374733261764049530e-02,2.473675413057208061e-03,-8.517369627952575684e-03,1.056387647986412048e-02,-4.190467763692140579e-03,-3.709700889885425568e-03,-1.077177561819553375e-02,6.405893247574567795e-03,-4.606266040354967117e-03,-6.860672961920499802e-03,-3.037926740944385529e-02,-2.016622014343738556e-02,-2.436318434774875641e-02,-2.609134651720523834e-02,-1.395523175597190857e-02,1.515065226703882217e-02,1.560543198138475418e-02,1.416313112713396549e-03,1.239598821848630905e-02,5.678246263414621353e-03,3.274818009231239557e-04,4.177473951131105423e-03,-9.543871507048606873e-03,-1.109661813825368881e-02,-2.187813865020871162e-03,5.509328097105026245e-03,-1.693078875541687012e-02,-4.703718703240156174e-03,-2.797705819830298424e-04,-2.631223946809768677e-02,-5.331476568244397640e-04,2.516879327595233917e-02,-2.333993092179298401e-03,-2.007526345551013947e-02,6.873666308820247650e-03,-3.885928017552942038e-04,3.113290108740329742e-02,-9.296990931034088135e-03,-1.296121440827846527e-02,1.476084161549806595e-02,5.116268526762723923e-03,-1.985437050461769104e-02,2.002329006791114807e-02,-2.403834275901317596e-02,2.775453962385654449e-02,-1.211012713611125946e-02,1.916570472531020641e-04,-4.788178019225597382e-03,-1.570938155055046082e-02,-1.894481293857097626e-02,-2.506484463810920715e-02,-2.524675615131855011e-02,1.052489597350358963e-02,1.877589337527751923e-02,-1.937360502779483795e-02,5.205600173212587833e-04,-1.181127224117517471e-02,-1.999730244278907776e-02,8.101571351289749146e-03,2.881352556869387627e-03,-5.662003997713327408e-03,-1.311064139008522034e-02,1.331854052841663361e-02,-3.612248227000236511e-02,-1.112260576337575912e-02,4.124199971556663513e-02,2.415528520941734314e-02,-1.582632400095462799e-02,2.538968622684478760e-02,1.890583150088787079e-02,-2.956066280603408813e-03,1.085623539984226227e-02,-1.929564215242862701e-02,-1.074578892439603806e-02,1.645002141594886780e-02,-2.650714479386806488e-03,1.451396103948354721e-02,-1.917869970202445984e-02,3.959829453378915787e-03,-1.750900875777006149e-03,-3.830542415380477905e-02,6.893157027661800385e-03,-1.418911851942539215e-02,3.693052567541599274e-04,3.378361463546752930e-03,9.907695464789867401e-03,3.926695510745048523e-02,-1.610406441614031792e-03,-2.531172521412372589e-02,9.283997118473052979e-03,-2.085488662123680115e-02,2.104979241266846657e-03,9.836229495704174042e-03,5.242957267910242081e-03,-2.191062318161129951e-03,-2.856989391148090363e-03,-6.526085082441568375e-03,-1.159687526524066925e-03,-9.102085605263710022e-03,1.655397191643714905e-02,-8.231507614254951477e-03,1.495574694126844406e-02,6.474110297858715057e-03,9.444794268347322941e-04,-1.651011756621301174e-03,-3.118487633764743805e-02,-1.132076024077832699e-03,2.554561011493206024e-02,-1.485179737210273743e-02,1.880188100039958954e-02,-1.667091436684131622e-02,-1.029100921005010605e-02,2.579249069094657898e-02,5.642513744533061981e-03,-1.376032643020153046e-02,4.950599279254674911e-03,-1.548848859965801239e-02,1.005062554031610489e-02,-3.794159973040223122e-03,-1.492975931614637375e-02,-7.215563091449439526e-04,1.160337217152118683e-02,1.405918132513761520e-02,2.631223993375897408e-03,-2.433719672262668610e-02,4.150187224149703979e-02,-1.266885548830032349e-03,1.529358327388763428e-02,-5.895890761166810989e-03,-3.066512756049633026e-02,1.172031555324792862e-02,-1.322758477181196213e-02,-2.453210204839706421e-02,1.360277761705219746e-03,2.444439567625522614e-03,-1.285726483911275864e-02,6.636531557887792587e-03,-4.180722404271364212e-03,3.186054900288581848e-02,-5.101326107978820801e-02,3.656426817178726196e-02,1.059636101126670837e-02,-3.217239677906036377e-02,1.842506416141986847e-02,1.939309528097510338e-03,-1.633048057556152344e-01,-6.756722927093505859e-03,2.470101974904537201e-02,-1.638505421578884125e-02,3.230233490467071533e-02,-1.858098804950714111e-02,2.418127283453941345e-02,2.765059098601341248e-02,-1.456593628972768784e-02,-3.804717271123081446e-04,-1.324057858437299728e-02,-3.233806695789098740e-03,1.173980627208948135e-02,1.260388735681772232e-02,-1.891882531344890594e-02,2.438917197287082672e-02,-3.921497985720634460e-02,3.881867276504635811e-03,4.527004435658454895e-02,-3.836389398202300072e-03,3.721395134925842285e-02,-9.855720214545726776e-03,1.664492674171924591e-02,-3.365368023514747620e-02,1.912672445178031921e-02,1.119407080113887787e-02,-1.838608295656740665e-03,6.012834142893552780e-03,-1.607320457696914673e-02,-2.472700737416744232e-02,-4.846649710088968277e-03,1.333153434097766876e-02,-1.129802037030458450e-02,-1.839907653629779816e-02,2.093284763395786285e-02,1.689180731773376465e-03,-2.739071659743785858e-02,4.268429707735776901e-03,-8.556350134313106537e-03,2.068596705794334412e-02,2.041634870693087578e-03,2.299884520471096039e-02,1.340787275694310665e-03,-1.607320457696914673e-02,7.412904873490333557e-03,3.851332142949104309e-02,7.698766421526670456e-03,1.068081986159086227e-02,3.037926740944385529e-02,-1.381230168044567108e-02,2.276496030390262604e-02,-2.399936132133007050e-02,1.758047379553318024e-02,3.781166160479187965e-03,-1.124767004512250423e-03,1.958800014108419418e-03,6.409141700714826584e-03,-5.057797301560640335e-03,8.861701935529708862e-03,-1.325357239693403244e-02,2.048131776973605156e-03,-2.419426664710044861e-02,6.009585340507328510e-04,8.913677185773849487e-03,2.793645253404974937e-03,-3.381609916687011719e-03,-3.865625243633985519e-03,-1.670989580452442169e-02,-1.088222209364175797e-02,1.980239711701869965e-02,-4.157983511686325073e-02,-4.810267314314842224e-02,3.420591121539473534e-03,-3.905905783176422119e-02,1.134512247517704964e-03,-3.608999773859977722e-03,-1.333153434097766876e-02,3.209443530067801476e-03,-7.293728413060307503e-05,2.424948848783969879e-03,-3.366179880686104298e-04,3.440731391310691833e-02,-2.470101974904537201e-02,9.953172877430915833e-03,-1.170082576572895050e-02,2.980754338204860687e-02,7.536345161497592926e-03,-2.978155575692653656e-02,-3.053519176319241524e-03,-2.063399367034435272e-02,6.665767170488834381e-03,-2.036112546920776367e-02,-1.555345673114061356e-02,-2.110176533460617065e-02,3.471916168928146362e-02,4.716712608933448792e-02,1.741155609488487244e-02,-2.485694549977779388e-02,1.290274225175380707e-02,-2.037411928176879883e-02,-2.017921395599842072e-02,3.829892491921782494e-03,-1.861996948719024658e-02,9.641324169933795929e-03,6.932137999683618546e-03,-6.568314507603645325e-03,1.328605692833662033e-02,4.953847732394933701e-03,4.836254566907882690e-02,1.259739045053720474e-02,-1.819117739796638489e-02,-2.016622014343738556e-02,2.648115716874599457e-02,3.204245865345001221e-02,1.524160802364349365e-02,1.800926588475704193e-02,-3.690210403874516487e-03,-1.633307896554470062e-02,1.253242231905460358e-02,2.854553167708218098e-04,4.656941443681716919e-02,3.303647739812731743e-03,1.665792055428028107e-02,-1.951653510332107544e-02,1.091470662504434586e-02,-1.053788978606462479e-02,-1.061845049262046814e-01,-5.374193564057350159e-02,2.236215397715568542e-02,3.089251695200800896e-03,3.547279536724090576e-02,2.715682983398437500e-02,-2.465554280206561089e-03,5.022064317017793655e-03,-3.898109542205929756e-03,2.910588495433330536e-02,6.821691524237394333e-03,3.319483948871493340e-04,3.549878299236297607e-02,-3.615496680140495300e-03,1.339650340378284454e-02,-2.314177714288234711e-02,5.077287554740905762e-03,-1.528058946132659912e-02,-1.989335194230079651e-02,1.672288961708545685e-02,-1.768442429602146149e-02,4.927860107272863388e-03,3.908260841853916645e-04,-2.034813165664672852e-02,1.140846684575080872e-02,2.194310771301388741e-03,-2.975556999444961548e-02,1.328605692833662033e-02,6.194745656102895737e-03,1.264936570078134537e-02,8.400426246225833893e-03,1.285157923121005297e-04,6.893157027661800385e-03,-2.466204017400741577e-02,-1.756747998297214508e-02,-2.468802779912948608e-02,-2.363553643226623535e-02,1.502071507275104523e-02,1.004412863403558731e-02,-2.198533713817596436e-02,-2.665332285687327385e-03,-8.367941714823246002e-03,-1.437103003263473511e-02,-1.886685006320476532e-02,1.065483223646879196e-02,-1.181776821613311768e-02,6.880163215100765228e-03,-1.403319416567683220e-03,6.932137999683618546e-03,-1.382529549300670624e-02,-3.235431015491485596e-02,1.671314472332596779e-03,-1.191522181034088135e-02,-6.181751843541860580e-03,1.034948043525218964e-02,-9.680305607616901398e-03,-1.742454990744590759e-02,-8.673293632455170155e-04,-1.378631405532360077e-02,-8.601828478276729584e-03,1.861347234807908535e-03,-3.771421033889055252e-03,1.121356151998043060e-02,3.071710281074047089e-02,1.994532765820622444e-03,-1.628110371530056000e-02,-7.776728365570306778e-03,-3.238029778003692627e-02,2.218024246394634247e-02,-9.290494024753570557e-03,1.611218601465225220e-02,2.218673937022686005e-03,-7.763734553009271622e-03,3.115888871252536774e-02,-2.046507410705089569e-02,2.207304583862423897e-03,-1.715168170630931854e-02,-2.540268003940582275e-02,1.555995433591306210e-03,-3.529088571667671204e-02,-9.550368413329124451e-03,-1.596925593912601471e-02,1.272732764482498169e-02,6.679572834400460124e-05,2.882002294063568115e-02,-1.913322135806083679e-03,4.775184206664562225e-03,5.590538494288921356e-03,-9.927185252308845520e-03,-4.041040316224098206e-03,1.581333018839359283e-02,9.322978556156158447e-03,3.414743766188621521e-02,6.912647746503353119e-03,3.436833154410123825e-03,-1.326656620949506760e-02,3.724268026417121291e-06,-1.134999562054872513e-02,-1.708671264350414276e-02,-1.175117562524974346e-03,-5.964107345789670944e-03,-7.425898686051368713e-03,-4.124199971556663513e-02,1.327306311577558517e-02,-1.949054747819900513e-02,-2.181641943752765656e-02,2.657211385667324066e-02,-4.762190394103527069e-03,7.524163229390978813e-04,-5.652258638292551041e-03,8.263179915957152843e-04,-9.167053736746311188e-03,-9.738776832818984985e-03,1.538453903049230576e-02,5.460601765662431717e-03,-1.108362432569265366e-02,-8.413420058786869049e-03,1.146693900227546692e-02,-6.100541446357965469e-03,-2.255624858662486076e-04,2.715682983398437500e-02,2.018895931541919708e-03,1.241547893732786179e-02,-6.353918462991714478e-03,4.196964669972658157e-03,7.555835414677858353e-03,-9.069601073861122131e-03,4.228149354457855225e-02,-1.224656030535697937e-02,1.305866707116365433e-02,-8.666796609759330750e-03,-1.231802627444267273e-02,1.463090442121028900e-02,-1.391625124961137772e-02,-5.363149102777242661e-03,3.596655651926994324e-02,1.722964458167552948e-02,-2.489917445927858353e-03,1.915271207690238953e-02,2.405133657157421112e-02,3.842886304482817650e-03,2.655912004411220551e-02,-6.256465800106525421e-03,-3.147073835134506226e-02,1.146693900227546692e-02,-2.090361202135682106e-03,-1.283777412027120590e-02,-4.492571111768484116e-03,-1.398121938109397888e-02,1.064833626151084900e-02,2.659809961915016174e-02,-5.015567410737276077e-03,-1.603422313928604126e-02,1.681384630501270294e-02,-1.672288961708545685e-02,-1.754149235785007477e-02,1.456106314435601234e-03,-1.123954914510250092e-02,3.141876310110092163e-02,-4.041040316224098206e-03,-1.476409030146896839e-03,-4.727107286453247070e-02,3.232832252979278564e-02,1.400883076712489128e-03,1.476084161549806595e-02,-1.356542110443115234e-02,2.980754338204860687e-02,3.292603045701980591e-02,-1.936061121523380280e-02,2.601988147944211960e-03,-1.031049992889165878e-02,-1.290923915803432465e-02,-5.265696439892053604e-03,-5.895890761166810989e-03,-3.175335004925727844e-04,1.667091436684131622e-02,1.700875163078308105e-02,-1.374733261764049530e-02,-1.073279511183500290e-02,3.030780237168073654e-03,4.934357013553380966e-03,-1.499960082583129406e-03,4.320404492318630219e-03,-9.608839638531208038e-03,-4.350290074944496155e-02,1.216534990817308426e-03,1.433204952627420425e-02,1.572237536311149597e-02,-2.814435027539730072e-02,-3.016162198036909103e-03,2.408706815913319588e-03,1.404618751257658005e-02,-1.985437050461769104e-02,-6.539078895002603531e-03,3.914351575076580048e-03,-1.815219596028327942e-02,1.498173456639051437e-02,1.116158720105886459e-02,8.842212148010730743e-03,-1.547062187455594540e-03,2.192036993801593781e-02,4.875235632061958313e-02,-8.933167555369436741e-04,-6.201242562383413315e-03,-8.562847040593624115e-03,2.934951568022370338e-03,-9.400940500199794769e-03,4.239194095134735107e-03,-3.274412080645561218e-02,-3.526489809155464172e-02,-5.080536007881164551e-03,-1.188923418521881104e-02,8.380935527384281158e-03,-2.015322633087635040e-02,8.517369627952575684e-03,7.965137250721454620e-03,-5.288435146212577820e-03,5.057797301560640335e-03,-2.631223993375897408e-03,-1.002463791519403458e-02,-2.598739601671695709e-02,2.770256437361240387e-02,9.959669783711433411e-03,2.468802779912948608e-02,1.600823551416397095e-02,-4.872636869549751282e-02,1.986736431717872620e-02,-1.016107201576232910e-02,-9.803744964301586151e-03,-3.258819505572319031e-02,1.978940330445766449e-02,-1.077177561819553375e-02,3.186054900288581848e-02,-1.247344243893167004e-05,-3.108092583715915680e-02,-8.069086819887161255e-03,-1.737907179631292820e-03,-3.034028457477688789e-03,3.167213872075080872e-03,2.754664048552513123e-02,-3.344577923417091370e-02,5.168893188238143921e-02,-9.102085605263710022e-03,4.690724890679121017e-03,6.360415369272232056e-03,1.185025274753570557e-02,9.290494024753570557e-03,-4.950599279254674911e-03,6.613792385905981064e-03,-9.154060855507850647e-03,1.608619838953018188e-02,6.418887060135602951e-03,-1.789881964214146137e-03,3.149672597646713257e-02,-4.745948128402233124e-03,-4.456838592886924744e-02,2.011424489319324493e-02,2.775453962385654449e-02,1.629409752786159515e-02,-4.362634383141994476e-03,-1.455294247716665268e-02,4.999975115060806274e-02,1.716467551887035370e-02,3.326386958360671997e-02,1.220757979899644852e-02,-2.240113541483879089e-02,-5.333913024514913559e-03,4.329500347375869751e-02,6.373409181833267212e-03,-4.316344275139272213e-04,-3.248424455523490906e-02,1.476084161549806595e-02,-1.040795259177684784e-02,-3.019735589623451233e-02,-1.139547303318977356e-02,2.590943500399589539e-02,-2.978155575692653656e-02,-4.564036615192890167e-03,1.709970645606517792e-02,-1.244146656244993210e-02,8.673293632455170155e-04,-3.414743766188621521e-02,1.340949628502130508e-02,-1.678785867989063263e-02,-5.652258638292551041e-03,1.511167082935571671e-02,1.154490094631910324e-02,-1.376032643020153046e-02,4.703718703240156174e-03,-2.249209210276603699e-02
-7.589711342006921768e-03,-1.151771936565637589e-02,-1.054570358246564865e-02,-7.516477257013320923e-03,-2.528239274397492409e-03,1.894764788448810577e-02,-2.286234125494956970e-02,-2.549876645207405090e-02,1.633618725463747978e-03,-2.417556097498163581e-04,1.631122082471847534e-02,1.223674509674310684e-02,2.564856316894292831e-03,-8.208871819078922272e-03,-1.552561949938535690e-02,1.101173926144838333e-02,2.390093170106410980e-03,2.358469413593411446e-03,-1.293246867135167122e-03,-1.969330385327339172e-02,-1.248973514884710312e-02,7.782782893627882004e-03,-2.146423608064651489e-02,-2.338496560696512461e-04,-1.252968143671751022e-02,1.806883886456489563e-02,-1.424111105734482408e-04,-3.933334723114967346e-02,4.490579012781381607e-03,-3.816160187125205994e-02,1.050575822591781616e-02,-3.754909848794341087e-03,-6.141674239188432693e-04,-2.014602348208427429e-02,-2.119792997837066650e-02,3.615099238231778145e-03,-6.131687667220830917e-03,-3.030558302998542786e-02,2.469985000789165497e-02,1.738975942134857178e-02,-9.420562535524368286e-03,-5.565788131207227707e-03,1.762610510922968388e-03,1.500632334500551224e-02,-7.962538860738277435e-03,2.032661141129210591e-04,-3.733605146408081055e-02,-2.830829098820686340e-02,-1.597834005951881409e-02,2.472648024559020996e-02,2.432702109217643738e-02,1.583187095820903778e-02,-3.828143700957298279e-03,-3.456647321581840515e-02,1.419409178197383881e-02,-1.161092706024646759e-02,-4.074476659297943115e-03,7.869332097470760345e-03,-2.224983833730220795e-02,-8.521781302988529205e-03,1.217016857117414474e-02,2.191695570945739746e-02,-2.159738913178443909e-02,5.495883058756589890e-03,-2.621779218316078186e-02,2.195690199732780457e-02,-1.952353282831609249e-03,1.384789403527975082e-02,-6.950577720999717712e-03,-9.786732494831085205e-03,4.085128754377365112e-02,3.318168595433235168e-02,-1.411420013755559921e-02,-7.376666646450757980e-03,2.597811631858348846e-02,-3.637735173106193542e-02,-1.561882626265287399e-02,-1.111160311847925186e-02,-2.190364059060811996e-03,-1.580524072051048279e-02,-7.203567773103713989e-03,-8.335366845130920410e-03,-9.307382628321647644e-03,-6.824082229286432266e-03,-3.297196933999657631e-03,-2.902731765061616898e-03,4.925614484818652272e-05,2.892079390585422516e-02,-1.372805703431367874e-02,-2.302212454378604889e-02,1.002640835940837860e-02,3.315505385398864746e-02,-3.937995061278343201e-03,1.105168461799621582e-02,-4.986573476344347000e-03,-2.960985992103815079e-03,-2.211668528616428375e-02,2.675040252506732941e-02,-1.094516273587942123e-02,7.037126924842596054e-03,-1.625796034932136536e-02,-1.454028859734535217e-02,8.588357828557491302e-03,-1.069882977753877640e-02,-4.649696871638298035e-02,-6.055125035345554352e-03,-1.097845099866390228e-02,2.546547912061214447e-03,1.548567414283752441e-02,-3.334146738052368164e-02,1.540578249841928482e-02,4.806816950440406799e-02,-9.460508823394775391e-03,-4.857415333390235901e-02,-2.332837507128715515e-02,-2.934688329696655273e-02,-1.451365835964679718e-02,-1.279598660767078400e-02,-1.663078740239143372e-02,-1.952020451426506042e-02,3.558509284630417824e-03,2.380772493779659271e-02,-2.029249072074890137e-02,-3.081156499683856964e-02,-9.653580375015735626e-03,5.951931234449148178e-03,-2.319522202014923096e-02,3.230620408430695534e-03,-1.892101764678955078e-02,-8.381970226764678955e-03,6.668293476104736328e-02,5.229577422142028809e-03,3.027895279228687286e-02,8.994473144412040710e-03,1.895763445645570755e-03,2.801535464823246002e-02,-1.009298395365476608e-02,1.448702812194824219e-02,-2.242293581366539001e-02,2.638090401887893677e-03,5.882026161998510361e-03,-6.444596685469150543e-03,-1.809546910226345062e-02,-4.011229146271944046e-03,1.511284615844488144e-02,1.904085464775562286e-02,2.540555968880653381e-02,2.338163740932941437e-02,-7.381659816019237041e-04,8.628303185105323792e-03,2.568517997860908508e-02,-1.149108912795782089e-02,1.909411512315273285e-02,-8.721509948372840881e-03,7.902620360255241394e-03,1.232329383492469788e-02,-1.628459058701992035e-02,-4.457290749996900558e-03,8.688221685588359833e-03,-1.613812334835529327e-02,-3.811499627772718668e-04,2.135438378900289536e-03,1.850824244320392609e-02,1.375468727201223373e-02,4.643704742193222046e-04,4.902687296271324158e-02,2.913383953273296356e-02,-7.976686465553939342e-04,7.882647216320037842e-03,5.356072448194026947e-03,1.648432016372680664e-02,2.007944695651531219e-02,-9.527084417641162872e-03,2.424713037908077240e-02,-6.284813396632671356e-03,7.310090120881795883e-03,-5.742215551435947418e-03,8.821375085972249508e-04,-5.169658455997705460e-03,-1.076873508282005787e-03,-4.359423741698265076e-02,9.254121221601963043e-03,3.118439204990863800e-02,1.505958475172519684e-02,1.060562301427125931e-02,5.366059020161628723e-03,1.535252109169960022e-02,-5.079780239611864090e-03,-1.548733795061707497e-03,-5.988548509776592255e-03,2.051885053515434265e-02,2.359468117356300354e-02,-2.423381432890892029e-03,-2.774904854595661163e-02,-6.387074589729309082e-01,-2.905394695699214935e-02,-3.425356466323137283e-03,-1.304481556871905923e-04,3.025232255458831787e-02,2.420052653178572655e-03,1.311555318534374237e-02,1.285590510815382004e-02,-1.372805703431367874e-02,1.166418753564357758e-02,-1.499300822615623474e-02,2.729632891714572906e-02,6.810767110437154770e-03,-3.981269523501396179e-02,-1.363484933972358704e-02,5.702269729226827621e-03,-6.634339690208435059e-03,-1.696367003023624420e-02,-7.298439159058034420e-04,-1.012627221643924713e-02,-2.737622149288654327e-02,1.170080504380166531e-03,-9.766760282218456268e-03,5.918643437325954437e-03,3.721621586009860039e-03,2.955992706120014191e-02,1.861476525664329529e-02,-1.726992242038249969e-02,-5.316126625984907150e-03,-1.651095109991729259e-03,-3.701648488640785217e-02,2.599143236875534058e-02,-5.559130571782588959e-03,-3.648387501016259193e-03,2.857459709048271179e-02,-2.748274430632591248e-02,-2.612458541989326477e-02,3.230287507176399231e-02,1.901422441005706787e-02,3.368766605854034424e-02,-2.061205729842185974e-02,9.994783904403448105e-04,2.054548077285289764e-02,-7.403297349810600281e-03,-8.381970226764678955e-03,1.364816445857286453e-02,6.178291048854589462e-03,1.659084297716617584e-02,9.878275450319051743e-04,1.117817964404821396e-02,-1.275604125112295151e-02,-1.652426645159721375e-02,-1.352832745760679245e-02,3.163711354136466980e-02,6.115043535828590393e-03,7.831050897948443890e-04,7.764474139548838139e-04,-1.366148050874471664e-02,7.356693968176841736e-03,1.404762361198663712e-02,2.376778051257133484e-03,1.045915484428405762e-02,-1.165087241679430008e-02,7.749494630843400955e-03,2.926033455878496170e-03,1.912074536085128784e-02,-6.804109551012516022e-03,1.962672732770442963e-02,2.695013210177421570e-02,-6.221565883606672287e-03,2.684360928833484650e-02,3.350125253200531006e-02,1.663078740239143372e-02,6.890658754855394363e-03,4.583786241710186005e-03,-3.303854493424296379e-03,2.252945862710475922e-02,-2.248951233923435211e-02,3.308847779408097267e-03,1.924058422446250916e-02,2.625773847103118896e-02,-2.806861698627471924e-02,-4.766871407628059387e-02,-1.705687679350376129e-02,1.101839635521173477e-02,-6.647654809057712555e-03,-2.067863382399082184e-02,3.761567408218979836e-03,1.201038528233766556e-02,-3.030558302998542786e-02,3.973779676016420126e-04,3.661702945828437805e-02,7.083730306476354599e-03,-1.276602735742926598e-03,5.352743901312351227e-03,-8.628303185105323792e-03,-8.808059617877006531e-03,2.019928395748138428e-02,2.503273077309131622e-02,-1.415414549410343170e-02,1.149108912795782089e-02,-2.766915783286094666e-02,2.577838674187660217e-02,-2.555202692747116089e-02,3.376755863428115845e-02,2.165064960718154907e-02,-2.559197321534156799e-02,7.156964391469955444e-03,2.854796685278415680e-02,-4.037193581461906433e-02,-2.073189616203308105e-02,9.180887602269649506e-03,4.465945810079574585e-02,-1.256962679326534271e-02,2.370120398700237274e-02,-1.790905557572841644e-02,-5.266194231808185577e-03,4.913339391350746155e-03,2.043895982205867767e-02,-6.298128981143236160e-03,2.953329682350158691e-02,2.030580677092075348e-02,-1.353498455137014389e-02,-2.151749655604362488e-02,1.379463262856006622e-02,4.005236923694610596e-02,-2.059874311089515686e-02,-3.491267189383506775e-02,-3.764896187931299210e-03,-2.752934815362095833e-03,-4.716938827186822891e-03,5.808792077004909515e-03,2.520583011209964752e-02,-4.843434318900108337e-03,3.533875942230224609e-02,-1.230831490829586983e-03,3.125762566924095154e-03,-7.443243172019720078e-03,4.766871407628059387e-02,-1.946694403886795044e-02,-2.969308057799935341e-03,1.687046326696872711e-02,1.985308714210987091e-02,-3.220634069293737411e-03,-5.550808273255825043e-04,-4.516543820500373840e-02,-1.956015080213546753e-02,-6.983865983784198761e-03,-4.327467083930969238e-02,8.215529844164848328e-03,-4.953285213559865952e-03,1.671067997813224792e-02,2.224983833730220795e-02,-1.879119314253330231e-03,2.668382599949836731e-02,4.768535727635025978e-04,6.844055373221635818e-03,1.431392855010926723e-03,5.725571420043706894e-03,-3.258915385231375694e-03,-3.898049006238579750e-03,2.295554801821708679e-02,-5.549143999814987183e-03,2.588157949503511190e-04,1.390115544199943542e-02,-2.073189616203308105e-02,-1.821530610322952271e-02,1.225838204845786095e-03,-3.598455106839537621e-03,-2.155744284391403198e-02,-2.268591197207570076e-03,5.855395458638668060e-03,1.507955719716846943e-03,-5.872039590030908585e-03,-5.782161373645067215e-03,-5.798805505037307739e-03,-1.509953103959560394e-02,-1.135127898305654526e-02,6.890658754855394363e-03,2.873438037931919098e-02,1.965335756540298462e-02,1.009298395365476608e-02,-1.790905557572841644e-02,9.953173575922846794e-04,-2.719230542425066233e-04,-2.193692838773131371e-03,1.089855935424566269e-02,-9.944852208718657494e-04,-1.153103448450565338e-02,1.089190132915973663e-02,-3.390403930097818375e-03,7.483188994228839874e-03,8.508465252816677094e-03,1.876123435795307159e-02,8.415258489549160004e-03,3.459310531616210938e-02,7.123676128685474396e-03,2.515256963670253754e-02,4.457290749996900558e-03,3.645724430680274963e-02,-6.115043535828590393e-03,-1.866802573204040527e-02,2.531235292553901672e-02,-3.065178170800209045e-02,2.716317772865295410e-02,-2.403408475220203400e-02,-1.261623017489910126e-02,-1.009298395365476608e-02,2.149086631834506989e-02,-1.127638039179146290e-03,2.219657599925994873e-02,-3.278222680091857910e-02,-4.886708687990903854e-03,7.409954909235239029e-03,9.200860746204853058e-03,1.107831485569477081e-02,-9.127626195549964905e-03,3.744923276826739311e-03,1.015290338546037674e-02,-1.827522530220448971e-03,1.661747321486473083e-02,-1.726992242038249969e-02,-2.731297397986054420e-03,-1.471338793635368347e-02,-1.438050530850887299e-02,2.581833302974700928e-02,2.198353223502635956e-02,-2.040567109361290932e-03,1.509953103959560394e-02,-6.804109551012516022e-03,-2.636425895616412163e-03,-2.118461579084396362e-02,-1.015290338546037674e-02,3.667028993368148804e-02,-4.027873277664184570e-03,-2.154412679374217987e-02,-1.820864970795810223e-03,-1.462018024176359177e-02,2.150418236851692200e-02,-7.370009087026119232e-03,5.665652919560670853e-03,2.681697905063629150e-02,1.557888090610504150e-02,-2.699007838964462280e-02,1.908080093562602997e-02,1.553893461823463440e-02,-1.576529443264007568e-02,-9.839993901550769806e-03,5.792147945612668991e-03,1.275604125112295151e-02,-4.107764922082424164e-03,6.171633489429950714e-03,-2.059874311089515686e-02,1.423403713852167130e-02,-8.022458292543888092e-03,-1.498801517300307751e-03,1.396773196756839752e-02,1.999955438077449799e-02,-2.465990372002124786e-02,3.291537985205650330e-02,1.620469987392425537e-02,4.746898543089628220e-03,2.038569748401641846e-02,1.127638039179146290e-03,1.090521644800901413e-02,-1.008632685989141464e-02,-2.306206896901130676e-02,-1.236989814788103104e-02,-1.844166591763496399e-02,-1.335522904992103577e-02,8.009142242372035980e-03,-4.527196288108825684e-04,2.053882461041212082e-03,-1.780919032171368599e-03,3.555180504918098450e-03,1.306894980370998383e-02,-1.330696046352386475e-03,9.979804046452045441e-03,2.543218899518251419e-03,-3.150728764012455940e-03,-2.487294748425483704e-02,-1.820199191570281982e-02,-1.061893813312053680e-02,-1.003972347825765610e-02,-3.987926989793777466e-03,-2.742948196828365326e-02,-2.777568064630031586e-02,2.262266539037227631e-02,-3.251592069864273071e-02,1.808215491473674774e-02,-8.415258489549160004e-03,2.897405624389648438e-02,1.544572762213647366e-03,-1.733649894595146179e-02,-3.395397216081619263e-03,-9.180887602269649506e-03,2.310201525688171387e-02,-1.944031380116939545e-02,2.955992706120014191e-02,-9.194202721118927002e-03,-8.122322149574756622e-03,-1.495306286960840225e-02,-7.017154246568679810e-03,-9.267437271773815155e-03,4.676327481865882874e-02,1.934710517525672913e-02,8.302078582346439362e-03,-1.256296969950199127e-02,-1.021947944536805153e-03,-1.828188262879848480e-02,-1.376800239086151123e-02,-1.539246737957000732e-02,-2.764252759516239166e-02,1.127804443240165710e-02,1.331528276205062866e-02,-2.897405624389648438e-02,-2.536561340093612671e-02,7.236856035888195038e-03,1.882780902087688446e-02,-1.480659469962120056e-02,-2.275581844151020050e-02,-2.362131141126155853e-02,-9.440535679459571838e-03,1.364816445857286453e-02,1.047113835811614990e-01,5.053150001913309097e-03,-1.972326310351490974e-03,9.720156900584697723e-03,1.182397082448005676e-02,7.336720824241638184e-03,-8.634961210191249847e-03,-1.805552281439304352e-02,2.027917653322219849e-02,-6.401322316378355026e-03,-1.623133011162281036e-02,9.334012866020202637e-03,2.027917653322219849e-02,-3.294200822710990906e-02,1.776258647441864014e-02,9.240806102752685547e-03,-2.873438037931919098e-02,1.246310491114854813e-02,-8.002485148608684540e-03,-2.907724818214774132e-03,-1.295576989650726318e-02,8.794744499027729034e-03,1.991966366767883301e-02,2.078515663743019104e-02,-7.949223741888999939e-03,-1.471338793635368347e-02,-3.712300956249237061e-02,5.097090080380439758e-02,5.379374139010906219e-03,-2.045227400958538055e-02,5.003217607736587524e-03,2.579170279204845428e-02,1.896096207201480865e-02,1.792569993995130062e-03,-6.194935180246829987e-03,-2.130445325747132301e-03,1.233660988509654999e-02,3.371429443359375000e-02,4.360754974186420441e-03,-1.644437387585639954e-02,2.448680438101291656e-02,-9.587003733031451702e-04,1.497969310730695724e-02,-9.473823942244052887e-03,1.407425384968519211e-02,8.704866049811244011e-04,-1.294245477765798569e-02,3.468631068244576454e-03,-1.865471154451370239e-02,-2.070526406168937683e-02,2.689687162637710571e-02,-1.167084556072950363e-02,-1.700361631810665131e-02,-1.661747321486473083e-02,3.408712334930896759e-03,1.165753044188022614e-02,-4.583786241710186005e-03,5.434299819171428680e-04,-3.861431963741779327e-03,9.460508823394775391e-03,-2.216994576156139374e-02,9.395596571266651154e-04,-7.003838662058115005e-03,1.939038047567009926e-03,-4.228933900594711304e-02,5.262865684926509857e-03,-1.211690716445446014e-02,5.229577422142028809e-03,-1.143782772123813629e-02,-7.230198476463556290e-03,2.383435610681772232e-03,6.171633489429950714e-03,-1.125807128846645355e-02,-1.667739124968647957e-03,3.438005968928337097e-02,2.772241830825805664e-02,1.240318547934293747e-02,-2.054548077285289764e-02,1.121146790683269501e-02,1.961341127753257751e-02,5.113068502396345139e-03,3.109118435531854630e-03,-1.219180529005825520e-03,4.786844365298748016e-03,-1.349004567600786686e-03,2.223652228713035583e-02,1.451365835964679718e-02,1.155100762844085693e-02,-4.710946977138519287e-02,-1.487566769355908036e-04,-1.237489050254225731e-03,-1.199041213840246201e-02,-3.006341285072267056e-04,-2.979960292577743530e-02,-2.571513876318931580e-03,-1.065888348966836929e-02,4.410687368363142014e-03,-6.736700888723134995e-04,-7.736179511994123459e-03,-1.825525239109992981e-02,-3.077494679018855095e-03,-3.709637746214866638e-02,-1.413084333762526512e-03,2.258271910250186920e-02,1.651095040142536163e-02,-1.352832745760679245e-02,-3.299527242779731750e-02,6.734204478561878204e-03,-1.721666008234024048e-02,-8.022458292543888092e-03,-1.571203349158167839e-03,-3.208983317017555237e-02,-1.408756896853446960e-02,-1.488648634403944016e-02,-4.801823815796524286e-04,1.553893461823463440e-02,-6.211579311639070511e-03,3.730942308902740479e-02,-4.360754974186420441e-04,1.004638057202100754e-02,-5.206275731325149536e-03,-4.412684589624404907e-02,4.942632839083671570e-02,4.693637136369943619e-03,-2.918710000813007355e-02,3.888062760233879089e-02,4.314151592552661896e-03,-1.575198024511337280e-02,1.015290338546037674e-02,1.031268667429685593e-02,8.614988066256046295e-03,2.492620982229709625e-02,-1.612480729818344116e-02,-2.732961904257535934e-03,-4.287521168589591980e-02,-4.623732063919305801e-03,-1.239652838557958603e-02,1.772264204919338226e-02,-1.805552281439304352e-02,1.492643170058727264e-02,-3.011916950345039368e-02,-1.615143753588199615e-02,-1.122478302568197250e-02,-2.362131141126155853e-02,4.404029808938503265e-03,-4.095780849456787109e-02,-1.104502752423286438e-02,-1.952020451426506042e-02,2.679034881293773651e-02,4.415347799658775330e-02,-2.491289377212524414e-02,-5.089766811579465866e-03,-6.640997249633073807e-03,7.243514060974121094e-03,2.130445279181003571e-02,-4.999888595193624496e-03,-1.121812593191862106e-02,1.341514755040407181e-02,4.796164855360984802e-02,2.273584483191370964e-03,2.830829098820686340e-02,6.524488795548677444e-03,2.934688329696655273e-02,1.975988037884235382e-02,4.277534782886505127e-03,3.115776181221008301e-02,1.326867938041687012e-02,1.334024942480027676e-03,-2.729632891714572906e-03,2.942677587270736694e-02,7.622999604791402817e-03,6.118372548371553421e-03,2.987949550151824951e-02,-1.695035584270954132e-02,1.340848952531814575e-02,6.198264192789793015e-03,1.567208766937255859e-02,-5.352743901312351227e-03,1.927387202158570290e-03,-1.304897759109735489e-02,-9.260779246687889099e-03,-1.310889609158039093e-02,-1.289585139602422714e-02,-2.440691366791725159e-02,-1.837508939206600189e-02,-2.230309881269931793e-02,1.826856844127178192e-02,-9.994783904403448105e-04,-1.324204914271831512e-02,7.327566854655742645e-04,3.185015544295310974e-02,-1.953352056443691254e-02,2.173054218292236328e-02,-1.930716075003147125e-02,-7.230198476463556290e-03,-2.193692838773131371e-03,3.920019418001174927e-02,6.068440154194831848e-03,-1.055901963263750076e-02,1.772264204919338226e-02,1.922726817429065704e-02,1.353498455137014389e-02,-1.427398342639207840e-02,-2.182374894618988037e-02,-3.549854457378387451e-02,1.380794867873191833e-02,-2.282239496707916260e-02,2.961318939924240112e-02,-9.939858689904212952e-03,-2.886753343045711517e-02,-3.275559516623616219e-03,4.300836473703384399e-03,-3.419364616274833679e-02,-3.280885517597198486e-02,1.766937971115112305e-02,2.085173316299915314e-02,2.683029510080814362e-03,2.292891778051853180e-02,-2.648409828543663025e-02,-2.264929562807083130e-02,1.799227553419768810e-03,5.339428316801786423e-03,3.440669178962707520e-02,4.427331441547721624e-04,4.337453283369541168e-03,8.148953318595886230e-03,-1.153103448450565338e-02,-2.027917653322219849e-02,-1.103836949914693832e-02,-3.818157361820340157e-03,-1.849492825567722321e-02,2.974301343783736229e-03,3.717627003788948059e-02,-7.010496221482753754e-03,6.983865983784198761e-03,-7.902620360255241394e-03,-1.495306286960840225e-02,-2.432702109217643738e-02,-6.535141170024871826e-02,1.063891127705574036e-02,-1.102505438029766083e-02,-8.481835015118122101e-03,-1.056567672640085220e-02,-2.953329682350158691e-02,2.030580677092075348e-02,1.937373727560043335e-02,7.796098012477159500e-03,4.631221818272024393e-04,-1.837508939206600189e-02,-3.259581327438354492e-02,-3.533875942230224609e-02,2.231641486287117004e-02,-1.418077573180198669e-02,8.614988066256046295e-03,2.286234125494956970e-02,-1.568540371954441071e-02,1.985308714210987091e-02,-2.063868753612041473e-02,-1.814872957766056061e-02,-1.887441379949450493e-03,-2.140847791451960802e-04,9.527084417641162872e-03,-1.987971737980842590e-02,2.466656034812331200e-03,1.252302341163158417e-02,1.088524330407381058e-02,-2.788220159709453583e-02,-6.220733630470931530e-04,-1.614478067494928837e-03,2.748274430632591248e-02,-9.653580375015735626e-03,-1.817536167800426483e-02,-1.683051697909832001e-02,3.789529576897621155e-02,1.430061366409063339e-02,4.354097414761781693e-03,-6.547790486365556717e-03,7.003006758168339729e-04,-1.639111340045928955e-02,-1.133130583912134171e-02,3.877410292625427246e-02,-1.135127898305654526e-02,1.856150478124618530e-02,-1.220345683395862579e-02,-1.849492825567722321e-02,-2.046559005975723267e-02,1.064556837081909180e-02,4.310822580009698868e-03,6.362208514474332333e-04,-1.395441591739654541e-02,-2.982623316347599030e-02,-1.225006021559238434e-02,-1.402099244296550751e-02,-1.474001817405223846e-02,4.797662841156125069e-04,-2.105146273970603943e-02,-8.228844963014125824e-03,2.059874311089515686e-02,-2.708328515291213989e-02,2.985286340117454529e-02,-2.663056552410125732e-02,-1.750959642231464386e-02,4.983244463801383972e-03,8.887951262295246124e-03,2.037238329648971558e-02,3.024233505129814148e-03,1.527262944728136063e-02,1.607154682278633118e-02,-4.279531911015510559e-02,2.292891778051853180e-02,3.864760743454098701e-03,3.320498624816536903e-03,8.728167973458766937e-03,-2.966644987463951111e-02,-7.509819697588682175e-03,1.730986684560775757e-02,2.368788793683052063e-02,-1.644437387585639954e-02,-1.736312918365001678e-02,2.740285173058509827e-02,-5.569117143750190735e-03,7.070415187627077103e-03,2.720312215387821198e-02,-5.519184749573469162e-03,-5.938616115599870682e-03,-4.014557693153619766e-03,2.242293581366539001e-02,7.423270028084516525e-03,-2.010607719421386719e-02,-4.344110842794179916e-03,4.277534608263522387e-04,-3.127011004835367203e-04,-2.580501884222030640e-02,-1.039257831871509552e-02,1.095847785472869873e-02,3.937995061278343201e-03,-2.046559005975723267e-02,5.792147945612668991e-03,3.067841194570064545e-02,-1.384789403527975082e-02,-6.586904055438935757e-04,-8.794744499027729034e-03,3.488603979349136353e-02,9.127626195549964905e-03,-1.102505438029766083e-02,-1.378963934257626534e-03,2.344738022657111287e-04,-1.703024655580520630e-02,-3.709637746214866638e-02,-3.126428276300430298e-02,3.924679476767778397e-03,3.035884536802768707e-02,8.515123277902603149e-03,2.608130918815732002e-03,7.323405705392360687e-03,-1.322373980656266212e-03,-4.764208197593688965e-02,-4.563813097774982452e-03,-8.674906566739082336e-03,1.273606810718774796e-02,-7.015489391051232815e-04,1.188389025628566742e-02,2.612458541989326477e-02,1.844166591763496399e-02,2.561860345304012299e-02,-7.403297349810600281e-03,-2.977297268807888031e-02,-9.979804046452045441e-03,2.740285173058509827e-02,-2.987616462633013725e-04,8.848004974424839020e-03,-1.094516273587942123e-02,-3.536539152264595032e-02,-1.366148050874471664e-02,2.455338090658187866e-02,-1.006635371595621109e-02,7.962538860738277435e-03,-4.540511406958103180e-03,-1.479327958077192307e-02,-9.420562535524368286e-03,-2.127782255411148071e-02,1.203701552003622055e-02,-1.051907334476709366e-02,-1.862808130681514740e-02,-1.272941008210182190e-02,-1.085861306637525558e-02,-7.043784484267234802e-03,4.414016380906105042e-03,1.738975942134857178e-02,-2.971971035003662109e-02,-8.681564591825008392e-03,1.296908501535654068e-02,2.025254443287849426e-02,-3.881404874846339226e-03,2.117129974067211151e-02,-8.921239525079727173e-03,-5.289495922625064850e-03,-1.745633594691753387e-02,3.999910876154899597e-02,6.131687667220830917e-03,6.204089731909334660e-04,6.261511705815792084e-03,-1.776258647441864014e-02,-2.547213621437549591e-02,1.298905815929174423e-02,1.545904297381639481e-02,1.662745955400168896e-03,-3.107786923646926880e-02,-4.620403051376342773e-03,-9.606976993381977081e-03,2.636425942182540894e-02,7.929250597953796387e-03,-5.991877056658267975e-03,-3.989258781075477600e-02,-8.368655107915401459e-03,3.162379609420895576e-03,-1.415414549410343170e-02,-1.392778567969799042e-02,2.955992706120014191e-02,2.788220159709453583e-02,4.914171295240521431e-04,1.463016727939248085e-03,1.635116711258888245e-02,1.892434549517929554e-03,-8.069061674177646637e-03,-1.805552281439304352e-02,7.802755571901798248e-03,-2.513925358653068542e-02,3.828143817372620106e-04,-1.261622994206845760e-03,8.268790319561958313e-03,1.306229270994663239e-02,-8.388628251850605011e-03,1.441379310563206673e-03,-2.467321977019309998e-02,3.592463210225105286e-02,1.848161220550537109e-01,-2.612458541989326477e-02,-1.041920855641365051e-02,5.023190286010503769e-03,1.218348369002342224e-02,9.440535679459571838e-03,2.987949550151824951e-02,1.521936804056167603e-02,5.495883058756589890e-03,1.998624019324779510e-02,-3.059851936995983124e-02,-2.659061923623085022e-02,-1.701693050563335419e-02,-2.709659980610013008e-03,1.427398342639207840e-02,-2.661724947392940521e-02,-1.161758415400981903e-02,-3.871418535709381104e-03,-2.718980796635150909e-02,-2.934688329696655273e-02,7.862674072384834290e-03,-1.246310491114854813e-02,6.517206929856911302e-05,-1.098510809242725372e-02,-1.176405232399702072e-02,2.491622231900691986e-03,-9.994783904403448105e-04,1.878786459565162659e-02,-8.894609287381172180e-03,2.438361058011651039e-03,4.274205770343542099e-03,-2.689687162637710571e-02,-1.532589085400104523e-02,-1.386120915412902832e-02,-1.956015080213546753e-02,-1.732318289577960968e-02,1.340848952531814575e-02,-3.228956134989857674e-03,1.915736356750130653e-03,-1.573699992150068283e-03,1.848161220550537109e-02,-6.184949073940515518e-03,3.761567408218979836e-03,-2.061205729842185974e-02,-1.212356518954038620e-02,2.286234125494956970e-02,-6.233216845430433750e-04,-2.134439907968044281e-02,-7.909278385341167450e-03,6.943920161575078964e-03,-1.400767732411623001e-02,2.050553448498249054e-03,1.491311658173799515e-02,1.013958826661109924e-02,-5.838751327246427536e-03,1.367479562759399414e-02,6.214908324182033539e-03,2.458001114428043365e-02,6.038480903953313828e-03,-2.299549430608749390e-02,1.189720537513494492e-02,1.053904648870229721e-02,-1.958678103983402252e-02,2.122456021606922150e-02,-2.636425942182540894e-02,2.516588382422924042e-02,-2.537892945110797882e-02,1.920063793659210205e-02,-1.439382042735815048e-02,-1.392778567969799042e-02,-2.279576472938060760e-02,-3.235613554716110229e-02,-2.207673899829387665e-02,2.211668528616428375e-02,3.483277931809425354e-02,-1.517942268401384354e-02,-1.997292507439851761e-03,-1.646101824007928371e-03,-3.971283324062824249e-03,7.283459883183240891e-03,-1.074543315917253494e-02,6.557776592671871185e-03,1.379796187393367290e-03,2.118461579084396362e-02,-3.392734006047248840e-02,-1.258959993720054626e-02,3.067841194570064545e-02,-6.637668702751398087e-03,-4.327467083930969238e-02,2.862785756587982178e-02,1.411420013755559921e-02,-8.668249472975730896e-03,1.081866770982742310e-02,-7.043784484267234802e-03,1.959010958671569824e-03,4.783515352755784988e-03,-1.118483720347285271e-03,9.746787138283252716e-03,-4.141052812337875366e-02,3.478617640212178230e-03,-8.861321024596691132e-03,-1.041255146265029907e-02,-7.170279975980520248e-03,9.160914458334445953e-03,-2.318523591384291649e-03,1.532589085400104523e-02,1.183062884956598282e-02,3.110450133681297302e-02,-1.073211804032325745e-02,-2.913383953273296356e-02,1.029271353036165237e-02,-7.662945427000522614e-03,5.499211605638265610e-03,2.228978276252746582e-02,1.696367003023624420e-02,-8.022458292543888092e-03,-1.780253276228904724e-02,-1.428729854524135590e-02,-8.147288463078439236e-04,-6.204921752214431763e-03,8.035773411393165588e-03,-1.391447056084871292e-02,8.874636143445968628e-03,1.487317122519016266e-02,3.994585014879703522e-03,5.172987468540668488e-03,-2.625773847103118896e-02,1.005969662219285965e-02,2.419386804103851318e-02,-1.274938322603702545e-02,2.545882016420364380e-02,-2.209005504846572876e-02,-2.927697729319334030e-03,2.231641486287117004e-02,-1.097678672522306442e-03,-1.305563468486070633e-02,7.310090120881795883e-03,-1.624464429914951324e-02,2.165397861972451210e-03,-6.604380439966917038e-03,-2.796209417283535004e-02,5.123055074363946915e-03,4.633718635886907578e-03,-1.633618725463747978e-03,-1.493974775075912476e-02,-2.458001114428043365e-02,4.625729098916053772e-02,-9.160914458334445953e-03,8.788086473941802979e-03,-1.917400769889354706e-02,-2.974634245038032532e-02,-6.631010677665472031e-03,-3.461973508819937706e-03,-2.595148608088493347e-02,2.142428979277610779e-02,-1.816204562783241272e-02,-5.838751327246427536e-03,1.977319596335291862e-03,-6.494529079645872116e-03,3.065178170800209045e-02,-6.082421168684959412e-02,2.471316419541835785e-02,1.868134178221225739e-02,-3.890725597739219666e-02,-8.688222151249647141e-04,-1.452198048355057836e-04,-1.690508276224136353e-01,-6.188277620822191238e-03,4.713610280305147171e-03,-2.839484019204974174e-03,2.395419403910636902e-02,-1.004638057202100754e-02,7.902620360255241394e-03,2.403408475220203400e-02,-1.720334589481353760e-02,-4.710281267762184143e-03,6.388006731867790222e-03,-1.371474098414182663e-02,7.962538860738277435e-03,-8.638289873488247395e-04,-9.533742442727088928e-03,2.576507255434989929e-02,-3.033221513032913208e-02,5.196289159357547760e-03,4.061161354184150696e-02,-2.496615517884492874e-03,3.219635412096977234e-02,-7.716206368058919907e-03,5.029848311096429825e-03,-2.621779218316078186e-02,2.141097560524940491e-02,7.909278385341167450e-03,-5.226248409599065781e-03,7.416612468659877777e-03,-1.191052049398422241e-02,-1.732318289577960968e-02,-1.785579510033130646e-02,2.491289377212524414e-02,2.556534251198172569e-03,-1.861476525664329529e-02,2.158407308161258698e-02,3.390403930097818375e-03,-3.059851936995983124e-02,-9.473823942244052887e-03,-9.414320811629295349e-05,2.710991539061069489e-02,3.894720226526260376e-03,2.286234125494956970e-02,-5.363562377169728279e-04,-2.511595143005251884e-03,1.657752692699432373e-02,1.033265981823205948e-02,1.509953103959560394e-02,6.614366546273231506e-03,2.343489788472652435e-02,-3.722953051328659058e-02,3.041210584342479706e-02,-4.481924325227737427e-02,6.391335744410753250e-03,-7.027972606010735035e-04,6.727546453475952148e-03,1.852155849337577820e-02,1.950688892975449562e-03,-1.348838116973638535e-02,1.668571378104388714e-03,-2.458001114428043365e-02,2.180377487093210220e-03,-1.870797201991081238e-02,3.668360412120819092e-03,5.239563994109630585e-03,8.308736607432365417e-03,-1.580524072051048279e-02,-9.034419432282447815e-03,-2.142428979277610779e-02,-1.929384469985961914e-02,1.725660637021064758e-02,-4.460619762539863586e-02,-3.232950717210769653e-02,7.376666646450757980e-03,-3.587137162685394287e-02,1.846829801797866821e-02,-1.427398342639207840e-02,-1.115154940634965897e-02,-8.954527438618242741e-04,5.153014324605464935e-03,1.370142586529254913e-02,-2.396750962361693382e-03,3.302190080285072327e-02,-1.848161220550537109e-02,2.327511459589004517e-02,-2.539224363863468170e-02,2.488626353442668915e-02,1.711013843305408955e-03,-1.758948899805545807e-02,1.278267125599086285e-03,-1.324204914271831512e-02,-5.023190286010503769e-03,-1.740307547152042389e-02,-1.029271353036165237e-02,-1.152437739074230194e-02,3.453984484076499939e-02,3.978606685996055603e-02,1.591176353394985199e-02,-2.745611406862735748e-02,1.649763621389865875e-02,-2.059874311089515686e-02,1.172577147372066975e-03,-1.563214138150215149e-02,-1.588513329625129700e-02,-2.894409699365496635e-03,8.535304368706420064e-05,-1.399436220526695251e-02,9.433877654373645782e-03,2.342158183455467224e-02,2.782894112169742584e-02,-1.998624019324779510e-02,-2.585827931761741638e-02,-1.680388674139976501e-02,3.174363449215888977e-02,3.866758197546005249e-02,1.484654005616903305e-02,1.151106227189302444e-02,-5.163000896573066711e-03,-1.435387507081031799e-02,2.202347852289676666e-02,2.310201525688171387e-02,6.178291141986846924e-02,2.648409828543663025e-02,8.734825067222118378e-03,-1.334191299974918365e-02,-3.824814921244978905e-03,-1.864139549434185028e-02,-9.901244193315505981e-02,-3.382081910967826843e-02,1.969330385327339172e-02,9.693525731563568115e-03,4.553826898336410522e-02,3.046536631882190704e-02,-1.430061366409063339e-02,6.411308888345956802e-03,-7.642972283065319061e-03,2.212999947369098663e-02,5.682297050952911377e-03,-1.656088279560208321e-03,1.934710517525672913e-02,6.877343636006116867e-03,-3.360028495080769062e-04,-3.768224967643618584e-03,-1.173076406121253967e-02,-1.008632685989141464e-02,-2.663056552410125732e-02,1.945362798869609833e-02,-3.300525713711977005e-03,-3.184017026796936989e-03,1.850824244320392609e-02,-2.636425942182540894e-02,2.169059589505195618e-02,1.141119748353958130e-02,-2.418055385351181030e-02,2.109140716493129730e-02,7.736179511994123459e-03,1.286256313323974609e-02,1.110494602471590042e-02,1.165753044188022614e-02,-2.496615517884492874e-03,-2.219657599925994873e-02,-9.074364788830280304e-03,-7.082066149450838566e-04,-3.195668011903762817e-02,-2.243625232949852943e-03,9.162579081021249294e-04,-1.521936804056167603e-02,2.932691015303134918e-03,-6.990523543208837509e-03,-2.216994576156139374e-02,-3.621757030487060547e-02,1.917400769889354706e-02,-9.074364788830280304e-03,-4.627060610800981522e-03,-5.692283622920513153e-03,-1.161966501967981458e-04,-2.834490733221173286e-03,-2.378109470009803772e-02,4.836776293814182281e-03,-8.821374736726284027e-03,2.215330256149172783e-03,1.545904297381639481e-02,-1.656421087682247162e-02,8.901266381144523621e-03,1.297574304044246674e-02,-1.347506605088710785e-02,-1.123144105076789856e-02,1.310723135247826576e-03,-3.838130272924900055e-03,1.989303342998027802e-02,3.185015544295310974e-02,-1.697698608040809631e-02,-2.476642653346061707e-02,-6.714231334626674652e-03,-3.147732838988304138e-02,2.090499363839626312e-02,-1.318212971091270447e-02,1.097845099866390228e-02,5.985219497233629227e-03,-1.416746061295270920e-02,1.608486101031303406e-02,-2.611126936972141266e-02,-5.529171321541070938e-03,-1.239652838557958603e-02,-9.094337932765483856e-03,4.304165020585060120e-03,-2.102483063936233521e-02,-1.850824244320392609e-02,-1.822862215340137482e-02,4.870064556598663330e-03,3.232284914702177048e-03,3.139743581414222717e-02,-4.337453283369541168e-03,2.050553634762763977e-02,-1.482157385908067226e-03,-2.095492556691169739e-03,6.164975930005311966e-03,1.625796034932136536e-02,1.029271353036165237e-02,1.556556578725576401e-02,4.081134218722581863e-03,1.535252109169960022e-02,-1.399436220526695251e-02,1.625296659767627716e-03,-1.844166591763496399e-02,-8.302078582346439362e-03,2.678036224097013474e-03,-8.049088530242443085e-03,-9.600318968296051025e-03,-5.448613688349723816e-02,2.379441075026988983e-02,-2.078515663743019104e-02,-9.081022813916206360e-03,2.926699072122573853e-02,-1.197709701955318451e-02,-7.926754187792539597e-05,-1.195046585053205490e-02,2.561860345304012299e-02,-1.071048085577785969e-03,-1.567208766937255859e-02,1.657752692699432373e-02,1.274272520095109940e-02,-1.764274947345256805e-02,-1.176405232399702072e-02,1.460686512291431427e-02,-1.396773196756839752e-02,1.407425384968519211e-02,1.596502400934696198e-02,-7.303432561457157135e-03,-2.921040169894695282e-03,1.565877348184585571e-02,-4.224273376166820526e-03,1.426066830754280090e-02,7.336720824241638184e-03,3.983932733535766602e-02,-2.348483074456453323e-03,4.200555558782070875e-04,-1.021947944536805153e-03,-6.001863628625869751e-03,4.690308589488267899e-03,-9.054392576217651367e-04,-6.095070857554674149e-03,2.138434350490570068e-02,-7.063757628202438354e-03,-7.223540917038917542e-03,3.097134828567504883e-02,2.384767122566699982e-02,1.921395398676395416e-02,2.086504735052585602e-02,2.122123260051012039e-05,-3.070504218339920044e-02,-8.421916514635086060e-03,-9.034419432282447815e-03,-1.130467467010021210e-02,-1.306229270994663239e-02,-1.268946472555398941e-02,1.672732410952448845e-03,2.415392361581325531e-02,-1.571203395724296570e-02,-3.367102239280939102e-03,-2.023298839048948139e-05,-1.548567414283752441e-02,-1.830851472914218903e-02,-1.032600179314613342e-02,2.210336970165371895e-03,3.185015544295310974e-02,-1.069217175245285034e-02,-3.129091346636414528e-03,-2.660393528640270233e-02,3.315505385398864746e-02,1.456691976636648178e-02,2.030580677092075348e-02,-1.268280670046806335e-02,-2.185370773077011108e-03,1.572534814476966858e-02,8.384467219002544880e-04,-6.554448045790195465e-03,5.053150001913309097e-03,-1.521936804056167603e-02,-9.946516714990139008e-03,-2.137102885171771049e-03,3.144071204587817192e-03,1.620469987392425537e-02,1.269945059902966022e-03,-1.458023488521575928e-02,-1.677725650370121002e-02,6.611037999391555786e-03,1.735980040393769741e-03,-8.634961210191249847e-03,1.163089927285909653e-02,-3.347129328176379204e-03,-2.969308011233806610e-02,1.942699775099754333e-02,9.433877654373645782e-03,1.336854416877031326e-02,-1.802889257669448853e-02,-1.652426645159721375e-02,-4.294178914278745651e-03,4.141052719205617905e-03,-2.683029510080814362e-02,-3.558509284630417824e-03,2.814517822116613388e-03,-1.120980363339185715e-03,3.856105729937553406e-02,8.829697035253047943e-04,1.198375411331653595e-02,-3.994585014879703522e-03,3.137080743908882141e-02,2.029249072074890137e-02,-1.448702812194824219e-02,-1.972326310351490974e-03,-1.202370040118694305e-02,-1.191052049398422241e-02,-1.023945212364196777e-02,-2.245289506390690804e-03,-3.850779682397842407e-02,-4.223607853055000305e-02,-1.584518700838088989e-02,-6.551119033247232437e-03,-9.180887602269649506e-03,3.117440501227974892e-03,1.362819224596023560e-02,3.399558190722018480e-04,-7.702891249209642410e-03,-5.991877405904233456e-04,4.973258357495069504e-03,-3.841459052637219429e-03,1.567874569445848465e-03,2.624442242085933685e-02,9.795054793357849121e-04,2.113135345280170441e-02,1.849492825567722321e-02,-2.623110637068748474e-02,1.913406141102313995e-02,-1.337520126253366470e-02,-6.761666736565530300e-05,-2.014602348208427429e-02,1.844166591763496399e-02,-1.325536426156759262e-02,2.346152812242507935e-02,-1.069217175245285034e-02,-2.354142069816589355e-02,-1.739308820106089115e-03,1.028553560900036246e-05,7.656287401914596558e-03,-4.785179771715775132e-05,2.734959125518798828e-02,-2.082510292530059814e-02,4.673664271831512451e-02,-2.717982046306133270e-03,-7.796098012477159500e-03,8.335366845130920410e-03,1.777590252459049225e-02,1.305563468486070633e-02,6.308115087449550629e-03,2.035906724631786346e-02,-4.327466711401939392e-03,7.449900731444358826e-03,1.434055995196104050e-02,-8.089033886790275574e-03,3.057188913226127625e-02,2.102150348946452141e-03,-4.149042069911956787e-02,1.456691976636648178e-02,3.778877109289169312e-02,1.560551114380359650e-02,-1.733649894595146179e-02,-1.644437387585639954e-02,3.504582494497299194e-02,1.165087241679430008e-02,3.856105729937553406e-02,1.370142586529254913e-02,-2.809524722397327423e-02,-4.500565584748983383e-03,4.402032494544982910e-02,-1.983977109193801880e-02,1.394110079854726791e-02,-3.683007135987281799e-02,6.810767110437154770e-03,-4.790172912180423737e-03,-4.686979576945304871e-02,-7.223540917038917542e-03,2.224983833730220795e-02,-2.137102931737899780e-02,4.740240518003702164e-03,1.147610950283706188e-03,-1.160426903516054153e-02,9.380617178976535797e-03,-1.625796034932136536e-02,4.224273376166820526e-03,-1.901422441005706787e-02,1.945695723406970501e-03,3.627083078026771545e-02,1.085861306637525558e-02,-2.513259649276733398e-03,1.716007129289209843e-03,-2.314196154475212097e-02
-4.074139520525932312e-03,-2.316301316022872925e-02,-1.335931289941072464e-02,-7.948597893118858337e-03,-3.439669031649827957e-03,2.751735225319862366e-02,2.755277790129184723e-03,-2.135944180190563202e-02,-1.409040414728224277e-03,1.425143680535256863e-03,1.849949359893798828e-02,1.704375259578227997e-02,5.942124873399734497e-03,-1.603890582919120789e-02,-1.776518113911151886e-02,6.995281670242547989e-03,8.405932225286960602e-03,-1.091805007308721542e-02,2.280229935422539711e-03,-1.162659656256437302e-02,-7.839095778763294220e-03,-1.749223010847344995e-04,-1.330778282135725021e-02,-1.227072905749082565e-02,-1.587143167853355408e-02,7.033929694443941116e-03,5.291550420224666595e-03,-1.923380419611930847e-02,9.025910403579473495e-04,-3.638061881065368652e-02,3.700542729347944260e-03,1.503244857303798199e-03,-9.449427947402000427e-03,-8.773088455200195312e-03,-4.194592684507369995e-02,-5.468687042593955994e-03,-1.231581810861825943e-02,-2.241582050919532776e-02,1.348813995718955994e-02,1.265076734125614166e-02,-9.835907258093357086e-03,-7.813330739736557007e-03,1.159438956528902054e-02,1.659286022186279297e-02,-1.668303832411766052e-02,-3.117602551355957985e-03,-2.153979986906051636e-02,-1.496964506804943085e-02,-1.697933860123157501e-02,3.511811792850494385e-02,1.616773195564746857e-02,2.925973152741789818e-03,-1.426109950989484787e-02,-1.875714585185050964e-02,2.836197090800851583e-04,-7.156314793974161148e-03,6.525869830511510372e-04,9.513841010630130768e-03,-2.684745378792285919e-02,-1.562666147947311401e-02,6.148247048258781433e-03,4.998470190912485123e-03,-1.215478498488664627e-02,1.106620114296674728e-02,-1.522729825228452682e-02,1.793265528976917267e-02,6.064509972929954529e-03,4.644196946173906326e-03,-1.473775785416364670e-02,-9.943799814209342003e-04,3.439668938517570496e-02,2.968163788318634033e-02,1.279891747981309891e-02,-2.436432056128978729e-03,1.741734892129898071e-02,-2.782653458416461945e-02,2.062835264950990677e-03,-9.919644333422183990e-03,-8.225575089454650879e-03,-8.405932225286960602e-03,-1.991658471524715424e-02,-3.877679118886590004e-03,-3.244818653911352158e-03,1.241565914824604988e-03,-6.251308601349592209e-03,-2.525000367313623428e-03,1.218055002391338348e-02,2.829031087458133698e-02,-1.152353454381227493e-02,-2.818724885582923889e-02,2.016135491430759430e-02,2.595854923129081726e-02,-5.069324746727943420e-03,3.520185593515634537e-03,3.475096309557557106e-03,8.702233433723449707e-03,-1.678610034286975861e-02,2.067666128277778625e-02,-7.839095778763294220e-03,-1.041562668979167938e-02,2.173948101699352264e-03,-1.538189034909009933e-02,1.216122601181268692e-02,-1.180051174014806747e-02,-2.188763022422790527e-02,-1.132063334807753563e-03,3.684439463540911674e-03,-2.874442376196384430e-03,1.164592057466506958e-02,-3.218087181448936462e-02,3.040306642651557922e-02,4.447092488408088684e-02,-1.977487467229366302e-02,-6.137296929955482483e-02,-1.251549925655126572e-02,-2.026441693305969238e-02,3.430007025599479675e-03,-6.547609344124794006e-03,-1.143979746848344803e-02,-1.571683958172798157e-02,-1.067972090095281601e-02,1.829336956143379211e-02,-6.756952498108148575e-03,-3.163979947566986084e-02,-2.343354932963848114e-02,1.454934827052056789e-03,-2.916633151471614838e-02,-4.386544227600097656e-03,-9.777935221791267395e-03,-7.066136226058006287e-03,4.392985254526138306e-02,1.272806338965892792e-02,3.096990287303924561e-02,-8.760205470025539398e-03,9.056506678462028503e-03,2.383291162550449371e-02,-1.201307587325572968e-02,2.737564267590641975e-03,-2.199069224298000336e-02,-7.401085458695888519e-03,-3.262532409280538559e-03,5.716678220778703690e-03,-6.080613005906343460e-03,-3.851913847029209137e-03,1.372002810239791870e-02,1.772653311491012573e-02,1.140114944428205490e-02,1.078922394663095474e-02,8.528317324817180634e-03,-2.929193666204810143e-03,2.702780999243259430e-02,-2.049630507826805115e-02,1.782959513366222382e-02,-8.315754123032093048e-03,-5.861607845872640610e-03,1.597449183464050293e-02,-1.392615027725696564e-02,1.118858624249696732e-02,-7.584663107991218567e-04,-3.094413690268993378e-02,1.482793595641851425e-02,1.038986165076494217e-02,4.496046807616949081e-03,1.032544765621423721e-02,1.132385339587926865e-02,3.918903693556785583e-02,1.968469657003879547e-02,-2.075717784464359283e-03,-6.074976990930736065e-04,-8.045217953622341156e-03,3.161403536796569824e-02,1.199375186115503311e-02,-1.636097207665443420e-02,2.208087034523487091e-02,-1.731428876519203186e-02,1.426109950989484787e-02,1.362984906882047653e-02,1.297927461564540863e-02,7.471939898096024990e-04,-3.304400946944952011e-03,-4.078648611903190613e-02,4.847099073231220245e-03,2.392308972775936127e-02,2.181033603847026825e-02,4.492825828492641449e-03,-7.955039851367473602e-03,2.345931529998779297e-02,6.422003731131553650e-03,1.703087054193019867e-02,-3.594260662794113159e-03,1.920803822576999664e-02,2.020000293850898743e-02,-5.066104233264923096e-03,-1.204528287053108215e-02,-6.575307250022888184e-01,-3.354643285274505615e-02,-1.196154486387968063e-02,8.663585758768022060e-04,1.058310084044933319e-02,-1.745599787682294846e-03,1.069904491305351257e-02,1.227072905749082565e-02,-1.035121362656354904e-02,1.226428803056478500e-02,-1.703087054193019867e-02,1.895038597285747528e-02,8.154720999300479889e-03,-3.460281342267990112e-02,-1.404209434986114502e-02,-1.121435128152370453e-02,-1.387461926788091660e-02,-8.309312164783477783e-03,1.634809002280235291e-02,-9.539606049656867981e-03,-3.027424030005931854e-02,8.000128902494907379e-03,-1.624019700102508068e-03,4.077360499650239944e-03,-2.731525455601513386e-04,1.263144332915544510e-02,1.916939020156860352e-02,-1.878291182219982147e-02,-9.739287197589874268e-03,5.855166818946599960e-03,-3.705051541328430176e-02,1.080854795873165131e-02,-4.911512136459350586e-03,1.420956850051879883e-02,2.486352436244487762e-02,-2.746582031250000000e-02,-1.200663484632968903e-02,9.642667137086391449e-03,1.468622684478759766e-02,3.189745545387268066e-02,-1.688916049897670746e-02,2.784263808280229568e-03,4.037424176931381226e-02,-4.892188124358654022e-03,-1.205816492438316345e-02,8.152305381372570992e-04,9.492906392551958561e-04,9.172450751066207886e-03,1.132385339587926865e-02,1.848660968244075775e-02,2.246412914246320724e-03,-1.220631599426269531e-02,-1.959451846778392792e-02,3.359796479344367981e-02,9.734456543810665607e-04,3.587819403037428856e-03,1.478928793221712112e-02,-4.228731617331504822e-03,3.723087254911661148e-03,9.964733384549617767e-03,-7.077408372424542904e-04,1.224496401846408844e-02,-7.690945174545049667e-03,-1.519348123110830784e-03,-1.579413563013076782e-02,3.122755512595176697e-02,8.380167186260223389e-03,2.853508107364177704e-03,4.194592684507369995e-02,2.427575382171198726e-04,2.021288499236106873e-02,2.751735225319862366e-02,1.011932548135519028e-02,1.603890582919120789e-02,1.167812664061784744e-02,-9.050065651535987854e-03,1.089228503406047821e-02,-1.071836892515420914e-02,1.887309015728533268e-03,1.008711941540241241e-02,1.808724738657474518e-02,-1.226428803056478500e-02,-3.728240355849266052e-02,-3.368814243003726006e-03,8.586289361119270325e-03,1.161371357738971710e-02,-1.239311415702104568e-02,-1.005491241812705994e-02,3.726308001205325127e-03,-2.068954333662986755e-02,-3.909885883331298828e-03,2.077972330152988434e-02,1.566530950367450714e-02,-9.186943643726408482e-04,1.719834469258785248e-02,6.141806021332740784e-03,-4.859981592744588852e-03,1.265076734125614166e-02,3.998776152729988098e-02,4.090243019163608551e-04,4.264158662408590317e-03,-3.514388203620910645e-02,1.830625347793102264e-02,-1.390038523823022842e-02,1.703087054193019867e-02,1.165236160159111023e-02,-2.468316629528999329e-02,4.814892541617155075e-03,2.286671288311481476e-02,-3.104719892144203186e-02,-2.906326949596405029e-02,1.949145644903182983e-02,3.411326929926872253e-02,-9.726404212415218353e-03,2.425803989171981812e-02,-2.715663611888885498e-02,1.789400726556777954e-02,1.867984980344772339e-02,-1.255052484339103103e-04,-3.961416427046060562e-03,2.517270855605602264e-02,1.347525697201490402e-02,-1.067972090095281601e-02,-2.669286169111728668e-02,1.975877210497856140e-03,3.019694425165653229e-02,-1.036409568041563034e-02,-3.707628324627876282e-02,-6.847131066024303436e-03,2.132079331204295158e-03,-1.020306255668401718e-02,1.104687713086605072e-02,2.847066707909107208e-02,3.948533907532691956e-03,2.870255522429943085e-02,-9.520282037556171417e-03,1.072480995208024979e-02,-8.901914581656455994e-03,3.375255689024925232e-02,-1.563954353332519531e-02,-2.847066847607493401e-03,4.011658951640129089e-02,1.498252805322408676e-02,-1.763313426636159420e-03,1.174898166209459305e-02,-4.470281302928924561e-02,-2.336913719773292542e-02,-1.460893079638481140e-02,-3.756582364439964294e-02,2.402615174651145935e-02,5.756936734542250633e-04,1.845440361648797989e-03,-9.605629602447152138e-04,-5.001690704375505447e-03,1.619349792599678040e-02,7.381761446595191956e-03,-3.684439463540911674e-03,5.655485671013593674e-03,1.581989973783493042e-02,-1.937551237642765045e-02,-8.148279041051864624e-03,4.596531391143798828e-02,-2.013559080660343170e-02,-9.359248913824558258e-03,2.215816639363765717e-02,-2.651250362396240234e-02,-2.536272630095481873e-03,7.497705053538084030e-03,-5.178827326744794846e-03,-3.254158794879913330e-02,8.180486038327217102e-03,-8.953445591032505035e-03,3.127264557406306267e-03,1.507270615547895432e-02,5.697354208678007126e-03,1.010483247227966785e-03,-1.212257891893386841e-02,-1.356543600559234619e-02,6.566933356225490570e-03,2.514694258570671082e-02,2.080548740923404694e-02,9.681315161287784576e-03,-2.191339619457721710e-02,3.059630515053868294e-03,-4.416335141286253929e-04,-7.227169349789619446e-03,1.018373854458332062e-02,-1.942060305736958981e-03,-5.781091284006834030e-03,1.433839555829763412e-02,-7.626531645655632019e-03,-1.178118772804737091e-02,2.227411046624183655e-02,-3.971078433096408844e-03,4.077360499650239944e-03,2.174592204391956329e-02,1.775229908525943756e-02,9.732846170663833618e-03,7.665179669857025146e-03,5.436480417847633362e-02,7.639414630830287933e-03,-1.036409568041563034e-02,3.017117828130722046e-02,-1.606306061148643494e-03,9.732846170663833618e-03,-2.687321789562702179e-02,-1.785535924136638641e-02,-1.315319072455167770e-02,2.924362756311893463e-02,1.476352289319038391e-02,2.165574394166469574e-02,-3.596837446093559265e-02,2.721461001783609390e-03,-1.660252222791314125e-03,-4.805230535566806793e-03,2.129502967000007629e-02,-1.723699271678924561e-02,2.389732515439391136e-03,-8.476787246763706207e-03,-2.650606213137507439e-03,1.109840720891952515e-02,-1.490523200482130051e-02,2.552376128733158112e-03,-6.277073640376329422e-03,-2.349796332418918610e-02,8.798853494226932526e-03,1.594872772693634033e-02,-1.207748893648386002e-03,1.547206845134496689e-02,6.750511471182107925e-03,2.053173258900642395e-03,-6.621684879064559937e-03,-4.302806686609983444e-03,2.867679111659526825e-02,1.065395586192607880e-02,3.835810581222176552e-03,9.288393892347812653e-03,-2.785230055451393127e-02,1.637385413050651550e-02,-1.165236160159111023e-02,6.328604184091091156e-03,3.130485117435455322e-02,1.308877766132354736e-02,-2.239005453884601593e-02,3.130485303699970245e-03,1.225784607231616974e-02,-3.913106396794319153e-03,2.434821799397468567e-03,8.354402147233486176e-03,1.962028443813323975e-02,4.898629616945981979e-03,1.610331982374191284e-02,-2.552053891122341156e-02,1.856390573084354401e-02,-7.742475718259811401e-03,-4.151435568928718567e-03,1.621926203370094299e-02,2.107602357864379883e-02,-8.940562605857849121e-03,3.027424030005931854e-02,-1.444145664572715759e-02,1.055733580142259598e-02,1.464757882058620453e-02,-5.310874432325363159e-03,1.829336956143379211e-02,2.455756068229675293e-03,9.436544962227344513e-03,-1.136250142008066177e-02,-7.021047174930572510e-03,-3.089260682463645935e-02,7.819771766662597656e-03,9.745728224515914917e-03,1.989081874489784241e-02,2.443678677082061768e-04,1.308233663439750671e-02,1.230293605476617813e-02,-5.797194782644510269e-03,-7.198183448053896427e-04,5.323757417500019073e-03,-7.227169349789619446e-03,-2.589413709938526154e-02,-2.733699418604373932e-02,-1.679898239672183990e-02,-9.959902381524443626e-04,2.822911832481622696e-03,-2.245446853339672089e-02,-3.571071848273277283e-02,4.222934320569038391e-02,-2.570089697837829590e-02,3.190067363902926445e-03,-2.402615174651145935e-02,9.613681468181312084e-04,-3.323724959045648575e-03,-2.464452013373374939e-02,-1.127876434475183487e-02,-1.606467179954051971e-02,1.179407071322202682e-02,-1.263144332915544510e-02,3.285077214241027832e-02,-1.306301262229681015e-02,-1.082143001258373260e-02,-1.131741236895322800e-02,-6.441327743232250214e-03,1.430427619197871536e-05,4.733087494969367981e-02,-2.630879753269255161e-04,1.366849709302186966e-02,-1.940127834677696228e-02,-7.343113422393798828e-03,-1.299215760082006454e-02,-2.217105031013488770e-02,-9.584695100784301758e-03,-1.194866281002759933e-02,-1.176347490400075912e-03,2.062513120472431183e-02,-1.927245222032070160e-02,-3.864796459674835205e-02,5.832622293382883072e-03,3.723087161779403687e-02,-2.153979986906051636e-02,-1.116282027214765549e-02,-1.598737575113773346e-02,2.863170113414525986e-03,5.826180800795555115e-03,1.126459389925003052e-01,1.059598382562398911e-02,5.913138855248689651e-03,-1.527399756014347076e-03,-6.872091325931251049e-04,2.937245368957519531e-02,-2.412921376526355743e-02,-2.896020933985710144e-02,1.037053763866424561e-03,-5.526659078896045685e-03,-3.254158794879913330e-02,-4.454177804291248322e-03,1.487946696579456329e-02,-1.856390573084354401e-02,2.446416206657886505e-02,1.048648171126842499e-02,-1.035765465348958969e-02,8.418815210461616516e-03,-8.261002367362380028e-04,1.161371357738971710e-02,-4.721492994576692581e-03,6.292372127063572407e-04,1.355255302041769028e-02,1.844796165823936462e-02,-2.254464663565158844e-02,-6.354369688779115677e-03,-1.639962010085582733e-02,4.596531391143798828e-02,1.176830567419528961e-02,-7.851977832615375519e-03,1.757194101810455322e-02,2.293112687766551971e-02,2.304706908762454987e-02,1.295350957661867142e-02,-4.476722795516252518e-03,-9.037182666361331940e-03,2.020966494455933571e-03,2.202934026718139648e-02,-2.277009189128875732e-03,-1.916939020156860352e-02,4.145638272166252136e-02,-1.100661815144121647e-03,1.686339639127254486e-02,-3.073801472783088684e-02,1.507270615547895432e-02,1.205172389745712280e-02,-1.365561410784721375e-02,4.830995574593544006e-03,-3.202627971768379211e-02,-1.243176218122243881e-02,2.725969813764095306e-02,-2.543036080896854401e-02,-7.710269186645746231e-03,-8.824618533253669739e-03,-1.469910982996225357e-02,8.773088455200195312e-03,1.919314381666481495e-04,-3.507302841171622276e-03,7.014605682343244553e-03,1.330778282135725021e-02,-2.264770679175853729e-02,-1.569107361137866974e-02,3.832589834928512573e-03,-1.069260388612747192e-02,-3.421633318066596985e-02,-1.630944199860095978e-02,5.281888414174318314e-03,-1.206460688263177872e-02,-1.913074217736721039e-02,-9.732846170663833618e-03,1.689238124527037144e-03,5.080596893094480038e-04,-1.712104864418506622e-02,-1.397768035531044006e-02,2.504388242959976196e-02,2.847066707909107208e-02,-1.161049236543476582e-03,-2.257041260600090027e-02,4.512149840593338013e-03,8.618496358394622803e-03,-2.407446270808577538e-03,-1.618061400949954987e-02,-1.175542268902063370e-02,-7.327009807340800762e-04,2.447704551741480827e-03,1.848660968244075775e-02,1.851237565279006958e-02,9.030741639435291290e-03,-3.267041221261024475e-02,-6.969516631215810776e-03,-1.219343300908803940e-02,-1.867985003627836704e-03,1.576836965978145599e-02,-2.741429023444652557e-02,-3.684439463540911674e-03,-2.528221113607287407e-03,-2.840625355020165443e-03,9.294835850596427917e-03,-2.527576871216297150e-02,-4.186863079667091370e-03,9.687756188213825226e-03,-5.101531371474266052e-02,-6.143416394479572773e-04,2.218393236398696899e-02,1.037053763866424561e-02,-4.843878094106912613e-03,-1.067972090095281601e-02,2.017423883080482483e-02,-2.218393236398696899e-02,-6.963075138628482819e-03,7.768241222947835922e-03,-4.117296636104583740e-02,-6.808483041822910309e-03,-1.212257891893386841e-02,-5.549203604459762573e-03,9.513841010630130768e-03,3.752073273062705994e-03,2.689898386597633362e-02,2.537883073091506958e-02,1.942704431712627411e-02,1.196154486387968063e-02,-4.194592684507369995e-02,4.212628304958343506e-02,-1.855102367699146271e-03,-2.751735225319862366e-02,2.883138135075569153e-02,-8.236847352236509323e-04,-2.438686601817607880e-02,6.879338063299655914e-03,1.028035860508680344e-02,2.479911036789417267e-02,2.585548907518386841e-02,3.641363000497221947e-04,3.835810581222176552e-03,-4.722781479358673096e-02,-9.636226110160350800e-03,8.347960188984870911e-03,2.257041260600090027e-02,-1.571683958172798157e-02,3.668335964903235435e-03,-2.191339619457721710e-02,-2.598431520164012909e-02,-3.916327375918626785e-03,-3.885408863425254822e-02,1.990370219573378563e-03,-2.723393216729164124e-02,-7.420409470796585083e-03,-3.207781165838241577e-02,1.344949193298816681e-02,3.148520737886428833e-02,-2.633214741945266724e-02,6.235205102711915970e-03,-2.834184095263481140e-02,-4.392180126160383224e-04,1.569107361137866974e-02,-1.862831972539424896e-02,-5.091869272291660309e-03,1.705663464963436127e-02,3.135638311505317688e-02,1.048648171126842499e-02,1.931110024452209473e-02,7.188521325588226318e-03,2.093431539833545685e-02,7.504146546125411987e-03,-1.036409568041563034e-02,2.684745378792285919e-02,-6.093495991080999374e-03,-2.626853820402175188e-04,-2.196492627263069153e-02,1.664439029991626740e-02,-3.813265822827816010e-03,2.272500284016132355e-02,2.916633151471614838e-02,4.534694831818342209e-03,2.226122841238975525e-02,1.838354952633380890e-02,3.285077167674899101e-03,-6.853572558611631393e-03,-9.526723064482212067e-03,-1.067327987402677536e-02,-1.460893079638481140e-02,-1.335931289941072464e-02,-8.180486038327217102e-03,4.144994076341390610e-03,-1.898903399705886841e-02,-2.643520757555961609e-02,3.429362922906875610e-02,-1.781671121716499329e-02,-1.059598382562398911e-02,-5.800415296107530594e-03,3.323724865913391113e-02,-4.238393623381853104e-03,1.638673804700374603e-02,-1.511135417968034744e-02,1.360408402979373932e-02,-9.971175342798233032e-03,3.197475150227546692e-02,1.245752722024917603e-02,-1.174898166209459305e-02,2.204222232103347778e-02,7.935715839266777039e-03,1.062819082289934158e-02,-1.922736293636262417e-03,-3.179439157247543335e-02,-3.439668938517570496e-02,-7.890625856816768646e-03,-1.010483247227966785e-03,1.390038523823022842e-02,-1.093737408518791199e-02,-3.048036247491836548e-02,-7.671621162444353104e-03,-7.948597893118858337e-03,-9.945409372448921204e-03,-1.051224675029516220e-02,1.372002810239791870e-02,-1.372807892039418221e-04,-5.262564402073621750e-03,1.138826739042997360e-02,-2.756888233125209808e-02,-1.071192789822816849e-02,8.347960188984870911e-03,-5.265785381197929382e-03,2.514694258570671082e-02,-5.692522972822189331e-04,1.816454343497753143e-02,1.106620114296674728e-02,-2.373629249632358551e-03,-2.124349772930145264e-02,3.180405590683221817e-03,-1.242532115429639816e-02,-6.396238226443529129e-03,1.239311415702104568e-02,1.324336975812911987e-02,8.367284201085567474e-03,-1.634809002280235291e-02,-1.505982410162687302e-02,-3.913106396794319153e-03,-1.144623942673206329e-02,-4.725357890129089355e-02,2.741429023444652557e-02,4.956601653248071671e-03,-4.090243019163608551e-03,-3.166556730866432190e-02,-2.124349772930145264e-02,9.584695100784301758e-03,6.602360866963863373e-03,-5.069324746727943420e-03,1.808724738657474518e-02,-1.012576650828123093e-02,-2.818724885582923889e-02,-3.772041574120521545e-02,6.145026534795761108e-03,-3.935650922358036041e-03,8.180486038327217102e-03,6.686097942292690277e-03,-8.792412467300891876e-03,4.244834650307893753e-03,-2.115331962704658508e-02,-1.081498898565769196e-02,6.338266190141439438e-03,-3.035153634846210480e-02,1.710816659033298492e-02,-1.145268045365810394e-02,8.734440430998802185e-03,1.985217072069644928e-02,1.147200446575880051e-02,-2.468316629528999329e-02,-6.467092782258987427e-03,-4.679624456912279129e-03,2.112755365669727325e-02,-1.716613769531250000e-03,-1.353967096656560898e-02,-1.637385413050651550e-02,3.571071848273277283e-02,1.239311415702104568e-02,1.344949193298816681e-02,1.031417632475495338e-03,1.566047780215740204e-03,-1.338507886976003647e-02,-4.000064451247453690e-03,3.960128128528594971e-02,-1.411939039826393127e-02,1.540765538811683655e-02,-1.655421219766139984e-02,-1.308233663439750671e-02,-2.084413543343544006e-02,5.381728988140821457e-03,1.408074237406253815e-02,1.518865022808313370e-02,-1.557513047009706497e-02,-3.230969980359077454e-02,-3.829369321465492249e-03,-1.126588229089975357e-02,1.606467179954051971e-02,-4.019388463348150253e-03,-1.288265548646450043e-02,-1.413227245211601257e-02,1.663150824606418610e-02,-3.774617984890937805e-02,2.844490297138690948e-02,-1.709528267383575439e-02,-1.816454343497753143e-02,-7.613649126142263412e-03,-2.896987134590744972e-03,1.533035933971405029e-02,-2.578141400590538979e-03,8.238458074629306793e-03,-9.185332804918289185e-03,-3.009388223290443420e-02,4.155944660305976868e-02,-5.736807361245155334e-04,5.030676722526550293e-03,1.703087054193019867e-02,-3.223240375518798828e-02,-4.299586173146963120e-03,1.557513047009706497e-02,2.499235095456242561e-03,-3.107296489179134369e-02,-8.393050171434879303e-03,3.321148455142974854e-02,3.777838544920086861e-03,1.433839555829763412e-02,1.445433869957923889e-02,-2.114043757319450378e-02,3.980740439146757126e-03,-2.652216702699661255e-03,1.224496401846408844e-02,1.923380419611930847e-02,-2.841913700103759766e-02,3.829369321465492249e-03,1.114993821829557419e-02,1.017729751765727997e-02,-2.418074384331703186e-02,-1.758482493460178375e-02,5.095090251415967941e-03,-1.330134109593927860e-03,-8.444580249488353729e-03,-2.724681515246629715e-03,1.947857439517974854e-02,-5.610396154224872589e-03,2.599075669422745705e-03,-9.752170182764530182e-03,2.865102514624595642e-02,2.075717784464359283e-03,-2.222258038818836212e-02,-1.750752888619899750e-02,5.024235695600509644e-03,-1.170389261096715927e-02,-2.414209581911563873e-02,-3.516964986920356750e-02,-1.491972478106617928e-03,3.723087161779403687e-02,1.260567829012870789e-02,-1.458316575735807419e-02,7.214286830276250839e-03,1.230937708169221878e-02,-3.290230035781860352e-02,2.934024669229984283e-03,-7.774682249873876572e-03,9.101595729589462280e-03,-2.896584628615528345e-04,-1.673134858720004559e-03,2.589413709938526154e-02,1.503405813127756119e-02,2.239005453884601593e-02,8.128955028951168060e-03,-2.134655974805355072e-02,-6.660332903265953064e-03,1.843507960438728333e-02,-1.171033363789319992e-02,-6.950192619115114212e-03,7.227169349789619446e-03,-3.380408883094787598e-02,-1.716009865049272776e-04,2.231275849044322968e-02,-3.136926563456654549e-03,-9.262628853321075439e-03,4.351116716861724854e-03,-3.858355106785893440e-03,-2.216219290858134627e-04,-2.008405886590480804e-02,8.876149542629718781e-03,5.539541598409414291e-03,-8.463904261589050293e-03,-1.887308992445468903e-02,-1.047359872609376907e-02,3.297959687188267708e-03,1.201951690018177032e-02,7.021047174930572510e-03,-1.721122674643993378e-02,7.471940014511346817e-03,1.548495143651962280e-02,1.557513047009706497e-02,1.605299621587619185e-04,9.356028167530894279e-04,-3.465434303507208824e-03,-4.415530245751142502e-03,-1.192289777100086212e-02,3.828725218772888184e-02,1.314674969762563705e-02,-7.362437434494495392e-03,1.108552515506744385e-02,-2.304706908762454987e-02,-2.308571711182594299e-02,1.850271364673972130e-03,1.525306329131126404e-02,-3.549171378836035728e-03,-3.813266009092330933e-02,1.665083225816488266e-03,-1.214190199971199036e-02,1.194222085177898407e-02,1.542697893455624580e-03,2.721461001783609390e-03,-2.697627991437911987e-02,-7.111225742846727371e-03,-8.174045011401176453e-03,-5.893814843147993088e-03,-1.919515617191791534e-02,3.233546391129493713e-02,2.312436513602733612e-02,-1.183915976434946060e-02,-3.185236360877752304e-03,1.020306255668401718e-02,-7.343113422393798828e-03,-1.028680056333541870e-02,-7.433291990309953690e-03,5.774650257080793381e-03,-2.342066727578639984e-02,-1.214995398186147213e-03,1.044139172881841660e-02,1.172965764999389648e-02,1.308877766132354736e-02,-8.186927065253257751e-03,9.288393892347812653e-03,-1.493099704384803772e-02,1.271518040448427200e-02,2.151918709278106689e-01,-2.638367749750614166e-02,1.797130331397056580e-03,1.453163474798202515e-02,1.111129019409418106e-02,-1.483115716837346554e-03,3.246429190039634705e-02,2.383291255682706833e-03,2.713087201118469238e-02,1.209037192165851593e-02,-3.272194415330886841e-02,-1.455740071833133698e-02,-1.261856034398078918e-02,-5.599929136224091053e-04,8.335078135132789612e-03,-8.354402147233486176e-03,-1.807436533272266388e-02,-7.388202939182519913e-03,-3.635485097765922546e-02,-4.444516077637672424e-02,2.725969813764095306e-02,-1.448010466992855072e-02,-8.341519162058830261e-03,-1.315319072455167770e-02,1.229649409651756287e-02,1.822895742952823639e-02,-8.985651656985282898e-03,6.489637307822704315e-03,1.201951690018177032e-02,3.206170862540602684e-03,-9.958292357623577118e-03,-2.354949340224266052e-02,-1.361696608364582062e-02,2.676371484994888306e-03,-3.638061881065368652e-02,-8.463904261589050293e-03,1.136894337832927704e-02,2.732733264565467834e-03,-1.129164732992649078e-02,-3.410683013498783112e-03,8.869707584381103516e-03,-1.846084557473659515e-02,5.739222746342420578e-03,-2.151403389871120453e-02,-8.225575089454650879e-03,2.459298819303512573e-02,6.352759082801640034e-04,-1.705663464963436127e-02,2.618399681523442268e-03,-5.810077302157878876e-03,-2.380714751780033112e-02,1.853814162313938141e-02,1.332066580653190613e-02,4.405868239700794220e-03,-9.900320321321487427e-03,6.164350546896457672e-03,-1.144140842370688915e-03,3.625179082155227661e-02,2.439974807202816010e-02,-2.402615174651145935e-02,-1.980708213523030281e-03,6.328604184091091156e-03,-1.162659656256437302e-02,8.695792406797409058e-03,-2.330472320318222046e-02,2.831607684493064880e-02,-1.206460688263177872e-02,1.785535924136638641e-02,-2.983622997999191284e-02,-7.298023905605077744e-03,-1.710816659033298492e-02,-5.971110425889492035e-03,-2.559783495962619781e-02,1.186492573469877243e-02,1.780382916331291199e-02,-2.599719725549221039e-02,-1.932398229837417603e-02,-8.637820370495319366e-03,-7.188521325588226318e-03,1.898430309665855020e-05,4.376882221549749374e-03,2.265736926347017288e-03,-4.228731617331504822e-03,1.168456859886646271e-02,-1.301792263984680176e-02,-1.069260411895811558e-03,3.967857733368873596e-02,-8.679688908159732819e-04,-2.829031087458133698e-02,3.661250695586204529e-02,1.283756550401449203e-02,4.286703653633594513e-03,-9.269070811569690704e-03,5.916359368711709976e-03,8.302871137857437134e-03,6.782718002796173096e-03,1.589719578623771667e-02,1.581989973783493042e-02,-2.228699252009391785e-02,1.824505976401269436e-03,-1.110484916716814041e-02,-3.086684085428714752e-02,1.299859862774610519e-02,-1.240599714219570160e-02,6.112820003181695938e-03,8.380167186260223389e-03,2.018712088465690613e-02,4.516658931970596313e-02,-1.341084390878677368e-02,-1.413227245211601257e-02,1.212901994585990906e-02,6.545999203808605671e-04,-6.885779090225696564e-03,4.515370819717645645e-03,3.589107841253280640e-02,-2.285383082926273346e-02,-2.474758028984069824e-02,-1.524018123745918274e-02,1.185848377645015717e-02,-4.953380674123764038e-03,-9.511022653896361589e-06,-1.034477166831493378e-02,4.647417925298213959e-03,2.209375426173210144e-02,-1.384885399602353573e-03,-2.291502198204398155e-03,-1.831913553178310394e-02,1.499541010707616806e-02,2.487640641629695892e-02,-2.640944346785545349e-02,1.889885589480400085e-02,-3.230969980359077454e-02,-4.930836148560047150e-03,1.422245148569345474e-02,2.913090400397777557e-03,-8.431698195636272430e-03,2.007117681205272675e-02,-2.314046956598758698e-03,5.307653918862342834e-03,-3.742411267012357712e-03,-1.507270615547895432e-02,9.880996309220790863e-03,1.183915976434946060e-02,-1.138182543218135834e-02,-9.868114255368709564e-03,-5.272226408123970032e-03,2.008405886590480804e-02,-8.541200309991836548e-03,-2.629671944305300713e-03,-7.053253706544637680e-03,-3.269618004560470581e-02,-3.717853687703609467e-04,-6.273853126913309097e-03,-2.710510604083538055e-02,1.103399414569139481e-02,-2.150115184485912323e-02,-1.927245222032070160e-02,-4.515370819717645645e-03,1.022882852703332901e-02,3.122755512595176697e-02,-4.681557044386863708e-02,4.975925665348768234e-03,1.178762968629598618e-02,-3.104719892144203186e-02,-6.283515132963657379e-03,3.333386965095996857e-03,-1.625275760889053345e-01,-2.347863977774977684e-03,8.154720999300479889e-03,-1.048003975301980972e-02,1.591007970273494720e-02,-2.192627824842929840e-02,4.241614136844873428e-03,6.560492329299449921e-03,-2.880561724305152893e-02,-9.223980829119682312e-03,1.561377756297588348e-02,7.484822534024715424e-03,-8.038776926696300507e-03,1.347525697201490402e-02,-8.586289361119270325e-03,2.700204588472843170e-02,-1.972334459424018860e-02,1.964604947715997696e-03,3.957551717758178711e-02,1.052512880414724350e-02,4.521812126040458679e-02,-2.138520777225494385e-02,9.887437336146831512e-03,-2.258329465985298157e-02,3.545306622982025146e-02,9.191774763166904449e-03,-1.843507960438728333e-02,7.079019211232662201e-03,-1.630944199860095978e-02,-1.467334385961294174e-02,-2.128214575350284576e-02,7.884184829890727997e-03,1.692780852317810059e-02,-2.803265675902366638e-02,2.184898220002651215e-02,1.187136676162481308e-02,-1.547206845134496689e-02,-1.917905290611088276e-03,-8.277106098830699921e-03,3.900868073105812073e-02,8.969548507593572140e-04,1.428686454892158508e-02,9.397896938025951385e-03,-3.964636940509080887e-03,-1.143979746848344803e-02,1.203239988535642624e-02,2.169439196586608887e-02,1.311454270035028458e-02,1.963316649198532104e-02,-2.433533594012260437e-02,8.444580249488353729e-03,-4.717628285288810730e-02,5.552424583584070206e-03,-2.254464663565158844e-03,2.233852446079254150e-02,2.098584547638893127e-02,3.810045309364795685e-03,-8.792412467300891876e-03,1.533035933971405029e-02,-2.467028424143791199e-02,6.402679719030857086e-03,-1.252838224172592163e-02,1.560089550912380219e-02,-7.240052334964275360e-03,1.971046207472681999e-03,-8.393050171434879303e-03,-7.710269186645746231e-03,-1.785535924136638641e-02,-2.669286169111728668e-02,1.567819155752658844e-02,-4.047730192542076111e-02,-3.537577018141746521e-02,1.136894337832927704e-02,-4.526964947581291199e-02,2.324030920863151550e-02,2.834184095263481140e-03,-7.053253706544637680e-03,-5.265785381197929382e-03,3.038696246221661568e-03,6.025861948728561401e-03,-1.547206845134496689e-02,5.044847726821899414e-02,-2.227411046624183655e-02,2.191339619457721710e-02,-1.210969593375921249e-02,1.918227411806583405e-02,8.734440430998802185e-03,1.410650787875056267e-03,-4.177201073616743088e-03,6.724745966494083405e-03,-7.993687875568866730e-03,-2.619043737649917603e-02,-1.512423716485500336e-02,-2.737564267590641975e-03,3.831301629543304443e-02,2.983622997999191284e-02,2.161709591746330261e-02,-2.450281009078025818e-02,1.112417224794626236e-02,-1.444145664572715759e-02,9.649109095335006714e-03,-5.004911683499813080e-03,-1.441569067537784576e-02,7.661153795197606087e-04,2.450281009078025818e-02,-7.671621162444353104e-03,3.835810581222176552e-03,1.833201758563518524e-02,3.563342243432998657e-02,-5.745664238929748535e-03,-2.455434016883373260e-02,-8.624937385320663452e-03,1.574260368943214417e-02,2.558495290577411652e-02,8.554083295166492462e-03,1.902768202126026154e-02,-5.459025036543607712e-03,-1.176186371594667435e-02,1.321760378777980804e-02,1.162015460431575775e-02,4.830995574593544006e-02,1.777806319296360016e-02,-1.164592057466506958e-02,-2.339490130543708801e-02,9.243304841220378876e-03,-2.669286169111728668e-02,-1.121306270360946655e-01,-2.532730065286159515e-02,8.032335899770259857e-03,7.465498521924018860e-03,2.865102514624595642e-02,1.427398156374692917e-02,-1.776518113911151886e-02,7.935715839266777039e-03,-1.131097134202718735e-02,2.718240208923816681e-02,1.830625347793102264e-02,-4.132111556828022003e-03,1.245591673068702221e-03,6.737628486007452011e-03,1.552963803987950087e-04,1.562021905556321144e-03,-1.000982336699962616e-02,-5.323757417500019073e-03,-1.977487467229366302e-02,1.252194121479988098e-02,-1.152353454381227493e-02,-1.989081874489784241e-02,9.185332804918289185e-03,-4.024541378021240234e-02,1.270229835063219070e-02,1.654132828116416931e-02,-1.947857439517974854e-02,2.129502967000007629e-02,1.967181451618671417e-02,1.728852279484272003e-02,3.571716137230396271e-03,3.067682264372706413e-03,1.415079168509691954e-04,-1.549783442169427872e-02,-1.048003975301980972e-02,-1.160083059221506119e-02,-4.805230349302291870e-02,1.826720290409866720e-05,6.537947338074445724e-03,-2.677015773952007294e-02,-7.375319954007863998e-03,9.766663424670696259e-04,-1.270229835063219070e-02,-1.690204441547393799e-02,3.913106396794319153e-03,-1.331744482740759850e-03,-6.905103102326393127e-03,-1.277315244078636169e-02,9.288393892347812653e-03,-1.257991231977939606e-02,-8.225575089454650879e-03,-3.671556711196899414e-03,-3.364949673414230347e-02,5.426818504929542542e-03,1.851237565279006958e-02,-1.113061420619487762e-02,1.093737408518791199e-02,1.118858624249696732e-02,-1.591007970273494720e-02,-1.004847139120101929e-02,1.887308992445468903e-02,-8.670026436448097229e-03,1.994235068559646606e-02,1.459604781121015549e-02,-8.261002367362380028e-04,-6.157909054309129715e-03,-1.301148161292076111e-02,-3.254158794879913330e-02,1.003558840602636337e-02,2.399394521489739418e-03,1.992946676909923553e-02,6.969516631215810776e-03,-2.334337122738361359e-02,1.892462000250816345e-02,-2.165574394166469574e-02,2.045121509581804276e-03,-1.256058830767869949e-02,-1.937551237642765045e-02,6.711863446980714798e-03,-4.292500764131546021e-02,-8.747322484850883484e-03,-1.255414728075265884e-02,1.682474836707115173e-02,-1.003558840602636337e-02,3.060918860137462616e-02,-2.115976065397262573e-03,2.563648298382759094e-02,-9.984057396650314331e-03,2.610750671010464430e-04,1.423533353954553604e-02,5.008132196962833405e-03,1.296639256179332733e-02,2.738852426409721375e-02,-6.489637307822704315e-03,1.627079397439956665e-02,1.715969666838645935e-02,-2.305995300412178040e-02,-3.584598889574408531e-03,-1.914684660732746124e-03,5.021014716476202011e-03,-3.359152236953377724e-03,-6.425224244594573975e-03,-4.944362863898277283e-02,1.709528267383575439e-02,-9.275511838495731354e-03,-2.227411046624183655e-02,1.080210600048303604e-02,-1.285044848918914795e-02,-6.273853126913309097e-03,-1.904056407511234283e-02,2.434821799397468567e-03,-3.274770826101303101e-02,-1.761058904230594635e-02,2.049630507826805115e-02,1.166524458676576614e-02,-5.777870770543813705e-03,-1.490523200482130051e-02,-3.090226789936423302e-03,-1.252194121479988098e-02,4.563680384308099747e-03,9.404337964951992035e-03,-5.030676722526550293e-03,-5.678030196577310562e-03,4.785906523466110229e-03,1.275382842868566513e-02,1.433839555829763412e-02,-1.520153321325778961e-02,2.031594701111316681e-02,5.060468101873993874e-04,1.151065248996019363e-02,-1.281180046498775482e-02,-1.049292273819446564e-02,1.111934194341301918e-03,-6.808483041822910309e-03,3.568495390936732292e-03,2.872832119464874268e-02,1.745599694550037384e-02,-1.861543580889701843e-02,3.421633318066596985e-02,2.072819136083126068e-02,1.241887919604778290e-02,2.679592184722423553e-02,-1.871849782764911652e-02,-2.608737722039222717e-02,8.645469642942771316e-05,-4.154656082391738892e-03,6.615243386477231979e-03,-3.391359001398086548e-03,2.600685926154255867e-03,1.183915976434946060e-02,8.992093615233898163e-03,-2.515338361263275146e-03,-1.024815253913402557e-02,1.411939039826393127e-02,-1.888597197830677032e-02,-1.509847212582826614e-02,-5.143400281667709351e-03,3.069292521104216576e-03,2.447704412043094635e-02,-7.806888781487941742e-03,-7.252934854477643967e-03,-3.831301629543304443e-02,4.016811773180961609e-02,8.805294521152973175e-03,-3.280246164649724960e-03,-1.499541010707616806e-02,4.710220673587173223e-04,3.954974934458732605e-03,-6.707032443955540657e-04,5.117634776979684830e-03,1.013220846652984619e-02,-4.060612991452217102e-02,-1.749464496970176697e-02,1.394547405652701855e-03,1.197442784905433655e-02,7.800447754561901093e-03,7.259376347064971924e-03,-1.928533427417278290e-02,-1.442857366055250168e-02,4.083801526576280594e-03,-3.314062952995300293e-03,-1.758482493460178375e-02,5.257733864709734917e-04,2.320488216355443001e-03,-1.466046180576086044e-02,2.361390739679336548e-02,2.862525917589664459e-02,2.258329465985298157e-02,-7.317347917705774307e-03,-1.093093305826187134e-02,-1.619349792599678040e-02,6.582231726497411728e-04,-2.210663631558418274e-02,4.628093913197517395e-03,-4.969484172761440277e-03,-5.333419423550367355e-03,2.388444170355796814e-02,1.977487467229366302e-02,-2.095041796565055847e-03,1.142047345638275146e-02,2.423227392137050629e-02,2.275076881051063538e-02,-1.080210600048303604e-02,-4.460619296878576279e-03,-5.806856788694858551e-03,2.051562769338488579e-03,-1.024815253913402557e-02,2.391342772170901299e-03,-2.545612677931785583e-02,-4.542424157261848450e-02,-6.686097942292690277e-03,2.721461001783609390e-03,-6.280294153839349747e-03,8.463904261589050293e-03,3.282500430941581726e-02,2.043511252850294113e-03,8.252951083704829216e-04,-6.984814535826444626e-04,1.468622684478759766e-02,8.850384503602981567e-03,-1.212901994585990906e-02,2.320166118443012238e-02,7.794006261974573135e-03,2.527576871216297150e-02,4.602328408509492874e-03,-2.932092361152172089e-02,1.807436533272266388e-02,-3.140791133046150208e-02,3.433227539062500000e-03,-1.919515617191791534e-02,1.205172389745712280e-02,-2.631282201036810875e-03,2.661556564271450043e-02,4.080581013113260269e-03,-3.676709905266761780e-02,-7.774682249873876572e-03,1.267331186681985855e-03,2.938855614047497511e-04,-2.260905923321843147e-03,3.246429190039634705e-02,-1.910497806966304779e-02,2.365255542099475861e-02,-1.348652993328869343e-03,-4.766582511365413666e-03,-1.982318470254540443e-03,1.915650814771652222e-02,2.412921376526355743e-02,1.905022654682397842e-03,9.816583245992660522e-03,-3.935650922358036041e-03,-4.264158662408590317e-03,2.141097187995910645e-02,2.903428394347429276e-03,3.529847599565982819e-03,-1.368138007819652557e-02,-3.782347589731216431e-02,9.269070811569690704e-03,3.264464810490608215e-02,3.434032842051237822e-04,-1.737870089709758759e-02,-2.966231433674693108e-03,4.186863079667091370e-02,4.557239357382059097e-03,3.282500430941581726e-02,-8.889031596481800079e-03,-2.049630507826805115e-02,-1.735937781631946564e-03,4.055459797382354736e-02,-6.686097942292690277e-03,4.463839810341596603e-03,-3.653521090745925903e-02,7.716710213571786880e-03,1.171516487374901772e-03,-5.575613304972648621e-02,-1.219343300908803940e-02,1.143335644155740738e-02,-1.829336956143379211e-02,-7.729593198746442795e-03,-1.172321569174528122e-02,-7.298023905605077744e-03,-2.365577500313520432e-03,-1.963316649198532104e-02,7.632973138242959976e-03,-1.097602210938930511e-02,-1.424821652472019196e-02,4.354337602853775024e-02,3.323724865913391113e-02,-2.631926350295543671e-02,-9.133802726864814758e-03,-1.151065248996019363e-02
-7.962395902723073959e-04,-1.891832239925861359e-02,-1.326791010797023773e-02,-1.448248419910669327e-02,-1.858827471733093262e-02,2.798802778124809265e-02,-6.977204233407974243e-03,-1.519538741558790207e-02,-1.572346314787864685e-02,1.310288556851446629e-03,2.162471227347850800e-02,1.005324721336364746e-02,5.930953659117221832e-03,-1.549903117120265961e-02,1.937997731147333980e-04,1.161107141524553299e-02,2.241022652015089989e-03,-2.617276739329099655e-03,7.954144850373268127e-03,7.716510444879531860e-03,8.904681541025638580e-03,-6.056371494196355343e-04,-6.254400126636028290e-03,-9.597781114280223846e-03,-1.001694123260676861e-03,-2.150259446352720261e-03,-1.452208962291479111e-03,-2.158510684967041016e-02,-5.828639026731252670e-03,-1.197412330657243729e-02,-4.498547408729791641e-03,-1.699744607321918011e-03,-1.293786242604255676e-02,-1.786217093467712402e-02,-3.284632787108421326e-02,-1.262761745601892471e-02,-1.417884044349193573e-02,-1.475972402840852737e-02,1.419204287230968475e-02,1.491814758628606796e-02,-7.320453412830829620e-03,-6.911194883286952972e-03,1.164407562464475632e-02,6.000263616442680359e-03,-1.787537336349487305e-02,1.069353893399238586e-02,-1.507657021284103394e-02,-1.061432808637619019e-02,-2.561993605922907591e-04,1.081895735114812851e-02,8.870026795193552971e-04,1.737369969487190247e-02,-3.234465420246124268e-02,-9.010297246277332306e-03,7.742914371192455292e-03,1.275303587317466736e-02,-5.264257546514272690e-03,2.295810356736183167e-02,-2.246963419020175934e-02,-1.076614949852228165e-02,9.122513234615325928e-03,1.061102724634110928e-03,2.831807592883706093e-03,1.886551454663276672e-02,-4.247711505740880966e-03,1.736049912869930267e-02,-4.967215005308389664e-03,1.115973136620596051e-04,5.251055583357810974e-03,-1.448248419910669327e-02,3.852314502000808716e-02,4.536172747611999512e-02,-2.856561215594410896e-03,-5.911150947213172913e-03,2.213958650827407837e-02,-3.604118898510932922e-02,4.871501121670007706e-03,1.613272167742252350e-02,-1.684562489390373230e-02,6.316283834166824818e-04,-1.856187172234058380e-02,-1.810310524888336658e-03,-3.742738626897335052e-03,1.639675907790660858e-02,-5.536546814255416393e-04,-5.785732530057430267e-03,1.495775301009416580e-02,2.180953882634639740e-02,-8.845273405313491821e-03,-3.268790617585182190e-02,1.795458421111106873e-02,3.527547791600227356e-02,-3.755940590053796768e-03,1.262761745601892471e-02,7.914539426565170288e-03,2.698138356208801270e-03,-2.769758738577365875e-02,2.619257010519504547e-02,-1.486533973366022110e-02,-8.165375329554080963e-03,1.051531359553337097e-02,-7.683505769819021225e-03,8.158774115145206451e-03,-1.168368151411414146e-03,-4.541453719139099121e-02,-5.663615185767412186e-03,-5.825338419526815414e-03,-2.213958650827407837e-02,2.650941535830497742e-02,-2.503080293536186218e-02,4.864900372922420502e-03,5.352050438523292542e-02,-8.812268497422337532e-04,-5.132898688316345215e-02,-1.070674136281013489e-02,-2.616616524755954742e-02,-6.663659121841192245e-03,-1.589508727192878723e-02,-1.035028975456953049e-02,-1.819221861660480499e-02,1.108959666453301907e-03,5.059628281742334366e-03,-4.843447241000831127e-04,-3.142052143812179565e-02,-2.059496380388736725e-02,6.336912047117948532e-03,-2.980989031493663788e-02,1.598255010321736336e-03,-9.267734363675117493e-03,7.178533123806118965e-04,2.891216054558753967e-02,-4.546404234133660793e-04,1.461450383067131042e-02,-5.185046233236789703e-03,9.802411310374736786e-03,3.773102909326553345e-02,6.724717677570879459e-04,5.947456229478120804e-03,-1.910314895212650299e-02,-7.558087818324565887e-03,8.020154200494289398e-04,1.508977171033620834e-02,-8.752860128879547119e-03,-1.407322566956281662e-02,1.216555107384920120e-02,7.406265940517187119e-03,6.297306157648563385e-03,2.199436537921428680e-02,3.952834595111198723e-05,4.706477280706167221e-03,4.137475416064262390e-02,-5.594305228441953659e-03,2.793521992862224579e-02,-1.474652253091335297e-02,1.066713500767946243e-02,9.927828796207904816e-03,-1.070674136281013489e-02,-1.423164829611778259e-02,-4.946587141603231430e-04,-1.225136313587427139e-02,1.771694980561733246e-02,1.398081239312887192e-02,1.126122102141380310e-02,2.037053182721138000e-02,9.663790464401245117e-03,4.150677472352981567e-02,2.491198480129241943e-02,-2.287889271974563599e-02,5.383900133892893791e-04,-1.557411633257288486e-05,3.266150131821632385e-02,1.990846544504165649e-02,-3.889279812574386597e-02,2.994190901517868042e-02,-8.746258914470672607e-03,-4.402833525091409683e-03,-3.122249385342001915e-03,1.977644674479961395e-02,2.686586696654558182e-03,5.188346840441226959e-03,-3.812708705663681030e-02,1.647597178816795349e-02,2.355219051241874695e-02,1.667400076985359192e-02,-2.759197168052196503e-02,-2.954585291445255280e-02,1.911635138094425201e-02,1.120181195437908173e-02,2.310332469642162323e-02,-4.198204260319471359e-03,3.805447835475206375e-03,1.475972402840852737e-02,-4.350026138126850128e-03,-1.646276935935020447e-02,-6.488997936248779297e-01,-1.502376236021518707e-02,-2.270726859569549561e-02,-5.604206584393978119e-03,2.058176323771476746e-02,-1.533895730972290039e-03,1.737369969487190247e-02,1.446928270161151886e-02,-2.059496380388736725e-02,5.043125711381435394e-03,-1.581587642431259155e-02,1.638355851173400879e-02,1.606671325862407684e-02,-3.297834843397140503e-02,-2.660182863473892212e-02,-9.909676155075430870e-04,-3.781024366617202759e-02,-1.172328740358352661e-02,-5.082731600850820541e-03,-7.313852664083242416e-03,-2.645660750567913055e-02,1.203353237360715866e-02,-5.435882601886987686e-03,7.894736714661121368e-03,4.921008367091417313e-03,-1.478612772189080715e-03,1.493134908378124237e-02,4.742782562971115112e-03,-1.769054681062698364e-02,-5.241154227405786514e-03,-4.000175744295120239e-02,7.419467903673648834e-03,-2.034412883222103119e-02,1.967083103954792023e-02,2.657542563974857330e-02,-2.772399038076400757e-02,-3.115648403763771057e-02,1.219195500016212463e-02,7.393063977360725403e-03,1.692483574151992798e-02,-8.917883969843387604e-03,8.693451061844825745e-03,3.184298425912857056e-02,-2.599124098196625710e-03,7.940943352878093719e-03,1.599905313923954964e-03,3.726236289367079735e-03,2.319573797285556793e-02,1.424485072493553162e-02,1.274643465876579285e-02,-1.083215884864330292e-02,-2.184914425015449524e-02,-2.118904888629913330e-02,2.909698709845542908e-02,1.844965503551065922e-03,3.399489214643836021e-03,2.833127789199352264e-02,3.484064072836190462e-04,1.691163331270217896e-02,2.840058878064155579e-03,-1.021166983991861343e-02,8.990493603050708771e-03,-1.369037013500928879e-02,-1.379598584026098251e-02,-1.139984093606472015e-02,1.914275437593460083e-02,-4.818693560082465410e-04,1.353194750845432281e-02,2.780320122838020325e-02,-1.479933038353919983e-02,7.247843313962221146e-03,1.388839911669492722e-02,1.384879369288682938e-02,-1.600070297718048096e-02,5.660314578562974930e-03,-1.505016628652811050e-02,7.756116334348917007e-03,-3.062840923666954041e-02,9.828814305365085602e-03,2.249603718519210815e-02,1.016546320170164108e-02,-6.798978429287672043e-03,-4.208765923976898193e-02,9.894824586808681488e-03,2.488558180630207062e-02,9.129113517701625824e-03,-1.614592410624027252e-02,-8.739657700061798096e-03,8.904681541025638580e-03,-1.185530610382556915e-02,-5.544797983020544052e-03,2.438391000032424927e-02,1.294446270912885666e-02,-4.666046588681638241e-04,2.129466459155082703e-02,1.153846085071563721e-02,-1.928797550499439240e-02,1.207313779741525650e-02,3.173736855387687683e-02,-6.039869505912065506e-03,-9.505368070676922798e-04,-4.353326745331287384e-03,-2.087550470605492592e-03,2.767448313534259796e-03,1.600070297718048096e-02,3.321598097681999207e-02,-4.372469335794448853e-02,1.634560292586684227e-03,2.240362390875816345e-02,-1.437686942517757416e-02,3.798846853896975517e-03,1.520281366538256407e-04,3.384967148303985596e-02,-9.719898807816207409e-04,1.753212325274944305e-02,-2.740714512765407562e-02,1.887871697545051575e-02,2.603414654731750488e-02,-1.792818121612071991e-02,-5.647112615406513214e-03,2.224520221352577209e-02,1.387519668787717819e-02,1.040309760719537735e-02,-2.938742935657501221e-02,-1.188831124454736710e-02,4.005456343293190002e-02,1.376916916342452168e-04,-3.334800153970718384e-02,-9.340343996882438660e-03,8.515225723385810852e-03,-7.729712408035993576e-03,-7.637299131602048874e-03,2.594173327088356018e-02,-3.386287484318017960e-03,2.232441306114196777e-02,-1.733409427106380463e-02,1.261441595852375031e-02,-2.198116295039653778e-02,3.538109362125396729e-02,-1.545942481607198715e-02,-1.886551454663276672e-02,3.759901225566864014e-02,1.163747534155845642e-02,-4.897905047982931137e-03,1.408642716705799103e-02,-5.523674935102462769e-02,-2.613976225256919861e-02,-1.120841316878795624e-02,-4.082027450203895569e-02,1.404682174324989319e-02,1.242298819124698639e-02,4.630566574633121490e-03,-9.591180831193923950e-03,-8.693451061844825745e-03,1.527459826320409775e-02,1.207973808050155640e-03,-3.663527313619852066e-03,-2.044644206762313843e-03,1.235037762671709061e-02,-3.514345735311508179e-02,-5.907850340008735657e-03,2.439711242914199829e-02,-1.171668618917465210e-02,-4.274114966392517090e-03,1.590828970074653625e-02,-3.870797157287597656e-02,-9.439358487725257874e-03,9.545592911308631301e-05,2.404395956546068192e-03,-2.279968187212944031e-02,4.983717110008001328e-03,-5.376474000513553619e-03,1.210614200681447983e-02,-6.122381426393985748e-03,2.517602406442165375e-02,-1.391150173731148243e-03,-1.345273666083812714e-02,-1.610631868243217468e-02,-4.736181814223527908e-03,3.126209974288940430e-02,8.818869479000568390e-03,9.327142499387264252e-03,-1.468051318079233170e-02,7.960746064782142639e-03,-2.491858555004000664e-03,-2.759197028353810310e-03,1.699084602296352386e-02,1.596604823134839535e-03,-9.010297246277332306e-03,3.541409736499190331e-03,3.069441765546798706e-03,1.493134908378124237e-02,2.409346774220466614e-02,8.300694753415882587e-04,6.957401521503925323e-03,1.747931540012359619e-02,-4.498547408729791641e-03,4.237810149788856506e-03,6.713166367262601852e-03,3.142052143812179565e-02,-2.305381931364536285e-03,-1.453529205173254013e-02,2.534764818847179413e-02,2.510011196136474609e-03,5.808835849165916443e-03,-3.295194357633590698e-02,-2.782960608601570129e-02,-1.919556222856044769e-02,4.037141054868698120e-02,1.283224672079086304e-02,1.523499283939599991e-02,-3.403449803590774536e-02,3.548010718077421188e-03,7.228040136396884918e-03,5.412779282778501511e-03,4.047702625393867493e-02,-8.746258914470672607e-03,2.696488052606582642e-03,-1.174309011548757553e-02,7.109223399311304092e-03,7.346857339143753052e-03,-7.855130359530448914e-03,1.469371467828750610e-02,3.013333771377801895e-03,-2.745995298027992249e-02,1.301047299057245255e-02,1.621193252503871918e-02,-7.617496419697999954e-03,1.441647484898567200e-02,9.049902670085430145e-03,1.685882732272148132e-02,-8.416211232542991638e-03,-1.515578106045722961e-02,2.145308814942836761e-02,2.764147939160466194e-03,-1.250054920092225075e-03,1.064073108136653900e-02,-1.663439348340034485e-02,1.097737997770309448e-02,-1.733409427106380463e-02,1.317549590021371841e-02,4.198204353451728821e-02,1.259461231529712677e-02,-3.501144051551818848e-02,9.133033017860725522e-05,1.592149212956428528e-02,2.074348507449030876e-03,-5.178445484489202499e-03,3.689931007102131844e-03,1.503696385771036148e-02,-1.163087412714958191e-02,7.459073793143033981e-03,-3.292553871870040894e-02,-3.122249385342001915e-03,-3.151953686028718948e-03,-1.386199519038200378e-02,9.102710522711277008e-03,2.753916382789611816e-02,4.396232776343822479e-03,2.034412883222103119e-02,-1.103018783032894135e-02,1.292465999722480774e-02,8.218183182179927826e-03,-1.720207557082176208e-02,1.291805971413850784e-02,8.508624508976936340e-03,2.109663560986518860e-02,-1.668720133602619171e-02,-1.399401389062404633e-02,-3.173736855387687683e-02,1.149885542690753937e-02,-8.079563267529010773e-03,2.856891229748725891e-02,-2.826856914907693863e-03,1.819221861660480499e-02,4.155298229306936264e-03,-8.762761135585606098e-04,1.460130140185356140e-02,4.386331420391798019e-03,6.690063048154115677e-03,-1.329431310296058655e-02,-3.039077483117580414e-02,-5.024973070248961449e-04,-2.115604467689990997e-03,-3.478391226963140070e-05,-2.080619521439075470e-02,-2.483277395367622375e-02,2.342017181217670441e-02,-3.332159668207168579e-02,-7.175232749432325363e-03,-7.175232749432325363e-03,1.622513495385646820e-02,6.323710083961486816e-03,-2.463474497199058533e-02,-1.996127329766750336e-02,-6.402921397238969803e-03,1.813941076397895813e-02,1.462935586459934711e-03,3.181657940149307251e-02,5.779956700280308723e-04,-8.197554852813482285e-04,-6.204892881214618683e-03,-3.788945265114307404e-03,-8.185178041458129883e-03,5.666255578398704529e-02,1.261441595852375031e-02,6.241198163479566574e-03,-1.130082644522190094e-02,-6.663659121841192245e-03,-3.600818337872624397e-03,-1.807340048253536224e-02,-7.353458553552627563e-03,-2.151909656822681427e-02,4.458941984921693802e-03,1.245599240064620972e-02,1.434056437574326992e-03,-1.637035608291625977e-02,6.184265366755425930e-04,3.192219510674476624e-02,-4.208765923976898193e-02,-1.146585028618574142e-02,-1.190811395645141602e-02,4.046382382512092590e-03,6.373217329382896423e-03,9.515929967164993286e-02,9.749603457748889923e-03,7.950019207783043385e-04,-4.818693560082465410e-04,-7.690106984227895737e-03,1.659478805959224701e-02,-3.081323578953742981e-02,-1.534060761332511902e-02,1.328111160546541214e-02,7.617496419697999954e-03,-6.280804052948951721e-03,7.624097634106874466e-04,4.335504025220870972e-02,-2.627178095281124115e-02,1.547262724488973618e-02,1.288835541345179081e-03,-1.351214479655027390e-02,1.732749398797750473e-03,-2.477419038768857718e-04,6.171888089738786221e-04,1.070179045200347900e-03,1.023807376623153687e-02,4.617364611476659775e-03,3.765181824564933777e-02,-5.340168718248605728e-03,-1.935398578643798828e-02,-2.458193898200988770e-02,3.287273272871971130e-02,1.021827105432748795e-02,-1.853546872735023499e-02,1.330091431736946106e-02,1.846945844590663910e-02,1.911635138094425201e-02,1.085196156054735184e-02,-1.275303587317466736e-02,-3.765841946005821228e-03,5.736225750297307968e-03,2.289209514856338501e-02,-1.541981939226388931e-02,-2.148609142750501633e-03,3.942087292671203613e-02,5.300562828779220581e-03,6.439226679503917694e-03,-2.764477953314781189e-02,2.564469119533896446e-03,1.651557721197605133e-02,-2.780320122838020325e-02,7.353458553552627563e-03,-4.031860455870628357e-02,-2.176993340253829956e-02,2.392184361815452576e-02,-2.448952570557594299e-02,-1.804699748754501343e-02,-6.825382355600595474e-03,-1.614592410624027252e-02,4.950712434947490692e-03,1.392800454050302505e-02,-2.762497635558247566e-03,-1.287185237742960453e-03,4.782388452440500259e-03,-3.530188277363777161e-02,-2.297130599617958069e-02,4.274115199223160744e-04,-6.393020041286945343e-03,-2.058176323771476746e-02,-1.527459826320409775e-02,-4.914407152682542801e-03,-7.729712408035993576e-03,-1.858827471733093262e-02,-3.452296834439039230e-03,-8.508624508976936340e-03,3.252618247643113136e-03,-2.801443263888359070e-02,1.876320107840001583e-03,4.699876531958580017e-02,3.403449803590774536e-02,-5.650413222610950470e-03,-8.950888179242610931e-03,-1.973684132099151611e-02,1.862788200378417969e-02,-6.812180392444133759e-03,-7.300650700926780701e-03,-7.505280431360006332e-03,-5.439182743430137634e-03,-2.326834946870803833e-03,1.602710597217082977e-02,2.286569029092788696e-02,7.987149991095066071e-03,-1.236357912421226501e-02,-9.445959702134132385e-03,-1.631754823029041290e-02,-1.935398578643798828e-02,1.811300776898860931e-02,-2.411987073719501495e-02,-1.293786242604255676e-02,5.076130386441946030e-03,-1.816581375896930695e-02,-7.769318297505378723e-03,-1.928797550499439240e-02,-1.619873195886611938e-02,-2.840058878064155579e-03,-1.947280205786228180e-02,-1.559144444763660431e-02,2.246963419020175934e-02,1.590828970074653625e-02,4.237810149788856506e-03,-1.084536127746105194e-02,1.062752958387136459e-02,-2.557208016514778137e-02,-1.353194750845432281e-02,4.383030813187360764e-03,-4.261573404073715210e-02,-4.010077100247144699e-04,-3.491902491077780724e-03,-8.039956912398338318e-03,3.311036527156829834e-02,-3.633823012933135033e-03,2.282608486711978912e-02,1.720207557082176208e-02,8.752860128879547119e-03,-3.947368357330560684e-03,-3.406090289354324341e-02,3.831191360950469971e-02,-7.670303806662559509e-03,-2.075338736176490784e-02,1.691163331270217896e-02,6.825382355600595474e-03,-1.916915923357009888e-02,8.257788605988025665e-03,2.198116295039653778e-02,2.439711242914199829e-02,2.838408574461936951e-02,-8.350201882421970367e-03,-6.185090169310569763e-03,-3.699172288179397583e-02,2.812004648149013519e-03,-1.582907885313034058e-02,1.654198020696640015e-02,-8.396408520638942719e-03,1.450888812541961670e-02,-7.405441137962043285e-04,-1.646276935935020447e-02,-1.319529954344034195e-02,-4.504488408565521240e-02,-2.373701706528663635e-02,-3.046998567879199982e-02,-5.039825569838285446e-03,-2.246963419020175934e-02,1.856517163105309010e-03,2.780320122838020325e-02,-8.020154200494289398e-03,1.079915463924407959e-02,-1.126782223582267761e-02,-1.415903796441853046e-03,2.662823349237442017e-02,-1.945960149168968201e-02,-3.894560411572456360e-02,1.952560991048812866e-02,2.730152942240238190e-02,2.479316852986812592e-02,1.138003822416067123e-02,1.667400076985359192e-02,1.811300776898860931e-02,-1.955201476812362671e-02,7.597693707793951035e-03,4.921008367091417313e-03,-1.136023551225662231e-02,-1.526469714008271694e-03,-3.707093745470046997e-02,1.749251736328005791e-03,-4.191603511571884155e-03,1.213254593312740326e-02,2.648301236331462860e-02,-4.406134132295846939e-03,1.865428499877452850e-02,1.214574836194515228e-02,3.193209646269679070e-03,7.190909818746149540e-04,-1.567065529525279999e-02,-2.338056452572345734e-02,-9.247930720448493958e-03,-2.878014184534549713e-02,7.925265817902982235e-04,-9.888223372399806976e-03,4.663571249693632126e-03,-2.101742476224899292e-02,4.662911221385002136e-02,-1.833743974566459656e-02,4.515049979090690613e-03,1.238338276743888855e-02,2.283928729593753815e-02,-2.706389501690864563e-02,2.909698709845542908e-02,-1.755852811038494110e-02,2.138707786798477173e-03,-1.022487133741378784e-02,3.437774628400802612e-02,1.088496670126914978e-02,-1.202032994478940964e-02,1.877310127019882202e-02,-5.485389381647109985e-03,3.250967944040894508e-03,-2.486907877027988434e-03,-2.232441306114196777e-02,-3.102446533739566803e-02,-5.924352910369634628e-03,-6.911194883286952972e-03,1.885231398046016693e-02,-1.481088227592408657e-03,-2.365780435502529144e-02,5.594305228441953659e-03,-4.135495051741600037e-03,-1.235037762671709061e-02,-1.071994286030530930e-02,2.703749202191829681e-02,-1.321840216405689716e-03,-1.022487133741378784e-02,1.295766513794660568e-02,-2.107023261487483978e-02,-1.345933694392442703e-02,1.236357912421226501e-02,-8.257788605988025665e-03,2.988910116255283356e-02,1.755852717906236649e-03,9.776007384061813354e-03,3.575074672698974609e-02,6.343513261526823044e-03,-2.782960608601570129e-02,2.694837981835007668e-03,-1.897113025188446045e-02,3.765841946005821228e-03,1.736049912869930267e-02,8.396408520638942719e-03,1.019846834242343903e-02,6.270902696996927261e-03,-1.476962585002183914e-03,-4.244410898536443710e-03,-8.363403379917144775e-03,-3.981693089008331299e-02,6.997006945312023163e-03,-2.566892908362206072e-05,-7.142434333218261600e-05,-1.314909290522336960e-02,-1.460130140185356140e-02,2.590212784707546234e-02,3.237765980884432793e-03,-1.589508727192878723e-02,1.717567257583141327e-02,-2.239042334258556366e-02,-1.495775301009416580e-02,-3.126209974288940430e-02,-7.320453412830829620e-03,-1.326791010797023773e-02,5.109135527163743973e-03,-6.918620783835649490e-04,3.768729802686721087e-04,-3.996875137090682983e-03,-1.057472173124551773e-02,-8.713253773748874664e-03,8.222308242693543434e-04,-3.136771544814109802e-02,1.724168099462985992e-02,1.081730704754590988e-03,-1.143944635987281799e-02,1.324810646474361420e-02,1.357155293226242065e-02,-3.245026990771293640e-02,-4.937510471791028976e-03,-8.092764765024185181e-03,2.561168558895587921e-02,3.137101419270038605e-03,-1.831103488802909851e-02,-1.957841776311397552e-02,3.701812773942947388e-02,7.142228074371814728e-03,4.178401548415422440e-03,-2.407696563750505447e-03,-1.139323972165584564e-02,-2.146629057824611664e-02,-6.732969079166650772e-03,1.920876465737819672e-02,-1.674165949225425720e-03,1.626474037766456604e-02,-2.011969499289989471e-02,-8.620840497314929962e-03,-2.290529757738113403e-02,-3.062840783968567848e-03,1.023147255182266235e-02,1.409962959587574005e-02,-2.777679823338985443e-02,-4.195563867688179016e-02,1.255005598068237305e-03,-6.812180392444133759e-03,1.303687598556280136e-02,-2.022531069815158844e-02,-1.132723037153482437e-02,-5.980460904538631439e-03,3.736137598752975464e-02,-2.153229899704456329e-02,3.651645407080650330e-02,-1.707005687057971954e-02,-1.284544914960861206e-02,-9.366747923195362091e-03,1.598255010321736336e-03,2.249603718519210815e-02,-1.045425422489643097e-03,2.141348272562026978e-02,-9.954232722520828247e-03,-3.495863080024719238e-02,4.338144510984420776e-02,1.052191480994224548e-02,1.528119901195168495e-03,4.739481955766677856e-03,-4.066185280680656433e-02,1.153516001068055630e-03,3.815349191427230835e-03,1.333391945809125900e-02,-2.351258508861064911e-02,-3.857595100998878479e-02,1.054171752184629440e-02,-1.361115928739309311e-02,2.774049295112490654e-03,2.714310586452484131e-02,-1.813941076397895813e-02,5.208149552345275879e-03,4.171800334006547928e-03,7.492078468203544617e-03,1.253520417958498001e-02,-3.015314042568206787e-02,-8.754510199651122093e-04,-3.828551154583692551e-03,-4.432538058608770370e-03,-3.297834843397140503e-02,-9.802411310374736786e-03,5.086857127025723457e-04,-1.073974557220935822e-02,-6.429325323551893234e-03,1.144604757428169250e-02,1.291805971413850784e-02,-2.776524634100496769e-04,1.314249169081449509e-02,1.959162019193172455e-02,5.491990596055984497e-02,-3.312026616185903549e-03,-1.416563894599676132e-02,-1.498622004874050617e-04,1.868068799376487732e-02,9.670392028056085110e-04,-2.322214283049106598e-02,-4.042421653866767883e-02,-2.018240513280034065e-03,3.194859996438026428e-02,-3.996875137090682983e-03,-2.165111713111400604e-03,1.750572025775909424e-02,9.927828796207904816e-03,-5.576482787728309631e-02,-3.396188840270042419e-03,1.298406906425952911e-02,1.042950153350830078e-02,7.096021436154842377e-03,1.552048372104763985e-03,1.305667962878942490e-02,1.691163331270217896e-02,6.379818078130483627e-03,2.689227089285850525e-02,-2.067417651414871216e-02,-1.366396620869636536e-02,3.399489214643836021e-03,-1.935398578643798828e-02,-5.937554407864809036e-03,-2.125505916774272919e-02,-2.074018493294715881e-02,1.675321161746978760e-02,2.186234667897224426e-02,-3.685970604419708252e-02,1.884571276605129242e-03,-2.990230452269315720e-03,-8.917883969843387604e-03,2.369740977883338928e-03,-1.268042530864477158e-02,-2.181614050641655922e-03,5.191647447645664215e-03,6.060497253201901913e-04,-1.249229768291115761e-03,2.156860427930951118e-03,-1.165892812423408031e-03,3.970471676439046860e-03,-7.215663790702819824e-04,-2.686586603522300720e-02,-5.297262221574783325e-03,3.574414411559700966e-03,1.774335466325283051e-02,-1.002519275061786175e-03,5.950756371021270752e-03,-1.230417098850011826e-02,-8.053159341216087341e-03,-8.013552986085414886e-03,3.002112172544002533e-02,2.836758270859718323e-03,-1.592149212956428528e-02,8.754510199651122093e-04,-1.460130140185356140e-02,-3.802147135138511658e-02,-6.284104660153388977e-03,3.355922922492027283e-02,-1.084536127746105194e-02,-2.474036067724227905e-02,5.980460904538631439e-03,-1.275963615626096725e-02,9.749603457748889923e-03,8.469019085168838501e-03,1.253520417958498001e-02,-2.495159208774566650e-02,-7.775919046252965927e-03,-1.341973152011632919e-02,2.721241675317287445e-03,-2.954585291445255280e-02,2.949304506182670593e-02,4.860939458012580872e-02,-2.817285433411598206e-02,-4.742782562971115112e-03,2.342017181217670441e-02,6.792377680540084839e-03,-5.838540382683277130e-03,-3.340080846101045609e-03,2.091180905699729919e-02,-2.256204746663570404e-02,-1.637860783375799656e-03,1.176289282739162445e-02,1.049551088362932205e-02,1.400721631944179535e-02,-1.971043646335601807e-02,1.544622331857681274e-02,-3.247667476534843445e-02,1.508977171033620834e-02,1.879950612783432007e-01,-2.967787161469459534e-02,8.251187391579151154e-03,3.741418570280075073e-02,1.226456556469202042e-02,-1.868068799376487732e-02,2.922900766134262085e-02,2.980989031493663788e-02,7.300650700926780701e-03,-8.079563267529010773e-03,-4.301179200410842896e-02,-2.042333967983722687e-02,-9.901424869894981384e-03,-3.854954848065972328e-03,2.132931986125186086e-04,-2.359179593622684479e-02,-2.352578565478324890e-02,-1.172988861799240112e-02,-2.933462150394916534e-02,-2.437070757150650024e-02,1.879950612783432007e-02,-1.663439441472291946e-03,-1.464585773646831512e-03,-1.539341546595096588e-02,2.026491612195968628e-02,1.220350619405508041e-03,-7.162030786275863647e-03,8.370004594326019287e-03,4.260913468897342682e-03,-5.683417897671461105e-03,-2.782960608601570129e-02,-1.730769127607345581e-02,-9.287537075579166412e-03,-1.650237478315830231e-02,-2.157190442085266113e-02,8.112567476928234100e-03,2.241682633757591248e-02,-1.307648234069347382e-02,3.100796369835734367e-03,-4.122293554246425629e-03,2.227160520851612091e-02,-2.076658979058265686e-02,7.261045277118682861e-03,-1.622513495385646820e-02,-1.680601947009563446e-02,3.044358268380165100e-02,-5.053027067333459854e-03,-1.284544914960861206e-02,-1.027107797563076019e-02,-1.618057838641107082e-03,-1.784896850585937500e-02,6.779175717383623123e-03,1.387519668787717819e-02,1.194771938025951385e-02,2.846659626811742783e-03,-2.061146777123212814e-03,-4.244410898536443710e-03,2.809364348649978638e-02,2.572049925220198929e-05,-1.895792782306671143e-02,-2.533444575965404510e-02,7.261045277118682861e-03,-1.889191940426826477e-02,5.208149552345275879e-03,-2.000087872147560120e-02,2.107023261487483978e-02,-1.148565299808979034e-02,3.821950173005461693e-03,-1.820542104542255402e-02,-1.023807376623153687e-02,-1.630434580147266388e-02,-1.761133410036563873e-02,-2.672064676880836487e-02,7.459073793143033981e-03,7.300650700926780701e-03,-7.439270615577697754e-03,3.368134843185544014e-03,-9.472363162785768509e-04,4.924308974295854568e-03,1.133383158594369888e-02,-3.105747047811746597e-03,2.025171555578708649e-02,-3.419292159378528595e-03,-2.727842656895518303e-03,3.127200063318014145e-03,-2.137387543916702271e-02,3.604118898510932922e-02,4.449040163308382034e-03,-3.210702165961265564e-02,3.894560411572456360e-02,2.253564447164535522e-02,5.379774142056703568e-03,-9.247930720448493958e-03,8.218183182179927826e-03,-3.633823012933135033e-03,1.491814758628606796e-02,3.406090196222066879e-03,1.235037762671709061e-02,-3.184298425912857056e-02,-5.756028462201356888e-03,-1.180249918252229691e-02,-2.986269816756248474e-02,2.347297780215740204e-02,-6.152085494250059128e-03,6.950800307095050812e-03,1.096417848020792007e-02,2.777679823338985443e-02,2.216598950326442719e-02,-1.002684328705072403e-02,-3.429853543639183044e-02,1.355835143476724625e-02,-1.075954828411340714e-02,1.353194750845432281e-02,5.957357585430145264e-03,2.171712554991245270e-02,-1.192791666835546494e-02,-3.445696085691452026e-02,-4.815393127501010895e-03,3.953969106078147888e-03,4.927609115839004517e-03,1.365076471120119095e-02,-2.986269816756248474e-02,-5.911150947213172913e-03,1.903714053332805634e-02,-4.878102336078882217e-03,-9.148917160928249359e-03,-1.922196708619594574e-02,2.260165289044380188e-02,1.105659175664186478e-02,-2.158510684967041016e-02,1.672680675983428955e-02,-3.794226050376892090e-02,-6.303907372057437897e-03,1.226456556469202042e-02,1.110939867794513702e-02,-1.185530610382556915e-02,1.143944635987281799e-02,-1.058792416006326675e-02,-1.559144444763660431e-02,-1.048890966922044754e-02,6.472231354564428329e-03,6.759373005479574203e-03,-7.993337931111454964e-05,5.435882601886987686e-03,1.037999405525624752e-03,-1.359795685857534409e-02,2.676025219261646271e-02,8.358453051187098026e-04,-8.878277614712715149e-03,-1.994807086884975433e-02,-2.311652712523937225e-02,-5.798934493213891983e-03,-9.709998033940792084e-03,-2.364460378885269165e-02,4.858299158513545990e-03,5.565425963141024113e-04,-1.208633929491043091e-02,-2.249603718519210815e-02,2.524203248322010040e-02,2.356539107859134674e-02,-4.631226509809494019e-02,4.785688593983650208e-03,1.437686942517757416e-02,-4.472803696990013123e-02,-9.076306596398353577e-03,1.259131240658462048e-03,-1.672944724559783936e-01,-3.399489214643836021e-03,2.490208484232425690e-03,3.963870462030172348e-03,1.675321161746978760e-02,-1.893152482807636261e-02,2.676025219261646271e-02,3.561212681233882904e-03,6.891391705721616745e-03,7.116649067029356956e-04,1.444287877529859543e-02,1.582907885313034058e-02,-1.071334164589643478e-02,1.311608776450157166e-02,-1.505016628652811050e-02,2.212638407945632935e-02,-1.318209711462259293e-02,-5.297262221574783325e-03,3.245026990771293640e-02,-2.592523116618394852e-03,3.749339655041694641e-02,-1.371677406132221222e-02,2.787251258268952370e-03,-2.591533027589321136e-02,1.683242246508598328e-02,7.426068652421236038e-03,-1.375638041645288467e-02,3.003432182595133781e-03,-8.531727944500744343e-04,-4.135495051741600037e-03,-1.969723589718341827e-02,3.878058167174458504e-03,2.499119751155376434e-02,-3.031156212091445923e-02,1.693803817033767700e-02,1.853546872735023499e-02,-2.373701706528663635e-02,7.716510444879531860e-03,3.217963268980383873e-03,1.077935192734003067e-02,-2.097451826557517052e-03,2.476676553487777710e-02,3.554611699655652046e-03,-4.201504867523908615e-03,4.848397802561521530e-03,2.097781933844089508e-02,-2.528163837268948555e-03,3.769142553210258484e-03,2.489878423511981964e-02,-2.999471686780452728e-02,8.653845638036727905e-03,-3.255588561296463013e-02,-1.224476285278797150e-02,-5.970559548586606979e-03,2.749295672401785851e-03,1.932758092880249023e-02,-1.165892812423408031e-03,-1.486533973366022110e-02,-6.072874180972576141e-03,-9.162118658423423767e-03,5.336868111044168472e-03,-1.436222373740747571e-05,-5.013421643525362015e-03,-4.696575924754142761e-03,6.089376285672187805e-03,-2.132106944918632507e-02,-3.115648403763771057e-02,-1.437686942517757416e-02,-1.615912653505802155e-02,-2.754246350377798080e-03,-4.092589020729064941e-02,-3.303115442395210266e-02,2.724872156977653503e-02,-3.688611090183258057e-02,3.799507021903991699e-02,1.032388582825660706e-02,3.650325350463390350e-03,-2.501760143786668777e-03,7.267646025866270065e-03,1.260781474411487579e-02,-1.179589796811342239e-02,5.587043985724449158e-02,-2.239042334258556366e-02,1.920876465737819672e-02,-6.327010691165924072e-03,-2.981979167088866234e-03,4.973815754055976868e-03,-1.121501438319683075e-02,5.010121036320924759e-03,2.028141869232058525e-03,5.557999946177005768e-03,-2.075338736176490784e-02,-1.199392601847648621e-02,-7.795722223818302155e-03,3.152613714337348938e-02,1.998767629265785217e-02,1.625483972020447254e-03,-1.907674595713615417e-02,-8.290793746709823608e-03,-1.957841776311397552e-02,-2.087550470605492592e-03,-4.191603511571884155e-03,-1.006644871085882187e-02,1.320850104093551636e-02,2.112304046750068665e-02,7.104272372089326382e-04,3.719635307788848877e-03,3.268790617585182190e-02,3.414011374115943909e-02,-5.993662867695093155e-03,-9.406354278326034546e-03,-4.795590415596961975e-03,1.353194750845432281e-02,1.820542104542255402e-02,2.591533027589321136e-02,2.709029987454414368e-02,-2.970427460968494415e-02,-1.794138178229331970e-02,1.549903117120265961e-02,-1.380423665978014469e-03,6.035908684134483337e-02,8.152172900736331940e-03,-4.921008367091417313e-03,-1.192791666835546494e-02,-2.821906236931681633e-03,-1.857507415115833282e-02,-1.081499680876731873e-01,-4.710438102483749390e-02,1.358475536108016968e-02,9.630786255002021790e-03,3.089244663715362549e-02,2.018570527434349060e-02,-9.412954561412334442e-03,1.475972402840852737e-02,8.376605808734893799e-03,2.066097408533096313e-02,-3.438682470005005598e-04,-1.340653002262115479e-02,-3.815349191427230835e-03,1.922196708619594574e-02,-4.551355261355638504e-03,6.191691383719444275e-03,7.749515585601329803e-03,-3.189579024910926819e-02,-2.743354812264442444e-02,2.425189130008220673e-02,-8.627441711723804474e-03,8.845272823236882687e-04,1.235037762671709061e-02,-3.036436997354030609e-02,6.785776466131210327e-03,3.077693050727248192e-03,-2.356539107859134674e-02,2.039693668484687805e-02,4.113712161779403687e-02,1.707005687057971954e-02,4.607463255524635315e-03,-1.184045453555881977e-03,1.530100218951702118e-02,-1.338672637939453125e-02,1.275633578188717365e-03,-2.948974492028355598e-03,-4.243090748786926270e-02,-3.805447835475206375e-03,1.093117333948612213e-02,-2.026491612195968628e-02,-4.264213610440492630e-03,2.849960234016180038e-03,-4.350026138126850128e-03,-1.370357256382703781e-02,1.961802318692207336e-02,-1.879950612783432007e-02,4.587660077959299088e-03,-1.852226629853248596e-02,1.903714053332805634e-02,7.360059302300214767e-03,-6.627353839576244354e-03,-1.507657021284103394e-02,-3.289913386106491089e-02,2.364790299907326698e-03,4.505148623138666153e-03,-2.404065988957881927e-02,-2.343337284401059151e-03,-2.975378185510635376e-03,-1.155166234821081161e-02,-5.676817148923873901e-03,4.071961157023906708e-04,-4.805491771548986435e-03,1.221835892647504807e-02,1.563104987144470215e-02,-4.802191106136888266e-04,-2.438391000032424927e-02,-1.388839911669492722e-02,-4.063544794917106628e-02,2.014609985053539276e-02,-1.507657021284103394e-02,1.646276935935020447e-02,3.594217356294393539e-03,-1.594789512455463409e-02,3.556592017412185669e-02,-1.365076471120119095e-02,1.185530610382556915e-02,-2.244323119521141052e-02,-9.155517444014549255e-03,8.858474902808666229e-03,-3.625241667032241821e-02,-5.208149552345275879e-03,-1.697764359414577484e-02,1.647597178816795349e-02,-7.115824148058891296e-03,5.064249038696289062e-02,-1.757502905093133450e-04,1.322830375283956528e-02,-1.800739206373691559e-02,1.126782223582267761e-02,8.290793746709823608e-03,1.138663850724697113e-03,-4.016678314656019211e-03,2.509681135416030884e-02,-9.927828796207904816e-03,3.060200437903404236e-02,1.125461980700492859e-02,-2.022531069815158844e-02,-2.772398991510272026e-03,4.812092520296573639e-03,-8.825470693409442902e-03,-2.030452154576778412e-02,-4.439138807356357574e-03,-5.336207896471023560e-02,1.604030840098857880e-02,-4.241110291332006454e-03,-1.108959596604108810e-02,1.118861045688390732e-02,-2.092501148581504822e-02,4.825294483453035355e-03,-3.548670932650566101e-02,2.625527791678905487e-03,-1.576306857168674469e-02,-2.492518723011016846e-02,1.794138178229331970e-02,5.729624535888433456e-03,-1.415243651717901230e-02,-1.850906386971473694e-02,6.006864365190267563e-03,-7.868332788348197937e-03,1.312928926199674606e-02,4.383030813187360764e-03,1.017866469919681549e-02,1.371677406132221222e-02,1.637035608291625977e-02,1.261606579646468163e-03,1.571026071906089783e-02,8.224783465266227722e-03,3.886639326810836792e-02,1.388839911669492722e-02,1.590828970074653625e-02,-8.667047135531902313e-03,-1.211274322122335434e-02,8.739657700061798096e-03,-7.122425362467765808e-03,3.415991552174091339e-03,1.547262724488973618e-02,2.681306004524230957e-02,-7.056415546685457230e-03,1.246259361505508423e-02,3.464178740978240967e-02,1.120181195437908173e-02,5.486709624528884888e-02,7.828726433217525482e-03,-3.041717782616615295e-02,-1.323490496724843979e-02,-7.828726433217525482e-03,-1.163747534155845642e-02,-7.716510444879531860e-03,-1.557824201881885529e-02,1.932758092880249023e-02,2.845009556040167809e-03,-4.607463255524635315e-03,8.861775277182459831e-04,9.498767554759979248e-03,-6.930997478775680065e-04,-7.294049952179193497e-03,1.145924907177686691e-02,1.034698914736509323e-03,2.384263090789318085e-02,-1.288835541345179081e-03,-3.812048584222793579e-03,-3.762541711330413818e-02,3.353282809257507324e-02,4.670171998441219330e-03,2.008008956909179688e-02,-1.279924251139163971e-02,1.568385772407054901e-02,-6.521738599985837936e-03,-8.244587108492851257e-03,1.240978576242923737e-02,7.551487069576978683e-03,-2.140028029680252075e-02,-1.169688347727060318e-02,-2.878014231100678444e-03,1.795458421111106873e-02,2.578331157565116882e-02,-5.402877461165189743e-03,-1.456169597804546356e-02,-1.709645986557006836e-02,1.233717612922191620e-02,-5.903724813833832741e-04,-1.399401389062404633e-02,-8.066360838711261749e-03,-1.495775301009416580e-02,-1.725488342344760895e-02,2.825206704437732697e-02,9.386550635099411011e-03,1.275303587317466736e-02,-2.067953901132568717e-04,-6.663659121841192245e-03,-1.011265534907579422e-02,-8.983893319964408875e-03,-3.429193515330553055e-03,1.774005359038710594e-03,6.343513261526823044e-03,-2.368420921266078949e-02,9.162118658423423767e-03,2.044974267482757568e-02,1.351874601095914841e-02,1.856517163105309010e-03,1.377123175188899040e-03,2.586252242326736450e-02,-1.171008590608835220e-02,3.333995482535101473e-05,-1.446928270161151886e-02,-2.050255052745342255e-02,3.193209646269679070e-03,2.008339157328009605e-03,-2.140028029680252075e-02,-5.972539633512496948e-02,-1.433726400136947632e-02,1.897113025188446045e-02,1.572346314787864685e-02,1.891832239925861359e-02,3.984333574771881104e-02,1.643636636435985565e-02,-1.505841733887791634e-03,5.812136456370353699e-03,1.568385772407054901e-02,-6.303907372057437897e-03,-1.343293301761150360e-02,3.184298425912857056e-02,-5.548098590224981308e-03,1.763773895800113678e-02,1.032388582825660706e-02,-1.252200268208980560e-02,8.270990103483200073e-03,-1.908994838595390320e-02,1.058792416006326675e-02,-1.031728461384773254e-02,-2.706389641389250755e-03,-1.264107686438364908e-05,2.402745746076107025e-02,2.173032797873020172e-02,-3.020594827830791473e-02,-1.180249918252229691e-02,1.409962959587574005e-02,5.719723179936408997e-03,-2.606055140495300293e-02,1.729448884725570679e-02,-1.436366699635982513e-02,3.926245123147964478e-02,-1.446928270161151886e-02,-4.079387057572603226e-03,7.874933071434497833e-03,2.231121063232421875e-02,4.544094204902648926e-02,2.170392312109470367e-02,5.257656797766685486e-03,-2.328485250473022461e-03,-1.005984749644994736e-02,2.830487303435802460e-02,4.241110291332006454e-03,1.621193252503871918e-02,5.614107940346002579e-03,-3.485301509499549866e-02,5.320365540683269501e-03,2.266766317188739777e-02,1.746611483395099640e-02,-9.069705381989479065e-03,-1.469371467828750610e-02,5.291321501135826111e-02,-3.917663823813199997e-03,8.105966262519359589e-03,7.518481928855180740e-03,-1.885231398046016693e-02,9.538372978568077087e-03,4.290617629885673523e-02,-2.524863462895154953e-03,6.198292132467031479e-03,-4.979756847023963928e-02,3.468799171969294548e-03,2.374691888689994812e-03,-3.817989677190780640e-02,-1.425805222243070602e-02,7.742914371192455292e-03,-3.324238583445549011e-02,-6.713166367262601852e-03,7.808923721313476562e-03,5.482089240103960037e-03,-9.059804142452776432e-04,-1.911635138094425201e-02,-3.298824885860085487e-03,-1.915595680475234985e-02,-5.709821823984384537e-03,2.938742935657501221e-02,2.780320122838020325e-02,-5.472187418490648270e-03,5.257656797766685486e-03,-8.171976543962955475e-03
-6.953164469450712204e-03,-2.789129875600337982e-02,-5.898065865039825439e-03,1.429953332990407944e-02,8.755351416766643524e-03,3.145635128021240234e-02,-2.660683123394846916e-03,-3.258353844285011292e-02,-3.219360951334238052e-03,-1.152088865637779236e-02,3.182334452867507935e-02,2.604323811829090118e-02,-1.518751960247755051e-03,-9.279623627662658691e-03,-3.781315637752413750e-03,4.315418191254138947e-03,8.565302938222885132e-03,-5.265662446618080139e-03,6.887630559504032135e-03,-1.360487192869186401e-02,4.480891802813857794e-04,4.446486476808786392e-03,-1.515147648751735687e-02,-1.384079456329345703e-02,-1.861167512834072113e-02,-3.253766335546970367e-03,-1.103429822251200676e-03,-2.394614741206169128e-02,2.259287051856517792e-03,-1.673740148544311523e-02,-7.916515693068504333e-03,-1.002015918493270874e-02,-1.827089861035346985e-02,-4.839690867811441422e-03,-3.481169790029525757e-02,-2.414930379018187523e-03,-1.716992584988474846e-03,-2.437867224216461182e-02,2.776023000478744507e-02,1.133084017783403397e-02,-1.209103502333164215e-02,-8.349040523171424866e-03,7.444669958204030991e-03,2.635780163109302521e-02,-2.297624386847019196e-02,2.495209686458110809e-03,-3.124336712062358856e-03,-2.601702511310577393e-02,-1.727478019893169403e-02,1.272016204893589020e-02,1.344759017229080200e-02,1.298885233700275421e-02,-2.430003136396408081e-02,-1.407671719789505005e-02,-6.192969158291816711e-03,-7.479075575247406960e-04,-8.552195504307746887e-03,9.777682833373546600e-03,-1.428642682731151581e-02,-1.519079692661762238e-02,-5.678527057170867920e-03,5.400007124990224838e-03,-1.083769602701067924e-03,1.007913984358310699e-02,-8.691455586813390255e-04,-1.494995900429785252e-03,-2.453595399856567383e-02,2.013534307479858398e-03,-4.036898724734783173e-03,-1.471895165741443634e-02,2.998838946223258972e-02,5.229618400335311890e-02,1.002671197056770325e-02,3.181678941473364830e-03,3.439227864146232605e-02,-2.330391481518745422e-02,-5.249278619885444641e-03,9.587634354829788208e-03,-2.259614691138267517e-02,-6.867970339953899384e-03,-2.665925770998001099e-02,-9.843217208981513977e-03,-1.390632893890142441e-02,-4.053282085806131363e-03,1.603127107955515385e-03,-3.614203771576285362e-03,1.709128543734550476e-02,1.107525732368230820e-02,7.385689299553632736e-03,-2.909712679684162140e-02,1.644905097782611847e-02,3.019809909164905548e-02,4.826583899557590485e-03,7.837874814867973328e-03,-1.138326711952686310e-02,1.491555385291576385e-02,-1.637041009962558746e-02,3.001460246741771698e-02,6.789329461753368378e-03,-8.014816790819168091e-03,1.650639314902946353e-04,3.876340109854936600e-03,-1.836264505982398987e-02,-3.817359451204538345e-03,-5.772240832448005676e-02,-1.716992631554603577e-02,-1.047889702022075653e-02,1.299212919548153877e-03,2.970003895461559296e-02,-2.289760299026966095e-02,2.351034665480256081e-03,4.230879247188568115e-02,1.257598772644996643e-02,-4.739423841238021851e-02,-3.324215533211827278e-03,-1.715681888163089752e-02,1.051166467368602753e-02,-1.351312454789876938e-02,-1.926701515913009644e-02,-8.696370758116245270e-03,1.684225513599812984e-03,-3.689568024128675461e-03,-9.862877428531646729e-03,-2.482430450618267059e-02,6.592727266252040863e-03,1.785147935152053833e-02,-1.678982749581336975e-02,-2.224226295948028564e-02,4.833137616515159607e-03,-1.382768806070089340e-02,5.898066237568855286e-02,1.273326948285102844e-02,3.006703034043312073e-02,-9.613847360014915466e-03,2.146240789443254471e-03,3.025052510201931000e-02,-1.105559710413217545e-02,3.275064984336495399e-03,-1.938497647643089294e-02,-1.049200445413589478e-02,-1.761228078976273537e-03,1.452234946191310883e-02,-7.208747323602437973e-03,-1.273818430490791798e-03,5.118210799992084503e-03,1.010535284876823425e-02,6.576343439519405365e-03,1.163884997367858887e-02,1.103593688458204269e-02,-8.342486806213855743e-03,5.504861474037170410e-02,-8.139330893754959106e-03,2.263546735048294067e-02,-1.397186331450939178e-02,-2.976885065436363220e-03,9.030594490468502045e-03,-2.030245400965213776e-02,5.554012022912502289e-03,1.836592215113341808e-03,-4.826583899557590485e-03,2.994906855747103691e-03,2.078740671277046204e-02,2.010585181415081024e-02,1.318545453250408173e-02,1.983060874044895172e-02,3.394664824008941650e-02,1.315268687903881073e-02,-1.841507293283939362e-02,-1.436506770551204681e-02,-7.169426884502172470e-03,2.390682697296142578e-02,9.069914929568767548e-03,-3.263596445322036743e-02,3.323888033628463745e-02,1.023642159998416901e-02,2.906435867771506310e-03,3.815311356447637081e-04,3.892723703756928444e-03,-8.853652514517307281e-03,-3.245574655011296272e-03,-4.338355362415313721e-02,1.217622961848974228e-02,9.823556989431381226e-03,2.664615213871002197e-02,-2.285828255116939545e-02,-9.168216027319431305e-03,1.023642159998416901e-02,-8.773372974246740341e-04,1.344759017229080200e-02,-1.585924439132213593e-02,1.436015241779386997e-03,1.620002090930938721e-02,-2.150828018784523010e-02,-1.235317159444093704e-02,-6.492590904235839844e-01,-6.861416622996330261e-03,-1.437817420810461044e-02,-1.224176399409770966e-02,1.309370622038841248e-02,-6.822096183896064758e-03,2.799943089485168457e-03,4.459593445062637329e-03,-1.384079456329345703e-02,2.549275197088718414e-02,-2.166556194424629211e-02,8.591515943408012390e-03,8.404743857681751251e-04,-2.925440855324268341e-02,-1.150122843682765961e-02,-5.957046523690223694e-03,-3.098450787365436554e-02,-1.550536043941974640e-02,1.964711397886276245e-02,-1.133739389479160309e-02,-1.813982985913753510e-02,5.734230944653972983e-05,7.470883894711732864e-03,1.895245164632797241e-02,1.352623105049133301e-02,2.160002849996089935e-02,2.327769994735717773e-02,-6.979377940297126770e-03,-1.429953332990407944e-02,-2.052854746580123901e-03,-4.377675801515579224e-02,1.382768806070089340e-02,-1.859856769442558289e-02,6.972824689000844955e-03,2.852042578160762787e-02,-3.405150026082992554e-02,-2.283206954598426819e-02,3.001460246741771698e-02,1.473697368055582047e-03,1.554468087852001190e-02,-3.433985263109207153e-02,-5.845638923346996307e-03,2.352673001587390900e-02,4.017238505184650421e-03,-2.094468846917152405e-02,1.787441666238009930e-03,1.067549921572208405e-02,8.034477010369300842e-03,2.749809436500072479e-02,1.376215368509292603e-02,4.066389054059982300e-03,-3.606995195150375366e-02,-1.022986788302659988e-02,3.253111243247985840e-02,-7.352922577410936356e-03,-4.554617684334516525e-03,2.692139521241188049e-02,-1.290365774184465408e-02,8.145884610712528229e-03,8.827438578009605408e-03,7.497097365558147430e-03,3.288171719759702682e-03,-1.533497218042612076e-02,-3.984471410512924194e-02,-2.002721093595027924e-02,1.146846171468496323e-02,7.733020000159740448e-03,5.141147412359714508e-03,1.140292733907699585e-02,6.979377940297126770e-03,1.279880292713642120e-02,1.474516559392213821e-02,1.618691487237811089e-03,-7.995156571269035339e-03,1.549225393682718277e-02,-1.224176399409770966e-02,4.000199586153030396e-02,-2.038109488785266876e-02,1.102938316762447357e-02,9.541760198771953583e-03,1.820536330342292786e-02,-2.133789286017417908e-02,-4.280685260891914368e-02,-8.493214845657348633e-03,2.006653137505054474e-02,-1.038715010508894920e-03,-1.309370622038841248e-02,-1.284467754885554314e-03,1.948983222246170044e-02,-8.224525372497737408e-04,8.601346053183078766e-04,3.622723370790481567e-02,-5.345122190192341805e-04,-6.841756403446197510e-03,1.265626633539795876e-03,2.482430450618267059e-02,-4.517754714470356703e-04,5.632652901113033295e-03,2.904469892382621765e-02,-4.043451976031064987e-03,1.270705554634332657e-02,-8.270399644970893860e-03,-1.967660384252667427e-03,-2.931011142209172249e-03,2.713110297918319702e-02,1.973886042833328247e-02,-3.693500161170959473e-02,7.909961976110935211e-03,6.330590695142745972e-03,-2.019760012626647949e-02,-8.840546011924743652e-03,6.577981985174119473e-04,2.191459201276302338e-02,-6.743455305695533752e-03,1.575439050793647766e-02,-3.101072087883949280e-02,1.646215841174125671e-02,1.204516179859638214e-02,-8.722584694623947144e-03,-1.609516702592372894e-02,1.205171458423137665e-02,1.579371094703674316e-02,1.193375326693058014e-02,-1.306749321520328522e-02,1.942429691553115845e-02,2.726217173039913177e-02,-2.575488761067390442e-02,-2.901848591864109039e-02,-2.686896733939647675e-02,2.192769944667816162e-02,7.995156571269035339e-03,1.725184265524148941e-03,2.360537089407444000e-02,-1.260220073163509369e-02,1.854614168405532837e-02,-6.075007840991020203e-03,1.137671433389186859e-02,-5.966876633465290070e-03,2.996217645704746246e-02,-1.203860808163881302e-02,-4.652918782085180283e-03,2.457527443766593933e-02,-8.014816790819168091e-03,7.549524772912263870e-03,5.976706743240356445e-03,-4.115539416670799255e-02,-2.305488474667072296e-02,-1.111457776278257370e-02,-4.338355362415313721e-02,2.239954471588134766e-02,3.987338277511298656e-04,-1.967332698404788971e-02,3.843573154881596565e-03,-7.536417804658412933e-03,2.386750653386116028e-02,-7.542971055954694748e-03,6.049613584764301777e-04,1.244491897523403168e-02,7.274281699210405350e-03,-3.011945821344852448e-02,1.369662024080753326e-02,1.604273915290832520e-02,-1.904419995844364166e-02,-2.195391245186328888e-02,2.115439623594284058e-02,-2.996217645704746246e-02,1.834953948855400085e-02,1.109491754323244095e-02,-7.385689299553632736e-03,-2.578110247850418091e-02,9.489333257079124451e-03,1.463048043660819530e-03,1.963400654494762421e-02,-2.701641991734504700e-03,-7.575738243758678436e-03,3.583894431358203292e-05,-1.123909279704093933e-02,-3.329130634665489197e-02,-1.174370478838682175e-02,2.123303711414337158e-02,2.314663305878639221e-02,2.053837664425373077e-02,-1.617380790412425995e-02,6.101221777498722076e-03,7.870641537010669708e-03,7.069487473927438259e-04,-4.128646105527877808e-03,-5.167361348867416382e-03,-1.156676281243562698e-02,5.841747770318761468e-05,4.531680606305599213e-03,-1.019054744392633438e-02,2.044662833213806152e-03,1.320511475205421448e-02,8.683264255523681641e-03,2.262235991656780243e-02,1.110802404582500458e-02,4.089325666427612305e-03,1.422089245170354843e-02,2.852042578160762787e-02,-9.510631789453327656e-04,-7.313602138310670853e-03,1.650147885084152222e-02,-1.474516466259956360e-03,2.452612388879060745e-03,-1.470584515482187271e-02,-7.241514511406421661e-03,-7.267727982252836227e-03,2.609566599130630493e-02,-5.442604422569274902e-03,2.747188135981559753e-02,-3.129906952381134033e-02,-1.644905097782611847e-02,-1.525633130222558975e-02,5.835808813571929932e-03,1.990924961864948273e-02,-8.250739425420761108e-03,-3.800975857302546501e-03,1.022331416606903076e-02,-1.021676138043403625e-02,1.456166990101337433e-02,-5.288599058985710144e-03,1.220244355499744415e-02,8.198311552405357361e-03,-2.880877628922462463e-02,1.285123080015182495e-02,1.364419236779212952e-02,-5.259108729660511017e-03,1.383587950840592384e-03,-7.970581064000725746e-04,2.125925198197364807e-02,-3.481169790029525757e-02,-2.453595399856567383e-02,3.772141039371490479e-02,-2.786836121231317520e-03,-4.079495556652545929e-03,-8.707839297130703926e-04,-1.850682124495506287e-02,2.361847832798957825e-02,-1.272016204893589020e-02,-6.350250914692878723e-03,3.882238268852233887e-02,1.347380410879850388e-02,-1.912284083664417267e-02,-4.644727159757167101e-04,2.964761294424533844e-02,3.624033881351351738e-03,-3.650247585028409958e-03,-7.622431148774921894e-04,2.739324001595377922e-03,-4.210563842207193375e-03,7.278377306647598743e-04,-1.353933848440647125e-02,-3.219360951334238052e-03,-1.196652092039585114e-02,-8.237631991505622864e-03,1.593788526952266693e-02,2.145585417747497559e-02,-3.938597626984119415e-03,1.474516559392213821e-02,-1.085899490863084793e-02,-8.224525488913059235e-03,1.463867258280515671e-03,-2.434590598568320274e-03,3.137771040201187134e-02,-9.207536466419696808e-03,7.621611934155225754e-03,-1.526943780481815338e-02,-2.896605804562568665e-02,-3.355344384908676147e-02,1.883449032902717590e-02,-6.730348803102970123e-03,3.224276006221771240e-02,3.245574655011296272e-03,2.550585940480232239e-02,5.606439430266618729e-03,-2.777006011456251144e-03,3.108936175704002380e-02,1.917526870965957642e-02,2.178352326154708862e-02,-1.775973290205001831e-02,-2.149517461657524109e-02,6.750009022653102875e-03,-1.571507006883621216e-02,-6.776222493499517441e-03,-1.121943257749080658e-02,-3.745927289128303528e-02,1.694710925221443176e-02,-2.317284606397151947e-02,2.305160742253065109e-03,-1.627866178750991821e-02,1.123253908008337021e-02,3.601097036153078079e-03,-2.226847596466541290e-02,-2.118061110377311707e-02,-2.141653373837471008e-02,4.047384113073348999e-02,-9.561420418322086334e-03,2.203255333006381989e-02,1.075414009392261505e-02,-9.391032159328460693e-03,-9.993945248425006866e-03,-1.108181104063987732e-02,-8.185205049812793732e-03,4.631947726011276245e-02,1.823157817125320435e-02,1.445681508630514145e-02,4.335078410804271698e-03,-7.929622195661067963e-03,-2.063012495636940002e-02,-1.458788383752107620e-02,-3.926924182451330125e-05,-2.128546498715877533e-02,-2.427381835877895355e-02,1.099661644548177719e-02,-2.633650437928736210e-04,-2.145585417747497559e-02,3.263596445322036743e-03,2.715731784701347351e-02,-3.418257087469100952e-02,1.146846171468496323e-02,-3.080101124942302704e-02,1.314613409340381622e-02,6.324037443846464157e-03,9.384478628635406494e-02,9.653167799115180969e-03,-1.270705554634332657e-02,2.688535023480653763e-03,-2.306799218058586121e-02,1.428642682731151581e-02,-3.478548303246498108e-02,-1.328375563025474548e-02,1.808740198612213135e-02,-4.587384872138500214e-03,-5.901342723518610001e-03,-1.083278097212314606e-02,3.347480297088623047e-02,-2.249129116535186768e-02,3.433985263109207153e-02,1.004309626296162605e-03,-2.152138762176036835e-02,2.981800120323896408e-03,-4.541510716080665588e-03,-2.023692056536674500e-02,-9.974285028874874115e-03,3.705951618030667305e-03,1.032816898077726364e-02,2.036798745393753052e-02,6.016027182340621948e-03,-3.473305702209472656e-02,-4.610321484506130219e-03,1.866410300135612488e-02,7.326708640903234482e-03,-3.171848831698298454e-03,1.631798222661018372e-02,1.401118375360965729e-02,1.300195883959531784e-02,1.153399609029293060e-02,-1.222865656018257141e-02,-1.578060351312160492e-02,2.999821910634636879e-03,2.080051228404045105e-02,9.967731311917304993e-03,-1.389322243630886078e-02,2.453595399856567383e-02,1.570196263492107391e-02,1.197962742298841476e-02,-1.631798222661018372e-02,5.966876633465290070e-03,9.371371939778327942e-03,-6.635324098169803619e-03,1.930633559823036194e-02,-3.245247155427932739e-02,-2.167866937816143036e-02,2.682964690029621124e-02,-3.903209045529365540e-02,-2.246507816016674042e-02,-1.549225393682718277e-02,-1.819225773215293884e-02,6.808989681303501129e-03,4.856074228882789612e-03,-1.068860664963722229e-02,-5.010079592466354370e-03,5.947216413915157318e-03,-4.081461578607559204e-02,-2.094468846917152405e-02,1.985477429116144776e-04,-2.937564626336097717e-03,-2.390682697296142578e-02,-1.412914507091045380e-02,-1.025608181953430176e-02,1.137671433389186859e-02,-1.431264076381921768e-02,2.144602360203862190e-03,-7.025252096354961395e-03,-2.400185214355587959e-03,-2.870392240583896637e-02,-1.807101885788142681e-03,3.237383067607879639e-02,2.335634082555770874e-02,3.188232425600290298e-03,-1.116045191884040833e-02,-3.702674875967204571e-04,5.996366962790489197e-03,-3.325853962451219559e-03,1.431100186891853809e-03,-1.312647387385368347e-02,9.305837564170360565e-03,-7.156320381909608841e-03,3.260319819673895836e-03,1.491555385291576385e-02,-5.334473215043544769e-03,-3.266217932105064392e-02,-1.908352039754390717e-02,-9.068276849575340748e-04,-1.205826830118894577e-02,2.608255855739116669e-02,-2.567624673247337341e-02,-1.743206195533275604e-02,5.242725368589162827e-03,-3.732165088877081871e-03,-3.689568024128675461e-03,-6.029134150594472885e-03,-9.155109524726867676e-03,5.350856576114892960e-03,-1.532186474651098251e-02,-7.123553194105625153e-03,-7.995156571269035339e-03,2.131167799234390259e-02,2.742600627243518829e-03,-2.462442498654127121e-03,2.789129875600337982e-02,-1.120632514357566833e-02,-1.113423798233270645e-02,-1.844784012064337730e-03,-3.368451073765754700e-02,-4.692239221185445786e-03,-1.109491754323244095e-02,-1.800876110792160034e-02,2.789129875600337982e-02,-1.635730266571044922e-02,2.141653373837471008e-02,1.515147648751735687e-02,-8.886419236660003662e-03,1.160608325153589249e-02,-2.452284842729568481e-02,3.266217932105064392e-02,-1.952915266156196594e-02,-1.542671956121921539e-02,1.660633273422718048e-02,1.092452928423881531e-02,-1.837575249373912811e-02,-2.027460141107439995e-04,2.980489470064640045e-02,3.457577526569366455e-02,3.066994436085224152e-02,-1.313302665948867798e-02,-6.284717004746198654e-03,-1.942429691553115845e-02,-1.242525875568389893e-02,-7.307048421353101730e-03,2.019760012626647949e-02,-1.353933848440647125e-02,1.223521027714014053e-02,3.781315637752413750e-03,-1.945051178336143494e-02,-2.686896733939647675e-02,-2.525682933628559113e-02,6.019304040819406509e-03,-3.659422323107719421e-02,-1.671118661761283875e-03,-2.044662833213806152e-02,-5.829255096614360809e-03,3.646315634250640869e-02,-1.214346289634704590e-02,-6.494426168501377106e-03,-1.479759253561496735e-02,2.293692436069250107e-03,1.768109202384948730e-02,-1.807429641485214233e-02,-4.031655937433242798e-02,1.815293729305267334e-02,2.166556194424629211e-02,2.836314402520656586e-02,8.775011636316776276e-03,4.692239221185445786e-03,9.187876246869564056e-03,-9.895644150674343109e-03,9.043700993061065674e-03,7.621611934155225754e-03,-5.757167935371398926e-03,3.584713442251086235e-03,-4.173209518194198608e-02,-1.601488795131444931e-03,1.239249203354120255e-02,6.448552012443542480e-03,2.715731784701347351e-02,3.722334979102015495e-03,9.214090183377265930e-03,9.279623627662658691e-03,1.408982463181018829e-02,7.936175912618637085e-03,-1.126530580222606659e-02,-2.799615263938903809e-02,-1.264152117073535919e-02,-1.908352039754390717e-02,6.802435964345932007e-03,-1.883449032902717590e-02,-8.309720084071159363e-03,-3.572917357087135315e-02,4.055248200893402100e-02,-6.111051887273788452e-03,-7.850981317460536957e-03,-2.713110297918319702e-03,2.546653896570205688e-02,-2.042041532695293427e-02,2.875634841620922089e-02,-6.537023000419139862e-03,1.060341205447912216e-02,-2.596459724009037018e-02,3.394664824008941650e-02,1.755002327263355255e-02,-1.578060351312160492e-02,1.796944066882133484e-02,1.148156821727752686e-02,6.297823973000049591e-03,-1.363927731290459633e-03,-3.876995295286178589e-02,-3.040780685842037201e-02,1.716992631554603577e-02,-9.004380553960800171e-03,1.855924725532531738e-02,5.226342007517814636e-03,-2.369711920619010925e-02,3.673184430226683617e-03,4.643088672310113907e-03,-4.301656037569046021e-02,-3.242625668644905090e-02,1.744516938924789429e-02,7.202194072306156158e-03,4.780710209161043167e-03,2.395925484597682953e-02,-1.917526870965957642e-02,-2.184905856847763062e-02,4.816754080820828676e-04,-1.368351280689239502e-02,2.275342866778373718e-02,-1.137671433389186859e-02,1.795633509755134583e-02,3.378936648368835449e-02,4.888841416686773300e-03,-2.355294302105903625e-02,-4.410442896187305450e-03,-8.362147025763988495e-03,1.140948105603456497e-02,9.954624809324741364e-03,1.034127548336982727e-02,-5.095273954793810844e-04,2.019760012626647949e-02,1.256288029253482819e-02,1.133534606196917593e-04,-1.138982083648443222e-02,-4.836414009332656860e-02,3.664664924144744873e-02,3.660077694803476334e-03,1.821847050450742245e-03,-8.073797449469566345e-03,-1.922769472002983093e-02,2.004031836986541748e-02,2.449663355946540833e-02,-8.748797699809074402e-03,5.095273721963167191e-03,-2.011895924806594849e-02,-2.043352276086807251e-02,-6.376464851200580597e-03,-9.391032159328460693e-03,3.092388797085732222e-04,4.469423554837703705e-03,2.022381313145160675e-02,7.470883894711732864e-03,1.461409684270620346e-02,-1.266445848159492016e-03,1.002015918493270874e-02,7.097339723259210587e-03,-3.077479824423789978e-02,1.975196786224842072e-02,-1.137016061693429947e-02,-1.568885520100593567e-02,3.473305609077215195e-03,1.824468374252319336e-02,-1.928012259304523468e-02,-2.806496340781450272e-03,-1.415535807609558105e-02,2.542721852660179138e-02,3.260319819673895836e-03,-6.304377224296331406e-03,-1.454856339842081070e-02,2.491605281829833984e-02,1.171749085187911987e-02,1.954225823283195496e-02,7.916515693068504333e-03,-2.922819368541240692e-02,5.354133434593677521e-03,-1.131117995828390121e-02,1.604273915290832520e-02,-1.693390004220418632e-05,1.528254430741071701e-02,-2.964761294424533844e-02,-1.543982606381177902e-02,-2.650197595357894897e-02,2.780282869935035706e-03,1.238593831658363342e-02,9.653167799115180969e-03,-1.626555621623992920e-02,-3.132528439164161682e-02,9.993945714086294174e-04,-1.608205959200859070e-02,2.089226059615612030e-02,-1.903109252452850342e-02,-2.074153162539005280e-03,6.795882713049650192e-03,3.604373708367347717e-02,-2.524372190237045288e-02,3.591267019510269165e-02,-1.880827732384204865e-02,-1.173879019916057587e-03,-2.833693102002143860e-02,1.790390722453594208e-02,8.742244914174079895e-03,-1.316579431295394897e-02,2.596459724009037018e-02,-1.883449032902717590e-02,-3.599131107330322266e-02,3.135149925947189331e-02,2.677066717296838760e-03,2.057769708335399628e-02,-2.826156560331583023e-03,-3.405150026082992554e-02,1.009224634617567062e-02,1.610704493941739202e-04,9.089575149118900299e-03,-2.591216936707496643e-02,-1.947672478854656219e-02,3.388111246749758720e-03,-1.597720570862293243e-02,1.897866651415824890e-02,2.323837950825691223e-02,-2.094468846917152405e-02,-9.653167799115180969e-03,1.092452928423881531e-02,-1.040025614202022552e-02,1.576749607920646667e-02,-1.992235705256462097e-02,-4.256437532603740692e-03,-8.217971771955490112e-03,8.689817041158676147e-03,-1.244491897523403168e-02,-1.554468087852001190e-02,3.728888463228940964e-03,4.000854678452014923e-03,-1.812672242522239685e-02,-1.639990019612014294e-03,9.843217208981513977e-03,5.419667344540357590e-03,1.338860951364040375e-02,1.285123080015182495e-02,1.935876347124576569e-02,-4.692239221185445786e-03,-2.211119420826435089e-02,9.358264505863189697e-03,1.853303425014019012e-02,-2.072187140583992004e-02,-2.558450028300285339e-02,-3.122043050825595856e-02,-1.156020909547805786e-02,3.960879147052764893e-02,8.414573967456817627e-03,-7.392243016511201859e-03,2.838935889303684235e-02,-2.383801765972748399e-04,-4.335733875632286072e-02,1.509904954582452774e-02,6.598461186513304710e-04,1.036093570291996002e-02,7.733020000159740448e-03,4.934715107083320618e-03,1.694710925221443176e-02,1.848060637712478638e-02,7.372582796961069107e-03,1.311336643993854523e-02,-2.679032646119594574e-02,-1.653096871450543404e-03,-4.272821359336376190e-03,-2.277964167296886444e-02,4.530042351689189672e-04,-1.580681651830673218e-02,-3.499519079923629761e-02,6.756562273949384689e-03,2.528304234147071838e-02,-2.901848591864109039e-02,-6.032411009073257446e-03,9.135449305176734924e-03,-2.570246160030364990e-02,-3.229518979787826538e-02,-4.351462237536907196e-03,-1.800548518076539040e-03,1.342137716710567474e-02,3.091569524258375168e-03,-9.967731311917304993e-03,-8.879866451025009155e-03,-2.323182765394449234e-03,-9.797343518584966660e-04,2.722940407693386078e-03,-3.384179249405860901e-02,5.062506534159183502e-03,4.380952566862106323e-03,-3.961534239351749420e-03,2.701641991734504700e-03,-1.424546819180250168e-03,-1.563642919063568115e-02,4.808562225662171841e-04,-1.063617877662181854e-02,2.482430450618267059e-02,1.273982226848602295e-02,-1.089176163077354431e-02,2.975246682763099670e-02,-1.879516988992691040e-02,-2.846799977123737335e-02,1.462720427662134171e-02,3.489033877849578857e-02,-1.588545739650726318e-02,-1.844128593802452087e-02,-2.074153162539005280e-03,-2.810797195706982166e-05,1.479759253561496735e-02,-1.267265062779188156e-03,3.525732783600687981e-03,-2.852042578160762787e-02,1.263578742509707808e-04,-8.643943816423416138e-03,1.187477260828018188e-02,-2.001410350203514099e-02,2.344808913767337799e-02,2.765537612140178680e-02,-1.475827209651470184e-02,1.513836998492479324e-02,8.709477260708808899e-03,3.037503920495510101e-03,1.163229718804359436e-02,-1.684225536882877350e-02,9.109235368669033051e-03,-5.334473215043544769e-03,-3.646970959380269051e-03,1.336894929409027100e-02,2.125925198197364807e-02,2.727855462580919266e-04,-1.882138475775718689e-02,1.064928621053695679e-02,-2.935926243662834167e-02,7.778893690556287766e-03,1.833905279636383057e-01,-1.528254430741071701e-02,8.827438578009605408e-03,3.609616309404373169e-02,-6.235566455870866776e-03,-8.309720084071159363e-03,4.178452119231224060e-02,1.728788763284683228e-02,1.713060587644577026e-02,5.937386304140090942e-03,-5.499618873000144958e-02,-1.124564558267593384e-02,-1.125219929963350296e-02,1.612138003110885620e-03,2.865149453282356262e-02,-3.706606850028038025e-02,-2.221604809165000916e-02,-3.584713442251086235e-03,-3.939907997846603394e-02,-2.875634841620922089e-02,1.182234566658735275e-02,-8.250739425420761108e-03,-9.862877195701003075e-04,-1.098350994288921356e-02,1.903109252452850342e-02,1.200584135949611664e-02,8.329380303621292114e-03,9.043700993061065674e-03,1.258909422904253006e-02,-1.346069760620594025e-02,-1.260220073163509369e-02,-1.841507293283939362e-02,-2.300245687365531921e-02,-2.371022477746009827e-02,-2.256993204355239868e-02,1.706507056951522827e-02,1.800876110792160034e-02,5.786658264696598053e-03,-2.770780399441719055e-02,2.998838946223258972e-02,2.022381313145160675e-02,-8.335933089256286621e-03,2.718025352805852890e-03,-1.054443139582872391e-02,3.892723703756928444e-03,2.776023000478744507e-02,-9.764576330780982971e-03,-2.264202106744050980e-03,-1.829711161553859711e-02,-1.790718408301472664e-03,-2.744566649198532104e-02,-6.287993863224983215e-03,2.045973576605319977e-02,1.183545216917991638e-02,6.160202436149120331e-03,-1.108181104063987732e-02,-5.590056069195270538e-03,2.728838473558425903e-02,6.291270256042480469e-03,-3.284895094111561775e-03,-1.142914127558469772e-02,-3.437261795625090599e-03,-1.389322243630886078e-02,-6.756562273949384689e-03,-9.227196685969829559e-03,3.263596445322036743e-02,-8.768457919359207153e-03,-1.317234709858894348e-02,-4.544787574559450150e-03,-1.815293729305267334e-02,-8.670156821608543396e-03,-8.866759017109870911e-03,-1.279880292713642120e-02,2.660683123394846916e-03,1.653096871450543404e-03,-6.248673424124717712e-03,2.184905856847763062e-02,-7.287388201802968979e-03,-2.742191136348992586e-04,1.943740434944629669e-02,-5.596609320491552353e-03,9.803896769881248474e-03,1.473205816000699997e-02,4.115539602935314178e-03,-7.320155389606952667e-03,-2.512576058506965637e-02,2.776023000478744507e-02,9.292731061577796936e-03,-1.883449032902717590e-02,2.956897206604480743e-02,2.229468896985054016e-02,1.150778215378522873e-02,-4.862627945840358734e-03,1.293478650040924549e-03,3.206254215911030769e-03,1.426021289080381393e-02,9.908750653266906738e-03,1.943085109815001488e-03,-3.169227391481399536e-02,-9.004380553960800171e-03,-2.876945538446307182e-03,-3.887480869889259338e-02,1.035438291728496552e-02,2.157709095627069473e-03,1.436015241779386997e-03,2.549275197088718414e-02,1.950293779373168945e-02,2.627916075289249420e-02,-1.364419236779212952e-02,-3.093208000063896179e-02,1.121943257749080658e-02,-7.615058682858943939e-03,1.025608181953430176e-02,3.039142349734902382e-03,1.808740198612213135e-02,-1.351312454789876938e-02,-2.770780399441719055e-02,-2.177041769027709961e-02,8.814332075417041779e-03,-1.235317159444093704e-02,8.919186890125274658e-03,-7.477437146008014679e-03,9.155109524726867676e-03,4.236777313053607941e-03,-7.237418321892619133e-04,-7.293941918760538101e-03,-2.277964167296886444e-02,2.060391008853912354e-02,1.445681508630514145e-02,-1.896555908024311066e-02,2.723595872521400452e-02,-3.203305229544639587e-02,-2.454906143248081207e-02,1.880827732384204865e-02,5.367239937186241150e-03,1.419631764292716980e-03,2.032866701483726501e-02,-8.054137229919433594e-03,-9.692488238215446472e-03,1.960902227438054979e-05,-7.352922577410936356e-03,3.299640258774161339e-03,6.278163753449916840e-03,2.007963880896568298e-02,-7.759233471006155014e-03,-2.391993440687656403e-02,2.410342916846275330e-02,-1.436506770551204681e-02,1.580681651830673218e-02,-1.581992395222187042e-02,-3.274082019925117493e-02,2.867115428671240807e-03,1.243181247264146805e-02,-2.458838187158107758e-02,6.687751505523920059e-03,9.527014917694032192e-04,-1.719613932073116302e-02,-1.104904338717460632e-02,9.122341871261596680e-03,4.078840464353561401e-02,-5.347579717636108398e-02,1.011846028268337250e-02,1.841507293283939362e-02,-3.960879147052764893e-02,2.041386207565665245e-03,-2.006980794249102473e-04,-1.655652672052383423e-01,-9.609956759959459305e-05,7.012145128101110458e-03,1.292249944526702166e-04,2.123303711414337158e-02,-2.254371903836727142e-02,1.338860951364040375e-02,1.455675461329519749e-03,-2.896605804562568665e-02,-8.113117888569831848e-03,5.934109911322593689e-03,8.709477260708808899e-03,8.790780702838674188e-05,1.385390199720859528e-02,-2.031556144356727600e-02,2.232090383768081665e-02,-3.043402172625064850e-02,4.184350371360778809e-03,2.298935130238533020e-02,8.801225572824478149e-03,5.030395090579986572e-02,-1.348691061139106750e-02,-4.403889179229736328e-03,-3.433985263109207153e-02,3.224276006221771240e-02,5.134594161063432693e-03,1.002671197056770325e-02,2.549275197088718414e-02,-1.600341871380805969e-02,-5.616269540041685104e-03,-7.208747323602437973e-03,1.901798695325851440e-02,2.677721902728080750e-02,-2.739324048161506653e-02,4.841656982898712158e-02,1.744516938924789429e-02,-6.242119707167148590e-03,3.181678941473364830e-03,-9.273070842027664185e-03,8.408021181821823120e-03,-2.695088507607579231e-03,2.515197545289993286e-02,2.993268426507711411e-03,-3.905830439180135727e-03,-1.173059828579425812e-02,1.437817420810461044e-02,-2.152794040739536285e-03,1.895245164632797241e-02,1.473205816000699997e-02,-1.096384972333908081e-02,2.402478829026222229e-02,-3.984471410512924194e-02,-8.034477010369300842e-03,-4.518574103713035583e-03,8.506322279572486877e-03,1.253011357039213181e-02,2.516508102416992188e-03,-2.622673287987709045e-02,-1.220244355499744415e-02,-3.365829586982727051e-02,5.596609320491552353e-03,-1.817915029823780060e-02,-6.143818609416484833e-03,1.205826830118894577e-02,-1.377526111900806427e-02,-1.752381026744842529e-02,-2.260925248265266418e-02,-3.119421657174825668e-03,-1.458788383752107620e-02,-3.081739414483308792e-03,-2.378886565566062927e-02,-3.310780972242355347e-02,1.892623864114284515e-02,-5.274181813001632690e-02,1.036093570291996002e-02,9.679381735622882843e-03,-3.725611837580800056e-03,1.990924961864948273e-02,1.614759489893913269e-02,2.403789572417736053e-02,-3.379100235179066658e-04,4.338355362415313721e-02,-2.526993677020072937e-02,1.323132775723934174e-02,7.739573251456022263e-03,-5.069060251116752625e-03,-2.767175901681184769e-03,-9.069914929568767548e-03,-2.146240789443254471e-03,1.542671956121921539e-02,-1.046497127390466630e-04,-1.431264076381921768e-02,6.176585797220468521e-03,-1.420778594911098480e-02,3.468062728643417358e-02,1.656701229512691498e-02,2.752430737018585205e-02,-1.536118518561124802e-02,-1.032161526381969452e-03,-2.042041532695293427e-02,7.352922577410936356e-03,-6.258503533899784088e-03,-7.352922577410936356e-03,1.099006272852420807e-02,8.938847109675407410e-03,1.211724895983934402e-02,3.977918066084384918e-03,3.145635128021240234e-02,2.606945112347602844e-02,7.890301756560802460e-03,-2.076119184494018555e-02,-1.344759017229080200e-02,1.627866178750991821e-02,1.483691297471523285e-02,3.915660548955202103e-03,1.229419093579053879e-02,-1.169127784669399261e-02,-2.993596158921718597e-02,1.505972910672426224e-02,-1.287089101970195770e-02,5.798454210162162781e-02,2.586803748272359371e-05,1.507283560931682587e-02,-9.004380553960800171e-03,2.766766410786658525e-04,-2.650197595357894897e-02,-1.163885071873664856e-01,-4.390782490372657776e-02,2.080051228404045105e-02,1.412914507091045380e-02,2.038109488785266876e-02,2.831071615219116211e-02,-1.138982083648443222e-02,2.684275433421134949e-02,-7.634718902409076691e-03,2.528304234147071838e-02,-3.876340109854936600e-03,-8.617729879915714264e-03,6.435445509850978851e-03,2.381508052349090576e-02,-1.308059971779584885e-02,7.018698379397392273e-03,1.444370858371257782e-02,-1.955536566674709320e-02,-3.205926716327667236e-02,3.064372949302196503e-02,-4.600491374731063843e-03,1.808740198612213135e-02,1.070171315222978592e-02,-3.698742762207984924e-02,1.405050419270992279e-02,-3.591266926378011703e-03,-2.414274960756301880e-02,1.414225157350301743e-02,3.457577526569366455e-02,1.277914270758628845e-02,5.468817893415689468e-03,-6.120881997048854828e-03,2.217918663518503308e-04,-7.012145128101110458e-03,-1.981750130653381348e-02,3.266873303800821304e-03,-2.348740957677364349e-02,-2.449335763230919838e-03,1.357865892350673676e-02,-2.445731312036514282e-02,-7.385689299553632736e-03,2.385440049692988396e-03,-1.644905097782611847e-02,1.105559710413217545e-02,1.791701465845108032e-02,-1.417993335053324699e-03,-1.007258612662553787e-02,4.092602524906396866e-03,-1.662926981225609779e-03,8.532535284757614136e-03,4.010684788227081299e-03,-2.295330632477998734e-03,-1.815293729305267334e-02,7.405349519103765488e-03,9.928410872817039490e-03,-1.958157867193222046e-02,8.552195504307746887e-03,-5.134594161063432693e-03,-1.469273772090673447e-02,1.007913984358310699e-02,-1.595344947418197989e-04,1.513836998492479324e-02,3.558499971404671669e-03,4.154859855771064758e-02,-4.299034830182790756e-03,-5.295152775943279266e-03,-2.466702274978160858e-02,-5.156220495700836182e-02,2.097090147435665131e-02,7.212843047454953194e-04,1.466652471572160721e-02,1.551846694201231003e-02,-6.117605138570070267e-03,2.941169030964374542e-02,-2.567624673247337341e-02,1.785803353413939476e-03,-2.423122059553861618e-03,-7.719913031905889511e-03,9.430352598428726196e-03,-3.266217932105064392e-02,-3.958257846534252167e-03,-1.432574726641178131e-02,3.030295297503471375e-02,-8.912633173167705536e-03,3.287188708782196045e-02,6.828649900853633881e-03,2.087915316224098206e-02,-1.192720048129558563e-02,5.616269540041685104e-03,-8.139330893754959106e-03,4.059835337102413177e-03,5.301706027239561081e-03,-7.883748039603233337e-03,-1.617380790412425995e-02,1.962089911103248596e-02,-1.399152330122888088e-03,-1.249734684824943542e-02,-1.508594211190938950e-02,-7.280834950506687164e-03,-2.944937150459736586e-04,-1.643594354391098022e-02,-7.870641537010669708e-03,-4.097189754247665405e-02,1.052477117627859116e-02,-3.169227391481399536e-02,1.990597229450941086e-03,1.388011500239372253e-02,-1.384079456329345703e-02,6.029134150594472885e-03,-1.791701465845108032e-02,-1.342137716710567474e-02,-6.441998761147260666e-03,-2.977867983281612396e-02,2.234711777418851852e-03,-3.905830439180135727e-03,-1.790390722453594208e-02,-2.322527393698692322e-02,1.206482201814651489e-02,-6.972824689000844955e-03,9.744916111230850220e-03,-1.998789142817258835e-03,1.367040630429983139e-02,1.325098797678947449e-02,-2.249456942081451416e-03,-1.207465189509093761e-03,1.783837378025054932e-02,-1.170438434928655624e-02,2.938547544181346893e-02,1.785147935152053833e-02,1.958157867193222046e-02,-3.617480630055069923e-03,-7.818214595317840576e-03,1.954225823283195496e-02,-1.285778358578681946e-02,8.578409440815448761e-03,3.433985263109207153e-02,1.068205293267965317e-02,-3.486412391066551208e-02,1.241051359102129936e-03,3.496897965669631958e-02,9.541760198771953583e-03,5.295152589678764343e-02,-1.629176922142505646e-02,-4.236122220754623413e-02,-1.102938316762447357e-02,1.526943757198750973e-03,-2.035488188266754150e-02,-5.134594161063432693e-03,-2.487673237919807434e-02,8.951953612267971039e-03,1.195996720343828201e-02,-1.918837428092956543e-02,2.281896211206912994e-02,-6.783800199627876282e-05,-1.252355985343456268e-02,-6.546853110194206238e-03,-9.830109775066375732e-03,6.455105612985789776e-04,1.017088722437620163e-02,-6.389571353793144226e-03,3.381557762622833252e-03,-4.133889079093933105e-02,2.466702274978160858e-02,8.991274051368236542e-03,4.259714391082525253e-03,-9.921858087182044983e-03,2.158692106604576111e-02,-6.278982618823647499e-04,-7.307048421353101730e-03,1.163229718804359436e-02,-2.780282869935035706e-03,-1.390632893890142441e-02,-2.237332984805107117e-02,-2.388061396777629852e-02,1.283157058060169220e-02,5.419667344540357590e-03,-5.019909702241420746e-03,-2.807479351758956909e-02,-1.810050942003726959e-02,-7.936175912618637085e-03,-1.913594827055931091e-02,7.896855473518371582e-03,7.634718902409076691e-03,-9.535207063890993595e-04,-1.554468087852001190e-02,7.870641537010669708e-03,1.673740148544311523e-02,2.295330632477998734e-03,-7.248067762702703476e-03,1.055098511278629303e-02,8.014816790819168091e-03,-1.275948248803615570e-02,-6.527192890644073486e-03,-4.829860758036375046e-03,2.115439623594284058e-02,-1.017744094133377075e-02,2.287138998508453369e-02,1.192720048129558563e-02,6.887630559504032135e-03,6.002920679748058319e-03,-4.808562225662171841e-04,1.230074465274810791e-02,-1.513836998492479324e-02,3.335684072226285934e-03,-1.157331652939319611e-02,-1.967660384252667427e-03,-1.722235232591629028e-02,1.227453071624040604e-02,-3.405150026082992554e-02,-4.692239314317703247e-02,-2.378886565566062927e-02,2.274032123386859894e-02,4.849520977586507797e-03,1.279552699998021126e-03,2.705246210098266602e-02,1.250389963388442993e-02,-1.664565317332744598e-02,5.871852394193410873e-03,1.698642969131469727e-02,-6.504256278276443481e-03,-1.581992395222187042e-02,2.600391767919063568e-02,3.309470368549227715e-03,3.153499215841293335e-02,2.430003136396408081e-02,-2.069565840065479279e-02,3.004081733524799347e-02,-1.521701086312532425e-02,1.275292970240116119e-02,-1.385390199720859528e-02,4.200733732432126999e-03,-1.386700849980115891e-02,2.933304943144321442e-02,1.145535521209239960e-02,-1.222865656018257141e-02,4.672579001635313034e-03,-1.490244735032320023e-02,9.895644150674343109e-03,-1.464031077921390533e-02,1.859856769442558289e-02,-1.416846551001071930e-02,3.869131207466125488e-02,6.848310003988444805e-04,-9.626954793930053711e-03,1.385390199720859528e-02,1.684225536882877350e-02,4.144374281167984009e-02,2.195391245186328888e-02,6.723795086145401001e-03,7.031805347651243210e-03,1.453545596450567245e-02,3.848160430788993835e-02,8.017683285288512707e-05,1.277914270758628845e-02,-1.089176163077354431e-02,-4.152238368988037109e-02,3.440538421273231506e-03,9.364818222820758820e-03,3.444470465183258057e-02,-2.353983744978904724e-02,4.063112195581197739e-03,4.804957658052444458e-02,1.319200731813907623e-02,1.178957894444465637e-02,4.004131536930799484e-03,-2.731459960341453552e-02,9.417245164513587952e-03,3.884859383106231689e-02,6.907290779054164886e-03,6.389571353793144226e-03,-3.166606277227401733e-02,1.223521027714014053e-02,2.234302082797512412e-04,-2.954275719821453094e-02,-1.836264505982398987e-02,1.332962885499000549e-02,-1.618691533803939819e-02,1.225487096235156059e-03,4.726644547190517187e-04,-4.436656367033720016e-03,-3.840296296402812004e-03,-2.544032409787178040e-02,1.537429261952638626e-02,-1.892623864114284515e-02,-1.689468324184417725e-02,3.654179722070693970e-02,4.387505818158388138e-03,-3.964811097830533981e-03,7.012145128101110458e-03,-1.665876060724258423e-02
-9.998421184718608856e-03,-2.994345873594284058e-02,1.114461384713649750e-02,2.243816852569580078e-03,8.897558785974979401e-03,3.167893737554550171e-02,-7.463200017809867859e-04,-3.592697158455848694e-02,-6.339672952890396118e-03,-1.899959146976470947e-02,2.784534543752670288e-02,2.888145111501216888e-02,2.701969817280769348e-03,-1.640932634472846985e-02,3.304206300526857376e-03,1.923271454870700836e-02,1.560634467750787735e-02,1.816220756154507399e-04,1.906434819102287292e-02,-2.130492590367794037e-02,1.749440416460856795e-04,-1.044524181634187698e-02,-2.239283733069896698e-02,-2.183916978538036346e-03,-1.305493339896202087e-02,-1.324920356273651123e-02,4.192990716546773911e-03,-2.784534543752670288e-02,-5.949513870291411877e-04,-3.276684880256652832e-02,-8.191712200641632080e-03,3.278303658589720726e-03,-1.324272807687520981e-02,-1.491992454975843430e-02,-4.527782648801803589e-02,-5.773052573204040527e-03,-8.198187686502933502e-03,-2.512556686997413635e-02,1.652588881552219391e-02,-3.207071451470255852e-03,-4.361358005553483963e-03,-5.229096859693527222e-03,1.207710895687341690e-02,2.551410719752311707e-02,-2.227627672255039215e-02,1.469975151121616364e-02,-2.714597433805465698e-02,-2.083867974579334259e-02,-9.661687538027763367e-03,7.058470975607633591e-03,1.278943195939064026e-02,5.844284780323505402e-03,-2.407651022076606750e-02,-7.343400269746780396e-03,-4.264223389327526093e-03,-1.570995524525642395e-02,7.084373850375413895e-03,5.776290316134691238e-03,-5.646776873618364334e-03,-2.104590088129043579e-02,2.792629180476069450e-03,1.425940729677677155e-02,4.180849064141511917e-04,4.180039744824171066e-03,-1.454433612525463104e-02,9.797676466405391693e-03,5.837808828800916672e-03,-1.405218616127967834e-02,3.326871083118021488e-04,-9.642260149121284485e-03,3.416559100151062012e-02,2.686104364693164825e-02,-1.344347372651100159e-02,-1.256278343498706818e-02,3.691127151250839233e-02,-3.214518353343009949e-02,-1.699213683605194092e-02,-4.277983971405774355e-04,-1.232965942472219467e-02,-5.999700631946325302e-03,-1.762675121426582336e-02,-2.807199256494641304e-03,2.506081014871597290e-03,3.077558241784572601e-03,1.761380024254322052e-02,2.682542894035577774e-03,2.199134603142738342e-02,2.271662093698978424e-02,-2.966662577819079161e-04,-3.268913924694061279e-02,2.829864155501127243e-03,2.319581992924213409e-02,5.245286040008068085e-03,1.971191354095935822e-02,-2.813674975186586380e-03,7.880880497395992279e-03,-2.043718844652175903e-02,2.226332388818264008e-02,-1.976695610210299492e-03,-1.691442728042602539e-02,-1.348232757300138474e-02,-1.021211873739957809e-02,-1.668130420148372650e-02,-8.431311696767807007e-03,-5.952428281307220459e-02,-1.008260529488325119e-02,4.727233201265335083e-03,-3.927488811314105988e-03,2.063145861029624939e-02,-4.260985180735588074e-02,1.353413239121437073e-02,5.874720215797424316e-02,-2.106209052726626396e-03,-4.185867682099342346e-02,-1.980257406830787659e-02,-1.279590744525194168e-02,-1.988028176128864288e-03,-7.071422412991523743e-03,-6.067695096135139465e-03,-6.339672952890396118e-03,-1.233613584190607071e-02,6.977525190450251102e-04,-1.511419378221035004e-02,-1.402628328651189804e-02,8.806900121271610260e-03,-4.759611096233129501e-03,-3.180845081806182861e-02,-1.867580786347389221e-02,2.755393972620368004e-03,-2.692256355658173561e-03,4.988849535584449768e-02,1.197349838912487030e-02,2.818208001554012299e-02,-1.015383750200271606e-02,9.415611624717712402e-03,2.217266522347927094e-02,-5.808668676763772964e-03,2.834720769897103310e-03,-7.252741139382123947e-03,-1.769150793552398682e-02,-3.069463651627302170e-03,9.027072228491306305e-03,2.030727046076208353e-04,-1.466737361624836922e-03,4.040813073515892029e-03,3.265352454036474228e-03,2.636889368295669556e-02,1.181808207184076309e-02,8.470165543258190155e-03,-2.740823896601796150e-03,3.141991049051284790e-02,-1.751018874347209930e-02,3.118678554892539978e-02,-2.019111253321170807e-02,2.912428928539156914e-03,1.188283879309892654e-02,5.439555738121271133e-03,1.238146517425775528e-02,1.712812460027635098e-03,-8.496068418025970459e-03,1.356003526598215103e-02,2.421897463500499725e-02,1.806709542870521545e-02,2.209495753049850464e-02,1.928452029824256897e-02,3.957924246788024902e-02,1.068484154529869556e-03,-2.337713912129402161e-02,-1.135183498263359070e-02,-5.164340138435363770e-03,6.967811845242977142e-03,2.159633208066225052e-03,-3.877626359462738037e-02,2.916637994349002838e-02,1.039343653246760368e-03,3.349131147842854261e-04,-3.600467927753925323e-03,1.585241965949535370e-02,-9.762059780769050121e-04,-7.000190205872058868e-03,-4.126291722059249878e-02,6.508039776235818863e-03,8.567300625145435333e-03,1.739362627267837524e-02,-4.273936618119478226e-03,-3.623132593929767609e-03,4.286888055503368378e-03,-9.486843831837177277e-03,1.411694195121526718e-02,-1.054885238409042358e-02,-3.096985165029764175e-03,2.851881459355354309e-02,-1.747133582830429077e-02,-8.360079489648342133e-03,-6.535755991935729980e-01,-2.021701633930206299e-02,-2.086458168923854828e-02,-8.852229453623294830e-03,2.489244379103183746e-02,-4.918265156447887421e-03,-1.503162900917232037e-03,-4.821130074560642242e-03,-1.447957940399646759e-02,1.219367049634456635e-02,-1.232965942472219467e-02,2.529393509030342102e-02,-6.168067920953035355e-03,-3.592697158455848694e-02,-1.529551297426223755e-02,-8.029820397496223450e-03,-1.065246295183897018e-02,-1.390972081571817398e-02,2.699055708944797516e-02,-2.535869181156158447e-02,-1.236851327121257782e-02,3.116412262897938490e-04,-4.691616632044315338e-03,1.411694195121526718e-02,-1.188931521028280258e-02,1.749723777174949646e-02,3.082414902746677399e-02,-8.891083300113677979e-03,-1.438891980797052383e-02,1.258221082389354706e-02,-4.090027883648872375e-02,1.005670242011547089e-02,-1.620210520923137665e-02,4.005196504294872284e-03,3.095366246998310089e-02,-2.289794012904167175e-02,-1.305493339896202087e-02,2.173232100903987885e-02,1.050999853760004044e-02,3.903528675436973572e-02,-2.021701633930206299e-02,-2.888145158067345619e-03,3.126449510455131531e-02,3.704078495502471924e-03,-2.215971425175666809e-02,4.973308183252811432e-03,2.296269685029983521e-02,-7.410585531033575535e-04,3.336260840296745300e-02,1.634456962347030640e-02,-1.219367049634456635e-02,-6.028840783983469009e-03,-2.139558643102645874e-02,2.898506075143814087e-02,-6.780017632991075516e-03,1.188283879309892654e-02,3.121268935501575470e-02,-4.235082771629095078e-03,-1.435522608517203480e-05,1.703098975121974945e-02,9.494939004071056843e-04,1.638342440128326416e-02,-1.736772432923316956e-02,4.384023137390613556e-03,-5.326231475919485092e-03,2.932179532945156097e-02,3.538949182257056236e-03,1.064598746597766876e-02,2.375272661447525024e-02,9.978994727134704590e-03,2.135673165321350098e-02,1.876646652817726135e-02,8.489592000842094421e-03,-7.537669967859983444e-03,1.177275273948907852e-02,-5.361848045140504837e-03,9.817102923989295959e-03,-1.447957940399646759e-02,1.968601159751415253e-02,8.528446778655052185e-03,1.093091722577810287e-02,-3.175664320588111877e-02,-3.276684880256652832e-02,1.458035694668069482e-04,1.493287552148103714e-02,3.223260631784796715e-03,-1.590422540903091431e-02,-3.140695858746767044e-03,2.449095249176025391e-02,7.913258858025074005e-03,1.423350442200899124e-02,4.009729623794555664e-02,1.705689355731010437e-02,1.305493339896202087e-02,1.662626164034008980e-03,9.596930816769599915e-03,-1.117699220776557922e-02,3.933964297175407410e-03,3.755883872509002686e-02,-4.821130074560642242e-03,6.184256635606288910e-03,-2.580551197752356529e-03,2.419307269155979156e-02,-9.027072228491306305e-03,1.501058321446180344e-02,1.327510643750429153e-02,-3.061692789196968079e-02,5.989986937493085861e-03,4.384023137390613556e-03,-1.589127443730831146e-02,-1.009555626660585403e-02,9.078877978026866913e-03,1.861105114221572876e-02,-2.709416858851909637e-02,6.702309940010309219e-03,-2.787124738097190857e-02,3.048741444945335388e-02,-9.689208818599581718e-04,2.242197748273611069e-03,-3.693717345595359802e-02,1.103452779352664948e-02,1.288009062409400940e-02,1.087911147624254227e-02,-1.874056458473205566e-02,1.520485337823629379e-02,3.173074126243591309e-02,-2.465931884944438934e-02,-2.660201862454414368e-02,7.657469832338392735e-04,1.389676984399557114e-02,-3.186025423929095268e-03,9.966042824089527130e-03,1.766560412943363190e-02,-9.629309177398681641e-03,2.181002870202064514e-02,-6.760590709745883942e-03,1.699213683605194092e-02,2.807199256494641304e-03,2.275547571480274200e-02,-1.120289508253335953e-02,-4.706996551249176264e-04,2.208200655877590179e-02,-3.681413596495985985e-03,-2.588645787909626961e-03,-3.564851824194192886e-03,-4.434533044695854187e-02,-3.121268935501575470e-02,-6.786493584513664246e-03,-3.496857360005378723e-02,3.261143341660499573e-02,1.587832160294055939e-02,-1.940108276903629303e-02,5.264712963253259659e-03,-1.721230894327163696e-02,2.056670188903808594e-02,-7.634805049747228622e-03,5.705058109015226364e-03,-3.933964297175407410e-03,-9.991945698857307434e-03,-2.895915880799293518e-02,4.280412569642066956e-03,1.308731175959110260e-02,-2.332533337175846100e-02,-4.882649052888154984e-03,1.258221082389354706e-02,-1.210948731750249863e-02,-8.780997246503829956e-03,1.901213836390525103e-04,-1.427235826849937439e-02,-6.559845060110092163e-03,1.506238896399736404e-02,2.136968309059739113e-03,7.026093080639839172e-03,1.038048602640628815e-02,-1.353413239121437073e-02,-1.063303649425506592e-02,-8.023344911634922028e-03,-2.537164278328418732e-02,6.954860407859086990e-03,2.244464308023452759e-02,1.796348579227924347e-02,5.203193984925746918e-03,-1.324272807687520981e-02,-8.269419893622398376e-03,1.229728106409311295e-02,6.495088804513216019e-03,-6.987238768488168716e-03,1.245917286723852158e-02,-7.498816121369600296e-03,2.426754217594861984e-03,1.041286345571279526e-02,-1.440187171101570129e-02,1.453138515353202820e-02,1.543797738850116730e-02,1.655179075896739960e-02,3.494267165660858154e-02,1.955649815499782562e-02,7.686610333621501923e-03,2.595121506601572037e-03,2.857061848044395447e-02,5.141675472259521484e-03,-1.994503894820809364e-03,1.368954870849847794e-02,8.379505947232246399e-03,1.343052182346582413e-02,-1.468680053949356079e-02,-3.548662643879652023e-03,-3.297730581834912300e-03,1.717345416545867920e-02,-4.552389960736036301e-03,1.212891377508640289e-02,-3.248191997408866882e-02,-7.239789701998233795e-03,5.941419396549463272e-03,7.531194481998682022e-03,2.357140742242336273e-02,-4.604195244610309601e-03,7.259216625243425369e-03,-3.057726426050066948e-04,-2.381424652412533760e-03,2.186183445155620575e-02,-1.164971571415662766e-02,2.399232704192399979e-03,-1.559339277446269989e-02,-4.276527091860771179e-02,2.468522265553474426e-02,2.161575853824615479e-02,3.904823912307620049e-03,1.547683146782219410e-03,-2.394699677824974060e-02,2.833749540150165558e-02,-1.096977107226848602e-02,-9.299050085246562958e-03,2.968443371355533600e-02,1.146192103624343872e-02,-1.716050319373607635e-04,9.430182399228215218e-04,-2.405060641467571259e-02,2.059260383248329163e-02,4.727233201265335083e-03,4.966832697391510010e-03,1.907729916274547577e-02,8.813375607132911682e-03,-3.380295261740684509e-02,1.343052182346582413e-02,1.247860025614500046e-02,1.806709542870521545e-02,-1.085320860147476196e-02,-1.737096230499446392e-03,3.940440248697996140e-03,-1.151372678577899933e-02,-6.271678488701581955e-03,2.017168560996651649e-03,-1.940108276903629303e-02,7.557096891105175018e-03,-5.174053832888603210e-03,1.078845188021659851e-02,2.313106320798397064e-02,-8.062198758125305176e-03,2.625233307480812073e-02,-1.084025762975215912e-02,-1.337871700525283813e-02,1.321034971624612808e-02,1.169504504650831223e-02,2.458161115646362305e-02,-1.601107302121818066e-03,-1.655179075896739960e-02,-3.937202040106058121e-03,-3.489086404442787170e-02,-3.390656411647796631e-02,2.090019872412085533e-03,-1.486811880022287369e-02,2.269071899354457855e-02,-9.396185167133808136e-03,8.249992504715919495e-03,1.884417608380317688e-02,-3.255638992413878441e-03,2.401175349950790405e-02,3.169836476445198059e-03,-4.330598749220371246e-04,-2.420602366328239441e-02,-1.822251267731189728e-02,5.999700631946325302e-03,-6.676407065242528915e-03,-7.071422412991523743e-03,-2.800076082348823547e-02,-2.481473609805107117e-02,2.341599203646183014e-02,-2.864832617342472076e-02,1.515304786153137684e-03,-1.875351555645465851e-02,7.621853612363338470e-03,-8.761569857597351074e-03,-3.139400854706764221e-02,-1.738067530095577240e-02,-5.326231475919485092e-03,2.815617620944976807e-02,-1.959535293281078339e-02,2.020406350493431091e-02,-9.370282292366027832e-03,1.559217926114797592e-04,-4.160612821578979492e-03,-2.288741670781746507e-04,-4.869697615504264832e-03,5.403292179107666016e-02,1.639637537300586700e-02,9.221342392265796661e-03,1.897368812933564186e-03,1.883122324943542480e-02,-9.862432256340980530e-03,-1.192816905677318573e-02,6.106548942625522614e-03,-1.940108276903629303e-02,-9.454466053284704685e-04,1.195407100021839142e-02,-9.253720752894878387e-03,-2.379158139228820801e-02,-7.978015579283237457e-03,1.928452029824256897e-02,-2.127902396023273468e-02,4.053359443787485361e-04,-2.727548591792583466e-02,8.910510689020156860e-03,-5.170815624296665192e-03,8.894968777894973755e-02,9.739395231008529663e-03,2.790605358313769102e-04,-4.973308183252811432e-03,4.131472203880548477e-03,6.145402789115905762e-03,-2.225037291646003723e-02,-3.030609712004661560e-02,1.142954267561435699e-02,-5.151388701051473618e-03,-7.459962274879217148e-03,9.907762287184596062e-04,1.033515576273202896e-02,-2.601920813322067261e-02,2.833749540150165558e-02,-1.772712334059178829e-03,-1.161733735352754593e-02,-1.071074418723583221e-02,-3.996697487309575081e-04,8.766427054069936275e-04,-8.768046274781227112e-03,-3.200595732778310776e-03,1.188931521028280258e-02,1.973781734704971313e-02,-1.808328554034233093e-03,-2.291089110076427460e-02,-2.104590088129043579e-02,3.921660780906677246e-02,2.190068736672401428e-02,2.904334338381886482e-03,2.415421791374683380e-02,2.118836529552936554e-02,3.934612125158309937e-02,1.739362627267837524e-02,-3.302587429061532021e-03,1.502353465184569359e-03,7.408156991004943848e-03,1.071721967309713364e-02,8.826326578855514526e-03,-9.843005798757076263e-03,2.116246148943901062e-02,2.302745357155799866e-02,8.891083300113677979e-03,-2.566952258348464966e-02,-3.461241256445646286e-03,6.805920507758855820e-03,-1.863695494830608368e-02,1.361184101551771164e-02,-2.719777822494506836e-02,-2.612281963229179382e-02,2.555296011269092560e-02,-4.092618077993392944e-02,-1.463499572128057480e-02,2.710064407438039780e-03,5.714771104976534843e-04,9.758821688592433929e-03,4.089380148798227310e-03,1.533922390080988407e-03,-8.457213640213012695e-03,1.732887141406536102e-02,-2.383043430745601654e-02,-2.219856716692447662e-02,-6.540418136864900589e-03,-6.070932839065790176e-03,-2.517737261950969696e-02,-2.250939980149269104e-02,-5.187004804611206055e-03,7.984491065144538879e-03,-2.101999707520008087e-02,-2.188773592934012413e-03,-1.530846394598484039e-02,1.973457867279648781e-03,-2.319581992924213409e-02,1.234423019923269749e-03,3.603058308362960815e-02,3.579745814204216003e-02,3.168217372149229050e-03,-2.152509987354278564e-02,3.173074219375848770e-03,3.660266520455479622e-05,2.106209052726626396e-03,-1.906434819102287292e-02,1.856895978562533855e-03,-6.355861667543649673e-03,-1.580061390995979309e-02,1.679786667227745056e-02,6.564701907336711884e-04,1.947555225342512131e-03,-3.766244649887084961e-02,-1.364745665341615677e-03,-5.365085788071155548e-03,-7.129703648388385773e-03,9.966042824089527130e-03,-2.712007053196430206e-02,-1.277000457048416138e-02,1.607259176671504974e-02,-1.470177521696314216e-04,4.115283023566007614e-03,3.637500412878580391e-05,-1.988028176128864288e-02,8.243517018854618073e-03,-2.215971425175666809e-02,-8.262944407761096954e-03,4.215655848383903503e-03,1.962125487625598907e-02,-3.483905922621488571e-03,-2.033357741311192513e-03,1.763970218598842621e-02,-5.520501639693975449e-03,9.745870716869831085e-03,7.343400269746780396e-03,-4.198819026350975037e-02,1.367174088954925537e-03,-2.339009009301662445e-02,5.106059368699789047e-03,2.254825457930564880e-02,8.929937146604061127e-03,1.415579672902822495e-02,3.315538913011550903e-02,-3.946915734559297562e-03,4.617146681994199753e-03,-2.232808060944080353e-02,3.157532587647438049e-02,-9.486843831837177277e-03,-3.597877547144889832e-02,2.776763774454593658e-02,-1.830993336625397205e-03,-2.846700884401798248e-02,1.672015897929668427e-02,2.921818569302558899e-02,3.116088360548019409e-02,2.463341690599918365e-02,-9.124207310378551483e-03,5.889614112675189972e-03,-3.069463558495044708e-02,-8.670911192893981934e-03,5.242048297077417374e-03,1.489402167499065399e-02,-1.906434819102287292e-02,1.418169867247343063e-02,-1.414284482598304749e-02,-1.621505618095397949e-02,-2.411536313593387604e-02,-1.326215546578168869e-02,1.423350442200899124e-02,-3.268913924694061279e-02,6.106548942625522614e-03,-1.943993568420410156e-02,-1.442777365446090698e-02,3.592697158455848694e-02,-8.139906451106071472e-03,1.881179749034345150e-03,-3.085005283355712891e-02,5.850760266184806824e-03,2.142148837447166443e-02,-3.818050026893615723e-02,-2.737909741699695587e-02,1.392267271876335144e-02,3.191206231713294983e-02,1.436301786452531815e-02,1.624095998704433441e-02,6.404429208487272263e-03,1.194759551435709000e-02,6.576034240424633026e-03,-5.076918751001358032e-03,1.189579069614410400e-02,1.064598746597766876e-02,-5.378036759793758392e-03,-3.297406807541847229e-02,1.218719501048326492e-02,7.162081543356180191e-03,2.443914674222469330e-02,3.605648502707481384e-02,8.670911192893981934e-03,4.082904662936925888e-03,2.750861085951328278e-02,-1.049057208001613617e-02,1.225195173174142838e-02,-5.212907679378986359e-03,-1.555453892797231674e-02,-9.726443327963352203e-03,-1.739362627267837524e-02,7.349875755608081818e-03,-1.415579672902822495e-02,-3.856256604194641113e-03,-1.988028176128864288e-02,3.312948346138000488e-02,-1.004375144839286804e-02,-1.756199449300765991e-02,1.945288665592670441e-02,3.512398898601531982e-02,-2.686104364693164825e-02,2.258710749447345734e-02,-2.354550547897815704e-02,-4.427733656484633684e-04,-1.780807040631771088e-02,4.297249019145965576e-02,8.748618885874748230e-03,-6.909531075507402420e-03,1.889597997069358826e-02,1.100214943289756775e-02,-1.256278366781771183e-03,-9.752346202731132507e-03,-2.573427930474281311e-02,-3.064283169806003571e-02,2.606453839689493179e-03,-2.852529054507613182e-03,1.508829183876514435e-02,2.262596227228641510e-02,-2.854471653699874878e-02,-1.519190240651369095e-02,-2.195249311625957489e-02,-1.854629442095756531e-02,-2.590264566242694855e-02,1.124822441488504410e-02,-2.271338365972042084e-03,-5.067205056548118591e-03,2.124017104506492615e-02,-1.336576603353023529e-02,-1.653883978724479675e-02,4.866459872573614120e-03,-9.279622696340084076e-03,2.458161115646362305e-02,-2.701565099414438009e-04,2.452980540692806244e-02,2.155100181698799133e-02,-1.756199449300765991e-02,-1.972486451268196106e-02,1.480336207896471024e-02,-9.402660652995109558e-03,-4.791989456862211227e-03,9.920713491737842560e-03,7.712513208389282227e-03,9.383233264088630676e-03,-6.002938374876976013e-03,-7.958588190376758575e-03,-8.755094371736049652e-03,-1.989323273301124573e-02,-3.507218509912490845e-02,1.543797738850116730e-02,-9.697303175926208496e-04,3.092128317803144455e-03,-1.848801388405263424e-03,-1.897368766367435455e-02,-1.287037739530205727e-03,2.353255450725555420e-02,-1.991913467645645142e-02,3.211928065866231918e-03,-2.655021287500858307e-02,-1.924566552042961121e-02,-1.030925288796424866e-02,-1.976695610210299492e-03,1.337871700525283813e-02,1.214834116399288177e-02,4.953881260007619858e-03,-4.999210592359304428e-03,-2.164489822462201118e-03,-1.374135352671146393e-02,-8.394076139666140079e-04,3.079824708402156830e-02,-3.473544865846633911e-02,-1.905463403090834618e-03,4.377547185868024826e-03,8.722716011106967926e-03,2.822983660735189915e-04,1.221309788525104523e-02,-1.696623302996158600e-02,-4.532963037490844727e-03,-1.094386819750070572e-02,1.517895050346851349e-02,-1.886036479845643044e-03,-1.673310995101928711e-02,3.519522026181221008e-03,2.192659117281436920e-02,2.026882022619247437e-02,1.256925892084836960e-02,3.396484535187482834e-03,-8.269419893622398376e-03,-4.468206316232681274e-03,-1.047114469110965729e-02,1.845563575625419617e-02,-2.391138114035129547e-03,-3.291255095973610878e-03,-1.977667026221752167e-02,-1.213539019227027893e-02,-2.499605342745780945e-02,2.870337106287479401e-03,3.012801520526409149e-03,1.325567904859781265e-02,-1.986733078956604004e-02,-3.683356195688247681e-02,-4.834081511944532394e-03,-1.890893210656940937e-03,4.043403267860412598e-02,-1.826136559247970581e-02,-1.620534341782331467e-03,-1.106528681702911854e-03,3.566794469952583313e-02,-1.826136559247970581e-02,3.097956441342830658e-02,-1.659388304688036442e-03,-3.103137016296386719e-02,-4.439066164195537567e-03,6.139736506156623363e-04,1.006317790597677231e-02,-1.239441614598035812e-02,-1.254659495316445827e-03,-9.357331320643424988e-03,-3.196386620402336121e-02,2.678333595395088196e-02,2.710064407438039780e-03,4.766087047755718231e-03,1.084673311561346054e-02,-4.141833260655403137e-02,2.347427420318126678e-03,-7.602426689118146896e-03,1.771740987896919250e-02,-2.981394529342651367e-02,-6.702309940010309219e-03,3.186025470495223999e-02,-4.885886795818805695e-03,-1.270848559215664864e-03,2.921818569302558899e-02,-2.452980540692806244e-02,-1.306140981614589691e-02,4.225369077175855637e-03,-1.376725640147924423e-02,1.034163124859333038e-02,-2.421897463500499725e-02,6.129213608801364899e-03,-2.724634716287255287e-03,-5.915516987442970276e-03,-2.476293034851551056e-02,-1.295779924839735031e-02,5.666203796863555908e-03,-1.039343699812889099e-02,-1.084025762975215912e-02,-8.010393008589744568e-03,2.609691582620143890e-03,-6.993714720010757446e-03,1.201235223561525345e-02,1.184398494660854340e-02,1.857219822704792023e-02,-1.945936353877186775e-03,-2.963262796401977539e-02,-5.556117743253707886e-03,-3.535711206495761871e-03,-1.419465057551860809e-02,-2.926999144256114960e-02,-3.989007696509361267e-02,-1.837468938902020454e-03,3.222289308905601501e-02,1.550273410975933075e-02,-1.469975151121616364e-02,2.807846851646900177e-02,2.690637484192848206e-03,-4.975898563861846924e-02,1.270524784922599792e-02,4.542676731944084167e-03,-3.665224416181445122e-03,-6.870676763355731964e-03,6.627839524298906326e-03,2.825978770852088928e-02,5.267950706183910370e-03,1.805414445698261261e-02,-8.839278481900691986e-03,-1.793758198618888855e-02,2.839577617123723030e-03,-1.133240759372711182e-02,-2.372682467103004456e-02,-9.486843831837177277e-03,7.854977622628211975e-03,-2.810437232255935669e-02,-6.805920507758855820e-03,2.407651022076606750e-02,-3.175664320588111877e-02,4.124996252357959747e-03,1.007612980902194977e-02,-1.442777365446090698e-02,-2.712007053196430206e-02,-1.212243828922510147e-02,-1.871466170996427536e-03,7.187984418123960495e-03,-2.231512963771820068e-02,-3.435338381677865982e-03,-8.879750967025756836e-04,-2.914047800004482269e-03,7.181508932262659073e-03,1.292542088776826859e-02,-3.320719301700592041e-02,1.808328554034233093e-03,1.346937660127878189e-02,5.258237011730670929e-03,-9.383233264088630676e-03,-3.700840519741177559e-03,-5.151388701051473618e-03,-3.237830707803368568e-03,-2.319581992924213409e-02,4.051173850893974304e-02,1.185693684965372086e-02,-1.383201312273740768e-02,7.421108428388834000e-03,-1.163676381111145020e-02,-1.442777365446090698e-02,1.631866674870252609e-03,4.431942850351333618e-02,-1.047762017697095871e-02,-1.054237689822912216e-02,6.624601781368255615e-03,9.182488545775413513e-03,1.906434819102287292e-02,-8.632057346403598785e-03,2.803961513563990593e-03,-2.857061848044395447e-02,5.685630720108747482e-03,-1.729001663625240326e-02,4.662476480007171631e-03,-8.353603072464466095e-03,3.325899690389633179e-02,1.656474173069000244e-02,-2.298859879374504089e-02,9.176012128591537476e-03,-8.385981782339513302e-04,2.046309178695082664e-03,-1.507210195995867252e-03,-2.149919606745243073e-02,1.653883978724479675e-02,-1.317149586975574493e-02,-9.415611624717712402e-03,-2.167727798223495483e-03,9.881859645247459412e-03,8.748618885874748230e-03,-4.607433453202247620e-03,7.103800773620605469e-03,-3.413968905806541443e-02,1.739362627267837524e-02,2.223483175039291382e-01,-1.310026366263628006e-02,5.915516987442970276e-03,2.526803128421306610e-02,1.053590141236782074e-02,8.284799405373632908e-04,3.123859129846096039e-02,1.103452779352664948e-02,7.673658896237611771e-03,9.409136138856410980e-03,-4.053764045238494873e-02,-2.459456212818622589e-02,-5.682392977178096771e-03,7.604855345562100410e-04,1.694033108651638031e-02,-2.353255450725555420e-02,-9.739395231008529663e-03,-1.476450823247432709e-02,-3.768835216760635376e-02,-4.538143798708915710e-02,1.299017760902643204e-02,-7.026093080639839172e-03,1.181160658597946167e-02,-2.440029382705688477e-02,2.980423159897327423e-03,2.542344667017459869e-02,1.515304856002330780e-02,-4.406687803566455841e-03,1.682376861572265625e-02,-1.367659773677587509e-02,5.967322271317243576e-03,-8.826326578855514526e-03,-2.204315178096294403e-02,-1.119641866534948349e-02,-2.332533337175846100e-02,8.269419893622398376e-03,1.879237033426761627e-02,9.299050085246562958e-03,-1.254983246326446533e-02,2.740014460869133472e-04,9.124207310378551483e-03,8.645008318126201630e-03,-1.656959881074726582e-03,-1.494582742452621460e-02,-7.408156991004943848e-03,2.763812430202960968e-02,-8.016869425773620605e-03,-1.494582742452621460e-02,4.121758509427309036e-03,1.716050319373607635e-02,-1.806709542870521545e-02,1.848153769969940186e-02,6.844774354249238968e-03,4.312790464609861374e-03,-1.370249968022108078e-02,-2.847672207280993462e-03,1.539912354201078415e-02,2.361026220023632050e-02,-1.171447150409221649e-02,3.171455347910523415e-03,-9.771773591637611389e-03,-1.550921006128191948e-03,-1.600297866389155388e-03,-6.941909436136484146e-03,-1.820955984294414520e-02,2.497015148401260376e-02,-7.265692576766014099e-03,8.871656842529773712e-03,-3.797975601628422737e-03,-1.383201312273740768e-02,-2.136968309059739113e-03,-8.904035203158855438e-03,-7.103800773620605469e-03,2.472407557070255280e-02,-1.559339277446269989e-02,-9.739395231008529663e-03,8.761569857597351074e-03,-2.698732074350118637e-03,-9.344379417598247528e-03,1.406513713300228119e-02,-8.962315507233142853e-03,-8.813375607132911682e-03,-1.234423019923269749e-03,1.469975151121616364e-02,-3.090104728471487761e-04,-2.329943142831325531e-02,3.722210228443145752e-02,-4.283650312572717667e-03,-2.306954469531774521e-03,3.445051982998847961e-02,2.046309038996696472e-02,-9.920713491737842560e-03,-4.095856100320816040e-03,-1.997741637751460075e-03,-9.014121256768703461e-03,1.773036085069179535e-02,-6.336434744298458099e-03,8.476641029119491577e-03,-2.377863042056560516e-02,-3.237830707803368568e-03,-2.136968262493610382e-02,-3.696307539939880371e-02,2.640774846076965332e-02,-9.454466402530670166e-03,1.336576603353023529e-02,2.276842668652534485e-02,2.205610275268554688e-02,2.787124738097190857e-02,-2.951282775029540062e-03,-1.840383000671863556e-02,1.584918238222599030e-03,5.928468424826860428e-03,9.344379417598247528e-03,1.657769456505775452e-02,2.349369972944259644e-02,-1.114461384713649750e-02,-1.778216660022735596e-02,-2.388224005699157715e-02,2.267776615917682648e-02,1.363936229608952999e-03,2.318286802619695663e-03,-1.703655470919329673e-05,9.635784663259983063e-03,5.533453077077865601e-03,8.670911192893981934e-03,-6.627839524298906326e-03,-2.030767500400543213e-02,1.429826114326715469e-02,1.836497709155082703e-02,-2.818208001554012299e-02,3.134220093488693237e-02,-2.078687399625778198e-02,-2.288498729467391968e-02,1.604668982326984406e-02,9.493320249021053314e-03,6.431141518987715244e-04,6.909531075507402420e-03,8.450738154351711273e-03,-5.141675472259521484e-03,-2.060555480420589447e-02,-1.246564835309982300e-02,7.563572842627763748e-03,2.994993468746542931e-03,2.218561619520187378e-02,-5.125486291944980621e-03,-6.517753470689058304e-03,2.901096455752849579e-02,-1.292542088776826859e-02,1.797643676400184631e-02,-5.251761525869369507e-03,-4.001959040760993958e-02,-5.002448800951242447e-03,9.596930816769599915e-03,-3.201567009091377258e-02,9.260196238756179810e-03,6.291105411946773529e-03,-1.405218616127967834e-02,1.483735977672040462e-03,2.430963329970836639e-02,2.095524035394191742e-02,-5.750387534499168396e-02,2.399880252778530121e-02,7.019617129117250443e-03,-2.135673165321350098e-02,1.242679450660943985e-02,-1.973781734704971313e-02,-1.638083308935165405e-01,-5.080156493932008743e-03,1.534731779247522354e-02,1.589774969033896923e-03,1.787282526493072510e-02,-2.712007053196430206e-02,8.282370865345001221e-03,2.656640252098441124e-03,-3.538301587104797363e-02,-6.868248456157743931e-04,-3.610181389376521111e-03,1.554968301206827164e-03,-6.423856131732463837e-03,-2.770368882920593023e-04,-2.184888161718845367e-02,2.362321317195892334e-02,-4.110750183463096619e-02,7.395205553621053696e-03,4.444894194602966309e-02,1.484221685677766800e-02,5.190890282392501831e-02,-2.034652791917324066e-02,4.257747496012598276e-04,-3.706668689846992493e-02,2.730138972401618958e-02,4.167088307440280914e-03,1.181808207184076309e-02,1.503648608922958374e-02,-1.754904352128505707e-02,-1.669425517320632935e-02,-1.775626465678215027e-02,2.552705816924571991e-02,1.624095998704433441e-02,-1.291246898472309113e-02,4.424171894788742065e-02,3.665224416181445122e-03,-1.853334344923496246e-02,-3.632846288383007050e-03,-7.511767558753490448e-03,1.791168004274368286e-02,-6.708380533382296562e-05,1.837792806327342987e-02,-7.699561771005392075e-03,-5.892851855605840683e-03,-2.459456212818622589e-02,2.901096455752849579e-02,7.550621405243873596e-03,6.566321011632680893e-03,1.286066416651010513e-02,4.316028673201799393e-03,1.643522828817367554e-02,-3.906119242310523987e-02,9.240768849849700928e-03,-7.375778630375862122e-03,1.071074418723583221e-02,1.926509314216673374e-03,-2.022025408223271370e-03,-8.806900121271610260e-03,-1.119480002671480179e-03,-2.781944163143634796e-02,-1.861752709373831749e-03,-1.717345416545867920e-02,8.185236714780330658e-03,4.189752973616123199e-03,-1.554158795624971390e-02,1.025582896545529366e-03,-9.959567338228225708e-03,-7.492340635508298874e-03,-1.537322066724300385e-02,6.825347431004047394e-03,-3.002116642892360687e-02,-3.595287352800369263e-02,3.736456856131553650e-03,-4.351644590497016907e-02,4.180039744824171066e-03,1.499763224273920059e-02,-7.187984418123960495e-03,8.055723272264003754e-03,1.071721967309713364e-02,7.155606057494878769e-03,-3.354392573237419128e-02,4.898190498352050781e-02,-1.815775595605373383e-02,2.025667927227914333e-04,-7.278643548488616943e-03,6.336434744298458099e-03,5.034826695919036865e-03,6.702310056425631046e-04,-1.140363980084657669e-02,-4.390498623251914978e-03,3.538949182257056236e-03,-1.536026969552040100e-02,7.498816121369600296e-03,-1.907729916274547577e-02,4.952586069703102112e-02,3.605648502707481384e-02,2.289794012904167175e-02,-2.315696515142917633e-02,-4.690807254519313574e-04,-1.172094792127609253e-02,8.709764806553721428e-04,-3.755883779376745224e-03,-1.247212383896112442e-02,7.265692576766014099e-03,1.526961009949445724e-02,-7.278643548488616943e-03,6.644028704613447189e-03,2.348074875771999359e-02,5.185709893703460693e-02,2.853338373824954033e-04,-1.482926495373249054e-02,-2.629118598997592926e-02,5.135199520736932755e-03,2.924408763647079468e-02,1.033515576273202896e-02,2.685780636966228485e-03,-1.811890117824077606e-02,-1.027687545865774155e-02,1.144249364733695984e-02,-9.091828949749469757e-03,5.641596391797065735e-02,-2.951282775029540062e-03,1.197349838912487030e-02,-2.136968262493610382e-02,4.484395496547222137e-03,-2.249644882977008820e-02,-1.010203212499618530e-01,-3.204157203435897827e-02,1.050999853760004044e-02,2.247054502367973328e-02,5.297091230750083923e-02,2.258710749447345734e-02,-1.326215546578168869e-02,3.942382708191871643e-02,-7.738415617495775223e-03,1.762675121426582336e-02,-1.048409659415483475e-02,-7.595951203256845474e-03,1.274410169571638107e-02,3.785024164244532585e-03,-9.176012128591537476e-03,-1.879237033426761627e-02,1.144249364733695984e-02,-7.518243044614791870e-03,-2.280727960169315338e-02,2.278137765824794769e-02,-2.393404580652713776e-02,5.267950706183910370e-03,8.262944407761096954e-03,-3.960514813661575317e-02,5.358609836548566818e-03,2.985280007123947144e-03,-2.508671395480632782e-02,2.696465514600276947e-02,1.971191354095935822e-02,1.069131772965192795e-02,-1.016031298786401749e-02,7.989347795955836773e-04,-7.686610333621501923e-03,-3.542186925187706947e-03,1.877941889688372612e-03,-2.420602366328239441e-02,-1.431121211498975754e-02,-7.382254116237163544e-03,1.877941936254501343e-02,-1.617620326578617096e-02,-7.045520003885030746e-03,1.849449053406715393e-02,-8.604535250924527645e-04,-2.130492590367794037e-02,1.377696986310184002e-03,-6.495898123830556870e-04,-4.746660124510526657e-03,6.190732587128877640e-03,7.046329556033015251e-04,-7.757842540740966797e-03,-1.640932634472846985e-02,6.342910695821046829e-03,-1.206415798515081406e-02,-5.726913223043084145e-04,1.325567904859781265e-02,1.942698494531214237e-03,2.384662395343184471e-03,-9.422088041901588440e-03,-6.935433484613895416e-03,-9.201915003359317780e-03,1.052295044064521790e-02,-1.352118141949176788e-02,1.995798945426940918e-02,2.035948075354099274e-02,-2.373330062255263329e-03,-1.982847601175308228e-02,-1.273115072399377823e-02,-3.509808704257011414e-02,1.907729916274547577e-02,-9.810627438127994537e-03,5.274426192045211792e-03,7.111086160875856876e-04,-1.362479198724031448e-02,4.030451923608779907e-02,-1.479041110724210739e-02,8.211138658225536346e-03,1.234423019923269749e-03,-1.876646652817726135e-02,1.399552333168685436e-03,-3.310358151793479919e-02,-2.205772179877385497e-04,-1.341757085174322128e-02,2.367501892149448395e-02,1.962125534191727638e-03,3.173074126243591309e-02,1.543635851703584194e-03,2.124017104506492615e-02,-8.936412632465362549e-03,-3.600467927753925323e-03,7.686610333621501923e-03,6.147831445559859276e-04,1.052942592650651932e-02,2.020406350493431091e-02,-1.423350442200899124e-02,1.268420252017676830e-03,1.357298716902732849e-02,-2.326057665050029755e-02,-1.538617163896560669e-02,5.593352834694087505e-04,6.239300128072500229e-03,-8.327701129019260406e-03,6.622375803999602795e-05,-4.499289765954017639e-02,3.943677991628646851e-03,-3.075939370319247246e-03,4.675427917391061783e-03,1.387086696922779083e-02,-6.689358502626419067e-03,4.795227665454149246e-03,-9.040023200213909149e-03,-1.225195173174142838e-02,-8.645008318126201630e-03,-8.470165543258190155e-03,8.865180425345897675e-03,-1.199940126389265060e-02,-1.034810766577720642e-02,-1.192816905677318573e-02,5.640301387757062912e-03,2.638832083903253078e-04,8.819851092994213104e-03,1.047762017697095871e-02,1.479041110724210739e-02,-1.155905611813068390e-02,1.130002900026738644e-03,8.709765039384365082e-03,1.827755477279424667e-03,-1.093091722577810287e-02,1.701803877949714661e-02,-5.705058109015226364e-03,1.868875883519649506e-02,-7.019617129117250443e-03,-2.433553710579872131e-02,-4.249652847647666931e-04,-7.129703648388385773e-03,1.649998500943183899e-02,2.502195723354816437e-02,-1.816220719774719328e-05,-1.215805415995419025e-03,1.172094792127609253e-02,2.660201862454414368e-02,7.498816121369600296e-03,3.864675015211105347e-02,-2.445209771394729614e-02,-4.001959040760993958e-02,1.008260529488325119e-02,-8.502543903887271881e-03,-3.175664320588111877e-02,8.489592000842094421e-03,-1.668130420148372650e-02,4.037574864923954010e-03,2.740499936044216156e-02,-1.484221685677766800e-02,-8.282370865345001221e-03,1.567110046744346619e-02,-1.319092232733964920e-02,-3.801213344559073448e-03,8.897558785974979401e-03,1.464308938011527061e-03,1.427073962986469269e-03,-7.388730067759752274e-03,1.779188052751123905e-03,-3.729981184005737305e-02,4.600309953093528748e-02,3.836829448118805885e-03,-1.647408306598663330e-02,-1.223900076001882553e-02,1.831317134201526642e-02,4.066715482622385025e-03,-3.219617938157171011e-04,-2.886526286602020264e-03,-6.754115223884582520e-03,-1.931042224168777466e-02,7.750557415420189500e-05,-2.815617620944976807e-02,2.367501892149448395e-02,2.026882022619247437e-02,3.396484535187482834e-03,-3.056512214243412018e-02,-2.544935094192624092e-03,1.975076738744974136e-03,-1.500734593719244003e-03,8.852229453623294830e-03,1.324920356273651123e-02,1.650281919864937663e-04,-1.436301786452531815e-02,1.008908078074455261e-02,1.673310995101928711e-02,8.651483803987503052e-03,-1.423026667907834053e-03,-1.260811276733875275e-02,-8.230566047132015228e-03,-2.742442768067121506e-03,-4.128234460949897766e-03,-1.139716431498527527e-02,1.422217232175171375e-03,-1.275057811290025711e-02,1.165619120001792908e-02,1.242031902074813843e-02,1.501058321446180344e-02,1.381906215101480484e-02,7.602426689118146896e-03,6.268440280109643936e-03,-1.415579672902822495e-02,2.258386928588151932e-03,-8.612629957497119904e-03,5.183767061680555344e-03,-1.828726753592491150e-02,-7.298070471733808517e-03,-2.024291828274726868e-02,-5.444736406207084656e-02,-2.282670699059963226e-03,2.282023243606090546e-02,-1.374135352671146393e-02,-9.014121256768703461e-03,2.802666276693344116e-02,8.353603072464466095e-03,-6.588985677808523178e-03,5.326231475919485092e-03,1.453138515353202820e-02,-2.056022640317678452e-03,-2.298859879374504089e-02,2.032062597572803497e-02,1.668130420148372650e-02,4.341283440589904785e-02,2.535869181156158447e-02,-3.437281027436256409e-02,1.006317790597677231e-02,-1.876646652817726135e-02,8.152858354151248932e-03,-1.934927701950073242e-02,4.646287299692630768e-03,-1.185046043246984482e-03,2.543639950454235077e-02,4.762849304825067520e-03,-1.639637537300586700e-02,-6.877152714878320694e-03,-1.230375748127698898e-02,1.880532130599021912e-02,-5.154626443982124329e-03,2.955492027103900909e-02,-8.832802064716815948e-03,4.139243066310882568e-02,2.742442768067121506e-03,-1.330100931227207184e-02,4.714281763881444931e-03,2.157690376043319702e-02,2.898506075143814087e-02,-2.867099130526185036e-03,1.416874770075082779e-02,-7.039044052362442017e-03,-1.138299921876750886e-04,2.599330618977546692e-02,-1.950793084688484669e-03,3.613419132307171822e-03,3.642559750005602837e-03,-5.001800879836082458e-02,6.844774354249238968e-03,1.172094792127609253e-02,1.984142698347568512e-02,-1.006317790597677231e-02,1.218071952462196350e-02,6.905645877122879028e-02,5.348896607756614685e-03,3.294492838904261589e-03,-1.804119348526000977e-02,-2.867422997951507568e-02,-6.553369574248790741e-03,4.061535000801086426e-02,1.019410774460993707e-04,-1.422055251896381378e-02,-3.331080451607704163e-02,6.747639272361993790e-03,1.148134842514991760e-02,-2.538459375500679016e-02,-2.841520309448242188e-02,1.394857559353113174e-02,-8.871656842529773712e-03,-6.540418136864900589e-03,-2.264862647280097008e-03,-3.173074219375848770e-03,1.829374465160071850e-03,-4.299839213490486145e-02,1.086616050451993942e-02,-1.699213683605194092e-02,-3.675585612654685974e-02,2.089048363268375397e-02,6.291105411946773529e-03,-1.651293784379959106e-02,1.145382644608616829e-03,-6.614888552576303482e-03
-9.679114446043968201e-03,-3.657842427492141724e-02,-1.504352129995822906e-02,-5.691229016520082951e-04,1.461848989129066467e-02,2.604280784726142883e-02,-6.073596305213868618e-04,-2.720198221504688263e-02,-2.136424649506807327e-03,-3.802739316597580910e-03,1.996357738971710205e-02,2.861875295639038086e-02,-5.444904323667287827e-03,-1.890743896365165710e-02,-4.987674299627542496e-03,1.588070392608642578e-02,1.655044965445995331e-02,-4.990894231013953686e-04,1.251265499740839005e-02,-9.730633348226547241e-03,4.202010750304907560e-04,3.300430020317435265e-03,-5.992292892187833786e-03,-6.478502415120601654e-03,-2.678983099758625031e-02,-1.402602251619100571e-02,-6.729657296091318130e-03,-2.011813409626483917e-02,1.238063792698085308e-03,-4.479568824172019958e-02,-1.557158958166837692e-02,-1.439309446141123772e-03,-1.746490970253944397e-02,-2.524426393210887909e-02,-3.742848709225654602e-02,1.161107327789068222e-02,7.723811431787908077e-04,-2.233344689011573792e-02,1.306648273020982742e-02,-6.819815374910831451e-03,7.315685041248798370e-03,4.028134513646364212e-03,4.414526280015707016e-03,3.204476088285446167e-02,-3.209627792239189148e-02,1.012346521019935608e-02,-2.532154321670532227e-02,-2.448436059057712555e-02,-9.820791892707347870e-03,2.363429777324199677e-02,1.273483037948608398e-03,3.535484895110130310e-03,-1.473440788686275482e-02,-1.197170559316873550e-02,8.397581987082958221e-03,-5.963313393294811249e-03,1.513367891311645508e-02,5.506083369255065918e-03,2.466467674821615219e-03,-2.192129567265510559e-02,4.569082986563444138e-03,6.703897845000028610e-03,-4.978014621883630753e-03,8.777533657848834991e-03,-1.848240755498409271e-02,1.070305332541465759e-02,3.112063976004719734e-03,-9.460159577429294586e-03,-7.592598907649517059e-03,-1.783842220902442932e-02,4.167879745364189148e-02,3.892253339290618896e-02,-2.695082919672131538e-03,-8.635857142508029938e-03,4.139544069766998291e-02,-2.856723405420780182e-02,-1.608677953481674194e-02,-5.911794491112232208e-03,-2.053028531372547150e-02,-6.607299670577049255e-03,-2.579809352755546570e-02,4.121512640267610550e-03,-1.050341688096523285e-02,7.489561103284358978e-03,8.436220698058605194e-03,-1.223574043251574039e-03,1.477304659783840179e-02,1.661484688520431519e-02,-1.522383745759725571e-02,-2.941729687154293060e-02,-3.400247776880860329e-03,2.630040235817432404e-02,-1.229369919747114182e-02,2.147050388157367706e-02,-8.545698598027229309e-03,3.748000599443912506e-03,-2.769141271710395813e-02,2.642919868230819702e-02,-2.208873163908720016e-03,-1.051629707217216492e-02,-1.287328731268644333e-02,-1.034886017441749573e-02,8.468420244753360748e-03,-3.999155014753341675e-03,-4.095753282308578491e-02,-9.904510341584682465e-03,-4.894296173006296158e-03,-1.683380268514156342e-02,2.286151424050331116e-02,-4.003019258379936218e-02,2.213703002780675888e-03,5.929826200008392334e-02,8.130327332764863968e-04,-3.941196575760841370e-02,-1.460561063140630722e-02,-6.072791293263435364e-03,2.862519351765513420e-03,-3.886457532644271851e-03,4.549763631075620651e-03,-1.063865423202514648e-02,-1.140499766916036606e-02,8.584338240325450897e-03,-7.727836258709430695e-03,-2.288727462291717529e-02,-1.334339659661054611e-02,-3.828498767688870430e-03,-3.598595783114433289e-02,-1.691108196973800659e-02,-2.065908163785934448e-02,-2.648393856361508369e-03,5.352814495563507080e-02,1.331763714551925659e-02,1.801873743534088135e-02,2.594057586975395679e-04,1.052273716777563095e-02,2.454875968396663666e-02,-2.398849232122302055e-03,1.409042067825794220e-02,-9.588956832885742188e-03,-1.379418745636940002e-02,-5.596241448074579239e-03,9.865870699286460876e-03,-5.918234586715698242e-03,-1.140499766916036606e-02,8.320303633809089661e-03,-6.484942510724067688e-03,2.302895113825798035e-02,1.593222282826900482e-02,-3.918657079339027405e-03,4.543323535472154617e-03,2.879907004535198212e-02,-2.211449109017848969e-02,1.975750178098678589e-02,-1.275092922151088715e-02,1.054205652326345444e-02,8.455540984869003296e-03,-2.004407579079270363e-03,1.524959690868854523e-02,3.461426589637994766e-03,-1.121824234724044800e-02,1.335627678781747818e-02,2.259104140102863312e-02,2.014389261603355408e-02,2.065908163785934448e-02,4.276069346815347672e-03,3.632082790136337280e-02,3.493625903502106667e-03,-2.632616087794303894e-02,1.673358201514929533e-04,-9.775713086128234863e-03,2.114851213991641998e-02,1.541703287512063980e-02,-4.693372547626495361e-02,1.670500636100769043e-02,-1.344321528449654579e-03,2.145279431715607643e-04,2.084905747324228287e-03,7.373643573373556137e-03,8.577898144721984863e-03,8.030509576201438904e-03,-3.799519315361976624e-02,1.193306688219308853e-02,1.845664903521537781e-02,1.280888821929693222e-02,-1.056781597435474396e-02,-1.379418745636940002e-02,9.350681677460670471e-03,-1.392298471182584763e-02,6.539681460708379745e-03,-1.378130726516246796e-02,8.912771008908748627e-03,2.926274016499519348e-02,4.327588248997926712e-03,2.894718665629625320e-03,-6.503747105598449707e-01,-8.307423442602157593e-03,-1.613829843699932098e-02,1.285396702587604523e-02,1.372978836297988892e-02,-1.123756170272827148e-02,-1.114740315824747086e-02,7.148248143494129181e-03,-6.282086949795484543e-03,2.092955633997917175e-02,-1.208118349313735962e-02,3.812399134039878845e-02,6.198368500918149948e-03,-3.593443706631660461e-02,-9.949589148163795471e-03,-1.707851700484752655e-02,-2.448436059057712555e-02,-1.447681337594985962e-02,1.749066822230815887e-02,-1.362675055861473083e-02,-1.185578852891921997e-02,1.101216673851013184e-02,-4.620602121576666832e-04,1.425785757601261139e-02,-4.771938547492027283e-03,8.680935949087142944e-03,3.655266389250755310e-02,-8.809733204543590546e-03,-7.727836258709430695e-03,-6.227347999811172485e-03,-3.814975172281265259e-02,1.573902554810047150e-02,-1.239029690623283386e-02,1.707851700484752655e-02,2.707318589091300964e-02,-2.800052613019943237e-02,-1.405178196728229523e-02,1.832785084843635559e-02,3.239251207560300827e-03,3.304937854409217834e-02,-2.038860693573951721e-02,7.888833060860633850e-03,3.879373893141746521e-02,-1.163200358860194683e-03,-8.848371915519237518e-03,-1.026353216730058193e-03,8.107787929475307465e-03,1.227437984198331833e-02,2.324790693819522858e-02,1.018786430358886719e-02,-1.532687526196241379e-02,-1.135347876697778702e-02,-2.221752889454364777e-02,2.185689657926559448e-02,-1.273804996162652969e-02,1.053722691722214222e-03,2.441996149718761444e-02,-3.677162108942866325e-03,1.485998509451746941e-03,7.560399826616048813e-03,-8.127107284963130951e-03,1.284108776599168777e-02,-6.839134730398654938e-03,1.587426289916038513e-03,-3.702921560034155846e-03,2.478059381246566772e-02,1.258993288502097130e-03,1.251265499740839005e-02,2.228192798793315887e-02,7.631238084286451340e-03,1.420633867383003235e-02,3.237963467836380005e-02,1.998933590948581696e-02,-1.212505521834827960e-04,5.763677880167961121e-03,-7.972550578415393829e-03,5.074612330645322800e-03,-1.061289478093385696e-02,2.561777643859386444e-02,1.351083349436521530e-02,1.993781700730323792e-02,-7.740715984255075455e-03,-3.374488279223442078e-02,-1.838581054471433163e-03,2.702166698873043060e-02,2.572725526988506317e-03,-1.491472404450178146e-02,-1.541703287512063980e-02,1.558446977287530899e-02,-5.622000899165868759e-03,1.473440788686275482e-02,4.059689864516258240e-02,1.143719721585512161e-02,6.755416747182607651e-03,3.322969423606991768e-03,1.340779569000005722e-02,-2.092955633997917175e-02,2.996146446093916893e-03,3.936044499278068542e-02,6.607299670577049255e-03,2.501242980360984802e-02,-4.002375062555074692e-03,1.947414688766002655e-02,-1.010414585471153259e-02,1.043901871889829636e-02,1.375554781407117844e-02,-4.170455411076545715e-02,8.281663991510868073e-03,1.800585724413394928e-02,-2.456163987517356873e-02,-1.229369919747114182e-02,7.322124671190977097e-03,1.248045545071363449e-02,-1.593222282826900482e-02,1.100572664290666580e-02,-2.766565233469009399e-02,1.841800846159458160e-02,2.047876641154289246e-02,-2.316740807145833969e-03,-1.550719141960144043e-02,1.620269566774368286e-02,3.477526130154728889e-03,1.728459261357784271e-02,-7.772915065288543701e-03,1.049697771668434143e-02,3.209627792239189148e-02,-1.356235239654779434e-02,-2.545033954083919525e-02,7.925056852400302887e-04,9.872310794889926910e-03,-1.415964914485812187e-03,-2.844809554517269135e-03,1.204254478216171265e-02,-9.672675281763076782e-03,2.882482856512069702e-02,-1.581630483269691467e-02,6.600860040634870529e-03,-2.633904106914997101e-03,1.060001552104949951e-02,-1.347219385206699371e-02,-6.626619491726160049e-03,2.926274016499519348e-02,2.706352621316909790e-03,-5.206629633903503418e-03,-7.650557905435562134e-03,-4.193639010190963745e-02,-2.290015481412410736e-02,-9.878750890493392944e-03,-3.822702914476394653e-02,2.542458102107048035e-02,3.496845718473196030e-03,-6.935732904821634293e-03,6.787615828216075897e-03,-1.716867648065090179e-02,1.634437404572963715e-02,2.851249417290091515e-03,-2.643564017489552498e-03,-6.942172534763813019e-03,1.209889305755496025e-03,-3.796943277120590210e-02,8.333182893693447113e-03,2.784596942365169525e-02,-1.731035299599170685e-02,-4.961914848536252975e-03,1.606101915240287781e-02,-9.151046164333820343e-03,-1.467000879347324371e-02,8.622976951301097870e-03,-1.615117676556110382e-02,-1.984765939414501190e-02,1.828921213746070862e-02,-1.340779569000005722e-02,5.454564467072486877e-03,5.142231006175279617e-03,-1.411618012934923172e-02,-7.875952869653701782e-03,5.638100206851959229e-03,-3.093710355460643768e-02,3.664282383397221565e-03,9.299162775278091431e-03,1.544279232621192932e-02,1.711715757846832275e-02,-1.314376108348369598e-02,1.623650547116994858e-03,2.301607094705104828e-02,1.041325926780700684e-02,-3.292380133643746376e-03,1.301496382802724838e-02,-7.141808513551950455e-03,2.790070837363600731e-03,1.182519947178661823e-03,1.570038683712482452e-02,2.528290450572967529e-02,2.377597615122795105e-02,9.151046164333820343e-03,3.433735296130180359e-02,2.592688985168933868e-02,1.379418745636940002e-02,7.508880924433469772e-03,4.031354561448097229e-02,4.556203493848443031e-04,-8.822612464427947998e-03,2.199857309460639954e-02,2.573369443416595459e-02,-2.931747818365693092e-03,-2.006661519408226013e-02,-1.758082769811153412e-02,-7.496001198887825012e-03,1.836648955941200256e-02,6.066351197659969330e-03,1.125044096261262894e-02,-2.697014808654785156e-02,7.714956533163785934e-03,6.980811711400747299e-03,9.254083968698978424e-03,3.268874809145927429e-02,-6.208028178662061691e-03,3.696481697261333466e-03,-2.144474536180496216e-03,3.999155014753341675e-03,1.428361702710390091e-02,-1.754218712449073792e-02,3.876797854900360107e-03,-1.164971292018890381e-02,-3.426007181406021118e-02,1.984765939414501190e-02,2.331230603158473969e-02,-1.130195986479520798e-02,1.040681917220354080e-02,-1.637013256549835205e-02,1.875288225710391998e-02,-1.768386550247669220e-02,-1.107012480497360229e-02,3.124621696770191193e-02,1.269297115504741669e-02,-6.041396991349756718e-04,-1.192662678658962250e-02,-2.210161089897155762e-02,3.109166026115417480e-02,4.424185957759618759e-03,8.732454851269721985e-03,1.843088865280151367e-02,1.530111581087112427e-02,-3.469798341393470764e-02,1.125044096261262894e-02,2.206297218799591064e-02,1.780622173100709915e-03,-1.363963074982166290e-02,-2.068806206807494164e-03,1.070949248969554901e-02,-1.262857206165790558e-02,-7.875952869653701782e-03,-1.402602251619100571e-02,-4.836337640881538391e-03,3.793079638853669167e-03,-2.191163599491119385e-03,2.714402507990598679e-03,2.952033467590808868e-02,5.506083369255065918e-03,3.245691210031509399e-02,5.180870182812213898e-03,3.071814775466918945e-03,2.843843586742877960e-02,-2.345720306038856506e-03,2.624888345599174500e-02,1.314376108348369598e-02,-1.163683272898197174e-02,3.406687639653682709e-03,-2.233344689011573792e-02,-4.214246571063995361e-02,9.563197381794452667e-03,-8.036949671804904938e-03,2.072348073124885559e-02,-1.433513592928647995e-02,1.297632511705160141e-02,9.691994637250900269e-03,-1.396162342280149460e-02,1.156599447131156921e-02,7.367203943431377411e-03,1.360099110752344131e-02,-2.890210784971714020e-02,-1.810889504849910736e-02,-7.927471771836280823e-03,-1.207474432885646820e-02,-3.253740957006812096e-03,-2.527002431452274323e-02,-3.322969377040863037e-02,3.152957186102867126e-02,-2.645495906472206116e-02,-7.006571162492036819e-03,-2.232056669890880585e-02,-3.380928188562393188e-03,-4.359787330031394958e-03,-2.359565906226634979e-02,-1.070949248969554901e-02,-5.918234586715698242e-03,3.817550837993621826e-02,-2.301607094705104828e-02,1.888167858123779297e-02,-1.310512190684676170e-03,4.250309895724058151e-03,-4.102192819118499756e-03,4.939375445246696472e-03,-9.196124970912933350e-03,6.244091689586639404e-02,2.025981061160564423e-02,6.491382140666246414e-03,-1.020718365907669067e-02,1.474728714674711227e-02,-1.746490970253944397e-02,-2.407220937311649323e-02,-4.408086650073528290e-03,-2.304183132946491241e-02,-3.828498767688870430e-03,5.367625970393419266e-03,-1.243537664413452148e-02,-2.854147367179393768e-02,-2.765116223599761724e-04,5.821636412292718887e-03,-2.993248589336872101e-02,-6.468842737376689911e-03,-7.180447690188884735e-03,1.246113609522581100e-02,1.137923821806907654e-02,9.407352656126022339e-02,1.649893075227737427e-02,1.303428318351507187e-02,9.505238384008407593e-03,1.321459934115409851e-02,1.451545208692550659e-02,-1.737475208938121796e-02,-1.754218712449073792e-02,1.238385774195194244e-02,-7.702076807618141174e-03,-5.029533524066209793e-03,3.937976434826850891e-03,1.506928075104951859e-02,-2.323502674698829651e-02,1.830209232866764069e-02,3.896117443218827248e-03,-2.526036463677883148e-03,7.045210339128971100e-03,-6.781176198273897171e-03,-8.384701795876026154e-03,-6.587980315089225769e-03,2.323180669918656349e-03,-7.055675378069281578e-04,2.431692369282245636e-02,-1.155955437570810318e-02,-1.387146580964326859e-02,-2.335094474256038666e-02,4.412594437599182129e-02,1.680804416537284851e-02,-5.754017736762762070e-03,1.774826273322105408e-02,1.396162342280149460e-02,3.449190780520439148e-02,5.708938930183649063e-03,2.078465884551405907e-03,5.100371781736612320e-03,9.485919028520584106e-03,1.665348745882511139e-02,4.575523082166910172e-03,-3.041225485503673553e-03,2.283575572073459625e-02,1.828921213746070862e-02,9.440839290618896484e-03,-2.413660846650600433e-02,1.737475208938121796e-02,2.514766762033104897e-03,-1.948702707886695862e-02,1.116672344505786896e-02,-2.302895113825798035e-02,-2.514122612774372101e-02,3.405399620532989502e-02,-3.454342857003211975e-02,-2.378885447978973389e-02,-2.526036463677883148e-03,6.741731776855885983e-04,1.809601671993732452e-02,4.044234286993741989e-03,6.088891066610813141e-03,-2.664493396878242493e-03,1.899759657680988312e-02,-1.300208456814289093e-02,-1.120536215603351593e-02,-1.356235239654779434e-02,3.764100139960646629e-03,-2.286151424050331116e-02,-9.395760484039783478e-03,-4.327588248997926712e-03,2.933357842266559601e-03,-1.931959018111228943e-02,3.789859591051936150e-03,-2.337670326232910156e-02,7.167567964643239975e-03,-2.689286880195140839e-02,-3.091134363785386086e-03,2.327366545796394348e-02,3.330697491765022278e-02,5.612340755760669708e-03,-2.062044292688369751e-02,1.626709476113319397e-02,8.416901342570781708e-03,5.905354861170053482e-03,-2.037572860717773438e-02,2.268441952764987946e-03,-6.343265529721975327e-03,-1.424497738480567932e-02,1.011058595031499863e-02,4.082873463630676270e-03,-9.202565066516399384e-03,-4.214246571063995361e-02,8.442660793662071228e-03,-2.247512340545654297e-02,7.542690145783126354e-04,6.307846400886774063e-03,-3.075678832828998566e-02,-1.719443500041961670e-02,2.555337734520435333e-02,-9.273403324186801910e-03,1.952888560481369495e-03,-1.170767191797494888e-02,-2.315774932503700256e-02,2.307081129401922226e-03,-1.732323318719863892e-02,8.476470247842371464e-04,7.611918728798627853e-03,1.219066139310598373e-02,-2.181503688916563988e-03,-1.078677084296941757e-02,1.251909416168928146e-02,-1.258349325507879257e-02,-1.530111581087112427e-02,7.354324217885732651e-03,-3.253418952226638794e-02,-2.216600999236106873e-02,-1.375554781407117844e-02,7.380083668977022171e-03,2.158642187714576721e-02,4.652801435440778732e-03,7.560399826616048813e-03,2.390477247536182404e-02,5.248488858342170715e-03,-1.080287038348615170e-03,-2.590113133192062378e-02,3.652690351009368896e-02,-7.296365220099687576e-03,-2.364717796444892883e-02,2.416236698627471924e-02,-1.417574938386678696e-03,-3.147805109620094299e-02,3.312665596604347229e-02,2.610720694065093994e-02,2.841267734766006470e-02,7.000131532549858093e-03,-2.722452161833643913e-03,1.942262798547744751e-02,-2.027269080281257629e-02,-1.145651657134294510e-02,4.243869800120592117e-03,6.533241365104913712e-03,-1.719443500041961670e-02,-4.140831995755434036e-03,-1.524959690868854523e-02,-2.563065662980079651e-02,-1.439953502267599106e-02,-2.435556426644325256e-02,3.538704942911863327e-03,-2.574657462537288666e-02,9.762832894921302795e-03,-1.590646244585514069e-02,2.197603462263941765e-03,4.335315898060798645e-02,-1.817329414188861847e-02,-9.265353437513113022e-04,-2.483211271464824677e-02,6.903533358126878738e-03,1.705275848507881165e-02,-3.961804136633872986e-02,-2.846419624984264374e-02,1.273483037948608398e-03,2.830963954329490662e-02,-3.041225485503673553e-03,1.957718469202518463e-02,4.994113929569721222e-03,2.014389261603355408e-02,1.397450361400842667e-02,-6.398004479706287384e-03,9.324922226369380951e-03,1.919079385697841644e-02,-1.336271641775965691e-03,-3.168412670493125916e-02,7.508880924433469772e-03,1.289904676377773285e-02,2.153490297496318817e-02,4.255461692810058594e-02,1.139211840927600861e-02,2.724062185734510422e-03,2.005373500287532806e-02,-7.418722845613956451e-03,7.116049062460660934e-03,-2.157354261726140976e-03,-9.872310794889926910e-03,-1.836971030570566654e-03,-2.022117190062999725e-02,5.100371781736612320e-03,-6.343265529721975327e-03,1.072237268090248108e-02,-1.683380268514156342e-02,3.405399620532989502e-02,-2.201145328581333160e-02,-1.393586397171020508e-02,1.363641116768121719e-03,1.302140392363071442e-02,-2.587537094950675964e-02,2.619736455380916595e-02,-1.544279232621192932e-02,9.846551343798637390e-03,-1.190730743110179901e-02,3.719665110111236572e-02,2.418812736868858337e-02,-1.542991306632757187e-02,1.996357738971710205e-02,1.358811184763908386e-02,9.846551343798637390e-03,-1.128264050930738449e-02,-3.109166026115417480e-02,-3.830430656671524048e-02,1.113452389836311340e-02,6.156509276479482651e-03,1.893319748342037201e-02,1.289904676377773285e-02,-1.931959018111228943e-02,-3.918657079339027405e-03,-2.578521333634853363e-02,-2.206297218799591064e-02,-3.042191453278064728e-02,-2.299031242728233337e-03,6.191928870975971222e-03,-6.871334277093410492e-03,1.446393318474292755e-02,-1.148227602243423462e-02,-1.500488165766000748e-02,-4.697880242019891739e-03,2.930137794464826584e-03,3.565108403563499451e-02,1.512562972493469715e-03,2.390477247536182404e-02,1.830209232866764069e-02,-2.282287552952766418e-02,-1.306004263460636139e-02,-5.659029702655971050e-04,-8.062709122896194458e-03,3.025125944986939430e-03,4.862097091972827911e-03,1.448969263583421707e-02,1.380706671625375748e-02,-1.571326632983982563e-03,-1.573902554810047150e-02,-1.745202951133251190e-02,-1.763234660029411316e-02,-4.695948213338851929e-02,1.709139719605445862e-02,-3.300430020317435265e-03,1.060967450030148029e-03,-3.026735736057162285e-03,-4.585182759910821915e-03,-4.337247926741838455e-03,2.563065662980079651e-02,-2.010525390505790710e-02,2.228192752227187157e-03,-2.381461486220359802e-02,-1.743914932012557983e-02,-2.836115844547748566e-02,-1.315020117908716202e-02,1.058069523423910141e-02,8.732454851269721985e-03,3.319749608635902405e-03,-3.157545579597353935e-04,6.517141591757535934e-03,-3.812399227172136307e-03,-8.944970555603504181e-03,8.764654397964477539e-03,-3.369336575269699097e-02,1.920689246617257595e-03,2.347330097109079361e-03,8.397581987082958221e-03,7.541080005466938019e-03,5.969753488898277283e-03,-1.213270239531993866e-02,4.807358141988515854e-03,-2.054316364228725433e-02,1.962870359420776367e-02,2.873789053410291672e-03,-1.446393318474292755e-02,-2.073636092245578766e-02,3.052495233714580536e-02,1.012346521019935608e-02,1.692396029829978943e-02,1.428039744496345520e-03,-4.768718965351581573e-03,7.128928788006305695e-03,-1.289904676377773285e-02,2.375021576881408691e-02,-3.545144805684685707e-03,7.599039003252983093e-03,-2.660951577126979828e-02,-4.881416447460651398e-03,-1.886880025267601013e-02,-5.116471555083990097e-03,7.239815022330731153e-05,2.417524717748165131e-02,-2.060756273567676544e-02,-3.570260107517242432e-02,1.556031988002359867e-03,-3.632083069533109665e-03,2.300319261848926544e-02,-1.460561063140630722e-02,8.552138693630695343e-03,-1.499200239777565002e-02,4.188487306237220764e-02,-3.418279439210891724e-02,2.377597615122795105e-02,3.429227275773882866e-03,-2.028556913137435913e-02,-2.006017370149493217e-03,-7.167567964643239975e-03,2.496091090142726898e-02,-3.044445533305406570e-03,8.307423442602157593e-03,-1.110876444727182388e-02,-2.377597615122795105e-02,4.281221330165863037e-02,7.586159277707338333e-03,4.752619192004203796e-03,7.328564766794443130e-03,-3.984987363219261169e-02,-1.083828974515199661e-02,6.626619491726160049e-03,1.622845605015754700e-02,-2.149626426398754120e-02,-2.427828498184680939e-03,2.521850541234016418e-02,-1.146295666694641113e-02,-3.693261649459600449e-03,2.511546760797500610e-02,-1.693684048950672150e-02,-1.682092249393463135e-02,1.018786430358886719e-02,-2.129018865525722504e-02,2.711182460188865662e-03,-3.019008040428161621e-02,-5.106811877340078354e-03,-5.300007760524749756e-03,-2.029844932258129120e-02,-9.865870699286460876e-03,-1.514655910432338715e-02,-2.358600031584501266e-03,-7.418722845613956451e-03,-1.310512237250804901e-02,-4.717200063169002533e-03,6.250692531466484070e-04,-1.222769031301140785e-03,8.487739600241184235e-03,8.391141891479492188e-03,3.204476088285446167e-02,-7.228746544569730759e-04,-2.447148039937019348e-02,-6.501042284071445465e-03,-2.619414357468485832e-03,-1.585494354367256165e-02,-2.405932918190956116e-02,-4.778378456830978394e-02,-9.827231988310813904e-03,5.090067908167839050e-02,-2.863726695068180561e-04,2.373089548200368881e-03,1.251265499740839005e-02,-6.395589443854987621e-04,-5.527978762984275818e-02,1.941618858836591244e-03,-7.244846317917108536e-03,1.126332115381956100e-02,-1.361387129873037338e-02,2.073636045679450035e-03,9.305602870881557465e-03,5.316107068210840225e-03,1.291836611926555634e-02,1.155150472186505795e-03,-1.965446397662162781e-02,-1.440114458091557026e-03,-4.971574526280164719e-03,-6.942172534763813019e-03,-3.693261649459600449e-03,-1.148871611803770065e-02,-1.256417389959096909e-02,-6.910778465680778027e-04,2.414948865771293640e-02,-3.729968890547752380e-02,1.007838640362024307e-02,7.470241747796535492e-03,-8.796853013336658478e-03,-1.469576824456453323e-02,-2.885058894753456116e-02,-2.817440312355756760e-03,-2.944627543911337852e-03,-1.928095147013664246e-02,1.098801731131970882e-03,-3.928316757082939148e-03,-4.269629251211881638e-03,-7.650557905435562134e-03,1.195882633328437805e-02,-2.288727462291717529e-02,5.525402724742889404e-03,1.292480621486902237e-02,8.355722529813647270e-04,2.307081129401922226e-03,2.365039894357323647e-03,-7.940351963043212891e-03,-1.445105392485857010e-02,-6.275646854192018509e-03,3.704209253191947937e-02,4.121512640267610550e-03,-2.753041684627532959e-03,5.386945791542530060e-03,-1.773538440465927124e-02,-2.044012583792209625e-02,6.011612713336944580e-03,2.479347400367259979e-02,-1.725883409380912781e-02,-1.974462158977985382e-02,8.552138693630695343e-03,-1.040842966176569462e-03,3.091134503483772278e-02,-4.195570945739746094e-03,-7.077409885823726654e-03,-2.663527429103851318e-02,9.550317190587520599e-03,-1.230657938867807388e-02,1.524959690868854523e-02,-6.678138393908739090e-03,2.998400479555130005e-02,2.238496579229831696e-02,-2.725350111722946167e-02,-4.520784132182598114e-03,1.649893075227737427e-02,-1.545567251741886139e-02,-1.281532808206975460e-03,-1.398738287389278412e-02,1.288616657257080078e-02,-9.331362321972846985e-03,-8.133547380566596985e-03,9.189684875309467316e-03,6.021272391080856323e-03,1.056137587875127792e-02,-4.292169120162725449e-03,1.790281943976879120e-02,-2.882482856512069702e-02,9.543877094984054565e-03,2.221495211124420166e-01,-1.742627099156379700e-02,4.955474752932786942e-03,2.212737128138542175e-02,-5.380505695939064026e-03,-2.319960854947566986e-03,3.371912613511085510e-02,7.412282750010490417e-03,5.374066065996885300e-03,8.680935949087142944e-03,-4.088025167584419250e-02,-2.065908163785934448e-02,-5.541502498090267181e-03,1.661484711803495884e-03,9.666235186159610748e-03,-2.733078040182590485e-02,-1.537839416414499283e-02,-1.473923679441213608e-03,-3.539348766207695007e-02,-4.605790227651596069e-02,1.495336275547742844e-02,-8.964289911091327667e-03,7.882392965257167816e-03,-2.314486913383007050e-02,8.573068189434707165e-04,1.273160986602306366e-02,9.022248908877372742e-03,5.683179479092359543e-03,1.402602251619100571e-02,-3.886457532644271851e-03,-1.514977891929447651e-03,-9.595396928489208221e-03,-1.576478593051433563e-02,-2.733078040182590485e-02,-2.377597615122795105e-02,-4.391181864775717258e-04,1.330475788563489914e-02,1.143719721585512161e-02,-1.609160914085805416e-03,1.545567251741886139e-02,-2.883448731154203415e-03,-3.525825217366218567e-03,8.519939146935939789e-03,-2.407220937311649323e-02,-4.910395946353673935e-03,1.481168624013662338e-02,-1.859832555055618286e-02,-2.441996149718761444e-02,8.162526646628975868e-04,5.406265147030353546e-03,-2.313198894262313843e-02,1.723307371139526367e-02,-3.725460963323712349e-03,8.416901342570781708e-03,1.073847175575792789e-03,-1.419345848262310028e-02,2.076211944222450256e-02,2.626176364719867706e-02,-5.401435191743075848e-04,-2.004085481166839600e-02,-5.795876961201429367e-03,-2.532476326450705528e-03,-1.846952736377716064e-02,-1.733611151576042175e-02,-1.910063438117504120e-02,4.433201998472213745e-02,-8.487739600241184235e-03,1.286362763494253159e-03,-5.081052426248788834e-03,-9.994667954742908478e-03,2.688643056899309158e-03,-1.114740315824747086e-02,-2.395629137754440308e-02,2.400781027972698212e-02,-6.021272391080856323e-03,-6.198368500918149948e-03,-7.817993871867656708e-03,-1.197814592160284519e-03,-7.946791127324104309e-03,1.344643440097570419e-02,-9.054447524249553680e-03,-2.337670419365167618e-03,-1.363963074982166290e-02,8.783973753452301025e-03,-8.346063084900379181e-03,-2.413338748738169670e-03,2.122578956186771393e-02,-6.549341138452291489e-03,-1.312122214585542679e-03,3.067950904369354248e-02,8.584338240325450897e-03,-9.402200579643249512e-03,-2.377919619902968407e-03,-3.471086267381906509e-03,-5.113251507282257080e-03,2.475483529269695282e-02,6.233787629753351212e-03,1.801873743534088135e-02,-2.175385877490043640e-02,3.227981505915522575e-03,-1.394874416291713715e-02,-2.584961242973804474e-02,2.360853925347328186e-02,-7.848583627492189407e-04,2.073636092245578766e-02,2.480635419487953186e-02,3.704209253191947937e-02,2.432980388402938843e-02,-9.350681677460670471e-03,-2.637767978012561798e-02,8.197946473956108093e-03,-1.029090210795402527e-02,9.357121773064136505e-03,5.850615911185741425e-03,1.554583013057708740e-02,-9.118846617639064789e-03,-2.748533710837364197e-02,-1.749066822230815887e-02,1.412906032055616379e-02,3.029955783858895302e-03,5.258148536086082458e-03,-1.552007067948579788e-02,-1.102021662518382072e-03,2.159930206835269928e-02,-5.615560803562402725e-03,-1.238385774195194244e-02,-1.074813213199377060e-02,2.474195510149002075e-02,1.975750178098678589e-02,-3.044767491519451141e-02,1.179782953113317490e-02,-1.724595390260219574e-02,-4.852436948567628860e-03,2.457451820373535156e-02,6.230568047612905502e-03,-1.053561642765998840e-02,2.261679992079734802e-02,5.010213702917098999e-03,-7.399403024464845657e-03,-2.609432674944400787e-02,-1.526247616857290268e-02,1.025870256125926971e-02,3.358388785272836685e-03,2.689286880195140839e-02,-9.228324517607688904e-03,-5.840956233441829681e-03,3.145229443907737732e-02,-6.008392665535211563e-03,2.580775180831551552e-03,-7.481309876311570406e-05,-3.503285720944404602e-02,-1.491472404450178146e-02,9.898070245981216431e-03,-3.122045844793319702e-02,6.942172534763813019e-03,-2.556625753641128540e-03,-2.286151424050331116e-02,-1.309707178734242916e-03,1.840513013303279877e-02,1.989917829632759094e-02,-5.424940958619117737e-02,1.871424354612827301e-02,8.036949671804904938e-03,-2.331230603158473969e-02,9.943149052560329437e-03,3.648585116025060415e-04,-1.616663336753845215e-01,-1.810889504849910736e-02,7.167567964643239975e-03,-3.693261649459600449e-03,1.693684048950672150e-02,-1.761946640908718109e-02,1.428361702710390091e-02,-2.788460813462734222e-03,-1.938398927450180054e-02,3.661062335595488548e-03,4.095753189176321030e-03,-2.072026021778583527e-03,-4.308268427848815918e-03,5.915014538913965225e-03,-3.052495233714580536e-02,2.660951577126979828e-02,-3.954076021909713745e-02,7.496001198887825012e-03,2.581097185611724854e-02,1.305360347032546997e-02,4.183335229754447937e-02,-1.563598774373531342e-02,-4.752619192004203796e-03,-3.302361816167831421e-02,2.431692369282245636e-02,-1.700123888440430164e-03,-8.236585184931755066e-03,1.536551397293806076e-02,-1.788994111120700836e-02,-1.575190573930740356e-02,-2.327366545796394348e-02,1.446393318474292755e-02,2.394341118633747101e-02,-2.879907004535198212e-02,2.779445052146911621e-02,8.911160985007882118e-04,-1.571326702833175659e-02,6.365804933011531830e-03,-5.828076507896184921e-03,2.005373500287532806e-02,-1.832141191698610783e-03,2.503818832337856293e-02,5.345086567103862762e-03,-5.647760350257158279e-03,-1.415481977164745331e-02,2.129018865525722504e-02,2.543746028095483780e-03,7.953231222927570343e-03,1.759370602667331696e-02,-6.127530243247747421e-03,2.241072431206703186e-02,-3.503285720944404602e-02,-7.161127869039773941e-03,-1.193950697779655457e-02,9.595396928489208221e-03,2.121934900060296059e-03,-4.694660194218158722e-03,-1.296988502144813538e-02,9.595396928489208221e-03,-1.965446397662162781e-02,-9.479478932917118073e-03,-1.298920437693595886e-02,-2.933357842266559601e-03,1.891709864139556885e-03,-5.435244645923376083e-03,1.975428080186247826e-03,9.530997835099697113e-03,-3.274670569226145744e-03,-3.503285720944404602e-02,-4.610942211002111435e-03,-3.549652546644210815e-02,-4.023626819252967834e-02,1.530111581087112427e-02,-3.956652060151100159e-02,7.515320554375648499e-03,9.427960030734539032e-03,-2.640343969687819481e-03,8.339622989296913147e-03,1.014278456568717957e-02,3.232811344787478447e-03,-1.912639476358890533e-02,4.768074676394462585e-02,-1.262213196605443954e-02,1.510791946202516556e-02,-1.644580159336328506e-03,1.064509432762861252e-02,-3.342289011925458908e-03,-3.770540002733469009e-03,-2.064620144665241241e-02,4.115072544664144516e-03,-8.577898144721984863e-03,-2.299031242728233337e-02,1.425785757601261139e-02,-1.588070392608642578e-02,5.703143030405044556e-02,2.964913100004196167e-02,2.385325357317924500e-02,-7.940351963043212891e-03,4.672120790928602219e-03,-3.189020231366157532e-02,-4.311488475650548935e-03,2.742979268077760935e-04,-2.195993438363075256e-03,2.308047004044055939e-02,1.206830423325300217e-02,-1.037623034790158272e-03,-8.944970555603504181e-03,2.557913772761821747e-02,3.670722246170043945e-02,-6.307846400886774063e-03,-2.970064990222454071e-02,-2.059468254446983337e-02,2.570793405175209045e-02,2.490939199924468994e-02,8.268784731626510620e-03,9.138165973126888275e-03,-1.561022922396659851e-02,-1.312444172799587250e-02,1.181070972234010696e-02,2.883448731154203415e-03,4.889144375920295715e-02,4.504684358835220337e-03,1.113452389836311340e-02,-1.703987829387187958e-02,-8.964289911091327667e-03,-1.953854598104953766e-02,-1.186995655298233032e-01,-5.182801932096481323e-02,1.451545208692550659e-02,1.334339659661054611e-02,4.744891449809074402e-02,3.049919381737709045e-02,-1.434801518917083740e-02,3.147805109620094299e-02,-2.414948772639036179e-03,1.889455877244472504e-02,-1.648605056107044220e-02,-6.378684658557176590e-03,7.457362022250890732e-03,-8.378262631595134735e-03,-9.859430603682994843e-03,-2.387901395559310913e-02,1.070305332541465759e-02,-5.454564467072486877e-03,-2.606856636703014374e-02,2.828387916088104248e-02,-8.255904540419578552e-03,3.221541643142700195e-03,1.625421456992626190e-02,-2.547609992325305939e-02,9.769272990524768829e-03,-5.747578106820583344e-03,-2.547609992325305939e-02,2.998400479555130005e-02,6.736096926033496857e-03,2.028556913137435913e-02,-1.719443476758897305e-03,3.100794274359941483e-03,1.360421185381710529e-03,3.683601971715688705e-03,-1.166903227567672729e-02,-6.716777570545673370e-03,-2.877330966293811798e-02,-1.311317202635109425e-03,9.376441128551959991e-03,-2.023405022919178009e-02,9.337802184745669365e-04,4.343688022345304489e-03,-6.133969873189926147e-03,-4.536239802837371826e-02,1.956108491867780685e-03,-2.062366344034671783e-03,4.936155397444963455e-03,1.893319748342037201e-02,1.041325926780700684e-02,-3.905777120962738991e-03,-1.063865423202514648e-02,3.461426589637994766e-03,-2.498666942119598389e-02,3.793079638853669167e-03,-3.358388785272836685e-03,-1.803161809220910072e-03,-8.867692202329635620e-03,6.897697312524542212e-05,-1.850816793739795685e-02,-1.653756946325302124e-02,4.646361339837312698e-03,-6.607299670577049255e-03,8.500619791448116302e-03,9.305602870881557465e-03,-1.840513013303279877e-02,-1.517231855541467667e-02,-9.176805615425109863e-03,-3.732544928789138794e-02,2.471619658172130585e-02,-3.358388785272836685e-03,-1.812821603380143642e-03,7.167567964643239975e-03,-1.367826946079730988e-02,3.729968890547752380e-02,-1.029090210795402527e-02,2.662883605808019638e-03,-1.640877127647399902e-02,-7.599039003252983093e-03,-7.264166139066219330e-03,-3.250842913985252380e-02,-6.385124754160642624e-03,-1.339491549879312515e-02,2.116139046847820282e-02,-5.222729407250881195e-03,2.496091090142726898e-02,9.653354994952678680e-03,1.181070972234010696e-02,-2.733078040182590485e-02,-1.181714935228228569e-03,-2.213703002780675888e-03,5.425584968179464340e-03,1.145007740706205368e-02,2.295167371630668640e-02,-2.054316364228725433e-02,1.083828974515199661e-02,1.211982313543558121e-02,-3.325545415282249451e-02,-1.366539020091295242e-02,4.024914465844631195e-03,1.888167858123779297e-02,-1.450257282704114914e-02,-4.285729024559259415e-03,-4.963846877217292786e-02,1.612541824579238892e-02,-1.392298471182584763e-02,8.004750125110149384e-03,5.074612330645322800e-03,-2.402069047093391418e-03,1.530111581087112427e-02,-1.939686946570873260e-02,-3.754440462216734886e-03,-1.270585041493177414e-02,-2.036284841597080231e-02,1.709139719605445862e-02,1.058713532984256744e-02,-8.075588382780551910e-03,-2.748533710837364197e-02,-5.055292975157499313e-03,-9.099527262151241302e-03,1.257705315947532654e-02,1.043901871889829636e-02,1.758082769811153412e-02,-1.452994183637201786e-03,-1.240961719304323196e-02,6.085671018809080124e-03,4.198790993541479111e-03,-1.799941877834498882e-03,2.985520660877227783e-02,-1.494048279710114002e-03,5.934333894401788712e-03,-3.664282383397221565e-03,-2.185689657926559448e-02,1.448969263583421707e-02,-9.350681677460670471e-03,6.504261866211891174e-03,3.758304193615913391e-02,7.631238084286451340e-03,-1.173343136906623840e-02,2.751109562814235687e-02,1.438665483146905899e-02,1.889455877244472504e-02,4.502752423286437988e-02,-1.930670998990535736e-02,-4.739739373326301575e-02,1.313732098788022995e-02,4.934545140713453293e-04,-1.719443500041961670e-02,-3.244081162847578526e-04,-1.383282616734504700e-02,1.822481304407119751e-02,1.470864843577146530e-02,7.566839456558227539e-03,-6.385124754160642624e-03,1.144363731145858765e-02,-1.586782373487949371e-02,-3.596663707867264748e-03,8.185066282749176025e-03,-7.940351963043212891e-03,1.432225573807954788e-02,-8.777533657848834991e-03,-6.459183059632778168e-03,-4.366227239370346069e-02,4.203942790627479553e-02,-8.339622989296913147e-03,-1.729103270918130875e-03,-9.814351797103881836e-03,2.293879352509975433e-02,1.387146580964326859e-02,3.596663707867264748e-03,5.924674216657876968e-03,9.994667954742908478e-03,-1.855968683958053589e-02,-1.198619604110717773e-03,-1.773538440465927124e-02,1.380706671625375748e-02,2.776869013905525208e-02,1.326611847616732121e-03,-1.345931459218263626e-02,-2.007949352264404297e-02,2.102615311741828918e-03,-7.599039003252983093e-03,1.440114458091557026e-03,6.591200362890958786e-03,3.809179179370403290e-03,-2.045300602912902832e-02,-9.659795323386788368e-04,2.078787982463836670e-02,1.101216673851013184e-02,5.419144872575998306e-03,-1.418057922273874283e-02,-3.007416147738695145e-03,-1.099928654730319977e-02,-1.204254478216171265e-02,1.567301806062459946e-03,1.375514548271894455e-04,-1.434801518917083740e-02,1.615117676556110382e-02,2.318350784480571747e-02,1.294412557035684586e-02,-6.568660493940114975e-03,1.043257862329483032e-02,1.137923821806907654e-02,-1.469576824456453323e-02,8.452320471405982971e-04,-1.261569280177354813e-02,-9.795032441616058350e-03,-1.459273044019937515e-02,-1.213270239531993866e-02,-2.671255357563495636e-02,-3.972107917070388794e-02,-4.620601888746023178e-03,1.727171428501605988e-02,-7.058090064674615860e-03,-3.487186040729284286e-03,2.557913772761821747e-02,1.617693714797496796e-02,-1.117316260933876038e-02,-6.301406305283308029e-03,3.677162108942866325e-03,2.765921410173177719e-03,-2.083939872682094574e-02,3.101438283920288086e-02,-1.386985532008111477e-03,2.668679319322109222e-02,3.096286393702030182e-02,-2.756261453032493591e-02,8.307423442602157593e-03,-9.228324517607688904e-03,3.461426589637994766e-03,-1.027802191674709320e-02,-3.898129798471927643e-04,-5.122911185026168823e-03,2.610720694065093994e-02,7.386523298919200897e-03,-1.419345848262310028e-02,-1.859510550275444984e-03,7.521760649979114532e-03,2.784596942365169525e-02,-1.919079385697841644e-02,3.271450474858283997e-02,-1.166259218007326126e-02,4.093177244067192078e-02,-4.829897545278072357e-03,-2.109699323773384094e-02,5.245268810540437698e-03,2.386613376438617706e-02,3.083406575024127960e-02,5.254928488284349442e-03,2.065908163785934448e-02,4.127952270209789276e-03,7.096729241311550140e-03,3.397671878337860107e-02,-1.051629707217216492e-02,1.082702074199914932e-03,1.284752786159515381e-02,-5.185377970337867737e-02,-4.367032379377633333e-04,2.300319261848926544e-02,1.638301275670528412e-02,-2.666103467345237732e-02,6.691018119454383850e-03,5.522826686501502991e-02,-5.422364920377731323e-03,8.558578789234161377e-03,-7.611918728798627853e-03,-2.478059381246566772e-02,-2.944627543911337852e-03,3.899981454014778137e-02,8.732454851269721985e-03,-1.648605056107044220e-02,-3.536773100495338440e-02,8.887011557817459106e-03,9.704873897135257721e-03,-2.364717796444892883e-02,-2.243648469448089600e-02,2.269407920539379120e-02,-6.053471472114324570e-03,-3.892897395417094231e-03,4.762278869748115540e-03,-5.296787712723016739e-03,-7.785794790834188461e-03,-3.255994990468025208e-02,1.224862039089202881e-02,-1.392298471182584763e-02,-2.673831209540367126e-02,1.291192602366209030e-02,2.475483529269695282e-02,-7.663437630981206894e-03,1.643775147385895252e-03,-1.187349786050617695e-03
-5.504093132913112640e-03,-1.616686210036277771e-02,-6.217526737600564957e-03,-4.258004948496818542e-03,1.404915750026702881e-02,1.807796023786067963e-02,-1.023987308144569397e-02,-2.607100084424018860e-02,2.505088690668344498e-03,1.744845998473465443e-03,1.615394838154315948e-02,2.131908014416694641e-02,7.235219236463308334e-04,-1.571491174399852753e-02,-8.425620384514331818e-03,1.806504651904106140e-02,5.720383021980524063e-03,2.396943746134638786e-03,1.225427445024251938e-02,-8.167363703250885010e-03,-8.193189278244972229e-03,4.929472226649522781e-03,-1.051749847829341888e-02,-3.127487003803253174e-02,-1.832330413162708282e-02,3.460234438534826040e-04,-9.775010868906974792e-03,-2.066052518784999847e-02,1.849762629717588425e-03,-4.106279462575912476e-02,-1.991803757846355438e-03,-1.295156683772802353e-02,-1.882690377533435822e-02,-2.053139731287956238e-02,-3.256615251302719116e-02,2.632602816447615623e-03,-1.622981159016489983e-03,-2.441815845668315887e-02,2.162898704409599304e-02,6.101311650127172470e-03,-1.590699073858559132e-03,1.881399191915988922e-02,-2.755274763330817223e-03,3.246285021305084229e-02,-2.511545084416866302e-02,7.276379037648439407e-03,-3.119739331305027008e-02,-1.648968271911144257e-02,-1.597316935658454895e-02,1.263520214706659317e-02,1.319691073149442673e-02,3.149519616272300482e-04,-2.041518129408359528e-02,-2.356591261923313141e-02,5.833370145410299301e-03,-5.852739326655864716e-03,7.812261115759611130e-03,-4.009433090686798096e-03,-1.567617431282997131e-02,-2.297192253172397614e-02,1.350681856274604797e-02,1.389420311897993088e-02,-1.091133989393711090e-02,3.325053257867693901e-03,-1.521131210029125214e-02,2.188724465668201447e-02,-2.513159299269318581e-03,-9.644269011914730072e-04,-2.489593252539634705e-02,-1.661881059408187866e-02,4.307719692587852478e-02,3.424482047557830811e-02,-2.752046566456556320e-03,-5.110251717269420624e-03,3.742137551307678223e-02,-4.423934966325759888e-02,9.910595836117863655e-04,-9.277867153286933899e-03,-6.043203640729188919e-03,-9.710446931421756744e-03,-2.840822190046310425e-02,-1.363594643771648407e-02,-2.387581951916217804e-02,1.640332775423303246e-04,1.167965307831764221e-02,1.738389488309621811e-03,1.050458569079637527e-02,1.956293545663356781e-02,4.164387006312608719e-03,-2.982863411307334900e-02,2.910228678956627846e-03,2.851152606308460236e-02,-1.397168077528476715e-02,6.543575786054134369e-03,-8.212558925151824951e-03,5.668731871992349625e-03,-1.912389881908893585e-02,3.047427535057067871e-02,4.781781753990799189e-04,-1.594734378159046173e-02,-2.427611686289310455e-02,-8.664507418870925903e-03,1.877525262534618378e-02,-1.300321798771619797e-02,-4.899127036333084106e-02,-2.038935571908950806e-02,-6.803446449339389801e-04,-1.749688200652599335e-02,2.441815845668315887e-02,-3.416734561324119568e-02,1.172484830021858215e-02,5.485369637608528137e-02,8.690333925187587738e-03,-5.240025743842124939e-02,-2.401786111295223236e-02,-1.997614465653896332e-02,-1.397168077528476715e-02,-1.350681856274604797e-02,-1.022534561343491077e-03,-1.318399794399738312e-02,-1.238340232521295547e-02,2.168063819408416748e-02,-1.159733394160866737e-03,-3.463220596313476562e-02,-1.566487480886280537e-03,1.127451309002935886e-03,-4.155348241329193115e-02,-1.812961138784885406e-02,-1.125998608767986298e-02,-1.738389488309621811e-03,5.547351017594337463e-02,1.370051130652427673e-02,1.736775413155555725e-02,-2.748818369582295418e-03,-4.225722979754209518e-03,1.512092165648937225e-02,6.145699298940598965e-04,1.006554998457431793e-02,-1.665754802525043488e-02,-4.383905325084924698e-03,2.342064166441559792e-03,1.217679679393768311e-02,-1.492722984403371811e-02,2.036998746916651726e-03,1.552121993154287338e-02,7.605656050145626068e-03,2.080256678164005280e-02,1.913681253790855408e-02,1.956293592229485512e-03,-1.716114953160285950e-02,2.441815845668315887e-02,-2.822744287550449371e-02,2.049265801906585693e-02,-2.414698898792266846e-02,7.269922178238630295e-03,9.652338922023773193e-03,1.652034930884838104e-03,1.012365706264972687e-02,3.770545823499560356e-03,-7.411963306367397308e-03,6.543575786054134369e-03,1.082256436347961426e-03,2.321726642549037933e-02,1.234466396272182465e-02,1.224781759083271027e-02,4.369701072573661804e-02,-1.104692462831735611e-02,-2.186141908168792725e-02,1.293219812214374542e-02,1.084677595645189285e-02,2.047974616289138794e-02,1.540500391274690628e-02,-4.429100081324577332e-02,2.282988093793392181e-02,-7.218271028250455856e-03,8.283579722046852112e-03,2.574495272710919380e-03,1.027215458452701569e-02,-2.033770456910133362e-02,1.333895139396190643e-02,-3.922917321324348450e-02,1.801339560188353062e-03,2.091878280043601990e-02,1.827165298163890839e-02,5.625151097774505615e-04,-1.253189984709024429e-02,1.354555692523717880e-02,5.626765079796314240e-03,8.341686800122261047e-03,-9.897682815790176392e-03,9.232671931385993958e-03,2.406951226294040680e-02,6.059344857931137085e-03,-1.116152619943022728e-03,-6.545254588127136230e-01,-1.071119122207164764e-02,-1.140848360955715179e-02,-3.179783932864665985e-03,1.371342409402132034e-02,-1.134391967207193375e-02,-3.502604784443974495e-03,-1.296932226978242397e-03,-2.877946710214018822e-03,4.435556475073099136e-03,-2.653586212545633316e-03,2.435359358787536621e-02,8.774266578257083893e-03,-2.933794632554054260e-02,-2.169355191290378571e-02,-1.903350837528705597e-02,-1.082095038145780563e-02,-3.583309939131140709e-03,1.255772542208433151e-02,-7.179532665759325027e-03,-1.453984435647726059e-02,2.747204154729843140e-03,1.230592560023069382e-02,2.004070952534675598e-02,1.586986705660820007e-02,1.342934183776378632e-02,2.988028526306152344e-02,-7.502353284507989883e-03,2.467560698278248310e-04,1.515966095030307770e-02,-3.669825941324234009e-02,2.550283633172512054e-02,-6.495152600109577179e-03,1.985993050038814545e-02,2.776258066296577454e-02,-3.328927233815193176e-02,-1.075638644397258759e-02,1.577947661280632019e-02,1.398459356278181076e-02,3.804119303822517395e-02,-2.128034085035324097e-02,9.807293303310871124e-03,3.592348843812942505e-02,-4.997264593839645386e-03,-9.626513347029685974e-03,1.614103466272354126e-02,3.029349632561206818e-02,2.014401182532310486e-02,2.895056083798408508e-02,9.200390428304672241e-03,-8.380426093935966492e-03,-6.366024259477853775e-03,-1.540500391274690628e-02,2.910551615059375763e-02,-7.134337909519672394e-03,8.541836403310298920e-03,1.382963918149471283e-02,-6.817973218858242035e-03,2.444398403167724609e-02,3.248383291065692902e-05,-1.169256586581468582e-02,1.100818626582622528e-02,-1.201700069941580296e-03,-1.749688200652599335e-02,7.599199656397104263e-03,2.377251721918582916e-02,-3.751176642253994942e-03,2.693616040050983429e-02,2.450854890048503876e-02,1.293219812214374542e-02,2.024731412529945374e-02,2.582565695047378540e-02,-2.519615693017840385e-03,3.667243290692567825e-03,7.631481625139713287e-03,-3.618820104748010635e-03,5.726839415729045868e-03,-1.435906533151865005e-02,1.075638644397258759e-02,2.654877491295337677e-02,1.527587603777647018e-02,-1.408789586275815964e-02,-3.501959145069122314e-02,2.091878093779087067e-03,1.410080865025520325e-02,-1.112117315642535686e-03,-2.186141908168792725e-02,-6.869624834507703781e-03,1.345516741275787354e-02,-1.922720111906528473e-02,3.609135514125227928e-03,2.652294933795928955e-02,1.127289887517690659e-02,-1.220262260176241398e-03,2.129002474248409271e-03,1.006554998457431793e-02,-2.313978783786296844e-02,6.272406317293643951e-03,3.173973411321640015e-02,5.316857248544692993e-03,1.362303365021944046e-02,-5.178044084459543228e-03,1.361012086272239685e-02,-8.967959322035312653e-03,1.349390577524900436e-02,1.552121993154287338e-02,-4.114026948809623718e-02,-2.919509715866297483e-04,3.551027923822402954e-02,-3.509706631302833557e-02,-1.801339536905288696e-02,1.160217635333538055e-02,1.260937657207250595e-02,-1.275141816586256027e-02,1.115668378770351410e-02,-2.397912181913852692e-02,4.232986539136618376e-04,9.852488525211811066e-03,5.016633775085210800e-03,-2.600643597543239594e-02,1.617977395653724670e-02,-7.792891934514045715e-03,7.634710054844617844e-04,-1.869777590036392212e-02,2.088004350662231445e-02,3.083583340048789978e-02,-1.521131210029125214e-02,-2.920881845057010651e-02,-1.553574693389236927e-04,-3.751176642253994942e-03,5.252292845398187637e-03,-3.304877027403563261e-04,2.928629517555236816e-02,-1.633472740650177002e-03,3.101661428809165955e-02,-4.096594639122486115e-03,-2.889245282858610153e-03,-3.354107262566685677e-03,9.490928612649440765e-03,-1.202184334397315979e-02,-2.894087694585323334e-03,3.798954188823699951e-02,9.516754187643527985e-03,-1.616686210036277771e-02,-4.555000457912683487e-03,-3.514871746301651001e-02,-2.807248942553997040e-02,-1.259000785648822784e-02,-3.685321286320686340e-02,1.788426749408245087e-02,9.110000915825366974e-03,-4.303200170397758484e-03,-5.479881656356155872e-04,-1.659298501908779144e-02,1.510800886899232864e-02,7.334486581385135651e-03,5.423387978225946426e-03,-2.932826057076454163e-03,1.029798109084367752e-02,-1.370051130652427673e-02,1.791654969565570354e-03,2.993193641304969788e-02,-1.448819320648908615e-02,-9.439277462661266327e-03,2.313978783786296844e-02,-1.211868971586227417e-02,-3.055498003959655762e-03,1.053686812520027161e-02,-1.525005046278238297e-02,-2.719441615045070648e-02,2.040226943790912628e-02,-7.295748218894004822e-03,2.865033748093992472e-04,8.599943481385707855e-03,-6.010921671986579895e-03,2.261359011754393578e-03,-9.878314100205898285e-03,-3.008688986301422119e-02,-1.032380666583776474e-02,1.663172245025634766e-02,1.410080865025520325e-02,1.170547865331172943e-02,-2.134490571916103363e-02,1.619752962142229080e-03,5.058600567281246185e-03,7.599199656397104263e-03,-5.471811164170503616e-03,4.832625854760408401e-03,4.190213046967983246e-03,-4.071576113346964121e-04,7.547548040747642517e-03,3.399302018806338310e-03,1.727736368775367737e-02,1.914972439408302307e-02,2.718150382861495018e-03,1.699328236281871796e-02,4.877821076661348343e-03,9.755642153322696686e-03,1.513383444398641586e-02,3.930664807558059692e-02,1.690289191901683807e-02,-2.799501270055770874e-02,2.972533181309700012e-02,5.015826900489628315e-04,-1.014948356896638870e-02,-2.519292756915092468e-02,-1.514674816280603409e-02,-1.074347365647554398e-02,2.747849933803081512e-02,3.844794584438204765e-03,1.010428834706544876e-02,-3.848022967576980591e-02,-1.330828410573303699e-03,2.480877097696065903e-03,2.423172991257160902e-04,3.202381357550621033e-02,-1.654133386909961700e-02,1.739357970654964447e-02,-1.337284804321825504e-03,6.980997859500348568e-04,1.683832891285419464e-02,-7.179532665759325027e-03,7.134337909519672394e-03,-7.244096603244543076e-03,-3.192051127552986145e-02,2.100917138159275055e-02,1.279661338776350021e-02,9.406995959579944611e-03,1.059497613459825516e-02,-1.102755591273307800e-02,1.688998006284236908e-02,-1.059497613459825516e-02,-1.620559953153133392e-02,3.055175207555294037e-02,6.830886006355285645e-03,-5.484723951667547226e-03,-9.620057418942451477e-03,-2.565778978168964386e-02,1.235757675021886826e-02,3.007074818015098572e-03,9.994529187679290771e-03,2.543827146291732788e-02,1.482392661273479462e-02,-2.874395623803138733e-02,2.095752023160457611e-02,9.084174409508705139e-03,1.186688896268606186e-02,-1.567617431282997131e-02,-4.471066873520612717e-03,6.785691250115633011e-03,6.714670918881893158e-03,-1.148596126586198807e-02,-2.143529430031776428e-02,-2.061210339888930321e-03,-7.257009390741586685e-03,-1.209932006895542145e-02,1.515966095030307770e-02,3.088748641312122345e-02,-2.045069122686982155e-03,2.959620207548141479e-02,3.149115946143865585e-03,-7.993847830221056938e-04,2.765927836298942566e-02,-8.984756277641281486e-06,1.645094342529773712e-02,9.213303215801715851e-03,-1.605064608156681061e-02,-6.317601073533296585e-03,-2.907968871295452118e-02,-2.543827146291732788e-02,-1.852990873157978058e-02,-1.732901483774185181e-02,2.064761333167552948e-02,-1.534043997526168823e-02,1.545665599405765533e-02,1.311943400651216507e-02,2.300097607076168060e-03,1.513383444398641586e-02,1.257063820958137512e-02,1.576656289398670197e-02,-3.912587091326713562e-02,-1.276433095335960388e-02,-4.448469262570142746e-03,-1.340351626276969910e-02,-4.690584726631641388e-03,-1.585695333778858185e-02,-3.496794030070304871e-02,3.447725251317024231e-02,-3.597513958811759949e-02,3.896445967257022858e-03,-1.779387705028057098e-02,1.701910793781280518e-02,-1.822322956286370754e-03,-3.419316932559013367e-02,-2.295900881290435791e-02,-4.635705612599849701e-03,2.427611686289310455e-02,-3.176555782556533813e-02,2.372086606919765472e-02,-1.773899770341813564e-03,-5.904390942305326462e-03,-1.284180767834186554e-02,1.883658813312649727e-03,1.835033908719196916e-04,5.025672912597656250e-02,1.984701678156852722e-02,1.289345882833003998e-02,-8.147994987666606903e-03,1.148596126586198807e-02,-1.012365706264972687e-02,-2.055722288787364960e-02,-1.816834881901741028e-02,-2.817579172551631927e-02,-1.061273040249943733e-03,7.528178859502077103e-03,-1.335186418145895004e-02,-2.103499695658683777e-02,3.171713557094335556e-03,7.082686293870210648e-03,-2.490884624421596527e-02,2.556740073487162590e-03,-2.529623173177242279e-02,-6.721127312630414963e-03,1.304841320961713791e-02,9.395373612642288208e-02,1.783261634409427643e-02,1.728704897686839104e-03,1.028506737202405930e-02,6.837342865765094757e-03,1.510800886899232864e-02,-1.983410492539405823e-02,-2.652294933795928955e-02,1.326147466897964478e-02,-2.131908014416694641e-02,-1.809087209403514862e-02,6.727583706378936768e-03,2.219715155661106110e-02,-2.174520306289196014e-02,3.042262420058250427e-02,1.210577692836523056e-02,-4.487208090722560883e-03,1.146013475954532623e-02,2.863419707864522934e-03,-2.582565648481249809e-03,-1.727090799249708652e-03,1.080440561054274440e-04,-6.517750211060047150e-03,2.830491960048675537e-02,-1.535335276275873184e-02,-2.196472138166427612e-02,-9.406995959579944611e-03,4.937865585088729858e-02,2.484428137540817261e-02,-1.430741418153047562e-02,9.110000915825366974e-03,1.240277197211980820e-02,1.526296325027942657e-02,1.522422488778829575e-02,3.699525259435176849e-03,-3.547799540683627129e-03,9.999371832236647606e-04,1.508218329399824142e-02,9.813749231398105621e-03,4.826169461011886597e-03,3.264363110065460205e-02,7.289291825145483017e-03,9.193933568894863129e-03,-2.560613863170146942e-02,4.516261629760265350e-03,1.087260153144598007e-02,-2.268783934414386749e-02,5.291031673550605774e-03,-3.277275711297988892e-02,-2.354008704423904419e-02,2.763345278799533844e-02,-1.388129033148288727e-02,-2.479263022541999817e-02,-9.284324012696743011e-03,-3.031286410987377167e-03,1.451401878148317337e-02,-4.797115921974182129e-03,9.478015825152397156e-03,7.896194234490394592e-03,5.310400854796171188e-03,-1.245442312210798264e-02,-1.652842015027999878e-02,-1.085968874394893646e-02,2.863419707864522934e-03,-2.069926448166370392e-02,-1.967914961278438568e-02,-4.677671939134597778e-03,-4.642162006348371506e-03,-2.861482836306095123e-02,-5.169166834093630314e-04,-1.554704550653696060e-02,1.409919466823339462e-03,-3.114574216306209564e-02,-2.236501872539520264e-02,9.013154543936252594e-03,3.083583340048789978e-02,5.190956871956586838e-03,-1.645094342529773712e-02,1.144722197204828262e-02,1.224136166274547577e-02,2.810154343023896217e-03,-6.327285896986722946e-03,-5.478267557919025421e-03,6.953557953238487244e-03,9.994529187679290771e-03,2.060887403786182404e-02,1.115022692829370499e-02,2.742361975833773613e-03,-3.886761516332626343e-02,1.712563913315534592e-03,-4.897190257906913757e-03,3.228207118809223175e-03,1.184106338769197464e-02,-2.259744890034198761e-02,1.129872445017099380e-02,5.807544570416212082e-03,-8.787179365754127502e-03,4.222495015710592270e-03,-1.358429528772830963e-02,-2.461185120046138763e-02,1.707075908780097961e-02,-6.856712047010660172e-03,9.503841400146484375e-03,1.150532998144626617e-02,2.071217633783817291e-02,-5.804316606372594833e-03,-1.852990873157978058e-02,2.856317721307277679e-02,-1.433323975652456284e-02,-1.351973135024309158e-02,6.407991051673889160e-03,-3.310849145054817200e-02,-2.377251721918582916e-02,-5.200641695410013199e-03,-2.130616689100861549e-03,1.202184334397315979e-02,-2.731063170358538628e-03,7.773522753268480301e-03,1.497888099402189255e-02,1.024632900953292847e-02,1.575365103781223297e-02,-2.485719509422779083e-02,3.641417622566223145e-02,-1.099527347832918167e-02,-1.305486913770437241e-02,2.049265801906585693e-02,9.684621356427669525e-03,-3.773128613829612732e-02,2.214550040662288666e-02,1.087905839085578918e-02,2.742684818804264069e-02,2.047974616289138794e-02,-9.064805693924427032e-03,1.301613077521324158e-02,-2.446980960667133331e-02,-2.147403359413146973e-02,-8.012410253286361694e-03,1.714823581278324127e-02,-6.298231892287731171e-03,1.532752718776464462e-02,-4.432328511029481888e-03,-1.282243896275758743e-02,-8.645138703286647797e-03,-3.104243986308574677e-02,1.836204156279563904e-02,-3.026766888797283173e-02,1.075638644397258759e-02,-2.093169465661048889e-02,3.941640723496675491e-03,3.574270755052566528e-02,-1.740649342536926270e-02,-1.271913573145866394e-02,-2.332056872546672821e-02,7.218271028250455856e-03,1.253835670650005341e-02,-3.736972436308860779e-02,-3.037097305059432983e-02,2.201637253165245056e-02,3.866100683808326721e-02,1.571491174399852753e-02,3.254032880067825317e-02,7.902651093900203705e-03,2.392747066915035248e-02,1.364885922521352768e-02,-4.543701361399143934e-04,8.522466756403446198e-03,6.188473198562860489e-03,1.029798109084367752e-02,-2.622595429420471191e-02,7.928476668894290924e-03,4.425872117280960083e-03,8.457902818918228149e-03,3.078418225049972534e-02,1.488849148154258728e-02,1.999874366447329521e-03,1.367468573153018951e-02,-9.807293303310871124e-03,6.637193728238344193e-03,-9.611986461095511913e-04,-2.091878280043601990e-02,-1.174421701580286026e-02,-1.321143703535199165e-03,1.206703856587409973e-02,-6.562944967299699783e-03,-3.612363710999488831e-03,-2.685868367552757263e-02,2.589022181928157806e-02,-2.563196420669555664e-02,-1.486266590654850006e-02,9.019610472023487091e-03,1.682541519403457642e-02,-2.928629517555236816e-02,3.013854101300239563e-02,-2.354008704423904419e-02,3.373476443812251091e-03,6.433816626667976379e-03,3.334092348814010620e-02,1.832330413162708282e-02,-1.207349449396133423e-02,2.190015651285648346e-02,2.050557173788547516e-02,1.006554998457431793e-02,-7.302204612642526627e-03,-3.450307622551918030e-02,-4.049462825059890747e-02,6.081942003220319748e-03,1.704493304714560509e-03,2.753660548478364944e-03,1.084031909704208374e-02,-2.869230508804321289e-02,6.069029215723276138e-03,-1.207349449396133423e-02,-2.848569862544536591e-02,-2.778840623795986176e-02,-1.024148659780621529e-03,1.065308321267366409e-02,-1.607647165656089783e-02,2.325600385665893555e-02,-1.585695333778858185e-02,-1.779387705028057098e-02,-6.972927134484052658e-03,8.051148615777492523e-03,3.705981746315956116e-02,-9.762098081409931183e-03,2.270075306296348572e-02,2.428903058171272278e-02,-7.960759103298187256e-03,-1.982119120657444000e-02,-1.054978091269731522e-02,-7.018122356384992599e-03,4.196669440716505051e-03,2.245540916919708252e-02,2.640673331916332245e-02,1.122770458459854126e-02,5.045687779784202576e-03,-1.363917486742138863e-03,-1.049974351190030575e-03,-2.103499695658683777e-02,-4.757085815072059631e-02,2.459893748164176941e-02,-1.907224766910076141e-02,-1.651227939873933792e-03,-1.730318926274776459e-02,-1.611520908772945404e-02,-1.008491870015859604e-02,1.191208418458700180e-02,-1.555995829403400421e-02,6.127137225121259689e-03,-1.441071648150682449e-02,-1.774222590029239655e-02,-2.827909402549266815e-02,6.869624834507703781e-03,-8.199646137654781342e-03,9.652338922023773193e-03,4.642162006348371506e-03,4.480751231312751770e-03,1.843306235969066620e-03,-4.810028709471225739e-03,-1.226718723773956299e-02,2.503474708646535873e-03,-1.257709506899118423e-02,5.419352673925459385e-04,6.186051759868860245e-04,-1.284180767834186554e-02,2.279114164412021637e-02,-5.994780454784631729e-03,-1.112440135329961777e-02,-3.831881796941161156e-03,-1.721280068159103394e-02,2.395329624414443970e-02,3.705981653183698654e-03,-1.540500391274690628e-02,-1.654133386909961700e-02,3.235954791307449341e-02,2.993193641304969788e-02,5.261977668851613998e-03,2.285570604726672173e-03,-1.331312581896781921e-02,-6.650106515735387802e-03,-2.418572828173637390e-02,2.359173819422721863e-02,-2.711693989112973213e-03,3.919043578207492828e-03,-9.032523259520530701e-03,-1.140848360955715179e-02,-1.586986705660820007e-02,7.373224943876266479e-03,5.755893420428037643e-03,1.220907922834157944e-02,-2.440524660050868988e-02,-3.390908613801002502e-02,5.533147137612104416e-03,-6.591998971998691559e-03,1.259000785648822784e-02,-6.960014346987009048e-03,7.857455871999263763e-03,-1.820708857849240303e-03,3.308266773819923401e-02,-2.494758367538452148e-02,2.171937748789787292e-02,2.338835969567298889e-03,-1.256418228149414062e-02,-1.277724374085664749e-02,-6.443501450121402740e-03,6.888994015753269196e-03,-9.918666910380125046e-04,1.625725068151950836e-02,-3.389617428183555603e-03,-4.145018011331558228e-02,2.512836456298828125e-02,8.612856268882751465e-03,8.884025737643241882e-03,1.864612475037574768e-02,-3.866100683808326721e-02,4.393589682877063751e-03,2.250060439109802246e-03,9.038980118930339813e-03,-3.837692737579345703e-02,-2.592895925045013428e-02,1.420411095023155212e-02,-1.588277891278266907e-02,1.043356582522392273e-02,3.088748641312122345e-02,-2.227462828159332275e-02,-1.140202768146991730e-02,3.003846621140837669e-03,-2.116412669420242310e-02,4.285445029381662607e-04,-4.191504046320915222e-02,1.950038858922198415e-04,-1.185397617518901825e-02,-7.618568837642669678e-03,-1.260937657207250595e-02,-1.973080262541770935e-02,3.670471487566828728e-03,1.672211335971951485e-03,-9.058348834514617920e-03,-2.055964432656764984e-04,1.965332403779029846e-02,-1.832330413162708282e-02,-1.263036043383181095e-03,1.801339560188353062e-03,2.665207721292972565e-02,1.959521789103746414e-03,-3.489046171307563782e-02,-5.991552490741014481e-03,2.264587208628654480e-03,-1.579238846898078918e-02,-2.090586908161640167e-02,-3.207546472549438477e-02,2.661253092810511589e-04,4.325797408819198608e-02,7.102055475115776062e-03,3.518745768815279007e-03,1.446236763149499893e-02,-8.432077243924140930e-03,-5.774616822600364685e-02,1.200247369706630707e-02,-8.514396031387150288e-04,2.269429620355367661e-03,-1.536626555025577545e-02,-1.871068775653839111e-02,2.146112173795700073e-02,3.100692993029952049e-03,1.882690377533435822e-02,9.193933568894863129e-03,-1.420411095023155212e-02,-2.183075121138244867e-04,3.174941753968596458e-03,-5.914075300097465515e-03,-4.881049040704965591e-03,-1.309845014475286007e-03,-2.129325456917285919e-02,-2.217132598161697388e-02,1.472062431275844574e-02,-3.078418225049972534e-02,4.258004948496818542e-03,6.240124348551034927e-03,-1.752270758152008057e-02,-1.500470656901597977e-02,-3.062922880053520203e-02,1.029152423143386841e-02,-1.096299104392528534e-02,-1.601190678775310516e-02,-2.792399143800139427e-03,4.729323554784059525e-03,-7.224727421998977661e-03,-7.282835431396961212e-03,6.882537622004747391e-03,-2.477971836924552917e-02,1.668337360024452209e-02,2.334639430046081543e-02,-7.707344484515488148e-04,-3.492920193821191788e-03,5.881793331354856491e-03,7.825174368917942047e-03,-1.241568475961685181e-02,-1.464314758777618408e-02,4.005559533834457397e-02,3.192696720361709595e-03,2.451823325827717781e-03,6.101311650127172470e-03,-1.027861144393682480e-02,-1.862029917538166046e-02,7.767066359519958496e-03,3.339257463812828064e-02,-2.625177986919879913e-02,-2.993193641304969788e-02,8.645138703286647797e-03,5.255924770608544350e-05,4.212164506316184998e-02,-1.195727940648794174e-02,-1.624595257453620434e-03,-2.406951226294040680e-02,2.427611686289310455e-02,-7.282835431396961212e-03,1.124061737209558487e-02,-1.184752024710178375e-02,2.028605341911315918e-02,1.820708811283111572e-02,-7.205358240753412247e-03,-5.491180345416069031e-03,1.575365103781223297e-02,-1.302904356271028519e-02,-4.603423178195953369e-03,-8.774266578257083893e-03,8.399794809520244598e-03,-2.342064166441559792e-03,8.238384500145912170e-03,-1.736775413155555725e-02,1.195727940648794174e-02,1.654133386909961700e-02,-9.303692728281021118e-03,9.665251709520816803e-03,-1.707075908780097961e-02,5.962498486042022705e-03,2.105307579040527344e-01,-3.081323578953742981e-03,7.644394412636756897e-03,1.071119122207164764e-02,-1.535012503154575825e-03,-1.389420311897993088e-02,3.703399375081062317e-02,1.337769068777561188e-02,1.762600988149642944e-02,2.019566297531127930e-02,-3.801536560058593750e-02,-1.135037653148174286e-02,-6.708214525133371353e-03,-6.367638707160949707e-04,1.731610298156738281e-02,-2.472806721925735474e-02,-5.048915743827819824e-03,1.466897316277027130e-02,-3.842857852578163147e-02,-3.982316330075263977e-02,4.061084706336259842e-03,-1.967914961278438568e-02,4.015889484435319901e-03,-1.527587603777647018e-02,5.542831495404243469e-03,1.679958961904048920e-02,8.315861225128173828e-03,1.710949838161468506e-02,1.992449350655078888e-02,-6.851869402453303337e-04,-3.518745768815279007e-03,-8.774266578257083893e-03,-1.266102865338325500e-02,-2.395329624414443970e-02,-2.590313367545604706e-02,-4.609879571944475174e-03,2.258130814880132675e-03,5.316857248544692993e-03,4.638933576643466949e-03,1.519839931279420853e-02,1.311459112912416458e-03,3.126518568024039268e-03,4.522718023508787155e-03,-6.227211561053991318e-03,-1.627016440033912659e-02,2.985445968806743622e-02,-1.873651333153247833e-02,-2.090586908161640167e-02,-7.418419700115919113e-03,6.766322068870067596e-03,-2.387581951916217804e-02,8.658051490783691406e-03,1.885272935032844543e-02,5.052144173532724380e-03,-1.102109905332326889e-02,4.190213046967983246e-03,6.430588662624359131e-03,2.098334580659866333e-02,1.120187900960445404e-02,-2.426320500671863556e-02,-6.601683329790830612e-03,5.213554482907056808e-03,-3.055175207555294037e-02,4.206353798508644104e-03,-1.143430918455123901e-02,1.886564306914806366e-02,-1.620559953153133392e-02,4.722867161035537720e-03,-1.068536564707756042e-02,-8.580574765801429749e-03,-9.284324012696743011e-03,-2.235210686922073364e-02,-2.323017828166484833e-02,1.475936267524957657e-02,1.574073731899261475e-02,-1.139557082206010818e-02,-4.842310678213834763e-03,-8.257754147052764893e-03,-2.166772633790969849e-02,1.395876798778772354e-02,-7.089142687618732452e-03,-1.949837058782577515e-02,-3.118447959423065186e-03,6.027062889188528061e-03,-1.104046870023012161e-02,-1.851699687540531158e-02,3.039679862558841705e-02,6.081942003220319748e-03,-5.429844371974468231e-03,2.892473526298999786e-02,1.934341713786125183e-02,-1.138750114478170872e-03,-9.587774984538555145e-03,-5.084426142275333405e-03,-7.989812875166535378e-04,2.343678288161754608e-02,1.784552820026874542e-02,2.869230508804321289e-02,-2.866647951304912567e-02,1.236403360962867737e-02,-2.505088783800601959e-02,-2.190015651285648346e-02,1.500470656901597977e-02,-1.435745158232748508e-03,2.649712376296520233e-02,1.772931404411792755e-02,3.411569446325302124e-02,2.892473526298999786e-02,-9.781467728316783905e-03,-2.040226943790912628e-02,1.147950440645217896e-02,-2.139655686914920807e-02,3.158800536766648293e-03,2.595478435978293419e-03,2.696198597550392151e-02,-1.093716546893119812e-02,-2.224880270659923553e-02,-2.613556385040283203e-02,1.198956090956926346e-02,8.683876949362456799e-04,-3.213680116459727287e-03,-6.504837423563003540e-03,-1.267878338694572449e-03,1.195082254707813263e-02,-6.675932090729475021e-03,-9.510298259556293488e-03,-1.031089387834072113e-02,1.047876011580228806e-02,2.812414057552814484e-02,-3.380578383803367615e-02,1.864612475037574768e-02,-1.568908616900444031e-02,7.508809678256511688e-03,2.195180766284465790e-02,-4.248320590704679489e-03,-6.220755167305469513e-03,8.354599587619304657e-03,2.714922185987234116e-03,-7.153707090765237808e-03,-1.076607033610343933e-03,-1.561160944402217865e-02,-1.147304847836494446e-02,1.976954005658626556e-02,1.713532395660877228e-02,-1.208640728145837784e-02,-1.303550042212009430e-02,2.869230508804321289e-02,-2.040226943790912628e-03,-2.655200427398085594e-03,-1.251898705959320068e-02,-2.547701075673103333e-02,-6.001236848533153534e-03,1.095653511583805084e-02,-2.662625163793563843e-02,-9.988072328269481659e-03,-1.266102865338325500e-02,-1.837495528161525726e-02,-3.136203158646821976e-03,2.148694731295108795e-02,1.936924271285533905e-02,-5.048915743827819824e-02,3.073253110051155090e-02,-9.450576035305857658e-04,-2.257162332534790039e-02,1.435745158232748508e-03,9.400539100170135498e-03,-1.629082411527633667e-01,-1.451401878148317337e-02,6.036747246980667114e-03,-6.094854790717363358e-03,9.381169453263282776e-03,-1.651550829410552979e-02,7.637938018888235092e-03,9.781467728316783905e-03,-2.036353014409542084e-02,7.579830475151538849e-03,2.812414057552814484e-02,-2.311396179720759392e-03,-9.277867153286933899e-03,6.404763087630271912e-03,-1.656715944409370422e-02,2.685868367552757263e-02,-3.372830897569656372e-02,2.140946872532367706e-02,3.897091746330261230e-02,-5.410475190728902817e-03,4.596966877579689026e-02,7.945424877107143402e-04,9.058348834514617920e-03,-2.235210686922073364e-02,1.634764112532138824e-02,1.703201979398727417e-02,3.250804496929049492e-03,1.685124123468995094e-03,-1.157635077834129333e-02,-5.326541606336832047e-03,-1.178295630961656570e-02,2.187433093786239624e-02,2.277822978794574738e-02,-1.594734378159046173e-02,2.365630120038986206e-02,1.151178684085607529e-02,-2.063469961285591125e-02,7.508809678256511688e-03,-1.769057475030422211e-02,1.567617431282997131e-02,-6.469327025115489960e-03,1.933050341904163361e-02,-3.421899629756808281e-03,1.022534561343491077e-03,-4.206353798508644104e-03,2.352717332541942596e-02,2.226171642541885376e-02,1.198956090956926346e-02,2.027313970029354095e-02,-1.774222590029239655e-02,3.166225552558898926e-02,-4.214747250080108643e-02,-7.295748218894004822e-03,3.308912273496389389e-03,1.403624471276998520e-02,1.153761241585016251e-02,-1.265457132831215858e-03,-2.990611083805561066e-02,3.544571343809366226e-03,-1.783261634409427643e-02,-4.800343886017799377e-03,-1.335186418145895004e-02,-1.922800875036045909e-04,-1.843306235969066620e-03,-5.158674903213977814e-03,-9.697534143924713135e-03,-3.602679120376706123e-03,-4.264461807906627655e-03,-2.399203553795814514e-02,2.287184819579124451e-03,-4.302554577589035034e-02,-4.475586488842964172e-02,1.294511090964078903e-02,-3.835109993815422058e-02,1.372633688151836395e-02,1.005909312516450882e-02,-2.648744033649563789e-03,6.850255653262138367e-03,1.164737157523632050e-02,1.614103466272354126e-02,-2.286861836910247803e-02,4.485916718840599060e-02,-8.038235828280448914e-03,2.094460837543010712e-02,-1.355846971273422241e-02,2.254579775035381317e-02,4.122420679777860641e-03,-1.749688200652599335e-02,-1.659298501908779144e-02,-2.440524520352482796e-03,-6.792147643864154816e-03,-2.381125651299953461e-02,-1.135925340349785984e-04,-5.804316606372594833e-03,4.604714736342430115e-02,2.632925659418106079e-02,2.609682641923427582e-02,-1.833621598780155182e-02,7.960759103298187256e-03,-1.984701678156852722e-02,6.432202644646167755e-04,-8.154450915753841400e-03,-4.041715525090694427e-03,9.419908747076988220e-03,7.637938018888235092e-03,2.104791114106774330e-03,1.477227546274662018e-02,2.982863411307334900e-02,4.689939320087432861e-02,-9.271411225199699402e-03,-1.820708811283111572e-02,-1.957584731280803680e-02,2.977698296308517456e-02,1.717406138777732849e-02,8.096343837678432465e-03,1.519839931279420853e-02,5.040038377046585083e-04,-1.155698113143444061e-02,-6.088398396968841553e-03,9.084174409508705139e-03,5.144470930099487305e-02,4.587282426655292511e-03,9.529666975140571594e-03,-8.206102065742015839e-03,-6.888994015753269196e-03,-2.949289977550506592e-02,-1.047488674521446228e-01,-3.548445180058479309e-02,2.166772633790969849e-02,4.975474439561367035e-04,5.335580557584762573e-02,2.722024172544479370e-02,-7.754153572022914886e-03,1.889146864414215088e-02,3.728579264134168625e-03,1.593443006277084351e-02,-2.451419713906943798e-04,-5.194185301661491394e-03,4.219266586005687714e-03,-3.828653600066900253e-03,-5.843054968863725662e-03,-1.553413271903991699e-02,-5.445985589176416397e-03,-1.545665599405765533e-02,-2.630343101918697357e-02,3.132652118802070618e-02,-1.468188595026731491e-02,6.249809172004461288e-03,-7.767873466946184635e-04,-2.555448748171329498e-02,1.852990873157978058e-02,-5.891478154808282852e-03,-2.662625163793563843e-02,7.392594125121831894e-03,2.257162332534790039e-02,1.718697510659694672e-02,1.455114339478313923e-03,9.775010868906974792e-03,-4.338710568845272064e-03,-7.644394412636756897e-03,-1.750979572534561157e-02,-1.531461440026760101e-02,-2.594187296926975250e-02,7.315117400139570236e-03,1.487557869404554367e-02,-1.710949838161468506e-02,1.998461957555264235e-04,1.723862602375447750e-03,-1.184752024710178375e-02,-2.102208510041236877e-02,1.135683245956897736e-02,-4.122420679777860641e-03,8.599943481385707855e-03,1.060788892209529877e-02,8.109256625175476074e-03,-7.437789347022771835e-03,-8.206102065742015839e-03,1.610068255104124546e-03,-2.267492748796939850e-02,7.282835431396961212e-03,-6.530662998557090759e-03,-2.162898704409599304e-02,-1.429450139403343201e-02,-1.344225462526082993e-02,-1.014948356896638870e-02,-5.742980632930994034e-03,1.372633688151836395e-02,1.459956634789705276e-03,5.500864703208208084e-03,2.747849933803081512e-02,-9.381169453263282776e-03,-2.978021046146750450e-03,-2.554157376289367676e-02,-3.786041215062141418e-02,1.781970262527465820e-02,3.684191324282437563e-04,1.432032696902751923e-02,1.177004352211952209e-02,-1.709658466279506683e-02,4.485916718840599060e-02,-1.523713767528533936e-02,-1.972434576600790024e-03,-7.928476668894290924e-03,-9.929965250194072723e-03,1.254965551197528839e-03,-4.106279462575912476e-02,-1.987284235656261444e-02,-9.781467728316783905e-03,2.341095730662345886e-02,-4.751920700073242188e-03,3.256615251302719116e-02,1.034317538142204285e-02,1.273850537836551666e-02,-2.493467181921005249e-02,-5.252292845398187637e-03,-1.878816518001258373e-03,7.993040606379508972e-03,7.095599081367254257e-03,1.504344493150711060e-02,-2.895056083798408508e-02,1.527587603777647018e-02,-8.046306320466101170e-04,-2.503797411918640137e-02,-1.297093648463487625e-02,-1.082095038145780563e-02,9.942878037691116333e-03,-1.357138250023126602e-02,-4.093366675078868866e-03,-4.411022365093231201e-02,2.160316146910190582e-02,-1.416537258774042130e-02,6.127137225121259689e-03,-6.075485609471797943e-03,-9.755642153322696686e-03,3.074867185205221176e-03,-1.710949838161468506e-02,5.623536650091409683e-03,-3.029349632561206818e-02,-7.702501956373453140e-03,2.166772633790969849e-02,3.825425403192639351e-03,-1.100818626582622528e-02,-2.530914358794689178e-02,5.436300765722990036e-03,-9.264954365789890289e-03,1.156343799084424973e-02,2.044100686907768250e-02,4.722867161035537720e-03,1.058206334710121155e-02,-5.487951915711164474e-03,-7.683132775127887726e-03,8.328774012625217438e-03,-9.917052462697029114e-03,3.331509605050086975e-02,8.645138703286647797e-03,1.664463616907596588e-02,-3.786687040701508522e-03,-1.067890878766775131e-02,1.658007130026817322e-02,-4.480751231312751770e-03,-6.585542578250169754e-03,4.044297710061073303e-02,6.101311650127172470e-03,-1.523713767528533936e-02,1.845243200659751892e-02,2.589022181928157806e-02,1.585695333778858185e-02,1.864612475037574768e-02,-2.321726642549037933e-02,-4.268981143832206726e-02,5.988324061036109924e-03,-4.219266586005687714e-03,-1.714823581278324127e-02,-6.349883507937192917e-03,-1.528878882527351379e-02,7.379681337624788284e-03,4.768061917275190353e-03,-3.216908313333988190e-03,-9.994529187679290771e-03,1.860738545656204224e-02,-1.131809409707784653e-02,6.048852810636162758e-04,5.791403353214263916e-03,-6.989068351686000824e-04,2.037644386291503906e-02,1.051588449627161026e-03,6.798604037612676620e-03,-4.798407107591629028e-02,3.584600985050201416e-02,-1.054978091269731522e-02,-6.240124348551034927e-03,-1.924011483788490295e-02,2.311396226286888123e-02,9.471559897065162659e-03,-9.678164497017860413e-03,4.529174417257308960e-03,-7.108511868864297867e-03,-1.958876103162765503e-02,-8.096343837678432465e-03,-1.195082254707813263e-02,5.355595611035823822e-03,1.237048953771591187e-02,5.923760123550891876e-03,-1.575365103781223297e-02,-2.591604739427566528e-02,1.407498307526111603e-02,-9.161652065813541412e-03,-8.038235828280448914e-04,1.740649342536926270e-02,3.964238334447145462e-03,-2.439233288168907166e-02,8.729072287678718567e-03,2.251997217535972595e-02,1.317108515650033951e-02,6.315180216915905476e-04,-6.546804215759038925e-03,-5.336226429790258408e-03,-1.694808714091777802e-03,-2.224880270659923553e-02,7.947846315801143646e-03,8.670964278280735016e-03,-8.348143659532070160e-03,2.232627943158149719e-02,1.736775413155555725e-02,1.357138250023126602e-02,-1.020113471895456314e-02,9.942878037691116333e-03,1.425576303154230118e-02,-5.065056961029767990e-03,3.909358754754066467e-03,-5.232923664152622223e-03,-1.545665599405765533e-02,-2.099625952541828156e-02,-6.695301737636327744e-03,-2.980280853807926178e-02,-4.746755585074424744e-02,-2.124160295352339745e-03,1.616686210036277771e-02,-8.470815606415271759e-03,-1.152469962835311890e-02,2.920881845057010651e-02,8.309405297040939331e-03,-2.333348058164119720e-02,6.714670918881893158e-03,7.244096603244543076e-03,1.957584731280803680e-02,-2.125451527535915375e-02,1.336477696895599365e-02,1.138911489397287369e-02,2.412116341292858124e-02,1.586986705660820007e-02,-3.677573427557945251e-02,5.397562403231859207e-03,-1.779387705028057098e-02,3.334737848490476608e-03,-9.561949409544467926e-03,9.090631268918514252e-03,1.818126253783702850e-02,3.752467781305313110e-02,2.033770456910133362e-02,-2.001488395035266876e-02,-5.394333973526954651e-03,3.179783932864665985e-03,1.448819320648908615e-02,7.198901847004890442e-03,2.251997217535972595e-02,-1.157635077834129333e-02,3.489046171307563782e-02,-9.219759143888950348e-03,-1.947254501283168793e-02,2.038612728938460350e-03,1.602482050657272339e-02,2.768510393798351288e-02,-2.046683337539434433e-03,2.069926448166370392e-02,-7.198901847004890442e-03,8.199646137654781342e-03,7.102055475115776062e-03,-1.300967484712600708e-02,2.537370845675468445e-02,-1.417182967998087406e-03,-4.800989478826522827e-02,-8.034200291149318218e-04,1.801339536905288696e-02,1.856864802539348602e-02,-1.770348846912384033e-02,3.141045570373535156e-03,4.514324665069580078e-02,-3.602679120376706123e-03,2.010527439415454865e-02,5.350753199309110641e-04,-1.096299104392528534e-02,3.281472483649849892e-03,3.682738542556762695e-02,-7.999497465789318085e-03,-6.766322068870067596e-03,-3.935829922556877136e-02,7.792891934514045715e-03,-1.539854798465967178e-03,-1.490140426903963089e-02,-3.331509605050086975e-02,9.206846356391906738e-03,-3.047427535057067871e-02,2.253288635984063148e-03,8.154450915753841400e-03,-1.399750635027885437e-02,-4.864908289164304733e-03,-3.610426932573318481e-02,6.443501450121402740e-03,-1.448819320648908615e-02,-8.141538128256797791e-03,1.904642209410667419e-02,2.005362324416637421e-02,-9.310149587690830231e-03,1.893343520350754261e-03,-6.550032179802656174e-03
-1.032661460340023041e-02,-1.350354123860597610e-02,9.960786439478397369e-03,3.074237611144781113e-03,1.057691778987646103e-02,1.745704934000968933e-02,-1.601940952241420746e-02,-1.884334348142147064e-02,-1.069244276732206345e-02,-4.823151510208845139e-03,2.322044223546981812e-02,3.178209811449050903e-02,1.342652458697557449e-02,-1.945947483181953430e-02,-8.901811204850673676e-03,4.640237893909215927e-03,1.583970524370670319e-02,9.569286368787288666e-03,1.920275390148162842e-02,-2.695573680102825165e-02,-3.420811379328370094e-03,-1.986381132155656815e-03,-1.414534449577331543e-02,-1.681524515151977539e-02,-2.155175432562828064e-02,4.787852521985769272e-03,-8.882557041943073273e-03,-2.220639400184154510e-02,-4.274409729987382889e-03,-3.879059106111526489e-02,-1.017258223146200180e-02,-1.899737748317420483e-03,-7.008491549640893936e-03,-7.053418084979057312e-03,-2.795695140957832336e-02,3.947090357542037964e-03,8.908229880034923553e-03,-3.262927755713462830e-02,2.234758995473384857e-02,1.284248381853103638e-02,-6.267209071666002274e-03,2.668297151103615761e-03,-2.376276534050703049e-03,2.916354127228260040e-02,-3.165373578667640686e-02,5.121590103954076767e-03,-1.605791784822940826e-02,-2.361836098134517670e-02,-2.241177111864089966e-02,1.112886890769004822e-02,9.043008089065551758e-03,-8.221499621868133545e-03,-2.275834418833255768e-02,-4.036942496895790100e-03,3.988807555288076401e-03,-9.980040602385997772e-03,4.030524753034114838e-03,-8.580910041928291321e-03,-1.420952472835779190e-02,-1.227127853780984879e-02,2.292521297931671143e-02,1.215575356036424637e-02,4.884122870862483978e-03,4.155676346272230148e-03,-1.023034378886222839e-02,1.036512292921543121e-02,-5.667123012244701385e-03,-5.262786988168954849e-03,-1.888185180723667145e-02,-3.385512158274650574e-03,2.148757316172122955e-02,3.419527783989906311e-02,1.394919236190617085e-04,-2.105114795267581940e-02,3.832849115133285522e-02,-2.849606610834598541e-02,-8.295307052321732044e-04,-9.627048857510089874e-03,-1.672539301216602325e-02,-3.895745845511555672e-03,-2.270700037479400635e-02,-1.856095157563686371e-02,-1.809885166585445404e-02,2.737290924414992332e-03,2.067890204489231110e-02,-2.881696680560708046e-03,9.458575514145195484e-04,1.732868887484073639e-02,-5.628614686429500580e-03,-2.875278703868389130e-02,1.678957417607307434e-02,2.609572187066078186e-02,-6.308926269412040710e-03,3.619770519435405731e-03,-9.986459277570247650e-03,-2.241497859358787537e-03,1.497808378189802170e-03,3.042147494852542877e-02,-1.957499887794256210e-03,-1.229695044457912445e-02,-2.141055651009082794e-02,-2.151645487174391747e-03,4.454114940017461777e-03,-9.184204973280429840e-03,-6.094563752412796021e-02,-1.910006627440452576e-02,6.777442526072263718e-03,-5.798692815005779266e-03,1.879199966788291931e-02,-4.921347647905349731e-02,2.048636041581630707e-02,4.911078512668609619e-02,1.396563928574323654e-02,-4.466950893402099609e-02,-1.838124543428421021e-02,-2.397776953876018524e-02,-4.072241950780153275e-03,-2.897741738706827164e-03,-2.012053271755576134e-03,-1.046781148761510849e-02,-1.626329496502876282e-02,9.299729019403457642e-03,-1.105185225605964661e-02,-3.155104815959930420e-02,3.021288895979523659e-03,1.021109055727720261e-02,-3.835416212677955627e-02,-1.404265593737363815e-02,-1.907760277390480042e-03,-4.723672289401292801e-03,6.151042506098747253e-02,1.113528665155172348e-02,2.759754098951816559e-02,-1.168082002550363541e-02,2.175713190808892250e-03,2.161593362689018250e-02,-1.132782734930515289e-02,-5.586897488683462143e-03,-1.196963153779506683e-02,-1.006989367306232452e-02,1.552361645735800266e-03,1.189261488616466522e-02,-8.921065367758274078e-03,-1.052557374350726604e-03,5.795483477413654327e-03,2.346432767808437347e-02,2.021680399775505066e-02,1.618627831339836121e-02,1.202097535133361816e-02,-1.381160691380500793e-02,2.040934376418590546e-02,-2.803396619856357574e-02,2.423449233174324036e-02,-2.391359023749828339e-02,-7.136852480471134186e-03,1.114812307059764862e-02,5.606151651591062546e-03,4.466950893402099609e-03,-3.133604535833001137e-03,-6.116385105997323990e-03,1.731585152447223663e-02,1.476147491484880447e-02,2.509450726211071014e-02,1.980604976415634155e-02,8.824795484542846680e-03,4.636386781930923462e-02,-5.214651580899953842e-03,-1.858662255108356476e-02,-1.364473719149827957e-02,8.138065226376056671e-03,4.431651439517736435e-03,2.026814781129360199e-02,-2.970265597105026245e-02,3.478573635220527649e-02,3.307292354293167591e-04,-4.938676021993160248e-03,4.377098288387060165e-03,3.789848415181040764e-03,-1.358055695891380310e-02,-5.814737640321254730e-03,-4.361695051193237305e-02,6.578483618795871735e-03,2.517152391374111176e-02,1.702062226831912994e-02,3.992016427218914032e-03,-1.322114747017621994e-02,1.892036013305187225e-02,-1.251516398042440414e-02,1.316980365663766861e-02,9.100770577788352966e-03,5.419226363301277161e-04,2.877845801413059235e-02,-6.719680503010749817e-03,-8.805541321635246277e-03,-6.662431359291076660e-01,-1.673822849988937378e-02,-2.476076968014240265e-02,-1.307995058596134186e-02,1.347786840051412582e-02,5.872499896213412285e-04,-5.571654764935374260e-04,7.260399288497865200e-04,-4.011270590126514435e-03,8.715688250958919525e-03,-4.059405531734228134e-03,1.868931204080581665e-02,-6.373106501996517181e-03,-1.107110641896724701e-02,-1.179634407162666321e-02,-1.245098374783992767e-02,-7.425663992762565613e-03,1.848393469117581844e-03,1.771377027034759521e-02,-1.308636832982301712e-02,-1.859945803880691528e-02,-1.976754050701856613e-03,4.909795243293046951e-03,2.024247497320175171e-02,5.095918197184801102e-03,7.996868342161178589e-03,3.540186956524848938e-02,-1.390145905315876007e-02,2.323327818885445595e-03,2.375955693423748016e-02,-4.084436222910881042e-02,1.411967165768146515e-02,-6.713262293487787247e-03,1.657135970890522003e-02,2.624975331127643585e-02,-3.013908118009567261e-02,-1.815019734203815460e-02,2.713544294238090515e-02,6.106758024543523788e-03,4.420740902423858643e-02,-1.713614724576473236e-02,1.442773733288049698e-02,2.538973838090896606e-02,-4.873693687841296196e-04,-2.111532725393772125e-02,1.935678720474243164e-02,2.524854056537151337e-02,6.032950710505247116e-03,1.818870566785335541e-02,6.414823699742555618e-03,-1.016455935314297676e-03,-1.392713095992803574e-02,-1.263068802654743195e-02,3.296301513910293579e-02,-2.429225482046604156e-03,2.783821662887930870e-03,2.564645931124687195e-02,-1.816303282976150513e-02,1.333667244762182236e-02,1.216217223554849625e-02,-2.077838173136115074e-03,2.206198871135711670e-03,-5.683167837560176849e-03,-1.548029482364654541e-02,5.837200675159692764e-03,2.959996648132801056e-02,-8.754196576774120331e-03,1.435072161257266998e-02,3.504245728254318237e-02,1.537760626524686813e-02,3.257793560624122620e-02,1.911290176212787628e-02,9.164950810372829437e-03,1.757257431745529175e-02,7.913433946669101715e-03,-7.926270365715026855e-03,1.125722937285900116e-02,-5.230696871876716614e-03,1.342652458697557449e-02,7.907016202807426453e-03,8.734942413866519928e-03,-2.372104860842227936e-02,-2.641662210226058960e-02,7.258795201778411865e-03,1.650718040764331818e-02,-1.068602409213781357e-02,-3.183344379067420959e-02,3.644239332061260939e-04,2.342581935226917267e-02,5.395158659666776657e-04,1.935036852955818176e-03,2.218072116374969482e-02,5.876510986126959324e-04,-4.300081927794963121e-04,-1.721637323498725891e-03,2.153891697525978088e-02,-1.755973696708679199e-02,8.003287017345428467e-03,2.895816415548324585e-02,-6.758188363164663315e-03,8.754196576774120331e-03,-3.918209113180637360e-03,2.003709785640239716e-02,-9.209876880049705505e-03,2.257863990962505341e-02,1.370891835540533066e-02,-3.542754054069519043e-02,6.350643467158079147e-03,2.517152391374111176e-02,-4.318052530288696289e-02,-1.958783529698848724e-02,1.417101640254259109e-02,9.229131042957305908e-03,-1.449191756546497345e-02,9.588540531694889069e-03,-2.291237749159336090e-02,2.002426236867904663e-02,9.261221624910831451e-03,-1.138197985710576177e-04,-2.324611507356166840e-02,1.478714775294065475e-02,2.069815527647733688e-03,-5.923844408243894577e-03,-2.071741037070751190e-02,1.641732826828956604e-02,4.030524566769599915e-02,-2.388791739940643311e-02,-3.383586928248405457e-02,-1.804750785231590271e-02,-5.596524570137262344e-03,9.330214816145598888e-04,-2.985989674925804138e-03,2.975399978458881378e-02,-8.497475646436214447e-03,2.486345916986465454e-02,-1.256009005010128021e-02,1.204022951424121857e-02,-5.551598151214420795e-04,9.267639368772506714e-03,-1.134708151221275330e-02,1.066677086055278778e-02,2.721245959401130676e-02,2.296051243320107460e-03,-1.152678672224283218e-02,-1.032661460340023041e-02,-3.963777050375938416e-02,-3.447767347097396851e-02,-7.733729667961597443e-03,-4.374531283974647522e-02,1.646867208182811737e-02,1.806034334003925323e-02,-1.496685203164815903e-02,4.845614545047283173e-03,-6.414823699742555618e-03,1.047422923147678375e-02,9.723319672048091888e-03,1.885618083178997040e-02,9.697647765278816223e-03,7.136050262488424778e-04,-1.777795143425464630e-02,-5.792274605482816696e-03,3.003639355301856995e-02,-2.097413130104541779e-02,-8.696434088051319122e-03,1.053840946406126022e-02,-1.604508236050605774e-02,-2.137204864993691444e-03,2.125652506947517395e-02,-1.681524515151977539e-02,-3.496544063091278076e-02,1.254083588719367981e-02,-7.765819784253835678e-03,8.594147220719605684e-05,4.184557124972343445e-03,-7.348647341132164001e-03,-1.057370915077626705e-03,-1.328532770276069641e-02,-3.203881904482841492e-02,1.200974336825311184e-03,1.359339337795972824e-02,1.247023791074752808e-02,1.402981951832771301e-02,-1.049348339438438416e-02,-3.295659786090254784e-03,1.247665565460920334e-02,7.115993648767471313e-04,-3.594098379835486412e-03,8.082709973677992821e-04,-2.458908711560070515e-04,9.203459136188030243e-03,3.921417985111474991e-03,-6.498258095234632492e-03,1.669972203671932220e-02,8.067467249929904938e-03,6.421241909265518188e-03,1.708480343222618103e-02,1.017258223146200180e-02,1.060900837182998657e-02,2.976362593472003937e-03,3.311704844236373901e-02,2.265114380861632526e-05,-1.148186065256595612e-02,1.865080371499061584e-02,1.066997996531426907e-03,-8.722106926143169403e-03,-3.327108174562454224e-02,-1.456893421709537506e-02,-7.258795201778411865e-03,2.342581935226917267e-02,-3.353422041982412338e-03,-9.402417927049100399e-04,-4.079301655292510986e-02,1.522678299807012081e-03,-2.114741830155253410e-03,8.933901786804199219e-03,3.789206594228744507e-02,-2.915391465649008751e-03,-6.443103484343737364e-05,-1.016616355627775192e-02,-1.166477450169622898e-03,1.312487665563821793e-02,-1.130857411772012711e-02,-2.578444546088576317e-03,-1.378593407571315765e-02,-3.476006537675857544e-02,2.238609828054904938e-02,1.102618034929037094e-02,2.393926307559013367e-02,-4.197393544018268585e-03,-2.227057330310344696e-02,2.636527828872203827e-02,-1.028168853372335434e-02,4.717254196293652058e-04,2.603154070675373077e-02,7.547606714069843292e-03,-1.700778678059577942e-02,1.279595308005809784e-03,-2.565929479897022247e-02,1.153962314128875732e-02,8.388368412852287292e-03,1.825288496911525726e-02,2.275834418833255768e-02,1.381160691380500793e-02,-2.329745888710021973e-02,1.967768929898738861e-02,-6.963565479964017868e-03,1.830422878265380859e-02,-1.032661460340023041e-02,-7.631041109561920166e-03,-5.971979349851608276e-03,1.037154067307710648e-02,-1.006989367306232452e-02,-1.345380092971026897e-03,-1.214291807264089584e-02,-9.795522782951593399e-04,-9.107188321650028229e-03,1.537760626524686813e-02,3.162806481122970581e-02,-7.348647341132164001e-04,2.805963903665542603e-02,-1.021109055727720261e-02,3.693577833473682404e-03,2.129503339529037476e-02,9.479434229433536530e-03,1.492834370583295822e-02,2.543145383242517710e-04,-1.230336911976337433e-02,-7.316557224839925766e-03,-3.170508146286010742e-02,-2.305357344448566437e-02,-6.995655596256256104e-03,-1.537760626524686813e-02,2.355417981743812561e-02,-1.497968845069408417e-02,7.014909759163856506e-03,1.154604088515043259e-02,1.250874623656272888e-02,1.133424602448940277e-02,6.151684559881687164e-03,4.319336265325546265e-03,-3.291167318820953369e-02,-2.160309813916683197e-02,-1.373459026217460632e-02,-2.292521297931671143e-02,-2.422807272523641586e-03,-2.073024585843086243e-02,-2.847039327025413513e-02,3.270629420876502991e-02,-2.803396619856357574e-02,-1.764958957210183144e-03,-4.617774393409490585e-03,1.479998324066400528e-02,-4.518295172601938248e-03,-3.270629420876502991e-02,-1.587821356952190399e-02,-1.768809743225574493e-02,2.604437619447708130e-02,-2.080726251006126404e-02,2.600586786866188049e-02,-1.815019734203815460e-02,-9.158533066511154175e-03,-5.493836011737585068e-03,4.629006143659353256e-04,-6.533557549118995667e-03,4.954721406102180481e-02,1.632747612893581390e-02,1.166156586259603500e-02,-7.618204690515995026e-03,9.736156091094017029e-03,-2.183414809405803680e-02,-2.445270493626594543e-02,-9.870934300124645233e-03,-2.020396664738655090e-02,-1.678957417607307434e-02,1.681524515151977539e-02,2.645833883434534073e-03,-1.269486919045448303e-02,-3.126785450149327517e-04,2.123085223138332367e-02,-2.560795098543167114e-02,-1.568406703881919384e-03,-2.921488508582115173e-02,1.462027896195650101e-02,-8.715688250958919525e-03,8.281829208135604858e-02,2.342581935226917267e-02,4.088286776095628738e-03,-1.612530671991407871e-03,3.003639355301856995e-02,5.955934524536132812e-03,-2.150041051208972931e-02,-3.458036109805107117e-02,-8.187002968043088913e-04,-1.607075333595275879e-02,-2.250162325799465179e-02,-6.042577791959047318e-03,1.234187651425600052e-02,-1.824004948139190674e-02,2.975399978458881378e-02,8.093139156699180603e-03,4.672328010201454163e-03,7.900598458945751190e-03,7.862090133130550385e-03,-2.320519997738301754e-04,-7.669548969715833664e-03,-8.638672530651092529e-03,7.926270365715026855e-03,2.415747568011283875e-02,-1.930544339120388031e-02,-2.790560573339462280e-02,-2.677924232557415962e-03,3.771236166357994080e-02,3.570993244647979736e-02,-9.376745671033859253e-03,1.224560663104057312e-02,1.838124543428421021e-02,1.911290176212787628e-02,7.714475505053997040e-03,5.234708078205585480e-04,1.162466127425432205e-03,-1.239963900297880173e-02,5.712049081921577454e-03,1.788063906133174896e-02,-6.543184164911508560e-03,2.559511549770832062e-02,2.064039371907711029e-02,7.977615110576152802e-03,-2.205236069858074188e-02,1.386295072734355927e-02,4.505459219217300415e-03,-1.813735999166965485e-02,3.146440489217638969e-03,-3.103760629892349243e-02,-2.092278748750686646e-02,2.931757271289825439e-02,-1.947231218218803406e-02,-1.761108264327049255e-02,1.273177214898169041e-03,-4.948303103446960449e-03,2.433717995882034302e-02,-7.962372037582099438e-04,-7.477008271962404251e-03,-7.400793838314712048e-04,1.975470408797264099e-02,-1.464595086872577667e-02,-9.171368554234504700e-03,-1.444057375192642212e-02,3.738002487807534635e-05,-2.882980369031429291e-02,-2.411896735429763794e-02,4.816733766347169876e-03,-6.424450781196355820e-03,-2.329745888710021973e-02,5.699213128536939621e-03,-9.171368554234504700e-03,-7.201032713055610657e-03,-1.840691827237606049e-02,-1.468445919454097748e-02,1.080154906958341599e-02,2.455539256334304810e-02,-1.006026635877788067e-03,-1.871498301625251770e-02,-1.374261220917105675e-03,-2.976362593472003937e-03,1.208515558391809464e-02,-4.383516497910022736e-03,3.276405623182654381e-03,-1.668688491918146610e-03,-6.918639410287141800e-03,6.815950851887464523e-03,6.331389304250478745e-03,-5.609360523521900177e-03,-3.473439440131187439e-02,2.290435368195176125e-04,4.126795101910829544e-03,4.582475405186414719e-03,-7.695221342146396637e-03,-3.178209811449050903e-02,2.533518476411700249e-03,-1.511446665972471237e-03,-1.571134477853775024e-02,-2.426016377285122871e-03,-1.136633567512035370e-02,-3.950299229472875595e-03,1.924126222729682922e-02,-2.088427916169166565e-02,6.523930467665195465e-03,1.874065608717501163e-03,1.535193435847759247e-02,-1.249109627678990364e-03,5.198606755584478378e-03,2.266849204897880554e-02,-1.704629510641098022e-02,5.651077721267938614e-03,6.347434595227241516e-03,-3.037013113498687744e-02,-6.491840351372957230e-03,-1.581403240561485291e-02,-6.004069466143846512e-03,1.702062226831912994e-02,2.065001986920833588e-03,6.822368595749139786e-03,1.039079483598470688e-02,-6.125210202299058437e-04,1.228411495685577393e-02,-2.572347596287727356e-02,2.224490232765674591e-02,-6.899385247379541397e-03,-1.325965579599142075e-02,2.106398344039916992e-02,7.984032854437828064e-03,-2.523570507764816284e-02,6.466167978942394257e-03,2.477360703051090240e-02,1.789347454905509949e-02,5.840410012751817703e-03,-2.197534404695034027e-02,-4.120376892387866974e-03,-2.275834418833255768e-02,-2.446554042398929596e-02,-2.228661905974149704e-03,1.558298338204622269e-02,-1.420952472835779190e-02,7.355065550655126572e-03,-1.360622979700565338e-02,-1.204022951424121857e-02,-3.748131217435002327e-03,-2.147473767399787903e-02,1.491550821810960770e-02,-2.478644251823425293e-02,5.801901686936616898e-03,-2.641662210226058960e-02,-4.412397742271423340e-03,3.414393588900566101e-02,-7.996868342161178589e-03,-1.332383602857589722e-02,-3.339944407343864441e-02,-1.803467166610062122e-03,1.082080323249101639e-02,-3.149970620870590210e-02,-1.874065585434436798e-02,1.501819677650928497e-02,3.791773691773414612e-02,1.072453241795301437e-02,3.185911476612091064e-02,1.420952472835779190e-02,2.188549190759658813e-02,1.125722937285900116e-02,-4.085077904164791107e-03,8.587327785789966583e-03,4.280827939510345459e-03,-2.746918005868792534e-03,-3.029311448335647583e-02,2.114100009202957153e-02,2.507044118829071522e-04,8.946737274527549744e-03,4.651790112257003784e-02,1.663554087281227112e-02,8.612999692559242249e-03,1.271412242203950882e-02,-6.414823699742555618e-03,8.888975717127323151e-03,-1.004422083497047424e-02,-1.582686789333820343e-02,-1.614776998758316040e-02,9.907837957143783569e-04,8.016122505068778992e-03,-7.714475505053997040e-03,-4.104332067072391510e-03,-1.437639351934194565e-02,3.131999820470809937e-02,-1.163589302450418472e-02,-9.967205114662647247e-03,1.749555766582489014e-02,2.790560573339462280e-02,-2.438852377235889435e-02,2.089711464941501617e-02,-1.227769628167152405e-02,7.156106643378734589e-03,-2.580049214884638786e-03,2.939458936452865601e-02,1.689226180315017700e-02,-1.503103226423263550e-02,2.116667106747627258e-02,2.422165498137474060e-02,6.681172177195549011e-03,-7.046999875456094742e-03,-2.826501615345478058e-02,-2.867577038705348969e-02,7.772237528115510941e-03,-2.334559336304664612e-03,6.023323629051446915e-03,1.288099214434623718e-02,-1.645583659410476685e-02,-8.760614320635795593e-03,-1.433788519352674484e-02,-2.921488508582115173e-02,-1.759824529290199280e-02,6.905803456902503967e-03,2.626579953357577324e-03,-3.324541030451655388e-03,3.188478574156761169e-02,-1.322114747017621994e-02,-1.743137650191783905e-02,-8.303330105263739824e-05,4.324149631429463625e-04,3.350213170051574707e-02,-6.530348211526870728e-03,2.224490232765674591e-02,2.046068757772445679e-02,-1.334950793534517288e-02,-2.049919590353965759e-02,7.284467108547687531e-03,3.404766321182250977e-03,-2.078158967196941376e-02,8.439713157713413239e-03,4.181348253041505814e-03,1.729018054902553558e-02,-9.537196718156337738e-03,-7.149688433855772018e-03,-7.526146509917452931e-05,-1.943380385637283325e-02,-3.791773691773414612e-02,2.442703209817409515e-02,-2.891323762014508247e-03,1.016455935314297676e-03,-2.619840949773788452e-02,-2.540257386863231659e-02,-2.644229447469115257e-03,1.250232756137847900e-02,-2.754619717597961426e-02,1.073095109313726425e-02,-1.224560663104057312e-02,-1.365757361054420471e-02,-2.016545832157135010e-02,9.075098671019077301e-03,3.953508101403713226e-03,1.304144226014614105e-02,8.215081878006458282e-03,-9.158533066511154175e-03,4.889738629572093487e-04,-4.925840068608522415e-03,9.395999833941459656e-03,8.028958924114704132e-03,-2.456822991371154785e-02,5.724885035306215286e-03,9.771455079317092896e-04,-5.846827756613492966e-03,1.306711509823799133e-02,-1.785817556083202362e-03,-1.239322125911712646e-02,-4.691581707447767258e-03,-1.536477077752351761e-02,2.038367278873920441e-02,-6.534359417855739594e-04,-1.350354123860597610e-02,-3.667905693873763084e-03,2.589034475386142731e-02,3.057550825178623199e-02,1.275263074785470963e-02,3.239501966163516045e-03,-6.629827897995710373e-03,-2.509450772777199745e-03,-1.130857411772012711e-02,7.727311458438634872e-03,-2.148436382412910461e-03,-3.218643367290496826e-03,-1.182201597839593887e-02,-1.468445919454097748e-02,-1.463311444967985153e-02,7.547606714069843292e-03,1.282322965562343597e-02,7.643877062946557999e-03,-2.826501615345478058e-02,-3.501678630709648132e-02,-3.982389345765113831e-03,-3.719249973073601723e-03,2.772590145468711853e-02,-3.664696589112281799e-03,8.227918297052383423e-03,-3.857237752526998520e-03,2.510734461247920990e-02,-2.739216387271881104e-02,3.606934472918510437e-02,-3.126785450149327517e-04,-9.460180066525936127e-03,-6.649082060903310776e-03,-4.880913998931646347e-03,1.329816412180662155e-02,-1.668688468635082245e-02,2.114100009202957153e-02,-1.021750830113887787e-02,-4.040793329477310181e-02,1.548029482364654541e-02,8.266426622867584229e-03,7.444918155670166016e-03,1.808601617813110352e-02,-4.323186725378036499e-02,1.895886845886707306e-02,-7.939106784760951996e-03,1.687942631542682648e-02,-3.814878687262535095e-02,-1.605791784822940826e-02,6.132430396974086761e-03,-2.298939414322376251e-02,7.419245783239603043e-03,2.929190173745155334e-02,-2.728947438299655914e-02,-1.497968845069408417e-02,1.071811467409133911e-02,-1.605791784822940826e-02,1.382444240152835846e-02,-5.314131081104278564e-02,4.819942638278007507e-03,-1.686659082770347595e-02,3.613352542743086815e-03,-1.192470453679561615e-02,-2.852173708379268646e-02,-2.977967262268066406e-03,-5.156889092177152634e-03,-8.645090274512767792e-03,-5.785856395959854126e-03,1.208515558391809464e-02,-1.617344282567501068e-02,-8.324188180267810822e-03,-2.624975284561514854e-03,1.387097290717065334e-03,-6.950729526579380035e-03,-2.741783671081066132e-02,-8.959573693573474884e-03,4.383516497910022736e-03,-1.936962269246578217e-02,-1.050631981343030930e-02,-3.347645699977874756e-02,-4.441278520971536636e-03,3.170508146286010742e-02,1.735435985028743744e-02,-7.329393178224563599e-03,2.705842629075050354e-02,7.329393178224563599e-03,-4.431009665131568909e-02,1.268845051527023315e-02,-1.111121891881339252e-04,-2.315305406227707863e-03,-2.379485638812184334e-03,-1.755973696708679199e-02,1.886901631951332092e-02,8.414041250944137573e-03,1.910006627440452576e-02,-6.260790862143039703e-03,-5.580479279160499573e-03,6.751770619302988052e-03,-2.106719184666872025e-03,-1.669972203671932220e-02,-1.390145905315876007e-02,9.845262393355369568e-03,-2.159026265144348145e-02,-1.925409771502017975e-02,9.986459277570247650e-03,-2.311775460839271545e-02,1.062184385955333710e-02,-1.105826999992132187e-02,-1.886901631951332092e-02,-2.554376982152462006e-02,-2.064039371907711029e-02,9.415253996849060059e-03,5.811528768390417099e-03,-8.362696506083011627e-03,-3.959926310926675797e-03,-9.957978909369558096e-05,1.301256124861538410e-03,3.526709042489528656e-03,2.048636041581630707e-02,-2.764888480305671692e-02,1.483849156647920609e-02,1.159096695482730865e-02,1.500536035746335983e-02,-4.630610812455415726e-03,8.978827856481075287e-03,-9.803544962778687477e-04,1.618146547116339207e-03,-2.682737633585929871e-02,3.642875328660011292e-02,-7.303721271455287933e-03,-2.700387267395853996e-03,5.278831813484430313e-03,-1.175141800194978714e-02,-1.892036013305187225e-02,3.886118764057755470e-03,4.967557266354560852e-02,-2.549242600798606873e-02,-3.106327913701534271e-02,4.845614545047283173e-03,3.388721263036131859e-03,2.274550870060920715e-02,-1.185410656034946442e-02,9.498688741587102413e-04,-2.944593504071235657e-02,1.121230330318212509e-02,-5.635032895952463150e-03,-1.010198332369327545e-02,-1.209799200296401978e-02,3.214150667190551758e-02,3.766101598739624023e-02,-1.401698309928178787e-02,5.160098429769277573e-03,-3.333365893922746181e-04,-9.781082160770893097e-03,-9.890188463032245636e-03,-1.663554087281227112e-02,1.012765523046255112e-02,-4.710835870355367661e-03,1.776190591044723988e-03,-1.281681098043918610e-02,2.334880270063877106e-02,1.481281965970993042e-02,-1.025601662695407867e-02,1.411967165768146515e-02,-1.531342603266239166e-02,1.740570552647113800e-02,2.172889113426208496e-01,4.884122870862483978e-03,1.305267447605729103e-03,1.006347499787807465e-02,-1.011642394587397575e-03,-8.516729809343814850e-03,3.016475401818752289e-02,5.753766279667615891e-03,1.998575404286384583e-02,2.422165498137474060e-02,-3.327108174562454224e-02,-2.212937735021114349e-02,-2.460673823952674866e-02,3.979180182795971632e-04,2.227057330310344696e-02,-4.807106684893369675e-03,-9.954368695616722107e-03,1.476147491484880447e-02,-3.665980324149131775e-02,-4.590177163481712341e-02,2.270700037479400635e-02,-1.770093478262424469e-02,1.320831105113029480e-02,-5.885336082428693771e-03,7.239541038870811462e-03,9.511524811387062073e-03,9.716901928186416626e-03,4.588893614709377289e-03,1.531342603266239166e-02,-5.888544954359531403e-03,1.098767202347517014e-02,-6.100340280681848526e-03,-2.201385237276554108e-02,-2.492763847112655640e-02,-2.646796777844429016e-02,1.097483560442924500e-03,1.500536035746335983e-02,2.631393494084477425e-03,1.775227859616279602e-02,1.211724616587162018e-02,7.342229597270488739e-03,1.558779738843441010e-03,-9.639885276556015015e-03,-9.763432317413389683e-04,-1.626329496502876282e-02,2.333596721291542053e-02,-1.285531930625438690e-02,-1.139200851321220398e-02,8.099556900560855865e-03,5.118381232023239136e-03,-2.734082005918025970e-02,9.254802949726581573e-03,1.400414761155843735e-02,2.085860632359981537e-02,-1.698211394250392914e-02,-8.131647482514381409e-03,1.410683616995811462e-02,2.540257386863231659e-02,1.414534449577331543e-02,-1.438922900706529617e-02,-2.905764384195208549e-03,5.541971419006586075e-03,-1.067318860441446304e-02,2.053770440397784114e-04,-1.482565607875585556e-02,1.768809743225574493e-02,-1.644299924373626709e-02,3.780221333727240562e-03,-6.880131084471940994e-03,-1.504386868327856064e-02,-4.849625984206795692e-04,-1.345219649374485016e-02,-9.826008230447769165e-03,9.055844508111476898e-03,3.353422041982412338e-03,-2.030665613710880280e-02,-1.050952821969985962e-03,-1.051273755729198456e-02,-1.663554087281227112e-02,1.820154115557670593e-02,-6.177356466650962830e-03,-8.888975717127323151e-03,1.260341145098209381e-03,1.348589081317186356e-03,-9.729737415909767151e-03,-1.694360561668872833e-02,3.434931114315986633e-02,-4.248737823218107224e-03,1.612209901213645935e-02,2.908652462065219879e-02,1.479998324066400528e-02,5.262786871753633022e-04,4.011270590126514435e-03,-5.089499987661838531e-03,4.049778450280427933e-03,2.099980227649211884e-02,1.707196794450283051e-02,2.608288452029228210e-02,-2.033232711255550385e-02,1.707196794450283051e-02,-1.664837636053562164e-02,-3.511947393417358398e-02,1.248949207365512848e-02,-1.532626245170831680e-02,1.609642617404460907e-02,2.082009799778461456e-02,1.852244324982166290e-02,3.517081961035728455e-02,8.677179925143718719e-03,-1.290024537593126297e-02,-3.921417985111474991e-03,-9.338237345218658447e-03,9.795522782951593399e-04,-1.017899997532367706e-02,1.834273710846900940e-02,-1.519790198653936386e-02,-2.111532725393772125e-03,-1.717465557157993317e-02,1.373459026217460632e-02,-1.114170439541339874e-02,1.268845051527023315e-02,-5.182561581023037434e-04,9.357491508126258850e-03,8.510311134159564972e-03,7.098344154655933380e-03,-6.466167978942394257e-03,-9.049425832927227020e-03,-4.730090033262968063e-03,2.402911521494388580e-02,-3.108895011246204376e-02,2.311775460839271545e-02,-1.544178649783134460e-02,-2.559511549770832062e-02,1.290666405111551285e-02,1.257934421300888062e-02,2.406762214377522469e-03,1.758540980517864227e-02,4.088286776095628738e-03,1.481763320043683052e-03,-9.132860228419303894e-03,-1.491550821810960770e-02,-3.071028739213943481e-03,1.636598317418247461e-04,1.512088533490896225e-02,2.928227419033646584e-03,-5.243532825261354446e-03,1.784213073551654816e-02,-6.276836153119802475e-03,-2.296452294103801250e-04,-1.030094269663095474e-02,-3.360481932759284973e-02,-8.587327785789966583e-03,-3.947090357542037964e-03,-2.311775460839271545e-02,-1.571134477853775024e-02,-3.008452942594885826e-03,-1.600657403469085693e-02,-3.401557449251413345e-03,2.188549190759658813e-02,2.011411450803279877e-02,-4.027957469224929810e-02,2.243744209408760071e-02,-1.565999933518469334e-03,-3.560724481940269470e-02,1.338801626116037369e-02,6.426055333577096462e-04,-1.624532490968704224e-01,-4.893749952316284180e-03,1.203381177037954330e-02,-1.095558144152164459e-02,1.644299924373626709e-02,-1.328532770276069641e-02,1.024318020790815353e-02,1.639005145989358425e-03,-2.700708247721195221e-02,1.112886890769004822e-02,7.902202778495848179e-04,1.974186860024929047e-02,3.497827856335788965e-04,1.185410656034946442e-02,-1.544178649783134460e-02,2.752052433788776398e-02,-2.485062368214130402e-02,1.735435985028743744e-02,3.609501570463180542e-02,8.677179925143718719e-03,4.292380437254905701e-02,-1.265636086463928223e-02,5.561225581914186478e-03,-3.157672286033630371e-02,4.048494994640350342e-02,8.799122646450996399e-03,4.765389487147331238e-03,1.081438548862934113e-02,-3.414393402636051178e-03,2.496614819392561913e-03,-1.307995058596134186e-02,2.519719675183296204e-02,1.279113907366991043e-02,-1.233545877039432526e-02,3.396422788500785828e-02,3.430438460782170296e-03,-1.540327817201614380e-02,-4.896958824247121811e-03,-1.726450771093368530e-02,3.209016472101211548e-02,-5.795483477413654327e-03,2.020396664738655090e-02,-9.562868508510291576e-04,-1.098767202347517014e-02,-1.340085268020629883e-02,2.126936055719852448e-02,1.767526194453239441e-02,4.656282719224691391e-03,2.143622934818267822e-02,-2.700387267395853996e-03,2.508167177438735962e-02,-4.418173804879188538e-02,-4.627401474863290787e-03,8.458967320621013641e-03,2.447837777435779572e-02,1.804750785231590271e-02,4.097913857549428940e-03,-2.065322920680046082e-02,-5.237114615738391876e-03,-1.876632682979106903e-02,1.561186509206891060e-03,-2.324611507356166840e-02,7.746565621346235275e-03,-3.988807555288076401e-03,-1.250874623656272888e-02,6.151684559881687164e-03,-6.674753967672586441e-03,-1.204664725810289383e-02,-2.123085223138332367e-02,2.077838173136115074e-03,-2.705842629075050354e-02,-4.158885404467582703e-02,9.293311275541782379e-03,-4.269275441765785217e-02,1.934435131261125207e-04,2.048636041581630707e-02,-5.365475546568632126e-03,1.456893421709537506e-02,6.369897630065679550e-03,-6.610573735088109970e-03,-2.646796777844429016e-02,5.673541128635406494e-02,-1.845826208591461182e-02,1.094274595379829407e-02,-1.533909793943166733e-02,1.601940952241420746e-02,2.087144181132316589e-02,-3.764176275581121445e-03,-8.927483111619949341e-03,-4.848823882639408112e-03,-2.711618726607412100e-04,-1.431221328675746918e-02,3.278010291978716850e-03,-1.390145905315876007e-02,5.075380206108093262e-02,3.219285234808921814e-02,3.673681989312171936e-02,-2.061472088098526001e-02,5.875709000974893570e-03,-2.246311400085687637e-03,3.878898569382727146e-04,-7.624622900038957596e-03,-2.360231475904583931e-03,1.000571344047784805e-02,6.771024316549301147e-03,-1.105506089515984058e-03,2.340014651417732239e-02,2.503032796084880829e-02,4.582475498318672180e-02,-2.090674126520752907e-03,-2.505599893629550934e-02,-2.094845846295356750e-02,2.224490232765674591e-02,2.274550870060920715e-02,8.921065367758274078e-03,7.361483760178089142e-03,1.219426188617944717e-02,-6.969983689486980438e-03,2.985989674925804138e-03,-4.547176416963338852e-03,5.344937741756439209e-02,1.689547090791165829e-03,1.671897480264306068e-03,-1.639165543019771576e-02,-1.168723776936531067e-02,-3.170508146286010742e-02,-1.085417717695236206e-01,-3.442632779479026794e-02,2.336164005100727081e-02,1.090423762798309326e-02,4.497757181525230408e-02,3.039580397307872772e-02,-6.982819642871618271e-03,1.494118012487888336e-02,2.591280732303857803e-03,1.523640938103199005e-02,8.067467249929904938e-03,-1.002496760338544846e-02,6.713262293487787247e-03,-1.875670044682919979e-03,-1.051273755729198456e-02,-8.529565297067165375e-03,2.122764242812991142e-03,3.021288895979523659e-03,-1.936962269246578217e-02,1.560865528881549835e-02,-3.108895011246204376e-02,9.614213369786739349e-03,2.700387267395853996e-03,-2.087144181132316589e-02,1.373459026217460632e-02,4.117168020457029343e-03,-2.998504973948001862e-02,1.200813893228769302e-02,1.376026216894388199e-02,2.156458981335163116e-02,-1.534712035208940506e-03,-3.622979391366243362e-03,-4.678745754063129425e-03,-1.141768041998147964e-02,-1.440206542611122131e-02,-2.298939414322376251e-02,-1.325965579599142075e-02,7.669548969715833664e-03,1.263068802654743195e-02,-1.521073747426271439e-02,-9.736156091094017029e-03,1.409560441970825195e-03,-1.228411495685577393e-02,-2.282252535223960876e-02,5.615778733044862747e-03,1.350354123860597610e-02,-1.115454081445932388e-02,-3.124779614154249430e-04,7.175360806286334991e-03,-3.931045066565275192e-03,-6.010487675666809082e-03,2.382373809814453125e-02,-1.476147491484880447e-02,1.340767194051295519e-04,1.390145905315876007e-02,-1.463311444967985153e-02,7.226705085486173630e-03,-1.134066376835107803e-02,-2.144906483590602875e-02,-3.159276675432920456e-03,1.211082749068737030e-02,-4.733299370855093002e-03,1.330137252807617188e-03,2.107681892812252045e-02,-1.172574609518051147e-02,5.079872906208038330e-03,-2.340014651417732239e-02,-3.817445784807205200e-02,1.440206542611122131e-02,9.293311275541782379e-03,2.083293348550796509e-02,4.190975334495306015e-03,-1.053840946406126022e-02,3.470871970057487488e-02,-2.132070437073707581e-02,1.145618874579668045e-02,-3.735295031219720840e-03,-2.306640893220901489e-02,4.293663892894983292e-03,-4.905944317579269409e-02,-1.735435985028743744e-02,-1.270128693431615829e-02,2.340014651417732239e-02,-9.330214816145598888e-04,1.872782036662101746e-02,1.505670510232448578e-02,9.132860228419303894e-03,-1.999858953058719635e-02,5.198606755584478378e-03,-5.574061535298824310e-03,4.852032754570245743e-03,8.401204831898212433e-03,3.139701485633850098e-02,-2.713544294238090515e-02,1.764959096908569336e-02,6.199819501489400864e-03,-2.245027944445610046e-02,-1.652001589536666870e-02,-2.881696680560708046e-03,-3.828356508165597916e-03,-5.792274605482816696e-03,-2.040934376418590546e-02,-3.722459077835083008e-02,1.845826208591461182e-02,-1.981888525187969208e-02,4.945094231516122818e-03,-2.668297151103615761e-03,-1.168723776936531067e-02,-8.215081878006458282e-03,-1.926693506538867950e-02,-5.853245966136455536e-03,-2.631393447518348694e-02,-8.844048716127872467e-03,1.334950793534517288e-02,-1.465878635644912720e-02,-3.886118764057755470e-03,-1.422236021608114243e-02,2.779008122161030769e-03,4.685164021793752909e-04,3.870073705911636353e-03,1.762391813099384308e-02,1.097483560442924500e-02,5.994442384690046310e-03,7.842835970222949982e-03,-2.392321592196822166e-03,2.270379045512527227e-04,-2.102547511458396912e-02,3.517081961035728455e-02,2.535122912377119064e-03,4.117168020457029343e-03,-1.901021227240562439e-02,-1.517222914844751358e-02,6.514303386211395264e-03,-1.006347499787807465e-02,8.388368412852287292e-03,2.893249131739139557e-02,2.920205006375908852e-03,-1.291949953883886337e-02,3.140022512525320053e-03,1.829139329493045807e-02,5.545180290937423706e-03,1.831706613302230835e-02,-2.849606610834598541e-02,-4.549101740121841431e-02,1.397847570478916168e-02,1.694360631518065929e-03,-2.166727930307388306e-02,3.511867253109812737e-04,-2.604437619447708130e-02,7.842835970222949982e-03,1.206590142101049423e-02,-8.953155949711799622e-03,-1.189903263002634048e-02,1.420952472835779190e-02,-5.875709000974893570e-03,2.650647424161434174e-03,-4.085077904164791107e-03,-7.303721271455287933e-03,1.396563928574323654e-02,-7.951942272484302521e-03,1.093632820993661880e-02,-4.854600131511688232e-02,3.760967031121253967e-02,3.247524611651897430e-03,-7.290885318070650101e-03,-8.850467391312122345e-03,3.483708202838897705e-02,1.902304962277412415e-02,-1.302860677242279053e-02,4.977184347808361053e-03,4.871286917477846146e-03,-1.567283645272254944e-02,-1.902304962277412415e-02,-2.083293348550796509e-02,1.149469707161188126e-02,1.351637672632932663e-02,1.069886051118373871e-02,-1.875349134206771851e-02,-8.138065226376056671e-03,-1.014851382933557034e-03,9.201854700222611427e-04,1.723883673548698425e-02,3.096058964729309082e-02,-1.568406703881919384e-03,-1.983172073960304260e-02,3.934253938496112823e-03,2.093562297523021698e-02,1.750839315354824066e-02,-2.307282760739326477e-03,-4.527922254055738449e-03,2.081047045066952705e-03,-1.079834066331386566e-03,1.160861691460013390e-03,-5.413610488176345825e-03,1.383727882057428360e-02,-2.239893376827239990e-02,2.496614679694175720e-02,1.077587716281414032e-02,1.577552407979965210e-02,6.347434595227241516e-03,1.076945848762989044e-02,1.026885211467742920e-02,-1.684091798961162567e-02,6.719680503010749817e-03,-8.580910041928291321e-03,1.888506114482879639e-03,-1.627613045275211334e-02,2.884103450924158096e-04,-1.889468915760517120e-02,-4.536265507340431213e-02,-8.690016344189643860e-03,7.252376992255449295e-03,-9.357491508126258850e-03,-9.684811346232891083e-03,2.521003223955631256e-02,1.592955738306045532e-02,-1.544178649783134460e-02,6.321762222796678543e-03,1.432504877448081970e-02,1.400414761155843735e-02,-2.388791739940643311e-02,1.893319748342037201e-02,1.752122864127159119e-02,2.120517939329147339e-02,1.168082002550363541e-02,-2.693006582558155060e-02,2.937854500487446785e-03,-2.175713144242763519e-02,8.816772606223821640e-04,-1.689226180315017700e-02,-1.888506114482879639e-03,9.395999833941459656e-03,3.429796546697616577e-02,4.880913998931646347e-03,-1.541611459106206894e-02,-4.354635253548622131e-03,-5.221069790422916412e-03,2.019113115966320038e-02,3.818729426711797714e-03,2.482495084404945374e-02,-1.641732826828956604e-02,2.443986944854259491e-02,-1.205948367714881897e-02,-1.650718040764331818e-02,7.675967179238796234e-03,1.215575356036424637e-02,2.952294982969760895e-02,2.230266341939568520e-03,2.055054157972335815e-02,-3.200993873178958893e-03,7.085508201271295547e-03,1.726450771093368530e-02,-7.477008271962404251e-03,2.713544294238090515e-02,1.165675232186913490e-03,-5.632465705275535583e-02,1.198888476938009262e-02,3.452901728451251984e-03,2.628826163709163666e-02,-1.777795143425464630e-02,3.292450914159417152e-03,4.885406419634819031e-02,7.329393178224563599e-03,1.456893421709537506e-02,-6.087503861635923386e-03,-1.879199966788291931e-02,-1.651038881391286850e-03,2.726380340754985809e-02,5.481000058352947235e-03,-4.099518409930169582e-04,-2.537690103054046631e-02,-6.392360664904117584e-03,-7.618204690515995026e-03,-1.671255752444267273e-02,-2.123085223138332367e-02,3.491409821435809135e-03,-1.618627831339836121e-02,-8.240753784775733948e-03,-3.799475496634840965e-03,-1.387578714638948441e-02,1.549152657389640808e-03,-5.121590197086334229e-02,1.513372082263231277e-02,-2.550526149570941925e-02,-1.346503291279077530e-02,2.218072116374969482e-02,1.319547556340694427e-02,-9.851680137217044830e-03,-1.327249128371477127e-02,-2.278401516377925873e-03
