-7.683450821787118912e-03,-1.806949265301227570e-02,-1.216165628284215927e-02,-1.288626343011856079e-02,2.322334563359618187e-03,2.262603305280208588e-02,-1.556274201720952988e-02,-5.529212299734354019e-03,-1.347378361970186234e-02,-1.693361997604370117e-02,4.550013225525617599e-03,1.502744574099779129e-02,3.028989955782890320e-02,-2.150321751832962036e-02,2.241958572994917631e-04,2.078513801097869873e-02,1.851339638233184814e-02,3.052490763366222382e-02,1.971454732120037079e-02,3.962493501603603363e-03,-7.572474889457225800e-03,-7.239547092467546463e-03,6.576955784112215042e-03,-1.505355816334486008e-02,8.218746632337570190e-03,4.915580619126558304e-03,7.108987309038639069e-03,-3.459837753325700760e-03,1.357823144644498825e-02,-1.515800599008798599e-02,-2.621643058955669403e-02,-7.598586846143007278e-03,-4.148541484028100967e-03,-3.538173623383045197e-03,-3.564285486936569214e-02,-9.204474277794361115e-03,1.114328857511281967e-02,-1.349989511072635651e-02,3.585175424814224243e-02,1.032239291816949844e-03,5.006972700357437134e-03,-4.830716934520751238e-04,1.026200968772172928e-02,3.133437782526016235e-02,-1.867006719112396240e-02,-1.025548111647367477e-02,-2.655588649213314056e-02,1.775614800862967968e-03,-1.301682367920875549e-02,2.916708402335643768e-02,8.460282348096370697e-03,-8.372154552489519119e-04,2.401078381808474660e-04,9.615737944841384888e-03,-6.887035444378852844e-03,1.333669479936361313e-02,-2.104625850915908813e-02,-5.228924565017223358e-03,-1.480223028920590878e-03,1.047090534120798111e-02,1.016408950090408325e-02,5.754428450018167496e-03,5.450876196846365929e-04,3.652413608506321907e-03,-2.234206534922122955e-03,-1.740363612771034241e-02,-1.315391156822443008e-02,1.540607027709484100e-02,-6.381115876138210297e-03,-1.338239107280969620e-02,7.562030106782913208e-02,2.313521690666675568e-02,-2.759098242677282542e-05,-5.320316646248102188e-03,7.022695353953167796e-05,-2.723479829728603363e-02,-1.343461498618125916e-02,-1.383935101330280304e-02,-1.369573455303907394e-02,-1.787365227937698364e-02,8.238330483436584473e-03,-9.844217449426651001e-03,-1.654194109141826630e-02,-3.105693962424993515e-03,2.528945542871952057e-02,-9.348089806735515594e-03,-1.011839322745800018e-02,2.128126658499240875e-02,-3.923325333744287491e-03,-1.774309203028678894e-02,1.084300130605697632e-02,3.598231077194213867e-02,8.564730174839496613e-03,1.103231310844421387e-02,-5.587964318692684174e-03,-8.479866199195384979e-03,9.868493361864238977e-05,3.235274553298950195e-02,-1.975371502339839935e-02,-1.865701191127300262e-02,-9.707129560410976410e-03,1.276875939220190048e-02,-2.323966473340988159e-02,-1.317839138209819794e-03,-7.983738556504249573e-03,-2.269131317734718323e-02,-1.821310818195343018e-02,1.722085289657115936e-02,2.487166412174701691e-02,-6.257083732634782791e-03,-1.297112740576267242e-02,4.378979653120040894e-02,2.266520075500011444e-02,-4.206640273332595825e-02,8.590842597186565399e-03,-2.705201506614685059e-02,2.802142174914479256e-03,-8.532090112566947937e-03,3.988605458289384842e-03,-3.867837367579340935e-03,1.099967304617166519e-02,-5.470460280776023865e-03,-4.308477218728512526e-04,-2.347467280924320221e-02,1.795198768377304077e-03,1.300703152082860470e-03,-1.148927211761474609e-02,9.622265584766864777e-03,-2.827927656471729279e-02,-8.975993841886520386e-03,2.091569826006889343e-02,1.034034509211778641e-02,1.197887212038040161e-02,5.366012454032897949e-03,-1.629387773573398590e-02,2.335716784000396729e-02,-1.881368458271026611e-02,-3.193495422601699829e-02,1.564107835292816162e-02,-1.326488703489303589e-02,2.085041813552379608e-02,2.995044365525245667e-02,-1.237055193632841110e-02,-3.272157860919833183e-03,-6.563899572938680649e-03,2.659505419433116913e-02,2.254769764840602875e-02,1.154802460223436356e-02,-2.069374732673168182e-02,6.400699727237224579e-03,1.959704235196113586e-02,-2.102014608681201935e-02,2.449304051697254181e-02,-3.397168964147567749e-02,-8.297082968056201935e-03,3.232663497328758240e-02,2.787454286590218544e-03,1.582386158406734467e-02,1.388831064105033875e-03,-2.501854440197348595e-03,1.639832556247711182e-02,2.491083182394504547e-02,-2.382718492299318314e-03,1.394379884004592896e-02,3.907005302608013153e-03,4.499094560742378235e-02,9.413369931280612946e-03,-1.783448457717895508e-02,-3.681789617985486984e-03,-2.407198480796068907e-04,1.629387773573398590e-02,-3.619773546233773232e-03,-1.834366843104362488e-02,2.856650948524475098e-02,-2.160766627639532089e-03,-2.500222297385334969e-03,5.829500034451484680e-03,-8.845434524118900299e-03,-2.094181068241596222e-02,-1.333016715943813324e-02,-3.600842505693435669e-02,1.551051810383796692e-02,3.055102005600929260e-02,1.629387773573398590e-02,-1.742974855005741119e-02,-6.723835598677396774e-03,3.955965396016836166e-03,-9.054330177605152130e-03,-8.310954435728490353e-04,-3.148125950247049332e-03,1.206373609602451324e-02,2.070680260658264160e-02,1.245541591197252274e-02,-2.699979022145271301e-02,-6.484127640724182129e-01,2.400670433416962624e-03,-1.254027988761663437e-02,-6.410491652786731720e-03,7.448443211615085602e-03,1.488383021205663681e-02,-5.838476354256272316e-04,-2.346161752939224243e-02,-1.510578207671642303e-02,2.458443120121955872e-02,-2.581169456243515015e-02,1.686834171414375305e-02,-1.347378361970186234e-02,9.873593226075172424e-04,1.613720506429672241e-02,-1.941425912082195282e-02,-3.125604242086410522e-02,-2.211684919893741608e-02,-9.778937324881553650e-03,-4.954748786985874176e-03,-6.939259357750415802e-03,-2.873950172215700150e-03,1.803032495081424713e-02,8.434170857071876526e-03,6.443131715059280396e-03,-4.582652822136878967e-03,2.945431694388389587e-02,2.803774084895849228e-03,9.857273660600185394e-03,1.574552617967128754e-02,-2.292632125318050385e-02,3.073380328714847565e-02,1.984510757029056549e-02,6.077563855797052383e-03,3.446781635284423828e-02,-2.139876969158649445e-02,-1.425714232027530670e-02,3.454615175724029541e-02,4.094358906149864197e-02,2.822705358266830444e-02,-2.560279890894889832e-02,-1.196581590920686722e-02,1.235749572515487671e-02,2.012458717217668891e-04,3.456573700532317162e-03,-7.944570854306221008e-03,2.549182390794157982e-03,6.178747862577438354e-03,1.566718891263008118e-02,1.019672956317663193e-02,2.350078430026769638e-04,-2.126820944249629974e-02,-1.927390694618225098e-03,-2.320049703121185303e-02,-1.424735062755644321e-03,1.263167150318622589e-02,3.767959028482437134e-02,-2.100709080696105957e-02,-7.814010605216026306e-03,3.769917413592338562e-03,1.231180038303136826e-02,1.951870694756507874e-02,2.141182543709874153e-03,1.604581438004970551e-02,-1.508782966993749142e-03,2.185573056340217590e-02,6.674875621683895588e-04,4.540873691439628601e-02,1.707723736763000488e-02,-1.323877554386854172e-02,7.252603303641080856e-03,1.635915786027908325e-02,1.250763982534408569e-02,2.364358515478670597e-04,-1.098008919507265091e-02,-2.356606535613536835e-03,1.250763982534408569e-02,-9.204474277794361115e-03,2.075902651995420456e-03,-1.537995785474777222e-02,2.420254517346620560e-03,-1.306904759258031845e-02,-4.334589093923568726e-02,-3.466365626081824303e-03,3.600842505693435669e-02,-1.263167150318622589e-02,-1.383935101330280304e-02,7.629595347680151463e-05,5.659772083163261414e-03,4.709948785603046417e-03,4.606317088473588228e-04,3.407613933086395264e-02,1.476632617413997650e-02,-1.723390817642211914e-02,2.726091071963310242e-02,1.116940099745988846e-02,-1.216818392276763916e-02,9.517817758023738861e-03,2.134654670953750610e-02,-1.408741436898708344e-02,9.681018069386482239e-03,1.539301406592130661e-02,6.230971775949001312e-03,-9.302393533289432526e-03,1.630693301558494568e-02,7.559419143944978714e-03,-2.491083182394504547e-02,1.547134947031736374e-02,2.599447965621948242e-02,-3.673956170678138733e-02,-1.001394540071487427e-02,4.520636983215808868e-03,3.465060144662857056e-02,-2.205156907439231873e-02,7.167739327996969223e-03,-2.522417530417442322e-02,1.085279276594519615e-03,-9.555353899486362934e-04,-1.436159014701843262e-03,-2.652977406978607178e-02,2.948042936623096466e-02,1.433547865599393845e-02,-4.953116877004504204e-04,-9.563514031469821930e-03,-1.840078766690567136e-04,3.877629339694976807e-02,-9.465593844652175903e-03,-2.463665604591369629e-02,-1.786059699952602386e-02,-7.983738556504249573e-03,-2.246936038136482239e-02,-4.028997500427067280e-04,2.532862313091754913e-02,-6.413755938410758972e-03,3.065546788275241852e-02,3.809085581451654434e-03,2.793982252478599548e-02,4.311741329729557037e-03,3.995133563876152039e-02,4.451277200132608414e-04,-1.507151057012379169e-03,-1.342155877500772476e-02,1.475326996296644211e-02,-1.524939760565757751e-02,-8.747514337301254272e-03,-2.914097346365451813e-02,9.335033595561981201e-03,-1.374795939773321152e-02,-1.404824666678905487e-02,1.902258023619651794e-02,-1.184831187129020691e-02,-6.332155782729387283e-03,-2.628171071410179138e-02,-1.797810010612010956e-02,2.331800013780593872e-02,-3.521853592246770859e-03,-1.226610410958528519e-02,1.349989511072635651e-02,-3.544701728969812393e-03,1.039379349094815552e-04,1.170469634234905243e-02,1.173080876469612122e-02,-2.471499145030975342e-02,-4.027773160487413406e-03,1.199192833155393600e-02,-1.752114109694957733e-02,1.413963828235864639e-02,-4.412925336509943008e-03,-1.171122398227453232e-02,-2.338328026235103607e-02,-2.139876969158649445e-02,-3.374973777681589127e-03,-2.236491255462169647e-02,1.421797461807727814e-02,4.734102636575698853e-02,-2.337022498250007629e-02,5.189756397157907486e-03,-1.349989511072635651e-02,-8.636537939310073853e-03,1.497522182762622833e-02,2.846206165850162506e-02,1.876145973801612854e-02,-1.650277338922023773e-02,-2.414052747189998627e-02,-1.147621683776378632e-02,-3.939645364880561829e-03,1.915966742672026157e-03,4.091747850179672241e-02,1.488383044488728046e-03,-7.357051130384206772e-03,-2.550814300775527954e-03,1.603275723755359650e-02,3.835197538137435913e-03,7.703035138547420502e-03,-8.989050053060054779e-03,-6.563899572938680649e-03,3.115159645676612854e-02,3.115159645676612854e-02,-8.682234212756156921e-03,4.363312199711799622e-02,-1.141583197750151157e-03,4.785020835697650909e-03,4.183139652013778687e-02,4.566332791000604630e-03,1.987121812999248505e-02,-2.566807903349399567e-02,-2.924542175605893135e-03,-2.950653992593288422e-02,2.522417530417442322e-02,1.527550979517400265e-03,-6.009019911289215088e-03,-4.334589093923568726e-02,-8.610426448285579681e-03,-5.548796150833368301e-03,5.006972700357437134e-03,2.427108772099018097e-02,1.008575316518545151e-02,2.221558534074574709e-04,2.226046472787857056e-02,5.238716490566730499e-03,3.224829956889152527e-02,-1.399439061060547829e-03,-6.919675506651401520e-03,1.340850349515676498e-02,-2.976766042411327362e-02,-2.598142251372337341e-03,1.622859761118888855e-02,-2.042038686340674758e-04,2.412747219204902649e-02,5.512076313607394695e-04,-1.540607027709484100e-02,1.266431156545877457e-02,-1.322571933269500732e-02,2.995044365525245667e-02,-9.653273737058043480e-04,-3.237885981798171997e-02,1.423103082925081253e-02,-1.848728395998477936e-02,-7.108987309038639069e-03,-2.666033431887626648e-02,-1.540606957860291004e-03,1.823922060430049896e-02,1.244235970079898834e-02,-8.695290423929691315e-03,2.885374054312705994e-02,-4.190157342236489058e-04,1.171122398227453232e-02,1.692056469619274139e-02,-2.001483552157878876e-02,5.973116029053926468e-03,-2.069374732673168182e-02,-1.333016715943813324e-02,-1.864395663142204285e-02,-8.984153973869979382e-04,4.641404841095209122e-03,-2.611198276281356812e-02,-9.491705335676670074e-03,1.300376746803522110e-02,2.921930886805057526e-02,2.864484488964080811e-02,1.206373609602451324e-02,-2.630782313644886017e-02,1.386546250432729721e-02,-7.164475391618907452e-04,1.746891625225543976e-02,-2.949021989479660988e-03,-2.229310572147369385e-03,-4.031037446111440659e-03,9.596154093742370605e-03,-2.036734670400619507e-02,-2.731313370168209076e-02,-2.715646289288997650e-02,1.515800599008798599e-02,-1.141093671321868896e-02,2.342244796454906464e-02,-9.743033442646265030e-04,3.071421990171074867e-03,5.509628448635339737e-03,1.493605412542819977e-02,1.353906281292438507e-02,-2.069374732673168182e-02,-4.217085242271423340e-02,8.035962469875812531e-03,1.899646781384944916e-02,-1.205720845609903336e-02,-1.981899514794349670e-02,-2.497611194849014282e-02,-1.284383120946586132e-03,-1.833061128854751587e-02,1.209637615829706192e-02,1.493605412542819977e-02,3.600189695134758949e-03,1.179119222797453403e-03,-1.352600753307342529e-02,1.863538782345131040e-04,-7.585531100630760193e-03,5.520073324441909790e-02,-1.248152740299701691e-02,2.885374054312705994e-02,5.065724719315767288e-03,-1.352111110463738441e-03,-8.584314025938510895e-03,-1.139788050204515457e-02,8.708346635103225708e-03,4.052579775452613831e-02,-4.194237291812896729e-03,-3.528381697833538055e-03,-2.434942312538623810e-02,-3.570813685655593872e-03,-1.236402429640293121e-02,-3.164772316813468933e-02,4.954748786985874176e-03,1.558885350823402405e-02,-2.333105728030204773e-02,-1.775614800862967968e-03,-1.189400814473628998e-02,-9.217529557645320892e-03,2.077208273112773895e-02,1.551051810383796692e-02,1.694667711853981018e-02,4.262781236320734024e-03,-4.616598412394523621e-02,-1.146968826651573181e-02,8.558202534914016724e-03,9.374202042818069458e-02,3.534909570589661598e-03,2.922910032793879509e-03,1.611109264194965363e-02,1.058840937912464142e-02,1.107148081064224243e-02,1.780510880053043365e-03,-3.629565611481666565e-02,4.259517416357994080e-03,1.366799115203320980e-03,-5.281148478388786316e-03,-1.160677615553140640e-02,2.963710017502307892e-02,-2.090264298021793365e-02,1.775614917278289795e-02,9.393786080181598663e-03,-3.791460022330284119e-02,-7.905403152108192444e-03,6.678139790892601013e-03,6.465979851782321930e-03,-6.939259357750415802e-03,1.147621683776378632e-02,-3.108958015218377113e-03,1.234443951398134232e-02,-7.957627065479755402e-03,-1.253375131636857986e-02,9.335033595561981201e-03,4.196195676922798157e-02,5.790332332253456116e-03,-3.629565611481666565e-02,-1.852645166218280792e-02,6.697723641991615295e-03,-1.115634478628635406e-02,1.347378361970186234e-02,-7.846650667488574982e-03,2.575947158038616180e-02,1.741669327020645142e-02,2.746980637311935425e-02,2.809649333357810974e-02,-2.444081567227840424e-02,1.300376746803522110e-02,3.099492378532886505e-02,-4.483917145989835262e-04,-6.172219756990671158e-03,1.998872309923171997e-02,1.655499637126922607e-02,8.153466507792472839e-03,-1.001394540071487427e-02,-3.062935546040534973e-02,-1.196581590920686722e-02,4.909052699804306030e-02,-3.169341944158077240e-03,-2.297854423522949219e-02,-4.252989310771226883e-03,1.750808395445346832e-02,-7.747914642095565796e-04,-1.376101467758417130e-02,2.252158522605895996e-02,-3.955965396016836166e-03,2.321355231106281281e-02,-1.890507526695728302e-02,-1.265778392553329468e-02,-8.107770234346389771e-03,-2.835761383175849915e-02,9.119610302150249481e-03,-2.169905789196491241e-02,-1.957093179225921631e-02,1.268389541655778885e-02,-3.778403997421264648e-02,-1.568350940942764282e-03,-3.512061759829521179e-02,-7.200379390269517899e-03,-1.406130287796258926e-02,-2.320702420547604561e-03,7.931514643132686615e-03,3.472893685102462769e-02,1.817394047975540161e-02,3.565917722880840302e-04,7.233019452542066574e-03,1.852645166218280792e-02,1.381323859095573425e-02,-1.793893240392208099e-02,7.069819141179323196e-03,-2.741758152842521667e-02,-2.175128087401390076e-02,2.194712124764919281e-02,-6.413755938410758972e-03,-5.529212299734354019e-03,-3.183050826191902161e-02,-5.633660126477479935e-03,7.768314797431230545e-03,-6.984955631196498871e-03,-2.067742636427283287e-03,7.180795073509216309e-03,1.968843489885330200e-02,5.238716490566730499e-03,4.414557188283652067e-04,5.153852514922618866e-03,-1.391768641769886017e-02,-1.128690503537654877e-02,1.705112494528293610e-02,-1.540607027709484100e-02,-2.364440076053142548e-02,-1.280792802572250366e-02,2.919319644570350647e-02,-2.155870664864778519e-03,-2.021067403256893158e-02,4.311741329729557037e-03,-8.447226136922836304e-03,-5.372540559619665146e-03,2.647755108773708344e-02,-1.793893240392208099e-02,4.282365087419748306e-03,-1.047090534120798111e-02,-2.427108772099018097e-02,1.894750748760998249e-03,-1.407435908913612366e-02,9.217529557645320892e-03,2.984599582850933075e-02,-5.496572237461805344e-03,7.637755014002323151e-03,-2.523723058402538300e-02,3.995133563876152039e-02,-4.422717029228806496e-04,-2.232574485242366791e-02,1.387851871550083160e-02,-1.955787464976310730e-02,-4.683836828917264938e-03,-1.000088918954133987e-02,-4.798077046871185303e-03,2.070680260658264160e-02,1.116940099745988846e-02,2.632414223626255989e-03,5.718524102121591568e-03,-2.569419145584106445e-02,1.340850349515676498e-02,-5.917628295719623566e-03,1.239013578742742538e-02,-2.958487719297409058e-02,-9.065754129551351070e-04,-2.768278063740581274e-04,-7.539834827184677124e-03,-9.100026451051235199e-03,-4.914275184273719788e-02,-4.190973471850156784e-03,-3.491172194480895996e-02,-1.766475662589073181e-02,2.143793739378452301e-02,8.897658437490463257e-03,1.955134794116020203e-03,-3.561674430966377258e-02,4.791548941284418106e-03,-2.791371010243892670e-02,-8.270970545709133148e-03,1.263820007443428040e-02,-1.372184697538614273e-02,-2.155544236302375793e-02,1.223999168723821640e-02,2.539390325546264648e-02,1.756030879914760590e-02,2.471499145030975342e-02,1.603439013706520200e-04,1.569330133497714996e-02,9.857273660600185394e-03,6.642235442996025085e-03,-8.114298805594444275e-03,-2.864484488964080811e-02,-7.592059206217527390e-03,-9.165305644273757935e-03,8.173050358891487122e-03,1.387851871550083160e-02,-8.838905952870845795e-03,1.664638891816139221e-02,1.008575316518545151e-02,1.921841874718666077e-02,2.643838338553905487e-02,-1.112370472401380539e-02,-3.167383372783660889e-02,-7.304827217012643814e-03,-1.309515908360481262e-02,-2.267825789749622345e-02,-9.648378007113933563e-03,1.143704820424318314e-02,7.011067587882280350e-03,-1.984510757029056549e-02,6.572875427082180977e-04,3.835850208997726440e-02,-2.197323366999626160e-02,2.679089456796646118e-02,-1.002700161188840866e-02,9.968249127268791199e-03,-3.898518905043601990e-02,4.167472571134567261e-02,6.782587617635726929e-03,-3.104714676737785339e-02,1.432242244482040405e-02,3.332541789859533310e-03,1.506661437451839447e-02,1.213554386049509048e-02,1.682917214930057526e-02,-3.420669818297028542e-03,9.981305338442325592e-03,-1.777246827259659767e-03,-1.612414978444576263e-02,-1.059493701905012131e-02,-3.352125873789191246e-03,-1.399602275341749191e-02,-5.401916569098830223e-04,-4.771965090185403824e-03,-1.746891625225543976e-02,-1.577163673937320709e-02,-3.193495422601699829e-02,-1.587608642876148224e-02,-3.363223373889923096e-02,1.510578207671642303e-02,2.461054362356662750e-02,-2.406219206750392914e-02,2.031512185931205750e-02,-1.968843489885330200e-02,-2.353995293378829956e-02,6.185275968164205551e-03,-3.619773546233773232e-03,4.958665370941162109e-02,-2.476721629500389099e-02,6.306043826043605804e-03,2.160766534507274628e-02,-4.876412916928529739e-03,-4.752380773425102234e-03,6.286459974944591522e-03,-7.219963241368532181e-03,4.598972853273153305e-03,7.531674928031861782e-04,4.081302881240844727e-02,-1.514494977891445160e-02,6.374587770551443100e-03,1.060146465897560120e-02,1.929022721014916897e-03,-1.754725165665149689e-02,-3.713123872876167297e-02,1.286667957901954651e-02,-1.771697960793972015e-02,-8.453754708170890808e-03,-1.274591195397078991e-03,-8.120826445519924164e-03,-6.355003919452428818e-03,2.971870126202702522e-03,-2.032817900180816650e-02,1.615026220679283142e-02,-3.143882751464843750e-02,-8.179578930139541626e-03,3.924957418348640203e-04,4.543485119938850403e-03,-4.984124563634395599e-03,1.532446942292153835e-03,-2.662116661667823792e-02,-1.912702806293964386e-02,-2.090590540319681168e-03,-1.084952894598245621e-02,-1.618942990899085999e-02,-2.214622450992465019e-03,-2.968932501971721649e-02,1.962315477430820465e-02,-9.086970239877700806e-03,3.681789617985486984e-03,1.220082398504018784e-02,-1.400907896459102631e-02,-6.188539788126945496e-03,5.450876429677009583e-03,-2.568113431334495544e-02,2.929764427244663239e-02,1.069775316864252090e-03,1.116287242621183395e-02,-6.514939945191144943e-03,7.670395076274871826e-03,-1.183199230581521988e-03,-1.423103082925081253e-02,1.676389388740062714e-02,1.788670755922794342e-02,-2.141182683408260345e-02,-1.752114109694957733e-02,3.485949710011482239e-02,-1.511883828788995743e-02,-8.884602226316928864e-03,-2.736862283200025558e-03,-1.647666096687316895e-02,-5.095100495964288712e-03,1.566718891263008118e-02,-1.487077400088310242e-02,1.186136808246374130e-02,-1.853950694203376770e-02,-2.997655607759952545e-02,8.819322101771831512e-03,-1.847422868013381958e-02,1.566718891263008118e-02,-1.919230795465409756e-03,-3.055102005600929260e-02,3.261957899667322636e-04,4.538262635469436646e-02,-1.494911033660173416e-02,2.304382435977458954e-02,-2.932375669479370117e-02,6.769531406462192535e-03,-2.151627466082572937e-02,1.697278954088687897e-02,-6.397435790859162807e-04,7.265659049153327942e-03,1.004658546298742294e-02,-4.760214313864707947e-02,-5.904572084546089172e-03,1.702501252293586731e-02,1.040399307385087013e-03,2.997655607759952545e-02,7.063291501253843307e-03,-1.353906281292438507e-02,1.908786036074161530e-02,2.864484488964080811e-02,1.721758861094713211e-03,-9.302393533289432526e-03,-1.145010441541671753e-02,2.887985296547412872e-02,-7.174267433583736420e-03,-5.663036135956645012e-04,1.961009949445724487e-02,-1.314085535705089569e-02,3.616509726271033287e-03,-2.087653055787086487e-02,-3.842847581836394966e-05,1.733835600316524506e-02,-2.327230526134371758e-03,-1.017061714082956314e-02,-1.998872309923171997e-02,-7.716090884059667587e-03,-9.465593844652175903e-03,-1.629387773573398590e-02,-1.476632617413997650e-02,-2.976766042411327362e-02,-8.584314025938510895e-03,1.558885350823402405e-02,1.335791079327464104e-03,-3.794071078300476074e-02,1.139788050204515457e-02,9.361146017909049988e-03,1.921841874718666077e-02,1.166879199445247650e-03,5.963324103504419327e-03,-6.080828141421079636e-03,-6.867451593279838562e-03,-1.998872309923171997e-02,-3.230052441358566284e-02,-2.129432186484336853e-02,-3.726179897785186768e-02,2.243019267916679382e-02,-1.369573455303907394e-02,-2.671255916357040405e-02,-1.647666096687316895e-02,-7.546362932771444321e-03,-2.467582374811172485e-02,-1.880062744021415710e-02,-1.845790771767497063e-03,6.287276046350598335e-04,1.369859091937541962e-04,1.240971963852643967e-02,-7.980474620126187801e-04,2.861873246729373932e-02,-4.126917337998747826e-04,-1.005964167416095734e-02,-2.934986911714076996e-02,-1.694667711853981018e-02,-6.351739633828401566e-03,-1.876145973801612854e-02,4.236669279634952545e-03,-1.346072740852832794e-02,-1.286667957901954651e-02,-1.089522521942853928e-02,3.013322874903678894e-02,-2.133348956704139709e-02,2.877214225009083748e-03,2.780926227569580078e-02,-5.215868353843688965e-03,-1.531467773020267487e-02,-2.783537283539772034e-02,-4.220349248498678207e-03,-3.423933638259768486e-03,-5.170172546058893204e-03,1.010533701628446579e-02,-8.838905952870845795e-03,-3.678525565192103386e-03,1.222040783613920212e-02,1.424408704042434692e-02,-2.658199891448020935e-02,4.853564780205488205e-03,2.942820452153682709e-02,1.994098711293190718e-04,-1.233791187405586243e-02,-2.198628894984722137e-02,1.017714571207761765e-02,1.642443798482418060e-02,-5.166908726096153259e-03,4.078691825270652771e-02,2.014539390802383423e-02,-2.009317092597484589e-02,1.372184697538614273e-02,-1.015103328973054886e-02,-3.026378899812698364e-02,-7.944570854306221008e-03,6.609595846384763718e-03,5.805836408399045467e-04,-1.072223298251628876e-03,2.138571441173553467e-02,-3.052490763366222382e-02,7.285243365913629532e-03,5.516156554222106934e-03,6.132235866971313953e-04,-2.620337530970573425e-02,-2.352689579129219055e-02,2.273048087954521179e-02,-3.936381544917821884e-03,-3.728791326284408569e-02,3.115159645676612854e-02,1.284056715667247772e-02,-2.121598646044731140e-02,8.935194346122443676e-04,5.083676660433411598e-04,2.873950172215700150e-03,-7.605114951729774475e-03,1.144031295552849770e-03,-1.308863144367933273e-02,2.028574701398611069e-03,-2.297854516655206680e-03,-6.128156092017889023e-04,-2.081125043332576752e-02,-2.441470324993133545e-02,-1.234443951398134232e-02,-1.533263013698160648e-03,-3.162161260843276978e-02,4.487996920943260193e-03,2.015845030546188354e-01,-1.138482429087162018e-02,2.002462744712829590e-03,2.914097346365451813e-02,1.400907896459102631e-02,-9.831161238253116608e-03,3.209162876009941101e-02,1.399439061060547829e-04,8.806265890598297119e-03,6.387643981724977493e-03,-2.501527965068817139e-02,-8.643066510558128357e-03,-1.782142743468284607e-02,4.811132792383432388e-03,9.100026451051235199e-03,-3.488560765981674194e-02,-1.410047058016061783e-02,-2.612503804266452789e-02,-1.455743098631501198e-03,-1.980593986809253693e-02,1.631998893572017550e-04,-9.530873969197273254e-03,1.437464635819196701e-02,-1.372184697538614273e-02,6.110203918069601059e-03,1.958398707211017609e-02,-1.654194109141826630e-02,-6.044924259185791016e-03,6.815227679908275604e-03,-5.117948632687330246e-03,-1.336933486163616180e-02,3.311325795948505402e-03,1.194623205810785294e-02,1.304946374148130417e-02,-1.603275723755359650e-02,1.615026220679283142e-02,1.968843489885330200e-02,1.795198768377304077e-02,6.250556092709302902e-03,-2.731966320425271988e-03,1.514494977891445160e-02,-2.465950325131416321e-03,1.720779761672019958e-02,-3.094269894063472748e-03,3.805821528658270836e-03,3.444170579314231873e-02,-6.410491652786731720e-03,-6.302780006080865860e-03,-3.231357841286808252e-04,1.820005290210247040e-02,-1.846117153763771057e-02,2.887985296547412872e-02,3.975549247115850449e-03,1.671166904270648956e-02,2.113438677042722702e-03,3.838461590930819511e-03,1.374143059365451336e-03,1.749502867460250854e-02,-6.335420068353414536e-03,4.579389002174139023e-03,-1.368267927318811417e-02,1.391768641769886017e-02,-1.421797461807727814e-02,2.662116661667823792e-02,3.374973777681589127e-03,1.485771778970956802e-02,3.138334024697542191e-03,-9.824633598327636719e-03,-1.818699575960636139e-02,-1.445298269391059875e-02,-3.023767657577991486e-02,-1.458354201167821884e-02,-2.872318029403686523e-03,1.820005290210247040e-02,-1.861784420907497406e-02,-5.760955973528325558e-04,-8.310138247907161713e-03,-1.086258515715599060e-02,-3.655677719507366419e-04,2.543307095766067505e-02,-1.484303036704659462e-03,-2.547223865985870361e-02,-2.335390541702508926e-03,2.292632125318050385e-02,5.349692422896623611e-03,-2.376190386712551117e-02,1.022284105420112610e-02,7.761786691844463348e-03,-1.468799076974391937e-02,1.782142790034413338e-03,4.696893040090799332e-03,-8.969466201961040497e-03,-1.027506496757268906e-02,-1.796504482626914978e-02,2.904958091676235199e-03,1.183199230581521988e-03,5.108156474307179451e-04,3.875018283724784851e-02,-1.947953924536705017e-02,-1.938814669847488403e-02,-1.426367089152336121e-03,-9.459066204726696014e-03,2.479332685470581055e-02,5.816444288939237595e-03,2.756038156803697348e-04,1.679326873272657394e-03,1.946648396551609039e-02,7.983738556504249573e-03,-3.933117259293794632e-03,-3.248330578207969666e-02,-1.101272832602262497e-02,-9.751193574629724026e-04,1.805643551051616669e-02,-7.474555168300867081e-03,1.963621191680431366e-02,-5.849084351211786270e-03,-2.288062591105699539e-03,-1.642443798482418060e-02,-4.559805151075124741e-03,1.757336407899856567e-02,-1.779531687498092651e-02,-2.458443120121955872e-02,1.186789665371179581e-02,5.202812608331441879e-03,-1.882673986256122589e-02,-4.235363751649856567e-02,-2.544612810015678406e-02,3.096881136298179626e-02,5.324396770447492599e-04,-3.253553062677383423e-02,7.239547092467546463e-03,2.932702191174030304e-03,2.147710649296641350e-03,-7.990267127752304077e-03,-8.395002223551273346e-03,1.411352679133415222e-02,4.220349248498678207e-03,-8.297082968056201935e-03,4.266045056283473969e-03,6.206695979926735163e-05,6.113468203693628311e-03,1.963294809684157372e-03,-6.168955937027931213e-03,2.461054362356662750e-02,5.676092114299535751e-03,-1.741669327020645142e-02,1.928369887173175812e-02,6.952315568923950195e-03,-1.150885690003633499e-02,-1.019020099192857742e-02,-4.397257789969444275e-02,1.292543113231658936e-02,-5.522684194147586823e-03,-1.006616931408643723e-02,3.540784865617752075e-02,-1.415269449353218079e-02,-3.655677661299705505e-02,-2.348772808909416199e-02,-4.879676853306591511e-04,7.348075159825384617e-04,-4.321533069014549255e-02,2.984599582850933075e-02,2.464971132576465607e-02,-1.302987989038228989e-02,-2.126494655385613441e-03,-5.548796150833368301e-03,-1.648188382387161255e-01,-6.540235481224954128e-04,1.420491840690374374e-02,-1.531467773020267487e-02,1.778225973248481750e-02,-7.076347246766090393e-03,2.796593308448791504e-02,-2.778314985334873199e-02,1.798462821170687675e-03,7.598586846143007278e-03,1.928369887173175812e-02,-1.899646781384944916e-02,-4.177917167544364929e-02,-2.110174624249339104e-03,-2.069374732673168182e-02,-1.718168519437313080e-02,-7.631226908415555954e-03,9.811577387154102325e-03,2.468887902796268463e-02,1.914008334279060364e-02,3.606064990162849426e-02,-2.317438367754220963e-03,1.408741436898708344e-02,-8.897658437490463257e-03,3.388029756024479866e-03,3.478116169571876526e-02,-4.791548941284418106e-03,1.166879199445247650e-03,4.837244749069213867e-03,-4.277142882347106934e-02,-1.007269695401191711e-02,-6.159164011478424072e-03,4.187709186226129532e-03,-1.015756092965602875e-02,1.001394540071487427e-02,1.798258890630677342e-04,-2.419275231659412384e-02,-5.250956746749579906e-04,6.906619295477867126e-03,3.190884366631507874e-02,2.169905789196491241e-02,8.388474583625793457e-03,1.742974855005741119e-02,1.299071125686168671e-02,1.289931964129209518e-02,3.472893685102462769e-02,1.890507526695728302e-02,3.946173470467329025e-03,1.282098330557346344e-02,-3.608676046133041382e-02,5.450876429677009583e-03,-8.401530794799327850e-03,1.227263174951076508e-02,-2.427108772099018097e-02,1.024895347654819489e-02,1.481855008751153946e-02,1.323551172390580177e-03,-7.135099265724420547e-03,-9.446009993553161621e-03,-6.397435907274484634e-03,-1.098661683499813080e-02,-2.218212932348251343e-02,2.350078523159027100e-02,-2.681374317035079002e-03,2.387940883636474609e-02,-4.971068818122148514e-03,-2.950653992593288422e-02,-3.691581543534994125e-03,-4.222307726740837097e-02,5.290940403938293457e-03,-2.492388710379600525e-02,-2.526334300637245178e-02,-4.961276892572641373e-03,-1.919230818748474121e-02,7.814010605216026306e-03,1.812171563506126404e-02,-8.166522718966007233e-03,1.053618546575307846e-02,9.439481422305107117e-03,9.387257508933544159e-03,-2.620337530970573425e-02,4.637487977743148804e-02,-2.997655607759952545e-02,-6.273403763771057129e-03,1.544523797929286957e-02,-5.095100495964288712e-03,1.904542790725827217e-03,-1.047090534120798111e-02,6.593275815248489380e-03,1.073202490806579590e-02,1.783448457717895508e-02,-1.707723736763000488e-02,1.097356062382459641e-02,-4.112637415528297424e-02,3.250942006707191467e-02,2.432331256568431854e-02,1.867006719112396240e-02,4.928636830300092697e-03,-1.060146465897560120e-02,3.698109649121761322e-03,-4.316637059673666954e-04,-2.468887902796268463e-02,-2.663422189652919769e-02,2.796593308448791504e-02,3.044657222926616669e-02,-1.723390887491405010e-03,1.316696777939796448e-02,5.593676469288766384e-04,3.684400767087936401e-02,-1.280792802572250366e-02,2.666033431887626648e-02,-5.542268510907888412e-03,6.368059664964675903e-03,2.224740944802761078e-02,-1.040399307385087013e-03,2.840983681380748749e-02,5.111420527100563049e-03,-5.689148325473070145e-03,2.672561444342136383e-02,-7.383163087069988251e-03,5.681967362761497498e-02,3.104062052443623543e-03,9.583097882568836212e-03,2.038366626948118210e-03,-1.679000444710254669e-02,-1.839589141309261322e-02,-1.196973323822021484e-01,-2.162072248756885529e-02,-5.754428450018167496e-03,2.408830448985099792e-02,5.920892115682363510e-03,3.342333808541297913e-02,4.775228910148143768e-03,-5.245244596153497696e-03,-5.052668508142232895e-03,2.067742636427283287e-03,-1.113023236393928528e-02,-3.034212440252304077e-02,1.470104604959487915e-02,1.020978484302759171e-02,2.844574162736535072e-03,-2.105931378901004791e-02,-7.324411068111658096e-03,-1.504050195217132568e-02,-7.409275043755769730e-03,4.313699528574943542e-02,3.266609087586402893e-02,1.377407088875770569e-02,1.013144943863153458e-02,-2.480638399720191956e-02,-3.080398018937557936e-04,6.338683888316154480e-03,-2.859262190759181976e-02,-7.703034789301455021e-04,3.890685504302382469e-03,2.104625850915908813e-02,9.713657200336456299e-03,-1.646360568702220917e-02,-7.605114951729774475e-03,9.082073811441659927e-04,-2.633393555879592896e-02,-1.404824666678905487e-02,-5.755081027746200562e-02,7.441915106028318405e-03,1.087564043700695038e-02,-2.377496100962162018e-02,1.318655093200504780e-03,6.244027987122535706e-03,-7.200379390269517899e-03,-1.993649825453758240e-02,1.369573455303907394e-02,2.865790156647562981e-03,-1.220082398504018784e-02,2.175128087401390076e-02,4.781103879213333130e-02,-2.287409640848636627e-02,-2.105931378901004791e-02,-2.262358466396108270e-04,-3.201328963041305542e-02,-4.729533102363348007e-03,1.561496593058109283e-02,-3.603453561663627625e-02,-3.596925642341375351e-03,1.886590756475925446e-02,-2.246936038136482239e-02,1.873534731566905975e-02,-1.575858145952224731e-02,5.871932022273540497e-03,-1.627918914891779423e-03,-1.256639137864112854e-02,7.082875352352857590e-03,-9.530873503535985947e-04,3.095902036875486374e-03,-4.416189156472682953e-03,3.350167348980903625e-02,-1.703806966543197632e-02,1.287320721894502640e-02,-1.089522521942853928e-02,-1.213391195051372051e-03,1.673778146505355835e-02,-1.019672956317663193e-02,8.688761852681636810e-03,-1.656805351376533508e-02,-2.009317092597484589e-02,7.924987003207206726e-03,-2.241713739931583405e-02,8.102874853648245335e-04,-3.099492378532886505e-02,-1.225304789841175079e-02,-2.104625850915908813e-02,1.558885350823402405e-02,9.968249127268791199e-03,5.202812608331441879e-03,-1.410047058016061783e-02,-1.702501252293586731e-02,-8.740986697375774384e-03,-8.701818063855171204e-03,1.946648396551609039e-02,2.646449394524097443e-02,-6.094536930322647095e-02,-1.574552617967128754e-02,-1.245541591197252274e-02,4.210557381156831980e-04,-1.197887212038040161e-02,9.374202229082584381e-03,3.246045904234051704e-03,-2.129758708178997040e-03,5.000444594770669937e-03,-5.739413946866989136e-02,3.577341511845588684e-02,-1.523634232580661774e-02,-3.062935546040534973e-02,2.463665604591369629e-02,-2.504139207303524017e-02,-1.283403951674699783e-02,-1.861784420907497406e-02,1.290095155127346516e-03,-9.449273929931223392e-04,7.637755014002323151e-03,2.953265234827995300e-02,1.764190848916769028e-03,9.707129560410976410e-03,1.221551210619509220e-03,9.733241982758045197e-03,3.151390003040432930e-03,2.047179453074932098e-02,6.932731252163648605e-03,1.219429634511470795e-02,8.081658743321895599e-03,-1.601970195770263672e-02,6.364795845001935959e-03,7.872763089835643768e-03,-8.362362161278724670e-03,4.866620991379022598e-03,8.721401914954185486e-03,2.005400322377681732e-02,-3.750333562493324280e-03,-8.179578930139541626e-03,1.228568796068429947e-02,-3.478116169571876526e-02,8.068602532148361206e-03,1.301682367920875549e-02,1.903318770928308368e-04,-2.275659330189228058e-02,5.046140868216753006e-03,1.509272586554288864e-02,1.803032495081424713e-02,4.386813193559646606e-02,-5.042876582592725754e-04,-1.275570318102836609e-02,1.500133424997329712e-02,-3.062935546040534973e-02,-2.663422143086791039e-03,-5.297468509525060654e-03,-1.189400814473628998e-02,1.762558892369270325e-02,2.741758152842521667e-02,2.250852994620800018e-02,2.074597030878067017e-02,3.420669818297028542e-03,-8.395002223551273346e-03,7.579869816254358739e-06,-1.066919285221956670e-04,-7.167739327996969223e-03,3.136049211025238037e-02,1.825227588415145874e-02,-1.120856869965791702e-02,-2.299160137772560120e-02,7.918458431959152222e-03,8.747514337301254272e-03,3.365181852132081985e-03,-1.010207342915236950e-03,1.176997646689414978e-02,-1.070591341704130173e-02,-3.844989463686943054e-03,-5.555324256420135498e-03,-1.464882213622331619e-02,-1.695973239839076996e-02,-6.776059512048959732e-03,7.872763089835643768e-03,-6.227707955986261368e-03,5.966587923467159271e-03,1.356517523527145386e-02,8.133882656693458557e-03,-1.111717708408832550e-02,1.561496593058109283e-02,-2.505118260160088539e-03,3.000266849994659424e-02,1.814782805740833282e-02,5.864996273885481060e-05,-1.031423360109329224e-02,1.087564043700695038e-02,1.934897899627685547e-02,1.398296654224395752e-02,1.137503306381404400e-03,-8.244859054684638977e-03,1.908786036074161530e-02,2.364766551181674004e-03,6.067771930247545242e-03,1.113023236393928528e-02,-1.381323859095573425e-02,8.747514337301254272e-03,-7.160395034588873386e-04,8.355834521353244781e-03,-9.824633598327636719e-03,-1.936203613877296448e-02,1.086258515715599060e-02,1.831755600869655609e-02,-1.357823144644498825e-02,3.433725796639919281e-03,-3.081213915720582008e-03,-2.385329641401767731e-02,-1.560190971940755844e-02,-1.929675601422786713e-02,-2.526334254071116447e-03,-1.566718891263008118e-02,6.731995381414890289e-04,2.642532624304294586e-02,-1.847422868013381958e-02,-1.591525413095951080e-02,9.881753940135240555e-04,2.591614378616213799e-03,-5.614076275378465652e-03,-1.162799191661179066e-03,1.527551002800464630e-02,-8.610426448285579681e-03,-1.987121812999248505e-02,4.932553693652153015e-02,1.861784420907497406e-02,1.805643551051616669e-02,4.232752323150634766e-02,1.818046788685023785e-03,1.184178423136472702e-02,1.484466250985860825e-02,8.510874467901885509e-04,-1.021631341427564621e-02,1.860478706657886505e-02,6.821755319833755493e-03,5.454140249639749527e-03,-4.390077083371579647e-04,-4.963887855410575867e-02,-1.500133424997329712e-02,7.494139019399881363e-03,-7.674475200474262238e-04,-1.294501591473817825e-02,2.496305480599403381e-02,-6.570427678525447845e-03,3.329277783632278442e-02,-1.686834171414375305e-02,-2.893207781016826630e-02,-3.118749940767884254e-03,1.270347926765680313e-02,2.574641443789005280e-02,3.317853901535272598e-03,1.267084013670682907e-02,-1.284709572792053223e-02,-8.721401914954185486e-03,5.310524720698595047e-03,-1.216818392276763916e-02,1.985816285014152527e-02,4.556540865451097488e-03,-3.519895300269126892e-02,8.049018681049346924e-03,2.549182390794157982e-03,-1.427019853144884109e-02,3.296637733001261950e-04,9.237114340066909790e-03,3.861962258815765381e-02,2.726091071963310242e-02,2.113438677042722702e-03,7.435387000441551208e-03,-2.030206657946109772e-02,6.260348018258810043e-03,3.136049211025238037e-02,-2.015845105051994324e-02,-3.916797228157520294e-03,-3.250942006707191467e-02,-4.948220681399106979e-03,-5.010236636735498905e-04,-1.535384636372327805e-02,-3.013322874903678894e-02,-1.837630756199359894e-03,-2.720868587493896484e-02,-1.727307587862014771e-02,-2.017150633037090302e-02,-1.915966742672026157e-03,-6.621835636906325817e-04,-1.212901622056961060e-02,3.006142098456621170e-03,-2.223435416817665100e-02,-1.770392432808876038e-02,3.720957413315773010e-02,2.399038523435592651e-03,7.069819141179323196e-03,9.863801300525665283e-03,-2.783537283539772034e-02
-1.328266039490699768e-02,-1.176390610635280609e-02,9.981301613152027130e-03,-7.748218253254890442e-03,-1.090156286954879761e-02,1.758150570094585419e-02,2.414882881566882133e-03,6.197287701070308685e-03,-1.399055402725934982e-02,-2.498221211135387421e-02,3.042655810713768005e-02,1.819930411875247955e-02,2.177738398313522339e-02,-1.899729296565055847e-02,-1.021619304083287716e-03,1.254902500659227371e-02,2.471192553639411926e-02,1.599839702248573303e-02,9.633789770305156708e-03,-1.046395581215620041e-02,-6.194069981575012207e-03,1.941881142556667328e-03,1.612710580229759216e-02,-1.342423912137746811e-02,-5.753245204687118530e-03,-1.214681193232536316e-03,8.777881972491741180e-03,1.646657241508364677e-03,4.414682742208242416e-03,-8.674915879964828491e-03,-1.128768641501665115e-02,-1.546104205772280693e-03,4.142787074670195580e-04,-1.901016384363174438e-02,-2.009131014347076416e-02,-2.045169286429882050e-02,1.128125097602605820e-02,-3.765994310379028320e-02,2.571584656834602356e-02,-4.935949575155973434e-03,4.582002758979797363e-03,2.369835041463375092e-03,-1.175103522837162018e-02,1.750428043305873871e-02,-6.467574276030063629e-03,-5.170841701328754425e-03,-2.301298081874847412e-02,-1.029019989073276520e-02,-8.127906359732151031e-03,2.009131014347076416e-02,8.880848065018653870e-03,-2.820312744006514549e-03,-1.153223216533660889e-02,1.397768314927816391e-02,-1.719538122415542603e-02,6.361389998346567154e-03,-1.408064924180507660e-02,2.334440359845757484e-03,1.095948182046413422e-02,-8.977378718554973602e-03,4.485472105443477631e-03,1.880423165857791901e-02,-4.766216152347624302e-04,-4.048267146572470665e-04,-1.276782806962728500e-02,-1.916461251676082611e-02,-1.671916246414184570e-02,1.408064924180507660e-02,-1.377175003290176392e-02,-5.778986960649490356e-03,6.625884771347045898e-02,2.085068728774785995e-03,4.890901967883110046e-03,7.149726152420043945e-03,-8.359581232070922852e-03,-1.849533244967460632e-02,-2.847019769251346588e-02,6.515839602798223495e-03,-6.081450264900922775e-03,-1.099809352308511734e-02,-3.378583583980798721e-03,-3.611544892191886902e-02,-1.680925674736499786e-02,1.195696834474802017e-02,1.417074445635080338e-02,-1.606275141239166260e-02,-1.397768314927816391e-02,3.397889807820320129e-02,-1.875918358564376831e-03,7.085372228175401688e-03,1.383610442280769348e-02,5.444345995783805847e-03,-1.011644490063190460e-02,1.796762831509113312e-02,6.608348339796066284e-04,-1.863691024482250214e-02,-8.990249596536159515e-03,1.122333295643329620e-02,-3.498281911015510559e-02,-1.521327905356884003e-02,-2.467331290245056152e-02,1.579246483743190765e-02,-1.885571330785751343e-02,-9.234795346856117249e-03,-2.567723579704761505e-02,-1.382323354482650757e-02,-2.614058367908000946e-02,6.001007743179798126e-03,3.660453855991363525e-02,-1.764586009085178375e-02,-3.161388915032148361e-03,2.682273648679256439e-02,3.302646055817604065e-02,-6.394210457801818848e-02,1.433806493878364563e-02,-2.561288140714168549e-02,1.292227767407894135e-02,-3.661741036921739578e-03,1.691222377121448517e-02,1.191835571080446243e-02,6.724989973008632660e-03,2.078633382916450500e-02,7.175467908382415771e-03,-1.920322515070438385e-02,-1.957647874951362610e-02,8.571948856115341187e-03,5.344597622752189636e-03,-7.271999027580022812e-03,-8.996685035526752472e-03,-5.708197597414255142e-03,9.994171559810638428e-03,1.307029183954000473e-02,3.330961614847183228e-02,5.112923216074705124e-03,-5.000303499400615692e-03,2.167441882193088531e-02,1.047039125114679337e-02,-1.702806167304515839e-02,3.510509151965379715e-03,-2.772369049489498138e-02,2.182886749505996704e-02,2.189322188496589661e-02,-1.774882525205612183e-02,5.206236150115728378e-03,-9.421421214938163757e-03,2.458321675658226013e-02,2.731182612478733063e-02,7.954151369631290436e-03,-3.225421160459518433e-02,4.292409867048263550e-03,3.104435652494430542e-02,-2.485350333154201508e-02,2.715737558901309967e-02,-1.543208304792642593e-02,6.969535257667303085e-03,1.944776996970176697e-02,1.680925674736499786e-02,3.078694082796573639e-02,-3.407542826607823372e-03,-9.500255109742283821e-04,2.034872584044933319e-02,1.086295023560523987e-02,3.555556992068886757e-03,1.700553693808615208e-03,-6.509404163807630539e-03,4.494481533765792847e-02,1.074067782610654831e-02,-8.020114037208259106e-04,-5.566618638113141060e-04,-1.700231991708278656e-02,1.778743788599967957e-02,6.580193527042865753e-03,-2.229221537709236145e-02,4.376070201396942139e-02,-3.587733954191207886e-03,1.794188842177391052e-02,7.921974174678325653e-03,9.788239374756813049e-03,-1.727260649204254150e-02,9.395680390298366547e-03,-1.633303798735141754e-02,1.210498251020908356e-02,4.682394862174987793e-02,2.070910856127738953e-02,-1.200201548635959625e-02,-1.951212435960769653e-02,1.104314159601926804e-02,-1.942202821373939514e-02,8.372452110052108765e-03,9.775368496775627136e-03,-2.788135781884193420e-03,2.468618378043174744e-02,-7.136855740100145340e-03,-3.310207393951714039e-04,-6.561016440391540527e-01,1.363017130643129349e-02,-1.041247230023145676e-02,4.491907078772783279e-03,-1.041890773922204971e-02,1.027089357376098633e-02,2.784918062388896942e-03,-2.458321675658226013e-02,5.856211297214031219e-03,2.792962454259395599e-02,-2.234369888901710510e-02,1.216933596879243851e-02,-5.470087751746177673e-03,-1.810920797288417816e-02,-5.186930298805236816e-03,-1.660332456231117249e-02,-8.243744261562824249e-03,-1.606275141239166260e-02,5.273808259516954422e-03,1.390045788139104843e-02,-1.626868359744548798e-02,-1.326496247202157974e-03,1.006496138870716095e-02,-3.751836717128753662e-03,4.363199230283498764e-03,-1.503469655290246010e-03,1.893293857574462891e-02,5.286678671836853027e-03,2.395254932343959808e-02,1.733696088194847107e-02,-2.767220884561538696e-02,1.884284242987632751e-02,2.158432267606258392e-02,1.243318710476160049e-02,4.661801829934120178e-02,-2.849593944847583771e-02,-1.335988473147153854e-02,3.341258317232131958e-02,3.735104575753211975e-02,1.489150896668434143e-02,-2.903651259839534760e-02,-9.434292092919349670e-03,-3.896632930263876915e-03,1.444103103131055832e-02,1.224656123667955399e-02,-1.590830273926258087e-02,1.056048646569252014e-02,1.427371148020029068e-02,1.200201548635959625e-02,4.588438197970390320e-03,1.178964786231517792e-02,-1.267129741609096527e-02,1.344394695479422808e-04,-1.161589194089174271e-02,-1.283861789852380753e-02,1.755576394498348236e-02,1.463409326970577240e-02,-1.922896690666675568e-02,-6.825543241575360298e-04,-1.296732574701309204e-02,1.426084060221910477e-02,2.087642811238765717e-02,2.272982336580753326e-02,1.125551015138626099e-02,-6.432179361581802368e-03,2.702866867184638977e-02,2.324787201359868050e-03,4.275678098201751709e-02,2.736330963671207428e-02,-1.386184524744749069e-02,1.876561902463436127e-02,2.343771606683731079e-02,8.803623728454113007e-03,-1.812207885086536407e-02,-7.297740317881107330e-03,-1.373957260511815548e-03,1.575385220348834991e-02,7.851184927858412266e-04,-7.587333209812641144e-03,-7.642034324817359447e-04,4.858724772930145264e-03,-1.068919524550437927e-02,-3.603822365403175354e-02,-2.266466472065076232e-04,2.606335841119289398e-02,-2.952560223639011383e-02,-1.512318383902311325e-02,1.978241093456745148e-02,-4.794370848685503006e-03,-8.636303246021270752e-03,7.529414724558591843e-03,2.197044715285301208e-02,-6.246357224881649017e-04,-1.088225655257701874e-02,2.337336353957653046e-02,8.391758427023887634e-03,4.279538989067077637e-03,9.582306258380413055e-03,3.238292038440704346e-02,-1.786466315388679504e-02,-8.829365484416484833e-03,-2.340875798836350441e-03,1.090156286954879761e-02,-2.056752890348434448e-02,2.558713965117931366e-02,-7.580897770822048187e-03,-2.643661201000213623e-02,1.153866760432720184e-02,3.747975453734397888e-02,-7.889796979725360870e-03,-2.834148891270160675e-02,1.149522839114069939e-03,2.356642484664916992e-02,4.054300487041473389e-03,-5.434692837297916412e-03,-1.893293857574462891e-02,2.546003961469978094e-04,-3.225742839276790619e-03,1.146787777543067932e-02,-1.085007935762405396e-02,2.611484192311763763e-02,7.201209664344787598e-03,-5.733938887715339661e-03,-7.741782814264297485e-03,-8.906589820981025696e-03,2.399116009473800659e-02,-6.216593552380800247e-03,-1.152579672634601593e-02,-2.377235703170299530e-02,9.994171559810638428e-03,-2.418422326445579529e-02,-7.921974174678325653e-03,2.436441369354724884e-02,-1.162393600679934025e-03,2.868578303605318069e-03,5.859429016709327698e-03,2.236944064497947693e-02,-1.798049919307231903e-02,3.832922503352165222e-02,-9.485775604844093323e-03,-1.240744628012180328e-02,-4.070388618856668472e-03,5.225542467087507248e-03,-2.321891300380229950e-02,-1.286435872316360474e-02,-2.754350006580352783e-02,3.806537482887506485e-03,-1.121046207845211029e-02,-4.522797092795372009e-02,5.518353078514337540e-03,-2.635295270010828972e-03,-1.184756681323051453e-02,-3.227995336055755615e-02,-1.209211163222789764e-02,1.003278419375419617e-02,1.095948182046413422e-02,-1.532911602407693863e-02,1.808346621692180634e-02,4.871595650911331177e-03,-1.616571843624114990e-02,7.951737497933208942e-04,9.852592833340167999e-03,-2.774943225085735321e-02,-1.753645716235041618e-03,6.834391970187425613e-03,-1.047039125114679337e-02,2.126255258917808533e-02,7.923582597868517041e-05,9.659531526267528534e-03,-3.490559384226799011e-02,-7.201209664344787598e-03,3.933636471629142761e-04,-1.670629158616065979e-02,1.709241420030593872e-02,3.706788644194602966e-02,-3.533033188432455063e-03,8.423934690654277802e-03,-1.263268478214740753e-02,-1.362494222121313214e-04,2.849593944847583771e-02,1.503308769315481186e-02,3.130820812657475471e-03,-1.309603359550237656e-02,-2.490498684346675873e-02,-7.320264121517539024e-04,-6.178986950544640422e-05,-1.258763670921325684e-02,1.933193393051624298e-02,-2.179990755394101143e-03,-1.022423733957111835e-03,-1.787753403186798096e-02,2.346345782279968262e-02,2.356642484664916992e-02,5.978484172374010086e-03,1.593565219081938267e-03,-2.408125624060630798e-02,2.500795386731624603e-02,1.449251454323530197e-02,3.103470429778099060e-03,3.565210103988647461e-02,-8.333839476108551025e-03,6.023531779646873474e-03,2.762072533369064331e-02,7.420013193041086197e-03,1.162876281887292862e-02,-1.446677278727293015e-02,-9.138263761997222900e-03,-2.563862316310405731e-02,9.479340165853500366e-03,-2.746305894106626511e-03,-2.696431474760174751e-03,-3.645009174942970276e-02,2.596682868897914886e-03,-1.303167920559644699e-02,2.585420850664377213e-03,2.746627479791641235e-02,2.779287169687449932e-04,6.309906952083110809e-03,7.870490662753582001e-03,-1.368165481835603714e-02,2.795536629855632782e-02,-1.731121912598609924e-02,-1.129412185400724411e-02,3.893415443599224091e-03,-2.217637933790683746e-02,2.592178061604499817e-02,1.409352011978626251e-02,-5.836905445903539658e-03,1.559940259903669357e-02,-1.324404776096343994e-02,3.825843567028641701e-03,1.183469593524932861e-02,-6.620414787903428078e-04,1.296732574701309204e-02,-1.737557235173881054e-03,-1.740131340920925140e-02,1.419648621231317520e-02,-4.316864535212516785e-02,-4.356763791292905807e-03,-1.514892559498548508e-02,8.056312799453735352e-04,-2.517849206924438477e-03,3.768568485975265503e-02,-1.417074445635080338e-02,1.890719681978225708e-02,8.346710354089736938e-03,1.135847624391317368e-02,9.974865242838859558e-04,-1.884284242987632751e-02,-5.547312553972005844e-03,-1.830226927995681763e-02,2.131403610110282898e-02,-2.410699799656867981e-02,1.049613300710916519e-02,1.651081547606736422e-04,-3.706788644194602966e-02,5.836100899614393711e-04,1.019366923719644547e-02,1.960222050547599792e-02,3.117306344211101532e-02,9.614483453333377838e-03,-1.281931158155202866e-02,1.507170032709836960e-02,6.005030008964240551e-04,3.045229986310005188e-02,-8.816494606435298920e-03,-3.404325107112526894e-03,-7.522979285567998886e-03,-1.048969756811857224e-02,-1.987250708043575287e-02,-1.621720194816589355e-02,-2.939689531922340393e-02,1.270347461104393005e-02,-1.126838102936744690e-02,2.731182612478733063e-02,1.374600827693939209e-02,-4.401811864227056503e-03,-7.233386393636465073e-03,1.157084386795759201e-02,1.774882525205612183e-02,-3.027210943400859833e-02,-3.065823204815387726e-02,-6.975970696657896042e-03,2.226647362112998962e-02,-9.247666224837303162e-03,-3.019488416612148285e-02,-3.701640665531158447e-02,-6.757167284376919270e-04,-1.946064084768295288e-02,9.562999941408634186e-03,1.947351172566413879e-02,2.556059334892779589e-04,-1.487863808870315552e-02,-2.094078250229358673e-02,1.311533991247415543e-02,-2.715737558901309967e-03,4.643782600760459900e-02,-4.844567179679870605e-02,2.135264873504638672e-02,-2.123681083321571350e-02,7.098243106156587601e-03,-1.675777509808540344e-02,-2.117245644330978394e-02,1.007139682769775391e-02,4.028558731079101562e-02,-1.613997668027877808e-02,1.350629027001559734e-03,-1.323117688298225403e-02,-5.180494859814643860e-03,-1.088869199156761169e-02,-1.273565087467432022e-02,-1.186043675988912582e-02,1.395194139331579208e-02,-1.933193393051624298e-02,1.248467061668634415e-02,-1.641026325523853302e-02,-5.228760186582803726e-03,3.374722227454185486e-02,9.003120474517345428e-03,-7.426448632031679153e-03,3.513726871460676193e-03,-3.112158179283142090e-02,-5.820816848427057266e-03,-2.273304155096411705e-03,9.987736493349075317e-02,5.224738270044326782e-04,-5.051787011325359344e-03,1.857255585491657257e-02,6.541581358760595322e-03,-3.967422526329755783e-03,9.929818101227283478e-03,-3.202253580093383789e-02,3.298141062259674072e-03,-2.775265136733651161e-03,-1.088225655257701874e-02,-6.309906952083110809e-03,1.801911275833845139e-03,-1.554792001843452454e-02,1.031272462569177151e-03,-6.475618574768304825e-04,-1.979528181254863739e-02,-2.040020935237407684e-02,5.437910440377891064e-04,2.751132240518927574e-03,1.512318383902311325e-02,1.063771173357963562e-02,1.397768314927816391e-02,2.509805001318454742e-02,9.717449545860290527e-03,-1.428658235818147659e-02,1.001991331577301025e-02,3.686195611953735352e-02,-1.521971425972878933e-03,-3.706788644194602966e-02,-4.398594144731760025e-03,-1.827652798965573311e-03,1.629764330573379993e-03,1.038673147559165955e-02,1.052187476307153702e-02,1.875274814665317535e-02,7.928409613668918610e-03,1.572811044752597809e-02,4.100635275244712830e-02,-3.688769787549972534e-02,3.055526688694953918e-02,2.787814103066921234e-02,-6.789343897253274918e-04,-9.749626740813255310e-03,1.249110605567693710e-02,2.200905792415142059e-02,9.942688979208469391e-03,1.794188842177391052e-02,-3.868960961699485779e-02,-2.072197943925857544e-02,5.632259696722030640e-02,-8.121470920741558075e-03,-1.895224442705512047e-03,-1.344997994601726532e-02,1.673203334212303162e-02,6.583411246538162231e-03,-6.763602606952190399e-03,1.054761651903390884e-02,1.369935227558016777e-03,2.106949128210544586e-02,-1.599839702248573303e-02,-2.185460925102233887e-02,-2.382705919444561005e-03,-1.728547737002372742e-02,5.704979877918958664e-03,-1.612710580229759216e-02,-1.935767568647861481e-02,-3.438915300648659468e-04,-3.614119067788124084e-02,5.315638147294521332e-03,-8.687786757946014404e-03,-1.655184105038642883e-02,-8.353145793080329895e-03,-1.007139682769775391e-02,1.463409326970577240e-02,2.485350333154201508e-02,1.544495299458503723e-02,1.273565087467432022e-02,4.183008335530757904e-03,4.974562209099531174e-03,1.526798005215823650e-03,-1.433806493878364563e-02,-1.377175003290176392e-02,-3.240866214036941528e-02,-3.674611914902925491e-03,1.451825629919767380e-02,-1.334701385349035263e-02,4.231273662298917770e-03,-2.504656650125980377e-02,-1.522614993155002594e-02,8.552642539143562317e-03,1.819930411875247955e-02,-9.099652059376239777e-03,-9.106087498366832733e-03,8.520466275513172150e-03,-1.025158818811178207e-02,-7.477931678295135498e-03,9.073910303413867950e-03,2.546808449551463127e-03,-1.756863435730338097e-03,2.715737558901309967e-02,-1.063127629458904266e-02,-3.503430262207984924e-02,3.146909177303314209e-03,3.729956224560737610e-02,-1.089512743055820465e-02,-3.980293404310941696e-03,2.543268911540508270e-02,-2.792962454259395599e-02,-1.238813996315002441e-02,2.028437145054340363e-02,-2.942263707518577576e-02,2.200905792415142059e-02,1.473705936223268509e-02,-2.942263707518577576e-02,1.593404449522495270e-02,-9.028862230479717255e-03,1.375887915492057800e-02,1.292227767407894135e-02,-4.176572896540164948e-03,-6.763602606952190399e-03,-1.595978438854217529e-02,3.052952513098716736e-02,-4.303671885281801224e-04,-2.224073372781276703e-02,1.562514528632164001e-02,-1.566375605762004852e-02,-1.520040817558765411e-02,-1.755576394498348236e-02,1.095626386813819408e-03,6.255206186324357986e-03,1.698944903910160065e-02,2.860534004867076874e-03,-6.306689232587814331e-03,-2.099226601421833038e-02,-6.853698287159204483e-03,-1.411926187574863434e-02,1.449573202989995480e-03,-3.928166627883911133e-02,-1.005209051072597504e-02,1.087582111358642578e-02,-3.070971556007862091e-02,-1.698944834060966969e-03,-3.047804161906242371e-02,1.190548483282327652e-02,-3.150770440697669983e-02,-9.569435380399227142e-03,7.420013193041086197e-03,-6.576975807547569275e-03,1.396481180563569069e-03,-2.575445920228958130e-02,-1.222725491970777512e-02,-2.785239927470684052e-02,-8.526901714503765106e-03,1.261337846517562866e-02,2.809050958603620529e-03,-5.592360161244869232e-03,2.795536629855632782e-02,3.264033421874046326e-02,2.132690697908401489e-02,1.267773285508155823e-02,-5.704979877918958664e-03,1.087582111358642578e-02,1.660332456231117249e-02,1.133273448795080185e-02,-8.623432368040084839e-03,-3.055526688694953918e-02,1.535485778003931046e-02,-3.191956877708435059e-02,2.132690697908401489e-02,1.570236869156360626e-02,-3.027854487299919128e-03,1.997547224164009094e-02,2.401690185070037842e-02,2.751775830984115601e-02,2.418422326445579529e-02,-1.946064084768295288e-02,-2.402977272868156433e-02,-9.904076345264911652e-03,-4.398594144731760025e-03,-1.267129741609096527e-02,2.666667860466986895e-04,1.507170032709836960e-02,1.456813071854412556e-03,-8.192260749638080597e-03,-1.249754149466753006e-02,3.289775177836418152e-02,-3.508578613400459290e-02,1.594691351056098938e-02,1.403721049427986145e-03,3.117949934676289558e-03,-2.149422653019428253e-02,3.177477512508630753e-03,-2.646557055413722992e-03,-2.643661201000213623e-02,1.389241428114473820e-03,7.497237995266914368e-03,5.605231039226055145e-03,1.474993024021387100e-02,1.067632436752319336e-02,-1.706667430698871613e-02,1.901016384363174438e-02,-2.614380093291401863e-03,-7.014582864940166473e-03,-2.184173837304115295e-02,2.492107683792710304e-03,1.530015724711120129e-03,-1.361086498945951462e-03,-6.911616772413253784e-03,-6.975970696657896042e-03,-3.944898489862680435e-03,-1.758150570094585419e-02,-1.576672308146953583e-02,-3.186808899044990540e-02,1.888145506381988525e-02,-7.458625361323356628e-03,-1.821217499673366547e-02,1.557366177439689636e-02,-1.266486197710037231e-02,-2.023288980126380920e-02,1.314751617610454559e-02,-2.389141125604510307e-03,5.189504474401473999e-02,-3.699066489934921265e-02,2.307733520865440369e-02,1.200845092535018921e-02,4.115436691790819168e-03,3.668176359497010708e-04,3.112158179283142090e-02,-9.138263994827866554e-04,-1.146787777543067932e-02,1.579246483743190765e-02,2.110810391604900360e-02,2.210558857768774033e-03,5.463652312755584717e-03,-7.728911936283111572e-03,2.029724232852458954e-02,-2.810981497168540955e-02,-3.135325387120246887e-02,2.527824044227600098e-02,-1.393263461068272591e-03,-1.337275560945272446e-02,-7.233386393636465073e-03,-3.119880519807338715e-02,-4.347110632807016373e-03,-4.726799204945564270e-03,-1.639739237725734711e-02,1.259407214820384979e-02,-7.773960009217262268e-03,-7.259128149598836899e-03,-2.666828595101833344e-02,1.949925348162651062e-02,-7.651687134057283401e-03,1.030307076871395111e-02,-3.215124458074569702e-02,-1.027089357376098633e-02,-1.418361533433198929e-02,-2.787814103066921234e-02,-2.831574715673923492e-02,2.929714508354663849e-03,-3.868960961699485779e-02,1.254902500659227371e-02,-5.321269272826611996e-04,-2.550026169046759605e-03,1.137778256088495255e-02,-2.592178061604499817e-02,-9.530823677778244019e-03,9.266971610486507416e-03,-1.188617851585149765e-02,2.975727617740631104e-02,-3.196783596649765968e-03,1.086938567459583282e-02,-2.142987214028835297e-02,1.931906305253505707e-02,-3.277226118370890617e-03,-1.834088191390037537e-02,-3.504073712974786758e-03,-7.960586808621883392e-03,8.977379184216260910e-04,-1.858542673289775848e-02,1.702806167304515839e-02,4.845854360610246658e-03,-9.659531526267528534e-03,6.451485678553581238e-03,-1.226586755365133286e-02,-4.237709101289510727e-03,2.691604895517230034e-03,-7.329917512834072113e-03,1.410639099776744843e-02,-1.664193719625473022e-02,-1.473705936223268509e-02,3.710006596520543098e-03,-9.067474864423274994e-03,-9.942689212039113045e-04,1.015988294966518879e-03,-3.215124458074569702e-02,-2.876622602343559265e-03,3.845793381333351135e-02,-2.137839049100875854e-02,2.549704350531101227e-02,-2.777517400681972504e-02,9.292713366448879242e-03,-9.955559857189655304e-03,1.018723379820585251e-02,4.379287827759981155e-03,1.465983502566814423e-02,2.047743462026119232e-02,-2.641087025403976440e-02,-8.494724519550800323e-03,1.259407214820384979e-02,9.711014106869697571e-03,1.819930411875247955e-02,-1.482715550810098648e-02,-2.495647035539150238e-02,3.042655810713768005e-02,1.000704243779182434e-02,1.893293857574462891e-02,-2.054178714752197266e-02,-8.623432368040084839e-03,7.632381282746791840e-03,8.056312799453735352e-04,3.803319763392210007e-03,2.061901241540908813e-02,-2.544555999338626862e-02,-6.737056537531316280e-04,-1.339849736541509628e-02,1.399055402725934982e-02,7.683864329010248184e-03,-1.741418428719043732e-02,-3.716441802680492401e-03,-5.817599128931760788e-03,-3.323882585391402245e-03,-8.501159958541393280e-03,-7.979892194271087646e-03,-1.173172891139984131e-02,-1.498160511255264282e-02,-5.611666478216648102e-03,2.486637420952320099e-02,1.243962254375219345e-02,-1.921609602868556976e-02,1.763298921287059784e-02,-1.039316644892096519e-03,2.080242149531841278e-03,-6.447463529184460640e-04,2.142987214028835297e-02,-7.606639526784420013e-03,1.554952817969024181e-03,-2.965431101620197296e-02,-3.068397380411624908e-02,-2.364365011453628540e-02,8.668480440974235535e-03,2.702866867184638977e-02,1.216290052980184555e-03,-5.923783406615257263e-03,-1.213072426617145538e-02,1.376370550133287907e-03,-3.485411033034324646e-02,-9.929818101227283478e-03,7.317046634852886200e-03,-6.454703398048877716e-03,6.375065422616899014e-04,7.683864329010248184e-03,1.064414717257022858e-02,1.148074865341186523e-02,-2.770438557490706444e-03,9.125392884016036987e-03,-1.312177535146474838e-02,-4.172711446881294250e-02,-1.410639099776744843e-02,-1.373313739895820618e-02,7.585724233649671078e-04,1.031594164669513702e-02,-3.701640665531158447e-02,2.693213755264878273e-03,2.031011320650577545e-02,-1.463409326970577240e-02,8.218002505600452423e-03,3.504073712974786758e-03,-2.011705189943313599e-02,-1.200201548635959625e-02,-2.189322188496589661e-02,1.877848990261554718e-02,1.021619304083287716e-03,-9.891205467283725739e-03,5.270590540021657944e-03,-7.033889181911945343e-03,3.767925081774592400e-03,8.160083554685115814e-03,1.606275141239166260e-02,-1.826365664601325989e-02,-1.091443374752998352e-02,1.764586009085178375e-02,-9.981301613152027130e-03,1.140995975583791733e-02,-1.028376445174217224e-02,3.314229659736156464e-03,1.014862116426229477e-02,1.727260649204254150e-02,3.626989945769309998e-02,3.159780055284500122e-03,-2.692570164799690247e-02,2.514953166246414185e-02,-2.607622928917407990e-02,-3.601248189806938171e-02,-2.005269750952720642e-02,2.061901241540908813e-02,-5.457216873764991760e-03,1.415787381120026112e-03,1.867552287876605988e-02,-3.137899562716484070e-02,3.511152788996696472e-02,9.339370299130678177e-04,1.212428882718086243e-02,-3.421057015657424927e-02,-5.170841701328754425e-03,1.373313739895820618e-02,9.820416569709777832e-03,-9.530823677778244019e-03,3.199679404497146606e-02,8.211567066609859467e-03,-7.722476497292518616e-03,6.528710480779409409e-03,1.066667144186794758e-03,1.099809352308511734e-02,-4.610962234437465668e-03,-1.474993024021387100e-02,-5.067875143140554428e-03,-5.515135359019041061e-03,-1.079216133803129196e-02,5.833687726408243179e-03,-6.673506926745176315e-03,-2.034872584044933319e-02,-1.159015018492937088e-02,2.409412711858749390e-02,-2.505943737924098969e-02,6.795779336243867874e-03,2.085068672895431519e-01,-8.919460698962211609e-03,5.425039678812026978e-03,8.932331576943397522e-03,-2.088286448270082474e-03,5.746809765696525574e-03,3.359277546405792236e-02,1.169311720877885818e-02,1.787753403186798096e-02,1.774882525205612183e-02,-2.099226601421833038e-02,-6.782908923923969269e-03,-1.574098132550716400e-02,1.779387355782091618e-03,1.885571330785751343e-02,-1.250397693365812302e-02,-3.004043363034725189e-02,-3.026245627552270889e-03,-6.596282124519348145e-03,-3.889553993940353394e-02,1.657758280634880066e-02,-2.553243888542056084e-03,-1.556079089641571045e-02,-1.037386059761047363e-02,1.083720941096544266e-02,2.311594784259796143e-02,-4.359981510788202286e-03,-9.118958376348018646e-03,1.641026325523853302e-02,1.388758700340986252e-02,6.400002632290124893e-03,6.071797106415033340e-03,-7.461038767360150814e-04,-4.417899996042251587e-03,-2.146848477423191071e-02,7.909103296697139740e-03,1.736270263791084290e-02,1.487863808870315552e-02,6.969535257667303085e-03,-8.411063812673091888e-03,1.019366923719644547e-02,-9.073910303413867950e-03,1.319256424903869629e-02,-9.144699200987815857e-03,-1.893293857574462891e-02,5.032480508089065552e-02,-8.192260749638080597e-03,-5.108096520416438580e-04,-1.278713438659906387e-02,2.674551121890544891e-02,-1.585681922733783722e-02,2.623067982494831085e-02,1.938341744244098663e-02,1.094017550349235535e-02,1.058622822165489197e-02,1.157727930694818497e-02,1.799337007105350494e-02,4.450720921158790588e-02,-2.188035054132342339e-03,9.601612575352191925e-03,-2.576733008027076721e-02,1.059266366064548492e-02,-1.182182505726814270e-02,2.149422653019428253e-02,-4.051082767546176910e-03,3.040081635117530823e-02,6.235899869352579117e-03,1.982102403417229652e-03,-6.995277013629674911e-03,-1.988537795841693878e-02,-2.767220884561538696e-02,-2.648809552192687988e-02,-1.707954518496990204e-02,1.312821079045534134e-02,-1.692509464919567108e-02,-1.267773285508155823e-02,6.284165196120738983e-03,6.873004138469696045e-03,-9.878334589302539825e-03,2.301298081874847412e-02,1.913887076079845428e-02,-6.075014825910329819e-03,-6.776473484933376312e-03,1.711815595626831055e-02,-1.249271444976329803e-03,-3.598674014210700989e-02,-2.358573023229837418e-03,9.550129994750022888e-03,-1.495586335659027100e-02,1.321830600500106812e-02,1.480141375213861465e-02,-2.893354557454586029e-02,1.360282069072127342e-03,-2.233082801103591919e-02,1.692509464919567108e-02,1.006496138870716095e-02,4.263450857251882553e-03,2.234369888901710510e-02,-3.339971182867884636e-03,-2.182886749505996704e-02,-2.096652425825595856e-02,-6.354955025017261505e-03,3.287201002240180969e-02,8.571948856115341187e-03,-6.544799078255891800e-03,3.023027908056974411e-03,1.532911602407693863e-02,2.283279038965702057e-02,4.427553154528141022e-03,-2.705441042780876160e-02,-2.348920097574591637e-03,-1.344997994601726532e-02,2.441589720547199249e-02,-1.359155867248773575e-02,1.281287614256143570e-02,4.450077190995216370e-03,-4.195074725430458784e-04,-2.213776670396327972e-02,2.170015871524810791e-02,1.400503329932689667e-03,-2.702866867184638977e-02,-2.254963107407093048e-02,2.533937571570277214e-03,9.665966965258121490e-03,-1.034168340265750885e-02,-3.853515908122062683e-02,-2.570297755300998688e-02,3.364425525069236755e-02,1.876561902463436127e-02,-2.612771280109882355e-02,9.170441189780831337e-04,-1.352720521390438080e-02,-1.426084060221910477e-02,1.151292584836483002e-02,9.305584244430065155e-03,1.879136078059673309e-02,-1.068275887519121170e-03,2.442233264446258545e-03,1.197627466171979904e-02,-4.137960262596607208e-03,1.195053290575742722e-02,4.183008335530757904e-03,1.410639099776744843e-02,1.341136824339628220e-02,1.632016710937023163e-02,-9.266971610486507416e-03,1.866265200078487396e-02,7.226950954645872116e-03,-5.206236150115728378e-03,-8.057117462158203125e-03,-3.663028031587600708e-02,1.088869199156761169e-02,3.642434952780604362e-03,-2.553243888542056084e-03,5.080746021121740341e-03,-2.664254419505596161e-02,-2.713163569569587708e-02,-2.099226601421833038e-02,1.314751617610454559e-02,-1.242675166577100754e-02,-3.603822365403175354e-02,5.923783406615257263e-03,1.231091469526290894e-02,-2.599900402128696442e-02,-3.912721760571002960e-03,1.756863435730338097e-03,-1.618631184101104736e-01,-3.317447379231452942e-03,2.530398219823837280e-02,-1.779387355782091618e-03,1.415787357836961746e-02,1.223529921844601631e-03,4.136673361063003540e-02,-9.865463711321353912e-03,2.537155291065573692e-03,-1.502263039583340287e-04,1.278069894760847092e-02,-1.684786938130855560e-02,-3.400463983416557312e-02,-1.901659881696105003e-03,-1.575385220348834991e-02,-9.577681339578703046e-05,7.143291179090738297e-03,9.768933057785034180e-03,2.607622928917407990e-02,2.298723906278610229e-02,3.802032768726348877e-02,-2.200905792415142059e-02,2.807442098855972290e-03,-5.846558604389429092e-03,9.871899150311946869e-03,2.769795060157775879e-02,3.410760546103119850e-03,-7.967022247612476349e-03,5.379992071539163589e-03,-2.222786284983158112e-02,-3.352842060849070549e-03,4.572349600493907928e-03,3.533033188432455063e-03,-3.194531053304672241e-02,1.302524376660585403e-02,-5.328509025275707245e-03,-2.444163896143436432e-02,-2.375948615372180939e-02,1.615284709259867668e-03,3.531746193766593933e-02,1.769734174013137817e-02,2.031011320650577545e-02,6.982406135648488998e-03,1.851785578764975071e-03,8.417499251663684845e-03,1.294158399105072021e-02,7.304175756871700287e-03,-2.152640372514724731e-03,2.339910529553890228e-02,-4.203601554036140442e-02,3.700353554449975491e-04,-2.463470026850700378e-02,2.440302632749080658e-02,-1.760724745690822601e-02,1.375887915492057800e-02,1.332127209752798080e-02,2.820312744006514549e-03,-1.142926514148712158e-02,-2.189643913879990578e-03,-1.864978112280368805e-02,-2.730217296630144119e-03,-2.184173837304115295e-02,2.229221537709236145e-02,1.953143160790205002e-03,7.522979285567998886e-03,-1.556079089641571045e-02,-3.029785118997097015e-02,-1.616089139133691788e-03,-5.235839262604713440e-02,3.775768345803953707e-05,-2.780091576278209686e-02,-2.462182939052581787e-02,1.631373190321028233e-03,-3.359277546405792236e-02,5.730721168220043182e-03,3.436502069234848022e-02,-6.729012238793075085e-04,5.386427510529756546e-03,2.050317637622356415e-02,4.099348094314336777e-03,-2.653957903385162354e-02,4.610318690538406372e-02,-2.289714291691780090e-02,2.451886422932147980e-03,5.939871538430452347e-03,-1.617697998881340027e-03,4.532932944130152464e-04,-5.621319636702537537e-03,2.337658079341053963e-03,-8.179389871656894684e-03,1.321830600500106812e-02,-7.259128149598836899e-03,-1.687361113727092743e-02,-1.056692190468311310e-02,3.843219205737113953e-02,1.823791675269603729e-02,8.713527582585811615e-03,-3.513726871460676193e-03,-8.816494606435298920e-03,-3.633988380897790194e-04,-3.352842060849070549e-03,-1.041247230023145676e-02,-2.037446759641170502e-02,2.162293531000614166e-02,2.293575555086135864e-02,-2.759176539257168770e-03,1.017436292022466660e-02,1.011644490063190460e-02,3.850941732525825500e-02,-1.401629485189914703e-02,3.173938021063804626e-02,5.923783406615257263e-03,3.113123355433344841e-03,1.329553034156560898e-02,-1.719538122415542603e-02,1.866265200078487396e-02,-1.051543932408094406e-02,-1.351433433592319489e-02,2.939689531922340393e-02,-6.348519586026668549e-03,3.974501416087150574e-02,2.468618378043174744e-02,-1.455686893314123154e-02,-1.113323681056499481e-02,-1.370739657431840897e-02,-2.841871418058872223e-02,-1.140867248177528381e-01,-1.585681922733783722e-02,-3.864455968141555786e-03,1.826365664601325989e-02,-1.214359421283006668e-02,2.715737558901309967e-02,-5.029262974858283997e-03,-3.912721760571002960e-03,-7.703170645982027054e-03,1.234952732920646667e-02,-8.057117462158203125e-03,-1.632016710937023163e-02,-8.256615139544010162e-03,-1.848567859269678593e-03,1.921609602868556976e-02,-1.285792328417301178e-02,1.769734197296202183e-03,1.163198030553758144e-03,-2.325752563774585724e-02,2.970579452812671661e-02,1.771021261811256409e-02,4.549826029688119888e-03,8.115035481750965118e-03,-9.910511784255504608e-03,-1.184756681323051453e-02,9.196182712912559509e-03,-2.558713965117931366e-02,1.482715550810098648e-02,3.594169393181800842e-03,7.748218253254890442e-03,5.791857372969388962e-03,-5.315638147294521332e-03,1.449251454323530197e-02,8.694221265614032745e-03,-3.094138950109481812e-02,-1.682212762534618378e-02,-4.769916459918022156e-02,1.342423912137746811e-02,6.586628966033458710e-03,-3.531746193766593933e-02,1.555556227685883641e-04,2.105662040412425995e-02,-3.877326846122741699e-03,-3.655305504798889160e-02,1.112036686390638351e-02,1.029663532972335815e-02,-2.673907671123743057e-03,1.477728132158517838e-03,3.598674014210700989e-02,-2.370800264179706573e-02,-1.135204080492258072e-02,1.086295023560523987e-02,-4.697839915752410889e-02,8.378887549042701721e-03,1.904877647757530212e-02,-2.664254419505596161e-02,7.381400559097528458e-03,9.035297669470310211e-03,3.027854487299919128e-03,2.309020608663558960e-02,-1.420935709029436111e-02,1.415787357836961746e-02,3.706788877025246620e-03,1.110106008127331734e-03,-3.520162310451269150e-03,6.049273535609245300e-03,-1.553504914045333862e-02,-3.304576501250267029e-03,3.524023666977882385e-02,-1.166737545281648636e-02,1.652609929442405701e-02,-7.522979285567998886e-03,-6.531928200274705887e-03,2.921670302748680115e-02,-2.289714291691780090e-02,2.096652425825595856e-02,-2.042595110833644867e-02,-2.950629685074090958e-03,1.344997994601726532e-02,-4.978423193097114563e-02,-1.099165808409452438e-02,-1.570236869156360626e-02,5.865864455699920654e-03,-2.808407321572303772e-02,1.769734174013137817e-02,-1.619306858628988266e-03,1.354007609188556671e-02,-1.429945230484008789e-02,-2.128829434514045715e-02,6.126498337835073471e-03,-1.606275141239166260e-02,-5.910912528634071350e-03,1.729834824800491333e-02,-5.488106608390808105e-02,-1.822021877160295844e-04,1.433806493878364563e-02,-1.063449424691498280e-03,-2.334762178361415863e-02,-1.231735013425350189e-02,1.550930738449096680e-02,-1.393907051533460617e-02,-7.915538735687732697e-03,-4.504778236150741577e-02,3.433927893638610840e-02,-3.362495044711977243e-04,-2.563862316310405731e-02,1.532911602407693863e-02,-3.683621436357498169e-02,-1.018079835921525955e-02,-1.732409000396728516e-02,-1.949925324879586697e-03,-4.849071614444255829e-03,-5.733938887715339661e-03,3.073545731604099274e-02,4.401811864227056503e-03,-2.447059843689203262e-03,3.249875502660870552e-03,-3.156562335789203644e-03,3.100252710282802582e-03,1.961509138345718384e-02,1.011000946164131165e-02,2.614058367908000946e-02,1.083720941096544266e-02,-9.968430735170841217e-03,3.072902094572782516e-03,-1.285792328417301178e-02,1.044143224135041237e-03,1.146787777543067932e-02,1.319256424903869629e-02,1.017436292022466660e-02,1.835375279188156128e-02,-1.122976769693195820e-03,5.589142441749572754e-03,-2.746627479791641235e-02,8.372452110052108765e-03,6.531928200274705887e-03,-3.248266875743865967e-03,-3.400463983416557312e-02,8.784317411482334137e-03,-1.113967224955558777e-02,8.068379247561097145e-04,5.246135964989662170e-02,-2.612771280109882355e-02,-7.516543846577405930e-03,9.646660648286342621e-03,-1.176390610635280609e-02,2.965109189972281456e-03,3.439719788730144501e-03,2.182886749505996704e-02,1.586969010531902313e-02,3.765994310379028320e-02,2.274269424378871918e-02,2.476340904831886292e-02,9.273407049477100372e-03,-6.995277013629674911e-03,1.197788282297551632e-03,-4.324587062001228333e-03,-5.138664506375789642e-03,3.495707735419273376e-02,8.578384295105934143e-03,2.075415570288896561e-03,-1.697657816112041473e-02,1.007139682769775391e-03,-4.147613421082496643e-03,1.011644490063190460e-02,-1.673203334212303162e-02,-5.223732659942470491e-05,-1.365591306239366531e-02,8.546207100152969360e-03,2.149824867956340313e-04,-1.509744208306074142e-02,-2.100513689219951630e-02,-2.045169286429882050e-02,9.286277927458286285e-03,-8.790752850472927094e-03,7.336352951824665070e-03,-9.580697515048086643e-04,-1.454399805516004562e-02,-6.367825437337160110e-03,4.340675659477710724e-03,-1.051543932408094406e-02,1.635877974331378937e-02,-7.851184927858412266e-04,-9.942688979208469391e-03,8.681351318955421448e-03,2.119819819927215576e-02,2.393967844545841217e-02,1.974379830062389374e-02,-2.457034587860107422e-02,-1.449251454323530197e-02,2.681951737031340599e-03,-6.412873510271310806e-03,1.293514855206012726e-02,1.768447086215019226e-02,5.235195625573396683e-03,4.823330324143171310e-03,2.328004920855164528e-03,1.369452569633722305e-02,-2.031976589933037758e-03,-1.079940120689570904e-04,-3.819408360868692398e-03,7.728911936283111572e-03,3.132429672405123711e-03,1.099648536182940006e-03,-7.696735206991434097e-03,-4.311716184020042419e-02,-1.786466315388679504e-02,-2.148135565221309662e-02,2.710910979658365250e-03,-2.575445920228958130e-02,-6.628459319472312927e-03,2.061901241540908813e-02,3.590951673686504364e-03,-4.546608310192823410e-03,1.873303990578278899e-04,6.808650214225053787e-03,-1.395194139331579208e-02,4.742887802422046661e-03,2.862464636564254761e-02,1.946707721799612045e-03,-3.845793381333351135e-02,2.888206206262111664e-02,2.556139789521694183e-02,1.165450457483530045e-02,3.536894172430038452e-02,-9.472904726862907410e-03,-3.123178612440824509e-04,-1.299145864322781563e-03,1.642313413321971893e-02,-4.199096933007240295e-03,9.125392884016036987e-03,-5.450781434774398804e-03,-9.414985775947570801e-03,-2.503369469195604324e-03,-5.817599222064018250e-02,-3.993163816630840302e-03,-4.482254385948181152e-03,-1.941881142556667328e-03,7.233386393636465073e-03,1.593404449522495270e-02,-1.602413877844810486e-02,2.467331290245056152e-02,-1.164163369685411453e-02,-1.952499523758888245e-02,3.124385373666882515e-03,1.579246483743190765e-02,3.235717862844467163e-02,6.255206186324357986e-03,1.352720521390438080e-02,-1.563801616430282593e-02,-2.005269750952720642e-02,8.391758427023887634e-03,-2.247240766882896423e-02,1.534198690205812454e-02,-1.884364755824208260e-04,-2.877909690141677856e-02,2.496934030205011368e-03,8.134341798722743988e-03,-1.722112298011779785e-02,-1.415787357836961746e-02,-2.204123651608824730e-03,4.013113677501678467e-02,8.539772592484951019e-03,1.729513052850961685e-03,-1.326978951692581177e-02,-1.947351172566413879e-02,-1.007944112643599510e-03,4.054300114512443542e-02,-3.042655810713768005e-02,4.475818946957588196e-03,-3.215124458074569702e-02,-1.292871311306953430e-02,3.951333928853273392e-03,-3.207401931285858154e-02,-2.638512849807739258e-02,-4.594873636960983276e-03,-2.592178061604499817e-02,-1.740131340920925140e-02,-1.024032593704760075e-03,-3.027854487299919128e-03,4.858724772930145264e-03,-2.077346295118331909e-02,-1.018079835921525955e-02,-1.893293857574462891e-02,-2.592178061604499817e-02,3.881831467151641846e-02,2.962856926023960114e-02,1.864656340330839157e-03,1.029019989073276520e-02,-1.915174163877964020e-02
-1.760938577353954315e-02,-1.826683804392814636e-02,6.519726943224668503e-03,-2.533121779561042786e-02,-1.446393225342035294e-02,3.826109692454338074e-02,-1.445104088634252548e-02,-5.701135378330945969e-03,-1.059657055884599686e-02,-2.539567463099956512e-02,2.173457294702529907e-02,2.084507979452610016e-02,2.200528793036937714e-02,-3.230535984039306641e-02,2.064204309135675430e-03,1.744179986417293549e-02,8.308381773531436920e-03,1.231110095977783203e-02,9.855326265096664429e-03,2.564141177572309971e-04,-1.973643526434898376e-02,-9.352569468319416046e-03,2.203107066452503204e-02,-2.748405002057552338e-02,2.286577597260475159e-03,-1.227887347340583801e-02,4.208978731185197830e-03,-1.141516212373971939e-02,-3.709444310516119003e-03,6.052420940250158310e-03,-1.729999668896198273e-02,3.197018988430500031e-03,-9.881108999252319336e-03,-2.174746245145797729e-02,-3.155767172574996948e-02,-1.856333576142787933e-02,2.484779804944992065e-03,-4.034947231411933899e-02,1.014537829905748367e-02,1.589646795764565468e-03,9.114081971347332001e-03,-2.663645194843411446e-03,-5.862275604158639908e-03,2.083218842744827271e-02,-3.184127621352672577e-03,-2.824785420671105385e-03,-2.564060688018798828e-02,-8.772465400397777557e-03,-1.882115937769412994e-02,2.789656817913055420e-02,1.033874694257974625e-02,8.385729044675827026e-03,-2.470277249813079834e-03,8.952941745519638062e-03,-1.806057803332805634e-02,1.159563940018415451e-02,-1.122824009507894516e-02,-1.062879897654056549e-02,1.229176390916109085e-02,-2.774831838905811310e-03,3.741672262549400330e-03,9.172092191874980927e-03,6.934058183105662465e-05,-3.751340787857770920e-03,-7.277085445821285248e-03,-1.650074310600757599e-02,-8.076339960098266602e-03,1.968486979603767395e-02,-1.706795580685138702e-02,-5.475539248436689377e-03,5.419462546706199646e-02,1.915633119642734528e-02,1.497796969488263130e-03,1.558546721935272217e-02,-8.914268575608730316e-03,-3.199597075581550598e-02,-1.580461859703063965e-02,1.536631677299737930e-02,-5.649570841342210770e-03,-8.886874420568346977e-04,4.750409163534641266e-03,-3.851892054080963135e-02,-1.980089209973812103e-02,1.555968448519706726e-02,2.303658425807952881e-02,-1.910516875796020031e-04,-3.090666374191641808e-03,3.689463064074516296e-02,9.513709694147109985e-03,2.141551580280065536e-03,1.657808944582939148e-02,6.145881954580545425e-03,-1.751914806663990021e-02,2.054858207702636719e-02,-1.548233721405267715e-02,-1.871803030371665955e-02,-1.369045954197645187e-02,9.758641943335533142e-03,-3.400699794292449951e-02,-1.066102646291255951e-02,-1.566281355917453766e-02,1.030007284134626389e-02,-1.602376811206340790e-02,-5.807487759739160538e-03,-3.021698445081710815e-02,-6.580960471183061600e-03,-2.142518386244773865e-02,7.135282270610332489e-03,2.694261819124221802e-02,-2.975290268659591675e-02,-2.014250785578042269e-04,3.111936897039413452e-02,1.120245736092329025e-02,-5.620565637946128845e-02,1.066102646291255951e-02,-3.563129156827926636e-02,-8.089231327176094055e-03,-1.677145808935165405e-02,2.249515382573008537e-03,-3.285243001300841570e-04,2.912606578320264816e-04,2.030364796519279480e-02,2.872160449624061584e-02,-2.191504836082458496e-02,-6.239343434572219849e-03,1.513427495956420898e-02,5.881612189114093781e-03,-3.535412950441241264e-03,6.872623926028609276e-04,-9.700631722807884216e-03,3.150288248434662819e-03,5.243497900664806366e-03,2.234045788645744324e-02,2.355867763981223106e-03,-7.876526564359664917e-03,2.622071094810962677e-02,1.257537119090557098e-02,-2.567928098142147064e-02,4.337890539318323135e-03,-2.908255904912948608e-02,1.281385775655508041e-02,3.411012887954711914e-02,-1.341974455863237381e-02,-2.178613794967532158e-03,-1.473464723676443100e-02,2.361668832600116730e-02,2.070327475666999817e-02,2.623360231518745422e-02,-3.037167899310588837e-02,1.681013219058513641e-02,2.266273833811283112e-02,-4.140654951333999634e-02,2.663323096930980682e-02,-1.884694211184978485e-02,1.599798537790775299e-02,2.597577869892120361e-02,9.294559247791767120e-03,1.229176390916109085e-02,1.098330691456794739e-02,-6.551954895257949829e-03,9.984238073229789734e-03,1.213062461465597153e-02,-7.895863614976406097e-03,-1.348420046269893646e-02,1.298144366592168808e-02,5.971206352114677429e-02,8.591988123953342438e-03,1.982022775337100029e-03,-9.578165598213672638e-03,-2.866681665182113647e-03,1.748047396540641785e-02,-7.012815680354833603e-03,-2.075484022498130798e-02,3.199597075581550598e-02,-5.095249041914939880e-03,1.613978855311870575e-02,1.714530214667320251e-02,1.015826966613531113e-02,-5.491653457283973694e-03,7.979655638337135315e-03,-3.088732808828353882e-02,1.049988623708486557e-02,4.511921852827072144e-02,2.119314111769199371e-02,-2.918568812310695648e-02,-1.042898464947938919e-02,5.195155739784240723e-03,-1.252380572259426117e-02,8.545459422748535872e-05,-8.508195169270038605e-03,1.167298667132854462e-02,2.159276790916919708e-02,-1.375491637736558914e-02,-1.227887347340583801e-02,-6.394037604331970215e-01,1.778986304998397827e-02,-2.062592841684818268e-02,1.595931127667427063e-02,-9.010952897369861603e-03,5.191932898014783859e-03,3.996273502707481384e-03,-6.645416375249624252e-03,-4.586046095937490463e-03,1.791877485811710358e-02,-3.042324446141719818e-02,1.374202501028776169e-02,-7.887806277722120285e-04,-2.159276790916919708e-02,-7.960319519042968750e-03,-5.565777886658906937e-03,-1.200815755873918533e-02,-1.076415646821260452e-02,-1.039353432133793831e-03,6.658307742327451706e-03,-1.878248527646064758e-02,-2.549235941842198372e-03,1.698416308499872684e-03,-8.028803858906030655e-04,1.323926821351051331e-02,8.733791299164295197e-03,1.326505001634359360e-02,-7.425334304571151733e-03,1.669411174952983856e-02,1.766095124185085297e-02,-2.044545114040374756e-02,2.176035381853580475e-02,9.919782169163227081e-03,-3.217967227101325989e-03,2.454485557973384857e-02,-1.298144366592168808e-02,-5.791374016553163528e-03,2.634962275624275208e-02,3.490938246250152588e-02,4.094246774911880493e-02,-1.701639033854007721e-02,-1.623002812266349792e-02,-7.141727954149246216e-03,3.461288521066308022e-03,2.668479457497596741e-02,-3.071329556405544281e-03,1.072548236697912216e-02,2.450618147850036621e-02,7.650930434465408325e-03,6.194224115461111069e-03,2.065815730020403862e-03,-1.211128756403923035e-02,8.463076315820217133e-03,9.668403799878433347e-05,-8.179469965398311615e-03,1.982667297124862671e-02,1.950439438223838806e-02,-1.731288805603981018e-02,3.951154649257659912e-03,-1.733867079019546509e-02,1.668122038245201111e-02,2.295923605561256409e-02,1.353576593101024628e-02,-5.849384237080812454e-03,-1.398695819079875946e-02,1.873092167079448700e-02,9.242993779480457306e-03,3.029433265328407288e-02,3.924082964658737183e-02,-3.259863471612334251e-03,3.261474892497062683e-02,-7.154619088396430016e-04,-1.000075499177910388e-04,-1.588196493685245514e-02,6.419820245355367661e-03,-2.062592888250946999e-03,7.212629541754722595e-03,-6.319913547486066818e-03,-9.939119219779968262e-03,-1.944960560649633408e-03,1.161497551947832108e-02,-1.254958845674991608e-02,-2.551169507205486298e-02,-1.460573542863130569e-02,1.958174072206020355e-02,-1.905320212244987488e-02,-1.945282891392707825e-02,1.764805987477302551e-02,6.074980366975069046e-03,-1.651363447308540344e-02,1.446393225342035294e-02,3.392965346574783325e-02,-1.183412689715623856e-02,1.755782216787338257e-02,2.580819278955459595e-02,1.083505805581808090e-02,6.161996163427829742e-03,9.056071750819683075e-03,3.307883441448211670e-02,-2.012317068874835968e-02,-1.476042997092008591e-02,-1.501825451850891113e-02,1.049988623708486557e-02,-2.210841700434684753e-02,3.413591161370277405e-02,4.405569285154342651e-03,-2.838643454015254974e-02,-3.156331076752394438e-04,4.277301952242851257e-02,-6.845229770988225937e-03,-8.340610191226005554e-03,6.916131824254989624e-03,1.245290413498878479e-02,-1.204683165997266769e-02,-1.693904399871826172e-02,-2.223732881247997284e-02,1.330211292952299118e-03,6.812196224927902222e-04,2.041966840624809265e-02,-1.371624227613210678e-02,1.625580899417400360e-02,-2.855401951819658279e-03,1.353576546534895897e-03,-4.685953259468078613e-03,-8.617770858108997345e-03,4.398479312658309937e-02,7.638038950972259045e-04,-1.968486979603767395e-02,-2.655588276684284210e-02,1.590774767100811005e-02,-1.281385775655508041e-02,-4.772968590259552002e-03,2.147674746811389923e-02,6.026638438925147057e-04,1.623002812266349792e-02,2.319127880036830902e-02,3.493516519665718079e-02,-9.281667880713939667e-03,4.383009672164916992e-02,-7.998992688953876495e-03,4.315331112593412399e-03,-1.477332133799791336e-02,9.281667880713939667e-03,-1.546944677829742432e-02,-5.398191977292299271e-03,-3.243427351117134094e-02,4.740740638226270676e-03,-8.398620411753654480e-03,-3.704932332038879395e-02,-9.423471055924892426e-03,7.354432716965675354e-03,-2.527965418994426727e-02,-1.033230125904083252e-02,-2.332019060850143433e-02,1.606244221329689026e-02,-7.760505657643079758e-03,3.506407840177416801e-03,1.758360490202903748e-02,-8.224588818848133087e-03,-2.867004089057445526e-02,4.976005293428897858e-03,1.567570492625236511e-02,-3.343978524208068848e-02,1.008736807852983475e-02,1.962041482329368591e-02,-4.576378036290407181e-03,1.937548071146011353e-02,3.367827273905277252e-03,5.614120047539472580e-03,-1.513427495956420898e-02,-5.278948694467544556e-03,9.971347637474536896e-03,-1.021627988666296005e-02,9.262330830097198486e-03,2.495737373828887939e-02,7.225520443171262741e-03,-1.906286925077438354e-03,-1.504403632134199142e-02,-1.236266549676656723e-02,2.424835786223411560e-02,2.578241005539894104e-02,7.721832022070884705e-03,-1.276873890310525894e-02,-1.760938577353954315e-02,-1.320542884059250355e-03,-3.216355806216597557e-03,-1.163431257009506226e-02,4.586690664291381836e-02,-1.799934543669223785e-03,-5.704358220100402832e-03,-1.321348547935485840e-02,3.644988406449556351e-03,2.825752273201942444e-02,4.676284734159708023e-03,-1.360022183507680893e-02,-1.363889500498771667e-02,3.516720980405807495e-02,1.581750810146331787e-02,1.824105507694184780e-03,4.220580682158470154e-02,5.865498445928096771e-03,7.096608635038137436e-03,2.990759536623954773e-02,3.248583758249878883e-03,2.183770202100276947e-02,-1.617846265435218811e-02,-1.215640641748905182e-02,-1.628159172832965851e-02,1.470886543393135071e-02,-6.526172626763582230e-03,4.592491779476404190e-03,-4.406214132905006409e-02,-3.470957046374678612e-03,-1.869224756956100464e-02,2.056147158145904541e-02,2.977868355810642242e-02,1.329083275049924850e-02,6.967696361243724823e-03,9.655512869358062744e-03,9.681295603513717651e-03,1.113155577331781387e-02,-3.057793900370597839e-02,-1.517294906079769135e-02,4.341113381087779999e-03,-2.694261819124221802e-02,1.499247178435325623e-02,2.058725431561470032e-02,-5.257194861769676208e-04,1.669411081820726395e-03,-1.464440952986478806e-02,-9.320341050624847412e-03,1.106709986925125122e-02,-7.103054318577051163e-03,1.773829758167266846e-02,1.659742672927677631e-03,-1.353576593101024628e-02,1.800901442766189575e-02,-3.328509256243705750e-02,7.032152265310287476e-03,-1.331661548465490341e-02,5.398191977292299271e-03,1.129269599914550781e-02,1.608822494745254517e-02,-1.546944677829742432e-02,9.868217632174491882e-03,1.499247178435325623e-02,1.172455120831727982e-02,7.256338722072541714e-05,-2.168300747871398926e-02,9.584611281752586365e-03,-1.933680847287178040e-02,2.223732881247997284e-02,-2.279165014624595642e-02,1.009381376206874847e-02,-4.830979276448488235e-03,-3.849313780665397644e-02,6.116876844316720963e-03,1.892428845167160034e-02,4.379787016659975052e-03,2.781922183930873871e-02,-4.363672807812690735e-03,-1.015182398259639740e-02,1.740312762558460236e-02,1.014537829905748367e-02,2.900521270930767059e-02,-7.876526564359664917e-03,2.830022422131150961e-04,-7.928091217763721943e-04,5.111362785100936890e-03,-1.172455120831727982e-02,-5.259611643850803375e-03,-2.317838743329048157e-02,2.546013100072741508e-03,-1.008736807852983475e-02,2.503472007811069489e-02,6.045975256711244583e-03,-4.711735527962446213e-03,-7.360878400504589081e-03,2.321706153452396393e-02,1.445104088634252548e-02,-2.058725431561470032e-02,-3.444530069828033447e-02,-8.016718202270567417e-04,8.830475620925426483e-03,-2.214064588770270348e-03,-3.692041337490081787e-02,-3.132562711834907532e-02,1.007447671145200729e-02,-2.825752273201942444e-02,1.318125706166028976e-02,9.842434898018836975e-03,2.076773159205913544e-02,-9.784424677491188049e-03,-4.689176101237535477e-03,6.394037976861000061e-03,4.956668242812156677e-03,4.597003757953643799e-02,-2.633673325181007385e-02,2.578241005539894104e-02,-1.187280006706714630e-02,-6.877458188682794571e-03,-2.370692603290081024e-02,-2.228889428079128265e-02,-2.175390953198075294e-03,5.187420919537544250e-02,-1.495379838161170483e-03,5.904172081500291824e-03,-2.217287383973598480e-02,-8.591988123953342438e-03,-1.396117545664310455e-02,-1.815081760287284851e-02,-6.929022725671529770e-03,-1.305879093706607819e-02,1.170521415770053864e-02,-7.541355211287736893e-03,-2.326862514019012451e-02,-3.986605443060398102e-03,2.374560013413429260e-02,1.265271753072738647e-02,-1.258826162666082382e-02,-1.007125363685190678e-03,-3.052637353539466858e-02,-1.592063903808593750e-02,5.646347999572753906e-03,1.008092239499092102e-01,6.481053307652473450e-03,-1.077221357263624668e-03,1.534859184175729752e-03,9.885942563414573669e-04,8.437293581664562225e-03,-9.777978993952274323e-03,-3.743606060743331909e-02,1.833129301667213440e-02,7.238411810249090195e-03,4.034544399473816156e-04,-1.007125363685190678e-03,1.260115299373865128e-03,3.761009080335497856e-03,-3.906035097315907478e-03,1.387093681842088699e-02,-1.564992405474185944e-02,-1.758360490202903748e-02,-9.713523089885711670e-03,8.830475620925426483e-03,1.818948984146118164e-02,1.307812798768281937e-02,1.916922256350517273e-02,1.142805349081754684e-02,5.162927787750959396e-03,-2.342331968247890472e-02,5.594782996922731400e-03,5.174529924988746643e-02,9.152756072580814362e-03,-2.665901184082031250e-02,-5.011456087231636047e-04,-4.634388256818056107e-03,1.247868686914443970e-02,5.820379126816987991e-03,4.917994607239961624e-03,2.771609090268611908e-02,-4.731072112917900085e-03,2.114157751202583313e-02,3.160923719406127930e-02,-1.361311320215463638e-02,3.310461342334747314e-02,1.393539272248744965e-02,3.039101604372262955e-03,-1.407719589769840240e-02,-9.184983791783452034e-04,1.846020668745040894e-02,2.191504836082458496e-02,1.186635438352823257e-02,-2.546012960374355316e-02,-7.650930434465408325e-03,5.352428555488586426e-02,-1.460573542863130569e-02,-2.383583784103393555e-02,2.877961611375212669e-03,1.379358954727649689e-02,1.287186890840530396e-02,4.154190886765718460e-03,2.081929706037044525e-02,1.183573738671839237e-03,2.882473543286323547e-02,-6.613188423216342926e-03,-1.713241264224052429e-02,-5.304730962961912155e-03,-1.873092167079448700e-02,3.583755111321806908e-03,-9.913336485624313354e-03,-1.004869490861892700e-02,-1.420610863715410233e-02,-1.442525908350944519e-02,1.160853076726198196e-02,-1.816370896995067596e-02,-1.933680847287178040e-02,-4.473248030990362167e-03,-9.855326265096664429e-03,2.910834178328514099e-02,2.867004089057445526e-02,7.270639762282371521e-03,9.926227852702140808e-03,1.385804545134305954e-02,1.114444714039564133e-02,-5.836493335664272308e-03,-1.465729996562004089e-02,-5.224160850048065186e-03,-2.515074238181114197e-02,-4.505476448684930801e-03,1.169876847416162491e-02,-1.322637684643268585e-02,-5.017901770770549774e-03,-2.918568812310695648e-02,-3.358158981427550316e-03,2.856691181659698486e-02,1.530186086893081665e-02,1.064169034361839294e-02,5.649570841342210770e-03,-2.562127076089382172e-03,-1.389671955257654190e-02,-1.096396986395120621e-02,-3.480625338852405548e-03,1.223375368863344193e-02,-3.632097039371728897e-03,2.624649368226528168e-02,-5.701135378330945969e-03,-8.340610191226005554e-03,2.468665828928351402e-03,3.916348144412040710e-02,-8.198807016015052795e-03,-1.073192805051803589e-02,1.630737446248531342e-02,-3.021698445081710815e-02,-2.084507979452610016e-02,1.517294906079769135e-02,-2.298501878976821899e-02,6.223229225724935532e-03,-4.702067002654075623e-03,-8.862704038619995117e-03,4.711735527962446213e-03,-1.341974455863237381e-02,2.334597334265708923e-02,1.996847614645957947e-02,-1.407719589769840240e-02,-1.406430453062057495e-02,-1.518583949655294418e-02,4.029790684580802917e-02,-8.398620411753654480e-03,-1.108643691986799240e-02,2.074194885790348053e-02,1.035808306187391281e-02,-1.518583949655294418e-02,-2.039388753473758698e-02,1.085439510643482208e-02,1.920789666473865509e-02,1.950439438223838806e-02,-3.219578415155410767e-03,7.362086762441322207e-05,-1.474753860384225845e-02,3.338822163641452789e-03,-2.480267919600009918e-02,9.726414456963539124e-03,-2.977868355810642242e-02,1.727421535179018974e-03,-2.147674746811389923e-02,-3.880252689123153687e-02,-1.187924575060606003e-02,-3.728136420249938965e-02,-1.040320284664630890e-02,-3.844157233834266663e-02,-3.276944532990455627e-02,2.779666101559996605e-03,-7.857189513742923737e-03,2.546012960374355316e-02,-2.895364724099636078e-02,-1.761260908097028732e-03,-1.643628627061843872e-02,-4.183195997029542923e-03,1.889850758016109467e-02,-1.402563136070966721e-02,-1.345841865986585617e-02,2.970133721828460693e-02,2.797391638159751892e-02,1.848598755896091461e-02,1.402563136070966721e-02,-1.397084328345954418e-03,2.145096473395824432e-02,6.735654547810554504e-03,5.214492324739694595e-03,-4.443437210284173489e-04,-1.142805349081754684e-02,3.193796146661043167e-03,-3.328509256243705750e-02,8.817584253847599030e-03,1.771251671016216278e-02,-4.573155194520950317e-03,8.778911083936691284e-03,2.374560013413429260e-02,2.756139636039733887e-02,1.394828408956527710e-02,-3.251806600019335747e-03,-1.082861237227916718e-02,-1.316836662590503693e-02,-2.819951158016920090e-03,4.569932352751493454e-03,-6.055643782019615173e-03,2.152831293642520905e-03,2.281743334606289864e-03,-1.388382818549871445e-02,-1.813792623579502106e-02,5.331802368164062500e-02,-2.553747780621051788e-02,2.110290341079235077e-02,-6.078203208744525909e-03,5.469094030559062958e-03,-3.423904255032539368e-02,-5.343404598534107208e-03,-2.566638961434364319e-02,-2.223732881247997284e-02,-4.644862492568790913e-04,4.466802813112735748e-03,1.821527257561683655e-02,1.842153258621692657e-02,1.432212907820940018e-02,-1.225953642278909683e-02,1.819271361455321312e-03,-1.637183129787445068e-02,-1.768673397600650787e-02,-1.575305312871932983e-02,-1.536470488645136356e-03,-3.040713025256991386e-03,4.702067002654075623e-03,-3.238537601646385156e-06,-4.898658022284507751e-03,-3.287257393822073936e-03,-1.847309805452823639e-02,-1.049988623708486557e-02,-4.643412306904792786e-02,4.337890539318323135e-03,4.559760418487712741e-05,-6.352141499519348145e-03,1.006803102791309357e-02,-2.838643454015254974e-02,-2.408077195286750793e-02,2.332019060850143433e-02,-4.647279623895883560e-03,2.422257512807846069e-02,-1.283319480717182159e-02,2.341042831540107727e-02,1.144094485789537430e-02,-7.090162951499223709e-03,-1.815081760287284851e-02,2.538278326392173767e-02,1.043543033301830292e-02,-6.987033411860466003e-03,-5.237051937001524493e-06,4.210267588496208191e-02,6.126545369625091553e-03,4.837424959987401962e-03,-7.586474530398845673e-03,1.155051961541175842e-02,-2.931459993124008179e-02,-4.645990207791328430e-02,1.452838815748691559e-02,-8.733791299164295197e-03,-1.084794942289590836e-02,-8.927159942686557770e-03,-3.307883441448211670e-02,5.865498445928096771e-03,-5.775259807705879211e-03,-2.303658425807952881e-02,-2.976257121190428734e-03,-2.035521343350410461e-02,-1.433502044528722763e-02,-3.532190248370170593e-02,1.942704617977142334e-02,-9.539491496980190277e-03,9.765087626874446869e-03,-1.558546721935272217e-02,-1.093818806111812592e-02,-1.144739054143428802e-02,-2.272719517350196838e-02,-1.329083275049924850e-02,9.062517434358596802e-03,-2.419679239392280579e-02,1.699060946702957153e-02,3.089054953306913376e-03,-1.071259193122386932e-02,7.554246112704277039e-03,1.405947026796638966e-03,-1.338107138872146606e-02,-6.485887570306658745e-04,-1.530186086893081665e-02,2.766452729701995850e-02,-2.301080152392387390e-03,-1.334239728748798370e-03,-1.509560178965330124e-02,1.182768121361732483e-02,-4.479693714529275894e-03,-2.089986577630043030e-03,-2.404209692031145096e-03,-2.261117473244667053e-02,-6.183750228956341743e-04,-2.401631511747837067e-02,1.717108488082885742e-02,4.057507030665874481e-03,-1.179545279592275620e-02,-5.166150629520416260e-03,-1.862779073417186737e-02,-1.332950592041015625e-02,-7.812070194631814957e-03,7.038597948849201202e-03,2.004582434892654419e-02,-1.652652584016323090e-02,-1.776408031582832336e-02,-8.967444882728159428e-04,-2.745423989836126566e-04,7.322204764932394028e-03,-5.340181756764650345e-03,-3.586333245038986206e-02,-1.337462599622085690e-04,4.798106476664543152e-02,-2.620781958103179932e-02,2.313971333205699921e-02,-3.367182984948158264e-02,1.099619828164577484e-02,-9.255885146558284760e-03,2.701996639370918274e-02,8.250371553003787994e-03,1.042898464947938919e-02,1.438658498227596283e-02,-2.499604783952236176e-02,2.465442987158894539e-03,-1.561447279527783394e-03,1.319414842873811722e-02,2.936616539955139160e-02,-4.618274513632059097e-03,-1.641050353646278381e-02,2.557615190744400024e-02,2.810282818973064423e-02,1.670700125396251678e-02,-9.281667880713939667e-03,-8.741848869249224663e-04,1.938837207853794098e-02,6.484276149421930313e-03,5.446534138172864914e-03,2.954664267599582672e-02,-2.267562970519065857e-02,-3.512853523716330528e-03,-5.852607078850269318e-03,1.086728647351264954e-02,1.326505001634359360e-02,-2.157987840473651886e-02,-9.184983558952808380e-03,-1.516005769371986389e-02,-4.914772231131792068e-03,-2.079351432621479034e-02,-1.684880442917346954e-02,-9.784424677491188049e-03,-2.750983275473117828e-02,-2.802225761115550995e-03,2.297212742269039154e-02,1.302011776715517044e-02,-2.988181449472904205e-02,1.464440952986478806e-02,-5.714026745408773422e-03,1.407719589769840240e-02,3.035878762602806091e-03,1.454127952456474304e-02,1.282674958929419518e-03,-8.061031694523990154e-04,-2.903099358081817627e-02,-3.390387073159217834e-02,-1.789299212396144867e-02,-6.184555590152740479e-03,1.938837207853794098e-02,3.106780583038926125e-03,-8.353500626981258392e-03,-1.759649487212300301e-03,-9.475035592913627625e-03,-4.341758042573928833e-02,-1.905320212244987488e-02,2.177002374082803726e-03,9.004507213830947876e-03,1.061913091689348221e-03,1.999425888061523438e-02,7.483344525098800659e-03,1.660387217998504639e-02,2.129063068423420191e-04,-5.620565731078386307e-03,-2.030364796519279480e-02,-3.119671717286109924e-02,4.363672807812690735e-03,-1.321348547935485840e-02,8.282599039375782013e-03,1.442525908350944519e-02,-3.235692530870437622e-02,-1.878248527646064758e-02,8.733791299164295197e-03,-1.644917763769626617e-02,1.834418438374996185e-02,-5.272503010928630829e-03,-2.360379695892333984e-02,-1.235621981322765350e-02,-1.314902957528829575e-02,9.176926687359809875e-04,1.112511008977890015e-02,-1.483777724206447601e-02,9.900446049869060516e-03,-1.751914806663990021e-02,1.898229937069118023e-03,-2.065815730020403862e-03,-5.269280169159173965e-03,-3.684306517243385315e-02,-5.382078234106302261e-03,7.824962027370929718e-03,-4.379787016659975052e-03,1.086889766156673431e-03,-9.378352202475070953e-03,4.843870177865028381e-03,6.916131824254989624e-03,6.896794773638248444e-03,4.370118677616119385e-02,-6.074980366975069046e-03,-2.306236699223518372e-02,2.592421323060989380e-02,-1.414165180176496506e-02,-3.124828077852725983e-02,-2.668479457497596741e-02,3.738449513912200928e-02,6.477830465883016586e-03,4.627942573279142380e-03,1.256892550736665726e-02,-5.784928333014249802e-03,4.163859412074089050e-02,-1.384515408426523209e-02,1.434791181236505508e-02,-3.699775785207748413e-02,-2.953697461634874344e-03,3.503184998407959938e-03,5.336958914995193481e-03,-2.462220191955566406e-02,2.720044367015361786e-02,4.112294409424066544e-03,-6.677644327282905579e-03,8.714455179870128632e-03,1.864068210124969482e-02,1.198237575590610504e-02,-1.244645845144987106e-02,-1.757071353495121002e-02,4.702067002654075623e-03,-1.185346301645040512e-02,-2.587264962494373322e-02,-2.784500364214181900e-03,-1.632348867133259773e-03,-1.423189043998718262e-02,-2.475111372768878937e-02,9.146310389041900635e-03,-2.129627019166946411e-02,3.282423131167888641e-03,2.091469168663024902e-01,-9.249439463019371033e-03,2.165722427889704704e-03,2.964977174997329712e-02,5.607674364000558853e-03,-4.505476448684930801e-03,5.076556652784347534e-02,2.098688296973705292e-02,3.838356351479887962e-03,5.717249587178230286e-03,-1.844731532037258148e-02,-2.241458278149366379e-03,-1.329083275049924850e-02,-2.995593938976526260e-03,6.171664688736200333e-03,-1.208550482988357544e-02,-3.140297532081604004e-02,7.799179293215274811e-03,-3.425837727263569832e-03,-2.437726967036724091e-02,6.748545914888381958e-03,-1.903064199723303318e-03,-2.763874456286430359e-02,-1.472175680100917816e-02,1.283319480717182159e-02,-4.444242920726537704e-03,8.740236982703208923e-03,1.492801588028669357e-02,-2.220510039478540421e-03,9.204320609569549561e-03,-4.131631460040807724e-03,-1.198882050812244415e-02,-9.565274231135845184e-03,-6.703426595777273178e-03,-1.543077267706394196e-02,3.282423131167888641e-03,2.573084644973278046e-02,1.394828408956527710e-02,2.371981739997863770e-03,-1.001002080738544464e-02,3.941486123949289322e-03,-5.714026745408773422e-03,1.330372411757707596e-02,-1.494090724736452103e-02,-2.136072702705860138e-02,3.810640424489974976e-02,-6.255457177758216858e-03,-1.042898464947938919e-02,-3.664324991405010223e-03,3.153188899159431458e-02,-9.719968773424625397e-03,8.127904497087001801e-03,2.589843049645423889e-02,1.017760671675205231e-02,7.247274625115096569e-04,1.240778528153896332e-02,2.366825379431247711e-02,3.738449513912200928e-02,-1.901452802121639252e-02,-8.629050571471452713e-04,-1.227887347340583801e-02,4.528035875409841537e-03,-1.145383622497320175e-02,2.428703010082244873e-02,-1.090595964342355728e-02,3.354291617870330811e-02,-9.893999667838215828e-04,3.935040440410375595e-03,-3.601480566430836916e-04,-1.223375368863344193e-02,-2.769030816853046417e-02,-2.636251412332057953e-02,-2.915990725159645081e-02,-1.870513893663883209e-02,-7.360878400504589081e-03,-1.826683804392814636e-02,2.279165014624595642e-02,9.320341050624847412e-03,-1.085681215045042336e-04,1.293632481247186661e-02,1.031296420842409134e-02,-2.286899834871292114e-02,-1.104776281863451004e-02,2.132205292582511902e-02,6.342472974210977554e-03,-3.096467442810535431e-02,1.310390979051589966e-02,-2.075484022498130798e-03,-3.122249990701675415e-02,3.296925686299800873e-03,2.263695560395717621e-02,-1.817660033702850342e-02,2.964977174997329712e-03,-2.592421323060989380e-02,-9.201098000630736351e-04,1.989112980663776398e-02,3.873807145282626152e-03,2.255960926413536072e-02,2.209230326116085052e-03,-1.758360490202903748e-02,-2.047123387455940247e-02,-2.696840092539787292e-02,3.985960781574249268e-02,3.108391771093010902e-03,-1.755782216787338257e-02,3.045547287911176682e-03,2.961754333227872849e-03,2.085796929895877838e-02,1.312969252467155457e-02,-3.609537333250045776e-02,-3.258252050727605820e-03,-2.155409567058086395e-02,1.610111631453037262e-02,-1.218863483518362045e-02,2.151542156934738159e-02,1.164075825363397598e-02,-1.220152620226144791e-02,-1.659098081290721893e-02,3.338822349905967712e-02,9.694186039268970490e-03,-1.277518458664417267e-02,-1.648785173892974854e-02,1.263338141143321991e-02,2.065171115100383759e-02,-2.918568812310695648e-02,-4.016899690032005310e-02,-2.963365754112601280e-03,2.315260469913482666e-02,2.018762752413749695e-02,-1.590774767100811005e-02,-7.315759081393480301e-03,-9.855326265096664429e-03,-1.344552729278802872e-02,8.385729044675827026e-03,8.411511778831481934e-03,1.638472266495227814e-02,2.653976902365684509e-03,-7.960319519042968750e-03,1.023561693727970123e-02,-3.893143963068723679e-03,2.061303704977035522e-02,-4.772968590259552002e-03,2.564060688018798828e-02,1.469597406685352325e-02,1.343263592571020126e-02,-6.645416375249624252e-03,1.992980390787124634e-02,-5.220937891863286495e-04,4.679507575929164886e-03,-8.617770858108997345e-03,-4.676929116249084473e-02,4.125185776501893997e-03,-6.999924313277006149e-03,8.063448593020439148e-03,1.611400581896305084e-02,-3.617272153496742249e-02,-5.004365742206573486e-02,-1.344552729278802872e-02,1.466374611482024193e-03,-1.456706225872039795e-02,-4.741385206580162048e-02,2.717466093599796295e-02,4.029790684580802917e-02,-1.775118894875049591e-02,-1.704861875623464584e-03,-1.396278617903590202e-03,-1.620166748762130737e-01,-1.949794823303818703e-03,1.893717981874942780e-02,-1.424478180706501007e-02,7.264194078743457794e-03,-1.348420046269893646e-02,2.383583784103393555e-02,-5.891280714422464371e-03,-1.543721882626414299e-03,-5.688244476914405823e-03,1.077060215175151825e-02,-1.388382818549871445e-02,-3.117093443870544434e-02,-1.291698776185512543e-02,-9.442808106541633606e-03,3.053604159504175186e-03,-2.081929706037044525e-02,1.709696138277649879e-03,2.769030816853046417e-02,2.375849150121212006e-02,3.521877154707908630e-02,-3.044902719557285309e-02,1.020338851958513260e-02,-1.313613820821046829e-02,1.155696529895067215e-02,2.913412451744079590e-02,6.613188423216342926e-03,-1.708084717392921448e-02,-8.604879491031169891e-03,-3.416169434785842896e-02,1.287831366062164307e-02,2.755495021119713783e-03,-7.025707047432661057e-03,-2.161855064332485199e-02,1.334239728748798370e-02,1.610111631453037262e-02,-2.381005696952342987e-02,-6.838784553110599518e-03,5.871944129467010498e-03,4.434574767947196960e-02,1.956884935498237610e-02,2.326862514019012451e-02,-1.550811994820833206e-02,-7.190875476226210594e-05,1.724843308329582214e-02,1.990402117371559143e-02,3.593423403799533844e-03,5.253166309557855129e-04,2.584686689078807831e-02,-4.295349493622779846e-02,-1.599315204657614231e-03,-1.637183129787445068e-02,3.738449513912200928e-02,-4.573155194520950317e-03,1.918211393058300018e-02,2.647853642702102661e-02,-7.167510222643613815e-03,-4.850315861403942108e-03,-1.214351505041122437e-02,1.343102427199482918e-03,-1.616557128727436066e-02,-1.733867079019546509e-02,2.111579477787017822e-02,4.337890539318323135e-03,-9.062517434358596802e-03,-1.762227714061737061e-02,-1.523740496486425400e-02,-9.855326265096664429e-03,-3.931817784905433655e-02,1.372913364320993423e-02,-2.851534634828567505e-02,-9.823098778724670410e-03,4.862401401624083519e-04,-3.080997988581657410e-02,9.371906518936157227e-03,3.096467442810535431e-02,-5.469094030559062958e-03,-1.460573542863130569e-02,1.635893993079662323e-02,1.206616777926683426e-02,-2.877316996455192566e-02,3.155767172574996948e-02,-2.900521270930767059e-02,-9.547548834234476089e-04,7.270639762282371521e-03,-8.643553592264652252e-03,2.761940704658627510e-03,-2.442883327603340149e-02,5.224160850048065186e-03,-1.060301624238491058e-02,-5.465871188789606094e-03,-4.766523372381925583e-03,-1.344552729278802872e-02,-8.488859049975872040e-03,3.702354058623313904e-02,1.885983347892761230e-02,1.379358954727649689e-02,-7.405997253954410553e-03,-8.785356767475605011e-03,-7.580028846859931946e-03,-2.360702026635408401e-03,-1.406430453062057495e-02,-6.410151720046997070e-03,4.511921852827072144e-02,1.282674912363290787e-02,-5.533549934625625610e-03,1.643628627061843872e-02,6.735654547810554504e-03,3.967912867665290833e-02,1.129269599914550781e-02,5.179041530936956406e-03,-4.121962934732437134e-03,8.424402214586734772e-03,2.543434873223304749e-02,-3.756497055292129517e-02,1.849887892603874207e-02,-5.401414819061756134e-03,-1.323926821351051331e-02,3.148032352328300476e-02,-1.974932663142681122e-02,5.306020006537437439e-02,3.256318345665931702e-02,1.224664505571126938e-02,-2.121006109518930316e-04,-5.810710601508617401e-03,-2.954664267599582672e-02,-1.015826985239982605e-01,-1.161497551947832108e-02,-1.432535238564014435e-03,8.546869270503520966e-03,5.900949239730834961e-03,3.297570347785949707e-02,-9.964901953935623169e-03,-1.211128756403923035e-02,-5.849384237080812454e-03,1.989112980663776398e-02,-8.173024281859397888e-03,-1.314902957528829575e-02,-1.120890304446220398e-02,-1.411586999893188477e-02,1.278807595372200012e-02,-1.071259193122386932e-02,-3.255029441788792610e-03,-3.182516200467944145e-03,-2.467376738786697388e-02,2.882473543286323547e-02,1.221441663801670074e-02,1.633315719664096832e-02,5.821184604428708553e-04,-2.338464558124542236e-02,4.173527704551815987e-04,1.002291217446327209e-02,-3.336244076490402222e-02,1.928524300456047058e-02,8.347055874764919281e-03,1.169232279062271118e-02,1.593353040516376495e-02,2.115769078955054283e-03,7.154618855565786362e-03,3.201853018254041672e-03,-2.900521270930767059e-02,-1.987823843955993652e-02,-5.071400105953216553e-02,1.864068210124969482e-02,8.501749485731124878e-03,-3.408434614539146423e-02,-1.454289071261882782e-03,1.085439510643482208e-02,-2.838643454015254974e-02,-9.507264010608196259e-03,2.753561362624168396e-02,1.004224922508001328e-02,2.558904234319925308e-03,3.338822163641452789e-03,3.382652252912521362e-02,-1.595931127667427063e-02,-1.909187436103820801e-02,4.950223024934530258e-03,-4.310819134116172791e-02,-2.945640357211232185e-03,1.659098081290721893e-02,-2.500893734395503998e-02,1.196303870528936386e-02,-5.510990042239427567e-03,-5.133922677487134933e-03,2.794813364744186401e-02,-1.233043801039457321e-02,1.271717436611652374e-02,1.113800145685672760e-02,1.445104088634252548e-02,4.176750313490629196e-03,1.554679311811923981e-02,-3.315617889165878296e-02,-1.514716632664203644e-02,4.009164869785308838e-02,-1.705506443977355957e-02,1.040320284664630890e-02,8.604879491031169891e-03,-2.199239656329154968e-02,3.178971260786056519e-02,-2.879895269870758057e-02,-1.793488976545631886e-03,-1.949150301516056061e-02,-4.566709510982036591e-03,1.946572028100490570e-02,-4.403635859489440918e-02,3.561195451766252518e-03,-2.014895342290401459e-02,6.313467863947153091e-03,-1.896296255290508270e-02,9.597502648830413818e-03,-1.610111631453037262e-02,1.292987912893295288e-02,-1.735156215727329254e-02,-6.265125703066587448e-03,1.111221872270107269e-02,-8.508195169270038605e-03,-4.906714893877506256e-04,1.166654098778963089e-02,-3.970491141080856323e-02,6.864566821604967117e-03,4.850315861403942108e-03,8.490067557431757450e-05,-1.656519807875156403e-02,-2.192793972790241241e-02,1.546944677829742432e-02,-2.003293298184871674e-02,-1.847309805452823639e-02,-4.411370307207107544e-02,3.292413800954818726e-02,-4.872875753790140152e-03,-2.147674746811389923e-02,3.137719258666038513e-02,-2.580819278955459595e-02,5.156482104212045670e-03,-2.918568812310695648e-02,9.404134005308151245e-03,-1.992980390787124634e-02,-5.285394378006458282e-03,2.498315647244453430e-02,-2.910592302214354277e-04,1.491351285949349403e-03,-5.936400033533573151e-03,1.284608617424964905e-02,1.155696529895067215e-02,2.092242613434791565e-02,1.005513966083526611e-02,2.235334925353527069e-02,7.264194078743457794e-03,-4.441020078957080841e-03,-3.615580208133906126e-04,-2.604023553431034088e-03,5.936400033533573151e-03,4.502253606915473938e-03,2.391318604350090027e-02,1.969776116311550140e-02,2.349422080442309380e-03,-1.116378419101238251e-02,2.098688296973705292e-02,-3.547659516334533691e-02,1.310390979051589966e-02,6.066923378966748714e-04,3.335599321871995926e-03,-3.176392987370491028e-02,1.922401017509400845e-03,-8.952941745519638062e-03,2.910189563408493996e-03,4.715602844953536987e-02,-1.331419771304354072e-04,-2.052924362942576408e-03,6.058866623789072037e-03,-1.334239728748798370e-02,7.522018160670995712e-03,-6.577737629413604736e-03,-3.390386933460831642e-03,-4.041392821818590164e-03,3.570863977074623108e-02,1.934969983994960785e-02,2.442883327603340149e-02,1.052566897124052048e-02,-1.416743453592061996e-02,8.372837677597999573e-03,1.081249793060123920e-03,-1.501825451850891113e-02,2.699418365955352783e-02,2.745826728641986847e-03,1.446393225342035294e-02,-3.779701516032218933e-02,-1.283077726839110255e-04,5.614120047539472580e-03,-1.274617970921099186e-03,-1.202749460935592651e-02,-6.922577042132616043e-03,-6.722763646394014359e-03,-1.167298667132854462e-02,4.389455541968345642e-03,-9.887554682791233063e-03,-7.863635197281837463e-03,-2.089664340019226074e-02,-2.934360643848776817e-03,-6.091094575822353363e-03,1.140227075666189194e-02,-1.135070621967315674e-02,-9.913336485624313354e-03,-2.076773159205913544e-02,1.457995362579822540e-02,2.135105896741151810e-03,4.482916556298732758e-03,-2.188926748931407928e-02,-2.074194885790348053e-02,3.993050660938024521e-03,4.586046095937490463e-03,1.505692768841981888e-02,1.092529669404029846e-02,-1.581750810146331787e-02,-1.959463208913803101e-02,2.115446701645851135e-02,-7.115945219993591309e-03,1.098975259810686111e-02,2.181191928684711456e-02,2.665901184082031250e-02,5.842939019203186035e-03,1.915955333970487118e-03,1.218863483518362045e-02,-1.671989262104034424e-02,-5.617342889308929443e-03,-1.256086863577365875e-03,1.963330619037151337e-02,6.664752960205078125e-03,7.264194078743457794e-03,-1.857622712850570679e-02,-2.369403466582298279e-02,-1.372913364320993423e-02,-6.416597403585910797e-03,-6.800110917538404465e-03,-3.222801163792610168e-02,-1.642339490354061127e-02,2.183770202100276947e-02,5.427197553217411041e-03,-1.234332937747240067e-02,5.997633095830678940e-03,1.153118349611759186e-02,-1.518583949655294418e-02,5.607674364000558853e-03,1.225309073925018311e-02,3.000427968800067902e-03,-2.156698703765869141e-02,4.566064849495887756e-02,1.844731532037258148e-02,1.807346940040588379e-02,2.650431729853153229e-02,-1.004869490861892700e-02,4.955056938342750072e-04,-1.040320284664630890e-02,2.163144201040267944e-02,-3.406500909477472305e-03,3.303371369838714600e-03,-1.885983347892761230e-02,-5.333736073225736618e-03,-1.994913909584283829e-03,-4.540282487869262695e-02,4.660170525312423706e-03,5.056575406342744827e-03,6.239343434572219849e-03,5.759146064519882202e-03,1.031940989196300507e-02,-2.769030816853046417e-02,3.921504691243171692e-02,-1.122179441154003143e-02,-1.615267992019653320e-02,3.380718640983104706e-03,1.537920814007520676e-02,1.964619755744934082e-02,6.355364341288805008e-03,5.659238900989294052e-03,-1.874381303787231445e-02,-6.703426595777273178e-03,1.137004327028989792e-02,-1.732577942311763763e-02,1.528896950185298920e-02,1.124113146215677261e-02,-4.099403321743011475e-02,-9.758641943335533142e-03,8.321273140609264374e-03,-9.075408801436424255e-03,-2.392607741057872772e-02,4.092957824468612671e-03,5.481340363621711731e-02,-1.604955084621906281e-02,1.586907356977462769e-02,6.485887570306658745e-04,-2.239202335476875305e-02,-2.757106442004442215e-03,4.545439034700393677e-02,-2.244358882308006287e-02,2.594355028122663498e-03,-4.138077050447463989e-02,-1.235944335348904133e-03,2.786111785098910332e-03,-4.246363043785095215e-02,-2.673636004328727722e-02,5.382078234106302261e-03,-2.231467701494693756e-02,-9.094744920730590820e-03,2.351033501327037811e-03,8.366391994059085846e-03,6.761437281966209412e-03,-2.428703010082244873e-02,2.984313992783427238e-03,-2.169589884579181671e-02,-2.245648019015789032e-02,3.962756320834159851e-02,2.890208177268505096e-02,1.013893261551856995e-02,7.032152265310287476e-03,-1.338107138872146606e-02
-3.071408346295356750e-02,-3.756303340196609497e-02,-1.583487540483474731e-02,-3.015661053359508514e-02,2.044066088274121284e-03,2.067957818508148193e-02,-1.805149251595139503e-03,-9.828772395849227905e-03,-1.381735596805810928e-02,-1.371117029339075089e-02,6.158744450658559799e-03,2.925403602421283722e-02,3.353131003677845001e-03,7.379875052720308304e-03,6.928587332367897034e-03,2.265727706253528595e-02,1.842314004898071289e-02,2.861692383885383606e-02,1.191929448395967484e-02,-7.678520865738391876e-03,-2.324129641056060791e-02,4.350277129560709000e-03,7.034772541373968124e-03,-2.582956105470657349e-02,-2.430314943194389343e-02,-9.244753047823905945e-03,8.528002537786960602e-03,-5.163257941603660583e-03,-1.139002735726535320e-03,-1.239712815731763840e-02,-1.714891754090785980e-02,-7.453706930391490459e-04,-3.103263862431049347e-02,-3.437747433781623840e-02,-4.045657813549041748e-02,-2.357312478125095367e-02,3.112555015832185745e-03,-1.660471782088279724e-02,1.203211583197116852e-02,-3.004710655659437180e-03,1.474647689610719681e-02,-6.823231524322181940e-05,-4.658877849578857422e-03,1.745419949293136597e-02,-1.879478991031646729e-02,-2.185093238949775696e-03,-3.230686113238334656e-02,-9.065565653145313263e-03,-2.105122618377208710e-02,1.156091876327991486e-02,1.384390145540237427e-02,2.896202728152275085e-02,-9.702676907181739807e-03,6.301430985331535339e-03,-1.099017355591058731e-02,5.030526313930749893e-03,-1.271568331867456436e-02,-1.020373892970383167e-03,-5.647727753967046738e-03,-2.005573920905590057e-02,-4.400051198899745941e-03,1.287496183067560196e-02,2.488716738298535347e-03,5.933100823312997818e-03,-1.655162498354911804e-02,6.814936059527099133e-04,1.134854834526777267e-02,8.096625097095966339e-03,-7.592245470732450485e-03,-2.176797576248645782e-02,4.722588881850242615e-02,1.684363558888435364e-02,4.396732896566390991e-03,-3.975724976044148207e-04,4.051630850881338120e-03,-2.505971863865852356e-02,-6.915314588695764542e-03,5.263636121526360512e-04,-2.417041733860969543e-02,-6.128879729658365250e-03,7.957257330417633057e-03,-4.470399022102355957e-02,-1.317360717803239822e-02,3.323598206043243408e-02,1.333952229470014572e-02,-2.135318936780095100e-03,-2.938676811754703522e-02,4.558001831173896790e-02,3.364745061844587326e-03,-2.215289697051048279e-02,1.172683387994766235e-02,2.006901241838932037e-02,-1.305414922535419464e-02,1.478629559278488159e-02,-9.682767093181610107e-03,-1.258295215666294098e-02,-2.983805537223815918e-02,4.693388193845748901e-02,-1.685690879821777344e-02,-1.216484792530536652e-02,-1.363153103739023209e-02,1.931244134902954102e-02,-2.818886423483490944e-03,-1.077116653323173523e-02,-9.689403697848320007e-03,-1.371117029339075089e-02,-1.842314004898071289e-02,-1.567559689283370972e-02,1.422882359474897385e-02,-3.416510298848152161e-02,6.613350007683038712e-03,3.084681555628776550e-02,4.526146221905946732e-03,-3.907617181539535522e-02,-1.947171986103057861e-02,-1.910007186233997345e-02,6.029331125319004059e-03,-1.821077056229114532e-02,-9.271299466490745544e-03,-7.094501983374357224e-03,-5.392219871282577515e-03,1.474647689610719681e-02,3.411201061680912971e-03,-1.243694778531789780e-02,-8.094810254988260567e-06,1.189274806529283524e-02,-3.567160805687308311e-03,-9.277936071157455444e-03,1.290150824934244156e-02,-8.528002537786960602e-03,1.093708071857690811e-02,-2.954936353489756584e-03,2.674540877342224121e-02,2.192725427448749542e-02,-6.921950727701187134e-03,2.086540125310420990e-02,9.822135791182518005e-03,-3.671355172991752625e-02,1.760352286510169506e-03,-2.041411399841308594e-02,4.068222362548112869e-03,3.899653255939483643e-02,1.112954132258892059e-02,1.239049155265092850e-02,-1.438810117542743683e-02,1.578178256750106812e-02,4.058267455548048019e-03,1.365807745605707169e-02,-3.947436809539794922e-02,2.227235585451126099e-02,2.276346273720264435e-02,-2.515263110399246216e-02,2.768780291080474854e-02,-2.654631249606609344e-02,1.004114281386137009e-02,2.556409873068332672e-02,4.808200988918542862e-03,1.154764555394649506e-02,-1.446774043142795563e-02,-9.749133139848709106e-03,-1.466683764010667801e-02,2.164851687848567963e-02,8.125660242512822151e-04,-7.612155284732580185e-03,1.886115409433841705e-02,5.590653419494628906e-02,-1.156216312665492296e-04,-7.824525237083435059e-03,1.050570327788591385e-02,-4.177725873887538910e-03,7.797979284077882767e-03,-9.211570024490356445e-03,-3.772230818867683411e-02,3.604989126324653625e-02,3.243108949391171336e-05,1.567559689283370972e-02,-2.981482772156596184e-03,2.393150143325328827e-02,-2.790017426013946533e-02,3.147397190332412720e-03,-4.045657813549041748e-02,1.086407806724309921e-02,2.633394114673137665e-02,1.131536532193422318e-02,-6.590121891349554062e-03,-3.166975080966949463e-02,-2.180115785449743271e-03,-5.514996591955423355e-03,9.019109420478343964e-03,-7.665247656404972076e-03,1.162728480994701385e-02,1.661799103021621704e-02,-8.235993795096874237e-03,-3.653436200693249702e-03,-6.307404041290283203e-01,-1.072471030056476593e-02,-2.436951547861099243e-02,-8.043532259762287140e-03,-5.305944010615348816e-03,1.280859578400850296e-02,-4.927659407258033752e-03,-9.928320534527301788e-03,-3.089990839362144470e-02,2.253782004117965698e-02,-1.586142182350158691e-02,3.020970337092876434e-02,6.208518985658884048e-03,-1.349216327071189880e-02,-5.962965544313192368e-03,-5.677592474967241287e-03,-8.255902677774429321e-03,-2.705069258809089661e-02,1.153437234461307526e-02,-7.605518680065870285e-03,-2.167506329715251923e-02,-4.396732896566390991e-03,-8.138103876262903214e-04,1.944517367519438267e-03,1.770639047026634216e-02,1.012078113853931427e-02,1.034642476588487625e-02,-1.135518494993448257e-02,-1.262277178466320038e-02,2.245818078517913818e-02,-1.095699053257703781e-02,3.615607693791389465e-02,-7.771432865411043167e-03,-1.191265787929296494e-02,3.143083304166793823e-02,-3.350144624710083008e-02,7.625428028404712677e-03,4.374832287430763245e-02,1.906025223433971405e-02,2.965223044157028198e-02,-1.071807369589805603e-02,-2.464825101196765900e-02,-4.857975058257579803e-03,-1.320679020136594772e-02,2.016192488372325897e-02,-4.794927779585123062e-03,2.485398435965180397e-03,3.311652457341551781e-03,2.387508982792496681e-03,1.544995419681072235e-02,7.267052773386240005e-03,-1.061852462589740753e-02,2.094669907819479704e-04,8.886378258466720581e-03,-1.159410178661346436e-02,1.972391083836555481e-02,9.510216303169727325e-03,-2.117068320512771606e-02,2.202016673982143402e-02,-1.002123299986124039e-02,2.249800041317939758e-02,1.767984405159950256e-02,1.531390356831252575e-03,-1.647198759019374847e-02,6.854340608697384596e-05,2.410405129194259644e-02,-1.671588106546550989e-04,2.829836867749691010e-02,1.730819605290889740e-02,-7.545789238065481186e-03,1.599415391683578491e-02,-3.703210502862930298e-03,-1.144146081060171127e-02,-1.319351699203252792e-02,5.700820591300725937e-03,-5.400515510700643063e-04,-6.175335962325334549e-03,-4.952546441927552223e-04,-1.539686135947704315e-02,6.384388078004121780e-03,4.705334082245826721e-03,-2.073930576443672180e-03,-1.687018200755119324e-02,-4.290547687560319901e-03,3.283778950572013855e-02,-7.545789238065481186e-03,-3.448366001248359680e-02,2.467479743063449860e-02,-8.089988492429256439e-03,-1.209848187863826752e-02,1.474149874411523342e-03,2.624103054404258728e-02,-6.888768170028924942e-03,1.420227717608213425e-02,8.428454399108886719e-03,1.537031494081020355e-02,2.362621761858463287e-02,1.696309447288513184e-02,3.275815024971961975e-02,-1.123572699725627899e-02,-1.920625753700733185e-02,-2.277673594653606415e-02,5.299307405948638916e-03,-1.214493811130523682e-02,2.742234058678150177e-02,2.075921557843685150e-02,-2.622775733470916748e-02,7.545789238065481186e-03,4.441197961568832397e-02,6.947667861822992563e-05,6.304749287664890289e-03,1.730819605290889740e-02,1.814440451562404633e-02,-1.749401912093162537e-02,-1.039288099855184555e-02,-1.746747270226478577e-02,-8.235993795096874237e-03,6.613350007683038712e-03,8.169627748429775238e-03,-3.820014372467994690e-02,1.434828154742717743e-02,4.509554710239171982e-03,-5.475176963955163956e-03,2.152740053134039044e-04,-6.221791729331016541e-03,3.220067545771598816e-02,1.111626811325550079e-02,-2.175470255315303802e-02,-2.070612274110317230e-02,-4.419961012899875641e-03,-2.811254560947418213e-02,-2.032120153307914734e-02,3.180248290300369263e-02,-6.523756310343742371e-03,2.649321965873241425e-02,-3.260218945797532797e-04,3.729756921529769897e-02,-1.051233988255262375e-02,4.181044176220893860e-02,-1.329306606203317642e-02,6.616668310016393661e-03,4.718606825917959213e-03,5.594635382294654846e-03,8.063442073762416840e-03,2.112091053277254105e-03,-3.206794708967208862e-02,-2.095831371843814850e-02,-8.328905329108238220e-03,-3.920890390872955322e-02,1.887442730367183685e-02,3.825987223535776138e-03,-1.372444350272417068e-02,-1.917971111834049225e-02,-9.019109420478343964e-03,1.383062917739152908e-02,-2.346694096922874451e-02,1.189274806529283524e-02,5.372310057282447815e-03,1.073798350989818573e-02,-2.699759975075721741e-02,1.623306982219219208e-02,2.813909016549587250e-02,-3.347489982843399048e-02,-1.315701636485755444e-03,2.288292162120342255e-02,-1.441464759409427643e-02,1.628616265952587128e-02,3.865806618705391884e-03,-1.335611334070563316e-03,-1.151446253061294556e-02,8.242630399763584137e-03,-5.362355150282382965e-03,-3.020970337092876434e-02,1.614015735685825348e-02,1.653835177421569824e-02,2.407750487327575684e-02,-3.938394365832209587e-04,-1.596760749816894531e-02,-1.968409121036529541e-02,2.760816551744937897e-02,8.820012211799621582e-03,1.333288569003343582e-02,-4.035039618611335754e-02,-2.515263110399246216e-02,-3.723120316863059998e-03,-7.831161841750144958e-03,-1.542340777814388275e-02,3.419164940714836121e-02,-6.955133751034736633e-03,1.629072503419592977e-04,-1.563577726483345032e-02,6.789219565689563751e-03,1.793203316628932953e-02,1.491902768611907959e-02,4.950887057930231094e-03,-8.760282769799232483e-03,1.277541276067495346e-02,1.746747270226478577e-02,-3.945445641875267029e-03,4.250064492225646973e-02,9.477033279836177826e-03,1.407161907991394401e-04,2.271036989986896515e-02,-1.175503944978117943e-03,1.744092628359794617e-02,-2.297583408653736115e-02,-7.658611051738262177e-03,-2.045393362641334534e-02,1.462701801210641861e-02,-2.005905611440539360e-03,-1.494557410478591919e-02,-3.798777237534523010e-02,-6.085742264986038208e-03,-2.490790793672204018e-04,3.270505741238594055e-02,2.170160971581935883e-02,-9.171751327812671661e-03,2.138305455446243286e-02,1.041279081255197525e-02,4.217545501887798309e-03,1.766657084226608276e-02,-3.490839898586273193e-02,-4.512873012572526932e-03,1.356516592204570770e-02,-3.549242019653320312e-02,1.608706451952457428e-02,9.556672535836696625e-03,2.262658381368964911e-04,2.221926301717758179e-02,-1.648526079952716827e-02,-7.167504169046878815e-03,1.478629559278488159e-02,-1.505175884813070297e-02,2.211307734251022339e-02,7.804615888744592667e-03,-1.053888630121946335e-02,9.009154746308922768e-04,-1.955135911703109741e-02,1.389699429273605347e-02,-1.388372108340263367e-02,4.529464640654623508e-04,2.527208998799324036e-02,2.917439676821231842e-02,9.797248058021068573e-04,8.866468444466590881e-03,7.174140773713588715e-03,1.273559313267469406e-02,1.309396885335445404e-02,7.532516028732061386e-03,1.141491439193487167e-02,-1.453410554677248001e-02,2.951950021088123322e-02,-3.693255595862865448e-03,3.437747433781623840e-02,-7.545789238065481186e-03,-5.526942387223243713e-02,5.793732590973377228e-03,1.726837642490863800e-02,2.083885483443737030e-02,1.728164963424205780e-02,-4.197635687887668610e-03,-2.034774795174598694e-02,1.055215951055288315e-02,1.083089504390954971e-02,2.877620235085487366e-02,-1.437482796609401703e-02,7.134321611374616623e-03,-2.156887948513031006e-02,4.091450478881597519e-03,-4.728561732918024063e-03,5.616203998215496540e-04,-1.733474247157573700e-02,5.960476701147854328e-04,8.116534911096096039e-03,2.714360505342483521e-02,7.167504169046878815e-03,-2.001591958105564117e-02,1.727169496007263660e-03,3.681973367929458618e-02,-2.546786796301603317e-03,-2.713033184409141541e-02,-5.059727281332015991e-02,1.055879611521959305e-02,1.206529885530471802e-02,-7.386511191725730896e-03,-7.711703889071941376e-03,-1.874169707298278809e-02,3.166975080966949463e-02,-2.463497780263423920e-02,-3.530659480020403862e-03,-7.253780029714107513e-03,5.425402428954839706e-03,6.503846496343612671e-03,-2.811254560947418213e-02,-1.854259893298149109e-02,-6.806640303693711758e-04,4.499600082635879517e-02,-2.340057492256164551e-02,3.981946781277656555e-02,-8.116534911096096039e-03,-6.809128914028406143e-03,-1.973718404769897461e-02,-1.047915685921907425e-02,-6.968406960368156433e-03,4.640295356512069702e-02,-8.026111754588782787e-04,-3.968673758208751678e-03,9.808862581849098206e-03,-1.841650460846722126e-03,-3.985265269875526428e-03,-1.462701801210641861e-02,7.804615888744592667e-03,-6.659806240350008011e-03,2.511944854632019997e-03,-8.547912351787090302e-03,-1.356516592204570770e-02,-2.322802320122718811e-03,3.087336197495460510e-02,2.524554356932640076e-02,1.455069752410054207e-03,1.311387866735458374e-02,-1.935226097702980042e-02,-2.564373798668384552e-02,-3.917654976248741150e-04,8.516056835651397705e-02,3.976637497544288635e-02,4.081495571881532669e-03,1.726837642490863800e-02,9.647925617173314095e-04,1.097026374191045761e-02,-1.380408275872468948e-02,-4.488981515169143677e-02,7.041409146040678024e-03,-2.599879400804638863e-03,8.010350167751312256e-03,-1.726837642490863800e-02,1.200556941330432892e-02,-1.177992578595876694e-02,2.797981351613998413e-02,6.749399937689304352e-03,-2.083885483443737030e-02,-8.129808120429515839e-03,6.623304914683103561e-03,-5.090255290269851685e-03,-8.713827468454837799e-03,1.806476525962352753e-02,-1.603397354483604431e-02,-1.562084536999464035e-03,-1.728164963424205780e-02,-2.864347025752067566e-02,1.391026750206947327e-02,4.074858874082565308e-02,1.856914535164833069e-02,-1.360498461872339249e-02,-6.396002136170864105e-04,-9.908410720527172089e-03,1.726837642490863800e-02,2.379876933991909027e-02,-3.384654968976974487e-02,2.302892506122589111e-03,-7.160867564380168915e-03,1.028005965054035187e-02,2.832491509616374969e-02,-1.965754479169845581e-02,1.641889475286006927e-02,9.211570024490356445e-03,1.258958876132965088e-02,-1.684363558888435364e-02,-1.712237135507166386e-03,3.190866857767105103e-02,2.736924774944782257e-02,2.936685690656304359e-03,-2.306874468922615051e-02,-1.538358815014362335e-02,4.754444584250450134e-02,-9.324392303824424744e-04,-3.334216773509979248e-02,-3.051166888326406479e-03,2.077248878777027130e-02,3.162329550832509995e-03,-6.961770355701446533e-03,2.451551891863346100e-02,-4.293865989893674850e-03,4.143879190087318420e-02,-1.402972638607025146e-02,-1.006768923252820969e-02,8.196174167096614838e-03,-1.668435707688331604e-02,7.379045127891004086e-04,-3.869124921038746834e-03,-2.417041733860969543e-02,-9.264662861824035645e-03,-3.180248290300369263e-02,3.046189434826374054e-03,-2.279000915586948395e-02,-1.878151670098304749e-02,2.020837971940636635e-03,8.574458770453929901e-03,1.556941214948892593e-02,3.174939006567001343e-02,1.093044411391019821e-02,-3.480885177850723267e-03,8.693917654454708099e-03,1.192924915812909603e-03,-1.629943586885929108e-02,-7.578972261399030685e-03,-1.272563822567462921e-03,-4.317094106227159500e-03,-2.101140655577182770e-02,1.454737875610589981e-02,-1.071807369589805603e-02,-2.091849409043788910e-02,-4.419960826635360718e-02,-5.797050893306732178e-03,3.082026913762092590e-02,7.797979284077882767e-03,-8.972653187811374664e-03,-1.972722820937633514e-03,2.541809342801570892e-03,-1.421555038541555405e-02,1.085744146257638931e-02,4.187680780887603760e-03,7.160867564380168915e-03,-9.669493883848190308e-03,7.592245470732450485e-03,-3.482876345515251160e-02,1.109635829925537109e-02,5.667637567967176437e-03,3.695246577262878418e-02,-8.740372955799102783e-03,-1.770639047026634216e-02,3.829305525869131088e-03,-2.131668850779533386e-02,-1.429518964141607285e-02,2.138637239113450050e-03,-1.741438172757625580e-02,-1.010418985970318317e-03,-2.125364029780030251e-03,3.208785550668835640e-03,2.769112121313810349e-03,-1.343243382871150970e-02,1.953808590769767761e-02,1.742765493690967560e-02,5.149984732270240784e-03,-4.028402734547853470e-03,-1.257631555199623108e-02,3.766921535134315491e-02,-8.839922025799751282e-03,-2.263073064386844635e-02,3.540614387020468712e-03,1.748074591159820557e-02,-2.032120153307914734e-02,-2.498007938265800476e-02,-3.427792573347687721e-03,8.693917654454708099e-03,1.398990675806999207e-02,-4.015129525214433670e-03,1.457392517477273941e-02,-1.799839921295642853e-02,-7.391488761641085148e-04,-2.629412151873111725e-02,1.951153948903083801e-02,-2.004246599972248077e-02,1.328642945736646652e-02,4.363549873232841492e-03,-1.203875243663787842e-02,4.506236407905817032e-03,-4.446507245302200317e-02,-1.258958876132965088e-02,-4.868593811988830566e-02,-6.683034356683492661e-03,6.583485286682844162e-03,-1.024687662720680237e-02,2.352003194391727448e-02,-3.339526057243347168e-02,-5.206395406275987625e-03,-2.557737194001674652e-02,-4.157816059887409210e-03,1.671090349555015564e-02,-3.058135136961936951e-02,-1.090389769524335861e-02,1.997609995305538177e-02,2.890893444418907166e-02,4.244755208492279053e-02,2.191398106515407562e-02,1.473320298828184605e-03,3.028934262692928314e-02,-7.160867564380168915e-03,2.102136146277189255e-03,-4.562647372949868441e-04,3.008028957992792130e-03,1.470831572078168392e-03,-3.427128866314888000e-02,2.446242608129978180e-02,1.738783437758684158e-03,-9.317755699157714844e-03,2.904166653752326965e-02,1.736128889024257660e-02,1.450756005942821503e-02,3.023624978959560394e-02,-1.321342680603265762e-02,-1.099681016057729721e-02,8.561185561120510101e-03,-1.888106460683047771e-03,-1.291478052735328674e-02,-3.137442283332347870e-03,1.765329763293266296e-02,-5.030526313930749893e-03,-1.935226097702980042e-02,-1.746747270226478577e-02,2.517917752265930176e-02,-1.294132694602012634e-02,1.606051810085773468e-02,-1.053888630121946335e-02,1.375430845655500889e-03,-3.140428662300109863e-02,8.677325677126646042e-04,-1.166046783328056335e-02,-1.320679020136594772e-02,-7.159208762459456921e-04,1.969736441969871521e-02,3.116537071764469147e-02,2.766125835478305817e-02,8.030259050428867340e-03,1.089228433556854725e-03,2.571674063801765442e-03,-1.487920805811882019e-02,-2.130341529846191406e-02,-6.387706380337476730e-04,8.594368584454059601e-03,5.548179149627685547e-03,-3.517386270686984062e-03,2.359967119991779327e-02,-1.797185279428958893e-02,-3.779531223699450493e-03,-2.243163436651229858e-02,-3.039552830159664154e-02,-4.608439654111862183e-02,1.176665257662534714e-02,1.530560781247913837e-03,-2.130341529846191406e-02,2.417041733860969543e-02,-1.533049531280994415e-02,-1.603397354483604431e-02,1.715555437840521336e-03,-1.738783530890941620e-02,3.095299936830997467e-02,4.227500408887863159e-03,3.103263862431049347e-02,1.587469503283500671e-02,4.692060872912406921e-03,-8.786829188466072083e-03,2.341384813189506531e-02,1.410936471074819565e-02,1.667108386754989624e-02,3.514068201184272766e-03,2.503317221999168396e-02,2.393150143325328827e-02,-8.959379978477954865e-03,-1.457392517477273941e-02,2.636380726471543312e-03,-6.334614008665084839e-03,-4.093441367149353027e-02,1.470665726810693741e-02,-1.713564433157444000e-02,-1.322670001536607742e-02,7.028136402368545532e-03,-2.752852626144886017e-02,1.330633880570530891e-03,-1.273559313267469406e-02,-2.622775733470916748e-02,-1.207857206463813782e-02,-1.887442730367183685e-02,-1.437482796609401703e-02,-3.214758262038230896e-02,3.338198876008391380e-03,-4.293865989893674850e-03,2.766125835478305817e-02,7.087865378707647324e-03,-8.720463141798973083e-03,-1.764002442359924316e-02,-2.094504050910472870e-02,-1.286168862134218216e-02,1.372444350272417068e-02,7.187413983047008514e-03,1.797185279428958893e-02,3.839260432869195938e-03,-6.696307100355625153e-03,9.390758350491523743e-03,-5.395538173615932465e-03,-2.044066041707992554e-02,-2.702746307477355003e-03,-2.681177482008934021e-02,2.679850161075592041e-02,-7.030625129118561745e-04,1.115608774125576019e-02,-3.089990839362144470e-02,5.422084126621484756e-03,1.312715187668800354e-02,1.869855914264917374e-03,6.835675332695245743e-03,-1.637907512485980988e-02,-1.829040981829166412e-02,-4.210908897221088409e-03,2.498007938265800476e-02,-5.096891894936561584e-03,-1.688345521688461304e-02,-1.518449094146490097e-02,-1.316697057336568832e-02,-2.771434932947158813e-02,7.559062447398900986e-03,1.287496183067560196e-02,1.286832522600889206e-02,-3.469603136181831360e-02,-3.151047229766845703e-02,-1.209848187863826752e-02,-7.618791423738002777e-03,1.169365085661411285e-02,-1.339261420071125031e-02,-1.514467131346464157e-02,1.672417670488357544e-02,3.145737946033477783e-02,-2.048048004508018494e-02,3.716483712196350098e-02,-2.344039455056190491e-02,-1.629943586885929108e-02,-1.675072312355041504e-02,3.397927805781364441e-02,6.490573287010192871e-03,-3.399172273930162191e-04,-3.414519364014267921e-03,-2.292274124920368195e-02,-8.859831839799880981e-03,1.815767772495746613e-02,1.434828154742717743e-02,1.333288569003343582e-02,2.135318936780095100e-03,-5.953010637313127518e-03,3.562515228986740112e-02,1.767984405159950256e-02,1.990973390638828278e-02,-3.379345685243606567e-02,-1.769311726093292236e-02,3.427128866314888000e-02,1.486593508161604404e-03,4.957523662596940994e-03,2.191398106515407562e-02,-2.795326709747314453e-02,-1.328642945736646652e-02,-1.185956504195928574e-02,6.802492309361696243e-03,2.245818078517913818e-02,-1.976372860372066498e-02,-1.554286573082208633e-02,-3.431110875681042671e-03,-8.766919374465942383e-03,-2.851074002683162689e-02,-2.539154700934886932e-02,-4.604126152116805315e-04,-2.330766245722770691e-02,-1.455069752410054207e-03,6.543666124343872070e-03,9.742496535181999207e-03,-4.475708305835723877e-02,1.556941214948892593e-02,-1.765329763293266296e-02,2.993096830323338509e-03,-1.537031494081020355e-02,2.255109138786792755e-02,7.977167144417762756e-03,-7.578142685815691948e-04,-2.646667324006557465e-02,-2.156887948513031006e-02,-2.644012682139873505e-02,-1.981682144105434418e-02,2.922748960554599762e-02,-1.058534253388643265e-03,-2.022828906774520874e-02,2.365940017625689507e-03,-9.540080791339278221e-04,-2.893548086285591125e-02,-4.761744639836251736e-04,1.163392141461372375e-02,-4.790779712493531406e-05,1.525085605680942535e-02,2.963232109323143959e-03,1.041279081255197525e-02,2.237854152917861938e-02,1.369789708405733109e-02,2.747543342411518097e-02,-1.288823504000902176e-02,-2.059993892908096313e-02,1.868860423564910889e-02,-2.346694096922874451e-02,-4.310457501560449600e-03,1.254976913332939148e-02,-3.530659526586532593e-02,-2.093176729977130890e-02,4.645604640245437622e-03,-1.150782685726881027e-02,5.339127033948898315e-03,-5.448630545288324356e-03,-1.094371732324361801e-02,-5.269443150609731674e-03,-1.258295215666294098e-02,1.906979305204004049e-04,-8.083351887762546539e-03,-2.316165715456008911e-02,1.774621009826660156e-02,4.589193966239690781e-03,3.029597923159599304e-03,-1.052561309188604355e-02,-1.939125213539227843e-04,-2.699759975075721741e-02,-2.560060005635023117e-03,2.223253622651100159e-02,-1.737456209957599640e-02,-1.033315248787403107e-02,-3.180248290300369263e-02,1.177328918129205704e-02,-3.144078887999057770e-03,1.619325019419193268e-02,4.780991002917289734e-02,-3.912262618541717529e-03,-1.742765493690967560e-02,1.196575071662664413e-02,-7.711703889071941376e-03,-2.166179008781909943e-02,-9.988049976527690887e-03,3.297052159905433655e-02,2.196707297116518021e-03,-2.025483548641204834e-02,5.199758801609277725e-03,-1.886115409433841705e-02,2.715687826275825500e-02,1.144146081060171127e-02,1.040615420788526535e-02,-2.544463984668254852e-02,-8.946107700467109680e-03,7.744886446744203568e-03,-1.164719462394714355e-03,-1.683036237955093384e-02,3.249268606305122375e-02,1.566232368350028992e-02,1.157419197261333466e-02,-5.269443150609731674e-03,8.786829188466072083e-03,2.671886421740055084e-02,-1.732146926224231720e-02,-1.984336785972118378e-02,-2.054020995274186134e-03,-1.564905047416687012e-02,-3.804086521267890930e-02,-1.446773996576666832e-03,-1.853264402598142624e-03,-1.795857958495616913e-02,-2.292274124920368195e-02,1.401645317673683167e-02,-1.910007186233997345e-02,3.225377062335610390e-03,2.002653777599334717e-01,4.728561732918024063e-03,1.848950609564781189e-02,3.212103620171546936e-02,3.942542243748903275e-04,-7.194050587713718414e-03,3.644808754324913025e-02,2.216617017984390259e-02,-2.789021935313940048e-03,1.357180182822048664e-03,-1.921953074634075165e-02,1.144809741526842117e-02,-1.962767913937568665e-03,-5.458585452288389206e-03,-5.093573592603206635e-03,-2.301565371453762054e-02,-1.091717090457677841e-02,-1.561254961416125298e-03,-1.879478991031646729e-02,-3.681973367929458618e-02,2.067293971776962280e-03,-1.116272434592247009e-02,-1.684363558888435364e-02,-2.079903520643711090e-02,3.533314168453216553e-02,-2.802295144647359848e-03,1.348884543403983116e-03,4.088132176548242569e-03,1.842314004898071289e-02,7.207323797047138214e-03,-2.278005471453070641e-03,1.211839169263839722e-02,-2.045393362641334534e-02,-8.362088352441787720e-03,-5.597953684628009796e-03,-4.987388383597135544e-03,2.906821109354496002e-02,8.315632119774818420e-03,1.892752014100551605e-02,5.972920451313257217e-03,8.076715283095836639e-03,1.364480424672365189e-02,8.567822165787220001e-03,7.857708260416984558e-03,-2.888238802552223206e-02,1.968409121036529541e-02,1.004114281386137009e-02,-1.636580191552639008e-02,-8.674007840454578400e-03,2.410405129194259644e-02,-1.353032304905354977e-03,2.583288121968507767e-03,5.019907653331756592e-02,-2.038673846982419491e-04,1.396170118823647499e-03,1.916643790900707245e-02,3.182902932167053223e-02,2.130341529846191406e-02,-1.933898776769638062e-02,8.009520242922008038e-04,-9.642948396503925323e-03,7.889232365414500237e-04,-1.104326546192169189e-02,4.066894948482513428e-02,-2.330766245722770691e-02,3.477567061781883240e-02,-2.845764718949794769e-02,-1.236062613315880299e-03,-1.590124145150184631e-02,-1.939208060503005981e-02,-3.198830783367156982e-02,-2.590920031070709229e-02,-3.496647113934159279e-04,-7.406421005725860596e-03,-2.095831371843814850e-02,-2.739579416811466217e-02,2.581628784537315369e-02,1.771966367959976196e-02,5.968772456981241703e-04,3.634190186858177185e-02,1.093708071857690811e-02,-2.115740999579429626e-02,-2.316165715456008911e-03,1.077116653323173523e-02,1.062516123056411743e-02,-2.391822822391986847e-02,4.125297069549560547e-02,1.420227717608213425e-02,-5.916509311646223068e-03,1.612688414752483368e-02,1.641889475286006927e-02,-1.952481269836425781e-02,-1.400317996740341187e-03,-8.999199606478214264e-03,-2.453874796628952026e-03,2.954604476690292358e-02,2.201684750616550446e-03,1.756038516759872437e-02,-2.342712134122848511e-02,-1.044597383588552475e-02,-9.576582349836826324e-03,-3.586406633257865906e-02,3.005042485892772675e-02,1.008096244186162949e-02,-1.281523238867521286e-02,-1.020042039453983307e-02,1.254313252866268158e-02,2.928058244287967682e-02,1.338597759604454041e-02,-3.599679842591285706e-02,1.729492284357547760e-02,-1.838332042098045349e-02,3.623571712523698807e-03,-6.975043565034866333e-03,2.723651565611362457e-02,1.664453744888305664e-02,-7.140958216041326523e-03,-2.041411399841308594e-02,-4.446507431566715240e-03,-9.629675187170505524e-03,-2.686155028641223907e-03,-3.228031471371650696e-02,-6.686352193355560303e-03,-6.663124542683362961e-03,-2.285637520253658295e-02,-1.762675121426582336e-02,-1.721528358757495880e-02,2.000264637172222137e-02,2.225908264517784119e-02,-1.237099641002714634e-04,1.146800722926855087e-02,1.574528170749545097e-03,-1.392354071140289307e-02,1.264931820333003998e-02,-8.826648700051009655e-04,2.261413959786295891e-03,1.729492284357547760e-02,-1.120918057858943939e-02,1.352202729322016239e-03,4.804882686585187912e-03,1.552959252148866653e-02,-1.499037025496363640e-03,2.410737099125981331e-03,7.519242819398641586e-03,1.491902768611907959e-02,-1.628616265952587128e-02,3.610298410058021545e-02,6.473981775343418121e-03,-3.207126399502158165e-03,-1.337270438671112061e-02,-4.523491486907005310e-02,1.097690034657716751e-02,8.601005189120769501e-03,-2.557737194001674652e-02,2.289619483053684235e-02,-1.552959252148866653e-02,-4.271301627159118652e-02,-3.686619224026799202e-03,1.714891754090785980e-02,-1.482611522078514099e-02,-4.929650202393531799e-02,2.818886423483490944e-03,2.183434180915355682e-02,-1.562250498682260513e-02,-6.341250147670507431e-03,-1.521435566246509552e-03,-1.680912524461746216e-01,-2.470051404088735580e-04,1.779930293560028076e-02,-8.601005189120769501e-03,2.896202728152275085e-02,-9.277936071157455444e-03,3.076717630028724670e-02,1.040615420788526535e-02,-1.774621009826660156e-02,-7.652803906239569187e-04,-3.575456503313034773e-04,-2.724315272644162178e-03,-2.824527584016323090e-02,-1.925935037434101105e-02,-8.348815143108367920e-03,8.342178538441658020e-03,-1.020705699920654297e-02,1.365807745605707169e-02,4.377486929297447205e-02,1.957790460437536240e-03,3.843906149268150330e-02,-1.552959252148866653e-02,3.066099062561988831e-02,-2.209980506449937820e-03,2.657285891473293304e-02,3.735066205263137817e-02,-8.634188212454319000e-03,-1.534376852214336395e-02,-1.036633457988500595e-02,-3.100609220564365387e-02,4.987388383597135544e-03,2.316165715456008911e-03,1.748074591159820557e-02,-1.006105262786149979e-02,1.048579346388578415e-02,-7.914119632914662361e-04,-1.314706075936555862e-02,-1.874169707298278809e-02,-3.500794991850852966e-03,2.395804598927497864e-02,2.581628784537315369e-02,9.695626067696139216e-05,1.337934099137783051e-02,1.376260421238839626e-03,1.629943586885929108e-02,2.024156227707862854e-02,-4.980751778930425644e-03,-1.100344676524400711e-02,3.241968341171741486e-03,-4.181044176220893860e-02,3.407882759347558022e-03,-5.770504474639892578e-03,1.247012987732887268e-02,-1.022033020853996277e-02,1.258958876132965088e-02,3.634190186858177185e-02,-1.813113130629062653e-02,-1.398990675806999207e-02,-3.573133796453475952e-02,-4.167770966887474060e-03,-8.786829188466072083e-03,-8.096625097095966339e-03,2.026810869574546814e-02,-2.625430375337600708e-02,-1.531722210347652435e-02,-2.167506329715251923e-02,-1.416245754808187485e-02,-1.499866601079702377e-02,-3.307670354843139648e-02,5.677592474967241287e-03,-1.956463232636451721e-02,1.167374104261398315e-02,-1.168701425194740295e-02,-2.413059771060943604e-02,1.017387397587299347e-02,1.748074591159820557e-02,-2.918435260653495789e-03,2.086540125310420990e-02,1.421555038541555405e-02,4.569284152239561081e-03,-3.421819582581520081e-02,2.936022169888019562e-02,-2.808599919080734253e-02,4.860774788539856672e-05,4.005175083875656128e-03,-9.775679558515548706e-03,7.691794075071811676e-03,-1.237058173865079880e-02,1.971063669770956039e-03,-1.338597759604454041e-02,1.092961465474218130e-04,-8.202810771763324738e-03,-1.454737875610589981e-02,-4.597821459174156189e-02,3.870452195405960083e-02,1.951153948903083801e-02,1.199893280863761902e-02,-1.004114281386137009e-02,3.766258014366030693e-03,-1.454737875610589981e-02,-6.727831205353140831e-04,-1.429518964141607285e-02,-1.733474247157573700e-02,1.815767772495746613e-02,1.235067192465066910e-02,1.539686135947704315e-02,2.308201789855957031e-02,1.420227717608213425e-02,2.896202728152275085e-02,1.121581718325614929e-02,1.842314004898071289e-02,-1.939208060503005981e-02,6.862221751362085342e-03,3.366072475910186768e-02,3.122509922832250595e-03,3.164320439100265503e-02,-1.160073839128017426e-02,-1.800171798095107079e-03,1.689672842621803284e-02,-2.216617017984390259e-02,6.694979965686798096e-02,1.486593484878540039e-02,9.589855559170246124e-03,-9.178387932479381561e-03,2.214957959949970245e-03,-1.848950609564781189e-02,-1.047517508268356323e-01,-2.630739472806453705e-02,3.733075223863124847e-03,1.013405434787273407e-02,-8.016986772418022156e-03,1.255640573799610138e-02,6.908677984029054642e-03,7.943984121084213257e-03,-1.640562154352664948e-02,7.014863193035125732e-03,-3.696573898196220398e-03,-2.633394114673137665e-02,-1.133195706643164158e-03,-1.272895652800798416e-02,3.124500997364521027e-02,-4.887839779257774353e-03,-2.609502524137496948e-02,1.026014983654022217e-02,-2.699759975075721741e-02,3.804086521267890930e-02,1.243694778531789780e-02,1.774621009826660156e-02,-3.306675003841519356e-03,-2.594901993870735168e-02,2.332093566656112671e-02,7.856049342080950737e-04,-1.181310880929231644e-02,2.049375325441360474e-02,-3.603661898523569107e-03,7.698430679738521576e-03,2.058998448774218559e-03,7.837798446416854858e-03,9.921683929860591888e-03,-2.241836115717887878e-02,-2.421023696660995483e-02,-2.967877686023712158e-02,-3.904962539672851562e-02,7.326782215386629105e-03,1.961772516369819641e-02,-3.411201015114784241e-02,-7.028136402368545532e-03,2.656705037225037813e-04,-3.371381759643554688e-02,-6.241701543331146240e-03,1.078443950973451138e-03,1.304087601602077484e-02,-5.641091149300336838e-03,3.998538479208946228e-03,1.081762183457612991e-02,-1.681708917021751404e-02,-6.573530379682779312e-03,7.194050587713718414e-03,-1.945844665169715881e-02,1.531722210347652435e-02,1.730819605290889740e-02,-2.742234058678150177e-02,2.221926301717758179e-02,1.466683764010667801e-02,5.488450173288583755e-03,2.251127362251281738e-02,-2.634721435606479645e-02,5.123438313603401184e-03,1.543004414997994900e-03,2.779398858547210693e-02,5.395538173615932465e-03,7.174140773713588715e-03,-2.025483548641204834e-02,-2.391822822391986847e-02,2.718342468142509460e-02,-1.582160219550132751e-02,5.063708871603012085e-03,3.435092791914939880e-02,-1.035306137055158615e-02,4.013802483677864075e-02,-3.082026913762092590e-02,1.280859578400850296e-03,5.508359987288713455e-03,-5.465222056955099106e-03,2.073266915977001190e-02,-3.005042485892772675e-02,-9.251389652490615845e-03,-1.544995419681072235e-02,1.219139434397220612e-02,-1.732146926224231720e-02,2.176797576248645782e-02,-8.780192583799362183e-03,5.163257941603660583e-03,-1.625961624085903168e-02,7.831161841750144958e-03,-1.433500833809375763e-02,-4.638968035578727722e-03,-1.422882359474897385e-02,5.850143730640411377e-03,-3.105918504297733307e-02,1.571541652083396912e-02,-6.142152938991785049e-03,1.279200427234172821e-03,-2.418369054794311523e-02,8.335541933774948120e-03,-6.039286032319068909e-03,-3.692591935396194458e-02,-2.123704925179481506e-02,-3.204140067100524902e-02,3.461639210581779480e-02,-1.851605251431465149e-02,-2.580301649868488312e-02,7.048045750707387924e-03,-2.845764718949794769e-02,8.561185561120510101e-03,-2.013537846505641937e-02,1.069152727723121643e-02,-6.480618380010128021e-03,-2.081230841577053070e-02,2.736924774944782257e-02,3.313311608508229256e-03,-1.809131167829036713e-02,-1.490575447678565979e-02,1.102335657924413681e-02,-3.776212921366095543e-03,1.515794452279806137e-02,-8.154695387929677963e-04,1.097690034657716751e-02,2.752520842477679253e-03,-1.594106107950210571e-02,1.071143709123134613e-02,-6.016057915985584259e-03,7.140958216041326523e-03,-5.617863498628139496e-03,6.367796566337347031e-03,1.122909039258956909e-02,-3.490840084850788116e-03,8.448364213109016418e-03,2.294928766787052155e-02,-2.726306207478046417e-02,8.289085701107978821e-03,-1.322670001536607742e-02,9.564968058839440346e-04,-9.218206629157066345e-03,7.545789238065481186e-03,1.234403531998395920e-02,1.661799103021621704e-02,4.783645644783973694e-02,-6.313045159913599491e-04,-2.553755231201648712e-02,2.337402850389480591e-02,-1.548977289348840714e-02,4.914386197924613953e-03,-1.251658610999584198e-02,-8.826648816466331482e-03,6.175335962325334549e-03,2.991769462823867798e-02,9.573263814672827721e-04,1.826386339962482452e-02,2.113086543977260590e-02,-6.412593647837638855e-04,1.488252659328281879e-03,-1.623306982219219208e-02,-2.107777260243892670e-02,1.474647689610719681e-02,2.041411399841308594e-02,1.011248561553657055e-03,-6.201052456162869930e-04,2.130341529846191406e-02,-1.400317996740341187e-03,5.126756615936756134e-03,-1.494557410478591919e-02,7.977167144417762756e-03,4.108041990548372269e-03,3.216666518710553646e-04,5.465222056955099106e-03,7.625428028404712677e-03,2.015860518440604210e-03,-1.809131167829036713e-02,4.708651918917894363e-03,-9.065565653145313263e-03,1.152773573994636536e-02,-4.844701848924160004e-03,-7.539152633398771286e-03,-1.249335822649300098e-03,4.403369501233100891e-03,1.995950937271118164e-03,-7.939006318338215351e-04,9.835409000515937805e-03,7.408080273307859898e-04,-3.443056717514991760e-02,-1.441464759409427643e-02,6.142152938991785049e-03,-3.656754503026604652e-03,-1.496548415161669254e-03,-1.376426313072443008e-02,1.900715939700603485e-02,-1.269245520234107971e-03,-1.099681016057729721e-02,2.679850161075592041e-02,2.316165715456008911e-02,-5.063708871603012085e-03,4.967478569597005844e-03,1.133527513593435287e-02,-5.186485592275857925e-03,-3.696573898196220398e-03,7.286962587386369705e-03,2.325456961989402771e-02,1.101671997457742691e-02,5.860098637640476227e-03,-8.270835387520492077e-04,-1.227103266865015030e-02,-2.707723900675773621e-02,1.075955224223434925e-03,-1.254313252866268158e-02,-1.867533102631568909e-02,-3.626890014857053757e-03,2.065303176641464233e-02,1.778602949343621731e-03,-1.924607716500759125e-02,1.178899947262834758e-05,4.094768781214952469e-03,-1.342579722404479980e-02,1.452083326876163483e-02,7.087865378707647324e-03,5.601271986961364746e-03,-2.827182225883007050e-02,2.698432654142379761e-02,2.679850161075592041e-02,7.525879424065351486e-03,1.959117874503135681e-02,-1.779930293560028076e-02,1.657817140221595764e-02,-1.821077056229114532e-02,6.530392915010452271e-03,-2.209980413317680359e-02,1.000132318586111069e-02,-8.753646165132522583e-03,1.426864322274923325e-02,-5.644409451633691788e-03,-3.578443080186843872e-02,-4.350277129560709000e-03,2.030792878940701485e-03,1.120752072893083096e-03,8.043532259762287140e-03,2.691796049475669861e-02,-5.246215034276247025e-03,3.679318726062774658e-02,5.591317079961299896e-03,-2.949295379221439362e-02,1.436155475676059723e-02,3.573133796453475952e-02,4.224182106554508209e-03,1.462701801210641861e-02,2.865342656150460243e-03,-1.640562154352664948e-02,-2.339393831789493561e-04,3.517386317253112793e-02,-1.360498461872339249e-02,2.390495501458644867e-02,1.432173512876033783e-02,-3.063444420695304871e-02,-6.613350007683038712e-03,5.090255290269851685e-03,-1.222457643598318100e-02,-3.942127525806427002e-02,2.163524366915225983e-02,4.321739822626113892e-02,-4.031721036881208420e-03,2.038756757974624634e-02,5.305944010615348816e-03,-7.140958216041326523e-03,6.543666124343872070e-03,4.250064492225646973e-02,-4.027075693011283875e-02,-2.503649098798632622e-03,-4.998670518398284912e-02,-1.112954132258892059e-02,9.470396675169467926e-03,-4.350940510630607605e-02,-1.794530637562274933e-02,7.028136402368545532e-03,-1.579505577683448792e-02,1.896402216516435146e-03,-4.489644896239042282e-03,2.679850161075592041e-02,5.458585452288389206e-03,-3.326252847909927368e-02,4.556010942906141281e-03,-8.972653187811374664e-03,-8.786829188466072083e-03,1.936553418636322021e-02,1.286832522600889206e-02,1.112954132258892059e-02,-1.834350265562534332e-02,-8.441727608442306519e-03
-1.827676221728324890e-02,-2.251309715211391449e-02,6.004837341606616974e-03,-1.032186485826969147e-02,1.894583343528211117e-03,3.426724672317504883e-02,-3.768993541598320007e-03,-1.928541250526905060e-02,-7.874204777181148529e-03,-1.876091398298740387e-02,2.985607832670211792e-02,1.401352882385253906e-02,8.082658983767032623e-03,-1.608462631702423096e-02,4.774282686412334442e-03,1.972921937704086304e-02,1.046980079263448715e-02,2.377727255225181580e-02,9.763744659721851349e-03,-7.618679199367761612e-03,-1.531805098056793213e-02,-4.754109773784875870e-03,3.352084429934620857e-03,-2.510869316756725311e-02,-7.954896427690982819e-03,-2.118167653679847717e-02,1.001926977187395096e-02,-1.139775943011045456e-02,5.275246221572160721e-03,1.241481630131602287e-03,2.597277052700519562e-03,-6.512525025755167007e-03,-2.678977884352207184e-02,-2.805395424365997314e-02,-2.553904987871646881e-02,-3.838254511356353760e-02,1.693189330399036407e-02,-2.535076811909675598e-02,1.873401738703250885e-02,-1.550633274018764496e-02,1.769846864044666290e-02,-1.202984806150197983e-02,-1.361679192632436752e-02,1.150534860789775848e-02,-1.498183421790599823e-02,-2.424125326797366142e-03,-3.964671865105628967e-02,-6.522611714899539948e-03,-2.405969612300395966e-02,2.703185379505157471e-02,9.683052077889442444e-03,-6.657098419964313507e-03,-5.255073308944702148e-03,-2.958710538223385811e-04,4.730574321001768112e-03,1.196260470896959305e-02,-1.555004128022119403e-04,3.698388114571571350e-03,2.034785784780979156e-02,1.347390003502368927e-03,-1.471790368668735027e-03,5.732501391321420670e-03,2.489351294934749603e-02,-1.466747024096548557e-03,-5.947680212557315826e-03,-1.043617818504571915e-02,-6.488990038633346558e-03,2.128254156559705734e-03,-1.015375647693872452e-02,-2.533731982111930847e-02,4.317027330398559570e-02,-1.803804771043360233e-03,1.046980079263448715e-02,2.355200704187154770e-03,1.063118409365415573e-02,-9.508219547569751740e-03,-3.122784383594989777e-02,-8.761817589402198792e-03,1.994187623495236039e-04,-6.862191017717123032e-03,1.354954857379198074e-02,-3.136233240365982056e-02,-2.576767839491367340e-02,-3.025953890755772591e-03,3.025953844189643860e-02,-8.412151597440242767e-03,5.056705325841903687e-03,3.714526444673538208e-02,-6.088891532272100449e-03,-1.059083826839923859e-02,1.092705596238374710e-02,2.521628141403198242e-02,-1.246020570397377014e-02,2.313173562288284302e-02,-6.028372328728437424e-03,-2.432866953313350677e-02,8.884536800906062126e-04,1.382524706423282623e-02,-3.009815514087677002e-02,-1.046980079263448715e-02,-2.032096125185489655e-02,1.197605300694704056e-02,4.965926520526409149e-03,-1.116240769624710083e-02,-2.677632868289947510e-02,-1.764467358589172363e-02,-6.357865408062934875e-03,1.386559288948774338e-02,1.834400556981563568e-02,-2.891466952860355377e-02,-1.590979285538196564e-02,4.311648011207580566e-02,2.302414737641811371e-02,-4.690900817513465881e-02,-4.986099433153867722e-03,-2.805395424365997314e-02,1.287711434997618198e-03,7.665749639272689819e-03,9.521667845547199249e-03,-4.962564446032047272e-03,-1.075222250074148178e-02,2.131616324186325073e-02,1.982335932552814484e-02,-3.031333349645137787e-02,-6.952969357371330261e-03,1.886850409209728241e-02,-2.074459567666053772e-03,6.257840432226657867e-04,-1.486079581081867218e-02,-8.075934834778308868e-03,1.519701257348060608e-02,2.568698721006512642e-03,3.028643503785133362e-02,1.105481851845979691e-02,-1.447078399360179901e-02,3.012505173683166504e-02,1.048997323960065842e-02,-2.430177107453346252e-02,-2.298043807968497276e-03,-1.189536042511463165e-02,1.441698893904685974e-02,5.113189667463302612e-02,-2.815818181261420250e-03,1.082619093358516693e-02,-2.241895534098148346e-02,-2.696461044251918793e-03,3.375619649887084961e-02,2.224412374198436737e-02,-2.619803696870803833e-02,1.211053971201181412e-02,1.668981648981571198e-02,-3.754872456192970276e-02,1.873401738703250885e-02,-3.241132944822311401e-02,3.708474570885300636e-03,4.292820021510124207e-02,1.512976922094821930e-02,2.123211044818162918e-03,1.461703795939683914e-03,8.405427448451519012e-03,6.979866884648799896e-03,7.349705789238214493e-03,-3.483209060505032539e-03,3.335273591801524162e-03,2.580466214567422867e-03,3.337963297963142395e-02,-1.733199111185967922e-03,-1.044962741434574127e-02,-1.780269551090896130e-03,-7.033661473542451859e-03,-4.821353126317262650e-03,4.458238836377859116e-03,-9.824263863265514374e-03,3.918946534395217896e-02,-7.068964187055826187e-04,3.660731762647628784e-02,1.439009141176939011e-02,1.498183421790599823e-02,-8.371805888600647449e-04,-1.231899391859769821e-02,-1.161293871700763702e-02,6.220016162842512131e-03,5.433268100023269653e-02,1.344195939600467682e-02,-1.643429137766361237e-02,-2.358899079263210297e-02,8.237319067120552063e-03,-8.479394949972629547e-03,7.363154552876949310e-03,1.763122528791427612e-02,-1.062445994466543198e-02,3.803287819027900696e-02,-1.757785066729411483e-04,-3.732009790837764740e-03,-6.339171528816223145e-01,-1.077239587903022766e-02,-7.578333374112844467e-03,-1.160621456801891327e-02,6.391487084329128265e-03,3.152371570467948914e-02,4.290129989385604858e-03,-1.301160175353288651e-02,-1.495493669062852859e-02,6.539422553032636642e-03,-1.638049632310867310e-02,1.889540068805217743e-02,6.744515150785446167e-03,-2.807412762194871902e-03,3.900118404999375343e-03,-3.394111525267362595e-03,2.149099670350551605e-02,-2.856500446796417236e-02,3.138586645945906639e-03,-4.902045242488384247e-03,-7.995242252945899963e-03,1.013358309864997864e-02,3.178932704031467438e-03,1.864323741756379604e-03,7.652300875633955002e-03,-1.616531796753406525e-02,3.259960934519767761e-02,-8.748368360102176666e-03,7.141251116991043091e-03,1.596358790993690491e-02,-2.457074448466300964e-02,2.580802515149116516e-02,1.239296235144138336e-02,-7.527060224674642086e-04,3.988879546523094177e-02,-2.678977884352207184e-02,-2.123547159135341644e-02,3.009815514087677002e-02,3.633834421634674072e-02,1.724121347069740295e-02,-1.566771604120731354e-02,-1.799433864653110504e-02,2.064372878521680832e-03,-1.145155448466539383e-02,-1.479355269111692905e-04,-1.155241951346397400e-02,-8.694574236869812012e-03,6.125875283032655716e-03,-8.089383132755756378e-03,5.043256562203168869e-03,1.663602143526077271e-02,-1.328729931265115738e-02,1.599048450589179993e-02,3.261305857449769974e-03,-4.323751665651798248e-03,1.465906575322151184e-02,2.283586561679840088e-02,-1.760432682931423187e-02,2.977538667619228363e-02,8.331459946930408478e-03,1.460527069866657257e-02,2.236516028642654419e-02,1.578875444829463959e-02,1.387904211878776550e-02,5.742588080465793610e-03,5.302143748849630356e-03,1.001086435280740261e-03,3.727975115180015564e-02,2.945261821150779724e-02,-7.753166370093822479e-03,1.780605688691139221e-02,-3.832874819636344910e-03,-7.141251116991043091e-03,-1.736225001513957977e-02,4.061502404510974884e-03,6.320881191641092300e-03,6.751239299774169922e-03,3.822788363322615623e-03,7.056356407701969147e-04,1.000582054257392883e-02,1.746984012424945831e-02,-1.242658402770757675e-02,-4.080330580472946167e-02,-2.011923119425773621e-02,2.188100852072238922e-02,-3.039402514696121216e-02,-1.491458993405103683e-02,-1.720086671411991119e-02,-1.987715438008308411e-02,-1.278969831764698029e-02,-2.825904637575149536e-03,1.919127255678176880e-02,4.602812230587005615e-03,7.321127341128885746e-04,3.138922899961471558e-02,2.462453953921794891e-02,1.677050814032554626e-02,5.093689076602458954e-03,1.389249041676521301e-02,-2.808085270226001740e-02,-1.527770515531301498e-02,-2.392520941793918610e-02,1.461871899664402008e-02,-2.762359566986560822e-02,3.623075410723686218e-02,-3.800829290412366390e-05,1.408959797117859125e-04,5.682068876922130585e-03,2.910295128822326660e-02,-1.208364218473434448e-02,-4.249784164130687714e-03,2.834310056641697884e-03,2.163893170654773712e-02,-2.985607832670211792e-03,-2.036130800843238831e-02,-2.280896715819835663e-02,1.149190030992031097e-02,1.100774761289358139e-02,7.685923017561435699e-03,-2.052269130945205688e-02,1.999819278717041016e-02,1.124309934675693512e-02,-6.630200892686843872e-03,-3.262986894696950912e-03,-6.307432893663644791e-03,3.327204287052154541e-02,1.239800592884421349e-03,-2.162548340857028961e-02,-1.034876238554716110e-02,-5.204640794545412064e-03,-1.432284805923700333e-02,-1.521046180278062820e-02,1.924506574869155884e-02,8.257491514086723328e-03,1.927196420729160309e-02,-1.866004895418882370e-03,2.407314442098140717e-02,-2.807412762194871902e-03,3.316445276141166687e-02,1.178440870717167854e-03,-1.030169147998094559e-02,8.176799863576889038e-03,1.172557123936712742e-03,-8.889580145478248596e-03,6.068718619644641876e-03,-3.211545571684837341e-02,-2.343012893106788397e-04,-1.346213277429342270e-02,-3.773700818419456482e-02,1.585599780082702637e-02,-1.873401738703250885e-02,-2.037475630640983582e-02,-1.689154654741287231e-02,-6.445281673222780228e-03,-8.867725846357643604e-04,-2.120857499539852142e-02,-6.267086602747440338e-03,1.283004414290189743e-02,-5.584565922617912292e-03,-2.112788148224353790e-02,-1.978301443159580231e-02,1.608462631702423096e-02,-2.075131982564926147e-02,4.989461507648229599e-03,-4.468325059860944748e-03,-2.422107942402362823e-02,1.406732294708490372e-02,3.789166687056422234e-03,-1.877436228096485138e-02,-2.466488629579544067e-02,-1.141120865941047668e-02,-1.370420865714550018e-02,-1.573495939373970032e-02,1.070515252649784088e-02,2.707220055162906647e-02,3.893394023180007935e-03,4.320389591157436371e-03,-1.753708347678184509e-02,-7.053834851831197739e-03,2.477247640490531921e-02,2.220377698540687561e-02,-5.184467416256666183e-03,-2.888104878365993500e-03,7.118346547940745950e-05,-6.014924030750989914e-03,5.446717143058776855e-03,3.436138620600104332e-03,2.360244095325469971e-02,3.644593292847275734e-03,-1.044962741434574127e-02,-1.500873081386089325e-02,1.937955245375633240e-02,2.475902624428272247e-02,2.358899079263210297e-02,-9.434252046048641205e-03,-5.187829956412315369e-03,2.872975077480077744e-03,2.075131982564926147e-02,-6.357865408062934875e-03,2.980228327214717865e-02,2.711590845137834549e-03,-9.548565722070634365e-04,1.409422047436237335e-02,-1.157259196043014526e-02,2.022345783188939095e-03,-2.146410010755062103e-02,-4.848250653594732285e-03,-2.155824005603790283e-02,1.303177420049905777e-02,7.659025490283966064e-03,1.580220274627208710e-02,-3.596178069710731506e-02,-1.452457811683416367e-02,-1.991750113666057587e-02,1.256779488176107407e-02,2.069752477109432220e-02,5.419819615781307220e-03,3.951223194599151611e-02,-3.252900438383221626e-03,1.270900666713714600e-02,4.817991051822900772e-03,-3.012505173683166504e-02,-2.825904637575149536e-03,-1.077239587903022766e-02,-1.812882535159587860e-02,2.243240550160408020e-02,1.952748931944370270e-02,-1.012013480067253113e-02,5.248348694294691086e-03,-1.716051995754241943e-02,-2.108753658831119537e-02,-1.127672102302312851e-02,-6.051907781511545181e-03,1.425560470670461655e-02,1.733535341918468475e-02,-7.087456528097391129e-03,4.343925043940544128e-03,-4.338545352220535278e-02,1.007978897541761398e-02,-1.277625001966953278e-02,6.707530934363603592e-03,-2.688055625185370445e-03,3.146991878747940063e-02,-1.820951700210571289e-02,2.708564884960651398e-02,1.746984012424945831e-02,2.570043504238128662e-02,-4.888596478849649429e-03,-1.931230910122394562e-02,8.916477672755718231e-03,-1.065808162093162537e-02,1.371765788644552231e-02,-1.180794462561607361e-02,1.757743023335933685e-02,-1.897609233856201172e-02,-4.642485827207565308e-02,-2.688055625185370445e-03,9.124931879341602325e-03,2.057648636400699615e-02,1.886850409209728241e-02,-4.340562503784894943e-03,1.241985987871885300e-02,1.198277715593576431e-02,1.260141655802726746e-02,1.811537705361843109e-02,-1.570806279778480530e-02,-1.301160175353288651e-02,-2.395210601389408112e-02,-2.154479175806045532e-02,-1.954093761742115021e-02,-2.693771384656429291e-02,-2.666874043643474579e-02,3.372257575392723083e-03,-8.586985059082508087e-03,2.185411192476749420e-02,1.471285987645387650e-02,-1.547943521291017532e-02,-1.507597416639328003e-02,1.819606870412826538e-02,2.471868135035037994e-02,-3.824805840849876404e-02,-3.875910490751266479e-02,9.225796908140182495e-03,1.506252586841583252e-02,2.540540299378335476e-04,-2.130271494388580322e-02,-1.717397011816501617e-02,9.326661936938762665e-03,-1.279642246663570404e-02,2.494730800390243530e-02,-8.788715116679668427e-03,4.562465939670801163e-03,-7.504365406930446625e-03,-1.436319388449192047e-02,3.647955600172281265e-04,-1.350247859954833984e-02,2.853810787200927734e-02,-3.173889219760894775e-02,1.960818096995353699e-02,2.232481492683291435e-03,-1.490114163607358932e-02,-5.251711234450340271e-03,-2.528352476656436920e-02,-1.018065400421619415e-02,2.840361930429935455e-02,1.035548653453588486e-02,1.401352882385253906e-02,-1.487424410879611969e-02,-9.568738751113414764e-03,-9.306489489972591400e-03,-1.845159381628036499e-02,-2.982245525345206261e-03,-7.959939539432525635e-04,3.439500927925109863e-03,-5.604738835245370865e-03,-1.467251405119895935e-02,4.189264960587024689e-03,2.081856317818164825e-02,2.116822823882102966e-02,-1.204497762955725193e-03,-2.089925482869148254e-02,-2.350829914212226868e-02,-8.546638302505016327e-03,-1.217778306454420090e-02,7.488226890563964844e-02,2.654433948919177055e-03,-2.499774098396301270e-03,3.950550686568021774e-03,6.061994004994630814e-03,-1.373783033341169357e-02,-1.327385101467370987e-02,-3.596178069710731506e-02,3.256262512877583504e-03,-7.134526968002319336e-03,1.507933717221021652e-03,-3.684939350932836533e-03,1.744966721162199974e-03,-3.302996605634689331e-02,3.930377773940563202e-03,8.903028443455696106e-03,-1.716051995754241943e-02,-1.666291989386081696e-02,2.222395036369562149e-03,1.454979530535638332e-03,1.439009141176939011e-02,1.753708347678184509e-02,-3.357127774506807327e-03,2.936856355518102646e-03,-5.903972312808036804e-03,-6.361227482557296753e-03,1.267538405954837799e-02,3.999638557434082031e-02,-2.378735924139618874e-03,-3.703767433762550354e-02,-9.084586054086685181e-03,1.612160936929285526e-03,-5.285332910716533661e-03,2.376382425427436829e-02,-1.595013961195945740e-02,8.107034955173730850e-04,8.613881655037403107e-03,5.352576263248920441e-03,2.711254730820655823e-02,-3.149681910872459412e-02,1.826331205666065216e-02,3.652662411332130432e-02,2.350157592445611954e-03,-4.918856080621480942e-03,1.395973376929759979e-02,2.482626959681510925e-02,1.222485397011041641e-02,5.184467416256666183e-03,-1.959473267197608948e-02,-2.081856317818164825e-02,7.127802073955535889e-02,6.576406303793191910e-03,-1.900299079716205597e-02,-8.035588543862104416e-04,3.219614923000335693e-02,-5.396284162998199463e-03,-5.910696461796760559e-03,5.312229972332715988e-03,2.274508588016033173e-03,4.150263965129852295e-02,-1.038238406181335449e-02,-3.004436008632183075e-02,8.600433357059955597e-03,-2.544490993022918701e-02,-2.387141343206167221e-03,-2.113124355673789978e-03,-1.504907757043838501e-02,-2.639976702630519867e-02,-2.692426554858684540e-02,-3.434457583352923393e-03,-2.691081538796424866e-02,-1.428250223398208618e-02,-1.726811006665229797e-02,-4.095124080777168274e-03,1.042272988706827164e-02,1.133724022656679153e-02,8.748368360102176666e-03,1.266193576157093048e-02,-1.340161357074975967e-02,1.484398497268557549e-03,-1.697896281257271767e-03,-9.245970286428928375e-03,-3.424371127039194107e-03,-1.056394074112176895e-02,-9.481322020292282104e-03,2.549870498478412628e-02,9.306489489972591400e-03,-5.830004345625638962e-03,-1.196260470896959305e-02,-1.139103528112173080e-02,2.845741435885429382e-02,1.562737114727497101e-02,1.445733476430177689e-02,-8.365081623196601868e-03,1.556012686342000961e-02,-3.138922899961471558e-02,1.071860082447528839e-02,5.002910271286964417e-03,1.815572381019592285e-02,-6.774774286895990372e-03,7.013488560914993286e-03,1.088502816855907440e-03,-8.042313158512115479e-03,-7.060558709781616926e-05,3.693008422851562500e-02,1.115820487029850483e-04,-4.464962985366582870e-03,4.414530470967292786e-03,-1.755053177475929260e-02,-2.138340659439563751e-02,2.630562521517276764e-02,-8.385254070162773132e-03,8.028863929212093353e-03,5.177743267267942429e-03,-9.898231364786624908e-03,2.780515467748045921e-03,-2.880708128213882446e-02,2.134306170046329498e-02,3.163130581378936768e-02,-1.148517616093158722e-02,-2.677969168871641159e-03,-8.136454038321971893e-03,9.044240228831768036e-03,-3.313755616545677185e-02,-3.214235603809356689e-02,8.660952560603618622e-03,8.069210685789585114e-03,-5.877074785530567169e-03,-6.966418121010065079e-03,9.212348610162734985e-03,1.744294352829456329e-02,9.709949605166912079e-03,1.851883716881275177e-02,-1.236606482416391373e-02,-1.545253768563270569e-02,-1.010668557137250900e-02,-7.174872793257236481e-03,8.432324975728988647e-03,-2.498765476047992706e-02,1.674361154437065125e-02,-1.867685932666063309e-03,-2.626528032124042511e-02,2.931813010945916176e-03,-5.193881690502166748e-02,1.605772785842418671e-02,-3.921636193990707397e-02,-1.063790917396545410e-02,1.133051607757806778e-02,-5.892204353585839272e-04,2.618458680808544159e-02,2.372011542320251465e-03,-1.275607664138078690e-02,-1.912402920424938202e-02,-1.640739478170871735e-02,1.773881353437900543e-02,-2.972159162163734436e-02,-8.426440763287246227e-04,6.431832909584045410e-03,2.422107942402362823e-02,3.937774524092674255e-02,1.094722840934991837e-02,-8.102832362055778503e-03,1.593668945133686066e-02,4.804542288184165955e-03,4.596087615936994553e-03,-1.005961559712886810e-02,-4.243059549480676651e-03,7.201770320534706116e-03,-1.810192875564098358e-02,3.875910490751266479e-02,6.263724528253078461e-03,-2.529697492718696594e-02,1.794054359197616577e-02,8.647503331303596497e-03,1.291746087372303009e-02,3.187337890267372131e-02,1.008651312440633774e-02,-2.142375335097312927e-02,-7.618679199367761612e-03,-1.608462631702423096e-02,-4.283405840396881104e-03,7.927998900413513184e-03,3.216925263404846191e-02,-8.109556511044502258e-03,-1.472630910575389862e-02,-1.807503029704093933e-02,2.743531577289104462e-02,-8.943375200033187866e-03,1.947369426488876343e-02,-5.708966404199600220e-03,9.972198866307735443e-03,-1.608462631702423096e-02,5.877074785530567169e-03,-1.274262834340333939e-02,-1.834400556981563568e-02,6.532697938382625580e-03,-5.998113192617893219e-03,-3.112109552603214979e-04,2.260723710060119629e-02,1.046980079263448715e-02,-5.513960495591163635e-03,8.351632393896579742e-03,-1.476833596825599670e-03,-1.539874263107776642e-02,-1.182139292359352112e-02,9.414078667759895325e-03,-2.560293069109320641e-03,-1.224502641707658768e-02,-6.683995947241783142e-03,-1.170707959681749344e-02,1.448423229157924652e-02,-2.006543613970279694e-02,-8.116280660033226013e-03,-2.869949117302894592e-02,1.404042635113000870e-02,-1.609639381058514118e-03,-1.911057904362678528e-02,3.424035012722015381e-02,-1.748328842222690582e-02,-2.194825187325477600e-02,2.637286856770515442e-02,-1.662257313728332520e-02,5.333748087286949158e-02,1.950059202499687672e-03,1.480700075626373291e-02,9.904955513775348663e-03,8.855958469212055206e-03,-3.594160778447985649e-03,2.572733163833618164e-02,2.810774929821491241e-02,-4.496903566177934408e-04,8.022139780223369598e-03,4.747385531663894653e-02,4.875147715210914612e-03,1.533990493044257164e-03,-1.024789735674858093e-02,2.617450198158621788e-03,-1.728155836462974548e-02,-5.223468691110610962e-02,2.153134346008300781e-02,-6.566320080310106277e-03,2.170281251892447472e-03,6.267086602747440338e-03,-9.279591962695121765e-03,-2.288966067135334015e-02,6.596579216420650482e-03,-1.378490123897790909e-02,8.378529921174049377e-03,-1.577530615031719208e-02,-1.280314661562442780e-02,-3.760252147912979126e-02,1.560047361999750137e-02,-1.792037161067128181e-03,7.067283149808645248e-03,-2.245930256322026253e-03,1.248037815093994141e-02,-2.845741435885429382e-02,3.079748479649424553e-03,-8.035589009523391724e-03,-8.176799863576889038e-03,-1.822296716272830963e-02,3.085128031671047211e-02,-2.254335675388574600e-03,-2.115477994084358215e-02,9.945301339030265808e-03,-1.420180965214967728e-02,-1.022772397845983505e-02,-3.758907085284590721e-03,-1.593668945133686066e-02,2.888777293264865875e-02,-1.153224613517522812e-02,8.096107281744480133e-03,-3.281478956341743469e-02,6.176308263093233109e-03,-1.486079581081867218e-02,-1.227864809334278107e-02,-1.884496770799160004e-03,-1.433629728853702545e-02,-2.200204692780971527e-02,-8.250767365097999573e-03,2.661494538187980652e-02,2.052269130945205688e-02,-2.186756022274494171e-02,2.514903899282217026e-03,-6.307432893663644791e-03,-1.413456629961729050e-02,1.970232091844081879e-02,3.126818919554352760e-03,-6.270448677241802216e-03,-4.034605249762535095e-02,-3.639213740825653076e-02,-2.282241731882095337e-02,-2.744876407086849213e-02,3.580712014809250832e-03,2.624174347147345543e-03,-3.886669501662254333e-02,9.178726468235254288e-04,5.594652518630027771e-02,-2.014612779021263123e-02,3.746803477406501770e-02,-1.604427956044673920e-02,7.376602850854396820e-03,-1.842469722032546997e-02,4.308958351612091064e-02,-6.482265423983335495e-03,-4.918856080621480942e-03,2.450350113213062286e-02,-3.238442912697792053e-02,-7.459816988557577133e-04,6.623476743698120117e-03,2.477247640490531921e-02,1.160621456801891327e-02,-7.719544693827629089e-03,4.619623068720102310e-03,3.112025372684001923e-02,1.127672102302312851e-02,9.340111166238784790e-03,-1.272245496511459351e-02,-2.210963703691959381e-02,1.344195939600467682e-02,6.468817126005887985e-03,6.064515910111367702e-04,3.792528808116912842e-02,-1.788675040006637573e-02,-1.094050426036119461e-02,-5.329040810465812683e-03,2.093960158526897430e-02,1.019410230219364166e-02,-2.227102033793926239e-02,-5.682068876922130585e-03,-2.748574828729033470e-03,7.100904826074838638e-03,-2.853810787200927734e-02,8.476873626932501793e-04,1.510455273091793060e-03,-1.584254950284957886e-02,1.759886363288387656e-04,2.405969612300395966e-02,5.860263947397470474e-03,-2.910295128822326660e-02,2.298380061984062195e-02,-9.871333837509155273e-03,5.288694985210895538e-03,7.329532876610755920e-03,1.873401738703250885e-02,-5.924145225435495377e-03,1.975611597299575806e-02,-1.061773579567670822e-02,-3.703767433762550354e-02,-2.294345386326313019e-02,-7.430397905409336090e-03,1.163311116397380829e-02,6.270448677241802216e-03,-2.467833459377288818e-02,-2.301069721579551697e-02,-3.816063981503248215e-03,-3.744113445281982422e-02,3.802615450695157051e-03,1.334109436720609665e-02,1.395973376929759979e-02,5.258435383439064026e-03,1.461871899664402008e-02,-9.319937787950038910e-03,2.985607832670211792e-02,-7.968344725668430328e-03,-1.225175056606531143e-02,-1.650153473019599915e-02,-4.249783977866172791e-02,1.548279775306582451e-03,-4.703677259385585785e-03,3.268030239269137383e-03,2.154479175806045532e-02,-2.762359566986560822e-02,-7.732992991805076599e-03,1.433629728853702545e-02,-4.976013209670782089e-03,1.064463332295417786e-02,-1.691844500601291656e-02,-2.567353658378124237e-02,-2.449005283415317535e-02,-1.882815733551979065e-02,7.746441755443811417e-03,2.018647454679012299e-02,-6.337692029774188995e-03,5.214727018028497696e-03,-8.499568328261375427e-03,2.145064994692802429e-02,1.644773967564105988e-02,-2.782196504995226860e-03,-3.007125668227672577e-02,4.952477756887674332e-03,2.291655726730823517e-02,-5.332403350621461868e-03,1.936610438860952854e-03,-3.641903400421142578e-02,-4.014431964606046677e-03,2.382938691880553961e-04,1.654188148677349091e-02,4.941046610474586487e-02,-8.815612643957138062e-03,-8.660952560603618622e-03,1.656877808272838593e-02,-2.551215328276157379e-02,-2.514903806149959564e-02,-2.459764294326305389e-02,1.086653675884008408e-02,-3.320143790915608406e-03,8.425600826740264893e-03,1.476665493100881577e-02,-1.853228546679019928e-02,3.932395204901695251e-02,1.595350098796188831e-03,8.385254070162773132e-03,-3.208855912089347839e-02,-1.114895846694707870e-02,-6.488990038633346558e-03,-9.245970286428928375e-03,-1.015375647693872452e-02,4.419237375259399414e-02,1.180122047662734985e-02,-2.392520941793918610e-02,4.949115682393312454e-03,-6.260362453758716583e-03,1.510287169367074966e-02,1.491122762672603130e-03,-3.216925263404846191e-02,9.588911198079586029e-03,-1.307212095707654953e-02,-2.389831095933914185e-02,5.345851648598909378e-03,-1.062445994466543198e-02,-1.702603325247764587e-02,-1.296116854064166546e-03,1.691844500601291656e-02,-1.919127255678176880e-02,-4.159005358815193176e-03,2.079704403877258301e-01,-4.986099433153867722e-03,8.331459946930408478e-03,1.909713074564933777e-02,1.916437409818172455e-02,9.689776226878166199e-03,5.513960495591163635e-02,6.781498901546001434e-03,-9.003893472254276276e-03,1.334109436720609665e-02,-9.003893472254276276e-03,-1.374455448240041733e-02,2.750255865976214409e-03,-6.266246200539171696e-04,-2.126573119312524796e-03,-9.555289521813392639e-03,-1.916437409818172455e-02,-1.339614973403513432e-04,-1.508942339569330215e-02,-2.537766657769680023e-02,2.424797601997852325e-02,1.098085008561611176e-02,-1.267538405954837799e-02,-9.239246137440204620e-03,2.256689220666885376e-02,5.127310752868652344e-03,-5.493787117302417755e-03,-8.300359477289021015e-04,2.824223600327968597e-02,2.124891988933086395e-02,-1.857263222336769104e-02,-4.101848695427179337e-03,-1.656877808272838593e-02,-3.390749450773000717e-03,-2.349485084414482117e-02,3.025953890755772591e-03,3.510106354951858521e-02,1.445733476430177689e-02,1.685120165348052979e-02,1.742949336767196655e-02,1.001926977187395096e-02,9.978923015296459198e-03,-8.734920062124729156e-03,-1.244003232568502426e-02,-5.342489574104547501e-03,3.671490773558616638e-02,1.123805646784603596e-03,-2.963753649964928627e-03,-1.012013480067253113e-02,1.584254950284957886e-02,-1.768501847982406616e-02,2.393865771591663361e-02,3.480519354343414307e-02,2.146410010755062103e-02,-6.025010254234075546e-03,1.321333181113004684e-02,2.664184197783470154e-02,3.101266548037528992e-02,-1.967542432248592377e-02,6.539422553032636642e-03,-2.711254730820655823e-02,7.013488560914993286e-03,-1.980318687856197357e-03,4.623657464981079102e-02,-1.389249041676521301e-02,1.928541250526905060e-02,-1.273422269150614738e-03,-1.410766970366239548e-02,-1.941989921033382416e-02,-9.978923015296459198e-03,-2.466488629579544067e-02,-1.361679192632436752e-02,-1.258124411106109619e-02,4.673417657613754272e-03,-2.158513665199279785e-02,-1.776571199297904968e-02,6.879001855850219727e-03,1.862642704509198666e-03,-1.495493669062852859e-02,1.332092098891735077e-02,-7.679198402911424637e-03,-2.958710491657257080e-02,-1.885505393147468567e-02,1.084636338055133820e-02,1.184829045087099075e-02,-2.333346568048000336e-02,1.484734658151865005e-02,1.317298598587512970e-02,-1.358989533036947250e-02,8.445773273706436157e-03,1.044290326535701752e-02,-2.759669907391071320e-02,-2.464471384882926941e-03,-1.603083126246929169e-02,2.034785784780979156e-02,9.219072759151458740e-03,-2.822542563080787659e-03,3.779080137610435486e-02,-6.041821092367172241e-03,-1.261486578732728958e-02,-1.350920274853706360e-02,-2.878018282353878021e-02,4.287440329790115356e-02,1.512976922094821930e-02,-8.405427448451519012e-03,-9.642706252634525299e-03,6.492352113127708435e-03,1.100102346390485764e-02,-3.816063981503248215e-03,-4.013087227940559387e-02,-8.909752941690385342e-04,-3.846323490142822266e-02,1.764467358589172363e-02,-1.780605688691139221e-02,1.790019869804382324e-02,7.107629440724849701e-03,1.197773381136357784e-03,-7.443846669048070908e-03,1.057738997042179108e-02,1.697223819792270660e-02,-8.371805888600647449e-04,-6.599941756576299667e-03,-1.015375601127743721e-03,1.258124411106109619e-02,-1.967542432248592377e-02,-1.468596234917640686e-02,-2.216343022882938385e-02,1.019410230219364166e-02,1.346885692328214645e-02,-1.531805098056793213e-02,7.289186585694551468e-03,8.552522631362080574e-04,-1.498183421790599823e-02,-6.267086602747440338e-03,1.787330023944377899e-02,1.898954063653945923e-02,6.472179200500249863e-03,8.338184095919132233e-03,1.651498302817344666e-02,-1.212398800998926163e-02,1.920472085475921631e-02,1.014703232795000076e-02,1.307884510606527328e-02,3.050161525607109070e-02,4.868423566222190857e-03,-2.645356021821498871e-02,3.668801113963127136e-02,-2.496075630187988281e-02,-8.802163414657115936e-03,-4.955839831382036209e-03,-2.726048231124877930e-02,-1.333437021821737289e-02,1.425560470670461655e-02,-1.200967468321323395e-02,1.449768152087926865e-02,-1.413456629961729050e-02,-3.590798750519752502e-02,-8.196973241865634918e-03,1.408077217638492584e-02,1.834064256399869919e-03,-5.271884053945541382e-02,2.138340659439563751e-02,2.621148526668548584e-02,-2.079166471958160400e-02,-1.307884510606527328e-02,-1.361006777733564377e-02,-1.710672527551651001e-01,1.047652494162321091e-02,2.197514846920967102e-02,3.903480479493737221e-03,1.546598598361015320e-02,-1.227192394435405731e-02,3.738734126091003418e-02,1.548279775306582451e-03,-1.177600352093577385e-03,1.404042635113000870e-02,1.233244314789772034e-02,-1.172557123936712742e-03,-2.247275039553642273e-02,-5.036531947553157806e-03,2.941899583674967289e-04,-1.524744555354118347e-03,-2.503136172890663147e-03,1.358317025005817413e-02,2.410004101693630219e-02,2.072442136704921722e-02,3.526245057582855225e-02,-2.321242913603782654e-02,2.524317987263202667e-02,-1.393283624202013016e-02,8.096107281744480133e-03,1.387904211878776550e-02,-7.914550602436065674e-03,1.242322148755192757e-03,8.909752592444419861e-03,-5.637688189744949341e-02,2.941899700090289116e-03,1.091360673308372498e-02,1.021259464323520660e-03,-1.833055540919303894e-02,1.558702439069747925e-02,8.069210685789585114e-03,-2.344105578958988190e-02,-2.443625777959823608e-02,-1.054881140589714050e-03,4.825387895107269287e-02,7.954896427690982819e-03,2.395210601389408112e-02,1.549288351088762283e-02,-3.118413500487804413e-03,-4.562465939670801163e-03,1.815572381019592285e-02,1.257451903074979782e-02,1.619221456348896027e-02,2.069752477109432220e-02,-2.654770202934741974e-02,1.322678010910749435e-02,-6.320881191641092300e-03,3.792528808116912842e-02,-2.102029323577880859e-02,3.120094723999500275e-02,-5.840091034770011902e-03,-1.330747269093990326e-02,-1.385214459151029587e-02,-1.194243133068084717e-02,-8.425600826740264893e-03,4.754109773784875870e-03,-1.808848045766353607e-02,-5.604738835245370865e-03,-2.933494048193097115e-03,-7.215219084173440933e-03,-2.108753658831119537e-02,-3.023264184594154358e-02,-1.651498302817344666e-02,-4.185230284929275513e-02,6.146048661321401596e-03,-1.503562834113836288e-02,1.231899391859769821e-02,-1.531468820758163929e-03,-1.060428749769926071e-02,1.131034269928932190e-02,1.760432682931423187e-02,-5.671982187777757645e-03,4.152281209826469421e-03,2.840361930429935455e-02,1.322678010910749435e-02,-3.098576702177524567e-02,4.672072827816009521e-02,-1.037565991282463074e-02,9.669603779911994934e-03,1.627290807664394379e-02,2.688391879200935364e-02,-8.062485605478286743e-03,-2.791946753859519958e-02,6.206567399203777313e-03,-1.799433864653110504e-02,3.025953844189643860e-02,-1.295108254998922348e-02,-2.412693947553634644e-02,-2.734117396175861359e-02,2.956020645797252655e-02,1.016720477491617203e-02,-4.078313242644071579e-03,-4.713763482868671417e-03,3.526917425915598869e-03,-8.929925970733165741e-03,2.213989617303013802e-03,-1.071187667548656464e-02,-5.729139316827058792e-03,1.413456629961729050e-02,1.296453084796667099e-02,1.591147389262914658e-03,6.966418121010065079e-03,8.815612643957138062e-03,1.620566472411155701e-02,8.223869837820529938e-03,2.431522123515605927e-02,-1.251568086445331573e-03,1.038910821080207825e-02,2.605010010302066803e-02,-3.550452366471290588e-02,1.963507756590843201e-02,-1.738914847373962402e-02,-5.228175781667232513e-03,9.158553555607795715e-03,-6.842018105089664459e-03,4.198678955435752869e-02,1.712017506361007690e-02,-1.668981648981571198e-02,-1.776571199297904968e-02,-8.849234320223331451e-03,-1.332764606922864914e-02,-1.213609203696250916e-01,-2.580802515149116516e-02,2.054958976805210114e-02,2.778498083353042603e-02,-1.464561652392148972e-02,2.734117396175861359e-02,5.278608296066522598e-03,-4.222886636853218079e-03,-2.147754840552806854e-02,3.233063593506813049e-02,-7.409384124912321568e-04,-1.515666674822568893e-02,-2.666201675310730934e-03,4.110253939870744944e-04,2.217688038945198059e-02,-8.190248161554336548e-03,3.634506836533546448e-03,-4.115297459065914154e-03,-4.459583386778831482e-02,3.351411968469619751e-02,1.476665493100881577e-02,8.351632393896579742e-03,5.692155566066503525e-03,-9.689776226878166199e-03,-3.957275301218032837e-03,-7.813685573637485504e-03,-7.087456528097391129e-03,1.408077217638492584e-02,2.488006430212408304e-04,2.138340659439563751e-02,2.961400151252746582e-02,8.220507879741489887e-04,3.930377773940563202e-03,-1.275607664138078690e-02,-1.681085489690303802e-02,-1.720086671411991119e-02,-3.518175706267356873e-02,1.929886080324649811e-02,2.193816471844911575e-03,-2.646701037883758545e-02,-6.966418121010065079e-03,1.122292689979076385e-02,-1.611152291297912598e-02,-1.550633274018764496e-02,1.217946410179138184e-03,-1.018737815320491791e-02,-1.024117227643728256e-02,1.350247859954833984e-02,9.602360427379608154e-03,-2.672253549098968506e-02,-2.108753658831119537e-02,1.025462150573730469e-02,-4.066881909966468811e-02,-1.172725204378366470e-02,1.683775149285793304e-02,-2.834982611238956451e-02,1.030841656029224396e-02,1.767157018184661865e-02,-4.145556595176458359e-03,3.615006059408187866e-02,-8.795439265668392181e-03,1.699913665652275085e-02,-1.303177420049905777e-02,2.557939663529396057e-02,-9.830988012254238129e-03,-5.873712711036205292e-03,-2.535076811909675598e-02,-3.300306946039199829e-02,3.329893946647644043e-02,-2.938537392765283585e-03,1.897609233856201172e-02,2.810774929821491241e-02,-1.402697712182998657e-02,2.791946753859519958e-02,-2.210627309978008270e-03,6.606665905565023422e-03,-1.361679285764694214e-03,-2.293000556528568268e-02,1.885505393147468567e-02,-3.776390478014945984e-02,-1.894919574260711670e-02,-1.759087853133678436e-02,-8.250767365097999573e-03,-3.900118172168731689e-02,3.206166252493858337e-02,-1.819606870412826538e-02,-3.041083691641688347e-03,-1.120275352150201797e-02,1.146500348113477230e-03,2.847758820280432701e-03,8.312967838719487190e-04,8.990445174276828766e-03,1.022099982947111130e-02,-3.472450003027915955e-02,-1.521046180278062820e-02,8.781990967690944672e-03,1.861297897994518280e-02,-2.332001738250255585e-02,3.789166687056422234e-03,-3.153716446831822395e-03,-2.142375335097312927e-02,-2.232481539249420166e-02,-2.610389515757560730e-02,3.440173342823982239e-02,-8.324734866619110107e-03,-1.912402920424938202e-02,1.256107073277235031e-02,-8.318010717630386353e-03,-8.539914153516292572e-03,-3.152371570467948914e-02,-2.461109077557921410e-03,-1.096740178763866425e-02,-1.356972195208072662e-02,3.929705545306205750e-02,1.350247859954833984e-02,-1.491458993405103683e-02,-1.139103528112173080e-02,-1.389417098835110664e-03,6.603303831070661545e-03,2.711254730820655823e-02,6.589855067431926727e-03,1.570806279778480530e-02,2.800015918910503387e-02,4.448152147233486176e-03,1.164656039327383041e-02,-6.586492992937564850e-03,-7.995242252945899963e-03,1.469941157847642899e-02,1.414801552891731262e-02,1.011341065168380737e-02,7.578333374112844467e-03,1.266865991055965424e-02,2.629217691719532013e-02,-2.502799965441226959e-02,5.490425042808055878e-03,1.800778694450855255e-02,-8.876130916178226471e-03,-2.400590106844902039e-02,2.740841731429100037e-02,1.139103528112173080e-02,1.549288351088762283e-02,4.534896090626716614e-02,-4.905407316982746124e-03,1.472630887292325497e-03,4.512033425271511078e-03,-1.313264016062021255e-02,4.004345741122961044e-03,-1.636704802513122559e-02,-1.310574263334274292e-02,1.837090216577053070e-02,3.507416695356369019e-02,9.050964377820491791e-03,2.110098488628864288e-02,6.966418121010065079e-03,7.860755547881126404e-03,-1.512976922094821930e-02,-1.045635202899575233e-03,-1.503562834113836288e-02,2.716634050011634827e-02,3.046126803383231163e-03,1.481876824982464314e-03,-9.689776226878166199e-03,9.945301339030265808e-03,-8.459222503006458282e-03,2.097994787618517876e-03,-8.808887563645839691e-03,3.432776546105742455e-03,-1.514321751892566681e-02,-1.471285987645387650e-02,1.316500129178166389e-04,-3.172208322212100029e-03,-1.272917911410331726e-02,-2.326622232794761658e-02,8.660952560603618622e-03,-7.208494469523429871e-03,-2.042518928647041321e-03,-6.075442768633365631e-03,9.178726468235254288e-04,-1.741604506969451904e-02,9.239246137440204620e-03,-1.644773967564105988e-02,2.500110305845737457e-02,-2.580466214567422867e-03,-1.550633274018764496e-02,7.759890519082546234e-03,2.276862226426601410e-02,8.237319067120552063e-03,2.990987338125705719e-02,-1.299815252423286438e-02,-9.219072759151458740e-03,2.389831095933914185e-02,3.382344031706452370e-03,1.307884510606527328e-02,-5.089486367069184780e-04,-5.315592046827077866e-03,-2.966779656708240509e-02,-5.231537856161594391e-03,2.626528032124042511e-02,6.885726004838943481e-03,-2.111443318426609039e-03,-8.923201821744441986e-03,4.027880728244781494e-03,1.221812888979911804e-02,-9.615808725357055664e-03,-2.800688380375504494e-03,-3.335273638367652893e-02,-4.962564446032047272e-03,-1.137086190283298492e-02,-5.187829956412315369e-03,-1.898954063653945923e-02,-1.908368244767189026e-02,-8.768541738390922546e-03,4.407806321978569031e-03,-2.115477994084358215e-02,-4.317027516663074493e-03,-3.668128512799739838e-03,1.151879783719778061e-02,2.026716619729995728e-02,1.158604118973016739e-02,4.612478369381278753e-05,-3.706457093358039856e-02,3.432103991508483887e-02,2.419418282806873322e-02,1.092705596238374710e-02,2.853810787200927734e-02,-1.383869536221027374e-02,-6.162859499454498291e-03,1.829021051526069641e-02,-1.285694167017936707e-02,-9.999096393585205078e-03,-2.708228770643472672e-03,-1.512976922094821930e-02,-2.103374153375625610e-02,-4.599449690431356430e-03,-5.366024747490882874e-02,-9.111483581364154816e-03,-3.036040347069501877e-03,-3.297617286443710327e-02,-6.431832909584045410e-03,3.157750889658927917e-02,-2.618458680808544159e-02,3.459001332521438599e-02,-3.765631467103958130e-03,-1.648808643221855164e-02,8.829060941934585571e-03,-1.402697712182998657e-02,2.743531577289104462e-02,1.256874020327813923e-05,1.551978103816509247e-02,-1.897945534437894821e-03,-1.590979285538196564e-02,2.063028141856193542e-02,-7.121078204363584518e-03,3.493295516818761826e-03,-1.235261652618646622e-02,-2.724703401327133179e-02,-4.579276777803897858e-03,-5.577841773629188538e-03,-2.229791693389415741e-02,-1.222485397011041641e-02,-1.507597416639328003e-02,5.503201484680175781e-02,1.670998986810445786e-03,-1.748328912071883678e-03,-7.921274751424789429e-03,-2.184066176414489746e-02,-9.387181140482425690e-03,5.207330361008644104e-02,-2.033440954983234406e-02,-6.640287581831216812e-03,-3.918946534395217896e-02,-1.292418502271175385e-02,5.645085126161575317e-03,-3.690318763256072998e-02,-3.773700818419456482e-02,9.642706252634525299e-03,-1.518356427550315857e-02,4.945753607898950577e-03,6.690720096230506897e-03,1.608462631702423096e-02,3.056213492527604103e-03,-2.516248822212219238e-02,-1.073877420276403427e-02,-1.163311116397380829e-02,-1.935265585780143738e-02,2.091270312666893005e-02,2.170617505908012390e-02,-1.324022933840751648e-02,1.330747269093990326e-02,-2.115477994084358215e-02
-1.071007736027240753e-02,-1.248965784907341003e-02,1.670068129897117615e-02,-1.440612971782684326e-02,-2.231972292065620422e-02,4.443085193634033203e-02,-2.355825901031494141e-02,-1.694838702678680420e-02,-2.265217248350381851e-03,-1.812173798680305481e-02,2.826469577848911285e-02,1.570985093712806702e-02,1.795225404202938080e-02,-1.758721098303794861e-02,4.269689787179231644e-03,1.147275441326200962e-03,1.366300787776708603e-02,5.051923450082540512e-03,9.510653093457221985e-03,-3.904647892341017723e-03,-4.755326546728610992e-03,-9.836583398282527924e-03,6.987950764596462250e-03,-1.683105342090129852e-02,8.884866721928119659e-03,-6.156827788800001144e-03,8.519824594259262085e-03,-1.694838702678680420e-02,1.359782181680202484e-02,4.846586845815181732e-03,-1.607652404345571995e-03,4.592361394315958023e-03,-1.698098029009997845e-03,-9.504134766757488251e-03,-1.044933311641216278e-02,-1.752202585339546204e-02,1.250921376049518585e-02,-4.012856632471084595e-02,2.117244713008403778e-02,-9.080424904823303223e-03,4.018723499029874802e-03,2.534109866246581078e-03,-1.389767788350582123e-02,1.050148159265518188e-02,7.326918188482522964e-03,-1.003866083920001984e-02,-1.791314221918582916e-02,-1.158357132226228714e-02,-2.574851177632808685e-02,2.072918228805065155e-02,-2.475442364811897278e-03,8.407988934777677059e-05,1.628837897442281246e-03,1.203335542231798172e-02,-4.409840330481529236e-03,-5.107331555336713791e-03,-3.640644019469618797e-03,2.928485861048102379e-03,8.500268682837486267e-03,8.363377302885055542e-03,1.335500390268862247e-03,-3.127303440123796463e-03,6.062307860702276230e-03,-1.323277968913316727e-02,-1.419753395020961761e-02,-1.445827819406986237e-02,-1.063837297260761261e-02,2.239794656634330750e-02,1.909952983260154724e-02,-1.702661067247390747e-02,5.439128726720809937e-02,7.000987883657217026e-03,-4.380506463348865509e-03,1.629652641713619232e-02,2.431441796943545341e-03,-1.606185734272003174e-02,-1.668764278292655945e-02,-8.956571109592914581e-03,-9.608431719243526459e-03,-2.172326901927590370e-03,1.116637978702783585e-02,-3.149792551994323730e-02,-3.553946688771247864e-02,4.827031400054693222e-03,1.976442709565162659e-02,-4.083909559994935989e-03,1.091215386986732483e-02,4.091079905629158020e-02,3.112636506557464600e-03,-3.487456822767853737e-03,3.643903415650129318e-03,2.616570331156253815e-02,8.017891086637973785e-03,1.942545920610427856e-02,-1.758721098303794861e-02,-1.690927520394325256e-02,-1.293944194912910461e-02,-1.202683662995696068e-03,-2.430137991905212402e-02,-4.540212452411651611e-03,-1.175957359373569489e-02,-8.109151385724544525e-03,-4.360950551927089691e-03,-5.622301716357469559e-03,-2.756068669259548187e-02,-3.118503279983997345e-02,-3.089821431785821915e-03,7.639811839908361435e-03,3.389677405357360840e-02,-2.827447373420000076e-03,1.032547932118177414e-02,3.679103776812553406e-02,2.225453779101371765e-02,-5.350475758314132690e-02,1.928205043077468872e-02,-3.686926141381263733e-02,1.019347691908478737e-03,-1.994694955646991730e-02,1.146623585373163223e-02,4.859624430537223816e-03,-1.594452187418937683e-02,1.464079972356557846e-02,3.540909290313720703e-02,-2.286728657782077789e-02,3.990611876361072063e-04,7.561588194221258163e-03,-4.716214723885059357e-03,-1.248965784907341003e-02,3.197378478944301605e-03,-1.559251639991998672e-02,1.659638248383998871e-02,1.148579176515340805e-02,2.203290350735187531e-02,-5.838230717927217484e-04,-1.405412424355745316e-02,3.845980390906333923e-02,2.155052684247493744e-02,-2.443175204098224640e-02,1.833359245210886002e-03,-4.315320402383804321e-02,2.048147469758987427e-02,2.727386727929115295e-02,-1.783491857349872589e-02,-2.175586298108100891e-03,1.119245495647192001e-02,2.374077960848808289e-02,1.187038980424404144e-02,3.668674081563949585e-02,-2.643948420882225037e-02,6.088382564485073090e-03,9.315094910562038422e-03,-3.121110796928405762e-02,4.044146090745925903e-02,-2.278906293213367462e-02,6.799725815653800964e-04,2.052058652043342590e-02,1.391071546822786331e-02,5.358297843486070633e-03,1.404108759015798569e-02,-2.042932622134685516e-02,1.597059704363346100e-02,9.073905646800994873e-03,4.800956696271896362e-03,-1.159008964896202087e-02,1.093170978128910065e-02,3.493975475430488586e-02,3.175785532221198082e-04,-7.587662898004055023e-03,-7.678923197090625763e-03,-1.256788149476051331e-02,5.971047561615705490e-03,-1.513621397316455841e-02,-9.908287785947322845e-03,4.036323726177215576e-02,-3.510271897539496422e-03,3.423574194312095642e-02,2.196771837770938873e-02,8.808272541500627995e-04,-1.363693363964557648e-02,1.488687703385949135e-03,-3.561769053339958191e-02,1.094474736601114273e-02,4.583887010812759399e-02,3.546124324202537537e-02,-2.161571383476257324e-02,-3.438567044213414192e-03,1.530569791793823242e-02,-5.156220868229866028e-03,3.878573421388864517e-03,-4.119761753827333450e-03,1.174653600901365280e-02,2.743031457066535950e-02,-9.914807043969631195e-03,7.577884825877845287e-04,-6.458117961883544922e-01,2.330403309315443039e-03,-2.655681967735290527e-02,4.109984263777732849e-03,-3.139118489343672991e-04,1.757417432963848114e-02,1.707875914871692657e-02,3.669977886602282524e-03,-6.336089689284563065e-03,1.864322647452354431e-02,-2.763890847563743591e-02,6.358904764056205750e-03,9.438948705792427063e-03,-2.868188731372356415e-02,-1.236091600731015205e-03,-4.983477760106325150e-03,-7.447512471117079258e-04,-1.800440251827239990e-02,-2.711741998791694641e-02,-1.032547932118177414e-02,-3.894869936630129814e-03,1.855196617543697357e-02,-1.190461218357086182e-03,-5.654894746840000153e-03,1.962101832032203674e-02,3.774275537580251694e-03,2.469249814748764038e-02,1.640082523226737976e-02,9.262945502996444702e-03,7.933149114251136780e-03,-2.169393561780452728e-02,2.573547512292861938e-02,2.928485861048102379e-03,7.137878797948360443e-03,3.139362856745719910e-02,-2.711741998791694641e-02,-1.507102791219949722e-02,2.964664064347743988e-02,2.340181171894073486e-02,3.306239470839500427e-02,-1.745683886110782623e-02,-1.537088397890329361e-02,4.739029798656702042e-03,-6.225273013114929199e-03,1.049496326595544815e-02,-9.178203530609607697e-03,7.907074876129627228e-03,1.181824132800102234e-02,1.160312723368406296e-02,-1.067748386412858963e-02,2.748246304690837860e-02,-1.582718640565872192e-02,-1.033199764788150787e-02,-8.043965324759483337e-03,4.644510336220264435e-03,9.412873536348342896e-03,3.001168370246887207e-02,-2.165482379496097565e-02,1.093170978128910065e-02,-7.704183226451277733e-04,1.539695821702480316e-02,1.649208553135395050e-02,9.614950977265834808e-03,2.491738880053162575e-03,-4.214281681925058365e-03,2.261957898736000061e-02,7.691960781812667847e-03,3.791223838925361633e-02,2.376685477793216705e-02,-1.366463722661137581e-03,1.840855740010738373e-02,-5.133405793458223343e-03,1.143364328891038895e-02,-2.003820985555648804e-02,1.351959817111492157e-02,-1.950368285179138184e-02,3.566983714699745178e-02,-5.110590718686580658e-03,-5.915638990700244904e-03,-1.880619209259748459e-03,2.286728657782077789e-02,1.017718110233545303e-03,-2.902085520327091217e-02,-1.397590152919292450e-02,1.001910492777824402e-02,-2.677845209836959839e-02,-1.505799032747745514e-02,3.705830080434679985e-03,1.418449729681015015e-02,-2.402107929810881615e-03,2.036413922905921936e-02,1.839551888406276703e-02,-4.778141621500253677e-03,-8.030928671360015869e-03,1.655727066099643707e-02,4.201244562864303589e-03,3.009968437254428864e-03,1.464079972356557846e-02,1.659638248383998871e-02,-2.557902783155441284e-02,-1.857804134488105774e-02,-1.215068995952606201e-02,2.779535576701164246e-02,-8.200412616133689880e-03,4.427440464496612549e-02,3.317972877994179726e-03,-3.109377343207597733e-03,-1.975139044225215912e-02,4.474374279379844666e-02,-3.186297044157981873e-02,-7.959223352372646332e-03,-8.213449618779122829e-04,1.105556357651948929e-02,2.578110434114933014e-03,-1.266566012054681778e-02,-2.564421482384204865e-02,1.574896275997161865e-02,3.267453517764806747e-03,8.050484582781791687e-03,-1.277647726237773895e-02,1.220935769379138947e-02,3.448344999924302101e-03,3.914425615221261978e-03,-1.800440251827239990e-02,-6.218754686415195465e-03,5.402624607086181641e-02,-1.083393115550279617e-02,-2.208505384624004364e-02,-1.620526611804962158e-02,1.589237339794635773e-02,-1.001258566975593567e-02,3.177822800353169441e-03,2.514879964292049408e-02,-3.228341927751898766e-03,1.192253921180963516e-02,2.753461152315139771e-02,3.196726739406585693e-02,-1.488850638270378113e-02,2.753461152315139771e-02,-8.043965324759483337e-03,-4.393543582409620285e-03,-1.448435336351394653e-02,1.812173798680305481e-02,-1.492761820554733276e-02,-4.563027527183294296e-03,-3.817298263311386108e-02,1.021466311067342758e-02,-2.230668626725673676e-02,-3.676496446132659912e-02,1.681801490485668182e-02,-1.441916637122631073e-02,-3.139362856745719910e-02,-1.436701789498329163e-02,-1.134890131652355194e-02,3.158266888931393623e-03,-1.530569791793823242e-02,-4.720899960375390947e-05,2.418404631316661835e-02,-1.170090585947036743e-02,-1.338922604918479919e-02,-4.509554491960443556e-05,-2.281513763591647148e-03,-2.085955440998077393e-02,-8.884866721928119659e-03,3.604791592806577682e-03,-1.627045311033725739e-02,2.115941047668457031e-02,9.380280971527099609e-03,-9.184722788631916046e-03,-3.853802755475044250e-02,-1.587933488190174103e-02,1.843463070690631866e-02,-2.892633434385061264e-03,1.300462801009416580e-02,2.152445167303085327e-02,-1.529266033321619034e-02,-8.950052782893180847e-03,-1.070355903357267380e-02,-4.719474352896213531e-03,2.640037238597869873e-02,2.050754986703395844e-02,1.859107799828052521e-02,8.324265480041503906e-03,-1.925597526133060455e-02,5.088590551167726517e-04,1.084044948220252991e-02,-1.310240710154175758e-03,3.121110796928405762e-02,-3.930722363293170929e-03,7.326918188482522964e-03,1.919730799272656441e-03,2.526613511145114899e-02,2.066399529576301575e-02,1.035807281732559204e-02,-2.050754986703395844e-02,-1.456094672903418541e-03,2.290639840066432953e-02,2.241098321974277496e-02,-4.954143892973661423e-03,2.737816423177719116e-02,2.126696752384305000e-03,-2.366255735978484154e-03,4.549990221858024597e-02,-1.255484391003847122e-02,2.776928059756755829e-02,-2.982916310429573059e-02,-3.195748897269368172e-03,-1.495369337499141693e-02,1.988176256418228149e-02,7.460753840859979391e-05,2.341485023498535156e-02,-4.148443788290023804e-02,-8.013817132450640202e-04,-1.065792888402938843e-02,1.172046177089214325e-02,3.087214007973670959e-02,-2.543887821957468987e-03,1.819996163249015808e-02,-6.541425827890634537e-03,-3.578717354685068130e-03,1.132934540510177612e-02,-1.507102791219949722e-02,-5.536744720302522182e-04,-8.226486854255199432e-03,-1.825211010873317719e-02,2.565725147724151611e-02,2.753461152315139771e-02,3.057228401303291321e-03,2.108770655468106270e-03,-1.718305796384811401e-02,-1.494391472078859806e-03,-2.847003284841775894e-03,4.285986535251140594e-03,1.839551888406276703e-02,1.066607655957341194e-03,-2.267172746360301971e-02,9.771397337317466736e-03,-3.616525232791900635e-02,1.439309213310480118e-02,-1.565770246088504791e-02,-1.805655099451541901e-02,2.194164320826530457e-02,3.001168370246887207e-02,-3.233230859041213989e-02,1.932116225361824036e-02,2.933374792337417603e-02,7.203064858913421631e-03,-4.703177604824304581e-03,-2.680452726781368256e-02,1.525354944169521332e-02,5.808081943541765213e-03,2.507057599723339081e-02,-1.853892952203750610e-02,8.734938455745577812e-04,-6.505573634058237076e-03,-1.381945423781871796e-02,3.197378478944301605e-03,4.598879721015691757e-03,2.624392695724964142e-02,1.843463070690631866e-02,-1.148579176515340805e-02,-3.480938030406832695e-03,-2.789965365082025528e-03,3.228341927751898766e-03,3.355780616402626038e-02,-9.060868760570883751e-04,-5.772229749709367752e-03,-6.929283030331134796e-03,1.483635790646076202e-02,-2.142015472054481506e-02,6.023196503520011902e-03,-1.979050226509571075e-02,-1.037762779742479324e-02,-1.849981769919395447e-02,1.641386188566684723e-02,9.002201259136199951e-03,-2.905670786276459694e-03,-2.312803082168102264e-02,2.787357941269874573e-02,3.261912614107131958e-02,-1.310240756720304489e-02,-2.915122732520103455e-02,4.628213588148355484e-03,1.348048727959394455e-02,4.367469344288110733e-03,-3.368818014860153198e-02,-3.447041288018226624e-02,5.563634447753429413e-03,-1.595755852758884430e-02,2.574851177632808685e-02,-1.113378722220659256e-02,3.001168370246887207e-02,2.173956716433167458e-03,6.463202647864818573e-03,-2.530850702896714211e-03,-1.327840983867645264e-02,3.754719719290733337e-02,-2.904692851006984711e-02,6.479498930275440216e-03,-7.079211063683032990e-03,-9.784434922039508820e-03,7.895667222328484058e-04,-2.156356349587440491e-02,8.363377302885055542e-03,4.476981982588768005e-02,7.933149114251136780e-03,2.028917660936713219e-03,-3.119155298918485641e-03,-1.604881882667541504e-02,2.429812215268611908e-03,-4.514137748628854752e-03,1.432464690878987312e-03,-7.522476837038993835e-03,-2.402107929810881615e-03,-6.707650609314441681e-03,-2.260654233396053314e-02,-1.879967376589775085e-02,2.179823443293571472e-02,5.830082227475941181e-04,3.363603027537465096e-03,-5.338741932064294815e-03,-2.310195565223693848e-02,8.858791552484035492e-03,-2.457516267895698547e-03,9.871783852577209473e-02,-1.299810968339443207e-02,-2.411885885521769524e-03,8.252561092376708984e-03,7.542032748460769653e-03,5.520448321476578712e-04,-7.887518964707851410e-03,-2.517487481236457825e-02,5.557115655392408371e-03,1.448435336351394653e-02,-2.409278601408004761e-02,-4.571175668388605118e-04,-1.249617710709571838e-02,-1.027984917163848877e-02,-1.636171340942382812e-02,-2.132808003807440400e-04,-2.104207500815391541e-02,-1.831729523837566376e-02,-1.110771298408508301e-02,-9.921325370669364929e-03,2.522702328860759735e-02,2.813432365655899048e-02,6.935801822692155838e-03,3.493975475430488586e-02,1.278951391577720642e-02,-4.059790819883346558e-02,1.919079013168811798e-02,4.130191728472709656e-02,-1.325885392725467682e-02,-3.389677405357360840e-02,-1.111423131078481674e-02,8.474193513393402100e-03,-5.651635583490133286e-03,9.647543542087078094e-03,4.387839871924370527e-04,1.908649131655693054e-02,1.675282977521419525e-02,3.024635277688503265e-02,3.887699544429779053e-02,-2.949019521474838257e-02,3.389677405357360840e-02,9.425911121070384979e-03,-4.901995416730642319e-03,-9.817027486860752106e-03,1.041022129356861115e-02,1.525354944169521332e-02,1.076874509453773499e-02,8.350340649485588074e-03,-2.295854687690734863e-02,-2.539650723338127136e-02,5.014115199446678162e-02,-1.717002131044864655e-02,-2.310195565223693848e-02,1.439187035430222750e-04,2.019465528428554535e-02,-7.796258199959993362e-03,-7.867963053286075592e-03,1.869537495076656342e-02,6.062307860702276230e-03,3.207156434655189514e-02,-1.989479921758174896e-02,-2.740423940122127533e-02,-2.509665209800004959e-03,-2.188949473202228546e-02,-4.106724634766578674e-03,-1.587933488190174103e-02,5.214888602495193481e-03,-1.078830100595951080e-02,-1.838248223066329956e-02,1.590541005134582520e-02,-4.452211316674947739e-03,3.832943039014935493e-03,-5.579930730164051056e-03,-5.182295572012662888e-03,1.516228821128606796e-02,5.420224741101264954e-03,1.909952983260154724e-02,3.337528556585311890e-03,8.656715042889118195e-03,1.481028366833925247e-02,-5.710302852094173431e-03,-1.937331072986125946e-02,-9.784434922039508820e-03,-3.274950012564659119e-02,-1.011199434287846088e-03,2.590495906770229340e-02,-3.081673290580511093e-03,7.027062121778726578e-03,-1.715698279440402985e-02,1.028310856781899929e-03,2.472183201462030411e-03,7.894037291407585144e-03,6.955357734113931656e-03,9.901769459247589111e-03,-4.686880856752395630e-03,-1.597874448634684086e-03,-3.894869936630129814e-03,-9.777915664017200470e-03,1.142712496221065521e-02,-9.077165159396827221e-04,9.823546744883060455e-03,4.216726229060441256e-04,-1.505799032747745514e-02,8.382933214306831360e-03,3.804261237382888794e-02,-3.500493941828608513e-03,8.193893358111381531e-03,3.842720994725823402e-03,-2.779535576701164246e-02,-2.291291719302535057e-03,7.124841678887605667e-03,-1.973835378885269165e-02,9.712729603052139282e-03,-9.207537368638440967e-05,-1.398893818259239197e-02,2.093777805566787720e-02,-1.771758310496807098e-02,2.112029865384101868e-02,4.286638274788856506e-02,-1.564466580748558044e-02,-1.393678970634937286e-02,-1.003866083920001984e-02,3.314061835408210754e-02,-1.495369337499141693e-02,-1.851285435259342194e-02,7.874481379985809326e-03,-6.414312869310379028e-03,-1.492761820554733276e-02,-8.500268682837486267e-03,5.809711874462664127e-04,1.916471496224403381e-02,1.337618939578533173e-02,6.838022731244564056e-03,-1.534317969344556332e-03,-2.070310711860656738e-02,1.336315181106328964e-02,3.953537438064813614e-03,1.244402769953012466e-02,-3.405322134494781494e-02,4.827031400054693222e-03,-2.625696361064910889e-02,-4.255349189043045044e-02,-2.329751476645469666e-02,-2.501842752099037170e-02,-1.046237070113420486e-03,-2.868188731372356415e-02,-2.087259106338024139e-02,8.819680660963058472e-03,-4.954143892973661423e-03,2.808217518031597137e-02,-2.069007046520709991e-02,-8.519824594259262085e-03,-9.856139309704303741e-03,9.152129292488098145e-03,7.704997900873422623e-03,-7.366030011326074600e-03,-1.693535037338733673e-02,-3.409233409911394119e-03,2.865581214427947998e-02,1.254832558333873749e-02,1.243750937283039093e-02,-9.060868993401527405e-03,1.653119735419750214e-02,-5.821119528263807297e-03,-1.119897328317165375e-02,5.254000425338745117e-03,-2.133215311914682388e-03,3.238445892930030823e-02,-4.265778884291648865e-02,2.774320729076862335e-02,3.155007585883140564e-02,-1.900175004266202450e-03,2.768779871985316277e-03,-2.441219752654433250e-03,3.035065159201622009e-02,2.894263155758380890e-02,6.039492785930633545e-03,-2.041628956794738770e-02,-1.050148159265518188e-02,-1.990783773362636566e-02,-3.510271897539496422e-03,-1.557947974652051926e-02,7.450771983712911606e-03,-1.147275511175394058e-02,-2.889048308134078979e-02,-2.967271581292152405e-02,5.021937564015388489e-02,9.471541270613670349e-03,7.111804094165563583e-03,1.375426817685365677e-02,6.622908636927604675e-03,-2.052058652043342590e-02,5.634524277411401272e-04,-1.471902336925268173e-02,-1.986872591078281403e-02,-4.031760618090629578e-03,3.562420839443802834e-03,8.252561092376708984e-03,2.954234369099140167e-02,3.452256321907043457e-02,-4.413099493831396103e-03,3.800350008532404900e-03,-1.080785691738128662e-02,-3.483545407652854919e-02,-1.104904524981975555e-02,-2.525961725041270256e-03,1.887137768790125847e-03,1.542303245514631271e-02,-1.960798166692256927e-02,-6.453424692153930664e-03,7.366030011326074600e-03,-8.663233369588851929e-03,-5.967787932604551315e-03,-3.739074990153312683e-02,8.376414887607097626e-03,5.821119528263807297e-03,-7.574625778943300247e-03,6.208976730704307556e-03,-1.962101832032203674e-02,-3.170652315020561218e-02,2.353218384087085724e-02,6.629426963627338409e-03,3.822513297200202942e-02,-2.413189597427845001e-02,1.773062162101268768e-02,2.928485861048102379e-03,-1.222891360521316528e-02,-3.087214007973670959e-02,1.513621397316455841e-02,1.926901377737522125e-02,-6.727206055074930191e-03,7.229139097034931183e-03,3.397499769926071167e-02,-4.996514879167079926e-03,-7.659367751330137253e-03,-1.379337999969720840e-02,-1.086652372032403946e-02,-1.305677741765975952e-02,-3.624347597360610962e-02,2.359737083315849304e-02,-5.596227478235960007e-03,-1.449739001691341400e-02,-5.403928458690643311e-03,-4.299023654311895370e-03,-1.324581727385520935e-02,4.732511471956968307e-03,-1.591844670474529266e-02,6.143790669739246368e-03,-1.840855740010738373e-02,-4.145836457610130310e-03,-2.096385136246681213e-02,2.602229453623294830e-02,-2.670022845268249512e-02,3.003449877724051476e-03,-1.881271041929721832e-02,-1.053407508879899979e-02,8.070854819379746914e-04,-9.595395065844058990e-03,-1.659638248383998871e-02,4.752067383378744125e-03,-1.318714953958988190e-02,-3.373380983248353004e-03,2.952930750325322151e-03,-7.711516227573156357e-03,-3.332639811560511589e-03,5.903416895307600498e-04,-3.163155866786837578e-03,2.939893398433923721e-03,-8.298191241919994354e-03,2.753461152315139771e-02,-1.486243214458227158e-02,-1.312196347862482071e-02,-1.569681428372859955e-02,2.860366366803646088e-02,-2.005124650895595551e-02,-5.531040951609611511e-03,-4.980218596756458282e-03,-1.804351434111595154e-02,-1.754809916019439697e-02,-2.243705838918685913e-02,2.941197156906127930e-02,2.486198022961616516e-02,-1.994694955646991730e-02,9.699692949652671814e-03,-2.282817475497722626e-02,-9.504134766757488251e-03,-1.256136316806077957e-02,2.017509890720248222e-03,1.839551888406276703e-02,-1.675282977521419525e-02,-1.478420943021774292e-02,-8.721901103854179382e-03,-1.087304297834634781e-02,1.143364328891038895e-02,1.040370296686887741e-02,-4.476981982588768005e-02,-3.900981100741773844e-04,4.065005481243133545e-02,-2.465338632464408875e-02,3.499190136790275574e-02,-1.872145012021064758e-02,1.100341510027647018e-02,-1.915167830884456635e-02,1.608793064951896667e-02,-1.621504430659115314e-03,1.981657696887850761e-03,3.423574194312095642e-02,-1.423664577305316925e-02,-1.775669492781162262e-02,9.275983087718486786e-03,6.103049381636083126e-04,2.560510300099849701e-02,-6.896689999848604202e-03,5.254000425338745117e-03,2.539650723338127136e-02,1.567074097692966461e-02,1.428879424929618835e-02,6.131568225100636482e-04,-1.646601036190986633e-02,1.524051185697317123e-02,-3.728645388036966324e-03,7.757146842777729034e-03,4.763800650835037231e-02,-1.099037751555442810e-02,1.000606734305620193e-02,7.294325157999992371e-03,2.693489938974380493e-02,3.790572052821516991e-03,-1.191601995378732681e-02,-1.361085940152406693e-02,-1.869537495076656342e-02,7.385585922747850418e-03,-1.009732764214277267e-02,-2.115941047668457031e-02,-8.858791552484035492e-03,-1.934723742306232452e-02,-3.451604396104812622e-03,2.818647213280200958e-02,1.754809916019439697e-02,-2.896870672702789307e-02,2.667415514588356018e-02,1.381945423781871796e-02,6.642464082688093185e-03,3.575457958504557610e-03,2.600925602018833160e-02,5.286593455821275711e-03,2.224149927496910095e-02,-2.022073045372962952e-02,-3.958100453019142151e-02,-2.740423940122127533e-02,-2.277602627873420715e-02,1.826514676213264465e-02,-8.070039562880992889e-03,-1.624437794089317322e-02,-9.269464761018753052e-03,2.628629794344305992e-03,-5.282682180404663086e-02,1.921360497362911701e-03,1.990783773362636566e-02,1.095126569271087646e-02,1.085348660126328468e-03,1.065792888402938843e-02,-1.838248223066329956e-03,2.753461152315139771e-02,3.793831449002027512e-03,-9.614950977265834808e-03,-1.290684938430786133e-02,-3.796438872814178467e-02,-2.035110257565975189e-02,1.535784639418125153e-02,7.744109723716974258e-03,1.556644216179847717e-02,-1.928205043077468872e-02,-1.402316149324178696e-03,3.357084468007087708e-03,-2.447086386382579803e-02,9.569320827722549438e-03,6.414312869310379028e-03,-2.104207500815391541e-02,-1.160312723368406296e-02,-2.036413922905921936e-02,1.132282707840204239e-02,2.698704833164811134e-03,-4.377247299998998642e-03,5.410446785390377045e-03,-1.630956307053565979e-02,7.789739873260259628e-03,2.462731115520000458e-02,1.267869723960757256e-03,-2.655681967735290527e-02,-1.091867312788963318e-02,4.530434496700763702e-03,-1.170090585947036743e-02,-9.536727331578731537e-03,3.797090612351894379e-03,-9.210797026753425598e-03,-9.660581126809120178e-03,1.005801241262815893e-04,4.158873483538627625e-02,1.730487419990822673e-04,-1.235928572714328766e-02,1.657030917704105377e-02,-1.660941913723945618e-02,-2.466642297804355621e-02,-2.364951930940151215e-02,2.480983175337314606e-02,-1.460168790072202682e-02,1.477117184549570084e-02,-1.007940154522657394e-03,-9.106499142944812775e-03,2.949019521474838257e-02,-3.155007585883140564e-02,2.662200666964054108e-02,-4.164088517427444458e-02,4.985718624084256589e-05,4.856364801526069641e-03,-1.000606687739491463e-03,-2.260654233396053314e-02,3.746897354722023010e-02,1.632260158658027649e-02,-8.259079419076442719e-03,8.382933214306831360e-03,1.150534767657518387e-02,1.076874509453773499e-02,-9.269464761018753052e-03,-1.076874509453773499e-02,1.731343008577823639e-02,-3.230623528361320496e-02,-9.953918866813182831e-03,3.050709841772913933e-03,-3.881832584738731384e-03,-3.256697952747344971e-02,-9.738804772496223450e-03,1.091867312788963318e-02,-2.415797114372253418e-02,-1.387160364538431168e-02,1.636431962251663208e-01,-1.857804134488105774e-02,7.411660160869359970e-03,2.268476597964763641e-02,-2.100622281432151794e-03,1.899523101747035980e-02,5.496492609381675720e-02,2.131585730239748955e-03,2.602555323392152786e-03,7.965742610394954681e-03,-1.642689853906631470e-02,-2.761283516883850098e-02,-8.806643076241016388e-03,-9.688285063020884991e-04,1.630467479117214680e-03,-8.350340649485588074e-03,-2.443175204098224640e-02,-4.976959433406591415e-03,-1.172698102891445160e-02,-1.089911721646785736e-02,1.311544515192508698e-02,-7.242176681756973267e-03,-1.586629822850227356e-02,-1.374123152345418930e-02,6.851059850305318832e-03,-1.365648931823670864e-03,-1.188342738896608353e-02,-8.884866721928119659e-03,1.325885392725467682e-02,1.048192568123340607e-02,-4.654287826269865036e-03,-1.160312723368406296e-02,6.347497110255062580e-04,-3.950278274714946747e-03,-2.069007046520709991e-02,2.677845209836959839e-02,1.793921738862991333e-02,-6.339348619803786278e-04,8.376414771191775799e-04,7.561588194221258163e-03,2.537043206393718719e-02,-7.863074424676597118e-04,-7.972260937094688416e-03,-1.857804134488105774e-02,3.872054861858487129e-03,4.101509973406791687e-02,-2.292921300977468491e-03,-1.855196617543697357e-02,4.455470480024814606e-03,8.910940960049629211e-03,-2.153749018907546997e-02,1.576200127601623535e-02,2.157660201191902161e-02,1.552733033895492554e-02,3.050709841772913933e-03,7.515958044677972794e-03,2.547473087906837463e-02,3.449648618698120117e-02,9.882213547825813293e-03,7.776702754199504852e-03,-2.405367419123649597e-02,1.952975802123546600e-02,6.974913645535707474e-03,4.761844873428344727e-03,-7.542236562585458159e-05,1.988176256418228149e-02,6.600093096494674683e-03,3.679755842313170433e-03,-3.032783512026071548e-03,-1.102297101169824600e-02,-2.345396205782890320e-02,-1.447131577879190445e-02,-2.431441843509674072e-02,-5.570152774453163147e-03,-1.885508187115192413e-03,-1.112726889550685883e-02,2.355825901031494141e-02,-6.534907151944935322e-04,-1.223543193191289902e-02,-3.939685411751270294e-04,4.035019781440496445e-03,-1.120549160987138748e-02,-7.366030011326074600e-03,2.735209092497825623e-02,-3.111006924882531166e-03,-1.397590152919292450e-02,2.046843804419040680e-02,-8.759383345022797585e-04,-4.985433444380760193e-02,-7.093063322827219963e-04,2.793224761262536049e-03,-1.947760954499244690e-02,6.792392116039991379e-03,-2.497931569814682007e-02,2.324536629021167755e-02,-4.970440641045570374e-03,7.326918188482522964e-03,1.838248223066329956e-02,1.078178174793720245e-02,-1.415842212736606598e-02,-1.805655099451541901e-02,-2.075525559484958649e-02,4.539560526609420776e-02,1.102297101169824600e-02,-9.269464761018753052e-03,-1.072963327169418335e-02,1.795225404202938080e-02,6.365423556417226791e-03,1.207246724516153336e-02,-2.409278601408004761e-02,3.480938030406832695e-03,-2.145926654338836670e-02,3.832942992448806763e-02,7.444253191351890564e-03,1.856500282883644104e-02,1.170090585947036743e-02,-1.176609192043542862e-02,-1.534480974078178406e-02,2.690882422029972076e-02,1.031244173645973206e-02,-2.079436741769313812e-02,-6.290459539741277695e-03,9.360725060105323792e-03,2.477071993052959442e-02,-6.407794076949357986e-03,-3.243660554289817810e-02,-2.224149927496910095e-02,2.187645807862281799e-02,3.230786533094942570e-04,-1.717002131044864655e-02,1.153794117271900177e-02,-3.881832584738731384e-03,-2.437960356473922729e-02,1.125764101743698120e-02,-1.544095925055444241e-03,2.380596660077571869e-02,-9.732285514473915100e-03,2.868188777938485146e-03,9.302057325839996338e-03,-2.118548564612865448e-02,2.962056733667850494e-02,1.780884526669979095e-02,3.332313895225524902e-02,2.542258240282535553e-02,5.260722537059336901e-05,-3.316343296319246292e-03,2.508361451327800751e-02,-1.380641758441925049e-02,-3.386418335139751434e-03,-2.042932622134685516e-02,-2.899478003382682800e-02,-1.464079972356557846e-02,1.980353891849517822e-02,-9.465022943913936615e-03,3.251482918858528137e-02,-3.360995650291442871e-02,-1.569681428372859955e-02,-2.585281059145927429e-02,-1.865626312792301178e-02,-1.379337999969720840e-02,-4.591709375381469727e-02,1.327189151197671890e-02,2.729994244873523712e-02,-2.943804673850536346e-02,-7.907074876129627228e-03,1.032384927384555340e-03,-1.641646921634674072e-01,9.132573381066322327e-03,3.204549103975296021e-02,4.136058501899242401e-03,3.705830080434679985e-03,-1.289381179958581924e-02,4.205807670950889587e-02,-1.632260158658027649e-02,5.537559743970632553e-03,8.950052782893180847e-03,1.282210741192102432e-02,-1.526658609509468079e-02,-2.130281925201416016e-02,-1.926249475218355656e-03,-1.483635790646076202e-02,2.108770655468106270e-03,-1.615311764180660248e-02,-9.745323099195957184e-03,1.034503523260354996e-02,1.630956307053565979e-02,2.117244713008403778e-02,-2.572243846952915192e-02,-1.230713725090026855e-02,-6.365423556417226791e-03,1.105556357651948929e-02,1.133586373180150986e-02,1.004517916589975357e-02,-4.517397377640008926e-03,-3.143599955365061760e-03,-4.555205255746841431e-02,9.732285514473915100e-03,7.268250919878482819e-03,-2.613962860777974129e-03,-8.878347463905811310e-03,9.758359752595424652e-03,1.469294819980859756e-02,-2.212416380643844604e-02,-4.420432960614562035e-04,4.123021382838487625e-03,4.164088517427444458e-02,2.175912261009216309e-02,1.593148522078990936e-02,9.011978982016444206e-04,6.547944620251655579e-03,8.526342920958995819e-03,2.087259106338024139e-02,8.839235641062259674e-03,8.200412616133689880e-03,4.083257913589477539e-02,-3.900736570358276367e-02,1.569681428372859955e-02,-3.765149414539337158e-02,2.844721637666225433e-02,-4.882439505308866501e-03,2.385811507701873779e-02,9.986511431634426117e-03,1.019510719925165176e-02,-1.149882934987545013e-02,-3.109071622020564973e-05,-1.461798441596329212e-03,-1.474509760737419128e-02,-1.202683709561824799e-02,7.920111529529094696e-03,-1.252225134521722794e-02,-4.962292150594294071e-04,-2.235883474349975586e-02,-2.724779210984706879e-02,3.232823510188609362e-04,-4.038931056857109070e-02,1.589237339794635773e-02,-2.148534171283245087e-02,-6.156827788800001144e-03,4.836809355765581131e-03,-1.582718640565872192e-02,1.900826953351497650e-02,1.309588924050331116e-02,-1.825210987590253353e-03,-1.513621397316455841e-02,2.844721637666225433e-02,6.094900891184806824e-03,-3.626954928040504456e-02,3.087214007973670959e-02,-1.411931030452251434e-02,-8.498638635501265526e-04,4.276208579540252686e-03,1.947434968315064907e-03,-1.441916637122631073e-02,-2.870796062052249908e-02,2.333662705495953560e-03,-9.321613237261772156e-03,-4.651028662919998169e-03,-1.673979312181472778e-02,-2.045539952814579010e-02,-1.546214427798986435e-02,2.756068669259548187e-02,2.660896815359592438e-02,-1.228758133947849274e-02,-4.044797737151384354e-03,-1.438005547970533371e-02,-5.234444513916969299e-03,-2.806261880323290825e-03,-2.101600170135498047e-02,-1.771758310496807098e-02,3.496582806110382080e-02,1.346744969487190247e-02,-9.979993104934692383e-03,-9.132573381066322327e-03,1.132934540510177612e-02,1.462776213884353638e-02,-8.545898832380771637e-03,9.109758539125323296e-04,-5.016070790588855743e-03,-3.176192985847592354e-03,1.874752342700958252e-02,-2.808217518031597137e-02,2.052058652043342590e-02,-1.955583132803440094e-02,-1.392375212162733078e-02,3.963315114378929138e-02,-1.720913313329219818e-02,4.299675673246383667e-02,1.355870999395847321e-02,-1.439309213310480118e-02,7.072692387737333775e-04,-1.645297370851039886e-02,-1.803047768771648407e-02,-1.102427467703819275e-01,-1.526658609509468079e-02,1.142060570418834686e-02,9.034794755280017853e-03,1.078830100595951080e-02,4.766407981514930725e-02,9.859398705884814262e-04,5.469114519655704498e-03,-2.574851177632808685e-02,2.177215926349163055e-02,-8.976127021014690399e-03,-1.183942658826708794e-03,2.266846830025315285e-03,-2.939893398433923721e-03,6.544684991240501404e-03,-2.786705968901515007e-03,1.453650183975696564e-03,-8.793605491518974304e-03,-4.247526824474334717e-02,1.740469038486480713e-02,2.266846830025315285e-03,9.966955520212650299e-03,1.540999580174684525e-02,-1.245054602622985840e-02,-2.164178714156150818e-02,1.296551618725061417e-02,-1.950368285179138184e-02,3.673237049952149391e-03,2.923596883192658424e-03,1.256136316806077957e-02,3.744290024042129517e-02,-1.322463154792785645e-03,1.104904524981975555e-02,5.645116791129112244e-03,-1.059926114976406097e-02,-3.096339991316199303e-03,-3.689533472061157227e-02,5.742895882576704025e-03,1.925597526133060455e-02,-3.407929837703704834e-02,6.681575905531644821e-04,1.969924196600914001e-02,-2.131585776805877686e-02,-2.175912261009216309e-02,1.143364328891038895e-02,-1.800440251827239990e-02,8.819680660963058472e-03,4.840068519115447998e-03,1.615311764180660248e-02,-2.216327562928199768e-02,-1.012992113828659058e-02,-5.443039815872907639e-03,-4.364861547946929932e-02,-1.898219436407089233e-02,1.177261117845773697e-02,-1.697446219623088837e-02,9.393317624926567078e-03,7.457290776073932648e-03,-1.846070587635040283e-02,2.394937537610530853e-02,-1.887789741158485413e-02,2.379292808473110199e-02,1.706572249531745911e-02,2.286728657782077789e-02,1.833359245210886002e-03,-3.516790457069873810e-03,-3.728645294904708862e-02,-1.276995800435543060e-02,3.389677405357360840e-02,-2.497931569814682007e-02,1.655727066099643707e-02,8.265394717454910278e-05,-1.984265074133872986e-02,9.217315353453159332e-03,-2.896870672702789307e-02,5.752673838287591934e-03,-1.305677741765975952e-02,9.362354758195579052e-04,2.883833274245262146e-02,-3.327098861336708069e-02,-6.424090825021266937e-03,-2.070310711860656738e-02,-6.508832797408103943e-03,-1.560555398464202881e-02,2.037717774510383606e-02,-2.020769380033016205e-02,1.833359245210886002e-03,-2.353218384087085724e-02,-4.178429488092660904e-03,2.417100779712200165e-02,1.802395796403288841e-03,2.368863113224506378e-02,2.155052684247493744e-02,-3.989389911293983459e-02,-1.633563823997974396e-02,-7.235657889395952225e-03,2.336269989609718323e-02,-2.428834326565265656e-02,-1.843463070690631866e-02,1.660941913723945618e-02,-1.894308254122734070e-02,-5.319186486303806305e-03,-4.560419917106628418e-02,3.598273172974586487e-02,-6.482758093625307083e-03,-1.023421902209520340e-02,1.748291403055191040e-02,-2.058577165007591248e-02,5.273555871099233627e-03,-4.362254217267036438e-02,-1.452346425503492355e-02,-5.755933001637458801e-03,2.108363114530220628e-04,2.449693903326988220e-02,-1.385856606066226959e-02,8.480712771415710449e-03,4.416358657181262970e-03,6.528388708829879761e-03,2.391026355326175690e-02,1.827818527817726135e-02,-1.039718394167721272e-03,2.203290350735187531e-02,1.701357401907444000e-02,1.739165373146533966e-02,-2.048473339527845383e-03,2.268476411700248718e-03,-7.946186698973178864e-03,3.872054861858487129e-03,2.434049174189567566e-02,1.989479921758174896e-02,9.073905646800994873e-03,-4.595620557665824890e-03,5.661413539201021194e-03,-3.530479595065116882e-02,1.619059941731393337e-03,6.081863772124052048e-03,-1.367604546248912811e-02,-2.870796062052249908e-02,1.099689584225416183e-02,-1.579948235303163528e-03,-3.202267456799745560e-03,5.668583884835243225e-02,1.396612380631268024e-03,-3.124044276773929596e-03,9.367243386805057526e-03,-3.277557343244552612e-02,1.825210987590253353e-03,-6.274162791669368744e-03,-4.018723499029874802e-03,3.115895902737975121e-03,3.363602980971336365e-02,6.613130681216716766e-03,1.257439982146024704e-02,1.378034334629774094e-02,-2.387115173041820526e-02,2.529220888391137123e-03,-5.626375786960124969e-04,-1.264610514044761658e-02,3.801653906702995300e-02,2.638407750055193901e-03,1.233321148902177811e-02,-2.703919634222984314e-02,-1.091867312788963318e-02,8.454637601971626282e-03,1.006310572847723961e-03,-7.040099706500768661e-03,-1.363204442895948887e-03,-2.195467986166477203e-02,-1.069052144885063171e-02,1.578807458281517029e-02,2.807891461998224258e-03,1.387649215757846832e-03,-2.023376710712909698e-02,1.745683886110782623e-02,-5.227925721555948257e-03,-6.192679982632398605e-03,-1.341530121862888336e-02,-1.816084980964660645e-02,-1.666156947612762451e-02,8.656715042889118195e-03,-1.799136586487293243e-02,9.530209004878997803e-03,-1.198772527277469635e-02,-1.969924196600914001e-02,2.328447811305522919e-02,2.385811507701873779e-02,2.289335988461971283e-02,3.243008861318230629e-03,-2.383203990757465363e-02,-9.041313081979751587e-03,2.050754986703395844e-02,-3.621088340878486633e-03,1.569681428372859955e-02,5.443039815872907639e-03,-4.181688651442527771e-03,-3.966574557125568390e-03,-1.698749884963035583e-02,-1.497976761311292648e-02,-3.656940534710884094e-03,-4.843327682465314865e-03,-8.878347463905811310e-03,2.377989143133163452e-02,-7.724553812295198441e-03,5.296371411532163620e-03,-6.714168936014175415e-03,-3.632169961929321289e-02,-2.193512395024299622e-03,-1.703964918851852417e-02,-1.314151939004659653e-02,-3.827728331089019775e-02,-2.337573841214179993e-02,1.713090948760509491e-02,2.711741998791694641e-02,-1.559251639991998672e-02,-2.842114306986331940e-02,2.187808713642880321e-04,3.135451814159750938e-03,-2.965967869386076927e-03,1.439309213310480118e-02,-1.289381179958581924e-02,-2.560510300099849701e-02,5.825030431151390076e-02,1.340226363390684128e-02,1.243099011480808258e-02,1.385856606066226959e-02,-1.194209512323141098e-02,-5.626375786960124969e-04,1.908649131655693054e-02,1.245054602622985840e-02,-1.816084980964660645e-02,-7.390474784187972546e-04,-1.443220395594835281e-02,-1.611400581896305084e-02,-1.112726889550685883e-02,-5.694658309221267700e-02,-7.639811839908361435e-03,1.644930598558858037e-04,-1.688320189714431763e-03,-8.598047308623790741e-03,1.962101832032203674e-02,-2.441871538758277893e-02,2.787357941269874573e-02,-8.004853501915931702e-03,-6.231791805475950241e-03,-9.438948705792427063e-03,-1.839551888406276703e-02,2.620481513440608978e-02,-7.770183961838483810e-03,4.413099493831396103e-03,-2.388419024646282196e-02,-1.694838702678680420e-02,1.640082523226737976e-02,-1.543607003986835480e-02,1.818692311644554138e-02,1.405575429089367390e-03,-3.543516620993614197e-02,6.111197639256715775e-03,-6.332830060273408890e-03,-1.611400581896305084e-02,2.322255168110132217e-03,-1.097082160413265228e-02,5.590360611677169800e-02,5.531040951609611511e-03,6.935801822692155838e-03,-6.987950764596462250e-03,-2.552687935531139374e-02,-9.647543774917721748e-04,3.418359532952308655e-02,-1.149882934987545013e-02,3.464641515165567398e-03,-3.410537168383598328e-02,-7.574625778943300247e-03,1.984916860237717628e-03,-3.467901051044464111e-02,-2.617873996496200562e-02,1.372819393873214722e-02,-2.431441843509674072e-02,4.162132740020751953e-03,-1.799136586487293243e-02,-1.022118143737316132e-02,1.426272001117467880e-02,-6.332830060273408890e-03,3.692792961373925209e-03,-2.510968782007694244e-02,-3.666066750884056091e-02,3.155007585883140564e-02,1.404108759015798569e-02,-2.179823443293571472e-02,1.308936998248100281e-02,-1.320018619298934937e-02
-1.656097732484340668e-02,-1.985970884561538696e-02,1.509337872266769409e-02,7.624108693562448025e-04,3.281901124864816666e-03,4.265461489558219910e-02,-3.290652856230735779e-02,-2.034442126750946045e-02,-5.015417933464050293e-03,-1.009815745055675507e-02,2.264680154621601105e-02,1.282465923577547073e-02,2.136770077049732208e-02,-1.218510977923870087e-02,1.416434813290834427e-02,1.349113788455724716e-02,1.035397686064243317e-02,-7.048513740301132202e-03,3.901254851371049881e-03,-1.839211024343967438e-02,-2.902883663773536682e-02,1.075790356844663620e-02,1.627822965383529663e-02,-1.155902445316314697e-02,-1.367963664233684540e-02,1.085888501256704330e-02,6.651319563388824463e-03,-2.159659191966056824e-02,1.883306307718157768e-03,-1.803993654903024435e-05,-3.790175076574087143e-03,2.196349203586578369e-03,-9.875997900962829590e-03,-4.594661761075258255e-03,-3.568015620112419128e-02,-9.478803724050521851e-03,-1.521455682814121246e-02,-2.948661893606185913e-02,1.757079362869262695e-02,-2.012899331748485565e-02,-2.499294001609086990e-03,3.347539110109210014e-03,-5.900689866393804550e-03,2.682743826881051064e-03,-1.203700341284275055e-02,-1.608972996473312378e-02,-5.493397358804941177e-03,-9.727891534566879272e-03,-1.444709673523902893e-02,2.070795372128486633e-02,1.116856187582015991e-02,1.716686785221099854e-02,-1.448749005794525146e-02,2.682323101907968521e-04,2.765211975201964378e-03,3.428324358537793159e-03,2.065073233097791672e-03,8.563237264752388000e-03,3.837299766018986702e-03,-2.474721707403659821e-02,-8.200544980354607105e-04,4.251324106007814407e-03,3.965209703892469406e-03,2.381482045166194439e-04,-2.113880962133407593e-02,-2.923416439443826675e-03,-9.667302481830120087e-03,3.249923698604106903e-03,-2.183894813060760498e-02,-3.430680558085441589e-02,6.268935650587081909e-02,1.827093213796615601e-02,-2.027709968388080597e-02,1.195621863007545471e-02,4.146976396441459656e-03,-2.241790853440761566e-02,9.626910090446472168e-03,-6.785961799323558807e-03,-1.591469533741474152e-02,3.773344680666923523e-03,9.687499143183231354e-03,-3.958477824926376343e-02,-3.204482048749923706e-02,-1.089759520255029202e-03,2.082913182675838470e-02,9.209519252181053162e-03,-1.227262709289789200e-02,3.387594968080520630e-02,6.789327599108219147e-03,-6.260857451707124710e-03,4.422992933541536331e-03,4.806722979992628098e-03,-8.159311488270759583e-03,1.557809021323919296e-02,-1.634555123746395111e-02,-3.430007491260766983e-03,-2.158312872052192688e-02,-6.870112847536802292e-03,-2.291608415544033051e-02,-2.158312872052192688e-02,7.792411488480865955e-04,3.810371272265911102e-03,-2.672645635902881622e-02,6.037856801412999630e-04,-2.189280465245246887e-02,-1.544344890862703323e-02,-1.203027088195085526e-02,-1.334639731794595718e-03,2.078874036669731140e-02,-2.932504937052726746e-02,8.314149454236030579e-04,1.744961552321910858e-02,4.507143981754779816e-03,-3.869614005088806152e-02,-5.557352676987648010e-03,-5.119092389941215515e-02,1.355172693729400635e-02,-1.297949813306331635e-02,-3.189334645867347717e-03,-1.945578306913375854e-02,-6.082456558942794800e-03,1.683026179671287537e-02,1.209759246557950974e-02,-1.657780841924250126e-03,-5.288909887894988060e-04,1.864792965352535248e-02,-1.378735061734914780e-02,-2.959433197975158691e-02,7.176423911005258560e-03,-3.527622902765870094e-03,-5.406721611507236958e-04,2.659181319177150726e-02,2.372393757104873657e-02,-2.278144285082817078e-02,-4.008968360722064972e-03,3.252952918410301208e-02,3.958477638661861420e-03,-2.403361350297927856e-02,1.479716598987579346e-02,-4.330089688301086426e-02,2.641677856445312500e-02,3.080611117184162140e-02,-2.447793260216712952e-02,-2.345465309917926788e-02,2.263333648443222046e-02,1.953656785190105438e-02,1.035397686064243317e-02,3.285267204046249390e-02,-1.487795170396566391e-02,1.085215341299772263e-02,1.384120713919401169e-02,-3.223331645131111145e-02,2.994440309703350067e-02,-2.214862406253814697e-02,2.874608850106596947e-03,4.958195146173238754e-03,1.905185729265213013e-02,1.283812429755926132e-02,5.601111333817243576e-03,-3.244874626398086548e-02,1.584737561643123627e-02,1.027992367744445801e-02,9.438411332666873932e-03,-9.579785168170928955e-03,1.520109269767999649e-02,3.713428974151611328e-02,1.106758043169975281e-02,8.213168010115623474e-03,-1.999435201287269592e-02,-1.825746893882751465e-02,2.290262095630168915e-02,-1.011498738080263138e-03,-3.682461334392428398e-03,2.163698524236679077e-02,-1.489141583442687988e-02,2.174469828605651855e-02,3.317581117153167725e-02,2.652449347078800201e-02,-3.632643818855285645e-02,7.836169563233852386e-03,-4.370482638478279114e-02,9.822141379117965698e-03,4.510510340332984924e-02,2.420864813029766083e-02,-4.847115371376276016e-03,7.194937206804752350e-04,1.998088695108890533e-02,-2.130037918686866760e-02,1.280446350574493408e-02,-1.396238524466753006e-02,1.990010216832160950e-02,2.352197468280792236e-02,-5.836735013872385025e-03,-1.457921462133526802e-04,-6.247393488883972168e-01,1.322185434401035309e-02,-1.161288097500801086e-02,-1.163307670503854752e-02,-5.998305510729551315e-03,9.209519252181053162e-03,1.032031700015068054e-02,2.047906257212162018e-02,-4.130146466195583344e-03,5.718923173844814301e-03,-1.293910574167966843e-02,7.674599532037973404e-03,1.062999386340379715e-02,-3.710736334323883057e-02,-6.075724493712186813e-03,-5.362121388316154480e-03,-1.036744099110364914e-02,9.822141379117965698e-03,-1.278426684439182281e-02,-3.075730346608906984e-04,-1.334976404905319214e-02,7.263941224664449692e-03,-1.645326428115367889e-02,-4.426358791533857584e-04,7.223548367619514465e-03,-4.019066691398620605e-03,4.850481636822223663e-03,1.063672546297311783e-02,-4.089753609150648117e-03,1.975199580192565918e-02,-4.198140650987625122e-02,2.626867219805717468e-02,-8.893110789358615875e-03,1.721946173347532749e-04,4.370482638478279114e-02,-2.187934145331382751e-02,-1.534919906407594681e-02,3.360666707158088684e-02,1.304008718580007553e-02,3.417216241359710693e-02,-6.281053647398948669e-03,-8.549773134291172028e-03,-2.288915711687877774e-04,-1.437304425053298473e-03,1.357865519821643829e-02,-1.345747709274291992e-02,3.234103322029113770e-02,-2.443754114210605621e-03,5.419344175606966019e-03,-2.445100434124469757e-02,1.007796078920364380e-02,-1.520109269767999649e-02,-9.384553879499435425e-03,1.382774300873279572e-02,1.878257282078266144e-02,1.258903648704290390e-02,2.296994253993034363e-02,-1.657444238662719727e-02,1.212304778164252639e-05,-6.947532296180725098e-03,1.085888501256704330e-02,2.015592157840728760e-02,1.973853074014186859e-02,-2.695534750819206238e-02,-1.775929331779479980e-02,2.707652561366558075e-02,1.003083586692810059e-02,2.824791148304939270e-02,2.587821148335933685e-02,-3.850763896480202675e-03,4.641786217689514160e-03,4.143610596656799316e-03,-1.300137722864747047e-03,-2.200051769614219666e-02,1.080502849072217941e-02,9.505731984972953796e-03,2.260640822350978851e-02,-1.232648361474275589e-02,-1.024626381695270538e-02,-2.007008733926340938e-04,3.118647495284676552e-03,-3.312195651233196259e-03,-4.839036986231803894e-02,-6.388767622411251068e-03,1.481063105165958405e-02,-3.751128911972045898e-02,-3.995504230260848999e-03,1.699183322489261627e-02,2.002128027379512787e-02,-1.781314983963966370e-02,6.445990409702062607e-03,3.853456676006317139e-02,5.496763624250888824e-03,1.198104291688650846e-04,1.751693710684776306e-02,1.685719005763530731e-02,1.778622157871723175e-02,2.336040325462818146e-02,1.029338873922824860e-02,-4.083021543920040131e-03,-1.649365760385990143e-02,-2.041174098849296570e-02,3.541086986660957336e-02,-1.401624269783496857e-02,2.978283166885375977e-02,-2.393936552107334137e-02,-2.881340868771076202e-02,-5.510227754712104797e-03,2.011553011834621429e-02,-9.633641690015792847e-03,4.830285441130399704e-03,-2.702940022572875023e-03,-2.383165061473846436e-03,-7.714991923421621323e-03,7.486100774258375168e-03,-3.137160837650299072e-02,2.092338167130947113e-02,-8.401666767895221710e-03,1.126281172037124634e-02,-1.497220154851675034e-02,4.146976396441459656e-03,2.458564750850200653e-02,1.868832297623157501e-02,-2.567624859511852264e-02,7.115834858268499374e-03,5.086778476834297180e-02,9.472071193158626556e-03,-1.209759246557950974e-02,-1.149843540042638779e-02,9.546124376356601715e-03,-5.436174571514129639e-03,-5.274604074656963348e-03,3.115618042647838593e-02,1.396911800839006901e-03,-2.236321015516296029e-04,3.085996769368648529e-02,4.023106023669242859e-02,-9.374456130899488926e-04,1.676294021308422089e-02,-1.606280170381069183e-02,-2.136770077049732208e-02,-6.587364710867404938e-03,-2.782042371109127998e-03,-6.913871504366397858e-03,-9.694230742752552032e-03,-3.061761334538459778e-02,7.593814283609390259e-03,-2.439714781939983368e-02,-4.903665184974670410e-02,1.122578512877225876e-03,2.108495309948921204e-02,-1.994049362838268280e-02,-2.509728632867336273e-02,-3.546472638845443726e-02,4.823552910238504410e-03,-9.660570882260799408e-03,2.288915589451789856e-02,-9.643739904277026653e-04,-6.297884043306112289e-03,-1.549730543047189713e-02,2.197358943521976471e-02,-1.021933555603027344e-02,-1.358538772910833359e-02,8.320460619870573282e-05,1.291217748075723648e-02,-2.538003586232662201e-02,2.779012918472290039e-02,7.250477094203233719e-03,9.855801239609718323e-03,-3.021368570625782013e-02,-9.128734469413757324e-03,8.347810246050357819e-03,-2.431636303663253784e-02,2.467989549040794373e-02,-2.183894813060760498e-02,4.384283383842557669e-04,-2.450486086308956146e-02,-1.870178803801536560e-02,-1.062999386340379715e-02,1.436631195247173309e-02,2.161005698144435883e-02,7.991008460521697998e-03,-1.701876148581504822e-02,-1.603587344288825989e-02,7.445707917213439941e-03,-1.087234937585890293e-03,-4.217663779854774475e-03,2.334694005548954010e-02,-1.595508866012096405e-02,2.073488198220729828e-02,7.216816302388906479e-03,8.287221193313598633e-03,1.868159044533967972e-03,1.512030698359012604e-02,-1.474330946803092957e-02,5.106301512569189072e-03,3.732278943061828613e-02,1.871525123715400696e-02,8.684415370225906372e-03,2.781705744564533234e-02,5.617941264063119888e-03,8.406715933233499527e-04,3.670343384146690369e-02,-2.054974902421236038e-03,1.363924425095319748e-02,-1.673601195216178894e-02,-7.412047591060400009e-03,-2.959433197975158691e-02,2.776320092380046844e-02,-3.759880550205707550e-03,2.406054176390171051e-02,-3.966556116938591003e-02,-2.047906257212162018e-02,7.634206674993038177e-03,1.413741987198591232e-02,3.406444936990737915e-02,7.688063662499189377e-03,1.899799890816211700e-02,-1.240726932883262634e-02,-1.087908167392015457e-02,4.968293476849794388e-03,-3.737664595246315002e-02,1.287178415805101395e-02,2.268719254061579704e-03,-4.230454564094543457e-02,1.429899036884307861e-02,8.058329112827777863e-03,-5.722288973629474640e-03,2.290262095630168915e-02,-3.083303943276405334e-02,6.270955782383680344e-03,1.345074549317359924e-02,-3.514158772304654121e-03,2.280837111175060272e-02,1.063672546297311783e-02,5.755949765443801880e-03,-1.097333035431802273e-03,-2.006167173385620117e-02,3.743050387129187584e-03,-3.401395864784717560e-03,-1.457500737160444260e-03,3.145239502191543579e-02,1.019240636378526688e-02,-1.848636008799076080e-02,2.457218244671821594e-03,1.433938369154930115e-02,1.062936207745224237e-04,2.399322204291820526e-02,-1.611665822565555573e-02,1.273041032254695892e-02,1.019240636378526688e-02,2.255255170166492462e-02,-2.867876738309860229e-02,-1.032031700015068054e-02,4.975025542080402374e-03,-1.876910775899887085e-02,-5.538208279176615179e-05,2.665913430973887444e-03,2.575703337788581848e-02,1.545691303908824921e-02,8.462255820631980896e-03,-6.673198658972978592e-04,-3.275169059634208679e-03,1.498566567897796631e-02,4.537438601255416870e-02,-1.561848353594541550e-02,9.105171775445342064e-04,1.325551420450210571e-02,1.198987849056720734e-02,-1.086561754345893860e-02,2.674328628927469254e-03,1.471806433983147144e-03,-2.543052658438682556e-03,-1.584737561643123627e-02,9.498999454081058502e-03,1.845943182706832886e-02,4.325377289205789566e-03,1.438987441360950470e-03,3.621872514486312866e-02,9.680766612291336060e-03,-7.890027016401290894e-03,-3.425294905900955200e-02,1.050881575793027878e-02,2.268719300627708435e-02,-6.412329617887735367e-03,-3.883077949285507202e-02,-3.920777887105941772e-02,-3.426641458645462990e-03,-1.526841334998607635e-02,-1.282255543628707528e-04,-2.468999475240707397e-03,5.453004967421293259e-03,-2.354553667828440666e-03,-1.318819355219602585e-02,-1.367290504276752472e-02,-8.011205121874809265e-03,3.826528415083885193e-02,-2.458564750850200653e-02,-5.792976357042789459e-03,-2.288915682584047318e-03,-1.929421164095401764e-02,-3.115281462669372559e-03,-2.135423570871353149e-02,9.135466068983078003e-03,2.752084471285343170e-02,-8.866181597113609314e-03,-7.681331597268581390e-03,-9.674035012722015381e-03,-2.765548601746559143e-02,-1.385467220097780228e-02,-3.042911412194371223e-03,5.109667778015136719e-03,-8.253560401499271393e-03,1.643979921936988831e-02,-1.227262709289789200e-02,-1.689758338034152985e-02,-3.320274129509925842e-02,1.144457794725894928e-02,2.375086583197116852e-02,6.092554889619350433e-03,9.081609547138214111e-03,-2.857105247676372528e-02,2.677694661542773247e-03,-9.441776783205568790e-04,9.441103786230087280e-02,-2.095367526635527611e-03,2.997469622641801834e-03,1.344401296228170395e-02,2.090991847217082977e-02,6.351741030812263489e-03,-2.111188136041164398e-02,-2.108495309948921204e-02,-6.331544369459152222e-03,-2.581762149930000305e-03,-3.524930030107498169e-02,-1.431245449930429459e-02,1.800838042981922626e-03,-1.314443419687449932e-03,1.065018959343433380e-02,7.371654734015464783e-03,-9.795212186872959137e-03,-2.997133135795593262e-02,-1.472984533756971359e-02,1.178118400275707245e-03,-4.594661761075258255e-03,8.293952792882919312e-03,-1.691104657948017120e-02,2.373740077018737793e-02,-2.231692662462592125e-03,-2.019631490111351013e-02,4.887508228421211243e-03,3.301424160599708557e-02,2.517807297408580780e-02,-1.371329743415117264e-02,-1.797472010366618633e-03,-4.016121383756399155e-04,-4.076289478689432144e-03,1.223223470151424408e-02,2.659181365743279457e-03,2.730541676282882690e-02,8.940234780311584473e-03,1.573966071009635925e-02,2.803248539566993713e-02,-2.652449347078800201e-02,1.819014735519886017e-02,5.478250095620751381e-04,-1.226926106028258801e-03,-3.495308756828308105e-02,1.117529440671205521e-02,5.819904617965221405e-03,2.948661893606185913e-02,2.528578601777553558e-02,-2.085606008768081665e-02,-3.290652856230735779e-02,6.021194532513618469e-02,-9.680766612291336060e-03,-1.730150915682315826e-02,-2.776993205770850182e-03,-3.796907141804695129e-03,7.430560654029250145e-04,-9.512464515864849091e-03,3.015982918441295624e-02,-3.374467603862285614e-03,7.391850929707288742e-03,-1.602241024374961853e-02,-4.611491691321134567e-03,-8.960431441664695740e-03,-2.187934145331382751e-02,-5.893957801163196564e-03,-3.005211614072322845e-02,-5.321728996932506561e-03,-1.942885480821132660e-02,-5.261813104152679443e-02,2.792477048933506012e-02,3.837299766018986702e-03,-6.200268398970365524e-03,-9.344161488115787506e-03,-6.355106830596923828e-03,2.046559937298297882e-02,6.745568942278623581e-03,2.502996660768985748e-02,-3.965209703892469406e-03,1.177445147186517715e-02,1.192928943783044815e-02,-9.000823833048343658e-03,-8.920039050281047821e-03,-1.285832026042044163e-03,-1.769197173416614532e-02,-1.895087538287043571e-03,1.928074844181537628e-02,-8.549773134291172028e-03,-1.415088400244712830e-02,-1.670908369123935699e-02,1.010488905012607574e-02,-7.943883538246154785e-04,2.009533345699310303e-03,1.181484386324882507e-02,-6.870954530313611031e-04,-4.678812809288501740e-03,-1.081849262118339539e-02,-2.709672087803483009e-03,-7.452439982444047928e-03,9.990443475544452667e-03,1.451441831886768341e-02,2.041174098849296570e-02,7.284137420356273651e-03,-1.364597678184509277e-02,7.129298988729715347e-03,4.241225868463516235e-02,-1.901819603517651558e-03,-7.237012614496052265e-04,4.045994952321052551e-03,-2.724398800637573004e-04,1.921342685818672180e-02,1.014528237283229828e-02,-2.881340868771076202e-02,-1.977555686607956886e-03,-1.926728338003158569e-02,-2.978283166885375977e-02,1.812282577157020569e-02,-8.495916612446308136e-03,2.593206800520420074e-02,1.397584937512874603e-02,1.856714487075805664e-02,4.284984897822141647e-03,-8.213168010115623474e-03,2.940583415329456329e-02,1.627486315555870533e-03,-1.992703042924404144e-02,3.921451047062873840e-03,2.657498465850949287e-03,-2.682070620357990265e-02,3.644803655333817005e-05,-1.215818151831626892e-02,-1.427206210792064667e-02,3.390287980437278748e-02,1.066365372389554977e-02,-6.368570961058139801e-03,-3.201789036393165588e-02,1.870178803801536560e-02,-8.300685323774814606e-03,2.051608869805932045e-03,-3.996177390217781067e-02,-1.260250061750411987e-02,-2.625520899891853333e-02,-4.050034284591674805e-02,-2.474721707403659821e-02,-2.278144285082817078e-02,-5.971376784145832062e-03,-3.153317794203758240e-02,-1.242073345929384232e-02,-4.720888391602784395e-04,-2.293123252457007766e-04,5.299513041973114014e-02,-4.262768849730491638e-02,-1.306701544672250748e-02,-2.127345092594623566e-02,8.004472590982913971e-03,-2.388550713658332825e-02,-1.693797484040260315e-02,-2.395282872021198273e-02,5.962120485492050648e-04,3.333738446235656738e-02,5.028882529586553574e-03,1.839211024343967438e-02,9.054681286215782166e-03,1.385467220097780228e-02,2.130711218342185020e-03,-9.828872978687286377e-03,-1.312760449945926666e-02,-2.239098027348518372e-02,1.597191905602812767e-03,-5.687282234430313110e-02,2.010206505656242371e-02,4.233147576451301575e-02,1.127627585083246231e-02,-9.943318553268909454e-03,-2.088298834860324860e-02,3.926163539290428162e-02,2.190626971423625946e-02,-9.849069640040397644e-03,-9.492267854511737823e-04,-1.327571086585521698e-02,-1.653404906392097473e-02,1.982604851946234703e-03,5.809806287288665771e-03,8.421863429248332977e-03,-1.748664188198745251e-03,-2.875955216586589813e-02,-3.678422048687934875e-02,4.645152390003204346e-02,4.897606093436479568e-03,-5.904056131839752197e-03,3.066473640501499176e-03,-5.745851434767246246e-03,-1.840557530522346497e-02,1.433938369154930115e-02,-1.013854984194040298e-02,-2.354890294373035431e-02,-6.920603569597005844e-03,1.754386536777019501e-02,1.712647452950477600e-02,8.246828801929950714e-03,1.024626381695270538e-02,4.594661761075258255e-03,-2.051188203040510416e-04,-1.269674953073263168e-02,-1.205046754330396652e-02,-2.014245837926864624e-02,8.435327559709548950e-03,-7.802509702742099762e-03,2.744005993008613586e-02,-1.033378113061189651e-02,1.473489450290799141e-03,-1.366617251187562943e-02,3.446837654337286949e-03,-7.351458538323640823e-03,-1.621090807020664215e-02,4.385966341942548752e-03,9.196055121719837189e-03,-3.371101571246981621e-03,-7.927053375169634819e-04,-2.332001179456710815e-02,-3.920777887105941772e-02,1.598201692104339600e-02,3.695925464853644371e-03,2.590513974428176880e-02,-2.739966660737991333e-02,1.549730543047189713e-02,-6.479650735855102539e-03,-1.206393167376518250e-02,-3.818449750542640686e-02,1.556462608277797699e-02,-3.192700678482651711e-03,-7.472636178135871887e-03,1.417781319469213486e-02,6.678247824311256409e-03,6.405597552657127380e-03,-7.822705432772636414e-03,-1.685719005763530731e-02,-2.978956326842308044e-03,-1.796125620603561401e-02,-4.295082762837409973e-02,2.708999067544937134e-02,-9.855801239609718323e-03,-2.465296722948551178e-02,-1.178118307143449783e-02,-1.991356536746025085e-02,7.661135401576757431e-03,9.606713429093360901e-03,-3.888463601469993591e-02,3.126221126876771450e-04,-6.112751085311174393e-03,-2.197358943521976471e-02,-1.560501940548419952e-02,1.042129844427108765e-02,-3.481844440102577209e-02,1.596855185925960541e-02,-2.391580259427428246e-03,1.077810022979974747e-02,1.234668027609586716e-02,-1.914610527455806732e-02,-1.417781319469213486e-02,6.580632645636796951e-03,-8.745004422962665558e-03,1.343728136271238327e-02,3.105183364823460579e-03,-1.859407313168048859e-02,1.688411831855773926e-02,5.257773678749799728e-03,-1.637247949838638306e-02,-1.374190906062722206e-03,-6.260857335291802883e-04,3.201789036393165588e-02,-1.575312577188014984e-02,-5.308264866471290588e-03,-3.007904440164566040e-02,4.225068911910057068e-02,-1.192255783826112747e-02,2.336040372028946877e-03,-1.529534254223108292e-02,-9.687499143183231354e-03,-6.398865487426519394e-03,-2.292281715199351311e-03,2.478761039674282074e-02,1.303335465490818024e-02,6.235612090677022934e-04,8.004472590982913971e-03,-2.411440014839172363e-02,-2.671299129724502563e-02,-1.814975403249263763e-02,1.447402499616146088e-02,3.223331645131111145e-02,1.292564091272652149e-03,-2.962126210331916809e-02,-1.243419758975505829e-02,-1.611665822565555573e-02,1.456827484071254730e-02,2.457218244671821594e-02,-2.033095620572566986e-02,-3.739684121683239937e-03,4.071576893329620361e-02,-2.043867111206054688e-02,1.302662305533885956e-02,-1.829786039888858795e-02,1.224569883197546005e-02,-1.701876148581504822e-02,2.547428384423255920e-02,-5.473201163113117218e-03,-4.550902638584375381e-03,3.694579005241394043e-02,-3.158703446388244629e-02,-1.673601195216178894e-02,1.420474145561456680e-02,-1.241400092840194702e-02,1.020587049424648285e-02,6.728738546371459961e-03,-1.477023772895336151e-02,3.581479936838150024e-02,4.176597669720649719e-02,7.452439982444047928e-03,-1.680333353579044342e-02,-3.177553415298461914e-02,3.643415123224258423e-02,2.118929987773299217e-03,1.794779114425182343e-02,3.392980992794036865e-02,-1.405663508921861649e-02,2.027709968388080597e-02,1.408356335014104843e-02,1.649365760385990143e-02,2.908269315958023071e-02,-4.237859975546598434e-03,-1.102718804031610489e-02,-1.891721412539482117e-02,1.052227988839149475e-02,-2.762855775654315948e-02,-2.805941365659236908e-02,-1.006449689157307148e-03,-2.525885775685310364e-02,1.138567226007580757e-03,6.715274415910243988e-03,2.905576489865779877e-02,-2.501650154590606689e-02,4.429724812507629395e-02,4.224395845085382462e-03,-6.193536682985723019e-04,-7.815973833203315735e-03,-5.049078725278377533e-03,-2.835899125784635544e-03,6.341642700135707855e-03,-1.305355131626129150e-02,-2.686109766364097595e-02,-3.716121986508369446e-02,-2.107148803770542145e-02,2.989054471254348755e-02,-1.571273244917392731e-02,-9.599981829524040222e-03,9.896194562315940857e-03,2.235058881342411041e-02,-4.661309346556663513e-02,-4.096485674381256104e-03,-6.365205161273479462e-03,7.257209159433841705e-03,2.270065806806087494e-02,5.244309548288583755e-03,7.499564904719591141e-03,2.578396163880825043e-02,2.802238566800951958e-03,3.732952056452631950e-03,-6.260857451707124710e-03,-2.680724114179611206e-02,-2.137443283572793007e-03,-2.672645635902881622e-02,1.336995977908372879e-02,1.333629991859197617e-02,-9.337428957223892212e-03,2.534637460485100746e-03,1.177445147186517715e-02,-9.586517699062824249e-03,9.707694873213768005e-03,1.625130139291286469e-02,-2.088635461404919624e-03,-2.117920108139514923e-02,-1.204373594373464584e-02,-4.749499727040529251e-03,2.150907414034008980e-03,-7.122566923499107361e-03,1.619744487106800079e-02,-1.228609122335910797e-02,2.989054657518863678e-03,7.950616069138050079e-03,7.196620106697082520e-03,-4.744787514209747314e-02,9.021020494401454926e-03,3.425294905900955200e-02,-2.253908663988113403e-02,-7.304333616048097610e-03,-3.955111373215913773e-03,-2.524539269506931305e-02,2.591860247775912285e-03,-7.640939205884933472e-03,2.617442421615123749e-02,1.354499533772468567e-02,-2.578396163880825043e-02,-1.538917131256312132e-04,-7.412047591060400009e-03,-2.704959735274314880e-02,-2.325269021093845367e-02,1.498566567897796631e-02,1.643475145101547241e-03,2.125998772680759430e-02,-5.968010984361171722e-03,-1.878257282078266144e-02,2.940583415329456329e-02,-8.960431441664695740e-03,2.369700931012630463e-02,-5.579568445682525635e-02,-1.056940481066703796e-02,-1.435284782201051712e-02,1.231301948428153992e-02,-2.156966365873813629e-02,2.687456272542476654e-02,3.290652856230735779e-02,2.835899125784635544e-03,1.184177212417125702e-02,9.047948755323886871e-03,-5.540522281080484390e-03,-1.228609122335910797e-02,-2.066756132990121841e-03,5.644869990646839142e-03,-1.583391055464744568e-02,7.351458538323640823e-03,1.323531847447156906e-02,-1.626476459205150604e-02,-3.398366644978523254e-02,-4.029164556413888931e-03,-3.823835635557770729e-03,-5.496090278029441833e-02,1.009815745055675507e-02,2.006705850362777710e-01,-1.856714487075805664e-02,4.170538857579231262e-03,1.711301133036613464e-02,-2.467316342517733574e-03,1.209759246557950974e-02,5.873761605471372604e-03,-1.152872922830283642e-03,1.375368982553482056e-02,1.233994774520397186e-02,3.786809043958783150e-03,-1.848636008799076080e-02,-1.287178415805101395e-02,1.853011897765100002e-03,2.080220356583595276e-02,-1.650712080299854279e-02,-3.188324719667434692e-02,-1.591469533741474152e-02,-3.551185363903641701e-03,-2.156966365873813629e-02,5.661700386554002762e-03,-2.275451319292187691e-03,-1.638594269752502441e-02,-1.512030698359012604e-02,4.015027359127998352e-02,8.475719951093196869e-03,-6.967728491872549057e-03,-5.712191108614206314e-03,4.207565449178218842e-03,2.832869626581668854e-02,-1.685719005763530731e-02,-1.025972794741392136e-02,9.923122823238372803e-03,7.186522125266492367e-04,-1.868832297623157501e-02,3.096768260002136230e-02,5.533790215849876404e-03,1.197473146021366119e-03,-6.799425929784774780e-03,5.311630666255950928e-03,4.571099299937486649e-03,-1.709954626858234406e-02,4.096485674381256104e-03,-1.320165768265724182e-02,-5.358755588531494141e-03,2.253908663988113403e-02,1.233994774520397186e-02,-2.494917996227741241e-02,-6.594096776098012924e-03,2.232365868985652924e-02,-2.012899331748485565e-02,-9.503838373348116875e-05,2.542042732238769531e-02,1.837864704430103302e-02,2.260304288938641548e-03,1.176435267552733421e-03,2.551467716693878174e-02,1.328244246542453766e-02,2.965492196381092072e-03,1.990010216832160950e-02,-4.739401862025260925e-03,3.409137949347496033e-02,-9.936586953699588776e-03,3.691886365413665771e-02,-1.823054067790508270e-02,4.257383197546005249e-02,-1.211105659604072571e-02,-9.169126860797405243e-03,2.229673042893409729e-02,-1.416434813290834427e-02,-2.156966365873813629e-02,-2.533964253962039948e-02,-1.688411831855773926e-02,5.427759606391191483e-04,-5.240943748503923416e-03,-9.525928646326065063e-03,9.374456130899488926e-04,1.004429999738931656e-02,4.460019525140523911e-03,2.275451458990573883e-02,-6.786803132854402065e-04,-3.996177390217781067e-02,-4.907704424113035202e-03,5.059849843382835388e-02,1.583391055464744568e-02,-2.916347794234752655e-02,2.434329129755496979e-02,-4.348939750343561172e-03,-3.077918291091918945e-02,1.563194766640663147e-02,4.544170573353767395e-03,-2.019631490111351013e-02,2.578396117314696312e-03,-2.295647747814655304e-02,1.345747709274291992e-02,-1.040110178291797638e-02,6.802791729569435120e-03,6.176705937832593918e-04,-6.450198125094175339e-04,-2.341425977647304535e-02,-2.612056583166122437e-02,-3.131775185465812683e-02,2.124652266502380371e-02,9.411482140421867371e-03,-1.040110178291797638e-02,-1.849645748734474182e-03,1.716686785221099854e-02,2.383165061473846436e-02,1.552423369139432907e-02,-1.627822965383529663e-02,-3.968575969338417053e-03,-2.851719595491886139e-02,3.430680558085441589e-02,-7.189888041466474533e-03,2.224287390708923340e-02,5.207282956689596176e-03,-6.880211178213357925e-03,-4.453287459909915924e-03,1.894414238631725311e-02,1.181484386324882507e-02,3.450203686952590942e-03,-1.352479867637157440e-02,1.656097732484340668e-02,1.322858594357967377e-02,-1.712647452950477600e-02,-3.971941769123077393e-02,-1.860753819346427917e-02,1.019913889467716217e-02,1.324878260493278503e-02,-1.928074844181537628e-02,5.755949765443801880e-03,-1.171386241912841797e-02,-7.189888041466474533e-03,6.651319563388824463e-03,6.987924687564373016e-03,2.574356831610202789e-02,3.840665798634290695e-03,9.458607528358697891e-04,-6.351741030812263489e-03,-2.402015030384063721e-02,1.114163361489772797e-02,9.913024259731173515e-04,2.474721707403659821e-02,3.947706148028373718e-02,-3.399712964892387390e-03,-1.239548786543309689e-03,2.185241319239139557e-02,-1.623783633112907410e-02,2.203081268817186356e-03,-1.295930147171020508e-02,-3.834607079625129700e-02,-5.745851434767246246e-03,-2.083586528897285461e-03,-9.698438225314021111e-05,3.756514564156532288e-02,-8.839253336191177368e-03,-1.548384130001068115e-02,-1.544344890862703323e-02,-5.356231122277677059e-04,-4.409528803080320358e-03,-4.620916768908500671e-02,8.118918165564537048e-03,7.075442001223564148e-03,-2.096377499401569366e-02,-6.728738546371459961e-03,-2.864510519430041313e-03,-1.711570322513580322e-01,1.247458998113870621e-02,2.577049657702445984e-02,-3.588211955502629280e-03,-1.044528107740916312e-04,5.116399843245744705e-03,2.306419052183628082e-02,-6.475443369708955288e-04,-1.841903850436210632e-02,1.479716598987579346e-02,1.579351723194122314e-02,-1.631862297654151917e-02,-2.609363757073879242e-02,4.561000969260931015e-03,-4.507143981754779816e-03,9.736306383274495602e-04,-2.875955216586589813e-02,1.260250061750411987e-02,6.870112847536802292e-03,3.059068508446216583e-02,2.038481272757053375e-02,-3.129082173109054565e-02,-2.135423570871353149e-02,-2.399322204291820526e-02,3.037525713443756104e-02,1.534919906407594681e-02,4.628322087228298187e-03,1.108777709305286407e-02,3.790175076574087143e-03,-2.509728632867336273e-02,6.382035557180643082e-03,2.352870535105466843e-03,9.835605509579181671e-03,-1.360558345913887024e-02,2.884706947952508926e-03,2.292954921722412109e-02,-1.328244246542453766e-02,-3.249923698604106903e-03,1.299296226352453232e-02,4.101198166608810425e-02,1.452788244932889938e-02,3.722853958606719971e-03,1.007796078920364380e-02,4.401113546919077635e-04,1.423166971653699875e-02,6.456088740378618240e-03,2.723809704184532166e-02,-1.038090605288743973e-02,4.006948694586753845e-02,-3.460301831364631653e-02,3.887790488079190254e-03,-2.749391645193099976e-02,9.828872978687286377e-03,7.459172047674655914e-03,7.943883538246154785e-03,1.623783633112907410e-02,1.868832297623157501e-02,-6.185121310409158468e-05,5.490031559020280838e-03,1.269843312911689281e-03,-3.118310868740081787e-02,-1.870178803801536560e-02,1.483755931258201599e-02,-9.142198599874973297e-03,-1.765157841145992279e-02,-1.810936257243156433e-02,-2.659181319177150726e-02,7.465904112905263901e-03,-2.908269315958023071e-02,1.260923221707344055e-02,-1.333629991859197617e-02,-2.507035806775093079e-02,6.816256325691938400e-03,-1.236014440655708313e-02,1.985970884561538696e-02,-4.244592040777206421e-03,-1.169366575777530670e-02,1.689758338034152985e-02,2.827483974397182465e-02,-2.201398368924856186e-03,-2.994440309703350067e-02,1.851328834891319275e-02,-1.785354129970073700e-02,-1.901819603517651558e-03,1.316126529127359390e-02,-1.096659898757934570e-02,-1.495873648673295975e-02,-1.742268726229667664e-02,-9.222983382642269135e-03,2.359602833166718483e-03,-1.690599834546446800e-03,-1.600894518196582794e-02,-1.648019254207611084e-02,-2.675338461995124817e-02,2.997133135795593262e-02,4.604759812355041504e-02,2.647400135174393654e-03,-6.493115331977605820e-03,-5.055810790508985519e-03,1.490319729782640934e-03,-1.723418827168643475e-03,-8.872914128005504608e-03,-1.793432794511318207e-02,2.415479160845279694e-02,1.845943182706832886e-02,1.525663305073976517e-03,-5.217381403781473637e-04,3.013290092349052429e-02,6.176706403493881226e-03,-3.207847941666841507e-03,7.257209159433841705e-03,-1.619744487106800079e-02,4.446555394679307938e-03,-2.896908845286816359e-04,-1.126281172037124634e-02,1.022606715559959412e-02,6.324812304228544235e-03,-2.353543788194656372e-02,2.742659486830234528e-02,-3.172167763113975525e-02,4.903665184974670410e-02,2.651102840900421143e-02,-1.252171467058360577e-03,-8.670951239764690399e-03,-7.068709935992956161e-03,-4.305854067206382751e-02,-1.083061024546623230e-01,-4.335475619882345200e-03,7.489466806873679161e-04,-9.265059488825500011e-04,-5.065908655524253845e-03,4.354325309395790100e-02,-7.661135401576757431e-03,6.590730510652065277e-03,-3.387594968080520630e-02,3.390287980437278748e-02,-9.976979345083236694e-03,2.657498465850949287e-03,-4.032530821859836578e-03,-8.058329112827777863e-03,1.786700636148452759e-02,-1.038763765245676041e-02,-1.246280851773917675e-03,-1.829786039888858795e-02,-2.686109766364097595e-02,3.142546489834785461e-02,-8.475719951093196869e-03,-2.726502483710646629e-03,1.705915294587612152e-02,-2.653795666992664337e-02,-2.414132840931415558e-02,3.648800775408744812e-02,-9.384553879499435425e-03,2.002128027379512787e-02,9.916390292346477509e-03,4.342207685112953186e-03,3.042911365628242493e-02,6.196902599185705185e-03,1.847289502620697021e-02,4.944731015712022781e-03,-3.249923698604106903e-03,-8.187922649085521698e-04,-4.200833290815353394e-02,-1.282465923577547073e-02,2.039827778935432434e-02,-1.501259393990039825e-02,-1.005776505917310715e-02,2.411440014839172363e-02,-2.558199875056743622e-02,-1.606280170381069183e-02,7.688063662499189377e-03,-1.598201692104339600e-02,9.741355665028095245e-03,2.050599083304405212e-02,2.426250651478767395e-02,-2.243137359619140625e-02,-8.543040603399276733e-03,-9.808676317334175110e-03,-3.215253353118896484e-02,-2.795169875025749207e-02,2.239098027348518372e-02,-1.926728338003158569e-02,7.223548367619514465e-03,1.385467220097780228e-02,-2.827483974397182465e-02,3.252952918410301208e-02,9.761552209965884686e-04,2.428943477571010590e-02,-2.652449300512671471e-03,3.250260278582572937e-02,-1.158595271408557892e-02,-3.975308034569025040e-03,-1.883642934262752533e-02,-3.387931734323501587e-03,2.994440309703350067e-02,-1.470291707664728165e-02,9.532660245895385742e-03,2.387204393744468689e-02,-1.415088400244712830e-02,2.406054176390171051e-02,-1.257557142525911331e-02,-4.557635169476270676e-03,-1.491834409534931183e-02,-5.856931209564208984e-03,2.986361645162105560e-02,-2.970204688608646393e-02,-2.722463198006153107e-02,-2.221594564616680145e-02,1.264289300888776779e-02,-4.598027560859918594e-03,1.423166971653699875e-02,-1.482409518212080002e-02,1.625130139291286469e-02,-2.050599083304405212e-02,-1.088581327348947525e-02,-4.035896621644496918e-03,3.427062183618545532e-04,3.007904440164566040e-02,2.435675449669361115e-02,-2.165044844150543213e-02,-5.506861954927444458e-03,2.873262390494346619e-02,1.211105659604072571e-02,-1.606280170381069183e-02,-1.952310465276241302e-02,2.327961847186088562e-02,-9.337428957223892212e-03,-3.031130181625485420e-03,-4.760944470763206482e-02,3.411830589175224304e-02,-1.195621863007545471e-02,-1.211105659604072571e-02,6.849916651844978333e-03,-1.897107064723968506e-02,1.161961257457733154e-02,-1.417781319469213486e-02,-5.718923173844814301e-03,4.968293476849794388e-03,-5.537156248465180397e-04,3.239488974213600159e-02,-6.927336100488901138e-03,1.943895244039595127e-03,-1.968467421829700470e-02,-1.081344322301447392e-03,9.344161488115787506e-03,-3.776710713282227516e-03,1.659884583204984665e-04,1.112816948443651199e-02,3.049643477424979210e-03,1.209254376590251923e-03,-3.064454160630702972e-02,3.921451047062873840e-03,-2.050599083304405212e-02,-4.922851803712546825e-04,9.391286410391330719e-03,1.649365760385990143e-02,4.342207685112953186e-03,-4.042629152536392212e-03,1.427206210792064667e-02,-1.001064013689756393e-02,1.703222468495368958e-02,8.388202637434005737e-03,1.324878260493278503e-02,-2.465296722948551178e-02,-1.288524828851222992e-02,4.975025542080402374e-03,-1.634555123746395111e-02,4.968293383717536926e-02,-1.133013237267732620e-02,-1.946924626827239990e-02,1.099352724850177765e-02,-3.681115061044692993e-02,9.068145416676998138e-03,8.866181597113609314e-03,9.552856907248497009e-03,-1.046169083565473557e-02,3.306809812784194946e-02,8.859449997544288635e-03,1.235341280698776245e-02,3.533008694648742676e-02,-6.257491651922464371e-03,4.268154501914978027e-03,-1.428552623838186264e-02,-2.884033694863319397e-02,4.009641706943511963e-02,2.435675449669361115e-02,6.806157995015382767e-03,-5.335193127393722534e-03,1.723418757319450378e-02,1.308047957718372345e-02,2.099070325493812561e-02,-6.462820805609226227e-03,6.038697902113199234e-03,1.380922971293330193e-03,-6.146411877125501633e-03,1.420474145561456680e-02,1.245439425110816956e-02,-7.937151938676834106e-03,-1.215144898742437363e-02,-1.479380065575242043e-03,-7.250477094203233719e-03,7.122566923499107361e-03,-9.122001938521862030e-03,-1.829786039888858795e-02,-1.860753819346427917e-02,-7.364922668784856796e-03,-8.388202637434005737e-03,-1.069731451570987701e-02,-9.485535323619842529e-03,-8.778664283454418182e-03,-1.637247949838638306e-02,2.380472235381603241e-02,1.922689191997051239e-02,8.199703879654407501e-03,3.621872514486312866e-03,-1.170712988823652267e-02,1.773236319422721863e-02,-3.810371272265911102e-03,2.793823601678013802e-03,1.726111769676208496e-02,1.784007810056209564e-02,-1.514723617583513260e-02,-8.368005976080894470e-03,-1.474330946803092957e-02,-5.446272902190685272e-03,-1.715845195576548576e-03,1.537612732499837875e-02,2.656488493084907532e-02,-1.114836521446704865e-02,-4.430566623341292143e-04,-6.256650085560977459e-04,-1.871525123715400696e-02,-6.257491651922464371e-03,3.199432743713259697e-03,-2.068102546036243439e-02,-3.597636893391609192e-02,-1.689758338034152985e-02,2.182548306882381439e-02,2.035788446664810181e-02,4.813455045223236084e-03,-8.778664283454418182e-03,-8.213168010115623474e-03,-1.232816721312701702e-03,3.769978648051619530e-03,4.049361217767000198e-03,3.026081016287207603e-03,-2.935197763144969940e-02,1.889028586447238922e-02,3.772671520709991455e-02,2.217555418610572815e-02,7.939676288515329361e-04,-5.934350192546844482e-03,-2.192983170971274376e-03,5.567450542002916336e-03,4.806722979992628098e-03,-1.243419758975505829e-02,1.522802095860242844e-02,-3.665631171315908432e-03,-6.250759121030569077e-03,2.428606851026415825e-03,-3.926163539290428162e-02,2.268719254061579704e-03,-1.516070030629634857e-02,-4.567733034491539001e-03,9.081609547138214111e-03,1.653404906392097473e-02,-2.616095915436744690e-02,2.970204688608646393e-02,8.953699842095375061e-03,-9.297036565840244293e-03,-9.007556363940238953e-03,2.078874036669731140e-02,2.015592157840728760e-02,-8.502648212015628815e-03,7.371654734015464783e-03,-1.032031700015068054e-02,-9.687499143183231354e-03,2.558199875056743622e-02,-3.456935752183198929e-03,3.721507638692855835e-02,8.677682839334011078e-03,-3.077918291091918945e-02,1.141091808676719666e-02,8.866181597113609314e-03,-1.510684285312891006e-02,-3.729586023837327957e-03,1.125944545492529869e-03,3.037525713443756104e-02,-1.274387445300817490e-02,3.118647495284676552e-03,-2.135423570871353149e-02,-3.861535340547561646e-02,-2.193319797515869141e-02,3.656879439949989319e-02,-1.411049161106348038e-02,-7.691429927945137024e-04,-3.982713073492050171e-02,-2.590177347883582115e-03,3.469137882348150015e-04,-1.919996365904808044e-02,-3.159040119498968124e-03,1.662829890847206116e-02,1.711637596599757671e-03,1.735200057737529278e-03,-6.668149959295988083e-03,1.607626676559448242e-02,-1.555116265080869198e-03,-1.914610527455806732e-02,1.353826280683279037e-02,-1.747654378414154053e-02,-2.115227282047271729e-02,3.716121986508369446e-02,2.346811816096305847e-02,4.752865992486476898e-03,1.501259393990039825e-02,-7.903491146862506866e-03
-2.492513321340084076e-02,-1.470013335347175598e-02,1.619693008251488209e-03,-1.676140725612640381e-02,-5.692233331501483917e-03,3.740126267075538635e-02,-1.993468217551708221e-02,-6.255015265196561813e-03,-1.878199726343154907e-02,-9.445242583751678467e-03,1.343895960599184036e-02,1.799545809626579285e-02,1.411700993776321411e-02,-9.913097135722637177e-03,1.830736175179481506e-02,1.355422846972942352e-02,1.293720211833715439e-02,4.590401425957679749e-03,2.046356163918972015e-02,-2.750172466039657593e-02,-3.051226958632469177e-02,1.214388292282819748e-02,5.648159887641668320e-03,-1.113358791917562485e-02,-1.285583619028329849e-02,1.026568375527858734e-02,1.327622774988412857e-02,-1.425261981785297394e-02,9.621535427868366241e-03,-2.418944844976067543e-03,-3.078348934650421143e-02,3.208873560652136803e-03,-2.013809792697429657e-02,-1.497135311365127563e-02,-4.372069239616394043e-02,-1.102510001510381699e-02,-8.923144079744815826e-03,-3.333295881748199463e-02,1.315417792648077011e-02,-1.413057092577219009e-02,-2.285029971972107887e-03,6.516064517199993134e-03,-3.620789386332035065e-03,-4.282841837266460061e-05,-2.493869513273239136e-02,-1.479506026953458786e-02,-1.917526684701442719e-02,-7.234798278659582138e-03,-1.743945665657520294e-02,8.123043924570083618e-03,2.553537860512733459e-02,2.152132056653499603e-02,-8.258653804659843445e-03,3.049531718716025352e-03,1.908711972646415234e-03,-2.671518595889210701e-03,-9.628316387534141541e-03,-7.790799252688884735e-03,-1.455096248537302017e-02,-2.855948358774185181e-02,-1.284227520227432251e-02,2.051780559122562408e-02,2.418944844976067543e-03,-4.092034418135881424e-03,-1.711399294435977936e-02,-1.472725532948970795e-02,-1.359491143375635147e-02,1.220490783452987671e-02,-2.317576296627521515e-02,-3.398388624191284180e-02,5.646803975105285645e-02,2.324356883764266968e-02,4.912475124001502991e-03,1.336606917902827263e-03,-2.587186172604560852e-04,-8.089141920208930969e-03,6.336381193250417709e-03,1.066573336720466614e-02,-7.343286182731389999e-03,9.275729767978191376e-03,1.666647940874099731e-02,-3.680457547307014465e-02,-2.986134029924869537e-02,7.383969146758317947e-03,2.937314473092556000e-02,2.339273924008011818e-03,-8.943485096096992493e-03,4.119834303855895996e-02,1.497135311365127563e-02,-7.309383712708950043e-03,-1.499339006841182709e-03,1.884980127215385437e-02,-8.468849584460258484e-03,2.425725338980555534e-03,-2.956299856305122375e-02,1.757845748215913773e-03,-1.440179068595170975e-02,1.986687816679477692e-02,-2.657957747578620911e-02,-3.685881942510604858e-02,-4.271717742085456848e-03,5.044694989919662476e-03,-2.915616892278194427e-02,-9.058753959834575653e-03,-2.823401987552642822e-02,-1.008938997983932495e-02,-6.997480522841215134e-03,-1.177773624658584595e-02,1.127597875893115997e-02,-2.173829637467861176e-02,7.946751080453395844e-03,1.444247364997863770e-02,5.997356027364730835e-03,-4.692108929157257080e-02,6.939846090972423553e-03,-4.168653860688209534e-02,1.720891892910003662e-02,2.178237045882269740e-04,-1.005209749564528465e-03,-1.510696392506361008e-02,-1.201505400240421295e-02,-6.546576973050832748e-03,1.317451987415552139e-02,-6.807626225054264069e-03,1.075387932360172272e-02,7.851824164390563965e-03,-6.288917735219001770e-03,-2.346054464578628540e-02,7.878946140408515930e-03,-3.681813832372426987e-03,-6.248234771192073822e-03,3.422798588871955872e-02,2.149419859051704407e-02,-1.118783187121152878e-02,-1.434924197383224964e-03,3.436359390616416931e-02,7.024602498859167099e-03,-3.609940409660339355e-02,-8.048458956182003021e-03,-3.265490755438804626e-02,1.665291935205459595e-02,3.729277476668357849e-02,-1.619184389710426331e-02,-1.766999438405036926e-02,2.586084417998790741e-02,1.654442958533763885e-02,-7.967092678882181644e-04,2.027370780706405640e-02,-1.459164544939994812e-02,1.501034130342304707e-03,1.916170492768287659e-02,-1.981263421475887299e-02,2.904768101871013641e-02,-2.902055904269218445e-02,-1.282193325459957123e-02,1.422549784183502197e-02,7.512798532843589783e-03,2.294522710144519806e-02,-1.241679885424673557e-03,-3.346857056021690369e-02,5.180305335670709610e-03,1.487642619758844376e-02,4.966719541698694229e-03,-3.149544121697545052e-03,2.081614732742309570e-02,4.171366244554519653e-02,1.840228773653507233e-02,-5.783770233392715454e-03,-1.587994024157524109e-02,-9.730023331940174103e-03,3.108183108270168304e-02,4.627694375813007355e-03,-8.740070275962352753e-03,2.158912643790245056e-02,-5.922770593315362930e-03,1.780560426414012909e-02,2.346054464578628540e-02,3.129880875349044800e-02,-2.583372034132480621e-02,4.146278370171785355e-03,-4.987739026546478271e-02,1.128953974694013596e-02,2.432844974100589752e-02,3.311598300933837891e-02,5.651550367474555969e-03,-8.896021172404289246e-03,1.927019283175468445e-02,-2.594221010804176331e-02,2.340969163924455643e-03,-1.297788508236408234e-02,1.274734828621149063e-02,2.114161290228366852e-02,-1.297788508236408234e-02,7.580603938549757004e-03,-6.314005851745605469e-01,-5.885477643460035324e-03,-1.343217864632606506e-02,-2.116873487830162048e-02,-7.383969146758317947e-03,5.631208885461091995e-03,-3.725887043401598930e-03,1.634101569652557373e-02,-2.689147926867008209e-02,5.444745067507028580e-03,-1.243544463068246841e-02,2.679655328392982483e-02,1.309315394610166550e-02,-2.801704406738281250e-02,-6.082112435251474380e-03,-7.653494249098002911e-04,-1.048944052308797836e-02,-8.997729048132896423e-03,-1.560872048139572144e-02,-6.292307749390602112e-03,-1.111324690282344818e-02,6.326210685074329376e-03,-1.278803125023841858e-02,1.460520643740892410e-02,1.098441705107688904e-02,1.323893433436751366e-03,7.173773366957902908e-03,2.031439170241355896e-02,-1.748014055192470551e-02,1.181841921061277390e-02,-2.352835051715373993e-02,4.980280529707670212e-03,-2.229429781436920166e-02,-6.800845731049776077e-03,2.869509346783161163e-02,-2.606425806879997253e-02,-1.828023977577686310e-02,3.227519989013671875e-02,2.050424553453922272e-02,3.354993462562561035e-02,-1.094373408704996109e-02,-6.797455716878175735e-03,9.777487255632877350e-03,-1.446959655731916428e-02,5.329476203769445419e-03,-1.594774611294269562e-02,1.682921126484870911e-02,-6.916114129126071930e-03,4.481913521885871887e-03,-1.847009360790252686e-02,9.743584319949150085e-03,-1.208963897079229355e-02,-1.240832265466451645e-02,1.446959655731916428e-02,1.259817648679018021e-02,1.574433036148548126e-02,1.197437010705471039e-02,-1.609691791236400604e-02,-5.322695709764957428e-03,6.268576253205537796e-03,7.845043204724788666e-03,2.021946385502815247e-02,1.684277318418025970e-02,-8.387483656406402588e-03,-1.985331624746322632e-02,2.988846227526664734e-02,-2.561335451900959015e-03,2.363683842122554779e-02,3.203110396862030029e-02,-1.361525245010852814e-02,1.245917635969817638e-03,3.763179760426282883e-03,-1.678852923214435577e-02,-1.642238162457942963e-02,1.879555732011795044e-02,3.685204079374670982e-03,1.044197659939527512e-02,-6.332991179078817368e-03,-1.218456588685512543e-02,9.302851743996143341e-03,3.603837918490171432e-03,-8.143385872244834900e-03,-4.846704378724098206e-02,1.913797343149781227e-03,1.126919779926538467e-02,-1.927019283175468445e-02,-1.018431782722473145e-02,9.418120607733726501e-03,2.618630789220333099e-02,-2.622698992490768433e-02,-8.116263896226882935e-03,5.695623531937599182e-02,-1.400174107402563095e-03,-4.400547128170728683e-03,5.278622731566429138e-03,1.176417525857686996e-02,2.569811046123504639e-02,3.615364804863929749e-02,3.024104982614517212e-02,8.550215512514114380e-03,-2.348766662180423737e-02,-1.406276598572731018e-02,3.078348934650421143e-02,-2.119585685431957245e-02,1.516120787709951401e-02,-2.486750017851591110e-03,-3.002407215535640717e-02,-3.939473070204257965e-03,2.847811765968799591e-02,-1.185232121497392654e-02,1.307281199842691422e-02,3.878448391333222389e-03,-2.171456580981612206e-03,-1.670716330409049988e-02,3.269898239523172379e-03,-3.292612731456756592e-02,1.356100849807262421e-02,5.688842851668596268e-03,-1.006057369522750378e-03,-2.167049236595630646e-02,5.394738982431590557e-04,2.771870233118534088e-02,1.689701713621616364e-02,-1.407632697373628616e-02,-6.461820565164089203e-03,5.153183266520500183e-02,1.044875662773847580e-02,-2.385381422936916351e-02,-2.499293908476829529e-02,4.373425326775759459e-04,-2.020590193569660187e-02,-3.044870099984109402e-04,5.524754896759986877e-02,-8.706167340278625488e-03,2.336561679840087891e-02,1.157432049512863159e-02,4.385630041360855103e-02,4.888743627816438675e-03,3.585530817508697510e-02,-2.866797149181365967e-02,-1.319486089050769806e-02,5.224378313869237900e-03,-3.395337611436843872e-03,-2.330798422917723656e-03,-1.951513841049745679e-04,-3.848614171147346497e-02,3.164800349622964859e-03,-2.777294628322124481e-02,-2.567098848521709442e-02,1.288295816630125046e-02,2.484376728534698486e-02,-2.198239415884017944e-02,-2.858660556375980377e-02,-2.202307805418968201e-02,1.208963897079229355e-02,-1.544598862528800964e-02,1.286261621862649918e-02,-2.857982646673917770e-03,-3.939473070204257965e-03,-2.980709634721279144e-02,3.200398012995719910e-02,-9.146899916231632233e-03,-2.598289214074611664e-02,-7.587384432554244995e-03,1.180485822260379791e-02,-1.779204234480857849e-02,9.960561059415340424e-03,9.770706295967102051e-03,1.460520643740892410e-02,-2.883070334792137146e-02,1.813784940168261528e-03,5.451525561511516571e-03,-1.215744391083717346e-02,3.124456293880939484e-02,-1.536462269723415375e-02,9.133338928222656250e-03,-1.678852923214435577e-02,-3.702155314385890961e-03,-2.844421425834298134e-03,1.289651915431022644e-02,1.848365552723407745e-02,3.915741108357906342e-04,-1.148617453873157501e-02,-1.903965510427951813e-02,9.668999351561069489e-03,-1.099119707942008972e-02,-9.363876655697822571e-03,3.227519989013671875e-02,-3.083773329854011536e-02,1.840906916186213493e-03,9.672813030192628503e-05,-1.263716490939259529e-03,9.770706295967102051e-03,1.643594168126583099e-02,-7.051724474877119064e-03,-6.458430085331201553e-03,3.232944384217262268e-02,-2.505396259948611259e-03,1.446959655731916428e-02,4.060165956616401672e-02,-1.213710289448499680e-02,4.939597565680742264e-03,2.312151901423931122e-02,-6.475381553173065186e-03,1.098441705107688904e-02,-9.323193691670894623e-03,1.392546109855175018e-03,-3.425510600209236145e-02,1.864638738334178925e-02,1.099289278499782085e-03,2.365039847791194916e-02,-3.222095593810081482e-02,-1.777848228812217712e-02,-6.509284023195505142e-03,1.705296803265810013e-03,4.477845132350921631e-02,1.749370060861110687e-02,1.279820222407579422e-03,-2.813909202814102173e-03,-1.793443341739475727e-03,-2.229090780019760132e-03,-2.421996183693408966e-02,2.367752045392990112e-02,1.260495744645595551e-02,-3.997785225510597229e-02,1.364915538579225540e-02,4.871792159974575043e-03,-1.040807366371154785e-02,2.761021256446838379e-02,-2.693216316401958466e-02,-6.997480522841215134e-03,1.529681775718927383e-02,4.007278010249137878e-03,1.123529579490423203e-02,8.401044644415378571e-03,-1.964227267308160663e-04,6.051599979400634766e-03,-9.709682315587997437e-03,1.286939717829227448e-02,-5.692233331501483917e-03,1.636813767254352570e-02,1.830736175179481506e-02,5.637989379465579987e-03,-1.960921846330165863e-02,1.612403988838195801e-02,2.096531912684440613e-02,5.081987939774990082e-03,1.528325676918029785e-02,-1.777848228812217712e-02,7.636543014086782932e-04,9.214704856276512146e-03,2.400298602879047394e-02,-2.280961722135543823e-02,-8.679045364260673523e-03,2.168405242264270782e-02,-2.476240135729312897e-02,7.194114848971366882e-03,8.957046084105968475e-03,1.978551223874092102e-02,-4.844670183956623077e-03,2.104668505489826202e-02,-5.827843211591243744e-03,-3.969985060393810272e-03,3.449581563472747803e-03,4.711094498634338379e-02,-7.316164206713438034e-03,4.787036217749118805e-03,-1.051656249910593033e-02,1.620540581643581390e-02,-2.015504986047744751e-03,1.654442958533763885e-02,-3.091909922659397125e-03,1.167602837085723877e-02,-1.471369434148073196e-02,8.563776500523090363e-03,6.956797558814287186e-03,-5.929551087319850922e-03,1.327622774988412857e-02,2.950875461101531982e-02,1.444035588065162301e-04,-1.032670773565769196e-02,-3.897433727979660034e-02,9.106216952204704285e-03,1.265920139849185944e-02,-7.214456330984830856e-03,-3.034953773021697998e-02,-2.956299856305122375e-02,-5.996508480166085064e-05,-1.611047796905040741e-02,4.468352533876895905e-03,-1.010295096784830093e-02,5.729526281356811523e-03,1.055046450346708298e-02,-1.312027592211961746e-02,-1.207607798278331757e-02,6.861022557131946087e-04,4.019482806324958801e-02,-1.051656249910593033e-02,-4.417498596012592316e-03,9.553730487823486328e-03,-2.421996183693408966e-02,-9.906317107379436493e-03,-7.166992872953414917e-03,3.561883640941232443e-04,5.315915495157241821e-02,-1.360338646918535233e-03,5.268451757729053497e-03,1.095729507505893707e-02,-1.788697019219398499e-02,-2.762377448379993439e-02,-6.590649951249361038e-03,5.988032789900898933e-04,8.000995032489299774e-03,1.234729867428541183e-02,-3.508911002427339554e-03,-7.770457770675420761e-03,-1.448315754532814026e-02,9.662218391895294189e-03,2.221293188631534576e-02,-1.421193685382604599e-02,4.610742907971143723e-03,-2.545401267707347870e-02,-1.381866727024316788e-02,1.076066028326749802e-02,7.816565036773681641e-02,8.896021172404289246e-03,1.050300151109695435e-02,3.969985060393810272e-03,4.956548567861318588e-03,-9.094351553358137608e-04,-2.834250777959823608e-02,-3.688594326376914978e-02,1.106578297913074493e-02,-8.672265335917472839e-03,-3.026817180216312408e-02,-1.124207582324743271e-02,1.344573963433504105e-02,1.402208302170038223e-02,1.339827664196491241e-02,6.872041150927543640e-03,-1.187944319099187851e-02,-2.331137284636497498e-02,-1.982619427144527435e-02,-8.468849584460258484e-03,-1.971770636737346649e-02,-9.587633423507213593e-03,-2.455898560583591461e-02,2.415215596556663513e-02,-1.705974899232387543e-02,-3.222095593810081482e-02,1.383222825825214386e-02,2.836962975561618805e-02,3.029529377818107605e-02,3.358044661581516266e-03,6.092282943427562714e-03,-1.239476166665554047e-02,6.617772392928600311e-03,2.717626094818115234e-02,-2.438269369304180145e-02,1.769711636006832123e-02,1.316095888614654541e-02,1.268632337450981140e-02,3.905570507049560547e-02,-1.861926540732383728e-02,1.796833612024784088e-02,-3.983546048402786255e-03,9.194363839924335480e-03,-3.501452505588531494e-02,-1.577261900820303708e-05,3.098690416663885117e-03,2.432844974100589752e-02,1.937868073582649231e-02,-1.132344175130128860e-02,-1.465945038944482803e-02,3.753687068819999695e-02,-4.149668384343385696e-03,-2.107380703091621399e-02,1.310332445427775383e-03,-1.052334252744913101e-02,-3.597057424485683441e-03,-7.038163486868143082e-03,2.777294628322124481e-02,2.668128348886966705e-03,8.123043924570083618e-03,-1.570364832878112793e-02,-1.008260995149612427e-02,8.970607072114944458e-03,-2.637616172432899475e-02,-1.457808446139097214e-02,-3.409237414598464966e-02,3.925912082195281982e-03,-1.461876742541790009e-02,-3.289900720119476318e-02,2.057204954326152802e-02,-2.878324128687381744e-03,-1.905321702361106873e-02,-2.135858871042728424e-02,-1.837516576051712036e-02,2.793567813932895660e-02,1.376442331820726395e-02,2.259263955056667328e-02,-3.742838278412818909e-03,1.117427088320255280e-02,1.990756019949913025e-02,-7.411091122776269913e-03,-3.905570367351174355e-03,2.754579763859510422e-03,-1.529681775718927383e-02,5.534586380235850811e-04,2.332493476569652557e-02,-5.810892209410667419e-03,5.007402505725622177e-03,-2.595237921923398972e-03,6.746602011844515800e-04,2.511498704552650452e-02,-1.069285534322261810e-02,-5.787160247564315796e-03,-3.576715942472219467e-03,-4.369187518022954464e-04,-1.178451627492904663e-02,1.390003412961959839e-02,-8.075580932199954987e-03,1.939224265515804291e-02,1.803614199161529541e-02,9.696121327579021454e-03,-2.011097595095634460e-02,-1.007582899183034897e-02,-3.569935448467731476e-03,3.664184361696243286e-02,-3.069873200729489326e-03,6.631333380937576294e-03,3.938519512303173542e-05,-9.424900636076927185e-03,-1.579857547767460346e-03,1.442891266196966171e-02,-2.354191057384014130e-02,-7.377188652753829956e-03,-1.390003412961959839e-02,-2.366396039724349976e-02,2.520991489291191101e-02,-6.204161327332258224e-03,2.961724251508712769e-02,3.986936528235673904e-03,1.978551223874092102e-02,1.161500345915555954e-02,-1.879555732011795044e-02,9.275729767978191376e-03,-1.096407510340213776e-02,-9.947000071406364441e-03,1.010295096784830093e-02,1.168958935886621475e-02,-3.455344960093498230e-02,-1.624608784914016724e-02,-5.675281863659620285e-03,-4.295449238270521164e-03,2.902055904269218445e-02,1.141836959868669510e-02,-5.250652902759611607e-04,-3.102758713066577911e-02,1.039451267570257187e-02,-8.692606352269649506e-03,5.644769989885389805e-04,-3.902858123183250427e-02,5.343037191778421402e-03,-1.535106170922517776e-02,-2.950875461101531982e-02,-2.180610224604606628e-02,-3.178700432181358337e-02,-2.262993250042200089e-03,-3.986936435103416443e-02,-7.031382992863655090e-03,2.737628528848290443e-03,-4.000497516244649887e-03,3.677745535969734192e-02,-4.442586377263069153e-02,4.054741468280553818e-03,-2.812553197145462036e-02,5.770209245383739471e-03,-1.776492036879062653e-02,-1.478149928152561188e-02,-2.877645939588546753e-02,1.298466580919921398e-03,2.293166518211364746e-02,2.259263955056667328e-02,2.215868793427944183e-02,6.380454637110233307e-03,1.928375475108623505e-02,-3.936082590371370316e-03,-2.832979371305555105e-04,-1.315417792648077011e-02,-3.349569067358970642e-02,1.604436780326068401e-03,-4.800597205758094788e-02,5.424403585493564606e-03,3.615364804863929749e-02,2.552181854844093323e-02,3.200398059561848640e-03,-2.796280011534690857e-02,2.977997437119483948e-02,1.684277318418025970e-02,-1.111155143007636070e-03,2.522347681224346161e-02,-1.263207942247390747e-02,-2.263332344591617584e-02,5.654940381646156311e-03,1.015719585120677948e-02,1.536462269723415375e-02,-4.515815991908311844e-03,-2.850523963570594788e-02,-2.679655328392982483e-02,2.563030645251274109e-02,-2.629140624776482582e-03,-1.364576513879001141e-03,-1.507814624346792698e-03,-4.936207085847854614e-03,-3.048514761030673981e-02,1.194724813103675842e-02,-4.912475124001502991e-03,-2.304015308618545532e-02,-5.560013465583324432e-03,2.432844974100589752e-02,2.099244110286235809e-02,-5.376939661800861359e-03,1.221168786287307739e-02,-1.065895240753889084e-02,2.224005386233329773e-02,-1.590706221759319305e-02,-1.199471205472946167e-02,-2.004317007958889008e-02,2.885104622691869736e-03,6.936456076800823212e-03,1.668004132807254791e-02,-5.560013232752680779e-04,-1.801918959245085716e-03,-8.468849584460258484e-03,-6.343161687254905701e-03,-1.277447026222944260e-02,-3.829628974199295044e-02,1.738521270453929901e-02,-6.794065237045288086e-03,1.032670773565769196e-02,9.865633910521864891e-04,-3.506876900792121887e-02,-2.796280011534690857e-02,8.902802132070064545e-03,-7.262556027853861451e-05,2.072122134268283844e-02,-1.213032193481922150e-02,1.159466244280338287e-02,6.258405279368162155e-03,-9.160460904240608215e-03,-4.239171370863914490e-02,1.849382533691823483e-03,-1.064539141952991486e-02,-5.570184439420700073e-03,1.392715610563755035e-02,1.046231854707002640e-02,3.603837918490171432e-03,-6.248234771192073822e-03,-1.438822969794273376e-02,-8.204409852623939514e-03,-1.928375475108623505e-02,-2.344698458909988403e-02,1.245578657835721970e-02,-1.348642259836196899e-02,-2.453186362981796265e-02,-2.712201699614524841e-02,-1.333047170192003250e-02,4.081863444298505783e-03,2.612189156934618950e-03,-3.509588912129402161e-02,-1.177773624658584595e-02,-8.760411292314529419e-03,-1.088270917534828186e-02,-2.537264674901962280e-02,2.030082978308200836e-02,-2.580659836530685425e-02,3.064787946641445160e-02,5.170134361833333969e-03,1.022500079125165939e-02,-1.044197706505656242e-03,-2.116873487830162048e-02,4.831109195947647095e-03,1.787341013550758362e-02,1.240832265466451645e-03,2.059917151927947998e-02,1.301009324379265308e-04,-1.073353830724954605e-02,1.334911794401705265e-03,2.210444398224353790e-02,-3.943541273474693298e-02,-1.550023257732391357e-02,1.900236355140805244e-03,2.708133496344089508e-02,-8.733289316296577454e-03,8.760411292314529419e-03,-1.791409216821193695e-02,3.533998876810073853e-02,1.467301137745380402e-02,9.641877375543117523e-03,-1.889048516750335693e-02,-3.552984213456511497e-03,-9.696121327579021454e-03,4.258156754076480865e-03,3.170563653111457825e-02,7.906068116426467896e-03,-5.148945492692291737e-04,1.021821983158588409e-02,-2.260620146989822388e-02,-3.167851641774177551e-02,-5.187085829675197601e-03,1.122173480689525604e-02,3.490603715181350708e-02,-2.331137284636497498e-02,-4.005922004580497742e-02,-1.209641993045806885e-02,-7.146651390939950943e-03,1.783272624015808105e-02,5.000622011721134186e-03,-1.200149301439523697e-02,-1.107934396713972092e-02,3.875736147165298462e-02,-2.123653888702392578e-02,2.553537860512733459e-02,-9.302851743996143341e-03,6.482162047177553177e-03,-2.063985541462898254e-02,2.823401987552642822e-02,1.776492036879062653e-02,1.109460019506514072e-03,2.678299136459827423e-02,-4.659562557935714722e-02,-9.350315667688846588e-03,4.675157833844423294e-03,-8.143385872244834900e-03,2.205359051004052162e-03,3.244471270591020584e-03,-2.274181134998798370e-02,3.723853081464767456e-02,1.821243390440940857e-02,7.282261736690998077e-03,-2.682367525994777679e-02,-2.224005386233329773e-02,5.321339890360832214e-02,1.109290495514869690e-02,2.347410656511783600e-02,2.142639271914958954e-02,-1.640881970524787903e-02,1.442891266196966171e-02,3.790301969274878502e-03,2.763733454048633575e-02,3.986936435103416443e-02,-9.668999351561069489e-03,-5.766818765550851822e-03,-9.289290755987167358e-03,1.219134684652090073e-02,-2.697284519672393799e-02,-1.285583619028329849e-02,-2.411316818324849010e-04,-2.367752045392990112e-02,3.675033338367938995e-03,1.272022631019353867e-02,1.205573696643114090e-02,-2.252483554184436798e-02,3.308885917067527771e-02,7.024602498859167099e-03,1.772423833608627319e-02,-1.103188004344701767e-02,-2.820689696818590164e-03,-2.974946284666657448e-03,9.106216952204704285e-03,-2.586084417998790741e-02,-3.485179319977760315e-02,-1.396783906966447830e-02,-1.275412831455469131e-02,3.203110396862030029e-02,-1.181841921061277390e-02,-1.449671853333711624e-02,4.058131948113441467e-03,1.094373408704996109e-02,-5.890902131795883179e-02,9.577462333254516125e-04,2.990202279761433601e-03,1.345930062234401703e-02,2.423352189362049103e-02,5.627818405628204346e-03,2.996982773765921593e-03,1.219134684652090073e-02,1.177773624658584595e-02,2.099244110286235809e-02,-6.827967707067728043e-03,-8.936705067753791809e-03,-1.475607277825474739e-03,-2.569811046123504639e-02,5.729526281356811523e-03,-7.882336503826081753e-04,-3.268203139305114746e-02,-1.256427448242902756e-02,6.085502449423074722e-03,-1.555447652935981750e-02,2.822384936735033989e-03,1.719535887241363525e-02,-3.451276570558547974e-03,-2.728474885225296021e-02,-6.653369637206196785e-04,-1.442891266196966171e-02,-4.912475124001502991e-03,-1.486286520957946777e-02,1.214388292282819748e-02,-1.639525964856147766e-02,1.335759367793798447e-02,2.068053698167204857e-03,2.259263955056667328e-02,-3.886584937572479248e-02,1.792765408754348755e-02,3.536710888147354126e-02,-1.853789947926998138e-02,-9.370656684041023254e-03,1.713136734906584024e-04,-7.926409132778644562e-03,-6.666083354502916336e-04,-5.031134001910686493e-03,2.611850202083587646e-02,1.578501425683498383e-02,-2.488445118069648743e-02,3.210568800568580627e-03,-1.031314674764871597e-02,-1.803614199161529541e-02,-2.049068361520767212e-02,4.415803414303809404e-04,6.699985824525356293e-04,-1.781577477231621742e-03,4.149668384343385696e-03,-1.981263421475887299e-02,2.752884663641452789e-02,-1.009447616524994373e-03,1.734453067183494568e-02,-2.798992209136486053e-02,-2.416571788489818573e-02,-1.889006089186295867e-04,2.615918591618537903e-02,-2.526415884494781494e-02,3.192261233925819397e-02,2.723050490021705627e-02,-4.390376619994640350e-03,9.431681595742702484e-03,7.831482216715812683e-03,-7.038163486868143082e-03,-1.023856177926063538e-02,-2.791872713714838028e-03,2.961385296657681465e-03,-1.997536607086658478e-02,1.143362489528954029e-03,7.133090402930974960e-03,-3.986194860772229731e-05,-1.851077750325202942e-02,-1.486286520957946777e-02,-9.533388540148735046e-03,-3.314310312271118164e-02,1.777848228812217712e-02,1.846466958522796631e-01,-7.939970120787620544e-03,1.066573336720466614e-02,3.563832864165306091e-02,3.896671114489436150e-04,9.797828271985054016e-03,6.482162047177553177e-03,-1.868028892204165459e-03,2.533196471631526947e-02,1.399496104568243027e-02,-1.429330278187990189e-02,9.713072213344275951e-04,-1.194724813103675842e-02,3.929302096366882324e-03,1.575789228081703186e-02,-2.662025950849056244e-02,-2.096531912684440613e-02,-1.674784533679485321e-02,-1.864638738334178925e-02,-7.038163486868143082e-03,8.208648068830370903e-04,-9.221485815942287445e-03,-1.708687096834182739e-02,-1.460520643740892410e-02,4.542937874794006348e-02,-8.197629824280738831e-03,-4.095424432307481766e-03,-9.065533988177776337e-03,1.876843534409999847e-02,2.423352189362049103e-02,-6.105843931436538696e-03,4.610742907971143723e-03,1.429330278187990189e-02,-2.754579763859510422e-03,-1.769711636006832123e-02,1.799545809626579285e-02,4.729401785880327225e-03,2.042287960648536682e-02,1.991773024201393127e-03,6.305869203060865402e-03,1.487642619758844376e-02,-1.250324957072734833e-02,1.760218851268291473e-02,-5.475257057696580887e-03,9.840206475928425789e-04,2.042287960648536682e-02,1.893116720020771027e-02,-2.598289214074611664e-02,-1.761575043201446533e-02,3.338720276951789856e-02,-1.516120787709951401e-02,-5.081987939774990082e-03,3.045802563428878784e-02,1.594774611294269562e-02,1.077422127127647400e-02,8.889241144061088562e-03,2.606425806879997253e-02,9.967341087758541107e-03,-3.430935088545084000e-03,8.943485096096992493e-03,-7.763677276670932770e-03,3.392964228987693787e-02,-1.234051771461963654e-02,1.760218851268291473e-02,-1.838872767984867096e-02,3.368554636836051941e-02,-2.369108237326145172e-02,-1.232695672661066055e-02,1.222524885088205338e-02,-2.317576296627521515e-02,-2.634903974831104279e-02,-1.700550504028797150e-02,-2.823401987552642822e-02,-1.058436743915081024e-02,-9.885975159704685211e-03,-1.620540581643581390e-02,2.462679147720336914e-02,9.994463063776493073e-03,7.817921228706836700e-03,1.548667158931493759e-02,-2.032456221058964729e-03,-3.059363551437854767e-02,-2.179254032671451569e-02,3.797082230448722839e-02,-1.596808782778680325e-03,-3.571969643235206604e-02,1.673428528010845184e-02,1.893455861136317253e-03,-1.983975619077682495e-02,1.847009360790252686e-02,1.316773891448974609e-02,-2.076190337538719177e-02,3.100385656580328941e-03,-1.745301857590675354e-02,2.617274643853306770e-03,1.223880983889102936e-02,1.526969578117132187e-02,-4.915865603834390640e-03,-1.497135311365127563e-02,-2.392161823809146881e-02,-2.224005386233329773e-02,-2.351478859782218933e-02,1.825311779975891113e-02,1.681565120816230774e-02,-5.682062357664108276e-03,-1.747675007209181786e-03,1.570364832878112793e-02,3.669608756899833679e-02,-7.813471893314272165e-05,-2.584728226065635681e-02,-1.210320042446255684e-03,-4.412752017378807068e-02,2.111449092626571655e-02,-1.484930422157049179e-02,1.784628815948963165e-02,-4.871792159974575043e-03,-7.539920974522829056e-03,3.422459587454795837e-03,2.423352189362049103e-02,1.559515949338674545e-02,-8.455288596451282501e-03,-1.141836959868669510e-02,4.868402145802974701e-03,-1.403564400970935822e-02,-1.575789228081703186e-02,-3.135305270552635193e-02,-2.538620866835117340e-02,1.795477606356143951e-02,1.574433036148548126e-02,-1.351354457437992096e-02,5.366769153624773026e-03,-1.582569628953933716e-02,-1.168280839920043945e-02,-1.051656249910593033e-02,1.132344175130128860e-02,1.758862845599651337e-02,-1.310332445427775383e-03,-6.126185413450002670e-03,-1.727672480046749115e-02,-2.130434475839138031e-02,2.964436449110507965e-02,3.198702819645404816e-03,1.487642619758844376e-02,2.756953053176403046e-02,8.502752520143985748e-03,-1.313383691012859344e-02,3.097334317862987518e-02,-2.427420578896999359e-02,3.942863084375858307e-03,-2.983421785756945610e-03,-4.184927418828010559e-02,1.839211792685091496e-03,-1.077422127127647400e-02,-1.314061693847179413e-02,2.907480299472808838e-02,-2.074834331870079041e-02,-2.462679147720336914e-02,-8.333239704370498657e-03,-6.855089683085680008e-03,1.710043102502822876e-02,-5.961419269442558289e-02,-1.100136782042682171e-03,1.398140005767345428e-02,-2.615918591618537903e-02,1.336606917902827263e-03,-1.206929795444011688e-03,-1.730384677648544312e-01,-3.993717022240161896e-03,2.137214876711368561e-02,-1.067251339554786682e-02,5.912599619477987289e-03,4.329352173954248428e-03,1.739877462387084961e-02,-1.430686446838080883e-03,-3.203110396862030029e-02,5.065036471933126450e-03,1.110646594315767288e-02,-8.862119168043136597e-03,-2.320288494229316711e-02,-7.641628384590148926e-03,1.049283077009022236e-03,1.017075683921575546e-02,-2.042287960648536682e-02,2.123653888702392578e-02,2.544045262038707733e-02,3.197685629129409790e-02,2.076190337538719177e-02,-1.279481127858161926e-02,-2.019234187901020050e-02,-1.602911204099655151e-02,4.228322580456733704e-02,1.526969578117132187e-02,9.587633423507213593e-03,3.200398012995719910e-02,-6.434698589146137238e-03,-2.596933208405971527e-02,1.000802405178546906e-02,-3.456362057477235794e-03,2.400298602879047394e-02,-1.488998718559741974e-02,1.430686376988887787e-02,2.115517295897006989e-02,-9.757145307958126068e-03,-4.970109555870294571e-03,1.097763609141111374e-02,2.996982820332050323e-02,1.650374755263328552e-02,9.906317107379436493e-03,4.312400706112384796e-03,2.471493789926171303e-03,9.682560339570045471e-03,2.096531912684440613e-02,2.392161823809146881e-02,5.428641452454030514e-04,2.910192497074604034e-02,-3.596379607915878296e-02,-6.509284023195505142e-03,-1.110646594315767288e-02,-1.068607438355684280e-02,1.791409216821193695e-02,1.341861765831708908e-02,2.059917151927947998e-02,-2.773226238787174225e-03,3.939049202017486095e-04,2.934263320639729500e-03,5.471867043524980545e-03,-2.552181854844093323e-02,-1.691057719290256500e-02,1.875487528741359711e-02,-2.318932488560676575e-02,-2.538620866835117340e-02,-9.682560339570045471e-03,-1.456452347338199615e-02,5.566793959587812424e-03,-2.628123387694358826e-02,-6.102453917264938354e-03,-1.042841561138629913e-02,-2.274181134998798370e-02,2.198578556999564171e-03,-1.176417525857686996e-02,1.321520283818244934e-02,-1.330334972590208054e-02,-1.384579017758369446e-02,1.180485822260379791e-02,2.351478859782218933e-02,6.522845011204481125e-03,-2.855948358774185181e-02,2.994270622730255127e-02,-1.975839026272296906e-02,1.000124379061162472e-03,1.124207582324743271e-02,-2.673213835805654526e-03,-7.967092096805572510e-03,-8.577337488532066345e-03,3.919131588190793991e-03,1.998892612755298615e-02,-1.074031833559274673e-02,-4.163229838013648987e-03,-2.415554597973823547e-03,-2.297234907746315002e-02,3.230232372879981995e-02,5.478647351264953613e-02,4.888743627816438675e-03,9.194363839924335480e-03,-1.578501425683498383e-02,5.882087629288434982e-03,-4.207302816212177277e-03,-4.231034778058528900e-03,-3.398388624191284180e-02,9.180802851915359497e-03,1.253715250641107559e-02,-6.143136881291866302e-03,-5.309134721755981445e-03,2.027370780706405640e-02,2.443693764507770538e-02,-2.871119650080800056e-04,2.230785973370075226e-02,-2.518279291689395905e-02,2.878324128687381744e-03,3.915741108357906342e-03,-6.539796479046344757e-03,1.776492036879062653e-02,2.416571788489818573e-02,-2.291810512542724609e-02,1.589350216090679169e-02,-2.496581710875034332e-02,5.020285397768020630e-02,1.560872048139572144e-02,4.970956942997872829e-04,-3.902180120348930359e-03,1.034704968333244324e-02,-2.972573041915893555e-02,-1.126106157898902893e-01,2.507091499865055084e-03,8.360361680388450623e-03,1.081490423530340195e-02,1.330673927441239357e-03,3.135305270552635193e-02,-1.460520643740892410e-02,1.177773624658584595e-02,-2.815265394747257233e-02,4.431737586855888367e-02,-5.671891849488019943e-03,-1.513408590108156204e-02,-8.401044644415378571e-03,1.022500079125165939e-02,1.468657236546278000e-02,-2.712201699614524841e-02,-5.868526641279459000e-03,-2.129078283905982971e-02,-1.302534900605678558e-02,3.349569067358970642e-02,-1.057758647948503494e-02,-5.932941101491451263e-03,2.358259446918964386e-02,-3.447208553552627563e-02,-9.777487255632877350e-03,3.363130241632461548e-02,-2.304015308618545532e-02,1.799545809626579285e-02,1.604267396032810211e-02,-1.729876152239739895e-03,1.936512067914009094e-02,2.533196471631526947e-02,-3.475008532404899597e-03,3.953034058213233948e-03,-2.764750504866242409e-03,-8.123043924570083618e-03,-3.989648818969726562e-02,-4.861621651798486710e-03,3.623501583933830261e-02,-2.465391345322132111e-02,-1.006226800382137299e-02,1.749370060861110687e-02,-3.048514761030673981e-02,-9.411339648067951202e-03,1.263207942247390747e-02,-1.621896587312221527e-02,2.013809746131300926e-03,2.357920398935675621e-03,1.901253312826156616e-02,-1.009617093950510025e-02,-2.939348574727773666e-03,-1.707330904901027679e-02,-2.341986261308193207e-02,-3.444496076554059982e-03,2.670162543654441833e-02,-2.016521990299224854e-02,1.970414631068706512e-02,1.754794456064701080e-02,-2.685079723596572876e-02,2.229429781436920166e-02,-7.628067396581172943e-03,1.672072336077690125e-02,3.895399626344442368e-03,3.262778744101524353e-02,-1.383222825825214386e-02,9.723243303596973419e-03,-2.023302391171455383e-02,-1.322198286652565002e-02,9.546950459480285645e-03,-5.315915215760469437e-03,-1.242188364267349243e-02,1.359491143375635147e-02,-1.720891892910003662e-02,2.893919311463832855e-02,-2.931890077888965607e-02,-1.559515949338674545e-02,-3.327871486544609070e-02,-1.627320982515811920e-02,2.576591633260250092e-02,-1.194046810269355774e-02,-1.252359151840209961e-02,-1.563584245741367340e-02,2.106024697422981262e-02,-1.952785253524780273e-02,2.386737428605556488e-02,-1.216422487050294876e-02,6.753382273018360138e-03,-8.163726888597011566e-03,-1.044875662773847580e-02,4.881962959188967943e-04,1.705296803265810013e-03,3.010543808341026306e-02,6.177039351314306259e-03,-1.910746097564697266e-02,1.316773891448974609e-02,1.657155156135559082e-02,1.954141259193420410e-02,-1.255071349442005157e-02,-3.181412443518638611e-02,1.316095888614654541e-02,-1.860570348799228668e-02,-5.932940985076129436e-04,-4.510391503572463989e-02,2.953587658703327179e-02,-1.426618080586194992e-02,-1.585281826555728912e-02,6.756772287189960480e-03,-1.661223545670509338e-02,8.909582160413265228e-03,-2.496581710875034332e-02,-1.650205231271684170e-03,-3.147849114611744881e-03,-3.814033698290586472e-03,2.720338292419910431e-02,-3.078348934650421143e-03,-6.054990459233522415e-03,-1.724960282444953918e-02,-3.556374460458755493e-03,6.958492449484765530e-04,1.679022330790758133e-03,-4.705669824033975601e-03,9.845292195677757263e-03,2.602018415927886963e-03,2.618969883769750595e-03,-2.007029205560684204e-02,-2.420640084892511368e-03,-1.571720838546752930e-02,-6.400796119123697281e-03,-4.539547488093376160e-03,1.585281826555728912e-02,6.886449409648776054e-04,-1.099119707942008972e-02,9.438461624085903168e-03,-2.134502679109573364e-02,1.874131336808204651e-02,1.168958935886621475e-02,1.430686446838080883e-03,-1.864638738334178925e-02,7.691634818911552429e-04,8.662094478495419025e-04,4.359864164143800735e-03,4.342234879732131958e-02,-1.102679525502026081e-03,-1.796833612024784088e-02,1.463232841342687607e-02,-3.935404494404792786e-02,-8.495971560478210449e-03,1.158110145479440689e-02,2.135858871042728424e-02,9.429139026906341314e-05,2.820689789950847626e-02,1.047587953507900238e-02,3.165139257907867432e-02,2.893919311463832855e-02,-6.661845371127128601e-03,2.837640931829810143e-03,-1.734453067183494568e-02,-2.706777304410934448e-02,3.265490755438804626e-02,1.910746097564697266e-02,9.546950459480285645e-03,-3.141068620607256889e-03,2.828826382756233215e-02,2.409791201353073120e-02,1.962277851998806000e-02,-1.320842187851667404e-02,4.234424792230129242e-03,1.901253312826156616e-02,-5.037914495915174484e-03,6.065160967409610748e-03,1.074031833559274673e-02,-1.578501425683498383e-02,-2.089751325547695160e-02,-1.792765408754348755e-02,7.580603938549757004e-03,4.966719541698694229e-03,9.145205258391797543e-04,-2.657957747578620911e-02,-2.385381422936916351e-02,-8.082360960543155670e-03,-3.051226958632469177e-04,2.785092219710350037e-03,1.888370490632951260e-03,-8.259501773864030838e-04,-2.445049770176410675e-02,-8.276453008875250816e-04,1.666647940874099731e-02,1.347964257001876831e-02,-1.697838306427001953e-02,-2.144334372133016586e-03,1.701906509697437286e-02,1.078947796486318111e-03,-6.000746507197618484e-03,2.869509346783161163e-02,1.026568375527858734e-02,1.280159223824739456e-02,-8.441727608442306519e-03,4.139497876167297363e-03,-1.574433036148548126e-02,9.852073155343532562e-03,2.499293908476829529e-02,1.936512067914009094e-02,-1.319655682891607285e-03,7.919629104435443878e-03,-7.295822724699974060e-03,-1.199471205472946167e-02,-1.022500079125165939e-02,-6.587259937077760696e-03,-1.225915178656578064e-02,-4.377493634819984436e-02,1.461198669858276844e-03,3.317022696137428284e-02,1.036739069968461990e-02,-1.352710556238889694e-02,-5.217597819864749908e-03,2.746104262769222260e-03,-7.506018038839101791e-03,1.149295456707477570e-02,-6.753382273018360138e-03,1.383900921791791916e-02,-1.406276598572731018e-02,9.716462343931198120e-03,4.049317166209220886e-02,1.093695312738418579e-02,-1.232695672661066055e-02,-3.110556397587060928e-03,2.818994689732789993e-03,-9.390998631715774536e-03,-1.354066748172044754e-02,-2.360971644520759583e-02,1.196759007871150970e-02,5.743087269365787506e-03,1.002158503979444504e-02,7.960312068462371826e-03,-3.333295881748199463e-02,1.010973192751407623e-02,-7.214456330984830856e-03,-2.376566641032695770e-03,4.970109555870294571e-03,1.210319995880126953e-02,-2.020590193569660187e-02,3.525862097740173340e-02,1.306603197008371353e-02,-2.266044542193412781e-02,1.169637031853199005e-02,2.804416604340076447e-02,1.509340293705463409e-02,-1.193368714302778244e-02,6.271966267377138138e-03,-1.366949640214443207e-02,-1.653086952865123749e-02,3.059363551437854767e-02,-1.252359151840209961e-02,3.178700432181358337e-02,7.327182684093713760e-04,-3.436359390616416931e-02,1.370339933782815933e-02,1.741233468055725098e-02,-3.317361697554588318e-03,-2.793567813932895660e-02,3.257354348897933960e-02,3.786233440041542053e-02,-9.668999351561069489e-03,1.627320982515811920e-02,-1.084880717098712921e-02,-3.325159475207328796e-02,-1.970414631068706512e-02,3.623501583933830261e-02,-3.170563653111457825e-02,-1.551040331833064556e-03,-4.852128773927688599e-02,3.892009379342198372e-03,3.671643091365695000e-03,-2.953587658703327179e-02,-9.357095696032047272e-03,1.678852923214435577e-02,-1.894472911953926086e-02,6.790675222873687744e-03,-8.862119168043136597e-03,6.305869203060865402e-03,-2.186712663387879729e-04,-1.586638018488883972e-02,9.723243303596973419e-03,-1.158788148313760757e-02,-1.880911923944950104e-02,3.034953773021697998e-02,4.334098473191261292e-02,6.102453917264938354e-03,-4.115765914320945740e-03,-8.672265335917472839e-03
-8.685172651894390583e-04,-1.872229017317295074e-02,9.982576593756675720e-03,-3.329288586974143982e-02,-1.679188385605812073e-02,3.472085669636726379e-02,-1.987260021269321442e-02,-3.051627427339553833e-02,-1.236914005130529404e-02,-5.387946963310241699e-03,3.169964067637920380e-03,2.418295852839946747e-02,2.087746933102607727e-02,8.045560680329799652e-03,1.621011830866336823e-02,1.308973692357540131e-02,6.733281072229146957e-03,1.098083425313234329e-02,-8.296777494251728058e-03,-2.303264848887920380e-02,-1.029329281300306320e-02,-2.848009392619132996e-02,1.090811449103057384e-03,-1.913217082619667053e-02,-6.359761115163564682e-03,-3.708758624270558357e-03,4.161610733717679977e-03,-1.741992775350809097e-03,4.703710786998271942e-03,6.452314555644989014e-03,-1.881484314799308777e-02,-5.969713442027568817e-03,-1.784964092075824738e-02,-2.467217110097408295e-02,-3.376887738704681396e-02,-7.073746528476476669e-03,9.579307399690151215e-03,1.107999961823225021e-02,3.589761210605502129e-03,7.787732407450675964e-03,1.840496249496936798e-02,-1.026684883981943130e-02,-4.392168484628200531e-04,6.653949618339538574e-03,-2.369374595582485199e-02,-6.075488869100809097e-03,-2.152534388005733490e-02,-9.261980652809143066e-03,-5.939302593469619751e-02,-1.459703966975212097e-02,1.556224282830953598e-02,2.197489142417907715e-02,-1.857684925198554993e-02,3.293919842690229416e-03,8.567827753722667694e-03,-8.713269606232643127e-03,-1.203859131783246994e-02,-7.972839288413524628e-03,-3.483985550701618195e-03,-2.227899618446826935e-02,2.933621639385819435e-03,3.257890045642852783e-02,-4.383078310638666153e-03,1.316411071456968784e-03,-1.011479645967483521e-02,-2.033536881208419800e-02,4.204581957310438156e-03,8.581049740314483643e-03,-1.886773109436035156e-02,-2.834787406027317047e-02,5.090453103184700012e-02,2.951140701770782471e-02,6.065572611987590790e-03,-1.642167009413242340e-02,1.480859145522117615e-02,-2.254343591630458832e-02,1.443837583065032959e-02,-9.414033032953739166e-03,-2.677446231245994568e-02,2.773966453969478607e-02,5.553221795707941055e-03,-3.718014061450958252e-02,-8.891765959560871124e-03,1.308973692357540131e-02,3.228801861405372620e-02,-2.398132346570491791e-03,4.521909169852733612e-03,5.849393457174301147e-02,2.480438910424709320e-02,-2.057336457073688507e-02,4.178138077259063721e-02,1.734720729291439056e-02,-1.751909218728542328e-02,9.447087533771991730e-03,-4.125250503420829773e-02,-1.111305411905050278e-02,-2.007092908024787903e-02,2.747522480785846710e-02,-3.244668245315551758e-02,-3.263178840279579163e-02,2.040147781372070312e-02,-1.048501115292310715e-02,-2.444739639759063721e-02,-1.063045300543308258e-02,5.387946963310241699e-03,-7.629068568348884583e-03,-1.496725436300039291e-02,-2.287398464977741241e-02,1.788930594921112061e-02,-3.903121501207351685e-02,9.261980652809143066e-03,2.238477207720279694e-02,3.912872634828090668e-04,-4.019474610686302185e-02,2.098324522376060486e-02,-1.615723036229610443e-02,4.336801823228597641e-03,-1.133121643215417862e-02,-7.159689441323280334e-03,-1.342028565704822540e-02,-2.645713463425636292e-02,1.286496315151453018e-02,4.098806530237197876e-03,-4.591324366629123688e-03,1.531102508306503296e-02,3.004028461873531342e-02,-1.008174195885658264e-02,-1.211461727507412434e-03,1.476892549544572830e-02,-7.007636595517396927e-03,2.779255248606204987e-02,-4.863200883846729994e-04,1.590601354837417603e-02,3.933532163500785828e-03,8.445524726994335651e-04,2.673479542136192322e-02,7.384462747722864151e-03,-4.051207378506660461e-02,9.618973359465599060e-03,-2.488372102379798889e-02,1.462348364293575287e-02,2.116835117340087891e-02,-9.010762907564640045e-03,-2.067914046347141266e-02,1.156921125948429108e-02,3.156742081046104431e-03,-5.827577318996191025e-03,2.001804113388061523e-02,-1.710921153426170349e-02,3.088979516178369522e-03,2.990806475281715393e-02,-2.686701528728008270e-02,2.800410427153110504e-02,-2.202777937054634094e-02,-1.301701553165912628e-02,2.428873442113399506e-02,1.381694432348012924e-02,2.631169371306896210e-02,-1.330128777772188187e-02,-3.080715797841548920e-02,-2.070558257400989532e-02,2.078491449356079102e-02,1.639522612094879150e-02,-7.908382685855031013e-04,9.909856133162975311e-03,4.823369532823562622e-02,5.001205019652843475e-03,-4.049224313348531723e-03,7.014247588813304901e-03,-1.717532053589820862e-02,2.698601223528385162e-02,1.010157447308301926e-02,-2.188233844935894012e-02,3.059560619294643402e-02,1.997837610542774200e-02,3.464152663946151733e-02,-7.978624198585748672e-04,-2.323758788406848907e-03,-4.249536618590354919e-02,1.503336429595947266e-02,-3.963942453265190125e-02,2.832804108038544655e-03,4.984677582979202271e-02,1.836529746651649475e-02,-2.637780271470546722e-03,-1.437226682901382446e-02,8.045560680329799652e-03,-1.343350764364004135e-02,8.971096947789192200e-03,-1.852396130561828613e-02,1.455737370997667313e-02,4.769820719957351685e-03,1.497386489063501358e-03,1.545646693557500839e-02,-6.363463401794433594e-01,-9.493364952504634857e-03,-3.778174053877592087e-03,-1.942305453121662140e-02,1.044534519314765930e-02,1.108661014586687088e-02,-9.295035153627395630e-03,1.692410372197628021e-02,-4.104095324873924255e-02,5.986240692436695099e-03,-1.581346057355403900e-02,2.444739639759063721e-02,4.495465196669101715e-03,-3.292267024517059326e-02,-1.558868680149316788e-02,-9.552863426506519318e-03,-4.056496173143386841e-02,-1.684477180242538452e-02,3.897171700373291969e-03,-9.116538800299167633e-03,-1.529780309647321701e-02,2.122123911976814270e-02,-3.022869816049933434e-03,1.220386568456888199e-02,1.603823341429233551e-02,-7.119196816347539425e-04,1.757198013365268707e-02,5.920130759477615356e-03,-2.821565419435501099e-02,1.496725436300039291e-02,-1.086183730512857437e-02,1.299718301743268967e-02,1.919827982783317566e-02,4.392995033413171768e-03,2.247732505202293396e-02,-3.157403320074081421e-02,-2.731656096875667572e-02,3.091293387115001678e-02,1.923794671893119812e-02,2.685379236936569214e-02,-2.215999923646450043e-02,-2.858586981892585754e-02,2.812971128150820732e-03,-3.345154970884323120e-02,1.906606182456016541e-02,3.036091802641749382e-03,-3.533567767590284348e-03,9.308257140219211578e-03,-3.698015934787690639e-04,1.626300625503063202e-02,5.797827616333961487e-03,-2.795121632516384125e-02,-1.093455776572227478e-02,3.169964067637920380e-03,-8.025727234780788422e-03,3.242023661732673645e-02,1.758520118892192841e-02,-4.061784967780113220e-02,1.320212334394454956e-02,-2.208066638559103012e-03,8.845488540828227997e-03,3.374243155121803284e-02,3.751730080693960190e-03,-3.678348287940025330e-02,7.331574801355600357e-03,3.051627427339553833e-02,-1.017429493367671967e-02,1.997837610542774200e-02,2.276820875704288483e-02,-9.017374366521835327e-03,2.890319563448429108e-02,-6.177959032356739044e-03,6.961360108107328415e-03,-6.077968282625079155e-04,1.248813793063163757e-02,-8.085226640105247498e-03,1.810085773468017578e-02,-3.434403100982308388e-03,-4.102111794054508209e-03,1.266663428395986557e-02,-2.108901971951127052e-03,-1.061061955988407135e-02,-3.207646682858467102e-02,-5.513555835932493210e-03,1.921150274574756622e-02,-1.157582271844148636e-02,-4.323579743504524231e-02,1.873551122844219208e-02,-8.643853943794965744e-04,-2.024281583726406097e-02,-1.478214748203754425e-02,2.028248086571693420e-02,5.427612923085689545e-03,8.719880133867263794e-03,1.178737357258796692e-02,1.599856652319431305e-02,1.520525012165307999e-02,1.144360285252332687e-02,1.837851852178573608e-02,-2.969981869682669640e-03,-3.857505740597844124e-03,-2.025603689253330231e-02,6.733281072229146957e-03,-1.652744598686695099e-02,4.621073603630065918e-03,2.771322056651115417e-02,-3.178558126091957092e-02,2.337641827762126923e-02,3.218224272131919861e-02,-1.577379368245601654e-02,7.298519834876060486e-03,1.153615675866603851e-02,1.106016617268323898e-02,-1.098083425313234329e-02,-1.384338829666376114e-02,-2.317808941006660461e-02,3.145172959193587303e-03,-6.809307262301445007e-03,-1.988251693546772003e-03,-1.165515463799238205e-02,4.938400816172361374e-03,-4.052529577165842056e-03,3.074104897677898407e-03,1.583329285494983196e-03,-8.336443454027175903e-03,4.342090338468551636e-02,2.259632386267185211e-02,-4.585374519228935242e-02,-3.136248141527175903e-02,1.932058366946876049e-03,1.086183730512857437e-02,-2.044114470481872559e-02,2.607369795441627502e-02,2.758430549874901772e-03,2.579603716731071472e-02,7.251416682265698910e-04,3.776190802454948425e-02,-2.271532081067562103e-02,1.626300625503063202e-02,-1.978004723787307739e-02,1.463670562952756882e-02,-7.685262244194746017e-04,-2.019653795287013054e-03,6.604366935789585114e-03,-6.356455385684967041e-03,-5.928725004196166992e-02,-1.075606141239404678e-02,-2.472505904734134674e-02,-2.998739667236804962e-02,2.580925822257995605e-02,1.427971292287111282e-02,-1.028668228536844254e-02,-1.783641986548900604e-02,-9.685083292424678802e-03,2.238477207720279694e-02,-1.397560816258192062e-02,-3.857505740597844124e-03,1.831240952014923096e-02,-1.803144230507314205e-03,-3.606949746608734131e-02,6.108543835580348969e-03,1.222369819879531860e-02,-3.810567781329154968e-02,6.981193087995052338e-03,1.190637145191431046e-02,-2.643069066107273102e-02,1.195264887064695358e-02,4.664045292884111404e-03,1.238236203789710999e-02,-2.723722904920578003e-02,1.848429441452026367e-02,-4.128555767238140106e-03,-9.017374366521835327e-03,1.964782737195491791e-02,8.812434040009975433e-03,2.011059597134590149e-02,1.059078704565763474e-02,-8.825656026601791382e-03,-1.132460590451955795e-02,1.057756505906581879e-02,1.165515463799238205e-02,7.919951342046260834e-03,-2.555804140865802765e-02,-1.681832782924175262e-02,-1.230964157730340958e-02,-6.726670078933238983e-03,-2.111546322703361511e-02,2.541260048747062683e-02,-1.199231389909982681e-02,3.113770624622702599e-03,-2.066591754555702209e-02,1.290462911128997803e-02,7.265464868396520615e-03,4.961539059877395630e-03,1.397560816258192062e-02,-4.088889807462692261e-03,6.227541249245405197e-03,1.913217082619667053e-02,9.771025739610195160e-03,3.778835013508796692e-02,8.402553386986255646e-03,8.422385901212692261e-03,1.736042834818363190e-02,-1.811408065259456635e-02,2.127412706613540649e-02,-1.601178944110870361e-02,2.300620311871170998e-03,-8.171169087290763855e-03,2.919407933950424194e-02,-1.755875721573829651e-02,-1.388305425643920898e-02,-3.297555819153785706e-02,-7.986061275005340576e-03,2.588197821751236916e-03,2.662571379914879799e-03,6.563378870487213135e-02,1.691584009677171707e-03,1.697699166834354401e-02,2.961718244478106499e-03,8.944652974605560303e-03,8.883501868695020676e-04,-4.194004461169242859e-02,9.420643909834325314e-04,2.156501077115535736e-02,-1.347978413105010986e-02,3.741813590750098228e-03,1.914539188146591187e-02,1.368472445756196976e-02,1.697699166834354401e-02,-1.390949822962284088e-02,-7.781121414154767990e-03,5.153257399797439575e-03,5.169785115867853165e-03,-7.820786908268928528e-03,1.874212292023003101e-03,1.532094203867018223e-03,2.177656255662441254e-02,-1.498047634959220886e-02,1.260052435100078583e-02,-2.147245779633522034e-02,2.378299366682767868e-03,3.160047531127929688e-02,-2.333675278350710869e-03,-1.699021435342729092e-03,1.187331695109605789e-02,5.387946963310241699e-03,3.524973616003990173e-02,-3.467458067461848259e-03,-1.173448655754327774e-02,5.963102448731660843e-03,-2.436145441606640816e-03,2.444739639759063721e-02,-1.672577485442161560e-02,4.174832720309495926e-03,8.528161793947219849e-03,-6.733281072229146957e-03,5.811049602925777435e-03,1.844462938606739044e-02,2.401107177138328552e-02,1.274596620351076126e-02,-1.517219468951225281e-03,-2.512171678245067596e-02,8.164557628333568573e-03,-6.168042775243520737e-03,3.916343301534652710e-02,-7.761288434267044067e-03,1.122544053941965103e-02,-1.322856731712818146e-02,1.621342380531132221e-03,9.090094827115535736e-03,2.927010646089911461e-03,-1.994862686842679977e-03,6.366372108459472656e-03,-3.476961283013224602e-04,-1.088332268409430981e-03,2.566712209954857826e-03,-7.609236054122447968e-03,1.697699166834354401e-02,2.848009392619132996e-02,1.094116922467947006e-02,-2.768677659332752228e-02,-4.654128476977348328e-02,7.034080568701028824e-03,-3.166658570989966393e-03,5.513555835932493210e-03,-1.818018965423107147e-02,-1.454415172338485718e-02,1.315584685653448105e-02,-3.963942453265190125e-02,8.599436114309355617e-05,-7.873674854636192322e-03,1.500692032277584076e-02,-4.954928066581487656e-03,-1.725465245544910431e-02,-4.802214354276657104e-02,7.754677440971136093e-03,3.313422203063964844e-02,-1.541680097579956055e-02,1.609112136065959930e-02,-2.123776823282241821e-03,-8.052171207964420319e-03,-6.981193087995052338e-03,-6.908472161740064621e-03,-5.212756339460611343e-03,4.363245517015457153e-02,4.326885100454092026e-03,1.846115686930716038e-03,-2.566712209954857826e-03,6.402732338756322861e-03,-1.556224282830953598e-02,-3.104515373706817627e-02,1.026023831218481064e-02,-2.984856721013784409e-03,5.457362625747919083e-03,-3.467458067461848259e-03,-1.685799448750913143e-03,-1.230964157730340958e-02,2.171706408262252808e-03,2.576959319412708282e-02,-8.124891668558120728e-03,-1.513914018869400024e-02,-1.418715901672840118e-02,-9.957785950973629951e-04,-7.272075861692428589e-03,7.055235654115676880e-02,2.755455672740936279e-02,-8.739712648093700409e-03,-9.982576593756675720e-03,9.156204760074615479e-03,7.490238174796104431e-03,-1.009496394544839859e-02,-2.701245620846748352e-02,1.026684883981943130e-02,1.459703966975212097e-02,1.026354380883276463e-03,-1.171465311199426651e-02,6.458925548940896988e-03,1.088828127831220627e-02,1.757198013365268707e-02,1.899995096027851105e-02,-3.826434165239334106e-02,-1.562835276126861572e-02,-1.826282677939161658e-04,1.144525595009326935e-03,-1.348639559000730515e-02,3.407959127798676491e-03,-1.788930594921112061e-02,6.108543835580348969e-03,-1.364505849778652191e-02,-2.165756374597549438e-02,1.091472525149583817e-02,1.609112136065959930e-02,7.662123534828424454e-03,-1.981971226632595062e-02,-8.296777494251728058e-03,1.045856717973947525e-02,1.282529719173908234e-02,8.700047619640827179e-03,-3.207646682858467102e-02,2.694634720683097839e-02,-8.660381659865379333e-03,3.141536936163902283e-02,1.334095373749732971e-02,-2.598114311695098877e-03,1.138410437852144241e-02,1.261870493181049824e-03,1.097422372549772263e-02,-3.477374464273452759e-02,1.245508249849081039e-02,1.335417572408914566e-02,3.424486517906188965e-02,2.025603689253330231e-02,-1.014785189181566238e-02,-1.709598861634731293e-02,3.657193109393119812e-02,-1.712243258953094482e-02,-2.750166878104209900e-02,-2.629516646265983582e-03,-1.560190808959305286e-03,-1.821324462071061134e-03,6.604366935789585114e-03,2.112868614494800568e-02,2.753472421318292618e-03,4.293830133974552155e-03,-6.419259589165449142e-03,3.910393454134464264e-03,5.371419712901115417e-03,1.922141877003014088e-03,-5.126813426613807678e-03,-4.898734856396913528e-03,-1.544324494898319244e-02,-1.642167009413242340e-02,-2.600758709013462067e-02,1.097422372549772263e-02,-2.148567885160446167e-02,-5.378030706197023392e-03,-5.705274175852537155e-03,1.002224255353212357e-02,2.729011699557304382e-02,2.578281424939632416e-02,1.191298291087150574e-02,-1.128493994474411011e-02,6.789474748075008392e-03,1.496725436300039291e-02,-6.161431781947612762e-03,-1.669933088123798370e-02,2.551837591454386711e-03,-1.437226682901382446e-02,-1.582668162882328033e-02,9.070262312889099121e-03,-1.105355564504861832e-02,-1.531102508306503296e-02,-5.526777822524309158e-03,-3.272434230893850327e-03,1.450448576360940933e-02,9.433865547180175781e-03,-1.053789909929037094e-02,-8.124891668558120728e-03,-1.673899590969085693e-02,-7.424128241837024689e-03,8.607493713498115540e-03,-1.601509400643408298e-03,-1.618036883883178234e-03,-1.344672963023185730e-02,4.121944773942232132e-03,-1.199231389909982681e-02,-4.885512869805097580e-03,-2.768347039818763733e-03,3.829078376293182373e-02,-2.255665697157382965e-02,-2.456639520823955536e-02,1.273274421691894531e-02,-3.755035623908042908e-02,-1.052467711269855499e-02,1.289801858365535736e-02,-1.512591820210218430e-02,-1.258069183677434921e-02,-8.858710527420043945e-03,-3.762968629598617554e-02,2.188233844935894012e-02,1.928752870298922062e-03,2.312520146369934082e-02,2.736944891512393951e-02,8.317437022924423218e-04,1.137749291956424713e-02,-1.322195585817098618e-02,2.349541708827018738e-02,-1.051806658506393433e-02,-1.798186078667640686e-02,1.166011323221027851e-03,1.615723036229610443e-02,-4.085584357380867004e-02,-2.832143008708953857e-02,-6.696920841932296753e-03,7.800954394042491913e-03,1.461026165634393692e-02,-1.418715901672840118e-02,2.940232632681727409e-03,-3.606949746608734131e-02,1.379050035029649734e-02,-2.024281583726406097e-02,3.374904394149780273e-03,-2.612658590078353882e-02,1.712243258953094482e-02,-3.530262410640716553e-02,-2.436806447803974152e-02,-7.232409901916980743e-03,-3.554061800241470337e-02,-3.815856575965881348e-02,-3.855522349476814270e-02,-3.353005449753254652e-04,-1.834546448662877083e-03,-1.166176516562700272e-02,4.323579743504524231e-02,-2.665546350181102753e-02,-5.675524938851594925e-03,-1.507303025573492050e-02,4.776431713253259659e-03,6.227541249245405197e-03,-1.383016631007194519e-02,-7.827398367226123810e-03,7.573702023364603519e-04,3.435064107179641724e-02,3.107159771025180817e-02,2.444739639759063721e-02,6.353150121867656708e-03,1.907928287982940674e-02,-7.986061275005340576e-03,1.121221855282783508e-02,-3.606288461014628410e-03,-7.807565387338399887e-03,-1.275257673114538193e-02,-3.720658645033836365e-02,8.184391073882579803e-03,1.077589392662048340e-02,6.584534421563148499e-03,4.621073603630065918e-03,1.215758919715881348e-02,1.441193185746669769e-02,1.798186078667640686e-02,-2.556795720010995865e-03,4.257469903677701950e-03,-2.342930622398853302e-02,-7.139856461435556412e-03,-4.700405523180961609e-03,-7.913340814411640167e-03,1.876195520162582397e-02,-9.248758666217327118e-03,-4.884190484881401062e-02,8.772768080234527588e-03,3.210290893912315369e-02,7.034080568701028824e-03,7.034080568701028824e-03,-4.615289217326790094e-04,1.303023751825094223e-02,-3.985097631812095642e-02,1.455737370997667313e-02,-1.425326894968748093e-02,2.763388911262154579e-03,1.468959357589483261e-02,1.197909191250801086e-02,3.062205016613006592e-02,1.646133512258529663e-02,1.154937874525785446e-02,6.637421902269124985e-03,1.860329322516918182e-02,-2.385240979492664337e-02,-1.491436641663312912e-02,-2.537293359637260437e-02,-2.766694407910108566e-03,-7.172911427915096283e-03,8.422385901212692261e-03,1.488792244344949722e-02,-1.696377061307430267e-02,-6.105238106101751328e-03,-7.276207907125353813e-04,-2.280787378549575806e-02,-4.791636765003204346e-02,1.320212334394454956e-02,-2.502255141735076904e-03,8.448829874396324158e-03,3.056916221976280212e-02,-2.805699035525321960e-02,-2.234510518610477448e-02,1.121883001178503036e-02,-1.907928287982940674e-02,2.619269490242004395e-02,-1.087505929172039032e-02,1.661999896168708801e-02,2.563737332820892334e-02,1.177580488729290664e-04,-2.282109670341014862e-02,5.338364746421575546e-03,7.562959101051092148e-03,5.566443782299757004e-03,-1.300379354506731033e-02,1.398883014917373657e-02,-5.920130759477615356e-03,-9.856968186795711517e-03,-1.769097708165645599e-02,-3.348460420966148376e-03,-1.696377061307430267e-02,-4.072362557053565979e-02,2.144601382315158844e-02,-1.545646693557500839e-02,-1.532424706965684891e-02,2.229552483186125755e-03,-7.780294981785118580e-04,-7.073746528476476669e-03,2.525393618270754814e-03,-2.205422334372997284e-02,-8.012505248188972473e-03,-2.100968919694423676e-02,-9.334701113402843475e-03,-1.576057262718677521e-02,1.724143140017986298e-02,-1.810085773468017578e-02,2.180300652980804443e-02,1.796863786876201630e-02,1.353597734123468399e-03,4.888818133622407913e-03,-5.262338556349277496e-03,1.951891346834599972e-03,5.556527059525251389e-03,-5.222672596573829651e-03,3.294911608099937439e-02,-1.520525012165307999e-02,-7.840620353817939758e-03,4.260775633156299591e-03,1.845785044133663177e-02,-2.608691900968551636e-02,-8.718227618373930454e-04,-9.810691699385643005e-03,2.693312428891658783e-02,-1.235591806471347809e-02,9.023984894156455994e-03,-4.462410230189561844e-03,2.110224217176437378e-02,8.131503127515316010e-03,-5.701968446373939514e-03,-1.538705197162926197e-03,-2.149890176951885223e-02,-2.173689566552639008e-02,-1.564157381653785706e-02,2.771322056651115417e-02,9.519808925688266754e-03,1.216419972479343414e-02,-2.157823182642459869e-02,-2.969651296734809875e-02,-3.310777992010116577e-02,-2.209388837218284607e-02,2.999731339514255524e-03,2.038825675845146179e-02,-2.460606023669242859e-02,-4.831302911043167114e-02,-1.364505849778652191e-02,-4.722717567346990108e-04,1.120560802519321442e-02,-1.077589392662048340e-02,-7.939784787595272064e-03,1.309634745121002197e-02,1.870906725525856018e-02,-1.002885401248931885e-02,2.721078507602214813e-02,-2.637780271470546722e-02,2.958412747830152512e-03,-2.871808968484401703e-02,2.235832810401916504e-02,7.120023481547832489e-03,1.342854928225278854e-03,2.067914046347141266e-02,-2.219966426491737366e-02,1.222204533405601978e-03,3.194755176082253456e-03,-1.085853204131126404e-03,1.992548815906047821e-02,2.422262355685234070e-02,4.984677303582429886e-03,2.160467579960823059e-02,2.686701528728008270e-02,1.404171716421842575e-02,-1.818018965423107147e-02,-3.472085669636726379e-02,3.083360195159912109e-02,7.721622474491596222e-03,1.997837610542774200e-02,1.828596554696559906e-02,-1.205842383205890656e-02,-1.791575108654797077e-03,1.582668162882328033e-02,3.895188495516777039e-02,2.226577512919902802e-02,-6.663865875452756882e-03,-1.622334122657775879e-02,-2.797766029834747314e-02,1.205181330442428589e-02,-1.948916353285312653e-02,-2.700584474951028824e-03,1.194934244267642498e-03,-1.881484314799308777e-02,3.222851781174540520e-03,1.335417572408914566e-02,7.871195557527244091e-04,-2.524071373045444489e-02,1.482181251049041748e-02,-3.467458067461848259e-03,9.050428867340087891e-03,-2.438128739595413208e-02,-3.470763564109802246e-03,2.079813741147518158e-02,2.082458086078986526e-04,-2.795121632516384125e-02,-2.044114470481872559e-02,-1.088166981935501099e-02,-3.400687128305435181e-02,3.572572395205497742e-02,-5.510250106453895569e-03,-3.829078376293182373e-02,3.378209890797734261e-03,2.826193114742636681e-03,-4.852458089590072632e-02,-3.198060730937868357e-04,8.508329279720783234e-03,1.933049969375133514e-02,3.027828037738800049e-02,-1.827315718401223421e-04,7.094406173564493656e-04,2.787188440561294556e-02,2.779255248606204987e-02,3.209629794582724571e-03,-8.719880133867263794e-03,2.084110863506793976e-03,1.149649079889059067e-02,-3.718014061450958252e-02,2.718764822930097580e-03,4.133927286602556705e-04,-4.588018730282783508e-02,-1.626300625503063202e-02,-1.231294707395136356e-03,-2.755455672740936279e-02,1.394916418939828873e-02,2.530351979658007622e-03,-4.454662848729640245e-05,-2.471183612942695618e-02,-2.485727705061435699e-02,-4.882207140326499939e-03,-4.102111794054508209e-03,-6.710142828524112701e-03,1.311618089675903320e-02,-9.295035153627395630e-03,2.937918715178966522e-02,9.328090585768222809e-03,1.650100201368331909e-02,-4.265403002500534058e-02,3.807923290878534317e-03,1.356572750955820084e-02,7.622457575052976608e-03,-1.765131205320358276e-02,-2.969651296734809875e-02,-2.226577512919902802e-02,3.940143156796693802e-03,2.108902111649513245e-02,2.401107177138328552e-02,1.316245738416910172e-02,-9.701610542833805084e-04,3.596372203901410103e-03,-1.406816113740205765e-02,-3.046338632702827454e-02,-2.350863814353942871e-02,1.527135912328958511e-02,-9.328090585768222809e-03,-1.133121643215417862e-02,1.308973645791411400e-03,-1.209147926419973373e-02,1.063706353306770325e-02,2.849331591278314590e-03,1.103372219949960709e-02,-3.643971309065818787e-02,8.349665440618991852e-03,3.669092839118093252e-04,2.169723063707351685e-02,-2.586214616894721985e-02,4.484887421131134033e-02,3.154758736491203308e-02,-2.268887683749198914e-02,-1.001563202589750290e-02,-8.812434040009975433e-03,1.300379354506731033e-02,-2.310536801815032959e-03,-6.488675251603126526e-03,-2.254343591630458832e-02,-1.591923460364341736e-02,-2.103613317012786865e-02,-2.982873283326625824e-02,2.818921022117137909e-02,-9.929689578711986542e-03,-2.818921022117137909e-02,1.359217148274183273e-02,-1.836529746651649475e-02,-1.655388996005058289e-02,1.590865850448608398e-01,-1.483503449708223343e-02,1.778353122062981129e-03,3.514396026730537415e-02,1.259391289204359055e-02,-1.114610955119132996e-02,2.414329163730144501e-02,1.201875787228345871e-02,6.346539128571748734e-03,3.819905687123537064e-04,-3.051627427339553833e-02,-7.648901548236608505e-03,-1.585312560200691223e-02,-3.059643204323947430e-04,1.987260021269321442e-02,-1.570768468081951141e-02,-9.182648733258247375e-03,-9.271896560676395893e-04,-4.783042706549167633e-03,-2.145262435078620911e-03,-6.164737045764923096e-03,-4.399606026709079742e-03,-1.019412837922573090e-02,-2.480438910424709320e-02,3.318710997700691223e-02,-8.151335641741752625e-03,6.508507765829563141e-03,1.299057155847549438e-02,7.556348107755184174e-03,5.083842203021049500e-03,-1.624978333711624146e-02,3.038405627012252808e-02,-1.165515463799238205e-02,-1.074945088475942612e-02,-1.234930753707885742e-02,-2.241121605038642883e-03,3.154758736491203308e-02,-5.926741752773523331e-03,4.776431713253259659e-03,6.538257468491792679e-03,1.671255193650722504e-02,-1.332773175090551376e-02,6.230846978724002838e-03,1.847768435254693031e-03,8.270333521068096161e-03,1.859007030725479126e-02,1.734720729291439056e-02,1.386652700603008270e-03,-1.402849517762660980e-02,2.818921022117137909e-02,-1.884128712117671967e-02,-1.781658618710935116e-03,3.741813451051712036e-02,2.119479514658451080e-02,3.999641630798578262e-04,1.289801858365535736e-02,1.861651428043842316e-02,2.575637027621269226e-02,2.041139407083392143e-03,8.980342499853577465e-06,4.389689303934574127e-03,2.124768309295177460e-02,-1.258069183677434921e-02,2.209388837218284607e-02,-1.803474873304367065e-02,1.701665855944156647e-02,-8.607493713498115540e-03,-1.017429493367671967e-02,1.747942529618740082e-02,-1.667288690805435181e-02,-5.497028119862079620e-03,-3.162692114710807800e-02,-2.542582154273986816e-02,-2.036181278526782990e-02,-5.242505576461553574e-03,-4.435966257005929947e-03,3.860811144113540649e-02,-5.860632285475730896e-03,-3.103854134678840637e-03,1.702987961471080780e-02,2.026925981044769287e-02,-3.892543911933898926e-02,-1.796533353626728058e-03,1.595890149474143982e-02,-2.853298187255859375e-02,-2.800410427153110504e-02,2.065269649028778076e-02,-1.446151407435536385e-03,-3.353087976574897766e-02,3.705453127622604370e-03,9.314868599176406860e-03,-2.389207482337951660e-02,-7.589403074234724045e-03,-2.538615651428699493e-02,6.696920841932296753e-03,2.829498611390590668e-02,9.924730984494090080e-04,2.463250420987606049e-02,-1.544324494898319244e-02,-1.644811406731605530e-02,-9.718137793242931366e-03,-6.201097276061773300e-03,1.012801844626665115e-02,6.729975808411836624e-03,-2.915441291406750679e-03,3.692231373861432076e-03,1.109983213245868683e-02,2.726367302238941193e-02,1.127171795815229416e-02,-2.379952184855937958e-02,1.837851852178573608e-02,-9.090094827115535736e-03,7.728233467787504196e-03,-1.117916405200958252e-02,1.279885321855545044e-02,3.831061767414212227e-03,-5.896992515772581100e-03,-8.270333521068096161e-03,1.873551122844219208e-02,1.930405572056770325e-02,1.398221822455525398e-03,-5.830882582813501358e-03,-6.749808788299560547e-03,3.893866203725337982e-03,-1.917183632031083107e-03,8.871932514011859894e-03,-2.760744467377662659e-02,9.552863426506519318e-03,1.376405637711286545e-02,5.754856392741203308e-03,2.928663277998566628e-03,-3.903782693669199944e-03,-2.444739639759063721e-02,-1.985937915742397308e-02,-1.100066769868135452e-02,1.426649093627929688e-02,8.151335641741752625e-03,-3.923615440726280212e-03,8.111670613288879395e-03,-6.508507765829563141e-03,8.395941928029060364e-03,4.148388747125864029e-03,6.769641768187284470e-03,4.726849496364593506e-03,2.259301720187067986e-03,3.408785560168325901e-04,3.035761229693889618e-02,4.645761509891599417e-05,1.050484459847211838e-02,-1.386983226984739304e-02,-4.471665620803833008e-02,1.557546481490135193e-02,-1.124527398496866226e-02,5.725107155740261078e-03,3.009317256510257721e-02,3.390192287042737007e-04,-2.956429496407508850e-02,-1.000902056694030762e-02,3.474069060757756233e-03,1.186009496450424194e-02,-5.405135825276374817e-02,4.763209726661443710e-03,1.610434241592884064e-02,-3.715369850397109985e-02,-2.284092828631401062e-03,-5.302004516124725342e-03,-1.669139713048934937e-01,-5.593507376033812761e-05,4.476954415440559387e-02,2.303512737853452563e-04,2.797766029834747314e-02,6.627505645155906677e-03,3.733880445361137390e-02,1.118577457964420319e-02,-1.886773109436035156e-02,1.440366846509277821e-03,-4.029391333460807800e-03,1.154937874525785446e-02,-3.178558126091957092e-02,-1.049823313951492310e-02,-1.520525012165307999e-02,-1.350622810423374176e-02,-2.315495163202285767e-03,2.301942557096481323e-02,1.453092973679304123e-02,1.287818513810634613e-02,2.693312428891658783e-02,-4.369856324046850204e-03,2.070888876914978027e-03,-5.397863686084747314e-03,3.530262410640716553e-02,1.550935488194227219e-02,-9.956132620573043823e-03,8.217445574700832367e-03,1.285835262387990952e-02,-3.699503466486930847e-02,-6.821703282184898853e-04,-5.801133345812559128e-03,3.437708690762519836e-02,7.318352814763784409e-03,1.116594206541776657e-02,2.488372102379798889e-02,-3.022539243102073669e-02,-7.886896841228008270e-03,6.065572611987590790e-03,1.766453310847282410e-02,2.313842251896858215e-02,2.571670524775981903e-02,-2.070558257400989532e-02,-1.163532119244337082e-02,2.824209816753864288e-02,2.427551150321960449e-02,5.401168949902057648e-03,7.053913548588752747e-03,1.353928353637456894e-02,-2.465894818305969238e-02,-4.968150053173303604e-03,-1.697699166834354401e-02,1.572090573608875275e-02,-1.454415149055421352e-03,5.265644285827875137e-03,5.887075792998075485e-03,-7.708400487899780273e-03,-4.763209726661443710e-03,-1.275918819010257721e-02,1.013462990522384644e-02,-1.341367419809103012e-02,-1.180059555917978287e-02,5.272255279123783112e-03,-7.728233467787504196e-03,-1.158573897555470467e-03,-8.478579693473875523e-04,-2.422262355685234070e-02,-6.703531835228204727e-03,-4.006252624094486237e-03,1.156260073184967041e-02,-4.138472303748130798e-02,-1.468959357589483261e-02,1.182042900472879410e-02,-1.955527253448963165e-02,7.424128241837024689e-03,6.587839685380458832e-03,-2.259632386267185211e-02,7.543126121163368225e-03,1.055773161351680756e-02,3.087326884269714355e-03,-1.978004723787307739e-02,5.733040347695350647e-02,-2.600758709013462067e-02,-9.433865547180175781e-03,4.188054706901311874e-03,-3.642648924142122269e-03,5.609415005892515182e-03,-2.021637186408042908e-02,2.270209975540637970e-02,-5.827577318996191025e-03,2.032214589416980743e-02,-5.860632285475730896e-03,-8.785990066826343536e-03,-3.524973616003990173e-02,3.556706383824348450e-02,3.855522349476814270e-02,2.007092908024787903e-02,-7.543126121163368225e-03,7.160515524446964264e-04,-2.196166850626468658e-02,-1.602501049637794495e-02,3.563317237421870232e-03,-2.879742160439491272e-02,1.546968892216682434e-02,9.949522092938423157e-03,-1.458547078073024750e-03,7.886896841228008270e-03,4.452493973076343536e-03,3.405975922942161560e-02,1.328145526349544525e-02,6.197792012244462967e-03,-1.306494581513106823e-03,2.083780243992805481e-02,2.251699194312095642e-02,1.119238603860139847e-02,3.006672859191894531e-02,1.314923539757728577e-02,-1.109322160482406616e-02,7.715011481195688248e-03,-3.435064107179641724e-02,5.558510497212409973e-02,1.671255193650722504e-02,-4.627684596925973892e-03,7.477016188204288483e-03,3.936837427318096161e-03,-1.114610955119132996e-02,-1.083142682909965515e-01,-2.502916380763053894e-02,6.967971101403236389e-03,1.820663362741470337e-02,-6.419259589165449142e-03,2.670835144817829132e-02,3.857505740597844124e-03,9.691693820059299469e-03,-1.907928287982940674e-02,2.358797006309032440e-02,-2.266243286430835724e-02,-3.088648989796638489e-02,-1.199231389909982681e-02,9.678471833467483521e-03,1.424004696309566498e-02,-2.381604863330721855e-03,-1.398883014917373657e-02,-7.113412488251924515e-03,-1.238732016645371914e-03,2.645713463425636292e-02,2.733639441430568695e-03,6.118460092693567276e-03,-8.785990066826343536e-03,-1.615723036229610443e-02,8.726491592824459076e-03,8.124891668558120728e-03,-1.483503449708223343e-02,1.663322187960147858e-02,-7.662123534828424454e-03,-6.049044895917177200e-03,1.865618117153644562e-02,3.556706383824348450e-02,3.470763622317463160e-04,9.461962617933750153e-04,-5.645775236189365387e-03,-3.112448565661907196e-02,-3.014606051146984100e-02,-9.870190173387527466e-03,9.612361900508403778e-03,-4.474309831857681274e-02,8.270333521068096161e-03,3.384820884093642235e-03,-1.706954464316368103e-02,-6.068877875804901123e-03,4.355312511324882507e-02,-1.120560802519321442e-02,-7.754677440971136093e-03,-1.688443869352340698e-02,2.463250420987606049e-02,-1.424004696309566498e-02,-9.037206880748271942e-03,1.763478387147188187e-03,-2.539937756955623627e-02,-2.853298187255859375e-02,1.089489180594682693e-02,-9.704915806651115417e-03,-1.015611458569765091e-03,1.639522612094879150e-02,1.767661888152360916e-05,1.737365126609802246e-02,-1.709598861634731293e-02,1.165515463799238205e-02,4.326885100454092026e-03,3.588438779115676880e-02,-2.133693080395460129e-03,-2.215999923646450043e-02,-1.819341257214546204e-02,-3.815856575965881348e-02,1.946271955966949463e-02,-1.885451003909111023e-02,5.678830202668905258e-03,5.906908772885799408e-03,4.792958963662385941e-03,2.990806475281715393e-02,-2.411684766411781311e-02,-2.377307787537574768e-02,-1.517880614846944809e-02,-1.624978333711624146e-02,7.040691561996936798e-03,-2.218644320964813232e-02,-1.943627558648586273e-02,-2.090391330420970917e-02,2.508205175399780273e-02,-3.852878138422966003e-02,2.898252755403518677e-02,-1.424004696309566498e-02,9.354533976875245571e-04,-6.259770016185939312e-04,-1.765131205320358276e-02,6.769641768187284470e-03,1.471603754907846451e-02,1.230303011834621429e-02,1.238236203789710999e-02,-2.282109670341014862e-02,7.477016188204288483e-03,1.614400930702686310e-02,1.003546454012393951e-02,-6.406037602573633194e-03,-1.071639545261859894e-02,1.778353191912174225e-02,-2.641746774315834045e-02,-1.903961785137653351e-02,-3.530262410640716553e-02,2.641746774315834045e-02,-2.919407933950424194e-02,-2.225255221128463745e-02,1.733398437500000000e-02,-2.341608516871929169e-02,2.033536881208419800e-02,-1.753231324255466461e-02,-1.947594247758388519e-02,-1.531102508306503296e-02,-2.451350726187229156e-02,1.369794644415378571e-02,-1.336739771068096161e-02,-7.847230881452560425e-03,-3.323999792337417603e-02,-9.142982773482799530e-03,5.156563129276037216e-03,5.718495813198387623e-04,7.986887940205633640e-04,2.863875776529312134e-02,2.488372102379798889e-02,6.181264761835336685e-04,-1.229641959071159363e-02,-1.665966399013996124e-02,-4.316968843340873718e-03,3.044355427846312523e-03,-4.389689303934574127e-03,2.434162236750125885e-02,-1.030651479959487915e-02,-2.428873442113399506e-02,1.461026165634393692e-02,-4.632973298430442810e-02,-7.523293141275644302e-03,-6.769641768187284470e-03,1.404832815751433372e-03,-2.315495163202285767e-03,-8.600882254540920258e-03,4.188054706901311874e-03,1.837851852178573608e-02,4.841880500316619873e-02,6.687004584819078445e-03,-2.545226551592350006e-02,4.260114207863807678e-02,-2.334997430443763733e-02,2.177656255662441254e-02,1.225510030053555965e-03,-1.619689725339412689e-02,2.295331656932830811e-02,1.942305453121662140e-02,3.705453127622604370e-03,1.515236217528581619e-02,2.469861507415771484e-02,-1.103372219949960709e-02,-7.166300434619188309e-03,-5.959796719253063202e-03,-1.241541653871536255e-02,2.555804140865802765e-02,2.467217110097408295e-02,1.293768454343080521e-02,-2.712153829634189606e-03,2.317808941006660461e-02,3.670414909720420837e-02,2.345575019717216492e-02,-2.438128739595413208e-02,1.565479673445224762e-02,1.439871080219745636e-02,-6.723364815115928650e-03,-8.257111534476280212e-03,-1.162705826573073864e-03,-2.329708635807037354e-02,-2.599436603486537933e-02,-1.499369833618402481e-02,-1.846115686930716038e-03,-1.594072091393172741e-03,2.036181278526782990e-02,-6.505202502012252808e-03,8.164557628333568573e-03,7.748066447675228119e-03,9.478490101173520088e-04,-5.523472093045711517e-03,2.406395971775054932e-03,-9.169426746666431427e-03,-2.758100070059299469e-02,-8.224057033658027649e-03,1.089489180594682693e-02,-1.029329281300306320e-02,-1.267324481159448624e-02,1.144360285252332687e-02,2.249054796993732452e-02,-2.522088121622800827e-03,-7.635679561644792557e-03,1.490114443004131317e-02,1.193281542509794235e-02,-7.288603228516876698e-04,-1.541680097579956055e-02,1.710921153426170349e-02,-1.832893700338900089e-03,-5.539999809116125107e-03,2.307231351733207703e-02,3.429775312542915344e-02,1.533746952190995216e-03,6.515118759125471115e-03,-1.479536946862936020e-02,-7.886896841228008270e-03,-2.260954491794109344e-02,-4.273997154086828232e-03,8.614104241132736206e-03,-3.234090656042098999e-02,-1.503336429595947266e-02,3.096582181751728058e-02,1.507303025573492050e-02,-8.858710527420043945e-03,-2.408048836514353752e-03,3.573233727365732193e-03,-2.222610823810100555e-02,2.401107177138328552e-02,4.022780340164899826e-03,1.111966557800769806e-02,-1.431937888264656067e-02,2.911474741995334625e-02,2.241121605038642883e-02,6.766336038708686829e-03,1.773064397275447845e-02,-1.361861452460289001e-02,-1.585808349773287773e-03,-4.085584543645381927e-03,-1.345334015786647797e-02,-1.655388996005058289e-02,1.492758840322494507e-02,-1.301701553165912628e-02,1.693732663989067078e-02,-1.780997589230537415e-02,-3.998319432139396667e-02,-7.073746528476476669e-03,-5.348281469196081161e-03,-1.556678762426599860e-04,2.832804108038544655e-03,2.840076200664043427e-02,-3.913699183613061905e-03,4.791636765003204346e-02,-7.239020778797566891e-04,-1.373761240392923355e-02,1.072961743921041489e-02,4.293830133974552155e-03,-6.339928135275840759e-03,1.885451003909111023e-02,-1.338723115622997284e-02,1.171795884147286415e-03,-3.361682407557964325e-03,4.225737228989601135e-02,-1.119238603860139847e-02,2.287398464977741241e-02,2.041139407083392143e-03,-2.758100070059299469e-02,7.053913548588752747e-03,1.857684925198554993e-02,1.180720701813697815e-02,-3.522329032421112061e-02,2.194844745099544525e-02,4.818080738186836243e-02,5.996156949549913406e-03,2.465894818305969238e-02,1.459703966975212097e-02,-6.432481575757265091e-03,-3.490596543997526169e-03,2.869164571166038513e-02,-2.424576319754123688e-03,3.629426937550306320e-03,-5.426291003823280334e-02,2.072541741654276848e-03,-1.446151407435536385e-03,-3.524973616003990173e-02,-8.151335641741752625e-03,2.993450872600078583e-02,-1.230303011834621429e-02,-1.765131205320358276e-02,-8.700047619640827179e-03,2.729011699557304382e-02,1.393594220280647278e-02,-2.974940231069922447e-03,4.422744270414113998e-03,-2.319131046533584595e-02,1.311452826485037804e-03,2.192200347781181335e-02,1.288479659706354141e-02,8.554605767130851746e-03,-2.977584488689899445e-02,-1.165515463799238205e-02
-1.625673659145832062e-02,-3.295636549592018127e-02,-7.255611009895801544e-03,-9.528688155114650726e-03,1.993013545870780945e-03,2.829297631978988647e-02,-3.337320685386657715e-02,-1.688525313511490822e-03,-1.273314119316637516e-03,-1.337794028222560883e-02,-6.021375767886638641e-03,2.209248952567577362e-02,2.477589249610900879e-02,-2.204038389027118683e-02,-1.559077063575387001e-03,7.190479896962642670e-03,2.331695519387722015e-02,3.294008318334817886e-03,8.349814452230930328e-03,-7.359820883721113205e-04,-5.731541896238923073e-04,-7.522648666054010391e-04,4.761087708175182343e-03,-2.575937425717711449e-03,-1.710344292223453522e-02,1.321511249989271164e-02,5.555687937885522842e-03,-2.257446013391017914e-02,1.169755589216947556e-02,-1.345609780400991440e-02,1.204112311825156212e-03,-3.167002694681286812e-03,-1.152821537107229233e-02,-1.376872695982456207e-02,-2.967375516891479492e-02,-8.395406417548656464e-03,1.468707690946757793e-03,-3.342531248927116394e-02,3.513826057314872742e-03,4.155368078500032425e-03,2.331695519387722015e-03,-2.764817792922258377e-03,1.278524659574031830e-02,1.156078092753887177e-02,-4.514892026782035828e-02,-7.144887931644916534e-03,-7.880870252847671509e-03,-2.429392188787460327e-02,-1.750725507736206055e-02,5.142104811966419220e-03,5.457991268485784531e-03,1.457635313272476196e-02,-1.374267414212226868e-02,2.678193338215351105e-02,-5.868317559361457825e-03,4.764344077557325363e-03,-1.030374970287084579e-02,-1.012789551168680191e-03,-2.670377492904663086e-02,-1.051216945052146912e-02,-8.896916173398494720e-03,7.965540513396263123e-03,-5.200723186135292053e-03,-1.587897725403308868e-02,-2.756350673735141754e-02,-6.395879667252302170e-03,-2.263959124684333801e-02,-1.804133062250912189e-03,-1.052519492805004120e-02,-5.542661529034376144e-03,4.546155035495758057e-02,4.989046603441238403e-02,5.018355790525674820e-03,-4.210729617625474930e-03,6.864824332296848297e-03,-2.232696115970611572e-02,6.356800906360149384e-03,-7.112322375178337097e-03,-3.373793885111808777e-02,1.245633466169238091e-03,3.992539830505847931e-03,-3.662976250052452087e-02,-2.842975081875920296e-03,2.558351866900920868e-02,2.533602155745029449e-02,6.942981388419866562e-03,-5.448221229016780853e-03,2.515365369617938995e-02,8.147908374667167664e-03,-2.839718572795391083e-02,1.533187460154294968e-02,2.564864978194236755e-02,3.767837537452578545e-03,2.335603348910808563e-02,-1.768962293863296509e-02,5.568713881075382233e-03,-7.411926053464412689e-03,2.956954576075077057e-02,-3.754811361432075500e-03,-4.285630304366350174e-03,3.956717904657125473e-03,4.604773130267858505e-03,-2.137604542076587677e-02,-7.796199526637792587e-03,-2.446326240897178650e-02,-8.675470016896724701e-03,-2.322577126324176788e-02,-1.491503510624170303e-02,2.907454967498779297e-02,-2.387708239257335663e-02,-2.167565003037452698e-02,2.930902130901813507e-02,8.584287017583847046e-03,-4.043342173099517822e-02,1.068802271038293839e-02,5.650128237903118134e-03,1.500621903687715530e-02,-6.620582193136215210e-03,-1.944816485047340393e-02,-3.526852233335375786e-03,2.833205508068203926e-03,-2.183522097766399384e-03,4.936941899359226227e-03,-1.366451755166053772e-02,3.500799881294369698e-03,1.238794624805450439e-02,-9.958554059267044067e-03,-2.154538780450820923e-02,-1.387293729931116104e-02,-2.308248355984687805e-02,4.004263505339622498e-02,1.533187460154294968e-02,2.869027433916926384e-03,-8.506129495799541473e-03,-4.500563256442546844e-03,2.473681420087814331e-02,-1.550935703562572598e-04,-3.540529683232307434e-02,1.426372397691011429e-02,-1.784593798220157623e-02,2.957361575681716204e-04,8.740601129829883575e-03,-5.513352807611227036e-03,-1.296110078692436218e-02,-3.631062107160687447e-03,1.249866932630538940e-02,1.406833063811063766e-02,1.722067780792713165e-02,-9.242111817002296448e-03,5.849592271260917187e-04,1.320208609104156494e-02,-2.276985347270965576e-02,4.118894413113594055e-02,-2.166262269020080566e-02,5.966014228761196136e-03,1.707739010453224182e-02,4.699212964624166489e-03,1.811948791146278381e-02,-1.878382638096809387e-02,-9.170467033982276917e-03,-1.456332672387361526e-02,2.299129962921142578e-02,9.724082425236701965e-03,-3.098614979535341263e-03,1.374267414212226868e-02,4.215288534760475159e-02,-1.328024361282587051e-02,-1.367754302918910980e-02,-6.356800906360149384e-03,-3.197939833626151085e-03,2.540115267038345337e-02,2.907454967498779297e-02,-3.569187596440315247e-02,2.283498458564281464e-02,3.383563598617911339e-03,5.125822033733129501e-03,2.101131156086921692e-02,1.077269390225410461e-02,-2.936112694442272186e-02,3.263070946559309959e-03,-6.346379965543746948e-02,2.649535611271858215e-02,3.167979419231414795e-02,2.321274578571319580e-02,-1.669962890446186066e-02,-1.767659559845924377e-02,8.486590348184108734e-03,-1.538397930562496185e-02,1.513648126274347305e-02,-6.656404584646224976e-03,1.471964176744222641e-02,9.424478746950626373e-03,-1.504529733210802078e-02,-8.877377025783061981e-03,-6.527705192565917969e-01,2.893451834097504616e-03,-1.555332075804471970e-02,6.226538680493831635e-03,1.447214372456073761e-02,9.131388738751411438e-03,1.679081283509731293e-02,-2.077684039250016212e-03,-2.088104933500289917e-02,4.412636160850524902e-03,2.709456253796815872e-03,3.790633380413055420e-02,-8.499615825712680817e-03,-1.165847759693861008e-02,-2.656048722565174103e-02,-9.502636268734931946e-03,-3.451951593160629272e-02,-1.754633337259292603e-02,2.161051891744136810e-02,-1.032328885048627853e-02,-1.602226495742797852e-02,7.294689770787954330e-03,-4.516846034675836563e-03,-3.644088283181190491e-03,9.756647981703281403e-03,-2.536858664825558662e-03,2.855350077152252197e-02,-9.515662677586078644e-03,-8.681983686983585358e-03,1.942211203277111053e-02,-1.951329596340656281e-02,1.940908469259738922e-02,1.434188149869441986e-02,2.546628378331661224e-02,3.066374920308589935e-02,-1.835396140813827515e-02,-1.421161927282810211e-02,1.676476001739501953e-02,2.116762660443782806e-02,6.334005389362573624e-03,-1.468056347221136093e-02,7.266195025295019150e-04,1.201669871807098389e-02,4.679673817008733749e-03,8.395406417548656464e-03,-2.170495921745896339e-03,6.386110093444585800e-03,-7.906923070549964905e-03,8.988099871203303337e-04,-1.186689734458923340e-02,9.020665311254560947e-04,-9.339808486402034760e-03,1.098762638866901398e-02,3.248416585847735405e-03,-1.315649412572383881e-02,2.060749940574169159e-02,3.105453588068485260e-02,-1.144354417920112610e-02,-3.246788168326020241e-03,-7.959027774631977081e-03,3.464977722615003586e-03,1.569660939276218414e-02,1.962076174095273018e-03,-1.969566196203231812e-02,-3.748298157006502151e-03,2.467168308794498444e-02,-1.440701261162757874e-02,1.931790262460708618e-02,3.879211843013763428e-02,-1.929510617628693581e-03,2.366866357624530792e-02,-9.229085408151149750e-03,8.968560956418514252e-03,-2.149328216910362244e-02,7.985079661011695862e-03,-1.949049881659448147e-03,1.587897725403308868e-02,-5.812956020236015320e-03,-7.946001365780830383e-03,1.218604017049074173e-02,7.183966692537069321e-03,-1.944816485047340393e-02,-2.844928950071334839e-02,-8.988100104033946991e-03,3.212268650531768799e-02,-7.561727426946163177e-03,-2.062052488327026367e-02,2.902244403958320618e-02,-1.159334671683609486e-03,-6.343774963170289993e-03,-1.072221668437123299e-03,2.795429341495037079e-02,9.737107902765274048e-03,-2.964770421385765076e-02,6.542425137013196945e-03,-2.349606482312083244e-03,4.034875426441431046e-03,2.717272005975246429e-02,3.795843943953514099e-02,1.175617426633834839e-02,1.022559218108654022e-02,3.508941153995692730e-04,-1.961750537157058716e-02,-2.291314117610454559e-02,-2.724110614508390427e-03,3.050743415951728821e-02,-4.613891243934631348e-02,2.738113887608051300e-02,2.683403715491294861e-02,-3.446741029620170593e-02,8.076263591647148132e-03,1.264195796102285385e-02,2.928296849131584167e-02,1.270871725864708424e-03,1.400319952517747879e-02,-1.632186770439147949e-02,-2.939043624792248011e-04,-1.875777379609644413e-03,-8.747114799916744232e-03,-2.180591225624084473e-02,3.315175883471965790e-03,7.086270023137331009e-03,-1.174314785748720169e-02,1.746817678213119507e-02,-2.054888056591153145e-03,3.501451015472412109e-02,1.487595681101083755e-02,-1.265498436987400055e-02,-2.826692350208759308e-02,1.887501031160354614e-02,-1.166499033570289612e-02,5.285393446683883667e-03,2.348629571497440338e-02,-9.685003198683261871e-03,3.128900751471519470e-02,-1.193202845752239227e-02,1.746817678213119507e-02,-2.228788286447525024e-02,2.202735841274261475e-02,-1.425069756805896759e-02,-4.093493334949016571e-03,1.319557242095470428e-02,-1.072710193693637848e-02,-2.592220203951001167e-03,-2.653443440794944763e-02,-2.501036413013935089e-02,-4.357274621725082397e-03,-1.547516323626041412e-02,-3.160163760185241699e-02,9.561253711581230164e-03,4.298656713217496872e-03,-9.658951312303543091e-03,-2.042513154447078705e-02,-2.309550903737545013e-02,1.619160547852516174e-02,-1.105601433664560318e-03,8.499615825712680817e-03,4.383326973766088486e-03,9.554740972816944122e-03,-1.400319952517747879e-02,1.578779332339763641e-02,1.417254004627466202e-02,-2.192314900457859039e-02,1.063591800630092621e-02,2.743324451148509979e-02,-4.722008947283029556e-03,1.370359584689140320e-02,-1.689502224326133728e-02,-8.525668643414974213e-03,-3.131506219506263733e-02,7.483570370823144913e-03,-3.321689087897539139e-03,-6.747588049620389938e-03,1.115371123887598515e-03,1.179688144475221634e-03,-5.979040171951055527e-03,1.806738413870334625e-02,-7.770147174596786499e-03,1.596527523361146450e-03,2.227485552430152893e-02,1.406018855050206184e-03,1.379477977752685547e-02,-2.803245000541210175e-02,-2.967375516891479492e-02,1.308485027402639389e-02,2.608502982184290886e-03,-2.891823463141918182e-02,2.537509985268115997e-02,5.812955787405371666e-04,-9.545785724185407162e-05,-2.164959721267223358e-02,1.404227782040834427e-02,1.993013545870780945e-03,6.206999532878398895e-03,6.106046028435230255e-03,-1.486293040215969086e-02,2.243117056787014008e-02,1.050565578043460846e-02,5.560572608374059200e-04,3.446741029620170593e-02,1.870566792786121368e-02,7.392386440187692642e-03,4.197051748633384705e-02,1.185590590466745198e-04,-3.758067963644862175e-03,-1.191248930990695953e-02,-2.205341123044490814e-02,-1.428977586328983307e-02,3.003849089145660400e-02,-2.137930365279316902e-03,-2.046420983970165253e-02,-1.839303970336914062e-02,4.106519743800163269e-03,4.178164061158895493e-03,2.100479789078235626e-03,3.514477238059043884e-02,-1.353425439447164536e-02,-7.893896661698818207e-03,8.447511121630668640e-03,-2.063355036079883575e-02,-5.906582227908074856e-04,-2.834508009254932404e-02,3.487773472443223000e-03,3.365978226065635681e-02,-1.947421580553054810e-02,-5.656640976667404175e-03,1.830185577273368835e-02,4.266090982127934694e-04,1.094854809343814850e-02,-2.489312924444675446e-02,1.621765829622745514e-02,6.845284719020128250e-03,-3.206081222742795944e-03,2.375659067183732986e-03,-1.551424246281385422e-02,-5.676180589944124222e-03,2.511457540094852448e-02,-1.840606518089771271e-02,9.561253711581230164e-03,-2.342116460204124451e-02,5.106282886117696762e-03,2.717272005975246429e-02,1.684291847050189972e-02,-7.822251878678798676e-03,9.737107902765274048e-03,-2.290988573804497719e-03,1.189294923096895218e-02,-3.780863713473081589e-03,-2.194919995963573456e-02,-4.019813786726444960e-04,-4.702469706535339355e-02,6.773640401661396027e-03,-1.337794028222560883e-02,-8.851324208080768585e-03,1.856238022446632385e-02,-3.032506816089153290e-02,-1.134584750980138779e-02,2.299129962921142578e-02,2.805850282311439514e-02,2.362958528101444244e-02,2.098525874316692352e-02,-3.061164543032646179e-02,-3.409616183489561081e-03,2.169681683881208301e-04,2.430694922804832458e-02,8.714549243450164795e-03,9.268163703382015228e-03,5.594766698777675629e-03,-1.740630250424146652e-03,-3.754811361432075500e-03,-1.032328885048627853e-02,2.600361593067646027e-03,3.524898365139961243e-02,-2.375659067183732986e-03,1.464148424565792084e-02,-9.997633285820484161e-03,7.900409400463104248e-03,6.298182997852563858e-03,1.724673062562942505e-02,7.340281736105680466e-03,-1.374267507344484329e-03,-5.497069656848907471e-02,-3.878560615703463554e-03,-2.157469745725393295e-03,-8.082777261734008789e-03,-1.901829801499843597e-02,-2.045118436217308044e-02,1.455030124634504318e-02,-2.326484955847263336e-02,1.943513751029968262e-02,-6.942981388419866562e-03,-2.388685243204236031e-03,2.077684039250016212e-03,-2.545325644314289093e-02,-1.595713384449481964e-02,8.545207791030406952e-03,5.249571427702903748e-02,-1.516253408044576645e-02,1.249866932630538940e-02,-5.995322950184345245e-03,-2.441115863621234894e-02,-1.020605303347110748e-02,-6.890876684337854385e-03,5.135592073202133179e-03,4.462787136435508728e-02,4.223755560815334320e-03,-1.233421266078948975e-03,-2.222600858658552170e-03,2.727692946791648865e-02,-1.690804958343505859e-02,-4.918705299496650696e-02,1.298715267330408096e-02,-3.297264920547604561e-03,-1.955237425863742828e-02,-2.531973877921700478e-03,9.939014911651611328e-03,-4.324709065258502960e-03,1.239445991814136505e-02,2.933507412672042847e-02,-2.183522097766399384e-03,1.050565578043460846e-02,-9.274677373468875885e-03,-9.873883798718452454e-03,2.774587459862232208e-02,1.085866689682006836e-01,1.262241881340742111e-02,4.002309869974851608e-03,2.249630168080329895e-02,-5.311445798724889755e-03,1.946119032800197601e-02,-2.936112694442272186e-02,-2.779797837138175964e-02,1.090946886688470840e-02,1.947421580553054810e-02,-2.562504087109118700e-04,-2.530996873974800110e-02,1.369056943804025650e-02,-1.014092098921537399e-02,-3.549648215994238853e-03,4.888093564659357071e-03,-1.754633337259292603e-02,4.858784377574920654e-03,-9.698029607534408569e-03,-1.138492673635482788e-02,-2.498431317508220673e-02,-1.359938643872737885e-02,-1.232932880520820618e-02,-1.029072329401969910e-02,-5.874830763787031174e-03,-1.025815773755311966e-02,1.059032604098320007e-02,1.960447803139686584e-02,3.668186813592910767e-02,-2.652140706777572632e-02,-1.939280307851731777e-03,2.852744655683636665e-03,8.323762565851211548e-03,1.613950170576572418e-02,-1.018651295453310013e-02,3.095032647252082825e-02,-2.245396608486771584e-03,2.009947597980499268e-02,1.092900801450014114e-02,-3.605009755119681358e-03,1.246610376983880997e-02,2.719877287745475769e-02,1.113742776215076447e-02,-3.681213036179542542e-02,2.118065208196640015e-02,1.131328195333480835e-02,6.734561640769243240e-03,9.124875068664550781e-03,-1.345609780400991440e-02,-1.621765829622745514e-02,4.905678704380989075e-02,-3.350346907973289490e-02,-3.610871359705924988e-02,-2.217064611613750458e-02,1.191248930990695953e-02,1.610042154788970947e-02,-7.183966692537069321e-03,3.764580935239791870e-02,8.375867269933223724e-03,3.355557471513748169e-02,-1.927882316522300243e-03,-2.257446013391017914e-02,5.568713881075382233e-03,-1.547516323626041412e-02,-1.016046036966145039e-03,-6.513115949928760529e-03,-3.392030671238899231e-02,-3.383563598617911339e-03,-3.337320685386657715e-02,-5.584996659308671951e-03,-3.397241234779357910e-02,-1.227722316980361938e-02,-4.845758434385061264e-03,1.698295003734529018e-03,2.769376896321773529e-02,3.319083899259567261e-02,2.045118436217308044e-02,-8.786193095147609711e-03,7.138375192880630493e-03,-1.538723590783774853e-03,-2.247025072574615479e-02,-1.317603327333927155e-02,1.406833063811063766e-02,-1.107881031930446625e-02,-3.699449822306632996e-02,1.116348057985305786e-02,-8.949020877480506897e-03,1.725975656881928444e-03,-3.204452991485595703e-02,-8.962047286331653595e-03,7.718042470514774323e-03,1.447214372456073761e-02,-4.726079641841351986e-04,-2.680147299543023109e-03,-6.942981388419866562e-03,5.640358198434114456e-03,1.001065876334905624e-02,2.769702579826116562e-03,-5.552431102842092514e-03,-1.475872099399566650e-02,-7.014625705778598785e-03,-1.742909848690032959e-02,-1.093389349989593029e-03,1.504529733210802078e-02,3.511872142553329468e-02,-2.714666724205017090e-02,-2.192314900457859039e-02,2.043815702199935913e-02,-2.562259882688522339e-02,-1.238794624805450439e-02,9.965067729353904724e-03,-1.445911731570959091e-02,-1.080525945872068405e-02,-1.483687758445739746e-02,-1.558262971229851246e-03,1.456332672387361526e-02,9.593819268047809601e-03,5.282137077301740646e-03,2.262656390666961670e-02,2.577565610408782959e-03,1.397714670747518539e-02,-1.955237425863742828e-02,4.053763300180435181e-02,1.207531709223985672e-02,-7.138375192880630493e-03,-3.409616183489561081e-03,2.663864288479089737e-03,-1.107881031930446625e-02,-1.550121605396270752e-02,6.659660721197724342e-04,9.066257625818252563e-03,1.100716553628444672e-02,-4.073954187333583832e-03,3.852508030831813812e-03,-2.120670489966869354e-02,7.556232048955280334e-06,-9.984606876969337463e-03,2.597430534660816193e-02,-2.097223326563835144e-02,3.595239948481321335e-03,1.045355107635259628e-03,-1.385991089046001434e-02,-4.611285869032144547e-03,-2.514062821865081787e-02,-2.351234853267669678e-02,-3.212268650531768799e-02,7.952514104545116425e-03,1.099414005875587463e-02,-5.135592073202133179e-03,1.749422959983348846e-02,-2.326484955847263336e-02,-1.230327598750591278e-02,-2.847534231841564178e-02,-5.070460494607686996e-03,-1.413346175104379654e-02,-2.381195127964019775e-02,-1.397714670747518539e-02,1.139795314520597458e-02,3.136716783046722412e-02,4.461484495550394058e-03,1.487595681101083755e-02,7.848304696381092072e-03,1.246610376983880997e-02,-4.925543908029794693e-04,-1.736152480589225888e-04,3.816685872152447701e-03,-1.418556645512580872e-02,9.098823182284832001e-03,-3.871396183967590332e-02,1.126117724925279617e-02,8.377495105378329754e-04,1.752028241753578186e-02,2.026881650090217590e-02,9.216058999300003052e-03,1.212742179632186890e-02,3.696844726800918579e-02,-1.363846473395824432e-02,-8.896916173398494720e-03,-1.924422249430790544e-04,2.391534799244254827e-04,-2.571378089487552643e-02,-4.213985987007617950e-03,6.259104236960411072e-03,-3.855764633044600487e-03,1.376709900796413422e-03,-3.676653839647769928e-03,2.118065208196640015e-02,-1.610042154788970947e-02,1.598969916813075542e-03,-2.176683396100997925e-02,-3.930665552616119385e-03,-4.725917056202888489e-02,2.831902727484703064e-02,-1.286340411752462387e-02,1.118953339755535126e-02,-2.656129945535212755e-04,1.711646839976310730e-02,2.756350673735141754e-02,-6.005092989653348923e-03,1.866658963263034821e-02,2.676890697330236435e-03,4.275860730558633804e-03,-2.521878480911254883e-02,-2.891823463141918182e-02,-8.551721461117267609e-03,-2.320297528058290482e-03,-5.650128237903118134e-03,-5.923679098486900330e-03,1.210136897861957550e-02,-1.895316690206527710e-02,-2.020368538796901703e-02,-3.715081140398979187e-02,-3.113269433379173279e-02,-4.566996917128562927e-02,-7.307716179639101028e-03,1.938303373754024506e-02,3.435668535530567169e-03,1.542305853217840195e-02,-6.793180014938116074e-03,-2.131091430783271790e-02,8.532181964255869389e-04,-7.906923070549964905e-03,5.106282979249954224e-02,-1.776777952909469604e-02,2.503641694784164429e-02,8.434484712779521942e-03,2.550536207854747772e-02,-1.474569458514451981e-02,1.376872695982456207e-02,1.004322431981563568e-02,-1.570271560922265053e-04,-4.555110353976488113e-04,1.123512536287307739e-02,-8.525668643414974213e-03,-1.340399216860532761e-02,7.933789165690541267e-04,4.038131795823574066e-03,-2.004411304369568825e-03,-2.245722338557243347e-02,1.445911731570959091e-02,-1.839303970336914062e-02,-1.710344292223453522e-02,-5.448221229016780853e-03,-1.600923947989940643e-02,1.712949480861425400e-03,1.572266221046447754e-02,-3.191426768898963928e-02,6.066967267543077469e-03,-2.360353246331214905e-02,-4.080466926097869873e-03,-8.239091373980045319e-03,-4.678757977671921253e-05,-2.504944428801536560e-02,7.542188279330730438e-03,1.268754992634057999e-02,-1.693410053849220276e-02,1.645212993025779724e-02,-1.508437655866146088e-02,2.890195231884717941e-03,1.212090905755758286e-02,-2.633904106914997101e-02,2.327787689864635468e-02,-6.024632137268781662e-03,-6.601043045520782471e-03,8.213039487600326538e-03,7.027652114629745483e-03,1.774824107997119427e-03,-4.041388630867004395e-03,-3.157558664679527283e-02,2.239209227263927460e-02,1.939280307851731777e-03,1.158683281391859055e-02,-3.878560615703463554e-03,1.737699285149574280e-02,2.798604546114802361e-04,1.389898918569087982e-02,-1.848096610046923161e-03,-1.563961966894567013e-03,9.339808486402034760e-03,-1.673870719969272614e-02,1.014092098921537399e-02,-1.288294326514005661e-02,-3.313547698780894279e-03,2.255166415125131607e-03,-1.722067780792713165e-02,-3.118479810655117035e-02,-1.504529733210802078e-02,7.516135927289724350e-03,3.178400546312332153e-02,-2.459352649748325348e-02,-3.381609916687011719e-02,-2.219344256445765495e-03,2.810816513374447823e-04,1.530582271516323090e-02,-1.204275153577327728e-02,-1.677127322182059288e-03,1.238794624805450439e-02,3.311268240213394165e-02,-2.680798433721065521e-02,1.063591800630092621e-02,-4.702469799667596817e-03,-1.566404360346496105e-03,-1.442003902047872543e-02,2.054236829280853271e-02,1.461543235927820206e-02,-6.666174158453941345e-03,7.737581618130207062e-03,-3.167979419231414795e-02,-9.841318242251873016e-03,2.120670489966869354e-02,2.124903956428170204e-03,1.405530422925949097e-02,9.939014911651611328e-03,-2.428089641034603119e-02,2.411155588924884796e-02,2.098525874316692352e-02,1.870566792786121368e-02,-2.095920778810977936e-02,-7.027652114629745483e-03,1.805435679852962494e-02,-9.645924903452396393e-03,1.229350600624457002e-04,1.075315475463867188e-02,-3.006454370915889740e-02,-3.777607111260294914e-03,7.262124214321374893e-03,-8.935995399951934814e-03,1.633489504456520081e-02,-1.257682684808969498e-02,-5.444964859634637833e-03,-1.350820250809192657e-02,1.144354417920112610e-02,-1.059683971107006073e-02,-2.873586677014827728e-02,-3.075818996876478195e-03,-1.894014142453670502e-02,-3.718989202752709389e-03,3.191426768898963928e-02,-1.509740296751260757e-02,-1.086387690156698227e-02,2.632601372897624969e-02,2.662236103788018227e-03,7.392386440187692642e-03,5.926935467869043350e-03,-1.087690331041812897e-02,1.861448585987091064e-02,-1.720765233039855957e-02,-3.795843943953514099e-02,-1.848422363400459290e-02,-2.738113887608051300e-02,-2.753745391964912415e-02,3.251347318291664124e-02,3.425898961722850800e-03,-2.688288688659667969e-03,-5.148618016391992569e-03,4.581977147608995438e-03,-4.580023139715194702e-02,8.102316409349441528e-03,8.584287017583847046e-03,4.660134203732013702e-03,1.582483673701062799e-04,-1.021907851099967957e-02,7.874357514083385468e-03,2.077683992683887482e-02,3.235716000199317932e-02,3.891586791723966599e-03,-2.368168905377388000e-02,8.721061982214450836e-03,1.600923947989940643e-02,-2.348629571497440338e-02,7.483570370823144913e-03,1.252146554179489613e-03,-4.275209084153175354e-02,-1.862751133739948273e-02,-9.216058999300003052e-03,-3.995796665549278259e-03,1.811948791146278381e-02,2.455444633960723877e-02,7.514507742598652840e-04,-6.028703064657747746e-04,-5.396116524934768677e-03,-4.174907226115465164e-03,-2.174078114330768585e-02,-1.560542546212673187e-02,4.340991843491792679e-03,-1.475220778957009315e-03,8.252117782831192017e-03,-4.474510438740253448e-03,2.575286105275154114e-02,-4.507076367735862732e-02,-3.432412166148424149e-03,1.946119032800197601e-02,-6.096276454627513885e-03,5.005329381674528122e-03,-1.409438252449035645e-02,-8.310736157000064850e-03,8.708035573363304138e-03,-2.092338399961590767e-03,1.823672465980052948e-02,8.532181382179260254e-03,-1.746817678213119507e-02,1.827580295503139496e-02,-1.969566196203231812e-02,-3.068980202078819275e-02,-1.089644245803356171e-02,2.335603348910808563e-02,-1.897921971976757050e-02,-2.174078114330768585e-02,4.132572095841169357e-03,-1.882290467619895935e-02,1.706436392851173878e-03,1.502901548519730568e-03,-1.222511846572160721e-02,-2.566167712211608887e-02,5.832495167851448059e-03,8.050210773944854736e-03,8.219552226364612579e-03,-1.401622500270605087e-02,3.032506816089153290e-02,2.792824059724807739e-02,-1.036399509757757187e-03,-6.780153606086969376e-03,-4.165137652307748795e-03,1.984872156754136086e-03,-8.512642234563827515e-03,-1.349517609924077988e-02,-2.284801006317138672e-02,-1.469358988106250763e-02,-6.018118932843208313e-03,-9.587306529283523560e-03,1.741607114672660828e-02,-2.615667320787906647e-02,-1.286340411752462387e-02,3.064421005547046661e-03,-1.711646839976310730e-02,4.640595056116580963e-03,1.999787092208862305e-01,-5.184440407902002335e-03,-5.181183572858572006e-03,2.614364773035049438e-02,1.787199079990386963e-02,-1.752028241753578186e-02,7.529161870479583740e-03,1.845817081630229950e-02,1.471964176744222641e-02,-9.600332938134670258e-03,-1.854935474693775177e-02,-5.076973699033260345e-03,-1.533187460154294968e-02,3.640831680968403816e-03,2.658979501575231552e-03,-2.758955955505371094e-02,-1.258985325694084167e-02,-1.122209895402193069e-02,-2.938717976212501526e-02,-4.814495146274566650e-02,-1.147610973566770554e-02,-4.735035356134176254e-03,2.735508605837821960e-03,-1.613950170576572418e-02,3.993842750787734985e-02,-8.805732242763042450e-03,-4.673160728998482227e-04,1.146959699690341949e-02,6.995086558163166046e-03,4.109776113182306290e-03,-1.007578987628221512e-02,1.707739010453224182e-02,6.568477489054203033e-03,-7.496596314013004303e-03,1.150216255336999893e-02,-1.309136301279067993e-02,1.227722316980361938e-02,-5.383090116083621979e-03,-1.941722730407491326e-04,-3.598496550694108009e-03,5.454734433442354202e-03,-1.343004498630762100e-02,-4.731778521090745926e-03,5.591509863734245300e-03,-1.007090555503964424e-03,2.546628378331661224e-02,1.572266221046447754e-02,-1.696015335619449615e-02,8.773166686296463013e-03,4.165137652307748795e-03,-1.296761352568864822e-02,1.385991089046001434e-02,2.317366562783718109e-02,1.608739607036113739e-02,2.144443336874246597e-03,7.535675074905157089e-03,1.370359584689140320e-02,1.745515130460262299e-02,3.670140868052840233e-03,5.080230534076690674e-03,-6.903902976773679256e-04,2.243117056787014008e-02,-2.119367942214012146e-02,3.582213772460818291e-03,-4.881580360233783722e-03,1.956539973616600037e-02,-2.589614875614643097e-02,-4.412636160850524902e-03,1.143703144043684006e-02,-3.136716783046722412e-02,-1.034934073686599731e-02,-3.530108928680419922e-02,-1.542305853217840195e-02,9.437505155801773071e-03,-2.959559857845306396e-02,-1.462845783680677414e-02,1.757238619029521942e-02,5.454734433442354202e-03,-1.937000639736652374e-02,2.278287895023822784e-02,-6.949494592845439911e-03,-1.402925141155719757e-02,8.147908374667167664e-03,8.805732242763042450e-03,7.950072176754474640e-04,-2.865771017968654633e-02,2.123275771737098694e-02,-5.956244654953479767e-03,-1.606134325265884399e-02,2.111877780407667160e-03,1.969566196203231812e-02,-3.679910441860556602e-03,9.685003198683261871e-03,-7.581267040222883224e-03,-1.238509721588343382e-04,2.868376299738883972e-02,-1.239120261743664742e-03,2.493220753967761993e-02,-1.680383831262588501e-02,-1.607437059283256531e-02,1.059032604098320007e-02,-2.174078114330768585e-02,2.123275771737098694e-02,2.260051295161247253e-02,-4.989046603441238403e-03,1.550121605396270752e-02,2.732903510332107544e-02,9.873883798718452454e-03,-7.477057166397571564e-03,-2.985612303018569946e-02,7.509622722864151001e-03,-3.225620603188872337e-03,-1.006276439875364304e-02,-9.671976789832115173e-03,2.275682613253593445e-02,3.816278767772018909e-04,-7.431465201079845428e-03,-5.506839603185653687e-03,9.854344651103019714e-03,1.344958436675369740e-03,1.211439538747072220e-02,-2.438510581851005554e-02,4.526615608483552933e-03,1.434188149869441986e-02,4.809936042875051498e-03,-5.203979555517435074e-03,-2.145420387387275696e-02,1.529279630631208420e-02,5.552431102842092514e-03,-2.532299421727657318e-02,-1.129374280571937561e-02,-1.775475405156612396e-02,1.154042693087831140e-04,-8.773166686296463013e-03,-3.422642359510064125e-03,2.095920778810977936e-02,1.715554669499397278e-02,-1.124815084040164948e-02,-8.805732242763042450e-03,5.161644425243139267e-03,-6.441471632570028305e-03,-6.799693219363689423e-03,5.448221229016780853e-03,2.202735841274261475e-02,9.626384824514389038e-03,-8.141394704580307007e-03,3.662976250052452087e-02,-3.856985713355243206e-04,-9.965067729353904724e-03,-1.716857403516769409e-02,-3.910474851727485657e-02,-5.054177716374397278e-03,-7.503109518438577652e-03,-1.000414602458477020e-02,3.167979419231414795e-02,-1.041447184979915619e-02,-3.126295655965805054e-02,-1.650423556566238403e-02,1.900201546959578991e-03,1.157380733639001846e-02,-4.548760131001472473e-02,1.053170859813690186e-02,2.287406288087368011e-02,-2.988217584788799286e-02,1.343004498630762100e-02,-8.597313426434993744e-03,-1.649641990661621094e-01,-1.322813797742128372e-02,1.722067780792713165e-02,-1.234235428273677826e-02,2.424181811511516571e-02,4.702469799667596817e-03,3.321688994765281677e-02,-1.432885508984327316e-02,-1.587897725403308868e-02,-1.911599538289010525e-03,-3.461721120402216911e-03,-1.907040365040302277e-02,-2.884007804095745087e-02,2.121647587046027184e-03,-1.972171477973461151e-02,-1.184735819697380066e-02,-3.250044770538806915e-03,2.605246379971504211e-02,2.491918206214904785e-02,1.758541353046894073e-02,3.309476887807250023e-04,1.105927117168903351e-02,7.203506305813789368e-03,-2.019065991044044495e-02,3.746344149112701416e-02,8.401919156312942505e-03,-1.750725507736206055e-02,4.290515207685530186e-04,2.347978297621011734e-03,-1.737699285149574280e-02,-1.322162523865699768e-02,-1.140446588397026062e-02,1.174314785748720169e-02,-2.620877884328365326e-02,4.910889547318220139e-03,1.436793338507413864e-02,-3.126295655965805054e-02,-1.404227782040834427e-02,1.195156760513782501e-02,2.907454967498779297e-02,1.214044820517301559e-02,1.319557242095470428e-02,-1.058381330221891403e-02,3.806916298344731331e-03,1.180176623165607452e-02,4.585233703255653381e-02,7.522648666054010391e-03,-5.868317559361457825e-03,6.434958428144454956e-03,-4.121499881148338318e-02,-4.793653264641761780e-03,-2.954349294304847717e-02,-7.867843843996524811e-03,-1.431582868099212646e-02,2.022322500124573708e-03,1.650423556566238403e-02,-2.331695519387722015e-03,-5.513352807611227036e-03,-1.171709503978490829e-02,-5.630588624626398087e-03,-1.583989709615707397e-02,6.382853724062442780e-03,5.773877259343862534e-03,-9.020665660500526428e-03,1.415951363742351532e-02,2.495826035737991333e-02,-1.123512536287307739e-02,-8.695010095834732056e-03,-3.238321095705032349e-02,1.498016645200550556e-03,-4.131920635700225830e-02,-1.735094003379344940e-02,2.106341719627380371e-02,-7.398492743959650397e-05,6.148381624370813370e-03,6.249334663152694702e-03,-1.427675038576126099e-02,2.227485552430152893e-02,3.144532442092895508e-02,-1.089318655431270599e-03,-2.110249549150466919e-02,3.608266264200210571e-02,-3.915685415267944336e-02,-1.752028125338256359e-03,2.168867550790309906e-02,1.841909252107143402e-02,1.118301972746849060e-02,-1.142400503158569336e-02,1.654738443903625011e-04,-1.498830737546086311e-03,1.671265624463558197e-02,-5.086743738502264023e-03,2.919504186138510704e-03,-2.740719169378280640e-02,3.949553519487380981e-02,2.925691567361354828e-02,1.243353821337223053e-02,-9.092309512197971344e-03,-1.734117162413895130e-03,-1.023210491985082626e-02,-6.439843564294278622e-04,-8.213039487600326538e-03,-3.795843943953514099e-02,1.137190032750368118e-02,8.369353599846363068e-03,-3.895657428074628115e-04,-9.430991485714912415e-03,1.663449779152870178e-02,3.691634163260459900e-02,-8.981586433947086334e-03,-5.943218129687011242e-04,-8.134881965816020966e-03,1.509740296751260757e-02,2.115460112690925598e-02,1.574871502816677094e-02,3.074190765619277954e-02,6.799693219363689423e-03,2.417994197458028793e-03,8.141394704580307007e-03,-3.868790809065103531e-03,6.414116173982620239e-02,8.134881965816020966e-03,1.071407576091587543e-03,-9.724082425236701965e-03,2.497372915968298912e-04,-1.555332075804471970e-02,-1.034803837537765503e-01,-3.462372347712516785e-02,-7.917506736703217030e-04,-8.577773347496986389e-03,6.343774963170289993e-03,1.279175933450460434e-02,8.519155904650688171e-03,1.114394143223762512e-02,-4.213985987007617950e-03,5.822725594043731689e-03,-1.448517013341188431e-02,-4.434129223227500916e-02,-6.285156705416738987e-04,-5.259341094642877579e-03,1.503227185457944870e-02,8.740601129829883575e-03,-2.041210606694221497e-02,-1.194342621602118015e-03,3.526852233335375786e-03,3.087216988205909729e-02,-3.950204700231552124e-03,1.217301376163959503e-02,-1.092900801450014114e-02,-1.619160547852516174e-02,3.108058869838714600e-02,1.371662225574254990e-02,-2.553141489624977112e-02,1.939605921506881714e-02,8.883889764547348022e-03,2.400734461843967438e-02,6.467523984611034393e-03,7.138375192880630493e-03,4.438688512891530991e-03,1.003833953291177750e-03,-3.001243807375431061e-02,-1.752028241753578186e-02,-1.085085142403841019e-02,7.568240631371736526e-03,3.953461535274982452e-03,-4.488839581608772278e-02,-7.568240631371736526e-03,3.009059466421604156e-03,-3.709219396114349365e-03,-1.517555955797433853e-02,2.266564406454563141e-02,4.516846034675836563e-03,-1.943513751029968262e-02,1.231793081387877464e-03,2.740719169378280640e-02,-7.268637418746948242e-03,-2.228788286447525024e-02,-6.268874276429414749e-04,-1.748120225965976715e-02,-4.363787826150655746e-03,3.126295655965805054e-02,-3.287820890545845032e-02,2.110249549150466919e-02,4.025105386972427368e-03,-1.996921375393867493e-02,2.469773590564727783e-02,-1.054473500698804855e-02,2.086802385747432709e-02,5.344011355191469193e-03,1.585292443633079529e-02,-3.062792820855975151e-03,-2.494523301720619202e-02,4.770857281982898712e-03,-3.746344149112701416e-02,1.849724911153316498e-02,-1.146959699690341949e-02,-1.689502224326133728e-02,4.028362222015857697e-03,-4.949968308210372925e-03,3.287820890545845032e-02,-1.599621213972568512e-02,1.316463574767112732e-03,-1.122861169278621674e-02,-6.604299414902925491e-03,7.711529266089200974e-03,-2.187104336917400360e-02,-2.680798433721065521e-02,-2.740719169378280640e-02,2.618272602558135986e-02,-2.481497079133987427e-02,2.477589249610900879e-02,-5.405886098742485046e-03,1.183433178812265396e-02,-2.167565003037452698e-02,-5.575227085500955582e-03,-2.202735841274261475e-02,1.217301376163959503e-02,1.569660939276218414e-02,-6.233051884919404984e-03,-4.074605181813240051e-02,1.226419676095247269e-02,5.412399303168058395e-03,-1.966960960999131203e-03,-5.467760842293500900e-03,3.241903381422162056e-03,8.646161295473575592e-04,-2.158446609973907471e-02,-9.046717546880245209e-03,-5.700279027223587036e-02,2.998638525605201721e-02,-1.232932880520820618e-02,-2.351234853267669678e-02,8.193499408662319183e-03,-3.217479214072227478e-02,7.014625705778598785e-03,-1.315649412572383881e-02,-1.395109388977289200e-02,-1.884895749390125275e-02,-4.399609751999378204e-03,3.415478020906448364e-02,-2.262656390666961670e-02,3.588726744055747986e-03,-2.438510581851005554e-02,-2.619575150310993195e-02,3.038368653506040573e-03,-1.507135014981031418e-02,7.887382991611957550e-03,2.170170284807682037e-02,9.124875068664550781e-03,-1.375570055097341537e-02,1.070104911923408508e-02,1.354728126898407936e-03,-1.897921971976757050e-02,4.168394021689891815e-03,1.735745347104966640e-03,1.745515130460262299e-02,3.173515666276216507e-03,-2.129788883030414581e-02,1.573568768799304962e-02,-4.032921418547630310e-02,1.366451755166053772e-02,7.809225935488939285e-03,1.925276964902877808e-02,-8.421459235250949860e-03,5.857733776792883873e-04,1.195156760513782501e-02,2.183196507394313812e-02,6.601694226264953613e-02,-1.681686565279960632e-02,-3.076795861124992371e-02,2.215762063860893250e-02,-1.975102350115776062e-03,3.358325338922441006e-04,8.343301713466644287e-03,-1.693410100415349007e-03,3.952158614993095398e-02,1.616555452346801758e-02,4.748061299324035645e-03,2.748534828424453735e-02,1.907040365040302277e-02,-3.150719916447997093e-03,-2.080289274454116821e-02,-1.169755589216947556e-02,-1.620463281869888306e-02,1.374267414212226868e-02,1.607437059283256531e-02,-8.284683339297771454e-03,-1.221860572695732117e-02,3.496240451931953430e-02,1.392504200339317322e-02,7.464030757546424866e-03,-2.123275771737098694e-02,2.171472832560539246e-02,-1.142237684689462185e-03,-2.610131166875362396e-03,5.804814281873404980e-04,4.012079443782567978e-03,-3.105453588068485260e-02,-1.404227782040834427e-02,-1.320859882980585098e-02,-1.712949480861425400e-03,1.219906564801931381e-02,1.316952053457498550e-02,8.030671626329421997e-03,1.195808034390211105e-02,2.078986540436744690e-02,-7.893896661698818207e-03,1.425069756805896759e-02,1.204926427453756332e-02,1.637397333979606628e-02,-3.324294462800025940e-02,1.885547069832682610e-03,1.301320549100637436e-02,1.946811098605394363e-04,3.101871348917484283e-03,-5.405886098742485046e-03,3.386820107698440552e-02,4.611285869032144547e-03,-6.138611584901809692e-03,2.850139513611793518e-02,1.229024957865476608e-02,-1.083782501518726349e-02,9.033692069351673126e-03,3.853159397840499878e-02,3.513826057314872742e-03,-1.815856620669364929e-02,1.884895749390125275e-02,2.626088261604309082e-02,-2.050003269687294960e-03,1.343004498630762100e-02,-4.650364629924297333e-03,-1.477174647152423859e-02,-1.861448585987091064e-02,-2.123275771737098694e-03,-3.142578527331352234e-03,-2.037302590906620026e-02,-1.551424246281385422e-02,1.921369135379791260e-02,-5.898440722376108170e-04,-7.034165319055318832e-03,1.642607897520065308e-02,2.041210606694221497e-02,-2.344721741974353790e-02,5.747824907302856445e-03,6.379596889019012451e-03,-1.896944944746792316e-03,-2.080289274454116821e-02,4.241340979933738708e-02,3.405056893825531006e-02,-2.893451834097504616e-03,4.210077971220016479e-02,5.337498616427183151e-03,1.070104911923408508e-02,-8.857837528921663761e-04,-5.389603320509195328e-04,-9.978093206882476807e-03,1.206880342215299606e-02,-3.601753152906894684e-03,1.495411433279514313e-02,-2.571052405983209610e-03,-2.488010190427303314e-02,-5.571970716118812561e-03,7.477057166397571564e-03,2.249630168080329895e-02,-3.894843393936753273e-03,1.910948194563388824e-02,9.424478746950626373e-03,3.631713241338729858e-02,1.193854119628667831e-02,-2.816271223127841949e-02,5.946474615484476089e-03,2.276985347270965576e-02,1.512345485389232635e-02,1.012138184159994125e-02,1.725975796580314636e-02,-6.962521001696586609e-03,-6.353544536978006363e-03,3.464977815747261047e-02,-8.467050269246101379e-03,2.308248355984687805e-02,1.939687354024499655e-04,-3.373793885111808777e-02,3.261442761868238449e-03,7.744094822555780411e-03,1.270708907395601273e-02,-8.330275304615497589e-03,3.673397377133369446e-02,2.041210606694221497e-02,7.711529266089200974e-03,1.671265624463558197e-02,9.176980704069137573e-03,-1.752028241753578186e-02,-9.339808486402034760e-03,1.908342912793159485e-02,1.542412633170897607e-07,-1.146959699690341949e-02,-4.918705299496650696e-02,8.610338903963565826e-03,5.900883115828037262e-03,-2.097223326563835144e-02,-1.123512536287307739e-02,8.454024791717529297e-03,-3.167979419231414795e-02,-2.344721741974353790e-02,-2.764817792922258377e-03,2.154538780450820923e-02,1.937000639736652374e-02,-3.403102979063987732e-03,2.271774783730506897e-02,-4.113683849573135376e-02,-5.334241781383752823e-03,2.504944428801536560e-02,8.024158887565135956e-03,-2.025579102337360382e-03,-3.313873335719108582e-02,3.595239948481321335e-03
-2.055249921977519989e-02,-3.619493544101715088e-02,-2.283312939107418060e-02,1.200684532523155212e-02,4.812799859791994095e-03,3.085557930171489716e-02,-3.563148528337478638e-02,-1.937193796038627625e-02,-5.597604438662528992e-03,-2.967501804232597351e-02,1.407785806804895401e-03,2.292703837156295776e-02,2.665653824806213379e-02,-4.115866124629974365e-02,-8.438330143690109253e-03,1.707789301872253418e-02,1.153059583157300949e-02,-7.747433613985776901e-03,1.387159526348114014e-02,-1.110130082815885544e-02,-5.054278299212455750e-03,2.031102031469345093e-02,8.894456550478935242e-03,-1.163791958242654800e-02,3.310267115011811256e-03,2.508692815899848938e-02,1.173853594809770584e-02,-3.818042576313018799e-02,7.304723374545574188e-03,-2.634798176586627960e-02,1.415332080796360970e-03,8.357837796211242676e-03,-6.171116139739751816e-03,-1.742669567465782166e-02,-2.057933062314987183e-02,-1.058145193383097649e-03,-1.257700286805629730e-02,-3.431677073240280151e-02,1.947926171123981476e-02,2.451006323099136353e-02,-1.093360781669616699e-02,-1.090006902813911438e-02,1.576317707076668739e-03,1.490458659827709198e-02,-4.268802329897880554e-02,1.785934437066316605e-03,-2.169281430542469025e-02,6.935797631740570068e-03,1.837919349782168865e-03,2.695167809724807739e-02,1.860725693404674530e-02,5.349418614059686661e-03,-1.578833092935383320e-03,1.226173900067806244e-02,-5.641204770654439926e-03,1.415332034230232239e-02,-6.194592919200658798e-03,-5.507050082087516785e-03,-1.241601724177598953e-02,-4.138672258704900742e-03,2.185044577345252037e-03,1.468993909657001495e-02,-2.074031531810760498e-02,-2.456372417509555817e-02,-2.536865323781967163e-02,-5.084462929517030716e-03,-2.660287544131278992e-02,1.807063817977905273e-02,1.055797468870878220e-02,-5.969884223304688931e-04,2.827980928122997284e-02,3.756331652402877808e-02,-1.628638058900833130e-02,1.230869349092245102e-02,-7.190691772848367691e-03,-3.976345062255859375e-02,3.830116475000977516e-03,-5.221971310675144196e-03,-2.044517546892166138e-02,1.081286836415529251e-02,-6.016837898641824722e-03,-4.134647548198699951e-02,2.339322585612535477e-03,9.182889014482498169e-03,7.935250177979469299e-03,4.172211047261953354e-03,7.593155838549137115e-03,2.248432673513889313e-02,6.338809151202440262e-03,-1.693032309412956238e-02,1.858042553067207336e-02,3.300205618143081665e-02,-4.641752690076828003e-03,2.175989188253879547e-02,-1.024941913783550262e-02,-4.219165071845054626e-03,1.050431281328201294e-02,1.483750902116298676e-02,-4.504243843257427216e-03,-2.639493672177195549e-03,-1.436796784400939941e-02,1.005489472299814224e-02,-1.424722839146852493e-02,-1.612539403140544891e-02,-3.785845637321472168e-02,-1.741327904164791107e-02,-2.043176069855690002e-02,-7.688740734010934830e-04,3.890486061573028564e-02,-2.048542164266109467e-02,-2.897741459310054779e-02,2.228309400379657745e-02,-3.474606666713953018e-03,-2.279288321733474731e-02,1.882190443575382233e-02,-7.224230561405420303e-03,2.619370352476835251e-03,-4.370089154690504074e-03,7.318138610571622849e-03,3.937440458685159683e-03,1.224832329899072647e-02,-1.675592176616191864e-02,4.775907378643751144e-03,-1.459603104740381241e-02,1.167145837098360062e-02,1.585708558559417725e-02,-2.297399099916219711e-03,4.058179445564746857e-03,-1.982806436717510223e-02,-2.314168587327003479e-02,3.960246592760086060e-02,-2.936310833320021629e-03,-2.057597739621996880e-03,-1.603148691356182098e-02,-3.041957737877964973e-03,1.984147913753986359e-02,-1.616564020514488220e-02,-2.854811958968639374e-02,1.546803675591945648e-02,2.297399099916219711e-03,3.258282085880637169e-03,1.946584694087505341e-02,-2.049883827567100525e-02,-9.585352614521980286e-03,1.224832329899072647e-02,1.722546294331550598e-02,2.000246569514274597e-02,1.961341686546802521e-02,3.414236940443515778e-03,-9.639014489948749542e-03,4.970431327819824219e-03,-3.555099293589591980e-02,4.161478579044342041e-02,-1.272457279264926910e-02,1.010855659842491150e-02,6.439425633288919926e-04,-8.364545181393623352e-03,7.459001149982213974e-03,-1.375085674226284027e-02,1.116167102009057999e-02,9.156058076769113541e-04,2.669678442180156708e-02,3.338774899020791054e-03,9.464614093303680420e-03,2.255140431225299835e-02,3.364599868655204773e-02,-5.017385818064212799e-03,-1.593757793307304382e-02,-7.009583059698343277e-03,2.555646933615207672e-03,2.055249921977519989e-02,2.838713303208351135e-02,-1.228186208754777908e-02,2.076714672148227692e-02,4.993908572942018509e-03,1.358987018465995789e-02,1.735961809754371643e-02,5.034154746681451797e-03,-1.451553776860237122e-02,-7.425462361425161362e-03,-5.580835416913032532e-02,1.804380677640438080e-02,1.703764684498310089e-02,1.733278669416904449e-02,-1.727912388741970062e-02,3.560863842722028494e-05,1.142327208071947098e-02,-1.381793338805437088e-02,6.731211673468351364e-03,2.595054975245147943e-04,-1.275811158120632172e-02,-1.601807028055191040e-02,-1.892922818660736084e-02,-9.919062722474336624e-04,-6.473768949508666992e-01,1.966707780957221985e-02,-3.231451148167252541e-03,-1.238247845321893692e-02,4.773224145174026489e-02,8.612731471657752991e-03,2.181355282664299011e-02,-9.062149561941623688e-03,-1.063846703618764877e-02,-3.167727729305624962e-03,-1.478384714573621750e-02,3.327036276459693909e-02,-2.241724915802478790e-02,-1.921095326542854309e-02,-2.731389552354812622e-02,-1.377768721431493759e-02,-2.288679033517837524e-02,-1.832553185522556305e-02,7.445585448294878006e-03,1.737303333356976509e-03,-1.814442221075296402e-03,5.242094863206148148e-03,-2.290691481903195381e-03,3.095619613304734230e-03,2.191752428188920021e-03,-1.754072611220180988e-03,3.391430526971817017e-02,-1.179890520870685577e-02,-2.299411408603191376e-02,1.289897412061691284e-02,-2.261848188936710358e-02,2.287337556481361389e-02,2.984941937029361725e-03,1.634004153311252594e-02,4.504914581775665283e-02,-1.886215060949325562e-02,-1.326119154691696167e-02,2.574428543448448181e-02,2.367830462753772736e-02,2.065982297062873840e-02,-1.800356060266494751e-02,1.585708558559417725e-02,1.117676263675093651e-03,-7.385216187685728073e-03,3.608761355280876160e-03,1.714497059583663940e-02,9.679261595010757446e-03,-2.042505191639065742e-03,7.056537084281444550e-03,-8.929672185331583023e-04,4.708829801529645920e-03,-1.920089125633239746e-03,1.057139039039611816e-02,1.439479924738407135e-02,7.613279158249497414e-04,6.288501434028148651e-03,1.794989779591560364e-02,-3.318987041711807251e-02,-6.741273216903209686e-03,1.295934338122606277e-02,2.119644172489643097e-02,2.774319052696228027e-02,2.719986485317349434e-03,-2.461738651618361473e-03,-1.100068446248769760e-03,7.424624054692685604e-04,-6.597056984901428223e-03,1.234893966466188431e-02,3.600712120532989502e-02,2.220260212197899818e-03,2.189404703676700592e-02,-6.228131707757711411e-03,1.972074061632156372e-02,-3.225078806281089783e-02,9.357290342450141907e-03,1.142327208071947098e-02,1.393867284059524536e-02,-9.015195071697235107e-03,-1.544455881230533123e-03,1.668884418904781342e-02,3.893840126693248749e-03,-2.900424599647521973e-02,-1.360999420285224915e-02,-1.640711911022663116e-02,2.145133540034294128e-02,-1.532046590000391006e-02,-2.795783802866935730e-02,1.651444286108016968e-02,-3.484668210148811340e-03,-2.697850950062274933e-02,6.003422662615776062e-03,3.335085883736610413e-02,3.066776320338249207e-02,-3.729500621557235718e-02,2.263189665973186493e-02,-8.559069596230983734e-03,-1.746694184839725494e-02,4.856399819254875183e-02,1.845968700945377350e-02,1.803039014339447021e-02,3.176112426444888115e-03,-1.426064409315586090e-02,-1.322765275835990906e-02,-1.683641411364078522e-02,1.408624276518821716e-02,3.056043945252895355e-02,-5.057632178068161011e-02,8.780424483120441437e-03,-4.906707908958196640e-03,-3.361916542053222656e-02,-6.496441084891557693e-03,-8.290760219097137451e-03,2.951403334736824036e-02,-1.168487407267093658e-02,9.407597826793789864e-04,-2.318193204700946808e-02,1.232881657779216766e-02,1.824503950774669647e-02,2.356091747060418129e-03,-1.262395642697811127e-02,6.268378347158432007e-03,2.934633987024426460e-03,-5.168309435248374939e-03,6.576933898031711578e-03,3.692608093842864037e-03,3.420944884419441223e-02,1.313877524808049202e-03,-1.491800229996442795e-02,-1.114825531840324402e-02,-1.993874087929725647e-03,-1.568268425762653351e-02,9.558522142469882965e-03,3.869021311402320862e-02,1.269438769668340683e-03,3.402163088321685791e-02,4.299657884985208511e-03,3.950855694711208344e-03,-1.370390225201845169e-02,3.276057541370391846e-02,-1.623271778225898743e-02,1.278661948163062334e-04,1.195989083498716354e-02,-6.665811524726450443e-04,-1.427405979484319687e-02,-1.012867968529462814e-02,-4.118549078702926636e-02,-3.214681986719369888e-03,-1.900972053408622742e-02,-3.187515586614608765e-02,-5.164955742657184601e-03,-4.219584516249597073e-04,-2.139767445623874664e-02,-2.455031033605337143e-03,-1.719863153994083405e-02,5.835729185491800308e-03,-1.478384714573621750e-02,8.693223819136619568e-03,2.456707879900932312e-04,1.315386779606342316e-02,-9.407597826793789864e-04,-1.160438172519207001e-03,3.867009188979864120e-03,-8.740178309381008148e-03,-3.199589438736438751e-03,1.909021288156509399e-02,5.611020140349864960e-03,-1.404599659144878387e-02,-2.897741459310054779e-02,1.242943294346332550e-02,-2.131718024611473083e-02,7.801095489412546158e-03,6.768104154616594315e-03,-2.067659283056855202e-03,-6.623887922614812851e-03,-1.607173308730125427e-02,-1.108788512647151947e-02,8.592608384788036346e-03,5.641204770654439926e-03,-1.120191719383001328e-02,1.969390921294689178e-02,2.420150674879550934e-02,-1.374247134663164616e-03,-2.015003561973571777e-02,-2.134401164948940277e-02,1.471677049994468689e-02,1.050431281328201294e-02,4.363381303846836090e-03,1.996221952140331268e-02,-1.331485342234373093e-02,-5.353610613383352757e-04,-6.460386794060468674e-04,2.271239086985588074e-02,-6.835181731730699539e-03,2.134401164948940277e-02,-1.635345816612243652e-02,-2.361122705042362213e-02,4.279534798115491867e-03,1.201355271041393280e-02,-1.767488080076873302e-03,4.131964594125747681e-02,1.976098679006099701e-02,-1.676933653652667999e-02,3.616810590028762817e-02,4.017933271825313568e-03,8.767009712755680084e-03,-1.770841889083385468e-02,-8.518823422491550446e-03,-1.068542152643203735e-02,3.589979559183120728e-02,1.577659137547016144e-02,-3.853593720123171806e-03,-4.834935069084167480e-02,-1.059151347726583481e-02,2.723340410739183426e-03,-5.379603244364261627e-03,5.232033319771289825e-03,1.483750902116298676e-02,-5.443326663225889206e-03,4.745722282677888870e-03,-1.130253262817859650e-02,-1.367036346346139908e-02,1.762457308359444141e-03,9.290212765336036682e-03,8.208590443246066570e-04,-3.568514809012413025e-02,-1.642053388059139252e-02,1.380451861768960953e-02,-9.270089678466320038e-03,3.306913189589977264e-03,-1.120862457901239395e-02,2.633456699550151825e-02,1.152388844639062881e-02,1.571077300468459725e-04,2.141108922660350800e-02,-1.898288913071155548e-02,-1.617905683815479279e-02,3.031896054744720459e-02,-2.275263704359531403e-02,2.941341605037450790e-03,-1.684982888400554657e-02,2.742121927440166473e-02,1.742669567465782166e-02,1.836577802896499634e-02,-5.842437036335468292e-03,2.012320421636104584e-02,4.735660739243030548e-03,5.252156406641006470e-03,-1.997563429176807404e-02,-3.327036276459693909e-02,-1.898288959637284279e-03,-3.506803885102272034e-02,1.379277906380593777e-03,-1.047748140990734100e-02,-1.268432661890983582e-02,1.291238982230424881e-02,-2.962135709822177887e-02,2.069336129352450371e-03,1.470335479825735092e-02,2.263189665973186493e-02,3.418261557817459106e-02,2.433566190302371979e-02,-8.538946509361267090e-03,6.093977019190788269e-03,6.506502628326416016e-03,1.028966531157493591e-02,1.436796784400939941e-02,-1.017563324421644211e-02,6.969336420297622681e-03,-1.803039014339447021e-02,-1.473018527030944824e-02,-6.674196105450391769e-03,-1.191964466124773026e-02,3.801944106817245483e-02,6.358932703733444214e-03,-5.550650414079427719e-03,2.154859714210033417e-03,3.133853524923324585e-02,2.654921449720859528e-02,-9.967694059014320374e-03,1.025444944389164448e-03,-1.929144561290740967e-02,-4.158795624971389771e-02,1.636687293648719788e-02,7.532786112278699875e-03,-4.439681943040341139e-04,-1.837919349782168865e-03,-3.031896054744720459e-02,2.330937888473272324e-03,-1.574976183474063873e-02,1.372402533888816833e-02,1.046406663954257965e-02,-1.114154700189828873e-02,-6.771458312869071960e-03,-1.832553185522556305e-02,-2.787734568119049072e-02,4.021286964416503906e-03,3.324353322386741638e-02,-1.887556537985801697e-02,5.104586016386747360e-03,-1.395208854228258133e-02,-2.868227474391460419e-02,-1.087323762476444244e-02,-1.840602420270442963e-02,1.008843351155519485e-02,4.252703860402107239e-02,-1.601471682079136372e-03,2.854979538824409246e-04,-2.039151452481746674e-02,1.624613441526889801e-02,-1.674250513315200806e-02,-3.842190653085708618e-02,1.733949407935142517e-03,-4.323135130107402802e-03,-3.388747572898864746e-02,8.981657214462757111e-03,-1.868774928152561188e-02,6.543395109474658966e-03,8.934702724218368530e-03,3.187515586614608765e-02,-3.276728326454758644e-03,1.035674288868904114e-02,-2.726023457944393158e-02,-1.803039014339447021e-02,2.522108331322669983e-02,9.224476665258407593e-02,1.151718106120824814e-02,-1.859719515778124332e-03,3.115072101354598999e-02,-2.111259615048766136e-03,3.155989106744527817e-03,-4.134647548198699951e-02,-1.462286151945590973e-02,1.711813919246196747e-02,-5.339357070624828339e-03,3.155989106744527817e-03,-2.166598290205001831e-02,1.792306639254093170e-02,-1.858042553067207336e-02,-1.772518968209624290e-03,8.706639520823955536e-03,-2.334291674196720123e-02,2.055920660495758057e-03,-2.131718024611473083e-02,-2.035126648843288422e-02,-1.672909036278724670e-02,9.382443968206644058e-04,2.862525871023535728e-03,6.281793583184480667e-03,3.241512924432754517e-03,9.142642840743064880e-03,5.325941368937492371e-03,1.974757201969623566e-02,4.260753095149993896e-02,-3.776454599574208260e-03,1.150376535952091217e-02,5.637851078063249588e-03,-4.390212241560220718e-03,2.043176069855690002e-02,-7.962081581354141235e-03,1.478384714573621750e-02,2.946037054061889648e-02,9.256673976778984070e-03,2.639074518810957670e-04,-1.163791958242654800e-02,1.888898201286792755e-02,2.440273948013782501e-02,6.935797631740570068e-03,-2.438932284712791443e-02,1.835236325860023499e-02,1.647419668734073639e-02,-1.686995266936719418e-03,1.514606550335884094e-02,-8.954825811088085175e-03,-3.396796807646751404e-02,4.529062658548355103e-02,-2.456372417509555817e-02,-2.456372417509555817e-02,-2.259165048599243164e-02,4.739014431834220886e-03,1.259041856974363327e-02,-1.358316279947757721e-02,3.259959071874618530e-02,-4.175564739853143692e-03,-3.041957737877964973e-03,-1.866091787815093994e-02,-2.228309400379657745e-02,-7.076660171151161194e-03,-2.079397812485694885e-02,1.100739277899265289e-02,-1.373073272407054901e-02,-2.779685333371162415e-02,5.228679161518812180e-03,-3.654373809695243835e-02,-1.316728349775075912e-02,-2.758220583200454712e-02,1.270277280127629638e-04,-1.781574264168739319e-02,1.234893966466188431e-02,4.129281640052795410e-02,3.077508695423603058e-02,5.983299575746059418e-03,-2.005612663924694061e-02,-1.510581839829683304e-02,-1.244955603033304214e-02,-2.900424599647521973e-02,-1.370390225201845169e-02,1.978781819343566895e-02,4.417043179273605347e-03,-3.699986636638641357e-02,1.843285560607910156e-02,-1.360999420285224915e-02,7.215007208287715912e-04,-1.599123887717723846e-02,2.297399187227711082e-04,1.514606550335884094e-02,-5.160763394087553024e-04,1.717180013656616211e-02,-4.980492871254682541e-03,8.009035140275955200e-03,3.501437604427337646e-03,3.149952366948127747e-02,-2.391307381913065910e-03,-1.691690646111965179e-02,-1.229192363098263741e-03,1.620588637888431549e-02,-2.579794824123382568e-02,6.030253600329160690e-03,-1.263066474348306656e-02,3.182149305939674377e-02,-1.522655785083770752e-02,-2.739438973367214203e-02,9.290212765336036682e-03,-1.735961809754371643e-02,-4.111841320991516113e-03,1.803039014339447021e-02,-2.417467534542083740e-02,2.277946658432483673e-02,-1.611197926104068756e-02,-1.866091787815093994e-02,3.268008306622505188e-02,1.523997355252504349e-02,1.972074061632156372e-02,1.305325143039226532e-02,-1.183244399726390839e-02,1.719863153994083405e-02,-2.652238309383392334e-02,3.579247370362281799e-02,-4.812799859791994095e-03,-1.807063817977905273e-02,1.357645541429519653e-02,7.968788966536521912e-03,-2.135742828249931335e-02,-8.216975256800651550e-03,1.122874766588211060e-02,1.785599067807197571e-02,1.542778965085744858e-02,4.584736656397581100e-03,-2.602601191028952599e-03,-5.661328323185443878e-03,-1.316057518124580383e-02,-8.451745961792767048e-04,1.462286151945590973e-02,-3.002382069826126099e-02,8.149897679686546326e-03,-3.437714185565710068e-03,3.806639462709426880e-03,-5.433265119791030884e-03,-4.821519926190376282e-02,4.142550096730701625e-05,-4.333196580410003662e-02,-1.259712595492601395e-02,1.522655785083770752e-02,6.868720520287752151e-03,1.613881066441535950e-02,-1.149705704301595688e-02,1.299288216978311539e-02,-2.240383438766002655e-02,3.333744127303361893e-03,-1.620588637888431549e-02,-1.422039791941642761e-02,-3.525585308670997620e-02,1.569609902799129486e-02,1.770841889083385468e-02,8.230390958487987518e-03,1.123545598238706589e-02,1.835236325860023499e-02,9.625599719583988190e-03,9.437782689929008484e-03,7.505955174565315247e-03,-1.757426559925079346e-02,-6.345517002046108246e-03,-1.587217790074646473e-03,-3.493388369679450989e-02,3.061410225927829742e-02,2.000791573664173484e-04,1.727912388741970062e-02,1.632662676274776459e-02,-1.412648987025022507e-02,1.148364227265119553e-02,2.841396443545818329e-02,-5.741821136325597763e-03,-1.416170503944158554e-03,-1.123545598238706589e-02,-1.130924094468355179e-02,-2.104887180030345917e-02,-1.205379981547594070e-02,2.162573672831058502e-02,6.845243275165557861e-03,4.148733802139759064e-03,1.059822086244821548e-02,1.927802897989749908e-02,-6.684257648885250092e-03,4.715537652373313904e-03,-2.035126648843288422e-02,1.428747549653053284e-02,-2.662970684468746185e-02,3.767063841223716736e-02,-1.102080848067998886e-02,-1.030308101326227188e-02,-2.371855080127716064e-02,8.055989630520343781e-03,9.491444565355777740e-03,-1.257700286805629730e-02,1.829870045185089111e-02,4.221680574119091034e-04,1.526680402457714081e-02,-9.276797063648700714e-03,-1.647419668734073639e-02,-1.459603104740381241e-02,1.233552396297454834e-02,-2.884325943887233734e-02,-1.577659137547016144e-02,-3.820054931566119194e-03,-1.886215060949325562e-02,3.538330085575580597e-03,-6.472963839769363403e-03,-3.659740090370178223e-02,-4.051471874117851257e-02,1.265078783035278320e-02,1.738644763827323914e-02,-3.739562118425965309e-03,2.272580564022064209e-02,-1.945243030786514282e-02,-3.015797585248947144e-02,5.631143227219581604e-03,-3.682546317577362061e-03,3.640958294272422791e-02,-1.358316279947757721e-02,1.671567559242248535e-02,1.957317069172859192e-02,1.471677049994468689e-02,-2.418809197843074799e-02,-1.722546294331550598e-02,7.888295687735080719e-03,-1.596440910361707211e-03,1.114154700189828873e-02,8.559069596230983734e-03,-2.411430701613426208e-03,-1.644233474507927895e-03,1.065859012305736542e-02,1.255687978118658066e-02,-4.181853437330573797e-04,-1.789623685181140900e-02,2.827980928122997284e-02,-6.543395109474658966e-03,6.667488254606723785e-03,-2.446646336466073990e-03,-1.814442221075296402e-03,5.215263925492763519e-03,2.353073284029960632e-02,-2.335633337497711182e-02,9.310335852205753326e-03,-1.533388160169124603e-02,5.936345085501670837e-03,-1.652785763144493103e-02,1.027960330247879028e-03,-7.277892436832189560e-03,9.511567652225494385e-03,-2.753525041043758392e-03,-9.404243901371955872e-03,6.399178877472877502e-03,-2.679740078747272491e-03,-2.009637281298637390e-02,8.686516433954238892e-03,-2.671019919216632843e-02,4.802738130092620850e-02,-1.000123284757137299e-02,-1.978781819343566895e-02,4.336550366133451462e-03,3.615468973293900490e-03,-7.653525564819574356e-03,1.102080848067998886e-02,-1.337522268295288086e-02,2.793100848793983459e-02,-8.979979902505874634e-04,-7.881588302552700043e-03,-1.092019211500883102e-02,1.744011044502258301e-02,-4.135318566113710403e-03,5.708282347768545151e-03,-3.957563545554876328e-03,-2.847433323040604591e-03,1.388501096516847610e-02,-1.851334795355796814e-02,2.206844650208950043e-02,-9.276797063648700714e-03,-1.024941913783550262e-02,-1.876488793641328812e-03,-2.519425190985202789e-02,-2.406735159456729889e-02,-1.439479924738407135e-02,-3.571868874132633209e-03,2.951403334736824036e-02,-2.213552361354231834e-03,-3.029213100671768188e-02,1.057139039039611816e-02,2.502823481336236000e-04,3.455824777483940125e-02,1.305325143039226532e-02,-2.943354099988937378e-02,3.348836675286293030e-03,4.330513626337051392e-02,-3.796577826142311096e-02,9.162765927612781525e-03,-1.165133528411388397e-02,7.096783258020877838e-03,-2.410759963095188141e-02,2.561013214290142059e-02,1.662176661193370819e-02,-1.031649578362703323e-02,1.839260943233966827e-02,-1.883531920611858368e-02,-1.242272462695837021e-02,9.075565263628959656e-03,-7.210814859718084335e-03,2.269897423684597015e-02,-4.138672258704900742e-03,-2.294045314192771912e-02,1.499849464744329453e-02,1.981464773416519165e-02,9.605476632714271545e-03,-2.173306047916412354e-02,-2.138090552762150764e-03,1.309349853545427322e-02,-6.664134562015533447e-03,4.846338182687759399e-03,1.756084896624088287e-02,-1.793648302555084229e-02,-5.654620472341775894e-03,-6.483025848865509033e-03,-7.646817713975906372e-03,8.572485297918319702e-03,-2.828987082466483116e-03,-4.728952888399362564e-03,1.117676263675093651e-03,1.580342277884483337e-02,-2.590527199208736420e-02,-4.182272590696811676e-03,1.564243808388710022e-02,-3.345818072557449341e-02,-1.448870729655027390e-02,3.292156383395195007e-02,-5.664682015776634216e-03,-2.467104792594909668e-02,2.402710542082786560e-02,9.940862655639648438e-03,2.774319052696228027e-02,7.566324900835752487e-03,4.608213901519775391e-03,2.807186916470527649e-03,-2.154524438083171844e-02,-1.215441524982452393e-02,-2.571745589375495911e-02,-2.002929523587226868e-02,1.583863864652812481e-03,3.026529960334300995e-02,2.271239086985588074e-02,1.046406663954257965e-02,2.356091747060418129e-03,4.269473254680633545e-03,-5.022751912474632263e-02,-2.873593568801879883e-02,1.629141042940318584e-03,7.519370876252651215e-03,-1.345571596175432205e-02,6.157700438052415848e-03,2.632115036249160767e-02,3.241512924432754517e-03,1.566926762461662292e-02,-4.806092008948326111e-03,-3.697303310036659241e-02,-1.377768721431493759e-02,1.450212299823760986e-02,-2.035126648843288422e-02,2.091471664607524872e-02,-1.428747549653053284e-02,-5.473511666059494019e-02,-2.008295804262161255e-02,-3.110711928457021713e-03,4.893292672932147980e-03,5.560711957514286041e-03,2.622724324464797974e-02,5.154894199222326279e-03,-7.344969548285007477e-03,7.941957563161849976e-03,-1.322765275835990906e-02,-7.915127091109752655e-03,-1.808405295014381409e-02,1.107447035610675812e-02,-9.726215503178536892e-04,6.971851689741015434e-04,-3.308590268716216087e-03,1.045065093785524368e-02,-2.598576433956623077e-02,-1.120191649533808231e-03,1.722546294331550598e-02,1.019575726240873337e-02,-2.793771447613835335e-03,-1.990855671465396881e-02,-5.188432987779378891e-03,1.400575041770935059e-02,-2.811882458627223969e-02,2.937987819314002991e-02,1.690349169075489044e-02,-1.858042553067207336e-02,1.548145152628421783e-02,-2.616016659885644913e-03,-2.340999431908130646e-02,2.260506618767976761e-03,1.849993318319320679e-02,-1.666201278567314148e-02,2.897741505876183510e-03,-6.553456652909517288e-03,-1.794989779591560364e-02,1.903319731354713440e-03,-1.049760449677705765e-02,-5.879329517483711243e-03,-2.569062449038028717e-02,-2.644524443894624710e-03,1.667542941868305206e-02,-8.927995339035987854e-03,-1.454236917197704315e-02,1.651444286108016968e-02,2.801150083541870117e-02,-1.079945266246795654e-02,2.707241661846637726e-02,1.083299145102500916e-02,-3.800351114477962255e-04,-1.339534670114517212e-02,-1.808405295014381409e-02,-1.929144561290740967e-02,-1.232210919260978699e-02,8.968241512775421143e-03,9.692676365375518799e-03,9.558522142469882965e-03,-3.023846819996833801e-02,-1.533388160169124603e-02,5.074401386082172394e-03,-3.305571526288986206e-02,3.474606573581695557e-02,1.693568825721740723e-01,-8.190773223759606481e-05,-8.968241512775421143e-03,3.115072101354598999e-02,3.769746795296669006e-02,-2.015003561973571777e-02,2.501985058188438416e-02,1.163121219724416733e-02,1.954633928835391998e-02,-5.228679161518812180e-03,-3.364599868655204773e-02,-2.470123348757624626e-03,-1.907679811120033264e-02,-2.840725705027580261e-03,5.594250746071338654e-03,-5.111293867230415344e-02,-1.254346407949924469e-02,-7.103491108864545822e-03,-2.935304678976535797e-02,-2.508692815899848938e-02,-4.121902864426374435e-03,-1.277823466807603836e-02,8.706639520823955536e-03,-1.130924094468355179e-02,1.745352521538734436e-02,-1.741327904164791107e-02,-3.900547744706273079e-03,6.862012669444084167e-03,6.112423143349587917e-04,6.375702098011970520e-03,-5.631143227219581604e-03,-2.124675083905458450e-03,1.435455214232206345e-02,1.364353299140930176e-02,6.368155591189861298e-04,-1.448870729655027390e-02,1.400575041770935059e-02,-4.920123610645532608e-03,-1.147861126810312271e-03,-1.475701667368412018e-02,-3.545037936419248581e-03,1.949267648160457611e-02,2.389295212924480438e-02,-6.737919524312019348e-03,-4.524366930127143860e-03,2.303436212241649628e-02,1.928473706357181072e-03,-1.450212299823760986e-02,-5.785421468317508698e-03,2.079397672787308693e-03,-1.577659137547016144e-02,2.760903723537921906e-02,1.092689950019121170e-02,4.796030465513467789e-03,1.918412162922322750e-03,1.167145837098360062e-02,1.021588034927845001e-02,-3.343805670738220215e-03,-1.045065093785524368e-02,-3.608761355280876160e-03,-1.320752967149019241e-02,1.357645541429519653e-02,-1.424722839146852493e-02,1.377768721431493759e-02,-1.235564704984426498e-02,8.626147173345088959e-03,-2.857495099306106567e-02,-1.845968700945377350e-02,-8.270637132227420807e-03,-1.344900857657194138e-02,-5.835729185491800308e-03,-2.696509286761283875e-02,-6.617180537432432175e-03,2.614675089716911316e-02,-2.889692224562168121e-02,-1.191964466124773026e-02,3.594926674850285053e-04,5.966530181467533112e-03,1.457255333662033081e-03,2.616016566753387451e-02,-1.200684532523155212e-02,8.847502060234546661e-03,-8.532238192856311798e-03,1.709130778908729553e-02,-2.374538220465183258e-03,-2.180013805627822876e-02,2.664312161505222321e-02,1.339870039373636246e-03,-1.666201278567314148e-02,1.198672223836183548e-02,1.534729730337858200e-02,-1.793648302555084229e-02,5.896098911762237549e-03,-8.948118425905704498e-03,-7.908419705927371979e-03,2.094154804944992065e-02,-1.600465551018714905e-02,1.841943897306919098e-02,-1.625954918563365936e-02,7.382700568996369839e-04,1.745352521538734436e-02,-1.348254643380641937e-02,2.045859023928642273e-02,-4.034702666103839874e-03,-9.806708432734012604e-03,-5.215263925492763519e-03,4.008542373776435852e-02,2.326242439448833466e-02,-2.048542164266109467e-02,-3.010431304574012756e-02,-9.410952217876911163e-03,-2.475154213607311249e-02,-5.357803311198949814e-04,2.071013208478689194e-03,8.867625147104263306e-03,-1.507898792624473572e-02,9.753046557307243347e-03,-9.015195071697235107e-03,7.063244935125112534e-03,1.240260154008865356e-02,-1.113483915105462074e-03,-6.550102960318326950e-03,9.431075304746627808e-03,1.552169863134622574e-02,1.801697537302970886e-02,-3.944147843867540359e-03,-1.033661887049674988e-02,2.956769429147243500e-02,1.180142062366940081e-04,-2.173306047916412354e-02,6.640657316893339157e-03,-1.486434042453765869e-02,-6.795773515477776527e-04,-3.887132275849580765e-03,1.438138354569673538e-02,3.061410225927829742e-02,6.145961815491318703e-04,-7.834633812308311462e-03,-2.232334204018115997e-02,8.579192683100700378e-03,6.338809616863727570e-04,3.575222566723823547e-03,-5.215263925492763519e-03,3.278740867972373962e-02,1.411307416856288910e-02,-7.928542792797088623e-03,3.139219805598258972e-02,4.946954548358917236e-03,-1.348254643380641937e-02,-1.308008283376693726e-02,-2.336974814534187317e-02,2.131718024611473083e-02,-1.028295699506998062e-02,-2.278952859342098236e-03,3.643641620874404907e-02,-1.998904906213283539e-02,-4.381492361426353455e-02,-1.486434042453765869e-02,-7.709702476859092712e-04,3.337768837809562683e-02,-4.491499066352844238e-02,2.244408056139945984e-02,2.304777689278125763e-02,-1.731937192380428314e-02,7.472416386008262634e-03,-2.091471664607524872e-02,-1.708594262599945068e-01,7.230937946587800980e-03,2.785386750474572182e-03,-2.511375956237316132e-02,1.833894662559032440e-02,1.794319017790257931e-03,2.514058910310268402e-02,-1.291238982230424881e-02,-2.593210339546203613e-02,1.773525029420852661e-02,1.706447638571262360e-02,-2.719986485317349434e-03,-1.014209538698196411e-02,1.016221847385168076e-02,-2.167939953505992889e-02,-1.607340993359684944e-03,-4.457289818674325943e-03,2.613333426415920258e-02,3.638275340199470520e-02,1.440821401774883270e-02,2.589185722172260284e-03,3.783162450417876244e-03,1.304654404520988464e-02,-4.529062658548355103e-02,1.933169178664684296e-02,6.268378347158432007e-03,-2.096837945282459259e-02,1.306666713207960129e-02,4.675291012972593307e-03,1.605664001544937491e-04,-2.220260165631771088e-02,5.453388206660747528e-03,3.705352544784545898e-02,-2.587844058871269226e-02,1.532046590000391006e-02,1.028295699506998062e-02,-3.074825555086135864e-02,-2.559000859037041664e-03,9.860370308160781860e-03,2.986283600330352783e-02,2.587844058871269226e-02,1.345571596175432205e-02,-7.177276071161031723e-03,1.823162287473678589e-02,3.343805670738220215e-03,4.330513626337051392e-02,8.988364599645137787e-03,-1.682299934327602386e-02,6.452840752899646759e-03,-3.133853524923324585e-02,2.022382104769349098e-03,-1.911704428493976593e-02,-1.017563324421644211e-02,-1.299288216978311539e-02,-3.558453405275940895e-03,1.332156080752611160e-02,-8.963210857473313808e-04,-1.477043237537145615e-02,-7.472416386008262634e-03,-2.634462900459766388e-03,-1.293922029435634613e-02,-4.889938514679670334e-03,3.498083679005503654e-03,-2.366153523325920105e-03,9.612184017896652222e-03,1.523997355252504349e-02,-3.343135118484497070e-02,-1.960000023245811462e-02,-2.900424599647521973e-02,2.498631132766604424e-03,-3.455824777483940125e-02,-2.983600459992885590e-02,9.102395735681056976e-03,-1.764134317636489868e-02,2.664647530764341354e-03,-8.089528419077396393e-03,-2.704558707773685455e-02,1.277152728289365768e-02,2.565037831664085388e-02,-1.946920063346624374e-03,-1.608514785766601562e-02,1.726570911705493927e-02,-2.594551816582679749e-02,2.335968660190701485e-03,7.901711389422416687e-03,2.693826332688331604e-02,-1.082628406584262848e-02,-1.444846112281084061e-02,-1.671064412221312523e-03,2.993326634168624878e-03,2.186721563339233398e-02,-1.515948027372360229e-02,-5.510404240339994431e-03,-2.868227474391460419e-02,3.219712525606155396e-02,1.344230026006698608e-02,2.298069931566715240e-02,1.039028074592351913e-02,-1.501191034913063049e-02,1.313374470919370651e-02,6.540041416883468628e-03,-1.411307416856288910e-02,-3.606078028678894043e-02,9.914032183587551117e-03,1.160438079386949539e-02,-1.400239649228751659e-03,-1.106776180677115917e-03,2.200137078762054443e-02,5.237399414181709290e-02,-8.203559555113315582e-03,-1.391016528941690922e-03,-1.316728349775075912e-02,1.976098679006099701e-02,2.131718024611473083e-02,-8.478576317429542542e-03,5.132758617401123047e-02,6.697673350572586060e-03,-5.721697583794593811e-03,1.119520887732505798e-02,-7.881588302552700043e-03,6.133552640676498413e-02,5.523819476366043091e-03,3.140896791592240334e-03,-1.435455214232206345e-02,1.026283390820026398e-02,-9.156057611107826233e-03,-1.147290989756584167e-01,-3.184832632541656494e-02,2.567720785737037659e-02,-2.954757073894143105e-03,2.151506021618843079e-03,1.526680402457714081e-02,1.337354653514921665e-03,7.895004004240036011e-03,-3.793223993852734566e-03,1.874141022562980652e-02,5.107940174639225006e-03,-2.551622316241264343e-02,-6.633949466049671173e-03,-1.456416910514235497e-03,2.424175292253494263e-02,-2.421492245048284531e-03,-2.237700298428535461e-02,-9.035319089889526367e-03,-1.475701667368412018e-02,2.793100848793983459e-02,-1.425393624231219292e-03,6.667488254606723785e-03,-1.251663267612457275e-02,-1.879507303237915039e-02,1.306666713207960129e-02,3.710215678438544273e-04,-2.174647524952888489e-02,1.682299934327602386e-02,2.728706598281860352e-02,1.530705112963914871e-02,9.732923470437526703e-03,-7.351677399128675461e-03,1.564243808388710022e-02,-1.960000023245811462e-02,-3.225078806281089783e-02,-5.486926995217800140e-03,-3.321670368313789368e-02,8.874333463609218597e-03,1.346913166344165802e-02,-2.603942714631557465e-02,-6.838535424321889877e-03,3.467898815870285034e-03,1.014209538698196411e-02,-2.413442917168140411e-02,1.511923409998416901e-02,-1.879507303237915039e-02,-2.072690054774284363e-02,1.619247160851955414e-02,1.933169178664684296e-02,-7.720602676272392273e-03,-3.952197358012199402e-02,-1.347583904862403870e-02,-6.949213333427906036e-03,7.374315755441784859e-04,1.825845427811145782e-02,-4.217823594808578491e-02,2.562354691326618195e-02,-6.867043557576835155e-04,-2.687118574976921082e-02,1.891581155359745026e-02,-3.877070546150207520e-02,5.221971310675144196e-03,-4.678645171225070953e-03,1.511923409998416901e-02,-3.070465521886944771e-03,-1.526680402457714081e-02,-4.363381303846836090e-03,-4.435154050588607788e-02,2.836030349135398865e-02,-6.623887922614812851e-03,-2.713949419558048248e-02,-9.451198391616344452e-03,-1.260383334010839462e-02,3.262642025947570801e-02,-1.808405295014381409e-02,3.883778350427746773e-03,-3.925366327166557312e-02,-1.863408647477626801e-02,1.588391512632369995e-02,-1.603148691356182098e-02,-1.722546294331550598e-02,-2.628090418875217438e-02,1.140985731035470963e-02,-2.426858432590961456e-02,1.393867284059524536e-02,-3.110711928457021713e-03,-5.102070863358676434e-04,-1.632662676274776459e-02,-1.062505226582288742e-02,-2.065982297062873840e-02,-2.310814568772912025e-03,2.618699707090854645e-02,-6.496441084891557693e-03,-3.992443904280662537e-02,1.848651655018329620e-02,-8.418207056820392609e-03,1.254346407949924469e-02,-1.177878212183713913e-02,-1.285201963037252426e-02,-4.048117902129888535e-03,-9.122519753873348236e-03,-8.686516433954238892e-03,-3.928049653768539429e-02,3.571198135614395142e-02,-2.064305357635021210e-03,-1.301971357315778732e-02,1.856701076030731201e-02,-1.855359412729740143e-02,6.694319192320108414e-03,-1.874811830930411816e-03,-2.276605181396007538e-02,-9.645722806453704834e-03,1.308679021894931793e-02,1.990855671465396881e-02,4.802738316357135773e-03,2.094154804944992065e-02,-1.255687978118658066e-02,-2.418809197843074799e-02,-5.198494531214237213e-03,-9.947570972144603729e-03,2.292703837156295776e-02,2.536865323781967163e-02,7.036413997411727905e-03,-5.513757932931184769e-03,1.344900857657194138e-02,1.053114328533411026e-02,-5.507050082087516785e-03,4.172211047261953354e-03,-9.706092067062854767e-03,2.198795415461063385e-02,-1.047748140990734100e-02,-6.721150130033493042e-03,2.369507215917110443e-03,-2.755537442862987518e-02,7.391923572868108749e-03,2.075373195111751556e-02,1.919753663241863251e-02,-1.065691350959241390e-03,-8.686516433954238892e-03,4.051471874117851257e-02,2.158549055457115173e-02,4.427104815840721130e-02,-2.416126057505607605e-02,-2.127693407237529755e-02,-8.243805728852748871e-03,9.042026475071907043e-03,-2.247091196477413177e-02,3.756331512704491615e-03,-2.519425190985202789e-02,1.760109513998031616e-02,2.835694933310151100e-03,-3.605407429859042168e-03,3.667789325118064880e-02,-3.759685438126325607e-03,8.324299007654190063e-03,-3.018480725586414337e-02,-2.129705855622887611e-03,-1.698398403823375702e-02,1.447529159486293793e-02,-1.417008927091956139e-03,-6.875428371131420135e-03,-7.244353648275136948e-03,2.330267056822776794e-02,2.091471664607524872e-02,8.263928815722465515e-03,-6.566872354596853256e-03,7.492539938539266586e-03,-8.082820102572441101e-03,-1.790965162217617035e-02,4.755783826112747192e-03,3.598699811846017838e-03,-3.289473056793212891e-02,-9.075565263628959656e-03,-9.370705112814903259e-03,1.528021972626447678e-02,2.446981705725193024e-02,1.623271778225898743e-02,-1.491800229996442795e-02,-4.735660739243030548e-03,1.145010348409414291e-02,-1.816119183786213398e-03,2.248432673513889313e-02,3.345482749864459038e-03,3.571198135614395142e-02,-4.915428161621093750e-02,1.072566770017147064e-02,6.680903956294059753e-03,4.765845369547605515e-03,-5.361995426937937737e-04,-5.788775160908699036e-03,2.485886588692665100e-02,2.755202120169997215e-03,3.897193819284439087e-03,1.781574264168739319e-02,5.352772306650876999e-03,-1.397891901433467865e-02,2.277276013046503067e-03,3.627543151378631592e-02,-1.980123296380043030e-02,-3.937440458685159683e-03,1.152388844639062881e-02,1.790965162217617035e-02,-1.195989083498716354e-02,-1.091683865524828434e-03,-1.002806331962347031e-02,-2.096837945282459259e-02,-1.242272462695837021e-02,-1.468993956223130226e-03,-6.047022994607686996e-03,-1.659493520855903625e-02,-2.230992540717124939e-02,9.934155270457267761e-03,-4.336550366133451462e-03,4.373442847281694412e-03,1.638028770685195923e-02,-3.216358833014965057e-03,-8.968241512775421143e-03,3.541684010997414589e-03,4.876523278653621674e-03,-7.990588783286511898e-04,-1.356303971260786057e-02,3.775113075971603394e-02,3.107022680342197418e-02,4.262765403836965561e-03,2.550280839204788208e-02,-8.800547569990158081e-03,3.364599868655204773e-02,1.636687293648719788e-02,6.045345799066126347e-04,-2.021711319684982300e-02,1.573634520173072815e-02,1.044394262135028839e-02,1.823162287473678589e-02,-1.242943294346332550e-02,-2.346365712583065033e-02,5.527173634618520737e-03,2.483203448355197906e-02,8.538946509361267090e-03,-5.983299575746059418e-03,2.782368473708629608e-02,-1.727912388741970062e-02,4.172211140394210815e-02,2.902772277593612671e-03,-2.393319830298423767e-02,9.712800383567810059e-03,1.770841889083385468e-02,3.214346617460250854e-02,-3.892582317348569632e-04,2.743463590741157532e-02,-1.609856262803077698e-02,-1.957317069172859192e-02,6.060438230633735657e-03,-2.497960440814495087e-02,3.297522291541099548e-02,7.271184585988521576e-03,-3.724134340882301331e-02,2.233675681054592133e-02,2.190075349062681198e-03,2.497960440814495087e-02,-6.040315143764019012e-03,7.740725763142108917e-03,8.753594011068344116e-03,4.990554880350828171e-03,3.992443904280662537e-02,8.679809048771858215e-03,-2.347707189619541168e-02,-7.928542792797088623e-03,2.115619555115699768e-02,5.076917004771530628e-04,-3.957563545554876328e-03,-4.032690078020095825e-02,4.648460075259208679e-03,1.746694184839725494e-02,-2.120985649526119232e-02,-1.756084896624088287e-02,1.261724904179573059e-02,-2.929938584566116333e-02,-1.519972737878561020e-02,-1.350937783718109131e-02,3.320328658446669579e-03,2.700534090399742126e-02,-1.618240959942340851e-03,1.828528568148612976e-02,-3.573881089687347412e-02,-1.917070522904396057e-02,3.109705820679664612e-02,6.670842412859201431e-03,-7.378508336842060089e-03,-1.226844731718301773e-02,-1.179219782352447510e-02
-1.369975972920656204e-02,-2.190890163183212280e-02,-1.060626562684774399e-02,1.450326479971408844e-02,-5.266305524855852127e-03,1.987335644662380219e-02,-1.419525407254695892e-02,1.053261104971170425e-02,-7.894435897469520569e-03,-4.403207078576087952e-02,1.440952252596616745e-02,1.078705396503210068e-02,1.456352765671908855e-03,-9.889806620776653290e-03,-1.367297582328319550e-02,1.369306351989507675e-02,2.119913883507251740e-02,4.951599519699811935e-03,7.860956713557243347e-03,-1.179143507033586502e-02,-7.479291874915361404e-03,1.003711577504873276e-02,8.821814553812146187e-04,1.538711972534656525e-02,-8.965776301920413971e-03,4.559890832751989365e-03,2.065007761120796204e-02,-2.318111807107925415e-02,-3.187236376106739044e-03,-9.153260849416255951e-03,-3.128647338598966599e-03,-1.112854387611150742e-02,-1.067322399467229843e-02,-1.864131540060043335e-02,-1.959212869405746460e-02,-1.659237779676914215e-02,1.457189675420522690e-03,-4.258576314896345139e-03,1.109506469219923019e-02,2.036884985864162445e-02,8.746486273594200611e-04,-1.186843728646636009e-03,-9.621972218155860901e-03,1.707448065280914307e-02,-2.593981847167015076e-02,1.983652822673320770e-03,-1.936446875333786011e-02,7.184673566371202469e-03,-5.279697012156248093e-03,1.361271273344755173e-02,3.372042626142501831e-02,7.003884762525558472e-03,-2.323468588292598724e-02,8.620938751846551895e-04,-9.066213853657245636e-03,6.357733160257339478e-03,1.975283084902912378e-04,-1.469074934720993042e-02,5.165867507457733154e-03,3.923364056390710175e-05,1.064644102007150650e-02,1.765032485127449036e-02,-1.178473979234695435e-02,-1.311052218079566956e-02,-1.557460427284240723e-02,-9.769281372427940369e-03,-2.157410793006420135e-02,1.154368743300437927e-02,-1.673968695104122162e-02,-1.651202701032161713e-02,2.772092074155807495e-02,3.607737272977828979e-02,1.096114702522754669e-02,-1.516615622676908970e-03,-1.375332660973072052e-02,-4.229114577174186707e-02,-1.873505674302577972e-02,1.103480160236358643e-02,-2.016797475516796112e-02,6.417995784431695938e-03,-2.189551014453172684e-03,-3.554170206189155579e-02,-1.009403145872056484e-03,-1.161064673215150833e-02,2.544432412832975388e-03,3.712862497195601463e-03,-2.020815014839172363e-02,2.331503480672836304e-02,-4.586674273014068604e-03,-1.317078527063131332e-02,2.895296178758144379e-02,2.714507654309272766e-02,-1.084156247088685632e-05,2.614069543778896332e-02,3.394808387383818626e-03,-1.077366247773170471e-02,-8.389931172132492065e-03,2.670314721763134003e-02,-4.931511823087930679e-03,-1.096784230321645737e-02,-5.493964999914169312e-03,2.433280833065509796e-02,-2.206960320472717285e-02,-6.692526862025260925e-03,-2.592642605304718018e-02,-1.115532685071229935e-02,-9.682234376668930054e-03,7.599817588925361633e-03,4.231792688369750977e-02,-4.183582589030265808e-02,-2.070364356040954590e-02,3.524708375334739685e-02,7.733735255897045135e-03,-2.081077918410301208e-02,1.838687248528003693e-02,-3.613093867897987366e-02,2.310076728463172913e-02,-4.171529784798622131e-03,9.769281372427940369e-03,-1.023799274116754532e-02,5.346655845642089844e-03,-5.252913571894168854e-03,7.700255606323480606e-03,-2.417210675776004791e-02,-6.374472752213478088e-03,3.806604770943522453e-03,8.637678110972046852e-04,2.040902525186538696e-02,-1.270877011120319366e-02,5.681449547410011292e-03,2.181516028940677643e-02,-4.138050600886344910e-03,2.884582802653312683e-02,-1.675307750701904297e-02,2.541084308177232742e-03,5.092212464660406113e-03,-2.672993205487728119e-02,-1.211953349411487579e-02,1.414168719202280045e-02,-2.042241767048835754e-02,1.682003773748874664e-02,3.894320502877235413e-02,-2.267223224043846130e-02,8.880403474904596806e-04,-2.050611656159162521e-03,1.554782129824161530e-02,1.763693429529666901e-02,3.168487921357154846e-02,-3.729602089151740074e-03,-8.644374087452888489e-03,2.681028284132480621e-02,-1.131602842360734940e-02,3.122955933213233948e-02,4.975034855306148529e-03,8.064344292506575584e-04,-6.411300040781497955e-03,-5.520748440176248550e-03,7.378853857517242432e-03,-2.772092074155807495e-02,-1.094775460660457611e-02,5.058733280748128891e-03,1.058617793023586273e-02,3.458837745711207390e-04,-4.864552989602088928e-03,2.443994209170341492e-02,3.851466998457908630e-02,-9.447879157960414886e-03,3.642555791884660721e-03,-1.131602842360734940e-02,6.029635202139616013e-03,1.163073442876338959e-02,5.547532346099615097e-03,-1.734231598675251007e-02,2.619426138699054718e-02,4.774158820509910583e-03,2.095808833837509155e-02,4.502975847572088242e-03,5.594403482973575592e-03,-9.488054551184177399e-03,-5.045341327786445618e-03,-2.346234396100044250e-02,1.983914444281253964e-05,1.842704787850379944e-02,5.366743542253971100e-03,-1.573530584573745728e-02,-1.943142898380756378e-02,2.060990221798419952e-02,2.532714512199163437e-03,1.272885780781507492e-02,1.362610491923987865e-03,-2.795527689158916473e-03,1.302347611635923386e-02,-2.523005567491054535e-02,8.142183534801006317e-03,-6.539459228515625000e-01,3.567645617295056581e-04,-1.521302759647369385e-02,-1.195213664323091507e-02,4.028238356113433838e-02,9.621972218155860901e-03,1.298330072313547134e-02,7.077539339661598206e-03,-1.848061382770538330e-02,-1.896271668374538422e-02,-7.626601029187440872e-03,1.156377512961626053e-02,2.461403422057628632e-02,-2.002066560089588165e-02,-1.556121278554201126e-02,-1.054600253701210022e-02,-2.671653963625431061e-02,-2.867508213967084885e-03,6.746093742549419403e-03,8.450193330645561218e-03,-1.491840835660696030e-02,9.193436242640018463e-03,-1.161064673215150833e-02,-2.474125707522034645e-03,9.488054551184177399e-03,9.133173152804374695e-03,2.655583806335926056e-02,-4.251880571246147156e-03,-9.273786097764968872e-03,9.709018282592296600e-03,-1.756997592747211456e-02,3.642555698752403259e-02,9.943373501300811768e-03,1.380689349025487900e-02,4.255897924304008484e-02,-2.606034465134143829e-02,-3.902355581521987915e-02,3.270265087485313416e-02,2.672993205487728119e-02,3.572918847203254700e-02,-2.012779936194419861e-02,-1.540051191113889217e-03,-8.738116361200809479e-03,-2.058311924338340759e-02,1.687360368669033051e-02,2.889939397573471069e-02,1.316408906131982803e-02,3.198954043909907341e-03,-5.850520683452486992e-04,2.402479760348796844e-02,2.235082909464836121e-02,-2.288649976253509521e-02,1.612366549670696259e-02,6.541869603097438812e-03,4.265272058546543121e-03,2.327485941350460052e-02,1.740927435457706451e-02,-2.355608716607093811e-02,-1.710126362740993500e-02,8.396626450121402740e-03,2.460064366459846497e-02,3.586310520768165588e-02,-2.456046827137470245e-02,-1.010407507419586182e-02,-2.004744857549667358e-02,2.363643795251846313e-02,-1.980639807879924774e-02,6.856575608253479004e-03,1.790476962924003601e-02,-3.034570440649986267e-02,1.690038666129112244e-02,6.398745463229715824e-04,1.584243960678577423e-02,-1.586922258138656616e-02,-1.130263600498437881e-02,-4.000785294920206070e-03,3.489889949560165405e-02,-8.999255485832691193e-03,-4.496279638260602951e-03,9.387616068124771118e-03,1.036521419882774353e-02,-2.592642605304718018e-02,-2.576572634279727936e-02,-4.549846984446048737e-03,2.540414780378341675e-02,-2.446672506630420685e-02,-2.406497299671173096e-02,1.408812031149864197e-02,-1.995370723307132721e-02,-3.374720737338066101e-02,1.136289909482002258e-02,2.750665321946144104e-02,1.186006818898022175e-03,-1.076696626842021942e-02,2.184194326400756836e-02,-2.284967107698321342e-03,-1.416847109794616699e-02,1.379350200295448303e-02,1.102810539305210114e-02,9.769281372427940369e-03,-3.753037657588720322e-03,-1.372654270380735397e-02,1.096114702522754669e-02,1.055269874632358551e-02,2.060990221798419952e-02,4.914771765470504761e-03,-2.857799269258975983e-02,6.545217242091894150e-03,6.160204648040235043e-04,-1.056609023362398148e-02,-4.716406692750751972e-04,-3.662643488496541977e-03,1.988674700260162354e-02,-2.432276494801044464e-03,-2.654244750738143921e-02,-2.093130350112915039e-02,1.444969698786735535e-02,6.367776542901992798e-03,-1.722178980708122253e-02,-2.410514838993549347e-02,6.910142488777637482e-03,1.116871926933526993e-02,-1.372654270380735397e-02,-1.963230408728122711e-02,9.240306913852691650e-03,1.479788310825824738e-02,-3.498594509437680244e-03,-9.849631227552890778e-03,-2.152054198086261749e-02,-5.574315786361694336e-03,-1.266859471797943115e-02,-9.682234376668930054e-03,3.538100048899650574e-02,-5.283045116811990738e-03,2.817624062299728394e-02,-3.843432059511542320e-03,4.067743662744760513e-03,-8.155575022101402283e-03,4.288038238883018494e-02,-3.958601132035255432e-02,-4.730635322630405426e-03,1.360601745545864105e-02,-1.040371484123170376e-03,-1.313060987740755081e-02,5.363395437598228455e-03,-4.199652746319770813e-02,-6.233859341591596603e-03,-5.835454910993576050e-03,-5.635248124599456787e-02,-5.614490713924169540e-03,-4.502975847572088242e-03,-1.271546632051467896e-02,-2.460064366459846497e-02,-5.828758701682090759e-03,-6.153508555144071579e-03,-2.755770983640104532e-04,5.674753803759813309e-03,6.963709834963083267e-03,1.884219050407409668e-02,-8.009939920157194138e-04,5.882326047867536545e-03,-6.227163597941398621e-03,-3.297048807144165039e-02,-1.140307448804378510e-02,2.476134523749351501e-02,5.326568149030208588e-03,7.559642661362886429e-03,-7.633297238498926163e-03,1.001702807843685150e-02,-1.478449162095785141e-02,8.738116594031453133e-04,2.825659001246094704e-03,1.007059589028358459e-02,6.176944356411695480e-03,-1.294982153922319412e-02,1.886897534132003784e-02,-1.132941991090774536e-02,-1.404794491827487946e-02,1.735905534587800503e-03,1.831991225481033325e-02,1.327122375369071960e-02,6.367776542901992798e-03,-2.983681671321392059e-02,-2.697098255157470703e-02,2.648887969553470612e-02,1.167090982198715210e-02,6.337645463645458221e-03,1.578887179493904114e-02,-2.089112810790538788e-02,4.750723019242286682e-03,-1.278242468833923340e-02,1.688699610531330109e-02,1.880201511085033417e-02,7.358766160905361176e-03,-3.243314276915043592e-04,-3.355972468852996826e-02,6.679134909063577652e-03,-7.385549601167440414e-03,1.611027494072914124e-02,4.172869026660919189e-02,1.783780939877033234e-02,-9.755888953804969788e-03,2.705133333802223206e-02,8.476977236568927765e-03,2.022154070436954498e-02,-2.306059189140796661e-02,-2.067351248115301132e-03,-1.049913186579942703e-02,2.619426138699054718e-02,2.105182968080043793e-02,7.017276715487241745e-03,-4.084483534097671509e-02,-1.335157360881567001e-02,-1.085401233285665512e-02,-8.143857703544199467e-04,-6.702570710331201553e-03,2.548449859023094177e-02,-2.844072645530104637e-03,1.201909501105546951e-02,1.797842327505350113e-03,5.058733280748128891e-03,-8.851109305396676064e-05,8.209141902625560760e-03,-9.625319507904350758e-04,-2.433280833065509796e-02,-1.130263600498437881e-02,1.748962514102458954e-02,3.242477308958768845e-03,8.103054278763011098e-05,6.829792167991399765e-03,1.937786117196083069e-02,5.192650947719812393e-03,-4.643589258193969727e-03,2.572555094957351685e-02,-6.469888612627983093e-04,1.295651774853467941e-02,1.659237779676914215e-02,-4.207687452435493469e-02,5.979415960609912872e-03,-2.082416974008083344e-02,3.235446661710739136e-02,2.294006571173667908e-02,9.447879157960414886e-03,-9.655451402068138123e-03,1.340514142066240311e-02,6.618872284889221191e-03,2.989038452506065369e-02,4.700503777712583542e-03,-2.679689042270183563e-02,-6.990493275225162506e-03,6.123377475887537003e-03,1.090088393539190292e-02,-1.330470293760299683e-02,1.682338537648320198e-03,2.300702594220638275e-02,-2.521666325628757477e-02,2.162767574191093445e-02,2.240439690649509430e-02,9.715714491903781891e-03,3.929139301180839539e-02,1.197222340852022171e-02,9.474663063883781433e-03,1.054600253701210022e-02,6.595436483621597290e-03,2.718525007367134094e-02,1.924394443631172180e-02,-7.358766160905361176e-03,1.102140918374061584e-02,-2.298024110496044159e-02,-2.223030291497707367e-02,1.793155260384082794e-02,-1.557627809233963490e-03,8.825162425637245178e-03,1.165751740336418152e-02,-1.113523915410041809e-02,-5.868934094905853271e-03,1.479788310825824738e-02,5.570130888372659683e-04,5.892369896173477173e-03,-8.932297118008136749e-03,-1.565495505928993225e-02,-8.128792047500610352e-03,4.436017014086246490e-03,2.553806640207767487e-02,-5.319035262800753117e-04,-1.459700707346200943e-02,-3.947887569665908813e-02,1.274894550442695618e-02,-2.197920810431241989e-03,-9.715714491903781891e-03,5.467181559652090073e-03,-1.032503880560398102e-02,-3.679383080452680588e-03,-5.493964999914169312e-03,-6.582044530659914017e-03,-8.918904699385166168e-03,6.401256192475557327e-03,-1.677986234426498413e-02,1.973943784832954407e-02,-2.655583806335926056e-02,-8.088616654276847839e-03,-6.354385055601596832e-03,-2.446672506630420685e-02,2.223030291497707367e-02,5.528113991022109985e-02,-2.364982850849628448e-02,-1.951177790760993958e-02,7.392245810478925705e-03,-1.031164661981165409e-03,-6.762833334505558014e-03,-2.411854080855846405e-02,-2.375696226954460144e-02,-9.427791461348533630e-03,-3.137017367407679558e-03,-8.587459451518952847e-04,7.084235548973083496e-03,2.071703597903251648e-02,1.518624369055032730e-02,2.245796285569667816e-02,2.892617834731936455e-03,9.929982014000415802e-03,-2.065007761120796204e-02,-1.868149079382419586e-02,1.530676893889904022e-02,7.713647931814193726e-02,1.242084708064794540e-02,8.523848839104175568e-03,1.620401628315448761e-02,7.881044410169124603e-03,1.536033675074577332e-02,-1.755658350884914398e-02,-9.767607552930712700e-04,2.453368529677391052e-02,-1.351897045969963074e-02,-5.842150654643774033e-03,-2.141340635716915131e-02,3.026535362005233765e-02,-1.175795588642358780e-02,3.280978708062320948e-04,-2.253161743283271790e-03,-2.986360155045986176e-02,-1.050582714378833771e-02,-3.468462964519858360e-03,-1.621740870177745819e-02,-5.059570539742708206e-04,6.140117067843675613e-03,4.061047919094562531e-03,3.077423945069313049e-02,5.377624183893203735e-04,-1.827973756007850170e-03,2.249813871458172798e-03,2.074381895363330841e-02,3.816648572683334351e-02,1.400776952505111694e-02,-2.358203346375375986e-04,5.316524300724267960e-03,-1.498536765575408936e-02,1.608349010348320007e-02,-1.081383787095546722e-02,3.075080458074808121e-03,2.588625065982341766e-02,-1.299669221043586731e-02,-2.218008448835462332e-04,-1.611027494072914124e-02,1.352566666901111603e-02,2.999751828610897064e-03,1.628436706960201263e-02,-3.262230008840560913e-02,1.807886175811290741e-02,3.316131886094808578e-03,1.121558994054794312e-02,1.087410002946853638e-02,-9.052822366356849670e-03,-2.836372517049312592e-02,3.465784713625907898e-02,-4.365710075944662094e-03,-2.403819002211093903e-02,-1.762688974849879742e-03,9.240306913852691650e-03,1.328461524099111557e-02,-1.063807052560150623e-03,2.385405357927083969e-03,-6.856575608253479004e-03,-1.207768335007131100e-03,-1.801190339028835297e-02,-1.956534571945667267e-02,1.533355284482240677e-02,-7.693559862673282623e-03,-9.822848252952098846e-03,1.126915682107210159e-02,-1.724857278168201447e-02,4.717243835330009460e-03,-3.414896130561828613e-02,4.429321270436048508e-03,-3.278300166130065918e-02,3.431635850574821234e-04,-3.720228001475334167e-02,2.321794629096984863e-03,5.501330643892288208e-02,2.978325076401233673e-02,2.646962821017950773e-04,6.936925929039716721e-03,1.368636731058359146e-02,-4.851161036640405655e-03,-1.698073744773864746e-02,-3.693444281816482544e-02,-6.093245930969715118e-03,-1.789137721061706543e-02,-2.091791294515132904e-02,2.959576621651649475e-02,-1.178473979234695435e-02,4.174459318164736032e-04,-1.033173501491546631e-02,-2.921075327321887016e-03,1.336496602743864059e-02,-1.173117198050022125e-02,1.782441884279251099e-02,-1.398098655045032501e-02,-5.256261676549911499e-03,-9.896502830088138580e-03,3.256873413920402527e-02,-1.959212869405746460e-02,-5.192650947719812393e-03,4.549846984446048737e-03,3.232433460652828217e-03,-2.379713766276836395e-02,4.292055498808622360e-03,-1.906985044479370117e-02,4.429990798234939575e-02,-1.928411982953548431e-02,-1.523981057107448578e-02,-1.770389266312122345e-02,-3.342580795288085938e-02,-8.637677878141403198e-03,1.655220240354537964e-02,-1.130263600498437881e-02,2.263205684721469879e-02,-1.423542946577072144e-02,-3.661304339766502380e-02,2.756021916866302490e-02,5.303132813423871994e-03,1.661916077136993408e-02,2.481491118669509888e-02,4.600065760314464569e-03,1.016433723270893097e-02,-7.840869016945362091e-03,3.522029891610145569e-02,-2.656923048198223114e-02,-1.941803656518459320e-02,1.732892356812953949e-02,7.997385109774768353e-04,-2.689063176512718201e-02,-2.723881788551807404e-02,5.403570830821990967e-03,4.335578996688127518e-03,9.789369069039821625e-03,-6.699222605675458908e-03,7.117714732885360718e-03,-1.443630550056695938e-02,-2.326146885752677917e-02,-2.237761393189430237e-02,-1.162403821945190430e-02,-3.819327056407928467e-02,1.673968695104122162e-02,-2.531040646135807037e-02,-2.842398826032876968e-03,8.913883357308804989e-04,-3.880928829312324524e-02,-1.232710480690002441e-02,-3.286335244774818420e-02,-4.620153456926345825e-03,1.248780637979507446e-02,3.789864946156740189e-03,2.964933216571807861e-02,-1.778424344956874847e-02,-5.118996370583772659e-03,-2.087773755192756653e-02,1.111515145748853683e-02,-1.073348708450794220e-02,-6.910142488777637482e-03,-2.275258116424083710e-02,1.252798177301883698e-02,2.592642605304718018e-02,6.705918349325656891e-03,5.072125233709812164e-03,2.212316915392875671e-02,7.552946452051401138e-03,2.373017929494380951e-02,9.755888953804969788e-03,-1.545407902449369431e-02,-9.568404406309127808e-03,-2.169463410973548889e-02,-4.387136921286582947e-02,2.401140704751014709e-02,-1.268868241459131241e-02,4.918119870126247406e-03,1.317748147994279861e-02,-1.655220240354537964e-02,7.211457006633281708e-03,3.680052608251571655e-02,-1.132941991090774536e-02,1.631115004420280457e-02,-1.366628054529428482e-02,-1.534694433212280273e-02,-6.337645463645458221e-03,1.025305828079581261e-03,3.211341425776481628e-02,7.586426101624965668e-03,-2.417210722342133522e-03,-1.292303763329982758e-02,1.684682071208953857e-02,-1.058617793023586273e-02,1.093436311930418015e-02,-5.097234388813376427e-04,2.999751828610897064e-02,-2.525683864951133728e-02,2.355608716607093811e-02,1.325783133506774902e-02,-9.039430879056453705e-03,-1.107497699558734894e-02,6.150160916149616241e-03,1.461039856076240540e-02,-1.151690492406487465e-03,-5.795279517769813538e-03,-3.759733634069561958e-03,1.783780939877033234e-02,-2.909357426688075066e-03,-1.211953349411487579e-02,6.327601615339517593e-03,4.670372698456048965e-03,-1.430238783359527588e-02,1.394415856339037418e-03,1.279749092645943165e-03,-2.028850093483924866e-02,-3.309436142444610596e-03,-3.060014685615897179e-03,-7.050755899399518967e-03,-2.758700400590896606e-02,1.990013942122459412e-02,-1.086740475147962570e-02,-1.876184158027172089e-02,3.093494102358818054e-02,-2.048937603831291199e-02,-6.705918349325656891e-03,9.374224580824375153e-03,-1.309713069349527359e-02,3.838075324892997742e-02,-1.548086199909448624e-02,1.985996402800083160e-02,2.031528390944004059e-02,3.254194976761937141e-03,-1.323104836046695709e-02,1.387385185807943344e-02,-3.974001388996839523e-03,-9.407703764736652374e-03,2.038224227726459503e-02,1.339844521135091782e-02,-9.868044871836900711e-04,-2.944510895758867264e-03,-1.526659447699785233e-02,2.031528390944004059e-02,-1.280251238495111465e-02,-2.314094267785549164e-02,2.354269474744796753e-02,8.925600908696651459e-03,1.161734294146299362e-02,1.253467705100774765e-02,-7.914523594081401825e-03,-8.423410356044769287e-03,-7.273393566720187664e-04,-2.502917870879173279e-02,-5.510704591870307922e-03,-1.050582714378833771e-02,1.992022618651390076e-03,-1.183161046355962753e-02,1.446308940649032593e-02,-1.359262503683567047e-02,1.925733499228954315e-02,-2.648887969553470612e-02,-1.215301221236586571e-03,-9.521533735096454620e-03,-4.682927392423152924e-04,-1.692717149853706360e-02,6.749441847205162048e-03,-2.545771561563014984e-02,3.230090066790580750e-02,1.684682071208953857e-02,-1.894932612776756287e-02,1.395420264452695847e-02,5.226967041380703449e-04,-1.523981057107448578e-02,-1.729209674522280693e-03,-8.959080092608928680e-03,3.128312528133392334e-02,-1.225345022976398468e-02,-5.766822141595184803e-04,-2.584607573226094246e-03,3.382755815982818604e-02,-2.497561275959014893e-03,-5.634578410536050797e-03,-1.939125359058380127e-02,-1.710126362740993500e-02,1.585583202540874481e-02,-4.656980745494365692e-03,3.160452842712402344e-02,1.309043494984507561e-03,4.412581212818622589e-03,-1.266859471797943115e-02,-1.769050024449825287e-02,-2.239100448787212372e-02,-1.055269874632358551e-02,-6.800497649237513542e-04,9.441182948648929596e-03,-2.263205684721469879e-02,-3.211341425776481628e-02,7.398941554129123688e-03,-8.754855953156948090e-04,2.761378698050975800e-02,-5.570967681705951691e-03,-1.561477966606616974e-02,5.882326047867536545e-03,3.031891956925392151e-02,-1.774406805634498596e-02,1.545407902449369431e-02,-3.157774358987808228e-02,-8.657765574753284454e-03,-3.240803256630897522e-02,1.873505674302577972e-02,1.039199717342853546e-02,-5.316524300724267960e-03,1.763693429529666901e-02,-2.299363352358341217e-02,-6.726006045937538147e-03,1.448987238109111786e-02,1.257150433957576752e-03,8.553979569114744663e-04,-2.736938651651144028e-03,-2.188211865723133087e-02,2.374357171356678009e-02,-9.702322073280811310e-03,5.413614679127931595e-03,-2.316772565245628357e-02,-3.047962114214897156e-02,2.188211865723133087e-02,8.463585749268531799e-03,2.044920064508914948e-02,3.428287804126739502e-02,-2.940828166902065277e-02,-1.316408906131982803e-02,-1.703263144008815289e-03,-7.974786683917045593e-03,1.856096461415290833e-02,-1.217310037463903427e-02,-7.753822952508926392e-03,-8.878729306161403656e-03,1.951177790760993958e-02,-3.985384479165077209e-02,-5.386831238865852356e-03,-4.288707859814167023e-03,-2.328825183212757111e-02,-1.290295086801052094e-02,2.356947958469390869e-02,-8.965776301920413971e-03,-1.511928532272577286e-02,8.771595545113086700e-03,5.427006166428327560e-03,1.234719250351190567e-02,3.021513344720005989e-03,5.008514039218425751e-03,-5.065429024398326874e-03,-2.233743853867053986e-02,2.977990312501788139e-03,-3.195271268486976624e-02,-4.832276772503973916e-06,5.745060276240110397e-03,1.912341825664043427e-02,9.447879157960414886e-03,-1.781102642416954041e-02,-2.100830664858222008e-03,-6.444779224693775177e-03,-4.861205071210861206e-02,-2.970289997756481171e-02,-1.014425046741962433e-02,7.017276715487241745e-03,2.649892354384064674e-03,1.016433723270893097e-02,4.159477353096008301e-02,-3.158778883516788483e-03,-3.277630545198917389e-03,7.706951815634965897e-03,-3.717549517750740051e-02,-9.802760556340217590e-03,2.065007761120796204e-02,-2.285971678793430328e-02,1.021790504455566406e-02,-2.114557288587093353e-02,-6.090567633509635925e-02,-2.672993205487728119e-02,1.104149688035249710e-02,-2.196246944367885590e-02,1.687360368669033051e-02,6.185314268805086613e-04,-7.251632399857044220e-03,-4.693808034062385559e-03,-8.416714146733283997e-03,1.106828078627586365e-02,3.122955933213233948e-02,-1.905645988881587982e-02,9.200131520628929138e-03,-3.128312528133392334e-02,3.766429377719759941e-03,5.048689432442188263e-03,1.619062572717666626e-02,-3.452393040060997009e-02,3.388112643733620644e-03,-2.212986582890152931e-03,-2.058981452137231827e-03,-4.971686750650405884e-03,-2.011440694332122803e-02,-7.285111583769321442e-03,1.814582012593746185e-02,4.904728382825851440e-03,4.022881388664245605e-02,-1.151690445840358734e-02,-1.537372823804616928e-02,1.594957336783409119e-02,1.860114000737667084e-02,-2.504257112741470337e-02,-1.943142898380756378e-02,1.706108823418617249e-02,-1.165082212537527084e-02,1.386046037077903748e-02,5.654666107147932053e-03,-2.177498489618301392e-02,1.328461524099111557e-02,-2.871191129088401794e-02,2.027510851621627808e-02,-1.523981057107448578e-02,-1.131602842360734940e-02,5.889021791517734528e-03,-2.663284074515104294e-03,-7.184673566371202469e-03,2.782805450260639191e-02,2.524344809353351593e-02,-2.190890163183212280e-02,-4.151442088186740875e-03,2.608712762594223022e-02,7.948002777993679047e-03,-7.639992982149124146e-03,-1.936446875333786011e-02,-5.500661209225654602e-03,-8.724724873900413513e-03,-1.546747051179409027e-02,9.695626795291900635e-03,1.184332882985472679e-03,-6.367776542901992798e-03,-1.355077605694532394e-03,2.324807643890380859e-02,-2.935471385717391968e-02,2.209638617932796478e-02,1.956266760826110840e-01,1.570852100849151611e-02,3.009795676916837692e-03,3.524708375334739685e-02,2.788162231445312500e-02,1.015764195472002029e-02,3.021178580820560455e-02,1.273555308580398560e-02,-1.306532532908022404e-03,1.256146095693111420e-02,-3.674696013331413269e-02,-7.827477529644966125e-03,-9.220219217240810394e-03,-4.536455031484365463e-03,9.186740033328533173e-03,-2.556484937667846680e-02,-1.440952252596616745e-02,3.702818648889660835e-03,2.202942734584212303e-03,-3.334545716643333435e-02,1.756997592747211456e-02,-3.130991011857986450e-02,4.352318588644266129e-03,-2.508274652063846588e-02,3.447036445140838623e-02,-5.406918935477733612e-03,-2.909357426688075066e-03,-1.668946701101958752e-03,4.553194623440504074e-03,2.822980657219886780e-02,1.063974481076002121e-02,-1.505232602357864380e-02,1.977961324155330658e-02,1.091427542269229889e-02,-7.876022718846797943e-04,-5.222782026976346970e-03,2.315433509647846222e-02,7.633297354914247990e-04,7.372158113867044449e-03,-2.496222034096717834e-02,1.683342829346656799e-02,-4.754071123898029327e-03,1.495858374983072281e-02,3.578945063054561615e-03,-1.999388076364994049e-02,2.536397241055965424e-02,-1.455683168023824692e-02,-6.508389953523874283e-03,-1.491840835660696030e-02,1.274894550442695618e-02,-1.518624369055032730e-02,1.731553114950656891e-02,2.165445871651172638e-02,2.252492308616638184e-02,-1.935107819736003876e-02,2.699776738882064819e-02,1.779763400554656982e-02,-6.237207446247339249e-03,-4.419277247507125139e-04,-3.411548212170600891e-03,-2.010101638734340668e-02,2.164106629788875580e-02,-1.639150083065032959e-02,-6.926045170985162258e-04,-1.122228614985942841e-02,1.343192439526319504e-02,-4.464809224009513855e-02,-1.773067563772201538e-02,-8.637677878141403198e-03,4.536455031484365463e-03,-1.100801769644021988e-02,-1.912341825664043427e-02,-3.974001388996839523e-03,2.731916867196559906e-02,-1.407472882419824600e-02,-4.071091860532760620e-02,-2.318446524441242218e-03,-1.163073442876338959e-02,2.044920064508914948e-02,1.813242770731449127e-02,1.059956941753625870e-02,-1.530676893889904022e-02,-2.347573637962341309e-02,2.745308680459856987e-03,-3.910390660166740417e-03,-2.158750034868717194e-02,2.119913883507251740e-02,1.727535575628280640e-02,-4.318838939070701599e-03,9.816152043640613556e-03,1.086070854216814041e-02,-1.462379004806280136e-02,-6.330949254333972931e-03,1.177134737372398376e-02,-4.583326168358325958e-03,1.506571751087903976e-02,-2.375696226954460144e-02,2.153393253684043884e-02,-2.308737486600875854e-02,-8.476977236568927765e-03,-1.388724427670240402e-02,1.888236613012850285e-03,3.254194930195808411e-02,-1.033152557283756323e-06,-6.505042314529418945e-03,1.234049722552299500e-02,1.307034771889448166e-02,4.756749421358108521e-02,7.700255606323480606e-03,-3.157774358987808228e-02,9.508142247796058655e-03,-1.842704787850379944e-02,1.572191342711448669e-02,-1.020451262593269348e-02,2.393105626106262207e-02,-1.790476962924003601e-02,1.873505674302577972e-02,-2.225708775222301483e-02,3.712862497195601463e-03,2.374357171356678009e-02,-2.251153066754341125e-02,-3.923782613128423691e-03,-6.715962197631597519e-03,1.569513045251369476e-02,-6.247250828891992569e-03,-2.007423155009746552e-02,-4.020203277468681335e-02,2.622104436159133911e-02,-2.314094267785549164e-02,-2.188211865723133087e-02,2.710490114986896515e-02,-6.762833334505558014e-03,-2.091791294515132904e-02,1.672294689342379570e-03,2.027510851621627808e-02,1.568173803389072418e-02,-1.714143902063369751e-02,-1.447145943529903889e-03,-1.235388871282339096e-02,-1.431243144907057285e-03,6.990493275225162506e-03,-1.056609023362398148e-02,-5.058733280748128891e-03,1.263511553406715393e-02,1.608349010348320007e-02,4.241836722940206528e-03,-2.169463317841291428e-03,9.066213853657245636e-03,-5.534140393137931824e-03,-1.493180077522993088e-02,-1.616384088993072510e-02,2.095808833837509155e-02,-9.113085456192493439e-03,-2.767070196568965912e-03,2.395783923566341400e-02,-2.798875607550144196e-02,-3.728263080120086670e-02,-1.773067563772201538e-02,1.712804660201072693e-02,2.552467398345470428e-02,-3.918425738811492920e-02,1.656559295952320099e-02,2.324807643890380859e-02,-2.328825183212757111e-02,3.363003022968769073e-03,-1.072679087519645691e-02,-1.710929870605468750e-01,1.739588193595409393e-02,1.031834259629249573e-02,-1.617723330855369568e-02,2.536397241055965424e-02,4.295403603464365005e-03,3.240803256630897522e-02,-1.069331169128417969e-02,-1.378010958433151245e-02,1.653881045058369637e-03,2.531040646135807037e-02,2.374357171356678009e-02,-2.184194326400756836e-02,7.365461904555559158e-03,2.929445123299956322e-03,1.490669092163443565e-03,1.827973756007850170e-03,1.972604729235172272e-02,3.848788887262344360e-02,1.275564078241586685e-02,5.048689432442188263e-03,-1.444969698786735535e-02,6.401256192475557327e-03,-3.784508258104324341e-02,3.848788887262344360e-02,1.157047133892774582e-02,-2.006084099411964417e-02,-5.892369896173477173e-03,1.378010958433151245e-02,-8.396626450121402740e-03,1.061965711414813995e-02,3.783169202506542206e-03,3.784508258104324341e-02,-2.366322092711925507e-02,1.085401233285665512e-02,-5.584359634667634964e-03,-9.026039391756057739e-03,-1.310382690280675888e-02,3.977349493652582169e-03,3.998776152729988098e-02,2.906009554862976074e-02,1.159055903553962708e-02,9.106389246881008148e-03,-1.659237779676914215e-02,-5.661361850798130035e-03,2.170802466571331024e-02,7.117714732885360718e-03,-1.684682071208953857e-02,1.363280043005943298e-02,-4.020203277468681335e-02,7.926241378299891949e-04,-3.353293985128402710e-02,5.761800333857536316e-03,-1.209274958819150925e-02,1.782441884279251099e-02,2.873869426548480988e-02,-5.631230771541595459e-03,9.206827380694448948e-04,-1.453004777431488037e-02,-1.530676893889904022e-02,1.541390363126993179e-02,-7.365461904555559158e-03,-6.207075901329517365e-03,-1.844043843448162079e-02,2.012779936194419861e-02,-1.636042725294828415e-05,-3.021178580820560455e-02,-1.797842327505350113e-03,-1.412829570472240448e-02,4.750723019242286682e-03,-2.705133333802223206e-02,-3.122955933213233948e-02,1.560138817876577377e-02,-1.981978863477706909e-02,6.752789486199617386e-03,6.344341207295656204e-03,-1.267529092729091644e-02,1.641326234675943851e-03,2.168124169111251831e-02,-9.315635543316602707e-04,-1.956534571945667267e-02,3.870215639472007751e-02,-3.870215499773621559e-03,-6.598784588277339935e-03,1.399437803775072098e-02,-4.335578996688127518e-03,-2.016797475516796112e-02,6.235533510334789753e-04,1.202579122036695480e-02,-4.345622844994068146e-03,1.187178585678339005e-02,-2.855120971798896790e-02,3.893651068210601807e-03,-2.233743853867053986e-02,4.884640686213970184e-03,1.080044545233249664e-02,2.540414780378341675e-02,4.091179464012384415e-03,-1.491840835660696030e-02,-3.696122905239462852e-03,1.131602842360734940e-02,-1.087242620997130871e-03,-3.495246544480323792e-02,1.652541942894458771e-02,2.348578069359064102e-03,9.206827729940414429e-03,8.630982600152492523e-03,8.256013505160808563e-03,5.485260486602783203e-02,-3.083450254052877426e-03,1.337166130542755127e-02,-9.421095252037048340e-03,5.440398119390010834e-03,-2.539410488680005074e-03,-3.414896083995699883e-03,4.213044419884681702e-02,7.352070417255163193e-03,-2.419889159500598907e-02,1.653880998492240906e-02,-2.741291001439094543e-02,4.159477353096008301e-02,1.185169816017150879e-02,-7.549598813056945801e-04,5.260446341708302498e-04,2.539075724780559540e-02,-9.340745396912097931e-03,-1.189187318086624146e-01,-3.171166405081748962e-02,-4.764114972203969955e-03,1.718161441385746002e-02,-4.603413864970207214e-03,1.736909896135330200e-02,2.608043141663074493e-03,2.089112997055053711e-03,-2.897974476218223572e-02,6.139280158095061779e-04,6.555261090397834778e-03,-1.084062084555625916e-02,-1.094105932861566544e-02,-4.774158820509910583e-03,2.706472575664520264e-02,-1.272216206416487694e-03,3.118603723123669624e-03,-1.221997081302106380e-03,1.868149079382419586e-02,2.551128156483173370e-02,2.035545883700251579e-03,-6.565304938703775406e-03,-6.983797065913677216e-03,-1.175795588642358780e-02,1.256815623492002487e-02,1.845383085310459137e-02,-2.289989031851291656e-02,2.173480950295925140e-02,2.528362348675727844e-02,2.020815014839172363e-02,5.453790072351694107e-03,-3.823344362899661064e-03,1.084731705486774445e-02,-2.532379701733589172e-02,-2.331503480672836304e-02,-1.967247948050498962e-02,-2.938149869441986084e-02,2.316772565245628357e-02,-5.967698525637388229e-04,-1.742266491055488586e-02,-7.064147503115236759e-04,2.716851187869906425e-03,1.447648089379072189e-02,-2.422567456960678101e-02,-2.202942734584212303e-03,-1.023129653185606003e-02,-3.806604770943522453e-03,9.467966854572296143e-03,9.374224580824375153e-03,-2.661610255017876625e-03,-2.932793088257312775e-02,-4.687112290412187576e-03,-1.257485244423151016e-02,7.941307500004768372e-03,4.121311008930206299e-03,-3.776473179459571838e-02,2.908687852323055267e-02,8.677853271365165710e-03,-2.703459467738866806e-03,2.236422151327133179e-02,-3.013143502175807953e-02,1.274894550442695618e-02,-2.281619235873222351e-03,1.071339938789606094e-02,2.137657953426241875e-03,-1.327122375369071960e-02,-2.192229405045509338e-02,-2.393105626106262207e-02,1.929751038551330566e-02,-9.032734669744968414e-03,5.708232987672090530e-03,-2.374357171356678009e-02,-1.594957336783409119e-02,2.156071551144123077e-02,-2.793518826365470886e-02,-5.724972579628229141e-03,-3.747011348605155945e-02,-1.292303763329982758e-02,1.055939402431249619e-02,-4.411242157220840454e-02,-2.056972682476043701e-02,-2.113218046724796295e-02,3.256873413920402527e-02,-2.670314721763134003e-02,2.235082909464836121e-02,1.340848859399557114e-03,7.325286976993083954e-03,-1.353905815631151199e-02,5.808671121485531330e-04,-2.043581008911132812e-02,-9.528229944407939911e-03,6.106637883931398392e-03,6.282613321673125029e-05,-3.484532982110977173e-02,5.741712637245655060e-03,1.057278644293546677e-02,8.610894903540611267e-03,-4.047656431794166565e-03,-1.890915073454380035e-02,4.147257423028349876e-04,-2.121253125369548798e-02,-3.588988631963729858e-02,-3.905034065246582031e-02,3.669339418411254883e-02,7.925195677671581507e-05,-1.702091284096240997e-02,1.164412591606378555e-02,-1.347209978848695755e-02,-4.566586576402187347e-03,9.896502830088138580e-03,-1.161064673215150833e-02,-8.979167789220809937e-03,-1.448987238109111786e-02,1.532016135752201080e-02,5.025254096835851669e-03,6.826444063335657120e-03,-1.795833557844161987e-02,-8.068528957664966583e-03,1.191865652799606323e-02,-3.873145033139735460e-04,1.477109920233488083e-02,2.681028284132480621e-02,4.716406692750751972e-04,1.576208882033824921e-02,1.742266491055488586e-02,3.004773752763867378e-04,-2.389088086783885956e-02,2.191225066781044006e-03,-4.506323486566543579e-03,4.556542728096246719e-03,-2.563180774450302124e-02,7.023972459137439728e-03,-2.984686056151986122e-03,-2.869182266294956207e-03,3.431635675951838493e-03,6.016243249177932739e-03,1.894932612776756287e-02,3.779821330681443214e-03,-1.149179530330002308e-03,2.008762396872043610e-02,6.012895610183477402e-03,4.119301959872245789e-02,-1.490501686930656433e-02,-3.813970088958740234e-02,1.737579470500349998e-03,-8.269404992461204529e-03,-1.576208882033824921e-02,2.284632436931133270e-02,-1.497197523713111877e-02,1.764362910762429237e-03,6.990493275225162506e-03,4.549846984446048737e-03,1.264181174337863922e-02,1.404794491827487946e-02,3.275622054934501648e-02,-1.312391459941864014e-02,-2.462407806888222694e-03,-1.380689349025487900e-02,1.805207878351211548e-02,1.622912590391933918e-03,5.129039753228425980e-03,-2.911366336047649384e-02,3.352959174662828445e-03,8.316276594996452332e-03,5.581011530011892319e-03,-1.663255318999290466e-02,5.323220510035753250e-03,-3.645903663709759712e-03,-7.961395196616649628e-03,1.159055903553962708e-02,9.159956127405166626e-03,-1.430238783359527588e-02,-3.096172399818897247e-02,-8.892121724784374237e-03,1.466396544128656387e-02,3.307761996984481812e-02,3.605728503316640854e-03,-1.990013942122459412e-02,2.832354977726936340e-03,-7.854260504245758057e-03,-6.990493275225162506e-03,3.623807430267333984e-02,5.519911646842956543e-04,2.601347398012876511e-03,-4.821029677987098694e-02,2.277936600148677826e-02,-1.203583437018096447e-03,7.506075315177440643e-03,7.884392398409545422e-04,-5.591055378317832947e-03,3.292696317657828331e-03,1.230701711028814316e-02,1.152360066771507263e-02,1.384706888347864151e-02,-8.584110997617244720e-03,-1.809225417673587799e-02,3.121951594948768616e-03,1.501215063035488129e-02,-2.457386068999767303e-02,-3.536258736858144403e-05,2.603355981409549713e-02,2.164106629788875580e-02,-4.006811231374740601e-02,-1.474766409955918789e-03,1.787798479199409485e-03,-3.278300166130065918e-02,-9.273786097764968872e-03,-1.651202701032161713e-02,1.162403821945190430e-02,-3.468463197350502014e-02,-7.981482893228530884e-03,-1.889910665340721607e-03,-5.115648265928030014e-03,7.365461904555559158e-03,5.905761383473873138e-03,3.491898532956838608e-03,2.413193136453628540e-02,3.460428118705749512e-02,2.825659140944480896e-02,-9.240306913852691650e-03,-1.100132241845130920e-02,3.522029891610145569e-02,1.853418163955211639e-02,2.209638711065053940e-03,7.948002777993679047e-03,4.071091767400503159e-03,1.337835751473903656e-02,2.010101638734340668e-02,-1.097453851252794266e-02,-1.877523213624954224e-02,7.037364412099123001e-03,-1.631115004420280457e-02,6.997189018875360489e-03,-4.898032173514366150e-03,-2.343556098639965057e-02,2.716851187869906425e-03,1.651202701032161713e-02,-8.269404992461204529e-03,1.337166130542755127e-02,1.699412986636161804e-02,-2.780127152800559998e-02,3.650590777397155762e-02,1.303686760365962982e-02,-1.850739680230617523e-02,1.566834747791290283e-02,-5.510704591870307922e-03,3.122955933213233948e-02,7.244099397212266922e-04,1.546747051179409027e-02,2.840724773705005646e-03,-1.664594374597072601e-02,1.569513045251369476e-02,-9.842935949563980103e-03,2.710490114986896515e-02,-1.269537862390279770e-02,-3.208662942051887512e-02,1.909663528203964233e-02,4.590021912008523941e-03,-2.834029030054807663e-03,-2.820302359759807587e-02,-4.332230892032384872e-03,2.860477566719055176e-02,-1.215970795601606369e-02,2.394444681704044342e-02,7.439116481691598892e-03,-3.313118591904640198e-02,-1.039199717342853546e-02,2.801553905010223389e-02,-1.979300566017627716e-02,5.139083601534366608e-03,-3.254194930195808411e-02,-1.373993512243032455e-02,-7.445812691003084183e-03,-2.699776738882064819e-02,-3.085459023714065552e-02,1.141646597534418106e-02,-2.330164425075054169e-02,-6.565304938703775406e-03,-2.125940227415412664e-04,2.326146885752677917e-02,6.327601615339517593e-03,-1.362610515207052231e-02,1.422203797847032547e-02,-2.626121975481510162e-02,-1.024468801915645599e-02,3.039927035570144653e-02,9.340745396912097931e-03,-4.760766867548227310e-03,-4.081805050373077393e-02,-4.777506459504365921e-03
-1.068904437124729156e-02,-1.979863271117210388e-02,-1.701379939913749695e-02,-6.529115140438079834e-03,1.030803564935922623e-02,3.477576375007629395e-02,6.446851766668260098e-04,-1.728397095575928688e-03,-1.120167504996061325e-02,-2.956632710993289948e-02,7.509348448365926743e-03,5.009407177567481995e-04,-8.049689233303070068e-03,-4.824963863939046860e-03,-1.497713197022676468e-02,7.072919514030218124e-03,2.324849925935268402e-02,1.526808459311723709e-02,1.903661340475082397e-02,-9.130369871854782104e-03,-8.687013760209083557e-03,7.530130445957183838e-03,-1.547590736299753189e-02,2.301296591758728027e-02,-8.451480418443679810e-03,-1.547590736299753189e-02,2.830553241074085236e-02,-2.177988179028034210e-02,9.646464604884386063e-04,-4.863065201789140701e-03,-7.543985266238451004e-03,-1.864867657423019409e-02,1.081547001376748085e-03,-3.724193200469017029e-02,-3.039762005209922791e-02,-1.558674685657024384e-02,7.253032643347978592e-03,-1.978477649390697479e-02,1.443679165095090866e-02,1.197754871100187302e-02,1.611323282122612000e-02,-1.391030568629503250e-02,-1.266336627304553986e-02,6.262408569455146790e-03,-5.143626593053340912e-03,1.431209687143564224e-02,-1.262180134654045105e-02,3.172768978402018547e-03,-1.475545391440391541e-02,-3.931323997676372528e-03,1.492171268910169601e-02,-5.299494136124849319e-03,-3.959726542234420776e-02,-1.028725318610668182e-02,-7.059064693748950958e-03,7.280742749571800232e-03,-5.323740188032388687e-03,-5.850225687026977539e-03,7.273815106600522995e-03,-6.328219082206487656e-03,5.881398916244506836e-03,1.070982683449983597e-02,-8.312931284308433533e-03,-1.941069588065147400e-02,-1.131944172084331512e-02,5.992238293401896954e-04,-1.784509420394897461e-02,-1.690296083688735962e-02,-2.309609577059745789e-02,-3.366737440228462219e-02,4.303327575325965881e-02,3.618896380066871643e-02,2.687847986817359924e-02,-5.309884902089834213e-03,-2.490415703505277634e-03,-4.278388991951942444e-02,-6.338610313832759857e-03,5.088206846266984940e-03,-3.574560629203915596e-03,-1.037038210779428482e-02,6.058048922568559647e-03,-1.451992057263851166e-02,-1.090379524976015091e-02,-9.966858197003602982e-04,1.045351196080446243e-02,2.577008912339806557e-03,-1.111161895096302032e-02,3.142288327217102051e-02,-7.765663787722587585e-03,-1.627949066460132599e-02,4.203572496771812439e-02,1.863482221961021423e-02,1.240012329071760178e-02,2.675378508865833282e-02,-3.896686714142560959e-03,-1.303052064031362534e-02,1.337862457148730755e-03,3.929245844483375549e-02,-1.001708302646875381e-02,-4.908093251287937164e-03,2.097629755735397339e-02,7.000181358307600021e-03,-2.934464812278747559e-02,1.222044229507446289e-04,-1.604395732283592224e-02,-6.650345399975776672e-03,-8.396061137318611145e-03,4.686415195465087891e-03,2.085160277783870697e-02,-3.932016715407371521e-02,-2.191842906177043915e-02,4.353205114603042603e-02,1.005864702165126801e-02,-2.654596231877803802e-02,1.369555480778217316e-02,-3.350111469626426697e-02,1.762341521680355072e-02,4.194566980004310608e-03,-6.369784008711576462e-03,-3.050845861434936523e-02,-3.427352523431181908e-03,1.492171268910169601e-02,7.661751937121152878e-03,-1.932756602764129639e-02,6.394030060619115829e-03,-1.719391345977783203e-02,7.710244040936231613e-03,2.116333926096558571e-03,-1.611323282122612000e-02,-4.056017845869064331e-03,3.818406537175178528e-02,2.209854312241077423e-03,3.189394623041152954e-02,-1.088301278650760651e-02,2.794530615210533142e-02,4.464737139642238617e-03,-9.206571616232395172e-03,6.347269518300890923e-04,-1.062669791281223297e-02,-2.915067970752716064e-02,7.052137050777673721e-03,2.951090782880783081e-02,-7.266887929290533066e-03,7.048673462122678757e-03,-6.352465134114027023e-03,9.303555823862552643e-03,2.423219569027423859e-02,1.282269693911075592e-02,1.726665184833109379e-03,-9.068022482097148895e-03,3.787925839424133301e-02,-1.335264649242162704e-03,2.036668173968791962e-02,-1.125709526240825653e-02,3.176232567057013512e-03,1.046043937094509602e-03,-2.074076421558856964e-02,1.713849417865276337e-02,-3.261440247297286987e-02,-1.866253092885017395e-02,1.519881002604961395e-02,1.530964951962232590e-02,-7.262991130119189620e-05,-5.410333164036273956e-03,3.314088657498359680e-02,2.915067970752716064e-02,-1.730475202202796936e-02,1.772559480741620064e-03,-4.288087133318185806e-03,-1.538758282549679279e-03,1.544819772243499756e-02,8.610812015831470490e-03,-1.946611516177654266e-02,2.590863779187202454e-02,1.420125830918550491e-02,2.746038511395454407e-02,-5.171336233615875244e-03,3.436011727899312973e-03,-6.813140120357275009e-03,-2.590863732621073723e-03,-2.597791142761707306e-02,8.737237658351659775e-04,2.636584825813770294e-02,3.584951860830187798e-03,-1.712810248136520386e-03,-3.058466129004955292e-03,1.242090575397014618e-02,1.239319518208503723e-02,1.834386959671974182e-02,-1.647345907986164093e-02,4.790327046066522598e-03,1.672284677624702454e-02,-2.865190431475639343e-02,-1.361935306340456009e-02,-6.357730031013488770e-01,-1.021105144172906876e-02,-9.760767221450805664e-03,-6.840850226581096649e-03,1.565602049231529236e-02,-3.994103753939270973e-04,6.279726978391408920e-03,-4.613677039742469788e-03,-1.365398988127708435e-02,-1.269800309091806412e-02,5.697821732610464096e-03,6.516125868074595928e-04,3.591186553239822388e-02,-8.790925145149230957e-03,-2.230636589229106903e-02,-1.100770663470029831e-02,-2.945548854768276215e-02,-4.052554257214069366e-03,-1.038439904732513241e-06,6.376711186021566391e-03,-2.721099555492401123e-02,2.051908709108829498e-02,-9.857751429080963135e-03,2.620305400341749191e-03,1.042580138891935349e-02,-4.333115648478269577e-03,-2.795223379507660866e-03,-1.375097408890724182e-02,-9.068022482097148895e-03,1.715234853327274323e-02,-2.414906583726406097e-02,2.635199390351772308e-02,1.597641501575708389e-03,2.258346416056156158e-02,2.430146932601928711e-02,-1.557289157062768936e-02,-3.402759879827499390e-02,2.776519209146499634e-02,3.228188306093215942e-02,3.605041280388832092e-02,-3.627208992838859558e-02,1.609937846660614014e-02,2.104210900142788887e-03,-2.550684474408626556e-02,3.264557453803718090e-04,2.049137651920318604e-02,-1.011406723409891129e-02,-1.420125830918550491e-02,1.518495474010705948e-02,2.292983606457710266e-02,1.555903721600770950e-02,-9.213498793542385101e-03,1.974321343004703522e-02,-1.206760574132204056e-02,1.134022418409585953e-02,1.730475202202796936e-02,3.560705855488777161e-02,-9.539089165627956390e-03,-1.010713912546634674e-02,6.875487044453620911e-03,9.054168127477169037e-03,4.297785833477973938e-02,-1.280191447585821152e-02,-8.839417248964309692e-03,-2.710362197831273079e-03,2.150278352200984955e-02,-1.214380748569965363e-02,2.069919928908348083e-02,2.147507295012474060e-02,-3.266981989145278931e-02,3.200478851795196533e-02,-3.006510203704237938e-03,-2.635892014950513840e-03,-6.383638828992843628e-03,-2.407979220151901245e-02,1.270319917239248753e-03,1.751257665455341339e-02,-7.564767729490995407e-03,-9.899316355586051941e-03,6.148105487227439880e-03,4.949658177793025970e-03,-9.823114611208438873e-03,-4.829813167452812195e-02,9.338193573057651520e-03,1.306515745818614960e-02,-1.704150997102260590e-02,-3.014823235571384430e-02,-4.045626614242792130e-03,-1.228235661983489990e-02,-1.381332147866487503e-02,2.032511867582798004e-02,2.395509742200374603e-02,5.538490600883960724e-03,-9.116514585912227631e-03,1.999260112643241882e-02,6.366319954395294189e-03,-6.151569541543722153e-03,2.225094661116600037e-02,4.073336347937583923e-02,4.696806427091360092e-03,-6.917051970958709717e-03,-1.032189000397920609e-02,4.932339303195476532e-03,-1.594697311520576477e-02,3.111807443201541901e-02,3.225417435169219971e-02,-3.286378830671310425e-02,-8.804780431091785431e-03,2.051908709108829498e-02,-1.221308205276727676e-02,2.296880265930667520e-04,1.026647072285413742e-02,1.145106367766857147e-02,-8.823830867186188698e-04,-3.150600939989089966e-02,-2.205697819590568542e-02,9.809259325265884399e-03,2.244491502642631531e-02,-2.154434844851493835e-02,-2.003416605293750763e-02,2.308223955333232880e-02,1.311364956200122833e-02,-4.440491087734699249e-03,-7.751808967441320419e-03,1.662586256861686707e-02,1.250403467565774918e-02,-2.732876222580671310e-03,-2.816698327660560608e-02,-3.494895063340663910e-03,-4.454345908015966415e-03,-1.622407138347625732e-02,-1.659122644923627377e-03,2.661523595452308655e-02,-1.089686807245016098e-02,3.962497413158416748e-02,-5.927293677814304829e-04,1.297510042786598206e-02,-5.981847178190946579e-03,4.148152843117713928e-02,-4.076107591390609741e-02,-1.117916079238057137e-03,1.504640653729438782e-02,-6.619171705096960068e-03,-1.762341521680355072e-02,5.337595008313655853e-03,-5.106911063194274902e-02,-8.596956729888916016e-03,-2.848910808097571135e-04,-3.566247597336769104e-02,8.922547101974487305e-03,-2.279128693044185638e-02,2.008958486840128899e-03,-1.704150997102260590e-02,-2.464784309267997742e-02,-1.524037495255470276e-02,-3.997134510427713394e-03,-1.215073466300964355e-02,1.223386451601982117e-02,1.242783293128013611e-02,-9.559871628880500793e-03,2.502192370593547821e-02,6.227771285921335220e-03,-3.278066217899322510e-02,-1.752643100917339325e-02,1.138871628791093826e-02,1.257330877706408501e-03,-1.026127501972950995e-04,1.161212683655321598e-03,-6.577607244253158569e-03,-1.512953545898199081e-02,1.416662055999040604e-02,1.311364956200122833e-02,3.692327067255973816e-03,5.524635780602693558e-03,-1.711078360676765442e-02,7.239177823066711426e-03,5.246996806818060577e-05,-5.791342351585626602e-03,8.700868114829063416e-03,2.758507803082466125e-02,1.294739078730344772e-02,1.050893124192953110e-02,-2.926152013242244720e-02,-2.687847986817359924e-02,2.531287632882595062e-02,1.867638714611530304e-02,-2.172446064651012421e-02,1.148570049554109573e-02,-2.478639036417007446e-02,9.170202538371086121e-04,-3.735277429223060608e-02,1.483858283609151840e-02,1.589155383408069611e-02,5.434579215943813324e-03,-4.430099856108427048e-03,-1.056435052305459976e-02,2.042210288345813751e-02,4.353898111730813980e-03,-1.481606857851147652e-03,3.117349371314048767e-02,1.252481713891029358e-02,-4.696806427091360092e-03,4.164778813719749451e-02,1.317599695175886154e-02,8.922547101974487305e-03,-1.167274173349142075e-02,2.050523087382316589e-02,-7.578622549772262573e-03,4.984295461326837540e-03,2.384425885975360870e-02,1.759570464491844177e-02,-1.949382387101650238e-02,-2.521589212119579315e-02,-1.338381972163915634e-02,-6.522187497466802597e-03,1.572529599070549011e-02,3.230959549546241760e-02,8.229802362620830536e-03,1.231006626039743423e-02,-8.382205851376056671e-03,2.026277128607034683e-03,-5.334130953997373581e-03,1.299588289111852646e-02,-1.818453776650130749e-03,-2.362257987260818481e-02,1.697223488008603454e-04,2.407979220151901245e-02,-4.973904229700565338e-03,8.624666370451450348e-03,1.044528544298373163e-04,2.824664814397692680e-03,-3.049806691706180573e-03,-7.731026504188776016e-03,1.737402752041816711e-02,9.289701469242572784e-03,-2.954554511234164238e-03,2.518818341195583344e-02,-2.212625369429588318e-02,3.912619873881340027e-02,-2.577008865773677826e-02,1.812219060957431793e-02,1.716620475053787231e-02,1.747101172804832458e-02,-9.719202294945716858e-03,4.627531860023736954e-03,9.206571616232395172e-03,1.956309936940670013e-02,9.532161988317966461e-03,-1.839928887784481049e-02,-4.256913904100656509e-03,5.840700468979775906e-04,1.370248198509216309e-02,-8.638521656394004822e-03,1.225464697927236557e-02,3.253127261996269226e-02,-1.666742749512195587e-02,1.665357314050197601e-02,3.596728295087814331e-02,1.639855618122965097e-04,3.136746212840080261e-02,1.003093738108873367e-02,-1.798364147543907166e-02,2.286056242883205414e-02,9.109587408602237701e-03,2.144736424088478088e-02,2.697546407580375671e-02,2.218513749539852142e-03,1.887035556137561798e-02,-2.491108514368534088e-02,-1.695838011801242828e-02,1.167966891080141068e-02,-1.366091798990964890e-02,5.701285786926746368e-03,1.258023642003536224e-02,-1.957002561539411545e-03,5.758436745963990688e-04,-9.407467208802700043e-03,5.642402451485395432e-03,1.449221093207597733e-02,2.323464304208755493e-02,-8.541537448763847351e-03,-4.031771793961524963e-02,1.390337850898504257e-02,1.627949066460132599e-02,-7.841865532100200653e-03,-4.295014590024948120e-02,-3.530225157737731934e-02,1.131771015934646130e-03,5.413796752691268921e-03,1.379946619272232056e-02,2.836787840351462364e-03,2.161362208425998688e-03,-5.701285786926746368e-03,3.612661501392722130e-03,-9.539089165627956390e-03,-5.337595008313655853e-03,1.453377585858106613e-02,-2.360872551798820496e-02,2.622729912400245667e-02,-1.488014776259660721e-02,-1.183900050818920135e-02,-1.573915034532546997e-02,-8.576174266636371613e-03,1.137486193329095840e-02,4.364288970828056335e-02,-1.166581362485885620e-02,-2.082389406859874725e-02,-2.476560883224010468e-03,-5.836370866745710373e-03,-6.504869088530540466e-03,-3.671544790267944336e-02,-1.327298115938901901e-02,-1.874566078186035156e-02,-4.869992379099130630e-03,-2.256960980594158173e-02,4.114901181310415268e-03,-9.656855836510658264e-03,1.018334086984395981e-02,1.117396540939807892e-02,1.614960143342614174e-03,1.936913095414638519e-02,-3.308546915650367737e-02,-9.234281256794929504e-03,1.144413556903600693e-02,7.941620796918869019e-02,3.078555688261985779e-02,1.571144163608551025e-02,8.707796223461627960e-03,-1.591926440596580505e-02,8.354496210813522339e-03,-6.951689254492521286e-03,-1.352236885577440262e-02,1.668128371238708496e-02,5.933355074375867844e-03,-2.951090689748525620e-03,-2.956632710993289948e-02,4.982217028737068176e-02,-2.534199302317574620e-05,2.189072081819176674e-03,6.518723908811807632e-03,-2.516047284007072449e-02,-1.666915952228009701e-03,-1.096267835237085819e-03,-9.019530378282070160e-03,-2.440191805362701416e-03,8.527682162821292877e-03,1.255599083378911018e-03,1.431209687143564224e-02,1.067519001662731171e-02,-1.875951513648033142e-02,2.719021402299404144e-03,1.641803979873657227e-02,2.492493949830532074e-02,7.701368303969502449e-05,3.157182130962610245e-03,1.348080392926931381e-02,-4.613677039742469788e-03,3.056387789547443390e-02,-1.468617934733629227e-02,-7.758736144751310349e-03,2.934464812278747559e-02,-3.616125322878360748e-03,-1.288504432886838913e-02,-1.951807062141597271e-03,6.504869088530540466e-03,2.372649265453219414e-03,1.204682327806949615e-02,-2.549299038946628571e-02,6.972471252083778381e-03,1.062669791281223297e-02,1.744330115616321564e-02,7.715439423918724060e-04,-5.365304648876190186e-03,-4.214656352996826172e-02,2.708630263805389404e-02,1.129173208028078079e-02,-1.655658893287181854e-02,3.823948558419942856e-03,8.299076929688453674e-03,-5.520306294783949852e-04,5.001613870263099670e-03,-1.227542944252490997e-02,-2.284324262291193008e-03,7.613259833306074142e-03,-1.947996951639652252e-02,-1.433980744332075119e-02,1.375790219753980637e-02,-9.587581269443035126e-03,-1.708307489752769470e-02,4.093686002306640148e-04,-7.295463583432137966e-04,3.983279690146446228e-03,-1.964622922241687775e-02,1.499791396781802177e-03,-4.378144070506095886e-02,-1.096614263951778412e-02,-1.754028536379337311e-02,1.422896794974803925e-02,4.065023735165596008e-02,2.112870104610919952e-02,7.266887929290533066e-03,-4.987759166397154331e-04,2.148892916738986969e-02,3.914005123078823090e-03,-1.856554672122001648e-02,-2.394124306738376617e-02,4.482055548578500748e-03,-4.092733189463615417e-02,-1.451992057263851166e-02,2.683691494166851044e-02,-3.316513262689113617e-03,4.513229243457317352e-03,-3.020365163683891296e-02,1.852398179471492767e-02,1.211609784513711929e-02,-1.744330115616321564e-02,2.359487116336822510e-02,-1.143028121441602707e-02,4.461273550987243652e-03,-1.959080807864665985e-02,2.890129201114177704e-02,9.021912410389631987e-05,1.295431866310536861e-03,5.247538210824131966e-04,-1.037730928510427475e-02,-2.360872551798820496e-02,-6.054585333913564682e-03,-1.378561183810234070e-02,4.630303010344505310e-02,-2.511890791356563568e-02,-4.547866526991128922e-03,-2.064378000795841217e-03,-1.397958025336265564e-02,-2.582550793886184692e-02,1.215766277164220810e-02,-1.792822219431400299e-02,4.461273550987243652e-03,-1.597468368709087372e-02,-3.657690016552805901e-03,2.138847950845956802e-03,-2.634160220623016357e-03,2.712786756455898285e-02,2.830553241074085236e-02,6.044194102287292480e-03,1.012792158871889114e-02,-8.984893560409545898e-03,4.414166882634162903e-02,-1.525422930717468262e-02,-1.677826792001724243e-02,2.809770964086055756e-02,-1.705536432564258575e-02,-3.164456039667129517e-02,-8.451480418443679810e-03,8.588947093812748790e-05,1.070982683449983597e-02,1.551747228950262070e-02,-2.937235869467258453e-03,1.299761468544602394e-03,-2.493879571557044983e-02,-1.666742749512195587e-02,-2.456471323966979980e-02,6.456376984715461731e-03,-3.564169397577643394e-03,2.973258495330810547e-02,-2.578394301235675812e-02,-1.420125830918550491e-02,-2.448158338665962219e-02,-5.268320441246032715e-03,-1.885649934411048889e-02,-2.951090782880783081e-02,4.045626614242792130e-03,1.888420991599559784e-02,-1.348773203790187836e-02,3.286378830671310425e-02,-1.974321343004703522e-02,-6.158496718853712082e-03,-2.395509742200374603e-02,-7.606332655996084213e-03,-3.623052733018994331e-03,-4.732309607788920403e-04,-1.164503209292888641e-02,4.222276620566844940e-03,4.006833210587501526e-02,1.928600110113620758e-02,7.627114653587341309e-03,1.177665311843156815e-02,1.470003370195627213e-02,1.468617934733629227e-02,-1.501869689673185349e-02,-7.918067276477813721e-03,-2.033897303044795990e-02,-1.884264498949050903e-02,-3.416614979505538940e-02,2.040824666619300842e-02,-4.056017845869064331e-03,-5.185191053897142410e-03,2.396895363926887512e-02,-1.300281099975109100e-02,-1.086915843188762665e-02,2.934464812278747559e-02,-1.066826190799474716e-02,2.733569033443927765e-02,-1.451992057263851166e-02,-1.722162403166294098e-02,-4.040084779262542725e-02,-3.875904483720660210e-03,1.943840458989143372e-02,3.337295725941658020e-03,-5.829443223774433136e-03,-6.362856365740299225e-03,1.856554672122001648e-02,-1.952153444290161133e-02,-1.140430336818099022e-03,1.274649519473314285e-03,2.456471323966979980e-02,-2.998197264969348907e-02,2.424605004489421844e-02,-1.293353643268346786e-02,-1.071675401180982590e-02,-3.371933009475469589e-03,3.216065466403961182e-03,2.500806935131549835e-02,8.312931284308433533e-03,-6.137714721262454987e-03,-8.929474279284477234e-03,1.672284677624702454e-02,-3.408302087336778641e-03,-1.816375553607940674e-02,3.865513252094388008e-03,1.389645040035247803e-02,-9.241209365427494049e-03,1.321063376963138580e-02,1.802867045626044273e-03,-2.308223955333232880e-02,-8.458407595753669739e-03,-3.650762373581528664e-03,2.587399911135435104e-03,-4.572112485766410828e-02,1.019719615578651428e-02,1.459092745790258050e-04,-2.050523087382316589e-02,2.671222016215324402e-02,-3.303004801273345947e-02,-1.561445649713277817e-02,6.923979148268699646e-03,-1.810833625495433807e-02,3.585644438862800598e-02,-8.465335704386234283e-03,-2.538907807320356369e-03,1.827459409832954407e-02,-1.115318294614553452e-02,-1.899504847824573517e-02,1.573915034532546997e-02,-1.034267246723175049e-02,7.440073881298303604e-03,8.610812015831470490e-03,4.031771793961524963e-02,-2.830553241074085236e-02,2.085809828713536263e-04,-8.562319912016391754e-03,1.158268470317125320e-02,-1.949382387101650238e-02,-3.577331453561782837e-02,2.402437292039394379e-02,-2.646283246576786041e-03,1.686139591038227081e-02,3.619588911533355713e-03,-5.476143676787614822e-03,1.676441170275211334e-03,-8.908691816031932831e-03,-1.065440755337476730e-02,-6.113468669354915619e-03,-1.618250645697116852e-02,-1.863482221961021423e-02,-1.941069588065147400e-02,9.137297049164772034e-03,-2.578394301235675812e-02,2.992655336856842041e-02,-2.022813446819782257e-02,-1.881493441760540009e-02,-6.186206825077533722e-03,2.457510447129607201e-03,-2.556226449087262154e-03,6.975935306400060654e-03,-1.814990118145942688e-02,3.433240950107574463e-02,1.507411617785692215e-02,-4.966976586729288101e-03,-1.512780319899320602e-03,2.435429196339100599e-04,5.178263876587152481e-03,-1.288504432886838913e-02,-8.894836530089378357e-03,2.413521148264408112e-02,-7.731026504188776016e-03,1.776196435093879700e-02,-2.480024658143520355e-02,1.168659608811140060e-02,1.303052064031362534e-02,-9.504451416432857513e-03,-1.584998890757560730e-02,-7.592477370053529739e-03,-3.136399900540709496e-03,-1.844085380434989929e-02,3.061929903924465179e-02,-1.601105323061347008e-03,6.435594521462917328e-03,2.890475559979677200e-03,-2.312380447983741760e-02,-2.155820280313491821e-02,-1.521266531199216843e-02,4.773008171468973160e-03,1.255945395678281784e-02,-2.259731851518154144e-02,-2.639355883002281189e-02,2.431532554328441620e-02,-8.922547101974487305e-03,2.920609898865222931e-02,-1.100597553886473179e-03,-1.550361793488264084e-02,1.769268885254859924e-02,3.524683043360710144e-02,-2.848564647138118744e-02,8.306004106998443604e-03,-4.499374423176050186e-03,3.148522926494479179e-03,-2.527131140232086182e-02,2.076847478747367859e-02,1.280884258449077606e-02,-2.552762860432267189e-03,1.659815385937690735e-02,-2.164133265614509583e-02,-1.529579423367977142e-02,1.972935721278190613e-02,1.282962411642074585e-02,-8.292149752378463745e-03,2.915067970752716064e-02,-3.580102697014808655e-02,1.093150489032268524e-02,5.801733583211898804e-03,1.817760989069938660e-02,-1.179743558168411255e-02,-2.308223955333232880e-02,1.511568110436201096e-02,2.082389406859874725e-02,5.943746306002140045e-03,2.312380447983741760e-02,-9.261990897357463837e-03,-1.892577484250068665e-02,-1.370767829939723015e-03,6.196597591042518616e-03,3.092410601675510406e-02,-8.804780431091785431e-03,-9.871606715023517609e-03,-1.449221093207597733e-02,1.812219060957431793e-02,-5.112452805042266846e-02,-2.060221508145332336e-02,4.561721347272396088e-03,-1.568373106420040131e-02,-1.837504212744534016e-03,2.848564647138118744e-02,-3.567633219063282013e-03,-1.400728989392518997e-02,1.439522672444581985e-02,6.878951098769903183e-03,1.036345493048429489e-02,1.711078360676765442e-02,-1.447835564613342285e-02,-1.197148740175180137e-04,-6.885878276079893112e-03,-1.672284677624702454e-02,-4.006833210587501526e-02,-2.478639036417007446e-02,-2.589131938293576241e-03,6.227771285921335220e-03,1.644575037062168121e-02,-2.876274287700653076e-02,1.751257665455341339e-02,2.855838509276509285e-03,-5.702671036124229431e-02,-1.019026897847652435e-02,-2.820854820311069489e-02,8.631594479084014893e-03,1.422896794974803925e-02,2.380269393324851990e-02,2.444001846015453339e-02,-1.931371167302131653e-02,1.924443617463111877e-02,1.679212227463722229e-02,-1.893962919712066650e-02,-8.680086582899093628e-03,1.007250230759382248e-02,-2.294369228184223175e-02,-1.523171551525592804e-03,-8.624666370451450348e-03,-6.816603988409042358e-02,-1.693067140877246857e-02,1.647345907986164093e-02,-1.562831178307533264e-02,6.013020407408475876e-03,2.389967814087867737e-02,-1.175933401100337505e-03,9.185789152979850769e-03,-2.755736932158470154e-02,8.222875185310840607e-03,1.859325729310512543e-02,-1.537892315536737442e-02,9.719202294945716858e-03,-3.164456039667129517e-02,1.249017938971519470e-02,9.282773826271295547e-04,1.593311876058578491e-02,-3.513599187135696411e-02,6.767245940864086151e-04,1.957002561539411545e-03,-1.974321343004703522e-02,5.424187984317541122e-03,-2.049137651920318604e-02,-3.365005366504192352e-03,1.943147741258144379e-03,9.892388246953487396e-03,3.679857775568962097e-02,9.511379525065422058e-03,-8.929474279284477234e-03,2.491108514368534088e-02,-4.419708624482154846e-03,-2.405208162963390350e-02,-9.836968965828418732e-03,2.082389406859874725e-02,-8.770142681896686554e-03,2.359660284128040075e-04,6.317827850580215454e-03,-2.286056242883205414e-02,3.602270409464836121e-02,-8.818634785711765289e-03,3.875904483720660210e-03,-2.686462365090847015e-02,7.682534400373697281e-03,-7.654824759811162949e-03,7.041745819151401520e-03,-3.272524103522300720e-02,3.303004801273345947e-02,2.122568525373935699e-02,-7.987341843545436859e-03,7.232250645756721497e-03,2.495265007019042969e-02,-6.456376984715461731e-03,-2.253583807032555342e-04,-1.146491803228855133e-02,6.376711186021566391e-03,-6.982862483710050583e-03,-2.139194495975971222e-02,-1.227542944252490997e-02,-4.211885388940572739e-03,-4.849209915846586227e-03,-2.826396841555833817e-03,1.586384512484073639e-02,-2.909526042640209198e-02,2.995426394045352936e-02,1.858771443367004395e-01,3.806629916653037071e-03,-1.016602269373834133e-03,3.812864795327186584e-02,1.869024150073528290e-02,-6.355929072014987469e-04,2.719714120030403137e-02,6.054585333913564682e-03,-3.169305273331701756e-04,1.181128993630409241e-02,-1.260101888328790665e-02,-1.860711164772510529e-02,-4.010989330708980560e-03,4.020081833004951477e-04,3.907077945768833160e-03,-9.636073373258113861e-03,-5.429383600130677223e-04,-1.582228019833564758e-02,-8.529414189979434013e-04,-4.264533892273902893e-02,3.097952529788017273e-02,-1.357778813689947128e-02,8.458407595753669739e-03,-1.276727765798568726e-02,5.608458071947097778e-02,4.236131440848112106e-03,1.914745196700096130e-02,-4.669096786528825760e-03,4.918484482914209366e-03,2.762664295732975006e-02,1.981248613446950912e-03,-2.588092721998691559e-02,1.675055734813213348e-02,-1.625178195536136627e-02,6.414812058210372925e-03,7.952705025672912598e-03,1.208838820457458496e-02,9.012603200972080231e-03,-2.647582150530070066e-04,-6.279726978391408920e-03,5.687430966645479202e-03,-7.059064693748950958e-03,2.209854312241077423e-02,5.978383123874664307e-03,-5.566200707107782364e-03,1.558674685657024384e-02,-3.119514149148017168e-04,9.552943520247936249e-03,-1.950768008828163147e-02,4.475128371268510818e-03,-2.003416605293750763e-02,6.837386172264814377e-03,3.641064092516899109e-02,2.585321664810180664e-02,-5.877935327589511871e-03,1.433980744332075119e-02,3.555163741111755371e-02,1.762341521680355072e-02,-1.064055226743221283e-02,-8.894836530089378357e-03,-3.532996028661727905e-02,3.532996028661727905e-02,-9.116514585912227631e-03,-9.857751429080963135e-03,-7.027890998870134354e-03,2.934464812278747559e-02,-4.012374952435493469e-02,-8.167454972863197327e-03,-9.317411109805107117e-03,5.846762098371982574e-03,-1.702765561640262604e-02,-7.232250645756721497e-03,1.030457206070423126e-03,9.421322494745254517e-03,-6.099613383412361145e-03,-2.820854820311069489e-02,7.994269020855426788e-03,-2.305453084409236908e-02,1.724933274090290070e-02,-1.291102147661149502e-03,2.244653842353727669e-05,-1.178358029574155807e-02,-1.086915843188762665e-02,2.259731851518154144e-02,2.807346405461430550e-03,-2.890129201114177704e-02,2.128110453486442566e-02,2.254189923405647278e-02,-1.027339790016412735e-02,7.952705025672912598e-03,2.099015191197395325e-02,-1.217151712626218796e-02,-9.504451416432857513e-03,1.634876616299152374e-02,3.072320949286222458e-03,1.461690478026866913e-02,-2.522974833846092224e-02,3.081326745450496674e-02,-3.114578314125537872e-02,-8.139745332300662994e-03,-2.575623244047164917e-02,-2.223709225654602051e-02,2.554840967059135437e-02,2.081696642562747002e-03,-3.893222892656922340e-03,2.937235869467258453e-02,1.615479774773120880e-02,2.934464812278747559e-02,2.013115026056766510e-02,-2.194613963365554810e-02,-3.261093748733401299e-03,-3.901536017656326294e-02,9.850824251770973206e-03,2.492147730663418770e-03,3.020365163683891296e-02,-1.508797053247690201e-02,4.049090668559074402e-03,-2.604718506336212158e-02,1.009328477084636688e-02,1.945226080715656281e-02,-8.638521656394004822e-03,-1.640418544411659241e-02,-4.094118718057870865e-03,-1.112547330558300018e-02,1.039116410538554192e-03,-1.756799593567848206e-02,-3.413844108581542969e-02,2.039439231157302856e-02,-1.526808459311723709e-02,-1.923058182001113892e-02,9.400540031492710114e-03,-3.903614124283194542e-03,3.546850755810737610e-03,-3.214333672076463699e-03,9.774622507393360138e-03,-6.451181252487003803e-04,1.205375045537948608e-02,-1.598853804171085358e-02,5.898717790842056274e-03,-1.399343460798263550e-02,7.772590965032577515e-03,-7.426219061017036438e-03,1.404192671179771423e-02,1.855169236660003662e-02,7.474711164832115173e-03,2.076847478747367859e-02,8.319859392940998077e-03,-1.734631694853305817e-02,-1.734631694853305817e-02,-1.614094153046607971e-02,-2.953861653804779053e-02,5.316812545061111450e-03,-1.774810999631881714e-02,-3.156143054366111755e-02,1.471388898789882660e-02,-3.012052178382873535e-02,-1.056435052305459976e-02,-3.718651458621025085e-02,-1.068211719393730164e-02,2.714172191917896271e-02,-5.600145086646080017e-02,1.557289157062768936e-02,2.758507803082466125e-02,-3.169305156916379929e-03,1.134368823841214180e-03,-2.115641161799430847e-02,-1.782292574644088745e-01,6.026875227689743042e-03,2.207083441317081451e-02,-2.119797654449939728e-02,2.047752216458320618e-02,9.809259325265884399e-03,2.351174131035804749e-02,4.471664316952228546e-03,-3.050845861434936523e-02,-7.765663787722587585e-03,8.499972522258758545e-03,1.882879063487052917e-02,-4.799332469701766968e-02,-5.600837524980306625e-03,3.775456454604864120e-03,-8.105108514428138733e-03,-3.571096807718276978e-03,9.552943520247936249e-03,2.934464812278747559e-02,2.514661848545074463e-02,2.166557824239134789e-03,-2.323464304208755493e-02,1.285733468830585480e-02,-8.527682162821292877e-03,1.436751708388328552e-02,-1.337689254432916641e-02,1.792475930415093899e-03,-1.931024715304374695e-03,1.709692925214767456e-02,-2.881816215813159943e-02,-3.623052733018994331e-03,8.653891563881188631e-05,3.488660231232643127e-02,-9.927025996148586273e-03,2.970487624406814575e-02,-5.881398916244506836e-03,-6.355929188430309296e-03,-6.646881811320781708e-03,-9.248136193491518497e-04,3.217104449868202209e-02,4.336579516530036926e-02,1.708307489752769470e-02,6.698837503790855408e-03,-2.460627816617488861e-02,-2.514661755412817001e-03,3.884910047054290771e-02,2.639355836436152458e-03,-1.107698120176792145e-02,2.920609898865222931e-02,-2.312380447983741760e-02,1.075139176100492477e-02,-1.391030568629503250e-02,2.069919928908348083e-02,-3.574560582637786865e-02,2.312380447983741760e-02,2.865190431475639343e-02,1.409734715707600117e-03,6.206988822668790817e-03,-3.164109541103243828e-03,-1.048122160136699677e-02,1.993718184530735016e-02,-1.795593276619911194e-02,-7.987341843545436859e-03,-1.946611516177654266e-02,1.701379939913749695e-02,-9.393612854182720184e-03,-9.303555823862552643e-03,1.368862763047218323e-02,-2.525745704770088196e-02,7.488565985113382339e-03,-2.743267454206943512e-02,-1.249017938971519470e-02,4.908093251287937164e-03,-1.641803979873657227e-02,9.899316355586051941e-03,7.010572589933872223e-03,-2.574237808585166931e-02,1.118089351803064346e-02,7.169903721660375595e-03,-8.416843600571155548e-03,-8.728578686714172363e-03,4.669096693396568298e-02,-6.449449341744184494e-03,-8.070470765233039856e-03,1.794207841157913208e-02,1.236548530869185925e-03,-4.824963863939046860e-03,-5.555809475481510162e-03,-4.253449849784374237e-03,-3.636907553300261497e-03,-3.264557570219039917e-03,-3.577331453561782837e-02,1.996489055454730988e-02,-3.810093551874160767e-02,-5.881398916244506836e-03,2.610260620713233948e-02,1.333532761782407761e-02,-3.640371374785900116e-03,-4.097582772374153137e-03,-7.100629154592752457e-03,1.245554257184267044e-02,-7.703316863626241684e-03,-2.981571480631828308e-02,1.798364147543907166e-02,-2.299911109730601311e-03,1.184592768549919128e-02,8.291283156722784042e-04,7.855720818042755127e-03,4.541631788015365601e-02,-4.163393285125494003e-03,1.262180134654045105e-02,5.810392904095351696e-04,1.558674685657024384e-02,-4.114901181310415268e-03,6.636490579694509506e-03,4.355976358056068420e-02,2.434996189549565315e-03,-9.296628646552562714e-03,4.932339303195476532e-03,-1.932756602764129639e-02,4.951736330986022949e-02,9.712275117635726929e-03,4.236131440848112106e-03,-3.907077945768833160e-03,1.902275905013084412e-02,-2.322078868746757507e-02,-1.120029017329216003e-01,-3.499744087457656860e-02,-1.932756602764129639e-02,6.373247597366571426e-03,8.423770777881145477e-03,2.417677640914916992e-02,3.520872909575700760e-03,5.569664295762777328e-03,-3.768528997898101807e-02,2.547567244619131088e-03,2.072690986096858978e-02,-2.450929395854473114e-02,-1.505852909758687019e-03,-4.645716398954391479e-04,1.109083648771047592e-02,7.807228248566389084e-03,-3.723500529304146767e-03,-1.967393793165683746e-02,-3.115617437288165092e-03,2.475868165493011475e-02,-4.672560375183820724e-03,7.356078713200986385e-04,-4.502838011831045151e-03,-1.608552224934101105e-02,3.633443964645266533e-03,1.187190529890358448e-03,-3.408301994204521179e-02,6.969007663428783417e-03,2.064378000795841217e-02,2.740496397018432617e-02,2.992655383422970772e-03,-4.187639337033033371e-03,1.212995313107967377e-02,-1.026647072285413742e-02,-1.360549777746200562e-02,-2.809770964086055756e-02,-3.890452161431312561e-02,1.140257157385349274e-02,-8.513827808201313019e-03,-2.085160277783870697e-02,-1.557289157062768936e-02,-1.185285486280918121e-02,-1.041887421160936356e-02,-1.902275905013084412e-02,-3.255898132920265198e-03,-3.222992876544594765e-03,2.175217028707265854e-03,9.331265464425086975e-03,2.626886405050754547e-02,-2.802150789648294449e-03,-1.632105559110641479e-02,-2.122568525373935699e-02,-1.229621097445487976e-02,-1.201911363750696182e-02,1.562831178307533264e-02,-1.701379939913749695e-02,1.304437499493360519e-02,-9.151152335107326508e-03,-8.174383081495761871e-03,2.243106067180633545e-02,-8.673158474266529083e-03,2.818083763122558594e-02,3.720036940649151802e-03,1.855169236660003662e-02,4.998150281608104706e-03,-2.777904737740755081e-03,-1.887035556137561798e-02,-1.693067140877246857e-02,2.981571480631828308e-02,-1.677826792001724243e-02,9.989372454583644867e-03,1.822783378884196281e-04,-1.386181358247995377e-02,2.998197264969348907e-02,-2.270815894007682800e-02,7.758736144751310349e-03,-4.339350387454032898e-02,-2.237564139068126678e-02,1.593311876058578491e-02,-4.699577391147613525e-02,-2.096244320273399353e-02,-2.625500969588756561e-02,4.037313908338546753e-02,-3.169997781515121460e-02,3.469263389706611633e-02,9.345120750367641449e-03,1.586384512484073639e-02,-2.613031491637229919e-02,-2.215396240353584290e-02,-2.599176578223705292e-02,1.073060929775238037e-02,-4.852673970162868500e-03,-3.274948801845312119e-03,-2.678149566054344177e-02,-4.461273550987243652e-03,1.470003370195627213e-02,3.467185189947485924e-03,2.893939381465315819e-03,-1.378561183810234070e-02,1.362628024071455002e-02,-3.873826190829277039e-02,-3.743590041995048523e-02,-4.178633540868759155e-02,3.585644438862800598e-02,-1.302359276451170444e-03,-4.187639337033033371e-03,-2.029740810394287109e-02,-2.484181150794029236e-02,-3.022097051143646240e-03,-5.313348956406116486e-03,-2.389967814087867737e-02,5.108989309519529343e-03,-1.621021656319499016e-03,8.673158474266529083e-03,2.611645963042974472e-03,1.591926440596580505e-02,-9.261990897357463837e-03,-1.110469084233045578e-02,-1.143028121441602707e-02,-1.972935721278190613e-02,1.928600110113620758e-02,5.406869109719991684e-03,-4.333115648478269577e-03,8.063543587923049927e-03,1.381332147866487503e-02,1.107005402445793152e-02,-4.214656352996826172e-02,2.381308469921350479e-03,7.453928701579570770e-03,6.351599586196243763e-04,-1.878722570836544037e-02,-1.164503209292888641e-02,5.500389728695154190e-03,-2.734954468905925751e-02,-1.297163660638034344e-03,1.566987670958042145e-02,1.882879063487052917e-02,-1.378561183810234070e-02,6.563752423971891403e-03,1.794207841157913208e-02,2.104557119309902191e-02,3.145059198141098022e-02,3.198746824637055397e-03,-2.931693941354751587e-02,6.434944953070953488e-05,-9.022994781844317913e-04,-1.279498729854822159e-02,1.691681519150733948e-02,-1.918901689350605011e-02,4.312333185225725174e-03,1.615479774773120880e-02,1.533735916018486023e-02,1.347387675195932388e-03,2.028355374932289124e-02,1.917516253888607025e-02,-1.147877331823110580e-02,-4.215348977595567703e-03,-1.711078360676765442e-02,1.026647072285413742e-02,1.218537241220474243e-02,-1.299588289111852646e-02,-4.502838104963302612e-02,2.135038003325462341e-02,1.129865925759077072e-02,-2.989191561937332153e-03,-1.005171984434127808e-02,1.555903721600770950e-02,1.411120127886533737e-02,-4.440491087734699249e-03,1.420125830918550491e-02,3.072320949286222458e-03,-1.290582679212093353e-02,-1.781738363206386566e-02,-2.215049928054213524e-03,1.220615487545728683e-02,1.561445649713277817e-02,-4.346970468759536743e-03,-4.731443710625171661e-03,-1.282269693911075592e-02,-3.335563931614160538e-03,-2.003416605293750763e-02,2.453700266778469086e-02,-1.798364147543907166e-02,-9.788476862013339996e-03,-2.317922376096248627e-02,1.722162403166294098e-02,2.654942451044917107e-03,1.086915843188762665e-02,-7.828010246157646179e-03,-1.169352419674396515e-02,8.839417248964309692e-03,7.315380033105611801e-03,-2.625501016154885292e-03,2.917839027941226959e-02,-1.357778813689947128e-02,-7.190685719251632690e-03,2.851335518062114716e-02,6.556824781000614166e-03,-1.016948651522397995e-02,2.388235880061984062e-03,1.383410394191741943e-02,1.763726957142353058e-02,-3.754674270749092102e-02,1.384406205033883452e-04,-2.264407958136871457e-04,-2.340090274810791016e-02,-6.820067763328552246e-03,-1.775157288648188114e-03,-3.139863489195704460e-03,-2.987113408744335175e-02,-1.615479774773120880e-02,-6.407884880900382996e-03,-5.683966912329196930e-03,-5.819051992148160934e-03,3.189394623041152954e-02,7.668679580092430115e-03,2.299911156296730042e-02,1.615479774773120880e-02,8.001197129487991333e-03,-1.935527659952640533e-02,-1.278113201260566711e-02,4.150923714041709900e-02,2.989884465932846069e-02,-5.537624820135533810e-04,1.449221093207597733e-02,8.001197129487991333e-03,2.840251661837100983e-02,1.816375553607940674e-02,-2.640741318464279175e-02,-1.388952322304248810e-02,5.864080507308244705e-03,-2.776519209146499634e-02,2.081003971397876740e-02,-2.240335009992122650e-02,-3.120120428502559662e-02,-3.453330369666218758e-03,1.055742334574460983e-02,1.654792926274240017e-03,-3.318245289847254753e-03,3.106265515089035034e-02,-1.935527659952640533e-02,4.707890376448631287e-02,-5.251867696642875671e-04,-1.383410394191741943e-02,6.255480926483869553e-03,-1.129865925759077072e-02,4.170320555567741394e-02,-4.208421800285577774e-03,1.644575037062168121e-02,-4.676023963838815689e-03,-2.086545899510383606e-02,2.934464812278747559e-02,3.210869850590825081e-03,5.995701998472213745e-03,-1.005171984434127808e-02,-2.104557119309902191e-02,1.759570464491844177e-02,-4.613677039742469788e-03,-9.726130403578281403e-03,-1.947996951639652252e-02,-5.036251153796911240e-03,4.588738456368446350e-02,-7.391581777483224869e-03,1.420125830918550491e-02,1.474159862846136093e-02,-2.353945188224315643e-02,-8.964111097157001495e-03,3.546850755810737610e-02,-6.248553749173879623e-03,3.217797260731458664e-03,-2.809770964086055756e-02,-1.275342237204313278e-02,9.809259325265884399e-03,-2.488337457180023193e-02,-3.372279182076454163e-02,1.122245751321315765e-02,-2.984342537820339203e-02,-8.790925145149230957e-03,3.623052733018994331e-03,2.094858698546886444e-02,-1.438137143850326538e-02,-1.156883034855127335e-02,1.736017316579818726e-02,-2.489723078906536102e-02,-2.193228527903556824e-02,2.931693941354751587e-02,3.359809983521699905e-03,5.143626593053340912e-03,-3.003739379346370697e-02,-6.466768216341733932e-03
-1.422774419188499451e-02,-2.087089419364929199e-02,-1.824545674026012421e-02,1.625649072229862213e-02,1.604640565346926451e-04,3.858596086502075195e-02,-3.124335780739784241e-03,-6.523811724036931992e-03,-1.487747300416231155e-02,-3.771081566810607910e-02,6.755858194082975388e-03,1.083324011415243149e-02,4.001138731837272644e-03,-9.248696267604827881e-03,-2.731514722108840942e-02,1.090616919100284576e-02,1.687970012426376343e-02,-4.690647125244140625e-03,1.215921808034181595e-02,-1.118462439626455307e-02,-3.629864891991019249e-03,1.837805472314357758e-02,-2.694387361407279968e-02,3.277817741036415100e-02,9.341515600681304932e-03,1.019014138728380203e-02,2.943671122193336487e-02,-3.020577877759933472e-02,7.060832809656858444e-03,1.300784479826688766e-02,3.305000253021717072e-03,-7.955867797136306763e-03,-1.759572885930538177e-02,-1.535482518374919891e-02,-3.155827522277832031e-02,-2.077807486057281494e-02,1.175148063339293003e-03,-3.969978168606758118e-02,1.782114431262016296e-02,3.566880943253636360e-03,1.438686158508062363e-02,-9.878536220639944077e-04,-1.123103406280279160e-02,3.057705238461494446e-02,-8.532668463885784149e-03,2.403335180133581161e-03,-2.003552764654159546e-02,2.466319128870964050e-03,-1.870954968035221100e-02,1.622997038066387177e-02,2.221013186499476433e-03,-9.905056096613407135e-03,-1.164871733635663986e-02,-1.145645044744014740e-02,-8.956981822848320007e-03,4.715509421657770872e-04,-2.154714195057749748e-03,-8.877422660589218140e-03,1.950513757765293121e-02,2.263444475829601288e-02,4.133736714720726013e-03,3.272513672709465027e-02,-3.329862374812364578e-03,-1.927972026169300079e-02,-2.211731299757957458e-02,-1.738357171416282654e-02,-8.844273164868354797e-03,2.194079279433935881e-04,-2.455131325405091047e-04,-3.519145771861076355e-02,4.664790630340576172e-02,2.858808636665344238e-02,1.067412272095680237e-02,8.254213258624076843e-03,-1.930624060332775116e-02,-2.228969149291515350e-02,-3.207209287211298943e-03,4.266334231942892075e-03,-1.698577776551246643e-02,-3.792297095060348511e-03,8.419960737228393555e-03,-2.579027228057384491e-02,-1.105865649878978729e-02,9.089579805731773376e-03,2.985107945278286934e-03,7.474164885934442282e-05,-2.428197301924228668e-03,2.048636041581630707e-02,-1.327966991811990738e-02,-1.670732349157333374e-02,2.315157651901245117e-02,1.303436420857906342e-02,3.344779601320624352e-03,2.431843616068363190e-02,7.869679480791091919e-03,-2.181233838200569153e-02,-4.886229056864976883e-03,3.153175860643386841e-02,-1.744987070560455322e-02,7.723821792751550674e-03,5.714965052902698517e-03,4.398932214826345444e-03,-1.301447395235300064e-02,2.433169633150100708e-03,-2.222339250147342682e-02,3.336492227390408516e-03,2.659911848604679108e-02,-3.762462642043828964e-03,1.849739253520965576e-02,-5.407338216900825500e-02,-1.942557841539382935e-02,2.869416400790214539e-02,2.850852673873305321e-03,-2.758034318685531616e-02,2.479578927159309387e-02,-2.313831634819507599e-02,1.426752377301454544e-02,-3.444227855652570724e-03,-1.201336085796356201e-02,-7.100612390786409378e-03,2.751404419541358948e-03,2.032724395394325256e-02,1.333933882415294647e-02,-1.734379306435585022e-02,1.424100436270236969e-02,-1.233822572976350784e-02,1.284209731966257095e-02,1.115147490054368973e-02,-1.217247825115919113e-02,-1.661450415849685669e-02,5.089103803038597107e-02,1.144982036203145981e-02,2.659911848604679108e-02,-9.553671814501285553e-03,1.485095359385013580e-02,2.996710315346717834e-02,-2.376152575016021729e-02,5.628776736557483673e-03,-3.306657599750906229e-04,-3.529753535985946655e-02,-5.768004339188337326e-03,2.160018123686313629e-02,-1.772832684218883514e-02,-1.390950940549373627e-02,-2.786211436614394188e-03,2.638696320354938507e-02,1.880236901342868805e-02,3.935502842068672180e-02,1.819904893636703491e-03,1.174153573811054230e-02,2.528640069067478180e-02,7.698959670960903168e-04,1.828523725271224976e-02,7.551444694399833679e-03,1.041555777192115784e-02,1.097909826785326004e-02,-1.242441404610872269e-02,-6.381269078701734543e-03,-2.800465561449527740e-02,-1.033599860966205597e-02,1.335259899497032166e-02,1.248408295214176178e-02,-7.259729783982038498e-03,-2.153388224542140961e-02,9.547041729092597961e-03,3.338812664151191711e-02,-3.208866808563470840e-03,-2.792509645223617554e-02,9.228806942701339722e-03,-2.190515771508216858e-02,9.407813660800457001e-03,-7.650893181562423706e-03,-1.160230766981840134e-02,3.675610944628715515e-02,3.057705238461494446e-02,3.049749508500099182e-02,3.225441556423902512e-03,6.696188822388648987e-03,-7.969127967953681946e-03,-7.213320583105087280e-03,-5.025456845760345459e-02,-8.976871147751808167e-03,3.837380558252334595e-02,-6.530441809445619583e-03,-6.497292313724756241e-03,1.099898759275674820e-02,-1.436199992895126343e-03,1.144319027662277222e-02,2.308527752757072449e-02,-5.529328249394893646e-03,-2.497811103239655495e-03,1.042218692600727081e-02,-1.458575855940580368e-02,2.879029838368296623e-03,-6.517447233200073242e-01,-8.201174437999725342e-03,-1.860347203910350800e-02,8.128245361149311066e-03,3.776385262608528137e-02,5.685130599886178970e-03,2.337699197232723236e-02,7.929348386824131012e-03,-2.301897853612899780e-02,-6.155853159725666046e-03,-4.107216838747262955e-03,-3.842021338641643524e-03,7.166911382228136063e-03,2.549192635342478752e-03,-6.527126766741275787e-03,1.182109396904706955e-02,-1.726423390209674835e-02,-1.235148496925830841e-02,-1.156252808868885040e-02,-2.351953415200114250e-03,-1.526200678199529648e-02,2.842896804213523865e-02,-1.483769435435533524e-02,1.210617925971746445e-02,6.822156719863414764e-03,-2.866764552891254425e-02,9.971355088055133820e-03,-1.365757361054420471e-02,-1.851065270602703094e-02,1.461227796971797943e-02,-2.048636041581630707e-02,3.946110606193542480e-02,8.214433677494525909e-03,6.686244159936904907e-03,4.656834900379180908e-02,-3.299033269286155701e-02,-3.349420428276062012e-02,2.516706287860870361e-02,3.829424455761909485e-02,3.102788515388965607e-02,-2.218361198902130127e-02,8.042057044804096222e-03,-2.605546731501817703e-03,-1.617693156003952026e-02,1.555372215807437897e-02,4.707222105935215950e-04,-1.026969961822032928e-02,-7.233209908008575439e-03,1.092605851590633392e-02,3.747214004397392273e-02,2.581679262220859528e-02,-1.760235871188342571e-03,1.534156594425439835e-02,1.565979979932308197e-02,6.447568070143461227e-03,2.415931969881057739e-02,2.869416400790214539e-02,-9.898426011204719543e-03,-1.705207675695419312e-02,1.384321041405200958e-02,2.238250896334648132e-02,3.858596086502075195e-02,-9.364719735458493233e-04,-8.499518968164920807e-03,-1.281226286664605141e-03,2.232947014272212982e-02,-1.117799431085586548e-02,3.495278209447860718e-02,2.461015246808528900e-02,-2.999362349510192871e-02,1.227192673832178116e-02,7.677412591874599457e-03,5.545902997255325317e-03,-5.197833757847547531e-03,2.620463958010077477e-03,1.491725258529186249e-02,2.885328233242034912e-02,-3.712738398462533951e-03,-1.268961001187562943e-02,-5.560820573009550571e-04,1.615041308104991913e-02,-3.550969064235687256e-02,-1.041555777192115784e-02,1.266309060156345367e-03,1.847087405622005463e-02,-2.461015246808528900e-02,-2.441125549376010895e-02,7.949238643050193787e-03,-1.848413422703742981e-02,-5.095070693641901016e-03,2.415931969881057739e-02,2.612176723778247833e-02,2.174603939056396484e-02,-1.551394257694482803e-02,1.551394257694482803e-02,2.360240789130330086e-03,-1.072716247290372849e-02,2.573723345994949341e-02,2.191841602325439453e-02,-4.024343099445104599e-03,8.479629643261432648e-03,-5.953641142696142197e-03,5.274077411741018295e-03,-1.044207718223333359e-02,2.450407296419143677e-02,2.385434508323669434e-02,-1.866977103054523468e-02,-2.130846679210662842e-02,1.790070347487926483e-02,4.316058475524187088e-03,4.979047458618879318e-03,-3.865225939080119133e-03,2.076813019812107086e-03,-1.542112417519092560e-02,-3.084224835038185120e-02,-1.982337236404418945e-02,1.519570779055356979e-02,1.033599860966205597e-02,-1.359956222586333752e-03,-2.186537720263004303e-02,2.777924062684178352e-03,-1.876258850097656250e-02,9.865276515483856201e-03,-1.485095359385013580e-02,2.036702260375022888e-02,1.174153573811054230e-02,4.405561834573745728e-03,-1.926646009087562561e-02,-3.848651191219687462e-03,-1.371061243116855621e-02,3.665086114779114723e-04,-6.437623407691717148e-03,1.939905807375907898e-02,-1.670732349157333374e-02,2.872068434953689575e-02,1.280894782394170761e-02,8.499726391164585948e-05,-5.731539800763130188e-03,4.754957184195518494e-02,-2.906543761491775513e-02,-5.811098497360944748e-03,1.204153755679726601e-03,9.547041729092597961e-03,-2.206095959991216660e-03,-7.827414083294570446e-04,-6.141930073499679565e-02,6.377954501658678055e-03,-1.889518648386001587e-02,-4.158267006278038025e-02,2.545877732336521149e-02,-2.457037195563316345e-02,-4.806670360267162323e-03,3.865225939080119133e-03,-7.359177805483341217e-03,-1.733053289353847504e-02,-1.088627986609935760e-02,-6.161654018796980381e-04,6.189002189785242081e-03,3.417708445340394974e-03,-3.351409453898668289e-03,1.922668144106864929e-02,5.970215890556573868e-03,-1.158241834491491318e-02,9.099524468183517456e-04,2.398362848907709122e-03,-1.329293008893728256e-02,-1.200673077255487442e-02,-1.259016152471303940e-02,-1.298629678785800934e-03,-2.088415436446666718e-02,1.954491622745990753e-02,1.150285918265581131e-02,8.345374371856451035e-04,-1.013047248125076294e-02,-1.864325068891048431e-02,1.478465460240840912e-02,-6.994534283876419067e-03,4.943411913700401783e-04,-6.248671561479568481e-03,1.548742316663265228e-02,2.583005279302597046e-02,-6.041487213224172592e-04,-1.685317978262901306e-02,-1.645538769662380219e-02,1.429404318332672119e-02,2.268748357892036438e-02,1.702555827796459198e-02,1.238463446497917175e-02,-1.824545674026012421e-02,1.096003688871860504e-04,-2.076481655240058899e-02,1.394928898662328720e-02,6.472429959103465080e-04,1.866977103054523468e-02,-6.619945168495178223e-03,-1.892170682549476624e-02,3.981248941272497177e-03,1.811286062002182007e-02,-1.605759374797344208e-02,4.208654165267944336e-02,9.586821310222148895e-03,8.884052745997905731e-03,3.911635279655456543e-02,-4.170200787484645844e-03,3.320248797535896301e-02,-2.527314051985740662e-02,1.235645730048418045e-03,-2.439799532294273376e-02,2.502120472490787506e-02,2.244880795478820801e-02,1.136363204568624496e-02,-2.678475528955459595e-02,-2.292615920305252075e-02,-2.099023200571537018e-02,-7.405587472021579742e-03,8.605597540736198425e-03,2.484882809221744537e-02,1.141004078090190887e-02,3.124335780739784241e-03,-1.596974791027605534e-03,-3.699478693306446075e-03,8.413330651819705963e-03,7.909459061920642853e-03,-2.627094043418765068e-03,-1.929298043251037598e-02,1.796700176782906055e-03,1.604433357715606689e-02,-2.179576316848397255e-03,9.374664165079593658e-03,4.985677544027566910e-03,1.081998087465763092e-02,-1.258353143930435181e-02,2.216040855273604393e-03,1.786092482507228851e-02,-1.396420644596219063e-03,-2.958588534966111183e-03,1.546090375632047653e-02,-3.179695457220077515e-02,3.728650137782096863e-02,-1.558024156838655472e-02,2.073829621076583862e-02,1.576587930321693420e-02,-4.266334231942892075e-03,-3.049749415367841721e-03,-9.958094917237758636e-03,7.968299323692917824e-04,6.968014407902956009e-03,-6.593425758183002472e-03,-1.548742316663265228e-02,1.337911840528249741e-02,6.948124617338180542e-03,2.166648022830486298e-02,2.143112011253833771e-03,-1.715484075248241425e-03,3.190303221344947815e-02,-1.943883858621120453e-02,9.958094917237758636e-03,1.461227796971797943e-02,5.754744634032249451e-03,3.975282236933708191e-02,5.771319381892681122e-03,-4.182134568691253662e-02,2.567093446850776672e-02,3.961359150707721710e-03,2.951627038419246674e-02,2.471623010933399200e-02,1.637582900002598763e-03,1.038903743028640747e-02,-2.341677248477935791e-02,3.732628189027309418e-03,5.506123881787061691e-03,-2.824333123862743378e-02,1.319348160177469254e-02,1.088627986609935760e-02,-1.676036231219768524e-02,-1.670732349157333374e-02,-1.228518597781658173e-02,8.811123669147491455e-03,1.661616261117160320e-03,1.079346146434545517e-02,-1.207965984940528870e-02,-2.080459520220756531e-02,1.417470537126064301e-02,1.024318020790815353e-02,-4.694790986832231283e-04,-1.205314043909311295e-02,-2.320461533963680267e-02,1.057467516511678696e-02,-1.024318020790815353e-02,4.872969351708889008e-03,1.028958987444639206e-02,1.030284911394119263e-02,4.777664435096085072e-04,-3.117705928161740303e-03,-1.839794451370835304e-03,1.778468023985624313e-03,2.659911848604679108e-02,-3.275165706872940063e-02,2.268748357892036438e-02,-1.819241791963577271e-02,2.247947122668847442e-04,-1.442664116621017456e-02,-1.516918838024139404e-02,9.891795925796031952e-03,2.747426554560661316e-02,1.213269890286028385e-03,-1.885540783405303955e-02,-9.911686182022094727e-03,-2.099023200571537018e-02,7.511665578931570053e-03,-3.354724496603012085e-02,-2.983450517058372498e-02,-1.495703216642141342e-02,-4.117161966860294342e-03,-2.608198858797550201e-02,-1.498355157673358917e-02,2.087089419364929199e-02,2.126868814229965210e-02,2.930411510169506073e-02,1.836479641497135162e-02,-3.517156699672341347e-03,-3.375940024852752686e-02,-1.515592914074659348e-02,1.910734362900257111e-02,6.613978743553161621e-02,2.319135516881942749e-02,7.975758053362369537e-03,2.965218387544155121e-03,2.277367282658815384e-03,2.037033671513199806e-03,-1.561339129693806171e-03,-2.091067284345626831e-02,3.835391486063599586e-03,-8.900627726688981056e-04,-3.114390885457396507e-03,-4.444678500294685364e-02,4.829211905598640442e-02,-2.099023200571537018e-02,5.569107830524444580e-03,-8.187914267182350159e-03,-4.248433560132980347e-02,-1.638908870518207550e-02,-6.484032608568668365e-03,-2.650630101561546326e-02,7.213320583105087280e-03,9.487372823059558868e-03,3.092222323175519705e-05,3.891745582222938538e-03,5.678500980138778687e-03,-3.309972584247589111e-03,2.225985517725348473e-03,4.869654309004545212e-03,1.853717304766178131e-02,-7.650893181562423706e-03,3.397818654775619507e-03,2.031398378312587738e-02,-3.344779601320624352e-03,2.081785537302494049e-02,-2.572397328913211823e-02,-1.980679575353860855e-03,5.205789580941200256e-02,-1.272110152058303356e-03,-1.214927411638200283e-03,-2.994058467447757721e-02,-4.534844774752855301e-03,1.245756354182958603e-02,1.257690135389566422e-02,-1.880236901342868805e-02,1.697251945734024048e-02,1.060782372951507568e-02,1.556698232889175415e-02,2.700022654607892036e-03,1.862999168224632740e-03,-2.089741453528404236e-02,3.715390339493751526e-02,-4.637608304619789124e-03,-2.085763402283191681e-02,7.375752902589738369e-04,1.001113373786211014e-02,1.040892768651247025e-02,7.251442293636500835e-04,-1.667417353019118309e-03,-1.095257885754108429e-02,1.012384239584207535e-02,-1.742335036396980286e-02,-8.625486865639686584e-03,-4.647552967071533203e-03,4.011083394289016724e-03,-3.248646110296249390e-02,-7.040943484753370285e-03,-2.114313392667099833e-04,1.373713277280330658e-02,-2.323113568127155304e-02,-6.174085137899965048e-05,-4.198046401143074036e-02,1.963773369789123535e-02,-3.346768394112586975e-02,1.532830577343702316e-02,5.272088572382926941e-02,1.451945956796407700e-02,5.661926232278347015e-03,-6.215522065758705139e-03,1.678688265383243561e-02,-4.418821539729833603e-03,-2.621458470821380615e-02,-1.841783523559570312e-02,1.569958031177520752e-02,-1.066086348146200180e-02,-2.211731299757957458e-02,1.326640974730253220e-02,7.113872095942497253e-03,4.379042424261569977e-03,-1.042218692600727081e-02,5.532643292099237442e-03,1.201336085796356201e-02,-6.822156719863414764e-03,3.458150848746299744e-02,-9.268586523830890656e-03,3.316602436825633049e-03,-4.919378552585840225e-03,3.463454544544219971e-02,6.944810156710445881e-04,-7.538184989243745804e-03,2.811073325574398041e-03,1.490896567702293396e-03,-1.144982036203145981e-02,9.600080549716949463e-03,-1.729075424373149872e-02,2.588309161365032196e-02,-2.299245819449424744e-02,3.878485644236207008e-03,7.226580288261175156e-03,-2.177255973219871521e-02,-1.103213708847761154e-02,1.734379306435585022e-02,-5.204463843256235123e-03,8.811123669147491455e-03,-1.409514620900154114e-02,-3.206214681267738342e-02,2.156040258705615997e-02,-5.280707497149705887e-03,1.184098329395055771e-02,9.619970805943012238e-03,-6.639834959059953690e-03,8.758084848523139954e-03,-3.094832785427570343e-02,4.810648411512374878e-02,-1.522222813218832016e-02,-1.872943947091698647e-03,4.097272083163261414e-02,-6.102813873440027237e-03,-2.959582954645156860e-02,-2.486208826303482056e-02,-3.540361300110816956e-03,-1.238132012076675892e-03,9.671352454461157322e-04,4.988992121070623398e-03,2.701680175960063934e-03,-1.335259899497032166e-02,-1.480951672419905663e-03,-1.562002114951610565e-02,-7.299508899450302124e-03,-1.364431343972682953e-02,2.529966086149215698e-02,-2.882676199078559875e-02,-9.487372823059558868e-03,-1.628300920128822327e-02,-1.668080314993858337e-02,-1.548742316663265228e-02,-3.611963987350463867e-02,-7.087352685630321503e-03,1.251723244786262512e-02,4.236914101056754589e-04,4.304124787449836731e-02,-1.165534649044275284e-02,-9.818866848945617676e-03,-9.918315336108207703e-03,-3.338149748742580414e-03,-1.437360141426324844e-02,-1.920016109943389893e-02,-1.400232780724763870e-02,-2.129852306097745895e-03,1.906756311655044556e-02,2.118912898004055023e-02,2.503446489572525024e-02,2.726542297750711441e-03,2.457037195563316345e-02,1.117799431085586548e-02,-1.719793491065502167e-02,-1.543106976896524429e-03,2.227228687843307853e-04,-1.256364211440086365e-02,-2.978146634995937347e-02,1.916038244962692261e-02,-2.499468624591827393e-03,-9.063059464097023010e-03,1.019677054136991501e-02,-3.158479556441307068e-02,-2.121564903063699603e-04,1.511614955961704254e-02,9.671352454461157322e-04,2.169300056993961334e-02,-1.125755347311496735e-02,-2.230958081781864166e-03,-2.999362349510192871e-02,2.459689276292920113e-03,1.689296029508113861e-02,3.029859857633709908e-03,-1.882888749241828918e-02,2.197808586061000824e-03,6.434308364987373352e-03,-1.459901779890060425e-02,-4.481805488467216492e-03,-2.618806611280888319e-04,2.797813713550567627e-02,-2.394716255366802216e-02,2.695713378489017487e-02,-7.210005423985421658e-04,-1.983663067221641541e-02,-1.581891812384128571e-02,-7.306138984858989716e-03,2.874720282852649689e-02,5.416620057076215744e-03,-5.347006488591432571e-03,-6.348119582980871201e-03,1.327966991811990738e-02,-2.837592968717217445e-03,-2.951627038419246674e-02,-7.776861079037189484e-03,3.028533793985843658e-02,-1.821893826127052307e-02,1.279568765312433243e-03,-1.060782372951507568e-02,-3.934839740395545959e-03,1.952502643689513206e-03,4.084012471139431000e-03,5.870767869055271149e-03,-4.553408548235893250e-02,1.847087405622005463e-02,6.965528591535985470e-04,-2.171952091157436371e-02,3.033837676048278809e-02,-2.930411510169506073e-02,-1.305425353348255157e-02,5.907231941819190979e-03,-3.683567047119140625e-02,3.301685303449630737e-02,-1.520896796137094498e-02,1.221225783228874207e-02,2.654607966542243958e-02,-1.072053238749504089e-02,-2.324439398944377899e-02,1.125423819757997990e-03,-1.528852619230747223e-02,7.272989489138126373e-03,-9.687927085906267166e-04,4.105227813124656677e-02,-2.927759476006031036e-02,5.433194804936647415e-03,3.858596086502075195e-03,1.402884721755981445e-02,-1.445316057652235031e-02,-3.354724496603012085e-02,2.694387361407279968e-02,5.651981104165315628e-03,4.922693595290184021e-03,4.607773851603269577e-03,-1.580565795302391052e-02,3.124335780739784241e-04,-1.481117494404315948e-02,-3.468758612871170044e-02,-4.282908979803323746e-03,-1.829849742352962494e-02,-5.731539800763130188e-03,-1.811286062002182007e-02,1.707859709858894348e-02,-2.008856646716594696e-02,1.902778446674346924e-02,-9.911686182022094727e-03,9.547041729092597961e-03,-8.366920985281467438e-03,8.658636361360549927e-03,-2.250847639515995979e-03,2.192836254835128784e-03,-1.542112417519092560e-02,1.650842651724815369e-02,-1.504985056817531586e-02,-1.441338099539279938e-02,-1.913386210799217224e-02,1.396254822611808777e-02,-8.479008101858198643e-05,-1.682666130363941193e-02,-1.813937909901142120e-02,2.490186691284179688e-02,-2.045984007418155670e-02,-2.152062393724918365e-02,-2.518032304942607880e-02,-9.704501717351377010e-04,-8.937091566622257233e-03,1.575261913239955902e-02,-1.613715291023254395e-02,-3.114390885457396507e-03,3.029859857633709908e-03,-2.141454443335533142e-02,3.993845731019973755e-02,6.719393655657768250e-03,2.018138580024242401e-02,2.523502043914049864e-04,-3.076269105076789856e-02,-4.168874770402908325e-02,-4.198046401143074036e-02,1.387304509989917278e-03,-9.008363122120499611e-04,-2.620132640004158020e-02,-3.124004229903221130e-02,2.080459520220756531e-02,-2.499468624591827393e-02,3.230082616209983826e-02,-4.719652933999896049e-04,-2.978146634995937347e-02,4.276278894394636154e-03,2.068525739014148712e-02,-2.882676199078559875e-02,1.613715291023254395e-02,-2.645326219499111176e-02,-1.121777389198541641e-02,-1.173490565270185471e-02,1.909408345818519592e-02,1.012715743854641914e-03,-1.121777389198541641e-02,3.535057231783866882e-02,-2.008856646716594696e-02,-1.819241791963577271e-02,1.916038244962692261e-02,6.686244159936904907e-03,1.018351130187511444e-02,5.443139933049678802e-03,-1.791396364569664001e-02,7.485146168619394302e-03,4.945897962898015976e-03,1.239789463579654694e-02,-3.089528717100620270e-02,-2.964886836707592010e-02,2.271400392055511475e-02,2.275709761306643486e-03,-1.178462989628314972e-03,4.800040274858474731e-02,-8.022166788578033447e-03,-1.198684144765138626e-02,8.512779138982295990e-03,1.291502639651298523e-02,1.359956222586333752e-03,2.711625071242451668e-03,-1.920016109943389893e-02,-2.491512708365917206e-02,1.829849742352962494e-02,-4.009757563471794128e-02,-6.994534283876419067e-03,8.817753754556179047e-03,-1.498355157673358917e-02,-7.239839993417263031e-03,2.592287026345729828e-02,-2.658586017787456512e-03,1.184761337935924530e-02,1.254706759937107563e-03,9.646490216255187988e-03,-1.402884721755981445e-02,1.022992003709077835e-02,-7.479344494640827179e-04,-4.660812672227621078e-03,-1.805981993675231934e-02,-1.640069065615534782e-03,-2.811073325574398041e-02,-1.977033168077468872e-02,1.286861672997474670e-02,1.562002114951610565e-02,3.177043423056602478e-02,-1.693273894488811493e-02,-5.559162702411413193e-03,-1.134374178946018219e-02,-5.415294319391250610e-02,-2.293941937386989594e-02,-2.285986021161079407e-02,4.153626039624214172e-03,4.567994270473718643e-03,2.222339250147342682e-02,6.802267394959926605e-03,-3.122678259387612343e-03,1.490399334579706192e-02,1.013047248125076294e-02,-3.574836626648902893e-02,-2.226317115128040314e-02,4.929323215037584305e-03,-2.496816590428352356e-02,2.704995125532150269e-02,-1.426752377301454544e-02,-4.640923067927360535e-02,-2.651956118643283844e-02,-1.203325111418962479e-03,-1.668080314993858337e-02,-1.722217530186753720e-05,8.095095865428447723e-03,1.629295526072382927e-03,7.982388138771057129e-03,-2.765990234911441803e-02,-3.759147599339485168e-03,1.511614955961704254e-02,-7.955867797136306763e-03,-9.679639711976051331e-03,-2.601568959653377533e-02,-5.678500980138778687e-03,1.319348160177469254e-02,-2.562452573329210281e-03,-2.821681275963783264e-02,9.971355088055133820e-03,8.048686198890209198e-03,-5.595627240836620331e-03,-1.070727221667766571e-02,-2.650630101561546326e-02,-2.580353245139122009e-02,-1.251723244786262512e-02,-7.783491164445877075e-03,3.776385262608528137e-02,2.618806669488549232e-03,-1.562002114951610565e-02,3.672959282994270325e-02,-1.017688121646642685e-02,-8.234323933720588684e-03,-1.344541739672422409e-02,1.973055303096771240e-02,-8.797864429652690887e-03,2.035376243293285370e-02,1.213932875543832779e-02,-2.128194645047187805e-02,1.751616969704627991e-02,-1.975707337260246277e-02,3.033837676048278809e-02,-4.460589960217475891e-02,3.914949949830770493e-03,2.050293609499931335e-03,-6.696188822388648987e-03,-1.982337236404418945e-02,3.975282236933708191e-02,3.760473802685737610e-02,-6.341489963233470917e-03,-5.780435167253017426e-04,1.178131438791751862e-02,-1.422940171323716640e-03,1.240452472120523453e-02,-6.049774587154388428e-03,-5.632091779261827469e-03,-1.329955924302339554e-02,-1.087964978069067001e-02,-1.473161578178405762e-02,-6.288450676947832108e-03,-9.142618626356124878e-03,-5.797838792204856873e-03,1.951839588582515717e-02,-2.612176723778247833e-02,1.512940879911184311e-02,1.446907222270965576e-01,-2.395047806203365326e-03,-3.285110462456941605e-03,3.601356223225593567e-02,2.811073325574398041e-02,-1.068075280636548996e-02,3.431631252169609070e-02,2.267422340810298920e-02,-6.653094664216041565e-03,-3.484007203951478004e-03,-1.853717304766178131e-02,-9.268586523830890656e-03,-1.803330145776271820e-02,1.495040254667401314e-03,1.023655012249946594e-02,-1.691947877407073975e-02,-8.698415942490100861e-03,6.619945168495178223e-03,9.795662481337785721e-04,-1.170838624238967896e-02,4.659486934542655945e-02,-2.240902930498123169e-02,-8.532668463885784149e-03,-2.529303077608346939e-03,5.669882148504257202e-02,-2.393390238285064697e-02,-7.737081963568925858e-03,-9.049800224602222443e-03,-6.888455711305141449e-03,8.877422660589218140e-03,1.519902260042726994e-03,-2.816377393901348114e-02,-2.300571883097290993e-03,-9.348144754767417908e-03,-8.884052745997905731e-03,3.835391486063599586e-03,1.934601925313472748e-02,-5.512753501534461975e-03,1.442664116621017456e-02,1.182772405445575714e-02,1.406862679868936539e-02,1.891176099888980389e-03,3.261905908584594727e-02,-1.268961001187562943e-02,-8.645377121865749359e-03,2.144106477499008179e-02,5.777949001640081406e-03,-1.319348160177469254e-02,-1.296806521713733673e-02,5.333746783435344696e-03,-2.734166756272315979e-02,4.103901796042919159e-03,2.970190718770027161e-02,2.020790427923202515e-02,-4.677387420088052750e-03,7.166911382228136063e-03,2.417257986962795258e-02,1.330618932843208313e-02,-1.474487595260143280e-02,-7.631003390997648239e-03,-1.540786493569612503e-02,3.102788515388965607e-02,-1.061445381492376328e-02,-4.899488762021064758e-03,-1.787418313324451447e-02,1.628300920128822327e-02,-3.832076489925384521e-02,9.024937753565609455e-04,-8.353661745786666870e-03,-2.340351231396198273e-03,-1.252386253327131271e-02,-1.123766414821147919e-02,-8.154764771461486816e-03,1.136363204568624496e-02,-5.943696480244398117e-03,-2.511402405798435211e-02,1.832501590251922607e-02,3.004997735843062401e-03,1.147633977234363556e-02,1.498355157673358917e-02,1.682666130363941193e-02,-1.312718261033296585e-02,-1.319348160177469254e-02,9.222176857292652130e-03,-2.742122486233711243e-02,-4.279593937098979950e-03,2.951627038419246674e-02,2.528640069067478180e-02,-2.983450517058372498e-02,2.182891359552741051e-03,-1.007743296213448048e-03,-1.592499576508998871e-02,6.185687612742185593e-03,-8.280732668936252594e-03,1.418796461075544357e-02,2.606872841715812683e-02,-1.984989084303379059e-02,1.841783523559570312e-02,-1.515592914074659348e-02,-2.344329096376895905e-02,6.219665519893169403e-04,-2.396042272448539734e-02,2.557811513543128967e-02,3.389531280845403671e-03,-1.477139536291360855e-02,1.977033168077468872e-02,1.698577776551246643e-02,2.038028277456760406e-02,1.523548737168312073e-02,-2.869416400790214539e-02,7.975758053362369537e-03,-4.062796756625175476e-02,2.544551901519298553e-02,-1.258021686226129532e-03,1.188739296048879623e-02,-1.755594834685325623e-02,-4.388158558867871761e-04,-1.597803458571434021e-02,5.728225223720073700e-03,1.734379306435585022e-02,-1.030284911394119263e-02,-2.580353245139122009e-02,2.080128033412620425e-04,4.806670360267162323e-03,4.193405620753765106e-04,-2.917151711881160736e-02,-2.133498713374137878e-02,1.017688121646642685e-02,-9.765828028321266174e-03,-9.679639479145407677e-04,2.005541697144508362e-03,-9.520522318780422211e-03,7.306138984858989716e-03,1.981011219322681427e-02,7.909459061920642853e-03,1.526200678199529648e-02,5.983475595712661743e-03,-3.124004229903221130e-02,-1.836479525081813335e-03,-1.623494317755103111e-03,2.251510694622993469e-02,-2.023442462086677551e-02,1.843109540641307831e-02,1.109843607991933823e-02,1.421448402106761932e-02,2.138802595436573029e-02,1.855043321847915649e-02,-2.232947014272212982e-02,4.209980368614196777e-03,-3.261905908584594727e-02,-6.033199839293956757e-03,3.414393402636051178e-03,-7.657523266971111298e-03,-5.612201988697052002e-03,1.971729286015033722e-02,-2.012171549722552299e-03,-2.520684152841567993e-02,-2.583005279302597046e-02,5.148109514266252518e-03,2.994058467447757721e-02,-4.391639307141304016e-02,2.511402405798435211e-02,1.458575855940580368e-02,7.233209908008575439e-03,2.840908011421561241e-03,-1.664102450013160706e-02,-1.684522479772567749e-01,7.266359403729438782e-03,2.589634992182254791e-02,-2.703669108450412750e-02,2.285986021161079407e-02,1.184098329395055771e-02,3.386547788977622986e-02,-1.105865649878978729e-02,-1.975707337260246277e-02,1.067412272095680237e-02,1.628300920128822327e-02,3.606660291552543640e-03,-1.363105420023202896e-02,-6.096183788031339645e-03,-3.868540981784462929e-03,1.063434407114982605e-02,-2.030072361230850220e-02,1.762224733829498291e-02,3.057705238461494446e-02,3.025881759822368622e-02,-8.837643079459667206e-03,-2.026094496250152588e-02,1.764876767992973328e-02,-2.380130626261234283e-02,1.520896796137094498e-02,1.448630937375128269e-03,-2.753061940893530846e-03,-1.235148496925830841e-02,-7.631003390997648239e-03,-3.147871792316436768e-02,-1.831507193855941296e-03,1.546090375632047653e-02,3.718042373657226562e-02,-8.572448045015335083e-03,1.596477627754211426e-02,-4.713851958513259888e-03,-2.343003079295158386e-02,-2.255488559603691101e-02,1.111169625073671341e-02,3.662351146340370178e-02,3.890419378876686096e-02,1.957143470644950867e-02,1.059953705407679081e-03,-1.341889798641204834e-02,-1.435371232219040394e-03,4.789432510733604431e-02,2.240902930498123169e-02,1.458575855940580368e-02,2.154714241623878479e-02,-3.590748459100723267e-02,3.028533793985843658e-02,-1.429404318332672119e-02,1.640234887599945068e-02,-1.996922865509986877e-02,1.371061243116855621e-02,3.312293067574501038e-02,-1.401558797806501389e-02,-9.003390558063983917e-03,-4.352523013949394226e-03,-1.504985056817531586e-02,3.169087320566177368e-02,-1.841783523559570312e-02,9.407813660800457001e-03,-2.312505617737770081e-02,2.036702260375022888e-02,-3.117705928161740303e-03,-1.397580839693546295e-02,7.259729783982038498e-03,-2.231620997190475464e-02,1.248408295214176178e-02,-3.158479556441307068e-02,-4.591199103742837906e-03,3.150523826479911804e-02,-2.296593971550464630e-02,-3.590085543692111969e-03,7.326028775423765182e-03,-1.819241791963577271e-02,1.715815626084804535e-02,1.450619939714670181e-02,-1.588521711528301239e-02,-2.898588031530380249e-02,3.285773470997810364e-02,-4.514954984188079834e-03,2.940356265753507614e-03,1.161556784063577652e-02,2.877372317016124725e-02,1.058793440461158752e-02,-8.797864429652690887e-03,6.000050343573093414e-03,-1.815263926982879639e-02,6.928235292434692383e-03,-2.797813713550567627e-02,1.046196650713682175e-02,-4.327992349863052368e-02,3.487322246655821800e-03,2.049962058663368225e-02,8.061946369707584381e-03,-4.479319613892585039e-04,-5.018827039748430252e-03,2.065873704850673676e-02,7.001163903623819351e-03,5.718280095607042313e-03,-2.956930920481681824e-02,1.408188696950674057e-02,2.595602069050073624e-03,1.017025113105773926e-02,1.463548280298709869e-03,6.600055377930402756e-03,3.826772421598434448e-02,6.822156719863414764e-03,-8.168024942278862000e-03,-4.909433424472808838e-03,2.983450517058372498e-02,9.593451395630836487e-03,-9.500632993876934052e-03,3.423675149679183960e-02,7.690672762691974640e-03,-1.337248831987380981e-02,2.244880795478820801e-02,-2.504772506654262543e-02,4.444678500294685364e-02,2.496816590428352356e-02,-4.491750616580247879e-03,8.245926001109182835e-04,1.978359185159206390e-02,-2.307201735675334930e-02,-1.057600080966949463e-01,-4.155614972114562988e-02,-3.213839139789342880e-03,1.716520055197179317e-04,5.668555852025747299e-03,2.045984007418155670e-02,1.359127461910247803e-02,1.203988026827573776e-02,-2.263444475829601288e-02,2.260378096252679825e-04,8.234323933720588684e-03,-2.808421477675437927e-02,-7.491775788366794586e-03,-1.255038194358348846e-02,4.290864989161491394e-02,-5.860822740942239761e-03,-5.913862027227878571e-03,-1.241778396070003510e-02,-1.190728228539228439e-02,2.590961009263992310e-02,-7.367465295828878880e-04,-1.166860689409077168e-03,-1.011721231043338776e-02,-1.974381320178508759e-02,5.333746783435344696e-03,1.753605902194976807e-03,-2.343003079295158386e-02,2.962234988808631897e-02,2.742122486233711243e-02,1.268961001187562943e-02,-5.937895621173083782e-04,-7.113872095942497253e-03,2.197145670652389526e-02,-1.713163591921329498e-02,-1.751616969704627991e-02,-2.325765416026115417e-02,-4.534844681620597839e-02,6.934864912182092667e-03,-1.780125545337796211e-03,-2.711625024676322937e-02,-8.075206540524959564e-03,1.676036231219768524e-02,-1.294485991820693016e-03,-1.584543660283088684e-02,1.095920801162719727e-02,-2.032724395394325256e-02,2.000569365918636322e-03,1.534156594425439835e-02,1.804656162858009338e-02,5.655296146869659424e-03,-1.800678111612796783e-02,-6.437623407691717148e-03,1.723771449178457260e-03,2.935798256658017635e-04,1.491725258529186249e-02,-1.361779402941465378e-02,1.107854675501585007e-02,-2.280682092532515526e-03,6.155853159725666046e-03,2.276704274117946625e-02,-2.045984007418155670e-02,1.739683188498020172e-02,-1.526946580270305276e-04,2.364218793809413910e-02,5.440653767436742783e-04,3.573510795831680298e-03,-2.462341263890266418e-02,-3.063009306788444519e-02,2.638696320354938507e-02,-2.276704274117946625e-02,-1.550068333745002747e-02,-8.638747036457061768e-03,-6.401158869266510010e-03,1.660124398767948151e-02,-2.368196658790111542e-02,-5.685130599886178970e-03,-3.863899782299995422e-02,-8.154764655046164989e-04,-3.511770046316087246e-04,-3.224778547883033752e-02,-1.355812512338161469e-02,-3.227430582046508789e-02,6.908345501869916916e-03,-9.666379541158676147e-03,4.410202801227569580e-02,4.508325364440679550e-03,3.130965633317828178e-03,-1.938579790294170380e-02,-1.559350173920392990e-02,-1.066749356687068939e-02,-6.112758535891771317e-03,1.204651035368442535e-02,9.905056096613407135e-03,-1.939905807375907898e-02,-8.632116951048374176e-03,-4.690647125244140625e-03,1.701229810714721680e-02,-2.138802595436573029e-02,-1.443990040570497513e-02,6.351434625685214996e-03,-2.256814576685428619e-02,-1.820567809045314789e-02,-3.336160629987716675e-02,3.474062308669090271e-02,-1.124429330229759216e-02,7.173541001975536346e-03,2.130846679210662842e-02,-2.906543761491775513e-02,-6.338174920529127121e-03,2.045984007418155670e-02,-1.256364211440086365e-02,-1.095257885754108429e-02,3.951414488255977631e-03,2.187863690778613091e-03,-1.331944949924945831e-02,1.516918838024139404e-02,-1.652168668806552887e-02,-1.131059229373931885e-02,-2.401677658781409264e-03,-3.527101594954729080e-03,2.128194645047187805e-02,2.919803559780120850e-02,-4.879598971456289291e-03,2.797813620418310165e-03,2.747426554560661316e-02,-5.267447791993618011e-03,-1.673384197056293488e-02,-2.052613906562328339e-02,-7.756971288472414017e-03,6.086239125579595566e-03,-1.829849672503769398e-03,-3.275165800005197525e-03,7.040943484753370285e-03,-2.003552764654159546e-02,-1.281557790935039520e-02,1.497029233723878860e-02,2.649304084479808807e-02,-5.837618373334407806e-03,-3.248646156862378120e-03,4.123791679739952087e-02,1.411959383403882384e-04,2.588309161365032196e-02,-2.718254923820495605e-02,-8.081835694611072540e-03,1.449294015765190125e-02,-3.938154783099889755e-03,-1.467857696115970612e-02,3.672959050163626671e-03,-2.125542797148227692e-02,1.919353147968649864e-03,2.319135516881942749e-02,-9.321625344455242157e-03,1.920016109943389893e-02,1.572609879076480865e-02,4.103901796042919159e-03,-1.245756354182958603e-02,-5.313856992870569229e-03,-2.480904944241046906e-02,2.337699197232723236e-02,-1.403879257850348949e-03,-1.682334579527378082e-03,-3.150523826479911804e-02,8.724935352802276611e-03,-7.571334484964609146e-03,4.723796620965003967e-03,-7.326028775423765182e-03,-6.484032608568668365e-03,-4.100587218999862671e-03,-2.148084342479705811e-02,1.357138529419898987e-02,4.567994270473718643e-03,-1.350508630275726318e-02,-2.608198858797550201e-02,-7.200060877948999405e-03,9.414443746209144592e-03,6.490662228316068649e-03,9.454223327338695526e-03,-1.213932875543832779e-02,-1.630952954292297363e-02,-1.237303251400589943e-03,-2.903891960158944130e-03,2.646652050316333771e-02,-5.807783920317888260e-03,1.129070296883583069e-02,-4.266997426748275757e-02,2.425213716924190521e-02,-2.801128663122653961e-03,3.026544814929366112e-03,-1.336585823446512222e-02,4.680702462792396545e-03,1.182109396904706955e-02,1.322663109749555588e-02,2.071177586913108826e-02,1.434708200395107269e-02,-2.433169633150100708e-03,3.246988635510206223e-03,2.476926892995834351e-02,7.571334484964609146e-03,-1.329293008893728256e-02,-1.776810549199581146e-02,1.772832684218883514e-02,1.816589944064617157e-02,-1.355149503797292709e-02,7.518295198678970337e-03,7.624373771250247955e-03,-2.128194645047187805e-02,-2.039354108273983002e-02,-2.632066374644637108e-03,-1.022329088300466537e-02,-2.365544810891151428e-02,-1.920016109943389893e-02,-8.983501233160495758e-03,-4.505010321736335754e-03,-2.385102910920977592e-03,2.140128612518310547e-02,1.049511600285768509e-02,1.276916824281215668e-02,6.742598023265600204e-03,1.829849742352962494e-02,-1.805981993675231934e-02,-1.671561039984226227e-03,4.041580855846405029e-02,1.823219843208789825e-02,1.040229760110378265e-02,-1.077357120811939240e-02,-5.651981104165315628e-03,1.499681174755096436e-02,5.888171144761145115e-04,-3.023230005055665970e-03,-1.511614955961704254e-02,1.245756354182958603e-02,-2.962234988808631897e-02,2.362892776727676392e-02,4.034288227558135986e-03,-2.369522675871849060e-02,-1.230507623404264450e-02,1.524874754250049591e-02,-9.936548303812742233e-04,2.813559549394994974e-04,2.622784487903118134e-02,-1.917364262044429779e-02,3.415719419717788696e-02,1.794048212468624115e-02,-1.331944949924945831e-02,1.117799431085586548e-02,-8.698415942490100861e-03,2.496816590428352356e-02,-1.722113927826285362e-03,1.035588793456554413e-02,-4.322688560932874680e-03,-1.544764358550310135e-02,1.382995117455720901e-02,1.901120995171368122e-03,1.249734312295913696e-02,-2.154714311473071575e-04,-2.959582954645156860e-02,5.267447791993618011e-03,3.246988635510206223e-03,-6.795637309551239014e-03,-1.158904749900102615e-02,-9.745938703417778015e-03,5.707009509205818176e-02,-5.827673245221376419e-03,3.200910985469818115e-02,3.785667242482304573e-03,-3.094832785427570343e-02,-8.743167563807219267e-05,2.218361198902130127e-02,-1.310729235410690308e-02,2.181233838200569153e-03,-4.097272083163261414e-02,-3.958044573664665222e-03,3.991194069385528564e-03,-2.691735327243804932e-02,-3.004666231572628021e-02,1.933275908231735229e-02,-2.114935033023357391e-02,-1.583217829465866089e-02,-1.316033210605382919e-02,1.743661053478717804e-02,-8.378523634746670723e-04,-3.439586982131004333e-02,6.553646177053451538e-03,-2.500794641673564911e-02,-1.880236901342868805e-02,3.736606240272521973e-02,-1.243767421692609787e-02,-1.912723295390605927e-03,-1.609737239778041840e-02,-3.415719419717788696e-02
-1.366066653281450272e-02,-3.132364526391029358e-02,-1.694033853709697723e-02,2.390269190073013306e-02,-2.718236297369003296e-02,1.885811239480972290e-02,-2.650141529738903046e-02,-3.336996538564562798e-03,-1.030108775012195110e-03,-2.979498356580734253e-02,-1.767687499523162842e-02,1.821885444223880768e-02,1.577299647033214569e-02,-3.472491400316357613e-03,-2.141514420509338379e-02,3.365832567214965820e-02,1.351474877446889877e-02,5.624775774776935577e-03,2.302718721330165863e-02,-1.631497777998447418e-02,-9.609716013073921204e-03,3.444697475060820580e-03,-1.031845901161432266e-02,1.033930387347936630e-02,1.500432408647611737e-04,-1.159523730166256428e-03,2.156800962984561920e-02,-3.004512749612331390e-02,-6.323095876723527908e-03,2.655700221657752991e-02,6.528075318783521652e-03,-3.187604714184999466e-03,-1.746842078864574432e-02,-3.454772755503654480e-02,-2.134566009044647217e-02,-1.439720299094915390e-02,-2.165139280259609222e-02,-3.382508829236030579e-02,1.801387523300945759e-03,-9.630561806261539459e-03,1.642615161836147308e-02,5.999992601573467255e-03,1.416833838447928429e-04,2.572318725287914276e-02,-1.277821231633424759e-02,3.745218273252248764e-03,-1.278516091406345367e-02,3.251877846196293831e-03,6.861601490527391434e-03,2.611230127513408661e-02,1.973361708223819733e-02,3.305728314444422722e-03,-1.217369642108678818e-02,-1.456396561115980148e-02,-4.276775289326906204e-03,5.888817366212606430e-03,4.658940248191356659e-03,5.944404751062393188e-03,2.088706195354461670e-02,2.052574232220649719e-02,-1.418874878436326981e-02,3.710475936532020569e-02,-2.005324698984622955e-02,-5.913136992603540421e-03,-1.081353635527193546e-03,-9.442953392863273621e-03,1.564792543649673462e-02,-1.528660580515861511e-02,1.506946631707251072e-03,-1.671798713505268097e-02,5.108505487442016602e-02,2.634854800999164581e-02,2.325996058061718941e-03,1.369540859013795853e-02,-2.568149752914905548e-02,-2.716846764087677002e-02,7.691941689699888229e-03,4.985517822206020355e-03,-1.436940953135490417e-02,3.006944665685296059e-03,2.591774426400661469e-02,-3.905032947659492493e-02,-2.162359841167926788e-02,1.998376287519931793e-02,1.867397804744541645e-03,3.322231059428304434e-04,-1.670408993959426880e-02,2.266586758196353912e-02,5.044579971581697464e-03,-3.340470604598522186e-03,7.949034683406352997e-03,2.873881906270980835e-02,1.921943202614784241e-02,2.541745640337467194e-02,-1.005441695451736450e-02,-1.066588144749403000e-02,-9.866808541119098663e-03,5.311400443315505981e-02,-6.403003353625535965e-03,6.316147278994321823e-03,-1.481758430600166321e-03,-1.439199200831353664e-03,5.343363620340824127e-03,3.859867807477712631e-03,-2.102603018283843994e-02,4.050950519740581512e-03,1.677357591688632965e-02,-2.219337224960327148e-02,-3.158073639497160912e-03,-4.369189590215682983e-02,-9.887654334306716919e-03,2.655700221657752991e-02,1.056860294193029404e-02,-4.171853512525558472e-02,1.888590678572654724e-02,-2.463922835886478424e-02,1.689864695072174072e-02,-1.923332922160625458e-02,-1.549505908042192459e-02,-1.468903850764036179e-02,-3.356104716658592224e-03,2.174867084249854088e-03,5.854074843227863312e-03,-1.809378154575824738e-02,1.488359458744525909e-02,-1.288243941962718964e-02,1.361028989776968956e-03,1.492528524249792099e-02,-1.759349368512630463e-02,-2.680714800953865051e-02,3.905032947659492493e-02,5.805435590445995331e-03,2.700170315802097321e-02,-1.377184223383665085e-02,3.557610092684626579e-03,1.912215352058410645e-02,-2.859984897077083588e-02,-1.573130674660205841e-02,-1.185406744480133057e-02,-2.794669382274150848e-02,-2.398607321083545685e-02,1.193050108850002289e-02,-1.827444136142730713e-02,-6.611456628888845444e-03,-1.135377865284681320e-02,2.466702274978160858e-02,1.456396561115980148e-02,1.344526465982198715e-02,-5.263456143438816071e-03,-6.469013635069131851e-03,4.297620616853237152e-03,-1.831613294780254364e-02,2.704339474439620972e-02,2.749851904809474945e-03,2.022000961005687714e-03,1.817716285586357117e-02,-1.801040023565292358e-02,-1.016559265553951263e-02,-1.158307772129774094e-02,-1.175678893923759460e-02,2.217947505414485931e-02,-1.941398903727531433e-02,-7.000570651143789291e-03,-1.042268518358469009e-02,1.564792543649673462e-02,3.565948083996772766e-02,-8.873179554939270020e-03,-3.474228456616401672e-02,-1.201388239860534668e-02,-1.428602728992700577e-02,2.450026012957096100e-02,-2.742903307080268860e-03,-2.423621714115142822e-02,5.183548852801322937e-02,1.664850302040576935e-02,3.932826593518257141e-02,1.301445998251438141e-02,3.268554061651229858e-02,-1.351474900729954243e-03,1.393860485404729843e-02,-2.105382457375526428e-02,-5.180074833333492279e-03,2.445856854319572449e-02,-9.762582369148731232e-03,-1.831613294780254364e-02,-1.895539090037345886e-02,6.924137473106384277e-03,1.466124434955418110e-03,3.884187433868646622e-03,-2.166181569918990135e-03,-6.639250554144382477e-03,1.971972174942493439e-02,-3.171275928616523743e-02,9.310932829976081848e-03,-6.141324043273925781e-01,-7.323673460632562637e-03,-1.991427689790725708e-02,-1.685695722699165344e-02,2.055353671312332153e-02,8.838437497615814209e-03,2.548694051802158356e-02,-1.964676193892955780e-03,-2.871102467179298401e-02,-1.098551042377948761e-02,-1.536477589979767799e-03,1.051996368914842606e-02,1.830484106903895736e-04,-3.974517341703176498e-03,-2.198491804301738739e-02,-5.187022965401411057e-03,-1.650953292846679688e-02,4.839600529521703720e-03,-1.524491421878337860e-02,3.376950044184923172e-03,-2.336071245372295380e-02,3.268554061651229858e-02,-9.547179564833641052e-03,-4.342785570770502090e-03,1.441110018640756607e-02,-7.351467385888099670e-03,2.402776479721069336e-02,-2.017831988632678986e-02,-1.354949083179235458e-02,2.694611623883247375e-02,-1.560623478144407272e-02,2.412504330277442932e-02,1.763518340885639191e-02,3.627094440162181854e-03,3.552051261067390442e-02,-3.702137991786003113e-02,-1.288243941962718964e-02,1.820495724678039551e-02,2.540355920791625977e-02,3.577065840363502502e-02,-2.948925085365772247e-02,3.471449017524719238e-02,3.240760415792465210e-02,-2.349968068301677704e-02,2.055353671312332153e-02,-1.315864035859704018e-03,-8.477117866277694702e-03,-6.158070173114538193e-04,2.943366393446922302e-02,1.988648436963558197e-02,2.684883773326873779e-02,-1.627328619360923767e-02,6.316147278994321823e-03,1.862186565995216370e-02,-1.375577412545681000e-04,1.442499645054340363e-02,1.092992257326841354e-02,-1.385522354394197464e-02,-5.075847730040550232e-03,1.689864695072174072e-02,3.222347004339098930e-03,3.524257242679595947e-02,9.713943116366863251e-03,-1.764908060431480408e-02,-1.749621517956256866e-02,-6.574977305717766285e-04,-1.816326566040515900e-02,3.804975003004074097e-02,3.446434810757637024e-02,-3.863342106342315674e-02,9.095530025660991669e-03,2.070640213787555695e-03,1.525881141424179077e-02,-2.755757980048656464e-02,1.370930578559637070e-02,-8.067158982157707214e-03,3.349156305193901062e-02,-3.488125279545783997e-02,-6.806013640016317368e-03,2.227675355970859528e-02,1.226402632892131805e-02,-2.597333304584026337e-02,-1.489749178290367126e-02,-1.513373944908380508e-02,2.160970121622085571e-02,-1.970582455396652222e-02,-6.726106163114309311e-03,-2.343367086723446846e-03,-1.178458333015441895e-02,-9.387365542352199554e-03,2.752978727221488953e-02,3.274112939834594727e-02,1.673188433051109314e-02,-8.852333761751651764e-03,2.547304332256317139e-02,-3.072955179959535599e-03,-2.661259099841117859e-02,1.095076836645603180e-02,9.547179564833641052e-03,-4.603352863341569901e-03,-5.715105682611465454e-03,-1.603703945875167847e-02,1.045047957450151443e-02,-1.632887311279773712e-02,2.229065075516700745e-02,3.899474069476127625e-02,-3.171275928616523743e-02,-2.034508250653743744e-02,2.337460964918136597e-02,-1.591196632944047451e-03,-2.671681810170412064e-03,-8.060210384428501129e-04,3.517656354233622551e-03,-2.070640213787555695e-02,-2.538966201245784760e-02,-2.184594795107841492e-02,4.024546220898628235e-02,1.063113939017057419e-02,1.034625247120857239e-02,-3.704917430877685547e-02,4.075704200658947229e-04,-4.419218748807907104e-03,2.948925085365772247e-02,-8.970458060503005981e-03,6.535023916512727737e-03,2.085926756262779236e-02,1.673188433051109314e-02,-1.940009184181690216e-02,-2.512562088668346405e-02,-1.045742817223072052e-02,1.110363472253084183e-02,-4.596404265612363815e-03,1.598145067691802979e-02,1.980310305953025818e-03,7.143013644963502884e-03,-3.211924340575933456e-03,-1.957727828994393349e-03,-1.585637964308261871e-02,5.100167542695999146e-02,-4.638789966702461243e-02,-1.616211049258708954e-02,9.005200117826461792e-03,1.776199351297691464e-04,-4.843074362725019455e-03,2.268671290948987007e-03,-4.163515567779541016e-02,-9.163277572952210903e-04,-5.881868768483400345e-03,-5.428134649991989136e-02,1.920553483068943024e-02,-6.840755697339773178e-03,-2.716846764087677002e-02,-2.219337224960327148e-02,6.152858491986989975e-03,8.268663659691810608e-03,-2.213778346776962280e-02,1.699592545628547668e-02,-1.019338611513376236e-02,-1.753790490329265594e-02,-1.324375905096530914e-02,1.559233758598566055e-02,1.224318146705627441e-02,-5.913136992603540421e-03,-2.468439284712076187e-03,-2.807176671922206879e-03,-3.454772755503654480e-02,7.156910840421915054e-03,-1.379268709570169449e-03,-2.190500963479280472e-03,-2.269366011023521423e-02,1.024028868414461613e-03,9.024308528751134872e-04,1.843078178353607655e-03,2.868323028087615967e-02,-3.083377843722701073e-03,-3.034738590940833092e-03,-7.976829074323177338e-03,5.656043998897075653e-03,-1.489749178290367126e-02,2.711287885904312134e-02,1.591196656227111816e-02,-1.520322356373071671e-02,-1.485580112785100937e-02,1.671103877015411854e-03,-6.983199156820774078e-03,3.524604719132184982e-03,1.571740955114364624e-02,5.565714091062545776e-03,-3.907812386751174927e-02,1.001272629946470261e-02,-3.101791255176067352e-02,1.621769927442073822e-02,1.886506099253892899e-03,-1.929933903738856316e-03,-1.039489172399044037e-02,7.601611781865358353e-03,8.998251520097255707e-03,-6.240583024919033051e-04,-7.962931878864765167e-03,3.746607899665832520e-02,1.353559456765651703e-02,-1.240994408726692200e-02,3.112908825278282166e-02,-1.593976095318794250e-02,2.281873300671577454e-02,-3.149040788412094116e-02,6.781694013625383377e-03,-2.072029933333396912e-02,3.068438544869422913e-02,3.071217983961105347e-02,1.453617215156555176e-02,-2.529238350689411163e-02,-2.497275359928607941e-02,-1.579905394464731216e-03,1.103414967656135559e-02,2.595943585038185120e-02,7.476539816707372665e-03,1.428602728992700577e-02,-8.449323475360870361e-03,-6.145910359919071198e-03,-4.026630893349647522e-03,-4.533868283033370972e-03,6.580188870429992676e-03,-2.100171055644750595e-03,-2.234623767435550690e-02,5.127961281687021255e-03,2.072029933333396912e-02,-2.497275359928607941e-02,8.567447774112224579e-03,-9.394314140081405640e-03,1.408452261239290237e-02,4.401847720146179199e-03,5.496229510754346848e-03,1.001967489719390869e-02,1.782974041998386383e-02,-6.201497744768857956e-03,-2.331207273527979851e-03,-2.108161896467208862e-02,3.782739862799644470e-02,-1.812157593667507172e-02,9.790375828742980957e-03,2.047015354037284851e-02,2.008104138076305389e-02,-1.920553483068943024e-02,-7.900395430624485016e-03,1.125650014728307724e-02,8.108849637210369110e-03,-2.468091994524002075e-02,1.245510880835354328e-03,1.956685446202754974e-02,8.894025348126888275e-03,2.777993120253086090e-02,-1.087433565407991409e-02,2.105382503941655159e-03,2.675155922770500183e-02,-2.780772559344768524e-02,9.359571151435375214e-03,1.609436352737247944e-03,1.620380207896232605e-02,1.756569929420948029e-02,-5.711631849408149719e-03,-1.459176000207662582e-02,2.812735363841056824e-02,2.650836249813437462e-03,2.979498356580734253e-02,-1.823969942051917315e-04,-2.173477411270141602e-02,-9.554128162562847137e-03,-1.570351235568523407e-02,1.074926275759935379e-02,-1.869134977459907532e-02,-1.473072916269302368e-02,1.279905810952186584e-02,8.046313188970088959e-03,1.091602630913257599e-02,1.514763664454221725e-02,1.218759361654520035e-02,4.304569214582443237e-03,1.288243941962718964e-02,3.177182050421833992e-03,-1.550895627588033676e-02,-2.354137226939201355e-02,2.031728811562061310e-02,2.464965218678116798e-03,-2.408335171639919281e-02,-1.771856471896171570e-02,-2.426401153206825256e-02,3.777181357145309448e-02,2.932248869910836220e-03,1.492528524249792099e-02,-6.350889801979064941e-03,1.452227495610713959e-02,-1.161260879598557949e-03,2.251300029456615448e-03,8.352044969797134399e-03,1.290328428149223328e-02,1.376489363610744476e-02,-3.841106966137886047e-02,1.286854222416877747e-02,1.829181332141160965e-03,-1.020033471286296844e-02,-5.398951005190610886e-03,-2.318005263805389404e-02,-1.834392664022743702e-03,3.490904718637466431e-02,3.835548181086778641e-03,9.547179564833641052e-03,-9.510700474493205547e-04,-1.315342914313077927e-02,1.372320298105478287e-02,-1.343831606209278107e-02,-1.070062397047877312e-03,-2.723795128986239433e-03,-6.726106163114309311e-03,-1.016559265553951263e-02,4.397070442792028189e-04,1.810767874121665955e-02,2.356916666030883789e-02,3.974517434835433960e-02,1.357728522270917892e-02,1.179847959429025650e-02,-6.545446347445249557e-03,-2.726574614644050598e-02,1.197913940995931625e-02,6.281404942274093628e-02,-5.930508021265268326e-03,-1.570351235568523407e-02,2.179036103188991547e-02,1.814937032759189606e-02,1.218759361654520035e-02,-3.426979109644889832e-02,-2.488937228918075562e-02,4.221187438815832138e-03,-1.045742817223072052e-02,3.918929956853389740e-03,-2.923910692334175110e-02,1.788532920181751251e-02,-1.782974041998386383e-02,2.470176434144377708e-03,-6.260559894144535065e-03,-1.777415350079536438e-02,-8.685571141541004181e-03,-6.892869248986244202e-03,-6.444694008678197861e-03,-8.094952441751956940e-03,-5.635198671370744705e-03,-2.249910309910774231e-02,1.139546930789947510e-02,-4.082218278199434280e-03,-2.270408207550644875e-03,8.567447774112224579e-03,5.847126711159944534e-03,1.720437966287136078e-02,-4.342785570770502090e-03,1.075621135532855988e-02,1.691254414618015289e-02,9.408210404217243195e-03,3.201849013566970825e-02,-3.549271821975708008e-02,2.460459472786169499e-05,3.574286401271820068e-02,1.513373944908380508e-02,9.894602932035923004e-03,-2.569539472460746765e-02,-2.322521759197115898e-03,1.219454221427440643e-03,2.276314422488212585e-02,-1.464734692126512527e-02,3.338038921356201172e-02,-8.954823715612292290e-04,2.296464983373880386e-03,1.456396561115980148e-02,-1.267398521304130554e-02,-1.557844039052724838e-02,3.652108833193778992e-02,-1.691254414618015289e-02,-3.474228456616401672e-02,-5.343363620340824127e-03,1.955295726656913757e-02,1.482800766825675964e-02,2.246088813990354538e-03,1.366761513054370880e-02,-6.006941199302673340e-03,1.931671053171157837e-02,-2.654310502111911774e-02,-1.457786280661821365e-02,9.081632830202579498e-03,1.175678893923759460e-02,-3.421420231461524963e-02,2.061954699456691742e-03,9.997092420235276222e-04,4.947301466017961502e-03,-9.387365542352199554e-03,-2.298202132806181908e-03,-1.891369931399822235e-02,5.708157550543546677e-03,-2.406945452094078064e-02,2.006714418530464172e-02,3.324141725897789001e-02,9.046890772879123688e-03,1.142326369881629944e-02,-2.038677223026752472e-02,8.720313198864459991e-03,-2.975676674395799637e-03,-4.749270156025886536e-03,-6.972776725888252258e-03,9.804273024201393127e-03,-1.287549082189798355e-02,-3.157378733158111572e-02,2.683494053781032562e-02,2.977413823828101158e-03,-1.326286699622869492e-03,-1.768382266163825989e-03,6.875498220324516296e-03,1.088128332048654556e-02,-3.686156356707215309e-03,8.678622543811798096e-03,-8.567447774112224579e-03,-5.541394464671611786e-03,-4.756218753755092621e-03,3.018409758806228638e-02,-3.870290471240878105e-03,-8.629983291029930115e-03,-1.237520202994346619e-02,7.000570651143789291e-03,-1.776199322193861008e-03,8.407632820308208466e-03,-2.743250876665115356e-02,2.056743204593658447e-02,-3.246319293975830078e-02,8.490146137773990631e-05,1.368845999240875244e-02,-2.151242271065711975e-02,-6.715683732181787491e-03,1.192355249077081680e-02,-2.123448438942432404e-02,2.223506197333335876e-02,-1.131208799779415131e-02,-1.535608991980552673e-02,2.831496298313140869e-03,-1.356338802725076675e-02,2.937807701528072357e-02,-2.583088818937540054e-03,-1.188186183571815491e-02,1.297276932746171951e-02,-4.441453889012336731e-02,4.166294634342193604e-02,-7.795300334692001343e-04,-1.420959481038153172e-03,2.619568258523941040e-02,-1.411926466971635818e-02,-1.824664883315563202e-02,-2.450026012957096100e-02,3.437749110162258148e-03,-1.680136844515800476e-02,6.253611296415328979e-03,1.992817409336566925e-02,-7.365364581346511841e-03,-2.340240404009819031e-02,-1.723217405378818512e-02,-7.136065512895584106e-03,-5.614353343844413757e-03,-1.920553483068943024e-02,3.296348080039024353e-02,-1.826054416596889496e-02,-5.840178113430738449e-03,-1.669019460678100586e-02,-3.274112939834594727e-02,-1.423044037073850632e-02,-3.841106966137886047e-02,-1.645394600927829742e-02,3.846665844321250916e-02,7.184704765677452087e-03,2.179036103188991547e-02,-3.932826593518257141e-02,-1.369540859013795853e-02,-8.623034693300724030e-03,1.075273728929460049e-03,-1.662070862948894501e-02,-2.816904522478580475e-02,-2.534797042608261108e-02,7.643302902579307556e-03,1.548116188496351242e-02,3.023968450725078583e-02,1.079095341265201569e-02,1.247248053550720215e-02,3.396405652165412903e-02,1.839951425790786743e-02,-5.492755211889743805e-03,-5.895765963941812515e-03,-2.056743251159787178e-03,-1.535608991980552673e-02,-2.561201341450214386e-02,2.154021710157394409e-02,1.392470765858888626e-02,-5.093218758702278137e-03,2.003934979438781738e-02,-2.338850684463977814e-02,2.971160225570201874e-02,3.021189011633396149e-02,-1.336188241839408875e-02,4.676311742514371872e-03,-8.064552675932645798e-04,-1.080485060811042786e-02,-5.958301946520805359e-03,2.155411429703235626e-02,1.131208799779415131e-02,4.575558938086032867e-03,-1.587027497589588165e-02,-1.860796846449375153e-02,2.451415546238422394e-02,-1.303530577570199966e-02,-5.009837448596954346e-03,-3.936735156457871199e-04,2.755757980048656464e-02,-7.149962242692708969e-03,-1.968150492757558823e-03,-9.269241243600845337e-03,-2.002545259892940521e-02,-2.416673302650451660e-02,-7.768374867737293243e-03,1.179847959429025650e-02,-9.536757133901119232e-04,-9.213654324412345886e-03,-1.040878891944885254e-02,-1.041400013491511345e-03,-3.939775284379720688e-03,-1.333408895879983902e-02,8.088003844022750854e-03,2.502834238111972809e-02,4.495651461184024811e-03,3.702224639710038900e-04,2.392874885117635131e-04,-3.076776675879955292e-02,-3.578455420210957527e-03,4.891713615506887436e-03,-5.009837448596954346e-03,-5.052917823195457458e-02,5.152975767850875854e-02,6.496807094663381577e-03,-1.816326566040515900e-02,3.221304714679718018e-02,-2.495885826647281647e-02,-4.375356656964868307e-04,2.861027140170335770e-03,-3.179613873362541199e-02,2.873881906270980835e-02,9.484643815085291862e-04,1.698202826082706451e-02,5.683837924152612686e-03,-1.907351426780223846e-03,-4.708274453878402710e-02,1.225013006478548050e-02,1.860449323430657387e-03,-1.473072916269302368e-02,7.070054765790700912e-03,2.044236101210117340e-02,-1.197219174355268478e-02,-6.069477181881666183e-03,1.227792352437973022e-02,1.916037057526409626e-03,6.142436061054468155e-03,-1.821885444223880768e-02,2.923910692334175110e-02,1.941398903727531433e-02,-8.511859923601150513e-03,5.742899607867002487e-03,-1.250027399510145187e-02,-7.420951966196298599e-03,-1.355643942952156067e-02,-3.060100413858890533e-02,1.480889855884015560e-03,-3.443655371665954590e-02,-7.837859913706779480e-03,-2.962822094559669495e-02,2.601502276957035065e-02,-2.684883773326873779e-02,1.724606938660144806e-02,4.460909403860569000e-03,1.213200576603412628e-02,-5.947879049926996231e-03,-8.741158992052078247e-03,5.689049139618873596e-04,2.334681525826454163e-02,-2.670986950397491455e-02,3.529816120862960815e-02,-9.241447784006595612e-03,-6.253611296415328979e-03,-1.111753098666667938e-02,4.061372950673103333e-03,-1.953906193375587463e-02,6.316147278994321823e-03,-3.703527618199586868e-03,2.691832184791564941e-02,-6.250136997550725937e-03,-1.316037774085998535e-02,-1.934450492262840271e-02,2.538966201245784760e-02,2.244351617991924286e-02,1.656512171030044556e-02,-1.792701892554759979e-03,1.474462542682886124e-02,2.306887647137045860e-03,-1.742673106491565704e-02,2.133176289498806000e-02,-5.398951005190610886e-03,-6.632302422076463699e-03,-3.118120133876800537e-03,-1.212505716830492020e-02,-1.493918243795633316e-02,-1.958075165748596191e-02,-1.254891324788331985e-02,1.256281044334173203e-02,-2.598722837865352631e-02,-2.092875167727470398e-02,6.573240272700786591e-03,-2.962822094559669495e-02,6.861601490527391434e-03,8.268663659691810608e-03,-2.395827881991863251e-02,1.799650304019451141e-02,2.099823765456676483e-02,-1.484190393239259720e-02,5.770693533122539520e-03,-2.918352000415325165e-02,1.091602630913257599e-02,-2.576487883925437927e-02,1.928891614079475403e-02,-2.503181574866175652e-03,-2.097044326364994049e-02,2.437518723309040070e-02,-1.928891614079475403e-02,-2.775213681161403656e-02,2.291601151227951050e-02,1.848289556801319122e-02,1.691254414618015289e-02,-1.081874780356884003e-02,-1.307699643075466156e-02,3.079556114971637726e-02,3.260216116905212402e-02,1.252806838601827621e-02,-3.274112939834594727e-02,-2.985057048499584198e-02,4.119045287370681763e-02,6.132013513706624508e-04,2.616093959659337997e-03,4.825008660554885864e-02,-8.275612257421016693e-03,-2.225243253633379936e-03,8.039364591240882874e-03,7.104797288775444031e-03,5.667335353791713715e-04,-4.146002993365982547e-06,3.373475978150963783e-03,-1.108278892934322357e-02,1.520322356373071671e-02,-1.467514131218194962e-02,-2.365254797041416168e-02,-5.020260345190763474e-03,3.517656354233622551e-03,1.173420692794024944e-03,-1.376662985421717167e-03,-5.545737221837043762e-04,9.380416944622993469e-03,-5.426744930446147919e-03,4.144754726439714432e-03,-1.990038156509399414e-02,-6.667044479399919510e-03,1.031845808029174805e-03,-6.135487463325262070e-03,-9.206705726683139801e-03,-8.629983291029930115e-03,-4.474806413054466248e-02,-2.518120780587196350e-02,1.535174669697880745e-04,3.226863592863082886e-02,1.746842078864574432e-02,-2.302718721330165863e-02,-9.109427221119403839e-03,-1.020728331059217453e-02,-5.583779886364936829e-02,3.462068736553192139e-03,-1.177763473242521286e-02,1.427213102579116821e-02,3.506799403112381697e-04,9.762582369148731232e-03,-3.154599573463201523e-03,1.200693380087614059e-02,1.332019176334142685e-02,1.577299647033214569e-02,-2.987836487591266632e-02,-3.118467517197132111e-02,1.845510117709636688e-02,-8.727261796593666077e-03,2.750199288129806519e-02,1.104804687201976776e-03,-3.060100413858890533e-02,-3.015630319714546204e-02,1.236825343221426010e-02,-1.139546930789947510e-02,4.203816410154104233e-03,1.082569640129804611e-02,-9.811221621930599213e-03,-6.997096352279186249e-03,-2.987836487591266632e-02,-3.213661257177591324e-03,2.397217554971575737e-03,-4.113486502319574356e-03,-6.601034197956323624e-03,-2.452805265784263611e-02,-8.650829084217548370e-03,1.858017407357692719e-02,-2.942237188108265400e-04,-2.636244520545005798e-02,2.062302082777023315e-02,2.815514802932739258e-02,4.998546210117638111e-04,-1.404977962374687195e-02,-3.404743969440460205e-02,-2.511172369122505188e-02,-4.651992116123437881e-03,-3.430800745263695717e-03,3.004512749612331390e-02,-1.388301700353622437e-02,-1.072146929800510406e-02,3.752166870981454849e-03,1.659291610121726990e-02,-2.127617597579956055e-02,-1.332714036107063293e-02,-1.791312173008918762e-02,-3.007292188704013824e-02,2.523679658770561218e-02,-1.477415673434734344e-03,-2.212388627231121063e-02,1.545336842536926270e-02,-2.554252743721008301e-02,1.999766007065773010e-02,-3.482566773891448975e-02,1.229876885190606117e-03,-6.713946349918842316e-04,-1.217369642108678818e-02,-2.115110307931900024e-02,5.239136517047882080e-02,2.411114610731601715e-02,-2.215168066322803497e-02,1.530050206929445267e-02,1.984479278326034546e-02,-3.324402496218681335e-04,3.828599816188216209e-03,-1.275736745446920395e-02,1.884421519935131073e-02,3.399532521143555641e-03,-8.039364591240882874e-03,1.863923622295260429e-03,-1.739893667399883270e-02,-2.951704524457454681e-02,7.976829074323177338e-03,3.137923032045364380e-02,-1.556454412639141083e-02,3.829989582300186157e-02,2.215723991394042969e-01,3.354367567226290703e-03,2.781119896098971367e-03,3.652108833193778992e-02,3.051762282848358154e-02,2.336071245372295380e-02,4.909084644168615341e-03,2.466702135279774666e-03,-7.010993082076311111e-03,7.879550568759441376e-03,-1.456396561115980148e-02,-1.154138706624507904e-02,-3.354715183377265930e-02,-2.430222928524017334e-03,-5.784590262919664383e-03,-9.269241243600845337e-03,-2.779382839798927307e-02,1.096466556191444397e-02,-1.680136844515800476e-02,-8.282560855150222778e-03,4.513717815279960632e-02,-2.263807319104671478e-02,-8.616087026894092560e-03,-8.559630368836224079e-04,3.496463596820831299e-02,-1.955295726656913757e-02,6.601034197956323624e-03,-4.565136041492223740e-03,1.770466752350330353e-02,8.463220670819282532e-03,-9.456849656999111176e-03,-2.373592928051948547e-02,-8.880996610969305038e-04,-4.391424823552370071e-03,-2.084537036716938019e-02,4.113486502319574356e-03,8.449323475360870361e-03,-1.277126371860504150e-02,3.121246956288814545e-02,-8.602189831435680389e-03,2.316615544259548187e-02,1.242384128272533417e-02,2.912793122231960297e-02,8.692519739270210266e-03,-5.823675310239195824e-04,5.993044003844261169e-03,2.899243729189038277e-03,-7.295880001038312912e-03,-6.072951480746269226e-03,7.038787007331848145e-03,-3.613197803497314453e-02,-4.943827167153358459e-03,2.834970504045486450e-02,3.274112939834594727e-02,-1.147190295159816742e-02,1.286159362643957138e-02,1.884421519935131073e-02,6.135487463325262070e-03,5.808909889310598373e-03,-5.972198676317930222e-03,-9.901551529765129089e-03,4.641569405794143677e-02,-1.443889364600181580e-02,8.247818797826766968e-03,-1.124955154955387115e-02,1.209726370871067047e-02,-4.925066232681274414e-02,1.820495701394975185e-03,-9.574973955750465393e-03,5.708157550543546677e-03,-3.321362286806106567e-02,-2.591774566099047661e-03,-1.164561416953802109e-02,1.885811239480972290e-02,-4.785749770235270262e-04,-9.936293587088584900e-03,1.159002631902694702e-02,6.687889690510928631e-04,3.068438544869422913e-02,2.151242271065711975e-02,5.121012683957815170e-03,-2.894032280892133713e-03,-1.190965529531240463e-02,4.450486507266759872e-03,-1.499477028846740723e-02,-1.595365814864635468e-02,2.887778729200363159e-02,8.039364591240882874e-03,-2.739081718027591705e-02,3.887661732733249664e-03,2.040066942572593689e-02,-2.378109376877546310e-03,1.209900132380425930e-03,1.902140094898641109e-03,9.984932839870452881e-03,1.912562758661806583e-03,3.227558219805359840e-03,-5.892291665077209473e-03,-9.039942175149917603e-03,-3.363053128123283386e-02,-4.971621092408895493e-03,-2.329122833907604218e-02,2.615399286150932312e-02,1.831613294780254364e-02,-1.149101066403090954e-03,6.934559904038906097e-03,1.834392733871936798e-02,2.597333304584026337e-02,1.550895627588033676e-02,-1.514763664454221725e-02,2.108161896467208862e-02,-3.229642659425735474e-02,6.100745406001806259e-03,-9.832066483795642853e-03,1.940009184181690216e-02,-1.593802357092499733e-03,2.685578539967536926e-03,-1.824664883315563202e-02,-1.343831606209278107e-02,1.448753289878368378e-03,-1.197913940995931625e-02,-1.181237678974866867e-02,-4.770115949213504791e-03,7.024889811873435974e-03,-2.463922835886478424e-02,-2.711287885904312134e-02,-2.297159843146800995e-02,8.101901039481163025e-03,-1.243078988045454025e-02,-2.607061155140399933e-02,1.499477028846740723e-02,-2.627906389534473419e-02,7.997673936188220978e-03,6.292696343734860420e-04,-3.277934622019529343e-03,2.459753863513469696e-02,4.321940243244171143e-03,-2.987836487591266632e-02,-6.382157560437917709e-03,2.466702274978160858e-02,1.757959648966789246e-02,-3.434274811297655106e-03,5.089744925498962402e-03,2.979498356580734253e-02,2.429180592298507690e-02,2.894032280892133713e-03,1.507815159857273102e-02,-1.029761321842670441e-02,-5.996518302708864212e-03,-3.126805648207664490e-02,-2.819683775305747986e-02,7.130854064598679543e-04,-2.032423624768853188e-03,-1.394034130498766899e-03,1.927501894533634186e-02,-1.935840211808681488e-02,-3.271333500742912292e-02,-1.155528426170349121e-02,3.015630412846803665e-03,1.610652357339859009e-02,-5.119623243808746338e-02,2.098434045910835266e-02,5.232187919318675995e-03,-1.593976095318794250e-02,1.189575809985399246e-02,-1.561231474624946713e-04,-1.785475462675094604e-01,7.844807580113410950e-03,1.984479278326034546e-02,-2.065081335604190826e-02,3.137923032045364380e-02,6.291827652603387833e-03,1.969192735850811005e-02,6.795590743422508240e-03,-2.384710498154163361e-02,3.891135752201080322e-02,6.792116910219192505e-03,3.599300747737288475e-03,-2.501444425433874130e-03,1.217369642108678818e-02,9.554128628224134445e-04,1.962244324386119843e-02,-1.866355538368225098e-02,1.542557496577501297e-02,3.057321161031723022e-02,2.106772176921367645e-02,-1.381005859002470970e-03,-1.377878990024328232e-02,1.737114228308200836e-02,-2.558421902358531952e-02,4.877816885709762573e-03,6.326570175588130951e-03,-5.571793881244957447e-04,-1.941398903727531433e-02,4.078744444996118546e-03,-3.018409758806228638e-02,-1.270177960395812988e-02,-7.066580932587385178e-03,2.324953675270080566e-02,-9.227550588548183441e-03,6.736529059708118439e-03,-3.251877846196293831e-03,-1.471683196723461151e-02,-3.651414066553115845e-03,-1.273652166128158569e-02,3.376949951052665710e-02,3.157378733158111572e-02,5.583085119724273682e-03,-4.394899122416973114e-03,-1.735724508762359619e-02,-1.477241981774568558e-02,2.639023959636688232e-02,2.233234047889709473e-02,1.620380207896232605e-02,2.722405456006526947e-02,-9.609716013073921204e-03,6.958879530429840088e-03,1.341747026890516281e-02,-1.870654959930106997e-04,5.044579971581697464e-03,1.218759361654520035e-02,9.283138439059257507e-03,-2.390269190073013306e-02,-4.026630893349647522e-03,-7.358415983617305756e-03,-1.358423382043838501e-02,1.777415350079536438e-02,-2.551473490893840790e-02,2.452805405482649803e-03,-7.372312713414430618e-03,5.836703814566135406e-03,-1.018643751740455627e-02,1.663286937400698662e-03,-7.962931878864765167e-03,-3.966179117560386658e-02,2.986099338158965111e-03,-2.830801345407962799e-02,-3.749387338757514954e-02,1.311868708580732346e-02,-3.257436677813529968e-02,5.697734653949737549e-03,2.291253767907619476e-03,-2.135955728590488434e-02,1.388822798617184162e-03,2.775213681161403656e-02,-2.534797042608261108e-02,-1.744062639772891998e-02,4.124604165554046631e-02,-2.266586758196353912e-02,-1.010305620729923248e-02,1.545336842536926270e-02,1.938619464635848999e-02,5.569188389927148819e-03,-3.338733687996864319e-03,7.042261306196451187e-03,7.122168317437171936e-03,2.463922835886478424e-02,-2.561201341450214386e-02,9.422107599675655365e-03,-2.946145832538604736e-02,-7.761426270008087158e-03,1.767687499523162842e-02,1.215285155922174454e-02,-5.635198671370744705e-03,1.809378154575824738e-02,3.463111072778701782e-02,2.057394704024773091e-05,8.442374877631664276e-03,-3.713255375623703003e-02,2.216557739302515984e-03,2.303413581103086472e-03,1.085348986089229584e-02,-5.614353343844413757e-03,1.008221134543418884e-02,3.376949951052665710e-02,3.324141725897789001e-02,-6.673993077129125595e-03,-3.260563360527157784e-03,4.296925663948059082e-02,2.030339092016220093e-02,-1.201214501634240150e-03,3.379729390144348145e-02,1.720437966287136078e-02,-9.303984232246875763e-03,3.288009762763977051e-02,-2.594553865492343903e-02,4.160736128687858582e-02,2.015052549540996552e-02,-1.322986185550689697e-02,7.573818322271108627e-03,9.387365542352199554e-03,-4.494262114167213440e-02,-1.048939079046249390e-01,-4.580422863364219666e-02,8.414581418037414551e-03,1.931671053171157837e-03,7.803117390722036362e-03,9.866808541119098663e-03,1.165951043367385864e-02,2.798838540911674500e-02,-2.957263216376304626e-02,5.808909889310598373e-03,-1.377878990024328232e-02,-2.085926756262779236e-02,-1.906656660139560699e-02,3.264037659391760826e-03,4.049560800194740295e-02,-8.352044969797134399e-03,-1.012390200048685074e-02,-1.338272821158170700e-02,-4.547765012830495834e-03,2.727964147925376892e-02,-4.780538380146026611e-03,-1.052691228687763214e-02,-1.641225628554821014e-02,-1.407062541693449020e-02,-1.038099452853202820e-02,7.094374392181634903e-03,-2.987836487591266632e-03,3.021189011633396149e-02,1.394555345177650452e-02,-1.070428766070108395e-06,-1.044353097677230835e-02,1.822232850827276707e-03,1.545336842536926270e-02,-2.693221904337406158e-02,-2.070640213787555695e-02,-1.031845901161432266e-02,-2.169308252632617950e-02,-1.115227304399013519e-02,1.288938801735639572e-02,-3.880018368363380432e-02,-5.203199907555244863e-05,2.833580784499645233e-02,1.121480949223041534e-02,-1.049217022955417633e-02,2.040066942572593689e-02,-2.381931059062480927e-02,-2.464965218678116798e-03,2.804397232830524445e-02,7.407055236399173737e-03,-1.061029359698295593e-02,-2.119279466569423676e-02,-2.016442269086837769e-02,-4.228136036545038223e-03,-3.762589534744620323e-03,1.664850302040576935e-02,-3.124026209115982056e-02,1.623159646987915039e-02,-7.070054765790700912e-03,-3.330047940835356712e-03,1.129124220460653305e-02,-2.940586954355239868e-02,-3.423852147534489632e-03,-3.145913826301693916e-03,3.401964530348777771e-02,3.682682290673255920e-03,-2.664733212441205978e-03,-4.358072206377983093e-02,-4.691598191857337952e-02,1.143021136522293091e-02,-3.579844906926155090e-02,-6.288353353738784790e-03,-2.640413679182529449e-02,-8.247818797826766968e-03,2.402776479721069336e-02,-3.932826593518257141e-02,-2.573708444833755493e-02,-8.824540302157402039e-03,-2.965254010632634163e-03,1.391775906085968018e-02,-4.808332398533821106e-02,-1.567571982741355896e-02,-3.310244902968406677e-02,2.184594795107841492e-02,-2.582046575844287872e-02,2.996174618601799011e-02,1.091602630913257599e-02,6.368260830640792847e-03,-2.848867326974868774e-02,2.230454701930284500e-03,-2.907234430313110352e-02,1.334103755652904510e-03,2.217947505414485931e-02,9.345674887299537659e-03,-2.298549562692642212e-02,-2.718583913519978523e-03,9.276189841330051422e-03,-1.661549787968397141e-03,-2.162359841167926788e-02,-1.531439926475286484e-02,2.338155871257185936e-03,-4.631146788597106934e-03,-2.851646766066551208e-02,-2.117889747023582458e-02,2.985057048499584198e-02,-3.427326446399092674e-03,-2.492758911103010178e-03,8.393735624849796295e-03,-2.001155540347099304e-02,-4.485229030251502991e-03,1.292413007467985153e-02,-9.818169288337230682e-03,-1.213200576603412628e-02,-3.588878083974123001e-03,3.218525275588035583e-02,-9.977984242141246796e-03,-8.185282349586486816e-03,-1.263229455798864365e-02,3.235375334043055773e-04,-1.048522163182497025e-02,1.123565528541803360e-02,7.170807570219039917e-03,1.245858334004878998e-02,-5.551817361265420914e-03,1.398724410682916641e-02,1.202083099633455276e-02,2.567454939708113670e-03,-1.852458715438842773e-02,-6.416900083422660828e-03,1.909088576212525368e-03,9.130272082984447479e-03,4.422693047672510147e-03,-2.652920968830585480e-02,1.239604689180850983e-02,-1.905266940593719482e-02,8.282560855150222778e-03,8.115798234939575195e-03,2.625127136707305908e-02,2.343367086723446846e-03,-2.636244520545005798e-02,2.192933112382888794e-02,1.147190295159816742e-02,3.268554061651229858e-02,-2.070640213787555695e-02,-1.933060772716999054e-02,1.313258334994316101e-02,-1.133293379098176956e-02,7.281982805579900742e-03,-5.312095396220684052e-03,-2.951704524457454681e-02,-5.847126711159944534e-03,2.689052931964397430e-02,-1.002314966171979904e-03,1.987258717417716980e-02,1.300751138478517532e-02,8.081055246293544769e-03,7.365364581346511841e-03,-6.312672980129718781e-03,-3.871680423617362976e-02,2.238792926073074341e-02,-2.944408683106303215e-03,-1.457786280661821365e-02,-7.386209908872842789e-03,4.405321553349494934e-03,3.502022475004196167e-02,6.013889331370592117e-03,-1.788532920181751251e-02,-7.733632810413837433e-03,-8.972195209935307503e-04,-6.614930927753448486e-03,7.281982805579900742e-03,-6.958879530429840088e-03,-1.613431796431541443e-02,-3.443655371665954590e-02,-4.947301466017961502e-03,-2.529238350689411163e-03,1.752400770783424377e-02,-1.987258670851588249e-03,-1.673188433051109314e-02,-1.199998520314693451e-02,-6.368260830640792847e-03,1.680136844515800476e-02,3.060100413858890533e-02,8.852333761751651764e-03,3.658362664282321930e-03,-3.968958556652069092e-02,3.157378733158111572e-02,1.702371984720230103e-02,1.680136844515800476e-02,-2.559811621904373169e-02,3.140702610835433006e-03,1.095076836645603180e-02,7.990725338459014893e-03,1.734942925395444036e-04,1.439720299094915390e-02,-3.349156351760029793e-03,1.445279084146022797e-02,3.135143965482711792e-02,2.124490682035684586e-03,-8.894025348126888275e-03,-1.124260388314723969e-02,6.962353829294443130e-03,9.026045911014080048e-03,-7.872601971030235291e-03,1.259755250066518784e-02,-9.394314140081405640e-03,-8.142723236232995987e-04,1.827444182708859444e-03,1.869134977459907532e-02,-4.662414547055959702e-03,-1.132598519325256348e-02,-3.829989582300186157e-02,2.237403206527233124e-02,7.226395420730113983e-03,-9.512437507510185242e-03,2.497275359928607941e-02,4.328888840973377228e-03,1.071799546480178833e-03,2.312099095433950424e-03,1.266008894890546799e-02,-1.692644134163856506e-02,-8.379839360713958740e-03,2.614009566605091095e-02,1.168035622686147690e-02,7.219446823000907898e-03,-1.137809827923774719e-03,4.940352868288755417e-03,1.595539390109479427e-03,1.088302116841077805e-03,3.745652502402663231e-04,-2.129007317125797272e-02,-1.841341145336627960e-02,-2.511172369122505188e-02,2.088706195354461670e-02,1.681526564061641693e-02,-2.752978727221488953e-02,-2.286042273044586182e-02,9.866808541119098663e-03,4.360156599432229996e-03,1.013085059821605682e-02,2.643193118274211884e-02,-2.131786569952964783e-02,2.507003210484981537e-02,3.276892378926277161e-02,-1.538388337939977646e-02,-4.903004737570881844e-04,9.623612859286367893e-04,3.304686024785041809e-02,-1.195829454809427261e-02,1.948347315192222595e-02,-8.837568457238376141e-04,-2.220726944506168365e-02,2.122058719396591187e-02,-8.296458050608634949e-03,1.539778057485818863e-02,-1.545336842536926270e-02,-1.338967680931091309e-02,-1.139546930789947510e-02,4.561662208288908005e-03,1.680136844515800476e-02,-1.030456181615591049e-02,-9.067736100405454636e-04,5.831145122647285461e-02,-9.144169278442859650e-03,2.558421902358531952e-02,1.928891614079475403e-02,-2.652920968830585480e-02,-1.331324316561222076e-02,2.001155540347099304e-02,-1.883031800389289856e-02,7.483488414436578751e-03,-3.490904718637466431e-02,-6.041683256626129150e-03,-6.121590733528137207e-03,-3.321362286806106567e-02,-1.373709924519062042e-02,3.043424151837825775e-02,-2.675155922770500183e-02,4.971621092408895493e-03,-1.180542819201946259e-02,3.040644712746143341e-02,1.924722641706466675e-02,-2.094264887273311615e-02,9.213654324412345886e-03,-2.447246573865413666e-02,-1.261144969612360001e-02,1.863576099276542664e-02,1.682916283607482910e-02,2.981322468258440495e-04,-1.867745257914066315e-02,-3.299127519130706787e-02
-1.530756987631320953e-02,-2.155024930834770203e-02,-9.377024136483669281e-03,1.173103507608175278e-02,-1.099621970206499100e-02,2.161527611315250397e-02,-6.977494806051254272e-03,-1.198952086269855499e-03,-7.172578480094671249e-03,-1.113928109407424927e-02,-2.621437670313753188e-05,1.437116786837577820e-02,8.479638956487178802e-03,-8.689354290254414082e-04,-2.714915201067924500e-03,2.162828296422958374e-02,3.560928255319595337e-02,8.603191934525966644e-03,2.902845852077007294e-02,-1.196513511240482330e-02,-3.722847905009984970e-03,1.307711284607648849e-02,-1.741122221574187279e-03,1.878006011247634888e-02,1.382493320852518082e-02,-1.824683137238025665e-02,1.037845388054847717e-02,-1.656911149621009827e-02,6.584075745195150375e-03,1.095069944858551025e-02,9.845225140452384949e-03,-8.819409995339810848e-04,-3.417216707020998001e-03,-4.229415208101272583e-02,-1.044998504221439362e-02,-2.538689598441123962e-02,-9.077896364033222198e-03,-3.217580914497375488e-02,9.455057792365550995e-03,-7.361159194260835648e-03,2.448707236908376217e-04,1.320066582411527634e-02,-1.632200554013252258e-02,2.754582278430461884e-02,-2.757183276116847992e-02,1.221874449402093887e-02,-1.256339158862829208e-02,-5.735461600124835968e-03,1.687931398919317871e-05,1.613992638885974884e-02,2.084794826805591583e-02,4.073998425155878067e-03,-1.182207372039556503e-02,-2.488943282514810562e-03,-4.639741498976945877e-03,7.231103722006082535e-03,6.310958415269851685e-03,9.175438433885574341e-03,1.945635117590427399e-02,9.298991411924362183e-03,1.559856929816305637e-03,1.775261946022510529e-02,-1.785666309297084808e-02,-1.033293455839157104e-02,-1.383793912827968597e-02,-1.086616329848766327e-02,-1.290153712034225464e-02,-1.018987316638231277e-02,-1.865000464022159576e-02,-3.914680331945419312e-03,4.237218573689460754e-02,2.364414744079113007e-02,1.861098781228065491e-02,-8.544667623937129974e-03,-1.394848688505589962e-03,-2.108204737305641174e-02,-1.214071083813905716e-02,1.212120242416858673e-02,-7.556242868304252625e-03,-1.394848688505589962e-03,1.564571447670459747e-02,-3.599945083260536194e-02,-1.509948074817657471e-02,2.589411288499832153e-02,1.220573857426643372e-02,1.900440664030611515e-03,-6.408500485122203827e-03,4.922612570226192474e-03,2.063010353595018387e-03,-5.020154640078544617e-03,1.959941163659095764e-02,2.507476136088371277e-02,-7.291254587471485138e-04,1.909219473600387573e-02,-7.445695810019969940e-03,1.666340162046253681e-03,-8.115483447909355164e-03,3.503703698515892029e-02,-6.964488886296749115e-03,-5.615159869194030762e-03,-7.166075520217418671e-03,7.991930469870567322e-03,-1.463127974420785904e-02,-3.908177372068166733e-03,-2.978278324007987976e-02,-8.056958205997943878e-03,9.298991411924362183e-03,-9.650141932070255280e-03,8.518655784428119659e-03,-5.207435041666030884e-02,-9.201449342072010040e-03,3.170760720968246460e-02,-1.908924787130672485e-05,-3.451681509613990784e-02,6.122377701103687286e-03,-2.895042486488819122e-02,1.433215104043483734e-02,-9.838722646236419678e-03,-1.283000688999891281e-02,-2.227856218814849854e-02,8.473136462271213531e-03,5.920791067183017731e-03,-5.998824490234255791e-04,-2.013264037668704987e-02,-7.218097802251577377e-03,-1.663413830101490021e-02,-9.596697054803371429e-05,1.454024016857147217e-02,-1.956039480865001678e-02,-1.438417378813028336e-02,3.337232396006584167e-02,1.415007282048463821e-02,2.767587825655937195e-02,-3.464686870574951172e-02,-2.137792529538273811e-03,2.552995644509792328e-02,-1.490439660847187042e-02,-1.493040751665830612e-02,-8.063460700213909149e-03,-3.144749626517295837e-02,-7.062030956149101257e-03,1.757054030895233154e-02,-2.538689598441123962e-02,1.478734612464904785e-02,-4.129272419959306717e-03,1.689425110816955566e-02,2.559498511254787445e-02,2.116008102893829346e-02,-1.508647482842206955e-02,-1.849393732845783234e-02,1.460526883602142334e-02,-1.197163853794336319e-02,1.757054030895233154e-02,-2.840419113636016846e-02,5.914288107305765152e-03,1.297306828200817108e-02,-2.269474044442176819e-02,-4.327607341110706329e-03,-1.470931340008974075e-02,-1.855896599590778351e-02,9.403035975992679596e-03,-9.307119762524962425e-04,-3.839897923171520233e-03,4.964880645275115967e-03,1.807775907218456268e-02,3.212378546595573425e-02,-1.148392912000417709e-02,-5.954118096269667149e-04,-1.133436430245637894e-02,-1.169852074235677719e-02,1.773961447179317474e-02,3.300816565752029419e-02,-2.536088414490222931e-02,4.440105706453323364e-02,-1.064019161276519299e-03,3.540119528770446777e-02,1.429313421249389648e-02,4.596172645688056946e-02,4.597472958266735077e-03,1.209519151598215103e-02,-3.620753809809684753e-02,1.364285498857498169e-02,5.244500935077667236e-03,1.712835207581520081e-02,-1.594484411180019379e-02,-5.969562102109193802e-03,6.242679432034492493e-03,-7.835863158106803894e-03,2.417412586510181427e-03,-2.222328679636120796e-03,-1.006632018834352493e-02,1.399400644004344940e-02,-2.741576731204986572e-02,8.973851799964904785e-03,-6.642210483551025391e-01,-4.103261046111583710e-03,-1.930028386414051056e-02,-1.548964809626340866e-02,5.394065286964178085e-03,3.391205566003918648e-03,1.920924521982669830e-02,-1.181557122617959976e-02,-2.227856218814849854e-02,-7.068533916026353836e-03,1.773636206053197384e-03,2.621437597554177046e-04,7.819606107659637928e-04,-1.023539248853921890e-02,-1.987252943217754364e-02,-3.498501610010862350e-03,-1.590582728385925293e-02,-8.583684451878070831e-03,4.432566493051126599e-05,2.317594736814498901e-02,-1.210819650441408157e-02,2.130314335227012634e-02,-4.197551403194665909e-03,-1.734944619238376617e-02,2.500323113054037094e-03,3.452982055023312569e-03,1.786966994404792786e-02,1.021750969812273979e-03,8.664968772791326046e-04,1.564571447670459747e-02,-1.946935616433620453e-02,1.482636295258998871e-02,1.238781679421663284e-02,1.610090956091880798e-02,5.353097617626190186e-02,-1.712835207581520081e-02,-6.333718542009592056e-03,1.431914605200290680e-02,2.500973455607891083e-02,2.447650581598281860e-02,-3.459484875202178955e-02,1.525554712861776352e-02,5.426579155027866364e-03,-2.775391191244125366e-02,5.182724446058273315e-03,1.252437569200992584e-02,6.977494806051254272e-03,-2.484066179022192955e-03,1.418908964842557907e-02,1.269995048642158508e-02,3.165558725595474243e-02,-2.734423615038394928e-03,-1.097020786255598068e-02,1.289991196244955063e-03,2.144295256584882736e-03,2.412535436451435089e-02,2.804003469645977020e-02,-3.885417478159070015e-03,-5.764724221080541611e-03,2.278577908873558044e-02,-1.158147025853395462e-02,3.066716156899929047e-02,7.010008674114942551e-03,-8.941337466239929199e-03,-2.654439210891723633e-02,-7.352217799052596092e-04,-1.697228476405143738e-02,2.018466219305992126e-02,4.679408296942710876e-02,-3.490698337554931641e-02,1.517751440405845642e-02,1.007932587526738644e-03,7.458701264113187790e-03,-2.031471952795982361e-02,2.438546624034643173e-03,-1.092468854039907455e-02,2.809205651283264160e-02,-1.275847572833299637e-02,2.023993758484721184e-03,1.219923608005046844e-02,-4.360121209174394608e-03,-9.305493906140327454e-03,-2.599815838038921356e-02,-1.457925699651241302e-02,2.623225934803485870e-02,-1.156196184456348419e-02,-7.016511168330907822e-03,-4.021976143121719360e-03,-2.861228026449680328e-02,-2.186563331633806229e-03,2.876834757626056671e-02,1.707632839679718018e-02,-5.816746503114700317e-03,-8.447125554084777832e-03,2.744177728891372681e-02,8.260576578322798014e-05,-1.954738982021808624e-02,1.851994916796684265e-02,-3.381451359018683434e-03,-8.850298821926116943e-03,-7.309136912226676941e-03,-1.346077676862478256e-02,2.216151170432567596e-02,-1.554166991263628006e-02,1.677720062434673309e-02,2.005460672080516815e-02,-3.456883504986763000e-02,-2.582908608019351959e-02,1.695927791297435760e-02,3.374948399141430855e-03,-2.116008102893829346e-02,1.064506918191909790e-02,1.509948074817657471e-02,8.512153290212154388e-03,-1.836388185620307922e-02,-3.053710609674453735e-02,2.902845852077007294e-02,1.254388410598039627e-02,7.003505714237689972e-03,-2.209648303687572479e-02,1.204316876828670502e-02,1.468330156058073044e-02,2.073089778423309326e-02,-3.397708293050527573e-03,7.692801766097545624e-03,3.719596425071358681e-03,8.089471608400344849e-03,-1.543762534856796265e-02,-2.200544439256191254e-02,1.011996879242360592e-03,-4.665752407163381577e-03,-4.295906110201030970e-04,1.750551350414752960e-02,-9.233962744474411011e-03,-2.605993533506989479e-03,-4.495054308790713549e-04,-3.693585284054279327e-03,-1.573675312101840973e-02,5.535175651311874390e-02,-3.222783282399177551e-02,1.431914605200290680e-02,1.671217195689678192e-02,-6.327215582132339478e-03,-9.507080540060997009e-03,4.204054363071918488e-03,-3.568731620907783508e-02,-1.241220161318778992e-03,8.108980022370815277e-03,-5.389513075351715088e-02,-1.383468741551041603e-03,-1.597085408866405487e-02,-1.308361534029245377e-02,-2.625826932489871979e-02,2.300362335518002510e-03,1.970345713198184967e-02,-1.317627960816025734e-03,3.615551861003041267e-03,-5.533874966204166412e-03,-5.588335916399955750e-04,3.241641214117407799e-03,2.840419113636016846e-02,7.894388400018215179e-03,-4.386132583022117615e-03,-1.788267493247985840e-02,-8.193516172468662262e-03,-2.253867313265800476e-02,2.021067403256893158e-02,-9.908627253025770187e-04,1.572049688547849655e-03,-1.679020561277866364e-02,-1.452723518013954163e-02,-1.624397188425064087e-02,-3.485495923087000847e-03,1.115878950804471970e-02,-1.815904397517442703e-03,7.133561652153730392e-03,-7.192086894065141678e-03,4.308098927140235901e-03,-1.937831752002239227e-02,2.733773365616798401e-02,8.947839960455894470e-03,-1.377291139215230942e-02,-1.176354847848415375e-02,2.314993645995855331e-03,1.116041443310678005e-03,2.425540983676910400e-02,1.996356761083006859e-03,1.693326793611049652e-02,-3.719596564769744873e-02,7.471706718206405640e-03,-2.391726523637771606e-02,1.980750076472759247e-02,5.085182376205921173e-03,7.848869077861309052e-03,-9.318499825894832611e-03,-6.177651230245828629e-03,2.767587825655937195e-02,-6.596268503926694393e-04,-8.252041414380073547e-03,5.069575831294059753e-02,1.935230568051338196e-02,-7.140064612030982971e-03,4.083752632141113281e-02,-1.409805100411176682e-02,2.235659584403038025e-02,-1.681621745228767395e-02,5.585897248238325119e-03,-1.723239570856094360e-02,2.205746620893478394e-02,1.663413830101490021e-02,1.335673220455646515e-02,-1.298607327044010162e-02,-6.011830177158117294e-03,-2.093898598104715347e-03,-1.009233109652996063e-02,3.240991011261940002e-02,1.361684408038854599e-02,1.230978313833475113e-02,7.517226506024599075e-03,-1.833787001669406891e-02,8.534912922186776996e-05,-6.177651230245828629e-03,-2.137792529538273811e-03,-1.331771537661552429e-02,-1.759655214846134186e-02,1.456625177524983883e-03,1.669916696846485138e-02,-7.439192850142717361e-03,1.274546980857849121e-02,3.303417703136801720e-03,2.260370180010795593e-02,5.224992521107196808e-03,9.097404778003692627e-03,2.619324252009391785e-02,1.792169176042079926e-02,-1.693977043032646179e-03,2.121210470795631409e-02,-3.901674598455429077e-02,2.913250401616096497e-02,-5.784232635051012039e-03,3.631808795034885406e-03,1.493040751665830612e-02,1.771360263228416443e-02,-1.655610650777816772e-02,2.184937708079814911e-03,1.009233109652996063e-02,2.017165720462799072e-02,-9.331504814326763153e-03,3.053060267120599747e-03,5.068925675004720688e-03,3.430222161114215851e-03,1.102223061025142670e-02,-7.757829502224922180e-03,2.216151170432567596e-02,4.031730443239212036e-02,-4.013522714376449585e-02,9.377024136483669281e-03,1.087916921824216843e-02,1.824683137238025665e-02,2.913250401616096497e-02,-1.335673220455646515e-02,-9.513583034276962280e-03,1.528155896812677383e-02,1.112790079787373543e-03,2.260370180010795593e-02,1.958640664815902710e-02,-1.136037614196538925e-02,1.454999437555670738e-03,-6.021584384143352509e-03,-1.252437569200992584e-02,-2.267848234623670578e-03,-1.573675312101840973e-02,1.786966994404792786e-02,2.258094260469079018e-03,1.386395003646612167e-02,2.173232659697532654e-02,1.005331519991159439e-02,-1.789893256500363350e-03,1.169852074235677719e-02,4.678757861256599426e-03,-1.725840754806995392e-02,-2.757183276116847992e-02,1.533358078449964523e-02,-1.768759102560579777e-03,-6.141886115074157715e-03,-2.103002555668354034e-02,-3.685781732201576233e-02,3.532316163182258606e-02,-1.651099300943315029e-04,1.547664217650890350e-02,-1.193262171000242233e-03,1.494341343641281128e-02,1.507346890866756439e-02,1.828584820032119751e-02,1.763556897640228271e-02,1.772660762071609497e-02,1.810376904904842377e-02,-4.078550636768341064e-02,9.864733554422855377e-03,7.049025502055883408e-03,-9.305493906140327454e-03,-8.492644876241683960e-03,-7.556242868304252625e-03,3.135971026495099068e-03,3.795028850436210632e-02,-5.592400208115577698e-03,1.487838570028543472e-02,1.019637659192085266e-02,-1.156196184456348419e-02,1.724540069699287415e-02,-1.530756987631320953e-02,-8.489190076943486929e-05,1.050851028412580490e-02,-3.009491600096225739e-02,-4.168288782238960266e-03,5.273763556033372879e-03,1.108075585216283798e-02,2.468459494411945343e-02,1.521653030067682266e-02,4.308098927140235901e-03,2.203145623207092285e-02,5.195729900151491165e-03,-1.266743708401918411e-02,1.905317790806293488e-02,9.322401136159896851e-02,1.680321246385574341e-02,-1.816879771649837494e-02,1.806475408375263214e-02,9.513583034276962280e-03,2.001558989286422729e-02,-3.308619931340217590e-02,-2.650537528097629547e-02,1.112627517431974411e-02,-1.556768175214529037e-02,1.361684408038854599e-02,-7.192086894065141678e-03,7.419684436172246933e-03,-1.610090956091880798e-02,2.460656128823757172e-02,-9.429046884179115295e-03,-1.118480041623115540e-02,-1.148392912000417709e-02,-1.775261946022510529e-02,-2.168030478060245514e-02,-2.592012472450733185e-02,-7.114053238183259964e-03,-1.411105599254369736e-02,4.330858588218688965e-03,3.979708068072795868e-03,1.101572811603546143e-02,6.990500260144472122e-03,1.424111239612102509e-02,4.005719348788261414e-02,-4.304847680032253265e-03,-8.258544839918613434e-03,6.460522767156362534e-03,5.888277199119329453e-03,2.749379910528659821e-02,-6.541807670146226883e-03,8.434119634330272675e-03,3.690984100103378296e-02,-9.981784038245677948e-03,2.960070408880710602e-02,6.559690227732062340e-04,1.342176087200641632e-02,2.744177822023630142e-03,2.239561267197132111e-02,-1.154245343059301376e-02,1.149693410843610764e-02,-3.586289240047335625e-03,1.016061054542660713e-03,1.611391641199588776e-02,-1.930028386414051056e-02,-1.366886682808399200e-02,4.094156995415687561e-02,-1.515150256454944611e-02,-2.214850671589374542e-02,5.611908622086048126e-03,3.516709432005882263e-02,2.243462949991226196e-03,-3.969953861087560654e-03,1.502144709229469299e-02,-1.089217513799667358e-02,1.810376904904842377e-02,-1.434515696018934250e-02,-3.269603103399276733e-02,6.912466604262590408e-03,2.786039549391716719e-04,-2.088696509599685669e-02,-1.851994916796684265e-02,-6.428008899092674255e-03,-1.884183613583445549e-03,-1.917022839188575745e-02,6.385740824043750763e-03,-1.057353802025318146e-02,3.573283553123474121e-03,-8.778767660260200500e-03,2.139418199658393860e-02,4.728829488158226013e-02,2.905447036027908325e-02,1.040446572005748749e-02,-1.251787226647138596e-02,1.676419563591480255e-02,-5.540377926081418991e-03,-9.845225140452384949e-03,-1.382493320852518082e-02,2.104303054511547089e-02,-1.108725834637880325e-02,-3.514108061790466309e-02,3.269603103399276733e-02,-6.574321538209915161e-03,-5.052668508142232895e-03,-2.861228026449680328e-02,1.676419563591480255e-02,6.200411356985569000e-03,-1.480400969740003347e-04,9.272979572415351868e-03,-1.626510522328317165e-03,6.671863608062267303e-03,-1.558068674057722092e-02,1.754453033208847046e-02,7.959416136145591736e-03,2.726295031607151031e-03,-6.372734904289245605e-03,2.148522064089775085e-02,-1.685523428022861481e-02,-3.018920775502920151e-03,-4.559756815433502197e-02,1.587981544435024261e-02,-1.729742437601089478e-02,-6.649103481322526932e-03,1.318765990436077118e-02,-1.005331519991159439e-02,-1.969045028090476990e-02,1.658211648464202881e-02,-1.624397188425064087e-02,2.152423746883869171e-02,-1.117667197831906378e-04,-8.121985942125320435e-03,1.236180588603019714e-02,-4.457663279026746750e-03,1.415007282048463821e-02,6.330466829240322113e-03,9.253471158444881439e-03,3.056311747059226036e-03,-3.168159723281860352e-02,2.790997922420501709e-02,-8.882812224328517914e-03,2.311742166057229042e-03,2.658340893685817719e-02,-1.563270948827266693e-02,-3.048508428037166595e-02,-2.248665131628513336e-02,-2.028870861977338791e-03,-1.034594047814607620e-02,1.141239795833826065e-02,1.113928109407424927e-02,-1.355181634426116943e-02,-1.872803829610347748e-02,-2.057483047246932983e-02,-1.689425110816955566e-02,2.298330218764021993e-04,-7.120556198060512543e-03,2.251266129314899445e-02,-1.866300962865352631e-02,-1.844191551208496094e-02,-3.478993196040391922e-03,-2.377420291304588318e-02,-1.133436430245637894e-02,-2.817009016871452332e-02,-1.388996094465255737e-02,1.755753532052040100e-02,2.023668587207794189e-02,2.412535436451435089e-02,-3.134345263242721558e-02,-2.248665131628513336e-02,-2.983480505645275116e-02,-5.956556648015975952e-03,-7.842365652322769165e-03,-1.944334432482719421e-02,-9.155930019915103912e-03,9.780197404325008392e-03,3.040705062448978424e-02,2.702559903264045715e-02,1.496942434459924698e-02,-1.559856929816305637e-03,2.663543075323104858e-02,-7.604201091453433037e-04,-3.495250130072236061e-03,-1.640003919601440430e-02,-5.260757636278867722e-03,-4.529193975031375885e-03,-3.553124889731407166e-02,1.744048483669757843e-02,2.010663039982318878e-02,2.089997008442878723e-02,1.477434113621711731e-02,-1.551565900444984436e-02,1.714135706424713135e-02,3.113536350429058075e-02,-3.449080139398574829e-02,-4.734031856060028076e-03,-1.015085633844137192e-02,-8.226030506193637848e-03,-1.917022839188575745e-02,2.143319882452487946e-02,7.029517088085412979e-03,4.421897698193788528e-03,-7.986240088939666748e-04,7.211595308035612106e-03,2.407333254814147949e-02,-1.978149078786373138e-02,3.324551740661263466e-03,6.892958190292119980e-03,1.158147025853395462e-02,-8.843795396387577057e-03,1.366886682808399200e-02,-4.612917255144566298e-04,-8.980354294180870056e-03,-1.320716831833124161e-02,-3.592791967093944550e-03,3.300816565752029419e-02,-6.219919305294752121e-03,-1.534658670425415039e-02,-2.545842668041586876e-03,3.817138262093067169e-03,-1.195863261818885803e-02,-2.264271862804889679e-02,1.288202870637178421e-02,1.625697687268257141e-02,-5.862265825271606445e-03,9.142924100160598755e-03,5.075428169220685959e-03,-2.749379910528659821e-02,-1.640003919601440430e-02,-6.164645776152610779e-03,-4.152032081037759781e-03,-3.040705062448978424e-02,2.975677140057086945e-02,-5.296523217111825943e-03,-2.034072950482368469e-02,1.705031841993331909e-02,-3.248794376850128174e-02,-5.153461825102567673e-03,-9.890745393931865692e-03,-2.131614834070205688e-02,4.874492064118385315e-02,-1.612692140042781830e-02,2.416437119245529175e-02,1.786641776561737061e-03,-5.462344270199537277e-03,-5.012351274490356445e-02,1.437116786837577820e-02,-3.917931579053401947e-03,-1.444920152425765991e-02,6.925472524017095566e-03,2.188189188018441200e-03,-1.161560998298227787e-03,-2.508451696485280991e-03,8.458708180114626884e-05,2.546492964029312134e-02,3.059563226997852325e-03,-1.753152348101139069e-02,3.142148628830909729e-02,1.992455124855041504e-02,8.063460700213909149e-03,-1.824845676310360432e-04,-2.131614834070205688e-02,-2.736374363303184509e-02,-9.474566206336021423e-03,-2.686953172087669373e-02,3.080697264522314072e-03,-7.179080974310636520e-03,-9.084398858249187469e-03,-2.087395824491977692e-02,3.373647853732109070e-02,2.734423615038394928e-03,2.928856946527957916e-02,6.151640322059392929e-03,4.243071191012859344e-03,-3.583037760108709335e-03,-4.682009574025869370e-03,-6.931975018233060837e-03,1.870202645659446716e-02,-3.282608836889266968e-02,2.573804557323455811e-02,4.152032081037759781e-03,-4.701517987996339798e-03,-1.285601779818534851e-02,5.107942037284374237e-03,-1.232278905808925629e-02,-7.601762656122446060e-03,2.077641664072871208e-03,2.775391191244125366e-02,-1.366886682808399200e-02,-6.600332912057638168e-03,-1.851994916796684265e-02,2.845621295273303986e-02,1.697228406555950642e-03,5.026657599955797195e-03,-1.160748209804296494e-02,2.645010128617286682e-03,1.712835207581520081e-02,-1.212120242416858673e-02,-4.161786055192351341e-04,-6.749896798282861710e-03,-3.605797654017806053e-03,-4.763294477015733719e-03,-1.624397188425064087e-02,-8.395102806389331818e-03,-9.825716726481914520e-03,-1.772660762071609497e-02,1.450122334063053131e-02,-1.785016153007745743e-03,-1.086616329848766327e-02,-1.173753757029771805e-03,-1.333072129637002945e-02,1.145791728049516678e-02,5.670433863997459412e-03,-1.679020561277866364e-02,1.091168355196714401e-02,1.983351260423660278e-02,-2.767587825655937195e-02,1.788267493247985840e-02,-2.572504058480262756e-02,-1.466176181565970182e-04,-3.023797878995537758e-03,6.060601212084293365e-03,1.378591638058423996e-03,-2.487967722117900848e-02,2.002859674394130707e-02,-2.848222479224205017e-02,-2.949666045606136322e-02,9.962275624275207520e-03,2.139418199658393860e-02,1.156196184456348419e-02,-7.705807220190763474e-03,-2.065286412835121155e-02,2.718166634440422058e-02,1.424111239612102509e-02,5.885025952011346817e-03,-3.300816565752029419e-02,8.478013915009796619e-04,2.530886232852935791e-02,-8.895818144083023071e-03,7.692801766097545624e-03,2.845621295273303986e-02,-1.633501052856445312e-02,-1.184158213436603546e-02,4.747037310153245926e-03,3.170110518112778664e-03,8.843795512802898884e-04,8.017941378057003021e-03,4.987640772014856339e-03,-4.730780608952045441e-03,8.700734004378318787e-03,-2.464557811617851257e-02,-2.433344349265098572e-02,-1.589932362549006939e-03,-2.386524342000484467e-02,-3.119713859632611275e-03,9.036592928168829530e-06,-1.943033933639526367e-02,7.361159194260835648e-03,1.257639750838279724e-02,8.557672612369060516e-03,-9.331504814326763153e-03,4.509685561060905457e-03,-7.582254242151975632e-03,2.751493302639573812e-04,-1.491740252822637558e-02,-9.929761290550231934e-03,-3.945893421769142151e-02,-2.638832479715347290e-02,1.191961579024791718e-02,1.343476586043834686e-02,1.467192196287214756e-04,-1.613504951819777489e-03,-7.679795846343040466e-03,-1.442319061607122421e-02,-5.769276246428489685e-02,-2.002859674394130707e-02,-2.926255948841571808e-02,8.427617140114307404e-03,-1.298607327044010162e-02,1.767458580434322357e-02,6.349975243210792542e-03,6.230486324056982994e-04,1.681621745228767395e-02,4.252825397998094559e-03,-2.633630298078060150e-02,-2.166729979217052460e-02,3.830143949016928673e-03,8.024443872272968292e-03,1.803874224424362183e-02,-8.697482990100979805e-04,-4.034331440925598145e-02,-2.671346440911293030e-02,8.668220601975917816e-03,-6.470276974141597748e-03,8.024443872272968292e-03,1.823382638394832611e-02,-1.011834293603897095e-02,4.955126903951168060e-03,-9.201449342072010040e-03,-6.577572785317897797e-03,2.001233864575624466e-03,-1.037195138633251190e-02,2.359293866902589798e-04,-1.762256398797035217e-02,-1.123682316392660141e-02,5.361550953239202499e-03,1.110026426613330841e-02,-1.841590367257595062e-02,1.820781501010060310e-03,3.922483325004577637e-02,3.196121659129858017e-03,2.019766904413700104e-02,-2.333201467990875244e-02,-8.661717176437377930e-03,-9.246968664228916168e-03,6.180902943015098572e-03,3.467288240790367126e-02,-6.122377701103687286e-03,-1.989853940904140472e-02,2.210948988795280457e-02,6.063852459192276001e-03,-3.303417935967445374e-02,-2.741576731204986572e-02,1.260240841656923294e-02,-1.178956031799316406e-02,5.172970239073038101e-03,3.878914751112461090e-03,-2.666144259274005890e-02,1.075561624020338058e-02,-1.757054030895233154e-02,9.129918180406093597e-03,-1.590582728385925293e-02,-9.942767210304737091e-03,7.413181476294994354e-03,-1.693977043032646179e-03,-2.294184640049934387e-02,3.813236579298973083e-02,1.226426381617784500e-02,8.817784488201141357e-03,2.528285048902034760e-02,1.879306510090827942e-02,-4.828322271350771189e-04,6.632846780121326447e-03,-3.051109425723552704e-02,1.225776132196187973e-02,-1.076211873441934586e-02,-5.888277199119329453e-03,5.836254567839205265e-04,-4.675506614148616791e-03,-3.545321524143218994e-02,1.257639750838279724e-02,1.199114602059125900e-02,-9.643638506531715393e-03,3.638961911201477051e-02,2.037194371223449707e-01,-3.342434531077742577e-03,3.887449565809220076e-04,3.769017755985260010e-02,1.656911149621009827e-02,8.323572576045989990e-03,-1.867926679551601410e-03,-1.916697598062455654e-03,2.521457150578498840e-03,3.958574088755995035e-04,-2.261670678853988647e-02,-1.516450848430395126e-02,-2.139418199658393860e-02,3.963450901210308075e-03,-1.175054349005222321e-02,-2.808392746374011040e-04,-2.173232659697532654e-02,-9.084398858249187469e-03,-2.788396738469600677e-02,-4.135775193572044373e-02,2.871632389724254608e-02,-2.757183276116847992e-02,1.973597100004553795e-03,-1.042072195559740067e-03,4.528543725609779358e-02,-1.084015239030122757e-02,9.851728565990924835e-03,-1.785666309297084808e-02,1.426712330430746078e-02,2.720767632126808167e-02,-3.459484782069921494e-03,-1.610090956091880798e-02,-1.101572811603546143e-02,-1.370463171042501926e-03,-7.660287898033857346e-03,-5.715953186154365540e-03,6.918969564139842987e-03,-1.254225848242640495e-03,2.928856946527957916e-02,-1.949536800384521484e-02,1.556768175214529037e-02,-4.202428681310266256e-04,3.178564086556434631e-02,1.435816194862127304e-02,-1.915722154080867767e-02,4.987640772014856339e-03,-1.539535704068839550e-03,3.199373139068484306e-03,-2.602416835725307465e-02,1.985952258110046387e-02,-2.227856218814849854e-02,-2.441798103973269463e-03,3.420468047261238098e-02,5.140456371009349823e-03,2.576730912551283836e-03,1.978149078786373138e-02,1.681621745228767395e-02,1.246585045009851456e-02,-1.574975997209548950e-02,-1.186759327538311481e-03,-3.443878144025802612e-02,2.469759993255138397e-02,5.023405887186527252e-03,5.878522992134094238e-03,-1.417608465999364853e-02,1.708933524787425995e-02,-3.914679959416389465e-02,9.019371122121810913e-03,-3.703339491039514542e-03,1.262191683053970337e-02,-3.737804293632507324e-02,-1.638703234493732452e-02,-1.102873310446739197e-02,2.203145623207092285e-02,5.436333362013101578e-03,-1.762256398797035217e-02,6.836059037595987320e-04,3.966702497564256191e-04,8.414611220359802246e-03,1.630574814043939114e-03,2.768563339486718178e-03,2.089021494612097740e-03,-1.589282043278217316e-02,1.303809601813554764e-02,-1.435816194862127304e-02,-2.049679681658744812e-02,2.270774543285369873e-02,3.982959315180778503e-03,-9.396532550454139709e-03,-2.913250355049967766e-03,1.240732520818710327e-02,-3.266026731580495834e-03,-1.398100052028894424e-02,5.661492468789219856e-04,1.485237479209899902e-02,1.758354716002941132e-02,-2.171932253986597061e-03,8.765761740505695343e-03,-7.660287898033857346e-03,-1.317465398460626602e-02,-1.941733434796333313e-02,-4.848480969667434692e-02,2.442448213696479797e-02,1.866300939582288265e-03,-1.906943391077220440e-03,1.361684408038854599e-02,1.084665488451719284e-02,4.044735804200172424e-02,1.030042115598917007e-02,-2.036674134433269501e-02,1.874104328453540802e-02,-2.382622659206390381e-02,-3.090451471507549286e-03,5.705183139070868492e-05,1.698528975248336792e-02,-1.465729065239429474e-02,9.760688990354537964e-03,-2.608919702470302582e-02,-2.246063947677612305e-02,-4.230065271258354187e-03,-1.020287908613681793e-02,-1.124982815235853195e-02,-2.837817929685115814e-02,3.550523892045021057e-03,-1.876705512404441833e-02,-3.334631025791168213e-02,-2.387824840843677521e-02,1.786966994404792786e-02,-1.165950391441583633e-02,-3.071918338537216187e-02,5.127450451254844666e-03,-3.402260318398475647e-02,-8.934834972023963928e-03,5.927294027060270309e-03,3.722847905009984970e-03,3.212378546595573425e-02,3.274155315011739731e-03,-2.524708630517125130e-03,-8.121985942125320435e-03,1.202366035431623459e-02,1.798672042787075043e-02,5.618411581963300705e-03,1.666015014052391052e-02,2.658340893685817719e-02,2.183637209236621857e-02,6.827930454164743423e-03,1.719337888062000275e-02,-1.524091581813991070e-03,6.271942052990198135e-03,-1.900115422904491425e-02,-2.312392368912696838e-02,1.545063126832246780e-02,-2.223954536020755768e-02,-5.758221261203289032e-03,1.429313421249389648e-02,-2.996486052870750427e-02,-2.793598920106887817e-02,-2.562099695205688477e-02,4.021976143121719360e-03,5.299774464219808578e-03,-4.216409474611282349e-02,6.115874741226434708e-03,1.097020786255598068e-02,-1.056703552603721619e-02,2.032772451639175415e-02,5.387562327086925507e-03,-1.655350476503372192e-01,1.468330156058073044e-02,1.273896731436252594e-02,-1.426712330430746078e-02,2.026269584894180298e-02,-1.524904510006308556e-03,2.772790007293224335e-02,-1.300558168441057205e-02,-1.667315512895584106e-02,1.434515696018934250e-02,4.265830852091312408e-03,-4.893349949270486832e-03,-7.289628498256206512e-03,1.012484543025493622e-02,1.863049576058983803e-03,2.534787915647029877e-02,3.641563002020120621e-03,2.637531980872154236e-02,2.521782368421554565e-02,1.740146800875663757e-02,8.999862708151340485e-03,7.335960981436073780e-04,1.044348254799842834e-02,-3.311221301555633545e-02,1.403302233666181564e-02,3.885417478159070015e-03,-1.292754802852869034e-02,-9.884241968393325806e-03,9.155930019915103912e-03,-8.473136462271213531e-03,-1.654309965670108795e-02,-7.731818594038486481e-03,1.997657306492328644e-02,-2.179735526442527771e-02,1.469630748033523560e-02,-9.240466170012950897e-03,-7.653784938156604767e-03,-1.422810647636651993e-02,-9.344510734081268311e-03,3.581737354397773743e-02,7.068533916026353836e-03,1.248535886406898499e-02,-5.898031406104564667e-03,-1.079463306814432144e-02,-2.147221565246582031e-02,5.699696019291877747e-03,2.344906330108642578e-02,8.258544839918613434e-03,3.670825390145182610e-03,-1.710234023630619049e-02,-1.529171859147027135e-04,1.654309965670108795e-02,8.024443872272968292e-03,-1.426712330430746078e-02,7.848869077861309052e-03,1.684222929179668427e-02,-2.030171267688274384e-02,-5.868768785148859024e-03,-2.513979002833366394e-02,-5.517618265002965927e-03,1.063206349499523640e-03,-2.402130886912345886e-02,-4.603975918143987656e-03,1.009883452206850052e-02,-4.418646451085805893e-03,-8.017941378057003021e-03,1.668616198003292084e-02,-1.130185090005397797e-02,-4.271033033728599548e-02,8.804778568446636200e-03,-2.200544439256191254e-02,-2.757183276116847992e-02,2.093898691236972809e-02,-2.532186731696128845e-02,3.153853584080934525e-03,5.555821699090301991e-04,-1.029391773045063019e-02,9.962275624275207520e-03,2.272075228393077850e-02,-1.460526883602142334e-02,-1.224475540220737457e-02,3.716995194554328918e-02,-2.895042486488819122e-02,-7.965918630361557007e-03,3.051109425723552704e-02,1.483936887234449387e-02,2.628428116440773010e-02,-9.149426594376564026e-03,2.077641664072871208e-03,-7.543237297795712948e-04,3.410713747143745422e-03,-2.318895235657691956e-02,2.725970000028610229e-02,-3.761214390397071838e-02,1.983351260423660278e-02,3.386653587222099304e-02,1.698528975248336792e-02,-5.927294027060270309e-03,1.695927791297435760e-02,2.200544439256191254e-02,1.999608241021633148e-03,8.206522092223167419e-03,-3.295614570379257202e-02,8.063460700213909149e-03,1.222524698823690414e-02,1.793144620023667812e-03,-2.876834757626056671e-02,1.087185373762622476e-04,3.657169640064239502e-02,4.207305610179901123e-03,5.117696244269609451e-03,-1.822407124564051628e-03,1.922225020825862885e-02,5.924042314291000366e-03,-1.763881999067962170e-03,1.628298871219158173e-02,1.429313421249389648e-02,-1.022238750010728836e-02,3.745607659220695496e-02,-4.221611842513084412e-02,4.213808476924896240e-02,1.892312243580818176e-02,-1.428012922406196594e-02,-3.417216707020998001e-03,1.043047662824392319e-02,-3.066716156899929047e-02,-9.015469253063201904e-02,-3.750809654593467712e-02,-1.443619560450315475e-02,1.389971585012972355e-03,-5.533874966204166412e-03,-4.688512068241834641e-03,1.675118878483772278e-02,1.056703552603721619e-02,-2.460656128823757172e-02,-8.473136462271213531e-03,-1.584079861640930176e-02,-6.441014353185892105e-03,-1.356482226401567459e-02,-2.407658379524946213e-03,2.780593372881412506e-02,-1.950837322510778904e-03,1.447683782316744328e-03,9.168935008347034454e-03,-3.495250130072236061e-03,1.750551350414752960e-02,3.482244443148374557e-03,-1.697228476405143738e-02,-2.049679681658744812e-02,-9.565605781972408295e-03,-5.342042539268732071e-03,1.189360488206148148e-02,-9.338007308542728424e-03,2.952267043292522430e-02,6.938477978110313416e-03,8.161002770066261292e-03,-8.863303810358047485e-03,5.650925450026988983e-03,2.447650581598281860e-02,-1.412406191229820251e-02,-3.430872410535812378e-02,-2.354010380804538727e-02,-2.676548808813095093e-02,-9.442052803933620453e-03,1.966444030404090881e-02,-4.528543725609779358e-02,-4.405640996992588043e-03,4.139026626944541931e-03,1.710234023630619049e-02,-2.023668587207794189e-02,6.584075745195150375e-03,-1.810376904904842377e-02,4.135774914175271988e-03,1.538560353219509125e-02,2.149822749197483063e-02,-1.574975997209548950e-02,-3.571332618594169617e-02,-6.918969564139842987e-03,1.478734612464904785e-02,1.009883452206850052e-02,1.976848393678665161e-02,-4.653397202491760254e-02,2.754582278430461884e-02,1.228377223014831543e-02,9.351013228297233582e-03,2.911624731495976448e-03,-2.103002555668354034e-02,1.608627848327159882e-03,9.955773130059242249e-03,3.014693781733512878e-02,2.227205783128738403e-03,-1.042397413402795792e-02,-1.812978088855743408e-02,-2.863829210400581360e-02,1.044998504221439362e-02,-3.763815388083457947e-02,5.335540045052766800e-03,-2.087395824491977692e-02,-1.340875495225191116e-02,1.957339979708194733e-02,-3.909477964043617249e-02,-3.488747403025627136e-03,-1.093769446015357971e-02,-1.168063841760158539e-03,4.278836306184530258e-03,-4.031730443239212036e-02,-2.274676226079463959e-02,-2.458054944872856140e-02,4.580565914511680603e-02,-1.898814924061298370e-02,2.738975547254085541e-02,-5.462344270199537277e-03,1.218623016029596329e-02,-1.801273040473461151e-02,8.258544839918613434e-03,-2.190139889717102051e-02,-4.821819253265857697e-03,-5.759033956564962864e-04,-4.961629398167133331e-03,-3.069317340850830078e-02,-6.106120534241199493e-03,1.312263216823339462e-02,-1.114578358829021454e-02,-1.737545803189277649e-02,-3.765522269532084465e-04,3.813886782154440880e-03,-2.731172181665897369e-02,-2.876834757626056671e-02,-3.625956177711486816e-02,3.834045678377151489e-02,1.138638705015182495e-02,-1.643905602395534515e-02,-1.060605235397815704e-02,-2.712964452803134918e-02,-6.782411132007837296e-03,9.149426594376564026e-03,5.169718642719089985e-04,-2.127713151276111603e-02,-8.863303810358047485e-03,2.631029114127159119e-02,-6.704377476125955582e-03,2.367015928030014038e-03,-1.184158213436603546e-02,-2.541290782392024994e-02,-8.687729015946388245e-03,3.293663496151566505e-03,-1.344452030025422573e-03,1.134086772799491882e-02,-1.229677721858024597e-02,-9.624130092561244965e-03,1.030793937388807535e-04,6.106120534241199493e-03,-2.000258490443229675e-02,-4.974634852260351181e-03,-6.138634402304887772e-03,6.297952961176633835e-03,7.751326542347669601e-03,-1.577576994895935059e-02,1.170502323657274246e-02,-2.707762084901332855e-02,3.628557315096259117e-03,-6.397120305337011814e-04,2.869031392037868500e-02,3.527763998135924339e-03,-7.985427044332027435e-03,-3.296914976090192795e-03,-2.510077320039272308e-03,3.358041122555732727e-02,-1.314864307641983032e-02,-2.259069494903087616e-02,1.137338113039731979e-02,-5.829751957207918167e-03,3.055803608731366694e-05,9.676152840256690979e-03,-1.067758258432149887e-02,-8.050454780459403992e-03,3.329429030418395996e-02,1.333072129637002945e-02,1.201715786010026932e-02,2.234358899295330048e-02,1.675118878483772278e-02,-8.271549828350543976e-03,-1.699829474091529846e-02,-2.610220201313495636e-02,2.247364632785320282e-02,-1.625697687268257141e-02,-1.727141253650188446e-02,-3.488096967339515686e-02,-1.112627517431974411e-02,1.292104553431272507e-02,8.811281993985176086e-03,-1.745349168777465820e-02,-4.217059817165136337e-03,-1.157496776431798935e-02,3.054279659409075975e-04,8.973851799964904785e-03,-1.398100052028894424e-02,-1.874104328453540802e-02,-1.610090956091880798e-02,1.274546980857849121e-02,7.263617590069770813e-03,1.654309965670108795e-02,5.556634627282619476e-03,-5.953304935246706009e-03,-1.980750076472759247e-02,9.518460137769579887e-04,1.435816194862127304e-02,2.558198012411594391e-02,7.634276524186134338e-03,1.396799460053443909e-02,-3.831444308161735535e-02,1.031342614442110062e-02,1.184158213436603546e-02,1.169201824814081192e-02,-1.796070858836174011e-02,-2.617373364046216011e-03,8.278053253889083862e-03,5.172970239073038101e-03,-8.297561667859554291e-03,8.121985942125320435e-03,-1.328520197421312332e-02,-3.127842443063855171e-03,1.190660987049341202e-02,1.310312375426292419e-02,-1.160097867250442505e-02,4.054490011185407639e-03,-1.044348254799842834e-02,1.552541274577379227e-03,-1.290153712034225464e-02,1.149043161422014236e-02,-4.938869737088680267e-03,-4.558456595987081528e-03,-1.217241151607595384e-04,2.131696091964840889e-04,-1.647644676268100739e-03,5.230682436376810074e-04,-2.494470588862895966e-02,9.032377041876316071e-03,-4.844579380005598068e-03,-1.469630748033523560e-02,1.056703552603721619e-02,6.450768560171127319e-03,1.537259761244058609e-02,3.072568681091070175e-03,3.158730687573552132e-03,-2.690529683604836464e-03,-1.232278905808925629e-02,1.065807417035102844e-02,2.702559903264045715e-02,1.011834293603897095e-02,2.564700692892074585e-02,8.499147370457649231e-03,-2.872607903555035591e-03,1.595784910023212433e-02,-5.748467054218053818e-03,-1.911820471286773682e-02,9.338007308542728424e-03,-3.157755360007286072e-02,3.342434391379356384e-02,5.488355644047260284e-03,-4.603976011276245117e-02,-8.525159209966659546e-03,3.953696694225072861e-03,4.984389059245586395e-03,7.354656700044870377e-03,3.462085872888565063e-02,-2.110805921256542206e-02,3.389254584908485413e-02,2.892441488802433014e-02,-1.066457666456699371e-02,-5.806992296129465103e-03,8.616197854280471802e-03,4.055140540003776550e-02,-1.310312375426292419e-02,6.577572785317897797e-03,-1.615293323993682861e-02,-3.948494791984558105e-02,1.199114602059125900e-02,-2.013264037668704987e-02,1.624397188425064087e-02,-5.846009124070405960e-03,-1.632200554013252258e-02,-9.858231060206890106e-03,5.780980922281742096e-03,-1.788267516531050205e-03,6.120752077549695969e-04,7.484712172299623489e-03,3.337232396006584167e-02,-5.907785613089799881e-03,2.308490686118602753e-02,-7.205092348158359528e-03,-2.999087236821651459e-02,-1.489139162003993988e-02,7.465203758329153061e-03,-1.349979359656572342e-02,1.434515696018934250e-02,-3.300816565752029419e-02,-1.389158656820654869e-03,2.461306285113096237e-03,-2.515279501676559448e-02,-2.367015928030014038e-03,3.261799737811088562e-02,-2.534787915647029877e-02,-1.824032864533364773e-03,4.994143266230821609e-03,2.155024930834770203e-02,1.805174723267555237e-02,-2.382622659206390381e-02,3.168484894558787346e-03,-3.290412202477455139e-02,-1.084015239030122757e-02,2.887239120900630951e-02,3.389254584908485413e-02,8.258544839918613434e-03,-1.283000688999891281e-02,-1.078162714838981628e-02
-1.586314849555492401e-02,-1.137296017259359360e-02,-9.386789053678512573e-03,1.315592601895332336e-02,7.649708539247512817e-03,2.842256799340248108e-02,-1.124841533601284027e-02,1.802630536258220673e-02,-1.160894054919481277e-02,-2.197242900729179382e-02,-4.418083932250738144e-03,1.220544800162315369e-02,2.220840938389301300e-02,-5.584877450019121170e-03,-9.911190718412399292e-03,1.430305466055870056e-02,3.725873678922653198e-02,1.505032647401094437e-02,3.010065294802188873e-02,-1.776410453021526337e-02,1.718726381659507751e-02,-8.495306596159934998e-03,1.111075934022665024e-02,7.072866894304752350e-03,3.359447931870818138e-03,-1.461769547313451767e-02,1.553539838641881943e-02,-1.994037255644798279e-02,1.950773969292640686e-02,3.210321301594376564e-03,-3.647868754342198372e-03,-2.766218502074480057e-03,5.395601037889719009e-04,-3.523978963494300842e-02,-1.596803031861782074e-02,-1.915377005934715271e-02,1.170726586133241653e-02,-2.965491265058517456e-02,7.262962404638528824e-03,3.523323452100157738e-03,6.567310774698853493e-04,-1.730525400489568710e-03,-9.950520470738410950e-03,2.439778484404087067e-02,-2.774084545671939850e-02,-2.361446153372526169e-03,-5.597987212240695953e-03,-8.742758654989302158e-04,-1.988793164491653442e-02,1.822295598685741425e-03,1.346401218324899673e-02,-5.252209957689046860e-04,-3.120189718902111053e-02,1.004229113459587097e-02,9.511334821581840515e-03,8.836167864501476288e-03,-1.956263804459013045e-05,2.276230836287140846e-03,1.550917793065309525e-02,8.685401640832424164e-03,1.360822189599275589e-02,1.743635348975658417e-02,-1.221855822950601578e-02,-1.743635348975658417e-02,-8.469086140394210815e-03,-2.800632501021027565e-03,-3.285376355051994324e-02,-1.330013666301965714e-02,-3.316840156912803650e-02,1.229721773415803909e-02,4.155882820487022400e-02,3.898926079273223877e-02,2.351941354572772980e-02,-1.625644974410533905e-02,5.820857826620340347e-03,-2.857988886535167694e-02,-1.637444086372852325e-02,2.764579840004444122e-03,-8.862387388944625854e-03,-5.522604566067457199e-03,1.684640161693096161e-02,-1.029138173907995224e-02,-2.286391146481037140e-02,1.206123735755681992e-02,2.490907721221446991e-02,-1.000296138226985931e-02,-1.261185947805643082e-02,2.235261909663677216e-02,-2.004525251686573029e-02,-2.673137374222278595e-02,1.887845806777477264e-02,2.616764046251773834e-02,-1.376554253511130810e-03,1.291339006274938583e-02,-1.503721624612808228e-02,-7.661179988645017147e-04,6.102724000811576843e-03,3.267022222280502319e-02,-5.653704982250928879e-03,-2.022879198193550110e-02,1.848515705205500126e-03,1.307726558297872543e-02,-2.260171063244342804e-02,6.777890957891941071e-03,-1.179248187690973282e-02,-1.970439031720161438e-02,1.725813926896080375e-04,-1.168432412669062614e-03,2.118582651019096375e-02,-5.605853348970413208e-02,-3.025797381997108459e-02,4.113930836319923401e-02,8.809947408735752106e-03,-1.857692748308181763e-02,2.015013247728347778e-02,-3.600016981363296509e-02,1.229721773415803909e-02,-1.152372546494007111e-02,1.108617871068418026e-03,-2.426668442785739899e-02,8.337985724210739136e-03,-3.962509799748659134e-03,7.013871800154447556e-03,-2.064831368625164032e-02,2.461410127580165863e-03,-1.692506298422813416e-02,-5.175188649445772171e-03,-1.473240787163376808e-03,-3.222448006272315979e-02,-3.716696519404649734e-03,2.359807305037975311e-02,1.320181135088205338e-02,1.185803208500146866e-02,-1.882601901888847351e-02,1.366066280752420425e-02,-1.974699785932898521e-03,-2.260171063244342804e-02,-1.401463337242603302e-02,1.714793406426906586e-02,-3.285376355051994324e-02,1.274951500818133354e-03,2.936649136245250702e-02,-1.042248215526342392e-02,4.729446955025196075e-03,5.165356211364269257e-03,1.973061077296733856e-02,1.847204752266407013e-02,2.952381223440170288e-02,-1.117630954831838608e-02,-1.132052019238471985e-02,1.146473083645105362e-02,-1.335257664322853088e-02,1.653176173567771912e-02,-3.851730003952980042e-02,6.201049312949180603e-03,2.902562916278839111e-02,6.394422147423028946e-03,9.747315198183059692e-03,-2.016324177384376526e-02,-1.349023170769214630e-02,-1.101038578781299293e-04,1.704305224120616913e-02,-7.210522424429655075e-03,1.434238441288471222e-02,1.426372397691011429e-02,3.615749254822731018e-02,-1.586314849555492401e-02,2.569567877799272537e-03,-1.876046881079673767e-02,-1.018486334942281246e-03,2.978601306676864624e-02,3.613127022981643677e-02,-1.548623549751937389e-03,3.301108255982398987e-02,-5.002300022169947624e-04,3.400744497776031494e-02,-7.243297528475522995e-03,1.876046881079673767e-02,-1.394908316433429718e-02,8.629069634480401874e-05,-3.303730115294456482e-02,8.718176744878292084e-03,1.238898839801549911e-02,2.156601659953594208e-02,-1.626956090331077576e-02,-9.596549905836582184e-03,2.188065834343433380e-02,-2.035333774983882904e-03,8.016790263354778290e-03,6.745115853846073151e-03,9.163917973637580872e-03,1.495855674147605896e-02,-3.339782822877168655e-03,5.194853525608778000e-03,-6.578093767166137695e-01,3.039890667423605919e-03,-2.076630480587482452e-02,3.344699041917920113e-03,1.803941652178764343e-02,2.648228313773870468e-03,7.413728162646293640e-03,-1.924553886055946350e-02,-1.054702792316675186e-02,5.017868243157863617e-03,-1.381798274815082550e-02,-5.358729045838117599e-03,6.882771383970975876e-03,-1.515520736575126648e-02,-1.802630536258220673e-02,-1.071090344339609146e-02,-4.347289353609085083e-02,4.601624328643083572e-03,-9.447422926314175129e-04,7.957794703543186188e-03,-1.297894027084112167e-02,2.215596847236156464e-02,1.380487252026796341e-02,-1.309037581086158752e-02,-3.392223035916686058e-03,-5.322676617652177811e-03,2.253616042435169220e-02,5.290746230457443744e-06,-5.060475785285234451e-03,2.359807305037975311e-02,-2.450266666710376740e-02,1.223822310566902161e-02,-3.497103461995720863e-03,2.146113663911819458e-02,3.880571946501731873e-02,-2.719022519886493683e-02,-2.960247173905372620e-02,1.587625965476036072e-02,2.986467257142066956e-02,2.064831368625164032e-02,-3.833375871181488037e-02,1.917998865246772766e-02,-7.898799143731594086e-03,-1.897022873163223267e-02,-1.188097405247390270e-03,-8.996765245683491230e-04,5.627484992146492004e-03,-1.228410843759775162e-02,5.660260096192359924e-03,1.689884252846240997e-02,2.080563455820083618e-02,2.879292704164981842e-03,6.338704843074083328e-03,1.872113719582557678e-02,1.785218773875385523e-04,1.491922605782747269e-02,4.661930352449417114e-02,-1.966506056487560272e-02,-1.784276589751243591e-02,1.451281458139419556e-02,-2.189376857131719589e-03,2.965491265058517456e-02,-2.603981876745820045e-03,-8.790282532572746277e-03,-1.604668982326984406e-02,1.992726139724254608e-02,-1.293305493891239166e-02,1.277573499828577042e-02,3.036285378038883209e-02,-4.205701127648353577e-02,2.386027388274669647e-02,3.421720582991838455e-03,6.856551393866539001e-03,-9.957076050341129303e-03,-1.326736155897378922e-02,-1.510276645421981812e-02,1.839338615536689758e-02,-3.664256306365132332e-03,-6.735283532179892063e-04,-3.013670677319169044e-03,4.830230609513819218e-04,-1.116975490003824234e-02,-3.149031847715377808e-02,8.600186556577682495e-03,4.129662737250328064e-02,-1.567960903048515320e-02,-1.747568510472774506e-02,-1.045525725930929184e-02,-1.345090195536613464e-02,1.065190788358449936e-02,4.493466578423976898e-03,2.164467796683311462e-02,1.631380640901625156e-03,-8.777172304689884186e-03,2.991711348295211792e-02,1.531252730637788773e-02,-2.637740224599838257e-02,1.191702671349048615e-02,8.567411452531814575e-03,-9.340903721749782562e-03,-1.041592750698328018e-02,4.618011880666017532e-03,1.426372397691011429e-02,-1.941597089171409607e-02,2.395204454660415649e-02,2.834390848875045776e-02,-2.311300113797187805e-02,-1.046836748719215393e-02,2.944515086710453033e-02,-2.070075459778308868e-02,-2.279836125671863556e-02,-9.865305386483669281e-03,2.477797679603099823e-02,-6.489470135420560837e-03,-2.197242900729179382e-02,-2.485663630068302155e-02,2.205108851194381714e-02,8.921382948756217957e-03,-7.075325120240449905e-04,-3.615749254822731018e-02,1.411951333284378052e-02,1.351645216345787048e-02,4.178825300186872482e-03,-6.004398688673973083e-03,5.640595220029354095e-03,7.702148985117673874e-03,8.783726952970027924e-03,-1.044870261102914810e-02,-2.350630238652229309e-02,-1.080267317593097687e-02,-2.230018004775047302e-02,-9.006598033010959625e-03,1.699061319231987000e-02,-1.486678607761859894e-02,2.829146757721900940e-02,1.155322301201522350e-03,1.138607040047645569e-02,-1.444726437330245972e-02,4.517719894647598267e-02,-3.350926563143730164e-02,9.013152681291103363e-03,-6.030618678778409958e-03,-8.464169804938137531e-04,-1.784276589751243591e-02,-1.231032796204090118e-02,-5.736953765153884888e-02,5.280069075524806976e-03,2.487630117684602737e-03,-3.985452279448509216e-02,8.770617656409740448e-03,-1.917998865246772766e-02,7.675928995013237000e-03,-1.276262477040290833e-02,-9.675210341811180115e-03,3.111586265731602907e-04,-4.736002068966627121e-03,-1.540429797023534775e-02,8.790282532572746277e-03,-3.077581990510225296e-03,5.830690730363130569e-03,2.545969933271408081e-02,3.851074492558836937e-03,-2.808170765638351440e-02,-7.230187300592660904e-03,-6.679565645754337311e-03,-6.486192811280488968e-03,2.409625425934791565e-02,9.786644950509071350e-03,-1.051425281912088394e-02,-1.044870261102914810e-02,-1.460458524525165558e-02,-1.194242795463651419e-04,-5.512772127985954285e-03,1.989448675885796547e-03,-3.875655820593237877e-04,6.479637697339057922e-03,-2.779328729957342148e-03,-4.903155378997325897e-03,-9.209803305566310883e-03,2.218218892812728882e-02,1.792142540216445923e-02,4.168992862105369568e-03,-2.671826258301734924e-02,-1.237587817013263702e-02,1.785587519407272339e-02,3.274888172745704651e-02,-1.468324568122625351e-02,2.949759177863597870e-02,-2.414869517087936401e-02,-1.473568566143512726e-02,-2.429290488362312317e-02,1.963884010910987854e-02,-1.038970705121755600e-02,-2.415525028482079506e-03,-1.592869870364665985e-02,-1.030449196696281433e-02,1.350334193557500839e-02,6.319039501249790192e-03,5.558657459914684296e-03,5.341030657291412354e-02,2.001903206110000610e-02,3.205404849722981453e-03,2.323099225759506226e-02,8.547746576368808746e-03,1.883912831544876099e-02,-1.672841235995292664e-02,8.344541303813457489e-03,-1.415884401649236679e-02,2.139558643102645874e-02,2.399137429893016815e-02,-1.588936895132064819e-02,-2.684936299920082092e-02,-2.744914731010794640e-03,6.227269303053617477e-03,-8.163048914866521955e-05,3.699653595685958862e-02,1.646621152758598328e-02,1.259219367057085037e-02,1.343779172748327255e-02,-1.264463458210229874e-02,-1.139918062835931778e-02,6.444404134526848793e-04,1.051425281912088394e-02,1.674152165651321411e-02,-1.280851010233163834e-02,-8.842722512781620026e-03,2.446333505213260651e-02,3.071027109399437904e-03,1.859987038187682629e-03,-3.177546197548508644e-03,5.099806003272533417e-03,4.696671850979328156e-03,1.318214554339647293e-02,2.703290432691574097e-02,4.660619422793388367e-03,-1.197929959744215012e-03,2.860610932111740112e-02,-1.725281402468681335e-02,3.426964581012725830e-02,-2.597098983824253082e-02,3.510213457047939301e-03,2.308678068220615387e-02,1.227755285799503326e-02,-8.993487805128097534e-03,1.735769398510456085e-02,-1.491922605782747269e-02,2.589233033359050751e-02,2.117271535098552704e-02,-2.207730896770954132e-02,3.167713526636362076e-03,-2.059710241155698895e-04,1.124841533601284027e-02,-1.552228815853595734e-02,1.417195424437522888e-02,2.195931784808635712e-02,-3.980208188295364380e-02,5.342341493815183640e-03,3.070371598005294800e-02,2.695424295961856842e-02,2.889452874660491943e-02,3.913347143679857254e-03,-1.790831610560417175e-02,1.758056506514549255e-02,5.509494803845882416e-03,2.721644379198551178e-02,2.391271479427814484e-02,3.605261154007166624e-04,2.122515626251697540e-02,-2.233950980007648468e-02,-1.473568566143512726e-02,4.988370463252067566e-03,-1.761989481747150421e-02,1.499788649380207062e-02,3.900237148627638817e-03,1.202190760523080826e-02,-8.108559995889663696e-03,1.798697561025619507e-02,-1.490611582994461060e-02,1.520764734596014023e-02,8.177387644536793232e-04,-1.904888823628425598e-02,-3.114945627748966217e-02,1.282817497849464417e-02,1.067812833935022354e-02,1.184000517241656780e-03,-1.486678607761859894e-02,-3.825509920716285706e-02,5.581599660217761993e-03,1.100424095056951046e-03,2.083185501396656036e-02,1.290027983486652374e-02,2.038611285388469696e-02,1.575826853513717651e-02,-6.601110362680628896e-05,-3.269316395744681358e-03,1.082889363169670105e-02,2.962869219481945038e-02,-2.469931729137897491e-02,1.780343614518642426e-02,5.640595220029354095e-03,-2.374556148424744606e-03,-1.129429973661899567e-02,8.187220431864261627e-03,6.443584803491830826e-03,3.403366729617118835e-02,4.503299016505479813e-03,-1.086822338402271271e-02,-1.248731394298374653e-03,-1.014061644673347473e-02,-6.361647043377161026e-03,-4.289605468511581421e-02,-3.857219708152115345e-04,1.100587937980890274e-02,-3.054639510810375214e-02,-7.833248935639858246e-03,2.167089655995368958e-02,-8.259325288236141205e-03,6.856551393866539001e-03,5.496384575963020325e-03,2.205108851194381714e-02,1.883912831544876099e-02,-3.049723105505108833e-03,-4.227987956255674362e-03,2.323099225759506226e-02,8.107249438762664795e-02,3.856974095106124878e-02,-5.640595220029354095e-03,1.328702643513679504e-02,3.366003045812249184e-03,1.302482560276985168e-02,3.326672827824950218e-03,-3.366658464074134827e-02,3.500380786135792732e-03,-6.987651810050010681e-03,7.223632186651229858e-03,-1.185147650539875031e-02,1.533874776214361191e-02,5.863465834408998489e-03,1.323458645492792130e-02,-9.006598033010959625e-03,-9.150808677077293396e-03,-1.455214456655085087e-03,-4.477898182813078165e-04,-1.725609065033495426e-03,-1.030449196696281433e-02,-9.157363325357437134e-03,-1.729214377701282501e-02,7.439948152750730515e-03,-6.456695031374692917e-03,9.032817557454109192e-03,3.778969170525670052e-03,1.748879440128803253e-02,2.505328692495822906e-02,-8.718176744878292084e-03,3.048084443435072899e-03,1.134674064815044403e-02,-8.219995535910129547e-03,2.241816930472850800e-02,-1.705616340041160583e-02,9.170473553240299225e-03,3.356170281767845154e-02,-4.595069214701652527e-03,1.495855674147605896e-02,9.065592661499977112e-03,-1.244634506292641163e-03,1.646621152758598328e-02,1.869491860270500183e-02,-2.108094468712806702e-02,2.900596475228667259e-03,4.398418590426445007e-03,-2.123826649039983749e-03,-7.184302434325218201e-03,-1.687262207269668579e-02,-1.722659356892108917e-02,3.681299462914466858e-02,-1.202026847749948502e-03,-2.543347887694835663e-02,1.996659114956855774e-02,4.035270586609840393e-02,1.292650029063224792e-02,-1.305104512721300125e-02,6.433752365410327911e-03,-1.404085382819175720e-02,1.168760098516941071e-02,-1.122874952852725983e-02,-2.795060724020004272e-02,7.741479203104972839e-03,-1.664975192397832870e-03,1.889689447125419974e-04,-5.824135616421699524e-03,-1.469635590910911560e-02,1.661697635427117348e-03,-2.628563158214092255e-02,4.136217758059501648e-03,-2.062209323048591614e-02,5.915905814617872238e-03,-5.525882355868816376e-03,2.553835883736610413e-02,2.739998511970043182e-02,3.214582055807113647e-02,6.994206923991441727e-03,-1.545673795044422150e-02,1.257908437401056290e-02,1.912427134811878204e-03,-6.555020343512296677e-03,-1.953396014869213104e-02,1.455214526504278183e-02,-2.582678012549877167e-02,-2.333587221801280975e-02,2.450266666710376740e-02,-1.286750473082065582e-02,-3.788801841437816620e-03,-3.458428755402565002e-02,6.466527469456195831e-03,5.607820115983486176e-03,6.007676012814044952e-03,1.384420320391654968e-02,-3.074714331887662411e-04,-2.131692692637443542e-02,-2.544658817350864410e-02,1.214645244181156158e-02,-1.357094006380066276e-04,-6.279709283262491226e-03,7.943865493871271610e-04,1.052080746740102768e-02,-2.350630238652229309e-02,-5.571767222136259079e-03,-2.986467257142066956e-02,3.801911696791648865e-02,-2.298190072178840637e-02,-6.981096696108579636e-03,8.849277161061763763e-03,-7.997124455869197845e-03,-1.549606770277023315e-02,7.675928995013237000e-03,-9.491669014096260071e-03,-6.423919927328824997e-03,-1.899644918739795685e-02,-2.239194884896278381e-02,6.437030155211687088e-03,1.649243198335170746e-02,1.824917644262313843e-02,2.637740224599838257e-02,1.220872509293258190e-03,-1.827539689838886261e-02,-2.298190072178840637e-02,2.873720973730087280e-02,-3.749471623450517654e-03,8.600186556577682495e-03,2.865854837000370026e-02,-1.503721624612808228e-02,-2.920917049050331116e-02,-3.052017465233802795e-02,5.820857826620340347e-03,-1.927176024764776230e-03,1.322475378401577473e-03,-7.846359163522720337e-03,-1.637444086372852325e-02,-1.828850619494915009e-02,-7.262962404638528824e-03,-2.248371951282024384e-02,-1.510276645421981812e-02,-6.646790541708469391e-03,9.937411174178123474e-03,-1.228410843759775162e-02,-1.287406031042337418e-02,-1.381798274815082550e-02,-2.677070349454879761e-02,-1.671530120074748993e-02,-2.163156680762767792e-02,-7.721813861280679703e-03,1.343779172748327255e-02,-1.866132370196282864e-04,1.107142958790063858e-02,-2.687558345496654510e-02,-1.506343670189380646e-02,-2.518438734114170074e-02,-4.480356350541114807e-03,4.441026132553815842e-03,-1.089444383978843689e-02,-1.451281458139419556e-02,-3.765039728023111820e-04,2.441089600324630737e-02,2.302123047411441803e-02,2.271969988942146301e-02,3.082498209550976753e-03,1.611224003136157990e-02,1.422439422458410263e-02,-7.295737508684396744e-03,-2.413558401167392731e-02,-1.976994052529335022e-02,-2.565634995698928833e-02,-3.529223054647445679e-02,2.566945925354957581e-02,1.848515705205500126e-03,1.948479795828461647e-03,1.752812415361404419e-02,-1.751501485705375671e-02,1.948479795828461647e-03,2.962869219481945038e-02,-1.676774211227893829e-02,-7.256407290697097778e-03,-1.710860244929790497e-02,-1.574515923857688904e-02,-1.921932026743888855e-02,-1.088133361190557480e-02,2.300812117755413055e-02,1.241520885378122330e-02,1.284128520637750626e-02,-6.695953197777271271e-03,2.275903150439262390e-02,-2.611520141363143921e-02,2.318838378414511681e-03,-5.565212108194828033e-03,1.414573378860950470e-02,-1.379176322370767593e-02,3.377146646380424500e-02,1.493233628571033478e-02,-2.217235742136836052e-03,-3.013670677319169044e-03,-1.769855432212352753e-02,4.124418646097183228e-02,2.127104206010699272e-03,-1.738391444087028503e-02,-1.776410499587655067e-03,1.231688354164361954e-02,-2.826524712145328522e-02,-3.542333096265792847e-02,1.340501662343740463e-02,1.115664467215538025e-02,-2.191998809576034546e-02,1.092721894383430481e-02,7.092531770467758179e-03,-1.198257692158222198e-02,-1.714793406426906586e-02,-2.527615800499916077e-02,-4.039531340822577477e-04,-4.677662625908851624e-02,1.840649731457233429e-02,3.772414289414882660e-03,-3.592151030898094177e-02,8.895162492990493774e-03,-3.605261072516441345e-02,-1.761989481747150421e-02,-2.612831071019172668e-02,-8.108559995889663696e-03,3.998562321066856384e-02,-2.614142186939716339e-02,1.691195182502269745e-02,3.732264740392565727e-04,-1.540429797023534775e-02,-3.909414261579513550e-02,8.429756388068199158e-03,-1.175315119326114655e-02,-8.652626536786556244e-03,9.104923345148563385e-03,1.304449047893285751e-02,-1.511587668210268021e-02,2.275903150439262390e-02,7.820139639079570770e-03,2.281147055327892303e-02,-1.965195126831531525e-02,-3.788801655173301697e-02,1.932420022785663605e-02,9.530999697744846344e-03,1.533874776214361191e-02,4.123107995837926865e-03,-8.868942968547344208e-03,-1.826228573918342590e-02,8.091353083727881312e-05,-3.641969338059425354e-02,-1.068468322046101093e-03,-2.068764343857765198e-02,6.646790541708469391e-03,-1.573204807937145233e-02,2.526304870843887329e-02,-8.383871056139469147e-03,3.453184664249420166e-02,-4.424638580530881882e-03,-2.294257050380110741e-03,-1.067812833935022354e-02,-1.461769547313451767e-02,-1.566649787127971649e-02,1.070434786379337311e-02,-2.834390848875045776e-02,1.571893878281116486e-02,3.638036316260695457e-03,1.661697635427117348e-03,-1.626956090331077576e-02,-3.434830578044056892e-03,-1.107142958790063858e-02,-8.790282532572746277e-03,-1.579759828746318817e-02,2.603654004633426666e-02,-1.818362623453140259e-02,5.234183743596076965e-03,-1.312970556318759918e-02,1.866869814693927765e-02,2.292618388310074806e-03,-8.344541303813457489e-03,-1.250042393803596497e-02,6.777890957891941071e-03,1.739702373743057251e-02,-1.100587937980890274e-02,2.168073086068034172e-03,-6.994206923991441727e-03,-1.758384169079363346e-03,-7.544828578829765320e-03,-9.321238845586776733e-03,-2.126448601484298706e-02,-1.338535174727439880e-02,-3.214582055807113647e-02,1.425061374902725220e-02,8.062674663960933685e-03,-2.556457929313182831e-02,1.247420348227024078e-02,-1.101243402808904648e-02,1.865558698773384094e-02,8.056120015680789948e-03,-3.185739740729331970e-02,1.531252730637788773e-02,3.120189718902111053e-02,-2.716400474309921265e-02,3.188361972570419312e-02,-1.809185557067394257e-02,-6.387867499142885208e-03,7.158081978559494019e-03,1.784276589751243591e-02,6.804110947996377945e-03,-6.407532375305891037e-03,2.142180688679218292e-02,-4.268629103899002075e-02,-9.019708260893821716e-03,1.611224003136157990e-02,2.779328636825084686e-02,7.354732602834701538e-03,1.064535323530435562e-02,-1.752812415361404419e-02,2.619386091828346252e-02,1.091410871595144272e-02,2.578745037317276001e-02,-1.641377061605453491e-02,-2.176266722381114960e-02,1.404085382819175720e-02,-2.102850563824176788e-02,9.884970262646675110e-03,1.992726139724254608e-02,-1.178592629730701447e-02,-1.554850861430168152e-02,5.388226825743913651e-03,-2.081874385476112366e-02,4.135808267164975405e-04,-5.802217128803022206e-05,-1.300516072660684586e-02,-5.089973099529743195e-03,7.289182394742965698e-03,-2.304745092988014221e-02,-3.817643970251083374e-02,-1.434238441288471222e-02,-2.698046341538429260e-02,-1.927176024764776230e-03,1.679723965935409069e-03,-2.307367138564586639e-02,-3.834686940535902977e-04,3.125105984508991241e-03,3.782246727496385574e-03,-2.396515384316444397e-02,8.069230243563652039e-03,-7.726729963906109333e-04,4.064112436026334763e-03,2.071386436000466347e-03,-1.849826797842979431e-02,-1.480123586952686310e-02,-3.088725544512271881e-02,7.870121044106781483e-04,5.853632930666208267e-03,1.578448899090290070e-02,-2.289013192057609558e-02,2.879292704164981842e-03,1.640803529880940914e-04,-5.351518467068672180e-02,-1.072401367127895355e-02,-2.375539392232894897e-02,1.109109446406364441e-02,-1.837044488638639450e-03,1.333946641534566879e-02,1.175970677286386490e-02,3.536433447152376175e-03,1.802630536258220673e-02,5.063753109425306320e-03,-3.626237064599990845e-02,-5.237461067736148834e-03,2.013702318072319031e-02,-1.206123735755681992e-02,1.859987038187682629e-03,-1.219233730807900429e-03,-1.259874925017356873e-02,-2.147424593567848206e-02,1.658420078456401825e-02,-2.338503487408161163e-03,9.124588221311569214e-03,2.637740224599838257e-02,5.804470274597406387e-03,1.837044488638639450e-03,-1.157616544514894485e-02,3.269316395744681358e-03,1.761989481747150421e-02,-1.482745632529258728e-02,8.534636348485946655e-03,-1.824917644262313843e-02,5.486552137881517410e-03,-9.275353513658046722e-04,2.230018004775047302e-02,-2.237883955240249634e-02,1.257252879440784454e-02,1.335913129150867462e-02,-1.375243254005908966e-02,3.667533863335847855e-03,-2.034678310155868530e-02,-1.664975099265575409e-02,1.372621301561594009e-02,4.434471484273672104e-03,3.272266313433647156e-02,-8.213440887629985809e-03,-1.468324568122625351e-02,1.823606714606285095e-02,-6.890965159982442856e-04,-4.276495426893234253e-02,-1.948152109980583191e-02,5.401336587965488434e-03,-2.496151812374591827e-02,-9.930855594575405121e-03,7.433393038809299469e-03,-2.760974504053592682e-02,7.380953058600425720e-03,-1.497166603803634644e-02,9.032817557454109192e-03,-1.244798395782709122e-02,8.941047824919223785e-03,-5.984733346849679947e-03,-5.919183138757944107e-03,-4.735346511006355286e-02,2.409625425934791565e-02,2.939271181821823120e-02,-1.197110628709197044e-03,1.851137727499008179e-02,1.264463458210229874e-02,-4.644231870770454407e-03,-5.273513961583375931e-03,-1.815740577876567841e-02,8.955796365626156330e-04,-2.134314551949501038e-02,-6.066671106964349747e-03,-1.342959818430244923e-03,-5.352173931896686554e-03,-3.162141889333724976e-02,-1.025205198675394058e-02,2.166434191167354584e-03,-1.501099672168493271e-02,3.558064997196197510e-02,1.951822787523269653e-01,9.183583781123161316e-03,-2.902235137298703194e-03,4.087710753083229065e-02,1.527319755405187607e-02,-5.217796191573143005e-03,7.033536676317453384e-03,6.974541582167148590e-03,-9.648989886045455933e-03,4.188658203929662704e-03,-1.328047085553407669e-02,-1.746257394552230835e-02,-1.561405882239341736e-02,7.689038757234811783e-03,2.566290553659200668e-03,-1.307071093469858170e-02,-2.222151868045330048e-02,-2.298190072178840637e-02,-1.692506298422813416e-02,-3.259156271815299988e-02,2.747864462435245514e-02,-3.120189718902111053e-02,1.071745809167623520e-02,-3.021864453330636024e-03,4.934619367122650146e-02,-2.066470216959714890e-03,-2.451577689498662949e-03,-1.768544502556324005e-02,4.375475924462080002e-03,3.461050614714622498e-02,-2.328671049326658249e-03,-1.219889242202043533e-02,8.514971472322940826e-03,3.916624467819929123e-03,4.827772267162799835e-03,2.500740345567464828e-03,9.537554346024990082e-03,2.943204017356038094e-03,2.012391202151775360e-02,-8.383871056139469147e-03,9.478559717535972595e-03,3.490548348054289818e-03,2.758352644741535187e-02,2.009769156575202942e-02,-2.038611285388469696e-02,1.464391499757766724e-02,1.174167962744832039e-03,6.237101741135120392e-03,-1.405396312475204468e-02,1.889156922698020935e-02,-2.471242658793926239e-02,5.597987212240695953e-03,3.432208672165870667e-02,1.979616098105907440e-02,4.739279858767986298e-03,1.106487400829792023e-02,3.788801841437816620e-03,1.113042421638965607e-02,-2.250993996858596802e-02,-8.206885308027267456e-03,-2.063520438969135284e-02,2.168400771915912628e-02,9.242578409612178802e-03,7.800474297255277634e-03,9.242578526027500629e-04,2.101539447903633118e-02,-4.006428271532058716e-02,-2.732132561504840851e-02,-6.145331542938947678e-03,-8.403535932302474976e-03,-1.983549073338508606e-02,-2.353252284228801727e-02,-3.288981504738330841e-03,7.531718350946903229e-03,-8.029899909161031246e-04,-2.152668684720993042e-02,-2.442400529980659485e-02,2.405692357569932938e-03,1.452592480927705765e-02,9.852195158600807190e-03,4.224710632115602493e-03,-1.487989630550146103e-02,-1.659731194376945496e-02,-2.182821743190288544e-03,-4.988370463252067566e-03,-2.654783241450786591e-02,1.994037255644798279e-02,2.224773913621902466e-02,4.185380414128303528e-03,-2.713778428733348846e-02,6.709063425660133362e-03,-1.154994592070579529e-02,-1.759367436170578003e-02,1.124185975641012192e-02,7.453057914972305298e-03,3.416476771235466003e-02,-1.447348482906818390e-02,2.270659059286117554e-02,-1.785587519407272339e-02,-2.021568268537521362e-02,-2.129070647060871124e-02,-5.788082722574472427e-03,2.531548775732517242e-02,1.510276645421981812e-02,5.440667155198752880e-04,1.276262477040290833e-02,1.835405640304088593e-02,2.476486749947071075e-02,1.406707335263490677e-02,-2.665271237492561340e-02,5.260403733700513840e-03,-2.496151812374591827e-02,5.578322336077690125e-03,-1.840649731457233429e-02,2.361118234694004059e-02,-1.734458468854427338e-02,1.537807751446962357e-02,-5.545547232031822205e-03,-1.520764734596014023e-02,9.714540094137191772e-03,-9.295018389821052551e-03,-2.303434163331985474e-02,-1.099932380020618439e-02,-1.411787467077374458e-03,-2.467309683561325073e-02,-3.400744497776031494e-02,-2.480419725179672241e-02,6.797556299716234207e-03,-1.744946464896202087e-02,-3.133299574255943298e-02,5.968345794826745987e-03,-1.487989630550146103e-02,-3.075943328440189362e-03,-4.332868382334709167e-03,1.638755085878074169e-03,1.931108906865119934e-02,1.632199995219707489e-02,-1.329849706962704659e-03,-4.527060955297201872e-04,4.018227569758892059e-03,1.262496877461671829e-02,4.650786984711885452e-03,1.685951277613639832e-02,7.046646904200315475e-03,1.418506354093551636e-02,2.426668442785739899e-02,1.029138173907995224e-02,-8.377316407859325409e-03,-9.544109925627708435e-03,-1.738391444087028503e-02,-1.684640161693096161e-02,-7.845539948903024197e-04,-2.214285917580127716e-02,-8.357650949619710445e-04,1.094688381999731064e-02,-2.690180391073226929e-02,-3.639347106218338013e-02,-1.397530362010002136e-02,1.535185799002647400e-02,-6.024063564836978912e-03,-3.783557564020156860e-02,9.721094742417335510e-03,2.534170821309089661e-02,-4.762222059071063995e-03,7.689038757234811783e-03,-4.794997163116931915e-03,-1.665499508380889893e-01,6.243656855076551437e-03,1.583692990243434906e-02,-3.377146646380424500e-02,1.844582706689834595e-02,-1.174987410195171833e-03,1.777721568942070007e-02,2.266398165374994278e-03,-6.253489293158054352e-03,-6.066671106964349747e-03,1.179903652518987656e-02,5.607820115983486176e-03,-2.169711701571941376e-02,2.552361111156642437e-04,-9.399899281561374664e-03,-1.135984994471073151e-02,1.021272130310535431e-02,9.150808677077293396e-03,2.692802436649799347e-02,1.336568687111139297e-02,8.744397200644016266e-03,-2.739998511970043182e-03,1.431616395711898804e-02,-2.711156383156776428e-02,1.331324595957994461e-02,1.524697709828615189e-02,-1.628267019987106323e-02,-3.575763665139675140e-03,1.702994294464588165e-02,-1.737080328166484833e-02,-1.776410453021526337e-02,-8.855832740664482117e-03,1.174004096537828445e-02,-8.593631908297538757e-03,1.611224003136157990e-02,2.087773988023400307e-03,-4.191935528069734573e-03,-9.753869846463203430e-03,-4.545906558632850647e-03,2.675759233534336090e-02,2.766218595206737518e-02,1.714793406426906586e-02,1.537807751446962357e-02,-1.276917941868305206e-02,-8.415007614530622959e-04,3.935634344816207886e-02,3.193606063723564148e-02,4.514770116657018661e-04,4.762222059071063995e-03,-1.713482290506362915e-02,-1.179248187690973282e-02,6.732006091624498367e-03,-9.906274499371647835e-04,-1.486678607761859894e-02,2.030745334923267365e-02,2.994333207607269287e-02,-1.460458524525165558e-02,9.740760549902915955e-03,-2.441089600324630737e-02,-8.514971472322940826e-03,2.371713890170212835e-06,-3.070371598005294800e-02,-3.674088977277278900e-03,8.901718072593212128e-03,1.385731343179941177e-02,-4.798274952918291092e-03,7.267878972925245762e-04,1.046836748719215393e-02,-3.712763637304306030e-02,1.436860486865043640e-02,-2.776706591248512268e-02,-4.008395131677389145e-03,1.325425133109092712e-02,-5.371839273720979691e-03,2.378161437809467316e-02,5.938848480582237244e-03,-2.404381521046161652e-02,3.256534039974212646e-02,2.642984129488468170e-02,-1.301827002316713333e-02,-3.061194438487291336e-03,3.830754011869430542e-02,-1.418506354093551636e-02,-1.495855674147605896e-02,2.197242900729179382e-02,-7.217077538371086121e-03,-5.661898758262395859e-04,-1.371310278773307800e-02,2.184132859110832214e-02,-1.090755406767129898e-02,1.343779172748327255e-02,-3.067749552428722382e-02,3.544954955577850342e-02,-5.548169091343879700e-02,6.718895863741636276e-03,1.734458468854427338e-02,1.982238143682479858e-02,-6.453417707234621048e-03,-2.119893580675125122e-02,2.635118085891008377e-03,5.493107251822948456e-03,2.794077387079596519e-03,-2.053032442927360535e-02,1.692506298422813416e-02,9.799755178391933441e-03,6.433752365410327911e-03,-1.978305168449878693e-02,7.000761572271585464e-03,4.087710753083229065e-02,1.639574416913092136e-03,5.299733951687812805e-03,-4.241098184138536453e-03,2.275903150439262390e-02,-4.437748808413743973e-03,-2.111945650540292263e-04,2.826524712145328522e-02,2.205108851194381714e-02,-7.505498360842466354e-03,1.788209564983844757e-02,-1.617779023945331573e-02,4.184725135564804077e-02,6.063393782824277878e-03,-4.696671850979328156e-03,5.538992118090391159e-03,8.121670223772525787e-03,-2.336209267377853394e-02,-1.104389801621437073e-01,-3.295864164829254150e-02,-1.269707456231117249e-02,1.313626114279031754e-02,-5.332509055733680725e-03,1.262496877461671829e-02,2.302123047411441803e-02,1.183836627751588821e-02,-3.859595954418182373e-02,-7.852914743125438690e-03,3.275871509686112404e-03,-2.165778726339340210e-02,-1.527319755405187607e-02,1.885223761200904846e-02,1.276917941868305206e-02,-1.276917941868305206e-02,-2.841191599145531654e-04,-3.733084071427583694e-03,-1.375243254005908966e-02,2.101539447903633118e-02,9.596549905836582184e-03,-6.178106646984815598e-03,2.487630117684602737e-03,9.118033573031425476e-03,3.936289809644222260e-03,8.095449768006801605e-03,-1.900955848395824432e-02,2.163156680762767792e-02,1.180559117347002029e-02,3.537089005112648010e-02,3.782246727496385574e-03,-9.168834658339619637e-04,5.171910859644412994e-03,1.168432412669062614e-03,-2.551213838160037994e-02,-4.132284969091415405e-02,-3.175251930952072144e-02,4.313203506171703339e-03,2.119893580675125122e-02,-4.069356620311737061e-02,-1.006195601075887680e-02,7.597268559038639069e-03,1.465702522546052933e-02,-2.443711645901203156e-02,-7.353913679253309965e-05,-1.046181283891201019e-02,-2.421260578557848930e-04,3.154275938868522644e-02,2.236573025584220886e-02,-1.514209713786840439e-02,-1.346401218324899673e-02,-1.510276645421981812e-02,-1.088788919150829315e-02,-1.446037460118532181e-02,2.365051396191120148e-02,-4.035270586609840393e-02,1.834094710648059845e-02,1.700372248888015747e-02,-1.455214526504278183e-02,3.834686940535902977e-03,-2.829146757721900940e-02,1.552228815853595734e-02,9.203248657286167145e-03,-7.059756666421890259e-03,-3.946122247725725174e-03,5.312844179570674896e-03,-6.305929739028215408e-03,-1.381798274815082550e-02,1.280195452272891998e-02,-2.219529822468757629e-02,9.530999697744846344e-03,-7.800474413670599461e-04,-5.575045011937618256e-03,2.190687879920005798e-02,-2.230018004775047302e-02,-1.297074602916836739e-03,-2.249683067202568054e-02,-3.792079165577888489e-03,1.607291027903556824e-02,-1.817051693797111511e-02,-1.298549491912126541e-02,-3.287998214364051819e-02,3.977586328983306885e-02,-1.564027927815914154e-02,8.619851432740688324e-03,7.164637092500925064e-03,1.352956239134073257e-02,-9.288463741540908813e-03,5.171910859644412994e-03,-3.340438380837440491e-02,5.378394387662410736e-03,7.151527330279350281e-03,3.641313873231410980e-03,-2.837012708187103271e-02,-4.893322475254535675e-03,2.066142484545707703e-02,1.338535174727439880e-02,-6.066671106964349747e-03,1.495855674147605896e-02,1.340501662343740463e-02,-2.808170765638351440e-02,-3.505624830722808838e-02,-3.135921806097030640e-02,4.328935593366622925e-02,9.255688637495040894e-03,-2.923539094626903534e-02,-8.547746576368808746e-03,-1.883912831544876099e-02,-2.948120469227433205e-03,-2.140214201062917709e-03,-9.871860966086387634e-03,-1.764611527323722839e-02,-1.449273986509069800e-04,1.763300411403179169e-02,8.316682069562375546e-04,1.726592332124710083e-02,-2.388649433851242065e-02,-2.108094468712806702e-02,2.510572783648967743e-03,-1.408018358051776886e-02,4.929375369101762772e-03,2.510572783648967743e-02,-1.233982620760798454e-03,-7.223632186651229858e-03,1.242176350206136703e-02,1.561405882239341736e-02,-2.839634753763675690e-02,9.553942363709211349e-04,5.575045011937618256e-03,-1.115009002387523651e-02,3.229986177757382393e-03,-1.503721624612808228e-02,1.336568687111139297e-02,-3.846485912799835205e-02,9.825975634157657623e-03,5.352173931896686554e-03,2.700668387115001678e-02,-5.375116597861051559e-03,-3.395500592887401581e-03,1.241520885378122330e-02,2.020257338881492615e-02,5.479997023940086365e-02,-5.162078421562910080e-03,-2.660027332603931427e-02,1.171382144093513489e-02,-1.049458794295787811e-02,-9.275353513658046722e-03,1.115009002387523651e-02,-1.094032917171716690e-02,3.539710887707769871e-04,2.871098928153514862e-02,1.343779172748327255e-02,1.832783594727516174e-02,1.636133156716823578e-02,1.231032796204090118e-02,9.021346922963857651e-04,-4.395141266286373138e-03,-1.685951277613639832e-02,1.868180744349956512e-02,7.775892736390233040e-04,-1.303793583065271378e-02,-4.197835177183151245e-02,1.494544651359319687e-02,3.549543442204594612e-03,4.008395131677389145e-03,-6.705785635858774185e-03,-4.578681662678718567e-03,-6.355092395097017288e-03,-7.361287716776132584e-03,1.706927269697189331e-02,-1.215300802141427994e-02,-2.291635051369667053e-02,-1.599424891173839569e-02,6.119111552834510803e-03,1.245453860610723495e-02,2.443711645901203156e-02,1.255286391824483871e-02,-1.904233358800411224e-03,-1.545673795044422150e-02,-7.269517518579959869e-03,5.752030294388532639e-03,2.009769156575202942e-02,-2.633479423820972443e-03,-4.706504754722118378e-03,-2.640362270176410675e-02,5.496384575963020325e-03,4.008395131677389145e-03,6.928656715899705887e-03,-1.057980302721261978e-02,-3.023503115400671959e-03,2.471242658793926239e-02,4.191935528069734573e-03,-3.231625072658061981e-03,2.608898095786571503e-02,-6.843441165983676910e-03,-1.545345992781221867e-03,1.022583153098821640e-02,2.471242565661668777e-03,-1.193013694137334824e-02,6.164996419101953506e-03,1.793453469872474670e-02,1.897022873163223267e-02,-2.640362270176410675e-02,1.174004096537828445e-02,-5.945403594523668289e-03,-2.081874385476112366e-02,9.511334821581840515e-03,1.075023319572210312e-02,1.396219362504780293e-03,-8.278991095721721649e-03,1.120908418670296669e-03,-8.960712701082229614e-03,-1.337879616767168045e-02,-1.478812564164400101e-02,1.995348185300827026e-02,2.557768858969211578e-02,2.018946222960948944e-02,3.618371207267045975e-03,6.751670967787504196e-03,-4.382031038403511047e-03,-1.716104336082935333e-02,3.012687340378761292e-02,1.868180744349956512e-02,1.339846197515726089e-02,2.209041826426982880e-02,2.143491618335247040e-02,1.469635590910911560e-02,1.170726586133241653e-02,-8.750951848924160004e-03,-2.481730654835700989e-02,1.151061523705720901e-02,-2.129070647060871124e-02,2.555146999657154083e-02,-1.822295598685741425e-02,-5.314810574054718018e-02,-1.029793731868267059e-02,2.899941056966781616e-02,1.395399915054440498e-03,9.950520470738410950e-03,2.915672957897186279e-02,-2.079252526164054871e-02,3.555443137884140015e-02,2.728527178987860680e-03,-2.156601659953594208e-02,5.378394387662410736e-03,8.095449768006801605e-03,4.837604984641075134e-02,-4.998202901333570480e-03,8.239660412073135376e-03,-1.044870261102914810e-02,-2.358496375381946564e-02,1.132707484066486359e-02,-1.980927214026451111e-02,2.344075217843055725e-02,-5.022784462198615074e-04,-2.486974745988845825e-02,8.534636348485946655e-03,7.249852642416954041e-03,-3.890404477715492249e-03,6.263117393245920539e-05,7.439948152750730515e-03,3.461050614714622498e-02,3.933012019842863083e-03,1.428994443267583847e-02,-3.177546197548508644e-03,-3.023175336420536041e-02,-1.583037432283163071e-03,1.936352998018264771e-02,-1.138607040047645569e-02,1.194980181753635406e-02,-4.604246094822883606e-02,6.219075294211506844e-04,6.486192811280488968e-03,-2.616764046251773834e-02,-1.544362772256135941e-02,1.595491915941238403e-02,-3.953988105058670044e-02,-1.442104484885931015e-02,-4.008395131677389145e-03,7.721813861280679703e-03,3.087414661422371864e-03,-1.231032796204090118e-02,2.685509971342980862e-04,-3.327328339219093323e-02,-2.273281104862689972e-02,2.203797921538352966e-02,1.000296138226985931e-02,2.426668442785739899e-02,-5.955236032605171204e-03,-1.213989779353141785e-02
