-8.260795846581459045e-03,-1.463777385652065277e-02,-1.214298792183399200e-02,-1.523601356893777847e-02,-1.417636522091925144e-03,3.683627769351005554e-02,-1.990737207233905792e-02,-1.154474820941686630e-02,1.788354106247425079e-02,-1.252484321594238281e-02,3.493973053991794586e-03,7.942583411931991577e-03,-1.893364242278039455e-03,-1.274759136140346527e-02,-1.260916935279965401e-03,-7.522542960941791534e-03,1.932186074554920197e-02,9.196340106427669525e-03,-1.468868739902973175e-02,2.152707427740097046e-03,-3.243221342563629150e-02,-8.209881372749805450e-03,-6.994310300797224045e-03,7.045224308967590332e-03,-4.454974550753831863e-03,7.407986558973789215e-03,9.590923786163330078e-03,-7.554363925009965897e-03,7.808138616383075714e-04,5.190045572817325592e-03,-4.629991599358618259e-04,-5.345969460904598236e-03,-3.281407058238983154e-02,-1.177386194467544556e-02,-3.515611588954925537e-02,-1.312308199703693390e-02,-6.682462058961391449e-03,-3.402884758543223143e-04,1.647067815065383911e-02,1.398862060159444809e-02,1.938550360500812531e-02,-2.940283156931400299e-03,1.680161803960800171e-02,1.575788110494613647e-02,-1.153838448226451874e-02,4.840807232540100813e-04,-2.717534545809030533e-03,-2.062016911804676056e-02,-2.400594949722290039e-02,1.564332470297813416e-02,-1.885408884845674038e-03,-2.222395874559879303e-02,-6.450166925787925720e-03,1.654704846441745758e-02,-2.590249478816986084e-02,-6.243328563868999481e-03,7.477993145585060120e-03,5.425522685982286930e-04,-6.765197031199932098e-03,-2.206803532317280769e-03,-7.229787297546863556e-03,-7.891668938100337982e-03,-7.414350402541458607e-04,2.809816040098667145e-03,-8.922677487134933472e-03,-4.426335450261831284e-03,-1.439593266695737839e-02,3.977655898779630661e-03,-1.737440191209316254e-02,-2.622070722281932831e-02,2.433688938617706299e-02,2.046742662787437439e-02,-8.954498916864395142e-03,-2.232260536402463913e-03,1.101015135645866394e-02,-2.774812839925289154e-02,-7.947356789372861385e-04,-3.161759302020072937e-02,-3.227947279810905457e-02,-6.001487374305725098e-03,-2.111339708790183067e-03,-2.564792521297931671e-02,-5.256869830191135406e-03,-3.710357472300529480e-03,2.088746614754199982e-02,-1.062193233519792557e-02,3.541704732924699783e-03,1.487961504608392715e-02,1.181363826617598534e-03,-1.732348650693893433e-02,3.380689397454261780e-02,3.703993186354637146e-02,-1.562423189170658588e-03,9.419089183211326599e-03,-7.433443330228328705e-03,-3.032564884051680565e-03,-1.381042134016752243e-02,1.225118059664964676e-02,8.629921823740005493e-03,-2.792632579803466797e-02,-7.770748808979988098e-03,-1.445957459509372711e-02,1.042464096099138260e-02,-2.281583379954099655e-03,-3.304318338632583618e-02,-3.276315703988075256e-02,9.170883335173130035e-03,-1.915639033541083336e-03,2.587703801691532135e-02,-2.914826199412345886e-02,3.274406306445598602e-03,4.332781210541725159e-02,-1.335219573229551315e-02,-4.857195168733596802e-02,2.149525331333279610e-03,-1.732348650693893433e-02,1.580879651010036469e-02,-7.337979506701231003e-03,-7.446171715855598450e-03,-3.009096835739910603e-04,4.598170053213834763e-03,3.832471556961536407e-04,1.009369920939207077e-02,-1.340310927480459213e-02,1.669024466536939144e-03,-1.277941279113292694e-02,-9.336354210972785950e-03,-2.965740300714969635e-02,-1.284305565059185028e-02,-7.452535908669233322e-03,1.473960187286138535e-02,3.707175375893712044e-03,2.284765616059303284e-02,2.238942869007587433e-02,-4.051242431160062551e-04,8.419902063906192780e-03,2.848001662641763687e-03,1.799809746444225311e-02,2.881414024159312248e-03,-2.126932144165039062e-02,1.353039406239986420e-02,3.331684507429599762e-03,-6.033308338373899460e-03,-1.364495046436786652e-02,2.331860922276973724e-02,6.701554637402296066e-03,2.260581403970718384e-02,1.933459006249904633e-02,-5.177316721528768539e-03,4.159037023782730103e-03,-3.331684507429599762e-03,-1.480324380099773407e-02,1.278577744960784912e-02,1.088923122733831406e-02,3.748542862012982368e-03,8.483544923365116119e-03,-3.398509323596954346e-02,2.146025002002716064e-02,-1.484142988920211792e-02,-8.986320346593856812e-03,1.430683303624391556e-02,7.108866702765226364e-03,2.521515637636184692e-02,3.942652605473995209e-03,-3.611711435951292515e-04,2.280947007238864899e-02,9.164519608020782471e-03,-1.068557519465684891e-02,-1.787081174552440643e-02,-1.411590538918972015e-02,2.167663350701332092e-02,-4.254500847309827805e-03,-3.693810477852821350e-02,1.988191530108451843e-02,-6.106497254222631454e-03,1.953824609518051147e-02,4.363488405942916870e-04,5.785102955996990204e-03,-1.406499091535806656e-02,3.446241142228245735e-03,-2.965740300714969635e-02,1.683344016782939434e-03,1.192660350352525711e-02,2.777358517050743103e-02,-1.908002048730850220e-02,-1.601245254278182983e-02,1.255029998719692230e-02,-1.541739446111023426e-03,-1.080649532377719879e-02,-6.288674194365739822e-04,1.158293429762125015e-02,1.970371603965759277e-02,-5.571900401264429092e-03,-1.756532862782478333e-02,-6.574015021324157715e-01,-8.979955688118934631e-03,-1.132200006395578384e-02,-2.787541225552558899e-02,1.575788110494613647e-02,4.588623996824026108e-03,4.359510727226734161e-03,1.597426645457744598e-02,-1.373405009508132935e-02,-1.052010431885719299e-02,-7.719834800809621811e-03,3.187216073274612427e-02,1.133472844958305359e-02,-1.260121352970600128e-02,-1.848177984356880188e-02,-2.897006273269653320e-02,5.457343650050461292e-04,1.445957459509372711e-02,-1.236573699861764908e-02,-1.012810607790015638e-04,-1.885090768337249756e-02,1.088923122733831406e-02,2.991197165101766586e-03,-1.653113751672208309e-03,2.228760160505771637e-02,3.721097018569707870e-04,3.591982275247573853e-02,7.306158542633056641e-03,-6.313335616141557693e-03,1.864725165069103241e-02,-2.716261707246303558e-02,2.300039678812026978e-02,7.649827748537063599e-03,8.852670900523662567e-03,3.110845200717449188e-02,-8.127146400511264801e-03,-2.109112218022346497e-02,1.251211483031511307e-02,3.245767205953598022e-03,4.477885738015174866e-02,2.246580086648464203e-03,-1.764169894158840179e-02,2.284765616059303284e-02,8.878128137439489365e-04,-7.259222329594194889e-04,2.006011456251144409e-02,3.444331884384155273e-02,-4.057209007441997528e-03,2.605523727834224701e-02,-1.182477548718452454e-02,-1.308489684015512466e-02,-2.818089723587036133e-02,-3.136302158236503601e-02,3.082842379808425903e-02,7.452535908669233322e-03,1.723438687622547150e-02,3.971291705965995789e-02,-6.322881672531366348e-03,1.087491167709231377e-03,-1.162111945450305939e-02,2.922463417053222656e-02,1.093378104269504547e-02,-2.777358517050743103e-02,-6.892482284456491470e-03,-1.440866105258464813e-02,-1.615246571600437164e-02,1.207298133522272110e-02,2.222714014351367950e-03,5.209138151258230209e-03,-7.127959281206130981e-03,4.913200624287128448e-03,2.208394557237625122e-02,5.740553140640258789e-03,3.198035294190049171e-03,5.253687966614961624e-03,6.771561224013566971e-03,1.823993958532810211e-02,-1.888909190893173218e-02,1.198070007376372814e-03,-3.805821295827627182e-03,-1.406499091535806656e-02,-8.330802433192729950e-03,-2.307676896452903748e-02,-2.223668806254863739e-02,4.785915371030569077e-03,-5.263234488666057587e-03,-1.560513954609632492e-02,6.536084227263927460e-03,2.088746614754199982e-02,1.175795099698007107e-03,-1.596631132997572422e-03,1.943641714751720428e-02,2.670439146459102631e-02,1.591062359511852264e-02,8.260795846581459045e-03,-1.731075905263423920e-02,-9.291804395616054535e-03,1.647067815065383911e-02,4.281866922974586487e-02,-2.160026319324970245e-02,-9.750030003488063812e-03,-2.100202254951000214e-02,1.160202641040086746e-02,-8.769935928285121918e-03,8.890856057405471802e-03,3.201217390596866608e-03,-9.762758389115333557e-03,3.062795149162411690e-03,5.137222260236740112e-02,-2.853729389607906342e-02,-3.608529455959796906e-03,8.362623862922191620e-03,5.288691259920597076e-03,3.694446757435798645e-03,2.160662785172462463e-03,-2.835909649729728699e-02,2.460180257912725210e-04,1.068557519465684891e-02,3.614893648773431778e-03,-1.563059724867343903e-02,1.131563540548086166e-02,1.199263278977014124e-04,7.815298624336719513e-03,-2.163844741880893707e-02,5.186863243579864502e-03,2.935191802680492401e-02,-3.019199892878532410e-02,-1.859633624553680420e-02,-2.408868400380015373e-03,1.573242433369159698e-02,-1.484142988920211792e-02,1.022098492830991745e-02,3.337412327527999878e-02,-2.039741957560181618e-03,2.135842107236385345e-02,1.030371990054845810e-02,1.872362196445465088e-02,-5.791467148810625076e-03,3.785455599427223206e-02,-1.421773340553045273e-02,8.695155847817659378e-04,7.465264759957790375e-03,-8.139874786138534546e-03,-2.907189168035984039e-02,1.443093526177108288e-03,-4.314961284399032593e-02,-2.802815474569797516e-02,-1.551603991538286209e-02,-3.164304792881011963e-02,-6.077858270145952702e-04,9.680023416876792908e-03,-1.260121352970600128e-02,-2.851183712482452393e-02,-4.060391336679458618e-03,-5.094581749290227890e-03,-1.899728435091674328e-03,3.869463689625263214e-03,-1.453594584017992020e-02,-3.783546388149261475e-03,-1.857087947428226471e-02,1.608882285654544830e-02,7.808933965861797333e-03,-2.468055859208106995e-02,-1.266485638916492462e-02,-1.034826971590518951e-02,-3.134392900392413139e-03,1.381042134016752243e-02,-1.330128125846385956e-02,-7.987132994458079338e-04,-3.426511958241462708e-02,2.574975416064262390e-02,1.904183439910411835e-02,4.454974550753831863e-03,2.018739841878414154e-02,2.601705119013786316e-02,-7.248880341649055481e-03,-1.326945959590375423e-03,-2.023831382393836975e-02,-7.624370977282524109e-03,1.783262751996517181e-02,-2.895733574405312538e-03,3.141393512487411499e-02,-1.081285998225212097e-02,-1.552876830101013184e-02,1.336492411792278290e-02,-2.106566540896892548e-02,-2.919599413871765137e-03,1.433228980749845505e-02,1.812538318336009979e-02,-2.925963606685400009e-03,1.931549748405814171e-03,2.366228029131889343e-02,2.070926688611507416e-02,1.064102537930011749e-02,1.512145716696977615e-02,2.022558450698852539e-02,4.638265073299407959e-02,-8.203517645597457886e-03,-1.963370945304632187e-03,2.223668806254863739e-02,-3.949016798287630081e-03,-1.180568244308233261e-02,4.381149262189865112e-02,-4.251318518072366714e-03,2.301312610507011414e-02,-1.713255979120731354e-02,3.191671101376414299e-03,-8.916313759982585907e-03,7.573456969112157822e-03,7.434238796122372150e-04,-1.652159169316291809e-02,-4.131670668721199036e-02,-3.528339788317680359e-02,2.317859604954719543e-02,7.955311797559261322e-03,4.062936827540397644e-02,-1.043100468814373016e-02,1.533784158527851105e-02,9.457274340093135834e-03,-5.950573366135358810e-03,1.799809746444225311e-02,-1.144292019307613373e-02,1.025280542671680450e-02,1.154474820941686630e-02,-3.487608581781387329e-02,1.468868739902973175e-02,3.215218707919120789e-02,1.125199347734451294e-02,9.329989552497863770e-03,-2.006011456251144409e-02,-2.940283156931400299e-03,-9.329989552497863770e-03,-2.211576793342828751e-03,3.658170625567436218e-02,1.264894613996148109e-03,-6.182868499308824539e-03,1.433228980749845505e-02,-5.288691259920597076e-03,-9.279076009988784790e-03,2.400913042947649956e-03,2.112930826842784882e-02,1.957643218338489532e-02,7.484357338398694992e-03,-2.571156807243824005e-02,-1.441502477973699570e-03,8.636286482214927673e-03,6.431073881685733795e-03,1.144928485155105591e-02,-1.781989820301532745e-03,-5.147086922079324722e-04,7.019767072051763535e-03,-5.454161670058965683e-03,-1.762897148728370667e-02,-2.016194164752960205e-02,1.486688666045665741e-02,-1.449776068329811096e-02,1.072376035153865814e-02,-6.135136354714632034e-03,-9.762758389115333557e-03,2.432416193187236786e-02,3.016654169186949730e-03,-1.599972322583198547e-02,1.738712936639785767e-02,2.680621854960918427e-02,6.494716741144657135e-03,4.674541298300027847e-03,-1.281123422086238861e-02,8.006226271390914917e-03,-1.349220890551805496e-02,-3.009017184376716614e-02,-5.143109010532498360e-04,1.164657622575759888e-02,1.970371603965759277e-02,3.824913874268531799e-03,1.353039406239986420e-02,2.157480642199516296e-02,-1.187568996101617813e-02,3.515611588954925537e-02,2.703533135354518890e-02,1.977690495550632477e-03,-1.873635128140449524e-02,-1.074285339564085007e-02,9.699116460978984833e-03,-7.185237482190132141e-03,5.301419645547866821e-03,-1.551603991538286209e-02,-3.507974371314048767e-02,-6.418345496058464050e-03,-3.146484866738319397e-02,2.461691759526729584e-02,9.617971954867243767e-04,2.153662033379077911e-02,-7.344343699514865875e-03,-7.503449916839599609e-03,-2.456600312143564224e-03,-4.689656198024749756e-04,2.278401330113410950e-02,-2.564792521297931671e-02,6.303789094090461731e-03,-8.642651140689849854e-03,-3.423966234549880028e-03,-1.374677848070859909e-02,-2.319769002497196198e-03,-9.597288444638252258e-03,5.351061001420021057e-02,-9.940957650542259216e-03,-7.382529322057962418e-03,-2.669802634045481682e-03,1.521055586636066437e-02,-5.941026844084262848e-03,-3.877100721001625061e-02,-3.471698146313428879e-03,-4.229043610394001007e-03,-2.149843424558639526e-02,1.626702211797237396e-02,-1.147474162280559540e-02,-1.414454425685107708e-03,-2.693350426852703094e-02,1.064102537930011749e-02,-8.647423819638788700e-04,-5.339605268090963364e-03,-1.997101493179798126e-02,-3.968109376728534698e-03,6.695190444588661194e-03,1.038136407732963562e-01,2.105293795466423035e-02,-6.738149095326662064e-04,2.473147399723529816e-02,-3.376234322786331177e-03,2.412050589919090271e-02,-1.755259931087493896e-02,-1.863452233374118805e-02,1.157656963914632797e-02,-1.305944006890058517e-02,-3.172578290104866028e-03,-1.385019742883741856e-03,3.401054814457893372e-02,-1.104197278618812561e-02,7.350708357989788055e-03,1.433228980749845505e-02,-2.507514320313930511e-02,-3.301772475242614746e-02,1.269667781889438629e-02,-1.109288726001977921e-02,-1.093059894628822803e-03,1.206661667674779892e-02,1.583425328135490417e-02,1.240392215549945831e-02,-1.542694028466939926e-02,-1.396316289901733398e-02,6.166957784444093704e-03,2.721353061497211456e-02,1.531238388270139694e-02,5.441433284431695938e-03,8.763571269810199738e-03,2.189301885664463043e-02,1.141746342182159424e-02,3.732632379978895187e-03,-1.010324573144316673e-03,1.627974957227706909e-02,5.962506402283906937e-04,2.255490049719810486e-02,1.811265386641025543e-02,-1.771807111799716949e-02,5.851927213370800018e-03,8.878127671778202057e-03,2.963194623589515686e-02,-1.956370286643505096e-02,-8.483544923365116119e-03,-3.067568177357316017e-03,-6.256057415157556534e-03,8.661743253469467163e-03,-2.442598901689052582e-02,-1.761624217033386230e-02,3.849098086357116699e-02,-3.831278160214424133e-02,-3.780364245176315308e-02,-2.087473869323730469e-02,-4.840011708438396454e-03,1.055828947573900223e-02,4.983207210898399353e-03,-1.523601356893777847e-02,-1.104833744466304779e-02,1.001732889562845230e-02,-2.000920102000236511e-02,-7.134323474019765854e-03,1.807446824386715889e-03,-5.085035227239131927e-03,-2.534244209527969360e-02,4.101758822798728943e-03,-6.259239278733730316e-03,-3.242585109546780586e-03,-1.652159169316291809e-02,-2.207121625542640686e-02,-1.899092085659503937e-02,-6.962488871067762375e-03,-1.621610671281814575e-02,-2.865503309294581413e-03,4.192767664790153503e-02,2.173391170799732208e-03,4.454974550753831863e-04,5.912387743592262268e-03,-5.222662002779543400e-04,1.238482911139726639e-02,-7.465264759957790375e-03,-1.840540952980518341e-02,1.671251840889453888e-02,-3.493973053991794586e-03,-1.384860649704933167e-02,1.976735889911651611e-02,-9.743666276335716248e-03,-1.270304154604673386e-02,-1.920730434358119965e-02,-1.883817836642265320e-02,1.290033385157585144e-02,6.402434781193733215e-03,3.087933920323848724e-02,-1.341265626251697540e-03,2.661847276613116264e-03,1.479051541537046432e-02,1.073648873716592789e-02,2.035287022590637207e-02,-2.039105445146560669e-02,-2.238942869007587433e-02,1.244847197085618973e-02,-1.997101493179798126e-02,-5.625996738672256470e-03,-3.532158443704247475e-03,3.566525503993034363e-02,4.302232526242733002e-03,2.849592594429850578e-03,2.037832699716091156e-02,-1.095446408726274967e-03,2.060743980109691620e-02,2.718807384371757507e-02,-3.347595036029815674e-02,-2.571156807243824005e-02,2.281583379954099655e-03,-6.561540998518466949e-03,1.876180805265903473e-02,1.220663078129291534e-02,2.445144578814506531e-02,8.184424601495265961e-03,-1.536329835653305054e-02,1.699254615232348442e-03,-6.529720034450292587e-03,2.932646125555038452e-02,-9.673658758401870728e-03,-4.673904925584793091e-02,-7.433443330228328705e-03,7.318886928260326385e-03,-1.428137626498937607e-02,1.888909190893173218e-02,1.829085312783718109e-02,-1.543966960161924362e-02,7.070681080222129822e-03,9.654566645622253418e-03,-1.373405009508132935e-02,-4.098576679825782776e-02,-4.954568110406398773e-03,-5.648271180689334869e-04,1.607609353959560394e-02,-5.597357172518968582e-03,-6.459712982177734375e-03,-2.287311293184757233e-02,-1.015097834169864655e-03,-9.565467014908790588e-03,-2.688258886337280273e-02,-4.062936827540397644e-02,-3.029382787644863129e-02,-7.172509096562862396e-03,1.002369262278079987e-02,-1.303398329764604568e-02,5.218684673309326172e-03,-1.965280249714851379e-02,7.490721531212329865e-03,-7.108866702765226364e-03,1.169112604111433029e-02,3.363505937159061432e-03,-2.815544046461582184e-02,-2.469328790903091431e-02,6.727011874318122864e-03,5.264507234096527100e-02,4.032388329505920410e-02,3.044657036662101746e-02,-3.964927513152360916e-03,-5.652249092236161232e-04,2.543154172599315643e-02,-4.913200624287128448e-03,-3.258495824411511421e-03,-1.809992454946041107e-02,3.283952828496694565e-03,-2.751901559531688690e-02,3.518157079815864563e-02,1.743804290890693665e-02,1.313581131398677826e-02,3.367960825562477112e-02,9.565467014908790588e-03,-7.808933965861797333e-03,2.399322018027305603e-02,1.320581766776740551e-03,-1.111754827434197068e-04,-2.627162262797355652e-02,-3.530885651707649231e-02,-1.136018522083759308e-02,5.212320480495691299e-03,1.523601356893777847e-02,7.414350751787424088e-03,-1.372132170945405960e-02,-2.114203758537769318e-02,1.099105924367904663e-02,-2.216031588613986969e-02,1.344129443168640137e-02,-4.811372607946395874e-03,3.301772475242614746e-02,-3.859280794858932495e-02,1.322491001337766647e-02,-2.067108266055583954e-02,1.554149761795997620e-02,-3.783546388149261475e-03,2.499877102673053741e-02,9.368175640702247620e-03,3.840824589133262634e-03,4.190221801400184631e-02,9.718208573758602142e-03,1.981827244162559509e-02,-2.805361151695251465e-02,-2.059471048414707184e-02,-3.271224349737167358e-02,1.170385442674160004e-02,-2.482057362794876099e-02,1.010006386786699295e-02,4.684087820351123810e-03,-1.388679258525371552e-02,-1.405226252973079681e-02,-2.874094992876052856e-02,-3.441786020994186401e-02,-2.070926688611507416e-02,2.070926688611507416e-02,-8.806530386209487915e-04,-8.566279895603656769e-03,1.882544904947280884e-02,-2.728990092873573303e-02,-7.777113001793622971e-03,1.317399647086858749e-02,-2.623661886900663376e-03,4.668813571333885193e-02,-1.200297474861145020e-02,1.287487708032131195e-02,2.482057362794876099e-02,-1.826539635658264160e-03,-6.173321977257728577e-03,1.280486956238746643e-02,1.095923781394958496e-02,8.337166509591042995e-04,1.210002927109599113e-03,2.597886696457862854e-02,-1.087491167709231377e-03,1.569424010813236237e-02,1.238642027601599693e-03,1.480324380099773407e-02,-5.065942648798227310e-03,-3.031928464770317078e-02,2.442598901689052582e-02,-6.421527825295925140e-03,-1.174840424209833145e-02,-2.039105445146560669e-02,-5.377790890634059906e-03,6.727011874318122864e-03,-6.208325270563364029e-03,1.060920394957065582e-02,2.946647582575678825e-03,-1.265212800353765488e-02,-1.207298133522272110e-02,-7.185237482190132141e-03,-4.384967964142560959e-03,-2.279674075543880463e-02,3.826186805963516235e-02,2.432336623314768076e-04,-3.421420603990554810e-02,9.520917199552059174e-03,-1.231482252478599548e-02,-2.345862425863742828e-02,6.943396292626857758e-03,-2.106566540896892548e-02,1.049464754760265350e-02,-1.197751704603433609e-02,6.695190444588661194e-03,2.286038361489772797e-02,1.552876830101013184e-02,2.252944279462099075e-03,7.597322692163288593e-04,-1.387406419962644577e-02,2.764629945158958435e-02,3.875827882438898087e-03,-1.046282611787319183e-02,3.834460396319627762e-03,2.400594949722290039e-02,3.398509323596954346e-02,-6.981581449508666992e-03,2.030195668339729309e-03,-2.179118990898132324e-02,-1.821448281407356262e-02,2.227487275376915932e-03,7.662556134164333344e-03,-2.488421509042382240e-03,-1.849450916051864624e-02,3.385780612006783485e-03,-3.128664940595626831e-02,-1.508327107876539230e-02,-3.914013504981994629e-04,1.622883602976799011e-02,2.716261707246303558e-02,-2.726444415748119354e-02,-3.436694666743278503e-02,1.527419872581958771e-02,-1.077467389404773712e-02,3.724358603358268738e-02,9.813672862946987152e-03,4.022205714136362076e-03,7.312522735446691513e-03,3.726904466748237610e-02,-2.382775023579597473e-02,1.759715029038488865e-03,-1.052010431885719299e-02,-2.424778975546360016e-02,-1.561786793172359467e-02,-2.380229346454143524e-02,1.599813229404389858e-03,1.602517999708652496e-02,1.115016546100378036e-02,-2.184210345149040222e-02,-2.212213166058063507e-02,1.454867422580718994e-02,8.706293068826198578e-03,2.652619220316410065e-02,1.241665054112672806e-02,-2.774812839925289154e-02,-9.909136220812797546e-03,-1.292579062283039093e-02,4.127215594053268433e-03,-2.093838155269622803e-02,-2.078563906252384186e-02,1.896546408534049988e-02,-1.840859185904264450e-03,-5.377790890634059906e-03,2.644982002675533295e-02,-1.992010138928890228e-02,-7.613233174197375774e-04,7.261608727276325226e-03,4.025387577712535858e-03,2.413323335349559784e-02,-2.774812839925289154e-02,-3.235584497451782227e-02,1.207934506237506866e-02,-9.781851433217525482e-03,-3.561434149742126465e-02,-1.473960187286138535e-02,-2.895733574405312538e-03,4.689656198024749756e-04,-1.299102441407740116e-03,-8.655379060655832291e-04,-1.383229828206822276e-04,-1.583425328135490417e-02,-4.671358969062566757e-03,2.437507547438144684e-02,2.062016865238547325e-03,1.359403692185878754e-02,-2.059471048414707184e-02,-4.019023384898900986e-03,8.337167091667652130e-03,-1.723438687622547150e-02,-1.747622899711132050e-02,-2.419687621295452118e-02,-8.088961243629455566e-03,3.357778117060661316e-02,1.587243750691413879e-02,-1.321218162775039673e-02,5.549625493586063385e-03,3.777181962504982948e-03,-6.272604316473007202e-02,-9.781851433217525482e-03,7.955311797559261322e-03,-4.725455306470394135e-03,1.425591856241226196e-02,6.450166925787925720e-03,3.459605947136878967e-02,4.824896750506013632e-04,5.778738297522068024e-03,7.653009961359202862e-04,-2.917371876537799835e-02,-2.219850197434425354e-02,-7.458900567144155502e-03,-2.627162262797355652e-02,-4.830465186387300491e-03,-2.151116263121366501e-03,-3.166850656270980835e-02,-9.094512090086936951e-03,2.152389101684093475e-02,-8.579008281230926514e-03,1.734894327819347382e-02,2.784995548427104950e-02,4.760458599776029587e-03,-8.897220715880393982e-03,-2.858820930123329163e-02,1.555263414047658443e-03,-1.124085509218275547e-03,1.139200665056705475e-02,-1.403953414410352707e-02,-3.289044275879859924e-02,1.498144306242465973e-02,1.013188529759645462e-02,-1.106742955744266510e-02,-2.118022181093692780e-02,2.322951145470142365e-02,1.661069132387638092e-02,2.402504178462550044e-04,1.791934046195819974e-04,4.114487208425998688e-03,-2.335679484531283379e-03,1.167203392833471298e-02,-7.592549547553062439e-03,6.135136634111404419e-02,1.112470775842666626e-02,-3.439240530133247375e-02,-5.851927213370800018e-03,6.555176805704832077e-04,-2.106566540896892548e-02,8.120782673358917236e-03,2.102747932076454163e-02,-9.495460428297519684e-03,-1.350493729114532471e-02,6.058765575289726257e-03,-3.467243164777755737e-02,1.794718392193317413e-02,-2.473147399723529816e-02,2.735036192461848259e-03,-1.795991137623786926e-02,7.509814575314521790e-03,-5.104128271341323853e-03,-1.529965549707412720e-02,-2.693350426852703094e-02,1.037372648715972900e-02,2.261854335665702820e-02,-1.957643218338489532e-02,-2.560973912477493286e-02,-4.629991482943296432e-03,7.681649178266525269e-03,1.393770612776279449e-02,-2.068381011486053467e-02,-1.425591856241226196e-02,-4.629991482943296432e-03,-1.179295405745506287e-02,-1.978008821606636047e-02,-7.247289177030324936e-04,-2.522788569331169128e-02,-1.239119376987218857e-02,3.365414962172508240e-02,-2.501150034368038177e-02,-6.252875085920095444e-03,2.072199583053588867e-01,-1.823357422836124897e-03,1.090195961296558380e-02,1.979281567037105560e-02,3.942652605473995209e-03,-1.428773975931107998e-03,1.981827244162559509e-02,2.275855652987957001e-02,9.508188813924789429e-03,1.627974957227706909e-02,-4.223315790295600891e-02,5.088217556476593018e-03,3.099389374256134033e-03,1.008097082376480103e-02,1.459958869963884354e-02,-4.755367338657379150e-02,-7.745291572064161301e-03,4.629991482943296432e-03,-2.358590811491012573e-02,-2.175300382077693939e-02,1.017643511295318604e-02,-8.292617276310920715e-03,5.815332988277077675e-04,-3.770817769691348076e-03,2.006011456251144409e-02,4.696816205978393555e-03,5.135949235409498215e-03,2.217304520308971405e-02,2.810452505946159363e-02,-9.501824155449867249e-03,-4.884561640210449696e-04,-1.093378104269504547e-02,8.687200956046581268e-03,-6.586998235434293747e-03,4.241772461682558060e-03,-2.062016911804676056e-02,8.337167091667652130e-03,-3.980838228017091751e-03,9.520917199552059174e-03,-2.126932144165039062e-02,1.972917281091213226e-02,5.126402713358402252e-03,-1.603790908120572567e-03,2.058834768831729889e-03,-7.248880341649055481e-03,8.031683042645454407e-03,-1.574515365064144135e-02,-7.732563186436891556e-03,8.090552291832864285e-04,1.227663736790418625e-02,-2.602978050708770752e-02,1.048191916197538376e-02,1.713255979120731354e-02,-9.088148362934589386e-03,1.994555816054344177e-02,-2.806633943691849709e-03,1.081922370940446854e-02,2.125659398734569550e-02,6.803382653743028641e-03,-9.030870161950588226e-03,-2.583885332569479942e-03,1.480324380099773407e-02,-3.299226984381675720e-02,2.062016865238547325e-03,-2.401867695152759552e-02,1.065375376492738724e-02,-4.149490594863891602e-02,6.618819665163755417e-03,-1.073012501001358032e-02,1.403953414410352707e-02,-5.307783838361501694e-03,-1.752714253962039948e-02,-1.739985868334770203e-02,1.888909190893173218e-02,-1.069830358028411865e-02,-1.417954824864864349e-02,3.345049545168876648e-02,9.077010909095406532e-04,-7.910761982202529907e-03,1.235937234014272690e-02,-8.184424601495265961e-03,2.311018033651635051e-04,1.355585176497697830e-02,-1.583107048645615578e-03,6.090586539357900620e-03,-2.172754704952239990e-02,2.846092358231544495e-02,-9.298168122768402100e-03,-3.816004097461700439e-02,2.200757525861263275e-02,4.181311931461095810e-03,-1.913093402981758118e-02,-2.158753387629985809e-02,-4.283139947801828384e-03,9.387267753481864929e-03,1.141746342182159424e-02,1.757805794477462769e-02,3.138848021626472473e-02,-2.688258886337280273e-02,5.645089317113161087e-03,6.364249624311923981e-03,-1.692890375852584839e-02,2.675530500710010529e-02,7.312522735446691513e-03,-1.332673802971839905e-02,9.285439737141132355e-03,-2.870276570320129395e-03,1.695436052978038788e-02,-4.006294999271631241e-03,-2.219850197434425354e-02,1.575788110494613647e-02,-2.700987458229064941e-02,-5.126402713358402252e-03,-1.484142988920211792e-02,3.984020277857780457e-02,2.715943381190299988e-03,-2.149923093384131789e-04,-3.393417969346046448e-02,1.078103855252265930e-02,-1.335219573229551315e-02,-4.575895145535469055e-03,-1.039918325841426849e-02,2.569565782323479652e-03,2.039105445146560669e-02,3.786728484556078911e-03,8.146239444613456726e-03,-2.030195668339729309e-02,2.087473869323730469e-02,2.040378376841545105e-02,-3.861826658248901367e-02,1.473960187286138535e-02,3.303045406937599182e-03,9.336354210972785950e-03,8.018954657018184662e-03,6.055583246052265167e-03,1.409681281074881554e-03,-1.201570313423871994e-02,-3.044657036662101746e-02,-5.788284819573163986e-03,3.225083462893962860e-03,2.170209074392914772e-03,1.493052951991558075e-02,-6.510626990348100662e-03,1.662341877818107605e-02,3.382598515599966049e-03,7.955311797559261322e-03,1.333946641534566879e-02,-5.705549847334623337e-03,-1.006187871098518372e-02,-2.502422966063022614e-02,-5.844926834106445312e-02,-1.083195302635431290e-02,-3.799456870183348656e-03,-1.476505864411592484e-02,3.927935322280973196e-04,-2.168936282396316528e-02,-9.406360797584056854e-03,-1.570696756243705750e-02,1.353039406239986420e-02,8.279888890683650970e-03,-5.259415879845619202e-02,1.988191530108451843e-02,1.923276111483573914e-02,-4.274230077862739563e-02,-1.358130853623151779e-02,7.547999732196331024e-03,-1.596662849187850952e-01,5.978416884317994118e-04,2.558428235352039337e-02,-3.255313495174050331e-03,1.034826971590518951e-02,-2.459782408550381660e-03,4.404060542583465576e-02,1.487643341533839703e-03,-1.801082678139209747e-02,1.050737593322992325e-02,2.021285705268383026e-02,-1.831630989909172058e-02,-3.533431142568588257e-02,-1.887636445462703705e-02,-9.011777117848396301e-03,2.006011456251144409e-02,-1.269667781889438629e-02,-9.177247993648052216e-03,2.871549315750598907e-02,-8.384898537769913673e-04,2.282219938933849335e-02,-1.795991137623786926e-02,-1.607609353959560394e-02,-1.095923781394958496e-02,2.305131219327449799e-02,9.998235851526260376e-03,-1.615723827853798866e-03,-2.165435813367366791e-03,-4.776369314640760422e-03,-1.608882285654544830e-02,-1.704346016049385071e-02,2.711170352995395660e-02,1.713255979120731354e-02,-2.084928192198276520e-02,1.373405009508132935e-02,-1.268394943326711655e-02,-2.596613764762878418e-02,-1.585971005260944366e-02,-1.032917667180299759e-02,8.318074047565460205e-03,1.024644169956445694e-02,1.074921712279319763e-02,1.630520634353160858e-02,1.184386853128671646e-02,-8.445358835160732269e-03,2.690804749727249146e-02,1.821448281407356262e-02,-9.864586405456066132e-03,1.284941937774419785e-02,-2.256762795150279999e-02,-1.747622899711132050e-02,-2.576248161494731903e-02,-1.139200665056705475e-02,-4.795461893081665039e-03,8.419902063906192780e-03,-3.952199127525091171e-03,2.897324506193399429e-03,1.832903828471899033e-03,9.177247993648052216e-03,3.551251254975795746e-03,1.302125398069620132e-02,-2.153662033379077911e-02,2.904643490910530090e-02,-3.395327134057879448e-03,8.999048732221126556e-03,1.274122763425111771e-02,-1.625429280102252960e-02,1.629247888922691345e-02,-8.719021454453468323e-03,7.859848439693450928e-03,-1.983100175857543945e-02,-2.512605674564838409e-02,2.333133853971958160e-02,-4.223315790295600891e-02,1.933459006249904633e-02,1.635612174868583679e-02,-6.841568276286125183e-03,2.372273942455649376e-03,2.525334246456623077e-02,4.913200624287128448e-03,-6.593362428247928619e-03,5.071033909916877747e-02,-1.953824609518051147e-02,-3.100662305951118469e-02,6.396070588380098343e-03,9.266347624361515045e-03,-1.895273476839065552e-02,-8.233747939812019467e-05,1.936322893016040325e-03,2.875845239032059908e-04,1.237846561707556248e-03,-9.380904026329517365e-03,1.667433301918208599e-03,-2.996288612484931946e-02,9.775486774742603302e-03,3.250858560204505920e-02,9.158154949545860291e-03,1.417636522091925144e-03,5.958528490737080574e-04,-8.789028972387313843e-03,8.394445292651653290e-03,-2.947920374572277069e-02,-2.060743980109691620e-02,-5.811355076730251312e-04,1.697981730103492737e-02,8.050775155425071716e-03,9.705480188131332397e-03,1.771807111799716949e-02,4.335326701402664185e-02,-1.202843151986598969e-02,-1.550331152975559235e-02,-1.043100468814373016e-02,5.909205414354801178e-03,2.133296430110931396e-02,-2.329315291717648506e-03,2.286038361489772797e-02,-8.209881372749805450e-03,3.809003392234444618e-03,-4.830465186387300491e-03,-1.172294747084379196e-02,6.481351703405380249e-02,1.523601356893777847e-02,-1.323763933032751083e-02,6.431073881685733795e-03,-1.952551677823066711e-02,-1.967825926840305328e-02,-1.095669195055961609e-01,-1.075558178126811981e-02,1.038009114563465118e-02,2.413323335349559784e-02,7.407986558973789215e-03,-1.192501280456781387e-03,-8.521730080246925354e-03,2.012375742197036743e-02,-2.059471048414707184e-02,1.169749069958925247e-02,1.172294747084379196e-02,-7.382529322057962418e-03,7.013402879238128662e-03,-1.276031974703073502e-02,9.983916534110903740e-04,6.771561224013566971e-03,-1.934731751680374146e-02,-2.723898738622665405e-02,-9.285439737141132355e-03,1.214935258030891418e-02,-1.228300109505653381e-02,2.096383832395076752e-02,-4.279957618564367294e-03,-4.162219166755676270e-02,2.200757525861263275e-02,-4.852740094065666199e-03,-4.684087634086608887e-02,1.030371990054845810e-02,5.657817702740430832e-03,-1.667433301918208599e-03,2.806236152537167072e-04,-2.911644056439399719e-03,3.083478892222046852e-03,-4.910018295049667358e-03,-4.690452013164758682e-03,-1.745077222585678101e-02,-2.409504912793636322e-02,-1.258212141692638397e-02,2.879186533391475677e-02,3.697628853842616081e-03,4.155854694545269012e-03,2.163844881579279900e-03,1.353039406239986420e-02,-2.482057362794876099e-02,-1.422011973772896454e-05,6.975217256695032120e-03,-5.527350585907697678e-03,-3.608529455959796906e-03,1.970371603965759277e-02,-1.393770682625472546e-03,-1.799809746444225311e-02,-2.655483083799481392e-03,-2.497331425547599792e-02,-1.552876899950206280e-03,2.172754704952239990e-02,-8.031683042645454407e-03,-1.540148397907614708e-03,1.922003366053104401e-02,-2.800269797444343567e-02,-1.756532816216349602e-03,1.043100468814373016e-02,2.639174635987728834e-04,7.936218753457069397e-03,1.519782748073339462e-02,2.825726754963397980e-02,-4.162219353020191193e-03,-2.405686303973197937e-02,-1.878726482391357422e-02,2.474420145153999329e-02,-1.365767978131771088e-02,2.042924053966999054e-02,-1.307853264734148979e-03,-2.830818109214305878e-02,2.594068087637424469e-02,-2.927554771304130554e-02,7.121595088392496109e-03,-1.727257296442985535e-02,-2.012375742197036743e-02,1.902910508215427399e-02,-2.137115038931369781e-02,-2.339498139917850494e-02,-2.600432373583316803e-02,2.172754704952239990e-02,-3.783546388149261475e-03,3.429057449102401733e-02,-1.685253344476222992e-02,4.448610357940196991e-03,-1.615246571600437164e-02,1.680161803960800171e-02,1.030371990054845810e-02,3.597073629498481750e-02,1.147474162280559540e-02,2.202030271291732788e-02,-2.307676896452903748e-02,3.373052226379513741e-03,2.388184657320380211e-03,-2.092565223574638367e-02,1.758123864419758320e-03,-8.216246031224727631e-03,2.600432373583316803e-02,-7.466060342267155647e-04,-8.884492330253124237e-03,-5.422340705990791321e-02,3.085388056933879852e-02,-1.202206686139106750e-02,-9.705480188131332397e-03,1.354312244802713394e-02,-3.159213438630104065e-02,6.657004822045564651e-03,-1.724711619317531586e-02,8.057139813899993896e-03,-7.656191941350698471e-03,-3.016654215753078461e-02,2.543154172599315643e-02,1.014461368322372437e-02,-5.788284819573163986e-03,-1.008733548223972321e-02,-6.981581449508666992e-03,-6.905210670083761215e-03,5.374608561396598816e-03,1.106106583029031754e-02,-5.139131564646959305e-03,-1.196478866040706635e-02,1.097196619957685471e-02,-2.580703236162662506e-03,1.894000731408596039e-02,-2.199484594166278839e-02,5.851927213370800018e-03,-1.372132170945405960e-02,1.635612174868583679e-02,1.116925757378339767e-02,-2.322951145470142365e-02,-7.547999732196331024e-03,-1.986918598413467407e-02,2.712761284783482552e-03,1.663614809513092041e-02,-1.559241092763841152e-03,-2.564792521297931671e-02,1.355585176497697830e-03,2.464237436652183533e-02,1.199661009013652802e-02,2.406959235668182373e-02,-1.727257296442985535e-02,-1.771807111799716949e-02,2.244988922029733658e-03,4.136762116104364395e-03,8.101689629256725311e-03,-1.434501819312572479e-02,-4.426335450261831284e-03,2.629707939922809601e-02,2.051834017038345337e-02,-2.353499457240104675e-02,7.287065498530864716e-03,3.294135630130767822e-02,-1.468868739902973175e-02,-1.178659033030271530e-02,1.256143790669739246e-03,-4.868650808930397034e-03,2.777358517050743103e-02,-1.255029998719692230e-02,1.049464754760265350e-02,-3.217764571309089661e-02,2.721353061497211456e-02,-8.233747794292867184e-04,-1.115652918815612793e-02,1.132040866650640965e-03,2.404413372278213501e-02,4.454974550753831863e-03,-1.672524772584438324e-02,-4.117669537663459778e-03,1.143019180744886398e-02,-2.531380159780383110e-03,-5.893295165151357651e-03,-2.282219938933849335e-02,1.444684620946645737e-02,1.120744366198778152e-02,-1.581516000442206860e-03,-1.797264069318771362e-02,-1.467595901340246201e-02,1.513895811513066292e-03,-2.354772388935089111e-02,8.579008281230926514e-03,1.326309610158205032e-02,1.018916349858045578e-02,-4.050844814628362656e-03,1.314853969961404800e-02,2.148570679128170013e-02,-1.215571654029190540e-03,1.579606719315052032e-02,5.966484081000089645e-03,-1.939504989422857761e-03,2.623661886900663376e-03,1.561786793172359467e-02,1.201570313423871994e-02,-3.761271480470895767e-03,5.743735004216432571e-03,1.958915963768959045e-02,2.945056417956948280e-03,6.873389240354299545e-03,2.950466051697731018e-02,3.037019819021224976e-02,7.147052325308322906e-03,-1.887636445462703705e-02,5.689639132469892502e-03,2.287947572767734528e-03,-4.238590132445096970e-03,-6.186050362884998322e-03,-1.518669072538614273e-03,-1.346675213426351547e-02,-4.006931558251380920e-02,-1.691617444157600403e-02,-1.775028940755873919e-04,9.498642175458371639e-04,-3.901284886524081230e-03,3.637804836034774780e-02,1.313581131398677826e-02,-1.081285998225212097e-02,1.966552995145320892e-02,2.221123082563281059e-03,1.494325790554285049e-02,-1.587243750691413879e-02,2.298766933381557465e-02,4.015841521322727203e-03,1.501962915062904358e-02,3.863099496811628342e-03,-5.088217556476593018e-03,1.925821974873542786e-02,-2.146025002002716064e-02,-1.908002048730850220e-02,1.911263680085539818e-04,2.625252818688750267e-03,-1.273645437322556973e-03,2.587703801691532135e-02,-4.371443937998265028e-04,-1.867270842194557190e-02,-6.326064001768827438e-03,7.867803215049207211e-04,3.149030730128288269e-02,-3.697628853842616081e-03,4.432063177227973938e-02,5.260052159428596497e-03,3.821095451712608337e-02,2.289856970310211182e-02,-1.440866105258464813e-02,1.475233025848865509e-02,1.939823292195796967e-02,3.841460868716239929e-02,-1.788354129530489445e-03,2.667893283069133759e-02,-6.849523633718490601e-04,-3.849098086357116699e-02,4.241135716438293457e-02,7.859848439693450928e-03,1.091468799859285355e-02,9.890044108033180237e-03,-2.056925371289253235e-02,6.265603471547365189e-03,1.101015135645866394e-02,1.732348650693893433e-02,-1.305944006890058517e-02,5.384155083447694778e-03,1.876180805265903473e-02,8.527099998900666833e-05,1.173567585647106171e-02,-1.691617444157600403e-02,-2.263127081096172333e-02,-1.496871467679738998e-02,2.700987458229064941e-02,-1.864725165069103241e-02,1.500689983367919922e-02,-2.583885192871093750e-02,1.421773340553045273e-02,4.359510727226734161e-03,-2.231305837631225586e-02,-3.380689397454261780e-02,2.338225208222866058e-02,-1.221299450844526291e-02,-2.280947007238864899e-02,-1.415409054607152939e-02,7.624370977282524109e-03,-1.767988502979278564e-02,-1.732348650693893433e-02,2.085882704704999924e-03,7.280701305717229843e-03,-2.577521093189716339e-02,2.460418827831745148e-02,6.762014818377792835e-04,-1.627974957227706909e-02,1.214935258030891418e-02,-1.552876830101013184e-02
-8.540986105799674988e-03,-1.466269418597221375e-02,-3.114318847656250000e-02,-1.134788244962692261e-02,1.946449279785156250e-03,5.619139969348907471e-02,-1.306543592363595963e-02,-2.308338508009910583e-02,2.065074071288108826e-02,-3.605525707826018333e-03,2.435985486954450607e-03,1.075977087020874023e-02,1.159515697509050369e-02,6.499302573502063751e-03,4.607988987118005753e-03,-1.495674997568130493e-02,6.656355224549770355e-03,9.080645395442843437e-04,-1.025853957980871201e-02,-1.184243150055408478e-02,-2.079776860773563385e-02,1.035043154843151569e-03,5.709863035008311272e-04,-1.622653752565383911e-02,-2.526207128539681435e-03,1.895323581993579865e-02,3.400020767003297806e-03,-3.253326937556266785e-02,3.717467479873448610e-04,7.906092330813407898e-03,7.912775501608848572e-03,-4.053292796015739441e-03,-7.692233659327030182e-03,-1.323919650167226791e-02,-4.488361626863479614e-02,-9.874261450022459030e-04,1.061942614614963531e-02,-4.100074060261249542e-03,2.073093689978122711e-02,1.474289130419492722e-02,5.296346731483936310e-03,5.075804889202117920e-03,-6.195222027599811554e-03,2.281606011092662811e-02,-9.931067936122417450e-03,-2.628124086186289787e-03,-5.029023624956607819e-03,-2.070420607924461365e-02,-2.961944416165351868e-02,1.263771858066320419e-02,5.891141481697559357e-03,1.194601878523826599e-03,7.338865543715655804e-04,1.717553474009037018e-02,-3.381224523764103651e-04,-1.023180689662694931e-02,-1.335280854254961014e-02,7.625402882695198059e-03,2.395886927843093872e-03,1.285826042294502258e-02,-4.758358467370271683e-03,3.946362994611263275e-03,-1.480972208082675934e-02,9.409787133336067200e-03,-1.245727483183145523e-02,-6.281057721935212612e-05,-7.259504054673016071e-04,-3.555402625352144241e-03,-9.550131857395172119e-03,-1.732256263494491577e-02,5.918542295694351196e-02,3.638272732496261597e-02,-1.013824343681335449e-02,-1.761661842465400696e-02,2.341753803193569183e-02,-3.777281194925308228e-02,2.047698013484477997e-02,-2.397891879081726074e-02,-2.269576489925384521e-02,3.782627638429403305e-03,8.487521670758724213e-03,-2.363139763474464417e-02,-2.201409079134464264e-02,-1.406121626496315002e-02,2.294972352683544159e-02,2.554192615207284689e-04,-2.910797957156319171e-05,7.371445652097463608e-03,5.473448894917964935e-03,-2.452693134546279907e-02,2.442000247538089752e-02,3.362929821014404297e-02,-1.989262818824499846e-04,5.286322440952062607e-03,-3.212894313037395477e-03,-8.427373133599758148e-03,-8.320444263517856598e-03,1.167535409331321716e-02,-1.383399125188589096e-02,-2.750090556219220161e-03,-8.447422645986080170e-03,-1.043898239731788635e-02,8.367225527763366699e-03,-5.266272928565740585e-03,-4.870634153485298157e-02,-2.820262871682643890e-02,4.631379619240760803e-03,7.418227032758295536e-04,3.293425589799880981e-02,-1.828492805361747742e-02,-9.757308289408683777e-03,5.282312259078025818e-02,-2.437990345060825348e-02,-4.234404116868972778e-02,-1.772688934579491615e-03,-2.365813031792640686e-02,2.181359753012657166e-02,3.702430520206689835e-03,-6.686429027467966080e-03,-7.656312081962823868e-04,3.069208003580570221e-03,1.214985363185405731e-02,3.084913268685340881e-02,9.281137608923017979e-04,1.317236572504043579e-02,-1.826153718866407871e-03,-1.021175738424062729e-02,-1.811116747558116913e-02,-1.591911539435386658e-02,-1.448893360793590546e-02,3.312138095498085022e-02,-1.736266165971755981e-02,1.896660216152667999e-02,2.750758826732635498e-02,1.106050983071327209e-02,2.691947668790817261e-02,4.504401236772537231e-03,2.105172490701079369e-03,-5.226174369454383850e-03,-2.846995368599891663e-02,6.716502830386161804e-03,6.686429027467966080e-03,-7.672184612601995468e-03,1.058601029217243195e-02,1.499684806913137436e-02,1.641366258263587952e-02,1.856561750173568726e-02,1.250405702739953995e-02,-4.350690171122550964e-03,4.333982244133949280e-03,6.039840518496930599e-04,3.765919944271445274e-03,2.836302295327186584e-02,-7.451642770320177078e-03,3.247980494052171707e-03,3.157090395689010620e-02,-1.361344940960407257e-02,2.280603628605604172e-03,-1.520402438472956419e-04,-1.159515697509050369e-02,-1.270454935729503632e-02,2.041015028953552246e-02,1.817799732089042664e-02,3.592159482650458813e-04,2.610413916409015656e-02,3.114318847656250000e-02,2.860361523926258087e-02,-1.503694709390401840e-02,-2.607740834355354309e-02,-1.098031271249055862e-02,1.558496057987213135e-02,1.824482902884483337e-02,-1.638692989945411682e-02,6.622939836233854294e-03,-1.047239825129508972e-02,2.320368029177188873e-02,6.131732836365699768e-03,4.507742356508970261e-03,-2.454029768705368042e-02,1.225009933114051819e-02,-3.766588121652603149e-02,-3.525328589603304863e-03,2.083786763250827789e-02,2.123885229229927063e-02,-1.321246381849050522e-02,-2.285615913569927216e-02,6.599549204111099243e-03,1.613297313451766968e-02,-1.696167699992656708e-02,-9.068950079381465912e-03,3.405701369047164917e-02,-3.055841894820332527e-03,-2.548929676413536072e-02,-5.657233763486146927e-03,-6.193351149559020996e-01,-1.442210283130407333e-02,-2.018292434513568878e-03,-3.366605378687381744e-03,-2.011609263718128204e-03,-5.149318836629390717e-03,1.620648778043687344e-03,2.012945897877216339e-02,-1.811116747558116913e-02,-1.257088780403137207e-02,-1.217658538371324539e-02,2.401901595294475555e-02,-5.129269789904356003e-03,-2.103835903108119965e-02,-1.172881852835416794e-02,-1.218326855450868607e-02,-5.258754245005548000e-04,1.077313721179962158e-02,-1.598928705789148808e-03,4.978899960406124592e-04,-2.118538692593574524e-02,8.855091407895088196e-03,-7.785797119140625000e-03,-1.566515676677227020e-02,1.158847380429506302e-02,9.543448686599731445e-03,4.041931405663490295e-02,-1.791067421436309814e-02,2.249276731163263321e-04,9.904336184263229370e-03,-3.638272732496261597e-02,2.527543716132640839e-02,2.610413916409015656e-02,-1.055927854031324387e-02,3.301445394754409790e-02,-2.023638971149921417e-02,-2.222794853150844574e-02,2.188042923808097839e-02,3.329848404973745346e-03,2.919172681868076324e-02,5.169368349015712738e-03,-2.233487926423549652e-02,1.364018209278583527e-02,1.889643026515841484e-03,-8.875139988958835602e-03,1.490328577347099781e-03,4.614672157913446426e-03,1.533100288361310959e-02,1.370032969862222672e-02,1.282317447476089001e-03,-1.277138013392686844e-02,-4.196979105472564697e-02,-7.966239936649799347e-03,2.730709500610828400e-02,4.454277921468019485e-03,1.161520648747682571e-02,6.020125374197959900e-02,-2.945904992520809174e-02,-1.585228368639945984e-02,-2.245517447590827942e-02,1.044566556811332703e-02,1.208970509469509125e-02,6.713161244988441467e-03,-4.592617601156234741e-02,3.612208878621459007e-03,2.527877921238541603e-03,7.678867783397436142e-03,1.051917951554059982e-02,-7.926141843199729919e-03,-3.241297556087374687e-03,-5.069121718406677246e-03,-1.918046153150498867e-03,4.491034895181655884e-03,-1.720895088510587811e-04,5.202783737331628799e-03,1.186248008161783218e-02,2.202745713293552399e-02,-3.630253300070762634e-02,-1.309885177761316299e-02,1.241049356758594513e-02,1.297980925301089883e-04,-4.688186105340719223e-03,-1.384735759347677231e-02,-1.960817910730838776e-02,3.859483171254396439e-03,-1.245059259235858917e-02,-2.484771981835365295e-02,8.340492844581604004e-03,2.153290808200836182e-02,-1.581218466162681580e-02,7.130854297429323196e-03,9.443202987313270569e-03,2.217448502779006958e-02,1.845868863165378571e-02,1.511714421212673187e-02,-2.161978743970394135e-03,4.507742356508970261e-03,6.379006896167993546e-03,1.259093731641769409e-02,-1.483645476400852203e-02,2.336992183700203896e-04,-3.023428842425346375e-02,3.239960968494415283e-02,-2.300318703055381775e-02,1.950125023722648621e-02,-4.406660809763707221e-05,-1.007141266018152237e-02,-1.218326855450868607e-02,4.028565064072608948e-02,-5.362509563565254211e-02,-5.129269789904356003e-03,-1.354995998553931713e-03,8.040589746087789536e-04,2.417607000097632408e-03,6.328884046524763107e-03,-1.636019907891750336e-02,1.046738587319850922e-03,6.653013639152050018e-03,5.125928204506635666e-03,-3.098279424011707306e-02,1.124763675034046173e-02,5.436691921204328537e-03,-1.351988594979047775e-02,-2.344427071511745453e-02,1.980867236852645874e-02,3.050161153078079224e-02,-7.358079310506582260e-03,-5.252907052636146545e-03,-1.349983643740415573e-02,-1.594584621489048004e-02,-1.392755471169948578e-02,-3.236285177990794182e-03,3.020755574107170105e-02,-7.130854297429323196e-03,4.710240289568901062e-02,2.240170910954475403e-02,1.190926227718591690e-02,-1.292342087253928185e-03,4.287869110703468323e-02,-9.510033763945102692e-03,-3.432433679699897766e-02,-5.643867421895265579e-03,2.671564230695366859e-03,-1.729582995176315308e-02,-7.358079310506582260e-03,-4.870634153485298157e-02,-1.491665188223123550e-02,-2.067747339606285095e-02,-3.721143305301666260e-02,-8.253613486886024475e-03,1.075308769941329956e-02,-3.846116829663515091e-03,-3.595501184463500977e-02,-1.706860587000846863e-02,-3.371617756783962250e-03,-1.972847431898117065e-02,1.372539089061319828e-03,2.098489552736282349e-02,-8.253613486886024475e-03,-2.286952547729015350e-02,1.599931158125400543e-02,9.429836645722389221e-03,-6.552767474204301834e-03,-1.196272671222686768e-02,1.166867092251777649e-02,-2.583013381808996201e-03,1.241717673838138580e-02,-2.341753803193569183e-02,-2.198735717684030533e-03,-2.333734184503555298e-02,-5.804261658340692520e-03,9.342956356704235077e-03,-2.857688255608081818e-02,3.691737726330757141e-02,1.873937807977199554e-02,1.135456562042236328e-02,-8.494203910231590271e-03,-2.510167658329010010e-02,-1.408794894814491272e-02,1.903343386948108673e-02,2.678581513464450836e-02,9.643695317208766937e-03,-3.231941163539886475e-02,-1.260430272668600082e-02,5.510205868631601334e-03,-1.412804704159498215e-02,-2.016955800354480743e-02,5.406617652624845505e-03,-4.085037217009812593e-04,-1.057598623447120190e-03,1.787725952453911304e-03,-6.495960988104343414e-03,2.181359753012657166e-02,5.336445290595293045e-03,9.189245291054248810e-03,7.211051415652036667e-03,3.218574821949005127e-02,1.403448358178138733e-02,8.347176015377044678e-03,2.309675142168998718e-02,-6.061560474336147308e-03,3.045817138627171516e-03,4.956177622079849243e-02,-1.633346639573574066e-02,1.626663468778133392e-02,-1.914036273956298828e-02,5.413300823420286179e-03,-2.138588111847639084e-03,2.081113494932651520e-02,-2.340417355298995972e-02,-8.073169738054275513e-03,-4.555192589759826660e-02,-1.098031271249055862e-02,3.119665198028087616e-02,1.167869544588029385e-03,2.300318703055381775e-02,-1.698840782046318054e-02,2.466059289872646332e-03,1.844532229006290436e-02,-3.886215388774871826e-03,1.645376160740852356e-02,-9.937751106917858124e-03,1.167034148238599300e-03,-5.426667165011167526e-03,-2.908479794859886169e-02,2.265566727146506310e-03,1.654732413589954376e-02,3.729162970557808876e-03,2.443336881697177887e-02,-2.798877097666263580e-02,-6.405739579349756241e-03,-9.369689039885997772e-03,-3.141051158308982849e-02,4.311928153038024902e-02,-4.601305816322565079e-03,1.374042779207229614e-02,-4.831872414797544479e-03,-4.377422388643026352e-03,-1.899333484470844269e-02,-1.804433646611869335e-03,2.214775234460830688e-02,1.444883551448583603e-02,-4.547840915620326996e-03,-1.230356376618146896e-02,-4.377422388643026352e-03,6.208588369190692902e-03,2.516850829124450684e-02,-3.217906691133975983e-03,-1.382062491029500961e-02,3.618891816586256027e-03,1.561169233173131943e-02,-1.314563304185867310e-02,-3.902923315763473511e-02,-1.250405702739953995e-02,1.128773484379053116e-02,-1.787057705223560333e-02,1.551812887191772461e-02,2.163649536669254303e-03,2.173340134322643280e-02,2.908479794859886169e-02,-3.565427148714661598e-03,3.857394622173160315e-04,2.037005126476287842e-02,5.102537572383880615e-03,2.237497642636299133e-02,-2.591367112472653389e-03,-1.995570026338100433e-02,-1.501021441072225571e-02,-9.429836645722389221e-03,-8.340492844581604004e-03,1.563842408359050751e-02,6.746577098965644836e-03,8.313761092722415924e-03,-7.451642770320177078e-03,-1.812453381717205048e-02,4.942143335938453674e-03,-5.092512816190719604e-03,5.907849408686161041e-03,3.814706206321716309e-02,4.952168092131614685e-03,-2.567976480349898338e-03,-2.117202058434486389e-02,1.080655306577682495e-02,8.962020277976989746e-03,-9.169195778667926788e-03,-2.468732558190822601e-02,-4.448262974619865417e-02,-4.928776994347572327e-03,-3.619560226798057556e-02,8.982069790363311768e-03,-2.111855708062648773e-02,1.270454935729503632e-02,-1.132783386856317520e-02,-2.130568400025367737e-02,-1.935422234237194061e-02,-1.853888481855392456e-02,1.503694709390401840e-02,-3.157090395689010620e-02,1.174886804074048996e-02,-1.026522275060415268e-02,-8.667964488267898560e-03,-7.819212041795253754e-03,1.267113443464040756e-02,2.439327072352170944e-03,3.320157900452613831e-02,8.948653936386108398e-03,1.206297311000525951e-03,1.233697962015867233e-02,-1.322583016008138657e-02,-2.729373052716255188e-02,-1.844532229006290436e-02,-1.030532084405422211e-02,-1.162857282906770706e-02,-2.253871178254485130e-03,1.267113443464040756e-02,5.133446538820862770e-04,2.569647273048758507e-03,-3.205208852887153625e-02,2.403238229453563690e-02,4.845238290727138519e-03,-1.827824395149946213e-03,-2.416604384779930115e-02,-1.713543571531772614e-02,3.341543674468994141e-02,7.725649327039718628e-02,1.420824415981769562e-02,-2.887093834578990936e-02,2.277596294879913330e-02,6.622939836233854294e-03,1.768345013260841370e-02,-2.570315450429916382e-02,-1.959481276571750641e-02,6.084951106458902359e-03,-2.460712753236293793e-02,-6.225296296179294586e-03,-1.033873669803142548e-02,1.813790015876293182e-02,-1.590574905276298523e-02,1.398101914674043655e-02,1.883294060826301575e-02,-1.470279227942228317e-02,-1.277138013392686844e-02,1.684137992560863495e-02,-1.629002625122666359e-03,-2.363139763474464417e-02,-7.338865543715655804e-04,1.594584621489048004e-02,5.333103705197572708e-03,7.718966342508792877e-03,-1.124095357954502106e-02,1.331939361989498138e-02,4.873307421803474426e-02,2.530216984450817108e-02,-6.201905198395252228e-03,1.010482851415872574e-02,1.704187318682670593e-02,-3.095940221101045609e-03,-1.442711567506194115e-03,-2.086460031569004059e-02,1.001126505434513092e-02,2.369822934269905090e-02,2.651849202811717987e-02,1.777701266109943390e-02,-2.363139763474464417e-02,9.536765515804290771e-03,8.774894289672374725e-03,2.550266124308109283e-02,-1.390082202851772308e-02,-5.501799478224711493e-06,-5.473448894917964935e-03,3.229602007195353508e-03,-3.156088059768080711e-03,-9.870920330286026001e-03,-2.133241482079029083e-02,3.512630984187126160e-02,-4.573905095458030701e-02,-2.665215358138084412e-02,-3.370949253439903259e-02,-2.423287555575370789e-02,-4.704893566668033600e-03,-8.968703448772430420e-03,-4.093391355127096176e-03,-2.073093689978122711e-02,2.570315450429916382e-02,-2.328387647867202759e-02,-1.857898384332656860e-02,-6.258711684495210648e-03,-7.224417757242918015e-03,-3.694410994648933411e-02,-1.227014884352684021e-02,-1.789730787277221680e-02,-1.891313865780830383e-02,-1.375379413366317749e-02,-1.609287410974502563e-02,-1.348647102713584900e-02,-4.410837776958942413e-03,-1.371369604021310806e-02,2.637146413326263428e-02,2.329724282026290894e-02,6.265394389629364014e-03,2.244180813431739807e-02,-1.491163857281208038e-04,3.839433891698718071e-03,1.374042779207229614e-02,-1.030866289511322975e-03,-2.512841019779443741e-03,-1.819136366248130798e-02,-1.057264488190412521e-02,-8.955337107181549072e-03,2.302991971373558044e-02,5.440033506602048874e-03,-6.158465053886175156e-03,-1.105382665991783142e-02,-7.438276428729295731e-03,-8.380591869354248047e-03,4.290542099624872208e-03,3.926982358098030090e-02,-1.612294930964708328e-03,4.103415645658969879e-03,-2.066744724288582802e-03,-5.125928204506635666e-03,-1.059269346296787262e-02,-4.123465158045291901e-03,-6.088292691856622696e-03,1.786055159755051136e-03,2.041683299466967583e-03,1.748295687139034271e-02,9.850870817899703979e-03,5.140630900859832764e-02,-3.545377869158983231e-03,-1.463596150279045105e-02,2.919172681868076324e-02,3.598842769861221313e-03,1.530427020043134689e-02,2.101162821054458618e-02,-3.165110200643539429e-02,-2.548929676413536072e-02,-2.147944271564483643e-02,-2.266903221607208252e-02,2.237497642636299133e-02,-6.592866033315658569e-03,3.469859063625335693e-02,-1.040556747466325760e-02,-1.986213587224483490e-02,5.563670303672552109e-03,-2.844322100281715393e-02,3.328177705407142639e-02,-1.398101914674043655e-02,-2.172003500163555145e-02,1.519734133034944534e-02,-1.079986989498138428e-02,-2.045024884864687920e-03,1.181569881737232208e-02,1.829829439520835876e-02,-1.891313865780830383e-02,2.224131487309932709e-02,7.358079310506582260e-03,1.029195450246334076e-02,-2.447346597909927368e-02,-2.059727534651756287e-02,-8.166733197867870331e-03,1.168203726410865784e-02,-3.682381240651011467e-03,2.039678394794464111e-02,-3.370949253439903259e-02,1.368696335703134537e-02,-9.122414514422416687e-03,-3.023428842425346375e-02,-4.723606258630752563e-02,-4.274502769112586975e-02,-1.236371230334043503e-02,6.910312455147504807e-03,2.127895131707191467e-02,5.841018632054328918e-03,-1.907353103160858154e-02,1.537110097706317902e-02,-1.523743942379951477e-02,-8.367225527763366699e-03,2.579671889543533325e-02,-4.271829500794410706e-02,2.554610138759016991e-03,1.307211909443140030e-02,4.164900258183479309e-02,4.948158189654350281e-02,3.999159485101699829e-02,1.160184014588594437e-02,1.098699588328599930e-02,1.935422234237194061e-02,-7.418227382004261017e-03,-8.855091407895088196e-03,-1.660078950226306915e-02,5.460082553327083588e-03,-2.657195553183555603e-02,4.867960885167121887e-02,3.146397694945335388e-02,2.421950921416282654e-02,8.246930316090583801e-03,-1.394092105329036713e-02,1.682801358401775360e-02,2.429970726370811462e-02,4.113440401852130890e-03,-1.400775182992219925e-02,-2.222794853150844574e-02,-4.581924900412559509e-02,-2.813579980283975601e-03,3.458497812971472740e-03,2.008936181664466858e-02,-1.197609305381774902e-02,6.606231909245252609e-03,-1.366691384464502335e-02,7.638769224286079407e-03,-9.570181369781494141e-03,4.788432270288467407e-03,1.143476273864507675e-02,1.436863839626312256e-02,-2.975310571491718292e-02,1.094021461904048920e-02,-2.186706289649009705e-02,2.737392671406269073e-02,2.415936207398772240e-03,1.680128276348114014e-02,1.367359701544046402e-02,3.632258158177137375e-03,2.020965702831745148e-02,5.577036645263433456e-03,1.963156973943114281e-03,-1.400775182992219925e-02,-3.445800021290779114e-02,-3.130358085036277771e-02,1.245727483183145523e-02,-1.725573278963565826e-02,4.808481317013502121e-03,-7.531839888542890549e-03,-1.664088852703571320e-02,-2.424624189734458923e-02,-2.241507545113563538e-02,-1.312558352947235107e-02,-2.427297458052635193e-02,8.193464949727058411e-03,8.681330829858779907e-03,-3.459165990352630615e-02,1.404784992337226868e-02,-1.678791642189025879e-02,-1.726909913122653961e-02,2.081113494932651520e-02,1.192931085824966431e-02,2.817589789628982544e-02,-1.702850684523582458e-02,-5.250400863587856293e-04,1.455576438456773758e-02,1.206297311000525951e-03,-2.407248131930828094e-02,-2.621441148221492767e-03,3.461839398369193077e-03,1.324922079220414162e-03,6.228637415915727615e-03,4.007179290056228638e-02,-5.434185732156038284e-04,1.460922975093126297e-02,6.258711684495210648e-03,-1.650722580961883068e-03,-1.986213587224483490e-02,-3.782627731561660767e-02,-4.357372876256704330e-03,2.099826186895370483e-02,9.282808750867843628e-03,-6.673063151538372040e-03,-9.590230882167816162e-03,6.044852547347545624e-03,-2.208092063665390015e-02,-2.200072444975376129e-02,-2.798542845994234085e-03,-1.910026371479034424e-02,-2.385862171649932861e-02,-1.343300566077232361e-02,7.585304323583841324e-03,-5.613793432712554932e-02,2.024975605309009552e-02,1.559832599014043808e-02,-5.079146474599838257e-02,1.310553494840860367e-02,1.734261168166995049e-03,-2.157300710678100586e-02,2.317694760859012604e-02,-3.523323684930801392e-02,1.963491179049015045e-02,-1.080655306577682495e-02,-4.043268039822578430e-03,2.642492763698101044e-02,2.226804755628108978e-02,-2.399228513240814209e-02,1.393423764966428280e-03,-1.491665188223123550e-02,2.677244879305362701e-02,-1.597257889807224274e-02,-6.315517704933881760e-03,-5.062439013272523880e-03,3.846785053610801697e-02,-3.475205507129430771e-03,-6.656355224549770355e-03,1.161520648747682571e-02,-1.407458260655403137e-02,-2.701303921639919281e-02,-5.847701802849769592e-03,-1.747627393342554569e-03,-1.069962326437234879e-02,-2.590364776551723480e-02,4.517767112702131271e-03,-6.058218888938426971e-03,-2.865707874298095703e-02,8.066486567258834839e-03,3.608867293223738670e-03,1.725573278963565826e-02,-3.929655626416206360e-02,-4.595290869474411011e-02,-1.918046176433563232e-02,-2.415267936885356903e-02,1.067289058119058609e-02,1.327929459512233734e-02,-2.077103592455387115e-02,9.349639527499675751e-03,3.028775379061698914e-02,-2.079776860773563385e-02,2.663878723978996277e-02,-1.404784992337226868e-02,-1.309885177761316299e-02,-3.301445394754409790e-02,1.075977087020874023e-02,1.094021461904048920e-02,-1.329934410750865936e-02,3.162436932325363159e-02,-3.715796768665313721e-02,-2.471405826508998871e-02,-1.884630648419260979e-03,-5.496839527040719986e-03,2.679918147623538971e-02,2.482098713517189026e-02,-2.504821307957172394e-02,-3.638941096141934395e-03,-1.047239825129508972e-02,1.096861786209046841e-03,-1.138129830360412598e-02,-3.264020010828971863e-02,2.924519032239913940e-02,-1.360676623880863190e-02,1.924729160964488983e-02,3.777281194925308228e-02,-2.208092063665390015e-02,1.891313819214701653e-03,1.491665188223123550e-02,5.145977251231670380e-03,2.304328605532646179e-02,-2.526207081973552704e-02,-1.944778487086296082e-02,2.451356500387191772e-02,-3.030780237168073654e-03,-1.463596150279045105e-02,-8.434056304395198822e-03,-4.818506073206663132e-03,-4.046609625220298767e-03,3.772602882236242294e-03,6.432471796870231628e-03,5.216150078922510147e-03,-5.393251776695251465e-03,1.051249634474515915e-02,3.022426273673772812e-03,9.984532371163368225e-03,1.291840802878141403e-02,-2.648173365741968155e-03,8.407324552536010742e-03,2.123885229229927063e-02,-2.405911497771739960e-02,-4.063317179679870605e-02,-3.493918105959892273e-02,-7.598670665174722672e-03,1.724236644804477692e-02,1.210975460708141327e-02,-3.440453484654426575e-02,-1.414141338318586349e-02,3.131026634946465492e-03,-5.897156521677970886e-02,-7.979606278240680695e-03,3.131026634946465492e-03,-1.983540318906307220e-02,1.918046176433563232e-02,1.686811260879039764e-02,2.034331858158111572e-02,2.734719403088092804e-02,6.158465053886175156e-03,3.552478738129138947e-04,-1.812453381717205048e-02,-2.010272815823554993e-02,1.478298939764499664e-02,-3.368275985121726990e-02,7.057340350002050400e-03,4.310591612011194229e-03,-3.320157900452613831e-02,-7.518473546952009201e-03,1.383399125188589096e-02,-3.085915697738528252e-03,1.208302192389965057e-02,3.408374637365341187e-02,-2.031658543273806572e-03,-1.083328481763601303e-02,-1.438200473785400391e-02,-1.439369982108473778e-03,-1.038384740240871906e-03,-1.837849058210849762e-02,-2.150617539882659912e-02,-1.553149521350860596e-02,-4.473491862881928682e-04,9.670428000390529633e-03,1.358003355562686920e-02,-3.718470036983489990e-02,1.621317118406295776e-02,7.371445652097463608e-03,-1.186916325241327286e-02,-1.046571508049964905e-02,1.233029644936323166e-02,-6.773309316486120224e-03,5.202783737331628799e-03,-2.365813031792640686e-02,2.146607637405395508e-02,1.362681575119495392e-02,-1.221000123769044876e-02,-4.618013743311166763e-03,-1.331271044909954071e-02,-1.799087226390838623e-02,-8.614500053226947784e-03,1.283821091055870056e-02,-1.307880226522684097e-02,-3.288079053163528442e-02,5.516888573765754700e-03,-8.113268762826919556e-03,7.792480289936065674e-03,-2.972637303173542023e-02,2.785176737233996391e-03,-3.119665198028087616e-02,-1.314897439442574978e-03,4.059975501149892807e-03,-1.191594544798135757e-02,-3.758568316698074341e-02,4.691527411341667175e-02,1.932748965919017792e-02,-7.384811993688344955e-03,-2.201409079134464264e-02,-7.799162995070219040e-03,-2.364476397633552551e-02,-1.107387617230415344e-02,-6.646330468356609344e-03,-2.201409079134464264e-02,-1.269786618649959564e-02,-2.876400947570800781e-02,-1.480972208082675934e-02,-1.785721071064472198e-02,-3.333524242043495178e-02,-7.238619145937263966e-04,1.339959073811769485e-02,-1.102709490805864334e-02,-1.317904889583587646e-02,1.922590583562850952e-01,3.953046165406703949e-03,3.152746474370360374e-03,1.726909913122653961e-02,1.474289130419492722e-02,1.214317046105861664e-02,2.385862171649932861e-02,1.019839197397232056e-02,7.899409160017967224e-03,1.055927854031324387e-02,-3.763914853334426880e-02,7.961228257045149803e-04,-2.735053654760122299e-03,-3.661078808363527060e-04,1.407458260655403137e-02,-6.495960801839828491e-02,-1.190926227718591690e-02,-7.906092330813407898e-03,-2.587691508233547211e-02,-1.531763654202222824e-02,2.071757055819034576e-02,-8.794942870736122131e-03,-1.035210303962230682e-02,-2.544919773936271667e-02,2.777491137385368347e-02,9.028851054608821869e-03,-2.345763845369219780e-03,1.633346639573574066e-02,1.117412280291318893e-02,3.142721951007843018e-03,-1.526417210698127747e-02,-4.887007526122033596e-04,1.892650313675403595e-02,-1.011151168495416641e-02,6.004753988236188889e-03,-1.448893360793590546e-02,1.018502563238143921e-02,-1.742949150502681732e-02,1.466269418597221375e-02,1.318573206663131714e-02,-3.538694931194186211e-03,-1.126768533140420914e-02,-1.491665188223123550e-02,2.085123397409915924e-02,2.967290813103318214e-03,1.796413958072662354e-02,6.988003151491284370e-04,2.663210500031709671e-03,9.289491572417318821e-04,1.262435223907232285e-02,-2.654522471129894257e-02,1.824482926167547703e-03,4.199652373790740967e-02,2.471405826508998871e-02,8.975386619567871094e-03,9.195928461849689484e-03,3.004047786816954613e-03,4.768382757902145386e-03,1.578545197844505310e-02,-6.686429027467966080e-03,-4.718259908258914948e-03,7.632086053490638733e-03,-1.430180761963129044e-02,1.737602800130844116e-02,-1.582555100321769714e-02,-1.129441801458597183e-02,-4.204998537898063660e-02,2.026312239468097687e-02,-6.572816520929336548e-03,-1.587901636958122253e-02,-8.935288526117801666e-03,-2.089133113622665405e-02,-3.459165990352630615e-02,4.196979105472564697e-03,7.404861040413379669e-03,-5.994729697704315186e-03,3.480552136898040771e-02,-1.876276801340281963e-03,8.333810605108737946e-03,3.535353345796465874e-03,3.846785053610801697e-02,-3.635599743574857712e-03,1.183574832975864410e-02,6.673063151538372040e-03,-5.399934947490692139e-03,-1.664088852703571320e-02,2.471405826508998871e-02,5.072463303804397583e-03,-2.796203829348087311e-02,1.047239825129508972e-02,3.973095677793025970e-03,-1.200282573699951172e-02,-1.804433576762676239e-02,-3.689064411446452141e-03,-9.363005869090557098e-03,1.234366279095411301e-02,-4.988925065845251083e-03,2.384525723755359650e-02,-6.759942974895238876e-03,1.962154544889926910e-02,-7.979606278240680695e-03,-5.609616637229919434e-04,1.308548543602228165e-02,9.663744829595088959e-03,-1.738939434289932251e-02,-5.329762119799852371e-03,1.964827813208103180e-02,2.669225260615348816e-02,1.024517323821783066e-02,-7.992972619831562042e-03,2.131904847919940948e-02,-1.927402429282665253e-02,8.567717857658863068e-03,-1.323919650167226791e-02,2.372496016323566437e-02,-1.866252161562442780e-03,-2.355788310524076223e-04,-3.686391189694404602e-02,3.365602716803550720e-02,2.838975563645362854e-02,4.380763974040746689e-03,-9.229344315826892853e-03,-1.539783366024494171e-02,2.467395924031734467e-02,-8.416513446718454361e-04,-4.694868810474872589e-03,-1.809780113399028778e-02,4.958850797265768051e-03,2.873727679252624512e-02,-2.165320329368114471e-02,2.037005126476287842e-02,1.815126650035381317e-02,1.402111817151308060e-02,3.231272799894213676e-03,1.875274442136287689e-02,-3.906264901161193848e-03,-4.340665414929389954e-03,-2.635809779167175293e-02,-1.533100288361310959e-02,-8.414006792008876801e-03,5.770846270024776459e-03,8.627866394817829132e-03,2.208092063665390015e-02,1.096694637089967728e-02,-1.402613008394837379e-03,2.897118451073765755e-03,2.061064168810844421e-02,-2.099826186895370483e-02,1.053922902792692184e-02,-3.595501184463500977e-02,-3.983120247721672058e-02,-8.046437054872512817e-03,7.632086053490638733e-03,-2.343090437352657318e-02,9.917701594531536102e-03,-1.804433576762676239e-02,-6.552767474204301834e-03,-3.052834421396255493e-02,-1.647798781050369143e-04,1.717553474009037018e-02,-3.272039815783500671e-02,1.466269418597221375e-02,2.221458218991756439e-02,-2.777491137385368347e-02,-1.551812887191772461e-02,-1.645710319280624390e-03,-1.690553873777389526e-01,2.887093834578990936e-02,2.677244879305362701e-02,9.857553988695144653e-03,1.526417210698127747e-02,8.681330829858779907e-03,3.229267895221710205e-02,-3.712455043569207191e-03,-1.399438548833131790e-02,1.906016655266284943e-02,3.793320432305335999e-02,-1.428844127804040909e-02,-1.622653752565383911e-02,-1.023849006742238998e-02,-1.306543592363595963e-02,2.242844179272651672e-02,-1.835175789892673492e-02,8.467472158372402191e-03,3.520650416612625122e-02,2.524870447814464569e-02,7.398177869617938995e-03,-3.691737726330757141e-02,2.506157848984003067e-03,6.111683789640665054e-03,1.776364631950855255e-02,1.652059331536293030e-02,-4.006511066108942032e-03,7.023924961686134338e-03,-7.572773611173033714e-04,-2.927192300558090210e-02,-1.099367905408143997e-02,1.728246361017227173e-02,3.341543674468994141e-02,-2.081113494932651520e-02,6.856848020106554031e-03,-7.678867783397436142e-03,-1.134119927883148193e-02,1.193599402904510498e-02,8.347176015377044678e-03,2.745078178122639656e-03,3.264020010828971863e-02,2.978986361995339394e-03,1.685474626719951630e-02,7.892725989222526550e-03,-1.356457942165434361e-04,5.327757447957992554e-02,2.142597921192646027e-02,-1.432853937149047852e-02,1.920719444751739502e-02,-2.240170910954475403e-02,7.859311066567897797e-03,-3.755895048379898071e-02,-2.992352470755577087e-03,2.006597118452191353e-03,1.847205497324466705e-02,7.237783633172512054e-03,-4.554524086415767670e-03,-3.099281748291105032e-04,-5.276297684758901596e-03,6.779992487281560898e-03,6.415763869881629944e-03,-5.663916934281587601e-03,1.932748965919017792e-02,-8.480838499963283539e-03,1.180901564657688141e-02,-2.233822131529450417e-03,-9.536765515804290771e-03,1.229688152670860291e-02,-6.800041534006595612e-03,3.370949253439903259e-02,-2.809569984674453735e-02,-3.346890211105346680e-02,2.026312239468097687e-02,-2.389872074127197266e-02,1.121422089636325836e-02,1.892650313675403595e-02,1.305875275284051895e-02,1.166198775172233582e-02,2.421950921416282654e-02,2.077103592455387115e-02,-1.979530602693557739e-02,3.050161153078079224e-02,-2.278932929039001465e-02,-1.971510797739028931e-02,8.273662067949771881e-03,1.043230015784502029e-02,-3.582134842872619629e-02,-1.599931158125400543e-02,7.144220639020204544e-03,-4.037002508994191885e-04,1.060104812495410442e-03,-1.668098568916320801e-02,-2.361803129315376282e-02,-2.999369613826274872e-02,1.601267792284488678e-02,1.706860587000846863e-02,1.106719300150871277e-02,-1.873937807977199554e-02,2.007599547505378723e-02,-2.520860545337200165e-02,2.166991122066974640e-03,-1.664088806137442589e-03,-2.494128234684467316e-02,-2.399228513240814209e-02,3.322831168770790100e-02,3.084913268685340881e-02,2.693284302949905396e-02,2.151954174041748047e-02,2.159973978996276855e-02,-3.129355842247605324e-03,-6.298810243606567383e-03,-1.460922975093126297e-02,2.705313824117183685e-02,1.887303963303565979e-02,-7.471691817045211792e-03,2.780164405703544617e-02,1.356666791252791882e-03,-4.928776994347572327e-03,-5.487441376317292452e-05,-8.774894289672374725e-03,6.784670799970626831e-02,1.402111817151308060e-02,-9.489984251558780670e-03,-2.051707822829484940e-03,-4.309254884719848633e-02,-2.436653710901737213e-02,-8.864447474479675293e-02,-8.078181999735534191e-04,3.603520989418029785e-02,1.434190571308135986e-02,1.079986989498138428e-02,1.118748821318149567e-02,4.070000257343053818e-03,1.570525579154491425e-02,-1.243054307997226715e-02,2.881747297942638397e-02,-2.968961605802178383e-03,-2.151954220607876778e-03,-1.817799871787428856e-03,-2.015619166195392609e-02,-2.902130829170346260e-03,-1.271457411348819733e-03,1.297187339514493942e-02,-2.433980442583560944e-02,-1.960817910730838776e-02,1.379222143441438675e-03,-2.153290808200836182e-02,1.129441801458597183e-02,6.342249922454357147e-03,-3.018082305788993835e-02,1.722900010645389557e-02,1.353993546217679977e-02,-2.697294205427169800e-02,8.407324552536010742e-03,1.706860587000846863e-02,1.240381039679050446e-02,9.864237159490585327e-03,9.763990528881549835e-03,-3.331101470394060016e-05,-1.633346639573574066e-02,2.492791740223765373e-03,1.511213136836886406e-03,-1.959481276571750641e-02,-9.262759238481521606e-03,2.857688255608081818e-02,-3.352236747741699219e-02,-8.567717857658863068e-03,1.038551796227693558e-02,-1.750968955457210541e-02,-1.507704518735408783e-02,1.067957375198602676e-02,-1.864581485278904438e-03,-1.037883479148149490e-02,-6.415764219127595425e-04,2.710660360753536224e-02,-7.177636027336120605e-03,-1.147486176341772079e-02,1.074640452861785889e-02,-1.291172485798597336e-02,-3.991140052676200867e-02,3.010062687098979950e-02,-1.701514050364494324e-02,9.236027486622333527e-03,1.261098589748144150e-02,-4.376085847616195679e-02,9.483301080763339996e-03,5.663916934281587601e-03,1.249069068580865860e-02,-3.222501254640519619e-04,1.893986947834491730e-02,1.276469696313142776e-02,4.902044776827096939e-03,-8.400641381740570068e-03,-1.621317118406295776e-02,2.339080721139907837e-02,-1.330602727830410004e-02,3.630253300070762634e-02,7.003875914961099625e-03,-2.061064168810844421e-02,3.737182542681694031e-02,-2.884420566260814667e-02,-2.841648831963539124e-02,-2.097152918577194214e-02,-1.958144642412662506e-02,3.983120247721672058e-02,-3.477878868579864502e-02,-1.934085600078105927e-02,-1.947451755404472351e-02,9.503350593149662018e-03,-1.457748468965291977e-03,2.698630839586257935e-02,-2.716006711125373840e-02,6.830115336924791336e-03,-1.105215633288025856e-03,8.708063513040542603e-03,2.654856536537408829e-03,1.816463284194469452e-02,1.872601173818111420e-02,-6.131732952781021595e-04,-2.703977189958095551e-02,-9.282808750867843628e-03,1.766005880199372768e-03,-4.203662276268005371e-03,4.945484921336174011e-03,-1.734929531812667847e-02,1.710870489478111267e-02,-2.262225141748785973e-03,-2.568978816270828247e-02,-5.418647453188896179e-02,3.100952692329883575e-02,-1.349983643740415573e-02,-9.663744829595088959e-03,1.366023067384958267e-02,-2.039678394794464111e-02,5.152660422027111053e-03,-1.829829439520835876e-02,-6.439154967665672302e-03,6.305492948740720749e-03,-9.376372210681438446e-03,2.677244879305362701e-02,-1.819470548070967197e-03,8.990841160994023085e-05,1.514554722234606743e-03,9.162512607872486115e-03,-1.482308842241764069e-02,8.307077921926975250e-03,1.400775182992219925e-02,-7.865994237363338470e-03,-3.319823648780584335e-03,2.180023118853569031e-02,1.349983736872673035e-03,4.400144889950752258e-02,-2.328387647867202759e-02,2.379179187119007111e-02,1.431517396122217178e-02,1.888640597462654114e-02,2.138588018715381622e-02,-7.531839888542890549e-03,7.886043749749660492e-03,-1.384234521538019180e-03,8.955337107181549072e-03,1.183574832975864410e-02,4.460961092263460159e-03,-3.092932887375354767e-02,1.143476273864507675e-02,2.407248131930828094e-02,-1.665425486862659454e-02,4.365392774343490601e-02,6.445838138461112976e-03,-2.448683232069015503e-02,-4.156880546361207962e-03,1.746959052979946136e-02,-4.320615902543067932e-03,-1.873937807977199554e-02,-8.073169738054275513e-03,2.053044550120830536e-02,2.337744086980819702e-02,-1.043230015784502029e-02,-4.770053783431649208e-04,2.229478023946285248e-02,8.821675553917884827e-03,-1.661415584385395050e-02,4.036584869027137756e-03,1.869176048785448074e-04,2.686601132154464722e-02,-1.178896613419055939e-02,1.606614328920841217e-02,-3.929655626416206360e-02,1.061274297535419464e-02,3.027438651770353317e-03,-8.701380342245101929e-03,-7.378128822892904282e-03,3.615550464019179344e-03,-1.824482902884483337e-02,-4.506907134782522917e-04,1.637356542050838470e-02,1.565179042518138885e-02,7.411544211208820343e-03,-1.654732413589954376e-02,-3.782627638429403305e-03,2.919172681868076324e-02,7.364762481302022934e-03,-6.896946579217910767e-03,-8.567717857658863068e-03,-1.419487781822681427e-02,1.257088780403137207e-02,-2.945904992520809174e-02,1.618977985344827175e-03,2.166656963527202606e-02,-1.319909817539155483e-03,-1.257255789823830128e-04,3.949704580008983612e-03,1.915372908115386963e-02,-8.701380342245101929e-03,1.083328481763601303e-02,-2.071757055819034576e-02,2.964617684483528137e-02,7.204368244856595993e-03,3.047487884759902954e-02,1.976857334375381470e-02,9.229344315826892853e-03,-1.003799773752689362e-02,-4.821847658604383469e-03,3.709113691002130508e-03,2.511170227080583572e-03,1.055259536951780319e-02,2.991349995136260986e-02,2.606404200196266174e-02,-2.579671889543533325e-02,-2.046695677563548088e-03,9.837504476308822632e-03,-1.182071166113018990e-03,-2.142597921192646027e-02,3.956387750804424286e-03,-1.670771837234497070e-02,-3.846785053610801697e-02,-1.750968955457210541e-02,1.542456634342670441e-02,-1.096026320010423660e-02,3.969754092395305634e-03,3.884210437536239624e-02,6.348933093249797821e-03,2.756773727014660835e-03,2.881747297942638397e-02,-5.416642408818006516e-03,2.638483047485351562e-02,-1.569188944995403290e-02,2.598384395241737366e-02,2.125221863389015198e-02,-6.245345342904329300e-03,7.645452395081520081e-03,-1.451566629111766815e-02,1.611960679292678833e-02,7.277882192283868790e-03,2.295640530064702034e-03,-1.034541986882686615e-02,5.483473185449838638e-03,8.594450540840625763e-03,1.835175789892673492e-02,-3.612208878621459007e-03,-2.058390900492668152e-02,-1.816463284194469452e-02,5.770846270024776459e-03,1.454239897429943085e-02,1.801760494709014893e-02,3.777281194925308228e-02,5.854384507983922958e-03,5.656565353274345398e-02,2.504821307957172394e-02,-1.159515697509050369e-02,-4.410837718751281500e-04,2.613087184727191925e-02,1.415477972477674484e-02,-8.353859186172485352e-03,1.285157725214958191e-02,-2.813579980283975601e-03,-4.186954349279403687e-03,1.968837529420852661e-02,1.843195594847202301e-02,2.777491137385368347e-02,5.419983994215726852e-03,-2.432643808424472809e-02,5.988046526908874512e-03,-3.410045523196458817e-03,6.542742718011140823e-03,-1.877947594039142132e-03,1.288499310612678528e-02,3.285405784845352173e-02,6.502644158899784088e-03,6.632964359596371651e-04,-3.889556974172592163e-03,-2.956597879528999329e-02,-1.803096942603588104e-02,3.897576779127120972e-02,-2.252200432121753693e-02,6.676404271274805069e-03,-2.508831024169921875e-02,1.629336737096309662e-02,-1.737602800130844116e-02,-2.820262871682643890e-02,-3.977773711085319519e-02,-5.718216998502612114e-04,-2.268239855766296387e-02,-2.555612660944461823e-02,2.601391868665814400e-03,6.051535718142986298e-03,-4.233736079186201096e-03,-1.935422234237194061e-02,1.410131459124386311e-03,-7.999655790627002716e-03,-2.658532187342643738e-02,4.218364879488945007e-02,-2.129231765866279602e-02,-1.708364288788288832e-04,-5.079146474599838257e-03,-1.791067421436309814e-02
-5.523775704205036163e-03,-3.752245102077722549e-03,-2.374242991209030151e-02,6.824641022831201553e-03,-6.033662706613540649e-03,3.668571263551712036e-02,-1.005392521619796753e-02,-1.171432621777057648e-02,1.687856577336788177e-02,-1.648634485900402069e-02,1.057688612490892410e-02,-2.345153130590915680e-03,1.188428886234760284e-02,-4.291548859328031540e-03,5.928252940066158772e-04,-1.320476550608873367e-02,2.244810014963150024e-02,-3.804541192948818207e-03,9.452519938349723816e-03,-1.822519116103649139e-02,-2.166366018354892731e-02,3.435200080275535583e-03,1.697008498013019562e-02,-1.923189125955104828e-02,-1.058178953826427460e-03,1.071416307240724564e-02,1.478672213852405548e-02,-1.350546814501285553e-02,-1.895733643323183060e-03,-1.224382407963275909e-02,8.543875068426132202e-03,-8.530801162123680115e-03,-1.529660914093255997e-02,-6.085958797484636307e-03,-3.281580284237861633e-02,1.859126426279544830e-02,8.968780748546123505e-03,1.389115117490291595e-03,1.949337124824523926e-02,9.184502996504306793e-03,1.232226844877004623e-02,-1.384539250284433365e-02,-1.504820305854082108e-02,1.138093881309032440e-02,-8.890337310731410980e-03,5.935607478022575378e-03,-3.149205818772315979e-03,-1.038077566772699356e-02,-3.250202536582946777e-02,6.318022496998310089e-03,1.664323359727859497e-02,3.768587717786431313e-03,3.781661624088883400e-03,5.546655040234327316e-03,-1.050497870892286301e-02,8.085467270575463772e-04,2.408889122307300568e-03,-1.023696176707744598e-02,-2.027781307697296143e-02,7.033825386315584183e-03,-2.080608537653461099e-04,5.729691591113805771e-03,-9.883962571620941162e-03,6.514132954180240631e-03,-1.077299658209085464e-02,-7.680989801883697510e-03,-7.864026352763175964e-03,4.546492360532283783e-03,-3.106388263404369354e-02,-8.694226853549480438e-03,4.693574830889701843e-02,4.492235183715820312e-02,-1.544042397290468216e-02,-3.111617872491478920e-03,2.189899235963821411e-02,-2.826604247093200684e-02,8.877263404428958893e-03,-3.027944266796112061e-02,-2.549434825778007507e-02,2.990683307871222496e-03,5.105406977236270905e-03,-1.835593022406101227e-02,-2.732471190392971039e-02,-8.576560765504837036e-03,1.595031097531318665e-02,-3.464616602286696434e-03,6.546818185597658157e-03,2.485372126102447510e-02,-3.735902719199657440e-03,-2.657949365675449371e-02,1.367542985826730728e-02,4.842618852853775024e-02,-2.418694552034139633e-03,-7.347601931542158127e-03,-6.810749764554202557e-04,-1.159666012972593307e-02,-2.456609345972537994e-02,1.430298294872045517e-02,8.302005939185619354e-03,-3.278965502977371216e-02,-9.857814759016036987e-03,-5.530312657356262207e-03,-5.226341541856527328e-03,-5.899653770029544830e-03,-1.121751312166452408e-02,-3.940511122345924377e-02,4.281742963939905167e-03,9.086447767913341522e-03,3.307728469371795654e-02,-1.295635849237442017e-02,1.425068732351064682e-02,3.770548850297927856e-02,-2.395161427557468414e-02,-5.064877122640609741e-02,-1.813367195427417755e-02,-3.509068489074707031e-02,1.621179096400737762e-02,2.770059043541550636e-03,1.553194131702184677e-02,-2.474913001060485840e-02,-5.304785445332527161e-03,9.812056086957454681e-03,-6.138254888355731964e-03,-1.332733430899679661e-03,6.288606207817792892e-03,1.813367195427417755e-02,-1.869585551321506500e-02,-3.409052034839987755e-03,-2.421963028609752655e-03,-7.890174165368080139e-03,9.674778208136558533e-03,-1.198888104408979416e-02,2.813530154526233673e-02,2.359861508011817932e-02,3.245626809075474739e-03,3.339105844497680664e-02,1.143323443830013275e-02,-1.415916904807090759e-02,-1.075338572263717651e-02,-3.179603070020675659e-02,1.070108916610479355e-02,1.527046132832765579e-02,-1.878737471997737885e-02,-1.388297998346388340e-03,5.072721745818853378e-03,1.700930669903755188e-02,-8.720374666154384613e-03,1.976792514324188232e-02,-1.192351058125495911e-02,-1.130903139710426331e-02,5.553191993385553360e-03,-1.812059804797172546e-02,2.031703479588031769e-02,-1.549271959811449051e-02,-2.602548047434538603e-04,2.306257933378219604e-02,-1.314593199640512466e-02,7.445657160133123398e-03,-1.593723706901073456e-02,-2.023859135806560516e-02,-7.870563305914402008e-03,1.965025998651981354e-02,2.257884107530117035e-02,1.217845454812049866e-02,2.905048429965972900e-02,2.763848938047885895e-02,1.132864225655794144e-02,-1.440757513046264648e-02,-2.395161427557468414e-02,-3.051477484405040741e-02,2.150677144527435303e-02,8.674615994095802307e-03,-2.222584187984466553e-02,1.838207989931106567e-02,-2.046084962785243988e-02,3.127306699752807617e-02,2.369013242423534393e-02,-1.877756789326667786e-03,-2.748160064220428467e-02,-1.447948277927935123e-03,-1.401535514742136002e-02,-8.694226853549480438e-03,1.592416316270828247e-02,2.503675781190395355e-02,-6.831177975982427597e-03,-2.397776208817958832e-02,-7.386824116110801697e-03,1.557116396725177765e-02,-1.978099904954433441e-02,-2.321946807205677032e-02,2.868441119790077209e-02,-4.307891242206096649e-03,-1.655171625316143036e-02,-1.024349872022867203e-02,-6.367573142051696777e-01,-2.571660652756690979e-02,-3.273409092798829079e-03,-9.740148670971393585e-03,9.805519133806228638e-03,6.481447722762823105e-03,-1.655498403124511242e-03,8.962243795394897461e-03,-2.841557725332677364e-04,-1.259028632193803787e-02,-2.403005771338939667e-02,2.776922844350337982e-02,-7.857489399611949921e-03,-1.542734913527965546e-02,-1.980714872479438782e-02,-1.245300844311714172e-02,1.863048528321087360e-03,-4.523612558841705322e-03,1.462983433157205582e-02,1.448601949959993362e-02,-1.540120132267475128e-02,-4.624936264008283615e-03,-7.399898022413253784e-03,-9.426372125744819641e-03,2.915507555007934570e-02,4.673963878303766251e-03,9.472130797803401947e-03,2.204607473686337471e-03,-5.569534841924905777e-03,3.216210007667541504e-02,-2.519364655017852783e-02,2.897203899919986725e-02,1.223075017333030701e-02,5.955218337476253510e-03,3.969274088740348816e-02,-1.215884368866682053e-02,-1.232880540192127228e-02,3.378327935934066772e-02,8.968780748546123505e-03,3.190062195062637329e-02,-1.256413850933313370e-02,-4.871381819248199463e-02,9.707463905215263367e-03,1.670206664130091667e-03,5.336857793736271560e-05,2.017321996390819550e-02,3.048862703144550323e-02,1.049844175577163696e-02,9.517890401184558868e-03,-9.243335574865341187e-03,-7.589471526443958282e-03,-3.495994210243225098e-02,-2.538975700736045837e-02,9.459056891500949860e-03,-6.626896210946142673e-04,-3.811078378930687904e-03,4.068636521697044373e-02,-1.750611886382102966e-02,2.064061816781759262e-03,-1.042653457261621952e-03,-3.182707878295332193e-04,1.079260744154453278e-02,-2.618073485791683197e-03,-2.082692272961139679e-02,-1.852589286863803864e-02,-1.261643366888165474e-03,-3.735902719199657440e-03,1.651249453425407410e-02,-2.049353439360857010e-03,-1.370321260765194893e-03,8.243172429502010345e-03,5.013888701796531677e-03,-3.281580284237861633e-03,4.160808399319648743e-03,-1.645692856982350349e-03,7.099195383489131927e-03,2.515442483127117157e-02,-1.402842905372381210e-02,-9.321779944002628326e-03,1.854877336882054806e-03,3.196599194779992104e-03,4.788361489772796631e-03,-2.603038400411605835e-02,-1.333550550043582916e-02,2.498446218669414520e-02,-1.376694813370704651e-02,-3.158684447407722473e-02,6.291874684393405914e-03,1.958488859236240387e-02,-3.477690741419792175e-02,1.848667114973068237e-02,4.412483423948287964e-03,2.293184027075767517e-02,1.233043964020907879e-03,1.736230589449405670e-02,6.550086662173271179e-03,1.061610877513885498e-02,2.493216656148433685e-02,1.925803907215595245e-02,-1.646019704639911652e-02,1.321293646469712257e-03,-3.088084794580936432e-02,2.695863880217075348e-02,-1.869585551321506500e-02,1.091681071557104588e-03,-3.245626809075474739e-03,-4.530149511992931366e-03,-6.746197119355201721e-03,3.208365663886070251e-02,-4.092169925570487976e-02,-1.807483960874378681e-03,-4.507270175963640213e-03,4.670695401728153229e-03,-1.178623363375663757e-02,-1.094949617981910706e-02,-2.083999663591384888e-02,-9.151817299425601959e-03,3.245626809075474739e-03,2.451379783451557159e-02,-2.542897872626781464e-02,1.096257008612155914e-02,-3.309362567961215973e-03,-8.386987261474132538e-03,-2.111455053091049194e-02,2.204280532896518707e-02,4.003266617655754089e-02,-1.174047403037548065e-02,-9.615945629775524139e-03,-1.690471358597278595e-02,-2.000325918197631836e-02,-7.223398890346288681e-03,-3.323662385810166597e-04,1.554501615464687347e-02,-4.458242561668157578e-03,1.968948170542716980e-02,3.733941540122032166e-02,5.023694131523370743e-03,6.416077725589275360e-03,3.778393194079399109e-02,-9.459056891500949860e-03,-2.352017164230346680e-02,3.028271021321415901e-03,-5.697006359696388245e-03,-1.415916904807090759e-02,-2.460531517863273621e-02,-4.005881398916244507e-02,-2.784767374396324158e-02,-2.388624288141727448e-02,-3.122077137231826782e-02,-1.600260660052299500e-02,4.794898908585309982e-03,-1.626408658921718597e-02,-3.637193888425827026e-02,-4.968129564076662064e-03,5.481285043060779572e-03,-6.811567116528749466e-03,1.716619543731212616e-02,6.713511887937784195e-03,4.925638902932405472e-03,-2.044777572154998779e-02,1.525738742202520370e-02,1.045104931108653545e-03,-1.597645878791809082e-02,-2.252654545009136200e-02,8.511190302670001984e-03,-1.236802805215120316e-02,2.732471190392971039e-02,1.075338572263717651e-03,-2.817452419549226761e-03,4.118317738175392151e-03,-5.023694131523370743e-03,1.455302466638386250e-03,-2.800456248223781586e-02,3.448927775025367737e-02,8.530801162123680115e-03,9.733611717820167542e-03,-1.537505351006984711e-02,-2.897203899919986725e-02,-8.249709382653236389e-03,1.915344595909118652e-02,7.942469790577888489e-03,1.069455221295356750e-02,-2.800456248223781586e-02,-1.558423787355422974e-02,1.046575699001550674e-02,4.334039520472288132e-03,-1.472135260701179504e-02,1.886581815779209137e-02,-4.490110441111028194e-04,1.821211725473403931e-02,2.557606203481554985e-03,5.360350478440523148e-03,3.194964956492185593e-03,-1.851608743891119957e-03,2.600505249574780464e-04,1.346624549478292465e-02,2.941655553877353668e-02,1.150514185428619385e-02,1.185814104974269867e-02,2.800456248223781586e-02,-1.290242886170744896e-03,9.164891205728054047e-03,4.162769392132759094e-02,-2.161136269569396973e-02,2.218662016093730927e-02,-2.035625651478767395e-02,5.866968538612127304e-03,-3.144303103908896446e-03,2.370320819318294525e-02,-2.380779944360256195e-02,-5.491090472787618637e-03,-4.369339346885681152e-02,-1.516586914658546448e-02,3.048862703144550323e-02,1.104101445525884628e-02,2.918122336268424988e-02,-5.938875954598188400e-03,1.903578080236911774e-02,1.900963298976421356e-02,-2.160482574254274368e-03,2.797841280698776245e-02,-9.060299023985862732e-03,-9.027614258229732513e-03,1.668245531618595123e-02,-3.992807120084762573e-02,5.111943930387496948e-03,2.329791337251663208e-02,1.895733550190925598e-02,2.504983171820640564e-02,-2.295798808336257935e-02,7.864026352763175964e-03,2.010785043239593506e-02,-2.682789973914623260e-02,2.170288190245628357e-02,1.828729291446506977e-03,1.193004753440618515e-02,1.558260410092771053e-03,-1.413302123546600342e-02,-1.141362357884645462e-02,1.387154031544923782e-02,3.694719448685646057e-02,5.710080265998840332e-03,-3.608430968597531319e-03,-7.746359799057245255e-03,2.640953101217746735e-02,-6.510864477604627609e-03,1.538812741637229919e-02,8.923022076487541199e-03,8.615782484412193298e-03,-1.030600906233303249e-04,2.297106198966503143e-02,-1.588493958115577698e-02,-4.157539829611778259e-02,-1.284522935748100281e-02,-4.520344082266092300e-03,-1.838207989931106567e-02,6.863863207399845123e-03,-6.671021226793527603e-03,2.472298219799995422e-02,1.313939504325389862e-02,7.968618534505367279e-03,7.262621074914932251e-03,1.194312144070863724e-02,5.128286313265562057e-03,2.034318260848522186e-02,2.657295670360326767e-03,-2.074847742915153503e-02,-1.108023617416620255e-02,-1.554501615464687347e-02,-2.800456248223781586e-02,1.398920640349388123e-02,5.657784175127744675e-03,1.085144095122814178e-02,6.883474066853523254e-03,-6.739659700542688370e-03,8.694226853549480438e-03,-9.953622793545946479e-05,-3.510375740006566048e-03,3.216210007667541504e-02,6.203624885529279709e-03,4.775287583470344543e-03,-2.525901608169078827e-02,6.661215797066688538e-03,-5.288443062454462051e-03,-5.729691591113805771e-03,-1.847359724342823029e-02,-4.419020563364028931e-02,9.563649073243141174e-03,-3.401861339807510376e-02,5.961755290627479553e-03,-1.239417586475610733e-02,3.707793354988098145e-02,7.654841523617506027e-03,-1.958488859236240387e-02,-1.673475280404090881e-02,-1.682627014815807343e-02,1.128288358449935913e-02,-2.787382155656814575e-02,2.961266553029417992e-03,-7.935932837426662445e-03,-1.061610877513885498e-02,-1.043307222425937653e-02,1.167510449886322021e-02,-1.091681071557104588e-03,1.899655908346176147e-02,9.805519133806228638e-03,-6.955381482839584351e-03,8.936095982789993286e-03,-4.484390374273061752e-03,-3.467231616377830505e-02,-1.257067546248435974e-02,-1.364928204566240311e-02,-7.190713658928871155e-03,6.563160568475723267e-03,7.930213469080626965e-04,-2.580812573432922363e-02,-9.315242990851402283e-03,-3.142995759844779968e-02,5.919264629483222961e-03,-1.288608647882938385e-03,-4.830852150917053223e-03,-2.829219028353691101e-02,-1.805522851645946503e-02,2.618727274239063263e-02,9.706155955791473389e-02,2.268343418836593628e-02,-2.860596589744091034e-02,1.304787676781415939e-02,1.644712314009666443e-02,2.703708410263061523e-02,-6.638335995376110077e-03,-2.584734745323657990e-02,-1.584408455528318882e-03,-2.214739844202995300e-02,-1.341394986957311630e-02,-2.865826338529586792e-02,1.825133897364139557e-02,3.315490903332829475e-04,1.788526587188243866e-02,1.642097532749176025e-02,-1.092334836721420288e-02,-3.192676976323127747e-02,1.155743841081857681e-02,-3.013562876731157303e-03,-3.132536262273788452e-02,-8.060136809945106506e-03,1.423761341720819473e-02,1.853896677494049072e-02,7.798655889928340912e-03,1.204117666929960251e-02,6.533743813633918762e-03,4.772019013762474060e-02,3.451542556285858154e-02,-5.187119357287883759e-03,1.174047403037548065e-02,1.951951906085014343e-02,3.331833577249199152e-04,7.877100259065628052e-03,-4.638010170310735703e-03,1.516586914658546448e-02,1.581957004964351654e-02,-7.373750209808349609e-03,1.330935768783092499e-02,-7.988229393959045410e-03,5.971560720354318619e-03,-7.040362339466810226e-03,2.438305690884590149e-02,-1.681319624185562134e-02,-2.146754972636699677e-02,1.764993369579315186e-02,-3.709754673764109612e-03,-6.268994882702827454e-03,-2.579505182802677155e-02,-2.423924207687377930e-02,3.537831082940101624e-02,-2.494524046778678894e-02,-4.360187333077192307e-03,-2.489294297993183136e-02,-1.198724727146327496e-03,-1.241378672420978546e-02,-7.144954521209001541e-03,-1.000162959098815918e-02,-1.063898787833750248e-03,1.534890569746494293e-02,-1.537505351006984711e-02,7.309197098948061466e-04,-2.052621915936470032e-02,-1.440757513046264648e-02,-1.988559216260910034e-02,-9.119132533669471741e-03,-2.255269326269626617e-03,-1.318515464663505554e-02,-3.375713154673576355e-02,-1.651249453425407410e-02,1.263277721591293812e-03,3.204770386219024658e-03,-1.968948170542716980e-02,8.713837713003158569e-03,7.138417568057775497e-03,8.713837713003158569e-03,1.652556844055652618e-02,6.916159298270940781e-03,4.448437131941318512e-03,1.272756326943635941e-02,5.334202200174331665e-03,-1.744074933230876923e-02,1.621996285393834114e-03,-8.537338115274906158e-03,-2.387316897511482239e-02,5.721193179488182068e-02,-1.111292093992233276e-02,6.291874888120219111e-05,-1.674782671034336090e-02,-1.236802805215120316e-02,1.435527950525283813e-02,1.173393707722425461e-02,1.452524214982986450e-02,7.308380212634801865e-03,8.602708578109741211e-03,7.693246589042246342e-04,3.513644332997500896e-04,-1.371138379909098148e-03,-1.135479100048542023e-02,-1.600260660052299500e-02,1.236312440596520901e-03,-2.414772473275661469e-02,7.491416297852993011e-03,1.747016562148928642e-03,3.059321828186511993e-02,-2.787382155656814575e-02,-8.890337194316089153e-04,2.387316897511482239e-02,-2.157214097678661346e-02,4.128123633563518524e-03,1.515279524028301239e-02,-3.741785883903503418e-02,-1.870892941951751709e-02,-1.434220559895038605e-02,-3.516912832856178284e-02,1.910115033388137817e-02,-9.204113855957984924e-03,2.435690909624099731e-02,-1.506127696484327316e-02,-7.922858931124210358e-03,1.485209260135889053e-02,-3.216210007667541504e-02,3.357409685850143433e-02,-6.072884425520896912e-03,-4.424250125885009766e-02,4.687037784606218338e-03,-6.746197119355201721e-03,-2.414772473275661469e-02,2.653618576005101204e-04,1.805522851645946503e-02,1.319659408181905746e-03,4.256902635097503662e-02,4.422288853675127029e-03,1.191697362810373306e-02,-2.303643152117729187e-02,-2.711552754044532776e-02,-3.739171195775270462e-03,5.428988952189683914e-03,-9.733611717820167542e-03,5.043304990977048874e-03,-3.781007975339889526e-02,-9.243335574865341187e-03,-5.079258698970079422e-03,-4.497464746236801147e-02,-2.572968043386936188e-02,-3.072395920753479004e-02,-7.981692440807819366e-03,5.412646569311618805e-03,2.023859135806560516e-02,-6.643239175900816917e-04,-2.735085971653461456e-02,1.357083767652511597e-02,-1.845071790739893913e-03,-7.354138884693384171e-03,1.758456416428089142e-02,-3.943125903606414795e-02,-1.215884368866682053e-02,4.984471946954727173e-03,5.496320128440856934e-02,5.033499747514724731e-02,3.346950560808181763e-02,1.032848004251718521e-02,-2.214412903413176537e-03,3.142995759844779968e-02,-4.454974085092544556e-03,-7.458731066435575485e-03,-9.217187762260437012e-03,7.171102799475193024e-03,-2.346787415444850922e-02,2.114069834351539612e-02,2.361168898642063141e-02,2.769078500568866730e-02,2.843600464984774590e-03,9.642093442380428314e-03,2.677560411393642426e-02,2.365091070532798767e-02,1.861741207540035248e-02,-1.066840440034866333e-02,-1.440185587853193283e-04,-2.089229226112365723e-02,-4.039873834699392319e-03,8.419672027230262756e-03,5.821209866553544998e-03,-1.656479015946388245e-02,-6.942307110875844955e-03,-2.340250462293624878e-02,-5.621830932796001434e-03,-9.857814759016036987e-03,-4.703380633145570755e-03,-1.125673577189445496e-02,2.871055901050567627e-02,-1.687856577336788177e-02,1.634253188967704773e-02,-2.569045871496200562e-02,3.705178573727607727e-02,3.461348125711083412e-03,2.975648082792758942e-02,1.588493958115577698e-02,6.782150740036740899e-05,2.144140191376209259e-02,-6.102301180362701416e-03,8.471968583762645721e-03,-2.216047234833240509e-02,-3.114232793450355530e-02,-1.310017332434654236e-02,1.461676042526960373e-02,-1.167510449886322021e-02,1.791141368448734283e-02,-9.426372125744819641e-03,-1.457753777503967285e-02,-3.561364486813545227e-02,-7.491416297852993011e-03,-1.378002204000949860e-02,-1.264911890029907227e-02,6.432420108467340469e-03,4.997545853257179260e-03,-2.365091070532798767e-02,2.046084962785243988e-02,-1.276024803519248962e-02,-2.065696008503437042e-02,-2.312468132004141808e-03,-2.485699020326137543e-03,4.816470667719841003e-02,-1.593723706901073456e-02,2.090536616742610931e-02,4.151002969592809677e-03,9.785907343029975891e-03,-1.915344595909118652e-02,4.258863627910614014e-03,1.232880540192127228e-02,-5.370155908167362213e-03,1.491746213287115097e-02,3.169143572449684143e-02,7.099195383489131927e-03,-5.543386563658714294e-03,3.499344456940889359e-04,8.308542892336845398e-03,-1.168164145201444626e-02,-3.713023290038108826e-02,1.173393707722425461e-02,1.895733550190925598e-02,7.648304570466279984e-03,-1.891811378300189972e-02,9.486839408054947853e-04,5.307237152010202408e-04,-2.626571618020534515e-02,-2.635723352432250977e-02,1.500898040831089020e-02,-1.442064996808767319e-02,-3.786237537860870361e-02,-2.456609345972537994e-02,5.216536112129688263e-03,-4.573293775320053101e-02,2.855367027223110199e-02,-3.438468556851148605e-03,-2.915507555007934570e-02,2.587022725492715836e-03,1.636867970228195190e-02,-1.183852925896644592e-02,2.648797444999217987e-02,-1.082529313862323761e-02,8.994929492473602295e-03,-2.124529145658016205e-02,7.027288433164358139e-03,2.472298219799995422e-02,1.081875525414943695e-02,-2.233043499290943146e-02,-5.729691591113805771e-03,1.180584449321031570e-02,2.685404755175113678e-02,-1.055073831230401993e-02,-2.224218565970659256e-03,-7.922858931124210358e-03,4.641278833150863647e-02,1.830363459885120392e-02,1.010785577818751335e-03,8.857651613652706146e-03,-2.153291925787925720e-02,-8.609245531260967255e-03,4.693575203418731689e-03,2.674945443868637085e-02,-1.928418688476085663e-02,-1.443372387439012527e-02,7.596008479595184326e-03,-6.507596001029014587e-03,-2.708937972784042358e-02,-3.657458582893013954e-03,2.265074755996465683e-03,1.657786406576633453e-02,-2.695863880217075348e-02,-2.805685810744762421e-02,-1.245954539626836777e-02,-6.687363609671592712e-03,1.391076296567916870e-02,1.401535514742136002e-02,-4.037258774042129517e-02,9.779370389878749847e-03,2.043470181524753571e-02,-4.118317738175392151e-02,2.540283091366291046e-02,-1.848667114973068237e-02,-9.759759530425071716e-03,-2.792611718177795410e-02,1.176008582115173340e-02,1.177315972745418549e-02,-2.046084962785243988e-02,1.826441287994384766e-02,-4.100014269351959229e-02,-2.962573990225791931e-02,5.301516968756914139e-03,-4.696843679994344711e-03,2.442227862775325775e-02,1.883967034518718719e-02,-7.765970658510923386e-03,5.053927889093756676e-04,-1.318515464663505554e-02,1.062264572829008102e-02,-2.685404755175113678e-02,-2.894589118659496307e-02,2.465761080384254456e-02,-1.541427522897720337e-02,7.569860666990280151e-03,3.216210007667541504e-02,-3.529986739158630371e-02,9.785907343029975891e-03,-7.652390049770474434e-04,-2.658929908648133278e-03,2.129758708178997040e-02,-1.294982153922319412e-02,-2.010785043239593506e-02,3.412320464849472046e-02,1.435527950525283813e-02,-1.736230589449405670e-02,-1.123712491244077682e-02,2.552703488618135452e-03,-1.823826506733894348e-02,6.105569656938314438e-03,-1.841803314164280891e-03,-1.157051231712102890e-02,-2.502368390560150146e-02,2.387316897511482239e-02,-2.995586022734642029e-03,1.207386236637830734e-02,7.628693711012601852e-03,-1.144630927592515945e-02,-2.592334058135747910e-04,-2.913056232500821352e-04,-1.254452671855688095e-02,-3.637193888425827026e-02,-2.808300592005252838e-02,3.860105993226170540e-03,2.941655553877353668e-02,4.474584944546222687e-03,-1.881352253258228302e-02,-7.472622673958539963e-04,9.298900258727371693e-04,-4.662197455763816833e-02,-6.360513158142566681e-03,3.873179899528622627e-03,-1.174047403037548065e-02,3.428663127124309540e-03,8.609245531260967255e-03,2.029088698327541351e-02,3.456772118806838989e-02,-5.932339001446962357e-03,6.336816586554050446e-04,-1.472135260701179504e-02,-1.993788778781890869e-02,1.498283259570598602e-02,-2.954729646444320679e-02,6.523938383907079697e-03,1.886581815779209137e-02,-3.124691918492317200e-02,-1.345317158848047256e-02,2.823989465832710266e-02,-1.815982162952423096e-02,1.325706113129854202e-02,2.578197792172431946e-02,-1.206078846007585526e-02,1.193658448755741119e-02,7.478342391550540924e-03,2.763522090390324593e-03,-1.568882912397384644e-02,-1.661708578467369080e-02,-7.086121477186679840e-03,-6.805030163377523422e-03,2.064388617873191833e-02,1.203627442009747028e-03,-1.792775699868798256e-03,-2.210817672312259674e-02,4.023530986160039902e-03,1.151167880743741989e-02,-3.413546364754438400e-04,-2.512827701866626740e-02,1.388461422175168991e-02,3.239089623093605042e-03,1.939858426339924335e-03,-1.397613249719142914e-02,2.521979436278343201e-02,1.184506621211767197e-02,-1.925803907215595245e-02,-8.105895482003688812e-03,-3.834366507362574339e-04,-1.915344595909118652e-02,-2.131066052243113518e-03,1.472135260701179504e-02,-3.033173829317092896e-02,-2.682789973914623260e-02,-6.412809249013662338e-03,-2.013399824500083923e-02,8.014377206563949585e-03,-3.001796081662178040e-02,1.451216754503548145e-03,-3.828074410557746887e-02,-5.428988952189683914e-03,-1.232880540192127228e-02,-1.246608328074216843e-02,-8.452356792986392975e-03,3.344335779547691345e-02,2.034318260848522186e-02,1.459061168134212494e-02,-2.473605610430240631e-02,2.405620645731687546e-03,-4.088901448994874954e-03,-5.386498291045427322e-03,-1.814674586057662964e-02,-2.277495153248310089e-02,-7.053436711430549622e-03,-2.350709773600101471e-02,6.134986411780118942e-03,8.236635476350784302e-04,-1.601568050682544708e-02,-2.068964531645178795e-03,1.653864234685897827e-02,-3.025329299271106720e-02,-7.471805438399314880e-03,2.015491724014282227e-01,-6.726585794240236282e-03,1.926784403622150421e-03,1.055073831230401993e-02,8.909948170185089111e-03,8.040525019168853760e-03,3.210980445146560669e-02,1.413302123546600342e-02,1.506127696484327316e-02,8.177802897989749908e-03,-3.331261500716209412e-02,-1.181891839951276779e-02,-1.004738826304674149e-02,5.853894632309675217e-03,2.269650809466838837e-02,-6.641604751348495483e-02,-2.656641975045204163e-02,-1.938224188052117825e-03,-3.054092265665531158e-02,-2.727241627871990204e-02,1.139401271939277649e-02,-6.648141890764236450e-03,-1.830363459885120392e-02,-1.974177733063697815e-02,3.676415979862213135e-02,6.180745549499988556e-03,-8.975318633019924164e-03,1.861741207540035248e-02,1.985944435000419617e-02,7.837877608835697174e-03,-3.762050764635205269e-03,-7.197250612080097198e-03,1.502205431461334229e-02,-2.388624288141727448e-02,9.008003398776054382e-03,-3.788198810070753098e-03,2.540283091366291046e-02,-5.013888701796531677e-03,1.170125231146812439e-02,-1.931687234900891781e-03,1.211962103843688965e-02,8.720374666154384613e-03,2.794572850689291954e-03,2.652719616889953613e-02,-5.860431585460901260e-03,1.941492781043052673e-02,6.630981806665658951e-04,-2.774961758404970169e-03,-4.530149511992931366e-03,1.026310957968235016e-02,-2.973033301532268524e-02,6.651410367339849472e-03,3.007025830447673798e-02,1.931033469736576080e-02,1.283869240432977676e-02,2.691614907234907150e-03,-6.282069254666566849e-03,2.237292472273111343e-03,2.642587292939424515e-03,-1.439776970073580742e-03,-1.203463971614837646e-02,2.518057264387607574e-02,-1.838207989931106567e-02,2.151984535157680511e-02,-2.436998300254344940e-02,1.065328760887496173e-04,-3.150840103626251221e-02,2.072232961654663086e-02,-2.276514656841754913e-03,2.485699020326137543e-03,-7.785581983625888824e-03,-4.332732036709785461e-02,-3.668571263551712036e-02,9.812056086957454681e-03,-6.226504221558570862e-03,-1.687856577336788177e-02,4.382413253188133240e-02,-1.379309594631195068e-02,1.830363529734313488e-03,1.754534244537353516e-02,1.615949533879756927e-02,-1.612027361989021301e-02,-2.835429040715098381e-04,6.043468136340379715e-03,-5.582608748227357864e-03,-1.749304495751857758e-02,3.545675426721572876e-02,1.690471358597278595e-02,-3.584897518157958984e-02,6.347439251840114594e-03,5.344007513485848904e-04,-2.703708410263061523e-02,-7.497953251004219055e-03,-1.223728712648153305e-02,-3.376367036253213882e-03,1.388461422175168991e-02,-4.961592610925436020e-03,1.623793877661228180e-02,-1.007353607565164566e-02,1.670860312879085541e-02,-2.260498888790607452e-02,-1.549271959811449051e-02,3.004410862922668457e-02,7.746359799057245255e-03,-1.776760071516036987e-02,-5.353813059628009796e-03,8.478505536913871765e-03,2.276187762618064880e-02,7.386824116110801697e-03,-5.948681384325027466e-03,1.465598214417695999e-02,-2.546166302636265755e-03,8.903411217033863068e-03,-1.959796436131000519e-02,3.349565342068672180e-02,2.774961758404970169e-03,-1.125673577189445496e-02,-4.560219869017601013e-02,2.442227862775325775e-02,7.537175435572862625e-03,-3.775124670937657356e-03,-6.994603201746940613e-03,6.844251882284879684e-03,1.614642143249511719e-02,-5.249220877885818481e-03,-1.070108916610479355e-02,-2.418694645166397095e-02,-1.185650588013231754e-03,3.169143572449684143e-02,-4.181073233485221863e-02,4.324233625084161758e-03,2.216047234833240509e-02,1.805522851645946503e-02,-2.225198969244956970e-02,1.498283259570598602e-02,1.258374890312552452e-03,-1.435527950525283813e-02,-1.138093881309032440e-02,-8.824966847896575928e-03,-5.193656310439109802e-03,3.703217487782239914e-03,-5.965023767203092575e-03,1.682627014815807343e-02,1.588493958115577698e-02,3.536523785442113876e-03,2.367624256294220686e-04,2.073540352284908295e-02,-2.213432453572750092e-02,-9.204113855957984924e-03,-4.591597616672515869e-02,-3.655497357249259949e-02,9.557112120091915131e-03,2.452687174081802368e-02,-1.958488859236240387e-02,1.275371108204126358e-02,-2.423924207687377930e-02,-8.164728991687297821e-03,-2.735085971653461456e-02,1.761071197688579559e-02,3.111618012189865112e-02,-3.739171102643013000e-02,2.023859135806560516e-02,2.544205263257026672e-02,-4.267361760139465332e-02,-1.874815113842487335e-02,-2.350056078284978867e-03,-1.647327095270156860e-01,1.519201695919036865e-02,2.708937972784042358e-02,9.356099180877208710e-04,3.266871906816959381e-03,6.452031433582305908e-03,4.364109411835670471e-02,-6.988066248595714569e-03,-9.870888665318489075e-03,1.220460236072540283e-02,1.473442651331424713e-02,-4.003920126706361771e-03,-1.788526587188243866e-02,-1.152475271373987198e-02,-1.111945789307355881e-02,2.023859135806560516e-02,-2.618727274239063263e-02,-2.439939882606267929e-03,3.375713154673576355e-02,8.524264208972454071e-03,1.350546814501285553e-02,-2.860596589744091034e-02,3.536523785442113876e-03,-1.063081668689846992e-03,6.079421844333410263e-03,1.559731177985668182e-02,-9.674778208136558533e-03,-1.049844175577163696e-02,-1.350546814501285553e-02,-1.185160409659147263e-02,-1.453831605613231659e-02,4.320965148508548737e-03,2.274880371987819672e-02,-2.434383518993854523e-02,8.726911619305610657e-03,-1.259682327508926392e-02,-6.216698791831731796e-03,1.745382323861122131e-02,1.013890653848648071e-02,1.255106367170810699e-02,4.765482153743505478e-03,8.498116396367549896e-03,1.583264395594596863e-02,1.921881735324859619e-02,2.948192646726965904e-03,2.008170261979103088e-02,1.571497879922389984e-02,-1.703545451164245605e-02,2.388624288141727448e-02,-2.580812573432922363e-02,1.040692348033189774e-02,-2.787382155656814575e-02,-5.004083272069692612e-03,-6.713511887937784195e-03,1.166856754571199417e-02,1.145938318222761154e-02,-1.078607048839330673e-02,7.236472796648740768e-03,-4.494196269661188126e-03,-8.033988066017627716e-03,-3.657458582893013954e-03,-1.102140266448259354e-02,2.570353262126445770e-02,-2.233043499290943146e-02,1.687856577336788177e-02,-1.619871705770492554e-02,-2.863211557269096375e-02,1.093642227351665497e-02,-2.124529145658016205e-02,2.967803739011287689e-02,-3.360024467110633850e-02,-2.267036028206348419e-02,1.974177733063697815e-02,-2.593886479735374451e-02,1.762378588318824768e-02,4.389604087918996811e-03,9.615945629775524139e-03,1.219806540757417679e-02,3.119462355971336365e-02,1.929726079106330872e-02,-1.778067462146282196e-02,4.039873555302619934e-02,-2.949500083923339844e-02,-1.766627654433250427e-03,8.524264208972454071e-03,4.726259969174861908e-03,-2.248732373118400574e-02,-8.916485123336315155e-03,3.549597691744565964e-03,1.227650977671146393e-02,8.811892941594123840e-03,-1.740152761340141296e-02,2.185813500545918941e-04,-2.116684615612030029e-02,-1.044287695549428463e-03,3.428009524941444397e-02,3.252817317843437195e-02,-1.117829140275716782e-02,1.211308408528566360e-02,-1.120443921536207199e-02,4.922370426356792450e-03,-1.372772641479969025e-02,-2.616112492978572845e-02,9.432909078896045685e-03,2.625264227390289307e-02,8.942632935941219330e-03,1.657786406576633453e-02,1.353161595761775970e-02,3.937896341085433960e-02,2.446476835757493973e-03,-1.676090061664581299e-02,3.850708890240639448e-04,1.636867970228195190e-02,2.362476289272308350e-02,5.770956340711563826e-05,2.891974337399005890e-02,2.382741076871752739e-03,-2.212125062942504883e-02,2.980877645313739777e-03,-1.148062874563038349e-03,6.092495843768119812e-02,1.410687342286109924e-02,-1.227650977671146393e-02,-9.864351712167263031e-03,-2.724626846611499786e-02,-2.620034664869308472e-02,-1.009837687015533447e-01,2.961266553029417992e-03,2.100995741784572601e-02,4.471316467970609665e-03,1.626408658921718597e-02,2.000325918197631836e-02,8.517727255821228027e-03,3.706486197188496590e-03,-1.353161595761775970e-02,2.017321996390819550e-02,-7.654841523617506027e-03,-7.014214526861906052e-03,-4.958324134349822998e-03,-3.054419066756963730e-03,9.635556489229202271e-03,-3.350218990817666054e-03,2.616439247503876686e-03,-2.823989465832710266e-02,-1.115868054330348969e-02,1.629023440182209015e-02,-2.166366018354892731e-02,1.921881735324859619e-02,7.596008479595184326e-03,-2.944270521402359009e-02,1.396305859088897705e-02,4.412483423948287964e-03,-2.795226499438285828e-02,3.369829850271344185e-03,3.109003230929374695e-02,-4.719723016023635864e-03,1.176662277430295944e-02,1.629023440182209015e-02,7.236472796648740768e-03,-5.281906109303236008e-03,-6.131717935204505920e-03,-1.479979604482650757e-02,-2.008170261979103088e-02,-1.815982162952423096e-02,3.809770941734313965e-02,-1.636867970228195190e-02,-2.255269326269626617e-03,8.504653349518775940e-03,4.334039520472288132e-03,-8.792282082140445709e-03,1.009314693510532379e-02,-6.200356408953666687e-03,3.147980023641139269e-04,1.313285809010267258e-02,2.758619189262390137e-02,-5.912727676331996918e-03,-9.700926952064037323e-03,-2.629513386636972427e-03,-1.142669748514890671e-02,-1.670860312879085541e-02,3.543060645461082458e-02,-2.008170261979103088e-02,-4.049679264426231384e-03,2.103610709309577942e-02,-1.818596944212913513e-02,-3.224381478503346443e-03,2.461185213178396225e-03,2.264421060681343079e-02,7.229935843497514725e-03,1.408072467893362045e-02,1.507435087114572525e-02,-4.010457079857587814e-03,-1.002777740359306335e-02,-6.471642293035984039e-03,2.657949365675449371e-02,-1.919266954064369202e-02,2.472298219799995422e-02,-1.029579434543848038e-03,-1.780682243406772614e-02,3.111618012189865112e-02,-3.103773482143878937e-02,-1.306748762726783752e-02,-9.426372125744819641e-03,-1.215884368866682053e-02,1.211308408528566360e-02,-1.689163967967033386e-02,-1.169471535831689835e-02,-1.778067462146282196e-02,3.098543919622898102e-02,-8.047061972320079803e-03,7.177639752626419067e-03,-1.138093881309032440e-02,2.140217833220958710e-02,-1.005882746540009975e-03,2.174210362136363983e-02,-1.070762611925601959e-02,1.580649614334106445e-02,1.831670850515365601e-02,1.175028039142489433e-03,-2.766463719308376312e-02,5.425720475614070892e-03,-4.981203470379114151e-03,-8.203950710594654083e-03,2.010785043239593506e-02,-1.283869240432977676e-02,5.736228544265031815e-03,-1.462983433157205582e-02,-1.666938140988349915e-02,-6.238924711942672729e-02,4.249058291316032410e-02,-1.440757513046264648e-02,-5.058013484813272953e-04,2.019936777651309967e-02,-2.523286826908588409e-02,4.533417988568544388e-03,-3.441737033426761627e-03,2.202973235398530960e-03,-3.080567112192511559e-03,-6.112106610089540482e-03,4.330117255449295044e-02,3.211307339370250702e-03,-1.485209260135889053e-02,-4.596336802933365107e-04,-3.044613637030124664e-03,-1.457753777503967285e-02,1.221767626702785492e-02,2.889359556138515472e-02,-8.027451112866401672e-03,-1.606797613203525543e-02,1.848667114973068237e-02,-1.315900590270757675e-02,2.380779944360256195e-02,-2.365091070532798767e-02,1.426376122981309891e-02,7.772508077323436737e-03,1.439450122416019440e-02,6.644873414188623428e-03,-1.032194308936595917e-02,-2.435037167742848396e-03,-6.778881885111331940e-03,-5.154434591531753540e-03,5.245952401310205460e-03,1.079914439469575882e-02,-2.378165163099765778e-02,4.477853421121835709e-03,8.151654154062271118e-03,-3.572477260604500771e-03,3.268506377935409546e-02,-7.184176705777645111e-03,-1.647327095270156860e-02,-1.041019218973815441e-03,5.785256158560514450e-03,6.608919706195592880e-03,-2.261806279420852661e-02,-4.898673505522310734e-04,2.098380960524082184e-02,2.086614444851875305e-02,-2.895896555855870247e-03,5.321128293871879578e-03,2.957344427704811096e-02,2.308872900903224945e-02,-1.313285809010267258e-02,-3.142668865621089935e-03,-1.804215461015701294e-02,1.946722343564033508e-02,-1.231573149561882019e-02,3.124692011624574661e-03,-3.294654190540313721e-02,2.476220391690731049e-02,7.184176705777645111e-03,-4.151002969592809677e-03,-2.904067747294902802e-03,7.380287162959575653e-03,-1.646019704639911652e-02,5.899653770029544830e-03,1.703545451164245605e-02,1.336165331304073334e-02,-4.830852150917053223e-03,-2.025166526436805725e-02,-1.155090145766735077e-02,2.089229226112365723e-02,7.674452848732471466e-03,-4.235984291881322861e-03,7.053436711430549622e-03,1.281254459172487259e-03,-5.373424384742975235e-03,-1.872200332581996918e-02,-8.069124887697398663e-04,2.195128798484802246e-02,5.131554789841175079e-03,-6.393198389559984207e-03,4.621667787432670593e-03,1.304787676781415939e-02,-1.160973403602838516e-02,1.036770176142454147e-02,-2.039547823369503021e-02,1.152475271373987198e-02,-2.359861508011817932e-03,1.842130161821842194e-02,3.242358192801475525e-02,5.481285043060779572e-03,-1.955874077975749969e-02,1.439776970073580742e-03,4.840657580643892288e-03,-5.098869558423757553e-03,1.537505351006984711e-02,3.001796081662178040e-02,3.694719448685646057e-02,-2.614804916083812714e-02,1.248569414019584656e-02,6.471642293035984039e-03,-2.928581554442644119e-03,-2.462819451466202736e-03,8.739985525608062744e-03,-1.788526587188243866e-02,-3.566594049334526062e-02,8.151654154062271118e-03,-2.887725364416837692e-03,-9.315242990851402283e-03,-7.215227815322577953e-04,1.972870342433452606e-02,3.117337764706462622e-04,1.043307222425937653e-02,3.234513849020004272e-02,-1.329628378152847290e-02,1.520672580227255821e-03,-2.352017164230346680e-02,2.072232961654663086e-02,2.425231598317623138e-02,2.322273794561624527e-03,6.955381482839584351e-03,-1.772837713360786438e-02,2.047392353415489197e-02,1.434220559895038605e-02,9.191039949655532837e-03,3.343681804835796356e-03,-7.432583253830671310e-03,-1.409543328918516636e-03,7.412972394376993179e-03,2.242195187136530876e-03,-4.010457079857587814e-03,-9.230261668562889099e-03,-3.716291626915335655e-03,1.140708662569522858e-02,1.081221830099821091e-02,2.847522683441638947e-02,3.000488737598061562e-03,6.479486823081970215e-02,2.593886479735374451e-02,-1.449909340590238571e-02,1.632945798337459564e-02,1.252491585910320282e-02,2.395161427557468414e-02,-2.481449954211711884e-02,3.299883753061294556e-02,-5.797512712888419628e-04,-1.758456416428089142e-02,3.095929138362407684e-02,4.582445602864027023e-03,2.716782316565513611e-02,-7.256084121763706207e-03,-3.299557138234376907e-03,7.458731066435575485e-03,1.065533026121556759e-03,3.082201350480318069e-03,-2.205588109791278839e-02,1.597645878791809082e-02,2.318024635314941406e-02,-1.688183518126606941e-03,8.570023812353610992e-03,-1.341394986957311630e-02,-3.671186044812202454e-02,-5.997708998620510101e-03,3.741785883903503418e-02,-3.396631777286529541e-02,1.067494135349988937e-02,-1.785911805927753448e-02,-1.105572213418781757e-03,-1.109984703361988068e-02,-9.642093442380428314e-03,-2.264421060681343079e-02,-2.608268056064844131e-03,-1.766300760209560394e-02,-7.602545432746410370e-03,-4.141197539865970612e-03,1.940185390412807465e-02,1.559731177985668182e-02,-7.223398890346288681e-03,-1.455138996243476868e-02,-8.478505536913871765e-03,-1.940185390412807465e-02,4.536686837673187256e-02,1.049190480262041092e-02,-1.378002204000949860e-02,6.177476607263088226e-03,-1.819904334843158722e-02
-8.626938797533512115e-03,-1.158832665532827377e-02,-2.469362318515777588e-02,-1.722749508917331696e-02,-7.096778135746717453e-03,3.263462707400321960e-02,-1.857298053801059723e-02,-8.316949009895324707e-03,1.145641598850488663e-02,-1.848064363002777100e-02,-6.673840689472854137e-04,2.529381541535258293e-03,1.589520089328289032e-02,-9.411805309355258942e-03,-2.064397372305393219e-02,-2.297878824174404144e-02,2.185755036771297455e-02,1.648879796266555786e-02,1.910062320530414581e-02,-8.092701435089111328e-03,-1.853340864181518555e-02,-6.275636143982410431e-03,1.079686451703310013e-02,-1.589520089328289032e-02,9.293085895478725433e-03,1.276232860982418060e-02,1.845426112413406372e-02,-1.281509362161159515e-02,-8.528006263077259064e-03,-2.527402900159358978e-02,-5.596297793090343475e-03,-1.568414457142353058e-02,-2.946877852082252502e-02,-3.574771340936422348e-03,-3.482434153556823730e-02,1.454971451312303543e-02,2.304474264383316040e-02,2.549167955294251442e-03,2.367791347205638885e-02,1.963815651834011078e-03,2.677780576050281525e-03,-1.451014168560504913e-02,-2.948196837678551674e-03,8.099297061562538147e-03,-7.076991721987724304e-03,-8.125679567456245422e-03,-1.723079360090196133e-03,2.132001565769314766e-03,-3.324141353368759155e-02,1.362634170800447464e-02,2.511573582887649536e-02,-3.874867456033825874e-03,-4.577290266752243042e-03,5.616084206849336624e-03,-1.826958730816841125e-02,1.730664074420928955e-02,9.603075683116912842e-03,-1.000540237873792648e-02,-1.299976743757724762e-02,5.480876192450523376e-03,9.121602401137351990e-03,4.877386149019002914e-03,-7.426554337143898010e-03,3.119680332019925117e-03,-6.559243425726890564e-03,2.966334577649831772e-03,-4.709200467914342880e-03,-1.540053635835647583e-03,-2.873007953166961670e-02,7.756330072879791260e-03,4.722391441464424133e-02,4.123518243432044983e-02,-8.039937354624271393e-03,-1.729345135390758514e-02,1.044070627540349960e-02,-2.886199019849300385e-02,3.660513088107109070e-03,-2.902028337121009827e-02,-2.115842513740062714e-02,1.424632035195827484e-02,2.719002543017268181e-03,-1.654156111180782318e-02,-7.551868911832571030e-03,-3.630833234637975693e-03,1.726706884801387787e-02,-1.349443197250366211e-02,1.869169995188713074e-02,2.925772219896316528e-02,-7.327621337026357651e-03,-1.619859412312507629e-02,1.188512519001960754e-02,5.445260554552078247e-02,3.785827895626425743e-03,-1.046708878129720688e-02,2.697567222639918327e-03,2.308431547135114670e-03,-3.260824456810951233e-02,1.998442225158214569e-02,4.923555068671703339e-03,-3.857059404253959656e-02,-2.144862711429595947e-02,-9.576693177223205566e-03,-6.067877169698476791e-03,-1.418860978446900845e-03,-2.206860668957233429e-02,-3.616982698440551758e-02,6.459486321546137333e-04,-9.326064027845859528e-03,4.184197261929512024e-02,-2.883560769259929657e-02,-4.992807749658823013e-03,2.176521159708499908e-02,-2.960068918764591217e-02,-2.775394357740879059e-02,-1.067814510315656662e-02,-1.448375917971134186e-02,2.920495718717575073e-02,-9.774559177458286285e-03,1.391654461622238159e-02,-2.085503004491329193e-02,-3.858378622680902481e-03,5.691932979971170425e-03,4.748773644678294659e-04,6.391057744622230530e-03,7.070396095514297485e-03,2.370429411530494690e-02,-2.122437953948974609e-02,-4.641596460714936256e-04,-8.778635412454605103e-03,-4.991983296349644661e-04,-8.989692665636539459e-03,4.564099013805389404e-03,3.751531243324279785e-02,4.224429838359355927e-03,4.415699746459722519e-03,3.640726581215858459e-02,-9.840514510869979858e-03,-1.950624748133122921e-03,-1.775843440555036068e-03,-2.621059119701385498e-02,1.040113344788551331e-02,8.223787881433963776e-04,-1.828277856111526489e-02,-1.065835822373628616e-02,-9.220534935593605042e-03,2.194988727569580078e-02,-1.518288441002368927e-02,2.069673873484134674e-02,-1.480034459382295609e-02,-2.657994069159030914e-02,-3.894653869792819023e-03,-3.479795902967453003e-02,1.724068634212017059e-02,-1.356038637459278107e-02,4.273896105587482452e-03,1.585562713444232941e-02,-5.810651928186416626e-03,1.524883974343538284e-02,-3.324141353368759155e-02,-1.564457081258296967e-02,-6.839552894234657288e-03,1.133110187947750092e-02,3.155296295881271362e-02,-5.684513016603887081e-04,1.073090918362140656e-02,2.527402900159358978e-02,-6.232765503227710724e-03,-7.749734912067651749e-03,-7.426554337143898010e-03,-2.954792417585849762e-02,3.492986783385276794e-02,-8.105892688035964966e-03,-3.110446780920028687e-02,2.209498733282089233e-02,-3.105170279741287231e-02,3.194869309663772583e-02,8.725871331989765167e-03,-1.253148540854454041e-02,-1.509054750204086304e-02,-3.419776447117328644e-03,-1.028900966048240662e-02,-1.483991742134094238e-02,2.516850084066390991e-02,2.326899021863937378e-02,-1.203682180494070053e-02,-2.412640862166881561e-02,4.880683962255716324e-03,2.158053778111934662e-02,3.789125708863139153e-03,-2.946877852082252502e-02,1.321741938591003418e-02,1.631731353700160980e-02,-2.472000569105148315e-02,9.609671309590339661e-03,-6.449889540672302246e-01,-2.172563970088958740e-02,3.452754113823175430e-03,-1.363953296095132828e-02,1.174661889672279358e-02,1.805853098630905151e-02,8.541197166778147221e-04,5.873309448361396790e-03,2.917857468128204346e-02,-1.056602131575345993e-02,-2.469362318515777588e-02,2.456171251833438873e-02,-3.594557754695415497e-03,-1.663389801979064941e-02,-8.145465515553951263e-03,-6.885721813887357712e-03,-1.920615136623382568e-02,-1.854989677667617798e-04,1.793981157243251801e-02,9.833918884396553040e-03,-1.866531930863857269e-02,-6.651580799371004105e-03,1.065176259726285934e-02,-1.854989677667617798e-03,1.030879560858011246e-02,-9.200748987495899200e-03,1.043411064893007278e-02,-1.142673660069704056e-03,-1.535436790436506271e-02,1.601392030715942383e-02,-2.936325035989284515e-02,2.730544842779636383e-02,1.811129413545131683e-02,1.465524267405271530e-02,4.007437452673912048e-02,-6.832957733422517776e-03,-1.759684458374977112e-02,3.186954557895660400e-02,9.642648510634899139e-03,4.878045618534088135e-02,-1.441780384629964828e-02,-4.769879207015037537e-02,1.679219119250774384e-02,7.479318417608737946e-03,-2.089130692183971405e-03,2.464085817337036133e-02,3.706681728363037109e-02,9.464569389820098877e-03,1.481353584676980972e-02,-1.817725040018558502e-02,-1.965464651584625244e-02,-1.917976886034011841e-02,-2.329537272453308105e-02,3.192231059074401855e-02,-5.696879234164953232e-04,4.824622068554162979e-03,3.247633576393127441e-02,-2.171244844794273376e-02,1.158832665532827377e-02,5.513853859156370163e-03,4.003480076789855957e-03,2.544551156461238861e-02,-6.166810169816017151e-03,6.354782264679670334e-03,-2.297878824174404144e-02,-2.541912905871868134e-02,4.359637852758169174e-03,1.248531695455312729e-02,1.489268150180578232e-02,-7.861858233809471130e-03,1.203022617846727371e-02,8.006960153579711914e-03,-1.042091939598321915e-02,3.871569642797112465e-03,-1.407483685761690140e-02,2.310080453753471375e-03,3.379543870687484741e-02,8.857781998813152313e-03,2.347592526348307729e-04,5.288781831040978432e-04,-1.259744074195623398e-02,-2.615123288705945015e-03,-2.152777276933193207e-02,-1.362634170800447464e-02,2.635569311678409576e-02,-1.543351449072360992e-02,-1.969422027468681335e-02,-1.315146498382091522e-02,1.549946982413530350e-02,-2.904666587710380554e-02,-3.071862971410155296e-03,1.960188150405883789e-02,1.127833686769008636e-02,-1.154215820133686066e-02,2.690971642732620239e-02,7.004441227763891220e-03,-6.720833946019411087e-03,2.242476493120193481e-02,2.791223675012588501e-02,-1.121238246560096741e-02,2.634250186383724213e-02,-2.714715525507926941e-02,1.899509504437446594e-02,-1.615902036428451538e-02,6.513074971735477448e-03,3.634130815044045448e-03,-3.244995325803756714e-02,8.798422291874885559e-03,2.679099701344966888e-02,-2.965345233678817749e-02,-1.367745688185095787e-03,1.306737191043794155e-03,6.493288557976484299e-03,-1.148279849439859390e-02,-7.288048509508371353e-03,-1.751769892871379852e-02,2.661291975528001785e-03,-2.267209580168128014e-03,1.999761350452899933e-02,-1.551266014575958252e-02,1.323720626533031464e-02,-7.677183952182531357e-03,6.707642693072557449e-03,-1.236000284552574158e-02,1.729345135390758514e-02,3.392734751105308533e-02,-2.001080475747585297e-02,-7.624419871717691422e-03,-2.177840285003185272e-02,3.512113762553781271e-04,7.386981043964624405e-03,6.958272308111190796e-03,1.821682229638099670e-02,-1.272935140877962112e-02,1.425951160490512848e-02,3.748892992734909058e-02,1.452333293855190277e-02,3.660513088107109070e-03,3.321503475308418274e-02,-3.108138218522071838e-03,6.133832503110170364e-04,5.744697060436010361e-03,1.044565346091985703e-03,-2.636888436973094940e-02,-2.371748536825180054e-02,-3.661832213401794434e-02,-1.708239316940307617e-02,-2.142224460840225220e-02,-1.983932033181190491e-02,-1.127174217253923416e-02,6.691154092550277710e-03,-1.094196550548076630e-02,-3.113084845244884491e-02,-1.091558393090963364e-02,-2.298538340255618095e-03,-5.398432258516550064e-03,1.099472958594560623e-02,2.239178633317351341e-03,4.691062786150723696e-04,-1.056602131575345993e-02,1.662070676684379578e-02,1.054623443633317947e-02,-4.366233572363853455e-02,-6.559243425726890564e-03,3.693490521982312202e-03,-1.005157083272933960e-02,2.311069890856742859e-02,6.057984195649623871e-03,-1.241936162114143372e-02,-3.223559819161891937e-03,5.378645844757556915e-03,1.437823101878166199e-02,-2.291283197700977325e-02,1.440461352467536926e-02,2.209498733282089233e-02,8.033341728150844574e-03,-8.020151406526565552e-03,-2.035377174615859985e-02,-1.439142227172851562e-02,5.757887847721576691e-03,3.032289911061525345e-03,1.162130385637283325e-02,-3.237080574035644531e-02,-2.125076204538345337e-02,2.535317465662956238e-02,-5.236842203885316849e-03,-2.690971596166491508e-03,3.682937845587730408e-02,1.637007854878902435e-02,1.590839214622974396e-02,-2.392936730757355690e-04,9.688816964626312256e-03,6.760406773537397385e-03,8.191634900867938995e-03,8.567579090595245361e-03,5.052167456597089767e-03,3.076150082051753998e-02,-6.092610419727861881e-04,1.830256544053554535e-03,1.907424069941043854e-02,1.869169995188713074e-02,8.343331282958388329e-04,3.893994167447090149e-02,-1.921934261918067932e-02,2.361195720732212067e-02,-1.890275627374649048e-02,1.224128343164920807e-02,-1.200384460389614105e-02,1.939082518219947815e-02,-2.650079503655433655e-02,-1.578967273235321045e-02,-3.366352990269660950e-02,-7.017632015049457550e-03,1.395611837506294250e-02,8.996287360787391663e-03,3.587962314486503601e-02,-2.151787979528307915e-03,9.068838320672512054e-03,1.561818830668926239e-02,-1.113983150571584702e-02,2.173883095383644104e-02,-1.020986307412385941e-02,3.479136154055595398e-03,1.257105916738510132e-02,-2.849264070391654968e-02,-2.389226807281374931e-03,1.290083490312099457e-02,1.122557278722524643e-02,2.421874552965164185e-02,-1.386378053575754166e-02,2.196307759732007980e-03,1.796619407832622528e-02,-1.408802811056375504e-02,3.186954557895660400e-02,5.045571830123662949e-03,7.307834923267364502e-03,1.333613879978656769e-02,-8.877568878233432770e-03,4.573992453515529633e-03,8.508219383656978607e-03,4.798899590969085693e-02,1.123216841369867325e-02,-1.450189738534390926e-03,-1.237319316715002060e-02,2.714715525507926941e-02,-2.741097658872604370e-02,1.296679023653268814e-02,7.703565992414951324e-03,-6.925294641405344009e-03,-3.242109669372439384e-04,1.792662031948566437e-02,-1.054623443633317947e-02,-4.321384057402610779e-02,-1.725387759506702423e-02,-1.216873177327215672e-03,-2.216094359755516052e-02,9.068838320672512054e-03,-1.708239433355629444e-03,1.771556399762630463e-02,9.154580533504486084e-03,8.574174717068672180e-03,-4.254109808243811131e-04,5.197268910706043243e-03,1.444418635219335556e-02,2.696248143911361694e-02,9.194153361022472382e-03,-1.534117665141820908e-02,6.025006528943777084e-03,-1.609306596219539642e-02,-3.566856682300567627e-02,-5.223650950938463211e-03,8.706085383892059326e-03,4.069434944540262222e-03,1.485310867428779602e-02,1.207804423756897449e-03,2.431108243763446808e-02,-5.592999979853630066e-03,3.729766001924872398e-03,2.601272612810134888e-02,-8.532952633686363697e-04,-8.020151406526565552e-03,-2.510254457592964172e-02,1.453652326017618179e-02,-1.597434654831886292e-02,-2.727247076109051704e-03,-1.037475094199180603e-02,-4.867492988705635071e-02,1.433865819126367569e-02,-4.007437452673912048e-02,-4.531121347099542618e-03,-4.107771674171090126e-04,3.107808530330657959e-02,8.442264050245285034e-03,-7.109969388693571091e-03,-2.192350476980209351e-02,-1.519607566297054291e-02,2.061759121716022491e-02,-2.437703870236873627e-02,4.128794651478528976e-03,3.897951683029532433e-03,-1.003837957978248596e-02,-8.079510182142257690e-03,-9.200748754665255547e-04,-6.229467689990997314e-03,1.974698342382907867e-02,5.408325698226690292e-03,3.365363460034132004e-03,8.021799731068313122e-04,7.466127164661884308e-03,-2.045929990708827972e-02,-1.551266014575958252e-02,-1.406164653599262238e-02,-1.314486935734748840e-02,1.225447375327348709e-02,-4.699307028204202652e-03,-2.912581153213977814e-02,-1.056602131575345993e-02,-2.597315423190593719e-02,-1.826958730816841125e-03,3.032289911061525345e-03,-8.633534424006938934e-03,-3.260824456810951233e-02,-1.452333293855190277e-02,2.307112514972686768e-02,9.671668708324432373e-02,1.709558442234992981e-02,-1.216873247176408768e-02,2.759565040469169617e-02,1.927210576832294464e-02,3.393394406884908676e-03,-6.760406773537397385e-03,-2.569614164531230927e-02,-9.359041228890419006e-03,-1.468162517994642258e-02,5.147802643477916718e-03,-1.743855141103267670e-02,1.202363055199384689e-02,4.227727651596069336e-03,1.721430383622646332e-02,1.720111258327960968e-02,-1.600237796083092690e-03,-3.788466006517410278e-02,-1.502953818999230862e-03,-8.818209171295166016e-03,-2.590719796717166901e-02,-2.367791347205638885e-02,9.260108694434165955e-03,1.119919121265411377e-02,-4.808133468031883240e-03,-8.145465515553951263e-03,1.538075041025876999e-02,5.418878421187400818e-02,1.998442225158214569e-02,-1.307891402393579483e-02,2.974579110741615295e-03,1.436503976583480835e-02,1.232702471315860748e-02,6.021708715707063675e-03,3.538495860993862152e-03,1.144322566688060760e-02,1.203682180494070053e-02,-1.786066591739654541e-02,1.204341743141412735e-02,-8.679702877998352051e-03,1.353730214759707451e-03,-2.949845744296908379e-03,1.197086647152900696e-02,-1.092217955738306046e-02,-2.214775234460830688e-02,2.755690366029739380e-04,1.448540831916034222e-03,2.277515159221366048e-04,-1.778151839971542358e-02,-1.210937276482582092e-02,1.382420770823955536e-02,-1.815086789429187775e-02,-1.347464509308338165e-02,-3.888718038797378540e-02,1.457609701901674271e-02,1.110685337334871292e-02,-1.606668345630168915e-02,2.024824265390634537e-03,-5.431409925222396851e-03,2.312388829886913300e-02,-8.495028130710124969e-03,-1.164109073579311371e-02,-1.813767710700631142e-03,-8.330140262842178345e-03,-2.388896979391574860e-02,-2.100013196468353271e-02,-2.902028383687138557e-03,-8.481836877763271332e-03,-4.345127940177917480e-02,-7.235284429043531418e-03,-2.742087002843618393e-03,-9.810834890231490135e-04,-2.479915134608745575e-02,-1.237978879362344742e-02,1.621178537607192993e-02,1.419355627149343491e-02,2.458809502422809601e-02,1.802431652322411537e-04,5.410386438597925007e-05,1.753088831901550293e-02,9.979019872844219208e-03,-1.282168831676244736e-02,1.013071741908788681e-02,2.687674015760421753e-03,-1.899509504437446594e-02,4.519249498844146729e-02,-1.586881838738918304e-02,7.413363084197044373e-03,-2.698886394500732422e-02,-1.520926691591739655e-02,7.136351428925991058e-03,8.435668423771858215e-03,1.981293782591819763e-02,-7.690375205129384995e-03,-3.871569642797112465e-03,1.970740966498851776e-02,1.399569120258092880e-02,5.467684939503669739e-03,-2.775394357740879059e-02,-2.176521159708499908e-02,6.602114532142877579e-03,-2.407364360988140106e-02,8.269131649285554886e-04,-6.216276669874787331e-04,2.785947173833847046e-02,-3.482434153556823730e-02,-2.786606783047318459e-03,2.243795432150363922e-02,-1.386378053575754166e-02,8.897354826331138611e-03,1.924572326242923737e-02,-2.466724067926406860e-02,-1.772875525057315826e-02,-1.778151839971542358e-02,-2.375705912709236145e-02,2.039334364235401154e-02,-1.105408929288387299e-02,2.031419798731803894e-02,-1.751769892871379852e-02,-3.296110546216368675e-03,1.695048296824097633e-03,-2.337451837956905365e-02,4.036457464098930359e-02,4.663032013922929764e-03,-2.687014453113079071e-02,-6.077770609408617020e-03,7.848667912185192108e-03,-2.051206305623054504e-02,-9.860300458967685699e-03,1.262217410840094090e-03,1.605184399522840977e-03,2.581486105918884277e-02,8.405164116993546486e-04,3.954013343900442123e-03,-1.770237274467945099e-02,-2.325579896569252014e-02,-4.158474504947662354e-03,6.391057744622230530e-03,-1.266999170184135437e-02,8.006960153579711914e-03,-3.144743293523788452e-02,-2.127714455127716064e-02,-7.591442205011844635e-03,-4.324022307991981506e-02,-3.200145810842514038e-02,-2.142224460840225220e-02,-4.174963571131229401e-03,6.730726920068264008e-03,1.669985428452491760e-02,2.987770130857825279e-03,-2.061759121716022491e-02,4.425593186169862747e-03,-1.071771793067455292e-02,1.657948596403002739e-03,1.395611837506294250e-02,-4.155176877975463867e-02,-1.594796404242515564e-02,9.913064539432525635e-03,4.954553768038749695e-02,3.382182121276855469e-02,2.960068918764591217e-02,9.121602401137351990e-03,6.443821825087070465e-03,2.915219403803348541e-02,4.132092464715242386e-03,-1.753088831901550293e-02,-1.430403208360075951e-04,-1.008454803377389908e-02,-2.057801932096481323e-02,1.441780384629964828e-02,3.250271826982498169e-02,2.700205519795417786e-02,2.602591738104820251e-02,2.392854169011116028e-02,2.436384744942188263e-02,6.892317440360784531e-03,1.396930869668722153e-02,-6.025006528943777084e-03,-1.154875382781028748e-02,-1.483991742134094238e-02,-4.270598292350769043e-03,-3.864974016323685646e-03,3.106489311903715134e-03,-1.762322708964347839e-02,6.776895606890320778e-04,-2.384939603507518768e-02,4.600374493747949600e-03,-2.555103972554206848e-02,3.756148042157292366e-03,-1.261063199490308762e-02,3.762083873152732849e-02,-3.986331447958946228e-02,3.735701739788055420e-02,-3.018109500408172607e-02,2.994365617632865906e-02,-5.975540261715650558e-03,2.994365617632865906e-02,9.180962108075618744e-03,-1.836192421615123749e-02,1.772875525057315826e-02,-7.690375205129384995e-03,7.222093176096677780e-03,-3.379543870687484741e-02,-3.055044263601303101e-02,7.657397538423538208e-03,1.382420770823955536e-02,-2.299197949469089508e-02,1.313827373087406158e-02,7.426554337143898010e-03,-6.156916730105876923e-03,-1.969422027468681335e-02,-3.104016068391501904e-04,-1.548627857118844986e-02,-2.355919405817985535e-02,1.321741938591003418e-02,4.161360266152769327e-04,-1.179278735071420670e-02,2.304474264383316040e-02,-1.849383488297462463e-02,5.352263804525136948e-03,-8.336735889315605164e-03,9.913064539432525635e-03,5.305435508489608765e-02,-1.148279849439859390e-02,2.386258728802204132e-02,6.773598026484251022e-03,2.267539314925670624e-02,-2.359876595437526703e-02,3.256537485867738724e-03,1.131131500005722046e-02,-1.502459216862916946e-02,2.344047464430332184e-02,2.820243872702121735e-02,9.385423734784126282e-03,-1.486629992723464966e-02,3.934226930141448975e-03,3.489029593765735626e-03,-6.212978623807430267e-03,-3.801657259464263916e-02,1.621178537607192993e-02,7.696970365941524506e-03,-1.798927783966064453e-03,-6.687856279313564301e-03,-2.038015285506844521e-03,3.864974016323685646e-03,-3.436265280470252037e-03,-1.914019510149955750e-02,2.501020766794681549e-02,-3.386799013242125511e-03,-2.255667373538017273e-02,-8.936927653849124908e-03,5.500662606209516525e-03,-3.350523486733436584e-02,2.812329307198524475e-02,-7.129755802452564240e-03,-3.266100957989692688e-02,1.057921256870031357e-02,-6.506479345262050629e-03,-9.484356269240379333e-03,1.790683367289602757e-03,-1.807172223925590515e-02,1.556542469188570976e-03,-1.341528538614511490e-02,2.394173294305801392e-02,1.927210576832294464e-02,1.319103781133890152e-02,-1.060559414327144623e-02,-2.367791347205638885e-02,-5.444600712507963181e-03,2.975898049771785736e-02,-2.778362249955534935e-03,6.120641715824604034e-03,-5.470982752740383148e-03,3.244995325803756714e-02,1.473438926041126251e-02,-1.125195529311895370e-02,6.546052638441324234e-03,-2.096055820584297180e-02,5.503960419446229935e-03,5.738101317547261715e-04,3.002280183136463165e-02,-2.313707955181598663e-02,-1.069133635610342026e-02,9.926255792379379272e-03,-1.797938533127307892e-02,-2.857178822159767151e-02,7.943477830849587917e-04,1.840149750933051109e-03,3.057682514190673828e-02,-2.394173294305801392e-02,-2.508935332298278809e-02,7.809094153344631195e-03,-1.387697178870439529e-02,2.365153096616268158e-02,4.583885427564382553e-03,-3.215974941849708557e-02,2.245774259790778160e-03,2.354600280523300171e-02,-3.851782903075218201e-02,1.272935140877962112e-02,-2.576209604740142822e-02,-7.947600446641445160e-03,-1.793981157243251801e-02,1.170704606920480728e-02,-1.183895627036690712e-03,-6.371271330863237381e-03,2.183116786181926727e-02,-2.880922704935073853e-02,-1.160151790827512741e-02,1.661246293224394321e-03,1.110685337334871292e-02,1.036815531551837921e-02,8.824803866446018219e-03,-1.515650283545255661e-02,-1.394292712211608887e-02,-8.448859676718711853e-03,7.386981043964624405e-03,-2.468043193221092224e-02,-1.055283006280660629e-02,2.764841541647911072e-02,-2.076269313693046570e-02,1.385058928281068802e-02,1.816405914723873138e-02,-3.548389300704002380e-02,1.503778342157602310e-02,8.316949009895324707e-03,-1.009114366024732590e-02,1.055942568928003311e-02,-2.741097658872604370e-02,-2.103970572352409363e-02,1.704282127320766449e-02,1.227426063269376755e-02,-3.076150082051753998e-02,-1.222149655222892761e-02,2.367791254073381424e-03,-2.291283197700977325e-02,-1.068474072962999344e-02,-5.665550939738750458e-03,-5.536938086152076721e-03,-2.070992998778820038e-02,5.025785416364669800e-03,3.332386026158928871e-03,2.263582125306129456e-02,3.686895128339529037e-03,-6.038197316229343414e-03,1.426280941814184189e-03,9.220534935593605042e-03,-1.530984765850007534e-03,-2.791223675012588501e-02,-2.242476493120193481e-02,1.274790120078250766e-04,3.577409312129020691e-02,-2.704162849113345146e-03,-6.463608704507350922e-03,-2.366142347455024719e-03,9.253513067960739136e-03,-3.635450080037117004e-02,-3.002610057592391968e-03,-2.702513942494988441e-03,1.494709518738090992e-03,-1.057756366208195686e-03,1.752759097144007683e-03,3.896632418036460876e-02,1.844106987118721008e-02,-8.824803866446018219e-03,-1.209618151187896729e-02,-7.790956879034638405e-04,-1.213575433939695358e-02,5.919478368014097214e-03,-2.151458337903022766e-02,7.888240739703178406e-03,7.921217940747737885e-03,-2.552465721964836121e-02,-1.932487078011035919e-02,1.950954459607601166e-02,-8.125679567456245422e-03,1.929848827421665192e-02,3.767360374331474304e-02,-1.088920142501592636e-02,1.878403685986995697e-02,4.996105562895536423e-03,-3.103191731497645378e-03,-6.361377891153097153e-03,-2.462766692042350769e-02,7.017632015049457550e-03,-1.807172223925590515e-02,9.934500121744349599e-05,-5.098335910588502884e-03,-5.718315020203590393e-03,-2.077588438987731934e-02,-8.897354826331138611e-03,1.659432612359523773e-02,1.654156111180782318e-02,-1.489268150180578232e-02,8.989692665636539459e-03,1.689771935343742371e-02,1.469481643289327621e-02,-6.381164304912090302e-03,3.200145810842514038e-02,2.565656788647174835e-03,-2.074290765449404716e-03,-1.148279849439859390e-02,1.337571255862712860e-02,-3.189592808485031128e-02,-2.218732610344886780e-02,1.997123099863529205e-02,-1.164768636226654053e-02,-1.528841257095336914e-02,3.901249496266245842e-03,-2.210817858576774597e-02,3.419776447117328644e-03,-2.485191449522972107e-02,-3.022396471351385117e-03,-4.165729880332946777e-02,-9.827323257923126221e-03,-1.141684316098690033e-02,-6.137130316346883774e-03,-6.513074971735477448e-03,2.036696299910545349e-02,1.285466644912958145e-02,7.334216963499784470e-03,-1.677899993956089020e-02,-7.828881032764911652e-03,-8.475241484120488167e-04,-3.151009092107415199e-03,-1.605349220335483551e-02,-1.319763343781232834e-02,-5.164291244000196457e-03,-2.756926976144313812e-02,1.663389801979064941e-02,1.229404751211404800e-02,-7.446340750902891159e-03,-5.540235899388790131e-03,1.101451646536588669e-02,-3.363714739680290222e-02,-9.062242694199085236e-03,2.148556262254714966e-01,-1.357357762753963470e-02,-7.659046095795929432e-04,1.222809217870235443e-02,7.881645113229751587e-03,-8.297163061797618866e-03,3.281930088996887207e-02,1.634369604289531708e-02,6.483395118266344070e-03,1.133110187947750092e-02,-3.471881151199340820e-02,-9.200748987495899200e-03,-1.088920142501592636e-02,8.396095596253871918e-03,2.625016495585441589e-02,-4.189473763108253479e-02,-1.324380189180374146e-02,1.266999170184135437e-02,-1.569733582437038422e-02,-1.556542422622442245e-02,-1.235010917298495770e-03,-7.980577647686004639e-03,-1.077707763761281967e-02,-1.720111258327960968e-02,3.400649502873420715e-02,1.830916106700897217e-02,-2.916868310421705246e-03,1.956230960786342621e-02,1.960188150405883789e-02,1.812118804082274437e-03,1.111344899982213974e-02,-2.674482995644211769e-03,1.428589411079883575e-02,-3.316226974129676819e-02,6.222872063517570496e-03,-6.397653371095657349e-03,2.081545814871788025e-02,4.616863094270229340e-03,8.785231038928031921e-03,-1.639645919203758240e-02,1.292721740901470184e-02,8.356522768735885620e-03,1.480034459382295609e-02,4.296980332583189011e-03,-1.203022617846727371e-02,3.260824456810951233e-02,-1.472119800746440887e-02,4.019968677312135696e-03,-1.527687069028615952e-03,-2.620069775730371475e-03,-2.238519117236137390e-02,6.892317323945462704e-04,1.961507275700569153e-02,1.189172081649303436e-02,5.339072551578283310e-03,-7.235284429043531418e-03,-1.735940575599670410e-02,3.005907637998461723e-03,6.028304342180490494e-03,-1.314486935734748840e-02,-5.428112111985683441e-03,1.900828629732131958e-02,-2.349323779344558716e-02,2.074950188398361206e-02,-3.793742507696151733e-02,2.296559698879718781e-02,-3.783189505338668823e-02,1.700324751436710358e-02,-1.030220091342926025e-02,-1.331635285168886185e-02,-1.543351449072360992e-02,-4.168367758393287659e-02,-1.634369604289531708e-02,2.885539550334215164e-03,-7.967386394739151001e-03,-5.985433235764503479e-03,3.408564254641532898e-02,-7.274857256561517715e-03,7.433149963617324829e-03,1.253808103501796722e-02,8.125679567456245422e-03,-1.952273584902286530e-02,-6.473501678556203842e-03,1.346804946660995483e-02,8.046532981097698212e-03,-3.091979213058948517e-02,3.150019794702529907e-02,1.031539123505353928e-02,-1.658113487064838409e-02,-3.825400955975055695e-03,1.084138406440615654e-03,-2.035377174615859985e-02,-5.071953870356082916e-03,-1.319763343781232834e-02,1.218522083945572376e-03,4.475059453397989273e-03,2.065716497600078583e-02,3.337332606315612793e-02,-1.444418681785464287e-03,1.672623679041862488e-02,-2.191031351685523987e-02,-6.595518905669450760e-03,3.973140567541122437e-02,6.315209437161684036e-03,-1.691091060638427734e-02,-5.411623045802116394e-03,7.789307739585638046e-03,2.741097658872604370e-02,3.317546099424362183e-03,-1.505097374320030212e-02,2.759565040469169617e-02,-5.009296815842390060e-03,-1.000045565888285637e-03,-5.708421580493450165e-03,2.873007953166961670e-02,-2.026143483817577362e-02,-3.202784061431884766e-02,-4.622139781713485718e-02,7.459532003849744797e-03,1.721430453471839428e-03,-7.512296084314584732e-03,7.215497549623250961e-03,-3.897951683029532433e-03,2.051206305623054504e-02,-1.779470965266227722e-02,-1.869169995188713074e-02,-2.605229988694190979e-02,4.109008237719535828e-03,1.154875382781028748e-02,-5.041614547371864319e-02,-1.080346014350652695e-02,1.326358877122402191e-02,2.365153096616268158e-02,-1.829596981406211853e-02,1.854659989476203918e-02,5.157695617526769638e-03,2.988594351336359978e-04,-8.976501412689685822e-03,-2.390216104686260223e-02,3.109787125140428543e-03,5.675443913787603378e-03,-3.947418183088302612e-03,1.125195529311895370e-02,1.892913877964019775e-02,2.399120014160871506e-03,-1.919296011328697205e-02,5.616084206849336624e-03,-3.587962361052632332e-03,-2.814967371523380280e-02,-3.804295137524604797e-02,-3.508815914392471313e-02,-2.145192585885524750e-03,8.745658211410045624e-03,-4.339851438999176025e-03,1.664708927273750305e-02,-1.542032323777675629e-02,-2.524764649569988251e-02,-2.138267271220684052e-02,7.156137842684984207e-03,1.477396208792924881e-02,-3.250271826982498169e-02,2.712077274918556213e-02,2.561699599027633667e-02,-3.664470463991165161e-02,-9.405209682881832123e-03,-1.298492774367332458e-03,-1.673678904771804810e-01,3.399990033358335495e-03,2.506297081708908081e-02,-4.547610413283109665e-03,8.237803354859352112e-03,-2.161681419238448143e-03,3.659193962812423706e-02,-1.458928734064102173e-02,-7.795903366059064865e-03,7.327621337026357651e-03,9.622861631214618683e-03,-2.003388945013284683e-03,-2.156734652817249298e-02,-1.647560670971870422e-02,-1.602711156010627747e-02,2.743735909461975098e-02,-1.266999170184135437e-02,2.288645133376121521e-03,2.111885137856006622e-02,2.514541614800691605e-03,3.157934546470642090e-02,-2.015590481460094452e-02,3.306003753095865250e-03,-1.514331158250570297e-02,1.119259558618068695e-02,1.873127371072769165e-02,-7.235284429043531418e-03,-2.722300356253981590e-03,-6.717536132782697678e-03,-1.311848685145378113e-02,-1.044070627540349960e-02,1.011752616614103317e-02,2.933686785399913788e-02,-1.684495434165000916e-02,1.440461352467536926e-02,-2.358557470142841339e-02,-6.034899968653917313e-03,1.535436790436506271e-02,7.703565992414951324e-03,1.989208534359931946e-02,-1.762652420438826084e-03,1.576329022645950317e-02,1.328337471932172775e-02,1.615902036428451538e-02,-2.343058120459318161e-03,7.261666469275951385e-03,1.383739896118640900e-02,-1.009114366024732590e-02,1.037475094199180603e-02,-2.613144554197788239e-02,-1.878403685986995697e-02,-2.472000569105148315e-02,-1.542032323777675629e-02,-6.483395118266344070e-03,1.251169946044683456e-02,3.190582152456045151e-03,-9.424996562302112579e-03,5.837033968418836594e-04,-1.323720626533031464e-02,-9.240321815013885498e-03,-1.584243588149547577e-02,5.480876192450523376e-03,2.915219403803348541e-02,-2.246433682739734650e-02,3.057682514190673828e-02,-1.660421839915215969e-03,-2.349323779344558716e-02,1.143003441393375397e-02,-3.223889693617820740e-02,1.695048436522483826e-02,-1.954911835491657257e-02,-9.517333470284938812e-03,1.796619407832622528e-02,-1.805853098630905151e-02,1.565776206552982330e-02,1.005816645920276642e-02,4.682818544097244740e-04,1.079026889055967331e-02,3.785827755928039551e-02,9.352445602416992188e-03,-9.339254349470138550e-03,3.769998624920845032e-02,-2.785947173833847046e-02,1.872509019449353218e-04,4.109008237719535828e-03,6.628496572375297546e-03,-9.728390723466873169e-03,-2.241157367825508118e-02,4.580588079988956451e-03,8.185039274394512177e-03,1.454971451312303543e-02,-1.464205235242843628e-02,1.131791062653064728e-02,-2.030100673437118530e-02,9.662435390055179596e-03,2.429789118468761444e-02,3.097255714237689972e-02,-1.582924509420990944e-03,1.150258537381887436e-02,-1.964145526289939880e-02,1.461566984653472900e-02,-2.791223675012588501e-02,-1.704282127320766449e-02,1.419355627149343491e-02,4.221132025122642517e-03,1.507076085545122623e-03,3.294461639598011971e-03,1.370548829436302185e-02,4.516611248254776001e-02,-8.125679567456245422e-03,-9.438187815248966217e-03,6.710940506309270859e-04,3.330737119540572166e-03,2.751650474965572357e-02,-1.330316159874200821e-02,1.226766500622034073e-02,1.609306596219539642e-02,-1.731983199715614319e-02,-1.818714314140379429e-03,9.392018429934978485e-03,6.278934329748153687e-02,5.147802643477916718e-03,-5.330003914423286915e-04,3.888058476150035858e-03,-1.226106937974691391e-02,-3.503539785742759705e-02,-1.073750481009483337e-01,6.814510925323702395e-06,1.784747466444969177e-02,9.616266936063766479e-03,6.117343902587890625e-03,1.524883974343538284e-02,8.475242182612419128e-03,-7.543624960817396641e-04,7.274857256561517715e-03,-6.097557023167610168e-03,-3.440222516655921936e-02,-1.647560670971870422e-02,-2.450894750654697418e-02,-3.746254835277795792e-03,7.532082498073577881e-03,-1.738578826189041138e-02,-3.330737119540572166e-03,-2.515530958771705627e-02,-1.754407957196235657e-02,2.506297081708908081e-02,-1.472119800746440887e-02,1.126514654606580734e-02,9.802590357139706612e-04,-1.605349220335483551e-02,8.072915486991405487e-03,-3.134520258754491806e-03,-3.065597265958786011e-02,1.390335336327552795e-02,1.538075041025876999e-02,8.466997533105313778e-04,1.998442225158214569e-03,5.912882741540670395e-03,5.438005086034536362e-03,-1.721430453471839428e-03,-2.020866982638835907e-02,-1.809810288250446320e-02,-1.821682229638099670e-02,-1.025603152811527252e-02,3.859697654843330383e-02,-1.404845528304576874e-02,1.578967273235321045e-02,1.692410185933113098e-02,1.869169995188713074e-02,-1.871808245778083801e-02,1.313167810440063477e-02,-4.600374493747949600e-03,6.500708404928445816e-04,2.520807273685932159e-02,2.274134941399097443e-02,6.658176425844430923e-03,-1.966783776879310608e-02,1.812118804082274437e-03,-2.205541543662548065e-02,-1.036815531551837921e-02,3.065597265958786011e-02,-1.903466694056987762e-02,-1.592158339917659760e-02,3.213336691260337830e-02,-1.303934119641780853e-02,-1.914349384605884552e-03,-6.265742704272270203e-03,-1.094856113195419312e-02,1.390335336327552795e-02,1.238638442009687424e-02,2.249071933329105377e-02,-5.602893419563770294e-03,8.145465515553951263e-03,-1.096834801137447357e-02,2.367791347205638885e-02,-3.742957022041082382e-03,1.162789948284626007e-02,-1.059240289032459259e-02,-1.415398344397544861e-02,2.382301352918148041e-02,-2.603910863399505615e-02,-1.199724897742271423e-02,-1.106728054583072662e-02,-2.681737951934337616e-02,-3.332386026158928871e-03,-3.255547955632209778e-02,-8.864377625286579132e-03,-1.650198735296726227e-02,2.878284454345703125e-02,-2.008995041251182556e-02,1.286126207560300827e-02,-2.977876691147685051e-03,1.266339607536792755e-02,-1.851691980846226215e-03,3.479795902967453003e-02,-1.633050478994846344e-02,1.882361061871051788e-02,1.774194650352001190e-02,9.959233924746513367e-03,-4.213217645883560181e-02,1.207639463245868683e-02,-4.926028195768594742e-04,-6.051388569176197052e-03,1.241936162114143372e-02,-1.172683294862508774e-02,4.666329827159643173e-03,-2.931048534810543060e-02,-4.207941237837076187e-03,-6.125918030738830566e-02,4.498143866658210754e-02,-1.239957567304372787e-02,-3.459349740296602249e-03,2.465404942631721497e-02,-2.400768920779228210e-02,4.785048775374889374e-03,-6.321805063635110855e-03,7.235284429043531418e-03,8.158656768500804901e-03,-1.937763392925262451e-02,4.622139781713485718e-02,-3.977922315243631601e-04,-9.906468912959098816e-03,-1.273594703525304794e-02,-4.755368921905755997e-03,1.371867954730987549e-02,1.548627857118844986e-02,2.291283197700977325e-02,-4.798240028321743011e-03,-1.365272421389818192e-02,3.419776447117328644e-03,-1.073090918362140656e-02,8.376308716833591461e-03,-2.301836153492331505e-03,1.688452810049057007e-02,-5.599595606327056885e-03,1.297998148947954178e-02,-8.323544636368751526e-03,-6.239360664039850235e-03,2.168276812881231308e-03,-1.158832665532827377e-02,7.651832129340618849e-05,5.266522057354450226e-03,1.530160382390022278e-02,-2.212136983871459961e-02,-8.237803354859352112e-03,7.090182974934577942e-03,2.470681443810462952e-02,2.912581153213977814e-02,-1.252489071339368820e-02,-2.458809502422809601e-02,1.473438926041126251e-02,-1.425951160490512848e-02,1.637007854878902435e-02,-1.369394594803452492e-03,-3.855080809444189072e-03,2.498382516205310822e-02,1.594796404242515564e-02,-1.055942568928003311e-02,1.177959702908992767e-02,2.828158438205718994e-02,-3.065267344936728477e-03,-1.381101645529270172e-02,3.080107271671295166e-03,-2.022186107933521271e-02,1.941720768809318542e-02,-5.718315020203590393e-03,5.764483474195003510e-03,-4.506058618426322937e-02,2.549827657639980316e-02,-4.300278145819902420e-03,-2.321622567251324654e-03,-1.286785770207643509e-02,1.472119800746440887e-02,-1.051325723528862000e-02,-6.018410902470350266e-03,8.185039274394512177e-03,1.962826400995254517e-02,-1.316465530544519424e-02,-1.474758051335811615e-02,-1.611944846808910370e-02,5.935966968536376953e-03,1.210937276482582092e-02,8.976501412689685822e-03,8.079510182142257690e-03,1.717473194003105164e-02,-3.973800223320722580e-03,-8.442264050245285034e-03,1.117115956731140614e-03,1.873127371072769165e-02,-4.448677413165569305e-03,-2.334813773632049561e-02,9.027616470120847225e-04,2.061759121716022491e-02,-1.696367375552654266e-02,9.174366481602191925e-03,-1.398249994963407516e-03,2.999312244355678558e-03,-7.762925699353218079e-03,8.679702877998352051e-03,2.680418826639652252e-02,7.756330072879791260e-03,-1.383739896118640900e-02,-2.468166894686874002e-05,1.953592710196971893e-02,1.135253696702420712e-03,1.065835822373628616e-02,2.399449795484542847e-02,2.923133969306945801e-02,-1.850702613592147827e-02,1.970740966498851776e-02,-7.063800934702157974e-03,-8.969905786216259003e-03,2.565656788647174835e-03,1.501140091568231583e-02,-6.786788813769817352e-03,-3.672384843230247498e-02,3.924333956092596054e-03,4.026564303785562515e-03,-2.080226689577102661e-02,6.117343902587890625e-03,1.714834943413734436e-02,1.439142227172851562e-02,8.422477170825004578e-03,2.704162709414958954e-02,-1.965464651584625244e-02,2.547519281506538391e-03,-2.384939603507518768e-02,2.286006882786750793e-02,2.570933289825916290e-02,1.055942568928003311e-02,-4.339851438999176025e-03,-4.234323278069496155e-03,2.627654746174812317e-02,9.312872774899005890e-03,6.090961862355470657e-03,1.166087761521339417e-02,-6.898912601172924042e-03,1.534117665141820908e-02,1.051985286176204681e-02,8.976501412689685822e-03,1.023624558001756668e-02,-1.209618151187896729e-02,-2.516602689865976572e-04,2.933686785399913788e-02,4.125496838241815567e-03,3.086702898144721985e-02,-6.767002400010824203e-03,6.220893561840057373e-02,1.626455038785934448e-02,-1.871808245778083801e-02,1.199065335094928741e-02,1.033517811447381973e-02,2.722630277276039124e-02,-1.040772907435894012e-02,2.712077274918556213e-02,-4.804835654795169830e-03,-3.052406199276447296e-02,4.835834354162216187e-02,-1.193129364401102066e-02,2.237199991941452026e-02,-1.129812374711036682e-02,-1.132450625300407410e-02,1.307891402393579483e-02,-1.122887129895389080e-03,6.767002400010824203e-03,-2.867731638252735138e-02,1.653826329857110977e-03,7.512296084314584732e-03,-2.407364314422011375e-03,5.596297793090343475e-03,-1.523564849048852921e-02,-3.039215132594108582e-02,-7.044014055281877518e-03,2.123757079243659973e-02,-4.498143866658210754e-02,8.857781998813152313e-03,-1.775513775646686554e-02,-1.228415407240390778e-03,3.489029593765735626e-03,-7.070396095514297485e-03,-2.618421055376529694e-02,9.260108694434165955e-03,-1.779470965266227722e-02,-7.720879511907696724e-04,-9.385423734784126282e-03,1.890275627374649048e-02,1.976017467677593231e-02,-9.767963550984859467e-03,9.200748987495899200e-03,-1.303934119641780853e-02,-1.639645919203758240e-02,4.611586779356002808e-02,1.193788927048444748e-02,-2.749012224376201630e-02,1.182576548308134079e-02,-6.654878612607717514e-03
-4.982726648449897766e-03,-4.328496288508176804e-03,-4.232013598084449768e-02,-3.116517141461372375e-02,-7.554217008873820305e-04,4.023188352584838867e-02,-1.624012133106589317e-03,-1.114835590124130249e-02,-6.370489019900560379e-03,1.399657223373651505e-02,-4.526747856289148331e-03,5.894684698432683945e-03,1.032230630517005920e-02,-4.724999424070119858e-03,-1.551650185137987137e-02,-2.709440328180789948e-02,1.370580308139324188e-02,1.555615197867155075e-02,1.130034867674112320e-02,-1.315730623900890350e-02,-1.617734134197235107e-02,-1.042804121971130371e-02,-1.534468401223421097e-02,-1.944188587367534637e-02,2.684658858925104141e-03,1.326304115355014801e-02,1.135982386767864227e-02,-1.061307545751333237e-02,-1.683817990124225616e-02,-1.999699138104915619e-02,-4.573006648570299149e-03,3.091074991971254349e-03,-4.054908826947212219e-02,-2.808566205203533173e-03,-3.552671149373054504e-02,7.236188277602195740e-03,1.164398528635501862e-02,-4.771258216351270676e-03,9.106363169848918915e-03,-2.003994537517428398e-03,9.159229695796966553e-03,3.608181374147534370e-03,8.055628277361392975e-03,-9.066712111234664917e-03,-1.083115302026271820e-02,-1.110209710896015167e-02,-9.324439801275730133e-03,-1.169024407863616943e-02,-4.113062471151351929e-02,1.026943977922201157e-02,1.871496252715587616e-02,-1.209335587918758392e-02,-2.080321498215198517e-02,2.801957726478576660e-02,-8.927936665713787079e-03,-8.954369463026523590e-03,1.636237651109695435e-02,9.027061983942985535e-03,-2.476825006306171417e-02,4.447447136044502258e-03,5.197499413043260574e-03,8.835419081151485443e-03,-9.370698593556880951e-03,-7.302272133529186249e-03,-8.042411878705024719e-03,-3.054315748158842325e-04,-1.148538384586572647e-02,-1.225195731967687607e-02,-1.572797074913978577e-02,1.020170398987829685e-03,4.916642978787422180e-02,3.243398293852806091e-02,2.977080177515745163e-03,-2.092216536402702332e-02,4.107114858925342560e-03,-4.657594114542007446e-02,-2.379020676016807556e-03,-2.063139714300632477e-02,-1.032891497015953064e-02,1.436664164066314697e-02,-1.944518997333943844e-03,-6.106153130531311035e-03,-2.135832048952579498e-02,-4.596136044710874557e-03,2.031419426202774048e-02,-2.644678018987178802e-02,1.760475337505340576e-02,1.866209693253040314e-02,1.452524308115243912e-02,-2.071069739758968353e-02,1.872817985713481903e-02,4.768614843487739563e-02,1.589978858828544617e-02,-2.328797057271003723e-02,-1.602534786798059940e-03,1.875461451709270477e-02,-2.717370353639125824e-02,2.109398320317268372e-02,6.459702271968126297e-03,-1.200083829462528229e-02,-2.741160616278648376e-02,-7.170104421675205231e-03,-5.646870005875825882e-03,3.984859678894281387e-03,-2.135832048952579498e-02,-3.505090624094009399e-02,2.393559180200099945e-02,-1.170346047729253769e-02,3.695412352681159973e-02,-1.826559193432331085e-02,-7.969719357788562775e-03,4.498992487788200378e-02,-1.081793569028377533e-02,-3.550027683377265930e-02,7.652516942471265793e-03,-1.788230612874031067e-02,1.969300583004951477e-02,-2.394880913197994232e-02,-8.253880776464939117e-03,3.114204155281186104e-03,-2.735873917117714882e-03,2.466251514852046967e-02,1.546363532543182373e-02,-2.240244485437870026e-02,8.240663446485996246e-03,-6.852901540696620941e-03,-1.179597806185483932e-02,2.527709584683179855e-03,-1.715538278222084045e-02,-2.656573196873068810e-03,7.639300078153610229e-03,2.147727087140083313e-02,4.773901775479316711e-02,1.326964888721704483e-02,1.682496257126331329e-02,3.090083599090576172e-02,-7.698775269091129303e-03,-6.211887579411268234e-03,-6.565436255186796188e-03,-1.879426464438438416e-02,9.958845563232898712e-03,9.542516432702541351e-03,-1.698356494307518005e-02,4.675436764955520630e-03,6.201975047588348389e-03,5.068636033684015274e-03,1.303174719214439392e-02,1.645489409565925598e-02,-1.619055867195129395e-02,-7.044544909149408340e-03,7.196537684649229050e-03,-1.593943871557712555e-02,3.285691887140274048e-02,-2.685650065541267395e-02,3.753566183149814606e-03,1.797482371330261230e-02,2.866389695554971695e-03,1.447237655520439148e-02,-2.412062697112560272e-02,-2.709440328180789948e-02,-1.555615197867155075e-02,1.842419430613517761e-02,3.576461225748062134e-02,-1.339520886540412903e-02,5.514702294021844864e-03,3.055720031261444092e-02,3.115856321528553963e-03,-2.876302227377891541e-03,-5.577481817454099655e-03,-8.888285607099533081e-03,1.745936833322048187e-02,8.458740077912807465e-03,-3.193174675107002258e-02,1.833167672157287598e-02,-1.685139723122119904e-02,2.762307412922382355e-02,7.692167069762945175e-03,-7.018111180514097214e-03,-3.634614869952201843e-02,8.425698615610599518e-03,-2.680363319814205170e-02,-1.028265617787837982e-02,1.802769117057323456e-02,3.338558971881866455e-02,-2.384307421743869781e-02,-1.613769121468067169e-02,2.445104718208312988e-02,3.253971785306930542e-02,1.026283111423254013e-02,-1.554293558001518250e-02,2.570664137601852417e-02,2.322849351912736893e-03,-3.179957717657089233e-02,-2.329457784071564674e-03,-6.377890110015869141e-01,-2.236279472708702087e-02,-4.734911955893039703e-03,-4.516835324466228485e-03,-1.056681759655475616e-02,-1.212639734148979187e-02,1.403622236102819443e-02,8.379439823329448700e-03,-1.514643244445323944e-02,1.047430001199245453e-02,-1.301852986216545105e-02,2.155657112598419189e-02,-9.193923906423151493e-04,-1.414195634424686432e-02,4.245891235768795013e-03,-1.026943977922201157e-02,-1.797482371330261230e-02,-1.276741176843643188e-02,2.006307430565357208e-02,-1.071220170706510544e-02,-3.251328319311141968e-02,-1.621699146926403046e-02,2.757020667195320129e-02,-7.361747324466705322e-03,1.110209734179079533e-03,-2.668468281626701355e-02,2.549517154693603516e-02,-8.366223424673080444e-03,-1.789552345871925354e-02,1.290618721395730972e-02,-4.120992496609687805e-02,2.942055650055408478e-02,8.703251369297504425e-03,1.653419435024261475e-02,2.607671171426773071e-02,6.750471424311399460e-03,-3.470727056264877319e-02,7.269230205565690994e-03,1.720825023949146271e-02,4.380041360855102539e-02,3.163767280057072639e-03,-3.682195395231246948e-02,1.849027723073959351e-02,-1.387762092053890228e-02,-6.965244188904762268e-03,2.414705976843833923e-02,3.327985852956771851e-02,9.489649906754493713e-03,-6.509264931082725525e-03,-5.551048554480075836e-03,-6.472919136285781860e-03,-2.361838892102241516e-02,-1.628307625651359558e-02,3.201104700565338135e-02,-1.354720164090394974e-02,2.722657099366188049e-02,4.657594114542007446e-02,-2.278573252260684967e-02,9.476432576775550842e-03,-3.697394859045743942e-03,1.775013841688632965e-02,2.569342404603958130e-02,-1.677209697663784027e-02,-5.884772166609764099e-03,-2.245531231164932251e-02,-1.508034858852624893e-02,1.022978965193033218e-02,1.120783109217882156e-02,1.875461451709270477e-02,-1.074524410068988800e-02,5.610523745417594910e-03,1.317052356898784637e-02,6.370489019900560379e-03,-3.680873662233352661e-03,-1.277401950210332870e-02,3.223655803594738245e-04,2.172838896512985229e-02,2.132858149707317352e-03,-2.096512122079730034e-03,2.350935013964772224e-03,1.567014725878834724e-03,-1.338860020041465759e-02,-1.465741079300642014e-02,-2.071069739758968353e-02,3.016069717705249786e-02,-1.319034863263368607e-02,-2.291790023446083069e-02,-5.455226637423038483e-03,1.534468401223421097e-02,-3.776695346459746361e-03,-6.697604432702064514e-03,-6.320925895124673843e-03,1.451367861591279507e-03,-1.734041795134544373e-02,3.452223539352416992e-02,-6.436572875827550888e-03,-8.068845607340335846e-03,2.306328527629375458e-02,2.589167654514312744e-02,-1.145895011723041534e-02,5.375925917178392410e-03,-3.198461234569549561e-02,2.649964764714241028e-02,-9.192272089421749115e-03,-3.281066194176673889e-03,1.257576793432235718e-02,-3.182601183652877808e-02,-1.773692108690738678e-02,3.156167641282081604e-02,-3.465440124273300171e-02,-1.196779590100049973e-02,1.149860024452209473e-02,1.362650189548730850e-02,1.458802260458469391e-03,-5.736083257943391800e-03,-2.026132680475711823e-02,9.991887025535106659e-03,3.058445872738957405e-04,1.661349460482597351e-02,-1.868852972984313965e-02,2.400167658925056458e-02,-7.976328022778034210e-03,3.446275833994150162e-03,-1.702321507036685944e-02,2.735873870551586151e-02,2.150370366871356964e-02,-5.038897972553968430e-03,-1.133999880403280258e-02,-9.648250415921211243e-03,-1.702321507036685944e-02,-2.486407058313488960e-03,1.755188591778278351e-02,2.126580290496349335e-02,-1.120783109217882156e-02,1.493496354669332504e-02,-4.592831712216138840e-03,1.412873994559049606e-02,-8.247272111475467682e-03,4.218796640634536743e-02,-1.461776066571474075e-02,5.785646382719278336e-03,5.243758205324411392e-03,5.389142781496047974e-03,-2.638069726526737213e-02,-2.151692099869251251e-02,-4.210866615176200867e-02,-2.097503282129764557e-02,-2.109398320317268372e-02,-4.565076529979705811e-02,-1.431542681530117989e-03,-7.455091108568012714e-04,-1.550328545272350311e-02,-2.915622107684612274e-02,-2.735873870551586151e-02,8.621885353932157159e-05,-1.498452620580792427e-03,2.008950803428888321e-03,1.876782998442649841e-02,-1.241551479324698448e-03,-1.447237655520439148e-02,6.697604432702064514e-03,8.022586815059185028e-03,-3.497160598635673523e-02,-1.923041790723800659e-02,2.205880917608737946e-02,-1.352076791226863861e-02,2.585202641785144806e-02,7.653342909179627895e-04,-9.423565119504928589e-03,-2.080321498215198517e-02,1.289297081530094147e-02,1.613769121468067169e-02,-2.122615091502666473e-02,1.956083811819553375e-02,2.130545303225517273e-02,5.147936753928661346e-03,-1.871496252715587616e-02,-1.016370579600334167e-02,-1.214622240513563156e-02,2.979062683880329132e-02,1.642845943570137024e-02,-5.497355014085769653e-04,-2.749090641736984253e-02,-1.956083811819553375e-02,5.204108078032732010e-03,-1.693069748580455780e-02,4.615961108356714249e-03,-5.505615845322608948e-04,-8.267097175121307373e-03,5.078548565506935120e-03,-7.969719357788562775e-03,2.521101152524352074e-03,1.630950905382633209e-02,3.571835346519947052e-03,1.261541806161403656e-02,2.141118608415126801e-02,3.111230395734310150e-02,8.111799834296107292e-04,1.118139736354351044e-02,2.274608239531517029e-02,1.716860011219978333e-02,-1.058003399521112442e-02,5.656782537698745728e-02,-3.177314251661300659e-02,2.266678027808666229e-02,-3.076866827905178070e-02,1.138625759631395340e-02,-6.872726604342460632e-03,1.703643240034580231e-02,-9.958845563232898712e-03,-1.231143251061439514e-02,-5.408307164907455444e-02,-1.398335490375757217e-02,1.782943867146968842e-02,-8.055628277361392975e-03,2.817817963659763336e-02,-1.124087348580360413e-02,2.026132680475711823e-02,1.058664266020059586e-02,-2.991948975250124931e-03,8.577691391110420227e-03,3.677569562569260597e-03,2.351265586912631989e-02,1.782943867146968842e-02,-2.833678014576435089e-02,-2.009363815886899829e-04,1.933615282177925110e-02,1.670601218938827515e-02,2.281216531991958618e-02,1.139947446063160896e-03,-1.065272651612758636e-02,-2.673094160854816437e-03,1.149860024452209473e-02,9.311222471296787262e-03,1.504069752991199493e-02,8.808985352516174316e-03,2.360517345368862152e-02,-2.838964760303497314e-02,4.206240642815828323e-03,-1.519929897040128708e-02,2.348622120916843414e-02,2.593132667243480682e-02,-8.871764875948429108e-04,-1.032891497015953064e-02,-8.742901496589183807e-03,-1.108887977898120880e-02,3.034573048353195190e-02,1.071881037205457687e-02,5.745995789766311646e-03,-3.048120299354195595e-03,1.923041790723800659e-02,-5.878163967281579971e-03,-1.944188587367534637e-02,-1.513321511447429657e-02,6.036764942109584808e-03,-3.364992514252662659e-02,1.685139723122119904e-02,1.011083833873271942e-03,1.451202668249607086e-02,2.338048815727233887e-02,7.672342006117105484e-03,-9.291397407650947571e-03,-2.952298615127801895e-03,1.482922956347465515e-02,2.315580286085605621e-02,-6.806642748415470123e-03,-1.917755044996738434e-02,-7.587259169667959213e-04,-7.645908277481794357e-03,-1.864887960255146027e-02,-1.723468303680419922e-02,2.483433298766613007e-02,6.773600820451974869e-03,5.973985418677330017e-03,-9.635034017264842987e-03,1.567510329186916351e-02,-3.599507908802479506e-04,1.331590814515948296e-03,3.079510107636451721e-02,7.520348764955997467e-03,-2.471538260579109192e-02,-1.305157225579023361e-02,1.018353085964918137e-02,-1.038839016109704971e-02,-1.749901846051216125e-02,6.066503003239631653e-03,-4.607370123267173767e-02,2.141118608415126801e-02,-2.759664133191108704e-02,-1.138295396231114864e-03,-2.169204410165548325e-03,3.986181318759918213e-02,-6.007027346640825272e-03,-1.572797074913978577e-02,-1.398335490375757217e-02,-1.174971926957368851e-02,1.129374001175165176e-02,-2.184734120965003967e-02,2.960559166967868805e-02,6.628216244280338287e-03,-1.862244494259357452e-02,1.393048837780952454e-02,3.727132454514503479e-03,9.456607513129711151e-03,3.378209471702575684e-02,7.256013341248035431e-03,7.513740565627813339e-03,3.591660410165786743e-03,-5.460183019749820232e-04,-2.849538251757621765e-02,-1.582048833370208740e-02,-8.888285607099533081e-03,-5.019072908908128738e-03,-1.317713130265474319e-02,-4.672132432460784912e-03,-2.178125642240047455e-02,-9.212097153067588806e-03,-1.322339009493589401e-02,6.099544931203126907e-03,1.451202668249607086e-02,3.271153429523110390e-03,-1.971943862736225128e-02,-7.520348764955997467e-03,3.161454200744628906e-02,9.183020144701004028e-02,1.137964893132448196e-02,-4.487097263336181641e-03,3.830223530530929565e-02,1.658706180751323700e-02,1.850349456071853638e-02,7.128801662474870682e-04,-1.720825023949146271e-02,-1.549667678773403168e-03,-1.619055867195129395e-02,1.410065451636910439e-03,-9.212097153067588806e-03,1.584692113101482391e-02,-2.113033086061477661e-03,1.274097803980112076e-02,8.731336565688252449e-04,-1.276741176843643188e-02,-1.989125646650791168e-02,-1.216604746878147125e-02,-1.268811058253049850e-02,-2.762307412922382355e-02,-1.134660746902227402e-02,1.063950918614864349e-02,3.180288244038820267e-03,-2.934125484898686409e-03,-1.181580312550067902e-02,-4.411100875586271286e-03,3.766782954335212708e-02,1.030908990651369095e-02,-2.190020680427551270e-02,-6.373792886734008789e-03,9.621817618608474731e-03,1.350755151361227036e-02,1.638880930840969086e-02,-1.564867049455642700e-02,7.612866349518299103e-03,1.289957948029041290e-02,8.267097175121307373e-03,3.407286480069160461e-02,3.552010050043463707e-03,5.012464709579944611e-03,1.741971820592880249e-02,1.333573274314403534e-02,-6.697604432702064514e-03,-7.725208997726440430e-03,1.202066335827112198e-02,2.540926449000835419e-03,-5.276800133287906647e-03,-1.533146668225526810e-02,-1.211318094283342361e-02,2.224384434521198273e-02,-2.302363328635692596e-02,-9.701117873191833496e-03,-3.232824802398681641e-02,7.546782493591308594e-03,2.324501518160104752e-03,-2.305006794631481171e-02,-8.167970925569534302e-03,-8.643775247037410736e-03,1.808055862784385681e-02,-1.403622236102819443e-02,-1.492174714803695679e-02,2.460964769124984741e-02,9.687901474535465240e-03,-2.504580095410346985e-02,-2.668137894943356514e-03,-9.317831136286258698e-03,1.426090765744447708e-02,-3.579104691743850708e-02,-1.697034761309623718e-02,-1.953440345823764801e-02,1.120122242718935013e-02,-1.889999769628047943e-02,-4.556485451757907867e-03,2.541587129235267639e-02,1.500104740262031555e-02,3.695412352681159973e-02,6.241625174880027771e-03,2.953950781375169754e-03,2.377699129283428192e-02,9.631729917600750923e-04,-9.066712111234664917e-03,1.360006909817457199e-02,6.192062515765428543e-03,-1.130695734173059464e-02,2.186055667698383331e-02,-7.037936244159936905e-03,2.018863335251808167e-03,-4.422335326671600342e-02,-5.934335291385650635e-03,3.740349318832159042e-03,1.223213132470846176e-02,1.941545307636260986e-02,1.269471924751996994e-02,-6.608390831388533115e-04,4.384667612612247467e-03,2.024810947477817535e-02,1.187527831643819809e-02,-2.426601201295852661e-02,-8.670208975672721863e-03,1.220900216139853001e-03,-1.098314579576253891e-02,1.167041808366775513e-02,-5.356100853532552719e-03,3.343845903873443604e-02,-2.122615091502666473e-02,-5.402359645813703537e-03,3.396712988615036011e-02,-2.024852292379364371e-04,6.238321308046579361e-03,1.052055880427360535e-02,-2.248174697160720825e-02,1.994082005694508553e-03,-2.671111561357975006e-02,-3.135020658373832703e-02,3.228198969736695290e-03,-1.571475341916084290e-02,2.796670980751514435e-02,-4.665524233132600784e-03,-1.441950909793376923e-02,9.476432576775550842e-03,-2.791384421288967133e-02,3.986181318759918213e-02,5.762516986578702927e-03,-2.480790019035339355e-02,1.193475443869829178e-02,1.011083833873271942e-02,-3.946531191468238831e-02,6.515873596072196960e-03,1.432699151337146759e-02,-1.461776066571474075e-02,2.809887938201427460e-02,7.532533345511183143e-05,-2.418671036139130592e-03,-3.462797030806541443e-02,-3.185244277119636536e-02,1.987473573535680771e-03,1.880748011171817780e-02,-8.630558848381042480e-03,4.908712953329086304e-02,-1.769727095961570740e-02,-9.179054759442806244e-03,-8.022586815059185028e-03,-2.889188565313816071e-02,-2.591810934245586395e-02,-2.931482158601284027e-02,-3.512359922751784325e-03,-6.714125163853168488e-03,1.357363536953926086e-02,1.310443971306085587e-02,-1.784265600144863129e-02,1.658706180751323700e-02,-2.973775938153266907e-02,-1.378510333597660065e-02,1.508365268819034100e-03,-2.494006790220737457e-02,1.019674725830554962e-02,9.112970903515815735e-03,4.261090606451034546e-02,4.517496004700660706e-02,4.319244250655174255e-02,1.101618818938732147e-02,2.036706171929836273e-02,1.608482375741004944e-02,3.307499689981341362e-03,-3.760587424039840698e-04,-2.881258539855480194e-02,6.148901593405753374e-05,-3.499803692102432251e-02,2.379020676016807556e-02,3.298908844590187073e-02,1.759153604507446289e-02,1.815985888242721558e-02,1.967978850007057190e-02,1.289297081530094147e-02,9.635034017264842987e-03,1.329608261585235596e-02,-4.870384000241756439e-03,-1.287975441664457321e-02,-2.593132667243480682e-02,-7.467481773346662521e-03,-6.918985396623611450e-03,1.272776070982217789e-02,-1.621699146926403046e-02,-4.233500512782484293e-04,-7.824335247278213501e-03,7.348530925810337067e-03,1.122765615582466125e-02,-9.264964610338211060e-03,-9.872935712337493896e-03,2.754377387464046478e-02,-3.327985852956771851e-02,4.171216487884521484e-02,-1.515964884310960770e-02,1.394370477646589279e-02,-9.251747396774590015e-04,2.754377387464046478e-02,-8.313355967402458191e-03,-1.700999774038791656e-02,8.379439823329448700e-03,-2.990296809002757072e-03,2.339370362460613251e-02,-2.809887938201427460e-02,-3.917454183101654053e-02,-1.749901846051216125e-02,1.332912500947713852e-02,-8.511607535183429718e-03,-2.327475324273109436e-02,1.261541806161403656e-02,-8.647698996355757117e-05,-3.338558971881866455e-02,-2.197290072217583656e-03,-1.460454426705837250e-02,-4.335104301571846008e-02,1.374545320868492126e-02,-1.203387975692749023e-02,-2.260069735348224640e-02,1.242377515882253647e-02,-1.911146752536296844e-02,2.045297063887119293e-03,1.526538282632827759e-03,-1.183727988973259926e-03,3.468083590269088745e-02,-3.292630892246961594e-03,6.373792886734008789e-03,1.465741079300642014e-02,1.743293553590774536e-02,-1.744615286588668823e-02,1.177615299820899963e-02,2.119641518220305443e-03,-1.178276073187589645e-02,1.166381035000085831e-02,4.456698894500732422e-02,-2.944038249552249908e-03,1.218422083184123039e-03,1.576762087643146515e-02,-4.523443523794412613e-03,-1.468384452164173126e-02,-3.594964742660522461e-02,8.881677873432636261e-03,2.249496243894100189e-02,-2.415366936475038528e-03,-1.527860015630722046e-02,-9.106363169848918915e-03,5.845122039318084717e-03,-7.361747324466705322e-03,-2.673755027353763580e-02,1.157129276543855667e-02,2.410410670563578606e-03,-2.870685048401355743e-02,-4.701870027929544449e-03,1.493496354669332504e-02,-3.230181336402893066e-02,1.978552341461181641e-02,-5.315624293871223927e-04,-4.253160580992698669e-02,8.980803191661834717e-03,-8.921328000724315643e-03,-5.303233861923217773e-03,7.090803701430559158e-03,-3.790573030710220337e-02,1.913790032267570496e-02,-1.141929998993873596e-02,-1.682496257126331329e-02,1.502748113125562668e-02,8.392656221985816956e-03,-1.956083811819553375e-02,-2.952629141509532928e-02,4.939772188663482666e-04,2.838964760303497314e-02,-1.999699138104915619e-02,1.510678138583898544e-02,-1.269471924751996994e-02,1.876782998442649841e-02,5.118198692798614502e-03,1.603195630013942719e-02,1.085097808390855789e-02,-8.736292831599712372e-03,-1.267489418387413025e-02,1.409239368513226509e-03,-3.072901745326817036e-04,1.250968407839536667e-02,-2.404132671654224396e-02,-5.894684698432683945e-03,-1.591300591826438904e-02,-4.060195386409759521e-02,-3.588356310501694679e-03,9.060104377567768097e-03,2.398845925927162170e-02,-3.201104700565338135e-02,-4.451412335038185120e-02,-4.675436764955520630e-03,-2.230992726981639862e-02,2.265356481075286865e-02,-1.855305745266377926e-03,-2.385629154741764069e-02,1.280706189572811127e-02,3.375566005706787109e-02,-9.020453318953514099e-03,2.265356481075286865e-02,-2.307650074362754822e-02,-1.463097799569368362e-02,-1.689104735851287842e-02,-6.938810460269451141e-03,-1.371901948004961014e-02,-4.992639180272817612e-03,2.677720040082931519e-02,-1.780300587415695190e-02,-1.551650185137987137e-02,1.297227106988430023e-02,-1.029587350785732269e-02,9.258355945348739624e-03,1.945510320365428925e-02,-3.137664124369621277e-02,3.753566183149814606e-03,-2.569342404603958130e-02,1.383797079324722290e-02,-1.604517363011837006e-02,-2.048601210117340088e-02,3.380852937698364258e-02,-2.482111565768718719e-02,-9.674684144556522369e-03,2.936768904328346252e-02,-2.676398307085037231e-02,9.258355945348739624e-03,1.790873892605304718e-02,-1.431377511471509933e-02,2.109398320317268372e-02,-3.618754819035530090e-02,-2.075034752488136292e-02,-7.488133269362151623e-04,5.250366404652595520e-03,-2.735873870551586151e-02,-2.267999760806560516e-02,5.346188321709632874e-03,-1.870174705982208252e-02,-1.170346047729253769e-02,2.673094160854816437e-03,2.208854770287871361e-03,-4.493705928325653076e-03,1.839775964617729187e-02,2.265356481075286865e-02,2.574629150331020355e-02,2.149048820137977600e-02,-8.683425374329090118e-03,8.709859102964401245e-03,-2.810218371450901031e-03,-1.796160638332366943e-02,-2.757020667195320129e-02,-3.061006776988506317e-02,-1.849027723073959351e-02,2.219097688794136047e-02,1.693069748580455780e-02,-1.165059302002191544e-02,-9.463216178119182587e-03,6.710820831358432770e-03,-4.530712962150573730e-02,-4.171546897850930691e-04,-9.033670648932456970e-03,6.106153130531311035e-03,5.792254582047462463e-03,1.240395009517669678e-02,2.963202446699142456e-02,1.163076795637607574e-02,5.775733850896358490e-03,-5.015768576413393021e-03,-2.094860002398490906e-02,-2.260069735348224640e-02,2.351265586912631989e-02,-1.695713214576244354e-02,1.191492937505245209e-02,5.653478670865297318e-03,-1.420804020017385483e-02,-7.559999357908964157e-03,1.377188693732023239e-02,2.706136088818311691e-03,8.108495734632015228e-03,3.005496226251125336e-02,-2.831695601344108582e-03,-5.845122039318084717e-03,-8.333181031048297882e-03,-2.225375734269618988e-03,4.625873640179634094e-03,-1.595265604555606842e-02,-2.008950896561145782e-02,-1.482922956347465515e-02,6.938810460269451141e-03,4.229370038956403732e-03,1.247664261609315872e-02,-3.264545276761054993e-02,7.830942980945110321e-03,2.912978827953338623e-02,3.492534626275300980e-03,-1.606665086001157761e-03,4.212849307805299759e-03,2.167552150785923004e-02,2.697545289993286133e-02,-3.923732147086411715e-04,3.785286471247673035e-02,3.822954138740897179e-03,5.405663978308439255e-03,-6.621607579290866852e-03,-1.866209693253040314e-02,-2.981705963611602783e-02,-7.685558870434761047e-03,2.735873870551586151e-02,-1.171006914228200912e-02,-9.879544377326965332e-03,2.190681640058755875e-03,7.360095623880624771e-04,-1.267984975129365921e-03,-1.679852977395057678e-02,-7.817726582288742065e-03,-1.868852972984313965e-02,-5.917814094573259354e-03,-5.276800133287906647e-03,-1.603195630013942719e-02,-1.056681759655475616e-02,2.051244489848613739e-02,2.207202650606632233e-02,-8.571082726120948792e-03,-2.032741159200668335e-02,-1.230812864378094673e-03,-1.570153608918190002e-02,-1.324321515858173370e-02,-3.614789806306362152e-03,-3.330628946423530579e-02,-6.172236986458301544e-03,-2.500615082681179047e-02,6.152411922812461853e-03,-4.034422803670167923e-03,-1.752545312047004700e-02,5.425489041954278946e-03,3.378209471702575684e-02,-2.330118604004383087e-02,-1.555615197867155075e-02,1.989918649196624756e-01,-2.620887942612171173e-02,-1.629629172384738922e-02,1.523895002901554108e-02,4.189719911664724350e-03,1.046108268201351166e-02,2.968489192426204681e-02,9.094798006117343903e-04,4.553181584924459457e-03,1.903216540813446045e-02,-3.235468268394470215e-02,-9.112970903515815735e-03,-1.213465817272663116e-03,4.853863269090652466e-03,2.352587133646011353e-02,-2.870685048401355743e-02,-1.126730628311634064e-02,-8.648731745779514313e-04,-1.186206191778182983e-02,-1.649454422295093536e-02,2.433540066704154015e-03,-1.621699146926403046e-02,7.057761773467063904e-03,-3.066293336451053619e-02,1.555615197867155075e-02,1.560901943594217300e-02,-8.458740194328129292e-04,2.738517150282859802e-02,2.751733921468257904e-02,8.868460543453693390e-03,1.104262098670005798e-02,-2.430235734209418297e-03,-1.332416781224310398e-03,-3.005496226251125336e-02,1.551650185137987137e-02,-1.129374001175165176e-02,1.153164263814687729e-02,-4.556485451757907867e-03,2.051244489848613739e-02,8.606397022958844900e-05,1.650776155292987823e-02,-6.909898947924375534e-04,4.817517008632421494e-03,-2.470216527581214905e-02,-7.632691413164138794e-03,2.396202646195888519e-02,-3.238111501559615135e-03,1.127391494810581207e-02,1.230812864378094673e-03,4.140156786888837814e-03,-2.799314446747303009e-02,2.060165861621499062e-03,3.412573039531707764e-02,1.053377520292997360e-02,-4.741520620882511139e-03,-6.985069252550601959e-03,-8.115104399621486664e-03,1.547685172408819199e-02,8.075453341007232666e-03,-6.261450238525867462e-03,-7.771467790007591248e-03,8.339789696037769318e-03,-1.269471924751996994e-02,1.839775964617729187e-02,-9.192272089421749115e-03,1.596587337553501129e-02,-3.613468259572982788e-02,4.966205917298793793e-03,-4.738216288387775421e-03,-3.172027692198753357e-02,-2.968489192426204681e-02,-1.900573261082172394e-02,4.910034593194723129e-03,1.641524396836757660e-02,7.897026836872100830e-03,-7.170104421675205231e-03,2.770237438380718231e-02,-6.400226615369319916e-03,-5.749300122261047363e-03,5.316450726240873337e-03,2.312936820089817047e-02,-2.597097679972648621e-02,9.853110648691654205e-03,1.172989420592784882e-02,1.804090687073767185e-03,-1.415517367422580719e-02,1.349433418363332748e-02,7.764859590679407120e-03,-5.263583268970251083e-03,-1.296566333621740341e-02,7.526957429945468903e-03,-3.201104700565338135e-02,-1.806734129786491394e-02,2.153922396246343851e-04,-6.003723014146089554e-03,1.666636206209659576e-02,2.775524277240037918e-03,3.383496031165122986e-02,-1.282027806155383587e-03,1.152503397315740585e-02,-1.904538273811340332e-02,-4.179807379841804504e-03,1.981195621192455292e-02,6.172236986458301544e-03,-1.237751636654138565e-02,-2.676398260518908501e-03,7.579824421554803848e-03,3.304195404052734375e-02,5.940943490713834763e-03,-5.755908321589231491e-03,2.656573243439197540e-02,-4.573006648570299149e-03,1.373719307594001293e-03,1.994082005694508553e-03,4.380041360855102539e-02,-1.252950914204120636e-02,-2.492685057222843170e-02,-3.412573039531707764e-02,1.574118807911872864e-02,9.046887047588825226e-03,6.945419125258922577e-03,2.479798626154661179e-03,-9.111319086514413357e-04,2.183412387967109680e-02,-1.498783100396394730e-02,-1.128713134676218033e-02,-2.585202641785144806e-02,1.903216540813446045e-02,1.352076791226863861e-02,-3.296265378594398499e-02,1.332912500947713852e-02,5.025681573897600174e-03,6.281275767832994461e-03,2.552490914240479469e-03,7.956502959132194519e-03,-8.881677873432636261e-03,1.066594291478395462e-02,-2.045957930386066437e-02,-2.380342409014701843e-02,3.476013662293553352e-03,1.946171163581311703e-03,1.057342533022165298e-02,9.231922216713428497e-03,1.547685172408819199e-02,-2.195224951719865203e-04,-1.769727095961570740e-02,1.233786623924970627e-02,-1.518608257174491882e-02,-1.297227106988430023e-02,-3.713915869593620300e-02,-2.297076769173145294e-02,-8.326572366058826447e-03,-3.892342327162623405e-03,-2.464929781854152679e-02,6.872726604342460632e-03,7.137062493711709976e-03,-2.265356481075286865e-02,-3.526237607002258301e-02,5.161153152585029602e-03,1.872817985713481903e-02,-3.185244277119636536e-02,2.278573252260684967e-02,8.762726560235023499e-03,-4.377398267388343811e-02,-1.308461371809244156e-02,-1.982517307624220848e-03,-1.673773229122161865e-01,1.250638044439256191e-03,1.623020879924297333e-02,-9.787026792764663696e-03,1.379832066595554352e-02,-1.416673767380416393e-03,2.981705963611602783e-02,7.149453158490359783e-04,-1.059985905885696411e-02,1.243038382381200790e-02,-2.856476930901408195e-03,2.383151004323735833e-04,-1.896608248353004456e-02,-1.563545316457748413e-02,-2.001020871102809906e-02,3.050433285534381866e-02,1.013727206736803055e-02,-1.562058459967374802e-03,3.082153573632240295e-02,5.617132410407066345e-03,2.968489192426204681e-02,-9.344264864921569824e-03,8.921328000724315643e-03,-2.524405345320701599e-02,1.584692113101482391e-02,1.860922947525978088e-02,-5.402359645813703537e-03,3.132377285510301590e-03,3.614789806306362152e-03,-2.164908871054649353e-02,-1.252950914204120636e-02,6.211887579411268234e-03,3.682195395231246948e-02,-2.187377400696277618e-02,1.538433413952589035e-02,-1.309287501499056816e-03,-8.577691391110420227e-03,6.819859612733125687e-03,3.407451731618493795e-04,9.747376665472984314e-03,1.889999769628047943e-02,8.564474992454051971e-03,1.240395009517669678e-02,4.468924307730048895e-04,-1.112687867134809494e-03,1.934936828911304474e-02,3.610824793577194214e-02,-2.077678032219409943e-02,-3.276109928265213966e-03,-1.034874003380537033e-02,-1.334895007312297821e-02,-2.965845912694931030e-02,-1.262202672660350800e-02,-6.211887579411268234e-03,2.558768913149833679e-02,-3.518968296702951193e-04,-6.003723014146089554e-03,-5.303233861923217773e-03,-3.670961130410432816e-03,-5.627044942229986191e-03,8.194404654204845428e-03,2.331006726308260113e-05,3.705985844135284424e-02,-2.608992718160152435e-02,2.616922743618488312e-02,-1.096992939710617065e-02,-7.804509717971086502e-03,2.245531231164932251e-02,-3.256615251302719116e-02,2.733230590820312500e-02,-3.113873861730098724e-02,-6.502656731754541397e-03,1.736685074865818024e-02,-1.777657121419906616e-02,1.184884458780288696e-02,1.831845939159393311e-02,2.076480304822325706e-04,1.630950905382633209e-02,3.230181336402893066e-02,-1.539755146950483322e-03,-7.797901518642902374e-03,5.159831792116165161e-02,-3.629328310489654541e-02,4.989335313439369202e-03,1.834489405155181885e-02,1.183562818914651871e-02,-2.063057036139070988e-04,-2.220419421792030334e-02,6.740558892488479614e-03,2.663181535899639130e-02,-9.829981718212366104e-04,-1.846384443342685699e-02,9.212097153067588806e-03,-2.754377387464046478e-02,3.367635980248451233e-02,2.001020871102809906e-02,3.561922814697027206e-03,-2.207202650606632233e-02,1.892643235623836517e-02,-1.431377511471509933e-02,1.464419439435005188e-02,-2.694901823997497559e-02,-3.793216496706008911e-02,5.544439889490604401e-03,2.538943849503993988e-02,1.434020814485847950e-03,2.208524197340011597e-02,2.386950887739658356e-02,2.363160625100135803e-02,7.182494737207889557e-04,4.682044964283704758e-03,-9.430173784494400024e-03,1.531825028359889984e-02,2.738517150282859802e-02,-4.774562548846006393e-03,5.147936753928661346e-03,-4.029053379781544209e-04,1.133999880403280258e-02,2.483433298766613007e-02,1.529181655496358871e-02,6.497369706630706787e-02,-3.393408842384815216e-03,7.513740565627813339e-03,-5.344536039046943188e-04,-2.344657108187675476e-02,-2.630139701068401337e-02,-1.005532741546630859e-01,7.335314061492681503e-03,9.053495712578296661e-03,2.786097675561904907e-02,5.835209041833877563e-03,9.773810394108295441e-03,2.108076820150017738e-03,1.118139736354351044e-02,6.410139147192239761e-03,1.075185183435678482e-02,-2.631461247801780701e-02,-7.044544909149408340e-03,-8.541345596313476562e-04,-1.527860015630722046e-02,6.952027324587106705e-03,-1.382475439459085464e-02,-6.971852388232946396e-03,-1.184223685413599014e-02,-2.379020676016807556e-02,1.127391494810581207e-02,-1.307800598442554474e-02,-6.621607579290866852e-03,-8.306747302412986755e-03,-3.053076565265655518e-02,7.738425862044095993e-03,2.303685061633586884e-02,-3.528880700469017029e-02,1.222552359104156494e-02,2.257426269352436066e-02,-7.388181053102016449e-03,2.231984166428446770e-03,2.324831858277320862e-02,-1.126730628311634064e-02,-1.584692113101482391e-02,-2.291790023446083069e-02,-1.734041795134544373e-02,-3.129734098911285400e-02,-7.692167069762945175e-03,4.247873649001121521e-02,-3.164097666740417480e-02,5.851730238646268845e-03,1.984169473871588707e-03,7.097411900758743286e-03,-9.205488488078117371e-03,1.985160633921623230e-02,2.975428011268377304e-03,-2.458321489393711090e-02,2.153013832867145538e-02,1.278062816709280014e-02,6.433268543332815170e-03,-1.728755049407482147e-02,1.274758577346801758e-02,-3.327985852956771851e-02,-1.965335570275783539e-02,3.140307217836380005e-02,-8.055628277361392975e-03,-1.697034761309623718e-02,1.434020884335041046e-02,-1.966657117009162903e-02,-3.535489086061716080e-03,-9.132795967161655426e-03,-1.283349562436342239e-02,1.303835585713386536e-02,1.169024407863616943e-02,1.182901952415704727e-02,-3.016730537638068199e-03,-8.141538128256797791e-03,-1.916433311998844147e-02,2.997566200792789459e-02,3.117508487775921822e-03,3.187887743115425110e-02,-1.809047069400548935e-03,-1.502748113125562668e-02,1.880748011171817780e-02,-2.616922743618488312e-02,-7.685558870434761047e-03,3.561922814697027206e-03,-1.867531239986419678e-02,1.558258570730686188e-02,-3.579104691743850708e-02,2.504580188542604446e-03,-2.225706167519092560e-02,1.953440345823764801e-02,-7.857376709580421448e-03,1.319695636630058289e-02,-3.200113307684659958e-03,9.245138615369796753e-03,-5.319754709489643574e-04,1.143912505358457565e-02,-1.373223681002855301e-02,3.499803692102432251e-02,1.917755044996738434e-02,1.685965806245803833e-03,-3.016069717705249786e-02,6.122674327343702316e-03,1.354720164090394974e-02,6.892345118103548884e-05,-9.136100416071712971e-04,-7.817726582288742065e-03,2.483433298766613007e-02,-2.575950883328914642e-02,-1.422125753015279770e-02,-6.211887672543525696e-02,2.548195607960224152e-02,-1.084436941891908646e-02,-4.341712687164545059e-03,1.308461371809244156e-02,-1.187527831643819809e-02,1.645489409565925598e-02,-1.030248124152421951e-02,-4.210784099996089935e-04,8.623950183391571045e-03,-1.564867049455642700e-02,3.227538242936134338e-02,5.338340997695922852e-05,-2.335405349731445312e-02,-1.329608261585235596e-02,2.075034752488136292e-02,9.588775224983692169e-03,-4.183111712336540222e-03,6.918985396623611450e-03,-3.699149965541437268e-05,-1.648132689297199249e-02,2.144422847777605057e-03,-5.164457485079765320e-03,2.027454413473606110e-02,-6.611695047467947006e-03,1.437985897064208984e-02,9.298006072640419006e-03,3.561922814697027206e-03,-9.066712111234664917e-03,-2.277251519262790680e-02,1.638880930840969086e-02,-1.739328540861606598e-02,8.994020521640777588e-03,1.014387980103492737e-02,1.015048846602439880e-02,-1.645489409565925598e-02,-5.897989030927419662e-03,1.071881037205457687e-02,1.859601214528083801e-02,3.132377192378044128e-02,-3.021273878403007984e-04,-2.955272421240806580e-02,-1.056516543030738831e-03,7.659125141799449921e-03,5.019072908908128738e-03,1.264185179024934769e-02,-1.789221889339387417e-03,1.864887960255146027e-02,9.443391114473342896e-03,-2.357873879373073578e-02,3.846083534881472588e-03,2.635426260530948639e-02,-8.062236942350864410e-03,-1.272776070982217789e-02,-2.032080199569463730e-03,-1.257246360182762146e-03,5.085156764835119247e-03,-9.456607513129711151e-03,3.956774016842246056e-04,-5.075244233012199402e-02,1.937580294907093048e-02,-2.737525850534439087e-03,-1.161094289273023605e-02,-2.902405336499214172e-02,1.076506916433572769e-02,-1.552971918135881424e-02,9.225313551723957062e-03,1.317713130265474319e-02,3.657744498923420906e-03,-3.482622094452381134e-03,-1.049412507563829422e-02,4.361538216471672058e-03,6.390314083546400070e-03,3.071580082178115845e-02,-3.707307390868663788e-03,-4.902600194327533245e-04,-2.108076773583889008e-02,-2.924212953075766563e-03,-1.501426473259925842e-02,-5.719562526792287827e-03,2.101468294858932495e-02,-1.515964884310960770e-02,-7.764859590679407120e-03,1.087906421162188053e-03,2.318223565816879272e-02,-3.824936598539352417e-02,-7.969719357788562775e-03,2.350935013964772224e-03,1.141929998993873596e-02,-5.309842061251401901e-03,-6.509264931082725525e-03,2.237601205706596375e-02,1.889999839477241039e-03,2.231984166428446770e-03,-6.793425884097814560e-03,1.703643240034580231e-02,-7.923460565507411957e-03,1.998377405107021332e-02,2.651286497712135315e-02,4.067464731633663177e-03,-3.573817759752273560e-02,9.978670859709382057e-04,-6.492744199931621552e-03,-1.246342528611421585e-02,-4.463968332856893539e-03,-6.639368075411766768e-05,-1.555615197867155075e-02,-3.642545267939567566e-02,-1.289957948029041290e-02,2.527048625051975250e-02,-2.119641518220305443e-03,-5.864946870133280754e-04,2.520440332591533661e-02,6.859509740024805069e-03,1.236595213413238525e-03,1.303174719214439392e-02,-9.245138615369796753e-03,1.174311060458421707e-02,-2.894475311040878296e-02,2.804601192474365234e-02,1.522573269903659821e-02,1.723468303680419922e-02,-1.734702615067362785e-03,1.205370482057332993e-02,3.338558971881866455e-02,-3.426037728786468506e-04,5.514702294021844864e-03,-2.365804044529795647e-03,-6.618303712457418442e-03,-7.031328044831752777e-03,1.490852981805801392e-02,-1.346790045499801636e-02,-1.238412503153085709e-02,-2.154335379600524902e-02,-1.376197440549731255e-03,9.119579568505287170e-03,1.111035700887441635e-03,3.473370149731636047e-02,-1.284010335803031921e-02,7.248083502054214478e-02,2.146405354142189026e-02,-2.931482158601284027e-02,1.847706176340579987e-02,1.704964786767959595e-02,3.193174675107002258e-02,6.092110561439767480e-05,2.174160629510879517e-02,-5.831905175000429153e-03,-1.653419435024261475e-02,3.417859971523284912e-02,2.860194363165646791e-04,2.944698929786682129e-02,-2.837477950379252434e-04,-1.925685070455074310e-02,1.414195634424686432e-02,3.743653418496251106e-03,1.829202659428119659e-02,-2.183412387967109680e-02,7.593041285872459412e-03,5.326363258063793182e-03,-9.793635457754135132e-03,-4.434230271726846695e-03,-2.446426264941692352e-02,-1.663992926478385925e-02,-1.159772649407386780e-02,2.150370366871356964e-02,-4.105132445693016052e-02,9.430173784494400024e-03,-2.860111556947231293e-02,7.996153086423873901e-03,4.417709540575742722e-03,-2.308971807360649109e-02,-2.190020680427551270e-02,-3.809737507253885269e-03,-1.801447384059429169e-02,-2.302363328635692596e-02,-1.340842526406049728e-02,-5.907901562750339508e-03,1.757832011207938194e-03,-1.463097799569368362e-02,2.220419421792030334e-02,-7.936677895486354828e-03,1.615751651115715504e-03,3.037216514348983765e-02,-1.888347673229873180e-03,-1.827880926430225372e-02,1.302513852715492249e-02,-1.597908884286880493e-02
-1.410503126680850983e-02,5.523672793060541153e-03,-2.689669467508792877e-02,-7.633954752236604691e-03,5.010638269595801830e-04,5.204223096370697021e-02,-1.066427957266569138e-02,-1.608876511454582214e-02,-3.923004493117332458e-03,2.365089487284421921e-03,4.781482741236686707e-03,3.816977376118302345e-03,1.792200841009616852e-02,-9.768178686499595642e-03,-5.318458657711744308e-03,-3.422966971993446350e-02,1.155353896319866180e-02,5.961461924016475677e-03,2.112334407866001129e-02,-4.955914337188005447e-03,-1.270273700356483459e-02,5.516832228749990463e-03,-2.015199884772300720e-02,-2.533706836402416229e-02,9.761338122189044952e-03,4.863568115979433060e-03,1.602036133408546448e-02,-2.590824849903583527e-03,-6.693391595035791397e-03,-3.329936787486076355e-02,1.008113031275570393e-03,6.122212857007980347e-03,-2.821006253361701965e-02,-5.154287908226251602e-03,-5.152235552668571472e-02,-1.197764836251735687e-02,2.939688274636864662e-03,-1.241543702781200409e-02,7.969137281179428101e-03,-1.352359261363744736e-02,1.354411337524652481e-02,6.998647004365921021e-04,6.843881681561470032e-03,9.354330832138657570e-04,-2.788172103464603424e-02,8.473621564917266369e-04,4.114537499845027924e-03,-1.337310206145048141e-02,-2.065819315612316132e-02,-6.183777004480361938e-03,-8.127323235385119915e-04,-7.189325056970119476e-03,-1.048642769455909729e-02,2.812797762453556061e-02,-5.328719504177570343e-03,-1.825035177171230316e-02,7.134601473808288574e-03,5.246634129434823990e-03,-3.321728110313415527e-02,-2.074369927868247032e-03,8.612141013145446777e-03,1.012388244271278381e-02,5.698959575966000557e-04,-1.470699161291122437e-02,-7.442422211170196533e-03,9.952871128916740417e-03,-5.338980350643396378e-03,-5.239793565124273300e-03,-1.726532541215419769e-02,-2.015199884772300720e-02,4.782850667834281921e-02,4.060497879981994629e-02,-6.194892921485006809e-04,-1.892071589827537537e-02,7.873371243476867676e-03,-3.748572990298271179e-02,4.675455391407012939e-03,-5.403964314609766006e-03,-1.122519746422767639e-02,-3.529678098857402802e-03,6.635247729718685150e-03,3.254349576309323311e-03,-3.357298299670219421e-02,-6.269282661378383636e-03,2.127383463084697723e-02,-2.087708748877048492e-02,2.979704923927783966e-02,2.797748707234859467e-02,9.781860280781984329e-04,-2.050770260393619537e-02,3.061790578067302704e-02,5.061941593885421753e-02,8.345362730324268341e-03,-3.187655005604028702e-03,-1.511741988360881805e-02,2.439308539032936096e-02,-3.056318126618862152e-02,1.671808771789073944e-02,-1.179979555308818817e-02,-3.786879405379295349e-02,-2.946870774030685425e-02,-3.964047413319349289e-03,-1.003495696932077408e-02,1.628884929232299328e-03,-2.647258527576923370e-02,-2.465302310883998871e-02,2.470774576067924500e-02,9.200420230627059937e-03,4.208251833915710449e-02,-2.011095639318227768e-03,-9.706614539027214050e-03,4.093332216143608093e-02,-9.802381508052349091e-03,-2.604847773909568787e-02,1.825035177171230316e-02,-1.871550269424915314e-02,8.954163640737533569e-03,-1.633502170443534851e-02,3.920439339708536863e-04,-1.634870283305644989e-02,-4.008510615676641464e-03,2.875730022788047791e-02,-9.207260794937610626e-03,-2.993385866284370422e-02,6.471076514571905136e-03,1.541840005666017532e-02,-2.862049080431461334e-02,-2.088050823658704758e-03,-7.319293916225433350e-03,3.929845057427883148e-03,1.950899511575698853e-02,1.388613693416118622e-02,3.409285843372344971e-02,1.686857827007770538e-02,1.509005762636661530e-02,2.469406649470329285e-02,5.636540241539478302e-03,-1.600668020546436310e-02,-2.670516073703765869e-02,-2.974232658743858337e-02,1.972789131104946136e-02,7.832327857613563538e-03,-2.115412615239620209e-03,7.725445902906358242e-04,1.214865967631340027e-02,1.201869081705808640e-02,2.098653651773929596e-02,2.383216843008995056e-02,1.887967344373464584e-03,1.291992142796516418e-03,1.145777292549610138e-02,-1.000759471207857132e-02,2.405106276273727417e-02,-3.384660184383392334e-02,-5.609178333543241024e-04,4.540356167126446962e-04,-9.422735311090946198e-04,-7.875080918893218040e-04,-1.499429158866405487e-02,-5.492890719324350357e-03,-5.311618093401193619e-03,3.370979428291320801e-02,3.190391138195991516e-02,-2.854182617738842964e-03,1.202553138136863708e-02,2.944134548306465149e-02,9.467198513448238373e-03,-2.992701949551701546e-03,-1.770311407744884491e-02,-1.251120399683713913e-02,2.110966481268405914e-02,2.298394963145256042e-02,-3.959259018301963806e-02,1.361935865134000778e-02,-2.171162515878677368e-02,1.760734803974628448e-02,-6.115372292697429657e-03,1.018373644910752773e-03,-2.377744391560554504e-02,3.295392263680696487e-03,-2.385952882468700409e-02,1.409135013818740845e-02,2.197156287729740143e-02,3.907271474599838257e-02,-1.125255879014730453e-02,-1.082845032215118408e-02,1.209393609315156937e-02,3.573457151651382446e-02,6.724173668771982193e-03,-2.779963426291942596e-02,5.157708004117012024e-02,4.726758692413568497e-03,-1.372880581766366959e-02,-2.153377234935760498e-02,-6.225367188453674316e-01,-2.396897599101066589e-02,-2.632209472358226776e-02,4.863568115979433060e-03,-2.318916376680135727e-03,-2.347988309338688850e-03,1.426920294761657715e-02,1.889677514554932714e-04,-2.411946654319763184e-02,4.032452125102281570e-03,-1.155353896319866180e-02,3.901799023151397705e-02,-9.220941923558712006e-03,-2.239567041397094727e-02,-2.782357623800635338e-03,-2.547387778759002686e-02,2.102373109664767981e-04,-1.730636693537235260e-02,2.046666108071804047e-02,-3.409970086067914963e-03,-3.212280571460723877e-02,-6.149574648588895798e-03,9.234623052179813385e-03,-1.093789748847484589e-02,8.229074999690055847e-03,-1.208709552884101868e-02,2.229990437626838684e-02,1.043170411139726639e-02,-8.413767442107200623e-03,2.136960066854953766e-02,-3.964731469750404358e-02,4.314963147044181824e-02,5.352661013603210449e-03,2.488559857010841370e-02,3.942842036485671997e-02,4.223985131829977036e-03,-2.195788174867630005e-02,2.164321951568126678e-02,9.371432242915034294e-04,2.491296082735061646e-02,-1.142357010394334793e-02,-3.792351856827735901e-02,2.810061536729335785e-02,-2.682828903198242188e-02,-4.911451134830713272e-03,1.748421974480152130e-02,1.236755400896072388e-02,3.878541523590683937e-03,-2.537811174988746643e-03,-3.649386111646890640e-03,-1.135516562499105930e-03,-2.359959110617637634e-02,-2.548755891621112823e-02,2.032985165715217590e-02,-7.490305230021476746e-03,2.190315723419189453e-02,2.916772663593292236e-02,-1.852396875619888306e-02,5.831493181176483631e-04,1.615203917026519775e-03,-2.888384740799665451e-03,1.042486354708671570e-02,-1.217602100223302841e-02,-2.279241755604743958e-02,-2.766282670199871063e-02,-1.649406272917985916e-03,-9.816061938181519508e-04,2.038457430899143219e-02,1.841452158987522125e-02,-1.909856870770454407e-02,1.314052660018205643e-02,1.200500968843698502e-02,1.970052905380725861e-02,-1.457018312066793442e-02,-1.552784722298383713e-02,1.088317390531301498e-02,1.611612737178802490e-02,8.229074999690055847e-03,4.726758692413568497e-03,-2.828530734404921532e-03,-3.208176465705037117e-03,-2.371930051594972610e-03,-1.586987078189849854e-02,-2.277873642742633820e-02,2.346278354525566101e-02,-7.497145794332027435e-03,-2.187579497694969177e-02,-1.347570912912487984e-03,1.556889060884714127e-02,-6.180356722325086594e-03,1.397506240755319595e-02,5.414225161075592041e-03,9.672412648797035217e-03,-1.859237439930438995e-02,1.982365734875202179e-02,8.831035345792770386e-03,6.775476969778537750e-03,2.760810218751430511e-02,3.756781294941902161e-02,-7.312453351914882660e-03,-9.125175885856151581e-03,-1.805881783366203308e-02,2.960551716387271881e-02,-2.032985165715217590e-02,-7.250889204442501068e-03,7.155122701078653336e-03,-2.106862142682075500e-02,-2.403738163411617279e-02,3.455800935626029968e-02,-3.154820948839187622e-02,-7.305612787604331970e-03,1.391349826008081436e-02,1.856501214206218719e-02,-1.415975484997034073e-02,-1.264117285609245300e-02,-2.286082133650779724e-02,2.630157396197319031e-03,-9.568095556460320950e-04,7.880211807787418365e-03,-1.417343597859144211e-02,-2.192367799580097198e-03,-1.645814999938011169e-02,6.248761434108018875e-03,-2.862049080431461334e-02,2.585694380104541779e-02,4.085123538970947266e-02,-5.930679850280284882e-03,-1.785360462963581085e-02,1.952951774001121521e-03,-1.871550269424915314e-02,-2.743024937808513641e-02,1.903358381241559982e-03,2.008359506726264954e-02,-3.062816569581627846e-03,1.002811640501022339e-02,-1.955003850162029266e-02,2.775517292320728302e-03,4.107696935534477234e-03,4.224668815732002258e-02,-2.792276442050933838e-02,2.479667309671640396e-03,2.112334407866001129e-02,2.002887055277824402e-02,-9.638209827244281769e-03,-1.680017262697219849e-02,-3.048109635710716248e-02,-2.142432518303394318e-02,-2.660939469933509827e-02,-3.283421322703361511e-02,1.455650199204683304e-02,2.560042776167392731e-03,-1.331153791397809982e-02,-3.472218289971351624e-02,-1.539103779941797256e-02,1.348938979208469391e-02,-3.498896025121212006e-03,-2.176976762712001801e-03,2.123279310762882233e-02,-1.606140285730361938e-02,-2.290186472237110138e-02,1.268221531063318253e-02,-1.032909657806158066e-02,-3.329936787486076355e-02,-3.335408866405487061e-02,2.426995709538459778e-02,-3.392868861556053162e-02,1.405030768364667892e-02,4.339417864684946835e-05,7.538188248872756958e-03,-1.556889060884714127e-02,1.114995218813419342e-02,-6.306905299425125122e-03,-2.002887055277824402e-02,1.422815956175327301e-02,1.586987078189849854e-02,-1.333205960690975189e-02,-4.737019538879394531e-03,2.783212694339454174e-04,7.203005719929933548e-03,2.540547400712966919e-02,1.199132855981588364e-02,-9.617689065635204315e-03,-3.338145092129707336e-02,-1.971421018242835999e-02,8.283798582851886749e-03,-9.809222072362899780e-03,5.773349665105342865e-03,5.906738340854644775e-03,5.694684106856584549e-03,1.410503126680850983e-02,-1.548680476844310760e-02,-2.058978937566280365e-02,1.648551225662231445e-02,-4.863568115979433060e-03,6.816519889980554581e-03,2.019304223358631134e-02,1.234703324735164642e-02,1.893439702689647675e-02,1.443337369710206985e-02,3.152084723114967346e-02,3.097018925473093987e-03,-8.940483443439006805e-03,5.540773645043373108e-02,-1.747053861618041992e-02,2.188947610557079315e-02,-3.529677912592887878e-02,1.024017110466957092e-02,-7.045675069093704224e-03,1.896175928413867950e-02,-9.460357949137687683e-03,-1.342098508030176163e-02,-5.789766460657119751e-02,-2.368167787790298462e-02,2.000150829553604126e-02,4.087175708264112473e-03,2.955079264938831329e-02,1.063691731542348862e-02,1.024701073765754700e-02,8.003340102732181549e-03,-1.764838956296443939e-02,8.940483443439006805e-03,-1.462490670382976532e-02,7.900732569396495819e-03,-3.168843686580657959e-03,-3.743100538849830627e-02,5.188489798456430435e-03,3.037164919078350067e-02,1.363988034427165985e-02,1.900280267000198364e-02,6.727593950927257538e-03,-9.939190000295639038e-03,1.446073502302169800e-02,-7.661317009478807449e-03,1.108154747635126114e-02,1.541840005666017532e-02,5.992243997752666473e-03,1.927641965448856354e-02,-1.428288314491510391e-02,1.035645883530378342e-02,-1.719691976904869080e-02,5.773349665105342865e-03,1.495324820280075073e-02,-1.071216259151697159e-02,-1.778519898653030396e-02,-2.180397044867277145e-03,6.426613312214612961e-03,2.539179287850856781e-02,8.605300448834896088e-03,5.144027061760425568e-03,6.761796306818723679e-03,2.577485889196395874e-02,-9.891306981444358826e-03,-3.368243202567100525e-02,-5.653641186654567719e-03,2.604847773909568787e-02,-4.134374856948852539e-02,1.021964941173791885e-02,5.417645443230867386e-03,1.407766994088888168e-02,1.617085002362728119e-02,7.025153841823339462e-03,-2.541915513575077057e-02,-4.083755426108837128e-03,8.153829723596572876e-03,4.016719013452529907e-02,-9.542443789541721344e-03,-3.731471719220280647e-03,7.443277281709015369e-04,-1.699170656502246857e-02,-4.159000515937805176e-02,-1.297122449614107609e-03,-6.074329838156700134e-03,1.919433474540710449e-02,-5.869115702807903290e-03,7.880211807787418365e-03,6.984110921621322632e-03,3.553619608283042908e-03,4.849886987358331680e-03,3.379188105463981628e-02,5.978563334792852402e-03,-2.065819315612316132e-02,-2.570645324885845184e-02,1.498061046004295349e-02,-6.782317534089088440e-03,-8.064904250204563141e-03,-1.898912154138088226e-02,-5.176861211657524109e-02,1.405030768364667892e-02,-3.368243202567100525e-02,6.746405269950628281e-04,-1.397164189256727695e-03,3.934633359313011169e-02,2.960209734737873077e-03,-7.216686848551034927e-03,-1.830507442355155945e-02,-1.863341778516769409e-02,1.927641965448856354e-02,-1.432392653077840805e-02,3.439383953809738159e-02,-8.660024031996726990e-03,-1.495324820280075073e-02,2.513185515999794006e-02,-9.193580597639083862e-03,1.275746058672666550e-02,3.806032612919807434e-02,8.392391027882695198e-04,1.946111326105892658e-03,2.761836396530270576e-03,-8.413767442107200623e-03,-2.276505529880523682e-02,-9.118335321545600891e-03,-2.377744391560554504e-02,8.584778755903244019e-03,3.493765601888298988e-03,-1.458386331796646118e-02,-2.461197972297668457e-02,-1.641710661351680756e-02,-1.481643971055746078e-02,2.288134302943944931e-03,-4.822525195777416229e-03,-1.191608421504497528e-02,-2.815533988177776337e-02,-5.711785051971673965e-03,3.718474879860877991e-02,9.707982838153839111e-02,1.056851260364055634e-02,-8.290639147162437439e-03,2.784067764878273010e-02,8.427448570728302002e-03,3.633652999997138977e-02,-2.471116604283452034e-04,-3.206808492541313171e-02,5.910158623009920120e-03,-2.881202287971973419e-02,-1.645814999938011169e-02,-4.607050679624080658e-03,1.195712666958570480e-02,8.625822141766548157e-03,7.887052372097969055e-03,-6.026446353644132614e-03,-1.979629509150981903e-02,-2.535074949264526367e-02,-1.451545953750610352e-02,-2.121911197900772095e-02,-3.403813764452934265e-02,2.997832139953970909e-03,2.313444018363952637e-02,1.889335364103317261e-02,-7.921254262328147888e-03,1.804513670504093170e-02,-8.502693846821784973e-03,3.606291115283966064e-02,1.956371963024139404e-02,-1.314052660018205643e-02,8.133308961987495422e-03,2.603479661047458649e-02,9.200420230627059937e-03,2.998858317732810974e-02,-2.068555541336536407e-02,6.105111911892890930e-03,1.441969256848096848e-02,9.426156058907508850e-03,4.083755426108837128e-03,-6.324006710201501846e-03,6.395831238478422165e-03,2.213573269546031952e-02,1.926273852586746216e-02,-1.011704280972480774e-02,-7.380858063697814941e-03,-3.193640441168099642e-04,-1.881126873195171356e-02,-2.064109314233064651e-03,-3.546095266938209534e-02,-1.985101960599422455e-02,3.529677912592887878e-02,-1.953635737299919128e-02,-7.462943438440561295e-03,-2.201260440051555634e-02,-7.189325056970119476e-03,-2.351750619709491730e-02,-1.177243422716856003e-02,-2.514553628861904144e-02,1.917039277032017708e-03,1.595195569097995758e-02,-3.529677912592887878e-02,-1.960476301610469818e-02,1.269589643925428391e-02,-1.438206993043422699e-03,-4.333004762884229422e-04,-1.492588687688112259e-02,1.451545953750610352e-02,-1.160826347768306732e-02,-2.236830815672874451e-02,-1.374248694628477097e-02,-8.133308961987495422e-03,1.604772172868251801e-02,-2.011095732450485229e-02,-1.257276814430952072e-02,1.463858783245086670e-02,3.399709239602088928e-03,2.329861186444759369e-02,-2.105152001604437828e-03,-1.441627275198698044e-03,1.290111057460308075e-02,1.263433229178190231e-02,-2.401001937687397003e-02,4.654934164136648178e-03,4.908030852675437927e-03,-7.709200028330087662e-03,1.336626149713993073e-02,-2.112334407866001129e-02,6.795998197048902512e-03,-8.735269308090209961e-03,-1.729268580675125122e-02,-7.434726576320827007e-04,-1.247529173269867897e-03,9.125175885856151581e-03,1.252488512545824051e-02,7.770764175802469254e-03,7.285091560333967209e-03,1.192976441234350204e-02,1.626661792397499084e-02,-1.182715781033039093e-02,-7.763923611491918564e-03,-4.672035109251737595e-03,-2.283004112541675568e-03,4.771221894770860672e-03,5.612598732113838196e-03,2.510449290275573730e-02,-1.033593714237213135e-02,-1.459754444658756256e-02,2.391425333917140961e-02,-5.647655925713479519e-04,4.025611560791730881e-03,1.721060089766979218e-02,-3.176710382103919983e-02,-3.594662528485059738e-03,-3.800560534000396729e-02,-2.957815490663051605e-02,-5.393703933805227280e-03,-6.324006710201501846e-03,3.190391138195991516e-02,-5.356081295758485794e-03,8.400086313486099243e-03,1.119783520698547363e-02,-2.741657011210918427e-02,3.972940146923065186e-02,8.454809896647930145e-03,-2.223149873316287994e-02,1.113627105951309204e-02,2.435204200446605682e-02,-3.849811851978302002e-02,1.060955598950386047e-02,1.645814999938011169e-02,-1.162878423929214478e-02,2.826478704810142517e-02,-8.824194781482219696e-03,6.012765690684318542e-03,-3.543359041213989258e-02,-2.834687195718288422e-02,9.179899469017982483e-03,1.389297749847173691e-02,-7.818647660315036774e-03,2.993385866284370422e-02,-1.759366691112518311e-02,-4.675455391407012939e-03,-8.625822141766548157e-03,-3.912743926048278809e-02,-2.350382506847381592e-02,-2.504977025091648102e-02,-9.152537211775779724e-03,1.235558302141726017e-03,1.604772172868251801e-02,1.218970213085412979e-02,-2.474878914654254913e-02,1.090198522433638573e-03,-1.610244624316692352e-02,-1.722428202629089355e-02,-1.118415384553372860e-03,-2.793644368648529053e-02,5.130345933139324188e-03,1.344834733754396439e-02,2.900355681777000427e-02,4.788323119282722473e-02,3.841603174805641174e-02,1.712851598858833313e-02,2.280609868466854095e-02,5.164548289030790329e-03,-8.379565551877021790e-03,6.973850540816783905e-03,-3.600819036364555359e-02,8.858397603034973145e-03,-3.089152462780475616e-02,-5.694684223271906376e-04,1.518582459539175034e-02,1.203237194567918777e-02,1.640342734754085541e-02,1.265485398471355438e-02,-5.844319239258766174e-04,1.566465571522712708e-02,1.335258036851882935e-02,8.747240062803030014e-04,5.362921860069036484e-03,-3.395605087280273438e-02,-5.446717259474098682e-04,-1.021964941173791885e-02,1.227862853556871414e-02,-1.342782564461231232e-02,1.439233124256134033e-02,3.731471719220280647e-03,2.087708748877048492e-02,2.205364778637886047e-02,-1.336626149713993073e-02,5.684423260390758514e-03,2.617160603404045105e-02,-1.125255879014730453e-02,4.358742013573646545e-02,-1.897544041275978088e-02,2.336701564490795135e-02,1.250436343252658844e-02,2.414682880043983459e-02,1.886257203295826912e-03,-1.251120399683713913e-02,3.100439207628369331e-03,-9.904988110065460205e-03,2.755337767302989960e-02,-3.075471520423889160e-02,-2.551492117345333099e-02,-3.100097179412841797e-02,1.952267624437808990e-02,-7.297917036339640617e-04,-2.139696292579174042e-02,5.592077039182186127e-03,-1.067796070128679276e-02,-3.688376769423484802e-02,6.734434049576520920e-03,-1.107470691204071045e-02,-2.119174972176551819e-02,1.369460392743349075e-02,-1.568175735883414745e-03,-2.785435877740383148e-02,8.345362730324268341e-03,-6.566842785105109215e-04,-2.399291843175888062e-03,1.484380103647708893e-02,-4.747280385345220566e-03,3.113778121769428253e-02,1.240902493009343743e-04,1.825035177171230316e-02,1.807249896228313446e-02,1.130044180899858475e-02,-1.314052660018205643e-02,2.253931947052478790e-03,3.259479766711592674e-03,-7.524507585912942886e-03,-3.830658504739403725e-03,4.919659718871116638e-02,-2.335333451628684998e-02,1.439917134121060371e-03,2.829214930534362793e-02,-2.154745347797870636e-02,-1.610244624316692352e-02,-2.547387778759002686e-02,1.314736716449260712e-02,4.487342666834592819e-03,2.101389691233634949e-02,-3.335408866405487061e-02,-5.893057677894830704e-03,2.825110452249646187e-03,-1.922169700264930725e-02,-1.483011990785598755e-02,4.743860103189945221e-03,1.569030806422233582e-03,-3.455800935626029968e-02,-1.684121601283550262e-02,1.641710661351680756e-02,-2.310707792639732361e-02,1.544576231390237808e-02,-5.417645443230867386e-03,-2.023408561944961548e-02,-8.298335014842450619e-04,5.544194020330905914e-03,1.573306159116327763e-03,1.409135013818740845e-02,-1.519950572401285172e-02,1.923537813127040863e-02,-6.956749130040407181e-03,-1.506269630044698715e-02,1.898228074423968792e-03,1.116363331675529480e-02,-2.358591184020042419e-02,-3.160293027758598328e-02,1.132951467297971249e-03,2.875730022788047791e-02,-7.244048640131950378e-03,1.574674248695373535e-02,-9.775019250810146332e-03,5.790450610220432281e-03,1.654023490846157074e-02,6.306905299425125122e-03,3.244088729843497276e-03,-5.185069981962442398e-03,-2.295658923685550690e-02,1.199132855981588364e-02,9.043090045452117920e-03,-6.823360454291105270e-04,7.545028813183307648e-03,1.353128754999488592e-04,-2.335333451628684998e-02,-4.293073713779449463e-02,3.991409204900264740e-03,-3.871701192110776901e-03,1.662232168018817902e-02,-4.736335575580596924e-02,-1.976893283426761627e-02,-1.381773222237825394e-02,-3.421940840780735016e-03,2.628105320036411285e-02,-5.178229417651891708e-03,-2.719767391681671143e-02,-6.724173668771982193e-03,2.121911197900772095e-02,-1.641710661351680756e-02,3.209544345736503601e-02,-2.784067764878273010e-02,-1.622557453811168671e-02,-3.974308259785175323e-03,5.465528462082147598e-03,-7.725445902906358242e-04,3.786195302382111549e-03,2.924981340765953064e-02,-2.489927969872951508e-02,-5.342400167137384415e-03,1.618453115224838257e-02,-1.299003604799509048e-02,1.362619921565055847e-02,1.394770108163356781e-02,-2.447517029941082001e-02,1.044538430869579315e-02,-3.141481894999742508e-03,2.829214930534362793e-02,-3.018011525273323059e-02,-3.663751110434532166e-02,3.559776023030281067e-02,-1.522686704993247986e-02,-2.583984285593032837e-03,1.435128785669803619e-02,-3.198599815368652344e-02,-6.847301963716745377e-03,1.648551225662231445e-02,2.607926027849316597e-03,1.487116329371929169e-02,-2.539179287850856781e-02,-1.569201797246932983e-02,1.484380103647708893e-02,8.919961750507354736e-03,-7.880211807787418365e-03,-1.095157861709594727e-02,1.136371633037924767e-03,-1.960476301610469818e-02,1.460438477806746960e-03,7.195310317911207676e-04,-1.400584471412003040e-03,-7.702359464019536972e-03,2.610320039093494415e-02,2.291554585099220276e-02,7.305612787604331970e-03,1.507637649774551392e-02,-1.916697248816490173e-02,-3.676747903227806091e-03,1.433931756764650345e-03,-1.467963028699159622e-02,-4.096068441867828369e-02,-4.498287290334701538e-02,-1.645814999938011169e-02,4.517440870404243469e-02,9.597167372703552246e-03,-5.509991664439439774e-03,-9.241463616490364075e-03,-8.584778755903244019e-03,-5.141290649771690369e-02,-3.497185884043574333e-03,-1.368947327136993408e-03,-3.001252422109246254e-03,-8.810514584183692932e-03,1.629397831857204437e-02,1.114995218813419342e-03,9.104654192924499512e-03,-7.271410431712865829e-03,7.644215365871787071e-04,-3.743100538849830627e-02,-3.130195289850234985e-02,1.395454164594411850e-03,-1.098578143864870071e-02,4.244506359100341797e-03,-1.416830578818917274e-03,-1.220338325947523117e-02,-7.387698162347078323e-03,3.253323584794998169e-02,1.515162177383899689e-03,8.748950436711311340e-03,2.288818359375000000e-02,2.698562107980251312e-03,1.108154747635126114e-02,-1.951241632923483849e-03,1.551416609436273575e-02,-2.753285691142082214e-03,-1.464713830500841141e-03,-1.615717075765132904e-02,-1.615717075765132904e-02,1.851028949022293091e-02,7.011473178863525391e-03,1.181347668170928955e-02,-4.008510336279869080e-02,5.592077039182186127e-03,1.415975484997034073e-02,2.877268998418003321e-04,1.311316434293985367e-02,4.760961048305034637e-03,5.291096866130828857e-03,-4.955914337188005447e-03,-7.866530679166316986e-03,1.944059133529663086e-02,2.149272896349430084e-02,-1.362619921565055847e-02,1.019228715449571609e-02,-1.654023490846157074e-02,-2.663675695657730103e-02,-2.186211384832859039e-02,2.106862142682075500e-03,-1.811354234814643860e-02,-1.859237439930438995e-02,4.600210115313529968e-03,1.548509462736546993e-03,-2.770386869087815285e-03,-9.911828674376010895e-03,-1.451545953750610352e-02,-1.232651155441999435e-02,-2.914036624133586884e-03,1.084897201508283615e-02,-2.142774639651179314e-03,-1.199816912412643433e-02,6.070909556001424789e-03,4.282128810882568359e-02,-8.849846781231462955e-04,-2.585694380104541779e-02,7.962296716868877411e-03,-6.566843017935752869e-03,-1.439233124256134033e-02,-2.621606923639774323e-03,-3.376451879739761353e-02,-1.380405109375715256e-02,-1.409135013818740845e-02,-2.773807151243090630e-03,-1.327049569226801395e-03,-2.552860230207443237e-02,-3.495475742965936661e-03,7.798125967383384705e-03,-3.321728110313415527e-02,-6.964444764889776707e-04,1.973336338996887207e-01,-2.138328179717063904e-02,-2.076764032244682312e-02,1.474803499877452850e-02,6.895184982568025589e-03,-2.418103162199258804e-03,2.656835131347179413e-02,1.184083893895149231e-02,2.313786186277866364e-03,1.160142291337251663e-02,-2.231358550488948822e-02,-5.284256185404956341e-04,1.716955751180648804e-02,3.123098285868763924e-04,3.403813764452934265e-02,-2.759442105889320374e-02,-1.301739830523729324e-02,-1.877022534608840942e-02,-2.614424377679824829e-02,-1.466594915837049484e-02,-4.295809660106897354e-03,-1.331837847828865051e-02,7.798125967383384705e-03,-2.529602684080600739e-02,2.465302310883998871e-02,6.536060944199562073e-03,-2.785777905955910683e-03,1.923537813127040863e-02,2.102757804095745087e-02,-1.526277977973222733e-03,-5.185069981962442398e-03,2.900355728343129158e-03,1.562361419200897217e-02,-1.931746304035186768e-02,4.323171451687812805e-03,1.333205960690975189e-02,1.218970213085412979e-02,-3.490345552563667297e-03,1.237439457327127457e-02,2.628447255119681358e-03,1.804513670504093170e-02,1.044880482368171215e-03,1.045222487300634384e-02,8.030701428651809692e-03,6.867823190987110138e-03,4.107012972235679626e-02,1.082845032215118408e-02,8.283798582851886749e-03,-1.809986121952533722e-02,1.822298951447010040e-02,-2.905827946960926056e-02,-2.498478628695011139e-03,3.827922046184539795e-02,9.474039077758789062e-03,-2.077790210023522377e-03,3.469824092462658882e-03,-2.793901076074689627e-04,7.257729768753051758e-03,-4.299229942262172699e-03,-9.515081532299518585e-03,-9.535603225231170654e-03,1.515846233814954758e-02,-1.996046677231788635e-02,1.437865011394023895e-02,-8.571098558604717255e-03,-1.793910982087254524e-03,-1.825035177171230316e-02,1.036329939961433411e-02,3.285131650045514107e-03,-2.288818359375000000e-02,-5.140606779605150223e-03,-2.162953838706016541e-02,-1.054799184203147888e-02,9.617689065635204315e-03,4.996957257390022278e-03,-1.689594052731990814e-02,1.425552181899547577e-02,-1.933114416897296906e-02,-5.284256301820278168e-03,1.497206045314669609e-03,1.034961827099323273e-02,-2.178002893924713135e-02,8.188032545149326324e-03,-2.691721543669700623e-03,-1.845214515924453735e-03,-1.147829461842775345e-02,1.145093236118555069e-02,-1.097038970328867435e-03,-1.261381059885025024e-02,-5.708365235477685928e-03,2.926007378846406937e-03,-2.779963426291942596e-02,-1.706011034548282623e-02,9.008887223899364471e-03,-1.013072300702333450e-02,1.541840005666017532e-02,-3.618604037910699844e-03,2.478983253240585327e-02,-9.152537211775779724e-03,1.658127829432487488e-02,-1.526790950447320938e-02,-2.190657658502459526e-03,2.052138326689600945e-03,1.071216259151697159e-02,1.091053616255521774e-02,-4.299229942262172699e-03,2.138328179717063904e-02,2.262824587523937225e-02,5.448427516967058182e-03,1.689594052731990814e-02,1.560993306338787079e-02,-1.673347898758947849e-03,1.000075414776802063e-02,-5.273995921015739441e-03,3.885382041335105896e-02,2.093181200325489044e-02,-2.165690064430236816e-02,-4.011246562004089355e-02,1.960476301610469818e-02,-3.690429031848907471e-03,2.955079264938831329e-02,-2.695141732692718506e-02,1.186820026487112045e-02,1.301739830523729324e-02,-2.784067764878273010e-02,-8.304320275783538818e-03,-3.822449967265129089e-02,1.390665769577026367e-02,1.293531246483325958e-02,-2.842895686626434326e-02,1.451545953750610352e-02,-3.172263968735933304e-03,1.119099464267492294e-02,-8.030701428651809692e-03,1.191950403153896332e-03,-4.042712505906820297e-03,1.606653328053653240e-03,1.944401185028254986e-03,-4.569428041577339172e-03,-1.069164089858531952e-02,7.066196762025356293e-03,8.071744814515113831e-03,3.168055400237790309e-06,2.327124960720539093e-02,-6.012765690684318542e-03,-1.298319548368453979e-02,2.678724750876426697e-02,-1.618453115224838257e-02,-2.105494029819965363e-02,-2.889410965144634247e-02,-4.345061257481575012e-02,-1.215036958456039429e-03,-4.097436554729938507e-03,-1.098578143864870071e-02,5.734230580856092274e-05,-6.300064735114574432e-03,-8.461650460958480835e-03,-2.387320995330810547e-02,7.161963265389204025e-03,4.107012972235679626e-02,-5.324615165591239929e-02,1.935850642621517181e-02,3.018011525273323059e-02,-5.141290649771690369e-02,-1.751158200204372406e-02,3.813557326793670654e-03,-1.744591295719146729e-01,8.584778755903244019e-03,1.637606509029865265e-02,-1.522857695817947388e-03,2.186211384832859039e-02,9.127740486292168498e-05,3.630916774272918701e-02,-9.159377776086330414e-03,7.791285403072834015e-03,2.655809046700596809e-03,-3.245798870921134949e-03,1.153985876590013504e-02,-2.094549313187599182e-02,-9.391953237354755402e-03,-1.322945207357406616e-02,2.608951926231384277e-02,-1.221022382378578186e-02,-1.378352940082550049e-02,4.191834852099418640e-02,1.305844075977802277e-02,2.845631912350654602e-02,-7.464653463102877140e-04,3.875121474266052246e-03,-1.476171612739562988e-02,1.478907745331525803e-02,3.384660184383392334e-02,-1.238123513758182526e-02,-1.159458234906196594e-02,-2.214599400758743286e-03,-1.185452006757259369e-02,-1.582882739603519440e-02,-9.261984378099441528e-03,-5.215852055698633194e-03,-1.845556497573852539e-02,4.155580420047044754e-03,9.602297795936465263e-04,-1.871550269424915314e-02,2.375008165836334229e-02,-4.234245512634515762e-03,1.220338325947523117e-02,1.338678319007158279e-02,1.364672090858221054e-03,3.338145092129707336e-02,1.693869242444634438e-03,2.833661157637834549e-03,3.288893774151802063e-02,2.287450246512889862e-02,-2.271033264696598053e-02,1.359199639409780502e-02,-4.685716237872838974e-03,5.000377073884010315e-03,-2.634945698082447052e-02,4.459980875253677368e-03,1.763128908351063728e-03,3.417494520545005798e-02,5.920419469475746155e-03,-2.413314767181873322e-02,-1.123203802853822708e-02,-1.158774178475141525e-02,-1.112943049520254135e-02,1.600668020546436310e-02,-1.882494986057281494e-02,3.247851133346557617e-02,-3.502316400408744812e-02,-1.267195446416735649e-03,1.352701219730079174e-03,-3.120960434898734093e-03,4.873828962445259094e-03,-2.741657011210918427e-02,3.119250386953353882e-02,-2.799116820096969604e-02,-6.023026071488857269e-03,2.019304223358631134e-02,-1.309264358133077621e-02,9.884466417133808136e-03,1.107470691204071045e-02,-7.189325056970119476e-03,1.242911815643310547e-02,3.228697925806045532e-02,-7.750242948532104492e-03,-1.941322907805442810e-02,4.676139354705810547e-02,-1.604772172868251801e-02,1.142357010394334793e-02,4.737019538879394531e-03,2.139696292579174042e-02,-5.147447343915700912e-03,-2.629473432898521423e-02,1.829823479056358337e-03,1.305160019546747208e-02,-6.980691105127334595e-03,-1.524054817855358124e-02,-1.163733541034162045e-03,-2.175266668200492859e-02,2.407842501997947693e-02,3.056318126618862152e-02,1.019228715449571609e-02,-1.337310206145048141e-02,-2.630157396197319031e-03,-6.703651975840330124e-03,6.686551030725240707e-03,-1.805881783366203308e-02,-2.829214930534362793e-02,2.131487801671028137e-02,4.366950690746307373e-02,1.693698205053806305e-02,1.833243668079376221e-02,2.697877958416938782e-02,3.858020156621932983e-02,1.168863847851753235e-03,-9.679253213107585907e-03,1.821272890083491802e-03,1.582882739603519440e-02,1.647183112800121307e-02,3.823817940428853035e-03,2.704718522727489471e-02,-8.489012718200683594e-03,9.604007937014102936e-03,3.217753022909164429e-02,3.940105903893709183e-03,7.048411667346954346e-02,-7.100399117916822433e-03,6.049533258192241192e-04,-8.639502339065074921e-03,-1.377668883651494980e-02,-3.499580174684524536e-02,-1.004726961255073547e-01,1.277798227965831757e-02,1.168350782245397568e-02,1.775783859193325043e-02,1.290111057460308075e-02,1.093105692416429520e-02,2.749865408986806870e-03,1.323629263788461685e-02,-8.133308961987495422e-03,1.077372673898935318e-02,6.183777004480361938e-03,-2.883938513696193695e-02,-3.131221281364560127e-03,-2.522762119770050049e-02,-6.402671802788972855e-03,-9.515081532299518585e-03,2.016226062551140785e-03,-1.545944251120090485e-02,-1.577410474419593811e-02,2.968760207295417786e-02,-2.331229299306869507e-02,-1.425552181899547577e-02,9.289346635341644287e-03,-2.741657011210918427e-02,1.235387288033962250e-02,2.143800631165504456e-02,-3.598082810640335083e-02,6.341107655316591263e-03,4.022191464900970459e-02,-6.679710466414690018e-03,2.638708101585507393e-03,1.365356054157018661e-02,1.314736716449260712e-02,-2.090444974601268768e-02,-2.767650596797466278e-02,-2.087708748877048492e-02,-2.431100048124790192e-02,-1.923537813127040863e-02,4.536594077944755554e-02,-2.812797762453556061e-02,-7.640795316547155380e-03,-1.528159063309431076e-02,1.700709690339863300e-03,-2.696509845554828644e-02,6.395831587724387646e-04,-1.492930692620575428e-03,-1.778519898653030396e-02,2.038457430899143219e-02,3.324464336037635803e-02,1.675058039836585522e-03,-2.229990437626838684e-02,9.638209827244281769e-03,-3.858020156621932983e-02,-1.350991148501634598e-02,2.093181200325489044e-02,-1.506269630044698715e-02,-1.086949277669191360e-02,1.425552181899547577e-02,-2.264192700386047363e-02,-1.835979893803596497e-02,-9.419315494596958160e-03,1.164930593222379684e-02,7.483464665710926056e-03,1.257276814430952072e-02,-6.464235950261354446e-03,-8.249596692621707916e-03,-2.373640192672610283e-03,-1.407766994088888168e-02,2.098653651773929596e-02,-1.255908701568841934e-02,3.069999068975448608e-02,1.307212188839912415e-02,-1.340730395168066025e-02,2.614424377679824829e-02,-2.543283626437187195e-02,-1.130386255681514740e-03,-4.873828962445259094e-03,-1.065743900835514069e-02,3.179446607828140259e-02,-2.812797762453556061e-02,-2.609635936096310616e-03,-1.678649149835109711e-02,1.926273852586746216e-02,-1.477539632469415665e-02,2.057610824704170227e-02,-5.855435039848089218e-03,5.205591209232807159e-03,2.977310912683606148e-03,1.367023505736142397e-04,-1.834611780941486359e-02,8.085425011813640594e-03,2.254616096615791321e-02,-9.610848501324653625e-03,-5.232953000813722610e-03,-1.867232203949242830e-04,8.153829723596572876e-03,8.044382557272911072e-03,-1.617769128642976284e-03,-1.036329939961433411e-02,1.422815956175327301e-02,-7.374017499387264252e-03,-1.959108188748359680e-02,-5.751460045576095581e-02,8.728428743779659271e-03,-3.837498836219310760e-03,3.394579049199819565e-03,-2.151325112208724022e-03,-1.392717938870191574e-02,1.570569910109043121e-02,-1.125255879014730453e-02,-9.911828674376010895e-03,-3.216726938262581825e-03,-4.760961048305034637e-03,3.663751110434532166e-02,-1.597931794822216034e-02,-3.308046981692314148e-02,1.294899359345436096e-02,1.885231211781501770e-02,3.462983528152108192e-03,-1.060271542519330978e-02,1.623925566673278809e-02,-1.640342734754085541e-02,-1.414607465267181396e-02,2.228622324764728546e-02,-4.309490788727998734e-03,1.881126873195171356e-02,-1.856501214206218719e-02,1.595195569097995758e-02,1.104734558612108231e-02,2.960209734737873077e-03,-1.307212188839912415e-02,-1.614348962903022766e-02,5.988824181258678436e-03,-2.164321951568126678e-02,6.471076514571905136e-03,1.588355191051959991e-02,2.800484932959079742e-02,-2.339437790215015411e-02,-1.168008777312934399e-03,-9.593747090548276901e-04,-8.577938191592693329e-03,4.908715188503265381e-02,-7.031994406133890152e-03,-1.745685748755931854e-02,-1.837348006665706635e-02,6.409512367099523544e-03,-9.152537211775779724e-03,-5.034579429775476456e-03,4.894350189715623856e-03,2.990649640560150146e-02,1.504901517182588577e-02,-2.015199884772300720e-02,4.162420984357595444e-03,1.530895289033651352e-02,2.613056264817714691e-02,-1.097210031002759933e-02,-1.305673038586974144e-03,-1.612980850040912628e-02,2.249143645167350769e-02,1.298319548368453979e-02,2.407842315733432770e-03,-4.878617078065872192e-02,3.163029253482818604e-02,1.315420772880315781e-02,-6.795998197048902512e-03,-1.979629509150981903e-02,3.526257816702127457e-03,-1.397506240755319595e-02,1.945427246391773224e-02,1.878390647470951080e-02,-8.475331589579582214e-03,-1.452913973480463028e-02,-9.521922096610069275e-03,-2.527550561353564262e-03,-4.097436554729938507e-03,2.324388734996318817e-02,5.116665270179510117e-03,6.984110921621322632e-03,-3.288893774151802063e-02,-2.900355681777000427e-02,-1.533631421625614166e-02,6.392411421984434128e-03,2.202628552913665771e-02,-7.928094826638698578e-03,-7.428741082549095154e-03,2.082236483693122864e-02,1.950899511575698853e-02,-2.706086449325084686e-02,-1.159458234906196594e-02,-1.083529088646173477e-02,2.306603640317916870e-02,1.303107943385839462e-02,-2.463934198021888733e-02,2.402370050549507141e-02,-1.189556252211332321e-02,-1.110890973359346390e-02,-1.763471029698848724e-02,7.161963265389204025e-03,-2.019304223358631134e-02,1.887967437505722046e-02,9.576645679771900177e-03,2.031617052853107452e-02,-2.619896642863750458e-02,-5.482629872858524323e-03,-1.149881538003683090e-02,-1.152617763727903366e-02,2.253931947052478790e-03,7.428741082549095154e-03,-3.012539260089397430e-02,-2.016567997634410858e-02,-1.200500968843698502e-02,4.079651087522506714e-02,3.519417485222220421e-03,-1.186820026487112045e-02,3.007066808640956879e-02,4.743860103189945221e-03,9.515081532299518585e-03,1.840084046125411987e-02,-2.840159647166728973e-02,-5.865695886313915253e-03,-2.935926057398319244e-02,2.610320039093494415e-02,1.562361419200897217e-02,7.681838236749172211e-03,1.636238396167755127e-02,-5.961461924016475677e-03,3.190391138195991516e-02,6.949908565729856491e-03,9.686093777418136597e-03,4.955914337188005447e-03,-1.826403290033340454e-02,1.280876342207193375e-03,3.636389225721359253e-02,7.408219855278730392e-03,-3.264268115162849426e-02,-1.351675204932689667e-02,4.805424250662326813e-03,8.721588179469108582e-03,8.235915564000606537e-03,1.912593096494674683e-02,8.577938191592693329e-03,5.652957409620285034e-02,1.227178797125816345e-02,-1.751158200204372406e-02,1.229914929717779160e-02,1.864709705114364624e-02,3.888118267059326172e-02,-8.762630634009838104e-03,2.647258527576923370e-02,-9.952870896086096764e-04,-2.091813087463378906e-02,1.589723303914070129e-02,-5.513411946594715118e-03,3.844339400529861450e-02,9.378273040056228638e-03,-2.314812131226062775e-02,7.216686848551034927e-03,1.682753488421440125e-02,-4.312911070883274078e-03,-3.302232827991247177e-03,7.887052372097969055e-03,5.951201543211936951e-03,-1.260012947022914886e-02,1.355095393955707550e-02,-1.179979555308818817e-02,-6.224819924682378769e-03,6.279543507844209671e-03,3.461273387074470520e-02,-1.710115373134613037e-02,1.504901517182588577e-02,-2.429731935262680054e-02,8.017021231353282928e-03,1.865735859610140324e-03,-2.515921741724014282e-02,-7.449262309819459915e-03,-1.948163472115993500e-02,-3.212280571460723877e-02,-4.726758692413568497e-03,-1.191608421504497528e-02,-7.079877424985170364e-03,8.365884423255920410e-03,-1.934140454977750778e-03,1.619821228086948395e-02,-1.245648041367530823e-02,-9.084987686946988106e-05,3.652806580066680908e-02,6.570263300091028214e-03,-8.576228283345699310e-04,1.492588687688112259e-02,-2.725239843130111694e-02
-7.773196324706077576e-03,-6.561571266502141953e-03,-1.703659072518348694e-02,1.633680192753672600e-03,-5.920517258346080780e-03,5.131115019321441650e-02,-1.551954168826341629e-02,8.193572866730391979e-04,-1.971827587112784386e-03,-4.383330699056386948e-03,9.498335421085357666e-03,2.403112361207604408e-03,2.290340699255466461e-02,-2.043988090008497238e-03,-5.071372725069522858e-03,-2.723974920809268951e-02,1.455292664468288422e-02,1.692415447905659676e-03,8.961327373981475830e-03,-1.389509160071611404e-02,-6.796512287110090256e-03,1.059249043464660645e-02,-1.760044880211353302e-02,-1.994986087083816528e-02,-6.823362782597541809e-03,1.601627469062805176e-02,1.789580471813678741e-02,-4.104757681488990784e-03,-7.098579662851989269e-04,-2.647451311349868774e-02,-3.005568636581301689e-03,-4.396756179630756378e-03,-5.345918238162994385e-02,2.732030116021633148e-03,-3.885255753993988037e-02,-5.598312243819236755e-03,2.413181355223059654e-03,-2.365521900355815887e-02,1.397564262151718140e-02,9.216406382620334625e-03,1.335137058049440384e-02,-1.527956686913967133e-03,5.729208234697580338e-03,-5.772840231657028198e-03,-2.718604914844036102e-02,-6.198670598678290844e-05,-9.169418364763259888e-03,-1.184103451669216156e-02,-3.514719754457473755e-02,7.404002826660871506e-03,1.026189420372247696e-03,5.413715727627277374e-03,-8.726386353373527527e-03,2.710549719631671906e-02,-6.766305305063724518e-03,-1.547926664352416992e-02,-4.908592090941965580e-04,2.358809299767017365e-02,-3.120018728077411652e-02,-1.372727658599615097e-02,3.668438410386443138e-03,5.919678369536995888e-04,-4.886776208877563477e-03,-8.692823350429534912e-03,-1.986930891871452332e-02,2.401434350758790970e-03,-7.390577811747789383e-03,-1.016288343816995621e-02,-1.174034550786018372e-02,-2.434997353702783585e-03,4.935107007622718811e-02,3.697302564978599548e-02,5.093188956379890442e-04,-1.335137058049440384e-02,1.284792553633451462e-02,-3.796649351716041565e-02,2.429962856695055962e-03,-1.840596273541450500e-02,-1.088784448802471161e-02,-1.235538802575320005e-04,1.198199950158596039e-02,-1.709029078483581543e-02,-3.111963532865047455e-02,-1.330773928202688694e-03,1.985588483512401581e-02,-2.348069101572036743e-02,1.517048664391040802e-02,1.131073851138353348e-02,6.460881792008876801e-03,-2.334643900394439697e-02,2.679671719670295715e-02,3.871830180287361145e-02,5.792977754026651382e-03,7.189199794083833694e-03,-1.935915090143680573e-02,1.483485661447048187e-02,-2.752167917788028717e-02,2.169513888657093048e-02,-1.561351865530014038e-02,-1.179404649883508682e-02,-2.921325527131557465e-02,1.616269291844218969e-04,-1.351247355341911316e-02,4.510870203375816345e-03,-1.335137058049440384e-02,-2.932065725326538086e-02,1.845966326072812080e-03,3.153246128931641579e-03,3.117333538830280304e-02,-1.055892743170261383e-02,-1.866104081273078918e-02,4.731043800711631775e-02,-1.789580471813678741e-02,-2.824664115905761719e-02,9.693001396954059601e-03,-1.078044343739748001e-02,3.057591384276747704e-03,-1.259284652769565582e-02,-7.202624808996915817e-03,-1.410989463329315186e-02,-2.873833873309195042e-04,2.615230716764926910e-02,8.276641368865966797e-03,-1.431127358227968216e-02,7.715299725532531738e-04,6.034631747752428055e-03,-2.405797503888607025e-02,-5.034453701227903366e-03,-9.142567403614521027e-03,1.606997475028038025e-02,1.778840273618698120e-02,2.945490926504135132e-02,4.543090984225273132e-02,1.419044658541679382e-02,6.464238278567790985e-03,2.133265696465969086e-02,9.437922388315200806e-03,-9.699713438749313354e-03,-1.534501463174819946e-02,-3.597956150770187378e-02,1.733194477856159210e-02,6.027918774634599686e-03,-1.677102263784036040e-04,-1.221694052219390869e-02,2.416537702083587646e-02,5.766127258539199829e-03,1.653985865414142609e-02,1.784210279583930969e-02,3.718782914802432060e-03,-1.091469544917345047e-02,-8.860637899488210678e-04,-2.750070125330239534e-04,2.084935083985328674e-02,-3.710727766156196594e-02,-3.675151150673627853e-03,-8.229653351008892059e-03,1.316509558819234371e-03,2.043316885828971863e-02,-1.601627469062805176e-02,-1.076030544936656952e-02,-1.313153305090963840e-03,2.088962495326995850e-02,3.079742938280105591e-02,-4.087976180016994476e-03,1.436497364193201065e-02,2.722632512450218201e-02,4.500801209360361099e-03,9.317095391452312469e-03,-2.004383690655231476e-02,-2.192336693406105042e-02,2.005726285278797150e-02,1.862076483666896820e-02,-3.399262949824333191e-02,8.914339356124401093e-03,-1.389509160071611404e-02,2.417880110442638397e-02,-1.376083958894014359e-02,1.491037313826382160e-03,-2.695782110095024109e-02,3.795977914705872536e-03,-2.741427719593048096e-02,1.259284652769565582e-02,1.523761264979839325e-02,4.451799392700195312e-02,-7.269750814884901047e-03,-1.164636947214603424e-02,1.476773060858249664e-02,2.452785708010196686e-02,1.718426821753382683e-03,-1.397564262151718140e-02,5.115004628896713257e-02,1.085428148508071899e-02,-2.646108716726303101e-02,-1.390851661562919617e-02,-6.487061381340026855e-01,-2.001698687672615051e-02,-1.848651282489299774e-02,1.360980561003088951e-03,-8.847213350236415863e-03,-2.263825852423906326e-03,1.686541945673525333e-04,4.467238206416368484e-03,-2.479636110365390778e-02,7.813471369445323944e-03,-8.290066383779048920e-03,2.789758518338203430e-02,-1.378768961876630783e-02,-7.732920348644256592e-03,-1.628477871417999268e-02,-2.811238914728164673e-02,-5.279463715851306915e-03,-7.148923818022012711e-03,2.381632104516029358e-02,-9.055303409695625305e-03,-3.498609364032745361e-02,-1.350576058030128479e-02,1.782867871224880219e-02,-5.054591223597526550e-03,8.585421368479728699e-03,-7.941011339426040649e-03,9.437922388315200806e-03,-4.094688687473535538e-03,8.034148777369409800e-05,2.534679509699344635e-02,-3.638231754302978516e-02,2.097017690539360046e-02,2.136286348104476929e-03,2.427277900278568268e-02,4.344397783279418945e-02,5.886954255402088165e-03,-2.243352495133876801e-02,1.727824471890926361e-02,-7.511404808610677719e-03,1.817773282527923584e-02,-1.193501148372888565e-02,-3.058262728154659271e-02,2.164143696427345276e-02,-1.159266848117113113e-02,-1.593572273850440979e-02,3.133443742990493774e-02,2.672959119081497192e-02,3.970925172325223684e-04,1.037936541251838207e-03,-5.870172753930091858e-03,2.762236865237355232e-03,-2.816608920693397522e-02,-1.722454279661178589e-02,1.632505469024181366e-02,-1.391816622344776988e-04,2.706522122025489807e-02,2.991136722266674042e-02,-2.033919282257556915e-02,7.860460318624973297e-03,-4.526812699623405933e-04,3.334486391395330429e-03,1.986930891871452332e-02,-1.381454057991504669e-02,-1.560009364038705826e-02,-1.315670553594827652e-02,-6.131964270025491714e-03,8.397468365728855133e-03,3.442223742604255676e-02,1.848651282489299774e-02,-1.782867871224880219e-02,1.108922250568866730e-02,-1.757024321705102921e-03,7.648174068890511990e-04,-7.343589328229427338e-03,-1.015617046505212784e-02,8.994890376925468445e-03,1.621765270829200745e-02,7.497979328036308289e-03,-9.021740406751632690e-03,9.041878394782543182e-03,1.993643585592508316e-03,3.614737652242183685e-03,-2.137293294072151184e-02,-3.634875407442450523e-03,1.782867871224880219e-02,-7.316739298403263092e-03,-1.308957953006029129e-02,8.974752388894557953e-03,1.999013684689998627e-02,-1.676473068073391914e-03,8.565283380448818207e-03,8.639122359454631805e-03,7.195912301540374756e-03,-9.041878394782543182e-03,1.937257684767246246e-02,1.915777288377285004e-02,8.471307344734668732e-03,2.291683293879032135e-02,4.239680990576744080e-02,2.413181355223059654e-03,-4.799512214958667755e-03,-2.762908115983009338e-02,3.485184162855148315e-02,-2.294368296861648560e-02,-3.084441879764199257e-03,2.307793498039245605e-02,-2.059427089989185333e-02,-1.243174355477094650e-02,2.889105118811130524e-02,-2.670274116098880768e-02,-1.242503151297569275e-02,1.774812676012516022e-02,1.816430874168872833e-02,-8.088688366115093231e-03,-1.797635480761528015e-02,-2.514541707932949066e-02,1.061934046447277069e-02,1.255257055163383484e-02,1.047166343778371811e-02,-2.438018098473548889e-02,-4.778535512741655111e-04,-1.088113244622945786e-02,1.602634321898221970e-03,-2.776333317160606384e-02,1.503623463213443756e-02,3.063632734119892120e-02,-5.638587754219770432e-03,-1.491540763527154922e-02,-9.820540435612201691e-03,-2.199049293994903564e-02,-1.993643492460250854e-02,1.235119253396987915e-02,1.749304682016372681e-02,-8.618984371423721313e-03,5.165349226444959641e-03,-4.913626704365015030e-03,2.975362120196223259e-03,4.413537681102752686e-03,3.275750949978828430e-02,-3.321396932005882263e-02,5.437209736555814743e-03,2.024521492421627045e-02,1.953367888927459717e-02,-7.920873351395130157e-03,-5.376796238124370575e-03,-4.355137795209884644e-02,-1.606997475028038025e-02,-2.655506320297718048e-02,-2.229927293956279755e-02,1.252572052180767059e-02,7.169061806052923203e-03,-1.016288343816995621e-02,-3.286491334438323975e-02,-1.453950162976980209e-02,1.118991151452064514e-02,2.802512375637888908e-03,-4.594777710735797882e-03,1.547926664352416992e-02,-1.233776751905679703e-02,-2.174883894622325897e-02,2.790765371173620224e-03,1.155407051555812359e-03,-1.688891276717185974e-02,-3.334822133183479309e-02,1.535843964666128159e-02,-1.746619679033756256e-02,6.064838264137506485e-03,6.450813263654708862e-03,-4.809581208974123001e-03,-1.739907078444957733e-02,9.847391396760940552e-03,-1.257774303667247295e-03,-9.833965450525283813e-03,8.746523410081863403e-03,2.679671719670295715e-02,-9.995068423449993134e-03,3.213659510947763920e-04,-6.340055260807275772e-03,8.048413321375846863e-03,2.475608512759208679e-02,5.192199721932411194e-03,2.382974606007337570e-03,-2.859569527208805084e-02,-1.308286655694246292e-02,1.468717865645885468e-02,-6.044700276106595993e-03,-6.252791266888380051e-03,6.974396295845508575e-03,1.133758947253227234e-02,1.747962273657321930e-02,-8.001424372196197510e-03,-7.424140814691781998e-03,5.980930756777524948e-03,-1.025685947388410568e-02,2.476951107382774353e-02,1.116306148469448090e-02,3.079742938280105591e-02,1.208940055221319199e-02,1.648615673184394836e-02,3.232790529727935791e-02,1.484828162938356400e-02,-1.236461754888296127e-02,6.911297887563705444e-02,-7.497979328036308289e-03,1.511678565293550491e-02,-2.531994506716728210e-02,6.276285275816917419e-03,-1.118487794883549213e-03,2.086277492344379425e-02,-1.249886956065893173e-02,-1.749304682016372681e-02,-3.772483766078948975e-02,-2.432647906243801117e-02,1.866104081273078918e-02,4.984108731150627136e-03,4.339027777314186096e-02,3.316026646643877029e-03,1.790922880172729492e-02,9.115717373788356781e-03,-1.891612075269222260e-02,2.313163504004478455e-02,-2.310478501021862030e-02,7.793333847075700760e-03,3.493910655379295349e-03,-3.914790973067283630e-02,1.213638950139284134e-02,4.075893387198448181e-02,2.562872506678104401e-02,2.172198891639709473e-02,-1.760380575433373451e-03,5.739276763051748276e-03,1.189473550766706467e-02,-1.121004950255155563e-02,2.082249894738197327e-02,2.361494302749633789e-02,1.248544454574584961e-02,1.261969655752182007e-02,-1.204241253435611725e-02,1.280093751847743988e-02,-1.997671090066432953e-02,1.586691942065954208e-03,7.632231339812278748e-03,-6.276285275816917419e-03,-1.962765678763389587e-02,-9.129142388701438904e-03,3.223728388547897339e-03,3.670452162623405457e-02,6.568283773958683014e-03,2.475272864103317261e-03,-5.574818234890699387e-03,1.067975442856550217e-02,-7.209337316453456879e-03,-1.910407282412052155e-02,-1.860734075307846069e-02,1.255928352475166321e-02,-3.192514926195144653e-02,1.170006953179836273e-02,3.997356165200471878e-03,1.076030544936656952e-02,1.943970285356044769e-02,6.766305305063724518e-03,-1.982903480529785156e-02,-1.845966326072812080e-03,7.336876820772886276e-03,3.775168955326080322e-02,-1.135101448744535446e-02,-8.369779097847640514e-04,-1.702274603303521872e-04,-7.800046820193529129e-03,-3.160294145345687866e-02,-4.994177725166082382e-03,9.068729355931282043e-03,2.272887900471687317e-02,-2.165486291050910950e-02,1.072674244642257690e-02,8.941189385950565338e-03,-1.136947423219680786e-03,1.296875253319740295e-02,1.901009678840637207e-02,1.553296763449907303e-02,-1.339835859835147858e-02,-1.796293072402477264e-02,9.578886441886425018e-03,-1.824485883116722107e-02,-1.012932043522596359e-02,-1.863419078290462494e-02,-5.246571823954582214e-02,2.197706699371337891e-02,-3.584530949592590332e-02,2.028549090027809143e-02,9.337233379483222961e-03,4.014137759804725647e-02,-3.688576165586709976e-03,-7.692644838243722916e-03,-2.031234093010425568e-02,-1.757359877228736877e-02,1.714399270713329315e-02,-1.058577746152877808e-02,3.302601352334022522e-02,-1.035083644092082977e-02,-4.232297185808420181e-03,1.623107865452766418e-02,-1.409646961838006973e-02,-6.850213278084993362e-03,1.985588483512401581e-02,1.805690699256956577e-03,1.624450273811817169e-02,2.733708359301090240e-03,4.299423191696405411e-03,-2.740085311233997345e-02,-2.275572903454303741e-02,-1.848651282489299774e-02,6.152102258056402206e-03,2.452985063428059220e-05,-1.866104081273078918e-03,-2.851514518260955811e-02,-2.744112722575664520e-02,-1.521076168864965439e-02,1.588202267885208130e-02,-2.268860349431633949e-03,-6.658903788775205612e-03,-2.749482914805412292e-02,-4.245722666382789612e-03,2.315848693251609802e-02,1.091738045215606689e-01,1.808375678956508636e-02,-1.017630845308303833e-02,1.507650967687368393e-02,1.260627154260873795e-02,2.795128524303436279e-02,-8.639122359454631805e-03,-3.122703731060028076e-02,4.319561179727315903e-03,-2.259462699294090271e-02,-5.165349226444959641e-03,-7.699357345700263977e-03,2.242009900510311127e-02,2.539042616263031960e-03,1.862076483666896820e-02,1.010247040539979935e-02,-2.180253900587558746e-02,-3.128073737025260925e-02,-2.176226489245891571e-02,-2.958916127681732178e-02,-2.889105118811130524e-02,-8.921051397919654846e-03,2.184281498193740845e-02,7.578530814498662949e-03,1.277408655732870102e-02,2.039289288222789764e-02,-7.135498803108930588e-03,3.600640967488288879e-02,1.695603877305984497e-02,-1.286135055124759674e-02,8.813650347292423248e-03,2.404454909265041351e-02,5.393577739596366882e-03,2.217844501137733459e-02,-2.322561107575893402e-03,8.612271398305892944e-03,6.601846776902675629e-03,6.501157768070697784e-03,2.088962495326995850e-02,3.497267141938209534e-03,-3.272394882515072823e-03,2.068824693560600281e-02,2.646108716726303101e-02,-2.087620086967945099e-02,2.867960371077060699e-03,-5.682219751179218292e-03,-7.779908832162618637e-03,-1.738984137773513794e-04,-2.977711334824562073e-02,-2.393714897334575653e-02,4.279956594109535217e-02,-2.843459323048591614e-02,3.331130137667059898e-04,-3.407318145036697388e-02,8.709604735486209393e-04,-1.534501463174819946e-02,-1.335137058049440384e-02,-2.172198891639709473e-02,-7.202624808996915817e-03,2.627313509583473206e-02,-3.042152337729930878e-02,-3.042152337729930878e-02,3.047522529959678650e-02,-6.682397797703742981e-03,-3.272394882515072823e-03,-1.498253364115953445e-02,3.047942009288817644e-04,-1.507650967687368393e-02,-1.848651282489299774e-02,-1.515706162899732590e-02,-1.866104081273078918e-02,1.032398641109466553e-02,-1.199542451649904251e-02,-8.545145392417907715e-03,4.994177725166082382e-03,6.199090275913476944e-03,2.886419929563999176e-02,-3.773742355406284332e-04,-1.410486060194671154e-03,1.276737451553344727e-02,1.548933563753962517e-03,-2.084935083985328674e-02,6.232653278857469559e-03,-5.873529240489006042e-03,-3.933166735805571079e-04,1.980218291282653809e-02,-2.286313101649284363e-02,2.111785486340522766e-02,-1.553296763449907303e-02,-1.574777066707611084e-02,3.361336886882781982e-03,-4.275929182767868042e-03,1.358631160110235214e-02,1.753332279622554779e-02,6.934120785444974899e-03,5.467416718602180481e-03,1.851336285471916199e-02,2.361494302749633789e-02,-1.231091655790805817e-02,-4.984108731150627136e-03,-7.581047830171883106e-04,-1.710371673107147217e-02,7.155636791139841080e-03,-5.292888730764389038e-03,1.934572681784629822e-02,-4.473951179534196854e-03,-6.058125756680965424e-03,3.643601760268211365e-02,-2.653157105669379234e-03,-3.652076411526650190e-04,1.159266848117113113e-02,-2.776333317160606384e-02,-1.455292664468288422e-02,-2.365521900355815887e-02,-1.945312879979610443e-02,-8.471307344734668732e-03,3.534186398610472679e-03,2.165486291050910950e-02,5.984287243336439133e-03,-1.205751555971801281e-03,-4.735742695629596710e-03,-1.894297078251838684e-02,3.340192139148712158e-02,-1.938264613272622228e-04,-2.897160127758979797e-02,-8.883712871465831995e-05,1.463347859680652618e-02,-3.936271369457244873e-02,2.906557871028780937e-03,1.319698058068752289e-02,-4.520939197391271591e-03,1.827171072363853455e-02,4.869994707405567169e-03,5.558036733418703079e-03,-3.721468150615692139e-02,-2.146690897643566132e-02,8.820362389087677002e-03,8.088688482530415058e-04,-7.410715334117412567e-03,-1.924839336425065994e-03,-1.565379463136196136e-02,-9.129142388701438904e-03,-2.017808891832828522e-02,-3.981916978955268860e-02,-3.694617748260498047e-02,-1.982903480529785156e-02,-1.449922565370798111e-02,-1.475933939218521118e-03,1.004205644130706787e-02,1.237133052200078964e-02,-2.440703101456165314e-02,-1.720104948617517948e-03,-7.632231339812278748e-03,-1.374741457402706146e-02,-1.789580471813678741e-02,-3.498609364032745361e-02,2.840270753949880600e-04,7.417428307235240936e-03,2.744112722575664520e-02,3.842294961214065552e-02,4.575311392545700073e-02,5.792977754026651382e-03,1.031727343797683716e-02,1.778840273618698120e-02,-6.860281806439161301e-03,1.814081449992954731e-03,-2.639396116137504578e-02,7.034809794276952744e-03,-2.754852920770645142e-02,3.688576165586709976e-03,1.966793090105056763e-02,1.977533288300037384e-02,9.317095391452312469e-03,1.223707851022481918e-02,6.732742302119731903e-03,-2.143838064512237906e-04,9.223118424415588379e-03,-2.456813352182507515e-03,2.523939358070492744e-03,-4.153759777545928955e-02,-2.317526843398809433e-03,-4.259147681295871735e-03,2.898167120292782784e-03,-2.025864087045192719e-02,-1.029042247682809830e-02,7.370439823716878891e-03,1.499595865607261658e-02,1.335808355361223221e-02,-8.296779356896877289e-03,3.597956150770187378e-03,2.924010530114173889e-02,-1.431127358227968216e-02,2.636711113154888153e-02,-2.015123888850212097e-02,2.154746092855930328e-02,4.316204693168401718e-03,2.356124296784400940e-02,5.752702243626117706e-03,-1.135269296355545521e-03,1.129060145467519760e-02,-9.750058525241911411e-04,2.209789492189884186e-02,-2.983081527054309845e-02,-2.288998104631900787e-02,-3.262325748801231384e-02,1.648615673184394836e-02,-1.402934361249208450e-02,-1.585517264902591705e-02,-8.028275333344936371e-03,-1.994986087083816528e-02,-2.730687521398067474e-02,-3.906735684722661972e-03,-1.123522175475955009e-03,-1.457977760583162308e-02,1.265325956046581268e-02,5.332325235940515995e-04,-1.706344075500965118e-02,8.323629386723041534e-03,-6.830075290054082870e-03,-1.658013276755809784e-02,2.975026331841945648e-02,-6.061481777578592300e-03,3.544255346059799194e-02,-6.477663293480873108e-03,1.389509160071611404e-02,2.009753882884979248e-02,3.305286541581153870e-02,-1.427099760621786118e-02,6.289710756391286850e-03,-6.249434780329465866e-03,-5.148567724972963333e-03,-1.184145439765416086e-04,3.114648535847663879e-02,-1.804348081350326538e-02,3.987287171185016632e-03,1.753332279622554779e-02,-1.080729300156235695e-03,-1.141142752021551132e-02,-1.302916556596755981e-02,1.988273486495018005e-02,-6.027918774634599686e-03,1.820793957449495792e-03,-2.209789492189884186e-02,-9.646012447774410248e-03,7.236187811940908432e-03,-1.435154862701892853e-02,-1.388166658580303192e-02,9.619162417948246002e-03,-2.004341804422438145e-04,-3.055577725172042847e-02,-1.938600279390811920e-02,1.696946471929550171e-02,-1.460662763565778732e-02,1.855363883078098297e-02,-1.077373046427965164e-02,-2.399084903299808502e-02,9.283532388508319855e-03,-9.209693409502506256e-03,-5.571461748331785202e-03,2.141320891678333282e-02,-3.251585736870765686e-02,1.246530655771493912e-02,-3.812759416177868843e-03,3.316026646643877029e-03,1.178062148392200470e-02,1.378768961876630783e-02,-3.278436139225959778e-02,-2.162801288068294525e-02,2.923339372500777245e-03,2.086277492344379425e-02,-1.193501148372888565e-02,2.028549090027809143e-02,-6.470950786024332047e-03,1.620422676205635071e-02,2.471581101417541504e-02,1.898408518172800541e-04,8.565283380448818207e-03,-2.881385618820786476e-03,-1.547926664352416992e-02,-4.086297994945198298e-04,3.524117404595017433e-03,-3.280785633251070976e-03,-2.861247630789875984e-04,7.571817841380834579e-03,-1.859391480684280396e-02,-3.788594156503677368e-02,-6.200768402777612209e-04,4.426962696015834808e-03,2.149376086890697479e-02,-3.512034937739372253e-02,-2.651478908956050873e-02,-8.988177403807640076e-03,-1.593572273850440979e-02,3.305286541581153870e-02,3.235475393012166023e-03,-2.025528345257043839e-03,4.776018206030130386e-03,3.635546565055847168e-02,-1.462005265057086945e-02,4.153759777545928955e-02,-2.242009900510311127e-02,-8.034987375140190125e-03,-4.155102185904979706e-03,7.759770844131708145e-03,-2.114470582455396652e-03,8.323629386723041534e-03,3.074372932314872742e-02,-2.824664115905761719e-02,-1.253243256360292435e-02,1.122347544878721237e-02,-6.954258307814598083e-03,1.012932043522596359e-02,1.218337751924991608e-02,-2.380289696156978607e-02,6.131964270025491714e-03,-3.842966165393590927e-03,2.545419707894325256e-02,-2.770963124930858612e-02,-4.304122179746627808e-02,3.265010938048362732e-02,-9.048591367900371552e-03,1.542556565254926682e-02,2.146690897643566132e-02,-3.034097328782081604e-02,-7.383865304291248322e-04,3.579160943627357483e-02,-6.538076791912317276e-03,2.773648314177989960e-02,-1.985588483512401581e-02,-2.229927293956279755e-02,9.296957403421401978e-03,1.784210279583930969e-02,-1.585517264902591705e-02,-2.596435509622097015e-02,2.708535874262452126e-03,-1.507650967687368393e-02,2.414859598502516747e-03,-9.290244430303573608e-03,-1.615052670240402222e-02,-1.546584069728851318e-02,1.051865145564079285e-02,9.471485391259193420e-03,1.067975442856550217e-02,2.145348489284515381e-02,-2.258120290935039520e-02,-6.474307272583246231e-03,4.202090669423341751e-03,-2.549447305500507355e-02,-2.405797503888607025e-02,-4.110798984766006470e-02,-1.307615358382463455e-02,2.685041911900043488e-02,1.149869151413440704e-02,-1.402934361249208450e-02,1.426428440026938915e-03,-9.189555421471595764e-03,-5.042508617043495178e-02,9.679575450718402863e-03,-1.592229865491390228e-02,-1.231091655790805817e-02,7.773196324706077576e-03,6.655547302216291428e-03,-3.554324153810739517e-03,8.143228478729724884e-04,3.614737652242183685e-03,6.225940771400928497e-03,-3.651656955480575562e-02,-3.506664559245109558e-02,6.289710756391286850e-03,-1.714399270713329315e-02,5.823184736073017120e-03,-4.883419722318649292e-03,-2.008411288261413574e-02,-7.296601310372352600e-03,2.728002518415451050e-02,-6.474307272583246231e-03,1.683521270751953125e-02,1.456635165959596634e-02,5.742633249610662460e-03,4.433675203472375870e-03,-1.460662763565778732e-02,1.226392854005098343e-02,7.907448336482048035e-03,-8.994890376925468445e-03,-7.571817841380834579e-03,-1.476773060858249664e-02,5.658725742250680923e-03,1.239146851003170013e-02,1.137786451727151871e-02,-3.192514926195144653e-02,2.455135108903050423e-03,1.427099760621786118e-02,-3.020672127604484558e-03,7.833609357476234436e-03,1.168412782135419548e-04,-1.246530655771493912e-02,-1.185613800771534443e-03,-1.592229865491390228e-02,3.028727136552333832e-02,1.280093751847743988e-02,-1.968135684728622437e-02,1.110264845192432404e-02,-1.757359877228736877e-02,-1.819115877151489258e-02,-1.052536442875862122e-02,1.440524961799383163e-02,-1.314327958971261978e-02,-2.354781702160835266e-02,6.044700276106595993e-03,-1.185445953160524368e-02,-6.987821310758590698e-03,-1.836568675935268402e-02,3.131430130451917648e-03,-2.678329311311244965e-02,8.384043350815773010e-03,-1.887920079752802849e-03,2.114470407832413912e-04,-4.957258701324462891e-03,5.574818234890699387e-03,3.616751357913017273e-02,-7.088510319590568542e-03,-1.909064687788486481e-02,-2.129573840647935867e-03,-2.859569620341062546e-03,2.030562842264771461e-03,-1.016959641128778458e-02,-4.242366179823875427e-02,-1.090126950293779373e-02,-1.566721871495246887e-02,5.642783435177989304e-05,-5.467416718602180481e-03,-2.455470710992813110e-02,6.111826747655868530e-03,1.491540763527154922e-02,-2.672959119081497192e-02,7.377152331173419952e-03,1.967598646879196167e-01,-8.424318395555019379e-03,-7.081797812134027481e-03,1.424414664506912231e-02,4.517582710832357407e-03,1.938600279390811920e-02,2.209789492189884186e-02,2.925017382949590683e-03,1.743599073961377144e-03,1.793607883155345917e-02,-2.811238914728164673e-02,1.102880947291851044e-02,7.430853322148323059e-03,-5.995195242576301098e-04,2.710549719631671906e-02,-3.820814564824104309e-02,-7.759770844131708145e-03,-2.062112092971801758e-02,-1.976190879940986633e-02,-1.104223448783159256e-02,-1.103552244603633881e-02,-1.455292664468288422e-02,1.772127673029899597e-02,-6.031275261193513870e-03,2.346726506948471069e-02,1.633848063647747040e-02,-9.954792447388172150e-03,2.329273894429206848e-02,2.640738710761070251e-02,-9.590634144842624664e-04,-1.342520932666957378e-03,1.227735355496406555e-02,3.396578133106231689e-02,-3.195199882611632347e-03,1.408304460346698761e-02,8.276641368865966797e-03,-9.078797884285449982e-04,4.518422065302729607e-04,7.041522301733493805e-03,-3.337842645123600960e-03,2.015123888850212097e-02,-1.417702063918113708e-02,-6.581708788871765137e-03,1.093483343720436096e-02,-4.400951438583433628e-04,3.426113352179527283e-02,1.535508345114067197e-04,-1.668921322561800480e-03,-2.278258092701435089e-02,1.423072163015604019e-02,-3.058262728154659271e-02,6.007781252264976501e-03,2.624628506600856781e-02,4.470594692975282669e-03,-6.001068744808435440e-03,-1.139045125455595553e-04,-1.286806352436542511e-02,1.560009364038705826e-02,4.594777710735797882e-03,-9.666150435805320740e-03,-1.870131678879261017e-02,1.844623684883117676e-02,-3.501294553279876709e-02,1.079386845231056213e-02,-9.974930435419082642e-03,5.118361208587884903e-03,-4.202090669423341751e-03,-8.525008335709571838e-03,5.208981223404407501e-03,-2.795128524303436279e-02,9.444634430110454559e-03,-2.248722501099109650e-02,-3.035775385797023773e-03,5.101579590700566769e-04,-6.078263744711875916e-03,-2.690411917865276337e-02,2.568242512643337250e-02,-1.056563947349786758e-02,-3.846322419121861458e-03,2.490376355126500130e-03,5.866816267371177673e-03,-9.686288423836231232e-03,2.600463107228279114e-02,2.916626632213592529e-03,-1.090798294171690941e-03,-2.546762116253376007e-02,2.276915498077869415e-02,-1.124361250549554825e-02,-2.515884302556514740e-02,5.480841733515262604e-03,3.302601398900151253e-03,-2.623285911977291107e-02,-2.094332687556743622e-02,5.668794736266136169e-03,-1.368700060993432999e-02,1.906379684805870056e-02,-7.363727316260337830e-03,2.897160127758979797e-02,-1.069989148527383804e-02,1.773470081388950348e-02,-6.759592797607183456e-03,-9.103969787247478962e-04,1.471402961760759354e-02,3.618093905970454216e-03,2.119840495288372040e-02,1.739907078444957733e-02,8.538433350622653961e-03,3.348247334361076355e-02,-9.287517605116590858e-05,1.361819682642817497e-03,1.978875882923603058e-02,-3.557680407539010048e-03,1.456635165959596634e-02,-1.172692049294710159e-02,3.874515369534492493e-02,1.324396859854459763e-02,-4.551146179437637329e-03,-4.357822984457015991e-02,1.743934676051139832e-02,-6.873707287013530731e-03,1.498253364115953445e-02,-2.805868722498416901e-02,2.622950356453657150e-03,1.229077950119972229e-02,-2.709207311272621155e-02,-9.646012447774410248e-03,-3.321396932005882263e-02,1.902352087199687958e-02,2.991136722266674042e-02,-4.459854587912559509e-02,9.974930435419082642e-03,-1.723796874284744263e-02,2.018815837800502777e-03,-5.970861762762069702e-03,-2.938442630693316460e-03,7.417428307235240936e-03,4.386687185615301132e-03,2.978718373924493790e-03,-2.802512375637888908e-03,9.303670376539230347e-03,1.408304460346698761e-02,1.998678082600235939e-03,9.202981367707252502e-03,3.047522529959678650e-02,-8.545145392417907715e-03,-3.433497389778494835e-03,2.009753882884979248e-02,-2.475608512759208679e-02,-9.766839444637298584e-03,-2.154746092855930328e-02,-4.121539369225502014e-02,-3.973862156271934509e-03,-4.202090669423341751e-03,1.300902757793664932e-02,-6.397112272679805756e-03,5.898701492697000504e-04,-8.276641368865966797e-03,-8.370618335902690887e-03,9.209693409502506256e-03,1.817773282527923584e-02,-4.854555800557136536e-02,2.004383690655231476e-02,2.046001888811588287e-02,-3.399262949824333191e-02,-1.668753474950790405e-02,1.027028542011976242e-02,-1.713056713342666626e-01,1.687548868358135223e-02,1.249215751886367798e-02,-2.591065363958477974e-03,2.047344483435153961e-02,-1.043138746172189713e-02,3.286491334438323975e-02,-1.179404649883508682e-02,-1.261969655752182007e-02,-3.643685777205973864e-04,-3.708714153617620468e-03,2.805868862196803093e-03,-3.681192547082901001e-02,3.900023410096764565e-03,-1.709196949377655983e-03,9.464772418141365051e-03,1.620254945009946823e-03,-1.754674874246120453e-02,3.055577725172042847e-02,1.574777066707611084e-02,2.832719124853610992e-02,5.460703745484352112e-03,1.098182145506143570e-02,-2.142663486301898956e-02,1.431127358227968216e-02,3.485184162855148315e-02,-1.761387474834918976e-02,-1.245188154280185699e-02,3.129751887172460556e-03,-5.091510713100433350e-03,-1.972163282334804535e-02,7.316739298403263092e-03,6.400468759238719940e-03,-1.425757259130477905e-02,8.256503380835056305e-03,-4.863282199949026108e-03,-2.480978704988956451e-02,2.138635888695716858e-02,-1.625289442017674446e-03,1.455292664468288422e-02,4.262504167854785919e-03,-6.670650909654796124e-04,1.871474087238311768e-02,-3.611381398513913155e-03,3.839609911665320396e-03,2.029891684651374817e-02,1.503623463213443756e-02,-2.072852291166782379e-02,6.833431310951709747e-03,-2.315848600119352341e-03,-1.076030544936656952e-02,-3.291861340403556824e-02,-4.103079554624855518e-04,6.239366251975297928e-03,3.275750949978828430e-02,5.074729211628437042e-03,-1.443209964781999588e-02,-1.016959641128778458e-02,-5.571461748331785202e-03,-7.551680319011211395e-03,2.419222705066204071e-02,-3.168349387124180794e-03,3.235475346446037292e-02,-1.811060681939125061e-02,7.585243321955204010e-03,-2.508836099877953529e-03,-1.772127673029899597e-02,2.639731857925653458e-03,-3.216680139303207397e-02,2.290340699255466461e-02,-1.905037276446819305e-02,-2.305108495056629181e-02,1.457977760583162308e-02,-1.415017060935497284e-02,1.160609349608421326e-02,7.169061806052923203e-03,-1.028371043503284454e-02,2.450100611895322800e-03,2.757537923753261566e-02,-6.504513788968324661e-03,-1.347219757735729218e-02,3.882570564746856689e-02,-1.192158553749322891e-02,3.012281376868486404e-03,-4.302779678255319595e-03,3.310656547546386719e-02,2.094332594424486160e-03,-1.612367667257785797e-02,2.148033585399389267e-03,2.403112500905990601e-02,-7.048234809190034866e-03,-2.875679917633533478e-02,-7.450991310179233551e-03,-1.800320483744144440e-02,1.014274545013904572e-02,2.186966687440872192e-02,1.187459751963615417e-02,-6.531364284455776215e-03,-1.296875253319740295e-02,-1.010247040539979935e-02,-1.057235291227698326e-03,-4.017493687570095062e-03,-2.779018320143222809e-02,1.456635165959596634e-02,3.895995765924453735e-02,1.329766958951950073e-02,1.581489667296409607e-02,1.529131364077329636e-02,3.353617340326309204e-02,8.659260347485542297e-03,-6.826718803495168686e-03,7.249612826853990555e-03,-4.034275189042091370e-03,1.201556250452995300e-02,1.115131424739956856e-03,2.945490926504135132e-02,1.214981451630592346e-02,1.437336439266800880e-03,2.380289696156978607e-02,-5.259325727820396423e-03,6.873707473278045654e-02,4.329630173742771149e-03,3.425106639042496681e-03,3.530410467647016048e-04,-9.746702387928962708e-03,-2.361494302749633789e-02,-1.090127006173133850e-01,1.510336063802242279e-02,1.746619679033756256e-02,6.913982797414064407e-03,2.054057084023952484e-02,-1.560680568218231201e-03,-1.350911683402955532e-03,1.880871877074241638e-02,-1.875501684844493866e-02,8.142389357089996338e-03,-6.142033264040946960e-03,-2.110442891716957092e-02,9.767364645085763186e-06,-2.779018320143222809e-02,8.914339356124401093e-03,-2.051371894776821136e-02,4.396756179630756378e-03,-1.645930670201778412e-02,-1.896982081234455109e-02,2.078222483396530151e-02,-2.548104710876941681e-02,-7.793333847075700760e-03,1.278751157224178314e-02,-3.262325748801231384e-02,1.026357244700193405e-02,5.403646733611822128e-03,-2.765593118965625763e-02,2.599120512604713440e-02,1.883556880056858063e-02,-3.973862156271934509e-03,1.276066154241561890e-02,1.292847655713558197e-02,1.358631160110235214e-02,-9.948080405592918396e-03,-2.237982302904129028e-02,-2.169513888657093048e-02,-2.039289288222789764e-02,-1.372056361287832260e-02,4.803539812564849854e-02,-1.194172352552413940e-02,-4.571283701807260513e-03,3.853035159409046173e-03,1.216995250433683395e-02,-2.099702693521976471e-02,5.843322258442640305e-03,1.553128939121961594e-03,1.781986793503165245e-04,2.001698687672615051e-02,2.691754512488842010e-02,2.406468847766518593e-03,-3.055577725172042847e-02,1.605655066668987274e-02,-3.517404943704605103e-02,-1.757359877228736877e-02,2.215159498155117035e-02,-1.161951851099729538e-02,4.772661719471216202e-03,4.061125684529542923e-03,-8.457882329821586609e-03,-1.690233871340751648e-02,1.710875076241791248e-03,2.094332687556743622e-02,1.294190157204866409e-02,4.423606675118207932e-03,2.515548607334494591e-03,-3.253935137763619423e-03,-1.812403276562690735e-02,-1.576119661331176758e-02,6.501157768070697784e-03,-8.075263351202011108e-03,2.808553725481033325e-02,3.829540917649865150e-03,-1.859391480684280396e-02,1.257270853966474533e-02,-2.548104710876941681e-02,1.859391457401216030e-03,-1.306272856891155243e-02,-1.786895282566547394e-02,2.668931521475315094e-02,-1.943970285356044769e-02,-7.383865304291248322e-03,-1.099524646997451782e-02,1.609682664275169373e-02,-4.346411675214767456e-03,3.450278937816619873e-02,-9.914517402648925781e-03,1.143827848136425018e-02,4.480663686990737915e-03,6.048056762665510178e-03,-2.392372302711009979e-02,4.792799707502126694e-03,1.132416445761919022e-02,-2.490376355126500130e-03,-1.721153821563348174e-04,-4.665260203182697296e-03,1.982903480529785156e-02,-1.257270853966474533e-02,1.556485192850232124e-03,-2.275572903454303741e-02,1.264654751867055893e-02,-1.196857448667287827e-02,-1.357959955930709839e-02,-6.105785071849822998e-02,1.263983454555273056e-02,-1.369371358305215836e-02,1.385481562465429306e-02,3.839609911665320396e-03,-1.601627469062805176e-02,1.323054358363151550e-02,-2.123868092894554138e-02,-7.021384313702583313e-03,-1.574777066707611084e-02,-1.666068471968173981e-02,3.955066576600074768e-02,-1.625792868435382843e-02,-3.176404535770416260e-02,6.355997757054865360e-04,2.459498308598995209e-02,1.563197816722095013e-03,-1.161280646920204163e-02,1.757359877228736877e-02,-2.113127894699573517e-02,1.839253702200949192e-03,5.490910727530717850e-03,-1.502784318290650845e-03,8.759949356317520142e-03,-3.071687929332256317e-02,1.784210279583930969e-02,-1.170510426163673401e-03,7.618806324899196625e-03,1.620254945009946823e-03,-1.886241883039474487e-02,6.598490290343761444e-03,-2.985766530036926270e-02,-3.893310786224901676e-04,7.941011339426040649e-03,1.483485661447048187e-02,-1.792265474796295166e-02,-7.967861369252204895e-03,-4.876707214862108231e-03,-9.941367432475090027e-03,3.995342180132865906e-02,-1.939942687749862671e-02,-3.120018728077411652e-02,-2.498767105862498283e-03,3.302601398900151253e-03,-3.967149183154106140e-03,-6.732742302119731903e-03,4.074551165103912354e-03,1.919804885983467102e-02,2.426606602966785431e-03,-2.805868722498416901e-02,1.551954168826341629e-02,5.259325727820396423e-03,5.437209736555814743e-03,-1.660698466002941132e-02,-4.531008191406726837e-03,-1.645930670201778412e-02,1.624450273811817169e-02,1.232602051459252834e-03,7.424140814691781998e-03,-5.324437841773033142e-02,3.235475346446037292e-02,8.491445332765579224e-03,-5.843322258442640305e-03,-7.759770844131708145e-03,2.017808891832828522e-02,-1.419044658541679382e-02,2.629998512566089630e-02,6.152102258056402206e-03,7.430014084093272686e-04,-1.437839958816766739e-02,-8.538433350622653961e-03,-1.933230087161064148e-02,-6.860281806439161301e-03,1.863419078290462494e-02,8.350480347871780396e-03,1.897988957352936268e-03,-2.523939311504364014e-02,-2.642081119120121002e-02,-1.888926886022090912e-02,3.243866143748164177e-03,9.303670376539230347e-03,-1.249215751886367798e-02,-1.038439944386482239e-02,1.946655288338661194e-02,1.141142752021551132e-02,-1.118991151452064514e-02,-6.759592797607183456e-03,-5.635231733322143555e-03,7.699357345700263977e-03,1.298217754811048508e-02,-2.787073515355587006e-02,2.204419299960136414e-02,2.621272113174200058e-03,-2.317526843398809433e-03,-2.164143696427345276e-02,3.970505669713020325e-03,-1.476773060858249664e-02,3.047522529959678650e-02,8.665972389280796051e-03,1.239818055182695389e-02,-2.666246518492698669e-02,6.960970815271139145e-03,-7.766483817249536514e-03,-2.189987339079380035e-03,-5.356658715754747391e-03,8.969717891886830330e-04,-2.550789713859558105e-02,-2.694439515471458435e-02,9.867528453469276428e-03,3.294546529650688171e-02,6.477663293480873108e-03,4.386687185615301132e-03,3.952381759881973267e-02,6.588421296328306198e-03,1.253243256360292435e-02,2.401769906282424927e-02,-1.812403276562690735e-02,-4.712248686701059341e-03,-3.160294145345687866e-02,-3.963793162256479263e-03,3.055577725172042847e-02,1.248544454574584961e-02,1.369371358305215836e-02,-8.088688366115093231e-03,3.474444150924682617e-02,-7.048234809190034866e-03,-5.051235202699899673e-04,3.564393147826194763e-03,-1.899667084217071533e-02,2.168171340599656105e-03,2.066139690577983856e-02,3.314348636195063591e-03,-2.628655917942523956e-02,-1.867446675896644592e-02,-3.222050145268440247e-03,2.302423305809497833e-02,-5.309670232236385345e-03,4.709563404321670532e-02,3.360497648827731609e-04,4.757894203066825867e-02,1.585517264902591705e-02,-1.504965964704751968e-02,9.545323438942432404e-03,1.504965964704751968e-02,2.429962903261184692e-02,-6.326629780232906342e-03,2.537364512681961060e-02,7.007959298789501190e-03,-3.732208162546157837e-02,2.337328903377056122e-02,-1.392026431858539581e-03,3.082428127527236938e-02,8.726386353373527527e-03,-9.719851426780223846e-03,-1.386152813211083412e-03,1.262640953063964844e-02,-2.342699095606803894e-03,-1.212296355515718460e-02,1.784210279583930969e-02,1.364672556519508362e-02,-9.404359385371208191e-03,-5.920517258346080780e-03,-1.903694681823253632e-02,-1.518391165882349014e-02,4.829719197005033493e-03,2.459498308598995209e-02,-2.037946693599224091e-02,1.193501148372888565e-02,-2.662218920886516571e-02,9.766839444637298584e-03,4.343055188655853271e-03,-1.888926886022090912e-02,-1.756017468869686127e-02,5.068016704171895981e-03,-2.533336915075778961e-02,-1.586859673261642456e-02,-1.996328681707382202e-02,-2.357802353799343109e-03,2.193343592807650566e-03,6.603524670936167240e-04,2.503801509737968445e-02,-6.011137273162603378e-03,-8.001424372196197510e-03,4.188665375113487244e-02,4.165171179920434952e-03,3.040809882804751396e-03,8.249791339039802551e-03,-1.103552244603633881e-02
-4.958515521138906479e-03,2.869356540031731129e-04,-3.373394161462783813e-02,-4.490730818361043930e-03,-1.379295904189348221e-02,3.654064983129501343e-02,-1.410036068409681320e-02,7.137054577469825745e-03,2.211952349171042442e-03,-8.172863163053989410e-03,7.270707283169031143e-03,3.505042288452386856e-03,9.522755630314350128e-03,1.657293550670146942e-02,-9.195306338369846344e-03,-2.758591808378696442e-02,1.734812185168266296e-02,1.963024027645587921e-03,9.636360220611095428e-03,-2.412431314587593079e-02,-1.272373739629983902e-02,-1.856102026067674160e-03,-1.001058798283338547e-02,-2.758591808378696442e-02,3.702179994434118271e-03,6.174755282700061798e-03,1.263686362653970718e-02,-6.876431871205568314e-03,3.889293875545263290e-03,-1.118673197925090790e-02,-1.561063621193170547e-02,-1.760874409228563309e-03,-5.129591003060340881e-02,7.357581518590450287e-03,-1.839061267673969269e-02,3.625329583883285522e-03,-2.437491202726960182e-03,-1.182826422154903412e-02,1.534333080053329468e-02,1.867128349840641022e-02,9.890300221741199493e-03,-1.598820555955171585e-03,1.462160609662532806e-02,3.474970348179340363e-03,-1.450131833553314209e-02,-1.166788116097450256e-02,-2.206606231629848480e-02,-1.778917573392391205e-02,-3.122127242386341095e-02,9.014874696731567383e-03,6.802923046052455902e-03,1.009913277812302113e-03,-1.448795385658740997e-02,2.379018254578113556e-02,-9.395785629749298096e-03,-1.407362986356019974e-02,1.295094750821590424e-02,1.714764162898063660e-02,-2.093001455068588257e-02,-2.568805031478404999e-02,1.296431291848421097e-02,-7.925605401396751404e-03,-4.604335874319076538e-03,-8.065940812230110168e-03,-2.528709173202514648e-02,-2.982126083225011826e-03,-8.807713165879249573e-03,-3.906000405550003052e-03,-7.731809280812740326e-03,-5.025341641157865524e-03,5.009303614497184753e-02,2.753245830535888672e-02,2.858497202396392822e-03,-8.928000926971435547e-03,1.714764162898063660e-02,-3.063319995999336243e-02,1.330679748207330704e-03,-4.137887805700302124e-02,-2.403075620532035828e-02,1.242970209568738937e-02,1.206215703859925270e-03,-2.039540372788906097e-02,-2.066270820796489716e-02,2.198586938902735710e-03,1.526313927024602890e-02,-2.020828984677791595e-02,-6.344327121041715145e-04,1.034471951425075531e-02,4.169964697211980820e-03,-1.940637268126010895e-02,2.265413478016853333e-02,3.608623147010803223e-02,1.232277974486351013e-02,-1.256335410289466381e-03,-1.166788116097450256e-02,2.940359525382518768e-03,-2.284124866127967834e-02,1.308459974825382233e-02,-9.195306338369846344e-03,-9.496024809777736664e-03,-3.843851760029792786e-02,-4.991928581148386002e-03,-1.238292362540960312e-02,1.092610880732536316e-02,-2.205269597470760345e-02,-3.945427760481834412e-02,6.035254918970167637e-04,-1.245643198490142822e-02,3.346663713455200195e-02,-3.023224323987960815e-02,-1.913906820118427277e-02,3.057974018156528473e-02,-2.401739172637462616e-02,-2.985801547765731812e-02,5.342767108231782913e-03,-2.178539149463176727e-02,6.532276049256324768e-03,-7.304120343178510666e-03,1.668988144956529140e-03,-2.158491173759102821e-03,6.335973739624023438e-04,-2.280449261888861656e-04,2.600881643593311310e-02,-7.798635400831699371e-03,2.245365409180521965e-03,-5.504820728674530983e-04,-1.512948609888553619e-02,-9.997222572565078735e-03,-1.369940210133790970e-02,3.409814788028597832e-03,-1.643928349949419498e-03,7.858779281377792358e-03,3.859890252351760864e-02,7.531329989433288574e-03,1.407362986356019974e-02,9.469293989241123199e-03,1.399343833327293396e-02,-1.143398880958557129e-02,-1.698725856840610504e-02,-2.673054113984107971e-02,2.309518866240978241e-02,1.621207408607006073e-02,-1.978060044348239899e-02,-1.447458844631910324e-02,2.530045807361602783e-02,7.691713515669107437e-03,1.138721033930778503e-02,2.961743995547294617e-02,-1.698725856840610504e-02,-1.040486339479684830e-02,-1.091942656785249710e-02,-8.961413986980915070e-03,3.261126205325126648e-02,-2.078299596905708313e-02,-8.896258077584207058e-04,1.343877986073493958e-02,-9.248767048120498657e-03,3.017878159880638123e-02,-1.061202492564916611e-02,-2.182548679411411285e-02,-2.635464188642799854e-04,1.547698397189378738e-02,2.135770209133625031e-02,-6.689317990094423294e-03,1.555717550218105316e-02,2.812052890658378601e-02,-1.154759433120489120e-02,-2.283790614455938339e-03,-2.992149908095598221e-03,-1.158100739121437073e-02,3.480316326022148132e-02,1.730802585370838642e-03,-2.381691336631774902e-02,2.207942679524421692e-02,-1.289748586714267731e-02,1.549034845083951950e-02,2.071616938337683678e-03,-9.375737048685550690e-03,-2.902936749160289764e-02,8.446850813925266266e-03,-2.975109219551086426e-02,-2.173527143895626068e-03,1.728129573166370392e-02,3.482989594340324402e-02,-9.041605517268180847e-03,-2.352287620306015015e-02,1.570419222116470337e-02,2.222644537687301636e-02,6.996719166636466980e-03,-2.072953432798385620e-02,2.967090159654617310e-02,1.160773728042840958e-02,-4.135214909911155701e-02,-9.128480218350887299e-03,-6.385391950607299805e-01,-1.420728303492069244e-02,-8.239689283072948456e-03,-1.702735573053359985e-02,-1.190845668315887451e-02,7.290755398571491241e-03,-4.134880728088319302e-04,1.619870774447917938e-02,-1.766888797283172607e-02,1.741661835694685578e-04,4.794790875166654587e-03,3.525758534669876099e-02,-6.258287932723760605e-03,-1.040820498019456863e-03,-9.631348075345158577e-04,-1.805648021399974823e-02,-1.101966574788093567e-02,-1.638081041164696217e-03,2.626275643706321716e-02,-1.647937856614589691e-02,-2.575487643480300903e-02,-1.357243210077285767e-02,1.383305527269840240e-02,1.912570185959339142e-02,-1.904551056213676929e-03,-3.050622995942831039e-03,2.269423007965087891e-02,-1.036476716399192810e-02,7.630734471604228020e-04,1.665312796831130981e-02,-3.231722488999366760e-02,2.078299596905708313e-02,1.567077939398586750e-03,1.150749810039997101e-02,3.742275759577751160e-02,3.698838641867041588e-03,-2.674390748143196106e-02,2.229327149689197540e-02,7.992431521415710449e-03,3.592584654688835144e-02,-1.570419222116470337e-02,-3.023224323987960815e-02,1.103303115814924240e-02,-1.106644421815872192e-02,-1.702735573053359985e-02,2.318874560296535492e-02,3.544469922780990601e-02,-4.210060462355613708e-03,6.792898755520582199e-03,-7.584791164845228195e-03,4.945150110870599747e-03,-3.156876936554908752e-02,-1.569584012031555176e-03,1.843070797622203827e-02,-2.084982348605990410e-03,2.253384701907634735e-02,3.191626816987991333e-02,-2.348278090357780457e-02,4.560898523777723312e-03,5.539904814213514328e-03,2.532718889415264130e-02,3.290529549121856689e-02,-1.933954656124114990e-02,-4.691210109740495682e-03,-3.084704466164112091e-02,-9.676456451416015625e-03,9.729917161166667938e-03,1.851090043783187866e-02,1.408699527382850647e-02,-1.347887516021728516e-02,1.014424022287130356e-02,4.836557491216808558e-04,-5.008635111153125763e-03,-2.203599084168672562e-03,-4.587629344314336777e-03,-8.854491636157035828e-03,1.717437244951725006e-02,2.046222984790802002e-02,-5.733700934797525406e-03,4.337030462920665741e-03,-8.446850813925266266e-03,7.370946928858757019e-03,-3.234395384788513184e-02,3.561844583600759506e-03,3.218357264995574951e-02,-1.607841998338699341e-02,-1.790946349501609802e-02,-9.222037042491137981e-04,2.975109219551086426e-02,-8.587186224758625031e-03,6.889797281473875046e-03,1.411372609436511993e-02,1.387315150350332260e-02,-4.661138169467449188e-03,1.984742656350135803e-02,1.350560598075389862e-02,1.246311515569686890e-02,1.066548563539981842e-02,3.587238490581512451e-02,-1.025116257369518280e-02,-2.081640996038913727e-03,-3.213011100888252258e-02,2.114385925233364105e-02,-2.000780962407588959e-02,7.364264223724603653e-03,5.650836601853370667e-02,-2.742553502321243286e-02,6.068668444640934467e-04,1.730802655220031738e-02,-3.095396794378757477e-02,7.036814931780099869e-03,1.721446961164474487e-02,5.874036345630884171e-03,-8.139450103044509888e-03,-3.464278206229209900e-02,-3.065993078052997589e-02,1.427410915493965149e-02,1.956675574183464050e-02,1.306455209851264954e-02,-2.647660113871097565e-02,1.657293550670146942e-02,-2.851814730092883110e-03,2.345605054870247841e-03,-3.694160655140876770e-02,1.629226468503475189e-02,3.560508042573928833e-02,-1.553044468164443970e-02,-2.540737949311733246e-02,-2.638304419815540314e-02,5.283458740450441837e-04,1.133542042225599289e-03,2.769952407106757164e-03,4.206718876957893372e-03,-1.114663574844598770e-02,2.667708136141300201e-02,7.838731631636619568e-03,1.512781600467860699e-03,-8.587186224758625031e-03,3.980177640914916992e-02,-4.057696089148521423e-02,1.871137879788875580e-03,5.075461696833372116e-03,9.536121040582656860e-03,-6.786216050386428833e-03,5.025341641157865524e-03,-4.362424463033676147e-02,-1.156764198094606400e-02,-2.260067313909530640e-02,-2.868187054991722107e-02,-1.944646937772631645e-03,7.860449841246008873e-04,-2.032857760787010193e-02,-2.383027784526348114e-02,-1.611851714551448822e-02,-6.468791048973798752e-03,-4.330347757786512375e-03,-4.928443580865859985e-03,2.153145149350166321e-02,-4.821521230041980743e-03,-1.784263737499713898e-02,6.889797281473875046e-03,3.538455348461866379e-03,-3.301221877336502075e-02,-2.109039761126041412e-02,-1.275715138763189316e-02,4.300275817513465881e-03,1.077909115701913834e-02,1.061202492564916611e-02,2.641311613842844963e-03,-1.504929456859827042e-02,2.014146372675895691e-02,1.610515080392360687e-02,-1.605169102549552917e-02,8.079306222498416901e-03,1.630563102662563324e-02,8.119402453303337097e-03,6.649222224950790405e-03,-3.146184608340263367e-02,-1.655957102775573730e-02,2.309518866240978241e-02,7.497916929423809052e-03,3.835832700133323669e-03,-1.339868362993001938e-02,-7.791952695697546005e-03,1.122682727873325348e-02,5.489784758538007736e-03,-7.598156575113534927e-03,1.353233680129051208e-02,4.925102461129426956e-03,2.032857760787010193e-02,-2.242024056613445282e-03,1.083923503756523132e-02,4.270203877240419388e-03,-9.582899510860443115e-03,2.532718889415264130e-02,-4.901713225990533829e-03,5.145629122853279114e-02,4.597653169184923172e-03,1.488891150802373886e-02,2.165173925459384918e-02,8.640647865831851959e-03,-1.567746326327323914e-02,6.516905874013900757e-02,3.032245906069874763e-03,2.729188278317451477e-02,-1.940637268126010895e-02,9.014874696731567383e-03,-1.503592915832996368e-02,1.563736610114574432e-02,-7.878826931118965149e-03,-3.049954771995544434e-02,-3.854544088244438171e-02,-1.008409634232521057e-02,9.937078692018985748e-03,7.284072693437337875e-03,5.231167003512382507e-02,-9.315594099462032318e-03,1.955339126288890839e-02,-2.074958290904760361e-03,-6.021054461598396301e-03,3.090050630271434784e-02,-1.896531879901885986e-02,1.458151079714298248e-02,1.211561821401119232e-02,-2.027511596679687500e-02,1.315142679959535599e-02,3.033916465938091278e-02,1.880493573844432831e-02,2.420450560748577118e-02,9.322276338934898376e-03,-5.102192051708698273e-03,1.469344482757151127e-03,-2.354960702359676361e-02,2.387037314474582672e-02,1.136716268956661224e-02,9.556168690323829651e-03,1.730802655220031738e-02,-3.102413378655910492e-03,7.517964579164981842e-03,-1.609178632497787476e-02,2.117058821022510529e-02,8.760934695601463318e-03,-1.228268351405858994e-02,-7.611521519720554352e-03,-5.199090112000703812e-03,-1.238292362540960312e-02,4.597653076052665710e-02,-5.609237123280763626e-04,2.783317584544420242e-03,-2.387037314474582672e-02,8.667377755045890808e-03,-2.170185791328549385e-03,-2.616919949650764465e-02,-1.992761902511119843e-02,1.165451575070619583e-02,-1.937964186072349548e-02,2.031521126627922058e-02,6.916527636349201202e-03,1.951329596340656281e-02,2.292143926024436951e-02,4.651114344596862793e-03,3.451581113040447235e-03,8.253054693341255188e-03,1.764215715229511261e-02,3.491008654236793518e-02,1.207051027449779212e-04,-9.522755630314350128e-03,2.490952378138899803e-03,-5.058755166828632355e-03,-2.758591808378696442e-02,-2.315533114597201347e-03,1.410036068409681320e-02,1.291085127741098404e-02,-1.633235998451709747e-02,-2.009802497923374176e-03,1.605169102549552917e-02,-1.253829454071819782e-03,1.476862374693155289e-02,2.244029007852077484e-02,8.380024693906307220e-03,-1.257003750652074814e-02,-1.999444514513015747e-02,3.036422422155737877e-04,-1.970040984451770782e-02,-2.054242044687271118e-02,-6.742779165506362915e-03,-4.426577687263488770e-02,1.688033714890480042e-02,-3.178261220455169678e-02,6.749461870640516281e-03,1.222086953930556774e-03,3.057974018156528473e-02,-1.515621691942214966e-02,-4.831545520573854446e-03,-1.895195432007312775e-02,-1.816340349614620209e-02,2.479257807135581970e-02,-9.709869511425495148e-03,2.825418300926685333e-02,-7.611521519720554352e-03,-1.116000115871429443e-02,8.854491752572357655e-04,-1.757533103227615356e-02,-2.076963149011135101e-02,1.861782185733318329e-02,1.156095881015062332e-02,1.102634798735380173e-02,-3.399790730327367783e-03,2.856826642528176308e-03,-3.092723712325096130e-02,-3.175588324666023254e-02,-1.173470728099346161e-02,5.095509346574544907e-03,-1.044161734171211720e-03,4.694551229476928711e-03,-2.945705689489841461e-02,-1.847080327570438385e-02,-1.686697080731391907e-02,1.996771432459354401e-02,3.144179936498403549e-03,-5.546587519347667694e-03,-2.121068537235260010e-02,1.764215761795639992e-03,1.432756986469030380e-02,1.029660478234291077e-01,1.960685290396213531e-02,-7.711761165410280228e-03,2.539401501417160034e-02,1.547698397189378738e-02,8.573820814490318298e-03,-1.138052809983491898e-02,-2.900263667106628418e-02,-3.996215760707855225e-03,-1.694716326892375946e-02,-5.549719935515895486e-05,-1.534333080053329468e-02,1.785600185394287109e-02,-1.466838410124182701e-03,2.793341502547264099e-02,9.783377870917320251e-03,-9.442564100027084351e-03,-3.440220654010772705e-02,-2.409758232533931732e-02,-4.407198168337345123e-03,-3.515066206455230713e-02,-1.373949833214282990e-02,1.776244491338729858e-02,1.468843221664428711e-02,2.431142702698707581e-02,5.723677109926939011e-03,2.948712790384888649e-03,3.571200370788574219e-02,5.997665226459503174e-03,-4.504096228629350662e-03,1.847080327570438385e-02,1.832378655672073364e-02,1.113327033817768097e-02,1.792282797396183014e-02,-5.279282107949256897e-03,1.847080327570438385e-02,-6.244087708182632923e-04,3.063988406211137772e-03,3.194299712777137756e-02,-2.738209906965494156e-03,6.218192167580127716e-03,2.177202515304088593e-02,1.553044468164443970e-02,-2.023502066731452942e-02,4.039653111249208450e-03,-4.400515463203191757e-03,-5.877377931028604507e-03,1.747509115375578403e-03,-2.210615761578083038e-02,-8.600551635026931763e-03,4.055023193359375000e-02,-2.618256583809852600e-02,1.133542042225599289e-03,-2.004790678620338440e-02,1.384642068296670914e-02,1.153422892093658447e-02,-3.370721265673637390e-02,-8.580503985285758972e-03,-8.486947044730186462e-03,2.221308089792728424e-02,-2.809379994869232178e-02,-2.717159502208232880e-02,3.156876936554908752e-02,-7.036814931780099869e-03,-6.141341757029294968e-03,-5.870695225894451141e-03,-1.418055221438407898e-02,6.983353756368160248e-03,-3.255780041217803955e-02,-1.242301892489194870e-02,-3.469624370336532593e-02,6.034419871866703033e-03,-1.895195432007312775e-02,-1.549034845083951950e-02,2.686419337987899780e-02,9.836839511990547180e-03,3.549816086888313293e-02,1.706160401226952672e-04,8.119401754811406136e-04,1.815003715455532074e-02,-6.639198400080204010e-03,-1.937964186072349548e-02,-7.203881163150072098e-03,-1.144401263445615768e-03,-5.706970579922199249e-03,3.204992040991783142e-02,-6.351844873279333115e-03,1.265022903680801392e-02,-2.610237337648868561e-02,-1.293758209794759750e-02,6.274994462728500366e-03,-1.400847453624010086e-03,1.503592915832996368e-02,2.736539114266633987e-03,-4.998611286282539368e-03,5.245868582278490067e-03,2.135770209133625031e-02,2.002117596566677094e-02,-2.407085336744785309e-02,9.064629011845681816e-06,-1.401682733558118343e-03,-2.258730679750442505e-02,1.917916350066661835e-02,-2.274769172072410583e-02,2.202596701681613922e-02,-5.813892930746078491e-03,3.302892437204718590e-03,3.750294819474220276e-02,-1.164783351123332977e-02,1.805648021399974823e-02,1.215571351349353790e-02,-2.796014584600925446e-02,-1.917916350066661835e-02,-1.986079290509223938e-02,-2.206606231629848480e-02,1.281729433685541153e-02,-5.807210225611925125e-03,1.808321103453636169e-02,1.259008515626192093e-02,-1.219580974429845810e-02,-5.192407872527837753e-03,-1.587794162333011627e-02,3.902659192681312561e-02,9.609629400074481964e-03,-2.538064867258071899e-02,-1.138721033930778503e-02,1.315810903906822205e-02,-3.787717595696449280e-02,-2.340593142434954643e-03,1.887176185846328735e-02,-3.608623053878545761e-03,1.740158163011074066e-02,1.321825291961431503e-02,-7.711761165410280228e-03,-3.675449639558792114e-02,-1.594476774334907532e-02,3.879269817844033241e-03,5.088826641440391541e-03,-1.237624045461416245e-02,-4.367102403193712234e-03,-1.593140326440334320e-02,-1.293758209794759750e-02,-9.121797047555446625e-03,-3.079358302056789398e-02,-3.335971757769584656e-02,-3.253106772899627686e-02,2.664700732566416264e-04,-5.169018637388944626e-03,1.055188104510307312e-02,2.260067313909530640e-02,-2.627612277865409851e-02,-6.929893046617507935e-03,-1.015092339366674423e-02,-1.194855198264122009e-02,-2.415104396641254425e-02,-2.265413478016853333e-02,-1.371276751160621643e-02,-4.106479231268167496e-03,3.111435100436210632e-02,2.158491313457489014e-02,4.624383524060249329e-02,-8.265584474429488182e-04,2.577826613560318947e-03,7.558060809969902039e-03,-1.984951522899791598e-04,-2.210615761578083038e-02,-1.236955821514129639e-02,3.438215935602784157e-03,-3.565854206681251526e-02,2.011473290622234344e-02,3.065993078052997589e-02,2.094337902963161469e-02,6.054467521607875824e-03,1.594476774334907532e-02,5.539278208743780851e-05,-3.541796701028943062e-03,1.375286374241113663e-02,-1.732139103114604950e-02,-2.185221761465072632e-02,-4.033638536930084229e-02,-1.053183339536190033e-02,4.333688877522945404e-03,1.139389351010322571e-02,-2.900263667106628418e-02,-1.093279104679822922e-02,-1.243805512785911560e-03,5.573317874222993851e-03,1.350101229036226869e-04,-7.066886755637824535e-04,8.248878293670713902e-05,3.437547758221626282e-02,-4.349059239029884338e-02,1.609178632497787476e-02,-2.889571525156497955e-02,1.015760563313961029e-02,4.523831012193113565e-05,2.429806254804134369e-02,-1.822688849642872810e-03,-6.958293961361050606e-04,2.548757195472717285e-02,1.523640844970941544e-02,1.404689997434616089e-02,-2.801360748708248138e-02,-2.820072136819362640e-02,-2.060924842953681946e-02,7.524647284299135208e-03,-2.459209784865379333e-02,1.612185733392834663e-04,-1.020438410341739655e-02,-1.443449221551418304e-02,-2.338922396302223206e-02,-2.846802584826946259e-02,-1.208888739347457886e-02,-2.488613501191139221e-02,1.808321103453636169e-02,1.708248630166053772e-03,-1.025116257369518280e-02,2.650333195924758911e-02,-1.014424022287130356e-02,-5.910790991038084030e-03,1.452804915606975555e-02,-5.399569403380155563e-03,4.020273312926292419e-02,-2.648996748030185699e-02,1.916579902172088623e-02,6.786216050386428833e-03,2.693102136254310608e-02,-1.883166655898094177e-02,1.655957102775573730e-02,8.720839396119117737e-03,-5.951722268946468830e-04,1.325166597962379456e-02,3.172915428876876831e-02,-9.676456451416015625e-03,-7.598156575113534927e-03,1.807652879506349564e-03,9.963809512555599213e-03,-5.890742875635623932e-03,-1.582447998225688934e-02,1.971377432346343994e-02,9.021557634696364403e-04,-1.543688774108886719e-02,-6.544805946759879589e-04,2.078299643471837044e-03,-1.042491174302995205e-03,-1.097956951707601547e-02,-1.582447998225688934e-02,1.304450444877147675e-02,2.149135619401931763e-02,-2.675727196037769318e-02,-1.706745103001594543e-02,1.507602538913488388e-02,-1.764215715229511261e-02,4.631066229194402695e-03,-3.282844554632902145e-03,-3.004512935876846313e-02,1.798965409398078918e-02,-1.406026445329189301e-02,-1.089269574731588364e-02,1.233614515513181686e-02,-3.151530772447586060e-02,1.623880350962281227e-03,-1.471516303718090057e-02,-1.174473203718662262e-03,1.944646984338760376e-02,1.729466021060943604e-02,-2.673054113984107971e-02,-1.333854068070650101e-02,-8.236347930505871773e-04,2.522026561200618744e-02,-1.479535456746816635e-02,8.854491636157035828e-03,-1.839061267673969269e-02,2.222644537687301636e-02,2.769284136593341827e-02,-6.241581402719020844e-03,1.228268351405858994e-02,-4.069725051522254944e-03,-8.032527752220630646e-03,-1.156764198094606400e-02,1.307123526930809021e-02,-1.423401292413473129e-03,-2.564795501530170441e-02,8.044222486205399036e-04,-1.071226410567760468e-02,-3.835832700133323669e-02,8.934683166444301605e-03,1.837724819779396057e-02,3.266471996903419495e-02,-2.902936749160289764e-02,-4.239463806152343750e-02,-4.808156285434961319e-03,-2.090328373014926910e-02,4.127195477485656738e-02,4.457317758351564407e-03,-9.148527868092060089e-03,1.393997762352228165e-02,3.667430207133293152e-02,-1.232277974486351013e-02,3.167569264769554138e-02,-2.932340465486049652e-02,-5.556611344218254089e-03,-2.644987031817436218e-02,3.558503231033682823e-03,-5.235844757407903671e-03,4.019604995846748352e-03,1.594476774334907532e-02,-2.902936749160289764e-02,-8.326563984155654907e-03,1.642591692507266998e-02,2.287131967023015022e-03,1.931281574070453644e-02,1.043827645480632782e-02,-2.985801547765731812e-02,-7.350898813456296921e-03,-1.951329596340656281e-02,2.024838514626026154e-02,-1.436766609549522400e-02,-3.966812416911125183e-02,2.833437360823154449e-02,-1.021774951368570328e-02,2.544413320720195770e-03,2.428469620645046234e-02,-3.229049593210220337e-02,4.141145618632435799e-04,4.089772701263427734e-02,-1.156764198094606400e-02,2.477921172976493835e-02,-2.999166771769523621e-02,-2.777303196489810944e-02,-4.313641227781772614e-03,5.312695167958736420e-03,-2.413767948746681213e-02,-2.147798985242843628e-02,-1.592973247170448303e-03,-2.146462537348270416e-02,-2.998832613229751587e-03,-4.574263934046030045e-03,-2.576824277639389038e-02,-1.562400162220001221e-02,-7.413548883050680161e-04,-1.528652850538492203e-03,1.773571409285068512e-02,1.705408468842506409e-02,-1.562400162220001221e-02,7.544695399701595306e-03,1.617197692394256592e-02,-3.726237639784812927e-02,-1.065880339592695236e-02,-3.851871192455291748e-02,-8.132766932249069214e-03,1.494237314909696579e-02,1.884503103792667389e-02,-1.646601408720016479e-02,8.500312454998493195e-03,-1.103971339762210846e-02,-5.423627048730850220e-02,-5.312695167958736420e-03,-1.153422892093658447e-02,-1.516958232969045639e-02,1.125355809926986694e-02,1.165451575070619583e-02,6.706024520099163055e-03,1.124353380873799324e-03,1.318483985960483551e-02,-2.014814643189311028e-03,-2.123741433024406433e-02,-1.455477997660636902e-02,1.408699527382850647e-02,-3.015205077826976776e-02,1.553712761960923672e-03,5.867353640496730804e-03,-1.406026445329189301e-02,2.370664849877357483e-03,7.143737282603979111e-03,-1.998108066618442535e-02,6.214851047843694687e-03,1.268364209681749344e-02,9.663091041147708893e-03,-1.024448033422231674e-02,-1.606505550444126129e-02,5.282623227685689926e-03,6.001006346195936203e-03,-1.586457714438438416e-02,-4.651114344596862793e-03,-2.264076843857765198e-02,-7.547201239503920078e-04,1.601159386336803436e-02,2.117058821022510529e-02,-2.035530656576156616e-02,-1.061202492564916611e-02,7.965701632201671600e-03,-3.434874583035707474e-03,-2.651669643819332123e-02,6.599102634936571121e-03,-7.678348105400800705e-03,4.487389698624610901e-03,-1.988752372562885284e-02,4.349059239029884338e-02,4.086431581526994705e-03,-9.709869511425495148e-03,2.940359700005501509e-04,-7.297437638044357300e-03,-9.429198689758777618e-03,7.304120343178510666e-03,1.940637268126010895e-02,-2.002117596566677094e-02,-1.411372609436511993e-02,4.266862757503986359e-03,-9.943761862814426422e-03,5.773797165602445602e-03,-1.594476774334907532e-02,1.158768963068723679e-02,-3.870582580566406250e-02,3.468287875875830650e-03,-2.505988255143165588e-02,5.860671401023864746e-03,-3.645377699285745621e-03,1.688033714890480042e-02,3.079358302056789398e-02,-6.295042578130960464e-03,-2.117058821022510529e-02,-1.323830056935548782e-02,-1.045832410454750061e-02,3.468287875875830650e-03,-2.020828984677791595e-02,-3.763660416007041931e-02,-1.820349879562854767e-02,-1.941973902285099030e-02,-3.384754760190844536e-03,1.623880490660667419e-02,-1.487554609775543213e-02,-3.558503231033682823e-03,1.480871997773647308e-02,-2.735870890319347382e-02,-1.715766615234315395e-03,1.907491385936737061e-01,-8.533725515007972717e-03,-4.844910465180873871e-03,1.319820526987314224e-02,2.926994347944855690e-03,3.426855430006980896e-02,3.755640983581542969e-02,6.856383755803108215e-03,9.001510217785835266e-03,1.958012208342552185e-02,-3.055300936102867126e-02,-1.496074954047799110e-03,1.344045042060315609e-03,7.624886929988861084e-03,3.186280652880668640e-02,-4.998611286282539368e-02,-7.357581518590450287e-03,2.500976203009486198e-03,-1.537006162106990814e-02,-1.372613292187452316e-02,-7.555554620921611786e-04,-1.587794162333011627e-02,1.902880379930138588e-03,-6.398623227141797543e-04,2.567468583583831787e-02,1.638582162559032440e-02,-6.956623401492834091e-03,2.576824277639389038e-02,2.150472067296504974e-02,6.084539461880922318e-03,-4.296934697777032852e-03,1.847080327570438385e-02,1.678678020834922791e-02,-2.594199031591415405e-02,6.231557577848434448e-03,-2.380688907578587532e-03,1.259008515626192093e-02,-8.760934695601463318e-03,5.733700934797525406e-03,-5.422958638519048691e-03,1.911233738064765930e-02,-1.164783351123332977e-02,4.069725051522254944e-03,2.935347612947225571e-03,3.879269817844033241e-03,2.377681620419025421e-02,-6.682635284960269928e-03,-3.596093156374990940e-04,1.892856438644230366e-03,8.573820814490318298e-03,-3.584565594792366028e-02,1.094615645706653595e-02,2.428469620645046234e-02,5.539904814213514328e-03,2.160161966457962990e-03,-1.115331798791885376e-02,1.650610938668251038e-03,2.774630300700664520e-02,1.084591727703809738e-02,-9.830156341195106506e-03,-1.642591692507266998e-02,2.158491173759102821e-03,-3.349336981773376465e-02,1.080582104623317719e-02,-1.054519880563020706e-02,1.196191739290952682e-02,-1.252994127571582794e-02,-1.462160609662532806e-02,2.487611025571823120e-03,-2.666371501982212067e-02,1.564571983180940151e-03,-2.030184678733348846e-02,-7.631569635123014450e-03,-4.243473522365093231e-04,-7.284072693437337875e-03,-1.857772655785083771e-02,5.698951333761215210e-02,-3.050622995942831039e-03,2.724844496697187424e-03,1.293758209794759750e-02,-1.216239668428897858e-02,-2.342931926250457764e-02,2.566131949424743652e-02,2.252048067748546600e-02,3.508383641019463539e-03,-4.041657969355583191e-02,2.878879383206367493e-02,1.794287585653364658e-03,-1.955339126288890839e-02,6.615808815695345402e-04,5.115557461977005005e-03,-7.397677283734083176e-03,-1.848416961729526520e-02,5.078802932985126972e-04,-8.002455579116940498e-04,1.479535456746816635e-02,1.399176777340471745e-03,2.504651807248592377e-02,-1.302445679903030396e-02,2.147798985242843628e-02,-1.643928326666355133e-02,-4.270203877240419388e-03,2.940359525382518768e-02,1.045164186507463455e-02,7.290755398571491241e-03,1.730802655220031738e-02,1.974050514400005341e-02,2.289470843970775604e-02,-4.276886582374572754e-03,-9.462611749768257141e-03,2.504651807248592377e-02,-1.439439691603183746e-02,8.146132342517375946e-03,-5.870695225894451141e-03,2.774630300700664520e-02,-5.847305990755558014e-03,-5.901602562516927719e-04,-3.600604087114334106e-02,2.354960702359676361e-02,-1.143398880958557129e-02,-8.540407754480838776e-03,-1.626553386449813843e-02,-7.087769918143749237e-04,2.278778702020645142e-02,-9.496024809777736664e-03,-1.471516303718090057e-02,-2.389710396528244019e-02,1.594476774334907532e-02,1.341873221099376678e-02,-4.544192180037498474e-02,7.464503869414329529e-03,-1.271705515682697296e-02,-4.804814700037240982e-03,-1.704072020947933197e-02,4.851593170315027237e-03,-1.854431349784135818e-03,-6.492180284112691879e-03,-2.517682965844869614e-03,-5.907449871301651001e-03,1.121346186846494675e-02,1.785600185394287109e-02,-4.590970464050769806e-03,7.076910696923732758e-03,2.610237337648868561e-02,4.707916639745235443e-03,-3.746452566701918840e-04,1.042491104453802109e-02,-8.025845512747764587e-03,-1.976723596453666687e-02,-2.817399054765701294e-02,-4.343713074922561646e-02,-6.720225210301578045e-04,9.041605517268180847e-03,4.046335816383361816e-03,1.395334303379058838e-02,7.284072693437337875e-03,-7.030132226645946503e-03,-1.724119856953620911e-02,1.642591692507266998e-02,1.361252833157777786e-02,-4.950496181845664978e-02,2.169183455407619476e-02,2.023502066731452942e-02,-3.263799101114273071e-02,-1.455979188904166222e-03,-1.095952186733484268e-02,-1.695785522460937500e-01,1.642591692507266998e-02,9.155210107564926147e-03,-2.419114112854003906e-03,-2.353958319872617722e-03,-3.731834294740110636e-04,3.964139148592948914e-02,-8.500312454998493195e-03,-2.540737949311733246e-02,4.931784700602293015e-03,-3.652060171589255333e-03,1.845743879675865173e-02,-3.552488982677459717e-02,2.811718732118606567e-03,-1.208220515400171280e-02,2.523363195359706879e-02,1.182826422154903412e-02,-1.537006162106990814e-02,2.102357149124145508e-02,1.467506773769855499e-02,3.851871192455291748e-02,-4.773907712660729885e-04,3.508383641019463539e-03,-2.943032607436180115e-02,9.342323988676071167e-03,1.674668490886688232e-02,-8.714156225323677063e-03,-1.009746175259351730e-02,-5.964252166450023651e-03,-1.780254021286964417e-02,-1.864455267786979675e-02,1.954002678394317627e-02,3.346663713455200195e-02,-1.070558186620473862e-02,1.151418033987283707e-02,-4.490730818361043930e-03,-2.599545195698738098e-02,1.351228915154933929e-02,3.919365815818309784e-03,7.832048460841178894e-03,1.510275620967149734e-02,8.994827046990394592e-03,9.282180108129978180e-03,-1.294760615564882755e-03,1.590467244386672974e-02,2.481930702924728394e-02,1.971377432346343994e-02,-1.443449221551418304e-02,1.297767832875251770e-02,-1.896531879901885986e-02,-1.185499504208564758e-02,-3.295875713229179382e-02,-7.711761165410280228e-03,3.330876061227172613e-04,2.189231291413307190e-02,-1.819347497075796127e-03,-1.476862467825412750e-03,-2.399065997451543808e-03,-3.112437436357140541e-03,-6.442060694098472595e-03,8.948048576712608337e-03,1.451468374580144882e-02,1.117336656898260117e-02,-8.486947044730186462e-03,1.208888739347457886e-02,-3.882611170411109924e-03,-2.375008538365364075e-02,9.068336337804794312e-03,-3.140838444232940674e-02,1.408699527382850647e-02,-2.725178748369216919e-02,-1.782927103340625763e-02,2.139779925346374512e-02,-2.038203738629817963e-02,2.495296113193035126e-02,1.187504269182682037e-02,-2.437491202726960182e-03,-3.186781832482665777e-04,3.592584654688835144e-02,2.767028672678861767e-05,-1.125355809926986694e-02,3.766333311796188354e-02,-2.042213454842567444e-02,-1.011082716286182404e-02,1.373949833214282990e-02,1.756196655333042145e-02,-2.911958377808332443e-03,-1.148745045065879822e-02,8.460216224193572998e-03,1.701398938894271851e-02,-7.491860742447897792e-05,-1.827032491564750671e-02,9.475977160036563873e-03,-2.624939195811748505e-02,2.223980985581874847e-02,1.990088820457458496e-02,1.300440821796655655e-02,-1.920589432120323181e-02,-9.496024809777736664e-03,-1.328507903963327408e-02,-2.402407350018620491e-03,-1.861782185733318329e-02,-3.921370580792427063e-02,1.555717550218105316e-02,1.442112680524587631e-02,-1.621207408607006073e-02,1.161442045122385025e-02,2.686419337987899780e-02,2.000780962407588959e-02,1.403353409841656685e-03,8.299833163619041443e-03,3.528431523591279984e-03,-2.703126054257154465e-03,2.296153455972671509e-02,1.456814538687467575e-02,2.916302159428596497e-02,5.379521287977695465e-03,4.577605053782463074e-03,1.998108066618442535e-02,1.745838439092040062e-03,6.233562156558036804e-02,1.320488750934600830e-02,1.031798869371414185e-02,7.030132226645946503e-03,-7.671665400266647339e-03,-1.164115127176046371e-02,-1.128028854727745056e-01,3.581892466172575951e-03,1.956675574183464050e-02,8.373342454433441162e-03,1.063207257539033890e-02,2.214625291526317596e-02,3.165898611769080162e-03,1.340536680072546005e-02,-1.436766609549522400e-02,9.054970927536487579e-03,-1.595813408493995667e-02,2.696025767363607883e-04,-7.377629633992910385e-03,-1.081250421702861786e-02,1.575765386223793030e-02,-3.458932042121887207e-02,2.096676966175436974e-03,-2.666371501982212067e-02,-1.463497150689363480e-02,1.472852844744920731e-02,-1.410036068409681320e-02,7.243976928293704987e-03,1.202874351292848587e-03,-3.164895996451377869e-02,2.148467348888516426e-03,1.260512042790651321e-03,-3.865236416459083557e-02,2.985801547765731812e-02,9.870252572000026703e-03,-1.663976232521235943e-03,-4.353736992925405502e-03,2.600881643593311310e-02,-2.913628937676548958e-03,8.156991680152714252e-04,-1.436766609549522400e-02,-2.170519903302192688e-02,-1.252325903624296188e-02,-1.844407431781291962e-02,4.803478345274925232e-02,-6.415329873561859131e-03,6.368551403284072876e-03,1.170129422098398209e-02,1.761542633175849915e-02,-1.212898362427949905e-02,1.547698397189378738e-02,-1.378293498419225216e-03,9.282180108129978180e-03,3.402797877788543701e-02,2.244029007852077484e-02,3.419838612899184227e-03,-1.443449221551418304e-02,1.208888739347457886e-02,-2.817399054765701294e-02,-2.098347432911396027e-02,-8.787665283307433128e-04,1.710754702799022198e-03,-5.630120169371366501e-03,2.182548679411411285e-02,-1.371276751160621643e-02,1.682353438809514046e-03,7.584791164845228195e-03,1.762879267334938049e-02,1.678678020834922791e-02,1.610515080392360687e-02,7.036814931780099869e-03,-1.611851714551448822e-02,-2.190567925572395325e-02,-3.055300936102867126e-02,1.174139045178890228e-02,5.884895799681544304e-04,2.278778702020645142e-02,-3.140838583931326866e-03,-1.420728303492069244e-02,1.265022903680801392e-02,-1.744167879223823547e-02,-7.117006462067365646e-03,-1.033803727477788925e-02,-2.165173925459384918e-02,1.602496020495891571e-02,-2.027511596679687500e-02,-1.231609657406806946e-02,-1.610515080392360687e-02,1.087933033704757690e-02,-1.395334303379058838e-02,3.763660416007041931e-02,-3.474970534443855286e-02,3.652060171589255333e-03,-8.112719282507896423e-03,1.680014468729496002e-02,-2.142452821135520935e-02,9.896983392536640167e-03,2.493959479033946991e-02,2.143455203622579575e-03,-3.044608607888221741e-02,1.120009645819664001e-02,2.421787008643150330e-02,-9.950444102287292480e-03,-6.692659109830856323e-03,-2.350951172411441803e-02,2.697111666202545166e-02,-2.520690113306045532e-02,-2.080972678959369659e-02,-5.076129734516143799e-02,2.209279313683509827e-02,-6.969988811761140823e-03,1.171465963125228882e-02,1.979396678507328033e-02,-8.600551635026931763e-03,3.322606161236763000e-02,-1.991425268352031708e-02,2.019826555624604225e-03,-7.411042694002389908e-03,-1.971377432346343994e-02,3.424182534217834473e-02,1.760874409228563309e-03,-3.515066206455230713e-02,-4.771401640027761459e-03,1.160773728042840958e-02,1.089937798678874969e-02,1.247982145287096500e-03,5.630120169371366501e-03,-7.123689167201519012e-03,1.273042056709527969e-02,7.203881163150072098e-03,5.783820990473031998e-03,9.235401637852191925e-03,-2.109039761126041412e-02,1.575765386223793030e-02,4.350395407527685165e-03,1.940637268126010895e-02,3.712204052135348320e-03,-8.547090925276279449e-03,4.547533579170703888e-03,-2.532718889415264130e-02,1.356574986129999161e-02,4.577605053782463074e-03,6.655904930084943771e-03,-2.531382255256175995e-02,-9.890300221741199493e-03,1.654620468616485596e-02,2.479257807135581970e-02,1.177480351179838181e-02,-1.781590655446052551e-02,-4.260848462581634521e-02,1.200869586318731308e-02,-6.411988753825426102e-03,1.479535456746816635e-02,6.567777745658531785e-05,-9.268815629184246063e-03,8.019162341952323914e-03,1.033803727477788925e-02,-2.472575008869171143e-02,1.310464832931756973e-02,1.379295904189348221e-02,-5.453030578792095184e-03,-6.308407988399267197e-03,1.554756890982389450e-04,1.046667806804180145e-03,1.490227691829204559e-02,-2.701455261558294296e-03,1.577102020382881165e-02,-4.116503521800041199e-02,2.766611054539680481e-02,6.171413697302341461e-03,-1.352398307062685490e-03,-1.844407431781291962e-02,2.753245830535888672e-02,-1.728129573166370392e-02,2.581167966127395630e-03,3.668766934424638748e-03,9.482659399509429932e-03,-8.119402453303337097e-03,-1.091274339705705643e-02,-2.278778702020645142e-02,-1.637245644815266132e-03,1.740158163011074066e-02,4.657797049731016159e-03,-1.329844444990158081e-02,-1.607841998338699341e-02,-1.752186939120292664e-02,-2.006127126514911652e-02,-8.346611633896827698e-03,9.489342570304870605e-03,-2.893581055104732513e-03,-1.619870774447917938e-02,9.222037158906459808e-03,1.265022903680801392e-02,-9.282180108129978180e-03,-1.412709150463342667e-02,-5.070449551567435265e-04,2.135770209133625031e-02,4.262268485035747290e-04,-1.234282739460468292e-02,1.916579902172088623e-02,1.140725892037153244e-02,5.225820932537317276e-03,-5.777138285338878632e-03,1.176812127232551575e-02,-1.188840810209512711e-02,1.318483985960483551e-02,3.945427760481834412e-02,6.675952579826116562e-03,-2.599545195698738098e-02,1.006404869258403778e-02,-1.218912657350301743e-02,-6.876431871205568314e-03,-5.011976696550846100e-03,1.923262514173984528e-02,-1.761542633175849915e-02,-3.408144041895866394e-02,5.549928639084100723e-03,1.549034845083951950e-02,2.242024056613445282e-03,2.128419466316699982e-03,3.648718819022178650e-02,1.772569026798009872e-03,1.091942656785249710e-02,2.227990701794624329e-02,-3.922706935554742813e-03,9.342323988676071167e-03,-2.329566702246665955e-02,1.321825291961431503e-02,2.272096090018749237e-02,3.668766934424638748e-03,2.340593142434954643e-03,-6.087881047278642654e-03,3.239741548895835876e-02,-2.787995524704456329e-02,-8.386707864701747894e-03,-1.114329439587891102e-03,-5.005293991416692734e-03,-7.765222340822219849e-03,2.162500843405723572e-02,-2.029850438702851534e-04,-2.055578678846359253e-02,-1.808321103453636169e-02,-1.232946198433637619e-02,2.113049291074275970e-02,-8.226323872804641724e-03,4.629729688167572021e-02,-2.301499620079994202e-02,5.276608839631080627e-02,1.772234961390495300e-02,-2.190567925572395325e-02,6.903162226080894470e-03,1.365930680185556412e-02,2.838783524930477142e-02,-1.488891150802373886e-02,1.518294773995876312e-02,-2.367323497310280800e-03,-2.449854090809822083e-02,3.106088936328887939e-02,-2.763269701972603798e-03,2.828091382980346680e-02,-5.488114547915756702e-04,-4.233449697494506836e-03,8.126084692776203156e-03,1.144401263445615768e-03,2.578160725533962250e-02,-1.980733126401901245e-02,1.804311573505401611e-02,2.703794278204441071e-02,6.261629518121480942e-03,-2.968760672956705093e-03,-1.883166655898094177e-02,-2.828091382980346680e-02,-1.622543856501579285e-02,1.336527056992053986e-02,-3.204992040991783142e-02,1.722783409059047699e-02,-1.804311573505401611e-02,1.800302043557167053e-02,1.475525926798582077e-02,-2.067607454955577850e-02,-2.223980985581874847e-02,3.090050630271434784e-02,-1.286407280713319778e-02,-6.261629518121480942e-03,-2.623602561652660370e-02,-6.749461870640516281e-03,9.562850929796695709e-03,-1.134043186902999878e-02,1.742831245064735413e-02,-1.402016915380954742e-02,-1.714764162898063660e-02,3.702180087566375732e-02,3.618647111579775810e-03,-1.146071963012218475e-02,5.559952463954687119e-03,4.841569345444440842e-03
-3.304523183032870293e-03,-4.491487983614206314e-03,-3.433374688029289246e-02,-1.860521361231803894e-02,-1.350442878901958466e-02,4.101936891674995422e-02,-6.229483988136053085e-03,3.632478415966033936e-03,-5.640163552016019821e-03,6.482525728642940521e-03,3.249586559832096100e-03,-3.766490553971379995e-04,9.548990055918693542e-03,9.016270749270915985e-03,-7.111799903213977814e-03,-1.827226579189300537e-02,1.737996004521846771e-02,1.574184931814670563e-02,2.020337246358394623e-02,-1.648765616118907928e-02,-1.313152536749839783e-02,-1.670074276626110077e-02,-9.848644025623798370e-03,-1.174645591527223587e-02,1.460982114076614380e-02,2.845052862539887428e-03,1.278525870293378830e-02,-9.901916608214378357e-03,3.103192648268304765e-05,1.651429221965372562e-03,1.258548814803361893e-03,-2.093586139380931854e-02,-2.296019345521926880e-02,1.020490075461566448e-03,-3.662443906068801880e-02,3.377355751581490040e-04,1.104726269841194153e-02,-7.078505121171474457e-03,1.351108774542808533e-02,-9.788713650777935982e-04,1.512922253459692001e-02,7.298251613974571228e-03,2.615317702293395996e-03,-5.563585087656974792e-03,-6.852099206298589706e-03,-9.568966925144195557e-03,-3.825589083135128021e-03,-2.084263414144515991e-02,-2.557051740586757660e-02,6.176211871206760406e-03,7.025233004242181778e-03,1.090076472610235214e-02,-1.426355354487895966e-02,2.972572483122348785e-02,3.031920932698994875e-04,-3.322835313156247139e-03,1.973724178969860077e-02,1.636446453630924225e-03,-2.780793607234954834e-02,-1.328468229621648788e-02,2.834232000168412924e-04,8.250487037003040314e-03,-4.681269172579050064e-03,1.145346090197563171e-03,-1.399719435721635818e-02,-6.652329582720994949e-03,-1.401051227003335953e-02,-8.962999098002910614e-03,-2.030991576611995697e-02,-2.137535484507679939e-03,5.396444350481033325e-02,3.515946120023727417e-02,1.256551127880811691e-02,-2.270715124905109406e-02,2.202460542321205139e-03,-3.739688172936439514e-02,9.272641618736088276e-04,-2.664927206933498383e-02,-3.148369863629341125e-02,6.359334103763103485e-03,4.852738056797534227e-04,-1.751314103603363037e-02,-3.364121168851852417e-02,1.861853152513504028e-02,2.225434035062789917e-02,-2.194802649319171906e-02,3.236268414184451103e-03,1.468972954899072647e-02,-1.133359875530004501e-02,-2.478475682437419891e-02,1.979051530361175537e-02,4.887697845697402954e-02,1.547549013048410416e-02,-5.520301871001720428e-03,-1.871175877749919891e-02,2.007019147276878357e-02,-2.064286544919013977e-02,1.142016518861055374e-02,-3.041493007913231850e-03,-1.313152536749839783e-02,-3.039162419736385345e-02,-4.230538906995207071e-04,-2.234756574034690857e-02,4.018699750304222107e-03,-2.214779704809188843e-02,-3.460010513663291931e-02,-4.464852157980203629e-03,-8.929704315960407257e-03,5.119430646300315857e-02,-2.866028808057308197e-02,-1.648765616118907928e-02,2.993881329894065857e-02,-7.471385411918163300e-03,-2.624973282217979431e-02,-4.282562003936618567e-04,-1.957742683589458466e-02,1.857857778668403625e-02,-7.498021237552165985e-03,1.197286136448383331e-02,7.832635310478508472e-04,-6.482525728642940521e-03,1.355770137161016464e-02,5.373803898692131042e-03,-9.908575564622879028e-03,9.642215445637702942e-03,1.080420915968716145e-03,-1.343118026852607727e-02,-2.162839472293853760e-02,-8.463574573397636414e-03,4.711234476417303085e-03,1.387733221054077148e-02,6.475866306573152542e-03,2.852710708975791931e-02,1.186631806194782257e-02,1.884493790566921234e-02,2.325318939983844757e-02,2.790116239339113235e-03,7.000261684879660606e-04,-3.885519923642277718e-03,-3.116406686604022980e-02,9.802031330764293671e-03,1.153336837887763977e-02,-1.744654960930347443e-02,9.630562271922826767e-04,1.226585730910301208e-02,9.775395505130290985e-03,8.729933761060237885e-03,2.011014521121978760e-02,-1.535562798380851746e-02,-9.056224487721920013e-03,6.765532307326793671e-03,-8.736593648791313171e-03,3.257577121257781982e-02,-2.491793595254421234e-02,3.775646677240729332e-03,2.418877556920051575e-03,-1.258548907935619354e-02,2.386581525206565857e-02,-1.895148120820522308e-02,-1.937765628099441528e-02,-9.355879388749599457e-03,7.071846164762973785e-03,4.216471686959266663e-02,-1.925779506564140320e-02,1.502267830073833466e-02,3.404074907302856445e-02,-1.202613394707441330e-02,1.130363321863114834e-03,-1.560866925865411758e-02,-1.271200925111770630e-02,1.694046705961227417e-02,5.780002102255821228e-03,-3.513282537460327148e-02,3.137715533375740051e-02,-2.248074673116207123e-02,3.212296217679977417e-02,-1.929441932588815689e-03,-1.655424572527408600e-02,-2.302678301930427551e-02,1.242567319422960281e-02,-3.784969076514244080e-02,-2.412218600511550903e-03,1.872507669031620026e-02,1.987042278051376343e-02,-1.139352936297655106e-02,-1.267205551266670227e-02,1.976387761533260345e-02,4.107264056801795959e-02,8.463574573397636414e-03,-1.824562996625900269e-02,1.524908374994993210e-02,1.431682612746953964e-02,-1.668742485344409943e-02,-2.191223466070368886e-04,-6.273300051689147949e-01,-1.338456757366657257e-02,-8.896408602595329285e-03,-1.690051332116127014e-02,-1.351774670183658600e-02,1.144014298915863037e-02,1.327136438339948654e-02,5.263930652290582657e-03,-8.823160082101821899e-03,-8.550141938030719757e-03,-1.885825581848621368e-02,2.692895010113716125e-02,1.866181613877415657e-03,-5.543608218431472778e-03,-1.044795289635658264e-02,-2.001691982150077820e-02,-1.592830009758472443e-02,-6.467542843893170357e-04,2.943273074924945831e-02,-1.110719330608844757e-02,-3.718379139900207520e-02,-9.129473939538002014e-03,1.300500519573688507e-02,5.843262653797864914e-03,6.715590134263038635e-03,-1.450327783823013306e-02,4.165863245725631714e-02,-8.336221217177808285e-04,-1.831221953034400940e-02,2.513102255761623383e-02,-3.843568265438079834e-02,3.366784751415252686e-02,1.580843888223171234e-02,-2.320657484233379364e-03,3.753006085753440857e-02,-4.268411546945571899e-03,-3.196314722299575806e-02,2.702217549085617065e-02,3.309517400339245796e-03,3.822259604930877686e-02,-1.366424467414617538e-02,-4.006047546863555908e-02,-3.186326008290052414e-03,-1.016161683946847916e-02,-4.431556910276412964e-03,1.379742473363876343e-02,1.483622658997774124e-02,2.192472107708454132e-03,-6.705601699650287628e-03,-2.373263612389564514e-02,-6.625693757086992264e-03,-2.367936447262763977e-02,-4.291718360036611557e-03,1.527572050690650940e-02,2.064286498352885246e-03,2.339968644082546234e-02,4.264416545629501343e-02,-4.511464852839708328e-03,4.371626302599906921e-03,1.576515613123774529e-03,7.471385411918163300e-03,1.363760884851217270e-02,-8.177238516509532928e-03,-1.556871552020311356e-02,-1.708696596324443817e-02,-5.233965348452329636e-03,2.132541034370660782e-03,1.880498416721820831e-02,2.415881119668483734e-02,-1.371751632541418076e-02,5.260601174086332321e-03,-4.677939694374799728e-03,-3.785635111853480339e-03,-4.534771200269460678e-03,-9.142791852355003357e-03,-8.130624890327453613e-03,2.943273074924945831e-02,4.573892802000045776e-04,-7.577929180115461349e-03,-2.753491746261715889e-03,-2.292356919497251511e-03,8.864778792485594749e-04,-3.129724785685539246e-02,-1.924447715282440186e-02,3.923476114869117737e-02,-1.893816329538822174e-02,-1.316482108086347580e-02,2.502114977687597275e-03,2.983226999640464783e-02,-4.911004099994897842e-03,1.216597203165292740e-02,9.975165128707885742e-03,1.472968328744173050e-02,-1.708696596324443817e-02,3.177669271826744080e-02,5.983101204037666321e-03,-1.812909729778766632e-03,1.504931412637233734e-02,2.746167033910751343e-02,-1.035472750663757324e-02,-1.829557120800018311e-03,-1.969728805124759674e-02,2.056295797228813171e-02,-1.148675568401813507e-02,1.110719330608844757e-02,1.347113400697708130e-02,-3.143042698502540588e-02,-8.956340141594409943e-03,1.999028399586677551e-02,-3.960766643285751343e-02,-9.675510227680206299e-03,-5.260601174086332321e-03,6.132928654551506042e-03,1.130696292966604233e-02,-1.757973060011863708e-02,-2.718199230730533600e-02,-5.556926131248474121e-03,-5.536949262022972107e-03,1.451659575104713440e-02,-1.559535134583711624e-02,2.633630065247416496e-03,-8.670003153383731842e-03,-8.689980022609233856e-03,-4.308365751057863235e-03,6.918689236044883728e-03,3.760996833443641663e-02,-5.583561956882476807e-03,1.888447586679831147e-04,-2.562378905713558197e-02,-5.490336101502180099e-03,-8.383667096495628357e-03,9.542331099510192871e-03,3.214959800243377686e-02,-8.796524256467819214e-03,3.430711105465888977e-02,1.171982008963823318e-02,7.771039847284555435e-03,-3.749010618776082993e-03,3.497301042079925537e-02,-2.852710708975791931e-02,8.390326052904129028e-03,1.560866925865411758e-02,5.630175117403268814e-03,-2.543733641505241394e-02,-1.777949929237365723e-02,-3.124397434294223785e-02,-3.221285762265324593e-03,-2.069613710045814514e-02,-3.550572693347930908e-02,8.650026284158229828e-03,1.946089440025389194e-03,-1.378410682082176208e-02,-2.286696806550025940e-02,-1.405046600848436356e-02,-1.054617343470454216e-03,1.725094334688037634e-04,-1.036305096931755543e-03,1.668742485344409943e-02,-8.523505181074142456e-03,2.968244254589080811e-03,1.201281603425741196e-02,-1.117045409046113491e-03,-3.412065654993057251e-02,-2.282701246440410614e-02,1.811244897544384003e-02,-1.809913106262683868e-02,1.881830208003520966e-02,1.218594959937036037e-03,7.577929180115461349e-03,-1.943092979490756989e-02,1.202613394707441330e-02,1.375747099518775940e-02,-2.591678500175476074e-02,1.189961284399032593e-02,8.676662109792232513e-03,-1.489168334956048056e-05,-1.011500414460897446e-02,-5.553596653044223785e-03,-3.689079778268933296e-03,2.945936657488346100e-02,-9.613914880901575089e-05,1.394392270594835281e-02,-3.505291789770126343e-02,-2.820747531950473785e-02,7.198366802185773849e-03,-8.916385471820831299e-03,-8.004104718565940857e-03,2.426535449922084808e-02,5.060831550508737564e-03,1.663415320217609406e-02,-2.036318741738796234e-02,1.483622658997774124e-02,7.324887439608573914e-03,6.016396451741456985e-03,1.452991366386413574e-02,1.041465811431407928e-02,3.230941295623779297e-02,2.615473931655287743e-05,-6.336027756333351135e-03,2.606328204274177551e-02,1.953747309744358063e-02,-5.130750592797994614e-03,6.547117978334426880e-02,-1.319811586290597916e-02,2.454503253102302551e-02,-3.832913935184478760e-02,9.156109765172004700e-03,-1.446332316845655441e-02,-1.033807988278567791e-03,-2.108235843479633331e-02,-1.093405950814485550e-02,-5.114103481173515320e-02,-4.128572996705770493e-03,2.057627588510513306e-02,4.101937171071767807e-03,3.966093808412551880e-02,-4.534771200269460678e-03,3.214959800243377686e-02,4.837755113840103149e-03,-2.377258986234664917e-02,2.393240481615066528e-02,-6.116281263530254364e-03,6.615705322474241257e-03,1.691383123397827148e-02,-4.426895827054977417e-02,4.874379839748144150e-03,7.271615788340568542e-03,5.643493030220270157e-03,1.659419946372509003e-02,-1.003509573638439178e-02,-3.311182139441370964e-03,7.138435728847980499e-03,-1.508926879614591599e-02,-2.167500788345932961e-03,7.244979497045278549e-03,2.115893643349409103e-03,2.308005467057228088e-02,-4.664621781557798386e-03,-7.131776772439479828e-03,-9.588943794369697571e-03,1.066104136407375336e-02,1.981715112924575806e-02,-8.997958502732217312e-04,-8.650026284158229828e-03,2.199131064116954803e-03,-5.233965348452329636e-03,1.893816329538822174e-02,1.094737742096185684e-02,-1.112051121890544891e-02,1.077424362301826477e-02,1.823231019079685211e-02,-1.491613499820232391e-02,-4.101936891674995422e-02,-1.337790861725807190e-02,2.134871855378150940e-02,-3.430711105465888977e-02,1.446332316845655441e-02,1.811244897544384003e-02,1.704701036214828491e-02,1.616802439093589783e-02,-1.096236053854227066e-03,1.237739576026797295e-03,1.401717076078057289e-03,1.676733419299125671e-02,1.792599819600582123e-02,7.704449817538261414e-03,-1.815240271389484406e-02,-6.499173119664192200e-03,-1.403381815180182457e-03,-2.940609492361545563e-02,-1.058113295584917068e-02,2.743503265082836151e-02,6.878735497593879700e-03,-6.871243822388350964e-04,1.165323075838387012e-03,1.141350623220205307e-02,-9.915234521031379700e-03,1.430350821465253830e-02,4.365633055567741394e-02,6.449230480939149857e-03,-7.438090164214372635e-03,-2.743503265082836151e-02,-5.273919086903333664e-03,-5.513642448931932449e-03,-1.899143494665622711e-02,3.026510355994105339e-03,-5.891873314976692200e-02,1.168652530759572983e-02,-1.691383123397827148e-02,1.142682507634162903e-02,1.099399011582136154e-02,3.675761818885803223e-02,-3.902167314663529396e-03,-1.564862392842769623e-02,2.835064427927136421e-03,-3.167014941573143005e-02,1.095403637737035751e-02,-1.671406254172325134e-02,3.057807683944702148e-02,2.012679353356361389e-03,-1.434346195310354233e-02,5.054172594100236893e-03,-1.024818327277898788e-02,-2.682240679860115051e-02,3.230941295623779297e-02,1.658088155090808868e-02,-3.459344618022441864e-03,4.126492131035774946e-04,1.159496372565627098e-03,-4.203153774142265320e-02,-1.401051227003335953e-02,-6.409276393242180347e-04,-2.347293542698025703e-03,-1.791268028318881989e-02,-8.636708371341228485e-03,-2.021669037640094757e-02,-2.218775078654289246e-02,-1.125369127839803696e-02,1.241235528141260147e-02,8.183897472918033600e-03,-7.504680193960666656e-03,-7.731086108833551407e-03,5.124091636389493942e-03,3.345476090908050537e-02,1.076092571020126343e-01,4.604690708220005035e-03,-6.562433205544948578e-03,3.438701853156089783e-02,8.330394513905048370e-03,2.198798023164272308e-02,-9.675510227680206299e-03,-1.844539865851402283e-02,-6.758873350918292999e-03,-2.004355564713478088e-02,-4.315024707466363907e-03,9.730447200126945972e-04,2.771804109215736389e-03,-3.865543054416775703e-03,1.586171053349971771e-02,-1.338456757366657257e-03,-4.198492504656314850e-03,-3.729033842682838440e-02,-4.744529258459806442e-03,-2.155847614631056786e-03,-3.590526804327964783e-02,-6.762202829122543335e-03,1.054783817380666733e-02,5.706753116101026535e-03,9.089519269764423370e-03,-2.152185142040252686e-02,-2.565375296398997307e-03,3.489309921860694885e-02,4.965628613717854023e-05,-1.281189452856779099e-02,-4.394932650029659271e-03,7.990786805748939514e-03,-4.881038796156644821e-03,1.875171251595020294e-02,6.592398858629167080e-04,1.203279290348291397e-02,9.076201356947422028e-03,-1.107056887121871114e-04,3.878195211291313171e-02,-7.657837122678756714e-04,1.871175877749919891e-02,1.044129393994808197e-02,6.129599176347255707e-03,-1.419696398079395294e-02,-1.204611081629991531e-02,8.714951691217720509e-04,-2.728520659729838371e-03,4.042006097733974457e-03,-1.976387761533260345e-02,1.400052336975932121e-03,2.490461803972721100e-02,-2.225434035062789917e-02,4.034930898342281580e-04,-2.660931833088397980e-02,1.642106659710407257e-02,-2.077604411169886589e-03,-2.579692192375659943e-02,-7.924196310341358185e-03,-1.578180305659770966e-02,4.256425425410270691e-02,-2.555719949305057526e-02,-2.890001051127910614e-02,5.490336101502180099e-03,-2.325651701539754868e-03,-5.057502072304487228e-03,-2.882010303437709808e-02,-7.498021237552165985e-03,-5.856580566614866257e-03,-2.927291393280029297e-02,-1.177975069731473923e-02,-7.604565005749464035e-03,6.326039321720600128e-03,-2.237420156598091125e-02,-1.791268028318881989e-02,4.237780347466468811e-02,6.768862251192331314e-03,2.940609492361545563e-02,8.097330108284950256e-03,1.132693979889154434e-02,2.205456979572772980e-02,-1.832553744316101074e-02,-4.301706794649362564e-03,1.686388859525322914e-03,5.846592132002115250e-03,3.729033749550580978e-03,4.490821808576583862e-02,-5.423746537417173386e-03,1.417032815515995026e-02,-2.911309897899627686e-02,-1.250558067113161087e-02,1.509925699792802334e-03,-4.311695229262113571e-03,9.828667156398296356e-03,-7.957491092383861542e-03,2.423872007057070732e-03,3.714467165991663933e-04,7.611223962157964706e-03,1.259880699217319489e-02,-2.149521559476852417e-02,-1.523576583713293076e-02,-7.695293752476572990e-04,-1.536894589662551880e-02,1.042797602713108063e-02,-1.771290972828865051e-02,2.882010303437709808e-02,-3.832248039543628693e-03,8.350371383130550385e-03,2.916637063026428223e-02,-1.595493778586387634e-02,1.418364606797695160e-02,-1.156999278464354575e-04,-2.506443299353122711e-02,-7.651178166270256042e-03,-1.446332316845655441e-02,-3.023180924355983734e-02,6.356004625558853149e-03,-2.466489374637603760e-02,2.826074883341789246e-02,-1.039468124508857727e-02,-6.419265177100896835e-03,-2.078852994600310922e-04,-2.791448123753070831e-02,4.512130841612815857e-02,-2.863365225493907928e-03,-3.398747742176055908e-02,-2.800104673951864243e-03,1.928443089127540588e-02,-3.444029018282890320e-02,3.313887282274663448e-05,1.217928994446992874e-02,-1.177975069731473923e-02,1.662083528935909271e-02,-1.135357539169490337e-03,-5.097455810755491257e-03,-3.864876925945281982e-02,-1.680728793144226074e-02,3.539668687153607607e-04,1.374415308237075806e-02,-1.038802228868007660e-02,1.500936038792133331e-02,-3.196314722299575806e-02,-2.601999789476394653e-03,-1.764632016420364380e-02,-2.201461605727672577e-02,-2.775466442108154297e-02,-2.810093201696872711e-02,-1.162825850769877434e-03,4.598031751811504364e-03,3.798953024670481682e-03,1.136689353734254837e-02,-4.472176730632781982e-02,1.308491267263889313e-02,-1.498272456228733063e-02,-1.297171041369438171e-02,5.576903000473976135e-03,-2.205456979572772980e-02,4.787812940776348114e-03,1.343118026852607727e-02,5.007559433579444885e-02,3.843568265438079834e-02,3.675761818885803223e-02,1.283187139779329300e-02,2.574365027248859406e-02,5.267260130494832993e-03,1.091408263891935349e-02,-1.370419841259717941e-02,-3.766323998570442200e-02,-1.774620497599244118e-03,-3.718379139900207520e-02,9.016270749270915985e-03,2.350622974336147308e-02,2.459830418229103088e-02,2.312000840902328491e-02,1.849867030978202820e-02,1.639443077147006989e-02,1.034140959382057190e-02,1.261878386139869690e-02,-1.598157361149787903e-02,-1.295173261314630508e-02,-1.919120550155639648e-02,-2.301346510648727417e-02,1.034806855022907257e-02,1.129364501684904099e-02,-2.180152945220470428e-02,7.460148481186479330e-05,9.202722460031509399e-03,1.679397001862525940e-02,3.965427633374929428e-03,-5.946476943790912628e-03,-1.296505145728588104e-02,3.475992009043693542e-02,-4.509467259049415588e-02,3.966093808412551880e-02,-2.148189768195152283e-02,1.437009777873754501e-02,-3.086024953518062830e-04,1.788604445755481720e-02,5.273086717352271080e-04,-1.008170936256647110e-02,1.177975069731473923e-02,-7.138435728847980499e-03,2.076272666454315186e-02,-2.308005467057228088e-02,-3.753006085753440857e-02,-7.990786805748939514e-03,2.023000828921794891e-02,-2.738176099956035614e-02,-2.803434152156114578e-03,-1.133359875530004501e-02,-9.255994111299514771e-03,-1.920452341437339783e-02,-8.563459850847721100e-03,-2.529083937406539917e-02,-3.931466862559318542e-02,2.019005455076694489e-02,-1.947754179127514362e-03,-1.311820745468139648e-02,2.993881329894065857e-02,3.709056647494435310e-03,-1.181304641067981720e-02,-4.794471897184848785e-03,9.149450808763504028e-03,4.197826609015464783e-02,-2.764812111854553223e-02,1.599489152431488037e-02,-8.610072545707225800e-03,1.187297701835632324e-02,-1.156000420451164246e-02,1.747318729758262634e-02,5.150727927684783936e-03,4.877709143329411745e-04,2.418877556920051575e-03,3.084443509578704834e-02,-1.777949929237365723e-02,-3.392754821106791496e-03,1.207940559834241867e-02,2.385582774877548218e-03,-8.709956891834735870e-03,-3.025844506919384003e-02,1.156666316092014313e-02,1.945756562054157257e-02,-7.917537353932857513e-03,-1.236574165523052216e-02,2.974903210997581482e-03,5.000900477170944214e-03,-1.209272351115942001e-02,-1.929774880409240723e-02,-2.247408730909228325e-03,5.853251088410615921e-03,-3.020517341792583466e-02,1.494110561907291412e-03,1.084083318710327148e-02,-2.748830616474151611e-02,1.951083727180957794e-02,9.469081647694110870e-03,-4.639983177185058594e-02,1.151339150965213776e-02,-4.731211345642805099e-03,-1.036804541945457458e-02,1.675401628017425537e-02,-2.603664621710777283e-02,-8.223851211369037628e-03,-9.495717473328113556e-03,-1.674735685810446739e-03,1.903139054775238037e-02,1.168652530759572983e-02,-1.678065210580825806e-02,-2.916637063026428223e-02,4.501476418226957321e-03,3.044489584863185883e-02,-1.157998107373714447e-02,1.014829892665147781e-02,-1.011500414460897446e-02,2.818083949387073517e-02,2.064286544919013977e-02,1.084749307483434677e-02,-7.278274744749069214e-03,-1.624793186783790588e-02,-8.443597704172134399e-03,-2.187477890402078629e-03,1.921784132719039917e-02,-1.138021145015954971e-02,-3.529264032840728760e-02,1.061442773789167404e-02,-6.562433205544948578e-03,-4.714563861489295959e-02,1.107389852404594421e-02,-2.500450238585472107e-03,2.672918140888214111e-02,-2.433194406330585480e-02,-3.784969076514244080e-02,1.709695323370397091e-03,-3.358794003725051880e-02,2.233424782752990723e-02,2.365605672821402550e-03,-2.177489362657070160e-02,1.218594890087842941e-02,1.892484538257122040e-02,8.656685240566730499e-03,2.390576899051666260e-02,-2.597005665302276611e-02,1.257716445252299309e-03,-2.470484748482704163e-02,-4.827766679227352142e-03,-8.936363272368907928e-03,2.034320961683988571e-03,2.900655567646026611e-02,-1.183302327990531921e-02,-2.035985700786113739e-03,5.826615262776613235e-03,1.063440460711717606e-02,5.760025233030319214e-03,1.691383123397827148e-02,-3.753006085753440857e-02,1.550712040625512600e-03,-2.233424782752990723e-02,2.165503054857254028e-02,-7.591247092932462692e-03,-3.009862825274467468e-02,2.940609492361545563e-02,-1.397055853158235550e-02,-1.374415308237075806e-02,2.374595403671264648e-02,-2.281369455158710480e-02,9.605591185390949249e-04,3.936794027686119080e-02,-7.917537353932857513e-03,2.228097617626190186e-02,-4.011374711990356445e-02,-1.349776983261108398e-02,1.431682612746953964e-04,3.798953024670481682e-03,-1.702037453651428223e-02,-2.652941085398197174e-02,-6.432583089917898178e-03,-2.177489362657070160e-02,-7.371500600129365921e-03,9.056224487721920013e-03,6.500837625935673714e-04,-7.484703324735164642e-03,2.977899834513664246e-02,-9.928552433848381042e-03,9.006282198242843151e-04,2.874019555747509003e-02,-8.796524256467819214e-03,7.058528135530650616e-04,3.126395167782902718e-03,-2.533079311251640320e-02,-3.444029018282890320e-02,-2.537074685096740723e-02,-1.285850722342729568e-02,2.935282140970230103e-02,4.781153984367847443e-03,-5.914014182053506374e-04,4.421568475663661957e-03,-7.611223962157964706e-03,-4.394932463765144348e-02,7.045209873467683792e-03,9.828667156398296356e-03,-1.841210410930216312e-03,9.402492083609104156e-03,8.763229474425315857e-03,2.397235855460166931e-02,4.761177115142345428e-03,4.338331054896116257e-03,-6.149576045572757721e-03,-3.968757390975952148e-02,-2.118890173733234406e-02,1.476963702589273453e-02,-2.554388158023357391e-02,4.691257607191801071e-03,-3.321170574054121971e-03,-9.182745590806007385e-03,-5.264762876322492957e-05,9.562307968735694885e-03,-2.668589819222688675e-03,1.700705662369728088e-02,2.748830616474151611e-02,2.110899426043033600e-03,-4.155208822339773178e-03,-8.163920603692531586e-03,1.458318531513214111e-02,-2.746832789853215218e-03,-3.472662530839443207e-03,-1.337624387815594673e-03,-3.015190176665782928e-02,1.588834635913372040e-02,-4.915166064165532589e-04,7.291592657566070557e-03,-4.099273309111595154e-02,-6.978620309382677078e-03,2.373263612389564514e-02,-6.515820510685443878e-03,-3.589194966480135918e-03,6.702272221446037292e-03,1.144680194556713104e-02,2.055962802842259407e-03,-6.142917089164257050e-03,2.076272666454315186e-02,7.111799903213977814e-03,-1.094737742096185684e-02,2.635294804349541664e-03,-9.921893477439880371e-03,-2.101576887071132660e-02,-1.006173156201839447e-02,1.716687344014644623e-02,-1.765963807702064514e-02,-1.383737847208976746e-02,-4.990912042558193207e-03,-2.229429408907890320e-02,1.462313905358314514e-02,-8.769888430833816528e-03,1.142016518861055374e-02,-3.966093808412551880e-02,-9.708805941045284271e-03,-1.441005151718854904e-02,7.611223962157964706e-03,-7.085164077579975128e-03,2.003023773431777954e-02,3.108415938913822174e-02,8.576777763664722443e-03,-1.716687344014644623e-02,7.695293752476572990e-04,-1.363760884851217270e-02,1.177808662760071456e-04,-1.934436266310513020e-03,-2.775466442108154297e-02,-2.999208495020866394e-02,-1.476963702589273453e-02,7.970809936523437500e-03,5.483677145093679428e-03,-1.249892171472311020e-02,3.142210189253091812e-04,2.110899426043033600e-02,-2.491793595254421234e-02,-1.749982312321662903e-02,2.061622887849807739e-01,-2.056295797228813171e-02,-1.723013352602720261e-03,1.530235633254051208e-02,7.178389932960271835e-03,7.065187208354473114e-03,2.382586151361465454e-02,4.588043317198753357e-03,1.572853140532970428e-02,4.161867778748273849e-03,-1.968397013843059540e-02,-2.579692192375659943e-02,3.725704271346330643e-03,1.504931412637233734e-02,1.760636642575263977e-02,-3.803614526987075806e-02,-1.390396803617477417e-02,-1.979384338483214378e-03,-2.293355762958526611e-02,-2.409222163259983063e-02,-3.479321487247943878e-03,-2.016341872513294220e-02,2.130876295268535614e-03,-9.116155095398426056e-03,3.446692600846290588e-02,2.298682928085327148e-02,-1.528903841972351074e-02,1.583507470786571503e-02,1.694046705961227417e-02,1.124037336558103561e-02,1.283853035420179367e-02,5.666799377650022507e-03,8.004104718565940857e-03,-3.590526804327964783e-02,7.990786805748939514e-03,8.716615848243236542e-03,1.751314103603363037e-02,-1.085415203124284744e-02,2.714203856885433197e-02,5.766684189438819885e-03,4.578054882586002350e-03,4.438215866684913635e-03,-2.322322223335504532e-03,-1.098733115941286087e-02,3.832248039543628693e-03,1.129364501684904099e-02,2.189142542192712426e-04,6.785509642213582993e-03,3.788964590057730675e-03,1.089410576969385147e-02,-1.865848712623119354e-02,1.303164102137088776e-02,3.609171882271766663e-02,1.191958971321582794e-02,6.156235001981258392e-03,6.056350190192461014e-03,2.761815674602985382e-03,1.691383123397827148e-02,5.440393928438425064e-03,-9.735441766679286957e-03,-1.046793069690465927e-02,7.371500600129365921e-03,-1.675401628017425537e-02,2.033655159175395966e-02,-9.529013186693191528e-03,9.216040372848510742e-03,-1.278525870293378830e-02,1.622129604220390320e-02,3.892178880050778389e-03,-3.316176310181617737e-02,-9.555649012327194214e-03,-1.610143482685089111e-02,-5.973112769424915314e-03,1.773954555392265320e-02,7.677813991904258728e-03,-6.785509642213582993e-03,2.996544912457466125e-02,-1.646102033555507660e-02,-3.739022184163331985e-03,3.582536010071635246e-03,2.321323379874229431e-02,-2.086926996707916260e-02,2.891665790230035782e-03,1.787272654473781586e-02,3.545911516994237900e-03,-3.065798431634902954e-02,8.969658054411411285e-03,5.500324536114931107e-03,-1.816572062671184540e-02,-1.715355552732944489e-02,4.251764155924320221e-03,-2.594342082738876343e-02,-1.219926774501800537e-02,-4.973431932739913464e-04,-5.576902767643332481e-04,1.129364501684904099e-02,4.917663056403398514e-03,3.065798431634902954e-02,-1.302498206496238708e-02,5.606868304312229156e-03,-2.144194394350051880e-02,-4.398262128233909607e-03,2.166834846138954163e-02,1.109387539327144623e-02,-1.676733419299125671e-02,-4.877709317952394485e-03,9.029588662087917328e-03,2.953927405178546906e-02,1.892484538257122040e-02,1.340121496468782425e-03,1.688719540834426880e-02,-1.161327585577964783e-02,2.430530963465571404e-03,-3.003204008564352989e-03,4.208480939269065857e-02,-1.035472750663757324e-02,-1.494277082383632660e-02,-3.955439478158950806e-02,1.140684727579355240e-02,-1.385069638490676880e-02,1.191293075680732727e-02,-1.191293075680732727e-02,-9.156109765172004700e-03,2.964581735432147980e-02,-1.460982114076614380e-02,-1.082751527428627014e-02,-2.770139276981353760e-02,1.454323157668113708e-02,9.935211390256881714e-03,-3.454683348536491394e-02,6.482525728642940521e-03,-4.478170070797204971e-03,7.677813991904258728e-03,-1.855194196105003357e-02,1.667410694062709808e-02,1.078090257942676544e-02,-4.841084592044353485e-03,-1.122039556503295898e-02,-2.441185340285301208e-02,2.520011039450764656e-04,9.089519269764423370e-03,9.895257651805877686e-03,1.831221953034400940e-02,1.877834834158420563e-02,1.759304851293563843e-02,-5.676787695847451687e-04,8.456915616989135742e-03,-1.514254044741392136e-02,-1.269869133830070496e-02,-3.204305469989776611e-02,-4.650637879967689514e-02,-2.380588557571172714e-03,1.180638745427131653e-02,-1.614138856530189514e-02,1.133359875530004501e-02,-1.744655077345669270e-03,4.674610216170549393e-03,-3.768987581133842468e-02,1.219926774501800537e-02,1.426355354487895966e-02,-3.689079731702804565e-02,1.875171251595020294e-02,5.483677145093679428e-03,-4.578720778226852417e-02,-1.556871552020311356e-02,-5.457041319459676743e-03,-1.686588674783706665e-01,1.630120351910591125e-02,2.451839670538902283e-02,-2.452172571793198586e-03,5.526960594579577446e-04,-1.131362188607454300e-02,4.112591594457626343e-02,-7.577929180115461349e-03,-4.218469373881816864e-03,1.005507260560989380e-02,-9.039576980285346508e-04,7.764380890876054764e-03,-2.566374279558658600e-02,2.936613978818058968e-03,-1.651429198682308197e-02,2.692895010113716125e-02,3.629148937761783600e-03,5.417087115347385406e-03,2.683572471141815186e-02,1.476963702589273453e-02,2.245410904288291931e-02,-1.427687145769596100e-02,1.116712391376495361e-02,-1.899143494665622711e-02,1.247894484549760818e-02,1.743323169648647308e-02,4.218469373881816864e-03,8.016797801246866584e-05,1.791268028318881989e-02,-3.364121168851852417e-02,-1.723346300423145294e-02,-4.784483462572097778e-03,2.048304863274097443e-02,-1.931106671690940857e-02,4.821107722818851471e-03,-1.164657156914472580e-02,-1.571521349251270294e-02,1.285184826701879501e-02,1.160661689937114716e-02,-3.535506839398294687e-04,2.166834846138954163e-02,3.056475892663002014e-03,5.780002102255821228e-03,5.703423637896776199e-03,7.930855266749858856e-03,2.461162209510803223e-02,2.921964228153228760e-02,-4.531441722065210342e-03,5.490336101502180099e-03,-2.349291183054447174e-02,-3.982075024396181107e-03,-4.019365459680557251e-02,-7.065187208354473114e-03,-4.786148201674222946e-04,2.683572471141815186e-02,1.645602635107934475e-03,3.852224908769130707e-03,2.623641630634665489e-03,-1.281189452856779099e-02,1.008170936256647110e-02,1.187297701835632324e-02,-8.823160082101821899e-03,2.459830418229103088e-02,-1.812576688826084137e-02,2.804766036570072174e-02,-1.236574165523052216e-02,-1.956410892307758331e-02,7.617882918566465378e-03,-3.446692600846290588e-02,2.161507681012153625e-02,-2.983226999640464783e-02,-5.560255609452724457e-03,3.324167057871818542e-02,-6.932007148861885071e-03,2.178821153938770294e-02,1.635447703301906586e-02,8.336221217177808285e-04,7.649513427168130875e-04,3.800950571894645691e-02,8.323735557496547699e-03,-9.782054461538791656e-03,4.315024614334106445e-02,-2.715535648167133331e-02,6.798827555030584335e-03,1.500936038792133331e-02,2.429199032485485077e-02,-2.304010093212127686e-03,-7.231661584228277206e-03,7.671155035495758057e-03,1.295839250087738037e-02,-1.000180095434188843e-02,-1.712691970169544220e-02,1.650097407400608063e-02,-2.802102454006671906e-02,2.823411300778388977e-02,2.260060794651508331e-02,2.533745253458619118e-03,-1.313152536749839783e-02,1.540889963507652283e-02,-1.808581314980983734e-02,1.494277082383632660e-02,-2.467821165919303894e-02,-4.346987977623939514e-02,1.366424467414617538e-02,1.805917732417583466e-02,-1.458318531513214111e-02,2.117558382451534271e-02,2.011014521121978760e-02,2.570369653403759003e-02,-1.165323075838387012e-03,-2.826740732416510582e-03,-4.804460331797599792e-03,-8.094833174254745245e-05,2.160175889730453491e-02,-8.303758688271045685e-03,3.491973504424095154e-02,-1.044129393994808197e-02,4.071971401572227478e-03,7.484703324735164642e-03,-5.287236999720335007e-03,6.099633499979972839e-02,5.094126332551240921e-03,-1.801048347260802984e-04,1.539891120046377182e-03,-2.465157583355903625e-02,-2.897991798818111420e-02,-9.759414196014404297e-02,1.593163004145026207e-03,2.815420366823673248e-02,2.289027441293001175e-03,1.583507470786571503e-02,2.100245095789432526e-02,1.169984322041273117e-02,8.163920603692531586e-03,-8.323735557496547699e-03,1.189295388758182526e-02,-3.012526407837867737e-02,-7.764380890876054764e-03,2.517097629606723785e-03,-1.196953235194087029e-03,-6.329368799924850464e-03,-1.294507365673780441e-02,5.283907521516084671e-03,-1.311154849827289581e-02,-3.281549736857414246e-02,1.060776878148317337e-02,-1.231247000396251678e-02,-5.816626828163862228e-03,-7.185048889368772507e-03,-2.264056168496608734e-02,1.425023563206195831e-02,8.636708371341228485e-03,-3.310849145054817200e-02,1.813908480107784271e-02,3.078117500990629196e-03,9.975165128707885742e-03,5.676787812262773514e-03,2.046973071992397308e-02,7.272863877005875111e-05,1.503474777564406395e-04,-8.923044428229331970e-03,-1.618134230375289917e-02,-2.377258986234664917e-02,-2.603664621710777283e-02,3.665107488632202148e-02,-1.018159370869398117e-02,2.616982674226164818e-03,4.601361230015754700e-03,5.323861259967088699e-03,-7.078505121171474457e-03,1.350442878901958466e-02,-2.968244254589080811e-03,-6.272767204791307449e-03,2.120221965014934540e-02,3.236268460750579834e-02,-1.791684189811348915e-04,-1.385069638490676880e-02,9.395833127200603485e-03,-2.778130024671554565e-02,-3.545245528221130371e-02,1.967065222561359406e-02,-1.077424362301826477e-02,-2.105572260916233063e-02,1.973724178969860077e-02,-1.430350821465253830e-02,-3.855554386973381042e-03,-9.875279851257801056e-03,1.285184826701879501e-02,2.473148331046104431e-02,9.076201356947422028e-03,1.014829892665147781e-02,-6.602387409657239914e-03,-1.614138856530189514e-02,-2.136203646659851074e-02,3.436038270592689514e-02,-1.246562693268060684e-02,2.993881329894065857e-02,-1.294340938329696655e-03,-9.815349243581295013e-03,1.360431406646966934e-02,-1.460982114076614380e-02,-1.050122547894716263e-02,-3.419390646740794182e-03,-1.973724178969860077e-02,5.956465378403663635e-03,-2.927291393280029297e-02,-1.463645696640014648e-02,-1.873839460313320160e-02,4.067310318350791931e-02,-2.086926996707916260e-02,2.417212910950183868e-02,-1.556871552020311356e-02,1.172647904604673386e-02,1.644770265556871891e-03,1.313818432390689850e-02,-2.270715124905109406e-02,1.177975069731473923e-02,4.016701877117156982e-02,7.604565005749464035e-03,-3.342812508344650269e-02,2.110899426043033600e-03,1.640774868428707123e-02,-5.130750592797994614e-03,6.086315494030714035e-03,-2.060291171073913574e-02,2.481139265000820160e-02,-1.487618032842874527e-02,-2.511770464479923248e-02,-6.627025455236434937e-02,4.349651560187339783e-02,-1.108721643686294556e-02,4.857732448726892471e-03,1.919120550155639648e-02,-2.304010093212127686e-02,1.383737847208976746e-02,-2.306673675775527954e-02,-6.502502597868442535e-03,1.159995794296264648e-02,-3.111412515863776207e-03,2.911309897899627686e-02,-8.943022228777408600e-03,-5.071485787630081177e-02,-1.423691771924495697e-02,5.746707320213317871e-03,-6.767197046428918839e-04,-5.389619036577641964e-04,2.597005665302276611e-02,1.275196298956871033e-02,-8.350371383130550385e-03,8.610072545707225800e-03,3.992063924670219421e-03,1.879166625440120697e-02,-3.095098026096820831e-02,1.336459070444107056e-02,8.377008140087127686e-03,1.984378695487976074e-02,-5.114103201776742935e-03,-3.942121192812919617e-02,1.015495788305997849e-02,-1.923115924000740051e-02,5.886545870453119278e-03,8.290440775454044342e-03,1.737996004521846771e-03,-2.975236065685749054e-02,-1.615470647811889648e-02,-5.223976448178291321e-03,1.106723956763744354e-02,3.846231848001480103e-02,-4.051994532346725464e-03,-3.643798455595970154e-02,1.594827743247151375e-03,-1.488949917256832123e-02,2.310669049620628357e-02,1.582342199981212616e-03,2.928290283307433128e-03,1.776618137955665588e-02,1.680728793144226074e-02,-1.614138856530189514e-02,-1.088744681328535080e-02,2.026996202766895294e-02,1.502267830073833466e-02,-2.076272666454315186e-02,3.351136110723018646e-03,-1.341120339930057526e-02,2.206788770854473114e-02,9.156109765172004700e-03,5.600209347903728485e-03,-4.890361428260803223e-02,1.062774565070867538e-02,-9.565793334331829101e-06,5.233965348452329636e-03,-2.293355762958526611e-02,2.365272864699363708e-02,-2.402563206851482391e-02,-3.149701748043298721e-03,1.359099615365266800e-02,2.275709295645356178e-03,-6.296074017882347107e-03,-1.499604247510433197e-02,-8.416961878538131714e-03,3.828918561339378357e-03,1.791268028318881989e-02,2.177489362657070160e-02,-4.461522214114665985e-03,5.144068971276283264e-03,-1.935102045536041260e-02,-2.610323578119277954e-02,-1.808331580832600594e-04,2.858037874102592468e-02,-1.320477481931447983e-02,-4.338331054896116257e-03,9.489058516919612885e-03,2.479807473719120026e-02,-4.441545344889163971e-03,-6.489184685051441193e-03,1.764632062986493111e-03,2.029659785330295563e-02,4.811119288206100464e-03,-5.363815464079380035e-03,2.300014719367027283e-02,5.056669469922780991e-04,4.358307924121618271e-03,1.082751527428627014e-02,1.032143272459506989e-02,-1.152670942246913910e-02,2.770139276981353760e-02,4.069973900914192200e-02,1.167986635118722916e-02,-2.648945711553096771e-02,6.122940219938755035e-03,-4.601361230015754700e-03,3.299528965726494789e-03,-1.387733221054077148e-02,2.599669247865676880e-02,-1.297171041369438171e-02,-3.585199639201164246e-02,4.141890909522771835e-03,1.121373660862445831e-02,-7.284933701157569885e-03,1.225919835269451141e-02,1.261212490499019623e-02,1.359765511006116867e-02,2.019338309764862061e-03,2.398567646741867065e-02,2.535409992560744286e-03,8.530164137482643127e-03,-2.019005455076694489e-02,1.960406266152858734e-02,2.887337468564510345e-02,6.829625344835221767e-04,9.489058516919612885e-03,-6.499173119664192200e-03,4.442877322435379028e-02,-1.382406055927276611e-02,-8.816501125693321228e-03,8.743252605199813843e-03,-4.754518158733844757e-03,-8.869772776961326599e-03,2.354618348181247711e-02,-1.502267830073833466e-02,-7.504680193960666656e-03,-2.013678103685379028e-02,8.764893864281475544e-04,1.607479900121688843e-02,-1.360098482109606266e-03,3.944784775376319885e-02,-8.502696291543543339e-04,4.994241520762443542e-02,1.538226380944252014e-02,-2.607659995555877686e-02,4.231787286698818207e-03,7.358182687312364578e-03,3.475992009043693542e-02,-1.235908269882202148e-02,3.577208891510963440e-02,4.631326533854007721e-03,-1.772622764110565186e-02,3.590526804327964783e-02,-1.365925068967044353e-03,2.180152945220470428e-02,-7.133441395126283169e-04,-5.107444245368242264e-03,8.323735557496547699e-03,1.811244897544384003e-02,4.731211345642805099e-03,-6.762202829122543335e-03,1.508926879614591599e-02,8.982975967228412628e-03,6.965302396565675735e-03,-5.397110246121883392e-03,-1.600820943713188171e-02,-2.445180714130401611e-02,2.708543557673692703e-03,1.971060596406459808e-02,-2.327982522547245026e-02,-1.104726269841194153e-02,-3.175005689263343811e-02,-5.347168073058128357e-03,-1.087412890046834946e-02,-3.681088984012603760e-02,-2.509106881916522980e-02,1.708696596324443817e-02,-3.294867649674415588e-02,-8.044058457016944885e-03,-2.398567646741867065e-02,-9.808690287172794342e-03,1.183968223631381989e-02,-1.488949917256832123e-02,2.968244254589080811e-03,-1.706032827496528625e-02,-1.831221859902143478e-03,4.163199663162231445e-02,2.457166789099574089e-03,-2.431862615048885345e-02,1.345948083326220512e-03,-7.677813991904258728e-03
-5.871532484889030457e-03,-5.716497544199228287e-03,-3.443752601742744446e-02,-1.031806413084268570e-02,-1.145278662443161011e-02,4.971670731902122498e-02,-9.856257587671279907e-03,-5.122747272253036499e-03,-8.893062360584735870e-03,-2.262848895043134689e-03,5.591150373220443726e-03,7.586811669170856476e-03,8.622576482594013214e-03,-1.186181511729955673e-02,-5.858337972313165665e-03,-1.811598613858222961e-02,2.058335021138191223e-02,1.262709312140941620e-02,2.434376999735832214e-02,-2.313977573066949844e-03,-7.329519838094711304e-03,-1.147917564958333969e-02,-6.310247816145420074e-03,-5.356948822736740112e-03,1.075348071753978729e-02,1.655904017388820648e-02,1.529237348586320877e-02,-9.051395580172538757e-03,-5.053476430475711823e-03,1.110313367098569870e-02,1.992362784221768379e-03,-1.638751290738582611e-02,-2.082085050642490387e-02,-4.565281327813863754e-03,-4.594309255480766296e-02,3.651565406471490860e-03,1.011354941874742508e-02,-1.596529036760330200e-02,7.177783641964197159e-03,-5.516931414604187012e-04,1.076667476445436478e-02,2.934116870164871216e-03,5.798962898552417755e-03,3.555905539542436600e-03,-1.568820700049400330e-02,1.544575905427336693e-03,-7.205409201560541987e-05,-2.343335188925266266e-02,-3.285419195890426636e-02,1.649306900799274445e-02,1.892084814608097076e-02,4.799482878297567368e-03,-1.836668141186237335e-02,7.052436005324125290e-03,1.244402024894952774e-03,-4.258510190993547440e-03,7.560422644019126892e-03,1.886807009577751160e-02,-3.010974638164043427e-02,5.139240063726902008e-03,3.298613708466291428e-03,1.651945710182189941e-02,5.594448652118444443e-03,-2.718057716265320778e-03,-1.765418052673339844e-02,-1.520001236349344254e-02,-1.666459627449512482e-02,-1.085243932902812958e-02,-1.233681570738554001e-02,-3.602086100727319717e-03,4.715698212385177612e-02,3.401530534029006958e-02,1.707362383604049683e-02,-2.055696025490760803e-02,1.465903967618942261e-02,-5.166948586702346802e-02,4.228822886943817139e-03,-2.452849224209785461e-02,-1.454028952866792679e-02,7.580214180052280426e-03,2.122987806797027588e-02,-2.298473939299583435e-02,-2.778752148151397705e-02,-5.817930214107036591e-04,1.575417816638946533e-02,-2.359168604016304016e-02,6.854519248008728027e-03,1.712640188634395599e-02,4.789587110280990601e-03,-3.129724785685539246e-02,2.166529558598995209e-02,4.940003901720046997e-02,2.285279519855976105e-02,-1.062153652310371399e-02,-2.212710119783878326e-02,1.739029213786125183e-02,-1.811598613858222961e-02,1.972571015357971191e-02,8.114589378237724304e-03,-2.087362669408321381e-02,-1.118230074644088745e-02,1.265348214656114578e-02,-1.366945542395114899e-02,-4.770620143972337246e-04,-2.669238299131393433e-02,-2.524099126458168030e-02,-1.634875370655208826e-04,-7.072228007018566132e-03,2.773474343121051788e-02,-6.682991515845060349e-03,2.417883835732936859e-03,3.786808624863624573e-02,2.958856523036956787e-03,-3.675975278019905090e-02,-1.489653903990983963e-02,-2.789307758212089539e-02,8.708340115845203400e-03,-1.149896718561649323e-02,2.503647701814770699e-03,-8.055214770138263702e-03,-6.986463908106088638e-03,4.145697876811027527e-02,-4.613935889210551977e-04,-1.682293042540550232e-02,1.217848155647516251e-02,8.747923187911510468e-03,-1.805001497268676758e-02,-1.442153938114643097e-02,-6.128824315965175629e-03,1.373542752116918564e-02,2.791946567595005035e-02,1.388056669384241104e-02,2.931807935237884521e-02,1.669098623096942902e-02,1.042361930012702942e-02,3.098057955503463745e-02,-5.397356580942869186e-04,-1.174306496977806091e-02,-1.288933330215513706e-03,-2.699585445225238800e-02,5.703303031623363495e-03,1.414445601403713226e-02,-1.397292781621217728e-02,3.691148711368441582e-03,2.241737954318523407e-02,1.167709240689873695e-03,8.992020972073078156e-03,1.935626566410064697e-02,-7.844103500247001648e-03,-1.834029145538806915e-02,1.179584302008152008e-02,-2.692988142371177673e-02,3.697086125612258911e-02,-2.411946281790733337e-02,-9.110771119594573975e-03,-1.744966604746878147e-03,-1.533195655792951584e-02,7.573617156594991684e-03,-2.495071478188037872e-02,-6.194796413183212280e-03,-3.529516747221350670e-03,9.849660098552703857e-03,3.256391361355781555e-02,-1.506806723773479462e-02,7.210769690573215485e-03,2.752363309264183044e-02,-4.449829924851655960e-03,5.221705418080091476e-03,-1.969932019710540771e-02,-1.317466329783201218e-02,7.072228007018566132e-03,2.394793555140495300e-02,-3.446391597390174866e-02,1.147917564958333969e-02,-2.155973948538303375e-02,3.786808624863624573e-02,7.623920682817697525e-04,2.553127007558941841e-03,-4.026947543025016785e-02,1.024549454450607300e-02,-4.858198389410972595e-02,6.940283346921205521e-03,1.671737432479858398e-02,2.645488269627094269e-02,-3.826391883194446564e-03,-9.011812508106231689e-03,3.092780150473117828e-02,3.285419195890426636e-02,5.056774709373712540e-03,-1.885487511754035950e-02,1.667779125273227692e-02,9.348271414637565613e-03,-1.425001118332147598e-02,1.025044242851436138e-03,-6.388227343559265137e-01,-2.582154795527458191e-02,-1.010035537183284760e-02,1.681468333117663860e-03,2.754342509433627129e-03,1.099262968637049198e-03,8.853479288518428802e-03,8.206950500607490540e-03,-2.050418220460414886e-02,7.995839230716228485e-03,-2.051737718284130096e-02,2.815696597099304199e-02,-8.444450795650482178e-03,-4.307989496737718582e-03,-5.634032189846038818e-03,-1.830070838332176208e-02,-2.741807699203491211e-02,-6.732470355927944183e-03,1.727154105901718140e-02,-2.130904421210289001e-02,-4.338336735963821411e-02,1.274089561775326729e-03,1.713959686458110809e-02,-2.724654972553253174e-03,1.960695907473564148e-02,-8.945840410888195038e-03,2.942363359034061432e-02,-5.462504457682371140e-03,-2.258890680968761444e-02,3.087502345442771912e-02,-3.652225062251091003e-02,1.870973780751228333e-02,1.281181536614894867e-02,1.849862560629844666e-02,3.789447247982025146e-02,-1.352431625127792358e-02,-2.500349096953868866e-02,3.836287651211023331e-03,-6.867713760584592819e-03,2.543890848755836487e-02,-8.741326630115509033e-03,-1.494931709021329880e-02,1.783890277147293091e-02,-1.832709833979606628e-02,1.235660724341869354e-02,3.237919136881828308e-02,1.736390218138694763e-02,1.381459459662437439e-02,-1.959376502782106400e-03,-1.260730158537626266e-02,-6.623616442084312439e-03,-4.502607509493827820e-03,-1.667779125273227692e-02,9.922229684889316559e-03,-3.023179480805993080e-03,1.029167510569095612e-02,2.921252325177192688e-02,-1.191459316760301590e-02,1.593642809893935919e-04,-8.609381504356861115e-03,-1.814237562939524651e-03,3.274863585829734802e-02,-1.832709833979606628e-02,-2.126946114003658295e-02,-9.671535342931747437e-03,4.604864865541458130e-03,2.480145194567739964e-04,2.352571301162242889e-02,1.266007963567972183e-02,-7.019449956715106964e-03,-4.644447937607765198e-03,2.076477278023958206e-03,-5.795664153993129730e-03,-9.909035637974739075e-03,-6.323442328721284866e-03,-5.518580786883831024e-03,1.659862324595451355e-02,-1.032466068863868713e-02,-1.149236969649791718e-02,-1.040094139170832932e-04,-3.569100052118301392e-03,1.249349908903241158e-03,-8.022228255867958069e-03,-1.390695571899414062e-02,4.087642207741737366e-02,-1.753543131053447723e-02,-3.076946921646595001e-02,9.816674515604972839e-03,1.034445222467184067e-02,-2.252953127026557922e-03,-7.943062111735343933e-03,-2.978648291900753975e-03,4.677434451878070831e-03,-1.239619031548500061e-02,2.728613279759883881e-02,4.601566120982170105e-03,-1.284480188041925430e-02,2.648127079010009766e-02,3.802641853690147400e-02,-8.998618461191654205e-03,-3.489933209493756294e-03,-1.803681999444961548e-02,3.836947306990623474e-02,-4.726913291960954666e-03,2.214029431343078613e-02,9.361465461552143097e-03,-3.282780200242996216e-02,-1.235660724341869354e-02,2.174446173012256622e-02,-4.187919944524765015e-02,-1.746945828199386597e-02,2.317276084795594215e-03,1.275244075804948807e-02,1.568820700049400330e-02,1.297179842367768288e-03,-2.608543634414672852e-02,9.961813688278198242e-03,-1.382119138725101948e-03,8.451048284769058228e-03,-1.269306521862745285e-02,1.169028691947460175e-02,-1.225764863193035126e-02,8.536811918020248413e-03,-2.112432196736335754e-02,5.944102071225643158e-03,3.475419431924819946e-02,1.247535739094018936e-02,-1.035104971379041672e-02,-4.905038513243198395e-03,-1.176945399492979050e-02,-1.454028952866792679e-02,1.305591315031051636e-02,3.372502699494361877e-02,-1.562223490327596664e-02,1.723195798695087433e-02,1.416754559613764286e-03,1.258091256022453308e-02,2.271095523610711098e-03,2.654724381864070892e-02,-9.948618710041046143e-03,-6.504866294562816620e-03,1.501528918743133545e-02,1.086563337594270706e-02,-2.265487983822822571e-02,-1.324063539505004883e-02,-1.926390454173088074e-02,-1.863056980073451996e-02,-3.451669216156005859e-02,-3.926669806241989136e-02,-9.097576141357421875e-03,2.047779411077499390e-02,8.398270234465599060e-03,-3.090141341090202332e-02,2.589411800727248192e-03,4.024308640509843826e-03,1.006736885756254196e-02,4.466323181986808777e-03,1.736390218138694763e-02,-9.460424073040485382e-03,-1.527917850762605667e-02,3.148526884615421295e-03,1.324599579675123096e-04,-2.352571301162242889e-02,-2.567640878260135651e-02,3.522919490933418274e-02,-2.644168771803379059e-02,1.938265375792980194e-02,-8.477437077090144157e-04,5.475698853842914104e-04,-2.014793269336223602e-02,8.068408817052841187e-03,1.498890109360218048e-02,-2.989863418042659760e-02,9.077784605324268341e-03,1.040382776409387589e-02,-2.693318063393235207e-03,-2.305071242153644562e-02,1.099098101258277893e-02,4.905038513243198395e-03,2.966113388538360596e-02,7.105214055627584457e-03,1.512084528803825378e-02,-2.357849106192588806e-02,-2.981946803629398346e-02,8.662159554660320282e-03,-6.828130222856998444e-03,-5.858337972313165665e-03,7.949658669531345367e-03,1.872293092310428619e-02,1.442318898625671864e-03,-1.897362619638442993e-02,1.901320926845073700e-02,1.374862156808376312e-02,-5.165629088878631592e-03,5.727218231186270714e-04,4.961114842444658279e-03,3.526218002662062645e-03,-1.346494071185588837e-02,1.112457481212913990e-03,2.339376881718635559e-02,2.393474057316780090e-02,-1.173646748065948486e-02,5.552226677536964417e-02,-3.591530770063400269e-02,2.677154913544654846e-02,-3.177224844694137573e-02,1.033785566687583923e-02,-1.696806959807872772e-02,1.017952151596546173e-02,-1.039723027497529984e-02,2.788359415717422962e-05,-5.462504178285598755e-02,-1.493612304329872131e-02,1.642709597945213318e-02,1.582509954459965229e-03,2.202154509723186493e-02,-1.457987260073423386e-02,3.008335642516613007e-02,3.118839347735047340e-03,-1.213889848440885544e-02,1.597848534584045410e-02,5.868233740329742432e-03,-7.825961220078170300e-04,1.720556989312171936e-02,-4.705142602324485779e-02,-3.417363855987787247e-03,1.551667880266904831e-02,1.202014833688735962e-02,1.665140129625797272e-02,-5.126045551151037216e-03,5.333858542144298553e-03,3.651565406471490860e-03,-2.930818358436226845e-03,8.939243271015584469e-04,-2.747745253145694733e-03,5.056774709373712540e-03,-5.126045551151037216e-03,-2.344654686748981476e-02,8.246534503996372223e-03,-6.508165039122104645e-03,2.248335070908069611e-02,1.902640424668788910e-02,-2.327172085642814636e-03,-1.946182176470756531e-02,1.733751408755779266e-02,-4.202433861792087555e-03,2.105835080146789551e-02,9.038201533257961273e-03,5.459205713123083115e-04,1.335938554257154465e-02,1.261389907449483871e-02,-8.879868313670158386e-03,-2.422501891851425171e-02,-1.172986999154090881e-02,7.270144764333963394e-03,-2.952918969094753265e-02,1.046320237219333649e-02,7.936464622616767883e-03,1.531876251101493835e-02,1.772015355527400970e-02,9.368062950670719147e-03,-1.003438327461481094e-02,3.099047578871250153e-03,-1.020591054111719131e-02,2.720696665346622467e-02,7.705355528742074966e-05,-1.198056526482105255e-02,-1.033785566687583923e-02,-1.327362190932035446e-02,-2.293196320533752441e-02,-5.897921510040760040e-03,1.655904017388820648e-02,8.213547989726066589e-03,3.397572087123990059e-03,6.861116737127304077e-03,8.906256698537617922e-05,-3.100696951150894165e-03,7.718755863606929779e-03,3.032085672020912170e-02,-8.543409407138824463e-03,-2.059654332697391510e-02,-2.371043525636196136e-02,8.225917699746787548e-04,6.422400940209627151e-03,-1.922432146966457367e-02,9.739156812429428101e-04,-4.530975967645645142e-02,1.694167964160442352e-02,-2.390835247933864594e-02,1.607084646821022034e-02,9.942022152245044708e-03,3.303891420364379883e-02,1.037413952872157097e-03,-1.241598185151815414e-02,2.121008699759840965e-03,-2.401390857994556427e-02,8.523617871105670929e-03,-2.673196606338024139e-02,2.976668998599052429e-02,1.431598328053951263e-02,-1.343855261802673340e-02,1.673056930303573608e-02,9.055725240614265203e-05,8.160769939422607422e-03,3.715558350086212158e-02,-7.846577209420502186e-04,-3.257381031289696693e-03,1.778612472116947174e-02,-9.407646022737026215e-03,-4.019030928611755371e-02,-2.183682285249233246e-02,3.595488844439387321e-03,8.002436719834804535e-03,-2.472640760242938995e-02,-6.419102195650339127e-03,-1.913196034729480743e-02,-1.790487580001354218e-02,-1.773004885762929916e-03,2.351251803338527679e-02,-3.856079420074820518e-03,-7.270144764333963394e-03,-1.525278948247432709e-02,-6.623616442084312439e-03,1.845904253423213959e-02,9.637229889631271362e-02,1.555626187473535538e-02,-2.506946329958736897e-04,2.707502059638500214e-02,4.756601061671972275e-03,3.013613447546958923e-02,3.326651873067021370e-03,-3.628475219011306763e-02,-5.073267966508865356e-03,-1.002118829637765884e-02,-6.320144049823284149e-03,-6.189023843035101891e-04,4.222225397825241089e-03,-8.589589968323707581e-03,2.710141055285930634e-02,-1.159462728537619114e-03,-3.908857237547636032e-03,-3.309169411659240723e-02,-9.453826583921909332e-03,-8.992020972073078156e-03,-2.447571419179439545e-02,9.361465461552143097e-03,1.399931684136390686e-02,3.790107090026140213e-03,-2.299133688211441040e-03,9.095927234739065170e-04,-1.886807009577751160e-02,3.087502345442771912e-02,1.269306521862745285e-02,-2.778752148151397705e-02,-1.812918111681938171e-02,1.395973283797502518e-02,-4.235419910401105881e-03,1.356389932334423065e-02,-1.069410517811775208e-02,1.578056812286376953e-02,7.567019667476415634e-03,-3.352216153871268034e-04,5.153753980994224548e-02,-5.017191637307405472e-03,1.200035680085420609e-02,7.230561226606369019e-03,1.151216216385364532e-02,-1.057535596191883087e-02,-1.501693855971097946e-03,6.795144174247980118e-03,1.862067379988729954e-03,4.750003572553396225e-03,-3.298613801598548889e-02,-2.023699460551142693e-03,3.876530751585960388e-02,-2.760279923677444458e-02,-1.105695310980081558e-02,-3.438474982976913452e-02,6.270664744079113007e-03,-4.776392597705125809e-03,6.821533199399709702e-03,-1.674376241862773895e-02,-1.422362215816974640e-02,3.346113860607147217e-02,-2.464724145829677582e-02,-2.695627138018608093e-02,1.434237230569124222e-02,-5.409726407378911972e-03,4.928128793835639954e-03,-2.191598899662494659e-02,1.200695428997278214e-02,-5.858337972313165665e-03,-1.977848820388317108e-02,-1.983126625418663025e-02,-8.899659849703311920e-03,5.670316983014345169e-03,-1.748265232890844345e-03,-6.524657830595970154e-03,3.153474628925323486e-02,6.069449242204427719e-03,3.227363526821136475e-02,-1.441494212485849857e-03,5.914414301514625549e-03,4.651045426726341248e-03,-3.082554554566740990e-03,5.089760757982730865e-03,1.366945542395114899e-02,2.587762428447604179e-03,5.413025151938199997e-03,2.260210178792476654e-02,-7.151394616812467575e-03,-6.920491345226764679e-03,-3.069030120968818665e-02,-1.706043072044849396e-02,-3.905558725818991661e-03,1.982466783374547958e-03,1.322084385901689529e-02,-3.991322591900825500e-03,9.506604634225368500e-03,5.018016090616583824e-04,1.246216241270303726e-02,5.363545846194028854e-03,-2.006876654922962189e-02,-2.835158491507172585e-03,8.733079885132610798e-04,-2.794585563242435455e-02,2.053386997431516647e-03,-2.541252039372920990e-02,3.536113724112510681e-02,-6.330039817839860916e-03,-2.277692779898643494e-03,2.939724549651145935e-02,-9.335076436400413513e-03,-3.329950617626309395e-03,3.931947518140077591e-03,-1.954098790884017944e-02,1.040382776409387589e-02,-8.391673676669597626e-03,-2.636252157390117645e-02,-1.218507904559373856e-02,-2.049098908901214600e-02,2.240418456494808197e-02,-3.925350494682788849e-03,5.978737608529627323e-04,2.124307211488485336e-03,-3.863336518406867981e-02,4.232781007885932922e-02,-6.300352048128843307e-03,-3.620558232069015503e-02,5.274483468383550644e-03,1.131424494087696075e-02,-3.652225062251091003e-02,7.078825030475854874e-03,5.653823725879192352e-03,-1.311528775840997696e-02,2.952918969094753265e-02,1.624567201361060143e-03,2.102866303175687790e-03,-3.544030711054801941e-02,-2.929168939590454102e-02,-8.233339525759220123e-03,6.907297298312187195e-03,-2.377640828490257263e-02,2.316946350038051605e-02,-2.762918919324874878e-02,-2.190279588103294373e-02,-1.686251349747180939e-02,-1.861737668514251709e-02,-2.055696025490760803e-02,-2.207432314753532410e-02,1.151216216385364532e-03,-8.952437900006771088e-03,1.527917850762605667e-02,2.727953484281897545e-03,-3.409447148442268372e-02,1.032466068863868713e-02,-2.617779746651649475e-02,3.941843286156654358e-03,2.559724263846874237e-03,-6.808338686823844910e-03,-6.748963613063097000e-03,2.033595461398363113e-03,5.137920752167701721e-02,4.285559058189392090e-02,4.338336735963821411e-02,2.041182108223438263e-02,3.905558725818991661e-03,1.198716182261705399e-02,-1.285634702071547508e-03,2.698265947401523590e-03,-2.958196774125099182e-02,-1.749914605170488358e-03,-2.710141055285930634e-02,8.615978993475437164e-03,2.183682285249233246e-02,2.088682167232036591e-02,1.359028834849596024e-02,1.110973116010427475e-02,1.042361930012702942e-02,2.291876822710037231e-02,4.152954556047916412e-03,-3.925350494682788849e-03,-1.181563455611467361e-02,-1.962015405297279358e-02,-1.890765316784381866e-02,-7.210769690573215485e-03,5.162330344319343567e-04,-1.756181940436363220e-02,-1.031146664172410965e-02,-7.157991640269756317e-03,2.553126960992813110e-02,1.430278923362493515e-02,4.077086690813302994e-03,-6.072747986763715744e-03,1.857779175043106079e-02,-1.996321044862270355e-02,6.460005044937133789e-02,-1.142639759927988052e-02,1.979168131947517395e-02,-3.346443641930818558e-03,9.618757292628288269e-03,-2.779082162305712700e-03,-8.893062360584735870e-03,9.981605224311351776e-03,-1.414445601403713226e-02,1.669098623096942902e-02,-2.566321380436420441e-02,-2.586113102734088898e-02,-1.082605030387639999e-02,1.341876015067100525e-02,-1.700765267014503479e-02,-2.612502081319689751e-03,-8.798021008260548115e-05,-2.784029953181743622e-02,-1.407848298549652100e-02,-8.002436719834804535e-03,-7.969451136887073517e-03,-2.627016045153141022e-02,1.762779243290424347e-02,-1.599167846143245697e-02,-1.691529154777526855e-02,2.092640474438667297e-02,-1.000799424946308136e-02,-1.950140483677387238e-02,-1.766407629474997520e-03,8.464242331683635712e-03,1.973890513181686401e-02,-1.401251088827848434e-02,2.454168535768985748e-02,2.699585445225238800e-02,1.472501177340745926e-02,-1.368264947086572647e-02,1.290417648851871490e-02,2.861547283828258514e-03,3.496530465781688690e-03,3.397572145331650972e-04,2.546529844403266907e-02,-1.971251517534255981e-02,-1.860418170690536499e-02,1.724515296518802643e-02,-1.928039710037410259e-03,-1.048299390822649002e-02,-2.607224322855472565e-02,1.808959804475307465e-02,2.579515986144542694e-02,-8.358687162399291992e-03,-2.236460149288177490e-02,-2.939064754173159599e-03,4.232121165841817856e-03,7.560422644019126892e-03,-2.033265493810176849e-02,-1.787848654203116894e-03,-1.997310668230056763e-03,-2.083404362201690674e-02,-1.233021821826696396e-02,8.022228255867958069e-03,-1.827432028949260712e-02,1.226424612104892731e-02,-1.032466068863868713e-02,-2.636252157390117645e-02,8.963982691057026386e-04,1.127466186881065369e-02,-8.107992820441722870e-03,2.382918633520603180e-02,-3.243197128176689148e-02,7.933165761642158031e-04,-6.663199514150619507e-03,1.191459316760301590e-02,8.985423482954502106e-03,9.161899797618389130e-04,-1.680973544716835022e-02,-2.489793673157691956e-02,-1.306044869124889374e-04,2.597988210618495941e-02,-2.272085100412368774e-02,4.014412872493267059e-03,1.352431601844727993e-03,2.344654686748981476e-02,1.493612304329872131e-02,9.645146317780017853e-03,-1.148329902207478881e-04,-2.865835651755332947e-02,-6.438893731683492661e-03,4.974309355020523071e-03,9.671535342931747437e-03,5.841844715178012848e-03,-2.937085554003715515e-02,-2.635592361912131310e-03,-8.629173040390014648e-03,-4.425420239567756653e-02,2.615800593048334122e-03,2.452519256621599197e-03,1.389376074075698853e-02,-2.627016045153141022e-02,-3.053196892142295837e-02,3.928648773580789566e-03,-2.526738122105598450e-02,1.006736885756254196e-02,8.992020972073078156e-03,-3.306530416011810303e-02,2.057015523314476013e-02,8.418061770498752594e-03,4.766496829688549042e-03,3.858058527112007141e-02,-1.523959543555974960e-02,3.684551455080509186e-03,-3.207901725545525551e-03,5.132643040269613266e-03,-4.974309355020523071e-03,5.673615727573633194e-03,2.386876940727233887e-02,-2.820974402129650116e-02,-1.301633007824420929e-02,2.413265779614448547e-02,4.476218950003385544e-03,3.102346090599894524e-03,1.285139936953783035e-02,-1.711320877075195312e-02,1.186841167509555817e-02,-2.285279519855976105e-02,9.876049123704433441e-03,-1.785209774971008301e-02,-1.452709455043077469e-02,2.762918919324874878e-02,-2.444932423532009125e-02,3.475914127193391323e-04,2.012154273688793182e-02,-3.520280495285987854e-02,3.793405834585428238e-03,2.923891134560108185e-02,-1.477778982371091843e-02,3.340835869312286377e-02,-3.438474982976913452e-02,-8.299311622977256775e-03,-2.584463916718959808e-03,1.180243957787752151e-02,-2.794585563242435455e-02,-2.979307807981967926e-02,-5.000698380172252655e-03,-2.149376645684242249e-02,-3.790107090026140213e-03,9.077784605324268341e-03,-3.747225273400545120e-03,-2.879689680412411690e-03,3.295974805951118469e-02,8.167367428541183472e-03,2.006876654922962189e-02,2.402710169553756714e-02,-9.500007145106792450e-03,-2.249654615297913551e-03,-1.518681738525629044e-02,-4.400350619107484818e-03,-3.427919372916221619e-02,-4.137780889868736267e-02,-1.844584755599498749e-02,1.840626448392868042e-02,5.257990211248397827e-03,-6.468581501394510269e-03,-3.292016452178359032e-03,-1.992362737655639648e-02,-4.124586656689643860e-02,5.449309945106506348e-03,5.007295403629541397e-03,8.451048284769058228e-03,-7.111811079084873199e-03,3.717537736520171165e-03,9.836466051638126373e-03,2.188960090279579163e-02,4.133163020014762878e-03,2.716408343985676765e-03,-3.628475219011306763e-02,-2.360487915575504303e-02,1.000799424946308136e-02,-1.814237609505653381e-02,5.413025151938199997e-03,3.889065468683838844e-03,-1.585973426699638367e-02,-1.343855261802673340e-02,8.094797842204570770e-03,-1.164410635828971863e-02,2.733891084790229797e-02,3.153474628925323486e-02,1.566016813740134239e-03,1.190799567848443985e-02,-1.865695975720882416e-02,2.988544059917330742e-03,2.610852709040045738e-03,-5.413025151938199997e-03,-8.807298727333545685e-03,-1.086563337594270706e-02,2.630974352359771729e-02,8.985423482954502106e-03,6.567540112882852554e-03,-3.990003094077110291e-02,1.603126339614391327e-02,1.936945877969264984e-02,1.208612043410539627e-02,2.899481449276208878e-03,6.640109233558177948e-03,-1.070730015635490417e-02,8.635770529508590698e-03,-5.198615137487649918e-03,2.689029835164546967e-02,7.553825154900550842e-03,-2.475279755890369415e-02,-4.848962125834077597e-04,-1.340556610375642776e-02,-2.058335021138191223e-02,-2.071529440581798553e-02,3.404169529676437378e-02,-6.861116737127304077e-03,-1.463265065103769302e-02,8.226742967963218689e-03,-2.107154391705989838e-02,1.987414667382836342e-03,-1.156493928283452988e-02,-2.553127007558941841e-03,-2.297154627740383148e-02,-3.292016452178359032e-03,-6.128824315965175629e-03,-6.109032779932022095e-03,-6.109032779932022095e-03,1.081285532563924789e-02,4.578475654125213623e-02,-5.594448652118444443e-03,-1.171667594462633133e-02,5.667018238455057144e-03,-6.290456280112266541e-03,-1.152535621076822281e-02,3.024828853085637093e-03,-3.047919087111949921e-02,-2.117710001766681671e-02,-1.305591315031051636e-02,6.946880370378494263e-03,3.882468445226550102e-03,-1.632153987884521484e-02,8.721535094082355499e-03,1.803681999444961548e-02,-2.892224490642547607e-02,3.865975188091397285e-03,2.133279442787170410e-01,-9.275701828300952911e-03,6.112331058830022812e-03,2.979307807981967926e-02,6.161810364574193954e-03,9.123965166509151459e-03,2.952918969094753265e-02,-5.974614177830517292e-04,2.592710405588150024e-02,1.242917682975530624e-02,-3.583613783121109009e-02,-2.005557157099246979e-02,3.879169700667262077e-03,2.930818358436226845e-03,2.359168604016304016e-02,-3.385696932673454285e-02,-2.652085386216640472e-02,-2.836807817220687866e-02,-1.997640542685985565e-02,-9.090979583561420441e-03,6.906472262926399708e-04,-1.330001000314950943e-02,4.618059378117322922e-03,-1.876251399517059326e-02,3.259030357003211975e-02,1.333959400653839111e-02,-1.313508022576570511e-02,2.070209942758083344e-02,1.845904253423213959e-02,1.737709715962409973e-02,8.794103749096393585e-03,1.037084124982357025e-02,1.822154223918914795e-02,-1.484376192092895508e-02,1.582015119493007660e-02,1.698126271367073059e-02,1.275903824716806412e-02,5.116149783134460449e-03,5.881428252905607224e-03,-4.225524142384529114e-03,1.109653618186712265e-02,1.473820582032203674e-02,-1.427640020847320557e-02,-4.750003572553396225e-03,4.829170648008584976e-03,9.097576141357421875e-03,-4.380559083074331284e-03,1.110973116010427475e-02,-2.896182937547564507e-03,1.448751147836446762e-02,-2.342015691101551056e-02,1.109983539208769798e-03,2.087362669408321381e-02,1.684931851923465729e-02,9.236118756234645844e-03,8.536811918020248413e-03,9.790285490453243256e-03,2.729602856561541557e-03,5.264587700366973877e-03,-1.995001547038555145e-02,-2.404029667377471924e-02,9.625354781746864319e-03,-8.398270234465599060e-03,1.662501320242881775e-02,-1.764098554849624634e-02,1.217188499867916107e-02,-1.405209396034479141e-02,1.144618913531303406e-02,-8.253131061792373657e-03,-2.026668190956115723e-02,-8.695146068930625916e-03,-3.873891755938529968e-02,-8.002436719834804535e-03,2.063612826168537140e-02,3.724134759977459908e-03,-1.301633007824420929e-02,1.617640070617198944e-02,-8.609381504356861115e-03,-3.948440775275230408e-03,6.768755149096250534e-03,2.299793437123298645e-02,-1.567501202225685120e-02,1.246216241270303726e-02,8.813896216452121735e-03,6.003477144986391068e-03,-2.105835080146789551e-02,2.248335070908069611e-02,1.279202383011579514e-02,-1.677015237510204315e-02,-6.861116737127304077e-03,1.129445340484380722e-02,-4.356808960437774658e-02,-6.920491345226764679e-03,-4.684031591750681400e-04,-1.264028809964656830e-02,1.962015405297279358e-02,-1.827432028949260712e-02,1.905279234051704407e-02,-1.832379959523677826e-03,2.894863300025463104e-02,-1.618959568440914154e-02,-1.333299651741981506e-02,7.197575177997350693e-03,1.566181704401969910e-02,-5.492191761732101440e-03,-1.894723623991012573e-02,1.711320877075195312e-02,2.583474293351173401e-02,9.216326288878917694e-03,8.550006896257400513e-03,1.166389789432287216e-02,-1.308889873325824738e-02,1.497570611536502838e-02,4.030906129628419876e-03,5.174865201115608215e-02,-9.315284900367259979e-03,-1.237639877945184708e-02,-3.834308683872222900e-02,1.925070956349372864e-02,1.322084385901689529e-02,1.330660749226808548e-02,-1.376181654632091522e-02,-5.690108519047498703e-03,1.107674464583396912e-02,-2.768196538090705872e-02,-1.865695975720882416e-02,-3.625836223363876343e-02,9.326830040663480759e-04,1.484376192092895508e-02,-3.562502935528755188e-02,-9.458774584345519543e-04,-1.798404194414615631e-02,1.756181940436363220e-02,-2.047779411077499390e-02,3.377780551090836525e-03,1.670417934656143188e-02,5.060073453933000565e-03,-1.230382919311523438e-02,-2.460765838623046875e-02,-2.596009057015180588e-03,-3.987199452240020037e-04,1.802362501621246338e-02,1.063473057001829147e-02,1.174306496977806091e-02,3.252433147281408310e-03,5.591150373220443726e-03,1.708681881427764893e-02,-1.570140197873115540e-02,5.927608814090490341e-03,-3.153474628925323486e-02,-3.641669452190399170e-02,-6.607123184949159622e-03,1.443473342806100845e-02,-1.587292924523353577e-02,2.390835247933864594e-02,-2.653322299011051655e-04,-1.158473175019025803e-02,-3.963614255189895630e-02,1.724515296518802643e-02,2.165210060775279999e-02,-3.063752502202987671e-02,1.247535739094018936e-02,2.126946114003658295e-02,-4.227503389120101929e-02,-1.625556871294975281e-02,1.162431482225656509e-02,-1.673056930303573608e-01,1.903959922492504120e-02,2.064932137727737427e-02,3.031426109373569489e-03,2.728613279759883881e-02,-1.605765148997306824e-02,4.338336735963821411e-02,-2.985245315358042717e-03,-3.780211322009563446e-03,9.697924368083477020e-03,2.845054259523749352e-04,-2.513543702661991119e-03,-1.298994105309247971e-02,-1.028507761657238007e-02,-2.174446173012256622e-02,2.166529558598995209e-02,-7.329519838094711304e-03,-3.100696951150894165e-03,3.570419549942016602e-02,1.414445601403713226e-02,1.523959543555974960e-02,3.456947160884737968e-03,1.615001261234283447e-02,-2.122987806797027588e-02,2.596668712794780731e-02,1.745626330375671387e-02,-2.285279519855976105e-02,6.683815736323595047e-04,1.258091256022453308e-02,-9.988202713429927826e-03,-1.056875847280025482e-02,5.083163734525442123e-03,1.582015119493007660e-02,-2.995141223073005676e-02,-9.684729389846324921e-03,5.842669634148478508e-04,-2.871113456785678864e-02,7.797922939062118530e-03,-1.781251397915184498e-03,4.769795574247837067e-03,2.855280041694641113e-02,6.147791282273828983e-04,2.440974116325378418e-02,-5.446011200547218323e-03,-7.369102910161018372e-03,1.673056930303573608e-02,3.541391715407371521e-02,1.260895049199461937e-03,1.194098126143217087e-02,-1.016632746905088425e-02,-9.203132358379662037e-04,-4.021669924259185791e-02,-1.281841285526752472e-02,-9.117368608713150024e-03,2.198196202516555786e-02,1.343855261802673340e-02,-9.796882979571819305e-03,-2.622397849336266518e-03,-7.527436595410108566e-03,1.583334524184465408e-03,1.430278923362493515e-02,-8.101395331323146820e-03,2.297154627740383148e-02,-1.305591315031051636e-02,1.543751172721385956e-02,-2.448890730738639832e-02,-2.547849155962467194e-02,2.596668712794780731e-02,-2.508265897631645203e-02,2.770835533738136292e-02,-3.438474982976913452e-02,-2.169168367981910706e-02,2.881668880581855774e-02,1.975869527086615562e-03,3.079585731029510498e-02,5.845143459737300873e-03,6.656602490693330765e-03,1.654584705829620361e-02,2.315626852214336395e-02,-3.602086100727319717e-03,-2.117710001766681671e-02,4.678753763437271118e-02,-2.736529894173145294e-02,4.251913167536258698e-03,8.840284310281276703e-03,1.394653879106044769e-02,-1.411806675605475903e-03,2.723005600273609161e-03,5.149135831743478775e-03,1.197396777570247650e-02,-1.580695621669292450e-02,-2.704863250255584717e-02,1.519011566415429115e-03,-2.565002068877220154e-02,2.484515868127346039e-02,7.600006181746721268e-03,3.480037441477179527e-03,-9.717715904116630554e-03,1.087223086506128311e-02,-2.601946517825126648e-02,1.410487201064825058e-02,-1.646667905151844025e-02,-5.011253803968429565e-02,1.202014833688735962e-02,2.588752098381519318e-02,2.821963978931307793e-03,2.644168771803379059e-02,2.115071192383766174e-02,1.658543013036251068e-02,4.740107804536819458e-03,-6.613720674067735672e-03,-4.298093728721141815e-03,5.472400225698947906e-03,1.149896718561649323e-02,-2.412935951724648476e-03,3.266946971416473389e-02,3.826391883194446564e-03,-2.256251871585845947e-03,1.033125817775726318e-02,-2.122657839208841324e-03,6.354449689388275146e-02,1.329341344535350800e-02,1.056875847280025482e-02,-1.328681595623493195e-02,-3.555905539542436600e-03,-3.865975141525268555e-02,-9.621396660804748535e-02,4.294794984161853790e-03,1.917154341936111450e-02,-2.376651158556342125e-03,4.961114842444658279e-03,3.001738572493195534e-03,1.673056930303573608e-02,1.795765385031700134e-02,-1.753543131053447723e-02,1.721876300871372223e-02,-2.014793269336223602e-02,-1.010035537183284760e-02,9.697924368083477020e-03,-1.013993844389915466e-02,1.589107210747897625e-03,-1.235000975430011749e-02,1.517362333834171295e-02,-1.304271817207336426e-02,-3.063752502202987671e-02,1.356389932334423065e-02,-2.008195966482162476e-02,-4.024308640509843826e-03,-4.123267251998186111e-03,-2.966113388538360596e-02,3.955037798732519150e-03,1.087882835417985916e-02,-1.827432028949260712e-02,2.894533565267920494e-03,1.459306664764881134e-02,1.655904110521078110e-03,1.409167796373367310e-02,2.826911862939596176e-03,1.197396777570247650e-02,2.739498624578118324e-03,-1.538473460823297501e-02,-1.700765267014503479e-02,-3.216807916760444641e-02,-1.732431910932064056e-02,4.000558704137802124e-02,-1.304271817207336426e-02,-7.520839106291532516e-03,-3.915454261004924774e-03,5.825351923704147339e-03,-1.712640188634395599e-02,4.038740298710763454e-04,-3.329950617626309395e-03,-2.721356286201626062e-04,1.194098126143217087e-02,2.634932659566402435e-02,2.685071667656302452e-03,-2.596668712794780731e-02,7.256950251758098602e-03,-3.309169411659240723e-02,-2.130904421210289001e-02,3.530836105346679688e-02,-8.094797842204570770e-03,-1.766737550497055054e-02,3.151722194161266088e-05,-2.276043407618999481e-02,-1.272605173289775848e-02,-2.196876704692840576e-02,2.973700175061821938e-03,1.768056862056255341e-02,6.013372913002967834e-03,1.398612186312675476e-02,-1.008056383579969406e-02,-9.097576141357421875e-03,-2.799863368272781372e-02,2.377640828490257263e-02,-1.456667855381965637e-02,2.223265729844570160e-02,5.472400225698947906e-03,-1.421042811125516891e-02,2.473960258066654205e-02,-1.410487201064825058e-02,3.790107090026140213e-03,-1.819185446947813034e-03,-1.016632746905088425e-02,9.262506850063800812e-03,-2.592710405588150024e-02,-5.139240063726902008e-03,-1.896043121814727783e-02,2.433057501912117004e-02,-1.530556753277778625e-02,3.356669470667839050e-02,-9.104173630475997925e-03,1.343195512890815735e-02,1.904949429444968700e-03,1.127466186881065369e-02,-1.609723456203937531e-02,5.492191761732101440e-03,3.211530297994613647e-02,1.492292806506156921e-02,-3.200974687933921814e-02,-3.158422652631998062e-03,1.754862442612648010e-02,7.705561816692352295e-03,5.983685143291950226e-03,-1.130105089396238327e-02,1.902640424668788910e-02,-1.284480188041925430e-02,-2.253612875938415527e-02,-6.597227603197097778e-02,3.942503035068511963e-02,-2.597988210618495941e-02,-3.245835890993475914e-03,-9.434035047888755798e-03,-1.591251231729984283e-02,6.112331058830022812e-03,-1.425001118332147598e-02,-7.672575302422046661e-03,-8.978826925158500671e-03,-3.090800950303673744e-03,2.921252325177192688e-02,-6.788547150790691376e-03,-4.578475654125213623e-02,-7.078825030475854874e-03,9.420841000974178314e-03,-4.344274289906024933e-03,-1.203334238380193710e-02,1.840626448392868042e-02,7.593408692628145218e-03,-2.097918279469013214e-02,1.389376074075698853e-02,2.777020272333174944e-04,1.223785709589719772e-02,-2.937085554003715515e-02,1.959376595914363861e-02,-1.697755214991047978e-04,8.550006896257400513e-03,-1.083924435079097748e-02,-3.475419431924819946e-02,6.603824440389871597e-03,-7.745144888758659363e-03,1.158473175019025803e-02,7.322922348976135254e-03,6.953477859497070312e-03,-1.493612304329872131e-02,9.770493954420089722e-03,9.730910882353782654e-03,1.436546212062239647e-03,3.705002740025520325e-02,-1.872293092310428619e-02,-3.024169057607650757e-02,-5.353650078177452087e-03,-1.029167510569095612e-02,8.147575892508029938e-03,7.072228007018566132e-03,-9.005215018987655640e-03,2.302432432770729065e-02,1.886807009577751160e-02,-4.565281327813863754e-03,5.749483592808246613e-03,3.420002758502960205e-02,1.477778982371091843e-02,-1.489653903990983963e-02,-3.872572444379329681e-03,-8.919451385736465454e-03,1.975209824740886688e-02,-4.660941194742918015e-03,-1.589931733906269073e-02,-4.311947897076606750e-02,9.434035047888755798e-03,1.488334499299526215e-02,4.077086690813302994e-03,-2.182032912969589233e-03,3.298613801598548889e-02,-1.526598446071147919e-02,9.948618710041046143e-03,1.896043121814727783e-02,8.390848524868488312e-04,-1.487015094608068466e-02,-1.523959543555974960e-02,-1.693838159553706646e-03,7.764936890453100204e-03,1.655904017388820648e-02,1.422362215816974640e-02,-6.973269395530223846e-03,-1.405209396034479141e-02,-9.203132241964340210e-03,-1.335278805345296860e-02,3.150176198687404394e-04,2.747085504233837128e-02,-1.571459509432315826e-02,4.103475250303745270e-03,1.361667737364768982e-02,1.618959568440914154e-02,-1.790487580001354218e-02,3.427259624004364014e-03,-4.680732730776071548e-03,-2.604255452752113342e-03,-1.366862998111173511e-04,2.887936308979988098e-03,1.998959854245185852e-02,-5.736289080232381821e-03,-7.659381255507469177e-03,-3.684551455080509186e-03,8.233339525759220123e-03,-1.480417791754007339e-02,2.059654332697391510e-02,1.021910551935434341e-02,1.720556989312171936e-02,-4.206392168998718262e-02,3.608683357015252113e-03,2.810418838635087013e-03,-4.479517228901386261e-03,-8.266326040029525757e-03,9.318583761341869831e-05,-2.450210228562355042e-02,-3.303891420364379883e-02,-6.336636841297149658e-03,2.409307472407817841e-02,6.448790081776678562e-04,1.022570207715034485e-02,1.616320759057998657e-02,8.338895626366138458e-03,1.608898863196372986e-03,5.449309945106506348e-03,-1.108993962407112122e-02,3.407467855140566826e-03,-1.306910719722509384e-02,2.074168249964714050e-02,3.256391361355781555e-02,1.020591054111719131e-02,1.378820557147264481e-02,-2.104515442624688148e-03,3.736669570207595825e-02,6.913894321769475937e-03,-5.591150373220443726e-03,2.115071192383766174e-02,-2.439654618501663208e-02,-1.812588190659880638e-03,1.711320877075195312e-02,-2.393474057316780090e-02,-1.601806841790676117e-02,-2.290557324886322021e-02,4.129864275455474854e-03,1.798404194414615631e-02,6.643407978117465973e-03,3.317086026072502136e-02,9.922229684889316559e-03,6.338616460561752319e-02,6.297053769230842590e-03,-1.231702324002981186e-02,1.307570468634366989e-02,5.417973152361810207e-04,3.649586066603660583e-02,-3.102346090599894524e-03,3.818475082516670227e-02,-4.667538451030850410e-04,-1.980487629771232605e-02,2.060973830521106720e-02,-1.977518899366259575e-03,3.625836223363876343e-02,-8.919451385736465454e-03,-1.704723574221134186e-02,1.682293042540550232e-02,1.592570729553699493e-02,6.455386988818645477e-03,-2.700904943048954010e-02,-2.932467497885227203e-03,6.729172077029943466e-03,-5.228302907198667526e-03,-2.561373636126518250e-03,-3.042641282081604004e-02,-2.119029499590396881e-02,4.773093853145837784e-03,1.534515060484409332e-02,-3.467502817511558533e-02,3.423961112275719643e-03,-2.989863418042659760e-02,7.316325325518846512e-03,-1.358204171992838383e-03,-2.396113052964210510e-02,-2.380279637873172760e-02,1.005417481064796448e-02,-5.425559729337692261e-02,-5.043580196797847748e-03,-2.394793555140495300e-02,-5.432816687971353531e-03,-1.616320689208805561e-03,-6.010074168443679810e-03,-7.475483580492436886e-04,-4.377260338515043259e-03,7.619797717779874802e-03,4.013753309845924377e-02,4.914934281259775162e-03,-1.461945567280054092e-02,1.707032555714249611e-03,5.273658898659050465e-04
-8.209893712773919106e-04,-4.435990995261818171e-04,-3.403133153915405273e-02,-4.011840501334518194e-04,-1.460566557943820953e-02,5.153694376349449158e-02,-1.320865936577320099e-02,-9.739316999912261963e-03,8.348932489752769470e-03,-5.640991497784852982e-03,6.839370820671319962e-03,7.104206364601850510e-03,-2.285859547555446625e-03,-7.865607738494873047e-03,-8.163547143340110779e-03,-1.199703756719827652e-02,8.865361101925373077e-03,-5.462227636598981917e-05,1.416868716478347778e-02,-2.837047912180423737e-03,-1.823390834033489227e-02,-3.469342133030295372e-03,-1.214269734919071198e-02,-8.719701319932937622e-03,-1.056692749261856079e-02,1.505588553845882416e-02,5.935620516538619995e-03,-4.575029481202363968e-03,-1.214269734919071198e-02,-3.919561859220266342e-03,-3.456100355833768845e-03,-1.722753420472145081e-02,-1.363901700824499130e-02,2.105440478771924973e-03,-3.037660568952560425e-02,4.078463185578584671e-03,-1.411572005599737167e-02,5.233807023614645004e-03,-1.064306707121431828e-03,-1.322852168232202530e-02,1.001077331602573395e-02,-7.627255748957395554e-03,6.382530089467763901e-03,1.110984012484550476e-02,-1.467187423259019852e-02,-1.155550780822522938e-04,-2.796660549938678741e-02,-1.910786516964435577e-02,-4.438639059662818909e-02,3.326331079006195068e-02,2.191511914134025574e-02,8.276102133095264435e-03,-1.110984012484550476e-02,1.274519786238670349e-02,8.190031163394451141e-03,-1.042126771062612534e-02,1.276506017893552780e-02,1.751885376870632172e-02,-4.200287535786628723e-02,2.717871917411684990e-03,-4.349091905169188976e-04,8.845497854053974152e-03,-8.507832884788513184e-03,-6.336390651995316148e-05,-4.651169758290052414e-03,-1.397006120532751083e-02,-2.633455675095319748e-03,-6.478533148765563965e-03,-7.951678708195686340e-03,-5.604576319456100464e-03,5.927013605833053589e-02,3.625594824552536011e-02,-6.220318377017974854e-03,-1.574445702135562897e-02,1.116280723363161087e-02,-4.359188675880432129e-02,9.186473907902836800e-04,-2.229912951588630676e-02,-1.201690081506967545e-02,1.416868716478347778e-02,2.635110914707183838e-02,-5.445675458759069443e-03,-2.272286638617515564e-02,-1.635357737541198730e-02,1.643302850425243378e-02,-6.365978159010410309e-03,4.886210896074771881e-03,1.729374378919601440e-02,-6.885717157274484634e-03,-4.269144684076309204e-02,1.806176640093326569e-02,4.356540367007255554e-02,-5.223875865340232849e-03,-3.975839354097843170e-03,-1.366550009697675705e-02,1.298520481213927269e-03,-1.322852168232202530e-02,2.146489918231964111e-02,1.569149084389209747e-02,-3.016473725438117981e-02,8.052647463046014309e-04,1.248698309063911438e-02,-1.973022893071174622e-02,9.989255340769886971e-04,-3.289254009723663330e-02,-3.058847412467002869e-02,-1.323348726145923138e-03,-1.349335722625255585e-02,2.538446150720119476e-02,7.488217204809188843e-03,4.214191343635320663e-03,3.268067166209220886e-02,-5.710510537028312683e-03,-3.850704804062843323e-02,-2.236533910036087036e-02,-2.203429490327835083e-02,2.865186659619212151e-03,-2.104116231203079224e-02,1.331459358334541321e-02,-2.506665885448455811e-02,-1.261940132826566696e-02,4.443936049938201904e-02,4.293642006814479828e-03,-2.431187778711318970e-02,9.898218326270580292e-03,1.205000467598438263e-02,-2.780770324170589447e-02,-1.643302850425243378e-02,-2.337171323597431183e-02,1.663165539503097534e-02,2.534473501145839691e-02,3.318717004731297493e-03,2.423242852091789246e-02,2.312012016773223877e-02,7.759673520922660828e-03,2.696023136377334595e-02,-6.637434009462594986e-03,-2.047176659107208252e-02,-1.485725864768028259e-02,-2.293473482131958008e-02,1.802203990519046783e-02,2.037907391786575317e-02,-1.091121323406696320e-02,-7.958300411701202393e-03,1.581066660583019257e-02,1.250684633851051331e-02,9.342064149677753448e-03,2.210050448775291443e-02,-1.518830284476280212e-02,-1.729374378919601440e-02,1.205000467598438263e-02,-2.823144011199474335e-02,3.183320164680480957e-02,-9.706213138997554779e-03,-6.865854375064373016e-03,1.822066679596900940e-02,-8.865361101925373077e-03,3.744108602404594421e-03,-2.570226415991783142e-02,-3.453203826211392879e-04,-2.416621864540502429e-04,2.261693216860294342e-02,1.818094216287136078e-02,-1.030871272087097168e-02,1.672434806823730469e-02,2.108088880777359009e-02,5.160977598279714584e-03,-1.343376934528350830e-02,-1.280313008464872837e-03,-5.088147707283496857e-03,8.309206925332546234e-03,9.447998367249965668e-03,-2.992638573050498962e-02,4.194328561425209045e-03,-1.435407157987356186e-02,1.563852280378341675e-02,1.534720417112112045e-02,7.991404272615909576e-03,-2.357034012675285339e-02,1.020277943462133408e-02,-2.639083564281463623e-02,-4.571719095110893250e-03,1.890923827886581421e-02,2.643056027591228485e-02,-1.641978695988655090e-02,-1.557231415063142776e-02,1.318879704922437668e-02,2.398083359003067017e-02,9.666487574577331543e-03,-2.143841609358787537e-02,1.965077780187129974e-02,1.238104887306690216e-02,-1.532072108238935471e-02,-1.735995151102542877e-02,-6.368758678436279297e-01,-3.850704804062843323e-02,-6.081279832869768143e-03,3.149884520098567009e-03,1.366550009697675705e-02,1.165275182574987411e-02,5.379466339945793152e-03,1.391709409654140472e-02,-2.407352626323699951e-02,1.354632433503866196e-02,-8.064233697950839996e-03,1.967726089060306549e-02,-1.918400521390140057e-03,-7.104206364601850510e-03,-9.024262428283691406e-03,-1.090459246188402176e-02,-9.447998367249965668e-03,-5.445675458759069443e-03,1.742616109549999237e-02,-2.315984480082988739e-02,-2.839034236967563629e-02,4.624686203896999359e-03,1.856495253741741180e-02,-3.777213161811232567e-03,2.239182218909263611e-02,9.951185435056686401e-03,4.179100692272186279e-02,-1.837294781580567360e-03,-1.457918155938386917e-02,1.532072108238935471e-02,-2.656297758221626282e-02,3.660023584961891174e-02,1.950511895120143890e-02,3.162133321166038513e-02,4.107595235109329224e-02,-7.077722810208797455e-03,-2.529176883399486542e-02,1.403626985847949982e-02,1.161757900263182819e-04,2.791363745927810669e-02,-9.275855496525764465e-03,-2.915836311876773834e-02,3.257473930716514587e-02,-2.786067128181457520e-02,-2.631800598464906216e-04,2.575523033738136292e-02,2.407352626323699951e-02,5.429123062640428543e-03,-1.439214218407869339e-03,1.077879592776298523e-02,1.294382382184267044e-03,-1.393033564090728760e-02,-1.680379733443260193e-02,6.587777286767959595e-03,1.330383383901789784e-04,1.047423481941223145e-02,1.892247982323169708e-02,-1.315569225698709488e-02,1.027560885995626450e-02,-2.671525813639163971e-03,-3.206162014976143837e-03,2.239182218909263611e-02,-1.835308410227298737e-02,-2.714561484754085541e-02,-1.622116006910800934e-02,-2.458002418279647827e-03,-2.957879099994897842e-03,2.786067128181457520e-02,-2.746010664850473404e-03,-8.693218231201171875e-03,-2.747666090726852417e-03,3.455272817518562078e-04,-3.545482177287340164e-03,-7.415387779474258423e-03,-6.998272147029638290e-03,-1.084500458091497421e-02,1.350659877061843872e-02,6.246801931411027908e-03,-1.271871384233236313e-02,7.055377354845404625e-04,-6.710263900458812714e-03,6.819508504122495651e-03,-3.019122220575809479e-02,-1.480429153889417648e-02,3.856001794338226318e-02,-2.150462381541728973e-02,-4.851782321929931641e-02,-4.929246380925178528e-03,1.659193076193332672e-02,-9.229509159922599792e-03,2.420759992673993111e-04,-1.413558260537683964e-03,-7.064480800181627274e-03,7.488217204809188843e-03,2.441781200468540192e-02,9.116954170167446136e-03,-1.232146099209785461e-02,2.253748103976249695e-02,3.442858532071113586e-02,1.118308355216868222e-04,6.107763387262821198e-03,-1.489698421210050583e-02,2.146489918231964111e-02,2.029962465167045593e-02,1.582390815019607544e-02,1.869736984372138977e-02,-1.168585661798715591e-02,-5.617818329483270645e-03,2.465616352856159210e-02,-5.180177837610244751e-02,-2.961189486086368561e-03,7.587530650198459625e-03,1.432758849114179611e-02,-1.124722301028668880e-03,1.331459358334541321e-02,-2.836385741829872131e-02,5.379466339945793152e-03,5.288429674692451954e-04,-9.236130281351506710e-04,-1.738643646240234375e-02,2.400731854140758514e-02,-9.707867866382002831e-04,-5.041801370680332184e-03,-2.298770099878311157e-02,1.342052780091762543e-02,3.803034499287605286e-02,-7.362420670688152313e-03,-2.823144011199474335e-02,-9.706213138997554779e-03,-9.838630445301532745e-03,3.128366777673363686e-03,-1.132170762866735458e-02,1.898868940770626068e-02,-5.372845567762851715e-03,3.101221099495887756e-02,-8.971295319497585297e-03,3.873215988278388977e-03,9.070607833564281464e-03,3.781847655773162842e-02,-7.653739303350448608e-03,-2.334523014724254608e-02,1.051396038383245468e-02,8.196651935577392578e-03,-6.114384625107049942e-03,-8.987847249954938889e-04,-4.213529080152511597e-02,-2.247127331793308258e-02,-1.893572136759757996e-02,-3.689155355095863342e-02,-9.249372407793998718e-03,1.902841404080390930e-02,-1.213607657700777054e-02,-2.899946272373199463e-02,7.845745421946048737e-03,6.571225239895284176e-04,-7.282970007508993149e-03,9.906494524329900742e-04,2.343792095780372620e-02,4.363161046057939529e-03,-3.527605906128883362e-02,-2.530832076445221901e-03,3.757350496016442776e-04,-1.522802840918302536e-02,-3.318386152386665344e-02,2.706616558134555817e-02,-2.730451710522174835e-02,2.342467941343784332e-02,2.386827953159809113e-03,1.169909816235303879e-02,-1.602253504097461700e-02,-2.993879897985607386e-04,2.094888477586209774e-04,-2.647028490900993347e-02,1.905489899218082428e-02,2.727803401648998260e-02,-2.314660325646400452e-02,-1.165275182574987411e-02,-6.379219703376293182e-03,8.064233697950839996e-03,2.057770080864429474e-02,1.167923584580421448e-02,2.109413035213947296e-02,-3.111814521253108978e-02,-3.055536886677145958e-03,-6.081279832869768143e-03,2.906981098931282759e-04,-1.623440161347389221e-02,4.389644600450992584e-03,1.438055559992790222e-02,-1.086652278900146484e-03,-9.990910999476909637e-03,1.721429266035556793e-02,3.140946477651596069e-02,-7.230002898722887039e-03,7.799399085342884064e-03,2.743693441152572632e-02,-9.542346233502030373e-04,-2.189856721088290215e-03,1.766120200045406818e-03,1.056692749261856079e-02,1.463214866816997528e-02,-1.557231415063142776e-02,5.299353972077369690e-02,-2.269638329744338989e-02,2.486803196370601654e-02,-4.827947169542312622e-02,1.216255966573953629e-02,-1.827363483607769012e-02,1.558555569499731064e-02,-2.051149122416973114e-02,-1.787638105452060699e-02,-5.715145170688629150e-02,-2.886704541742801666e-02,2.534142462536692619e-03,1.963753625750541687e-02,2.263017371296882629e-02,-1.440703868865966797e-02,2.188863605260848999e-02,8.805773220956325531e-03,-2.717871917411684990e-03,1.487050112336874008e-02,-9.474482387304306030e-03,4.826623015105724335e-03,8.574042469263076782e-03,-3.426968306303024292e-02,-7.157173473387956619e-03,2.411325275897979736e-02,8.037750609219074249e-03,1.673758961260318756e-02,3.985770978033542633e-03,7.600772194564342499e-03,8.673355332575738430e-04,-1.003063563257455826e-02,6.240181159228086472e-03,-5.508573725819587708e-03,1.154019683599472046e-02,-1.573121547698974609e-02,-2.791363745927810669e-02,-1.334935310296714306e-03,9.633382782340049744e-03,2.341143786907196045e-02,1.476456690579652786e-02,-2.971120644360780716e-03,-6.382530089467763901e-03,8.514453656971454620e-03,-1.953160157427191734e-03,3.085330873727798462e-02,6.985030602663755417e-03,1.742616109549999237e-02,1.735995151102542877e-02,1.849874481558799744e-02,-4.959040321409702301e-03,-8.547558449208736420e-03,-1.647275499999523163e-02,2.028638124465942383e-02,-1.451297290623188019e-02,1.411572005599737167e-02,1.669289893470704556e-03,1.634033583104610443e-02,3.826869651675224304e-02,-4.806760232895612717e-03,-3.042295342311263084e-03,4.608133807778358459e-03,-1.252670865505933762e-02,4.097001627087593079e-02,-6.375909317284822464e-03,-3.684520721435546875e-03,-9.560553357005119324e-03,-1.787638105452060699e-02,-1.969050243496894836e-02,9.408272802829742432e-03,2.145165763795375824e-02,6.084590684622526169e-03,6.597708910703659058e-03,-4.287021234631538391e-03,5.879343021661043167e-03,-3.492515301331877708e-03,4.968971945345401764e-03,3.705045580863952637e-02,-1.577094011008739471e-02,-1.522802840918302536e-02,-2.259044907987117767e-02,2.395435050129890442e-02,7.719948422163724899e-03,-1.211621426045894623e-02,-1.346025243401527405e-02,-2.604654990136623383e-02,1.232146099209785461e-02,-3.556737676262855530e-02,5.207323469221591949e-03,-1.306299958378076553e-02,2.706616558134555817e-02,8.335690014064311981e-03,-6.521568633615970612e-03,-4.002322908490896225e-03,-1.933297514915466309e-02,2.379545010626316071e-02,-9.136817418038845062e-03,2.350413054227828979e-02,-2.022679429501295090e-03,-3.331958781927824020e-03,5.429123062640428543e-03,-5.561540834605693817e-03,1.277830172330141068e-02,3.045605681836605072e-02,-4.746344638988375664e-04,6.620882079005241394e-03,1.191758736968040466e-02,-1.594308391213417053e-02,-3.697100281715393066e-02,-2.445753850042819977e-02,-4.174466244876384735e-03,6.375909317284822464e-03,-2.082267310470342636e-03,-2.201443305239081383e-03,-1.328148879110813141e-02,-1.742616109549999237e-02,6.498395465314388275e-03,4.046683013439178467e-02,-2.317308681085705757e-04,-9.692970663309097290e-03,-3.077385947108268738e-02,-1.300341170281171799e-02,2.104116231203079224e-02,8.924948424100875854e-02,1.070596557110548019e-02,-1.745264418423175812e-02,1.206324715167284012e-02,1.463214866816997528e-02,2.361006475985050201e-02,9.044124744832515717e-03,-2.754286862909793854e-02,7.256486453115940094e-03,-1.743940263986587524e-02,-1.068610325455665588e-02,-4.061911255121231079e-03,7.574289105832576752e-03,-9.560553357005119324e-03,1.039478462189435959e-02,1.953160203993320465e-02,-1.475132443010807037e-02,-2.689402177929878235e-02,5.660853930748999119e-04,-1.060003228485584259e-02,-1.521478686481714249e-02,2.759252442046999931e-03,1.990237087011337280e-02,1.322852168232202530e-02,-6.799645721912384033e-03,1.269223075360059738e-02,-6.038244348019361496e-03,2.571550570428371429e-02,1.990237087011337280e-02,-2.590088918805122375e-02,-8.964673615992069244e-03,1.689649000763893127e-02,2.775804838165640831e-03,7.554426323622465134e-03,-2.502693422138690948e-02,1.857819408178329468e-02,2.712906338274478912e-03,8.487970568239688873e-03,2.767528593540191650e-02,-9.414894506335258484e-03,7.375662215054035187e-03,1.100390590727329254e-02,1.623440161347389221e-02,-1.615495234727859497e-02,6.978409364819526672e-03,3.936114255338907242e-03,-1.688324846327304840e-03,9.951185435056686401e-03,-2.937023155391216278e-02,-6.951925810426473618e-03,3.879836946725845337e-02,-2.580819837749004364e-02,-1.567824743688106537e-02,-3.286605700850486755e-02,8.865361101925373077e-03,-2.255072444677352905e-02,1.481753401458263397e-02,-2.145165763795375824e-02,-1.938594132661819458e-02,1.896220631897449493e-02,-1.799555681645870209e-02,-2.523880265653133392e-02,1.115618553012609482e-02,5.736994091421365738e-03,-7.580909878015518188e-03,1.360591268166899681e-03,3.174712881445884705e-03,-9.692970663309097290e-03,-1.201028004288673401e-02,-1.293720304965972900e-02,-1.651247963309288025e-02,7.362420670688152313e-03,-4.694205243140459061e-03,-6.759920623153448105e-03,2.968803420662879944e-02,9.832009673118591309e-03,1.447324827313423157e-02,-7.819261401891708374e-03,1.046926947310566902e-03,5.538367666304111481e-03,-5.793271586298942566e-03,-2.808909164741635323e-03,6.865854375064373016e-03,-9.540691040456295013e-03,-7.673602085560560226e-03,1.317555457353591919e-02,-7.931816391646862030e-03,-3.777213161811232567e-03,-2.346440590918064117e-02,-2.395435050129890442e-02,9.459584834985435009e-04,5.127872806042432785e-03,1.946539245545864105e-02,3.538861405104398727e-03,2.117357961833477020e-02,1.020940020680427551e-02,1.636682078242301941e-02,9.189784526824951172e-03,-1.880330406129360199e-02,-9.242750704288482666e-03,-7.739810738712549210e-03,-2.465616352856159210e-02,7.932644221000373363e-04,-1.706863380968570709e-02,3.384594991803169250e-02,-9.242750704288482666e-03,4.071842413395643234e-03,2.249775640666484833e-02,-1.231484021991491318e-02,-4.048669245094060898e-03,1.532072108238935471e-02,-1.423489581793546677e-02,-8.567420765757560730e-03,-1.863116212189197540e-02,-4.568408709019422531e-03,5.336430855095386505e-03,-2.138544805347919464e-02,3.752715885639190674e-02,2.726975653786212206e-04,-4.145810089539736509e-05,1.124225743114948273e-02,-2.625841833651065826e-02,4.653155803680419922e-02,-2.163373166695237160e-03,-3.628243133425712585e-02,-1.469835755415260792e-03,1.689649000763893127e-02,-2.502693422138690948e-02,1.632709428668022156e-02,1.436731405556201935e-02,-9.421515278518199921e-03,3.546144440770149231e-02,1.004387810826301575e-02,1.415544562041759491e-02,-2.849627472460269928e-02,-1.479104999452829361e-02,3.763557469937950373e-04,-6.932063493877649307e-03,-5.303326528519392014e-03,1.951836049556732178e-02,-1.880330406129360199e-02,-1.761154644191265106e-02,-1.963753625750541687e-02,-3.535550832748413086e-02,-2.780770324170589447e-02,-2.910539694130420685e-02,-1.265416038222610950e-03,3.216093406081199646e-03,1.886951364576816559e-02,5.247049033641815186e-03,-5.723752547055482864e-03,-8.587284013628959656e-03,-1.471159979701042175e-02,6.347770686261355877e-04,-1.152695529162883759e-02,-4.065221641212701797e-03,-7.852366194128990173e-03,1.389061007648706436e-02,2.756935171782970428e-02,2.923781424760818481e-02,4.179100692272186279e-02,1.664489693939685822e-02,-4.267158452421426773e-03,1.050071883946657181e-02,1.860467833466827869e-03,1.007698196917772293e-02,-2.449726313352584839e-02,4.104946739971637726e-03,-2.611275762319564819e-02,6.332873366773128510e-03,2.183566801249980927e-02,2.451050467789173126e-02,6.326252594590187073e-03,2.011423930525779724e-02,1.556734903715550900e-03,2.331874519586563110e-02,5.909136962145566940e-03,-2.755942055955529213e-03,-1.447324827313423157e-02,-3.281309083104133606e-02,-1.256643421947956085e-02,-1.728050224483013153e-02,-3.247542539611458778e-03,-1.706863380968570709e-02,-1.549286395311355591e-02,-1.479104999452829361e-02,2.741045132279396057e-02,-7.998025044798851013e-03,1.152695529162883759e-02,-2.683112397789955139e-03,1.720105111598968506e-02,-3.050902299582958221e-02,3.599111363291740417e-02,-1.003725733608007431e-02,3.381946310400962830e-02,4.892831668257713318e-03,2.334523014724254608e-02,-9.646625258028507233e-03,-7.653739303350448608e-03,8.891844190657138824e-03,4.680963698774576187e-03,1.803528144955635071e-02,-2.910539694130420685e-02,-2.069687657058238983e-02,-1.808824948966503143e-02,1.073907036334276199e-02,-1.951836049556732178e-02,-7.825882174074649811e-03,7.150552235543727875e-03,-2.725154906511306763e-02,-8.209893479943275452e-03,-1.052058115601539612e-02,-4.518751986324787140e-03,-3.045605681836605072e-02,7.282970007508993149e-03,-8.117200806736946106e-03,-9.322201833128929138e-03,1.517506130039691925e-02,-2.815198898315429688e-02,-1.562528125941753387e-02,1.182489469647407532e-02,-7.786157075315713882e-03,1.998182199895381927e-02,-1.577094011008739471e-02,2.668215334415435791e-02,2.165028452873229980e-02,4.181087017059326172e-03,-1.879006251692771912e-02,2.221305854618549347e-03,1.039478462189435959e-02,1.699911430478096008e-03,7.660360541194677353e-03,4.044034704566001892e-02,-2.256396599113941193e-02,-8.017888292670249939e-03,3.409754252061247826e-03,4.002322908490896225e-03,-1.035505905747413635e-02,-3.230990469455718994e-02,1.332121435552835464e-02,1.671110652387142181e-02,-9.441377595067024231e-03,-1.114294398576021194e-02,-1.864440366625785828e-02,-4.134740680456161499e-03,1.019615773111581802e-02,-2.376896515488624573e-02,1.383764296770095825e-02,-8.963018772192299366e-04,-2.971451729536056519e-02,-3.151539713144302368e-02,2.078956924378871918e-02,-1.925352402031421661e-02,2.057770080864429474e-02,-8.236377499997615814e-03,-3.064144216477870941e-02,-4.383023828268051147e-03,1.587687432765960693e-02,-2.095509087666869164e-03,1.581066660583019257e-02,-2.743693441152572632e-02,8.017888292670249939e-03,-1.929325051605701447e-02,1.029547117650508881e-02,3.199541242793202400e-03,5.217255093157291412e-03,-2.364978939294815063e-02,-1.242077443748712540e-02,2.168338745832443237e-03,2.682781405746936798e-02,-1.771748065948486328e-02,5.584714002907276154e-03,-3.893078537657856941e-03,2.815198898315429688e-02,5.756856873631477356e-03,1.427462138235569000e-02,-4.717378411442041397e-03,-2.865517698228359222e-02,-1.555907260626554489e-02,1.472484134137630463e-02,1.505588553845882416e-02,1.367874164134263992e-02,-2.361006475985050201e-02,-1.149385049939155579e-02,-4.886210896074771881e-03,-3.016473725438117981e-02,4.988834727555513382e-03,9.567174129188060760e-03,4.485647659748792648e-03,-2.807253971695899963e-02,-2.950264886021614075e-02,-8.620387874543666840e-03,-1.600929163396358490e-02,1.464539114385843277e-02,3.225610998924821615e-04,-3.273364156484603882e-02,7.991404272615909576e-03,1.178517006337642670e-02,-2.661594562232494354e-02,3.538199141621589661e-02,-2.934374846518039703e-02,-2.323929592967033386e-02,-1.837956905364990234e-02,1.753209531307220459e-02,-3.062157891690731049e-03,-2.499382942914962769e-03,2.233885601162910461e-02,-2.525204420089721680e-02,-3.011177107691764832e-02,2.725154906511306763e-02,-7.998025044798851013e-03,1.028885040432214737e-02,2.306715212762355804e-02,-1.423489581793546677e-02,8.223135024309158325e-03,-1.585039123892784119e-02,6.124315783381462097e-03,-2.176946029067039490e-02,-2.476209774613380432e-02,5.042463541030883789e-02,-2.330550365149974823e-02,1.324176415801048279e-02,2.151786535978317261e-02,-3.824221342802047729e-02,-2.237858017906546593e-03,1.077879592776298523e-02,7.832502946257591248e-03,1.394357718527317047e-02,-3.313089162111282349e-02,-8.322448469698429108e-03,1.754533732309937477e-03,1.839281059801578522e-02,-1.439379714429378510e-02,-2.074984461069107056e-02,1.465863268822431564e-02,-2.600351348519325256e-03,2.835392719134688377e-03,2.055783756077289581e-03,3.757350379601120949e-03,-1.557231415063142776e-02,1.298354938626289368e-02,5.283463746309280396e-03,2.725154906511306763e-02,5.498642567545175552e-03,-8.315827697515487671e-03,3.618312068283557892e-03,-5.518504884093999863e-03,-1.536044571548700333e-02,-4.112891852855682373e-02,-4.631968960165977478e-02,-1.873709633946418762e-02,1.904165558516979218e-02,9.891597554087638855e-03,-2.126627229154109955e-02,-6.306389812380075455e-03,-1.590335741639137268e-02,-4.896804317831993103e-02,-3.853353206068277359e-03,8.918328210711479187e-03,-9.889942593872547150e-04,-2.654973650351166725e-03,7.706706412136554718e-03,1.141440030187368393e-02,1.912110671401023865e-02,6.839370820671319962e-03,-5.098078865557909012e-03,-3.588518127799034119e-02,-1.448648981750011444e-02,1.606225967407226562e-02,-3.789792954921722412e-02,-8.183410391211509705e-03,9.249372407793998718e-03,-1.295044459402561188e-02,-1.187124103307723999e-02,6.051485892385244370e-03,-2.265665866434574127e-02,7.335937116295099258e-03,2.615248411893844604e-02,-1.034843828529119492e-02,9.150058962404727936e-03,-1.489698421210050583e-02,4.167845007032155991e-03,1.165275182574987411e-02,-1.250022463500499725e-02,-7.455112878233194351e-03,-8.428382687270641327e-03,1.777044683694839478e-02,1.547962147742509842e-02,4.075152799487113953e-03,-3.932803869247436523e-02,1.028222963213920593e-02,2.163704112172126770e-02,6.713574286550283432e-03,-5.303326528519392014e-03,1.680379733443260193e-02,1.041754367179237306e-04,1.266574673354625702e-02,-6.713574286550283432e-03,2.015396393835544586e-02,5.197392310947179794e-03,-1.632709428668022156e-02,-3.972528968006372452e-03,1.584045938216149807e-03,-2.191511914134025574e-02,-6.091211456805467606e-03,1.222876925021409988e-02,-1.304975803941488266e-02,-2.412649430334568024e-02,1.461890712380409241e-02,2.156752161681652069e-03,-1.124887820333242416e-02,-1.426137983798980713e-02,-1.677731424570083618e-02,-9.567174129188060760e-03,2.924774540588259697e-03,-7.469182601198554039e-04,1.785982865840196609e-03,-2.305391058325767517e-02,2.697347290813922882e-02,3.178023174405097961e-02,9.030883200466632843e-03,-2.155759185552597046e-02,1.434869191143661737e-04,-2.900773833971470594e-04,-1.839281059801578522e-02,-3.047260921448469162e-03,-1.710835844278335571e-02,-7.415387779474258423e-03,-2.364978939294815063e-02,-3.211127826943993568e-03,1.114294398576021194e-02,-1.611522585153579712e-02,-2.290825126692652702e-03,6.203766446560621262e-03,-3.119759634137153625e-02,1.994209550321102142e-02,2.107029408216476440e-01,6.183903664350509644e-03,8.282722905278205872e-03,2.846979163587093353e-02,1.229497790336608887e-02,1.112308166921138763e-02,5.204012989997863770e-02,1.762478798627853394e-02,1.567824743688106537e-02,1.418192870914936066e-02,-3.241583704948425293e-02,-1.427462138235569000e-02,-5.041801370680332184e-03,-1.318383147008717060e-03,8.242998272180557251e-03,-5.577430874109268188e-02,-2.276259101927280426e-02,-2.706616558134555817e-02,-1.794259063899517059e-02,3.459410800132900476e-04,1.817432115785777569e-03,-7.845745421946048737e-03,-1.325831632129848003e-03,-7.978162728250026703e-03,3.678562119603157043e-02,1.067948248237371445e-02,-1.189110428094863892e-02,3.495825454592704773e-02,1.910786516964435577e-02,6.058107130229473114e-03,-8.825635537505149841e-03,7.733189966529607773e-03,2.423242852091789246e-02,-1.754533732309937477e-03,2.073660120368003845e-02,-4.644548520445823669e-03,2.823144011199474335e-02,9.097091853618621826e-03,1.245387922972440720e-02,-7.554426323622465134e-03,2.231237106025218964e-02,1.808824948966503143e-02,-1.039478462189435959e-02,3.955977037549018860e-03,1.179841160774230957e-02,1.782341487705707550e-02,-9.878356009721755981e-03,7.659532711841166019e-04,-1.366550009697675705e-02,1.046099327504634857e-02,-2.725154906511306763e-02,2.027645008638501167e-03,2.082929387688636780e-02,2.831089124083518982e-02,-6.458670366555452347e-03,6.501705851405858994e-03,-3.505756845697760582e-03,1.387736853212118149e-02,1.111480523832142353e-03,-2.395435050129890442e-02,-1.659193076193332672e-02,1.867088675498962402e-02,-3.400484845042228699e-02,2.390138432383537292e-02,-1.557231415063142776e-02,4.780276678502559662e-03,-2.055121771991252899e-02,-4.800139460712671280e-03,-8.236377499997615814e-03,-1.366550009697675705e-02,6.914683617651462555e-04,-2.791363745927810669e-02,-2.760907635092735291e-03,1.263926364481449127e-02,9.269234724342823029e-04,-7.044618483632802963e-03,1.271871384233236313e-02,-2.942981896921992302e-03,1.205662637948989868e-02,1.277830172330141068e-02,6.365978159010410309e-03,-7.077722810208797455e-03,1.787638105452060699e-02,-2.240754693048074841e-04,-1.696600927971303463e-03,-1.979643665254116058e-02,3.167429938912391663e-02,5.634370259940624237e-03,-2.349088899791240692e-02,6.508327089250087738e-03,1.222380320541560650e-03,-4.250606149435043335e-02,-1.248698309063911438e-02,-8.991157636046409607e-03,-1.755857840180397034e-02,6.697021890431642532e-03,-1.565176434814929962e-02,2.995286881923675537e-02,-3.952666651457548141e-03,3.265418857336044312e-02,-1.624764502048492432e-02,-1.533396262675523758e-02,1.386412698775529861e-02,1.561203971505165100e-02,3.757350379601120949e-03,-2.019369043409824371e-02,3.016473725438117981e-02,1.921379938721656799e-02,8.726322092115879059e-03,-3.358442336320877075e-03,9.818768128752708435e-03,-1.791610568761825562e-02,1.713153207674622536e-03,6.720195058733224869e-03,5.619804561138153076e-02,4.697515629231929779e-03,-1.387736853212118149e-02,-3.821573033928871155e-02,1.905489899218082428e-02,2.286852523684501648e-02,1.554583106189966202e-02,-2.278907597064971924e-02,5.917412927374243736e-04,1.724077574908733368e-02,-2.309363521635532379e-02,-1.604901812970638275e-02,-3.411078453063964844e-02,1.577094011008739471e-02,1.348673645406961441e-02,-3.890430182218551636e-02,1.407599449157714844e-02,-6.513292319141328335e-04,3.514363989233970642e-02,-1.712159998714923859e-02,-8.673354983329772949e-03,-1.380453817546367645e-03,-6.044865120202302933e-03,-4.624686203896999359e-03,-1.236118655651807785e-02,-8.027819567359983921e-04,1.265250518918037415e-02,3.666313423309475183e-04,9.659866802394390106e-03,6.468601524829864502e-03,6.766541395336389542e-03,-1.056692749261856079e-02,1.286437362432479858e-02,-1.922704093158245087e-02,1.257967576384544373e-02,-3.013825416564941406e-02,-2.854924276471138000e-02,8.686597459018230438e-03,1.316893380135297775e-02,-2.640407718718051910e-02,1.318217627704143524e-02,-8.673354983329772949e-03,-1.661841385066509247e-02,-1.987588778138160706e-02,2.894649654626846313e-02,3.013825416564941406e-02,-4.412155598402023315e-02,4.467771202325820923e-02,2.608627453446388245e-02,-3.408430144190788269e-02,-1.316231302917003632e-02,1.113632321357727051e-02,-1.680115014314651489e-01,3.498474135994911194e-02,1.947863399982452393e-02,-1.512043876573443413e-03,3.085330873727798462e-02,-1.214104238897562027e-03,4.168507084250450134e-02,2.080612117424607277e-03,-7.274693925864994526e-04,1.581066660583019257e-02,5.121252033859491348e-03,1.684186863712966442e-03,-2.101467922329902649e-02,-2.285528369247913361e-02,-1.517506130039691925e-02,1.261940132826566696e-02,-3.201858326792716980e-02,-9.944564662873744965e-03,3.548792749643325806e-02,6.528189405798912048e-03,2.176946029067039490e-02,1.147895352914929390e-03,4.879590123891830444e-03,-2.044528350234031677e-02,3.514363989233970642e-02,1.195069216191768646e-02,-2.117357961833477020e-02,-5.213944707065820694e-03,-5.952172912657260895e-03,-1.772741088643670082e-03,-9.937943890690803528e-03,9.143438190221786499e-03,2.008775621652603149e-02,-1.402302738279104233e-02,9.944564662873744965e-03,9.236129932105541229e-03,-3.805682808160781860e-02,9.414894506335258484e-03,-1.279816497117280960e-02,1.126874051988124847e-02,5.816444754600524902e-03,-1.293720304965972900e-02,2.926429733633995056e-02,1.077879592776298523e-02,1.453490549465641379e-04,2.137220650911331177e-02,2.346440590918064117e-02,-7.332626846618950367e-04,1.496319286525249481e-02,-4.379713442176580429e-03,8.951432071626186371e-03,-3.103869408369064331e-02,-2.015396393835544586e-02,1.688324846327304840e-03,1.976995356380939484e-02,1.245387922972440720e-02,1.148723065853118896e-03,-7.706706412136554718e-03,-1.020940020680427551e-02,-4.462474491447210312e-03,1.105687301605939865e-02,-1.116942800581455231e-02,2.428539469838142395e-02,-1.931973360478878021e-02,1.734670996665954590e-02,-2.592737413942813873e-02,-2.225940488278865814e-02,2.100143767893314362e-02,-2.727803401648998260e-02,2.366303279995918274e-02,-4.030792787671089172e-02,-2.134572342038154602e-02,2.530501037836074829e-02,-6.051485892385244370e-03,2.180918492376804352e-02,1.033519674092531204e-02,1.880330406129360199e-02,1.287761516869068146e-02,2.608627453446388245e-02,1.256643421947956085e-02,-3.434913605451583862e-02,5.095430836081504822e-02,-1.886951364576816559e-02,-4.876279737800359726e-03,1.285113207995891571e-02,9.997531771659851074e-03,-7.276349235326051712e-03,4.939178004860877991e-03,1.087810937315225601e-02,1.291071996092796326e-02,-7.071929285302758217e-04,-1.480429153889417648e-02,-6.140868179500102997e-03,-2.072335965931415558e-02,1.918731629848480225e-02,2.072335965931415558e-02,2.138544805347919464e-02,-2.233885601162910461e-02,1.061327382922172546e-02,-2.363654784858226776e-02,2.065715193748474121e-02,-4.485647659748792648e-03,-3.718287125229835510e-02,2.364978939294815063e-02,2.652325294911861420e-02,-3.515688236802816391e-03,2.767528593540191650e-02,2.484154887497425079e-02,4.634617269039154053e-02,-4.631306976079940796e-03,-1.366550009697675705e-02,-3.065468277782201767e-03,7.375662215054035187e-03,1.673758961260318756e-02,9.633383015170693398e-04,2.656297758221626282e-02,-6.778127863071858883e-04,-1.289747748523950577e-02,1.134819164872169495e-02,-1.766451261937618256e-02,5.640991404652595520e-02,6.723505444824695587e-03,-3.916251473128795624e-03,-1.600391260581091046e-04,-2.150462381541728973e-02,-1.999506354331970215e-02,-1.066226810216903687e-01,-2.906567184254527092e-03,2.174297533929347992e-02,-4.962351173162460327e-03,7.905333302915096283e-03,9.712833911180496216e-03,1.332121435552835464e-02,7.998025044798851013e-03,-1.095093879848718643e-02,3.863284597173333168e-03,-2.636766294017434120e-03,-2.090874500572681427e-02,3.017466980963945389e-03,-2.139868959784507751e-02,4.214191343635320663e-03,-6.124315783381462097e-03,1.344039011746644974e-02,-2.400731854140758514e-02,-1.394357718527317047e-02,3.011177107691764832e-02,-2.639083564281463623e-02,3.694452112540602684e-03,7.448492106050252914e-03,-3.577924519777297974e-02,9.335443377494812012e-03,1.516181975603103638e-02,-3.061495721340179443e-02,-2.034266013652086258e-03,2.738396823406219482e-02,8.097338490188121796e-03,2.227926859632134438e-03,-2.757597249001264572e-03,5.174219142645597458e-03,-8.288516546599566936e-04,-2.159731648862361908e-02,-1.477780845016241074e-02,-2.057770080864429474e-02,-2.486803196370601654e-02,4.637265577912330627e-02,-2.578171342611312866e-02,-6.965167820453643799e-03,-1.702890731394290924e-02,8.435003459453582764e-03,-1.547962147742509842e-02,-4.394610296003520489e-04,1.003891229629516602e-03,-2.794012241065502167e-02,1.437559025362133980e-03,2.719858288764953613e-02,2.361999591812491417e-03,-2.878759428858757019e-02,8.236377499997615814e-03,-3.456100448966026306e-02,-1.963753625750541687e-02,2.425891160964965820e-02,-6.845992058515548706e-03,9.838630445301532745e-03,5.617818329483270645e-03,-2.018044888973236084e-02,-1.675083115696907043e-02,-1.410247851163148880e-02,-6.438807584345340729e-03,-3.648106008768081665e-03,1.436731405556201935e-02,1.116280723363161087e-02,-5.495332181453704834e-03,-8.229755796492099762e-03,-2.195484377443790436e-02,1.583714969456195831e-02,-1.159978471696376801e-02,2.082929387688636780e-02,-1.746257650665938854e-03,-1.868412829935550690e-02,2.576847188174724579e-02,-3.230990469455718994e-02,-2.538694534450769424e-04,-4.627996589988470078e-03,-9.474482387304306030e-03,8.627008646726608276e-03,-3.773902729153633118e-02,6.471911910921335220e-03,-1.757181994616985321e-02,3.238935396075248718e-02,-8.209893479943275452e-03,2.596709877252578735e-02,-3.687831107527017593e-03,3.747419221326708794e-03,7.719948422163724899e-03,2.027313970029354095e-02,-2.215347066521644592e-02,1.419517118483781815e-02,2.934374846518039703e-02,1.033519674092531204e-02,-2.696023136377334595e-02,4.661100916564464569e-03,1.023588329553604126e-02,1.176530681550502777e-02,1.399654429405927658e-02,-8.779289200901985168e-03,7.541184313595294952e-03,-1.525451149791479111e-02,-1.285775285214185715e-02,-6.144178286194801331e-02,3.739473968744277954e-02,-1.397006120532751083e-02,-3.796661912929266691e-04,-4.859727341681718826e-03,-2.598034031689167023e-02,1.006374042481184006e-02,-1.179841160774230957e-02,2.337171230465173721e-03,-1.733346842229366302e-02,-5.667475052177906036e-03,1.596956700086593628e-02,-2.376896562054753304e-03,-1.252670865505933762e-02,3.763971384614706039e-03,-3.453203826211392879e-04,2.921464154496788979e-03,1.043451018631458282e-02,1.732022687792778015e-02,-2.486141165718436241e-03,-1.243401598185300827e-02,1.313582994043827057e-02,-5.895895417779684067e-03,1.154019683599472046e-02,-1.931973360478878021e-02,9.984290227293968201e-03,1.375819277018308640e-02,1.237442810088396072e-02,-1.778368838131427765e-02,-1.299679093062877655e-02,-7.792777847498655319e-03,-2.275928156450390816e-03,5.876032635569572449e-03,6.475222297012805939e-03,1.390385162085294724e-02,-2.073660120368003845e-02,2.839034236967563629e-02,-1.572459441376850009e-04,5.197392310947179794e-03,2.506665885448455811e-02,-5.581403616815805435e-03,-2.621869184076786041e-02,-2.061742544174194336e-02,-5.660853930748999119e-04,1.249691471457481384e-03,-2.295790705829858780e-03,2.151786582544445992e-03,3.490528836846351624e-02,1.020277943462133408e-02,-1.151371374726295471e-02,-1.626254059374332428e-03,3.731529042124748230e-02,1.627412810921669006e-02,-5.008697044104337692e-03,-3.376649692654609680e-03,-6.865854375064373016e-03,3.172726556658744812e-02,-1.157992240041494370e-02,-9.414894506335258484e-03,-4.332705214619636536e-02,2.165028452873229980e-02,9.633382782340049744e-03,-6.478533148765563965e-03,-2.441450254991650581e-03,3.395188227295875549e-02,-1.326162647455930710e-02,2.003478817641735077e-02,1.823390834033489227e-02,-7.700085639953613281e-03,-4.469095263630151749e-03,-1.233470253646373749e-02,-1.432758849114179611e-02,5.425812676548957825e-03,1.180503237992525101e-02,4.876279737800359726e-03,4.237364337313920259e-04,-1.771748065948486328e-02,-3.300509648397564888e-03,-1.851198635995388031e-02,-3.308785613626241684e-03,2.791363745927810669e-02,-1.101714745163917542e-02,-1.196393370628356934e-02,1.358604989945888519e-02,9.097091853618621826e-03,-6.945305038243532181e-03,-3.770592156797647476e-03,-4.131430294364690781e-03,1.263926364481449127e-02,-1.066582699422724545e-04,6.326252594590187073e-03,1.668462157249450684e-02,-7.408767007291316986e-03,-2.048500813543796539e-02,-1.652572117745876312e-02,6.025002803653478622e-04,-1.204338390380144119e-02,4.512131214141845703e-03,7.766294293105602264e-03,1.916083134710788727e-02,-3.985770791769027710e-02,6.879096385091543198e-03,8.249619044363498688e-03,-9.679729118943214417e-03,-1.282464805990457535e-02,2.833737526088953018e-03,-2.485479041934013367e-02,-3.498474135994911194e-02,-1.421834342181682587e-03,2.617896720767021179e-02,-4.902762826532125473e-03,-9.997531305998563766e-04,1.835308410227298737e-02,-3.809076151810586452e-04,-1.334107667207717896e-02,1.471159979701042175e-02,-1.860467903316020966e-02,-1.037492230534553528e-02,-1.229497790336608887e-02,1.864440366625785828e-02,2.008775621652603149e-02,1.779361977241933346e-03,6.591088138520717621e-03,-1.739967800676822662e-02,2.676160447299480438e-02,1.794259063899517059e-02,-3.562862111721187830e-04,5.839617922902107239e-03,-1.590335741639137268e-02,-7.547805551439523697e-03,1.479104999452829361e-02,-1.915090135298669338e-03,-2.910539694130420685e-02,-2.318632788956165314e-02,7.216761354357004166e-03,1.935573382070288062e-04,-7.369041442871093750e-03,3.543496131896972656e-02,1.034843828529119492e-02,5.561540648341178894e-02,6.541431415826082230e-03,-1.257305499166250229e-02,-5.727062933146953583e-03,1.399654429405927658e-02,2.515935152769088745e-02,-9.964426979422569275e-03,1.918731629848480225e-02,-2.584212925285100937e-04,-1.641978695988655090e-02,9.706213138997554779e-03,8.487970568239688873e-03,4.046683013439178467e-02,-2.957879099994897842e-03,-1.987588778138160706e-02,3.581897122785449028e-03,9.659866802394390106e-03,3.083675634115934372e-03,-2.404704317450523376e-02,4.535303916782140732e-03,1.984940469264984131e-02,-3.985770978033542633e-03,1.808824948966503143e-02,-1.708187535405158997e-02,-2.543742768466472626e-02,3.724246053025126457e-03,3.374001383781433105e-02,-2.620545029640197754e-02,6.528189405798912048e-03,-4.091705009341239929e-02,1.386412698775529861e-02,-6.187214050441980362e-03,-1.649923808872699738e-02,-2.556984499096870422e-02,1.599605008959770203e-02,-4.062573239207267761e-02,-8.315827697515487671e-03,-1.708187535405158997e-02,5.948862526565790176e-03,6.481222953880205750e-05,-1.551934704184532166e-02,1.232146099209785461e-02,-1.435407157987356186e-02,-1.257967576384544373e-02,4.308870062232017517e-02,-7.845745421946048737e-03,-7.448492106050252914e-03,-1.284451107494533062e-03,-2.552350051701068878e-03
2.103372011333703995e-03,9.624013677239418030e-03,-3.311891481280326843e-02,-3.218594007194042206e-03,-6.855187006294727325e-03,2.846407517790794373e-02,-1.943529210984706879e-02,1.417853310704231262e-02,1.614480093121528625e-02,-7.129394449293613434e-03,1.415178179740905762e-02,1.060714758932590485e-02,7.858385331928730011e-03,-7.196274586021900177e-03,-1.765628717839717865e-02,-2.636404708027839661e-02,2.208373509347438812e-02,5.119654349982738495e-03,-3.218594007194042206e-03,-1.958242803812026978e-02,-1.101511530578136444e-02,7.015698589384555817e-03,-2.604302391409873962e-02,-4.875542595982551575e-03,-3.628233214840292931e-03,3.718520980328321457e-03,1.769641414284706116e-02,-9.323053993284702301e-03,-7.972081191837787628e-03,-1.716137491166591644e-02,-9.898221120238304138e-03,-1.199156139045953751e-02,-2.675195038318634033e-02,7.557425647974014282e-03,-2.665831707417964935e-02,-1.471357187256217003e-03,2.708634827286005020e-03,6.082724779844284058e-03,1.881999708712100983e-02,9.269550442695617676e-03,1.068740431219339371e-02,-4.544487223029136658e-03,1.161703374236822128e-02,1.247309613972902298e-02,-2.425064146518707275e-02,2.121764002367854118e-03,-1.979644224047660828e-02,-1.413840521126985550e-02,-4.756496474146842957e-02,1.943529210984706879e-02,1.622505672276020050e-02,1.301482319831848145e-02,-1.491421181708574295e-02,3.295840322971343994e-02,-1.719021820463240147e-04,-1.033962890505790710e-02,8.226224221289157867e-03,3.178131580352783203e-02,-2.867808938026428223e-02,-9.617325849831104279e-03,3.497817320749163628e-03,9.048846550285816193e-03,-1.376387849450111389e-02,1.337597519159317017e-02,-1.245637657120823860e-03,-1.619830541312694550e-02,-1.340941432863473892e-02,2.038164064288139343e-03,-1.484733168035745621e-02,8.886663126759231091e-04,5.655362084507942200e-02,2.471880055963993073e-02,-1.317533478140830994e-02,-1.978306658565998077e-02,1.367024611681699753e-02,-3.905784711241722107e-02,2.343470789492130280e-02,-7.149458397179841995e-03,-1.344954222440719604e-02,-6.189732346683740616e-03,3.491129493340849876e-03,-1.661296002566814423e-02,-1.980981789529323578e-02,1.432901248335838318e-03,1.963593065738677979e-02,-1.094154734164476395e-02,1.859260490164160728e-03,2.043849043548107147e-02,-2.481243340298533440e-03,-2.937364019453525543e-02,2.517358399927616119e-02,3.574060648679733276e-02,5.688133183866739273e-03,-7.751377299427986145e-03,2.681883051991462708e-03,-5.015990696847438812e-03,-1.321546267718076706e-02,1.702761650085449219e-02,-4.965830594301223755e-03,-1.416515745222568512e-02,-6.286708172410726547e-03,-1.615984947420656681e-03,-2.536084875464439392e-02,-6.066213609301485121e-05,-2.364872395992279053e-02,-2.671182155609130859e-02,-4.521079361438751221e-03,-7.450418081134557724e-03,2.731374092400074005e-02,-1.873974129557609558e-02,-2.713650930672883987e-03,3.151379525661468506e-02,-1.092148385941982269e-02,-3.988715633749961853e-02,-3.561353310942649841e-03,-2.207035757601261139e-02,6.273332051932811737e-03,-3.327942639589309692e-02,2.162895165383815765e-02,-2.302005328238010406e-02,-3.942568786442279816e-03,3.472403064370155334e-02,1.251991279423236847e-02,-1.008548494428396225e-02,1.339603867381811142e-02,2.733714878559112549e-03,-3.084499761462211609e-02,-2.086652070283889771e-02,-2.680545300245285034e-02,5.233350209891796112e-03,1.140301860868930817e-02,-7.764753419905900955e-03,2.347483672201633453e-02,1.187117770314216614e-02,2.735804882831871510e-04,2.314043603837490082e-02,-1.737539097666740417e-02,-1.337597519159317017e-02,-5.233350209891796112e-03,-1.821807771921157837e-02,1.808431744575500488e-02,7.202962413430213928e-03,-9.221062646247446537e-04,2.293979749083518982e-03,-4.741783253848552704e-03,2.613665536046028137e-02,1.800740603357553482e-03,2.390286698937416077e-02,-3.474409459158778191e-03,-1.500784419476985931e-02,1.627856120467185974e-02,-1.471357233822345734e-02,4.601335525512695312e-02,-1.694736070930957794e-02,-1.333417487330734730e-03,1.991682685911655426e-02,-9.135791100561618805e-03,2.089327201247215271e-02,-3.691769018769264221e-02,-1.900725997984409332e-02,-1.081447582691907883e-02,1.240621693432331085e-02,3.247686848044395447e-02,-1.408490166068077087e-02,1.365018263459205627e-02,2.683220617473125458e-02,-5.106278229504823685e-03,-4.394007846713066101e-03,-2.462851349264383316e-03,4.878050822298973799e-04,6.387027911841869354e-03,1.211194507777690887e-02,-2.400987409055233002e-02,5.510901566594839096e-03,-1.308839116245508194e-02,3.020295128226280212e-02,7.470482029020786285e-03,-5.066150333732366562e-04,-2.379585988819599152e-02,1.698748767375946045e-02,-8.614127524197101593e-03,-8.313168771564960480e-03,3.812152892351150513e-02,2.069263346493244171e-02,3.345665754750370979e-03,-1.416515745222568512e-02,1.997033134102821350e-02,1.610467396676540375e-02,6.868563126772642136e-03,-1.449955627322196960e-02,1.163041032850742340e-02,2.005058713257312775e-02,-3.451001644134521484e-02,-1.440592482686042786e-02,-6.373384594917297363e-01,-2.808954752981662750e-02,-6.370307877659797668e-03,-8.573999628424644470e-03,1.153677795082330704e-02,1.315025496296584606e-03,6.922067143023014069e-03,1.006542146205902100e-02,-1.871298812329769135e-02,-1.429891679435968399e-02,-9.904908947646617889e-03,1.797731034457683563e-02,-1.107697957195341587e-03,-3.604825120419263840e-03,-8.881647139787673950e-03,-1.594416238367557526e-02,3.882376709952950478e-03,-9.423374198377132416e-03,1.132276281714439392e-02,-7.657745387405157089e-03,-9.142478927969932556e-03,4.725063219666481018e-03,1.295463182032108307e-02,-2.009071409702301025e-02,2.324744500219821930e-02,-4.253560211509466171e-03,2.410350739955902100e-02,-1.011892501264810562e-02,-1.066733989864587784e-02,1.653270423412322998e-02,-2.905261702835559845e-02,4.930384457111358643e-02,9.436749853193759918e-03,3.063098154962062836e-02,5.403893813490867615e-02,-1.264865626581013203e-03,-2.572199888527393341e-02,4.232158511877059937e-02,1.809769310057163239e-02,1.807094179093837738e-02,-1.528873946517705917e-02,-3.036346286535263062e-02,1.912764459848403931e-02,-1.518173143267631531e-02,-2.830356359481811523e-02,1.480720378458499908e-02,1.326896715909242630e-02,-2.153531881049275398e-03,2.524715149775147438e-03,-1.334253512322902679e-02,5.898804869502782822e-03,-1.677347160875797272e-02,-2.487931400537490845e-02,1.143645867705345154e-02,2.071604132652282715e-03,1.415178179740905762e-02,1.638556830585002899e-02,-2.339457906782627106e-02,1.243965700268745422e-03,4.561207257211208344e-03,-4.422431811690330505e-04,2.094677649438381195e-02,-1.328903064131736755e-02,-3.410873468965291977e-03,-2.519699279218912125e-03,-6.517443805932998657e-03,9.483566507697105408e-03,3.630239516496658325e-02,-6.343556102365255356e-03,-9.436749853193759918e-03,-6.350243929773569107e-03,-1.104855537414550781e-02,-8.560623973608016968e-03,-6.734803318977355957e-03,-4.721719305962324142e-03,-1.062721200287342072e-02,1.345623098313808441e-02,4.591303411871194839e-03,-8.353296667337417603e-03,6.039252504706382751e-03,1.270048785954713821e-02,-1.064058765769004822e-02,-1.643907278776168823e-02,-6.246580276638269424e-03,3.100550919771194458e-02,-2.522708848118782043e-02,-3.306540846824645996e-02,-6.216484121978282928e-03,1.674672029912471771e-02,-8.099152706563472748e-03,-1.143645867705345154e-02,-9.470189921557903290e-03,-5.831925198435783386e-03,-1.623843424022197723e-02,2.188309468328952789e-02,-9.973461274057626724e-04,1.245637657120823860e-03,2.104040794074535370e-02,1.659958437085151672e-02,-3.792088944464921951e-03,1.692060753703117371e-02,-2.244488522410392761e-02,1.534224301576614380e-02,9.513662080280482769e-04,-2.203691750764846802e-03,2.407675422728061676e-02,-1.534224301576614380e-02,-4.708343185484409332e-03,2.958765625953674316e-02,-5.032041668891906738e-02,-5.092902574688196182e-03,1.796393468976020813e-02,7.243090309202671051e-03,-1.192468125373125076e-02,-2.941042417660355568e-03,-2.612327970564365387e-02,4.052920266985893250e-03,9.182606823742389679e-03,2.432755427435040474e-03,-3.242336213588714600e-02,2.108053676784038544e-02,-8.359984494745731354e-03,-6.350243929773569107e-03,-3.138003870844841003e-02,1.728175953030586243e-02,4.339166358113288879e-02,-1.427216548472642899e-02,-3.092525340616703033e-02,-2.105378359556198120e-02,-2.307355590164661407e-02,1.712124794721603394e-02,-1.583715341985225677e-02,1.067402772605419159e-02,1.023930869996547699e-02,4.272286221385002136e-02,3.099882276728749275e-03,1.585053047165274620e-03,8.139280602335929871e-03,2.998893521726131439e-02,-1.468682009726762772e-02,-1.967605948448181152e-02,5.514245480298995972e-03,1.633206568658351898e-02,1.780676655471324921e-03,-1.562313828617334366e-02,-4.775223135948181152e-02,-1.770978979766368866e-02,-1.516835577785968781e-02,-2.637742273509502411e-02,-6.624451372772455215e-03,8.640879765152931213e-03,-1.009217277169227600e-02,-4.143876954913139343e-02,-1.321922463830560446e-04,7.249778136610984802e-03,9.630701970309019089e-04,-1.081447582691907883e-02,2.736724540591239929e-02,-1.300813537091016769e-02,-2.779527567327022552e-02,1.056033186614513397e-02,-9.938349016010761261e-03,7.069202605634927750e-03,-2.419713884592056274e-02,1.053358055651187897e-02,-6.580979563295841217e-03,1.804419048130512238e-02,1.179802784463390708e-04,1.334922295063734055e-02,-2.023785002529621124e-02,-1.033294014632701874e-02,-2.115075942128896713e-03,-3.250361979007720947e-02,1.516835577785968781e-02,3.269088268280029297e-02,9.563821949996054173e-04,-1.321546267718076706e-02,-1.429557334631681442e-03,7.806135545251891017e-05,2.557486295700073242e-02,4.156584385782480240e-03,3.631577128544449806e-03,-5.655362084507942200e-02,-1.658620871603488922e-02,-5.584469530731439590e-03,-5.795141216367483139e-03,-1.397789362818002701e-02,1.047338824719190598e-02,1.797731034457683563e-02,-2.728698775172233582e-03,-2.792903594672679901e-02,-7.182898465543985367e-03,2.830356359481811523e-02,-2.026460133492946625e-02,-4.888918716460466385e-03,1.245303265750408173e-02,1.073422026820480824e-03,2.011746540665626526e-02,9.610638022422790527e-03,3.544633463025093079e-02,-8.440240286290645599e-03,1.260267599718645215e-04,6.880601495504379272e-02,-3.509855642914772034e-02,2.116079255938529968e-02,-3.643615543842315674e-02,1.844546943902969360e-02,-1.439254917204380035e-02,8.440240286290645599e-03,-1.669321581721305847e-02,-2.798253856599330902e-02,-5.042742565274238586e-02,-2.005058713257312775e-02,2.359521947801113129e-02,3.872762608807533979e-04,3.507180511951446533e-02,-8.446928113698959351e-03,3.405523300170898438e-02,1.728844712488353252e-03,-1.599766500294208527e-02,3.306540846824645996e-02,-8.577344124205410480e-04,5.002614576369524002e-03,-5.885428749024868011e-03,-4.002091661095619202e-02,-4.524423275142908096e-03,1.984994672238826752e-02,2.368885092437267303e-02,4.838759079575538635e-03,2.936444361694157124e-04,-3.111586207523941994e-03,-1.231258455663919449e-02,-1.371037401258945465e-02,8.092464879155158997e-03,-2.071938477456569672e-02,7.189586292952299118e-03,2.977826399728655815e-03,-2.703284472227096558e-02,-6.437188130803406239e-04,1.352979894727468491e-02,2.625703811645507812e-02,2.068260218948125839e-03,-5.748325027525424957e-03,-1.115221879445016384e-03,-2.382595557719469070e-03,8.527183905243873596e-03,1.797731034457683563e-02,1.392439007759094238e-02,2.437771297991275787e-03,7.744689472019672394e-03,2.188309468328952789e-02,8.888334967195987701e-03,-2.037161029875278473e-02,-2.233787812292575836e-02,1.392439007759094238e-02,-1.177085749804973602e-02,3.376096114516258240e-02,-4.390663933008909225e-03,2.512008138000965118e-02,3.116602078080177307e-02,-2.083308063447475433e-03,-6.346900016069412231e-03,8.406800217926502228e-03,-1.205844152718782425e-02,3.862981498241424561e-02,-3.906202618964016438e-04,1.503459550440311432e-02,-1.075428351759910583e-02,-1.811107061803340912e-02,-8.246288634836673737e-03,1.031956449151039124e-02,2.245826087892055511e-02,8.279728703200817108e-03,2.074948046356439590e-03,-5.714049329981207848e-04,-1.084289979189634323e-03,-1.389763783663511276e-02,6.089412607252597809e-03,2.558824047446250916e-02,-1.558301039040088654e-02,-2.343470789492130280e-02,-1.728175953030586243e-02,1.605116948485374451e-02,5.530965514481067657e-03,1.924468320794403553e-03,2.920978469774127007e-03,-2.873159386217594147e-02,1.621168106794357300e-02,-4.654839262366294861e-02,9.175918996334075928e-03,-3.651641076430678368e-03,2.465192228555679321e-02,9.015407413244247437e-03,-1.316195912659168243e-02,-8.694383315742015839e-03,-1.532886736094951630e-02,2.217736653983592987e-02,-9.817965328693389893e-03,2.439777739346027374e-02,-9.777837432920932770e-03,9.503629989922046661e-03,1.330073457211256027e-03,7.537361700087785721e-03,5.433989688754081726e-03,4.023493081331253052e-02,8.065712638199329376e-03,-4.089704249054193497e-03,-3.678392968140542507e-04,-6.714739371091127396e-03,-3.785400837659835815e-02,-2.082639187574386597e-02,-9.035470895469188690e-03,4.785255063325166702e-03,2.872490556910634041e-03,-6.624451372772455215e-03,-7.570801768451929092e-03,-2.463854476809501648e-02,1.548937894403934479e-02,2.758125960826873779e-02,8.961902931332588196e-04,1.221895311027765274e-02,-3.694444149732589722e-02,-9.490254335105419159e-03,1.019249297678470612e-02,1.049746498465538025e-01,1.579702645540237427e-02,-2.687233313918113708e-02,2.507995255291461945e-02,1.161034591495990753e-02,2.351496368646621704e-02,9.396621957421302795e-03,-7.062514778226613998e-03,-7.181226392276585102e-04,-2.956090494990348816e-02,6.136228330433368683e-03,-9.864781051874160767e-03,1.461994089186191559e-02,5.464085843414068222e-03,-4.129832144826650620e-03,1.389763783663511276e-02,-5.189878400415182114e-03,-1.225908100605010986e-02,5.072838626801967621e-03,-1.035300455987453461e-02,-2.188309468328952789e-02,-3.912472631782293320e-03,9.958413429558277130e-03,1.653270423412322998e-02,1.126089831814169884e-03,-9.082286618649959564e-03,2.126779966056346893e-02,1.958242803812026978e-02,9.597262367606163025e-03,-2.296654880046844482e-02,2.074613608419895172e-02,2.138818427920341492e-02,-1.713462360203266144e-02,1.657283306121826172e-02,-1.111543551087379456e-02,2.374235540628433228e-03,1.960917934775352478e-02,1.567664183676242828e-02,8.714447729289531708e-03,9.891533292829990387e-03,5.260101985186338425e-03,2.561499178409576416e-02,1.669321581721305847e-02,-9.557134471833705902e-03,5.337013863027095795e-03,3.121618181467056274e-03,6.922067143023014069e-03,5.076182540506124496e-03,-3.584761172533035278e-02,-1.697411201894283295e-02,3.047046996653079987e-02,-1.665308885276317596e-02,-1.886012405157089233e-02,-3.084499761462211609e-02,4.985894542187452316e-03,-1.551613118499517441e-02,1.810772577300667763e-03,-1.126925833523273468e-02,-5.226662382483482361e-03,2.648442983627319336e-02,-2.720673196017742157e-02,-1.092148385941982269e-02,1.585053093731403351e-02,1.570841064676642418e-03,-3.448326140642166138e-02,-1.148661831393837929e-03,-5.460741929709911346e-03,-3.942568786442279816e-03,-1.173072960227727890e-02,-1.542417099699378014e-03,-2.275253273546695709e-02,2.399315591901540756e-03,2.693586982786655426e-03,1.221226528286933899e-02,2.487931400537490845e-02,7.604241836816072464e-03,3.903109580278396606e-02,5.484149791300296783e-03,-2.449475461617112160e-03,6.152948364615440369e-03,-2.705290913581848145e-03,-3.785400884225964546e-03,-3.551321336999535561e-03,-9.129103273153305054e-03,-2.937698503956198692e-03,3.389472141861915588e-02,-1.946204341948032379e-02,-1.472694799304008484e-02,-3.164755553007125854e-02,3.965976648032665253e-03,-1.747236703522503376e-03,3.069786122068762779e-03,2.977491915225982666e-02,1.427216548472642899e-02,-9.904908947646617889e-03,1.999708125367760658e-03,2.623028680682182312e-02,1.483395602554082870e-02,-2.090664952993392944e-02,-7.697873283177614212e-03,-2.720673196017742157e-02,-1.207181718200445175e-02,9.537070058286190033e-03,5.527621600776910782e-03,4.274961724877357483e-02,-8.707759901881217957e-03,1.615817844867706299e-02,2.067925781011581421e-02,-1.274061575531959534e-02,4.022824577987194061e-03,1.484733168035745621e-02,-1.617155410349369049e-02,-2.152194269001483917e-02,-2.403662726283073425e-02,-1.742889545857906342e-02,-7.804881315678358078e-03,-3.484441433101892471e-03,5.449372157454490662e-02,3.009594278410077095e-03,-1.028612442314624786e-02,4.842102993279695511e-03,-2.259202115237712860e-02,4.028843715786933899e-02,-3.527913475409150124e-03,-3.528582304716110229e-02,-1.617155410349369049e-02,1.341610308736562729e-02,-2.540097571909427643e-02,7.651057559996843338e-03,7.248106412589550018e-04,-1.278074365109205246e-02,4.165278375148773193e-02,1.350973453372716904e-02,-5.938932765275239944e-03,-1.877986826002597809e-02,-1.690723188221454620e-02,2.268899697810411453e-03,-1.135620288550853729e-02,-7.457105908542871475e-03,1.840534061193466187e-02,-4.775222856551408768e-03,-1.717475242912769318e-02,-1.364349387586116791e-02,-2.926663309335708618e-02,-3.959288448095321655e-02,-2.980167232453823090e-02,9.042158722877502441e-03,-6.055972538888454437e-03,1.641232147812843323e-02,1.630531251430511475e-02,-1.108199544250965118e-02,1.076097134500741959e-02,-1.955567486584186554e-02,3.848936641588807106e-03,-1.340941432863473892e-02,1.949548372067511082e-03,7.938641123473644257e-03,2.661819104105234146e-03,2.913287281990051270e-02,2.993543073534965515e-02,3.857631236314773560e-02,1.506134774535894394e-02,1.009050058200955391e-03,2.042511291801929474e-02,-4.855478648096323013e-03,3.892408683896064758e-03,-2.014421857893466949e-02,-1.142308209091424942e-02,-3.485779091715812683e-02,2.312706038355827332e-02,2.344808354973793030e-02,3.047046996653079987e-02,1.403139717876911163e-02,8.172720670700073242e-03,1.201831363141536713e-02,1.368362270295619965e-02,1.220557745546102524e-02,-8.105840533971786499e-03,-1.601104252040386200e-02,-2.921312861144542694e-02,-2.538760006427764893e-02,-1.700086332857608795e-02,6.186388432979583740e-03,-2.755450829863548279e-02,-9.911597706377506256e-03,-3.425503673497587442e-04,2.367547526955604553e-02,-3.322257660329341888e-03,-2.121764002367854118e-03,4.591303411871194839e-03,2.648442983627319336e-02,-2.427739463746547699e-02,4.355217516422271729e-02,-2.540097571909427643e-02,3.555333986878395081e-02,3.320585703477263451e-03,1.964930631220340729e-02,3.685081144794821739e-03,5.551029462367296219e-03,2.438440173864364624e-02,8.487056009471416473e-03,2.409012988209724426e-02,-1.918114721775054932e-02,-2.085314504802227020e-02,-2.128117531538009644e-02,2.964450512081384659e-03,-8.000505040399730206e-04,-1.353648677468299866e-02,-8.299792185425758362e-03,1.022426062263548374e-03,-2.657806128263473511e-02,-6.423811893910169601e-03,-2.810626756399869919e-03,-1.642569713294506073e-02,1.347629446536302567e-02,-8.306480012834072113e-03,-1.392439007759094238e-02,2.013084292411804199e-02,-2.830356359481811523e-02,-1.684035174548625946e-02,-7.657745736651122570e-04,-2.650114940479397774e-03,2.128117531538009644e-02,-1.412502955645322800e-02,2.517358399927616119e-02,1.225908100605010986e-02,1.601104252040386200e-02,-1.944866776466369629e-02,1.113549922592937946e-03,7.075890898704528809e-03,2.088324166834354401e-03,1.342947874218225479e-02,2.306018024682998657e-02,-2.149519138038158417e-02,-1.284302561543881893e-04,1.110205892473459244e-02,1.662633754312992096e-02,-6.450563669204711914e-03,-4.071646556258201599e-02,3.881707787513732910e-02,-5.170127769815735519e-05,-9.971789084374904633e-03,-2.347483672201633453e-02,-1.039982028305530548e-02,-1.833846233785152435e-02,-5.648005288094282150e-03,-1.452630851417779922e-02,1.975631527602672577e-02,-4.992582835257053375e-03,-2.192322351038455963e-02,-2.964116074144840240e-02,2.606977522373199463e-02,-3.595462068915367126e-02,2.655130997300148010e-02,-1.124250702559947968e-02,-3.574060648679733276e-02,1.780676655471324921e-03,2.884194487705826759e-03,-2.116079255938529968e-02,1.495433971285820007e-02,-2.030473016202449799e-02,6.169668398797512054e-03,-1.455306075513362885e-02,1.566661056131124496e-03,6.567603442817926407e-03,-1.651932834647595882e-03,-2.546785585582256317e-02,-1.236608903855085373e-02,4.838759079575538635e-03,2.703284472227096558e-02,-1.617155410349369049e-02,-1.438753330148756504e-03,-1.564153004437685013e-03,3.352019190788269043e-02,1.405522343702614307e-04,2.368885092437267303e-02,-1.777332625351846218e-03,-1.702761650085449219e-02,-3.293164819478988647e-02,1.361674256622791290e-02,1.274730358272790909e-02,1.320877484977245331e-02,-8.179408498108386993e-03,6.681299302726984024e-03,-4.838759079575538635e-03,-2.727361209690570831e-02,-3.049722174182534218e-03,8.600751869380474091e-03,2.354171499609947205e-02,-1.898050867021083832e-02,-4.411396384239196777e-02,1.874308451078832150e-03,-2.184296771883964539e-02,2.303342893719673157e-02,-4.372271650936454535e-04,-2.990867942571640015e-02,1.104353927075862885e-03,2.926663309335708618e-02,-3.451001644134521484e-02,2.256526984274387360e-02,-1.888687722384929657e-02,-7.289906498044729233e-03,-2.117416821420192719e-02,1.340272650122642517e-02,9.610638022422790527e-03,-1.868623681366443634e-02,3.271763399243354797e-02,-3.162080422043800354e-02,-3.285139426589012146e-02,1.437917258590459824e-02,-1.011892501264810562e-02,2.354171499609947205e-02,1.550275459885597229e-02,-1.437917258590459824e-02,8.640879765152931213e-03,-1.174410618841648102e-02,1.459318865090608597e-02,-9.015407413244247437e-03,-2.950740046799182892e-02,3.558009117841720581e-02,-1.153677795082330704e-02,1.377725414931774139e-02,1.361674256622791290e-02,-3.105901367962360382e-02,7.189586292952299118e-03,2.360859513282775879e-02,-8.777983603067696095e-04,7.557425647974014282e-03,-1.566326618194580078e-02,-1.367693394422531128e-02,1.105524320155382156e-02,1.631869003176689148e-02,-1.039982028305530548e-02,-3.266413137316703796e-02,-2.523043192923069000e-03,6.698019336909055710e-03,1.432901248335838318e-03,-7.129394449293613434e-03,-6.948818918317556381e-03,-2.620353549718856812e-02,1.641232147812843323e-02,3.514537354931235313e-03,1.599766500294208527e-02,8.206160739064216614e-03,-8.741199970245361328e-03,7.169522345066070557e-03,9.797901147976517677e-04,-6.667923647910356522e-03,-1.583715341985225677e-02,-4.454199597239494324e-02,-1.611804962158203125e-02,2.585575915873050690e-02,1.336259860545396805e-02,-3.111251816153526306e-02,-2.148515923181548715e-04,-1.412502955645322800e-02,-4.074322059750556946e-02,-2.120092045515775681e-03,-9.557134471833705902e-03,-2.290635602548718452e-03,1.209188159555196762e-02,2.972810296341776848e-03,4.658183082938194275e-03,2.245826087892055511e-02,1.109537109732627869e-02,-1.562313828617334366e-02,-2.557486295700073242e-02,-1.839196495711803436e-02,-3.972664475440979004e-03,-4.093048349022865295e-02,1.090141944587230682e-03,-1.072753220796585083e-02,-1.392439007759094238e-02,5.009302403777837753e-03,1.061383634805679321e-02,-1.238615252077579498e-02,-3.842248814180493355e-03,2.303342893719673157e-02,-4.989238455891609192e-03,6.286708172410726547e-03,-1.718812808394432068e-02,3.499155119061470032e-02,9.490254335105419159e-03,-1.001191698014736176e-02,-2.235125377774238586e-02,1.489122223574668169e-04,-2.068260218948125839e-03,1.214538514614105225e-02,8.186096325516700745e-03,-5.393192917108535767e-02,3.211905946955084801e-03,1.292119175195693970e-02,-1.129601057618856430e-02,-4.370599985122680664e-03,1.887349970638751984e-02,2.785546705126762390e-03,1.092148385941982269e-02,-1.923465169966220856e-02,2.113403938710689545e-02,2.815642626956105232e-03,-1.844546943902969360e-02,-6.229860242456197739e-03,-1.200493704527616501e-02,-2.589588798582553864e-02,9.624013677239418030e-03,-7.390226237475872040e-04,-6.654547527432441711e-03,-1.788367889821529388e-02,-3.892408683896064758e-03,-1.519510708749294281e-02,-9.470189921557903290e-03,-1.642569713294506073e-02,-3.701800946146249771e-03,-1.693398505449295044e-02,1.582377776503562927e-02,-3.320585703477263451e-03,-1.367693394422531128e-02,-3.001568838953971863e-02,2.766151539981365204e-02,3.135328367352485657e-02,2.083976939320564270e-02,-2.709972485899925232e-02,-1.496771536767482758e-02,5.510901566594839096e-03,-1.545552077004685998e-04,-3.812152892351150513e-03,-3.525906801223754883e-02,-1.470019668340682983e-02,-1.391101349145174026e-02,5.969028570689260960e-04,4.688279237598180771e-03,-1.639894582331180573e-02,6.935442797839641571e-03,7.202962413430213928e-03,-8.553936146199703217e-03,6.236548069864511490e-03,1.744227111339569092e-01,-6.988946814090013504e-03,2.208707854151725769e-03,7.162834517657756805e-03,5.888773128390312195e-03,1.886012405157089233e-02,4.232158511877059937e-02,7.972081191837787628e-03,4.761847201734781265e-03,1.804419048130512238e-02,-2.395637147128582001e-02,3.377433749847114086e-04,-1.256004069000482559e-02,9.369870647788047791e-03,1.535561867058277130e-02,-3.919160738587379456e-02,-2.934688888490200043e-02,-1.437917258590459824e-02,-4.149227216839790344e-02,-7.891825400292873383e-03,1.464669220149517059e-02,1.140970643609762192e-02,-1.578365080058574677e-02,-1.315527129918336868e-02,3.761324286460876465e-02,-5.199910374358296394e-04,-2.094677649438381195e-02,2.483918517827987671e-02,1.910089142620563507e-02,-1.507472340017557144e-02,-1.104855537414550781e-02,3.581417258828878403e-03,1.230589672923088074e-02,-9.403310716152191162e-03,9.824653156101703644e-03,-1.730851083993911743e-02,2.104040794074535370e-02,1.860598102211952209e-02,5.554373376071453094e-03,-5.005958490073680878e-03,2.899911254644393921e-02,-4.169960040599107742e-03,-1.056033186614513397e-02,9.169231168925762177e-03,7.042450830340385437e-03,3.097875788807868958e-02,-6.307607982307672501e-04,-9.923301404342055321e-04,-1.543587539345026016e-02,1.203837711364030838e-02,-2.639079838991165161e-02,-1.000522915273904800e-02,5.155100673437118530e-02,4.119800403714179993e-02,2.191987819969654083e-03,-9.717646054923534393e-03,-8.552264189347624779e-04,1.400464586913585663e-02,-1.274061575531959534e-02,-2.298995619639754295e-03,-2.375573106110095978e-02,1.974293962121009827e-02,-1.666646450757980347e-02,2.956090494990348816e-02,-1.336259860545396805e-02,9.984955977415665984e-05,-3.138003870844841003e-02,-1.803081482648849487e-02,-1.548937894403934479e-02,-2.619015797972679138e-02,-1.032625231891870499e-02,-2.344808354973793030e-02,-2.336782775819301605e-02,6.441368022933602333e-04,-5.012646783143281937e-03,-1.040650811046361923e-02,2.752775698900222778e-02,-3.183481981977820396e-03,-6.497379858046770096e-03,3.038018243387341499e-03,1.466006878763437271e-02,-7.738001644611358643e-03,7.617617491632699966e-03,1.256672851741313934e-02,6.019188731443136930e-05,-2.697934210300445557e-02,2.074613608419895172e-02,1.144314650446176529e-02,-3.159405291080474854e-02,4.387319553643465042e-03,9.664141573011875153e-03,-2.648442983627319336e-02,-2.038498595356941223e-02,-8.132592774927616119e-03,-2.200347837060689926e-03,1.007879711687564850e-02,1.174577773781493306e-04,1.940853893756866455e-02,-1.099505089223384857e-02,1.400464586913585663e-02,-1.261354424059391022e-02,-9.182606823742389679e-03,1.173072960227727890e-02,9.155854582786560059e-03,-8.620815351605415344e-03,2.892554504796862602e-03,1.968943513929843903e-02,5.969028919935226440e-03,2.491944096982479095e-02,-1.003866922110319138e-02,1.342947874218225479e-02,-2.827681042253971100e-02,-2.190315863117575645e-03,-6.764899473637342453e-03,3.143354132771492004e-02,9.221062646247446537e-04,-2.415701001882553101e-02,-3.670367598533630371e-02,7.784817367792129517e-03,1.189792994409799576e-02,1.165716163814067841e-02,-2.283278852701187134e-02,7.824945263564586639e-03,2.172258310019969940e-02,-2.252514101564884186e-02,-3.905784571543335915e-03,-3.579410910606384277e-02,1.547600328922271729e-02,2.177608758211135864e-02,-3.975339606404304504e-02,3.517881268635392189e-03,1.015236508101224899e-02,3.116602078080177307e-02,-2.165235811844468117e-03,1.516835577785968781e-02,-1.852572546340525150e-03,-9.777837432920932770e-03,-7.671121507883071899e-03,-5.153094418346881866e-03,2.645099069923162460e-03,1.350973453372716904e-02,-4.591303411871194839e-03,2.075951360166072845e-02,1.189124118536710739e-02,4.985894542187452316e-03,-7.885137572884559631e-03,-1.377725391648709774e-03,-2.113403938710689545e-02,-1.032458036206662655e-03,-1.069409213960170746e-02,-2.213723771274089813e-02,1.152841839939355850e-03,6.868563126772642136e-03,-1.968943513929843903e-02,4.019480664283037186e-03,1.852572546340525150e-03,2.083308063447475433e-03,-3.695113118737936020e-03,2.355509251356124878e-02,2.374235540628433228e-02,-3.584761172533035278e-02,2.800929173827171326e-02,2.672519721090793610e-02,-2.090664952993392944e-02,-1.000522915273904800e-02,1.215207297354936600e-02,-1.693933457136154175e-01,2.668507024645805359e-02,2.338120341300964355e-02,-1.152005861513316631e-03,4.417415708303451538e-03,2.316718921065330505e-02,3.405523300170898438e-02,-9.938349016010761261e-03,-5.584469530731439590e-03,1.829833351075649261e-02,8.513808250427246094e-03,9.924973361194133759e-03,-2.047861739993095398e-02,-1.311514340341091156e-02,-4.220120143145322800e-03,-9.254763426724821329e-06,-1.428554113954305649e-02,-3.559263423085212708e-04,3.076474182307720184e-02,8.975279517471790314e-03,1.975631527602672577e-02,3.949256613850593567e-03,1.458817278034985065e-03,-7.350098341703414917e-03,3.335968032479286194e-02,2.951074391603469849e-03,-1.423203758895397186e-02,2.738730749115347862e-03,-6.821746937930583954e-04,-7.911888882517814636e-03,-2.046524081379175186e-03,-2.675194991752505302e-03,3.167430683970451355e-02,-2.229774929583072662e-02,8.513808250427246094e-03,-1.506134774535894394e-02,-2.470542490482330322e-02,1.746902242302894592e-02,-9.677518159151077271e-03,-4.527454075287096202e-05,1.006542146205902100e-02,-1.348967105150222778e-02,3.568710014224052429e-02,2.557486295700073242e-02,1.006542146205902100e-02,2.161557599902153015e-02,2.605639956891536713e-02,-2.273915708065032959e-02,1.460656430572271347e-02,-3.263738006353378296e-02,6.888627074658870697e-03,-3.707820177078247070e-02,-9.323053993284702301e-03,5.594501271843910217e-03,1.637219265103340149e-02,8.326544426381587982e-03,-2.777186688035726547e-03,8.306480012834072113e-03,-1.253328844904899597e-02,2.790562808513641357e-03,-3.945912467315793037e-04,-4.136520437896251678e-03,2.779527567327022552e-02,-3.202208504080772400e-02,3.659666702151298523e-02,-2.659143880009651184e-02,-3.416223824024200439e-02,-1.126257050782442093e-02,-1.491421181708574295e-02,3.590111806988716125e-02,-3.239661082625389099e-02,-1.264698430895805359e-02,1.461994089186191559e-02,-1.471357233822345734e-02,2.628379128873348236e-02,1.987669803202152252e-02,-6.410435773432254791e-03,6.320148240774869919e-03,2.510670386254787445e-02,1.258010417222976685e-02,-1.567664183676242828e-02,2.881184965372085571e-02,-9.891533292829990387e-03,-3.933372499886900187e-04,6.186388432979583740e-03,1.066065207123756409e-02,-3.119946224614977837e-03,1.732188742607831955e-03,-5.430645775049924850e-03,1.242628041654825211e-02,-2.114031085511669517e-04,-2.190984599292278290e-02,-1.761615835130214691e-02,-1.896713301539421082e-02,1.659958437085151672e-02,1.855247654020786285e-02,2.065250463783740997e-02,-1.320208702236413956e-02,1.224570535123348236e-02,-2.363534830510616302e-02,1.013898849487304688e-02,-5.828580819070339203e-03,-1.857922971248626709e-02,1.994357816874980927e-02,2.359521947801113129e-02,-2.153532020747661591e-02,1.647920161485671997e-02,1.749577559530735016e-02,2.485256083309650421e-02,-2.915962599217891693e-02,-1.176416967064142227e-02,2.038164064288139343e-03,-1.605116995051503181e-03,2.843732200562953949e-02,-3.802120918408036232e-03,2.609652653336524963e-02,1.717475242912769318e-02,-2.532071992754936218e-02,2.390286698937416077e-02,-1.182436197996139526e-02,4.989238455891609192e-02,8.888334967195987701e-03,-1.544925104826688766e-02,2.137480862438678741e-02,-2.140155993402004242e-02,-1.239952910691499710e-02,-1.136422827839851379e-01,9.002030827105045319e-03,1.869961246848106384e-02,2.952746348455548286e-03,1.299475971609354019e-02,2.701946906745433807e-02,1.400464586913585663e-02,-6.397060118615627289e-03,-1.795055903494358063e-02,4.333816003054380417e-03,-2.894560992717742920e-02,-1.037975680083036423e-02,-6.019188556820154190e-03,-2.113403938710689545e-02,3.298515453934669495e-02,-3.658329136669635773e-03,3.621545154601335526e-03,-2.284616418182849884e-02,-1.239284034818410873e-02,1.705436781048774719e-02,-2.509332820773124695e-02,5.648005288094282150e-03,1.538237091153860092e-02,-2.683220617473125458e-02,1.681192778050899506e-03,1.354317460209131241e-02,-2.942714467644691467e-02,5.390517879277467728e-03,2.612327970564365387e-02,1.904738880693912506e-02,-1.795724616385996342e-03,1.177085796371102333e-03,5.270134191960096359e-03,-1.153677795082330704e-02,-1.488745957612991333e-02,-3.226285055279731750e-02,-1.844546943902969360e-02,-6.116164382547140121e-03,3.341318666934967041e-02,-3.745273128151893616e-02,9.269550442695617676e-03,7.316658273339271545e-03,1.142977084964513779e-02,-5.835269112139940262e-04,1.804419048130512238e-02,5.597845651209354401e-03,-1.315527129918336868e-02,1.468682009726762772e-02,3.030995838344097137e-02,8.975279517471790314e-03,-5.171151831746101379e-02,7.858385331928730011e-03,-2.323406748473644257e-02,-1.911426894366741180e-02,1.995695382356643677e-02,-2.041173726320266724e-02,8.895022794604301453e-03,1.463331654667854309e-02,-5.651349201798439026e-03,-1.248647272586822510e-02,-1.294125523418188095e-02,1.551613118499517441e-02,7.523986045271158218e-03,4.585451388265937567e-04,-7.931535219540819526e-05,-3.073130268603563309e-03,-1.265492610400542617e-04,-2.439777739346027374e-02,2.505320124328136444e-02,-7.570801768451929092e-03,2.126779966056346893e-02,-7.684497628360986710e-03,-1.694736070930957794e-02,9.095663204789161682e-03,-4.325790330767631531e-02,-1.148327440023422241e-02,-8.701072074472904205e-03,-1.346291881054639816e-02,3.477753372862935066e-03,-2.310030907392501831e-02,-1.615817844867706299e-02,-1.777666993439197540e-02,2.827681042253971100e-02,2.144336031051352620e-04,1.959580369293689728e-02,-3.551321336999535561e-03,-8.786343387328088284e-04,9.296302450820803642e-04,1.555625908076763153e-02,-2.849082648754119873e-02,1.342947874218225479e-02,2.835706621408462524e-02,1.444605272263288498e-02,-3.274438530206680298e-02,5.955652799457311630e-03,2.299330011010169983e-02,9.369870647788047791e-03,2.293979749083518982e-02,-1.286099944263696671e-02,4.450855776667594910e-03,-3.089850209653377533e-02,-9.530382230877876282e-03,-6.837798655033111572e-02,4.654839262366294861e-02,-1.007210928946733475e-02,1.198821701109409332e-03,-8.627504110336303711e-03,-2.643092535436153412e-02,1.777666993439197540e-02,-1.754927821457386017e-02,6.982258986681699753e-03,-4.634775221347808838e-03,-2.128452062606811523e-03,1.629193685948848724e-02,-1.360336598008871078e-02,-1.774991862475872040e-02,-7.617617491632699966e-03,1.335591077804565430e-02,-2.589923096820712090e-03,1.084122713655233383e-02,2.680545300245285034e-02,-4.955798853188753128e-03,1.283257588511332870e-04,2.370222657918930054e-02,1.113549899309873581e-02,1.605116948485374451e-02,-4.106424283236265182e-03,1.243965700268745422e-02,6.975570693612098694e-03,7.396914064884185791e-03,-2.292307792231440544e-03,-7.564113941043615341e-03,-5.704853218048810959e-03,-1.880662143230438232e-02,-2.768826903775334358e-03,-1.322549534961581230e-03,1.677347160875797272e-02,-3.868331760168075562e-02,1.550275459885597229e-02,-4.741783253848552704e-03,-8.440240286290645599e-03,3.287814557552337646e-02,-1.558301039040088654e-02,-3.426924720406532288e-02,-1.807094179093837738e-02,-3.481097519397735596e-03,1.400464586913585663e-02,5.724917165935039520e-03,-8.961902931332588196e-03,4.205406457185745239e-02,2.833031490445137024e-02,-1.801743730902671814e-02,1.021924521774053574e-02,4.315089434385299683e-02,1.085752955987118185e-04,-1.911426894366741180e-02,-1.950217038393020630e-02,-1.609129831194877625e-02,1.054026838392019272e-02,-9.630701504647731781e-03,1.859260536730289459e-02,-5.326313152909278870e-02,3.071123734116554260e-02,-3.955944441258907318e-03,1.280749589204788208e-02,-1.760278269648551941e-02,2.838381938636302948e-02,-2.176271192729473114e-02,3.384121507406234741e-02,6.761555094271898270e-03,-3.394153667613863945e-03,3.504505380988121033e-03,-2.136143110692501068e-02,-1.744227111339569092e-02,4.108932334929704666e-04,5.714885424822568893e-03,7.871760986745357513e-03,1.056033186614513397e-02,-8.079089224338531494e-03,-1.225239317864179611e-02,-2.423726581037044525e-02,-6.366963963955640793e-03,1.551613118499517441e-02,-1.872636564075946808e-02,-9.503629989922046661e-03,1.552950683981180191e-02,2.239138260483741760e-02,8.412234456045553088e-05,1.269045635126531124e-03,-1.595753803849220276e-02,9.195982478559017181e-03,1.050682831555604935e-02,7.945328950881958008e-03,2.364872395992279053e-02,2.718666801229119301e-03,-1.395114138722419739e-02,-2.181621454656124115e-02,-3.825528779998421669e-03,-1.324890274554491043e-02,3.521225415170192719e-03,2.586913481354713440e-02,2.545448020100593567e-02,-1.546262670308351517e-02,9.717646054923534393e-03,-4.741783253848552704e-03,-1.224570535123348236e-02,-8.226224221289157867e-03,3.372417762875556946e-03,-8.788015693426132202e-03,-2.517358399927616119e-02,-5.591157358139753342e-03,9.824653156101703644e-03,1.556963473558425903e-02,6.517443805932998657e-03,2.846407517790794373e-02,-3.959288354963064194e-03,-1.134282629936933517e-02,1.146320998668670654e-02,-3.745272988453507423e-03,5.343702156096696854e-03,-2.667169459164142609e-02,1.710452837869524956e-03,1.855247654020786285e-02,3.082744078710675240e-04,2.917634556069970131e-03,-1.572513021528720856e-03,3.322592005133628845e-02,1.598428934812545776e-02,-2.581563079729676247e-03,-4.741678640129975975e-05,2.977826399728655815e-03,-1.636048895306885242e-03,1.556963473558425903e-02,-5.009302403777837753e-03,-1.970281079411506653e-02,-1.129601057618856430e-02,-8.025584975257515907e-05,1.369699835777282715e-02,-4.280311986804008484e-03,3.558009117841720581e-02,9.973461274057626724e-04,4.844778031110763550e-02,1.155684236437082291e-02,-2.458504214882850647e-02,5.674757529050111771e-03,3.036346286535263062e-02,2.026460133492946625e-02,-1.601104252040386200e-02,1.750915125012397766e-02,-1.153677795082330704e-02,-2.402325160801410675e-02,2.243150956928730011e-02,2.750434912741184235e-03,2.152194269001483917e-02,6.895314902067184448e-03,-2.271240577101707458e-02,1.372375059872865677e-02,2.884194487705826759e-03,6.520787719637155533e-04,-8.553936146199703217e-03,3.207558766007423401e-02,1.935503631830215454e-02,4.138192161917686462e-04,3.517881268635392189e-03,-1.574352197349071503e-02,-2.490606531500816345e-02,-7.169522345066070557e-03,2.449141070246696472e-02,-1.290781609714031219e-02,1.943529210984706879e-02,-2.953415177762508392e-02,6.173012312501668930e-03,-6.641171406954526901e-03,-2.485256083309650421e-02,-3.271763399243354797e-02,-3.785400884225964546e-03,-2.731374092400074005e-02,-7.396914064884185791e-03,-1.067402772605419159e-02,3.588105319067835808e-03,1.470019668340682983e-02,-1.714799925684928894e-02,2.683220617473125458e-02,-1.753590255975723267e-02,-2.340795658528804779e-02,2.640417404472827911e-02,-2.931010443717241287e-03,-6.514099892228841782e-03,5.209942348301410675e-03,1.590905012562870979e-03
-3.940344788134098053e-03,2.135444199666380882e-03,-2.273879945278167725e-02,2.935622120276093483e-03,-4.506523720920085907e-03,3.165366500616073608e-02,-9.222500957548618317e-03,1.006686035543680191e-02,9.301045909523963928e-03,-1.320211775600910187e-02,1.899481751024723053e-02,6.964330095797777176e-03,1.644210331141948700e-02,-1.112067326903343201e-02,-9.333773516118526459e-03,-1.428211294114589691e-02,1.445229351520538330e-02,-1.046613138169050217e-02,-3.763618180528283119e-03,-1.013885997235774994e-02,-7.991961203515529633e-03,-6.794149056077003479e-03,-1.667773723602294922e-02,-9.438499808311462402e-03,-1.152648963034152985e-02,6.306515075266361237e-03,1.738464273512363434e-02,-4.490159917622804642e-03,-4.385433276183903217e-04,-9.850861504673957825e-03,-9.248682297766208649e-03,-1.555192470550537109e-02,-2.657441794872283936e-02,5.822153761982917786e-03,-2.877367846667766571e-02,4.653795622289180756e-03,-6.054516416043043137e-04,-4.293797537684440613e-03,3.901072219014167786e-02,-5.468701012432575226e-03,1.615410298109054565e-02,2.500351518392562866e-03,9.877042844891548157e-03,-3.750527277588844299e-03,-3.589509800076484680e-02,-1.360220630886033177e-04,-5.399974063038825989e-03,-7.461782079190015793e-03,-3.539764881134033203e-02,2.450606413185596466e-02,1.679555512964725494e-02,1.635046675801277161e-02,-2.097153477370738983e-02,2.485951595008373260e-02,-7.062511518597602844e-03,-1.546028908342123032e-02,-7.167238276451826096e-03,2.449297346174716949e-02,-3.809436038136482239e-02,-1.110758259892463684e-02,-7.707235636189579964e-04,1.030904147773981094e-02,-5.707609001547098160e-03,2.087989822030067444e-03,-2.214971184730529785e-02,-9.975224733352661133e-03,-2.142971381545066833e-02,-9.484318085014820099e-03,-1.255412120372056961e-02,1.847445615567266941e-03,6.964329630136489868e-02,3.696854785084724426e-02,2.966712927445769310e-03,-2.127262391149997711e-02,2.155080437660217285e-03,-4.683904722332954407e-02,2.064426429569721222e-02,-8.188324049115180969e-03,6.250878795981407166e-03,1.832718378864228725e-03,-2.861986169591546059e-03,-2.086680755019187927e-02,-2.709805034101009369e-02,3.005985403433442116e-03,2.997803688049316406e-02,-2.023844793438911438e-02,2.490533515810966492e-03,2.809295430779457092e-02,5.812335759401321411e-03,-2.276498079299926758e-02,1.919117942452430725e-02,3.573800995945930481e-02,1.373720588162541389e-03,-1.064940355718135834e-02,-1.205994165502488613e-03,-5.174156744033098221e-03,-1.620646752417087555e-02,2.444060891866683960e-02,1.477629179134964943e-03,-2.114171534776687622e-02,4.614523204509168863e-04,5.006225910619832575e-05,-2.368134073913097382e-02,4.732340574264526367e-03,-2.599841915071010590e-02,-2.793586440384387970e-02,3.685072995722293854e-03,-1.479265559464693069e-02,3.267475217580795288e-02,-2.006826736032962799e-02,-5.285428836941719055e-03,3.586891666054725647e-02,-5.125066265463829041e-03,-3.767545521259307861e-02,1.146103534847497940e-02,-2.247698232531547546e-02,1.166394352912902832e-02,-1.375847868621349335e-02,4.460705909878015518e-03,-1.903408952057361603e-02,-1.239703129976987839e-02,3.542383015155792236e-02,5.357428453862667084e-03,-5.102157127112150192e-03,9.706862270832061768e-03,3.812708891928195953e-03,-2.148207835853099823e-02,-1.316284574568271637e-02,-1.267848443239927292e-02,5.962880328297615051e-03,6.911966484040021896e-03,-2.012717537581920624e-03,3.717800229787826538e-02,-7.579599972814321518e-03,-2.771986648440361023e-03,1.358829811215400696e-02,-1.471411064267158508e-02,-1.345738954842090607e-02,-3.046894446015357971e-03,-1.339193526655435562e-02,2.186171337962150574e-02,5.750154145061969757e-03,-1.643719384446740150e-03,-1.129740010946989059e-02,1.233812235295772552e-02,1.071485690772533417e-02,5.586518440395593643e-03,1.489738281816244125e-02,1.167048886418342590e-02,-8.790503256022930145e-03,6.555241066962480545e-03,-1.371920667588710785e-02,4.081725701689720154e-02,-1.191266998648643494e-02,-7.703962735831737518e-03,1.087849307805299759e-02,6.025061942636966705e-03,1.360138878226280212e-02,-2.851186320185661316e-02,-1.074758451431989670e-02,-2.374352188780903816e-03,2.006826736032962799e-02,3.199402615427970886e-02,-2.056571841239929199e-02,8.031234145164489746e-03,3.476928547024726868e-02,-1.395484153181314468e-02,1.131703611463308334e-02,-2.188789471983909607e-02,-3.838890464976429939e-03,2.222825586795806885e-02,9.386136196553707123e-03,-3.788490965962409973e-02,7.854507304728031158e-03,-1.569592393934726715e-02,1.404647715389728546e-02,3.033394459635019302e-04,-4.787976853549480438e-03,-3.330311179161071777e-02,2.108935266733169556e-02,-1.837954670190811157e-02,-8.633412420749664307e-03,2.584132924675941467e-02,1.597083173692226410e-02,3.257984295487403870e-03,-1.229230407625436783e-02,1.352284383028745651e-02,1.207630522549152374e-02,-3.094348590821027756e-03,-8.725048974156379700e-03,1.239703129976987839e-02,1.005376968532800674e-02,-3.251766040921211243e-02,-1.061013061553239822e-02,-6.400899887084960938e-01,-1.130394544452428818e-02,-1.824864000082015991e-02,-1.578265102580189705e-03,8.116324432194232941e-03,-4.090889357030391693e-03,3.796345321461558342e-03,8.607231080532073975e-03,-1.678246445953845978e-02,-1.213521417230367661e-02,-1.149376295506954193e-02,2.578896656632423401e-02,-1.492356415838003159e-02,-1.276357471942901611e-02,-9.019592776894569397e-03,-2.105008065700531006e-02,-8.541776798665523529e-03,-6.728694774210453033e-03,5.517791491001844406e-03,-1.341811660677194595e-02,-2.055262774229049683e-02,-9.831225499510765076e-03,9.811588563024997711e-03,-1.540792547166347504e-02,2.001590281724929810e-02,-1.625719363801181316e-03,1.950536109507083893e-02,-7.370145991444587708e-03,-1.413811370730400085e-02,2.461078949272632599e-02,-3.065876103937625885e-02,2.762168459594249725e-02,9.143956005573272705e-03,2.984712831676006317e-02,4.765067994594573975e-02,-8.175233379006385803e-03,-1.760718785226345062e-02,3.335547447204589844e-02,2.228062041103839874e-02,1.887699961662292480e-02,-3.210529917851090431e-03,-1.319557242095470428e-02,1.403338648378849030e-02,-6.509423255920410156e-03,-2.568423934280872345e-02,1.747627928853034973e-02,2.590678445994853973e-02,4.581796005368232727e-03,1.763336919248104095e-02,-1.233157701790332794e-02,3.087803255766630173e-03,-1.570901460945606232e-02,-4.479687288403511047e-02,7.494509220123291016e-03,1.141521800309419632e-02,2.199262194335460663e-02,2.707186900079250336e-02,-1.601010374724864960e-02,-7.559963501989841461e-03,-1.646828465163707733e-02,-8.162142708897590637e-03,1.159848924726247787e-02,-1.696573570370674133e-02,-2.137735113501548767e-02,2.758895745500922203e-03,3.187621012330055237e-03,9.503954090178012848e-03,2.848567999899387360e-02,4.225070588290691376e-03,-5.442519206553697586e-03,-1.857591047883033752e-02,6.293423939496278763e-03,-1.259993878193199635e-03,-3.278847725596278906e-04,3.433074336498975754e-03,-1.662537455558776855e-02,1.403338648378849030e-02,1.948899705894291401e-03,-6.352332886308431625e-03,8.587595075368881226e-03,1.180139742791652679e-02,-1.009631436318159103e-03,-2.196643874049186707e-02,-2.822713693603873253e-03,2.437515556812286377e-02,-1.682173646986484528e-02,-1.692646369338035583e-02,-1.105358242057263851e-03,4.974521230906248093e-03,-1.497592777013778687e-02,-2.246389165520668030e-02,-1.119921822100877762e-02,6.440696306526660919e-03,-2.924495004117488861e-02,6.964330095797777176e-03,-7.579599972814321518e-03,-3.851981367915868759e-03,2.636496350169181824e-02,7.972325198352336884e-03,-9.634044545236974955e-05,1.928281597793102264e-02,-2.775259315967559814e-02,1.339848060160875320e-02,3.740709275007247925e-03,1.448174822144210339e-03,1.754173263907432556e-02,-1.036794949322938919e-02,-8.855957537889480591e-03,1.794754900038242340e-02,-3.230820596218109131e-02,-5.694517865777015686e-03,2.288279868662357330e-02,1.507901819422841072e-03,-7.887234911322593689e-03,-4.591614007949829102e-03,-2.764786593616008759e-02,-4.941794089972972870e-03,6.627240683883428574e-03,7.285055704414844513e-03,-2.992567420005798340e-02,2.323625050485134125e-02,-1.094721956178545952e-03,4.778158618137240410e-04,-1.987190358340740204e-02,7.311237510293722153e-03,3.623546287417411804e-02,-1.049722195602953434e-03,-9.117773734033107758e-03,-1.970172300934791565e-02,-2.421806566417217255e-02,8.991774520836770535e-04,-4.153070971369743347e-03,1.928281597793102264e-02,1.786900497972965240e-02,1.633737608790397644e-02,7.455236744135618210e-03,2.679532626643776894e-04,-1.280284766107797623e-02,2.122026123106479645e-02,-1.817009411752223969e-02,-2.777877449989318848e-02,1.214175950735807419e-02,2.715041488409042358e-02,-1.208285056054592133e-02,-2.816168125718832016e-03,-3.901072219014167786e-02,-1.261957548558712006e-02,-2.463697269558906555e-02,-4.655104875564575195e-02,-1.189303305000066757e-02,3.596709808334708214e-03,8.266869001090526581e-03,-4.655104875564575195e-02,-1.875918172299861908e-02,6.866148672997951508e-03,-2.882031549233943224e-04,9.013047441840171814e-03,2.166534960269927979e-02,-1.297302823513746262e-02,-2.356352284550666809e-02,9.268319234251976013e-03,-1.857591047883033752e-02,-5.674881860613822937e-03,-1.987190358340740204e-02,2.042171917855739594e-02,-7.520691026002168655e-03,1.191266998648643494e-02,2.933985786512494087e-03,8.594140410423278809e-03,-2.743841335177421570e-02,-7.651599589735269547e-03,-2.415260998532176018e-03,-3.377438336610794067e-02,2.542242221534252167e-02,2.533078752458095551e-02,1.279630139470100403e-02,-1.793445833027362823e-02,-6.977420765906572342e-03,2.541260560974478722e-03,1.641592010855674744e-02,5.494882352650165558e-03,-8.594140410423278809e-03,-4.581796005368232727e-02,-2.142971381545066833e-02,-7.926506921648979187e-03,-1.852354779839515686e-02,-6.813785061240196228e-03,7.566508837044239044e-03,6.197697366587817669e-04,-1.516083604656159878e-03,-9.661043994128704071e-03,-1.335920859128236771e-02,1.455702073872089386e-02,-1.628501154482364655e-02,9.183228015899658203e-03,3.740709275007247925e-03,2.368134073913097382e-02,1.805227622389793396e-02,2.394315786659717560e-02,2.555333077907562256e-02,-4.470523912459611893e-03,2.601805608719587326e-04,6.356915086507797241e-02,-3.243911638855934143e-02,1.919117942452430725e-02,-4.246670380234718323e-02,4.382160492241382599e-03,-2.601150982081890106e-02,1.117303688079118729e-02,-1.713591814041137695e-02,-2.300061658024787903e-02,-5.712845176458358765e-02,-2.166534960269927979e-02,2.229371108114719391e-02,-6.398150697350502014e-03,2.318388782441616058e-02,-1.383702363818883896e-02,3.016130812466144562e-02,-1.913881674408912659e-02,-1.978026889264583588e-02,2.300061658024787903e-02,2.498715184628963470e-03,9.320681914687156677e-03,1.281593833118677139e-02,-4.607977718114852905e-02,-2.539623994380235672e-03,2.140353247523307800e-02,6.761421915143728256e-03,9.235591627657413483e-03,-6.484059849753975868e-04,3.351256484165787697e-03,-1.394993276335299015e-03,-2.246389165520668030e-02,1.700500957667827606e-02,-1.501356367953121662e-03,7.389782462269067764e-03,1.322175469249486923e-02,-3.356492891907691956e-02,6.267242715694010258e-04,5.458882544189691544e-03,1.730609871447086334e-02,7.060875068418681622e-04,-4.761795280501246452e-04,-9.955588728189468384e-03,2.040331019088625908e-04,9.523590095341205597e-03,1.976717635989189148e-02,1.908645406365394592e-02,-6.182151846587657928e-03,9.765771217644214630e-03,2.539624087512493134e-02,1.637992099858820438e-03,-2.523915097117424011e-02,-2.449297346174716949e-02,-1.284539233893156052e-03,-2.348497696220874786e-02,2.343261428177356720e-02,1.216794084757566452e-02,2.158680558204650879e-02,1.399411447346210480e-02,2.834168029949069023e-03,3.256347961723804474e-03,1.729300804436206818e-02,-1.581374183297157288e-02,2.519987896084785461e-02,-1.001449674367904663e-02,-5.799244623631238937e-03,-9.700316935777664185e-03,2.164898673072457314e-03,-3.002712735906243324e-03,5.138157284818589687e-04,1.439993083477020264e-02,2.243771031498908997e-02,4.765067715197801590e-03,-9.503954090178012848e-03,1.529010757803916931e-02,-5.989061901345849037e-04,-3.662164090201258659e-03,2.987330965697765350e-02,-1.522465329617261887e-02,-2.557951211929321289e-02,-1.276357471942901611e-02,1.700500957667827606e-02,1.874609105288982391e-02,-9.824680164456367493e-03,-9.130865219049155712e-04,-4.210016131401062012e-02,-3.333256579935550690e-03,-3.644491359591484070e-02,9.143956005573272705e-03,-5.567700136452913284e-04,2.845949865877628326e-02,5.550518631935119629e-03,-1.138903573155403137e-02,-2.489878796041011810e-02,4.606341244652867317e-04,1.472720131278038025e-02,-5.514518823474645615e-03,2.660059928894042969e-02,4.768340382725000381e-03,-2.783441217616200447e-03,1.339193526655435562e-02,-2.709805034101009369e-03,2.590351039543747902e-03,3.029221668839454651e-02,-6.195242982357740402e-03,-3.547619329765439034e-03,3.357802052050828934e-03,-4.522887058556079865e-03,-3.615691512823104858e-02,-2.762168459594249725e-02,2.640669117681682110e-04,9.634862653911113739e-03,5.272338166832923889e-03,-6.944693624973297119e-03,-2.190098538994789124e-02,-1.673010177910327911e-02,6.097061559557914734e-03,3.243911638855934143e-02,-6.155970040708780289e-03,1.467483863234519958e-02,-3.152275830507278442e-02,-1.227921340614557266e-02,1.771191507577896118e-02,9.776243567466735840e-02,8.836320601403713226e-03,2.551078563556075096e-03,2.348497696220874786e-02,9.929406456649303436e-03,3.186311945319175720e-02,-1.552083413116633892e-03,-1.678246445953845978e-02,-1.148721762001514435e-02,-2.001590281724929810e-02,1.628173980861902237e-03,-1.470101997256278992e-02,2.309225127100944519e-02,-4.823976662009954453e-03,-7.952689193189144135e-03,6.741785909980535507e-04,-3.910890314728021622e-03,-2.379915863275527954e-02,-1.018467824906110764e-02,1.000795140862464905e-02,-2.509515173733234406e-02,-2.009444870054721832e-02,1.628501154482364655e-02,2.487260662019252777e-02,1.116649154573678970e-02,4.362524487078189850e-03,2.124644257128238678e-02,2.801441028714179993e-02,2.314461581408977509e-02,-1.079340279102325439e-02,1.171630714088678360e-02,2.391697466373443604e-02,-1.794754900038242340e-02,1.186685170978307724e-02,-4.810885991901159286e-03,-6.234515458345413208e-03,6.833421532064676285e-03,1.454393006861209869e-02,2.319697849452495575e-02,1.317593641579151154e-02,1.786900451406836510e-03,2.133807912468910217e-02,4.650522954761981964e-03,-1.233812235295772552e-02,8.639958687126636505e-03,3.284165868535637856e-03,-1.513629104010760784e-04,6.070879753679037094e-03,-2.995185554027557373e-02,-2.029081061482429504e-02,4.589650407433509827e-02,-2.306606993079185486e-02,-1.026322320103645325e-02,-2.462388016283512115e-02,-1.572210527956485748e-02,-7.370145991444587708e-03,6.041425280272960663e-03,-1.508065406233072281e-02,-6.781058385968208313e-03,1.110103726387023926e-02,-1.934826932847499847e-02,-9.451590478420257568e-03,7.101783994585275650e-03,5.314883310347795486e-03,-2.707186900079250336e-02,-1.141521800309419632e-02,6.421059835702180862e-03,6.389968912117183208e-04,-2.817150019109249115e-02,-3.622891614213585854e-03,-2.368134073913097382e-02,-4.431251436471939087e-03,-9.628317318856716156e-03,8.941047824919223785e-03,3.490019589662551880e-02,1.693955436348915100e-02,3.746600076556205750e-02,1.667773723602294922e-02,1.156903454102575779e-03,7.900325581431388855e-03,7.245783228427171707e-03,-5.517791491001844406e-03,-1.556501537561416626e-02,-9.137410670518875122e-03,-1.569592393934726715e-02,4.102671146392822266e-02,-1.733228005468845367e-02,-1.283557433634996414e-02,-3.175839036703109741e-02,6.247606128454208374e-03,-5.331247113645076752e-03,-1.246084924787282944e-03,2.535696886479854584e-02,1.337229926139116287e-02,-1.285521034151315689e-02,-1.061994815245270729e-03,1.875918172299861908e-02,1.438683923333883286e-02,-2.463697269558906555e-02,-1.112067326903343201e-02,-1.695264503359794617e-02,3.361074719578027725e-03,1.991444965824484825e-03,1.043688171193934977e-04,4.385433346033096313e-02,-6.898875813931226730e-03,9.379590861499309540e-03,1.792136766016483307e-02,-2.038244716823101044e-02,-3.586891805753111839e-03,9.445045143365859985e-03,-2.440133690834045410e-02,-5.586518440395593643e-03,-1.776427775621414185e-02,-2.119407989084720612e-02,-7.278510369360446930e-03,9.641407988965511322e-03,4.825285822153091431e-02,7.265419233590364456e-03,-1.246248558163642883e-02,1.429520361125469208e-02,-2.585441991686820984e-02,4.299033805727958679e-02,-9.896679781377315521e-03,-4.047689586877822876e-02,1.579901436343789101e-03,1.331993564963340759e-02,-2.436206489801406860e-02,3.976344596594572067e-03,-5.881062708795070648e-03,-1.940063387155532837e-02,3.052785247564315796e-02,9.589044377207756042e-03,1.845809258520603180e-02,-1.437374856323003769e-02,-1.953154243528842926e-02,1.027631387114524841e-02,9.857406839728355408e-03,-4.378887824714183807e-03,2.098462544381618500e-02,-1.278975605964660645e-02,-1.348357088863849640e-02,-1.051849499344825745e-02,-4.524196311831474304e-02,-3.762309253215789795e-02,-2.459769882261753082e-02,-4.389524110592901707e-04,-9.261773899197578430e-03,1.937445253133773804e-02,1.730609871447086334e-02,-1.557810697704553604e-02,1.703119091689586639e-02,-1.844500191509723663e-02,4.333070013672113419e-03,-1.983263157308101654e-02,-1.551265269517898560e-02,1.241666730493307114e-02,6.067607086151838303e-03,4.348779097199440002e-02,4.039835184812545776e-02,2.254243567585945129e-02,-5.354155786335468292e-03,-2.503624185919761658e-03,1.611483097076416016e-02,-3.383983625099062920e-03,-8.103233762085437775e-03,-1.837954670190811157e-02,-1.629810221493244171e-02,-5.013794079422950745e-02,1.086540240794420242e-02,2.513442374765872955e-02,2.974240109324455261e-02,4.027480608783662319e-04,5.864698905497789383e-03,2.582823857665061951e-02,2.484642527997493744e-02,4.719249904155731201e-03,2.066717250272631645e-03,-1.555192470550537109e-02,-2.730750478804111481e-02,-1.785591430962085724e-02,-1.336902612820267677e-03,8.122869767248630524e-03,-1.866754703223705292e-02,-6.263969931751489639e-03,-3.721073037013411522e-03,7.645053789019584656e-03,7.239237893372774124e-03,3.874890273436903954e-03,-5.818881094455718994e-03,2.141662314534187317e-02,-2.174389548599720001e-02,4.783394932746887207e-02,-2.961149252951145172e-02,2.561878599226474762e-02,-7.468327414244413376e-03,2.526533231139183044e-02,1.289448351599276066e-03,7.828325964510440826e-03,2.171771414577960968e-02,1.025667786598205566e-02,1.697882637381553650e-02,-7.330873515456914902e-03,-1.191266998648643494e-02,-1.771191507577896118e-02,5.458882544189691544e-03,2.272898098453879356e-03,-1.306466385722160339e-02,-1.388938724994659424e-02,-1.282902900129556656e-02,-3.050167113542556763e-02,6.224696990102529526e-03,9.988315403461456299e-03,-1.675628311932086945e-02,2.012063004076480865e-02,-1.690028235316276550e-02,-3.545001149177551270e-02,2.085371688008308411e-02,-1.570901460945606232e-02,-1.333302631974220276e-02,-1.429520361125469208e-02,4.755249712616205215e-03,2.790968306362628937e-02,-1.858900114893913269e-02,1.332648098468780518e-02,2.374679408967494965e-02,1.898172684013843536e-02,-3.094675950706005096e-02,-1.695264596492052078e-03,-1.406447729095816612e-03,4.306888207793235779e-03,1.023049559444189072e-02,2.178316749632358551e-02,-6.538877729326486588e-03,-9.351773187518119812e-04,9.641407988965511322e-03,1.929590664803981781e-02,-1.683482713997364044e-02,-2.641732618212699890e-02,2.641732618212699890e-02,-3.730891039595007896e-04,1.673991908319294453e-03,-1.399411447346210480e-02,-6.826876197010278702e-03,-3.495255950838327408e-03,-4.712704569101333618e-03,-1.398102380335330963e-02,1.727991737425327301e-02,7.465872913599014282e-04,-1.915190741419792175e-02,-2.204498462378978729e-02,2.468933537602424622e-02,-3.175839036703109741e-02,2.167844027280807495e-02,-9.746135212481021881e-03,-3.754454478621482849e-02,1.181448809802532196e-02,-6.466877646744251251e-03,-1.883772760629653931e-02,3.636800684034824371e-04,-3.183693811297416687e-02,6.866148672997951508e-03,-8.031234145164489746e-03,1.925990683957934380e-03,2.712423354387283325e-02,6.673058494925498962e-03,-2.408715710043907166e-02,-2.042171917855739594e-02,2.153444103896617889e-03,2.420497313141822815e-02,-3.184348344802856445e-03,3.881435841321945190e-03,-1.144794467836618423e-02,3.199402615427970886e-02,1.195194199681282043e-02,-1.556174247525632381e-03,4.506523720920085907e-03,-1.042685844004154205e-02,-2.497733384370803833e-02,6.977420765906572342e-03,1.517229061573743820e-02,6.342514883726835251e-03,-9.641407988965511322e-03,-4.244706593453884125e-03,-1.737155206501483917e-02,-2.482024393975734711e-02,-9.026138111948966980e-03,4.333070013672113419e-03,2.207116596400737762e-02,-1.861518248915672302e-02,-3.660200536251068115e-02,1.404647715389728546e-02,-1.534247118979692459e-02,2.658750861883163452e-02,1.116649154573678970e-02,-2.099771611392498016e-02,-7.821780629456043243e-03,2.501660585403442383e-02,-3.181075677275657654e-02,3.895835578441619873e-02,-1.390247792005538940e-02,1.693955436348915100e-02,-3.204638883471488953e-02,-2.647623652592301369e-03,1.168358023278415203e-03,-1.209594123065471649e-02,3.165366500616073608e-02,-3.634018823504447937e-02,-2.078826352953910828e-02,-4.359353988547809422e-05,-8.404322899878025055e-03,3.403620049357414246e-02,6.362150888890028000e-03,-5.861426237970590591e-03,9.209410287439823151e-03,-1.095703803002834320e-02,1.169012580066919327e-02,-2.230680175125598907e-02,-3.113003075122833252e-02,2.861658856272697449e-02,6.165788508951663971e-03,2.268643677234649658e-02,2.012063004076480865e-02,-3.644491359591484070e-02,1.560428831726312637e-02,1.310393679887056351e-02,-1.455702073872089386e-02,2.722895890474319458e-02,-1.016504224389791489e-02,-1.887699961662292480e-02,1.471411064267158508e-02,2.384170191362500191e-03,-1.044649537652730942e-02,-2.467624470591545105e-02,-1.606246829032897949e-02,-4.922158084809780121e-03,3.406892530620098114e-03,-5.944062140770256519e-04,3.750527277588844299e-03,-2.667914330959320068e-02,2.908786013722419739e-02,-3.259620629251003265e-03,1.186685170978307724e-02,1.831409335136413574e-02,-9.824680164456367493e-03,-7.605781313031911850e-03,-3.763618180528283119e-03,-6.008698139339685440e-03,-1.738464273512363434e-02,-4.775540530681610107e-02,-3.606528043746948242e-03,2.777877449989318848e-02,5.059611983597278595e-03,-2.743841335177421570e-02,4.853431135416030884e-03,-4.725795239210128784e-03,-5.367246642708778381e-02,-1.575810601934790611e-03,-1.321357209235429764e-03,-1.157230790704488754e-02,1.067558489739894867e-02,-4.755249712616205215e-03,-7.664690259844064713e-03,3.065876103937625885e-02,6.846512202173471451e-03,2.734350506216287613e-03,-7.363600656390190125e-03,-1.882463693618774414e-02,-1.385175157338380814e-03,-4.275470227003097534e-02,2.380897523835301399e-03,-1.149376295506954193e-02,-3.495255857706069946e-02,-1.276357471942901611e-02,9.366500191390514374e-03,-1.856281980872154236e-02,1.603628695011138916e-02,1.958390511572360992e-02,6.515968590974807739e-03,-7.697417400777339935e-03,-6.803149008192121983e-04,2.021226659417152405e-02,7.736689876765012741e-03,-4.326524678617715836e-03,-2.263407222926616669e-02,-9.196319617331027985e-03,1.161812525242567062e-02,2.284352667629718781e-02,3.182712011039257050e-03,-4.128852859139442444e-02,9.962134063243865967e-03,1.400720514357089996e-02,-2.065080916509032249e-03,-1.593155972659587860e-02,8.692321367561817169e-03,-1.267193909734487534e-02,-4.676704760640859604e-03,-1.885081827640533447e-02,1.619337685406208038e-02,4.283979535102844238e-03,-2.637805417180061340e-02,-7.206510752439498901e-03,-2.023844793438911438e-02,-2.653514407575130463e-02,9.572681155987083912e-04,1.459629274904727936e-02,-1.256721187382936478e-02,-2.108935266733169556e-02,1.721446285955607891e-03,-3.478892380371689796e-03,-4.280706401914358139e-03,-2.091917209327220917e-02,-2.303170622326433659e-04,-2.149516902863979340e-02,1.892936229705810547e-02,-8.816684596240520477e-03,-4.467251244932413101e-03,-9.287955239415168762e-03,3.008276410400867462e-02,3.969144448637962341e-02,-5.350883118808269501e-03,-3.162748366594314575e-02,-7.383237127214670181e-03,1.102249231189489365e-02,-7.062511518597602844e-03,5.975970998406410217e-03,-2.358970418572425842e-02,-7.400418980978429317e-04,1.667037431616336107e-04,-1.857263734564185143e-03,-1.480574626475572586e-02,-1.937445253133773804e-02,-3.724345704540610313e-03,1.919117942452430725e-02,-1.561737898737192154e-02,2.515078755095601082e-03,2.159465998411178589e-01,-1.282902900129556656e-02,-2.726168604567646980e-03,1.549956109374761581e-02,4.192343447357416153e-03,2.069662697613239288e-02,2.398242987692356110e-02,-1.642901101149618626e-03,1.826173043809831142e-03,1.189957931637763977e-02,-3.317220509052276611e-02,-5.429428536444902420e-03,-1.155267190188169479e-02,5.115247797220945358e-03,2.559260278940200806e-02,-2.378606610000133514e-02,-1.590537838637828827e-02,-4.938521422445774078e-03,-2.783113904297351837e-02,-1.136939972639083862e-02,8.077051490545272827e-03,3.613073378801345825e-03,-1.280939299613237381e-02,-7.514145690947771072e-03,2.777877449989318848e-02,-1.430993084795773029e-03,-2.535696886479854584e-02,2.379915863275527954e-02,1.775118708610534668e-02,-7.933052256703376770e-03,-1.543410774320363998e-02,1.059703994542360306e-02,1.703119091689586639e-02,-5.812335759401321411e-03,1.002758834511041641e-02,-6.524968775920569897e-04,1.081958413124084473e-02,2.238534577190876007e-02,9.386136196553707123e-03,2.554351231083273888e-03,1.243630331009626389e-02,-8.895229548215866089e-03,-1.269157510250806808e-02,2.148207835853099823e-02,6.090516224503517151e-03,3.340783715248107910e-02,4.270888399332761765e-03,2.907804213464260101e-03,-9.726498275995254517e-03,8.581049740314483643e-03,-3.359111025929450989e-02,-1.225303206592798233e-02,4.165507107973098755e-02,2.989949285984039307e-02,6.957784760743379593e-03,-1.741082523949444294e-03,-1.244448591023683548e-03,1.492356415838003159e-02,3.208893584087491035e-03,2.570714801549911499e-03,-3.196784481406211853e-02,1.201085094362497330e-02,-1.327411737293004990e-02,2.519987896084785461e-02,-1.354902517050504684e-02,1.776468707248568535e-04,-1.433447655290365219e-02,-1.576137915253639221e-02,2.619805512949824333e-03,-3.042312525212764740e-02,-1.662537455558776855e-02,-2.548787742853164673e-02,-1.869372837245464325e-02,3.711254801601171494e-03,3.969798795878887177e-03,-1.199776027351617813e-02,3.589509800076484680e-02,-8.404322899878025055e-03,-5.066157318651676178e-03,4.768340382725000381e-03,2.671841718256473541e-02,-2.814531885087490082e-02,5.579973105341196060e-03,-3.320165676996111870e-03,7.939597591757774353e-03,-3.453364968299865723e-02,2.226752974092960358e-02,9.471227414906024933e-03,-1.765955053269863129e-02,-3.113166894763708115e-04,1.426902227103710175e-02,-5.629063583910465240e-03,-1.302539184689521790e-02,-1.505447272211313248e-02,3.717800136655569077e-03,1.201739627867937088e-02,-6.319605745375156403e-03,1.535556185990571976e-02,-1.441302150487899780e-02,-2.180443989345803857e-04,-1.622446696273982525e-03,-1.336575392633676529e-02,1.307120919227600098e-02,6.555241066962480545e-03,-7.985415868461132050e-03,2.788350218906998634e-03,2.379915863275527954e-02,1.658610254526138306e-02,1.957081444561481476e-02,-1.874609105288982391e-02,1.169667113572359085e-02,-1.428211294114589691e-02,1.179485209286212921e-02,-1.252139452844858170e-02,2.620787359774112701e-02,5.426155403256416321e-03,-2.937585860490798950e-02,-4.953576251864433289e-02,1.468792930245399475e-02,8.044324815273284912e-03,1.916172564961016178e-03,-2.057880908250808716e-02,1.245675812242552638e-04,2.701950632035732269e-02,-1.754173263907432556e-02,-6.358878221362829208e-03,-2.666605263948440552e-02,6.447241641581058502e-03,1.788209564983844757e-02,-3.448128700256347656e-02,-2.897985978052020073e-03,-1.305811852216720581e-02,9.615226648747920990e-03,2.533078659325838089e-03,1.505447272211313248e-02,9.405773133039474487e-03,-1.054631313309073448e-03,-2.045444678515195847e-03,-5.380337592214345932e-03,1.595774106681346893e-02,2.129880711436271667e-02,-5.835244432091712952e-03,1.717519015073776245e-02,2.780495584011077881e-02,2.102717116940766573e-04,-4.738886374980211258e-03,-1.582151453476399183e-04,-1.026322320103645325e-02,-5.674881860613822937e-03,-1.856281980872154236e-02,-2.526533231139183044e-02,1.093085622414946556e-03,1.614101231098175049e-02,-3.331620246171951294e-03,2.519987896084785461e-02,-9.209410287439823151e-03,-1.409884076565504074e-02,-1.955772377550601959e-02,1.673010177910327911e-02,3.476928547024726868e-02,-2.683623321354389191e-02,1.782973296940326691e-02,2.327552437782287598e-02,-1.655991934239864349e-02,-1.933517865836620331e-02,1.066903956234455109e-02,-1.649446636438369751e-01,1.648137532174587250e-02,2.022535726428031921e-02,9.549772366881370544e-03,-8.227596990764141083e-03,4.585068672895431519e-03,3.052785247564315796e-02,-1.345738954842090607e-02,-1.962317712604999542e-02,2.112862467765808105e-02,2.924495004117488861e-02,1.127776410430669785e-02,-1.632428541779518127e-02,7.154147140681743622e-03,-1.034176815301179886e-02,7.520691026002168655e-03,-1.858900068327784538e-03,3.138530300930142403e-03,2.861658856272697449e-02,5.089066457003355026e-03,1.894245482981204987e-02,-3.999253269284963608e-03,1.868513645604252815e-04,-1.517229061573743820e-02,2.133807912468910217e-02,1.096358336508274078e-02,-1.434756722301244736e-02,8.797048591077327728e-03,3.452710574492812157e-03,-8.666140027344226837e-03,-3.897799411788582802e-03,-1.051849499344825745e-02,2.916640415787696838e-02,-3.594746440649032593e-02,-8.083597756922245026e-03,-1.898172684013843536e-02,-1.305157318711280823e-02,1.810463890433311462e-02,-7.062511518597602844e-03,5.776335950940847397e-03,3.105148673057556152e-02,-1.831409335136413574e-02,2.144280634820461273e-02,1.704428158700466156e-02,-1.703446265310049057e-03,3.207257390022277832e-02,1.961008645594120026e-02,-3.649728000164031982e-02,1.282902900129556656e-02,-2.177007682621479034e-02,-2.981440164148807526e-03,-4.995466768741607666e-02,-1.230539474636316299e-02,-3.747254610061645508e-03,2.178316749632358551e-02,1.157885324209928513e-02,-1.152648963034152985e-02,2.711441367864608765e-03,8.260323666036128998e-03,-1.632264815270900726e-03,9.646317339502274990e-04,-2.461079042404890060e-03,2.043480984866619110e-02,-2.385152131319046021e-02,3.869653865694999695e-02,-3.317220509052276611e-02,-2.615551091730594635e-02,-6.647694972343742847e-04,-2.624714560806751251e-02,1.601010374724864960e-02,-3.249147906899452209e-02,-2.259480021893978119e-02,1.098976470530033112e-02,-4.889430943876504898e-03,2.428351901471614838e-02,2.209734730422496796e-02,1.447847578674554825e-02,-2.033990109339356422e-03,1.114031020551919937e-02,1.523774489760398865e-02,-1.463556569069623947e-02,3.597364574670791626e-02,-1.984572224318981171e-02,6.703945109620690346e-05,-4.588341340422630310e-03,4.958157893270254135e-03,-1.659919321537017822e-02,2.078826352953910828e-02,3.917435649782419205e-03,4.751977045089006424e-03,-2.449624473229050636e-03,-3.023985400795936584e-02,-1.373229734599590302e-02,-1.192576065659523010e-02,2.271261811256408691e-02,2.470242604613304138e-02,6.362150888890028000e-03,-4.729067906737327576e-03,5.341065116226673126e-03,-2.255552820861339569e-02,1.161157991737127304e-02,-1.236430369317531586e-02,-3.364347293972969055e-02,8.849412202835083008e-03,2.730750478804111481e-02,-2.255552820861339569e-02,1.521156262606382370e-02,2.167844027280807495e-02,1.125812716782093048e-02,-2.271261811256408691e-02,-1.406447729095816612e-03,4.503251053392887115e-03,-4.424706101417541504e-03,1.155921723693609238e-02,-7.703962735831737518e-03,1.913881674408912659e-02,2.196643874049186707e-02,-8.338868618011474609e-03,2.512133307754993439e-02,-1.214175950735807419e-03,4.982376098632812500e-02,-7.317782845348119736e-03,-9.641407988965511322e-03,-5.462155211716890335e-03,-2.116789855062961578e-02,-2.699332498013973236e-02,-1.056169420480728149e-01,6.800694391131401062e-03,1.676937378942966461e-02,2.791622886434197426e-03,9.929406456649303436e-03,1.903408952057361603e-02,1.711628050543367863e-03,-1.344429887831211090e-02,-2.438824623823165894e-02,2.168171340599656105e-03,-1.073449384421110153e-02,-8.639958687126636505e-03,5.645427387207746506e-03,-1.138903573155403137e-02,4.026744142174720764e-02,1.855627400800585747e-03,5.350883118808269501e-03,-1.130394544452428818e-02,-1.130394544452428818e-02,2.022535726428031921e-02,-2.691477909684181213e-02,-6.568331737071275711e-03,1.769882440567016602e-02,-2.428351901471614838e-02,2.425733767449855804e-02,1.636355742812156677e-02,-1.337229926139116287e-02,7.743235211819410324e-03,2.199262194335460663e-02,1.909954473376274109e-02,3.505073953419923782e-03,5.082521121948957443e-03,-2.022535772994160652e-03,-3.698163898661732674e-03,9.517044760286808014e-03,-4.401142522692680359e-02,-3.283184021711349487e-02,-1.546356215840205550e-04,1.523774489760398865e-02,-3.126094117760658264e-02,7.023238576948642731e-03,5.354155786335468292e-03,9.039228782057762146e-03,8.959047845564782619e-04,3.861799603328108788e-03,1.282084733247756958e-03,1.873627305030822754e-03,9.490863420069217682e-03,2.277807146310806274e-02,9.104683063924312592e-03,-3.401001915335655212e-02,8.293051272630691528e-03,-2.501660585403442383e-02,-8.927957154810428619e-03,1.840572990477085114e-02,-2.427042834460735321e-02,9.935951791703701019e-03,9.235591627657413483e-03,-2.064426429569721222e-02,-6.296697072684764862e-03,-1.807845756411552429e-02,8.227596990764141083e-03,4.650522954761981964e-03,-3.076348686590790749e-03,7.998506538569927216e-03,2.331806812435388565e-03,-4.686522763222455978e-03,-7.546872831881046295e-03,2.788350172340869904e-02,-1.853663846850395203e-02,1.794754900038242340e-02,-1.275048404932022095e-02,-1.045958604663610458e-02,3.183693811297416687e-02,-3.762309253215789795e-02,-9.909770451486110687e-03,-1.565174316056072712e-03,-9.654498659074306488e-03,9.359954856336116791e-03,-1.297302823513746262e-02,-2.663987129926681519e-02,-1.336575392633676529e-02,2.285661734640598297e-02,4.513069055974483490e-03,3.620927780866622925e-02,-1.408575009554624557e-02,1.306466385722160339e-02,-4.166161641478538513e-03,1.261957548558712006e-02,-1.373229734599590302e-02,6.277060601860284805e-03,2.780495584011077881e-02,6.666513159871101379e-03,-3.641873225569725037e-02,1.530810841359198093e-03,2.759550325572490692e-02,-6.853058002889156342e-03,1.458320207893848419e-02,-8.188324049115180969e-03,1.510683633387088776e-02,-2.534387819468975067e-02,-7.265419233590364456e-03,-5.958953127264976501e-02,3.332929313182830811e-02,-2.965076593682169914e-03,2.506897086277604103e-03,-1.198466960340738297e-02,-2.597223781049251556e-02,1.751555129885673523e-02,-1.924354396760463715e-02,3.241620725020766258e-03,6.434150971472263336e-03,-1.182103343307971954e-02,3.919399157166481018e-02,-1.552083413116633892e-03,-1.803918555378913879e-02,-5.420428351499140263e-04,2.282716333866119385e-03,1.591356005519628525e-03,-3.374165622517466545e-03,2.057880908250808716e-02,-4.513069055974483490e-03,-4.342888016253709793e-03,1.998972147703170776e-02,9.013047441840171814e-03,9.392681531608104706e-03,-1.175557915121316910e-02,1.781664043664932251e-02,3.698163898661732674e-03,1.284866500645875931e-02,-7.173783611506223679e-03,-1.370611600577831268e-02,6.794149056077003479e-03,-1.551265269517898560e-02,-1.030904147773981094e-02,7.400418980978429317e-04,2.165225893259048462e-02,-2.178316749632358551e-02,-1.194539666175842285e-02,1.513301767408847809e-02,-3.886344711645506322e-05,3.047548979520797729e-02,-2.674459852278232574e-02,-3.377438336610794067e-02,-7.697417400777339935e-03,-8.011597208678722382e-03,2.276498079299926758e-02,1.098321937024593353e-02,-4.686522763222455978e-03,2.945440262556076050e-02,2.309225127100944519e-02,-1.103558298200368881e-02,1.844500191509723663e-02,3.518819436430931091e-02,1.504138205200433731e-02,-2.606387436389923096e-02,-1.818318478763103485e-02,-6.470150779932737350e-03,-3.728845622390508652e-04,9.150501340627670288e-03,1.978026889264583588e-02,-4.304270073771476746e-02,3.013512678444385529e-02,1.909627113491296768e-03,1.464865636080503464e-02,-1.912899897433817387e-03,1.966245099902153015e-02,-3.401001915335655212e-02,2.911404147744178772e-02,1.306466385722160339e-02,-4.189070779830217361e-03,1.231357746291905642e-04,-1.586610451340675354e-02,-4.306888207793235779e-03,-2.974076487589627504e-04,6.064334418624639511e-03,6.309787742793560028e-03,1.764645986258983612e-02,-1.420356798917055130e-02,-9.759225882589817047e-03,-1.048576738685369492e-02,1.958717824891209602e-03,1.919117942452430725e-02,-1.522465329617261887e-02,-2.425733767449855804e-02,2.502969652414321899e-02,2.796204760670661926e-02,-1.756791584193706512e-02,1.463556569069623947e-02,-1.653373800218105316e-02,-8.063960820436477661e-03,7.847961969673633575e-03,7.566508837044239044e-03,2.618169225752353668e-02,5.164338741451501846e-03,-3.837254189420491457e-04,-2.021226659417152405e-02,1.426902227103710175e-02,-1.659919321537017822e-02,1.695264503359794617e-02,2.449297346174716949e-02,2.882604300975799561e-02,-3.149657696485519409e-02,1.886718207970261574e-03,-5.759972147643566132e-03,-1.788209564983844757e-02,-1.537356176413595676e-03,-6.473423447459936142e-03,-1.817009411752223969e-02,-3.277947753667831421e-02,-4.830521997064352036e-03,1.638973876833915710e-02,7.998506538569927216e-03,1.424283999949693680e-02,3.340783715248107910e-02,9.634862653911113739e-03,-1.929263467900454998e-03,1.665155589580535889e-02,1.196176046505570412e-03,1.539483480155467987e-02,-2.216280251741409302e-02,1.274393871426582336e-02,3.414092585444450378e-02,6.411241833120584488e-03,4.990885034203529358e-03,6.807239726185798645e-03,2.233298309147357941e-02,1.737155206501483917e-02,-2.249989192932844162e-03,1.208285056054592133e-02,-1.565665192902088165e-02,1.148721762001514435e-02,1.297957357019186020e-02,-7.199965417385101318e-03,5.629063583910465240e-03,-1.344429887831211090e-02,-1.223994046449661255e-02,1.022395025938749313e-02,1.439993083477020264e-02,3.021367266774177551e-02,-2.282716333866119385e-03,4.655104875564575195e-02,1.273084804415702820e-02,-2.499042451381683350e-02,1.849736459553241730e-02,2.678387053310871124e-02,2.948058396577835083e-02,-3.243911638855934143e-02,3.113003075122833252e-02,7.828325964510440826e-03,-1.912572607398033142e-02,1.471411064267158508e-02,1.045958604663610458e-02,2.966385707259178162e-02,-1.298611890524625778e-02,-2.963767573237419128e-02,2.009444870054721832e-02,8.476322516798973083e-03,-1.095049269497394562e-02,-1.052504032850265503e-02,2.699332498013973236e-02,2.234607376158237457e-02,-6.977420765906572342e-03,-6.728694774210453033e-03,-1.767264120280742645e-02,-4.453505948185920715e-02,-5.199520383030176163e-04,3.105148673057556152e-02,-7.847961969673633575e-03,8.116324432194232941e-03,-1.912572607398033142e-02,9.124320000410079956e-03,-1.272430177778005600e-02,-1.781664043664932251e-02,-3.366965427994728088e-02,8.895229548215866089e-03,-1.971481367945671082e-02,-5.534155294299125671e-03,-5.462155211716890335e-03,1.628501154482364655e-02,-3.153257537633180618e-03,6.447241641581058502e-03,2.419188246130943298e-02,-2.505587972700595856e-02,-8.757775649428367615e-03,3.186311945319175720e-02,-1.752536976709961891e-03,5.089066107757389545e-04,5.648700054734945297e-03,-3.560709999874234200e-03
3.544671926647424698e-03,1.263073924928903580e-02,-1.036084815859794617e-02,-8.988507091999053955e-03,-1.575265266001224518e-02,3.431502357125282288e-02,6.455205148085951805e-04,-3.918651025742292404e-03,1.094620674848556519e-02,-9.281186386942863464e-03,1.802904717624187469e-02,1.981113851070404053e-02,-2.795087639242410660e-03,-1.347625721246004105e-02,6.874712184071540833e-03,-1.115433406084775925e-02,2.312817052006721497e-02,1.988593488931655884e-03,-7.225927431136369705e-03,-1.506322901695966721e-02,-9.463298134505748749e-03,-1.965504325926303864e-02,-1.447787042707204819e-02,-3.827595151960849762e-03,-1.272829901427030563e-02,2.994434721767902374e-02,2.040950581431388855e-02,8.793387562036514282e-03,-1.479006186127662659e-02,-2.077372744679450989e-02,2.541432157158851624e-03,-1.858839020133018494e-02,-3.735889121890068054e-02,6.900728214532136917e-03,-3.366462513804435730e-02,1.100474316626787186e-02,1.645508222281932831e-02,-8.090957067906856537e-03,2.651024237275123596e-02,-1.239009108394384384e-02,9.873049333691596985e-03,-7.108855526894330978e-03,3.625971730798482895e-03,-1.129742246121168137e-02,-1.996723376214504242e-02,-1.313154585659503937e-02,3.583695739507675171e-03,-2.085177600383758545e-02,-4.279622063040733337e-02,1.607785187661647797e-02,-6.646259571425616741e-04,2.866956591606140137e-02,-2.372653782367706299e-02,2.319321036338806152e-02,-2.135908603668212891e-02,-1.978837419301271439e-03,5.586923100054264069e-03,1.054295990616083145e-02,-3.225976601243019104e-02,2.435742411762475967e-03,9.975486900657415390e-04,2.151193097233772278e-03,-4.799941089004278183e-03,-1.649573212489485741e-03,-1.770384795963764191e-02,-6.809672340750694275e-03,-1.770384795963764191e-02,-1.395755168050527573e-02,-1.374942436814308167e-02,-9.251918527297675610e-04,4.766120389103889465e-02,4.654251784086227417e-02,3.126790747046470642e-03,-3.051669709384441376e-02,1.748271100223064423e-02,-4.508562386035919189e-02,3.185326699167490005e-03,-1.785994321107864380e-02,-4.988556727766990662e-03,3.069880884140729904e-03,9.957601316273212433e-03,-5.186927970498800278e-03,-1.913472451269626617e-02,-7.395030930638313293e-03,2.203550189733505249e-02,-2.524846978485584259e-02,7.245439570397138596e-03,2.074771188199520111e-02,8.643795736134052277e-03,-2.388263307511806488e-02,2.269890718162059784e-02,3.441908955574035645e-02,-2.197046205401420593e-02,-1.620793156325817108e-02,-2.078673616051673889e-02,1.493314933031797409e-02,-2.042251266539096832e-02,2.396068163216114044e-02,1.231854781508445740e-02,-3.127115964889526367e-02,-1.642906665802001953e-02,-6.009682081639766693e-03,-2.575578168034553528e-02,2.294280799105763435e-03,-1.663719303905963898e-02,-3.017849102616310120e-02,2.492652274668216705e-03,-1.104376651346683502e-02,3.306626155972480774e-02,3.769059432670474052e-03,-1.542257494293153286e-03,2.630211599171161652e-02,-5.024328711442649364e-04,-2.788908779621124268e-02,-1.142750214785337448e-02,-2.638016268610954285e-02,2.120299078524112701e-02,-1.196082867681980133e-02,4.419457633048295975e-03,-2.007129788398742676e-02,6.803168449550867081e-03,3.949219733476638794e-02,1.554452464915812016e-03,-9.079563431441783905e-03,1.468274625949561596e-03,1.066653523594141006e-02,-2.598992362618446350e-02,-2.736876904964447021e-02,-9.886057116091251373e-03,2.377206459641456604e-03,3.291016444563865662e-03,2.105990424752235413e-02,2.294605970382690430e-02,-4.621081519871950150e-03,-3.029230982065200806e-03,2.216558158397674561e-02,-8.682820014655590057e-03,-2.445498295128345490e-02,-4.526773467659950256e-03,-1.903066039085388184e-02,2.302410639822483063e-02,4.877988714724779129e-03,3.528411965817213058e-03,-1.066003181040287018e-02,2.191842906177043915e-02,1.188278105109930038e-02,8.142989128828048706e-03,1.395755168050527573e-02,-1.167465280741453171e-02,-9.612889960408210754e-03,-2.024365356191992760e-03,6.582032889127731323e-03,1.707946509122848511e-02,2.634113887324929237e-03,-9.479558211751282215e-04,9.040539152920246124e-03,1.278033107519149780e-02,9.593377821147441864e-03,-2.167127840220928192e-02,-1.514615491032600403e-03,-6.640568841248750687e-03,2.723868936300277710e-02,3.088092058897018433e-02,-2.838339097797870636e-02,1.211042050272226334e-02,3.317032381892204285e-02,-1.105677429586648941e-02,-6.048706127330660820e-04,-1.494615804404020309e-02,-6.562520749866962433e-03,1.562257204204797745e-02,1.355430483818054199e-02,-4.165152087807655334e-02,-7.869821973145008087e-03,-2.493627928197383881e-02,2.713462524116039276e-02,-7.557630538940429688e-03,7.316982955671846867e-04,-3.660442680120468140e-02,3.980438690632581711e-03,-2.301109954714775085e-02,-4.851972684264183044e-03,1.324861776083707809e-02,3.311829268932342529e-02,-1.172343268990516663e-03,-9.580370038747787476e-03,-6.038950290530920029e-03,1.002914458513259888e-02,-6.422685459256172180e-03,-1.241610758006572723e-02,2.350540272891521454e-02,2.515741437673568726e-02,-2.931996434926986694e-02,1.952821505255997181e-03,-6.426978111267089844e-01,-1.339820958673954010e-02,-1.343723293393850327e-02,4.708885215222835541e-03,-6.532439729198813438e-04,-4.484497476369142532e-03,2.018836885690689087e-02,6.416181102395057678e-03,-6.881216075271368027e-03,-1.920301583595573902e-03,-6.598292849957942963e-03,3.025653772056102753e-02,-1.497217360883951187e-02,-1.602581888437271118e-02,-1.185676455497741699e-02,-2.182737365365028381e-02,-1.995422691106796265e-02,-2.007129788398742676e-02,2.021113410592079163e-03,-2.386962436139583588e-02,-1.413966342806816101e-02,-1.207790058106184006e-02,4.104014486074447632e-03,-3.082888945937156677e-02,8.253556676208972931e-03,1.951195532456040382e-03,2.623707614839076996e-02,3.318658331409096718e-03,-1.416567992419004440e-02,3.181749582290649414e-02,-2.597691677510738373e-02,2.191842906177043915e-02,1.641605794429779053e-02,2.256882749497890472e-02,5.104327574372291565e-02,-9.508825838565826416e-03,-3.168741613626480103e-02,3.878976777195930481e-02,1.213643606752157211e-02,1.974609866738319397e-02,-3.495892044156789780e-03,-1.719653606414794922e-02,1.969406753778457642e-02,-6.289353594183921814e-03,-1.022426411509513855e-02,6.289353594183921814e-03,3.717678040266036987e-02,-1.816034637158736587e-04,6.796664558351039886e-03,-2.298508398234844208e-02,-9.729961864650249481e-03,-2.138510346412658691e-02,-3.233781456947326660e-02,1.616890728473663330e-02,1.814611814916133881e-02,1.532338839024305344e-02,2.666633948683738708e-02,-1.352828927338123322e-02,2.136152616003528237e-04,-1.845831051468849182e-02,-6.217809859663248062e-03,2.363548241555690765e-02,4.858477041125297546e-03,-9.521834552288055420e-03,1.036572619341313839e-03,-2.504034200683236122e-03,3.032482927665114403e-03,1.723556034266948700e-02,1.464697439223527908e-02,-2.638016268610954285e-02,-2.003227360546588898e-02,2.618504315614700317e-02,-2.395092509686946869e-03,7.219423423521220684e-04,1.160310953855514526e-02,-6.881216075271368027e-03,2.690048143267631531e-02,-1.395755168050527573e-02,-1.149904541671276093e-02,-4.097510594874620438e-03,1.306000165641307831e-02,1.655264175496995449e-03,-2.762892842292785645e-02,-1.624695397913455963e-02,4.102713614702224731e-02,-2.602894790470600128e-02,-1.912171579897403717e-02,1.175920478999614716e-02,7.453566882759332657e-03,-6.926744244992733002e-03,-6.064965855330228806e-03,7.622670382261276245e-03,1.398356817662715912e-02,-2.631512284278869629e-02,-1.595102366991341114e-03,1.080311927944421768e-02,-6.939752027392387390e-03,3.077685646712779999e-02,1.169416494667530060e-02,-6.328377407044172287e-03,1.572663523256778717e-02,-3.532964736223220825e-02,2.393466420471668243e-02,4.130030516535043716e-03,-9.560858015902340412e-04,-7.850309833884239197e-03,-1.921277120709419250e-02,-1.064051967114210129e-02,1.748271100223064423e-02,-2.545659802854061127e-02,6.071470212191343307e-03,2.302410639822483063e-02,-1.783717889338731766e-03,9.801505133509635925e-03,2.967443084344267845e-03,-2.285500429570674896e-02,2.913785399869084358e-03,5.947894416749477386e-03,2.219159714877605438e-02,-2.557366900146007538e-02,2.260785177350044250e-02,-1.030231267213821411e-02,5.144651979207992554e-03,-2.085177600383758545e-02,4.435717593878507614e-03,3.293618187308311462e-02,-1.739816041663289070e-03,-2.496229484677314758e-02,-1.067954301834106445e-02,-2.079974487423896790e-02,-2.172330953180789948e-02,5.743018817156553268e-03,2.063064090907573700e-02,4.689373075962066650e-03,2.260785177350044250e-02,-4.370677750557661057e-03,-8.481196127831935883e-03,4.822704941034317017e-03,1.685832999646663666e-02,-1.331365760415792465e-02,-2.269890718162059784e-02,1.508924551308155060e-02,1.922577992081642151e-02,9.739717352204024792e-04,-1.356731262058019638e-02,-2.929394878447055817e-02,-1.862741261720657349e-02,-3.207765519618988037e-02,-3.343048319220542908e-02,-1.060962560586631298e-03,3.292642533779144287e-03,-2.934923395514488220e-04,-4.071494564414024353e-02,-1.615589857101440430e-02,-9.333218447864055634e-03,-8.045429363846778870e-03,6.637316662818193436e-03,1.667621731758117676e-02,-1.662418618798255920e-02,-2.744681760668754578e-02,1.129091810435056686e-02,-4.006454721093177795e-03,-2.366149798035621643e-02,-2.895574085414409637e-02,1.296244189143180847e-02,4.799941089004278183e-03,1.030231267213821411e-02,-7.069831714034080505e-03,7.245439570397138596e-03,-1.084864698350429535e-02,-1.441445667296648026e-03,-6.139761768281459808e-03,-2.978825196623802185e-02,1.157709304243326187e-02,1.393153611570596695e-02,-3.086140844970941544e-03,-1.084214355796575546e-02,-7.622670382261276245e-03,7.577142678201198578e-03,9.053546935319900513e-03,9.099074639379978180e-03,-4.956036806106567383e-03,-1.981113851070404053e-02,-1.533639710396528244e-02,-5.752774886786937714e-03,-2.241273224353790283e-02,-5.843830760568380356e-03,1.021125703118741512e-03,-4.386937711387872696e-03,4.751161206513643265e-03,-2.261760877445340157e-03,-7.784457411617040634e-04,1.056247204542160034e-02,-1.338520087301731110e-02,1.268927473574876785e-02,1.136896573007106781e-02,2.239972539246082306e-02,5.066604353487491608e-03,3.238984569907188416e-02,3.759303316473960876e-02,1.131083627115003765e-04,5.356031470000743866e-03,4.417506605386734009e-02,-2.100787125527858734e-02,1.978512294590473175e-02,-5.041889101266860962e-02,3.554427763447165489e-03,-2.388263307511806488e-02,1.484209392219781876e-02,-1.610386744141578674e-02,-2.194444648921489716e-02,-5.562207847833633423e-02,-2.334930561482906342e-02,2.096884697675704956e-02,-1.590874791145324707e-02,3.426299244165420532e-02,-1.685832999646663666e-02,2.924191765487194061e-02,-8.279573172330856323e-03,-1.632500253617763519e-02,1.423071976751089096e-02,-1.351528055965900421e-02,1.250065956264734268e-02,-1.623557298444211483e-03,-2.269890718162059784e-02,-8.513716049492359161e-03,3.220773488283157349e-02,3.843855112791061401e-03,1.848432607948780060e-02,5.765782669186592102e-03,1.373153878375887871e-03,-6.627560593187808990e-03,-3.450364107266068459e-03,7.193407509475946426e-03,-1.127628376707434654e-03,1.314455363899469376e-02,1.209090836346149445e-02,-2.736876904964447021e-02,4.523521754890680313e-03,-9.424274787306785583e-03,9.105578996241092682e-03,1.180473249405622482e-02,-2.396718598902225494e-03,-1.514127757400274277e-02,-2.783705713227391243e-03,9.339722804725170135e-03,2.716064080595970154e-02,2.736551687121391296e-03,5.505623295903205872e-03,1.350227277725934982e-02,1.298195403069257736e-02,-1.416567992419004440e-02,-1.648109778761863708e-02,-1.877050101757049561e-02,8.890947327017784119e-03,-4.100112244486808777e-02,1.198034081608057022e-02,2.216558158397674561e-02,2.971020340919494629e-02,1.228602789342403412e-02,3.330040257424116135e-03,-8.723469800315797329e-04,6.816176231950521469e-03,-5.671475082635879517e-03,3.899789601564407349e-02,-8.929971605539321899e-03,-8.260061033070087433e-03,2.614601980894804001e-03,-5.216196179389953613e-03,-2.298508398234844208e-02,8.975499309599399567e-03,3.691011574119329453e-03,7.076335605233907700e-03,-2.337532304227352142e-02,-1.468599867075681686e-02,1.580468378961086273e-02,-1.016572862863540649e-02,-1.129091810435056686e-02,2.869558148086071014e-02,-1.884854957461357117e-02,-3.059474565088748932e-02,-1.261122711002826691e-02,2.221761271357536316e-02,4.289377946406602859e-03,-9.788497351109981537e-03,-1.557053998112678528e-02,-3.051669709384441376e-02,-8.702332153916358948e-03,-2.433791197836399078e-02,9.284438565373420715e-04,3.074758918955922127e-03,2.781103923916816711e-02,2.532651834189891815e-02,-1.550550013780593872e-02,-2.273793146014213562e-02,-3.616215661168098450e-03,1.045190356671810150e-02,1.051206607371568680e-03,2.453303150832653046e-02,2.998337149620056152e-03,-2.749884873628616333e-02,1.229253131896257401e-02,-6.477969232946634293e-03,4.825957119464874268e-03,1.970707438886165619e-02,8.149493485689163208e-03,5.281236022710800171e-03,-4.321084998082369566e-04,-1.066653523594141006e-02,-4.323849454522132874e-02,-2.999637834727764130e-02,-2.240622881799936295e-03,-1.021776068955659866e-02,1.489412598311901093e-02,-7.719417335465550423e-04,-1.249415520578622818e-02,-1.281285099685192108e-02,1.687784097157418728e-03,3.410689905285835266e-02,1.905667595565319061e-03,-5.580419208854436874e-03,-3.080287389457225800e-02,-8.936475031077861786e-03,2.410376816987991333e-02,9.938088804483413696e-02,1.584370806813240051e-02,-1.036084815859794617e-02,1.710548065602779388e-02,1.017873641103506088e-02,4.201574251055717468e-02,1.397055946290493011e-02,-2.661430649459362030e-02,-1.130392588675022125e-02,-2.154119871556758881e-02,-1.014621648937463760e-02,-1.804205402731895447e-02,1.207790058106184006e-02,1.578029361553490162e-03,1.272179465740919113e-02,2.360946498811244965e-03,-2.934923162683844566e-03,-1.745669543743133545e-02,2.157696988433599472e-03,1.860139705240726471e-02,-2.718665823340415955e-02,-2.384360879659652710e-02,9.014523588120937347e-03,3.153131902217864990e-02,-2.777201589196920395e-03,1.559655647724866867e-02,1.832823082804679871e-02,1.428275089710950851e-02,2.414279244840145111e-02,-4.198322538286447525e-03,1.114783063530921936e-02,2.807119861245155334e-02,-9.716954082250595093e-03,8.721844293177127838e-03,-1.559655647724866867e-02,6.464960984885692596e-03,5.694238934665918350e-03,9.768985211849212646e-03,1.952496357262134552e-02,-3.648735582828521729e-03,6.510489154607057571e-03,9.944593533873558044e-03,3.853611182421445847e-03,-6.308865733444690704e-03,-4.825957119464874268e-03,9.183626621961593628e-03,-1.623394712805747986e-02,9.242163039743900299e-03,-3.389877080917358398e-02,-1.610386744141578674e-02,4.003853350877761841e-02,-1.419169548898935318e-02,1.518030092120170593e-02,-1.557053998112678528e-02,-1.261773146688938141e-02,-2.048755250871181488e-02,-7.310479413717985153e-03,-8.266565389931201935e-03,5.554403178393840790e-03,2.079974487423896790e-02,-1.606484316289424896e-02,-1.839327067136764526e-02,1.002914458513259888e-02,1.134945359081029892e-02,-1.140148565173149109e-02,-2.799315191805362701e-02,-7.512102834880352020e-03,-3.612963715568184853e-03,-2.840940654277801514e-02,-1.265025138854980469e-02,-2.423384785652160645e-02,7.954373955726623535e-03,-1.083563920110464096e-02,1.142099779099225998e-02,3.257195651531219482e-02,1.659817062318325043e-02,3.486135974526405334e-02,5.540582351386547089e-04,-8.429164998233318329e-03,1.337219309061765671e-02,-5.694238934665918350e-03,-8.936475031077861786e-03,5.099124275147914886e-03,-1.332016102969646454e-02,-1.687133684754371643e-02,3.886781632900238037e-02,-1.361934468150138855e-02,-8.604772388935089111e-03,-3.314430639147758484e-02,1.287138648331165314e-02,-2.035747282207012177e-02,-7.681206334382295609e-03,8.578755892813205719e-03,1.728759147226810455e-02,4.741405136883258820e-03,3.856863128021359444e-03,3.673450648784637451e-02,1.678028143942356110e-02,-2.212655730545520782e-02,-1.901765167713165283e-02,-1.147302985191345215e-02,-8.260061033070087433e-03,3.234106581658124924e-03,-6.458457093685865402e-03,3.722881153225898743e-02,-3.723531495779752731e-03,-4.338157828897237778e-03,2.905980497598648071e-02,-1.189578883349895477e-02,-1.231204345822334290e-02,-5.199936218559741974e-03,-3.153131902217864990e-02,-1.166164502501487732e-02,-1.365836896002292633e-02,-5.941390525549650192e-03,-8.468188345432281494e-03,1.110880635678768158e-02,4.126128181815147400e-02,2.166640042560175061e-04,6.060901214368641376e-04,2.756063593551516533e-03,-2.976223640143871307e-02,3.199960663914680481e-02,1.361934468150138855e-02,-2.976223640143871307e-02,-2.410539455013349652e-04,1.468599867075681686e-02,-1.043239235877990723e-02,1.122750458307564259e-03,-3.432884695939719677e-04,-1.567460410296916962e-02,3.803530335426330566e-02,1.482908613979816437e-03,2.572976425290107727e-02,-2.900777384638786316e-02,-2.198346890509128571e-02,1.503721345216035843e-02,1.296244189143180847e-02,-3.835318784695118666e-04,2.955410815775394440e-02,-1.433478295803070068e-02,-1.913472451269626617e-02,-1.469900645315647125e-02,-3.915398940443992615e-02,-4.394092410802841187e-02,-1.371040008962154388e-02,-1.214294042438268661e-02,6.881216075271368027e-03,1.542745251208543777e-02,1.380145642906427383e-02,-7.843806408345699310e-03,8.793387562036514282e-03,-1.598679460585117340e-02,1.081612706184387207e-02,-1.700141653418540955e-02,-6.959264166653156281e-03,1.167465280741453171e-02,7.906407117843627930e-04,3.004841133952140808e-02,5.060100555419921875e-02,3.103701584041118622e-02,-8.357620798051357269e-03,1.689735241234302521e-02,1.930382847785949707e-02,3.004841040819883347e-03,7.877951720729470253e-04,-1.400958374142646790e-02,-9.287690743803977966e-03,-4.544984921813011169e-02,1.391852856613695621e-03,2.480619959533214569e-02,2.955410815775394440e-02,1.112994388677179813e-03,1.694938540458679199e-02,1.007467322051525116e-02,2.913785353302955627e-02,4.029218573123216629e-03,-9.650287684053182602e-04,-5.538143217563629150e-03,-3.553777560591697693e-02,-2.108591981232166290e-02,1.179660321213304996e-03,-2.508912235498428345e-03,-9.209643118083477020e-03,-6.842192262411117554e-03,-7.277959492057561874e-03,1.196082867681980133e-02,1.903066039085388184e-02,1.597541384398937225e-03,-1.142750214785337448e-02,1.835424639284610748e-02,-1.893960498273372650e-02,3.304024413228034973e-02,-2.373954467475414276e-02,3.030857071280479431e-02,-4.783681128174066544e-03,2.034446597099304199e-02,1.463396660983562469e-02,1.568761281669139862e-02,2.255582064390182495e-02,1.049092784523963928e-02,9.599882178008556366e-03,-2.708259411156177521e-02,-2.934597991406917572e-02,-9.027531370520591736e-03,2.519643865525722504e-02,-4.572301637381315231e-03,-3.931658808141946793e-03,-1.088767126202583313e-02,-1.732661575078964233e-02,-3.519956767559051514e-02,-2.764193573966622353e-03,-8.396645076572895050e-03,-1.583069935441017151e-02,1.609085872769355774e-02,-1.265025115571916103e-03,-1.921277120709419250e-02,1.852335035800933838e-02,-1.246163528412580490e-02,4.783681128174066544e-03,-1.515428535640239716e-02,-4.149542655795812607e-03,3.899789601564407349e-02,-1.782091893255710602e-02,2.729072049260139465e-02,1.231204345822334290e-02,1.571362838149070740e-02,-3.119311295449733734e-02,2.822729526087641716e-03,5.118636414408683777e-03,8.877939544618129730e-03,1.334617752581834793e-02,2.360946498811244965e-02,1.723556080833077431e-03,-1.803229912184178829e-03,4.946280736476182938e-03,7.719417335465550423e-04,-9.671425446867942810e-03,-2.289402671158313751e-02,1.996723376214504242e-02,-4.282874055206775665e-03,-4.156046546995639801e-03,-8.884443901479244232e-03,-3.615809255279600620e-04,-8.487700484693050385e-03,-1.054946333169937134e-02,-1.891358941793441772e-02,3.447112068533897400e-02,-7.297471165657043457e-03,-1.672825030982494354e-02,-8.663307875394821167e-03,1.736564002931118011e-02,-1.317707356065511703e-02,1.973308995366096497e-02,6.029194220900535583e-03,-1.944691501557826996e-02,8.103965781629085541e-03,-8.208028972148895264e-03,-1.480306964367628098e-02,7.349503226578235626e-03,-1.713149622082710266e-02,1.432177517563104630e-02,-2.029243297874927521e-02,4.682869184762239456e-03,1.575265266001224518e-02,-2.642243867740035057e-03,-2.872159890830516815e-02,-1.540143694728612900e-02,-6.513740867376327515e-03,2.238671667873859406e-02,2.596715930849313736e-03,4.419457633048295975e-03,-1.493314933031797409e-02,2.799315191805362701e-02,1.923878863453865051e-02,3.097523003816604614e-04,4.812948871403932571e-03,-2.102087996900081635e-02,-1.151855755597352982e-02,2.525172196328639984e-03,2.820128016173839569e-02,1.904366910457611084e-02,-1.631199382245540619e-02,-1.515428535640239716e-02,-2.289402671158313751e-02,-2.833135984838008881e-02,-1.071856729686260223e-02,1.616240246221423149e-03,2.108591981232166290e-02,-7.661694195121526718e-03,-4.464335367083549500e-02,-2.754437737166881561e-03,-2.402572147548198700e-02,2.145014330744743347e-02,6.003178190439939499e-03,-1.371040008962154388e-02,-2.845493378117680550e-03,1.378844864666461945e-02,-2.137209475040435791e-02,3.699466586112976074e-02,-1.264374703168869019e-02,9.677929803729057312e-03,-1.159660518169403076e-02,2.925167325884103775e-03,-2.221517352154478431e-04,-1.563557982444763184e-02,2.679641917347908020e-02,-2.994434721767902374e-02,-2.786957658827304840e-03,-1.378031796775758266e-03,-1.604045275598764420e-03,2.390864863991737366e-02,3.217846620827913284e-03,-7.739742286503314972e-03,2.025340870022773743e-02,-1.684532128274440765e-02,1.446486264467239380e-02,-3.473128005862236023e-02,-3.787920996546745300e-02,4.162550345063209534e-02,-1.419169548898935318e-02,1.113482285290956497e-02,1.434779074043035507e-02,-2.355743385851383209e-02,1.750872842967510223e-02,-3.720279550179839134e-03,-5.567411426454782486e-03,1.940789073705673218e-02,-2.768095955252647400e-02,-1.222749147564172745e-02,9.014523588120937347e-03,1.800302974879741669e-02,-4.838964901864528656e-03,-1.598679460585117340e-02,-1.172668486833572388e-02,-7.479582913219928741e-03,2.739803632721304893e-03,-8.949483744800090790e-03,-1.482908613979816437e-02,-1.717052049934864044e-02,1.632500253617763519e-02,4.377182107418775558e-03,1.038686372339725494e-02,7.915349677205085754e-03,-2.215257287025451660e-02,-1.094620674848556519e-02,5.847082473337650299e-03,-2.007129788398742676e-02,-4.042877256870269775e-02,-4.758315533399581909e-02,-1.650711335241794586e-02,2.742080017924308777e-02,-2.795087639242410660e-03,-1.822416670620441437e-02,-8.821029914543032646e-04,-1.182424463331699371e-02,-4.459132254123687744e-02,-3.723531495779752731e-03,-3.027605125680565834e-03,-2.116396650671958923e-02,2.082901308313012123e-03,1.359332911670207977e-02,1.596728339791297913e-03,2.597691677510738373e-02,5.617816932499408722e-04,9.177123196423053741e-03,-1.235757116228342056e-02,1.262586098164319992e-03,-8.838915266096591949e-03,-4.958638176321983337e-02,5.843830760568380356e-03,6.407441833289340138e-05,-2.345336973667144775e-02,-1.973308995366096497e-02,-4.095478216186165810e-04,-8.690949762240052223e-04,1.446486264467239380e-02,1.935585960745811462e-02,-6.691990711260586977e-05,5.678791785612702370e-04,-6.289353594183921814e-03,9.749474003911018372e-03,1.203237194567918777e-02,-9.847033768892288208e-03,-2.009731344878673553e-02,-8.799891918897628784e-03,9.456794708967208862e-03,1.154457312077283859e-02,2.811347600072622299e-03,-3.535566106438636780e-02,-2.489400329068303108e-03,1.662418618798255920e-02,-7.531614508479833603e-03,-1.759978383779525757e-02,3.242236562073230743e-03,-1.857538148760795593e-02,-9.489314630627632141e-03,-1.494615804404020309e-02,1.663719303905963898e-02,1.964203547686338425e-03,-3.270203620195388794e-02,-1.622093841433525085e-02,-2.576878853142261505e-02,-2.037048153579235077e-02,-1.239009108394384384e-02,9.625897742807865143e-03,-2.031844854354858398e-02,-3.475729748606681824e-02,2.341434545814990997e-02,-2.068267203867435455e-02,-6.396669428795576096e-03,-1.310553029179573059e-02,-7.069831714034080505e-03,-1.499818917363882065e-02,2.180135808885097504e-02,-1.559655647724866867e-02,-8.175509050488471985e-03,-5.837326752953231335e-04,2.859151922166347504e-02,3.975235670804977417e-02,-5.736514925956726074e-03,-1.658516190946102142e-02,5.247903172858059406e-04,5.303999874740839005e-03,7.726734038442373276e-03,7.434054743498563766e-03,-9.203138761222362518e-03,4.110518377274274826e-03,8.247053250670433044e-03,-7.759253960102796555e-03,-1.051694341003894806e-02,-1.763880811631679535e-02,-3.110530786216259003e-03,1.606484316289424896e-02,-2.809721603989601135e-02,-8.012909442186355591e-03,2.057340592145919800e-01,-5.934886168688535690e-03,2.720291726291179657e-03,5.492615513503551483e-03,1.436079945415258408e-02,1.579167507588863373e-02,2.703056111931800842e-02,8.546235971152782440e-03,8.227541111409664154e-03,5.778790917247533798e-03,-3.598004579544067383e-02,-1.024377625435590744e-02,2.841428504325449467e-04,8.116973564028739929e-03,2.285500429570674896e-02,-4.724494740366935730e-02,-1.452990248799324036e-02,-1.214294042438268661e-02,-4.136534407734870911e-02,-1.722255162894725800e-02,9.120822505792602897e-05,-5.082864314317703247e-03,-2.223062142729759216e-02,-9.990121237933635712e-03,2.238671667873859406e-02,-5.918626207858324051e-03,-2.139811031520366669e-02,1.897862926125526428e-02,2.449400722980499268e-02,1.167465350590646267e-03,6.601545028388500214e-04,1.575265266001224518e-02,2.079974487423896790e-02,-1.789896748960018158e-02,1.002264115959405899e-02,2.678828896023333073e-04,6.143013946712017059e-03,1.008117664605379105e-02,7.999901659786701202e-03,7.225927431136369705e-03,7.531614508479833603e-03,-1.112831849604845047e-02,-3.190204733982682228e-03,2.445498295128345490e-02,5.437331739813089371e-03,1.473802980035543442e-02,4.539781715720891953e-03,1.879651681520044804e-03,-4.702381324023008347e-03,5.284487735480070114e-03,-2.079974487423896790e-02,-7.440559100359678268e-03,3.621418774127960205e-02,2.991833165287971497e-02,-1.329251914285123348e-03,4.012958612293004990e-03,1.910870894789695740e-02,1.000963337719440460e-02,-1.927781105041503906e-02,3.199960570782423019e-03,-1.424372754991054535e-02,7.902341894805431366e-03,-1.696239225566387177e-02,3.327438607811927795e-02,-5.157660227268934250e-03,6.211305502802133560e-03,-2.515741437673568726e-02,-1.305349823087453842e-02,1.219497155398130417e-02,-3.402885049581527710e-02,-3.482884028926491737e-03,-3.642231598496437073e-02,-7.817789912223815918e-03,4.917012527585029602e-03,3.719466330949217081e-04,-1.562257204204797745e-02,2.338832989335060120e-02,-5.570663139224052429e-03,-2.690048143267631531e-02,2.173631824553012848e-02,2.350540272891521454e-02,-2.631512284278869629e-02,1.081612706184387207e-02,6.407441833289340138e-05,3.447112161666154861e-03,-3.722881153225898743e-02,2.729072049260139465e-02,2.360946498811244965e-03,-6.640568841248750687e-03,-1.447787042707204819e-02,1.895261183381080627e-02,-1.469900645315647125e-02,-1.118035055696964264e-02,-1.355430483818054199e-02,-1.650132071517873555e-05,2.528749406337738037e-02,2.380458451807498932e-02,2.232167683541774750e-02,-1.921277120709419250e-02,1.852335035800933838e-02,-2.154119871556758881e-02,-1.109579857438802719e-02,9.430778212845325470e-03,1.972333528101444244e-03,-5.050344392657279968e-03,-1.327463332563638687e-02,3.707271441817283630e-02,2.143063116818666458e-03,1.363235246390104294e-02,-1.836725324392318726e-02,3.358658030629158020e-02,-3.519956767559051514e-02,1.339820958673954010e-02,2.286150818690657616e-03,4.094909131526947021e-02,1.723556034266948700e-02,-3.501745685935020447e-02,-4.282223805785179138e-02,-1.110555487684905529e-03,-8.689324371516704559e-03,8.422660641372203827e-03,-2.115095965564250946e-02,-1.203887630254030228e-02,2.288101986050605774e-02,-2.167127840220928192e-02,-1.761279068887233734e-02,-2.552163787186145782e-02,8.110469207167625427e-03,1.672825030982494354e-02,-3.735889121890068054e-02,1.985016278922557831e-02,-1.434779074043035507e-02,2.116396650671958923e-02,1.415267121046781540e-02,3.305650316178798676e-03,3.996698651462793350e-03,1.047141617164015770e-03,-5.222700070589780807e-03,-1.350227277725934982e-02,9.808009490370750427e-03,7.492590695619583130e-03,-3.778815269470214844e-03,1.248114742338657379e-02,4.159948974847793579e-02,-4.978800658136606216e-03,-1.472502201795578003e-02,1.845831051468849182e-02,-1.363235246390104294e-02,-8.650300092995166779e-03,-3.488737717270851135e-02,-4.144339263439178467e-02,8.630787953734397888e-03,1.736564002931118011e-02,-7.154383696615695953e-03,1.774287037551403046e-02,-9.352730587124824524e-03,-2.857688523363322020e-04,-3.218171745538711548e-02,1.688434556126594543e-02,2.103388682007789612e-02,-2.156721428036689758e-02,1.553151663392782211e-02,2.115095965564250946e-02,-1.922577992081642151e-02,-1.732661575078964233e-02,4.178810399025678635e-03,-1.636922955513000488e-01,1.106978300958871841e-02,1.987617835402488708e-02,-7.173895370215177536e-03,7.824294269084930420e-03,1.300796982832252979e-03,3.075084090232849121e-02,-2.897525439038872719e-03,-1.875749230384826660e-02,8.370628580451011658e-03,2.531350962817668915e-02,1.248765178024768829e-02,-1.615589857101440430e-02,-1.248114742338657379e-02,-2.420783229172229767e-02,1.906968466937541962e-02,-3.648735582828521729e-03,9.625897742807865143e-03,4.094909131526947021e-02,-7.102351635694503784e-03,2.003227360546588898e-02,4.025966860353946686e-03,1.423071976751089096e-02,-8.325100876390933990e-03,3.111506439745426178e-02,1.753474399447441101e-02,-1.796400733292102814e-02,2.609723946079611778e-03,-6.503985263407230377e-03,-7.421046961098909378e-03,-1.985016278922557831e-02,-2.445498481392860413e-03,1.977211423218250275e-02,-2.307613939046859741e-02,-8.090957067906856537e-03,-2.030544169247150421e-02,-6.627560593187808990e-03,1.573964394629001617e-02,3.225569962523877621e-04,1.042263582348823547e-03,1.479006186127662659e-02,-1.935585960745811462e-02,2.245175652205944061e-02,1.016572862863540649e-02,-6.139761768281459808e-03,1.913472451269626617e-02,1.648109778761863708e-02,-2.921590022742748260e-02,1.701442524790763855e-02,-1.605183444917201996e-02,4.383685998618602753e-03,-3.543370962142944336e-02,-3.142237837892025709e-04,-4.851972684264183044e-03,2.592488378286361694e-02,1.342422515153884888e-02,-5.658466834574937820e-03,3.762555308640003204e-03,6.445449311286211014e-03,-7.486086804419755936e-03,3.242236562073230743e-03,3.873123088851571083e-03,2.480619959533214569e-02,-2.238671667873859406e-02,2.530050277709960938e-02,-3.166139870882034302e-02,-1.616890728473663330e-02,6.084477994590997696e-03,-3.936211764812469482e-02,2.056560106575489044e-02,-2.872159890830516815e-02,-1.536241266876459122e-02,2.226964570581912994e-02,-4.988556727766990662e-03,8.136485703289508820e-03,9.821017272770404816e-03,1.017223298549652100e-02,1.046491228044033051e-02,1.186326891183853149e-02,1.310553029179573059e-02,-1.553151663392782211e-02,3.970032557845115662e-02,-2.155420742928981781e-02,1.316406577825546265e-02,8.442172780632972717e-03,-4.138160438742488623e-04,-9.456794708967208862e-03,-7.642182521522045135e-03,3.707271534949541092e-03,6.487725302577018738e-03,-6.770648527890443802e-03,-2.193143777549266815e-02,1.438681501895189285e-02,-1.365836896002292633e-02,3.223374858498573303e-02,2.853948622941970825e-02,1.847131736576557159e-02,-1.172018144279718399e-02,1.489412598311901093e-02,-2.012332901358604431e-02,1.007467322051525116e-02,-1.965504325926303864e-02,-2.160623855888843536e-02,2.350540272891521454e-02,8.819404058158397675e-03,-7.837302051484584808e-03,1.032832823693752289e-02,1.845831051468849182e-02,3.443859983235597610e-03,-1.695914077572524548e-03,-8.260061033070087433e-03,2.111762587446719408e-04,2.210054174065589905e-02,1.206489186733961105e-02,5.681231152266263962e-03,2.065665647387504578e-02,7.199911400675773621e-03,-2.221761271357536316e-02,2.632813155651092529e-02,7.837302051484584808e-03,5.122538655996322632e-02,-1.536241266876459122e-02,-1.170066930353641510e-02,-1.166814938187599182e-02,-2.945004403591156006e-02,-2.466311119496822357e-02,-1.048962697386741638e-01,1.689735241234302521e-02,2.245175652205944061e-02,-4.819452762603759766e-03,2.210054174065589905e-02,2.053958550095558167e-02,4.764168988913297653e-04,-2.560944063588976860e-03,-2.246476523578166962e-02,6.609674892388284206e-04,-3.545972704887390137e-02,-9.671425446867942810e-03,3.382072318345308304e-03,-1.334617752581834793e-02,1.806806959211826324e-02,-5.536517128348350525e-04,2.242574095726013184e-02,-4.900752566754817963e-03,6.269841454923152924e-03,2.892972528934478760e-02,-1.320959348231554031e-02,7.583646569401025772e-03,9.781993925571441650e-03,-3.967430815100669861e-02,2.524846978485584259e-02,1.922577992081642151e-02,-1.503721345216035843e-02,3.326788311824202538e-03,2.198346890509128571e-02,1.533639710396528244e-02,8.936475031077861786e-03,-4.416205920279026031e-03,-1.482908613979816437e-02,4.077998455613851547e-03,8.455180563032627106e-03,-1.495916582643985748e-02,-3.127115964889526367e-02,-1.912171579897403717e-02,3.447112068533897400e-02,-2.913785353302955627e-02,-8.149493485689163208e-03,-3.720279550179839134e-03,7.264951243996620178e-03,2.396718598902225494e-03,1.828920654952526093e-02,-2.749966224655508995e-04,-4.025966860353946686e-03,1.944691501557826996e-02,2.546960487961769104e-02,-8.247053250670433044e-03,-3.408088162541389465e-02,6.170655833557248116e-04,-1.680629700422286987e-02,-5.235707852989435196e-03,2.194444648921489716e-02,-2.457205578684806824e-02,5.089368205517530441e-03,5.570663139224052429e-03,-2.572976425290107727e-02,-2.428588084876537323e-02,-2.541757375001907349e-02,4.595065489411354065e-03,-5.099124275147914886e-03,1.235757116228342056e-02,1.192830875515937805e-02,4.130030574742704630e-04,1.047141570597887039e-02,-1.515428535640239716e-02,1.752173528075218201e-02,-2.405173704028129578e-02,1.882253214716911316e-02,-1.795099931769073009e-03,-1.479006186127662659e-02,1.792498305439949036e-02,-2.895574085414409637e-02,1.333316974341869354e-02,2.248752862215042114e-03,-9.255170822143554688e-03,5.082864314317703247e-03,-2.402572147548198700e-02,-9.573865681886672974e-03,-9.014523588120937347e-03,2.129404619336128235e-02,1.002264115959405899e-02,3.904992714524269104e-02,-2.687446586787700653e-02,1.254618726670742035e-02,-7.460070773959159851e-03,1.610386744141578674e-02,-5.765782669186592102e-03,-3.328211096231825650e-05,2.320621907711029053e-02,2.962565282359719276e-03,-3.431502357125282288e-02,9.027531370520591736e-03,2.955410815775394440e-02,9.056799462996423244e-04,4.451977554708719254e-03,-2.806469565257430077e-03,1.537542045116424561e-02,-1.555753219872713089e-02,-1.277382671833038330e-02,-6.795363873243331909e-02,1.943390816450119019e-02,-5.873098503798246384e-03,1.343723293393850327e-02,-8.754364214837551117e-03,-2.484522201120853424e-02,8.982003666460514069e-03,-2.981426753103733063e-02,1.809733803384006023e-03,-1.556078437715768814e-03,-5.583671387284994125e-03,3.215570375323295593e-02,-6.920239888131618500e-03,-1.058848761022090912e-02,-6.217809859663248062e-03,1.595915295183658600e-03,-1.646321266889572144e-03,-5.560907069593667984e-03,8.338108658790588379e-03,-6.474717054516077042e-03,-1.075759157538414001e-02,1.480306964367628098e-02,-1.113482285290956497e-02,1.927781105041503906e-02,-9.925081394612789154e-03,4.403197672218084335e-03,7.635678630322217941e-03,2.859151922166347504e-02,-9.801505133509635925e-03,-7.141375448554754257e-03,7.017799653112888336e-03,-1.446486264467239380e-02,6.731624715030193329e-03,-4.351166076958179474e-03,8.988507091999053955e-03,-2.189241349697113037e-02,-1.395755168050527573e-02,7.954373955726623535e-03,-2.091031288728117943e-03,3.397681936621665955e-02,-1.558354776352643967e-02,-2.308914624154567719e-02,5.873911504750140011e-05,-1.010719314217567444e-02,1.753474399447441101e-02,2.876387443393468857e-03,-6.308865733444690704e-03,2.684845030307769775e-02,2.022739313542842865e-02,-1.301447395235300064e-02,4.068893194198608398e-02,2.788908779621124268e-02,2.393466420471668243e-02,-1.452990248799324036e-02,-7.986893877387046814e-03,-1.339820958673954010e-02,1.346324943006038666e-02,5.372291430830955505e-03,5.687735043466091156e-03,-4.677665978670120239e-02,2.939801290631294250e-02,1.559655647724866867e-02,1.834123767912387848e-02,-1.027629617601633072e-02,1.014621648937463760e-02,-3.046466596424579620e-02,3.730686008930206299e-02,1.386649627238512039e-02,-2.295906655490398407e-03,5.902366247028112411e-03,-1.104376651346683502e-02,-2.887769369408488274e-03,-2.788583515211939812e-03,1.679329015314579010e-02,9.827521629631519318e-03,1.386649627238512039e-02,-8.578755892813205719e-03,7.552752504125237465e-04,-1.125189382582902908e-02,-1.659817062318325043e-02,2.488424628973007202e-02,-1.505022123456001282e-02,-1.365836896002292633e-02,7.004791870713233948e-03,2.669235505163669586e-02,-1.294293068349361420e-02,6.113745737820863724e-03,-1.373641658574342728e-02,3.382072318345308304e-04,3.824343206360936165e-03,6.217809859663248062e-03,1.841928623616695404e-02,9.703945368528366089e-03,3.759303363040089607e-03,-1.988918706774711609e-02,1.956398785114288330e-02,1.171530340798199177e-03,1.804205402731895447e-02,2.118998393416404724e-02,3.460120037198066711e-02,-2.882566116750240326e-02,1.619492308236658573e-03,-1.255269162356853485e-02,-7.570638787001371384e-03,4.471489693969488144e-03,-1.834123767912387848e-02,-1.013971306383609772e-02,-6.900728214532136917e-03,7.251943461596965790e-03,2.502733469009399414e-02,7.921854034066200256e-03,1.629898697137832642e-02,3.605809435248374939e-02,1.240960322320461273e-02,-8.982003666460514069e-03,1.294293068349361420e-02,-7.206415291875600815e-03,8.279573172330856323e-03,-2.729072049260139465e-02,2.783705666661262512e-02,3.051669709384441376e-02,1.499818917363882065e-02,1.559655647724866867e-02,5.251967813819646835e-03,4.159948974847793579e-02,2.931996434926986694e-02,1.395755168050527573e-02,1.274130679666996002e-02,-1.122587826102972031e-02,1.581769250333309174e-02,2.367450483143329620e-02,-3.521907841786742210e-03,-4.838964901864528656e-03,-2.370052225887775421e-02,-5.671475082635879517e-03,9.489314630627632141e-03,8.983629522845149040e-04,3.374267369508743286e-02,9.406388271600008011e-04,5.221399292349815369e-02,1.070555951446294785e-02,-3.632475621998310089e-03,-8.988507091999053955e-03,2.491026371717453003e-02,2.029243297874927521e-02,-1.570061966776847839e-02,2.208753302693367004e-02,-2.988581079989671707e-03,-1.943390816450119019e-02,1.878350973129272461e-02,8.845419622957706451e-03,1.854936592280864716e-02,-2.012332901358604431e-02,-3.314430639147758484e-02,1.927781105041503906e-02,8.916963823139667511e-03,9.827521629631519318e-03,-6.965768057852983475e-03,2.288101986050605774e-02,2.827932685613632202e-02,2.186964964494109154e-03,-1.254618726670742035e-02,-2.984028309583663940e-02,-1.906968466937541962e-02,5.801554769277572632e-03,2.392165735363960266e-02,-1.840627752244472504e-02,-6.122892227722331882e-05,-2.488424628973007202e-02,9.417770430445671082e-03,-8.526724763214588165e-03,-3.023052215576171875e-02,-3.600605949759483337e-02,9.599882178008556366e-03,-2.729072049260139465e-02,-4.965792410075664520e-03,-1.195920282043516636e-03,2.462408691644668579e-02,-3.094270825386047363e-03,-5.564159248024225235e-03,1.286488212645053864e-02,-9.411266073584556580e-03,2.304036635905504227e-03,2.596390806138515472e-02,-6.868208292871713638e-03,1.891358941793441772e-02,5.528387147933244705e-03,-1.839327067136764526e-02
-1.362205017358064651e-02,2.919010818004608154e-03,-1.443726941943168640e-02,-2.153756469488143921e-02,-1.633068174123764038e-02,3.963017091155052185e-02,-5.137853324413299561e-03,1.655914005823433399e-03,6.538189481943845749e-03,-5.559433484449982643e-04,1.367464475333690643e-02,1.429263316094875336e-02,1.293174363672733307e-02,-1.228088326752185822e-02,1.117639243602752686e-02,-1.629123464226722717e-02,2.421990036964416504e-02,1.080165430903434753e-02,-1.726793707348406315e-04,-2.607386559247970581e-02,-2.366765402257442474e-02,-2.061715722084045410e-02,-2.377284318208694458e-02,-6.216046400368213654e-03,-1.510785240679979324e-02,1.508155558258295059e-02,2.260261029005050659e-02,2.233223931398242712e-04,-1.017051748931407928e-02,-1.928913779556751251e-02,2.976536285132169724e-03,-7.849772460758686066e-03,-2.787523716688156128e-02,4.901176784187555313e-03,-3.944608941674232483e-02,2.757939277216792107e-03,7.356695830821990967e-03,-2.174794487655162811e-02,7.172614336013793945e-03,-4.772976972162723541e-03,2.249742113053798676e-02,-3.530425019562244415e-03,8.375720120966434479e-03,1.290544588118791580e-02,-1.746146939694881439e-02,-7.047701627016067505e-03,9.342148900032043457e-03,-5.867606028914451599e-03,-3.489664196968078613e-02,8.908241987228393555e-03,-1.942062564194202423e-02,1.285942550748586655e-02,-2.095902338624000549e-02,3.626410663127899170e-02,-1.246496476233005524e-02,-3.149112919345498085e-03,2.002546563744544983e-02,1.581788249313831329e-02,-2.826969884335994720e-02,1.071618776768445969e-02,-1.383900293149054050e-03,4.957058932632207870e-03,-9.046303108334541321e-03,8.520355448126792908e-03,-1.514729857444763184e-02,-1.133417710661888123e-02,-3.490979084745049477e-03,-8.408592082560062408e-03,-1.349056325852870941e-02,-1.522619090974330902e-02,4.070836678147315979e-02,3.460736945271492004e-02,4.154988098889589310e-03,-1.888152956962585449e-02,9.769481606781482697e-03,-4.062947258353233337e-02,-8.204787038266658783e-03,-9.973286651074886322e-03,-1.643587090075016022e-02,7.429013960063457489e-03,1.131445355713367462e-02,-9.545953944325447083e-03,-9.802353568375110626e-03,3.977480810135602951e-03,2.556106634438037872e-02,-1.940747722983360291e-02,9.677440859377384186e-03,2.261575870215892792e-02,7.711710873991250992e-03,-2.491678111255168915e-02,2.011750638484954834e-02,3.886754810810089111e-02,-1.337879896163940430e-02,-1.738257706165313721e-02,-1.542342174798250198e-02,2.464065700769424438e-02,-2.043307572603225708e-02,1.955211162567138672e-02,9.442407754249870777e-04,-3.857827559113502502e-02,-2.130088955163955688e-02,-1.446356647647917271e-03,-2.266835421323776245e-02,3.813122166320681572e-03,-1.134075131267309189e-02,-2.081438712775707245e-02,-3.694783896207809448e-03,-8.375720120966434479e-03,1.336565054953098297e-02,-1.410855166614055634e-02,-3.282243385910987854e-03,2.539013326168060303e-02,-9.302702732384204865e-03,-1.710645481944084167e-02,1.819450873881578445e-03,-2.737558633089065552e-02,1.177465822547674179e-02,-2.766485884785652161e-02,1.587047800421714783e-02,-2.863786183297634125e-02,1.743517257273197174e-02,3.934090211987495422e-02,2.559065120294690132e-03,-5.202980537433177233e-05,1.339523470960557461e-03,9.039728902280330658e-04,-2.761226333677768707e-02,-1.871059648692607880e-02,-1.124871056526899338e-02,-4.655460361391305923e-04,8.277104236185550690e-03,1.363519858568906784e-02,1.694867014884948730e-02,1.102846930734813213e-03,6.432999856770038605e-03,1.281340513378381729e-02,-8.957549580372869968e-04,-3.321360796689987183e-02,-3.872291184961795807e-03,-2.987383864820003510e-02,1.055840402841567993e-02,-8.962686115410178900e-05,-1.396227278746664524e-03,-2.927228575572371483e-03,4.500141367316246033e-03,6.265353877097368240e-03,1.798741705715656281e-02,2.244482561945915222e-02,-1.850021630525588989e-02,-1.550231315195560455e-02,8.582606096751987934e-05,-2.026542788371443748e-03,9.230385534465312958e-03,1.996958395466208458e-03,1.023626048117876053e-02,4.602043889462947845e-03,-5.745980422943830490e-03,2.851623576134443283e-03,-2.237908169627189636e-02,-2.394377626478672028e-02,-2.347042318433523178e-03,1.328675821423530579e-02,4.407443106174468994e-02,-1.201790850609540939e-02,6.630230229347944260e-03,2.511401101946830750e-02,3.170479554682970047e-03,-1.329333242028951645e-02,-1.163002196699380875e-02,-4.756540991365909576e-03,1.796112023293972015e-02,1.233347784727811813e-02,-2.884824015200138092e-02,-8.540078997611999512e-03,-2.675759792327880859e-02,2.122199721634387970e-02,-3.915024455636739731e-03,1.685662940144538879e-02,-3.615891560912132263e-02,6.791302002966403961e-03,-2.112995646893978119e-02,-6.117431446909904480e-03,2.333893626928329468e-02,3.707932680845260620e-02,-1.086739823222160339e-02,-6.751855835318565369e-03,-4.888027906417846680e-03,2.834859117865562439e-02,5.972795654088258743e-03,-1.986768096685409546e-02,2.698112651705741882e-02,1.828983798623085022e-02,-3.347658365964889526e-02,-5.423837341368198395e-03,-6.378695964813232422e-01,-2.081438712775707245e-02,-2.055141329765319824e-02,4.099106416106224060e-03,-1.817149855196475983e-02,6.216046400368213654e-03,6.426425650715827942e-03,4.299623891711235046e-03,-1.414799783378839493e-02,-1.950937905348837376e-03,-5.154289305210113525e-03,4.294364526867866516e-02,-1.852322719059884548e-03,-1.767184771597385406e-02,-2.215555496513843536e-02,-2.212925627827644348e-02,-1.443726941943168640e-02,-9.480210021138191223e-03,3.088300116360187531e-03,-1.502896007150411606e-02,-1.727738790214061737e-02,-3.635614644736051559e-03,1.004560478031635284e-02,-2.792783267796039581e-02,2.364135719835758209e-02,-7.843197323381900787e-03,4.144469276070594788e-02,7.318071438930928707e-04,-1.610715314745903015e-02,1.732998155057430267e-02,-2.908491715788841248e-02,2.992643415927886963e-02,1.034144964069128036e-02,1.522619090974330902e-02,5.322592332959175110e-02,-2.384844934567809105e-03,-3.376585245132446289e-02,2.435138635337352753e-02,1.042034197598695755e-02,1.835558004677295685e-02,-6.350820418447256088e-03,-3.045238181948661804e-02,2.945308014750480652e-02,-1.476598624140024185e-02,4.401526413857936859e-03,2.157701179385185242e-02,2.134033478796482086e-02,3.911737294401973486e-04,-1.572091015987098217e-03,-3.489664196968078613e-02,-8.434888906776905060e-03,-2.724410034716129303e-02,-2.086698263883590698e-02,3.750008344650268555e-02,5.466570612043142319e-03,1.170234009623527527e-02,3.387104347348213196e-02,-1.792167313396930695e-02,2.562352223321795464e-03,-7.494757417589426041e-03,5.210170987993478775e-03,2.460121177136898041e-02,-9.151493199169635773e-03,-4.608618095517158508e-03,-1.166289392858743668e-02,-6.797876209020614624e-03,-3.402225207537412643e-03,1.640957407653331757e-02,2.185313403606414795e-02,-1.926284097135066986e-02,-8.213826804421842098e-04,1.734313182532787323e-02,-2.019968582317233086e-03,-5.370420985855162144e-04,-5.798575468361377716e-03,-1.745489542372524738e-03,9.651143103837966919e-03,-1.255043130367994308e-02,-3.671773709356784821e-03,1.744256878737360239e-04,5.864318925887346268e-03,-2.902574837207794189e-03,-1.396391633898019791e-02,-2.425934560596942902e-02,3.050497733056545258e-02,-2.900602482259273529e-02,-2.264205552637577057e-02,9.835225529968738556e-03,6.301512941718101501e-03,5.962933879345655441e-03,7.185762748122215271e-03,-3.389076562598347664e-03,-2.172616768802981824e-05,-2.598182484507560730e-02,6.541476584970951080e-03,1.226773392409086227e-02,-1.860540546476840973e-02,1.973619312047958374e-02,1.009162515401840210e-02,-1.203105784952640533e-02,3.665199270471930504e-03,-1.810575649142265320e-02,1.917080022394657135e-02,-8.776755072176456451e-03,7.106870878487825394e-03,-5.464926944114267826e-04,-2.068289928138256073e-02,-2.394377626478672028e-02,2.206351421773433685e-02,-4.097133874893188477e-02,5.180586595088243484e-03,1.918394863605499268e-02,-2.024899236857891083e-03,1.750091463327407837e-02,1.884208247065544128e-02,-2.560051344335079193e-02,1.969674788415431976e-02,-8.093022741377353668e-03,5.164150614291429520e-03,-1.504210941493511200e-02,1.688292622566223145e-02,-7.060850039124488831e-03,1.798741705715656281e-02,-3.815751895308494568e-02,9.473635815083980560e-03,3.413401544094085693e-02,1.225458551198244095e-02,-1.809260621666908264e-02,-1.412170007824897766e-02,-1.049430342391133308e-03,-7.659115828573703766e-03,-3.813122166320681572e-03,2.291817776858806610e-02,-4.335782956331968307e-03,2.389118261635303497e-02,-2.361834747716784477e-03,-4.960346035659313202e-03,1.535767782479524612e-02,4.026130959391593933e-02,-1.392447017133235931e-02,-2.469325251877307892e-02,1.487117633223533630e-02,1.781648397445678711e-02,8.651842363178730011e-03,-6.087846588343381882e-03,-3.239838778972625732e-02,-3.565926477313041687e-02,-1.679088547825813293e-02,-3.358177095651626587e-02,3.454820020124316216e-03,-6.672963500022888184e-04,7.133167819119989872e-04,-4.094504192471504211e-02,-1.220856513828039169e-02,-8.217935450375080109e-03,8.152191876433789730e-04,2.536383643746376038e-02,4.085957538336515427e-03,-8.737308904528617859e-03,-3.660597279667854309e-02,1.634383015334606171e-02,7.849772460758686066e-03,-1.454245857894420624e-02,-1.853966340422630310e-02,6.258779671043157578e-03,-1.030857861042022705e-02,4.079383332282304764e-03,-4.128690809011459351e-03,8.007556200027465820e-03,-1.963100396096706390e-02,1.450465642847120762e-03,-1.537082623690366745e-02,-1.852651312947273254e-02,1.195873972028493881e-02,1.811890490353107452e-02,-1.368286320939660072e-03,-2.942021004855632782e-03,2.686237712623551488e-05,4.161562770605087280e-03,1.122241280972957611e-02,7.882643491029739380e-03,1.280683092772960663e-02,-1.188642159104347229e-02,-1.034144964069128036e-02,2.320745028555393219e-03,-5.114843137562274933e-03,1.689607510343194008e-03,-5.657226778566837311e-03,1.032830122858285904e-02,5.492867901921272278e-03,-1.441097166389226913e-02,-1.351686008274555206e-02,2.168220095336437225e-02,-9.907542727887630463e-03,1.755351014435291290e-02,2.183998562395572662e-02,1.556805707514286041e-02,-3.237866563722491264e-03,2.616590633988380432e-02,3.118870966136455536e-02,1.025598379783332348e-03,-5.220032762736082077e-03,6.321893632411956787e-02,-3.426550328731536865e-02,2.403581701219081879e-02,-4.694084823131561279e-02,9.197513572871685028e-03,-2.189258113503456116e-02,1.228745747357606888e-02,-1.665939949452877045e-02,-2.274724468588829041e-02,-6.479677557945251465e-02,-2.044622413814067841e-02,1.068989094346761703e-02,-2.547560143284499645e-04,3.487034514546394348e-02,-2.578788204118609428e-03,3.047867864370346069e-02,1.110407430678606033e-02,-8.454612456262111664e-03,2.031473629176616669e-02,-1.131445355713367462e-02,2.005176246166229248e-02,-8.803052827715873718e-03,-2.437768317759037018e-02,4.180874675512313843e-04,3.018940798938274384e-02,5.072109866887331009e-03,2.059085853397846222e-02,1.233347784727811813e-02,1.028885506093502045e-02,6.898957071825861931e-04,4.878166597336530685e-03,2.204050309956073761e-03,1.447671558707952499e-02,4.519864451140165329e-03,9.802353568375110626e-03,-1.809260621666908264e-02,1.563380099833011627e-02,2.396350027993321419e-03,1.314869709312915802e-02,1.191929355263710022e-02,-5.210170987993478775e-03,-1.251098513603210449e-02,-7.618025992996990681e-04,1.276738476008176804e-02,4.039279744029045105e-02,-4.125403647776693106e-04,2.743146847933530807e-03,6.311374716460704803e-03,1.323416363447904587e-02,6.166738923639059067e-03,-1.533138100057840347e-02,-1.719849556684494019e-02,1.729053631424903870e-02,-2.345727570354938507e-02,1.936803013086318970e-02,5.515878554433584213e-03,2.753337100148200989e-02,6.308087147772312164e-03,-4.348931368440389633e-03,-2.496937476098537445e-02,6.672963500022888184e-03,-9.854948148131370544e-03,2.462750859558582306e-02,-2.072563394904136658e-03,-4.855156410485506058e-03,2.861485118046402931e-03,-2.414100803434848785e-02,-3.032089583575725555e-02,7.389567792415618896e-03,2.171178581193089485e-03,-2.120227320119738579e-03,-2.258946187794208527e-02,1.031515281647443771e-02,-1.205571112222969532e-03,-1.120269019156694412e-02,2.513044746592640877e-03,2.670500241219997406e-02,-5.732832010835409164e-03,-2.481159009039402008e-02,-2.026214264333248138e-02,2.507456578314304352e-02,-2.948595210909843445e-03,2.430865308269858360e-03,-1.138019748032093048e-02,-3.608002513647079468e-02,1.421374175697565079e-02,-3.710562363266944885e-02,-5.581622011959552765e-03,-6.878412095829844475e-04,2.361506037414073944e-02,1.392447017133235931e-02,-1.257015392184257507e-02,-9.250108152627944946e-03,-1.433207932859659195e-02,2.239223010838031769e-02,-8.868795819580554962e-03,2.869045734405517578e-02,-1.051238272339105606e-02,-2.347042411565780640e-02,1.548916473984718323e-02,-6.590784527361392975e-03,-4.289762582629919052e-03,3.579075261950492859e-02,4.496854264289140701e-03,3.275669179856777191e-03,-1.060113660059869289e-03,-3.799973288550972939e-03,-1.860540546476840973e-02,-2.375969476997852325e-02,5.690098740160465240e-03,-2.159673487767577171e-03,4.427823703736066818e-03,-4.339070001151412725e-04,-1.169576589018106461e-02,-1.692237332463264465e-02,3.892014268785715103e-03,3.247728198766708374e-02,4.348931368440389633e-03,-3.591237764339894056e-04,-1.346426550298929214e-02,-6.903065834194421768e-03,1.859225705265998840e-02,1.017709150910377502e-01,2.966346032917499542e-02,-7.560500875115394592e-03,1.296461466699838638e-02,1.560750324279069901e-02,2.103791572153568268e-02,1.137362234294414520e-02,-2.575829625129699707e-02,1.243209280073642731e-02,-3.260876983404159546e-02,-6.105926004238426685e-04,-1.946007134392857552e-03,2.228704094886779785e-02,-2.544272923842072487e-03,9.828651323914527893e-03,9.565676562488079071e-03,-1.959155779331922531e-03,-1.145251467823982239e-02,-1.740887388586997986e-02,-2.958456752821803093e-03,-3.426550328731536865e-02,-1.195873972028493881e-02,1.128815580159425735e-02,3.216171264648437500e-02,-1.604141108691692352e-02,2.208981104195117950e-02,1.172206364572048187e-02,1.312239933758974075e-02,2.662611193954944611e-02,-1.332620438188314438e-02,-8.559801615774631500e-03,3.266136348247528076e-02,1.383242942392826080e-02,1.804001256823539734e-02,-1.744832098484039307e-02,7.435588166117668152e-03,8.927965536713600159e-03,8.599247783422470093e-03,1.362205017358064651e-02,-3.947896417230367661e-03,3.369353653397411108e-04,7.521054707467556000e-03,1.029542926698923111e-02,1.400336250662803650e-02,5.805971450172364712e-04,1.981508545577526093e-02,-1.497636549174785614e-02,1.130787935107946396e-02,-5.596085265278816223e-02,-8.553227409720420837e-03,3.810492530465126038e-02,-2.237908169627189636e-02,-2.626452129334211349e-03,-2.496937476098537445e-02,4.513290245085954666e-03,-3.368696197867393494e-02,-9.730035439133644104e-03,-1.857910864055156708e-02,4.740105010569095612e-03,3.247728198766708374e-02,-2.395692653954029083e-02,-1.242551859468221664e-02,2.072234638035297394e-02,6.179887335747480392e-03,-1.629123464226722717e-02,-4.388377536088228226e-03,-1.248468738049268723e-02,-1.631753332912921906e-02,-2.161645703017711639e-02,-4.865017719566822052e-03,-2.061715722084045410e-02,3.147469367831945419e-03,-2.095902338624000549e-02,1.322758942842483521e-02,2.829599566757678986e-02,8.112746290862560272e-03,2.335208654403686523e-02,2.738216193392872810e-03,-2.320745028555393219e-02,7.277803495526313782e-03,-1.371409092098474503e-02,-1.000615861266851425e-02,4.365367349237203598e-03,-9.611697867512702942e-03,-2.869703108444809914e-03,1.654106006026268005e-02,-1.471339166164398193e-02,-4.970207344740629196e-03,-2.222129702568054199e-02,-7.166039664298295975e-03,3.816409269347786903e-03,-6.488882005214691162e-03,5.282489117234945297e-03,1.175493467599153519e-02,3.157330909743905067e-03,2.080123871564865112e-02,3.571186214685440063e-02,1.087397243827581406e-02,-1.880263723433017731e-02,-9.355298243463039398e-03,-1.576528698205947876e-02,-1.594936847686767578e-02,4.112254828214645386e-03,-6.857045460492372513e-03,4.052428528666496277e-02,-1.068331580609083176e-02,1.409375923685729504e-03,4.510002955794334412e-02,-3.369353478774428368e-03,-1.484487857669591904e-02,8.967411704361438751e-03,-2.456176653504371643e-02,-1.606770791113376617e-02,-9.611697867512702942e-03,-1.241237018257379532e-02,4.391664639115333557e-03,6.791302002966403961e-03,2.620535343885421753e-02,-1.618604548275470734e-02,7.816900499165058136e-03,-5.555324256420135498e-03,-2.990013733506202698e-02,3.968276828527450562e-02,-8.099596947431564331e-03,-3.592224046587944031e-02,-1.755351014435291290e-02,6.922788918018341064e-03,-3.150427713990211487e-02,6.209472194314002991e-03,1.003245543688535690e-02,-1.681718416512012482e-02,3.818381577730178833e-02,-8.586099371314048767e-03,-6.765004713088274002e-03,-3.736859560012817383e-02,-3.368696197867393494e-02,4.786125849932432175e-03,-1.733984448947012424e-03,-8.270530030131340027e-03,2.703372016549110413e-02,-9.335574693977832794e-03,-1.512100175023078918e-02,-9.966712445020675659e-03,-1.798741705715656281e-02,-4.517892375588417053e-02,-2.006491087377071381e-02,-1.114352047443389893e-02,2.808561734855175018e-02,2.656036801636219025e-02,1.049923431128263474e-02,-1.198503747582435608e-02,5.349876009859144688e-04,-3.452847898006439209e-02,7.486539543606340885e-04,-5.200309678912162781e-03,-1.559435483068227768e-02,1.159550738520920277e-03,8.571306825615465641e-04,3.876235708594322205e-02,4.331180825829505920e-02,3.792084008455276489e-02,1.183382701128721237e-02,1.867114938795566559e-02,1.981508545577526093e-02,-7.803751621395349503e-03,3.624109667725861073e-04,-2.072234638035297394e-02,-8.628832292743027210e-04,-3.815751895308494568e-02,1.408554147928953171e-03,2.866415865719318390e-02,2.013065479695796967e-02,2.098532021045684814e-02,2.203721553087234497e-02,1.471339166164398193e-02,2.160330861806869507e-02,1.588362641632556915e-02,-8.349422365427017212e-03,-1.086082402616739273e-02,-4.383775591850280762e-02,-1.044663973152637482e-02,-1.149853505194187164e-02,1.037432160228490829e-02,-1.010477356612682343e-02,-5.151002202183008194e-03,-4.976781550794839859e-03,1.885523088276386261e-02,1.082795206457376480e-02,1.780004822649061680e-03,-2.886138856410980225e-03,1.661995239555835724e-02,-2.663926035165786743e-02,2.010435797274112701e-02,-1.860540546476840973e-02,3.402882814407348633e-02,-3.140894928947091103e-03,6.248918361961841583e-03,2.000245498493313789e-03,-5.979369860142469406e-03,1.706043374724686146e-03,7.212060038000345230e-03,1.141964364796876907e-02,-3.873606026172637939e-02,-4.110282659530639648e-02,-1.505525782704353333e-02,2.061715722084045410e-02,5.344945471733808517e-03,-5.624355282634496689e-03,2.319101477041840553e-03,-1.734313182532787323e-02,-3.939349576830863953e-02,-9.026580490171909332e-03,-1.222171355038881302e-02,-2.811191417276859283e-02,1.928913779556751251e-02,-8.605821989476680756e-03,-1.588362641632556915e-02,8.237658999860286713e-03,-8.724160492420196533e-03,6.258779671043157578e-03,3.451532917097210884e-03,-9.033154696226119995e-03,2.393062785267829895e-02,-6.607220042496919632e-03,3.631670027971267700e-02,5.348232574760913849e-03,2.222129702568054199e-02,-2.060400880873203278e-02,-2.236922038719058037e-03,1.409540325403213501e-02,7.659115828573703766e-03,1.827668957412242889e-02,2.832229249179363251e-02,-8.323125541210174561e-03,8.125894702970981598e-03,1.009819936007261276e-02,-3.313471563160419464e-03,2.246783580631017685e-03,-3.026830032467842102e-02,1.519989315420389175e-02,-5.386856500990688801e-04,-1.167604327201843262e-02,-1.111064851284027100e-02,-6.022103130817413330e-03,-1.103175710886716843e-02,-1.885523088276386261e-02,-1.347741391509771347e-02,2.382543869316577911e-02,5.966221215203404427e-04,-2.056456170976161957e-02,-2.097217179834842682e-02,1.253728289157152176e-02,-1.903931237757205963e-02,1.621234230697154999e-02,8.237658999860286713e-03,-1.965730264782905579e-02,9.342148900032043457e-03,-9.776055812835693359e-03,-1.793482340872287750e-02,1.765869930386543274e-02,-2.165590412914752960e-02,1.588362641632556915e-02,-3.105722181499004364e-02,2.393062924966216087e-03,1.337879919447004795e-03,-8.027279749512672424e-03,-2.329949103295803070e-02,-1.907875947654247284e-02,-3.014338668435811996e-03,2.357561327517032623e-02,1.503060455434024334e-03,3.193489741533994675e-03,-9.289554320275783539e-03,2.487733401358127594e-02,3.218800947070121765e-02,2.521262736991047859e-03,1.798741705715656281e-02,-2.031473629176616669e-02,-2.255001477897167206e-02,3.970906604081392288e-03,1.861855387687683105e-02,5.939923692494630814e-03,-9.263256564736366272e-03,-1.193901710212230682e-02,-1.658050715923309326e-02,-3.710562363266944885e-02,6.212759180925786495e-04,8.960836566984653473e-03,3.061016649007797241e-02,-2.698112651705741882e-02,-3.878865391016006470e-02,-1.137362234294414520e-02,-1.074248552322387695e-02,1.848706789314746857e-02,5.335083696991205215e-03,-1.848706789314746857e-02,1.391296507790684700e-03,2.045937255024909973e-02,-2.646832726895809174e-02,3.776305913925170898e-02,-9.716887027025222778e-03,-4.907750990241765976e-03,-3.691496560350060463e-03,6.709122564643621445e-03,1.032172702252864838e-02,-4.694084636867046356e-03,2.383858710527420044e-02,-3.316101431846618652e-02,-7.297526579350233078e-03,6.935937795788049698e-03,8.165340870618820190e-03,1.889467798173427582e-02,9.079175069928169250e-03,-1.364834699779748917e-02,2.255001477897167206e-02,-1.652791164815425873e-02,1.447671558707952499e-02,-2.673130109906196594e-02,-2.516660653054714203e-02,3.742119297385215759e-02,-3.092573583126068115e-02,1.483173016458749771e-02,1.832928322255611420e-02,-2.299707010388374329e-02,1.026255823671817780e-02,1.395405502989888191e-03,-1.413484942167997360e-02,1.310925092548131943e-02,-3.434439748525619507e-02,-2.112995646893978119e-02,1.664625108242034912e-02,-6.968809291720390320e-03,-1.130787935107946396e-02,-2.646832726895809174e-02,-9.545953944325447083e-03,-1.571269333362579346e-02,8.257381618022918701e-03,-8.369145914912223816e-03,-1.746146939694881439e-02,-7.060850039124488831e-03,1.940747722983360291e-02,1.731683313846588135e-02,1.116324402391910553e-02,9.355298243463039398e-03,-3.179354965686798096e-02,-6.022103130817413330e-03,1.109092589467763901e-02,-1.794797182083129883e-02,-3.899903595447540283e-02,-4.126061126589775085e-02,-1.587047800421714783e-02,3.255617246031761169e-02,-8.637050050310790539e-04,-8.244233205914497375e-03,-9.409536141902208328e-04,-1.093971543014049530e-02,-4.599414020776748657e-02,-6.163451820611953735e-03,4.759828094393014908e-03,-2.403581701219081879e-02,-1.609071739949285984e-03,-1.617289730347692966e-03,-3.167192451655864716e-03,2.429879270493984222e-02,2.072563394904136658e-03,-9.092323482036590576e-03,-1.547601632773876190e-02,-1.626493781805038452e-02,-1.431893091648817062e-02,-2.995273098349571228e-02,-2.935446565970778465e-03,-6.562021444551646709e-04,-1.318814326077699661e-02,1.758638187311589718e-03,6.127292755991220474e-03,2.425934653729200363e-03,1.098573580384254456e-02,1.223486289381980896e-02,1.058470085263252258e-02,2.695482783019542694e-02,-1.763240247964859009e-02,1.688292622566223145e-02,9.302702732384204865e-03,-1.331963017582893372e-02,-1.202448364347219467e-02,7.041126955300569534e-03,4.243741743266582489e-03,7.159465458244085312e-03,4.536300431936979294e-03,-3.960387408733367920e-02,-4.135265015065670013e-03,1.383242942392826080e-02,-3.402225207537412643e-03,-1.123391790315508842e-03,-1.496486016549170017e-03,-1.209022663533687592e-02,2.853267127647995949e-03,-1.779018715023994446e-02,1.965730264782905579e-02,-2.572213765233755112e-03,-2.753337100148200989e-02,-7.514480035752058029e-03,-2.081438712775707245e-02,-2.937418967485427856e-02,-3.497553290799260139e-03,7.225208915770053864e-03,-9.677440859377384186e-03,-2.531124092638492584e-02,2.354931645095348358e-02,-2.403581701219081879e-02,-1.685662940144538879e-02,-3.415374085307121277e-03,-1.414799783378839493e-02,-4.325921181589365005e-03,-6.916214711964130402e-03,-3.293748479336500168e-03,-2.508771419525146484e-02,-1.974934339523315430e-02,2.976864948868751526e-02,2.403581701219081879e-02,2.281298860907554626e-03,-2.206351421773433685e-02,2.353616757318377495e-03,3.170479554682970047e-03,6.219333503395318985e-03,4.000490996986627579e-03,-1.671528094448149204e-03,-8.178489282727241516e-03,4.772976972162723541e-03,-2.190914528910070658e-06,-8.461186662316322327e-03,-2.462750859558582306e-02,6.105926004238426685e-04,1.126843318343162537e-02,-1.931543648242950439e-02,-1.771786948665976524e-03,2.089065015316009521e-01,-7.244931999593973160e-03,-3.149112919345498085e-03,1.905246265232563019e-02,9.900968521833419800e-03,4.043224267661571503e-03,3.008421882987022400e-02,7.415865082293748856e-03,4.335782956331968307e-03,1.596251875162124634e-02,-3.358177095651626587e-02,-3.077616856899112463e-04,-1.040390692651271820e-03,1.140649430453777313e-02,2.511401101946830750e-02,-2.612646110355854034e-02,-2.482474036514759064e-02,-3.487691748887300491e-03,-4.791385307908058167e-02,-4.973494447767734528e-03,1.729053631424903870e-02,-8.237658999860286713e-03,-1.080822851508855820e-02,-1.639642566442489624e-02,1.518674474209547043e-02,-3.901875810697674751e-03,-1.973948208615183830e-03,1.311582513153553009e-02,2.210295945405960083e-02,-4.667787346988916397e-03,-6.732132751494646072e-03,1.781648397445678711e-02,2.496937476098537445e-02,-2.598182484507560730e-02,1.455560699105262756e-02,-7.626244332641363144e-03,7.001681253314018250e-03,3.188559086993336678e-03,-5.824872758239507675e-03,9.841799736022949219e-03,2.510086260735988617e-02,-4.595469683408737183e-03,7.435588166117668152e-03,9.749758988618850708e-03,1.639478141441941261e-03,2.373339794576168060e-02,-1.834243186749517918e-03,8.697862736880779266e-03,4.256890621036291122e-03,5.285776220262050629e-03,-2.548217400908470154e-02,-3.213212825357913971e-03,3.260876983404159546e-02,2.895343117415904999e-02,-4.046511370688676834e-03,-5.877467337995767593e-03,1.446356624364852905e-02,6.541476584970951080e-03,-7.415865082293748856e-03,8.937004895415157080e-05,-7.205485831946134567e-03,1.305008120834827423e-02,-1.556805707514286041e-02,1.201133430004119873e-02,-1.399021316319704056e-02,-3.494266187772154808e-03,-2.521920017898082733e-02,-1.481858175247907639e-02,3.012695116922259331e-03,-3.110981732606887817e-02,-9.360228432342410088e-04,-2.575829625129699707e-02,-4.631628282368183136e-03,7.238357793539762497e-03,-5.893903318792581558e-03,-1.300406083464622498e-02,1.988082937896251678e-02,-6.988532375544309616e-03,-1.537082623690366745e-02,1.643587090075016022e-02,9.927266277372837067e-03,-2.454861626029014587e-02,-1.497307908721268177e-03,1.249783672392368317e-02,1.396391633898019791e-02,-2.552162110805511475e-02,1.822409406304359436e-02,1.648846641182899475e-02,2.593580400571227074e-03,-2.107736095786094666e-02,2.702057128772139549e-03,-1.270164083689451218e-02,-9.204087778925895691e-03,7.014008006080985069e-04,-1.738915103487670422e-03,2.691538259387016296e-02,2.674444951117038727e-02,2.997902967035770416e-02,-1.493691932410001755e-02,2.466695569455623627e-02,-1.101860776543617249e-02,-8.349422365427017212e-03,-1.037925248965620995e-03,6.830748170614242554e-03,-3.058715723454952240e-03,-1.596251875162124634e-02,3.029459714889526367e-02,7.897436153143644333e-04,7.553926203399896622e-03,3.554256982170045376e-04,2.681019343435764313e-02,-3.831530362367630005e-02,-1.593457651324570179e-03,1.592635875567793846e-03,4.623081907629966736e-02,1.477913558483123779e-02,-4.026130959391593933e-02,-2.995273098349571228e-02,5.072109866887331009e-03,-3.397602631594054401e-05,1.876319013535976410e-02,-2.278669178485870361e-02,1.405595708638429642e-02,1.886837929487228394e-02,-2.379914186894893646e-02,-1.101203355938196182e-02,-3.439699113368988037e-02,1.108435168862342834e-02,1.306980475783348083e-02,-2.792783267796039581e-02,1.913135312497615814e-02,-8.507207036018371582e-03,1.957841031253337860e-02,8.000981993973255157e-03,8.178489282727241516e-03,8.618970401585102081e-03,-4.858443513512611389e-03,-1.281340513378381729e-02,-9.230385534465312958e-03,-5.463283509016036987e-03,8.406948181800544262e-04,6.051687523722648621e-03,1.826353929936885834e-02,3.071535564959049225e-02,-6.070999734220094979e-05,-2.068289928138256073e-02,2.293132804334163666e-02,-1.414799783378839493e-02,-6.679538171738386154e-03,-3.258246928453445435e-02,-4.399554058909416199e-02,8.783329278230667114e-03,4.865017719566822052e-03,-4.960346035659313202e-03,-1.097916159778833389e-03,1.125035341829061508e-03,-5.624355282634496689e-03,-2.517975494265556335e-02,2.068289928138256073e-02,1.149196084588766098e-02,-2.953197248280048370e-02,1.755351014435291290e-02,2.483788877725601196e-02,-2.586348727345466614e-02,-1.207050401717424393e-02,1.385872624814510345e-02,-1.660943329334259033e-01,2.123514562845230103e-02,2.805931866168975830e-02,-8.408592082560062408e-03,1.731683313846588135e-02,-1.110243145376443863e-03,4.872906953096389771e-02,-8.020705543458461761e-03,-4.141839686781167984e-03,1.909190788865089417e-02,3.500840684864670038e-04,-2.013394143432378769e-03,-2.306281402707099915e-02,-1.456875633448362350e-02,-2.055141329765319824e-02,2.102476544678211212e-02,-4.989930428564548492e-03,7.014829665422439575e-03,3.268766030669212341e-02,-6.955660413950681686e-03,3.534369543194770813e-02,2.023255685344338417e-03,3.859142540022730827e-03,5.555324256420135498e-03,2.348357252776622772e-02,1.896042004227638245e-02,-1.534452941268682480e-02,-2.159673487767577171e-03,-3.977480810135602951e-03,3.416606632526963949e-04,-3.016311116516590118e-02,2.641244558617472649e-03,1.538397558033466339e-02,-2.616590633988380432e-02,-5.749267525970935822e-03,-1.153140701353549957e-02,-2.009120956063270569e-02,1.406910549849271774e-02,-1.217076205648481846e-03,6.344246212393045425e-03,7.343547418713569641e-03,-2.657680306583642960e-03,3.944608941674232483e-02,1.107120234519243240e-02,4.562597721815109253e-03,2.001231722533702850e-02,1.651476323604583740e-02,-2.026214264333248138e-02,2.895343117415904999e-02,-2.119569852948188782e-02,1.013764552772045135e-02,-2.262890711426734924e-02,-5.614493507891893387e-03,7.987833581864833832e-03,1.207050401717424393e-02,1.186012476682662964e-02,-4.615192767232656479e-03,1.249948050826787949e-03,-2.848336473107337952e-03,-2.774375025182962418e-03,6.002380046993494034e-03,8.571306825615465641e-04,3.392363712191581726e-02,-2.834859117865562439e-02,1.322758942842483521e-02,-2.578459493815898895e-02,-2.190572954714298248e-02,-1.180095598101615906e-03,-4.275956377387046814e-02,2.403581701219081879e-02,-2.475899644196033478e-02,-3.463366627693176270e-02,1.420059241354465485e-02,-1.700126565992832184e-02,2.040677703917026520e-02,1.689607463777065277e-02,-4.076096229255199432e-03,3.632327541708946228e-03,2.002546563744544983e-02,-3.291283210273832083e-04,-7.429013960063457489e-03,5.401484668254852295e-02,-1.642272248864173889e-02,-3.328263992443680763e-03,7.481608539819717407e-03,1.175493467599153519e-02,-1.068989094346761703e-02,-1.030200440436601639e-02,8.448037318885326385e-03,8.632119745016098022e-03,-3.015982452780008316e-03,-1.534452941268682480e-02,-1.075727748684585094e-03,-2.556106634438037872e-02,2.745447866618633270e-02,2.588978409767150879e-02,2.291817776858806610e-02,-1.850021630525588989e-02,3.005792014300823212e-02,-1.615974865853786469e-02,3.734229831025004387e-03,-1.592307165265083313e-02,-2.293132804334163666e-02,2.594237960875034332e-02,2.149811945855617523e-02,-7.790602743625640869e-03,4.398239310830831528e-03,3.150427713990211487e-02,4.178655892610549927e-02,2.041335217654705048e-03,-6.955660413950681686e-03,6.147015839815139771e-03,2.587663568556308746e-02,9.920692071318626404e-03,1.216254476457834244e-02,2.464065700769424438e-02,-1.704399823211133480e-03,-1.036117319017648697e-02,2.390433102846145630e-02,-9.138344321399927139e-04,5.690756067633628845e-02,1.001930702477693558e-02,-2.499567344784736633e-02,1.544971833936870098e-03,-1.668569631874561310e-02,-2.011750638484954834e-02,-9.977231174707412720e-02,-6.403415463864803314e-03,1.949951797723770142e-02,1.882893405854701996e-02,1.446356624364852905e-02,1.550231315195560455e-02,7.797177415341138840e-03,9.499933570623397827e-03,-1.347741391509771347e-02,2.315814141184091568e-03,-1.899986714124679565e-02,-2.373339794576168060e-02,-3.053784836083650589e-03,-1.230718009173870087e-02,6.728845648467540741e-03,-9.388169273734092712e-03,2.180053852498531342e-02,-1.451616175472736359e-02,-1.086739823222160339e-02,2.659981325268745422e-02,-1.809260621666908264e-02,1.418744400143623352e-02,7.133168168365955353e-03,-4.391664639115333557e-02,1.989397779107093811e-02,1.964415237307548523e-02,-1.752721332013607025e-02,-5.174012389034032822e-03,2.560051344335079193e-02,1.030200440436601639e-02,1.036117319017648697e-02,-4.404813516885042191e-03,2.713562222197651863e-03,-3.648763289675116539e-03,-9.164641611278057098e-03,-2.017010189592838287e-02,-2.884824015200138092e-02,-1.652791164815425873e-02,4.241769760847091675e-02,-2.598182484507560730e-02,-1.309938961640000343e-03,-1.279368251562118530e-02,1.811890490353107452e-02,-1.210995018482208252e-02,2.570570260286331177e-02,-1.069646514952182770e-02,-1.099231094121932983e-02,1.767184771597385406e-02,2.516660653054714203e-02,6.620368920266628265e-03,-3.084684349596500397e-02,7.290952373296022415e-03,-2.742818184196949005e-02,-1.731683313846588135e-02,1.844762079417705536e-02,-2.666555717587471008e-02,-3.154043573886156082e-03,2.951882546767592430e-03,-1.138677168637514114e-02,-1.993342489004135132e-02,-1.562065165489912033e-02,3.609317354857921600e-03,-8.822775445878505707e-03,1.349056325852870941e-02,7.225208915770053864e-03,5.584909114986658096e-03,1.844762079417705536e-02,-2.816450782120227814e-02,1.802686415612697601e-02,-1.748776622116565704e-02,1.488432474434375763e-02,1.237292401492595673e-02,-2.372024953365325928e-02,2.414100803434848785e-02,-2.592922933399677277e-02,-1.639734909986145794e-05,-9.789205156266689301e-03,-1.644901931285858154e-02,5.782139487564563751e-03,-3.523850813508033752e-02,-6.064836401492357254e-03,-1.251755934208631516e-02,2.813821099698543549e-02,4.285653412807732821e-04,2.055141329765319824e-02,-1.771129481494426727e-02,1.097094384022057056e-03,-1.529193483293056488e-02,1.947321929037570953e-02,-7.534203119575977325e-03,2.774375118315219879e-02,1.575213856995105743e-02,5.660513881593942642e-03,-2.385173551738262177e-02,5.874180234968662262e-03,3.363436833024024963e-02,-1.127500738948583603e-02,-9.746471769176423550e-04,1.023954711854457855e-03,1.661995239555835724e-02,-2.777004800736904144e-02,-1.694867014884948730e-02,-6.905695796012878418e-02,2.808561734855175018e-02,-6.495456211268901825e-03,7.001681253314018250e-03,-1.174836046993732452e-02,-1.804001256823539734e-02,1.374038867652416229e-02,-2.052511647343635559e-02,7.412577979266643524e-04,-8.217935450375080109e-03,-1.572584174573421478e-02,3.037348948419094086e-02,-4.713807720690965652e-03,-1.902616396546363831e-02,5.325222155079245567e-04,1.506840623915195465e-02,2.715206006541848183e-03,-7.862920872867107391e-03,9.118621237576007843e-03,-7.501331623643636703e-03,-1.281340513378381729e-02,9.092323482036590576e-03,-1.384557783603668213e-02,1.804001256823539734e-02,-1.527878548949956894e-02,7.271229289472103119e-03,1.189299672842025757e-02,1.976249180734157562e-02,-1.341824512928724289e-02,-1.013764552772045135e-02,-1.758638245519250631e-04,-1.853966340422630310e-02,-7.330398657359182835e-04,-1.055840402841567993e-02,6.219333503395318985e-03,-1.786907948553562164e-02,-1.915765181183815002e-02,-1.038747094571590424e-02,-9.302702732384204865e-03,2.934789098799228668e-02,-1.456218189559876919e-03,-2.850637398660182953e-02,-6.025390233844518661e-03,-2.646175213158130646e-03,5.252904258668422699e-03,-9.598548524081707001e-03,-5.081971175968647003e-03,3.252987563610076904e-02,2.144552394747734070e-02,-1.201133430004119873e-02,3.058386966586112976e-02,2.834859117865562439e-02,1.640957407653331757e-02,-1.909190788865089417e-02,3.971317491959780455e-04,-1.161687355488538742e-02,1.344454288482666016e-02,-6.916214711964130402e-03,9.736609645187854767e-03,-5.969508364796638489e-02,2.963716350495815277e-02,1.130130514502525330e-02,2.043307572603225708e-02,-1.445041783154010773e-02,7.501331623643636703e-03,-1.347741391509771347e-02,3.828900679945945740e-02,1.888152956962585449e-02,-3.793399082496762276e-03,-1.325553050264716148e-03,-2.544272923842072487e-03,1.161687355488538742e-02,5.016227718442678452e-03,2.540328167378902435e-02,-3.875578287988901138e-03,1.136047393083572388e-02,-1.694867014884948730e-02,-4.500141367316246033e-03,-1.304350700229406357e-02,-1.500266324728727341e-02,9.447338990867137909e-03,-2.156386338174343109e-02,-8.079874329268932343e-03,6.797876209020614624e-03,2.102476544678211212e-02,-1.843447238206863403e-02,-7.626244332641363144e-03,3.267451189458370209e-03,5.969508551061153412e-03,8.421740494668483734e-03,-1.201790850609540939e-02,1.690922491252422333e-02,-4.220731556415557861e-03,-8.395442739129066467e-03,-5.877467337995767593e-03,1.848706789314746857e-02,3.822983708232641220e-03,2.391747944056987762e-02,1.838187873363494873e-02,2.496937476098537445e-02,-3.279285132884979248e-02,9.052878245711326599e-03,-1.477913558483123779e-02,1.150510972365736961e-03,1.090684439986944199e-02,-1.145908888429403305e-02,-1.207707822322845459e-02,-1.524427090771496296e-03,-9.388169273734092712e-03,3.531739860773086548e-02,2.603442035615444183e-02,6.600645836442708969e-03,4.425851255655288696e-02,1.193244196474552155e-02,-1.435837708413600922e-02,6.850471254438161850e-03,-2.692853100597858429e-02,9.171215817332267761e-03,-9.085749275982379913e-03,2.124829404056072235e-02,1.986768096685409546e-02,1.982165966182947159e-03,1.291859429329633713e-02,1.133417710661888123e-02,3.963017091155052185e-02,2.903232350945472717e-02,-3.596168477088212967e-03,5.298924632370471954e-03,-1.539712399244308472e-02,6.400128360837697983e-03,2.631054259836673737e-02,-1.019845833070576191e-03,-2.561366185545921326e-02,-3.003162331879138947e-02,5.923487711697816849e-03,-2.093930030241608620e-03,-9.197513572871685028e-03,3.089943714439868927e-02,1.078193169087171555e-02,5.932692065834999084e-02,1.130130514502525330e-02,-4.993217531591653824e-03,-2.937090117484331131e-03,2.414100803434848785e-02,1.956526003777980804e-02,-1.975591760128736496e-03,1.266876980662345886e-02,-5.890616215765476227e-03,-2.590293250977993011e-02,1.730368472635746002e-02,-2.146524842828512192e-03,1.651476323604583740e-02,-4.166493308730423450e-04,-2.206351421773433685e-02,1.763240247964859009e-02,5.936636589467525482e-03,8.441463112831115723e-03,-1.660680398344993591e-02,1.257672812789678574e-02,1.681718416512012482e-02,-9.361872449517250061e-03,-4.585607908666133881e-03,-1.558120548725128174e-02,-5.716396030038595200e-03,-2.651106100529432297e-03,3.418661281466484070e-02,-2.734928950667381287e-02,6.689399480819702148e-03,-3.560667112469673157e-02,1.346426550298929214e-02,-3.038068098248913884e-05,-3.187244012951850891e-02,-3.139908984303474426e-02,8.257381618022918701e-03,-3.416031599044799805e-02,-1.471339166164398193e-02,-5.782139487564563751e-03,9.526231326162815094e-03,8.441463112831115723e-03,-1.199818588793277740e-02,2.065660245716571808e-02,7.586798164993524551e-03,-4.509591963142156601e-05,2.824340015649795532e-02,3.888727165758609772e-03,2.080123871564865112e-02,5.226606968790292740e-03,-1.409540325403213501e-02
-3.492590039968490601e-03,-2.062988205580040812e-04,-1.124834176152944565e-02,2.890476724132895470e-03,-1.103485003113746643e-02,4.376578703522682190e-02,-2.924835681915283203e-02,1.178207062184810638e-02,4.780211485922336578e-03,-6.077840458601713181e-03,7.372133433818817139e-03,1.210897974669933319e-02,1.926762238144874573e-02,-2.433471148833632469e-03,2.717014867812395096e-03,-1.209563668817281723e-02,8.759829215705394745e-03,-9.673840249888598919e-04,-2.293367404490709305e-03,-2.463159896433353424e-02,-2.401781082153320312e-02,-7.365461904555559158e-03,-1.286287233233451843e-02,-2.858119457960128784e-02,-6.334697362035512924e-03,7.905862294137477875e-03,3.253079205751419067e-02,-1.076798513531684875e-02,4.530026111751794815e-03,9.313573129475116730e-03,3.195703262463212013e-03,-7.779101841151714325e-03,-3.503931686282157898e-02,-3.204042557626962662e-03,-1.558489073067903519e-02,2.303041145205497742e-02,3.889550920575857162e-03,2.645294880494475365e-03,-3.575985087081789970e-03,-4.369907081127166748e-03,2.391106449067592621e-02,-4.540033172816038132e-03,1.626539602875709534e-02,1.345664542168378830e-02,-2.237659320235252380e-02,3.716089064255356789e-03,-4.820241127163171768e-03,-1.262269355356693268e-02,-4.171093180775642395e-02,-5.447372794151306152e-03,-7.155305938795208931e-04,1.447740290313959122e-02,-2.106895670294761658e-02,1.438399963080883026e-02,-2.636621892452239990e-02,-8.035125210881233215e-04,9.934033267199993134e-03,1.206227857619524002e-02,-2.491180785000324249e-02,-8.246115408837795258e-03,-6.855083629488945007e-04,-2.576910890638828278e-03,-2.411121316254138947e-02,1.291624456644058228e-02,-8.619725704193115234e-03,-2.121573314070701599e-02,-3.782805288210511208e-03,-2.777059329673647881e-03,-1.990809664130210876e-02,-1.140846055932343006e-03,6.116535887122154236e-02,2.970202639698982239e-02,-5.727580748498439789e-03,-1.194886118173599243e-02,2.571907127276062965e-03,-4.307194054126739502e-02,1.077465713024139404e-02,-1.282284222543239594e-02,-1.746628619730472565e-02,1.054115034639835358e-02,1.325649674981832504e-02,-2.092218212783336639e-02,-1.474426686763763428e-02,-1.826354302465915680e-03,3.642701357603073120e-02,-1.570498012006282806e-02,2.585250418633222580e-03,3.293108567595481873e-02,2.441810676828026772e-03,-1.405041944235563278e-02,2.206970006227493286e-02,3.018238209187984467e-02,-3.422538051381707191e-03,-4.206452518701553345e-03,-5.967758595943450928e-03,7.332103792577981949e-03,-2.301706932485103607e-02,2.201632596552371979e-03,-1.204893458634614944e-02,-2.328393235802650452e-02,-1.014085300266742706e-02,2.500187372788786888e-03,-1.425056811422109604e-02,-2.833768026903271675e-03,-2.735361829400062561e-02,-2.062863111495971680e-02,1.192217413336038589e-02,-1.590512879192829132e-02,1.068792585283517838e-02,-2.751373685896396637e-02,-3.010565880686044693e-03,2.391106449067592621e-02,-2.401781082153320312e-02,-2.329727634787559509e-02,-1.876391479527228512e-06,-3.341144323348999023e-02,7.218686398118734360e-03,-1.296294573694467545e-02,2.255005529150366783e-03,-1.522462349385023117e-02,1.084137335419654846e-02,2.834101580083370209e-02,-2.029838506132364273e-03,-1.338325813412666321e-02,7.814128184691071510e-04,1.244923193007707596e-02,-2.148259803652763367e-02,1.590345986187458038e-03,-1.741291210055351257e-02,-8.826545439660549164e-03,-2.244998235255479813e-03,1.226242631673812866e-02,2.417792938649654388e-02,6.821725517511367798e-03,7.712386082857847214e-03,4.563384223729372025e-03,-2.613604767248034477e-03,-3.850855678319931030e-02,-8.686441928148269653e-03,-2.700669318437576294e-02,1.443737279623746872e-02,1.726613752543926239e-02,-8.679769933223724365e-03,-4.259825684130191803e-03,3.826170694082975388e-03,7.552267052233219147e-03,-4.741015727631747723e-04,1.603855937719345093e-02,-8.199413307011127472e-03,-1.743960008025169373e-02,1.803003717213869095e-03,-2.456821966916322708e-03,2.329727634787559509e-02,-1.153522077947854996e-02,2.109564282000064850e-02,7.238701451569795609e-03,-8.579695597290992737e-03,2.355079725384712219e-02,-1.308970712125301361e-02,-2.170943282544612885e-02,-1.091642887331545353e-03,5.634177941828966141e-03,2.836770378053188324e-02,-9.647154249250888824e-03,1.310972124338150024e-02,2.459156885743141174e-02,9.493706747889518738e-03,-6.925135385245084763e-03,-7.298745680600404739e-03,-1.373018138110637665e-02,1.306302007287740707e-02,4.002968315035104752e-03,-3.837512433528900146e-02,1.983137335628271103e-03,-1.554486062377691269e-02,1.467755064368247986e-02,-5.764274392277002335e-03,4.878617764916270971e-04,-2.911492437124252319e-02,2.836770378053188324e-02,-3.575985133647918701e-02,-3.896222682669758797e-03,1.437065657228231430e-02,3.098297491669654846e-02,-1.126835588365793228e-02,-1.928096450865268707e-02,1.188214495778083801e-02,3.437215462327003479e-02,4.233139101415872574e-03,-2.188289351761341095e-02,1.109489426016807556e-02,1.581172458827495575e-02,-1.914753206074237823e-02,-1.047443412244319916e-02,-6.430368423461914062e-01,-1.395701710134744644e-02,-3.263753652572631836e-02,2.114901551976799965e-03,1.168366405181586742e-03,-2.063196618109941483e-03,9.487035684287548065e-03,1.593181490898132324e-02,-2.975539863109588623e-02,-4.926986992359161377e-03,-8.366203866899013519e-03,2.253671176731586456e-02,-1.136175915598869324e-02,-1.230245642364025116e-02,-2.034842222929000854e-02,-1.645220071077346802e-02,-2.476503141224384308e-02,4.403265193104743958e-03,1.861380296759307384e-03,-3.349150298163294792e-03,-1.654560305178165436e-02,8.746486157178878784e-03,1.391698699444532394e-02,-1.060119457542896271e-02,2.922166883945465088e-02,8.479621261358261108e-03,3.826837986707687378e-02,2.089883200824260712e-03,-5.967758595943450928e-03,2.212307229638099670e-02,-3.861530125141143799e-02,3.191700205206871033e-02,-3.415866522118449211e-03,2.238993719220161438e-02,3.298446163535118103e-02,1.367680914700031281e-02,-4.576727375388145447e-02,1.422388106584548950e-02,1.902744360268115997e-02,2.597926557064056396e-02,-6.711643654853105545e-03,-2.073537744581699371e-02,2.863456681370735168e-02,-8.052637800574302673e-03,-1.483767013996839523e-02,1.908081583678722382e-02,2.839438989758491516e-02,1.278281304985284805e-02,1.018088310956954956e-02,-1.822684891521930695e-02,6.494816392660140991e-03,-1.415716484189033508e-02,-1.945442706346511841e-02,3.290440142154693604e-02,1.893070526421070099e-03,1.886732503771781921e-02,4.283176362514495850e-02,-1.270275283604860306e-02,3.819499164819717407e-03,5.904378369450569153e-03,-1.220905408263206482e-02,2.491180785000324249e-02,-2.158934250473976135e-02,-2.616607025265693665e-02,-4.119721706956624985e-03,-4.243146628141403198e-03,1.486435625702142715e-02,2.259008586406707764e-02,5.887699313461780548e-03,-2.173278247937560081e-03,1.592013868503272533e-03,1.203559152781963348e-02,-1.098147686570882797e-02,3.459231927990913391e-03,-3.465903457254171371e-03,1.263436861336231232e-03,8.226100355386734009e-03,-4.900300409644842148e-03,-5.524096544831991196e-03,1.110156625509262085e-02,1.010082382708787918e-02,-9.140111505985260010e-03,-1.304967701435089111e-02,-2.168274670839309692e-02,1.405041944235563278e-02,-2.256339974701404572e-02,-1.900075748562812805e-02,2.855450846254825592e-02,-2.158267190679907799e-03,-7.612311746925115585e-03,1.488603884354233742e-03,-2.103226259350776672e-03,7.545595522969961166e-03,-1.641217060387134552e-02,1.945442706346511841e-02,6.418092641979455948e-03,-6.991851609200239182e-03,2.810083888471126556e-02,8.799859322607517242e-03,-1.088140252977609634e-02,1.475260709412395954e-03,-1.869386248290538788e-02,2.656636759638786316e-02,-1.355004776269197464e-02,1.627873815596103668e-02,2.880469430238008499e-03,-2.770054154098033905e-02,-2.264345809817314148e-02,2.465828508138656616e-02,-4.320537298917770386e-02,2.955524949356913567e-03,2.647296525537967682e-02,1.491772942245006561e-02,2.360083395615220070e-03,1.729615963995456696e-03,-2.647296525537967682e-02,1.470423769205808640e-02,9.848970221355557442e-04,2.988883061334490776e-03,-2.033508010208606720e-02,1.876057870686054230e-02,-3.425873816013336182e-03,-1.838029711507260799e-03,-2.361751347780227661e-02,1.080801524221897125e-02,4.811568185687065125e-02,3.666051896288990974e-03,-2.635287493467330933e-02,-1.631876826286315918e-02,-1.459749136120080948e-02,5.320612108334898949e-04,3.387511940672993660e-03,2.810083888471126556e-02,-7.265387568622827530e-03,1.098147686570882797e-02,2.209972124546766281e-03,6.955157732591032982e-04,-5.554118659347295761e-03,4.854266345500946045e-02,-1.040104590356349945e-02,-8.986664004623889923e-03,1.232914254069328308e-02,1.603855937719345093e-02,-9.420319460332393646e-03,-2.094886731356382370e-03,-3.437215462327003479e-02,-3.020906820893287659e-02,-1.332321297377347946e-02,-3.709417581558227539e-02,1.119496859610080719e-02,-4.369907081127166748e-03,-1.591847091913223267e-02,-4.363235458731651306e-02,-9.682179661467671394e-04,-1.717273518443107605e-02,-1.314308028668165207e-03,2.847444824874401093e-02,6.464794278144836426e-03,-6.328025832772254944e-03,-2.863456681370735168e-02,1.477095391601324081e-02,1.166698522865772247e-03,-8.806530386209487915e-03,-1.733285374939441681e-02,1.934768073260784149e-02,-1.381024159491062164e-02,8.319502696394920349e-03,-2.335065044462680817e-03,-5.734252277761697769e-03,-2.499186620116233826e-02,-7.699042558670043945e-03,-3.696074243634939194e-03,-3.557304665446281433e-02,2.116235904395580292e-02,3.469239175319671631e-02,-2.548556542024016380e-03,-1.227577030658721924e-02,-1.634545437991619110e-02,-1.425056811422109604e-02,3.175688162446022034e-02,2.375094685703516006e-03,3.465903457254171371e-03,-2.695332095026969910e-02,-7.425506599247455597e-03,5.757602863013744354e-03,-2.802077913656830788e-03,3.527615917846560478e-04,9.086738340556621552e-03,5.441535031422972679e-04,6.591554731130599976e-03,-4.123057704418897629e-03,-5.737588275223970413e-03,3.818831965327262878e-02,-1.677243784070014954e-02,8.719800040125846863e-03,1.876057870686054230e-02,1.172202639281749725e-02,-5.199689185246825218e-04,8.286144584417343140e-03,2.284360677003860474e-02,7.512237410992383957e-03,-4.550040699541568756e-03,6.249967962503433228e-02,-2.866125479340553284e-02,3.146333247423171997e-02,-4.768869653344154358e-02,4.870278295129537582e-03,-8.089332259260118008e-04,2.387103438377380371e-02,-1.192884612828493118e-02,-8.079324848949909210e-03,-5.030396953225135803e-02,-2.365754358470439911e-02,3.157341387122869492e-03,1.078800018876791000e-02,3.469239175319671631e-02,-1.196887530386447906e-02,1.290290150791406631e-02,-4.383250605314970016e-03,-1.248926110565662384e-02,1.750631444156169891e-02,-1.041438989341259003e-02,4.446630831807851791e-03,6.037810817360877991e-03,-3.941589593887329102e-02,-7.138627115637063980e-03,2.273686043918132782e-02,2.452485263347625732e-02,1.992143876850605011e-02,6.181250326335430145e-03,1.050112023949623108e-02,4.766868427395820618e-03,-9.620467200875282288e-03,1.112825237214565277e-02,8.347856928594410419e-04,1.056116539984941483e-02,1.176205556839704514e-02,-5.233881063759326935e-03,4.947002045810222626e-03,9.680512361228466034e-03,1.619867980480194092e-02,1.336991507560014725e-02,4.930322989821434021e-03,-2.485843375325202942e-02,-5.197187419980764389e-03,1.578503847122192383e-02,2.850113622844219208e-02,5.504081491380929947e-03,3.390847938135266304e-03,1.571832224726676941e-02,6.591554731130599976e-03,8.005936630070209503e-03,-2.555228210985660553e-02,-2.477837540209293365e-02,1.587844081223011017e-02,-8.366203866899013519e-03,7.819131948053836823e-03,-7.138627115637063980e-04,3.877542167901992798e-02,1.594515703618526459e-02,7.198671810328960419e-03,7.538923993706703186e-03,1.670572161674499512e-02,-4.416608717292547226e-03,1.645220071077346802e-02,-1.774649368599057198e-03,1.792996306903660297e-03,-4.620092920958995819e-03,-6.264645606279373169e-03,-5.627506412565708160e-03,3.027244936674833298e-03,1.643885672092437744e-02,1.198889035731554031e-02,-1.254930626600980759e-02,5.163829308003187180e-03,-3.816163167357444763e-03,3.585992613807320595e-03,7.839147001504898071e-03,4.045666754245758057e-02,-3.023909172043204308e-03,-1.763974688947200775e-02,-1.779986545443534851e-02,1.461083441972732544e-02,-6.097855046391487122e-03,-5.100449081510305405e-03,-1.186212990432977676e-02,-5.294593051075935364e-02,1.778652332723140717e-02,-3.082285635173320770e-02,-5.594148300588130951e-03,1.551150227896869183e-03,2.365754358470439911e-02,1.159526500850915909e-02,1.317643793299794197e-03,-1.391698699444532394e-02,-4.453302361071109772e-03,1.075464207679033279e-02,-8.092667907476425171e-03,2.347073890268802643e-02,3.606007434427738190e-03,-1.710601896047592163e-02,1.240253075957298279e-02,3.712753299623727798e-03,2.840439788997173309e-03,3.944258391857147217e-02,-3.462567692622542381e-03,2.887140959501266479e-03,9.747228585183620453e-03,-6.294667720794677734e-03,-2.372425980865955353e-02,-1.080801524221897125e-02,-3.304116893559694290e-03,1.116828154772520065e-02,-5.844334140419960022e-03,-5.062087439000606537e-04,-2.048185467720031738e-02,-2.520535886287689209e-02,-1.976465573534369469e-03,3.840181231498718262e-02,-1.240086276084184647e-03,8.312830701470375061e-03,-1.433062739670276642e-02,4.290681681595742702e-04,1.430394034832715988e-02,1.006079390645027161e-01,1.052780728787183762e-02,-4.184352874290198088e-04,1.726613752543926239e-02,6.791702937334775925e-03,3.629358019679784775e-03,4.876949824392795563e-03,-3.095628879964351654e-02,6.181250326335430145e-03,-2.427133172750473022e-02,1.603855937719345093e-02,-6.788367405533790588e-03,1.016086805611848831e-02,1.442402973771095276e-02,1.865383237600326538e-02,9.847301989793777466e-03,-7.532252464443445206e-03,-1.737288385629653931e-02,-2.353745512664318085e-02,-1.606524735689163208e-02,-3.002226352691650391e-02,1.747962902300059795e-03,1.913418993353843689e-02,1.517125032842159271e-02,-7.585625164210796356e-03,1.080801524221897125e-02,5.610827356576919556e-03,2.653968147933483124e-02,2.579246088862419128e-02,-2.283026278018951416e-02,-1.462417840957641602e-02,1.361009292304515839e-02,-6.718315184116363525e-03,2.480506151914596558e-02,-1.437065657228231430e-02,1.809341832995414734e-02,2.010824531316757202e-02,1.549148745834827423e-02,1.836028136312961578e-02,9.487035684287548065e-03,9.065055637620389462e-04,2.078207675367593765e-03,1.990809664130210876e-02,-5.450708791613578796e-03,1.850705780088901520e-02,-2.098222728818655014e-03,-1.039937837049365044e-03,4.316534381359815598e-03,-4.870278388261795044e-02,-1.854708790779113770e-02,4.792887717485427856e-02,-3.319795057177543640e-02,-2.684657461941242218e-02,-3.303783386945724487e-02,1.529133971780538559e-02,-2.569905668497085571e-02,1.904078572988510132e-02,-5.504081491380929947e-03,2.857118844985961914e-03,4.219128564000129700e-02,-2.200298383831977844e-02,-2.495183609426021576e-02,1.040104590356349945e-02,3.936252091079950333e-03,-8.953305892646312714e-03,2.855450846254825592e-03,-3.354154061526060104e-03,-8.859903551638126373e-03,-1.565160602331161499e-02,-3.902894211933016777e-03,-1.872054859995841980e-02,-7.505565881729125977e-03,-1.709267497062683105e-02,1.165531016886234283e-02,2.687326073646545410e-02,9.767242707312107086e-03,1.961454562842845917e-02,-3.621435607783496380e-04,-7.071910891681909561e-03,3.976282197982072830e-03,-5.570797715336084366e-03,-1.813344657421112061e-02,4.849429533351212740e-04,-1.924093440175056458e-02,-1.996146887540817261e-02,3.111640736460685730e-02,-2.186955139040946960e-02,8.779844269156455994e-03,-3.426541015505790710e-02,-9.740556590259075165e-03,3.632026538252830505e-02,-3.656044602394104004e-03,7.425506599247455597e-03,3.067274577915668488e-03,2.291699405759572983e-03,1.465086452662944794e-02,2.844776213169097900e-02,1.554486062377691269e-02,-1.024759933352470398e-02,-1.937436684966087341e-02,-1.435731351375579834e-02,-5.607491824775934219e-03,1.988141098991036415e-03,-2.033508010208606720e-02,2.025501988828182220e-02,-5.100449081510305405e-03,-6.401413585990667343e-03,2.190958149731159210e-02,-3.429626522120088339e-04,-1.257599215023219585e-03,1.308303512632846832e-02,-1.455746218562126160e-02,-1.734619587659835815e-02,-1.079467125236988068e-02,-2.192292362451553345e-02,-8.526322431862354279e-03,-1.923092757351696491e-03,2.376428991556167603e-02,6.394742056727409363e-03,4.796890541911125183e-03,-1.741291210055351257e-02,-3.191700205206871033e-02,4.704822227358818054e-02,-8.893261663615703583e-03,-4.040329530835151672e-02,-4.670130088925361633e-03,3.300781128928065300e-03,-1.973463408648967743e-02,5.961087066680192947e-03,1.026761438697576523e-02,-1.629208214581012726e-02,2.820758521556854248e-02,-1.823018537834286690e-03,-2.023166976869106293e-03,-2.349742501974105835e-02,-2.591254934668540955e-02,-1.134174410253763199e-02,-1.726280199363827705e-03,-1.559823378920555115e-02,2.085546590387821198e-02,-2.459156885743141174e-02,-2.443145029246807098e-02,-6.871762685477733612e-03,-3.159676492214202881e-02,-3.904228657484054565e-02,-2.657970972359180450e-02,-1.578503847122192383e-02,1.687084441073238850e-03,4.021649062633514404e-02,1.697258651256561279e-02,-1.857377402484416962e-02,6.418092641979455948e-03,-1.056116539984941483e-02,5.400671623647212982e-03,-5.444037262350320816e-03,-2.444479428231716156e-02,-4.329877439886331558e-03,-3.030580701306462288e-03,4.526022821664810181e-02,2.930172905325889587e-02,4.384584724903106689e-02,5.317276343703269958e-03,1.299630384892225266e-02,9.687183424830436707e-03,-6.474801339209079742e-03,1.186212990432977676e-02,-2.004152908921241760e-02,-1.724612200632691383e-03,-3.116978146135807037e-02,1.836028136312961578e-02,2.527207508683204651e-02,3.562641888856887817e-02,1.431728340685367584e-02,2.357748337090015411e-02,2.451151050627231598e-02,3.223723918199539185e-02,1.619867980480194092e-02,-1.308303512632846832e-02,-1.558489073067903519e-02,-3.407860547304153442e-02,-2.405116800218820572e-03,-3.189031500369310379e-03,4.783547483384609222e-03,-2.501855231821537018e-02,-7.632326334714889526e-03,-1.097480487078428268e-02,1.103485003113746643e-02,-9.033365175127983093e-03,1.000742078758776188e-03,-1.146850455552339554e-02,1.186880189925432205e-02,-2.726021595299243927e-02,1.308303512632846832e-02,-2.178949117660522461e-02,3.167682513594627380e-02,5.490738432854413986e-03,9.333588182926177979e-03,-9.487035684287548065e-03,-4.860270768404006958e-03,1.170868240296840668e-02,-9.590444969944655895e-04,-2.573575126007199287e-03,-4.091033712029457092e-02,-4.048335552215576172e-02,-2.404449693858623505e-02,1.262269355356693268e-02,1.541768288007006049e-04,-1.060786657035350800e-02,-5.414014682173728943e-03,-3.103634901344776154e-02,-1.956117339432239532e-02,-9.527064859867095947e-03,-1.249593310058116913e-02,-2.860788069665431976e-02,2.850113622844219208e-02,-1.346998848021030426e-02,-1.110823731869459152e-02,1.888066716492176056e-02,-2.289697900414466858e-02,-4.103042650967836380e-03,1.304967701435089111e-02,-3.846185514703392982e-03,2.531210333108901978e-02,-4.566719755530357361e-03,3.207711875438690186e-02,4.149743821471929550e-03,1.722610741853713989e-02,-2.836770378053188324e-02,3.842849750071763992e-03,8.933290839195251465e-03,2.713679103180766106e-03,1.219571009278297424e-02,2.190958149731159210e-02,-1.139511726796627045e-02,-2.221647417172789574e-03,5.333955399692058563e-03,-9.246856905519962311e-03,-3.269091015681624413e-03,-2.547222189605236053e-02,1.088807452470064163e-02,1.511787716299295425e-02,-5.303933285176753998e-03,-1.466420758515596390e-02,-6.124541629105806351e-03,1.589178480207920074e-02,-9.914018213748931885e-03,-8.753157220780849457e-03,2.613938413560390472e-02,1.223407220095396042e-03,-2.361751347780227661e-02,-8.226100355386734009e-03,5.117128137499094009e-03,-1.682581007480621338e-02,1.896072737872600555e-02,-1.300964783877134323e-02,-3.621352091431617737e-02,1.930765062570571899e-02,-8.986664004623889923e-03,-3.382508410140872002e-03,2.432470582425594330e-02,-1.646554283797740936e-02,1.914753206074237823e-02,-2.919498272240161896e-02,-6.371391471475362778e-03,1.439734362065792084e-02,-3.407526994124054909e-03,-3.573316335678100586e-02,-1.816013269126415253e-02,-4.920315463095903397e-03,2.375094592571258545e-02,-1.060119457542896271e-02,9.393632411956787109e-03,-3.179024206474423409e-03,2.759379521012306213e-02,2.337733656167984009e-02,-8.859903551638126373e-03,5.263903643935918808e-03,-9.460348635911941528e-03,-2.699335105717182159e-02,9.540407918393611908e-03,1.183544378727674484e-02,-3.244072431698441505e-03,-1.669237762689590454e-02,-3.149001859128475189e-03,-1.200890541076660156e-02,-3.872204944491386414e-02,-7.438849657773971558e-03,6.734160706400871277e-04,1.861380413174629211e-02,-2.603263780474662781e-02,-3.864198923110961914e-02,9.490370866842567921e-04,-2.356414124369621277e-02,1.805338822305202484e-02,2.536547742784023285e-02,-3.157007694244384766e-02,1.184211461804807186e-03,4.256489872932434082e-02,-2.427133172750473022e-02,3.962938860058784485e-02,-2.377763204276561737e-02,1.519460114650428295e-03,-1.767977699637413025e-02,-2.001484157517552376e-03,1.018088310956954956e-02,2.430135384202003479e-03,2.783397398889064789e-02,-2.348408102989196777e-02,-1.443737279623746872e-02,6.364719942212104797e-03,1.283618528395891190e-02,1.570498012006282806e-02,-1.657062093727290630e-03,-1.459749136120080948e-02,7.292074151337146759e-03,-5.047075916081666946e-03,3.102300455793738365e-03,-2.884805947542190552e-02,-2.444479428231716156e-02,3.800151497125625610e-02,-8.359532803297042847e-03,1.050112023949623108e-02,1.189548801630735397e-02,-2.964865230023860931e-02,8.823209791444242001e-04,1.670572161674499512e-02,-1.474426686763763428e-02,2.284360677003860474e-02,-1.048110611736774445e-02,-1.160860806703567505e-02,1.094811875373125076e-02,-3.642701311036944389e-03,-2.746036276221275330e-02,-2.105561457574367523e-02,-1.438399963080883026e-02,-6.811717990785837173e-03,-1.105820061638951302e-03,-8.656419231556355953e-04,-1.637214049696922302e-02,-1.084137335419654846e-02,3.282434120774269104e-02,7.792445365339517593e-03,2.032173611223697662e-02,1.794664189219474792e-02,-2.182952128350734711e-02,-8.639739826321601868e-03,5.003710393793880939e-04,-1.206227857619524002e-02,-3.122315369546413422e-02,-4.928988590836524963e-02,-6.285911513259634376e-05,3.538624197244644165e-02,-1.886398880742490292e-03,-1.320979557931423187e-02,9.226841852068901062e-03,-4.483324475586414337e-03,-4.896964877843856812e-02,-2.068200334906578064e-02,1.008748076856136322e-02,-5.674207583069801331e-03,-6.031139288097620010e-03,4.653451032936573029e-03,-1.258933544158935547e-02,2.863456681370735168e-02,-4.207286692690104246e-04,-1.663900539278984070e-02,-1.985472440719604492e-02,-2.704672329127788544e-02,2.893812721595168114e-03,-3.672056272625923157e-02,-1.228244137018918991e-02,-2.241662237793207169e-03,-2.062863111495971680e-02,-1.320979557931423187e-02,-7.452192716300487518e-03,-3.749447176232933998e-03,5.140478722751140594e-03,1.298462855629622936e-03,1.611861959099769592e-02,1.881395094096660614e-02,-1.785323955118656158e-02,1.617199182510375977e-02,-7.401321781799197197e-04,-2.137001429218798876e-04,-2.042848244309425354e-02,1.834693830460309982e-03,1.457080524414777756e-02,1.328985486179590225e-02,1.056783646345138550e-02,-5.684215202927589417e-02,9.386961348354816437e-03,-1.476094592362642288e-03,7.899191230535507202e-03,-4.216460045427083969e-03,2.089549601078033447e-02,-1.057450845837593079e-02,1.750631444156169891e-02,-3.028912842273712158e-02,3.031581453979015350e-02,-1.075464207679033279e-02,-3.231729939579963684e-02,8.933290839195251465e-03,-8.386218920350074768e-03,-2.242996729910373688e-02,5.951079539954662323e-03,2.360417135059833527e-02,-3.209046320989727974e-03,-1.884063892066478729e-02,1.637214049696922302e-02,-9.887332096695899963e-03,-1.110823731869459152e-02,-6.127877626568078995e-03,-2.069868380203843117e-03,-3.181025758385658264e-02,-5.143814254552125931e-03,-2.243330236524343491e-03,-9.313573129475116730e-03,-1.367680914700031281e-02,3.044924698770046234e-02,2.871462702751159668e-02,7.910032290965318680e-04,-8.619725704193115234e-03,-6.274653133004903793e-03,1.496943412348628044e-03,4.686808679252862930e-03,-9.353603236377239227e-03,-9.460348635911941528e-03,-1.206227857619524002e-02,-1.116828154772520065e-02,9.260199964046478271e-03,-1.264938060194253922e-02,-2.263011410832405090e-02,-1.185545790940523148e-02,2.234990708529949188e-02,-2.150928415358066559e-02,3.902894211933016777e-03,2.082611024379730225e-01,-6.418092641979455948e-03,-4.800434908247552812e-05,1.691921241581439972e-02,-7.034383015707135201e-04,1.665234938263893127e-02,3.205043449997901917e-02,-2.232124097645282745e-05,-1.187547342851758003e-03,1.250927615910768509e-02,-3.018238209187984467e-02,-1.763974688947200775e-02,-7.071910891681909561e-03,1.412714249454438686e-03,2.404449693858623505e-02,-2.345739491283893585e-02,-1.984138041734695435e-02,-1.152854878455400467e-02,-4.216460138559341431e-02,2.543552778661251068e-03,2.276354655623435974e-02,-1.226242631673812866e-02,-1.180208567529916763e-02,-1.160860806703567505e-02,3.218386694788932800e-02,-3.073946107178926468e-03,-3.010565880686044693e-03,1.324315369129180908e-02,1.229578442871570587e-02,2.540550567209720612e-02,-1.047443412244319916e-02,8.713128045201301575e-03,2.245665341615676880e-02,-9.693855419754981995e-03,1.450408902019262314e-02,-1.112158037722110748e-02,2.133582159876823425e-02,1.244255993515253067e-02,9.833958931267261505e-03,5.911049898713827133e-03,2.823427133262157440e-02,-1.873389258980751038e-02,-1.609526923857629299e-03,3.776133526116609573e-03,5.470723379403352737e-03,3.004894964396953583e-02,-6.287996075116097927e-04,3.676059423014521599e-03,-1.816346892155706882e-03,9.266871958971023560e-03,-3.664050623774528503e-02,2.828764263540506363e-03,2.520535886287689209e-02,3.909565880894660950e-02,-9.527064859867095947e-03,9.793929755687713623e-03,3.202374791726469994e-03,2.389772236347198486e-02,-7.105268887244164944e-04,-3.052263520658016205e-03,-2.465828508138656616e-02,1.679912395775318146e-02,-3.180691972374916077e-03,2.210972830653190613e-02,-1.489104237407445908e-02,-2.353411866351962090e-03,-2.836770378053188324e-02,-1.149519067257642746e-02,7.465536240488290787e-03,-3.519943729043006897e-02,5.810976028442382812e-03,-1.555820368230342865e-02,-1.900075748562812805e-02,1.125501282513141632e-02,4.019647371023893356e-03,-8.813202381134033203e-03,2.234990708529949188e-02,-1.375186489894986153e-03,-1.607025042176246643e-03,3.599335905164480209e-03,1.102817803621292114e-02,-2.233656309545040131e-02,-4.169758904026821256e-05,1.699176646070554852e-04,1.214233785867691040e-02,-2.807415276765823364e-02,1.346331741660833359e-02,9.487035684287548065e-03,-1.379689760506153107e-02,-1.336991507560014725e-02,3.118979511782526970e-03,-4.811901599168777466e-04,-1.127502787858247757e-02,5.529100308194756508e-04,3.699410008266568184e-03,1.182209979742765427e-02,9.346931241452693939e-03,1.306969206780195236e-02,-1.800001412630081177e-02,1.808007434010505676e-02,-5.293925758451223373e-03,-1.621202193200588226e-02,1.348333247005939484e-02,2.057525701820850372e-02,1.183544378727674484e-02,8.055974030867218971e-04,3.132990002632141113e-02,8.192742243409156799e-03,3.022241173312067986e-03,-1.894738338887691498e-02,3.060936555266380310e-02,-2.810083888471126556e-02,6.318018771708011627e-03,-2.051521325483918190e-03,3.704079985618591309e-02,1.117495354264974594e-02,-2.794072031974792480e-02,-2.876799926161766052e-02,1.201557740569114685e-02,1.437065657228231430e-02,1.686584018170833588e-02,-9.133439511060714722e-03,-4.146825231146067381e-04,2.448482438921928406e-02,-3.821500390768051147e-02,-5.684215109795331955e-03,-2.874131314456462860e-02,1.035434473305940628e-02,7.779101841151714325e-03,-2.120238915085792542e-02,1.593181490898132324e-02,-1.771980710327625275e-02,7.051896303892135620e-03,-2.002818509936332703e-02,1.333655696362257004e-02,8.793187327682971954e-03,-1.781321014277637005e-03,-3.799484111368656158e-03,-5.103784613311290741e-03,-5.820983089506626129e-03,1.578503847122192383e-02,4.910307936370372772e-03,1.738622598350048065e-02,2.641959115862846375e-02,-1.026094239205121994e-02,-8.292816579341888428e-03,6.047818344086408615e-03,-2.315050177276134491e-02,-1.657228916883468628e-02,-3.263753652572631836e-02,-4.216460138559341431e-02,1.516124350018799305e-03,1.888066716492176056e-02,-5.724244751036167145e-03,2.295035310089588165e-02,-7.078582420945167542e-03,-1.409044861793518066e-02,-2.668645605444908142e-02,1.814679056406021118e-02,2.525873109698295593e-02,-4.445963725447654724e-02,3.108972124755382538e-02,2.820758521556854248e-02,-1.622536592185497284e-02,-1.850705780088901520e-02,1.199556235224008560e-02,-1.699393540620803833e-01,2.551225200295448303e-02,2.407118305563926697e-02,8.853231556713581085e-03,2.001484297215938568e-02,-6.768352352082729340e-03,4.184436425566673279e-02,1.532803289592266083e-03,-9.707198478281497955e-03,2.006821520626544952e-02,1.040104590356349945e-02,1.296961773186922073e-02,-2.130913548171520233e-02,-1.015419699251651764e-02,-1.512788468971848488e-03,2.033508010208606720e-02,-1.430394034832715988e-02,-1.706265262328088284e-03,3.082285635173320770e-02,-1.041438989341259003e-02,2.082877978682518005e-02,-1.398370321840047836e-02,-2.645294880494475365e-03,-2.178949117660522461e-02,1.549148745834827423e-02,-1.465253299102187157e-03,-6.991851609200239182e-03,-1.240920182317495346e-02,2.520202193409204483e-03,-3.719424828886985779e-03,-8.446263149380683899e-03,1.312306523323059082e-02,2.048185467720031738e-02,-3.023575432598590851e-02,6.325524300336837769e-04,-1.861380413174629211e-02,-2.110898680984973907e-02,1.168199628591537476e-02,-1.118329353630542755e-03,1.722610741853713989e-02,1.451743207871913910e-02,3.732768120244145393e-03,2.356414124369621277e-02,1.663900539278984070e-02,-1.462417840957641602e-02,1.767977699637413025e-02,2.706006728112697601e-02,-1.425056811422109604e-02,2.783397398889064789e-02,-1.414382178336381912e-02,7.098597474396228790e-03,-2.823427133262157440e-02,-7.612311746925115585e-03,5.477395374327898026e-03,1.657228916883468628e-02,3.132990002632141113e-02,7.392148487269878387e-03,4.803562071174383163e-03,1.411463308613747358e-04,6.184586323797702789e-03,4.443294834345579147e-03,1.113325590267777443e-03,1.295627467334270477e-02,-6.544853560626506805e-03,2.404449693858623505e-02,-9.820615872740745544e-03,-3.092960268259048462e-02,-1.309304265305399895e-03,-3.485251218080520630e-02,3.242404386401176453e-02,-2.788734622299671173e-02,-3.189031407237052917e-02,2.073537744581699371e-02,-1.610527560114860535e-02,1.527799665927886963e-02,1.382692018523812294e-03,-4.363235551863908768e-03,9.914018213748931885e-03,4.840256180614233017e-03,-6.224615965038537979e-03,-1.085471641272306442e-02,4.790218919515609741e-02,-1.653225906193256378e-02,-1.008080877363681793e-02,-5.297261755913496017e-03,1.727947965264320374e-02,1.219237456098198891e-03,5.363977514207363129e-03,-9.944874909706413746e-05,1.910750195384025574e-02,1.371683832257986069e-02,-2.313715778291225433e-02,-5.574133712798357010e-03,-3.362493589520454407e-02,1.502447482198476791e-02,2.228319086134433746e-02,2.608601190149784088e-02,-2.253671176731586456e-02,2.013493143022060394e-02,-3.258416429162025452e-02,-8.859903551638126373e-03,-9.053380228579044342e-03,-2.180283516645431519e-02,2.429801784455776215e-02,3.690736740827560425e-02,-3.912901505827903748e-03,2.017496153712272644e-02,3.391848504543304443e-02,3.181025758385658264e-02,6.891777273267507553e-03,7.058567833155393600e-03,-1.316809793934226036e-03,1.952114328742027283e-02,1.032098662108182907e-02,-5.874356254935264587e-03,2.217644453048706055e-02,7.779101841151714325e-03,4.365737549960613251e-04,2.460491284728050232e-02,-9.193484671413898468e-03,6.570205837488174438e-02,6.024467293173074722e-03,-5.127135198563337326e-03,1.390364393591880798e-02,-1.782655343413352966e-02,-2.391106449067592621e-02,-1.001275852322578430e-01,-2.096554730087518692e-03,1.618533581495285034e-02,1.800001412630081177e-02,-1.879727235063910484e-03,6.761680822819471359e-03,8.993335999548435211e-03,-7.045224308967590332e-03,-1.665234938263893127e-02,1.116828154772520065e-02,-2.543219365179538727e-02,-1.371683832257986069e-02,-6.364719942212104797e-03,8.306159288622438908e-04,1.949445717036724091e-02,-1.618533581495285034e-02,2.109898021444678307e-03,-1.063455268740653992e-02,-1.007413771003484726e-02,2.692663483321666718e-02,-2.507192641496658325e-02,4.713495261967182159e-03,1.450408902019262314e-02,-4.413940012454986572e-02,-1.726280199363827705e-03,1.096146181225776672e-02,-2.919498272240161896e-02,2.021498978137969971e-03,1.118829660117626190e-02,1.111490931361913681e-02,1.123499777168035507e-02,4.373243078589439392e-03,6.831733044236898422e-03,1.746295019984245300e-03,-7.345447316765785217e-03,-3.992293775081634521e-02,-3.092960268259048462e-02,-1.212232280522584915e-02,2.519201487302780151e-02,-5.394000094383955002e-03,-5.457380320876836777e-03,-1.659897528588771820e-02,-6.404749583452939987e-03,-7.759087253361940384e-03,2.186955139040946960e-02,-1.302966196089982986e-02,-2.177614904940128326e-02,2.764716930687427521e-02,1.058117952197790146e-02,1.681246794760227203e-03,-3.466570749878883362e-02,-1.044774800539016724e-02,-1.367680914700031281e-02,-1.830690912902355194e-02,2.303041145205497742e-02,-2.583248913288116455e-02,3.555970266461372375e-03,1.363010797649621964e-02,-1.391698699444532394e-02,-9.757235529832541943e-04,4.957843339070677757e-04,1.146850455552339554e-02,-3.005562117323279381e-03,5.267239175736904144e-03,1.351669058203697205e-02,3.068942576646804810e-03,4.880285821855068207e-03,-3.130321204662322998e-02,2.072203345596790314e-02,-1.171535439789295197e-02,2.285695075988769531e-02,-1.153522077947854996e-02,-2.217644453048706055e-02,6.481472868472337723e-03,-2.267014421522617340e-02,-1.562491990625858307e-02,-5.800968501716852188e-03,-1.906747370958328247e-02,1.174204051494598389e-02,-2.834101580083370209e-02,-9.286887012422084808e-03,-1.631876826286315918e-02,1.842699758708477020e-02,-1.095479074865579605e-02,1.128169987350702286e-02,-9.113424457609653473e-03,1.309304265305399895e-03,-1.269608177244663239e-02,2.544553577899932861e-02,-6.825061049312353134e-03,1.758637465536594391e-02,4.903636407107114792e-03,1.403707638382911682e-02,-2.112233079969882965e-02,-4.099706653505563736e-03,3.597334399819374084e-02,-1.836028136312961578e-02,1.582506857812404633e-02,-1.874723471701145172e-02,2.050854079425334930e-02,-2.748705074191093445e-02,-1.251594815403223038e-02,-5.929730460047721863e-02,3.047593310475349426e-02,-1.976132020354270935e-02,1.215568091720342636e-02,-2.353745512664318085e-02,-1.325649674981832504e-02,1.414382178336381912e-02,-9.747228585183620453e-03,2.773723565042018890e-03,-1.188881602138280869e-02,-6.568204145878553391e-03,3.189031407237052917e-02,-1.106153614819049835e-02,-1.586509868502616882e-02,-1.322313956916332245e-02,4.716831259429454803e-03,8.839888498187065125e-03,-5.911049898713827133e-03,1.846702769398689270e-02,-2.995554823428392410e-03,1.521961996331810951e-03,1.388529635732993484e-04,-3.090625163167715073e-03,1.407710555940866470e-02,-1.785323955118656158e-02,1.098814886063337326e-02,1.275612600147724152e-02,8.139369077980518341e-03,-1.510453410446643829e-02,-5.964423064142465591e-03,-2.735361689701676369e-03,-2.858119457960128784e-02,-6.611569784581661224e-03,3.966274671256542206e-03,1.156857889145612717e-02,-1.738622598350048065e-02,-4.586734808981418610e-03,6.441443227231502533e-03,-7.252044510096311569e-03,2.954190783202648163e-02,-1.374352537095546722e-02,-3.848186880350112915e-02,3.324131714180111885e-03,8.119354024529457092e-03,1.014085300266742706e-02,-5.934400949627161026e-03,5.500745959579944611e-03,2.788734622299671173e-02,1.997481286525726318e-02,-1.006746571511030197e-02,1.622536592185497284e-02,2.335064858198165894e-02,7.378804963082075119e-03,-7.445521187037229538e-03,5.954415537416934967e-03,-3.846185514703392982e-03,1.109489426016807556e-02,-3.482582513242959976e-03,1.417050790041685104e-02,-4.790218919515609741e-02,3.154339268803596497e-02,2.446814440190792084e-03,1.331654191017150879e-02,-4.453302361071109772e-03,8.085995912551879883e-03,-2.118904702365398407e-02,2.288363687694072723e-02,1.551817450672388077e-02,1.142180338501930237e-02,4.319869913160800934e-03,9.873989038169384003e-03,-1.114993472583591938e-03,-2.380098216235637665e-03,1.437065657228231430e-02,-1.486435625702142715e-02,7.932549342513084412e-03,-9.186812676489353180e-03,-1.739956997334957123e-02,-1.325649674981832504e-02,-1.252595568075776100e-03,1.395701710134744644e-02,-1.545145828276872635e-02,-2.631284669041633606e-02,1.350334659218788147e-02,2.419127337634563446e-02,2.296703169122338295e-03,-3.502597333863377571e-03,6.838404573500156403e-03,2.600595168769359589e-02,7.872504182159900665e-03,-4.313198383897542953e-03,1.884063892066478729e-02,1.176872756332159042e-02,-1.129504293203353882e-02,9.240185609087347984e-04,2.001484297215938568e-02,5.760938860476016998e-03,2.033508010208606720e-02,1.583841256797313690e-02,8.566352538764476776e-03,-3.004894964396953583e-02,7.592296693474054337e-03,-8.477119845338165760e-04,-9.100081399083137512e-03,-1.212232280522584915e-02,1.820360375859308988e-05,-1.214900892227888107e-02,-1.900075748562812805e-02,-7.712386082857847214e-03,2.685991860926151276e-02,4.493332002311944962e-03,-3.792812582105398178e-03,3.495925664901733398e-02,1.278281304985284805e-02,1.542810787213966250e-04,-1.647054683417081833e-03,-1.024092733860015869e-02,-5.317276343703269958e-03,-3.103634901344776154e-02,1.149519067257642746e-02,2.112233079969882965e-02,-7.505565881729125977e-03,1.011416688561439514e-02,9.553750976920127869e-03,1.906747370958328247e-02,3.010232187807559967e-02,-8.319502696394920349e-03,-1.998148392885923386e-03,-2.060194499790668488e-02,-6.718315184116363525e-03,2.629950270056724548e-02,-3.866200335323810577e-03,-2.551225200295448303e-02,-1.771980710327625275e-02,2.778727328404784203e-03,-1.764641958288848400e-03,-5.512420902960002422e-04,3.994962573051452637e-02,1.349000353366136551e-02,4.691478982567787170e-02,7.318760734051465988e-03,-2.313715778291225433e-02,-1.304300501942634583e-03,1.356339175254106522e-02,2.519201487302780151e-02,-1.038103178143501282e-02,1.840031147003173828e-02,-3.686066716909408569e-03,-2.567237056791782379e-02,1.771980710327625275e-02,-4.369907081127166748e-03,2.440476417541503906e-02,4.139736760407686234e-03,-2.543219365179538727e-02,1.032765861600637436e-02,1.578503847122192383e-02,-4.756860900670289993e-03,-1.515790726989507675e-02,1.731950975954532623e-02,2.046851254999637604e-02,-1.425056811422109604e-02,-1.036768872290849686e-02,-1.571832224726676941e-02,-1.602521724998950958e-02,-9.306902065873146057e-03,4.152412712574005127e-02,-1.550483144819736481e-02,-6.314682774245738983e-03,-2.916829660534858704e-02,-1.211731927469372749e-03,-1.373018138110637665e-02,-2.948853373527526855e-02,-3.586659580469131470e-02,-1.152521348558366299e-03,-3.060936555266380310e-02,-6.451450753957033157e-03,-1.479764003306627274e-02,1.141513139009475708e-02,1.224908325821161270e-02,-3.646037075668573380e-03,5.128803313709795475e-04,-1.242254581302404404e-02,-1.298963278532028198e-02,2.037511020898818970e-02,1.793329790234565735e-02,1.794664189219474792e-02,1.106820814311504364e-02,-1.184211485087871552e-02
3.114303108304738998e-03,-4.516251385211944580e-03,2.766374498605728149e-03,1.612581429071724415e-03,-9.530518203973770142e-03,3.514762222766876221e-02,-3.531135246157646179e-02,6.621731445193290710e-04,1.120876241475343704e-02,-1.461300626397132874e-02,5.369017831981182098e-03,1.393420388922095299e-03,7.552099879831075668e-03,5.600970238447189331e-03,-4.765259101986885071e-03,-1.844704337418079376e-02,1.227983739227056503e-02,-4.488962702453136444e-03,-8.097870275378227234e-03,-9.052968584001064301e-03,-4.117156378924846649e-03,-6.661811377853155136e-03,5.034733098000288010e-03,-2.095758914947509766e-02,-7.360440213233232498e-05,1.483131386339664459e-02,2.506451122462749481e-02,-1.612751930952072144e-02,1.513148844242095947e-02,9.223521687090396881e-03,2.372396178543567657e-03,-8.527664467692375183e-04,-3.544779494404792786e-02,-7.865917868912220001e-03,-3.718061838299036026e-03,2.971720509231090546e-02,4.557183943688869476e-03,7.872739806771278381e-03,1.208881754428148270e-02,2.586952410638332367e-02,1.676880009472370148e-02,-7.272392511367797852e-03,8.602707646787166595e-03,-4.526484292000532150e-03,-4.427563399076461792e-03,-3.503164509311318398e-03,-1.764203235507011414e-02,-1.671422272920608521e-02,-3.413794562220573425e-02,9.243988431990146637e-03,1.227301452308893204e-02,4.407097026705741882e-02,-1.135202683508396149e-02,7.142771966755390167e-03,-2.999009005725383759e-02,2.246186835691332817e-03,3.042670665308833122e-03,-5.044966470450162888e-03,-3.482016175985336304e-02,-8.374166791327297688e-04,-6.327527109533548355e-03,8.084226399660110474e-03,-1.747830212116241455e-02,-6.938107777386903763e-03,-3.146708244457840919e-03,-1.035599596798419952e-02,-1.910196803510189056e-02,1.440834254026412964e-02,-6.119451951235532761e-03,4.161500371992588043e-03,5.872491002082824707e-02,2.063012681901454926e-02,-6.828953977674245834e-03,-1.828331267461180687e-03,8.438976481556892395e-03,-3.542050719261169434e-02,1.165902335196733475e-02,-3.121807426214218140e-02,-1.997520215809345245e-02,1.222014310769736767e-03,1.484495867043733597e-02,-1.382846105843782425e-02,-2.968991734087467194e-02,-1.165902335196733475e-02,3.132722899317741394e-02,-1.360162510536611080e-03,-3.172291209921240807e-03,3.113620914518833160e-02,-5.399717018008232117e-03,-1.997520215809345245e-02,3.512033447623252869e-02,1.294158399105072021e-02,1.760110026225447655e-03,1.544530596584081650e-02,-5.757879000157117844e-03,-4.853946622461080551e-03,-1.985240355134010315e-02,-4.465084988623857498e-03,-6.010298151522874832e-03,3.076781285926699638e-03,-8.800549432635307312e-03,-6.614056881517171860e-03,4.130800720304250717e-03,-3.871559631079435349e-03,-2.199455164372920990e-02,-2.739768102765083313e-02,1.835153438150882721e-03,-1.504962239414453506e-02,2.494171261787414551e-02,-1.237534731626510620e-02,-5.740823689848184586e-03,2.402754686772823334e-02,-2.627885155379772186e-02,-4.759119078516960144e-02,9.462296962738037109e-03,-4.025057703256607056e-02,2.064377069473266602e-02,1.401265803724527359e-02,-9.134834632277488708e-03,-1.074485760182142258e-02,5.532748997211456299e-03,-1.485519227571785450e-03,6.078519392758607864e-03,-1.190461963415145874e-02,-2.374101895838975906e-03,2.544655092060565948e-02,-4.430974368005990982e-03,-1.270622014999389648e-03,-1.116782985627651215e-02,-6.221784278750419617e-03,1.601836457848548889e-02,2.039817348122596741e-02,2.458696253597736359e-02,1.723270490765571594e-02,-6.402570754289627075e-03,1.057430449873209000e-02,-8.234312757849693298e-03,-2.551477216184139252e-02,-8.998391218483448029e-03,-2.586952410638332367e-02,7.122305687516927719e-03,1.798313856124877930e-02,-1.090176682919263840e-02,-1.867899671196937561e-02,1.978418231010437012e-02,1.615480706095695496e-02,-7.681720424443483353e-03,2.322253584861755371e-02,6.245661526918411255e-03,-1.887001655995845795e-02,4.755025729537010193e-03,5.078224348835647106e-04,4.385266080498695374e-02,-1.904739253222942352e-02,2.217192761600017548e-02,2.301787212491035461e-02,-2.486666897311806679e-03,3.337386995553970337e-02,-2.275181002914905548e-03,-2.151700295507907867e-02,-1.701439730823040009e-02,1.030824054032564163e-02,7.115483283996582031e-03,-5.676013417541980743e-03,1.805135980248451233e-02,2.214463986456394196e-02,1.294158399105072021e-02,-6.783757125958800316e-04,-3.851093351840972900e-03,-1.949765160679817200e-02,3.081897972151637077e-03,-7.231459487229585648e-03,-2.716572768986225128e-02,7.497522514313459396e-03,-1.362379733473062515e-02,3.503846749663352966e-02,3.852372465189546347e-04,-1.739643514156341553e-02,-1.575912348926067352e-02,3.340115770697593689e-02,-4.418012499809265137e-02,1.828331267461180687e-03,6.774376612156629562e-03,3.812207281589508057e-02,-2.232201397418975830e-02,-1.573183573782444000e-02,2.955347485840320587e-02,3.413794562220573425e-02,1.181593164801597595e-02,-2.172166667878627777e-02,2.072563581168651581e-02,6.436681374907493591e-03,-9.707893244922161102e-03,7.960575167089700699e-04,-6.374599933624267578e-01,7.640787400305271149e-03,-2.917143516242504120e-02,-1.191826444119215012e-02,2.108038775622844696e-02,-5.519104655832052231e-03,1.364426314830780029e-02,1.764203235507011414e-02,-3.986853733658790588e-02,-7.811340969055891037e-03,-1.665964536368846893e-02,2.030266448855400085e-02,-1.836517825722694397e-02,-8.138802833855152130e-03,-2.577401325106620789e-02,-1.605929806828498840e-02,-2.667453512549400330e-02,6.088752299547195435e-03,3.946603275835514069e-03,-8.786905556917190552e-03,-9.305387735366821289e-03,1.115418504923582077e-02,9.951784741133451462e-04,4.881235305219888687e-03,1.495411247014999390e-02,1.470851618796586990e-02,1.828331314027309418e-02,8.200202137231826782e-03,-1.115418504923582077e-02,1.458571758121252060e-02,-3.820393607020378113e-02,1.975689269602298737e-02,-6.962838233448565006e-04,2.464153990149497986e-02,4.778220877051353455e-02,4.246776923537254333e-03,-4.357977584004402161e-02,3.375590592622756958e-02,1.661871187388896942e-02,3.280080854892730713e-02,-1.511784363538026810e-02,-1.416274532675743103e-02,1.807864941656589508e-02,-1.247085630893707275e-02,-1.640040427446365356e-02,3.221751656383275986e-03,2.228108234703540802e-02,8.432154543697834015e-03,1.230712514370679855e-02,4.038701765239238739e-03,8.650463074445724487e-03,-1.162491273134946823e-02,-1.145435869693756104e-02,1.469487138092517853e-02,-6.881825393065810204e-04,1.548623852431774139e-02,4.797323048114776611e-02,-1.938849873840808868e-02,4.291120916604995728e-03,4.958836943842470646e-04,-1.139978226274251938e-02,1.288700662553310394e-02,-6.484436336904764175e-03,-4.611761122941970825e-02,-3.513397881761193275e-03,1.067663636058568954e-02,1.644133776426315308e-02,2.742496877908706665e-02,-1.166584528982639313e-02,1.348053198307752609e-02,-7.804518565535545349e-03,-5.713535472750663757e-03,-1.335432287305593491e-03,3.585030091926455498e-03,5.433828104287385941e-03,-1.213486655615270138e-03,3.345573320984840393e-02,-6.276361178606748581e-03,-2.339991182088851929e-02,7.913672365248203278e-03,-5.031322361901402473e-04,-1.238216878846287727e-03,-3.187299892306327820e-02,-1.218432746827602386e-02,2.019350975751876831e-02,-1.895188167691230774e-02,-2.110767550766468048e-02,4.101465642452239990e-02,1.215021684765815735e-02,-1.380117237567901611e-02,5.263274535536766052e-03,1.914290152490139008e-02,1.468122750520706177e-02,1.182275451719760895e-02,1.451749633997678757e-02,2.162615768611431122e-02,-4.717504139989614487e-03,3.072688169777393341e-02,6.583357229828834534e-03,-1.008993294090032578e-02,-2.404801343800500035e-04,-2.889855019748210907e-02,1.631853915750980377e-02,-2.846534363925457001e-03,1.944307610392570496e-02,3.015382215380668640e-02,-3.048128448426723480e-02,-1.642769388854503632e-02,2.742496877908706665e-02,-4.944681003689765930e-02,-7.579388096928596497e-03,2.895312756299972534e-02,1.243674568831920624e-02,-1.507691107690334320e-03,-1.959316246211528778e-02,-2.876210771501064301e-02,1.781940832734107971e-02,3.173655644059181213e-02,5.304207559674978256e-03,-2.256761118769645691e-02,1.239581312984228134e-02,-1.200012955814599991e-02,-1.671422272920608521e-02,-2.525553107261657715e-02,7.736297324299812317e-03,5.746963620185852051e-02,-1.504962239414453506e-02,-2.138056047260761261e-02,-3.064501471817493439e-02,-1.060841511934995651e-02,2.476433757692575455e-03,9.762470610439777374e-03,2.498264610767364502e-02,-2.454261761158704758e-03,1.559539325535297394e-02,-4.222899675369262695e-03,-1.677391584962606430e-03,-4.632227588444948196e-03,1.923841051757335663e-02,-1.334408950060606003e-02,-4.894879646599292755e-03,3.752172458916902542e-03,5.498637910932302475e-03,-1.622302830219268799e-02,-2.201843075454235077e-03,-3.926818817853927612e-02,-1.746465638279914856e-02,-2.589681185781955719e-02,-3.651204705238342285e-02,1.359650865197181702e-02,1.013939268887042999e-03,-1.771025359630584717e-02,-3.315556049346923828e-02,-5.581356235779821873e-04,-2.580130286514759064e-02,-1.287336274981498718e-02,9.155300445854663849e-03,1.472216006368398666e-02,2.603069588076323271e-04,-7.845451124012470245e-03,1.977053843438625336e-02,-2.013893239200115204e-02,-2.333169057965278625e-02,-1.331680081784725189e-02,2.544655092060565948e-02,-6.242250557988882065e-03,2.914414741098880768e-02,7.483878638595342636e-03,-8.357111364603042603e-03,-2.046639472246170044e-02,7.402013055980205536e-03,4.792547319084405899e-03,-3.375590592622756958e-02,2.172166667878627777e-02,2.636071667075157166e-02,-2.629931783303618431e-03,-2.563416026532649994e-03,-1.648226939141750336e-02,-2.168073505163192749e-02,2.846193313598632812e-02,6.484436336904764175e-03,-9.455474093556404114e-03,-3.793105110526084900e-02,-2.402754686772823334e-02,1.381481625139713287e-02,1.566958380863070488e-04,-7.340613752603530884e-03,2.125776186585426331e-02,-7.040440104901790619e-03,-3.485682827886193991e-04,1.444927509874105453e-02,1.525428611785173416e-02,2.320889197289943695e-02,-7.054083980619907379e-03,-2.385017275810241699e-02,5.723768379539251328e-03,2.345448918640613556e-02,-4.116730124223977327e-04,2.351929899305105209e-03,3.157282620668411255e-02,2.454602904617786407e-02,1.125651691108942032e-02,4.221535101532936096e-02,-7.081372663378715515e-03,3.864055499434471130e-02,-4.991071671247482300e-02,2.038452960550785065e-02,1.099727582186460495e-02,3.151824697852134705e-02,-3.214929485693573952e-03,-3.034143010154366493e-03,-2.090301178395748138e-02,-2.230837009847164154e-02,1.294840592890977859e-02,2.645281609147787094e-03,4.895561560988426208e-02,-1.091541070491075516e-02,1.368519570678472519e-02,-3.272917587310075760e-03,-1.436740905046463013e-02,1.313942577689886093e-02,-1.951129734516143799e-02,-1.532421330921351910e-03,2.114860899746417999e-02,-3.711239621043205261e-02,-7.135949563235044479e-03,1.393761485815048218e-02,2.450509741902351379e-02,2.479162625968456268e-02,-1.346688810735940933e-02,4.690215457230806351e-03,-1.279149670153856277e-02,-2.424585632979869843e-02,1.292793918401002884e-02,-3.187299892306327820e-02,9.830691851675510406e-03,1.077896822243928909e-02,3.143297275528311729e-03,-1.239581312984228134e-02,2.756141126155853271e-03,1.533615216612815857e-02,1.938849873840808868e-02,1.268916483968496323e-02,-2.043910697102546692e-02,-7.538455538451671600e-04,7.633965462446212769e-03,2.083479054272174835e-02,1.335091143846511841e-02,1.182547202915884554e-05,1.249814499169588089e-02,4.560594912618398666e-03,-2.188198734074831009e-03,-2.327711321413516998e-02,-1.485860254615545273e-02,8.848304860293865204e-03,-2.421856671571731567e-02,-2.060283673927187920e-03,-9.519005834590643644e-05,3.471100702881813049e-02,1.709626242518424988e-02,1.749194599688053131e-02,2.449145354330539703e-02,1.951129641383886337e-03,-2.923283493146300316e-03,2.330440096557140350e-02,-6.388926412910223007e-03,-1.301662717014551163e-02,-4.403686150908470154e-03,-2.128505147993564606e-03,-1.981147006154060364e-02,1.228665933012962341e-02,1.716448366641998291e-02,1.648226939141750336e-02,7.627143058925867081e-03,-1.712355017662048340e-02,3.806749591603875160e-03,-2.536127343773841858e-03,1.814687065780162811e-02,3.741256892681121826e-02,-2.174554392695426941e-03,-1.429918780922889709e-02,-2.288142964243888855e-02,9.114367887377738953e-03,-9.216699749231338501e-03,-2.246186835691332817e-03,-1.629124954342842102e-02,-5.119327455759048462e-02,9.278099052608013153e-03,-2.726123854517936707e-02,8.855126798152923584e-03,-5.744234658777713776e-03,1.734185963869094849e-02,9.025679901242256165e-03,-1.921112276613712311e-02,-3.694866597652435303e-02,1.571648637764155865e-03,1.548623852431774139e-02,-1.107231993228197098e-02,8.684573695063591003e-03,-3.344550030305981636e-03,-1.771025359630584717e-02,-7.361080031841993332e-03,2.293941797688603401e-03,2.851651050150394440e-03,3.520219773054122925e-02,3.046081867069005966e-03,-2.363868523389101028e-03,8.234312757849693298e-03,-5.822689272463321686e-03,-2.342719957232475281e-02,-1.571819186210632324e-02,-4.703006998170167208e-04,-4.830069374293088913e-03,1.423096656799316406e-02,4.867590963840484619e-03,-1.685066521167755127e-02,-1.555445976555347443e-02,1.104503124952316284e-02,1.342595554888248444e-02,9.278099052608013153e-03,-1.409452408552169800e-02,-2.299058437347412109e-02,-1.180228777229785919e-03,6.863064598292112350e-03,1.018953621387481689e-01,6.092163734138011932e-03,-1.805135980248451233e-02,1.664600148797035217e-02,-1.435376517474651337e-02,4.035290796309709549e-03,-8.104692213237285614e-03,-2.451874129474163055e-02,1.059477031230926514e-02,1.609170343726873398e-03,-5.897732917219400406e-03,-1.891094818711280823e-02,-7.470234297215938568e-03,2.507815696299076080e-02,2.303151600062847137e-02,5.606939666904509068e-04,7.090753060765564442e-04,-2.634707279503345490e-02,5.266685504466295242e-03,-6.979040801525115967e-03,-2.011164464056491852e-02,-3.851093351840972900e-03,1.051290519535541534e-02,1.265505421906709671e-02,7.101838942617177963e-03,-1.919747889041900635e-02,1.307120453566312790e-02,2.314067073166370392e-02,1.381481625139713287e-02,-2.843464538455009460e-02,-4.008002579212188721e-03,2.495535835623741150e-02,-1.586827822029590607e-02,9.394075721502304077e-03,-1.558174844831228256e-02,9.237166494131088257e-03,1.498140115290880203e-02,8.740856428630650043e-04,1.291429530829191208e-02,1.300298329442739487e-02,6.873297505080699921e-03,1.465393882244825363e-02,1.030141860246658325e-02,-1.791491732001304626e-02,1.871993020176887512e-02,8.067170856520533562e-04,9.428186342120170593e-03,-6.324116140604019165e-03,-1.751923374831676483e-02,-2.024808712303638458e-02,3.473829478025436401e-02,-2.535104192793369293e-02,-6.395748350769281387e-03,-2.019350975751876831e-02,8.268423378467559814e-03,-1.514513231813907623e-02,1.585463434457778931e-02,-3.615729743614792824e-03,-3.760700055863708258e-04,2.217192761600017548e-02,-2.042546309530735016e-02,-2.374101802706718445e-02,2.629931783303618431e-03,3.342844429425895214e-04,8.097870275378227234e-03,-7.831807248294353485e-03,-3.177407896146178246e-03,-4.471907392144203186e-03,-9.093901142477989197e-03,-1.125651691108942032e-02,-5.058610811829566956e-03,-3.711239667609333992e-03,8.276098524220287800e-04,1.896552555263042450e-02,3.490202501416206360e-02,7.702186703681945801e-03,1.195237506181001663e-02,-8.028796291910111904e-04,8.773261681199073792e-03,5.542981904000043869e-03,-8.786905556917190552e-03,-2.556934952735900879e-02,3.034143010154366493e-03,-1.660506799817085266e-02,-1.930663175880908966e-02,3.883157297968864441e-02,-1.620938442647457123e-02,1.063570287078619003e-02,-4.300671815872192383e-02,-9.407719597220420837e-03,1.345324330031871796e-02,-1.017350354231894016e-03,1.723270490765571594e-02,8.902882225811481476e-03,-9.714715182781219482e-03,-1.740496372804045677e-03,1.656413637101650238e-02,2.359093166887760162e-02,-1.715083979070186615e-02,-1.776483096182346344e-02,-5.665780510753393173e-03,-9.499818552285432816e-04,-3.963658586144447327e-03,1.595526002347469330e-03,2.979907207190990448e-02,-1.545895077288150787e-02,-6.211550906300544739e-03,1.247767917811870575e-02,2.720857992244418710e-05,9.912556968629360199e-03,6.624289788305759430e-03,-2.128505147993564606e-02,-9.469118900597095490e-03,-1.086765620857477188e-02,-2.900770306587219238e-02,-8.254779502749443054e-03,4.639049526304006577e-03,2.562392689287662506e-02,1.675515621900558472e-02,-2.138056047260761261e-02,-4.932401236146688461e-03,-2.769785374402999878e-02,4.186059907078742981e-02,-3.180819039698690176e-04,-3.165468946099281311e-02,5.362195428460836411e-03,5.075666122138500214e-03,-8.425332605838775635e-03,-4.062579479068517685e-03,1.237534731626510620e-02,8.860243251547217369e-04,2.184446528553962708e-02,4.031879827380180359e-03,1.646862551569938660e-02,-8.213846944272518158e-03,-1.101774256676435471e-02,-8.418510667979717255e-03,1.390350423753261566e-02,-1.101774256676435471e-02,1.892459392547607422e-02,-4.295214265584945679e-02,-1.730092614889144897e-02,-2.391839399933815002e-02,-5.307618528604507446e-02,-4.521708935499191284e-02,-3.239148110151290894e-02,-1.398537028580904007e-02,-1.128380559384822845e-02,1.705532893538475037e-02,8.991569280624389648e-03,-1.900645904242992401e-02,1.298933848738670349e-02,1.559539325535297394e-02,-2.725441707298159599e-03,9.312209673225879669e-03,-2.971720509231090546e-02,-1.396490354090929031e-02,7.474498124793171883e-04,3.255521133542060852e-02,2.672911249101161957e-02,3.782189637422561646e-02,1.056065969169139862e-02,6.119451951235532761e-03,1.305073779076337814e-02,-1.126333978027105331e-02,1.952835242263972759e-03,-3.004466742277145386e-02,3.950014244765043259e-03,-4.554454982280731201e-02,2.911685779690742493e-02,1.724634878337383270e-02,4.592658951878547668e-02,-4.710681736469268799e-03,-3.612318774685263634e-03,1.506326720118522644e-02,2.127140574157238007e-02,1.586827822029590607e-02,-1.402630284428596497e-02,-2.320889197289943695e-02,-3.498389199376106262e-02,9.591917507350444794e-03,-5.960837588645517826e-04,-1.320764701813459396e-02,-1.249814499169588089e-02,-1.821509189903736115e-02,-1.018544286489486694e-02,1.124969497323036194e-02,-1.191144157201051712e-02,5.457705352455377579e-03,-6.371871102601289749e-03,1.985240355134010315e-02,-2.525553107261657715e-02,2.095758914947509766e-02,-1.098363194614648819e-02,2.314067073166370392e-02,2.101216465234756470e-03,4.014142230153083801e-02,1.455842889845371246e-02,3.455409780144691467e-03,3.932276740670204163e-02,5.311029497534036636e-03,6.109219044446945190e-03,-2.282685227692127228e-02,-2.878939546644687653e-02,-2.938974276185035706e-02,9.121189825236797333e-03,-9.591917507350444794e-03,-2.154429256916046143e-02,-5.665780510753393173e-03,-3.149095922708511353e-02,-5.976187530905008316e-03,4.737117560580372810e-04,-1.918383501470088959e-02,-4.096007719635963440e-02,1.215703878551721573e-02,-1.157715730369091034e-02,-4.158089403063058853e-03,2.183082140982151031e-02,-3.331929072737693787e-02,-1.529521960765123367e-02,1.458571758121252060e-02,5.972776096314191818e-03,2.813447080552577972e-02,-1.239581312984228134e-02,4.166958108544349670e-02,-1.275738584809005260e-03,4.891468212008476257e-03,-2.464153990149497986e-02,5.150709301233291626e-03,3.973891492933034897e-03,-4.062579479068517685e-03,8.241134695708751678e-03,3.531135246157646179e-02,-5.648725200444459915e-03,-9.046146646142005920e-03,8.404865860939025879e-03,-2.689625369384884834e-03,-1.644133776426315308e-02,-2.550112828612327576e-02,1.040375046432018280e-02,2.128505147993564606e-02,-3.260978963226079941e-03,-3.100658766925334930e-03,8.702481864020228386e-04,2.322253584861755371e-02,-1.360333058983087540e-02,-1.096998807042837143e-02,1.124287303537130356e-02,-3.304640576243400574e-02,-1.906103640794754028e-02,-6.167206913232803345e-03,-2.641870407387614250e-03,-2.610147558152675629e-02,3.267801133915781975e-03,-2.063012681901454926e-02,-3.154553845524787903e-02,1.233441382646560669e-02,-1.322811376303434372e-02,-4.113745409995317459e-03,1.030141860246658325e-02,-3.091790154576301575e-02,1.454478502273559570e-02,-2.176260016858577728e-02,1.543507241876795888e-04,2.376830764114856720e-02,1.464029494673013687e-02,-1.771025359630584717e-02,-1.319400221109390259e-02,-6.487847305834293365e-03,2.884397283196449280e-02,-1.391714904457330704e-02,-1.693253032863140106e-02,2.034359611570835114e-02,2.076656930148601532e-02,-3.278034273535013199e-03,-1.103138737380504608e-02,3.217061457689851522e-04,-8.520842529833316803e-03,-2.297693863511085510e-02,8.950636722147464752e-03,1.866535283625125885e-02,-9.192822617478668690e-04,-3.828580304980278015e-02,1.049755490384995937e-03,-8.227490819990634918e-03,-3.885886073112487793e-02,-2.821633592247962952e-02,-8.043292909860610962e-03,1.929298788309097290e-02,-1.108596380800008774e-02,-3.782189637422561646e-02,2.435500966385006905e-03,-3.806749358773231506e-02,2.180353365838527679e-02,1.210246141999959946e-02,-2.430043369531631470e-02,8.479909971356391907e-03,4.287027567625045776e-02,-2.790251933038234711e-02,4.363435506820678711e-02,-1.941578648984432220e-02,-1.888024969957768917e-03,-4.270654544234275818e-02,-1.011722162365913391e-02,-1.013086526654660702e-03,-2.217192761600017548e-02,4.513522237539291382e-02,-2.832549065351486206e-02,1.236511394381523132e-03,-1.209563948214054108e-02,4.089015128556638956e-04,3.121807426214218140e-02,1.481255283579230309e-03,-6.293416488915681839e-03,-1.595014333724975586e-02,5.126832053065299988e-03,1.054701581597328186e-02,-2.460060641169548035e-02,-3.432896733283996582e-02,3.539321944117546082e-02,2.739085815846920013e-03,9.346320293843746185e-03,1.582734473049640656e-02,-3.162740170955657959e-02,1.262094359844923019e-03,1.032870728522539139e-02,1.431283261626958847e-02,2.548748441040515900e-02,-2.244481351226568222e-03,-1.567725837230682373e-02,2.928399946540594101e-03,9.339498355984687805e-03,-3.585712239146232605e-02,-1.049243845045566559e-02,-1.199330762028694153e-02,-3.445176407694816589e-03,-1.408088020980358124e-02,1.616845279932022095e-02,-1.103138737380504608e-02,-2.397297136485576630e-02,3.198215365409851074e-02,-6.348846363835036755e-04,2.670182287693023682e-02,2.374101802706718445e-02,-3.214929485693573952e-03,-8.166091516613960266e-03,2.004342339932918549e-02,1.224785810336470604e-04,-2.870753034949302673e-02,-4.426199197769165039e-02,4.448029678314924240e-03,3.722155094146728516e-02,5.515693686902523041e-03,-2.546019479632377625e-02,7.074550725519657135e-03,1.544360071420669556e-03,-4.639049619436264038e-02,-4.959689918905496597e-03,-2.449145307764410973e-03,8.476498769596219063e-04,-3.547508502379059792e-03,1.514513231813907623e-02,3.453704062849283218e-03,1.747830212116241455e-02,-5.631669890135526657e-03,6.163795944303274155e-03,-4.374350979924201965e-02,-1.816051453351974487e-02,1.877450570464134216e-02,-3.907717019319534302e-02,1.847433298826217651e-02,-1.137931551784276962e-02,-2.297693863511085510e-02,-7.818162441253662109e-03,-6.508313585072755814e-03,-1.974324882030487061e-02,1.383528299629688263e-02,1.841975562274456024e-02,1.739643514156341553e-02,6.944930180907249451e-03,-5.522515624761581421e-03,3.170926868915557861e-02,1.388303842395544052e-02,6.290005519986152649e-03,-8.411688730120658875e-03,-5.624847486615180969e-03,1.657778024673461914e-02,1.298251654952764511e-02,1.043103914707899094e-02,-3.220046311616897583e-02,8.725506253540515900e-03,-1.272327546030282974e-02,-4.939223174005746841e-03,-2.269040979444980621e-02,1.559539325535297394e-02,-3.509986680001020432e-03,1.410816796123981476e-02,-7.122305687516927719e-03,3.664848953485488892e-02,2.909639151766896248e-03,-1.900645904242992401e-02,1.855619810521602631e-02,-9.332676418125629425e-03,-1.926570013165473938e-02,9.530518203973770142e-03,1.597743295133113861e-02,-3.506575711071491241e-03,-9.721538051962852478e-03,9.465707698836922646e-04,-1.436740905046463013e-02,1.594673260115087032e-03,-2.016622200608253479e-02,1.695981994271278381e-02,-4.715457558631896973e-02,1.720541529357433319e-02,-5.693068727850914001e-03,-1.519629848189651966e-03,-1.075167953968048096e-02,2.128505147993564606e-02,3.307369351387023926e-02,1.080455142073333263e-03,2.878939500078558922e-03,3.769227769225835800e-03,-6.491258274763822556e-03,2.339991182088851929e-02,-3.919314593076705933e-03,-1.998884603381156921e-02,-5.570270586758852005e-03,-8.759616874158382416e-03,4.519662354141473770e-03,-1.428554393351078033e-02,-9.973956272006034851e-03,-1.554081588983535767e-02,1.485860254615545273e-02,-3.555694967508316040e-02,-4.710681736469268799e-03,1.686431020498275757e-01,-7.670634076930582523e-04,1.034235116094350815e-02,2.438229881227016449e-02,1.743054599501192570e-03,8.650463074445724487e-03,4.019600152969360352e-02,6.846009287983179092e-03,4.161500371992588043e-03,2.882350527215749025e-04,-2.387746050953865051e-02,-2.292236313223838806e-02,2.923283493146300316e-03,7.939256029203534126e-04,1.461300626397132874e-02,-3.754901140928268433e-02,1.543507241876795888e-04,-2.936245501041412354e-02,-2.824362553656101227e-02,-2.974449424073100090e-03,-1.812981441617012024e-03,-2.335897833108901978e-02,-2.296329475939273834e-02,-5.256452597677707672e-03,4.428927972912788391e-02,-5.437239073216915131e-03,-2.754776738584041595e-02,1.028095278888940811e-02,-3.139886073768138885e-03,2.387746050953865051e-02,-1.403994672000408173e-02,-6.235428154468536377e-03,1.514513231813907623e-02,1.654366962611675262e-03,-5.757879000157117844e-03,-4.028468858450651169e-03,2.769785374402999878e-02,5.703302100300788879e-03,1.079943403601646423e-02,1.455842889845371246e-02,1.816051453351974487e-02,-5.385220283642411232e-04,-9.946667589247226715e-03,2.694742055609822273e-03,2.215060812886804342e-04,1.731457002460956573e-02,5.972776096314191818e-03,-5.171175580471754074e-03,-3.573091526050120592e-04,2.423562342301011086e-03,-1.704168505966663361e-02,-2.181376563385128975e-03,2.327711321413516998e-02,2.757505699992179871e-02,-1.019908674061298370e-02,-5.331495776772499084e-03,6.365048699080944061e-03,4.715457558631896973e-02,-1.164537854492664337e-02,-1.109960861504077911e-02,-2.048003859817981720e-02,1.944307610392570496e-02,1.483813626691699028e-03,1.230712514370679855e-02,-5.672602448612451553e-03,-5.815867334604263306e-03,-3.353760018944740295e-02,-1.725999289192259312e-03,7.772966055199503899e-04,-1.615480706095695496e-02,-1.068345829844474792e-02,-4.000497981905937195e-02,-2.043910697102546692e-02,1.291941152885556221e-03,-1.823214697651565075e-03,-1.659142412245273590e-02,3.853140026330947876e-02,8.936992846429347992e-03,4.161500371992588043e-03,3.470759605988860130e-03,5.996653810143470764e-03,-1.429918780922889709e-02,6.211550906300544739e-03,2.215487184002995491e-03,-1.111154677346348763e-03,-1.974324882030487061e-02,3.015382215380668640e-02,1.000124495476484299e-02,-3.831309080123901367e-02,-1.588703948073089123e-03,6.443503312766551971e-03,-1.095634326338768005e-02,-1.087447814643383026e-02,-1.118829566985368729e-02,-4.437796771526336670e-03,-1.414910145103931427e-02,3.180818865075707436e-03,2.509180083870887756e-02,-7.422479335218667984e-03,4.267243202775716782e-03,-1.087447814643383026e-02,-2.468247152864933014e-02,4.868273064494132996e-02,2.098487690091133118e-02,-3.718061838299036026e-03,4.734559450298547745e-03,1.476309262216091156e-02,9.776114486157894135e-03,4.792547319084405899e-03,-3.722155094146728516e-02,1.865170709788799286e-02,-1.660506799817085266e-02,2.516002207994461060e-02,4.833480343222618103e-03,3.970480710268020630e-02,-1.061523705720901489e-02,-1.013086549937725067e-02,-3.372861817479133606e-02,1.923841051757335663e-02,3.666895674541592598e-03,2.097805496305227280e-03,-1.372612919658422470e-02,-1.432647649198770523e-02,2.354999817907810211e-02,-2.088936790823936462e-02,-1.172724459320306778e-02,-1.736914739012718201e-02,1.092905458062887192e-02,1.240945793688297272e-02,-2.788887359201908112e-02,2.484620362520217896e-02,-1.152940280735492706e-02,1.324346289038658142e-03,-6.330938078463077545e-03,1.189779769629240036e-02,-3.779460908845067024e-03,-2.622256870381534100e-04,-1.534979604184627533e-02,-1.368690165691077709e-03,-8.227490819990634918e-03,1.039692852646112442e-02,-3.039259696379303932e-03,1.697346381843090057e-02,1.941578648984432220e-02,3.214929485693573952e-03,-1.912925764918327332e-02,8.793727494776248932e-03,-2.500993385910987854e-02,-1.207517273724079132e-02,-3.361946344375610352e-02,-3.913174569606781006e-02,-1.761815510690212250e-03,3.980713896453380585e-03,-2.184446528553962708e-02,2.696106396615505219e-02,-8.254779502749443054e-03,-2.282685227692127228e-02,-2.365915291011333466e-02,1.829695701599121094e-02,3.932276740670204163e-02,-2.556934952735900879e-02,3.784918785095214844e-02,4.655422642827033997e-02,-3.888615220785140991e-02,-1.761474460363388062e-02,-5.768112372606992722e-03,-1.744282692670822144e-01,2.824362553656101227e-02,3.091790154576301575e-02,6.143329665064811707e-03,7.947782985866069794e-03,-3.619140945374965668e-03,1.878815144300460815e-02,7.272392511367797852e-03,-9.769292548298835754e-03,6.266127806156873703e-03,3.146367147564888000e-02,1.225937064737081528e-02,-1.589556597173213959e-02,-9.721538051962852478e-03,-9.764176211319863796e-04,2.349542081356048584e-02,-1.449020765721797943e-02,-2.158522419631481171e-02,3.244605660438537598e-02,3.354783169925212860e-03,7.831807248294353485e-03,-8.561775088310241699e-03,2.381350350333377719e-04,-2.859837561845779419e-02,2.103945426642894745e-02,-4.840302281081676483e-03,-3.527041990309953690e-03,-1.704680151306092739e-03,4.816425032913684845e-03,-2.524188719689846039e-02,1.030824054032564163e-02,-2.781724091619253159e-03,1.167948916554450989e-02,-2.668817900121212006e-02,-3.020498901605606079e-03,-1.811958104372024536e-02,-2.353635430335998535e-02,-5.945487879216670990e-03,1.772048650309443474e-03,2.255396731197834015e-02,1.675515621900558472e-02,3.547508502379059792e-03,9.755648206919431686e-04,-2.050050534307956696e-03,2.119977492839097977e-03,3.351031243801116943e-02,1.582734473049640656e-02,-1.057430449873209000e-02,1.831060089170932770e-02,-2.999009005725383759e-02,-2.086207829415798187e-02,-2.859837561845779419e-02,1.619574055075645447e-02,2.462789649143815041e-03,1.064934767782688141e-02,2.028901875019073486e-02,-1.376365078613162041e-03,1.434012036770582199e-02,-8.954048098530620337e-06,-6.730033084750175476e-03,2.559663727879524231e-02,-4.062579479068517685e-03,7.558921817690134048e-03,9.312210022471845150e-04,1.750558987259864807e-02,-1.537708472460508347e-02,-3.596627712249755859e-02,5.218930542469024658e-03,-2.093029953539371490e-02,1.878815144300460815e-02,-3.222775086760520935e-02,-1.315306965261697769e-02,2.323617972433567047e-02,-3.992311283946037292e-02,9.687427431344985962e-03,-1.163173466920852661e-02,7.122305687516927719e-03,2.071199193596839905e-02,1.619574055075645447e-02,2.258125692605972290e-03,-1.863806322216987610e-02,3.211859613656997681e-02,-2.768420986831188202e-02,-1.616845279932022095e-02,-9.593622526153922081e-04,1.305073779076337814e-02,8.097870275378227234e-03,-1.777165336534380913e-03,5.662369076162576675e-03,1.210246141999959946e-02,1.428554393351078033e-02,-2.178988792002201080e-02,-3.837449010461568832e-03,-3.656662628054618835e-02,2.274498715996742249e-02,1.956587284803390503e-02,1.219114940613508224e-02,-2.585587836802005768e-02,4.515398468356579542e-04,-3.468371927738189697e-02,-1.323493570089340210e-02,-5.222341977059841156e-03,-3.383777290582656860e-02,1.212292816489934921e-02,2.193997614085674286e-02,-6.020531291142106056e-04,1.959316246211528778e-02,2.476433850824832916e-02,1.652320288121700287e-02,1.993767917156219482e-03,9.312209673225879669e-03,-3.184230066835880280e-03,8.118337020277976990e-03,1.337820012122392654e-02,-1.124287303537130356e-02,2.614240907132625580e-02,3.083603456616401672e-03,-6.208139937371015549e-03,3.247334808111190796e-02,-1.231394801288843155e-02,5.594148114323616028e-02,-4.130800720304250717e-03,8.459443226456642151e-03,-9.803403168916702271e-03,-1.268234290182590485e-02,-1.930663175880908966e-02,-1.039147078990936279e-01,4.785725381225347519e-03,2.792980708181858063e-02,6.521957926452159882e-03,9.525401401333510876e-04,-6.152709829621016979e-04,-1.149529218673706055e-02,-1.314624771475791931e-02,-1.571819186210632324e-02,2.211735025048255920e-02,-3.165468946099281311e-02,3.513397881761193275e-03,-6.068286020308732986e-03,8.759616874158382416e-03,2.848922275006771088e-02,-6.498080212622880936e-03,1.582734519615769386e-03,-1.141342613846063614e-02,-1.281196344643831253e-02,2.473704889416694641e-02,-1.627760566771030426e-02,2.348518930375576019e-03,2.562392689287662506e-02,-3.386506065726280212e-02,1.511954935267567635e-03,-3.160352585837244987e-03,-2.712479606270790100e-02,2.508838893845677376e-03,3.755583427846431732e-03,1.240263506770133972e-02,9.810225106775760651e-03,3.602085635066032410e-03,1.224572653882205486e-03,-7.920495234429836273e-03,-1.758404425345361233e-03,-3.045399673283100128e-02,-2.371373027563095093e-02,-3.806749591603875160e-03,2.387746050953865051e-02,-5.079077091068029404e-03,3.332611406221985817e-03,7.060906384140253067e-03,-8.445799350738525391e-03,2.044934080913662910e-03,1.575912348926067352e-02,-6.712977774441242218e-03,-3.075075801461935043e-03,1.129745040088891983e-02,1.996155641973018646e-02,1.439469750039279461e-03,-2.968991734087467194e-02,-7.920495234429836273e-03,-1.623667404055595398e-02,-1.084036752581596375e-02,1.889730431139469147e-02,-2.219921723008155823e-02,9.012036025524139404e-03,3.580254688858985901e-02,-7.367902435362339020e-03,1.352828741073608398e-02,3.313850378617644310e-03,1.547259464859962463e-02,1.143389288336038589e-02,3.088720142841339111e-03,3.150972188450396061e-04,2.554888371378183365e-03,-1.097681000828742981e-02,-1.036281790584325790e-02,1.811958104372024536e-02,-1.896552555263042450e-02,2.671546675264835358e-02,-9.837513789534568787e-03,-1.412181276828050613e-02,2.084843441843986511e-02,-4.224263876676559448e-02,-1.328269019722938538e-02,-8.234312757849693298e-03,-1.990698091685771942e-02,4.205844365060329437e-03,-3.473829478025436401e-02,-1.112689636647701263e-02,-1.641404815018177032e-02,1.556810457259416580e-02,-1.968867145478725433e-02,2.711115218698978424e-02,-2.192633040249347687e-02,6.303649861365556717e-03,-6.170617882162332535e-03,1.232759188860654831e-02,-1.142024807631969452e-02,1.217068266123533249e-02,1.908832415938377380e-02,1.534126815386116505e-03,-2.337262220680713654e-02,-5.253041163086891174e-04,1.120876241475343704e-02,2.780700847506523132e-02,1.874721795320510864e-02,-3.157282620668411255e-02,2.389451721683144569e-03,-1.119511853903532028e-02,-1.748171285726130009e-03,-6.336396187543869019e-02,3.007195703685283661e-02,-1.612751930952072144e-02,1.867558574303984642e-03,2.290530595928430557e-03,-1.409452408552169800e-02,1.369884051382541656e-02,2.016792714130133390e-04,-2.324641449376940727e-03,-1.202741824090480804e-02,-6.116040982306003571e-03,2.625156193971633911e-02,-2.136691659688949585e-02,-1.787398569285869598e-02,-3.299183025956153870e-02,-2.540561929345130920e-02,-8.159269578754901886e-03,4.577650222927331924e-03,2.043910697102546692e-02,1.116100698709487915e-02,9.837513789534568787e-03,2.082114666700363159e-02,4.113745409995317459e-03,6.818720605224370956e-03,-3.480992745608091354e-03,6.211550906300544739e-03,-1.959657296538352966e-03,2.101216465234756470e-02,-9.701071307063102722e-03,-1.488589122891426086e-02,-7.504344917833805084e-03,-3.542050719261169434e-02,-5.757879000157117844e-03,9.776114486157894135e-03,5.382661707699298859e-03,-1.712355017662048340e-02,6.136507261544466019e-03,1.027412991970777512e-02,5.653841653838753700e-04,3.146367147564888000e-02,-5.952309817075729370e-03,-3.383777290582656860e-02,1.159080211073160172e-02,2.797073917463421822e-03,5.365606397390365601e-03,-1.274885842576622963e-03,-9.605561383068561554e-03,1.983875967562198639e-02,1.072439085692167282e-02,-1.464029494673013687e-02,1.817415840923786163e-02,1.866535283625125885e-02,6.139918696135282516e-05,1.233100309036672115e-03,7.865917868912220001e-03,-7.811340969055891037e-03,2.799802832305431366e-02,-7.736297324299812317e-03,-1.135202683508396149e-02,-3.724883869290351868e-02,2.685191109776496887e-02,3.059725975617766380e-03,1.715083979070186615e-02,2.278591971844434738e-03,1.270963158458471298e-02,-2.990822494029998779e-02,-7.772966055199503899e-04,1.208199560642242432e-02,1.489953603595495224e-02,-1.506198750576004386e-04,1.749876770190894604e-03,-2.203548513352870941e-02,-6.170617882162332535e-03,-6.569712888449430466e-03,-5.181408952921628952e-03,-1.014450937509536743e-02,6.436681374907493591e-03,-1.885637268424034119e-02,-2.535104192793369293e-02,1.127698365598917007e-02,1.623667404055595398e-02,-1.083354465663433075e-02,-2.685191109776496887e-02,4.778903443366289139e-03,1.611387543380260468e-02,-5.942076910287141800e-03,3.100658766925334930e-03,2.068811329081654549e-03,2.922601252794265747e-02,6.405981723219156265e-03,1.363744121044874191e-02,2.911685779690742493e-02,2.178988792002201080e-02,-1.154304668307304382e-02,-3.656662534922361374e-03,1.878815144300460815e-02,-1.245721243321895599e-02,1.072439085692167282e-02,2.787522971630096436e-02,1.157715730369091034e-02,-2.260854467749595642e-02,-2.938633318990468979e-03,1.459936145693063736e-02,-3.104069968685507774e-03,-1.410816796123981476e-02,-2.368985209614038467e-03,-1.215021684765815735e-02,-2.938974276185035706e-02,-7.483878638595342636e-03,-5.484994035214185715e-03,9.885269217193126678e-03,-3.160352585837244987e-03,2.576036937534809113e-02,1.600472070276737213e-02,1.858348585665225983e-02,4.512839950621128082e-03,1.273009739816188812e-02,-1.556810457259416580e-02,-3.430167958140373230e-02,3.138180449604988098e-02,1.775118708610534668e-02,-5.996653810143470764e-03,-8.786905556917190552e-03,1.120535074733197689e-03,2.200137358158826828e-03,1.246403437107801437e-02,-1.135202683508396149e-02,-1.328269019722938538e-02,-1.235488057136535645e-02,-8.500375784933567047e-03,1.660506799817085266e-02,-1.296887267380952835e-02,-1.776483096182346344e-02,-9.701071307063102722e-03,-5.010855849832296371e-03,1.420367788523435593e-02,9.346320293843746185e-03,4.330689087510108948e-02,3.591852262616157532e-03,5.392212793231010437e-02,1.140660420060157776e-02,-1.852891035377979279e-02,1.041057333350181580e-02,1.596378721296787262e-02,3.160011395812034607e-02,-4.826657939702272415e-03,1.914290152490139008e-02,-7.579388096928596497e-03,-2.646987140178680420e-02,3.405608236789703369e-02,-5.495226942002773285e-03,1.687795296311378479e-02,8.971103467047214508e-03,-3.389234840869903564e-02,2.536468580365180969e-02,7.067728321999311447e-03,9.216699749231338501e-03,-1.040375046432018280e-02,1.801042817533016205e-02,2.477798238396644592e-02,7.593032438308000565e-03,3.820393700152635574e-03,-1.251861173659563065e-02,-1.955222897231578827e-02,-1.362379733473062515e-02,2.925330027937889099e-02,-3.595263464376330376e-03,-5.212108604609966278e-03,-3.386506065726280212e-02,-1.071756891906261444e-02,-7.736297324299812317e-03,-5.273507907986640930e-03,-3.244605660438537598e-02,7.688542362302541733e-03,-1.498140115290880203e-02,1.542654470540583134e-03,-6.999507080763578415e-03,4.986978136003017426e-03,1.217068266123533249e-02,-6.668633432127535343e-04,1.064934767782688141e-02,-2.552841603755950928e-02,-3.315556049346923828e-02,2.256761118769645691e-02,-6.262716837227344513e-03,-7.461706409230828285e-04,4.475318361073732376e-03,-1.543166209012269974e-02
-1.594448985997587442e-04,5.055377914686687291e-05,-2.054312825202941895e-02,-9.392677806317806244e-03,-7.379960734397172928e-03,3.998596966266632080e-02,-2.580302767455577850e-02,-3.091532737016677856e-02,5.330344662070274353e-03,3.975115250796079636e-03,-2.291142474859952927e-03,2.133479528129100800e-02,2.515895664691925049e-02,5.659088026732206345e-03,-9.506731294095516205e-03,-5.085464101284742355e-03,6.943872198462486267e-03,8.976715616881847382e-03,-1.159995701164007187e-02,-1.631642319262027740e-02,-1.979171298444271088e-02,3.394362574908882380e-04,-5.065336823463439941e-03,-1.423661503940820694e-02,-3.381363814696669579e-03,1.819495856761932373e-02,3.190826624631881714e-02,-1.120412256568670273e-02,2.721360651776194572e-04,-8.268910460174083710e-04,2.821157686412334442e-03,-9.728129953145980835e-03,-3.826845064759254456e-02,4.152905195951461792e-03,-3.689980506896972656e-02,-3.905928169842809439e-04,8.896207436919212341e-03,-1.671896502375602722e-02,7.366542704403400421e-03,1.679947413504123688e-02,1.607489585876464844e-02,4.894255660474300385e-03,1.253754715435206890e-03,-2.383391838520765305e-03,6.917036138474941254e-03,1.169052906334400177e-03,-2.099934406578540802e-02,-1.106155454181134701e-03,-3.437719866633415222e-02,2.314624143764376640e-03,-1.298831193707883358e-04,7.192107383161783218e-03,4.075751174241304398e-03,2.148239500820636749e-02,-2.527972124516963959e-02,-1.103639602661132812e-02,6.004604510962963104e-03,-8.748607710003852844e-03,-1.299544051289558411e-02,1.990912249311804771e-03,-5.749660544097423553e-03,2.154948562383651733e-02,-1.021789107471704483e-02,9.949528612196445465e-03,-1.087537873536348343e-02,-3.881188575178384781e-03,-1.552475430071353912e-02,8.855952764861285686e-04,-9.640912525355815887e-03,-2.797676017507910728e-03,4.315264523029327393e-02,1.610173285007476807e-02,-7.795083802193403244e-04,1.799704041332006454e-03,2.075781673192977905e-02,-3.663144260644912720e-02,1.341811101883649826e-02,-2.623240649700164795e-02,-2.103959769010543823e-02,1.539057306945323944e-02,-4.442128556547686458e-05,-2.994922362267971039e-02,-3.384047374129295349e-02,3.810743335634469986e-03,1.973804086446762085e-02,-4.169677849858999252e-03,1.272707805037498474e-02,2.381714619696140289e-02,7.494014687836170197e-03,-2.038211002945899963e-02,9.352423250675201416e-03,3.512861207127571106e-02,3.602762706577777863e-03,6.256193853914737701e-03,-6.098531186580657959e-03,-4.649375565350055695e-03,-1.565893553197383881e-02,8.386319503188133240e-03,1.466767163947224617e-03,-1.889269985258579254e-02,-4.497750848531723022e-02,-8.305810391902923584e-03,-3.250537207350134850e-03,-6.001249887049198151e-03,-4.924446810036897659e-03,-2.107985131442546844e-02,1.928182505071163177e-02,-7.178689353168010712e-03,3.188142925500869751e-02,-2.694356627762317657e-02,-1.253251545131206512e-02,5.182074382901191711e-02,-2.541390061378479004e-02,-5.088147521018981934e-02,4.750011023133993149e-03,-2.352194860577583313e-02,5.957641173154115677e-03,-7.332997396588325500e-03,7.031090091913938522e-03,-8.050866425037384033e-03,3.646371653303503990e-03,3.362913848832249641e-04,2.375005558133125305e-02,5.903968587517738342e-03,7.520851213485002518e-03,5.736242514103651047e-03,-1.388774439692497253e-02,-1.402192562818527222e-02,-3.024106612429022789e-03,-8.661390282213687897e-03,1.010383758693933487e-02,1.886586286127567291e-02,3.464556112885475159e-02,9.989783167839050293e-03,4.401140380650758743e-03,2.540048398077487946e-02,1.170059293508529663e-02,6.484301760792732239e-03,-1.115715876221656799e-02,-2.756079845130443573e-02,1.667871139943599701e-02,8.654681034386157990e-03,-1.912080682814121246e-02,-3.262278158217668533e-03,1.508195605129003525e-02,1.960385963320732117e-02,4.448103718459606171e-03,2.267660759389400482e-02,-7.527559995651245117e-03,-2.621898800134658813e-02,8.741899393498897552e-03,-1.186831854283809662e-02,2.161657623946666718e-02,1.282268203794956207e-03,2.205601893365383148e-03,2.519921213388442993e-02,-9.063933975994586945e-03,3.510177880525588989e-02,-1.407559774816036224e-02,-1.023130957037210464e-02,-1.624933257699012756e-02,2.478324994444847107e-02,2.242166362702846527e-02,-8.278974331915378571e-03,2.384398318827152252e-02,2.424652501940727234e-02,2.136163227260112762e-02,-1.133159454911947250e-02,-9.540276601910591125e-03,-3.319640457630157471e-02,1.528322789818048477e-02,2.235792577266693115e-03,-1.338456571102142334e-02,4.022749513387680054e-02,-2.388423681259155273e-02,4.444078356027603149e-02,-4.188966413494199514e-04,-1.239162497222423553e-02,-1.851699315011501312e-02,2.255584485828876495e-02,-4.556790366768836975e-02,-1.084854267537593842e-02,2.345485799014568329e-02,4.873457923531532288e-02,-2.407209016382694244e-02,-2.544073760509490967e-02,1.783266849815845490e-02,3.698031231760978699e-02,-4.716465715318918228e-03,-2.357562072575092316e-02,3.056645579636096954e-02,3.163319546729326248e-03,-1.453181356191635132e-02,7.828628877177834511e-04,-6.367698311805725098e-01,-1.183477323502302170e-02,-1.624933257699012756e-02,-1.076803356409072876e-02,-5.893905181437730789e-03,1.274049561470746994e-02,-4.344113171100616455e-03,2.790967002511024475e-03,-4.030800610780715942e-02,7.232361473143100739e-03,-9.345714002847671509e-03,2.298522368073463440e-02,-2.243340422865003347e-04,-6.031440570950508118e-03,-2.022109180688858032e-02,-2.987206913530826569e-03,-1.286796852946281433e-02,1.357912831008434296e-02,1.568577066063880920e-02,4.911028314381837845e-03,-2.211304567754268646e-02,-6.159751210361719131e-04,6.742600817233324051e-03,-3.716816660016775131e-03,8.302456117235124111e-04,3.037419992324430496e-05,3.534330427646636963e-02,-2.436225768178701401e-04,-3.753716358914971352e-03,1.462574023753404617e-02,-3.445770964026451111e-02,2.299864217638969421e-02,8.829116821289062500e-03,-1.928853453136980534e-03,3.856365010142326355e-02,-8.748607710003852844e-03,-3.163990378379821777e-02,4.374304041266441345e-02,3.223701147362589836e-03,3.429669141769409180e-02,-2.883216599002480507e-03,-3.190826624631881714e-02,2.899989252910017967e-03,-1.619566045701503754e-02,-1.553817186504602432e-02,-6.365216104313731194e-04,2.132137864828109741e-02,1.076132431626319885e-02,6.195812486112117767e-03,-1.186831854283809662e-02,-8.594299666583538055e-03,-2.909046411514282227e-02,-3.918088506907224655e-03,2.199228294193744659e-02,7.742249872535467148e-03,1.249226089566946030e-02,5.106933042407035828e-02,-2.421968989074230194e-02,1.926840655505657196e-02,-7.322304736590012908e-05,1.434396021068096161e-02,1.710809022188186646e-02,-4.894255660474300385e-03,-1.473308540880680084e-02,-1.251909695565700531e-02,-5.635606590658426285e-03,-6.672155577689409256e-03,2.062363550066947937e-02,1.039232686161994934e-02,-2.695363014936447144e-03,-2.983852289617061615e-03,1.270527369342744350e-03,3.646371653303503990e-03,1.023130957037210464e-03,-7.099019130691885948e-04,-4.092523828148841858e-03,1.933549717068672180e-02,-1.861091889441013336e-02,-1.361938193440437317e-02,6.165621802210807800e-03,-1.394141651690006256e-02,1.270024199038743973e-02,-2.782916091382503510e-02,-2.472957782447338104e-02,2.909046411514282227e-02,-2.570910006761550903e-02,-2.078465372323989868e-02,-2.167024882510304451e-03,2.413918077945709229e-02,5.031791515648365021e-03,-4.122714512050151825e-03,2.598081715404987335e-03,-8.377932826988399029e-04,-1.058688946068286896e-02,1.007029227912425995e-02,2.183126658201217651e-02,3.797325305640697479e-03,2.124086953699588776e-02,2.946617081761360168e-02,-2.650076895952224731e-02,-7.004253566265106201e-03,-4.038851335644721985e-02,1.843312988057732582e-03,-8.547336794435977936e-03,1.294176746159791946e-02,2.447463385760784149e-02,-2.742661722004413605e-02,-1.196224521845579147e-02,2.876842953264713287e-02,-5.420916527509689331e-02,-1.098272390663623810e-02,1.556500792503356934e-02,3.549090353772044182e-03,9.097479283809661865e-03,-7.473887410014867783e-03,-2.758763544261455536e-02,1.997956633567810059e-02,1.796684972941875458e-02,1.645060442388057709e-02,-1.901346258819103241e-02,1.634493586607277393e-03,-6.296448409557342529e-03,-1.663845777511596680e-02,-1.429028809070587158e-02,9.815348312258720398e-03,3.330374881625175476e-02,-2.379031106829643250e-02,-1.942271483130753040e-03,-2.050287276506423950e-02,-5.421755486167967319e-04,-1.821508514694869518e-03,8.151502115651965141e-04,2.744003571569919586e-02,-1.284784078598022461e-02,2.906362712383270264e-02,2.109326981008052826e-02,1.116386801004409790e-02,-2.301205880939960480e-03,2.169708535075187683e-02,-2.105301618576049805e-02,-3.359559457749128342e-03,4.287505580577999353e-04,1.278075017035007477e-02,-2.368296496570110321e-02,-6.075049750506877899e-03,-4.473597928881645203e-02,-7.299452088773250580e-03,-1.500144787132740021e-02,-4.932497441768646240e-02,1.017092820256948471e-02,1.434396021068096161e-02,-2.562859095633029938e-02,-3.019074909389019012e-02,-1.106994133442640305e-02,-2.638000622391700745e-02,-4.904319532215595245e-03,1.427351497113704681e-03,-4.900964908301830292e-03,9.258496575057506561e-03,-9.117606095969676971e-03,2.815119549632072449e-02,2.234115498140454292e-03,-1.363950967788696289e-02,-3.361236769706010818e-03,4.535321611911058426e-03,-7.554396055638790131e-03,3.357211127877235413e-02,-1.117728650569915771e-02,1.258618757128715515e-02,-1.512221060693264008e-02,6.943872198462486267e-03,8.325937204062938690e-03,-1.147919334471225739e-02,1.560526248067617416e-02,2.177759446203708649e-02,7.883139885962009430e-03,-2.023451030254364014e-02,-2.642025984823703766e-02,-2.189835719764232635e-02,2.213988266885280609e-02,1.267340593039989471e-02,9.084060788154602051e-03,-3.169357776641845703e-02,-1.113032270222902298e-02,1.823521219193935394e-02,-1.471966691315174103e-02,-1.274720486253499985e-02,1.243858877569437027e-02,2.056996338069438934e-02,1.022460032254457474e-02,-7.447051350027322769e-03,7.789213210344314575e-03,2.695698477327823639e-02,1.299544051289558411e-02,-9.479895234107971191e-03,4.397785756736993790e-03,3.445770964026451111e-02,1.443788688629865646e-02,-1.565893553197383881e-02,2.003323845565319061e-02,8.902916684746742249e-03,-4.374303855001926422e-03,6.650015711784362793e-02,-1.710809022188186646e-02,1.174755580723285675e-02,-2.243508026003837585e-02,1.402192562818527222e-02,-2.143752863048575819e-05,3.571901097893714905e-02,-8.044157177209854126e-03,-2.373663708567619324e-02,-2.338776737451553345e-02,-6.413856986910104752e-03,3.888568282127380371e-02,-3.196864854544401169e-03,5.683911591768264771e-02,-1.470624934881925583e-02,1.398167107254266739e-02,1.773874275386333466e-02,6.930454168468713760e-03,2.106643281877040863e-02,-1.967430580407381058e-03,1.586020737886428833e-02,1.937575265765190125e-02,-2.454172447323799133e-02,2.004665695130825043e-02,-5.638961214572191238e-03,2.006007544696331024e-02,2.303889580070972443e-02,-1.320342067629098892e-02,-6.269612349569797516e-03,7.017672061920166016e-03,-2.403183653950691223e-02,1.647743955254554749e-02,6.381988641805946827e-04,7.735540624707937241e-03,2.084838924929499626e-03,-7.594650611281394958e-03,-4.921092186123132706e-03,-1.635332242585718632e-03,1.693365536630153656e-02,2.546757459640502930e-02,2.836588583886623383e-02,-2.834575949236750603e-03,-5.914032459259033203e-03,9.486604481935501099e-03,2.158973924815654755e-02,1.075461599975824356e-02,-9.350745822302997112e-04,1.329063903540372849e-02,1.477333996444940567e-02,4.609121009707450867e-03,-3.555799275636672974e-02,-2.185810171067714691e-02,5.853650625795125961e-03,-1.798026822507381439e-02,1.630300469696521759e-02,1.478675752878189087e-02,2.065047249197959900e-02,2.234115451574325562e-02,-1.334431115537881851e-02,3.884542966261506081e-03,-6.269612349569797516e-03,1.425003353506326675e-02,2.701065689325332642e-02,1.471798983402550220e-03,-1.425003353506326675e-02,-9.701293893158435822e-03,-1.548114465549588203e-03,-6.702346261590719223e-03,9.177987463772296906e-03,2.227406390011310577e-02,1.294847670942544937e-02,-1.145571237429976463e-03,-1.649085804820060730e-02,1.618224196135997772e-02,-1.328392978757619858e-02,1.060030702501535416e-02,2.984187752008438110e-02,2.369973808526992798e-03,-1.635667681694030762e-02,-6.631901022046804428e-03,1.380723621696233749e-02,-1.064727082848548889e-02,-5.625542718917131424e-03,-5.236417520791292191e-03,-5.359193310141563416e-02,2.191177383065223694e-02,-2.688989415764808655e-02,1.437415136024355888e-03,-1.163350231945514679e-02,3.394782170653343201e-02,-5.212936084717512131e-03,-2.742661722004413605e-02,-2.494426816701889038e-02,-1.961727812886238098e-02,3.204244747757911682e-02,-2.820486947894096375e-02,7.534269243478775024e-03,3.411135403439402580e-04,-4.692984279245138168e-03,-1.039232686161994934e-02,3.178414888679981232e-03,-1.575286127626895905e-02,3.298171609640121460e-02,1.695713726803660393e-03,1.913757994771003723e-03,3.431681776419281960e-03,3.958342596888542175e-03,-1.577969826757907867e-02,-7.406797260046005249e-03,-6.937163416296243668e-03,-5.179390776902437210e-03,3.928151912987232208e-03,-1.005687378346920013e-02,-1.765823364257812500e-02,-1.084854267537593842e-02,-5.531616043299436569e-03,4.575575701892375946e-03,1.484378473833203316e-03,2.183797536417841911e-03,-1.156641170382499695e-02,2.306237816810607910e-03,1.925498805940151215e-02,8.641263097524642944e-02,1.209307229146361351e-03,-1.626274921000003815e-02,2.259609848260879517e-02,8.258847519755363464e-03,5.216290708631277084e-03,-1.093576010316610336e-02,-3.341109678149223328e-02,1.273378729820251465e-02,-6.564810406416654587e-03,-1.258618757128715515e-02,-2.016741968691349030e-02,1.088208798319101334e-02,-1.051979884505271912e-02,9.030388668179512024e-03,6.397084333002567291e-03,-1.956360600888729095e-02,-2.927831746637821198e-02,5.400789435952901840e-03,-9.131024591624736786e-03,-2.812436036765575409e-02,-8.158211596310138702e-03,-3.227055538445711136e-03,1.099614147096872330e-02,4.887546878308057785e-03,-8.413155563175678253e-03,7.004253566265106201e-03,3.327691555023193359e-02,1.763139665126800537e-02,-2.523946575820446014e-02,3.371300408616662025e-03,2.454172447323799133e-02,4.048915114253759384e-03,1.747038029134273529e-02,-1.034033135510981083e-03,1.121083181351423264e-02,1.168046519160270691e-02,2.289465162903070450e-03,1.363950967788696289e-02,1.102968677878379822e-02,5.119009409099817276e-03,1.712150871753692627e-02,1.913422532379627228e-02,-1.100285071879625320e-02,1.064727082848548889e-02,7.554396055638790131e-03,7.044508121907711029e-03,1.029001316055655479e-03,-2.006007544696331024e-02,-3.225713968276977539e-02,4.210603237152099609e-02,-3.520912304520606995e-02,-2.671881346032023430e-03,-2.522604726254940033e-02,7.031928398646414280e-04,-9.728129953145980835e-03,-7.111598737537860870e-03,-1.351874670945107937e-03,-2.353201154619455338e-03,2.801701426506042480e-02,-3.295487910509109497e-02,-2.240824513137340546e-02,5.897259805351495743e-03,-2.467255108058452606e-03,-1.261302363127470016e-02,-7.983775809407234192e-03,-5.511488765478134155e-03,1.088208798319101334e-02,-1.475992146879434586e-03,-1.439763233065605164e-02,-7.084762211889028549e-03,2.968756889458745718e-04,-1.643718592822551727e-02,8.155695395544171333e-04,2.185810171067714691e-02,1.879877224564552307e-02,3.354527801275253296e-02,5.605415906757116318e-03,7.554396055638790131e-03,1.602122373878955841e-02,-9.822056628763675690e-03,-1.933549717068672180e-02,-9.775093756616115570e-03,-6.618482992053031921e-03,-1.177439186722040176e-02,2.777548879384994507e-02,1.003674697130918503e-02,-5.455300561152398586e-04,-3.158623352646827698e-02,-2.091883495450019836e-02,5.538325291126966476e-03,1.781925000250339508e-02,1.769848726689815521e-02,8.661390282213687897e-03,7.406797260046005249e-03,-1.374014560133218765e-02,2.349511161446571350e-02,1.604806073009967804e-02,-4.900964908301830292e-03,-9.869020432233810425e-03,1.232788898050785065e-03,1.918789814226329327e-03,1.230273046530783176e-03,1.168717443943023682e-02,3.040543943643569946e-02,-5.055272951722145081e-03,5.474589299410581589e-03,3.405516594648361206e-02,2.537700114771723747e-03,2.943597966805100441e-03,8.151502348482608795e-03,-2.440754324197769165e-02,-1.897320896387100220e-02,-1.520271971821784973e-02,-2.507844939827919006e-02,4.505130462348461151e-03,-8.064284920692443848e-03,2.117377892136573792e-02,3.522254060953855515e-03,-6.568165030330419540e-03,4.659438971430063248e-03,-3.459189087152481079e-02,3.247182816267013550e-02,6.113626877777278423e-04,-2.855373919010162354e-02,-2.265983493998646736e-03,1.045270822942256927e-02,-2.989554964005947113e-02,-5.558452103286981583e-03,6.752664223313331604e-03,-1.058688946068286896e-02,2.782916091382503510e-02,-1.553146285004913807e-03,-7.225652690976858139e-03,-2.646051347255706787e-02,-2.291813306510448456e-02,-2.683622005861252546e-04,1.398167107254266739e-02,1.364087256661150604e-05,1.643718592822551727e-02,-4.932497441768646240e-02,2.546086441725492477e-03,-2.581644430756568909e-02,-4.658767953515052795e-02,-4.146196320652961731e-02,-4.087156429886817932e-02,-7.514141965657472610e-03,2.356555778533220291e-03,3.013707697391510010e-02,1.949651539325714111e-02,-2.004665695130825043e-02,7.017672061920166016e-03,-3.800679929554462433e-03,-8.158211596310138702e-03,-3.329368773847818375e-04,-3.840263187885284424e-02,-1.269688713364303112e-03,8.627844974398612976e-03,4.905661195516586304e-02,3.974444419145584106e-02,4.503117874264717102e-02,1.351874601095914841e-02,1.211655419319868088e-02,1.945625990629196167e-02,-2.200570190325379372e-03,-2.600429765880107880e-02,-6.209230516105890274e-03,1.244529802352190018e-02,-4.374304041266441345e-02,1.696049235761165619e-02,2.298522368073463440e-02,1.667871139943599701e-02,-2.348169451579451561e-03,-1.180122792720794678e-02,-1.247045700438320637e-03,8.587590418756008148e-03,2.468932420015335083e-03,-2.891602925956249237e-03,-1.496119331568479538e-02,-1.632983982563018799e-02,-9.479895234107971191e-03,1.586020737886428833e-02,1.867800951004028320e-02,-1.855724677443504333e-02,-1.789975911378860474e-02,-1.772532425820827484e-02,2.093225345015525818e-02,-1.647073077037930489e-03,-1.449155970476567745e-03,-1.487732981331646442e-03,3.499443084001541138e-02,-3.217662870883941650e-02,2.572251856327056885e-02,-1.518930122256278992e-02,1.992589421570301056e-02,-6.531265564262866974e-03,2.823170460760593414e-02,1.261302363127470016e-02,1.724227215163409710e-03,2.204595506191253662e-02,-7.614777889102697372e-03,1.639693044126033783e-02,-1.654453016817569733e-02,-3.673878684639930725e-02,-8.748607710003852844e-03,8.500372990965843201e-03,4.525257740169763565e-03,-5.038500763475894928e-03,2.881539287045598030e-03,-3.588002920150756836e-02,-1.768507063388824463e-02,-1.467941328883171082e-02,-7.017672061920166016e-03,-5.332357063889503479e-02,1.989905722439289093e-02,5.695987958461046219e-03,-1.486726664006710052e-02,2.019425667822360992e-02,4.002370696980506182e-04,-7.936812005937099457e-03,1.949651539325714111e-02,1.078816130757331848e-02,4.130094498395919800e-02,-2.470274083316326141e-02,9.520149789750576019e-03,1.942942477762699127e-02,5.283380858600139618e-03,-2.882210165262222290e-02,1.244529802352190018e-02,4.921092186123132706e-03,-1.836939342319965363e-02,1.529664639383554459e-02,3.394782170653343201e-02,-1.293505821377038956e-02,1.396825350821018219e-02,1.408901624381542206e-02,1.614198647439479828e-02,-1.168717443943023682e-02,-3.094216249883174896e-02,-4.283731803297996521e-03,2.906362712383270264e-02,-4.632602911442518234e-03,-3.515545045956969261e-03,-3.777198027819395065e-03,1.681289263069629669e-02,-2.354878373444080353e-02,-3.338425979018211365e-02,-1.040574442595243454e-02,-1.526981033384799957e-02,-2.906362712383270264e-02,-1.153957471251487732e-02,-2.423646161332726479e-03,-3.177408501505851746e-02,1.217693556100130081e-02,-3.502126783132553101e-03,-3.091532737016677856e-02,5.605415906757116318e-03,2.519250381737947464e-03,-1.151273865252733231e-02,1.156641170382499695e-02,-2.839272283017635345e-02,1.202262751758098602e-02,-1.383407227694988251e-02,-7.178689353168010712e-03,1.632983982563018799e-02,2.400499954819679260e-02,-7.889849133789539337e-03,-2.281078882515430450e-02,-1.879877224564552307e-02,3.153255954384803772e-02,-1.576627977192401886e-02,-4.823810886591672897e-03,-1.426345203071832657e-02,1.893295347690582275e-02,-1.085525192320346832e-02,-1.478088815929368138e-04,8.674808777868747711e-03,-2.180442959070205688e-02,-2.181784808635711670e-02,-2.279401523992419243e-03,1.803394034504890442e-02,1.898662652820348740e-03,-1.114374119788408279e-02,9.151151403784751892e-03,-1.043258141726255417e-02,-3.974444419145584106e-02,-1.113032270222902298e-02,-6.709055014653131366e-05,3.687296807765960693e-02,-3.244499117136001587e-02,-2.325358614325523376e-02,-1.482701208442449570e-02,-3.051278367638587952e-02,2.102617919445037842e-02,-5.846941843628883362e-03,-1.681289263069629669e-02,-5.357180722057819366e-03,4.130094498395919800e-02,-2.640684135258197784e-02,3.628257289528846741e-02,-1.941600628197193146e-02,-2.207279205322265625e-02,-2.052970975637435913e-02,1.020447351038455963e-02,-3.094551851972937584e-03,-3.014043206349015236e-03,1.999298483133316040e-02,-2.890261076390743256e-02,-6.541328970342874527e-03,1.014409121125936508e-02,9.543631458654999733e-04,1.646402105689048767e-02,1.376698166131973267e-02,-3.225713968276977539e-02,-5.159263499081134796e-03,-9.204823523759841919e-03,1.591387949883937836e-02,-3.104950860142707825e-02,-3.934190049767494202e-02,3.553115576505661011e-02,-1.041245367377996445e-02,8.117957040667533875e-03,3.341109678149223328e-02,-2.361587435007095337e-02,-1.756095211021602154e-03,1.651769503951072693e-02,-3.118033520877361298e-03,2.019425667822360992e-02,-2.764130756258964539e-02,-1.858408376574516296e-02,9.708003140985965729e-03,-3.289009691798128188e-05,-2.930515445768833160e-02,-2.764130756258964539e-02,-1.325709372758865356e-02,-1.598097011446952820e-02,-8.386319503188133240e-03,8.889498189091682434e-03,-1.177439186722040176e-02,-2.056996338069438934e-02,2.499794028699398041e-02,-7.983775809407234192e-03,7.876430638134479523e-03,9.419513866305351257e-03,-3.941569884773343801e-04,-1.087537873536348343e-02,1.912080682814121246e-02,-2.631291560828685760e-02,-4.629248008131980896e-02,-2.868792042136192322e-02,-7.554396055638790131e-03,2.968086116015911102e-02,6.734214257448911667e-04,-1.945625990629196167e-02,5.320280790328979492e-03,2.416601777076721191e-02,-3.910037502646446228e-02,-9.889147244393825531e-03,-1.692023687064647675e-02,-1.736303605139255524e-02,7.138434797525405884e-03,1.556500792503356934e-02,2.922464534640312195e-02,-6.242775823920965195e-03,1.388774439692497253e-02,5.270801484584808350e-04,-2.718509174883365631e-02,-2.764130756258964539e-02,3.118033520877361298e-03,-2.460881508886814117e-02,2.624582499265670776e-02,2.430355176329612732e-03,-2.727901935577392578e-02,-5.843587219715118408e-03,1.124437712132930756e-02,-5.682569928467273712e-03,2.079807221889495850e-02,2.161657623946666718e-02,3.346141427755355835e-03,9.298751130700111389e-03,-1.547108124941587448e-02,1.453181356191635132e-02,1.306923944503068924e-02,-1.548449974507093430e-02,-4.574737104121595621e-04,-7.903266698122024536e-03,2.627014473546296358e-04,6.756018847227096558e-03,7.379960734397172928e-03,-1.134501211345195770e-02,2.616531681269407272e-03,7.212234660983085632e-03,-1.259960606694221497e-02,-1.965753175318241119e-02,1.614198647439479828e-02,1.133159454911947250e-02,4.209932405501604080e-03,7.722122594714164734e-03,3.708765655755996704e-02,1.830230280756950378e-02,-1.396825350821018219e-02,3.272760950494557619e-04,-8.634554222226142883e-03,-1.897320896387100220e-02,-2.260112960357218981e-04,2.310598641633987427e-02,-1.832913979887962341e-02,-2.925148047506809235e-02,-1.539057306945323944e-02,-1.442446932196617126e-02,1.705441810190677643e-02,-2.943933382630348206e-02,1.364621892571449280e-02,-3.024442121386528015e-02,1.536373700946569443e-02,-1.780583336949348450e-02,-2.755744382739067078e-03,-1.795343123376369476e-02,3.249866515398025513e-02,2.828537672758102417e-02,4.709756933152675629e-03,-2.369638346135616302e-02,4.273668397217988968e-03,-1.223060768097639084e-02,1.901346258819103241e-02,-1.776222372427582741e-03,-2.981504239141941071e-02,-2.887577377259731293e-02,-2.340118587017059326e-02,-1.730936206877231598e-02,6.001249887049198151e-03,-1.053321640938520432e-02,8.096991223283112049e-04,2.475641481578350067e-02,-3.896619379520416260e-02,-8.674808777868747711e-03,1.606952995061874390e-01,7.338029099628329277e-04,-2.762453630566596985e-03,2.271686121821403503e-02,-2.353201154619455338e-03,5.638961214572191238e-03,2.882210165262222290e-02,1.398167107254266739e-02,1.241846103221178055e-02,1.268682349473237991e-02,-3.499443084001541138e-02,-5.011664237827062607e-03,1.532348245382308960e-02,7.500723935663700104e-03,1.885244506411254406e-03,-2.326700463891029358e-02,-1.382065378129482269e-02,-1.529664639383554459e-02,-1.608831435441970825e-02,-1.760456152260303497e-02,9.691440209280699492e-05,-1.781925000250339508e-02,-9.023679420351982117e-03,-9.271914139389991760e-03,3.113001585006713867e-02,1.047283504158258438e-02,-1.375356316566467285e-02,1.235304865986108780e-03,8.466827683150768280e-03,8.064284920692443848e-03,7.145144045352935791e-03,-3.824161598458886147e-03,-2.490736776962876320e-03,-2.678254805505275726e-02,-1.962398644536733627e-03,-1.057347096502780914e-02,1.917448081076145172e-02,-1.482701208442449570e-02,1.294176746159791946e-02,9.432931430637836456e-03,2.733269147574901581e-02,-6.252839695662260056e-03,5.320280790328979492e-03,-2.245856216177344322e-03,-1.506853848695755005e-02,7.789213210344314575e-03,-3.044233890250325203e-03,-6.276321131736040115e-03,-1.383742666803300381e-03,1.013738289475440979e-02,-1.584678888320922852e-02,2.722199307754635811e-03,3.359894827008247375e-02,1.823521219193935394e-02,6.366893649101257324e-03,-2.444779686629772186e-02,2.694105023692827672e-05,-1.398418680764734745e-04,8.735190145671367645e-03,-6.551392376422882080e-03,-1.840964704751968384e-02,2.051629126071929932e-02,-1.902688108384609222e-02,1.410243473947048187e-02,-2.466248720884323120e-02,-1.997956633567810059e-02,-3.998596966266632080e-02,1.802052184939384460e-02,-2.589695388451218605e-03,-3.094216249883174896e-02,-1.620907709002494812e-02,-3.676562383770942688e-02,-9.681167080998420715e-03,-9.352423250675201416e-03,6.387020461261272430e-03,-1.489410270005464554e-02,3.335742279887199402e-02,4.538675770163536072e-03,-2.740649040788412094e-03,7.782503962516784668e-03,2.718844683840870857e-03,-7.661741226911544800e-03,2.277053333818912506e-02,9.969656355679035187e-03,4.783556330949068069e-03,-4.240123089402914047e-03,2.424652501940727234e-02,7.091471459716558456e-03,-2.295838668942451477e-02,-2.185474848374724388e-03,5.442721303552389145e-04,-1.577969826757907867e-02,-3.488708660006523132e-02,-6.242775823920965195e-03,6.269612349569797516e-03,4.904319532215595245e-03,2.121403254568576813e-02,1.920131593942642212e-02,1.207629917189478874e-03,1.363280043005943298e-02,-3.820806974545121193e-03,9.619108168408274651e-04,4.317947849631309509e-02,-4.419590113684535027e-04,-2.855373919010162354e-02,-1.073448802344501019e-03,5.585288745351135731e-04,2.305231429636478424e-02,6.105240434408187866e-03,-2.289129607379436493e-02,2.007349394261837006e-02,-2.825854159891605377e-02,3.386395750567317009e-03,-2.094902563840150833e-03,5.780522152781486511e-02,-1.103639602661132812e-02,-1.357912831008434296e-02,-3.673878684639930725e-02,2.726560086011886597e-02,-5.836877971887588501e-03,8.902916684746742249e-03,-1.541740912944078445e-02,-3.208605805411934853e-03,5.763078574091196060e-03,-3.456505388021469116e-02,-7.648323196917772293e-03,-2.876842953264713287e-02,9.184696711599826813e-03,2.195202931761741638e-02,-3.990546241402626038e-02,2.061021700501441956e-02,5.300153512507677078e-03,-6.316575687378644943e-03,5.303508136421442032e-03,5.753014702349901199e-03,9.714712388813495636e-03,-3.585990052670240402e-03,-2.056996338069438934e-02,-1.284784078598022461e-02,-7.151852827519178391e-03,1.395483501255512238e-02,1.701416447758674622e-02,1.261302363127470016e-02,1.042419462464749813e-03,4.780201707035303116e-03,-1.819495856761932373e-02,1.164021063596010208e-02,-2.132137864828109741e-02,-5.815912154503166676e-04,-2.609822526574134827e-02,-2.866108343005180359e-02,3.646371653303503990e-03,1.208971813321113586e-02,-2.074439823627471924e-02,-6.212585140019655228e-03,-8.037447929382324219e-03,-2.330725826323032379e-02,-2.801701426506042480e-02,-1.084351097233593464e-03,8.245429024100303650e-03,-4.087156429886817932e-02,2.644709683954715729e-02,3.011023998260498047e-02,-3.867099434137344360e-02,-1.326380204409360886e-02,2.269337885081768036e-03,-1.702489852905273438e-01,3.086165525019168854e-02,2.336093038320541382e-02,-3.599827468860894442e-04,1.450497750192880630e-02,-5.568515975028276443e-03,2.984187752008438110e-02,1.343823783099651337e-02,-8.520499803125858307e-03,4.870774224400520325e-03,1.100955996662378311e-02,-9.962947107851505280e-03,-2.357562072575092316e-02,9.043806232511997223e-03,-2.043578214943408966e-02,3.075430914759635925e-02,-1.192869991064071655e-02,-7.252488750964403152e-03,4.113992676138877869e-02,1.327051129192113876e-02,3.518228605389595032e-02,-1.779241487383842468e-02,-8.916334249079227448e-03,-2.499794028699398041e-02,2.417943626642227173e-02,2.196544781327247620e-02,3.981824498623609543e-03,1.873168163001537323e-02,-2.634981414303183556e-03,-3.072747401893138885e-02,-5.971059203147888184e-03,5.199518054723739624e-04,2.941249869763851166e-02,-1.995273120701313019e-02,1.088879723101854324e-02,-4.947928246110677719e-03,-1.158653851598501205e-02,-3.736943705007433891e-03,5.481298081576824188e-03,6.249485071748495102e-03,6.319930311292409897e-03,2.919780835509300232e-02,5.162618122994899750e-03,-1.285455003380775452e-02,2.024457557126879692e-03,3.765121847391128540e-02,2.548099122941493988e-02,-8.694935590028762817e-03,1.504170242697000504e-02,-2.310598641633987427e-02,-8.205174468457698822e-03,-2.392449043691158295e-02,-1.645060442388057709e-02,-2.200570190325379372e-03,2.380372770130634308e-02,1.176768261939287186e-02,2.277724212035536766e-03,1.143223047256469727e-02,-2.032843790948390961e-02,-5.018373485654592514e-03,8.453410118818283081e-03,-1.193540915846824646e-02,2.154948562383651733e-02,-1.796684972941875458e-02,1.980513148009777069e-02,-2.031501941382884979e-02,-3.051278367638587952e-02,1.131817605346441269e-02,-4.266959149390459061e-03,1.316987536847591400e-02,-2.710458263754844666e-02,-1.458548661321401596e-02,1.756430603563785553e-02,-2.613847889006137848e-02,1.782931503839790821e-03,1.115380437113344669e-03,1.000320166349411011e-02,-1.099614147096872330e-02,2.922464534640312195e-02,2.960370620712637901e-03,-1.891953684389591217e-02,4.143512621521949768e-02,-2.018083818256855011e-02,-6.779500283300876617e-03,1.117896288633346558e-03,1.441105082631111145e-02,-1.173413731157779694e-02,-1.661162078380584717e-02,1.936233416199684143e-02,1.449155993759632111e-02,-6.608419585973024368e-03,-8.996843360364437103e-03,-3.723525675013661385e-03,-4.524586722254753113e-02,1.237820740789175034e-02,1.712150871753692627e-02,1.540399063378572464e-02,-2.682280354201793671e-02,2.048945426940917969e-02,-1.690682023763656616e-02,5.467880051583051682e-03,-1.334431115537881851e-02,-4.535321518778800964e-02,5.606254562735557556e-04,2.608480677008628845e-02,3.507577930577099323e-04,1.614198647439479828e-02,1.991247572004795074e-02,3.032493032515048981e-02,7.789213210344314575e-03,-4.212028870824724436e-04,-2.160315867513418198e-03,1.650427654385566711e-02,2.138846926391124725e-02,-1.104310527443885803e-02,2.903679199516773224e-02,3.367631143191829324e-05,-3.793970681726932526e-03,2.161657623946666718e-02,-1.571260765194892883e-02,6.628546863794326782e-02,1.316987536847591400e-02,-3.569217398762702942e-03,-1.182806491851806641e-02,-2.548099122941493988e-02,-1.399508956819772720e-02,-1.087403669953346252e-01,3.285759827122092247e-03,1.013067364692687988e-02,1.319671142846345901e-02,8.265555836260318756e-03,1.217022631317377090e-02,-9.278623387217521667e-03,2.114694193005561829e-02,1.589207444339990616e-03,7.057926151901483536e-03,-1.540399063378572464e-02,-9.600657969713211060e-03,-4.894255660474300385e-03,3.361236769706010818e-03,8.668099530041217804e-03,5.388210047385655344e-05,1.287467684596776962e-02,-2.007349394261837006e-02,-1.299544051289558411e-02,1.561868097633123398e-02,-4.662793595343828201e-03,-8.299101144075393677e-03,7.722122594714164734e-03,-3.367945924401283264e-02,2.809416968375444412e-03,8.050866425037384033e-03,-3.341109678149223328e-02,2.680938504636287689e-02,2.273027971386909485e-02,-4.055623896420001984e-03,1.520271971821784973e-02,9.855601936578750610e-03,-4.411203786730766296e-03,-1.559184491634368896e-02,-2.788283303380012512e-02,-2.499794028699398041e-02,-1.192869991064071655e-02,-2.841284964233636856e-03,4.111308977007865906e-02,-2.050287276506423950e-02,3.941569942981004715e-03,1.506853848695755005e-02,-2.633304102346301079e-04,-1.549791824072599411e-02,2.062363550066947937e-02,5.547550390474498272e-04,2.187151927500963211e-03,1.637009531259536743e-02,4.921092186123132706e-03,1.733619906008243561e-02,-1.179451961070299149e-02,2.737294649705290794e-03,-7.326288614422082901e-03,-2.046261914074420929e-02,3.241815418004989624e-02,-1.738987118005752563e-02,4.196513909846544266e-03,2.007349394261837006e-02,-5.407498683780431747e-03,5.243126768618822098e-03,-6.356829777359962463e-03,1.912080682814121246e-02,1.461232267320156097e-02,1.604806073009967804e-02,5.330344662070274353e-03,7.262552389875054359e-04,-7.943521253764629364e-03,-1.032523624598979950e-02,2.613847889006137848e-02,-2.065047249197959900e-02,2.456856146454811096e-02,-4.753365647047758102e-03,-1.202933583408594131e-02,2.485034056007862091e-02,-2.820486947894096375e-02,-6.876781582832336426e-03,-1.369318179786205292e-02,-9.151151403784751892e-03,-3.077779256273061037e-04,-4.261592030525207520e-02,-7.539300713688135147e-04,-1.532348245382308960e-02,3.547748550772666931e-02,4.184773133601993322e-04,2.761447243392467499e-02,-2.207279205322265625e-02,1.139197591692209244e-02,3.985598159488290548e-04,8.050866425037384033e-03,-5.441043991595506668e-03,6.182394456118345261e-03,1.540399063378572464e-02,-1.380723621696233749e-02,-3.459189087152481079e-02,-6.749309599399566650e-03,-3.592699067667126656e-03,-6.479741841758368537e-06,1.053321640938520432e-02,-2.739978209137916565e-02,4.209932405501604080e-03,-2.764130756258964539e-02,-1.234466210007667542e-02,-5.555097758769989014e-02,3.174724802374839783e-02,-5.263254046440124512e-03,-7.594650611281394958e-03,3.088849037885665894e-02,-2.387081831693649292e-02,7.353124674409627914e-03,1.671393401920795441e-03,7.889849133789539337e-03,1.439763233065605164e-02,-2.416601777076721191e-02,3.899303078651428223e-02,-2.128112316131591797e-02,-7.192107383161783218e-03,-1.643718592822551727e-02,8.159888675436377525e-04,-1.592729799449443817e-02,4.223350435495376587e-03,1.828888431191444397e-02,5.632251966744661331e-03,-6.735891569405794144e-03,1.559184491634368896e-02,-3.331045852974057198e-03,2.333409525454044342e-02,-1.674580201506614685e-02,3.518899437040090561e-03,-3.482419124338775873e-04,2.478324994444847107e-02,9.251787327229976654e-03,-1.265998743474483490e-02,-8.768735453486442566e-03,-2.132137864828109741e-02,1.287467684596776962e-02,-3.677400818560272455e-04,7.064635399729013443e-03,-1.834255643188953400e-02,-2.510864054784178734e-03,-3.810743335634469986e-03,7.789213210344314575e-03,3.220346570014953613e-02,-1.019776426255702972e-02,-2.777548879384994507e-02,-1.829894841648638248e-03,-5.404144059866666794e-03,-4.780201707035303116e-03,-1.043928973376750946e-02,-1.170059293508529663e-02,3.710107645019888878e-03,2.616531588137149811e-02,-3.319640457630157471e-02,1.777899637818336487e-02,2.384398318827152252e-02,6.628546863794326782e-03,-1.846332103013992310e-02,5.306862760335206985e-03,-1.311620324850082397e-02,2.774865366518497467e-02,-1.215009950101375580e-02,-6.163944490253925323e-04,-3.987862542271614075e-02,3.113001585006713867e-02,1.527358399471268058e-04,6.772791501134634018e-03,-1.475992146879434586e-02,7.853787974454462528e-04,-3.448454290628433228e-02,-8.889498189091682434e-03,5.424271337687969208e-03,1.191528234630823135e-02,-3.205251181498169899e-03,-5.531616043299436569e-03,-1.675922051072120667e-02,6.474238354712724686e-03,1.955689629539847374e-03,-1.240504346787929535e-02,-1.646402105689048767e-02,-1.702758297324180603e-02,-7.104889489710330963e-03,-2.231431752443313599e-02,-5.206226836889982224e-03,1.871826499700546265e-02,5.971059203147888184e-03,-1.637009531259536743e-02,1.936233416199684143e-02,1.952335122041404247e-03,-1.271365955471992493e-02,1.117728650569915771e-02,-8.587591000832617283e-04,2.968086116015911102e-02,9.828765876591205597e-03,-2.038211002945899963e-02,3.172041475772857666e-02,1.358583662658929825e-02,-5.394080653786659241e-03,-1.262644212692975998e-02,1.414268836379051208e-02,-3.716816660016775131e-03,2.719851024448871613e-02,3.327691555023193359e-02,8.822407573461532593e-03,-1.233124360442161560e-02,6.682218983769416809e-03,2.337686455575749278e-04,-3.555799368768930435e-03,-2.935211639851331711e-03,1.041916292160749435e-02,-7.775795180350542068e-03,-4.258908331394195557e-02,-7.581232581287622452e-03,1.559184491634368896e-02,-5.256544798612594604e-03,2.561181783676147461e-03,2.377689257264137268e-02,1.898662652820348740e-03,6.272966507822275162e-03,1.838281191885471344e-02,5.987831857055425644e-03,7.312870118767023087e-03,-2.726560086011886597e-02,3.204244747757911682e-02,7.218943443149328232e-03,2.302547730505466461e-02,-7.501562358811497688e-04,-1.235807966440916061e-02,1.755088940262794495e-02,-9.942820295691490173e-03,-1.930866204202175140e-02,-3.606117330491542816e-03,-1.376194995827972889e-03,-2.065047249197959900e-02,1.780583336949348450e-02,1.380723621696233749e-02,-1.883902773261070251e-02,-1.854382827877998352e-02,-5.501425475813448429e-04,2.157632261514663696e-02,-4.300504457205533981e-03,4.076422005891799927e-02,-4.297149833291769028e-03,5.351142585277557373e-02,2.004665695130825043e-02,-1.650427654385566711e-02,1.565893553197383881e-02,1.981854997575283051e-02,1.382065378129482269e-02,7.574523333460092545e-03,1.706783659756183624e-02,-3.850997658446431160e-03,-2.884893864393234253e-02,5.737584084272384644e-02,5.628897342830896378e-03,3.142521530389785767e-02,1.832913979887962341e-02,-2.328042127192020416e-02,1.704099960625171661e-02,1.772532425820827484e-02,1.331747509539127350e-02,-1.076132431626319885e-02,5.313572008162736893e-03,1.473308540880680084e-02,-1.368647324852645397e-03,1.816476695239543915e-03,-1.792659610509872437e-02,-3.011023998260498047e-02,-1.624933257699012756e-02,2.753396332263946533e-02,-1.114374119788408279e-02,8.862662129104137421e-03,-2.165682986378669739e-02,8.629522635601460934e-04,-3.666498698294162750e-03,-9.902565740048885345e-03,-2.648735046386718750e-02,2.779226051643490791e-03,-1.593400607816874981e-03,-1.710809022188186646e-02,-1.794672338292002678e-03,-1.215009950101375580e-02,9.687876328825950623e-03,-2.435387112200260162e-03,2.278395183384418488e-02,-1.068752538412809372e-02,-1.752405241131782532e-02,4.360885918140411377e-02,-1.885244622826576233e-02,-7.017672061920166016e-03,4.773492924869060516e-03,-2.962718904018402100e-02
3.875989699736237526e-03,1.045413594692945480e-02,-1.391209429129958153e-03,-2.492137625813484192e-02,-7.785421796143054962e-03,2.453344315290451050e-02,-1.561097428202629089e-02,-2.056046947836875916e-02,5.919328425079584122e-03,7.624897640198469162e-03,1.432678103446960449e-02,1.987824216485023499e-02,9.230139665305614471e-03,4.953675088472664356e-04,-6.471130065619945526e-03,-4.093366209417581558e-03,2.221922017633914948e-02,1.435353513807058334e-02,-6.364114116877317429e-03,-1.050764415413141251e-02,-1.816598512232303619e-02,-2.606845460832118988e-03,-8.641550317406654358e-03,-9.604695253074169159e-03,-7.905814796686172485e-03,1.696205325424671173e-02,3.887360170483589172e-02,-1.511602476239204407e-02,1.101095462217926979e-03,-1.436691265553236008e-02,-7.009555120021104813e-03,-1.848703250288963318e-02,-3.882009163498878479e-02,1.131820754380896688e-04,-2.734261564910411835e-02,-8.222683100029826164e-04,6.303917616605758667e-03,-6.721949204802513123e-03,8.929156698286533356e-03,1.246737688779830933e-02,1.957057043910026550e-02,1.504913996905088425e-02,9.497679769992828369e-03,1.007957942783832550e-02,5.507985129952430725e-03,-2.760681090876460075e-03,3.755596466362476349e-03,-7.885749451816082001e-03,-2.860005386173725128e-02,1.859404845163226128e-03,-6.313950289040803909e-03,1.653398945927619934e-02,-1.644034869968891144e-02,2.112230472266674042e-02,-2.034643664956092834e-02,9.598007309250533581e-04,2.015915885567665100e-02,1.313455519266426563e-03,-1.546382717788219452e-02,-4.842478781938552856e-03,-8.945877780206501484e-04,1.064810249954462051e-02,-1.009295694530010223e-02,-1.189300091937184334e-04,-8.895713835954666138e-03,-1.689516752958297729e-02,-1.732323318719863892e-02,-9.711711667478084564e-03,-1.104941312223672867e-02,7.450996432453393936e-03,2.575075067579746246e-02,2.401173859834671021e-02,8.347256109118461609e-03,-2.435954101383686066e-02,2.553671784698963165e-02,-3.210483118891716003e-02,9.832104668021202087e-03,-1.022003870457410812e-02,-1.581162959337234497e-02,8.848894387483596802e-03,-2.994778798893094063e-03,-2.937592193484306335e-02,-1.867431029677391052e-02,1.153098605573177338e-02,2.204531803727149963e-02,-1.155439531430602074e-03,1.932978443801403046e-02,2.394485473632812500e-02,6.481163203716278076e-03,-1.190554164350032806e-02,5.962803959846496582e-03,2.502839267253875732e-02,9.036172181367874146e-03,-4.451201297342777252e-03,-5.711984820663928986e-03,9.985940530896186829e-03,-1.867431029677391052e-02,1.562435179948806763e-02,1.179852616041898727e-02,-1.434015855193138123e-02,-2.452006563544273376e-02,-1.605241559445858002e-02,-2.316898666322231293e-02,-6.350737065076828003e-03,-1.649385690689086914e-02,-1.244062278419733047e-02,2.284793928265571594e-02,-6.033033132553100586e-03,2.447993494570255280e-02,-2.418564073741436005e-02,-9.276959113776683807e-03,3.523505479097366333e-02,-1.261452399194240570e-02,-4.994976893067359924e-02,5.173559766262769699e-03,-2.950969152152538300e-02,1.520966459065675735e-02,-1.650723442435264587e-02,5.267199128866195679e-03,-2.411875501275062561e-02,9.350532665848731995e-03,7.350668776780366898e-03,1.788506656885147095e-02,-1.784159219823777676e-03,-6.611588876694440842e-03,3.038254100829362869e-03,-5.106674972921609879e-03,-1.713595353066921234e-02,-9.297024458646774292e-03,-9.791973978281021118e-03,1.470133755356073380e-02,2.088151872158050537e-02,3.253289684653282166e-02,1.008626818656921387e-02,-2.010732277994975448e-04,1.492874696850776672e-02,9.872236289083957672e-03,5.939393769949674606e-03,1.896191621199250221e-03,-2.433278784155845642e-02,1.581162959337234497e-02,2.092164941132068634e-02,-1.391209382563829422e-02,-5.374215077608823776e-03,-1.956388121470808983e-03,2.758340165019035339e-02,6.116639357060194016e-03,1.183865685015916824e-02,-1.057452894747257233e-02,-2.785094268620014191e-02,1.219314802438020706e-02,-7.357357535511255264e-03,1.642697304487228394e-02,3.839202923700213432e-03,1.104439725168049335e-03,2.254026755690574646e-02,-7.678405847400426865e-03,3.148949146270751953e-02,-3.282719105482101440e-02,-1.641359552741050720e-02,-2.140322141349315643e-02,8.240240626037120819e-03,3.975648432970046997e-02,-4.969560541212558746e-03,2.825225330889225006e-02,2.454681880772113800e-02,1.452743634581565857e-02,8.653255645185709000e-04,-9.718400426208972931e-03,-2.873382531106472015e-02,2.231285907328128815e-02,5.902606993913650513e-03,-2.134971320629119873e-02,2.560360357165336609e-02,-1.963745616376399994e-02,3.681354224681854248e-02,5.518018268048763275e-03,8.480817632516846061e-05,-2.577750571072101593e-02,2.373082190752029419e-02,-4.446519166231155396e-02,-9.506040369160473347e-04,2.481435984373092651e-02,3.863281384110450745e-02,-1.320980116724967957e-02,-1.922276802361011505e-02,2.068086341023445129e-02,2.326262556016445160e-02,-2.556263643782585859e-04,-1.795195229351520538e-02,1.907562091946601868e-02,1.526317279785871506e-02,-2.278105355799198151e-02,-8.541222661733627319e-03,-6.566508412361145020e-01,-9.477614425122737885e-03,-1.396560203284025192e-02,-5.829033441841602325e-03,-7.022932171821594238e-03,5.949426908046007156e-03,1.999863423407077789e-03,8.862271206453442574e-04,-1.947693154215812683e-02,-6.430999375879764557e-03,-9.765219874680042267e-04,2.658012509346008301e-02,7.303013117052614689e-04,-9.624761529266834259e-03,-2.105541899800300598e-02,-1.587851531803607941e-02,-2.787769585847854614e-02,-6.291376776061952114e-04,1.332685002125799656e-03,5.839066579937934875e-03,-2.474747411906719208e-02,-4.969560541212558746e-03,9.564564563333988190e-03,-8.581354282796382904e-03,1.427996205165982246e-03,-1.823286898434162140e-02,2.870707027614116669e-02,4.223791882395744324e-03,-1.089557725936174393e-02,2.295495569705963135e-02,-2.739612385630607605e-02,1.428665034472942352e-02,9.992629289627075195e-03,1.054108701646327972e-02,3.231886401772499084e-02,-6.650884170085191727e-04,-3.288069739937782288e-02,2.706169895827770233e-02,1.346396375447511673e-02,2.512203156948089600e-02,-9.042860940098762512e-03,-2.841277606785297394e-02,7.076439913362264633e-03,-1.281517930328845978e-02,-1.173164043575525284e-02,1.134370733052492142e-02,3.560961037874221802e-02,9.985940530896186829e-03,1.252088416367769241e-02,-2.632596157491207123e-02,-1.756401918828487396e-02,-2.371744439005851746e-02,-6.574802100658416748e-03,3.261315822601318359e-02,4.474611021578311920e-03,1.397897861897945404e-02,3.566311672329902649e-02,-1.730985566973686218e-02,1.708244532346725464e-02,-1.351078390143811703e-03,1.646710373461246490e-02,1.690854504704475403e-02,-1.375157013535499573e-02,-1.492874696850776672e-02,-1.145072374492883682e-02,-1.636008732020854950e-02,-5.879197269678115845e-03,1.171157509088516235e-02,2.583101391792297363e-02,-1.158449333161115646e-02,-8.634862489998340607e-03,1.312619424425065517e-04,-2.840943168848752975e-03,2.153699053451418877e-03,4.638479556888341904e-03,-1.764428056776523590e-02,2.674064971506595612e-02,-2.335626631975173950e-02,-8.494403213262557983e-03,4.725430160760879517e-03,-1.054108701646327972e-02,5.110019352287054062e-03,-2.241987548768520355e-02,-1.362448837608098984e-02,2.480098232626914978e-02,-4.845823161303997040e-03,-1.460769865661859512e-02,2.173764631152153015e-03,2.072099409997463226e-02,1.048757880926132202e-02,-1.349071785807609558e-02,1.575812138617038727e-02,3.799071768298745155e-03,-2.302183955907821655e-02,1.340376771986484528e-02,2.138984389603137970e-02,1.941339112818241119e-03,2.199180983006954193e-02,3.338902443647384644e-02,-1.508927159011363983e-02,2.178780967369675636e-03,-1.946355402469635010e-02,-9.337155148386955261e-03,5.073232576251029968e-03,1.630657911300659180e-02,2.331613376736640930e-02,-3.202456980943679810e-02,-1.091564260423183441e-02,2.476085163652896881e-02,-3.809773549437522888e-02,-5.364182405173778534e-03,2.544307895004749298e-02,6.006279028952121735e-03,2.504845848307013512e-03,-5.091625498607754707e-04,-2.466721273958683014e-02,1.829975470900535583e-02,2.713861642405390739e-03,1.171157509088516235e-02,-1.752388849854469299e-02,1.828637719154357910e-02,-1.042738184332847595e-02,-1.549058128148317337e-02,-2.902811951935291290e-02,5.314018577337265015e-03,3.673327714204788208e-02,2.867697330657392740e-04,-1.534343417733907700e-02,-1.324324309825897217e-02,6.481163203716278076e-03,-4.645167849957942963e-03,-5.183592904359102249e-03,4.665902256965637207e-02,-1.673464477062225342e-02,1.951706223189830780e-02,1.038056239485740662e-02,1.250081881880760193e-02,-1.235367171466350555e-02,1.759077236056327820e-02,-2.308872528374195099e-02,-3.100122790783643723e-03,8.039585314691066742e-03,1.878132671117782593e-02,-2.034643664956092834e-02,-4.952839110046625137e-03,-3.413813933730125427e-02,-7.999453693628311157e-03,-1.468796096742153168e-02,-4.550860077142715454e-02,8.748566731810569763e-03,-9.731777012348175049e-03,-2.589789777994155884e-02,-3.967622295022010803e-02,-2.512203156948089600e-02,-3.304122388362884521e-02,5.819000652991235256e-04,9.631449356675148010e-03,-8.353944867849349976e-03,6.400900892913341522e-03,-2.274092286825180054e-02,1.623969525098800659e-02,1.425989624112844467e-02,-2.381108328700065613e-02,-1.077518425881862640e-02,1.781818270683288574e-02,6.063131149858236313e-03,2.854654751718044281e-02,-6.942669861018657684e-03,1.157780550420284271e-02,-1.702893897891044617e-02,1.356094726361334324e-03,2.969696884974837303e-03,-3.068352350965142250e-03,1.462107617408037186e-02,1.752388849854469299e-02,2.295829821377992630e-03,-1.188547629863023758e-02,-1.860742643475532532e-02,-1.303589995950460434e-02,7.644962985068559647e-03,3.285728860646486282e-03,1.866093464195728302e-02,-1.951706223189830780e-02,-1.325662061572074890e-02,2.251351438462734222e-02,-1.381845492869615555e-02,-8.534534834325313568e-03,5.735394544899463654e-03,1.302921120077371597e-02,7.002866361290216446e-03,-7.925880141556262970e-03,5.581558682024478912e-03,2.579088136553764343e-02,8.686698274686932564e-04,6.889162119477987289e-03,5.297297146171331406e-03,2.860005386173725128e-02,7.415881846100091934e-04,4.347529262304306030e-03,3.031231276690959930e-02,7.725225295871496201e-03,-8.621484972536563873e-03,5.848430469632148743e-02,-3.167676925659179688e-02,1.824624650180339813e-02,-2.699481323361396790e-02,-1.233193441294133663e-03,-2.767369616776704788e-03,2.520229294896125793e-02,-6.962735671550035477e-03,-2.533606439828872681e-02,-2.088151872158050537e-02,1.777470693923532963e-03,3.357630223035812378e-02,-1.968093216419219971e-03,5.725361779332160950e-02,-1.736336387693881989e-02,2.319574169814586639e-02,1.185872219502925873e-02,-7.250341121107339859e-03,1.721621677279472351e-02,-1.335694827139377594e-02,1.706906966865062714e-02,2.730248495936393738e-02,-2.521567046642303467e-02,2.030630595982074738e-02,3.843801096081733704e-04,1.686841435730457306e-02,1.884821243584156036e-02,-1.502238586544990540e-02,2.407862339168787003e-03,1.739011728204786777e-03,3.839620912913233042e-04,1.447392813861370087e-02,3.714211343321949244e-04,5.541427992284297943e-03,9.256893768906593323e-03,-5.524706561118364334e-03,-4.728774074465036392e-03,1.854388508945703506e-03,1.301583368331193924e-02,2.346328087151050568e-02,2.583101391792297363e-02,-1.341714430600404739e-02,9.363909251987934113e-03,2.762353280559182167e-03,1.013977639377117157e-02,1.080193836241960526e-02,-7.310538087040185928e-03,-1.068823412060737610e-02,1.491537038236856461e-02,1.341881696134805679e-03,-2.223259583115577698e-02,-1.316966954618692398e-02,9.103057906031608582e-03,-2.647311054170131683e-02,1.430002693086862564e-02,1.686841435730457306e-02,2.332951128482818604e-02,2.212557941675186157e-02,-1.141728088259696960e-02,-3.782350569963455200e-03,-1.062803715467453003e-02,-6.755391601473093033e-03,2.648648619651794434e-02,1.252757292240858078e-02,-1.301583368331193924e-02,3.815793199464678764e-03,-1.471471507102251053e-02,-1.725634746253490448e-02,9.256893768906593323e-03,1.702893897891044617e-02,1.095577422529459000e-02,-6.140049081295728683e-03,-5.688575096428394318e-03,2.029293030500411987e-02,-1.571799069643020630e-02,4.661053244490176439e-04,2.344990521669387817e-02,9.337155148386955261e-03,-1.653398945927619934e-02,-8.307125419378280640e-03,1.763090305030345917e-02,-7.323914673179388046e-03,-1.122833113186061382e-03,-4.183661192655563354e-03,-4.786295443773269653e-02,1.395222544670104980e-02,-2.873382531106472015e-02,5.551460664719343185e-03,-1.317635830491781235e-02,3.785694763064384460e-02,5.554805044084787369e-03,-2.656674943864345551e-02,-2.200518734753131866e-02,-9.337155148386955261e-03,2.002538926899433136e-02,-1.850041002035140991e-02,8.969287388026714325e-03,8.982664905488491058e-03,6.207770202308893204e-04,8.715123869478702545e-03,3.167008049786090851e-03,-1.400573272258043289e-02,3.071362338960170746e-02,-2.145338570699095726e-03,-1.162462495267391205e-02,-6.176835857331752777e-03,1.023341529071331024e-02,-2.053371630609035492e-02,-2.700819075107574463e-02,7.076439913362264633e-03,-1.494212448596954346e-02,4.705364350229501724e-03,-1.053439825773239136e-02,-2.600156876724213362e-04,-1.439366675913333893e-02,-9.138172608800232410e-04,1.082200370728969574e-02,7.370734587311744690e-03,9.952497668564319611e-03,-1.880808174610137939e-02,-8.870632154867053032e-04,1.352416072040796280e-02,8.930493891239166260e-02,5.347460974007844925e-03,-1.733660884201526642e-02,2.042669989168643951e-02,4.875921178609132767e-03,1.116311736404895782e-02,-6.237032357603311539e-04,-3.598416596651077271e-02,3.095106454566121101e-03,-2.311547845602035522e-02,4.865888506174087524e-03,-2.093502692878246307e-02,1.860742643475532532e-02,-1.856060582213103771e-03,1.985148712992668152e-02,-2.558353822678327560e-03,-1.078856177628040314e-02,-1.981135644018650055e-02,-1.116980612277984619e-02,-2.019929001107811928e-03,-2.413213253021240234e-02,-7.919192314147949219e-03,-2.999377320520579815e-04,2.498826198279857635e-02,-5.013035610318183899e-03,-5.658476613461971283e-03,1.203931216150522232e-02,2.442642673850059509e-02,1.593202352523803711e-02,-2.056046947836875916e-02,-9.684957563877105713e-03,2.294157817959785461e-02,9.985940530896186829e-03,3.159650415182113647e-02,5.711984820663928986e-03,1.301750657148659229e-03,1.341045554727315903e-02,-1.187209971249103546e-03,4.324119538068771362e-03,1.824624650180339813e-02,5.300641525536775589e-03,9.591318666934967041e-03,2.057384699583053589e-02,-7.049686275422573090e-03,2.476419555023312569e-03,1.725634746253490448e-02,-3.001467324793338776e-03,1.927962061017751694e-03,-3.421840071678161621e-02,-3.092765435576438904e-02,4.071962833404541016e-02,-2.229948155581951141e-02,-8.775320835411548615e-03,-1.895522885024547577e-02,3.558285534381866455e-03,-2.720550168305635452e-03,4.875921178609132767e-03,-2.223928458988666534e-03,1.236328680533915758e-04,1.581162959337234497e-02,-3.140922635793685913e-02,-3.084739297628402710e-02,5.932705476880073547e-03,1.535848365165293217e-03,-1.421976555138826370e-02,-2.207207260653376579e-03,-1.294226013123989105e-02,5.400969181209802628e-03,-1.590526849031448364e-02,-1.922945724800229073e-03,-1.974447257816791534e-02,-1.590526849031448364e-02,-1.113636326044797897e-02,-3.372679464519023895e-03,6.437687668949365616e-03,2.122932113707065582e-02,4.141523316502571106e-02,-2.673730487003922462e-03,2.361042890697717667e-03,2.077450230717658997e-02,-2.830575965344905853e-02,-2.196505665779113770e-02,-4.835790488868951797e-03,-6.895850412547588348e-03,-1.250081881880760193e-02,2.742287702858448029e-02,1.431340444833040237e-02,-1.030866056680679321e-03,-3.865956887602806091e-02,-1.734998635947704315e-02,8.407453075051307678e-03,4.728774074465036392e-03,1.574474573135375977e-02,-1.444717403501272202e-03,2.508189994841814041e-03,-1.947693154215812683e-02,2.027955278754234314e-02,2.052033878862857819e-02,-1.516953296959400177e-02,-1.087551191449165344e-02,-8.106470108032226562e-03,3.548252861946821213e-03,-5.949426908046007156e-03,9.313745540566742420e-04,2.655337192118167877e-02,-9.424106217920780182e-03,1.880097406683489680e-04,3.362981230020523071e-02,-3.551597008481621742e-03,-1.004112069495022297e-03,4.668577574193477631e-03,-2.886759489774703979e-02,-2.053371630609035492e-02,-4.521430470049381256e-03,-1.614605449140071869e-02,-9.840466082096099854e-04,1.501778751844540238e-04,1.323655527085065842e-02,9.179975604638457298e-04,-7.390799932181835175e-03,-6.479490548372268677e-05,-2.916188910603523254e-02,1.759077236056327820e-02,1.016653049737215042e-02,-3.154299780726432800e-02,7.176767569035291672e-03,1.623635063879191875e-03,-3.009827993810176849e-02,-1.127013377845287323e-02,-2.267403760924935341e-03,-1.341714430600404739e-02,1.863417960703372955e-02,2.302518347278237343e-03,-1.279511302709579468e-02,-3.724160417914390564e-02,-2.537619508802890778e-02,-8.180043660104274750e-03,1.342383306473493576e-02,-7.136636879295110703e-03,1.250081881880760193e-02,-3.055309876799583435e-02,-4.347529262304306030e-03,-1.946355402469635010e-02,-3.718809783458709717e-02,-2.777067944407463074e-02,-2.728910744190216064e-02,3.835858544334769249e-03,8.728501386940479279e-03,2.045345306396484375e-02,2.209882624447345734e-02,-5.942738149315118790e-03,2.184215409215539694e-04,-1.207944285124540329e-02,-1.154436264187097549e-02,-1.131026446819305420e-02,-1.811247691512107849e-02,5.999590735882520676e-03,1.055446360260248184e-02,5.548785254359245300e-02,2.999126352369785309e-02,4.454545304179191589e-02,9.042860940098762512e-03,2.244662865996360779e-02,1.730985566973686218e-02,2.209297381341457367e-04,-6.778801791369915009e-03,-1.788506656885147095e-02,5.989557597786188126e-03,-5.115370079874992371e-02,7.638274691998958588e-03,4.909364040940999985e-03,1.874119602143764496e-02,1.163800153881311417e-02,1.737674139440059662e-02,-5.805623717606067657e-03,1.732323318719863892e-02,9.256893768906593323e-03,-6.889161886647343636e-04,-1.792519725859165192e-02,-4.498020745813846588e-03,-2.295495569705963135e-02,-3.317081427667289972e-04,1.864755712449550629e-02,-1.657412014901638031e-02,-1.622631773352622986e-02,-1.713595353066921234e-02,3.057985194027423859e-02,6.748703308403491974e-03,-6.079852581024169922e-03,-8.360633626580238342e-03,4.259240999817848206e-02,-4.277968779206275940e-02,2.803822048008441925e-02,-2.258039824664592743e-02,1.276167109608650208e-02,1.842683646827936172e-03,1.638684235513210297e-02,1.236704923212528229e-02,-9.183319285511970520e-03,2.251351438462734222e-02,2.700484590604901314e-03,5.063199438154697418e-03,-3.076713159680366516e-02,-2.860005386173725128e-02,-1.221321336925029755e-02,9.656531619839370251e-05,-2.155371243134140968e-03,-2.187141776084899902e-02,-7.022932171821594238e-03,-4.197706654667854309e-02,-3.512803837656974792e-02,-1.181190274655818939e-02,-1.130357664078474045e-02,-5.051160231232643127e-02,1.916925981640815735e-02,-1.034043170511722565e-02,-1.660087332129478455e-02,3.301446884870529175e-02,-5.175232072360813618e-04,1.266134344041347504e-02,1.069492194801568985e-02,7.972699590027332306e-03,4.727436602115631104e-02,-2.391809970140457153e-02,1.450068224221467972e-02,1.132364198565483093e-02,1.721621677279472351e-02,-2.068086341023445129e-02,2.215233445167541504e-02,9.169942699372768402e-03,-1.610592380166053772e-02,3.124870359897613525e-02,3.673327714204788208e-02,-7.076439913362264633e-03,6.705227773636579514e-03,2.030630595982074738e-02,1.918263733386993408e-02,2.880238171201199293e-04,-2.076112478971481323e-02,7.089816965162754059e-03,2.508190087974071503e-02,-1.863417960703372955e-02,-1.082200370728969574e-02,-7.444308139383792877e-03,4.267267417162656784e-03,-1.571799069643020630e-02,-2.278105355799198151e-02,-1.567618710396345705e-05,-1.476822327822446823e-02,-2.081463299691677094e-02,-9.169942699372768402e-03,1.454750192351639271e-03,-3.461971133947372437e-02,9.678268805146217346e-03,-5.581558682024478912e-03,-3.611793741583824158e-02,1.109623257070779800e-02,-7.250341121107339859e-03,-2.434616535902023315e-02,1.775129698216915131e-02,-2.339639700949192047e-02,2.560026012361049652e-03,-4.621758125722408295e-03,-1.844355720095336437e-03,1.694867573678493500e-02,4.825757816433906555e-03,-8.474337868392467499e-03,-3.413813933730125427e-02,-1.569123752415180206e-02,2.581763640046119690e-02,-7.745290640741586685e-03,9.832104668021202087e-03,-9.912366978824138641e-03,2.710182964801788330e-02,1.395222544670104980e-02,-8.912435150705277920e-04,1.649385690689086914e-02,-1.862080208957195282e-02,-1.133033074438571930e-02,2.006551949307322502e-03,1.110292132943868637e-02,8.327190880663692951e-04,-2.969696931540966034e-02,1.138383802026510239e-02,-9.832104668021202087e-03,-3.309473022818565369e-02,-1.169150974601507187e-02,6.016311701387166977e-03,4.882609844207763672e-02,-3.376358374953269958e-02,-2.355692163109779358e-02,3.066680394113063812e-03,-2.529593184590339661e-02,2.472072094678878784e-02,-7.343980483710765839e-03,-1.455419044941663742e-02,1.652897219173610210e-03,3.400436788797378540e-02,-2.876057848334312439e-02,3.371007367968559265e-02,-8.407453075051307678e-03,-1.205603359267115593e-03,-1.345727592706680298e-02,-1.474146917462348938e-02,-1.014144858345389366e-03,4.668577574193477631e-03,1.690854504704475403e-02,-3.012503497302532196e-02,5.043134093284606934e-03,5.795591045171022415e-03,9.243516251444816589e-03,1.219314802438020706e-02,1.618618704378604889e-02,-2.730248495936393738e-02,-1.129019912332296371e-02,-1.256101578474044800e-02,1.835326291620731354e-02,-2.699481323361396790e-02,-2.881408669054508209e-02,3.804422542452812195e-02,-2.023942209780216217e-02,2.048355294391512871e-03,2.619219198822975159e-02,-3.341577947139739990e-02,7.283783983439207077e-03,1.648048125207424164e-02,-2.489796606823801994e-03,2.445317991077899933e-02,-3.563636541366577148e-02,-7.029620464891195297e-03,5.384247750043869019e-03,9.791973978281021118e-03,-2.975047752261161804e-02,-2.611193060874938965e-02,-1.440704334527254105e-02,-2.735599176958203316e-03,-1.468796096742153168e-02,1.372481603175401688e-02,-3.708777017891407013e-03,-1.515615638345479965e-02,2.426590211689472198e-02,-9.925743564963340759e-03,-5.093297921121120453e-03,9.857186814770102501e-04,-9.437482804059982300e-03,-1.252757292240858078e-02,1.527654938399791718e-02,-1.110292132943868637e-02,-4.053235054016113281e-02,-2.659350261092185974e-02,-1.870106533169746399e-02,2.902811951935291290e-02,3.344253345858305693e-04,-1.945017836987972260e-02,-5.839902441948652267e-04,1.936991512775421143e-02,-4.061261191964149475e-02,-1.684165932238101959e-02,8.889025077223777771e-03,-6.608244497328996658e-03,5.334083922207355499e-03,6.427654996514320374e-03,1.059459429234266281e-02,3.076713182963430882e-04,6.624965928494930267e-03,-1.747372327372431755e-03,-2.809172868728637695e-02,-1.609254628419876099e-02,-3.422843292355537415e-03,-3.451269492506980896e-02,1.520966459065675735e-02,6.320639047771692276e-03,-2.076112478971481323e-02,-9.230139665305614471e-03,-1.299033465329557657e-04,4.735462833195924759e-03,2.468059025704860687e-02,2.399836294353008270e-02,2.850976074114441872e-03,1.130357664078474045e-02,-1.335694827139377594e-02,1.225334405899047852e-02,1.247406471520662308e-02,-9.711711667478084564e-03,-1.696205325424671173e-02,-5.972836632281541824e-03,3.360974602401256561e-03,1.804224681109189987e-03,1.458094455301761627e-03,-2.819874510169029236e-02,6.290540564805269241e-03,3.005647740792483091e-04,-1.198580395430326462e-02,-4.056997422594577074e-04,9.785285219550132751e-03,1.064810249954462051e-02,7.865684106945991516e-03,-5.273887421935796738e-03,4.170952737331390381e-02,1.415287982672452927e-02,-2.500163763761520386e-02,-1.579825207591056824e-02,6.628310307860374451e-03,-2.849303930997848511e-02,-7.471062242984771729e-03,3.515478968620300293e-02,-1.411274913698434830e-02,-2.862680889666080475e-02,-9.644826874136924744e-03,-3.202456980943679810e-02,2.069423906505107880e-02,-1.467458344995975494e-02,1.377832423895597458e-02,-1.918263733386993408e-02,1.006620284169912338e-02,-1.446055155247449875e-02,1.988158561289310455e-03,-4.093366209417581558e-03,2.268741466104984283e-02,2.811848185956478119e-02,-6.574802100658416748e-03,-1.966420933604240417e-02,8.514469489455223083e-03,-2.765697427093982697e-03,1.690854504704475403e-02,3.581695258617401123e-03,-2.798471227288246155e-02,-2.983074076473712921e-02,-5.768836941570043564e-03,6.776293157599866390e-04,9.230139665305614471e-03,-1.427327375859022141e-02,-1.112967543303966522e-02,1.242055743932723999e-02,-2.246000617742538452e-02,-1.558422110974788666e-02,1.936991512775421143e-01,-1.179852616041898727e-02,6.079852581024169922e-03,2.604504488408565521e-02,1.407261844724416733e-02,6.002934649586677551e-03,2.074774727225303650e-02,1.221990212798118591e-02,1.728310063481330872e-02,1.942342333495616913e-02,-3.451269492506980896e-02,-2.101863268762826920e-03,4.511397797614336014e-03,7.919192314147949219e-03,5.283920094370841980e-03,-5.691919010132551193e-03,-2.062735520303249359e-02,-1.122331432998180389e-02,-1.795195229351520538e-02,-2.464045956730842590e-02,-6.124164210632443428e-04,-4.347529262304306030e-03,1.234865514561533928e-03,-1.516953296959400177e-02,3.721485286951065063e-02,8.039585314691066742e-03,-9.263581596314907074e-03,-2.431272296234965324e-03,1.725634746253490448e-02,9.925743564963340759e-03,9.524433873593807220e-03,6.681818049401044846e-03,7.945946417748928070e-03,-2.290144748985767365e-02,-2.148682833649218082e-04,-5.972836632281541824e-03,1.785831339657306671e-02,-1.152429729700088501e-02,1.202593464404344559e-02,1.403750386089086533e-03,4.449194669723510742e-02,-1.452743634581565857e-02,5.509657203219830990e-04,-1.480668201111257076e-03,-1.251419633626937866e-02,1.531668007373809814e-02,-8.669976959936320782e-04,2.840943168848752975e-03,7.544635795056819916e-03,1.794191892258822918e-03,-1.553071290254592896e-02,9.009419009089469910e-03,2.690117433667182922e-02,2.390472218394279480e-02,8.825693657854571939e-05,-1.154436264187097549e-02,5.501296836882829666e-03,5.735394544899463654e-03,1.399235613644123077e-02,-1.493209158070385456e-03,-2.615206129848957062e-02,2.387796901166439056e-02,-1.791182160377502441e-02,7.069751620292663574e-03,-1.143734622746706009e-02,-1.109623257070779800e-02,-4.510729014873504639e-02,1.359104551374912262e-02,-3.243925748392939568e-03,-3.542233258485794067e-02,-9.444171562790870667e-03,-2.934916689991950989e-02,-1.013308763504028320e-02,-3.575006732717156410e-03,-4.681954625993967056e-03,-2.035981416702270508e-02,3.218509256839752197e-02,4.163595382124185562e-03,-7.176767569035291672e-03,3.648580517619848251e-03,9.689974249340593815e-04,-3.095440939068794250e-02,2.188479341566562653e-02,-4.197037778794765472e-03,1.713595353066921234e-02,-1.835326291620731354e-02,1.680152863264083862e-02,-3.972973208874464035e-03,-1.273491699248552322e-02,-1.183196809142827988e-02,1.126344501972198486e-02,-1.906224340200424194e-02,-2.632596157491207123e-02,-6.730309687554836273e-04,1.087551191449165344e-02,1.131695322692394257e-02,2.632596157491207123e-02,2.675402723252773285e-02,2.203862881287932396e-03,7.370734587311744690e-03,-1.646710373461246490e-02,-9.771908633410930634e-03,4.285995289683341980e-02,1.127682253718376160e-02,-1.435353513807058334e-02,4.421102814376354218e-03,8.012831211090087891e-03,1.896860450506210327e-02,1.011302229017019272e-02,-2.283456176519393921e-02,2.706169895827770233e-02,-3.288069739937782288e-02,-7.323914673179388046e-03,-9.771908633410930634e-03,5.677204579114913940e-02,-8.761944249272346497e-03,-1.769778877496719360e-02,-2.591127529740333557e-02,6.457753479480743408e-03,2.516550710424780846e-03,5.533694275072775781e-05,-6.902539171278476715e-03,1.103603653609752655e-02,9.236827492713928223e-03,-3.526180610060691833e-02,-9.076303802430629730e-03,-2.549658715724945068e-02,6.414277944713830948e-03,1.080193836241960526e-02,-4.312749207019805908e-02,5.367526784539222717e-03,6.802211515605449677e-03,-5.079920869320631027e-03,6.237032357603311539e-03,8.233551867306232452e-03,9.504368528723716736e-03,7.042997516691684723e-03,-1.537018828094005585e-02,-2.027955278754234314e-02,3.601760836318135262e-03,-2.442977158352732658e-03,2.225935086607933044e-02,1.322317775338888168e-02,1.695536426268517971e-03,1.346396375447511673e-02,9.865547763183712959e-04,-5.899263080209493637e-03,-1.210619695484638214e-02,-2.018591389060020447e-02,-2.283456176519393921e-02,-3.389735147356987000e-02,5.414346233010292053e-03,-3.511466085910797119e-03,-2.357029728591442108e-02,-4.253472143318504095e-04,-1.074843015521764755e-02,-9.725089184939861298e-03,-2.766366302967071533e-02,-9.671580977737903595e-03,1.308940723538398743e-02,-4.411739110946655273e-02,5.257166456431150436e-03,2.690117433667182922e-02,-3.247939050197601318e-02,-1.226672157645225525e-02,7.263718172907829285e-03,-1.710117459297180176e-01,1.995850354433059692e-02,2.082801051437854767e-02,7.410865277051925659e-03,1.242055743932723999e-02,-3.131893230602145195e-03,2.419901825487613678e-02,-8.904074784368276596e-04,-3.789039095863699913e-03,5.701952031813561916e-04,4.902675282210111618e-03,6.487851496785879135e-03,-2.540294826030731201e-02,5.411001853644847870e-03,-1.791182160377502441e-02,2.958995290100574493e-02,8.634862489998340607e-03,-7.076439913362264633e-03,3.726835921406745911e-02,5.431067664176225662e-03,2.806497365236282349e-02,-1.903549022972583771e-02,-2.340977312996983528e-03,-2.549658715724945068e-02,1.935653761029243469e-02,1.730985566973686218e-02,3.802416147664189339e-03,7.879060693085193634e-03,-4.558217246085405350e-03,-2.064073085784912109e-02,-1.668113656342029572e-02,-9.397352114319801331e-03,2.078787982463836670e-02,-1.884821243584156036e-02,2.737271366640925407e-03,-1.351078320294618607e-02,-1.503576338291168213e-02,-7.297161035239696503e-03,2.974713454023003578e-03,5.711984820663928986e-03,5.852443166077136993e-03,3.285394608974456787e-02,1.795195229351520538e-02,-7.009555120021104813e-03,-1.154436264187097549e-02,3.023204952478408813e-02,1.856729388236999512e-02,-4.568249918520450592e-03,1.779142767190933228e-02,-1.558422110974788666e-02,-1.068823412060737610e-02,-2.324924990534782410e-02,-1.344389840960502625e-02,-2.138650044798851013e-03,1.619956269860267639e-02,5.705296061933040619e-03,1.425989624112844467e-02,1.443379744887351990e-02,-8.347256109118461609e-03,-2.428763982607051730e-04,4.277300089597702026e-03,-1.474146917462348938e-02,1.805896870791912079e-02,-2.282118424773216248e-02,1.717608608305454254e-02,-1.875457353889942169e-02,-2.528255619108676910e-02,1.042069308459758759e-02,-3.315827110782265663e-03,8.073027245700359344e-03,-1.108285598456859589e-02,-1.302252244204282761e-02,2.003876678645610809e-02,-8.026207797229290009e-03,1.386192976497113705e-03,1.318973489105701447e-02,1.765765831805765629e-03,-1.057620160281658173e-03,2.357029728591442108e-02,6.089885253459215164e-03,-1.345058716833591461e-02,4.655200615525245667e-02,-3.686704859137535095e-02,-6.949358619749546051e-03,5.079920869320631027e-03,1.302252244204282761e-02,6.260442081838846207e-03,-6.668440997600555420e-03,5.492935888469219208e-04,8.353944867849349976e-03,-1.855391822755336761e-02,-1.219983585178852081e-02,5.625034216791391373e-03,-3.841878101229667664e-02,2.082801051437854767e-02,1.959732547402381897e-02,1.446055155247449875e-02,-8.180043660104274750e-03,2.528255619108676910e-02,-2.706169895827770233e-02,8.467649109661579132e-03,-2.280780859291553497e-02,-3.791045770049095154e-02,1.714933104813098907e-02,1.411274913698434830e-02,2.441304968670010567e-03,-2.135305665433406830e-03,1.526317279785871506e-02,3.435217216610908508e-02,-4.454545676708221436e-03,4.942806437611579895e-03,-6.802211515605449677e-03,1.684165932238101959e-02,1.421976555138826370e-02,-7.905814796686172485e-03,2.375757507979869843e-02,-3.248942084610462189e-03,-1.145072374492883682e-02,2.300846390426158905e-02,-4.772249609231948853e-03,6.351406127214431763e-02,7.190144620835781097e-03,-1.062803715467453003e-02,-3.575006732717156410e-03,-2.168413810431957245e-02,-1.492874696850776672e-02,-1.144002154469490051e-01,3.233893075957894325e-03,1.795864081941545010e-03,1.290881820023059845e-02,7.544635795056819916e-03,7.805487141013145447e-03,-1.062134839594364166e-02,8.929156698286533356e-03,-2.247338183224201202e-03,-5.250477697700262070e-03,-2.453344315290451050e-02,-1.752388849854469299e-02,-2.198846632381901145e-04,-1.107783871702849865e-03,1.701556146144866943e-02,-9.343843907117843628e-03,1.479497645050287247e-02,-1.312285009771585464e-02,6.056442856788635254e-03,1.597215421497821808e-02,-6.561425048857927322e-03,-1.380340545438230038e-03,1.602566242218017578e-02,-4.443844035267829895e-02,9.149877354502677917e-03,5.798935424536466599e-03,-3.708108142018318176e-02,2.410537749528884888e-02,1.487523876130580902e-02,3.451269585639238358e-03,8.915779180824756622e-03,-5.026412662118673325e-03,-9.798662737011909485e-03,-7.477750536054372787e-03,-1.141059212386608124e-02,-3.534207120537757874e-02,-1.476822327822446823e-02,-3.285728860646486282e-03,2.739612385630607605e-02,-1.895522885024547577e-02,-6.408425397239625454e-04,1.603903993964195251e-02,2.616878366097807884e-03,-1.788506656885147095e-02,1.935653761029243469e-02,-1.537018828094005585e-02,2.284124959260225296e-03,8.634862489998340607e-03,1.969096437096595764e-02,7.009555120021104813e-03,-2.349003590643405914e-02,-3.011500230059027672e-03,-2.137646824121475220e-02,-1.146410033106803894e-02,1.842014677822589874e-02,-2.762353280559182167e-03,-7.257029879838228226e-03,2.381108328700065613e-02,-5.126740317791700363e-03,8.320502005517482758e-03,-7.190144620835781097e-03,2.382446080446243286e-02,1.292219478636980057e-02,1.340376771986484528e-02,1.399235613644123077e-02,-5.972836632281541824e-03,-1.745700277388095856e-02,-1.723962603136897087e-03,1.741687208414077759e-02,-2.458695136010646820e-02,3.210483118891716003e-02,-3.942874725908041000e-03,-2.219246514141559601e-02,2.058722451329231262e-02,-2.849303930997848511e-02,-2.725566504523158073e-03,-9.156566113233566284e-03,-2.208544872701168060e-02,2.526583382859826088e-03,-3.791045770049095154e-02,-7.591455243527889252e-03,-1.793857477605342865e-02,3.796396404504776001e-02,-1.395389670506119728e-03,3.277368471026420593e-02,-1.383183151483535767e-02,2.269075950607657433e-03,-5.581558682024478912e-03,1.177177182398736477e-03,-7.932568900287151337e-03,1.155773922801017761e-02,1.200586929917335510e-02,-1.104439725168049335e-03,-3.732186928391456604e-02,2.237305510789155960e-03,2.167076244950294495e-02,-1.565110497176647186e-02,1.573136821389198303e-02,-2.225935086607933044e-02,8.139912970364093781e-03,-2.468059025704860687e-02,-2.988090272992849350e-03,-6.073164194822311401e-02,2.082801051437854767e-02,1.695536426268517971e-03,-2.980565768666565418e-04,2.274092286825180054e-02,-1.851378753781318665e-02,2.108551794663071632e-03,-1.066816784441471100e-02,-6.678474135696887970e-03,1.413950324058532715e-02,-2.312885597348213196e-02,4.055910557508468628e-02,-1.236036047339439392e-02,-6.297228857874870300e-03,-1.813923008739948273e-02,2.830910496413707733e-03,-3.478023456409573555e-03,1.912912935949862003e-03,6.451064720749855042e-03,-7.257029647007584572e-04,-1.329006254673004150e-02,2.086814027279615402e-03,-5.628378596156835556e-03,1.276835892349481583e-02,-2.319574169814586639e-02,1.032705418765544891e-02,-1.116311736404895782e-02,3.285394608974456787e-02,-2.212223596870899200e-03,-1.541031990200281143e-02,-4.678610246628522873e-03,-2.480098232626914978e-02,8.374010212719440460e-03,1.810913207009434700e-03,1.785831339657306671e-02,-1.401911024004220963e-02,-1.116980612277984619e-02,4.855855833739042282e-03,1.670788973569869995e-02,3.646573796868324280e-02,-1.678815111517906189e-02,-3.159650415182113647e-02,8.280371315777301788e-03,-1.923614554107189178e-02,4.491332452744245529e-03,5.200313869863748550e-03,-5.923509015701711178e-04,7.785421796143054962e-03,2.476085163652896881e-02,-2.122932113707065582e-02,1.108954381197690964e-02,2.140322141349315643e-02,1.160455960780382156e-02,-1.233360636979341507e-02,1.049426663666963577e-02,-1.088888850063085556e-02,1.733660884201526642e-02,-8.266994729638099670e-03,-7.170079275965690613e-03,-4.671253263950347900e-02,3.001801855862140656e-02,5.484575522132217884e-04,2.353016659617424011e-02,-1.759077236056327820e-02,1.249413099139928818e-02,-2.580425888299942017e-02,4.384316038340330124e-03,2.310879062861204147e-03,6.303917616605758667e-03,-2.038656920194625854e-02,5.476215155795216560e-04,-2.550996467471122742e-02,9.109745733439922333e-03,7.564701139926910400e-03,-3.611793741583824158e-03,2.917861100286245346e-03,-9.959186427295207977e-03,-1.332350540906190872e-02,-1.443379744887351990e-02,8.808763697743415833e-03,1.336363609880208969e-02,-2.941270824521780014e-03,-3.929497674107551575e-03,-3.029893618077039719e-03,1.932978443801403046e-02,-3.140253946185112000e-03,1.389871723949909210e-02,6.063131149858236313e-03,1.926289871335029602e-02,3.728842595592141151e-03,-5.812312476336956024e-03,2.599153667688369751e-02,5.337428301572799683e-03,4.004743532277643681e-04,-8.909091353416442871e-03,2.671389654278755188e-02,-6.126672029495239258e-03,3.004477173089981079e-02,2.605842240154743195e-02,8.521157316863536835e-03,-2.434616535902023315e-02,8.614796213805675507e-03,-1.537018828094005585e-02,-5.223723594099283218e-03,9.103057906031608582e-03,-1.899535884149372578e-03,-3.471334930509328842e-03,-3.708108142018318176e-02,-4.849167540669441223e-03,1.546382717788219452e-02,-4.009759984910488129e-03,8.862270973622798920e-03,3.681354224681854248e-02,1.137715019285678864e-02,-1.714933104813098907e-02,1.963745616376399994e-02,6.718604825437068939e-03,1.827634521760046482e-03,-3.365656733512878418e-02,3.063336014747619629e-02,1.022003870457410812e-02,2.295495569705963135e-02,1.589356455951929092e-03,2.905320143327116966e-04,1.932978443801403046e-02,-1.112298667430877686e-02,-1.981135644018650055e-02,1.256101578474044800e-02,-8.474337868392467499e-03,-6.531327031552791595e-03,4.691987298429012299e-03,7.852306589484214783e-03,-2.502839267253875732e-02,-1.611930131912231445e-02,-9.673252934589982033e-04,1.439366675913333893e-02,-1.053439825773239136e-02,2.546983398497104645e-02,-2.817533444613218307e-03,4.821075499057769775e-02,2.843953110277652740e-02,-8.969287388026714325e-03,2.058722451329231262e-02,1.884821243584156036e-02,2.502839267253875732e-02,2.314223349094390869e-02,2.934916689991950989e-02,2.294993901159614325e-04,-2.625907771289348602e-02,5.468523129820823669e-02,7.273750961758196354e-04,2.835926786065101624e-02,-1.038725115358829498e-02,-1.829975470900535583e-02,1.648048125207424164e-02,1.547720469534397125e-02,-1.486520632170140743e-03,1.485684537328779697e-03,2.014578320086002350e-02,2.148348279297351837e-02,-1.155773922801017761e-02,-6.969423964619636536e-03,-2.005214244127273560e-02,-3.392410650849342346e-02,-1.319642364978790283e-02,3.033906593918800354e-02,-7.343980483710765839e-03,-1.041400525718927383e-02,-1.434015855193138123e-02,-4.558217246085405350e-03,8.166667073965072632e-03,-1.151091977953910828e-02,-2.763690985739231110e-02,1.779142767190933228e-03,-1.787169091403484344e-02,-2.101528830826282501e-02,1.359438989311456680e-03,4.862544592469930649e-03,6.581490393728017807e-03,-4.314086865633726120e-03,1.569123752415180206e-02,-9.698335081338882446e-03,-8.293747901916503906e-03,1.974447257816791534e-02,-1.050095539540052414e-03,-1.915588416159152985e-02,6.156770512461662292e-03,-1.107616722583770752e-02
-2.759485272690653801e-03,5.265341605991125107e-03,-8.636918850243091583e-03,-9.245628491044044495e-03,-1.303315721452236176e-02,3.903860226273536682e-02,-2.387495897710323334e-02,-1.437232014723122120e-03,1.010458637028932571e-02,-4.531507845968008041e-03,1.138964015990495682e-02,1.450082473456859589e-02,5.901105236262083054e-03,-5.228142719715833664e-03,-1.124760787934064865e-02,-5.268723238259553909e-03,7.135434076189994812e-03,-1.323098782449960709e-03,1.320562558248639107e-03,-1.968162367120385170e-03,2.228555036708712578e-03,-4.710739012807607651e-03,1.186984474770724773e-03,-1.746321283280849457e-02,-1.686803065240383148e-02,-8.758660405874252319e-03,1.688155718147754669e-02,-1.444671768695116043e-02,-2.322820510016754270e-04,-5.640712566673755646e-03,1.497426629066467285e-02,-5.693974671885371208e-04,-4.788518697023391724e-02,5.596750415861606598e-03,-1.711151376366615295e-02,5.221378989517688751e-03,2.729049883782863617e-03,1.361481379717588425e-02,5.559551529586315155e-03,1.893764548003673553e-02,2.180534601211547852e-02,9.685252793133258820e-03,1.805839687585830688e-02,1.888353750109672546e-02,-1.002342440187931061e-02,-8.657208643853664398e-03,-2.018888248130679131e-03,-1.689804339548572898e-04,-2.405080944299697876e-02,2.286044321954250336e-02,-1.693397411145269871e-03,1.719267666339874268e-02,-8.149950765073299408e-03,9.820521809160709381e-03,-2.077730186283588409e-02,2.453439403325319290e-03,1.417617965489625931e-02,-1.375008281320333481e-02,-1.977631263434886932e-02,-9.374134242534637451e-03,9.861102327704429626e-03,-2.575181424617767334e-03,-1.194424275308847427e-02,2.387495944276452065e-03,-3.814582712948322296e-03,-1.324282400310039520e-02,-1.423028763383626938e-02,9.982843883335590363e-03,-5.542642902582883835e-03,-4.906878806650638580e-03,2.932629548013210297e-02,4.144638776779174805e-02,-1.780688180588185787e-04,-1.022632792592048645e-02,1.154519990086555481e-02,-4.171692579984664917e-02,-2.283338829874992371e-02,-2.091257087886333466e-02,-2.791949920356273651e-02,1.846420392394065857e-02,-6.448944564908742905e-03,-3.387133032083511353e-02,-2.618805691599845886e-02,-1.195100601762533188e-02,2.697261609137058258e-02,-4.680303391069173813e-03,1.578588038682937622e-02,1.038188766688108444e-02,-1.464962121099233627e-02,-4.764001350849866867e-04,2.851468138396739960e-02,3.460178151726722717e-02,4.917024169117212296e-03,3.899125847965478897e-03,-6.181788165122270584e-03,1.115968357771635056e-02,-2.437545359134674072e-02,1.501484680920839310e-02,4.927169531583786011e-03,-2.956977859139442444e-02,-1.973573118448257446e-02,-4.078357014805078506e-03,-2.391554042696952820e-02,6.721172831021249294e-04,-2.553876675665378571e-02,-1.832893490791320801e-02,8.941273204982280731e-03,-7.825305685400962830e-03,3.435829654335975647e-02,-1.893764478154480457e-03,-2.337446436285972595e-02,3.763180598616600037e-02,-2.125074341893196106e-02,-3.094952180981636047e-02,-9.516166523098945618e-03,-2.617453038692474365e-02,9.942263364791870117e-03,-1.345925498753786087e-02,6.264640251174569130e-04,-6.945212371647357941e-04,5.745545960962772369e-03,4.595760721713304520e-03,1.293170545250177383e-02,-1.298581343144178391e-02,-1.001666113734245300e-02,8.643682114779949188e-03,-5.471626762300729752e-03,-3.537281416356563568e-03,-1.030579907819628716e-03,-1.155196316540241241e-02,-5.516434321179986000e-04,1.327664125710725784e-02,2.203530259430408478e-02,6.986638065427541733e-03,-2.989442553371191025e-03,8.513485663570463657e-04,3.922797739505767822e-03,-2.180534601211547852e-02,-1.443319022655487061e-02,-2.732431516051292419e-02,1.357423327863216400e-02,2.273870073258876801e-02,-1.590762101113796234e-02,-1.067947875708341599e-02,-7.900548516772687435e-04,1.494721230119466782e-02,-6.213914602994918823e-04,1.508248131722211838e-02,-3.841636469587683678e-03,-1.333074923604726791e-02,4.480781964957714081e-03,-2.137248404324054718e-03,2.098020538687705994e-02,-1.876855851151049137e-03,4.524744581431150436e-03,1.727383770048618317e-02,-2.053381688892841339e-02,2.843352034687995911e-02,-1.870768703520298004e-02,-2.141306549310684204e-02,-2.663106191903352737e-03,1.620521396398544312e-02,3.184229508042335510e-02,-7.798251695930957794e-03,1.694919168949127197e-02,2.529528178274631500e-02,2.256285026669502258e-02,-1.496073883026838303e-02,-1.158578041940927505e-02,6.949439411982893944e-04,1.439260970801115036e-02,1.176839345134794712e-03,-3.165291994810104370e-02,2.050676383078098297e-02,-1.535301934927701950e-02,2.758132666349411011e-02,-2.561654546298086643e-04,-1.190366223454475403e-02,-2.540349774062633514e-02,1.765258982777595520e-02,-4.166281968355178833e-02,5.853761453181505203e-03,4.240679554641246796e-03,3.581920266151428223e-02,-1.765258982777595520e-02,-2.694556303322315216e-02,3.035433962941169739e-02,2.254932373762130737e-02,9.976080618798732758e-03,-1.249208208173513412e-02,1.892411708831787109e-02,4.399620462208986282e-03,-1.694919168949127197e-02,-8.352854289114475250e-03,-6.501563787460327148e-01,2.935334807261824608e-03,-3.076014481484889984e-02,-1.281672716140747070e-02,-2.894754335284233093e-02,7.067799568176269531e-03,2.605617046356201172e-03,6.333965808153152466e-03,-2.598515339195728302e-02,3.177128033712506294e-03,-2.849101088941097260e-03,2.653975598514080048e-02,-1.732794567942619324e-02,-1.612405106425285339e-02,-8.839822374284267426e-03,-1.646222360432147980e-02,-1.030748989433050156e-02,7.947047241032123566e-03,1.032101642340421677e-02,-2.904054126702249050e-04,-1.804487034678459167e-02,5.454718135297298431e-03,1.628637500107288361e-02,-6.012702360749244690e-03,1.836951449513435364e-02,3.067222191020846367e-03,3.094952180981636047e-02,1.669218018651008606e-02,-3.544044913724064827e-03,8.366380818188190460e-03,-3.259980306029319763e-02,3.276212513446807861e-02,1.025338191539049149e-02,1.992510817945003510e-02,3.384427726268768311e-02,9.612545254640281200e-04,-3.625206276774406433e-02,1.707093417644500732e-02,1.958693563938140869e-02,4.185219481587409973e-02,-6.163188954815268517e-04,-2.663444541394710541e-02,1.040894072502851486e-02,-1.432497519999742508e-02,-3.993813879787921906e-03,4.906878806650638580e-03,1.841009594500064850e-02,-9.435004903934895992e-04,9.008907712996006012e-03,-5.103019066154956818e-03,-2.642815932631492615e-03,-3.376311436295509338e-02,1.696779159829020500e-03,2.929924242198467255e-02,-1.599554670974612236e-03,1.862652599811553955e-02,3.200462087988853455e-02,-1.487957779318094254e-02,1.579940691590309143e-02,-6.699191872030496597e-03,-2.722286386415362358e-03,1.172781269997358322e-02,-3.917387127876281738e-02,-1.264087762683629990e-02,-1.312108244746923447e-02,-1.477136276662349701e-02,7.054272573441267014e-03,1.709798723459243774e-02,4.551798105239868164e-03,6.709336768835783005e-03,7.642692071385681629e-04,-2.007390372455120087e-02,4.920405801385641098e-03,4.321841057389974594e-03,-1.429792214184999466e-02,-2.497401786968111992e-03,1.548828836530447006e-02,-1.398680359125137329e-02,-1.739558018743991852e-02,-2.113576512783765793e-03,-1.824016508180648088e-04,1.635400950908660889e-02,-1.647575013339519501e-02,-2.008743025362491608e-02,2.717551961541175842e-02,-1.432497519999742508e-02,-7.074562832713127136e-03,1.554239541292190552e-02,1.527185738086700439e-02,-4.649868234992027283e-03,9.891537483781576157e-04,1.542065385729074478e-02,9.245628491044044495e-03,7.155724335461854935e-03,1.450082473456859589e-02,9.117122739553451538e-03,7.987627759575843811e-03,1.726031117141246796e-02,2.837941236793994904e-02,-2.350973337888717651e-02,4.565325099974870682e-03,-2.144011855125427246e-02,5.901105236262083054e-03,6.452326197177171707e-03,1.334427576512098312e-02,2.655328251421451569e-02,-2.667502500116825104e-02,-5.505444016307592392e-03,2.222467958927154541e-02,-6.346816569566726685e-02,-6.705955136567354202e-03,1.462256722152233124e-02,4.991421941667795181e-03,1.132200565189123154e-02,5.934922490268945694e-03,-2.943451143801212311e-02,1.184279099106788635e-02,1.256647985428571701e-02,8.312273770570755005e-03,-2.007390372455120087e-02,1.922171004116535187e-02,-5.995793733745813370e-03,-1.105146855115890503e-02,-3.241042792797088623e-02,8.055262267589569092e-03,3.603563085198402405e-02,-4.095265641808509827e-03,-7.947047241032123566e-03,-2.632332593202590942e-02,-7.696799933910369873e-03,-6.202078424394130707e-03,1.296552270650863647e-02,5.316067487001419067e-02,-8.853348903357982635e-03,1.623226702213287354e-02,-1.023309119045734406e-02,2.112900093197822571e-02,-7.852358743548393250e-03,3.495348244905471802e-02,-1.669218018651008606e-02,-2.684241917449980974e-04,2.436530776321887970e-03,2.800066024065017700e-03,-3.403365239500999451e-02,-7.203068584203720093e-03,-4.677598178386688232e-02,-2.023622579872608185e-02,-2.363147586584091187e-02,-4.628901556134223938e-02,1.643517054617404938e-02,3.199109341949224472e-03,-2.162949554622173309e-02,-3.213988989591598511e-02,-1.098383404314517975e-02,-2.883932739496231079e-02,-9.407951496541500092e-03,2.054734528064727783e-02,1.165848691016435623e-03,-1.244473736733198166e-03,-1.795018091797828674e-02,2.254932373762130737e-02,5.383701995015144348e-03,-3.792939707636833191e-02,-1.013840362429618835e-02,2.207588218152523041e-02,2.868123119696974754e-04,3.205872699618339539e-02,-4.108792636543512344e-03,-7.940283976495265961e-03,-2.775717712938785553e-02,-7.473606150597333908e-03,1.286407187581062317e-02,-2.471362613141536713e-02,1.786901988089084625e-02,1.395974960178136826e-02,2.341842744499444962e-03,-2.387495944276452065e-03,-1.270174887031316757e-02,-1.631342805922031403e-02,2.349620684981346130e-02,3.269702719990164042e-04,1.340514700859785080e-02,-2.752721868455410004e-02,-8.535467088222503662e-03,1.017898414283990860e-02,-1.730596413835883141e-03,1.104132272303104401e-03,1.202540472149848938e-02,-1.234328653663396835e-02,7.967337965965270996e-03,1.640811562538146973e-02,6.178406532853841782e-03,1.792312785983085632e-02,6.144589278846979141e-03,3.523754654452204704e-03,7.527713663876056671e-03,2.691850997507572174e-02,-1.732794567942619324e-02,3.760475199669599533e-03,3.287034109234809875e-02,3.314087912440299988e-02,5.170653108507394791e-03,5.113163962960243225e-02,-1.634048111736774445e-02,3.406070545315742493e-02,-3.419597446918487549e-02,-3.214326919987797737e-03,4.453728441148996353e-03,2.357736788690090179e-02,-1.027367264032363892e-02,-8.379907347261905670e-03,-3.341141715645790100e-02,-1.293170545250177383e-02,2.096667885780334473e-02,1.558297593146562576e-02,3.414186835289001465e-02,-1.677334308624267578e-02,1.473078224807977676e-02,1.409501861780881882e-02,-2.915044547989964485e-03,3.070603869855403900e-02,7.886175997555255890e-03,-4.260969813913106918e-03,1.008598715998232365e-03,-2.520059421658515930e-02,4.984658677130937576e-03,2.471362613141536713e-02,1.579940691590309143e-02,2.701319754123687744e-02,-1.209303922951221466e-02,7.818541489541530609e-03,-7.805014960467815399e-03,-1.498779281973838806e-02,2.832530625164508820e-02,1.609488390386104584e-04,5.945067852735519409e-03,7.791487965732812881e-03,-7.879412733018398285e-03,-6.651847623288631439e-03,-3.407085081562399864e-03,2.986737154424190521e-02,2.388848550617694855e-02,1.432497519999742508e-02,-1.448729820549488068e-02,-2.666488057002425194e-03,-6.026228889822959900e-03,1.716562174260616302e-02,3.050313564017415047e-03,6.394836585968732834e-03,-2.972533926367759705e-03,3.801055718213319778e-03,4.605905618518590927e-03,-2.951567247509956360e-02,-1.508248131722211838e-02,1.433850266039371490e-02,-2.743253111839294434e-02,-5.961976479738950729e-03,1.330369524657726288e-02,8.379907347261905670e-03,2.441603504121303558e-02,9.177993983030319214e-03,3.774847427848726511e-04,-6.787116639316082001e-03,4.298169165849685669e-03,4.240679554641246796e-03,-6.374546326696872711e-03,-1.161959767341613770e-02,-1.312108244746923447e-02,-1.105146855115890503e-02,-2.900164946913719177e-02,1.455493271350860596e-02,1.876179501414299011e-02,1.094325352460145950e-02,7.243649102747440338e-03,1.387562952004373074e-04,3.665786935016512871e-03,1.226212456822395325e-02,1.493368577212095261e-02,3.554866462945938110e-02,-8.312273770570755005e-03,-1.412207260727882385e-02,-1.358775980770587921e-02,9.806994348764419556e-03,-1.033454295247793198e-02,9.090069681406021118e-03,-9.130649850703775883e-04,-6.422566622495651245e-02,2.461893856525421143e-02,-3.143649175763130188e-02,-1.703035272657871246e-02,-1.138287689536809921e-02,2.274208236485719681e-03,1.199158746749162674e-02,-1.730089075863361359e-02,-2.564698085188865662e-02,-1.128818932920694351e-02,2.292807772755622864e-02,-2.149422653019428253e-02,3.028332255780696869e-03,-1.676066021900624037e-04,-2.103431150317192078e-02,1.124084461480379105e-02,-9.299736469984054565e-03,-1.337809301912784576e-02,4.582909867167472839e-02,9.861102327704429626e-03,-1.347278151661157608e-02,7.365391124039888382e-03,-1.722987508401274681e-03,-7.088089827448129654e-03,-2.038502134382724762e-02,-3.386794822290539742e-03,-4.037776496261358261e-03,1.431144867092370987e-02,1.981689222157001495e-02,-1.154012745246291161e-03,-2.718904754146933556e-03,-1.213985433423658833e-05,2.283338829874992371e-02,2.018888248130679131e-03,3.080748952925205231e-03,-6.239277776330709457e-03,-1.278967317193746567e-02,9.029198437929153442e-03,9.290267527103424072e-02,-3.469647141173481941e-03,2.608998678624629974e-03,2.422665804624557495e-02,9.577037766575813293e-03,5.617040675133466721e-03,-2.029033377766609192e-02,-2.392906695604324341e-02,6.049901247024536133e-03,-2.317156083881855011e-02,3.642114810645580292e-03,-1.464962121099233627e-02,-1.531920162960886955e-03,5.735401064157485962e-03,1.665160059928894043e-02,-4.379330202937126160e-03,-1.405443809926509857e-02,-3.300561010837554932e-02,-9.962554089725017548e-03,2.845719223842024803e-03,-2.194061316549777985e-02,-6.306911818683147430e-03,2.158891409635543823e-02,2.386143244802951813e-02,-1.846420392394065857e-02,-9.915209375321865082e-03,-1.199158746749162674e-02,2.606631442904472351e-02,1.686803065240383148e-02,-1.673276163637638092e-02,-1.930752041516825557e-04,1.693566516041755676e-02,1.617308706045150757e-03,1.197129674255847931e-02,-6.371164694428443909e-03,1.263411436229944229e-02,1.496073883026838303e-02,3.540663281455636024e-03,2.770306915044784546e-02,-4.741174634546041489e-03,4.528126213699579239e-03,1.835598796606063843e-02,1.681392267346382141e-02,-1.126789860427379608e-02,-1.973235048353672028e-03,6.787116639316082001e-03,1.563708297908306122e-02,-3.895743982866406441e-03,-2.943451143801212311e-02,-2.217057161033153534e-02,2.299571223556995392e-02,-2.921807952225208282e-02,-1.778785884380340576e-02,-1.212009228765964508e-02,1.138794934377074242e-03,-6.705955136567354202e-03,-2.160920528694987297e-03,-7.865886203944683075e-03,-8.217585273087024689e-03,1.715209521353244781e-02,-2.356384135782718658e-02,-2.135895751416683197e-02,1.250560861080884933e-02,-1.922509050928056240e-03,-3.305633552372455597e-03,2.992824185639619827e-03,9.435005486011505127e-03,-1.012825872749090195e-03,-2.183239907026290894e-02,-2.164302207529544830e-02,6.925767287611961365e-03,-4.408920358400791883e-04,-1.657043956220149994e-02,4.355658311396837234e-03,2.758132666349411011e-02,1.600231043994426727e-02,1.962751522660255432e-02,1.187829999253153801e-03,-9.147558594122529030e-04,-4.041158128529787064e-03,-5.465708673000335693e-04,-2.052029035985469818e-02,3.136547282338142395e-03,-2.606631442904472351e-02,-1.617815904319286346e-02,2.553876675665378571e-02,-5.065819714218378067e-03,-1.611390616744756699e-03,-1.893764548003673553e-02,-7.764434441924095154e-03,6.841224152594804764e-03,-7.367927464656531811e-04,3.054371476173400879e-02,1.428777701221406460e-03,-5.289013497531414032e-03,7.115143816918134689e-03,9.184757247567176819e-03,1.703035272657871246e-02,-1.202540472149848938e-02,-4.791900515556335449e-03,-2.587017603218555450e-03,-6.022847257554531097e-03,-1.324958819895982742e-02,-7.311283610761165619e-03,3.579214960336685181e-02,-1.157225389033555984e-02,6.053282879292964935e-03,2.463246509432792664e-02,-1.809897832572460175e-02,4.345512948930263519e-03,1.246502809226512909e-02,-1.749026775360107422e-02,-2.541364170610904694e-03,-7.602111436426639557e-03,-1.631342805922031403e-02,-1.005724165588617325e-02,-1.283701788634061813e-02,2.453777752816677094e-02,4.903497174382209778e-03,-1.566413789987564087e-02,-2.244110964238643646e-02,-2.586341090500354767e-02,2.981326356530189514e-02,2.154157031327486038e-03,-2.574167028069496155e-02,1.054420974105596542e-02,2.309039980173110962e-02,-2.256285026669502258e-02,4.569552256725728512e-04,9.678489528596401215e-03,-1.721972972154617310e-02,1.865357905626296997e-02,-8.643682114779949188e-03,-3.013114444911479950e-03,-3.013790957629680634e-02,-1.659749262034893036e-02,-1.657043956220149994e-02,-2.554891165345907211e-03,-1.667865365743637085e-02,1.028719916939735413e-02,-3.416892141103744507e-02,-1.942461356520652771e-02,-7.142197340726852417e-03,-3.963378444314002991e-02,-4.155460372567176819e-02,-2.659386396408081055e-02,3.584625665098428726e-03,6.780352909117937088e-03,1.686803065240383148e-02,1.124422647990286350e-03,-8.711316622793674469e-03,2.986737154424190521e-02,-1.738205179572105408e-02,6.442180834710597992e-03,1.080122124403715134e-02,-2.989442460238933563e-02,-1.919465512037277222e-02,1.330369524657726288e-02,5.113163962960243225e-02,3.230221197009086609e-02,3.457472845911979675e-02,2.327977679669857025e-02,4.998185671865940094e-03,6.015238468535244465e-04,3.363122697919607162e-03,-5.140217952430248260e-03,-2.783833816647529602e-02,-1.030748989433050156e-02,-4.666776582598686218e-02,2.837941236793994904e-02,1.253942586481571198e-02,2.513295970857143402e-02,3.051666170358657837e-02,5.579841788858175278e-03,7.493896409869194031e-03,2.626921795308589935e-02,5.194325465708971024e-03,-4.149373155087232590e-03,-1.652985811233520508e-02,-2.279280871152877808e-02,-1.358775980770587921e-02,-2.502474468201398849e-03,2.181887254118919373e-02,-1.858594641089439392e-02,-9.455295279622077942e-03,-2.724315412342548370e-02,1.186308171600103378e-02,-2.040869323536753654e-03,1.023309119045734406e-02,-1.300610415637493134e-02,9.320026263594627380e-03,-4.247443005442619324e-02,2.367205545306205750e-02,-9.739359840750694275e-03,2.254932373762130737e-02,-8.806005120277404785e-03,2.981326356530189514e-02,4.656631499528884888e-03,-2.943789120763540268e-03,2.052029035985469818e-02,2.962388796731829643e-03,2.176138339564204216e-03,-2.625569142401218414e-02,-2.645859494805335999e-02,-3.130122274160385132e-02,-1.112586632370948792e-02,-4.186994920019060373e-04,-6.029610987752676010e-03,-1.920818234793841839e-03,-3.140943497419357300e-02,-1.783858519047498703e-03,-1.455493271350860596e-02,-1.000989787280559540e-02,-3.817288205027580261e-02,1.763906329870223999e-02,-2.223820611834526062e-02,-2.272517420351505280e-02,1.927581615746021271e-02,-6.597740110009908676e-03,-9.387660771608352661e-03,1.432497519999742508e-02,3.342832438647747040e-03,3.111184388399124146e-02,-1.736852526664733887e-02,1.966809667646884918e-02,1.659749262034893036e-02,4.663394764065742493e-03,-2.152127958834171295e-02,1.778785884380340576e-02,1.341698342002928257e-03,-4.690448753535747528e-03,1.746321283280849457e-02,2.486242167651653290e-02,8.116133511066436768e-03,2.617452992126345634e-03,-3.523754654452204704e-03,3.601534292101860046e-03,-1.693566516041755676e-02,-3.211283311247825623e-02,3.358050249516963959e-03,2.854173630475997925e-02,4.088502377271652222e-03,4.153177724219858646e-05,-5.992411635816097260e-03,1.431144867092370987e-02,-2.396964654326438904e-02,-1.130847912281751633e-02,8.420488797128200531e-03,-2.710788510739803314e-02,-2.418607845902442932e-02,-7.243649102747440338e-03,-1.697624661028385162e-02,-3.000264056026935577e-02,1.019927393645048141e-02,-1.800428889691829681e-02,-4.994127526879310608e-02,9.976080618798732758e-03,1.368752098642289639e-03,-2.279280871152877808e-02,-2.630979986861348152e-03,-1.313460897654294968e-02,1.452787872403860092e-02,-1.770669780671596527e-02,9.881392121315002441e-03,1.973573118448257446e-02,8.190531283617019653e-03,-9.502639994025230408e-03,-2.503827214241027832e-02,-1.893764548003673553e-02,2.981326356530189514e-02,-1.268822234123945236e-02,-2.005361253395676613e-03,1.942799426615238190e-03,2.138601243495941162e-02,5.698202177882194519e-03,-6.087100133299827576e-03,7.662982679903507233e-03,-1.138964015990495682e-02,-6.621412001550197601e-03,1.326987799257040024e-02,2.594457380473613739e-02,-7.061036303639411926e-03,-4.325899109244346619e-02,-3.373268060386180878e-03,-1.647575013339519501e-02,-3.911976143717765808e-02,2.032415010035037994e-03,1.666512712836265564e-02,2.201501280069351196e-03,-3.086836077272891998e-02,-3.709072992205619812e-02,-9.435004903934895992e-04,-1.577235199511051178e-02,2.045265585184097290e-02,6.563922856003046036e-03,-2.702672407031059265e-02,2.729049883782863617e-03,2.978621050715446472e-02,-2.712141163647174835e-02,2.612042240798473358e-02,-3.127416595816612244e-02,-1.670570857822895050e-02,-2.639096044003963470e-02,-3.675932064652442932e-03,-5.593368783593177795e-03,-8.082316257059574127e-03,2.199472114443778992e-02,-3.573803976178169250e-02,-6.839533452875912189e-04,-1.482885214500129223e-03,1.658396609127521515e-02,1.977631263434886932e-02,3.771296516060829163e-02,-2.325272187590599060e-02,-1.587718608789145947e-03,-1.379066333174705505e-02,2.261695824563503265e-02,-2.110194601118564606e-02,-2.429429255425930023e-02,1.029396243393421173e-02,-1.102441456168889999e-02,1.634048111736774445e-02,1.784196682274341583e-02,-3.584625571966171265e-02,1.543418038636445999e-02,2.403728105127811432e-02,6.959584541618824005e-03,2.694556303322315216e-02,-5.167271476238965988e-03,-1.924876309931278229e-02,2.206235565245151520e-02,1.184659558930434287e-04,-2.607984282076358795e-02,-2.069614082574844360e-02,-1.451435219496488571e-02,-9.583801031112670898e-03,-9.522929787635803223e-03,4.517980851233005524e-03,-9.286209009587764740e-03,-9.448532015085220337e-03,2.444308809936046600e-02,1.003695186227560043e-02,1.581293344497680664e-02,8.089079521596431732e-03,-1.099736057221889496e-02,-8.361308136954903603e-04,7.439788896590471268e-03,-1.125437207520008087e-02,-1.544770691543817520e-02,-2.310392633080482483e-02,1.185631845146417618e-02,3.757769614458084106e-02,1.519238692708313465e-03,-2.047971077263355255e-02,-7.081326562911272049e-03,1.443319022655487061e-02,-5.077994242310523987e-02,-8.880402892827987671e-03,1.039541419595479965e-02,5.065819714218378067e-03,1.028043590486049652e-02,4.927169531583786011e-03,1.865357905626296997e-02,4.095265641808509827e-03,-1.404091063886880875e-02,1.340514700859785080e-02,-2.644506841897964478e-02,-1.500132028013467789e-02,1.704387925565242767e-02,-3.303266316652297974e-02,-5.718492437154054642e-03,-5.035384558141231537e-03,-9.130650199949741364e-03,1.251237234100699425e-03,8.724843151867389679e-03,-6.526723969727754593e-03,1.978983916342258453e-02,2.348267845809459686e-02,-1.363679533824324608e-03,-5.389619618654251099e-04,2.282662549987435341e-03,4.873061552643775940e-03,-8.750206325203180313e-04,-4.991421941667795181e-03,-8.630155585706233978e-03,-1.470372825860977173e-02,1.670570857822895050e-02,1.983380177989602089e-03,4.058066755533218384e-03,-4.166281968355178833e-02,1.009782310575246811e-02,-1.437232014723122120e-03,-7.818541489541530609e-03,-1.738205179572105408e-02,2.586341090500354767e-02,-3.817118995357304811e-04,5.546024534851312637e-03,-9.996371343731880188e-03,4.163576290011405945e-02,1.790199166862294078e-04,-1.796370930969715118e-02,5.806417204439640045e-03,-3.045240882784128189e-03,-2.280971733853220940e-03,6.259568035602569580e-03,2.382085099816322327e-02,-6.668756250292062759e-03,-1.744968630373477936e-02,9.631144814193248749e-03,-5.353266373276710510e-03,1.770669780671596527e-02,-2.482184208929538727e-02,1.143022160977125168e-02,-2.149422653019428253e-02,-8.386671543121337891e-03,-2.615762175992131233e-03,7.507423404604196548e-03,-8.494886569678783417e-03,2.643154188990592957e-02,3.070603869855403900e-02,5.921395495533943176e-03,-2.052029035985469818e-02,5.529115907847881317e-03,5.419210065156221390e-04,6.374546326696872711e-03,-8.278456516563892365e-03,-2.052029035985469818e-02,-1.108528580516576767e-02,-1.000989787280559540e-02,3.375381638761609793e-04,7.926756516098976135e-03,-1.330369524657726288e-02,-2.269811928272247314e-02,1.214038301259279251e-02,-2.253579720854759216e-02,-7.088089827448129654e-03,2.112358957529067993e-01,-1.652985811233520508e-02,4.335368052124977112e-03,1.974925771355628967e-02,1.861638156697154045e-03,1.680039614439010620e-02,2.226525917649269104e-02,1.720620319247245789e-02,-5.762454587966203690e-03,1.424381416290998459e-02,-4.490927234292030334e-02,-5.035384558141231537e-03,-1.153167244046926498e-02,8.778951130807399750e-03,1.080122124403715134e-02,-3.351962938904762268e-02,-1.573177240788936615e-02,6.222368683665990829e-04,-1.770669780671596527e-02,-2.859584428369998932e-02,-2.767939586192369461e-03,-1.792312785983085632e-02,-1.464962121099233627e-02,-1.600231043994426727e-02,4.750643298029899597e-02,2.637743309605866671e-04,8.987983892438933253e-05,8.386671543121337891e-03,1.429792214184999466e-02,2.332035638391971588e-02,-2.049323637038469315e-03,1.030748989433050156e-02,6.946057546883821487e-03,-1.380418986082077026e-02,5.468244664371013641e-03,-5.765836220234632492e-03,2.529528178274631500e-02,5.569696426391601562e-03,1.820719242095947266e-02,-1.165848691016435623e-03,1.357423327863216400e-02,-5.934922490268945694e-03,-3.888980485498905182e-03,-4.392857197672128677e-03,7.554767653346061707e-03,8.352854289114475250e-03,1.086378237232565880e-03,2.319861436262726784e-03,6.797261536121368408e-03,9.387660771608352661e-03,-3.122005984187126160e-02,3.987050615251064301e-03,1.204569451510906219e-02,2.211646363139152527e-02,-2.301684726262465119e-04,1.482673833379521966e-04,-1.045628543943166733e-02,2.549818530678749084e-02,-4.954223055392503738e-03,-1.078769378364086151e-02,-2.575519680976867676e-02,1.667865365743637085e-02,-5.600132048130035400e-03,1.593636581674218178e-03,-1.176162995398044586e-02,-7.399208378046751022e-03,-3.844342008233070374e-02,6.124299019575119019e-03,-1.984394527971744537e-02,-2.004684880375862122e-02,-1.095678005367517471e-02,-3.879511728882789612e-02,-1.078769378364086151e-02,8.799240924417972565e-03,3.459501778706908226e-03,-1.321577094495296478e-02,2.800066024065017700e-02,1.746321283280849457e-02,1.694031525403261185e-04,2.975915558636188507e-02,5.542642902582883835e-03,-1.612405106425285339e-02,1.145051140338182449e-02,1.230946858413517475e-03,2.131837792694568634e-02,-2.813592925667762756e-02,1.176839321851730347e-02,6.533487234264612198e-03,-1.615110598504543304e-02,-4.064830020070075989e-03,8.663972839713096619e-03,-3.149059787392616272e-02,-2.635037899017333984e-02,1.464962121099233627e-02,1.540712639689445496e-02,-8.826294913887977600e-03,5.745545960962772369e-03,3.500758856534957886e-02,-1.152490917593240738e-02,2.356637705815955997e-04,-4.173045046627521515e-03,1.502330065704882145e-03,4.447641223669052124e-02,2.010095678269863129e-02,-1.961398869752883911e-03,-1.397327613085508347e-02,1.818013936281204224e-02,2.102078497409820557e-02,1.362157706171274185e-02,-2.111547440290451050e-02,2.628274448215961456e-02,-2.962388657033443451e-02,4.910260904580354691e-03,-4.288023803383111954e-03,4.761464893817901611e-02,3.516991157084703445e-03,-1.753084734082221985e-02,-1.124760787934064865e-02,9.617618285119533539e-03,-1.493368577212095261e-02,-1.364186778664588928e-02,-3.797674085944890976e-03,1.042923144996166229e-02,2.299571223556995392e-02,-1.724678277969360352e-02,-2.331697382032871246e-03,-1.953282766044139862e-02,1.723325625061988831e-02,5.999175366014242172e-03,-3.487231954932212830e-02,1.084180176258087158e-02,3.496700897812843323e-03,9.529693052172660828e-03,-1.531243883073329926e-02,6.100627128034830093e-03,-7.209831848740577698e-03,-2.275899052619934082e-03,-1.223507151007652283e-02,-2.662091702222824097e-02,6.429499480873346329e-04,1.443319022655487061e-02,5.809798836708068848e-03,3.094275947660207748e-03,1.289112493395805359e-02,7.865886203944683075e-03,-6.252804305404424667e-03,-9.316644864156842232e-04,-1.116644684225320816e-02,-1.532596535980701447e-02,-3.860574215650558472e-02,-2.741900458931922913e-02,1.478488929569721222e-02,-7.615638431161642075e-03,-1.842362247407436371e-02,1.836951449513435364e-02,-1.103117782622575760e-02,-8.826294913887977600e-03,-3.911976143717765808e-02,1.497426629066467285e-02,1.551534142345190048e-02,-3.481821343302726746e-02,2.610689587891101837e-02,3.695546090602874756e-02,-3.782118111848831177e-02,-1.370273903012275696e-02,7.527713663876056671e-03,-1.735770404338836670e-01,1.176839321851730347e-02,2.587693929672241211e-02,5.661002825945615768e-03,1.080122124403715134e-02,-1.153167244046926498e-02,2.223820611834526062e-02,-7.980864495038986206e-03,-5.529115907847881317e-03,1.625932008028030396e-02,5.427664145827293396e-03,4.639722872525453568e-03,-5.546024534851312637e-03,-8.082316257059574127e-03,-1.401385664939880371e-02,2.618805691599845886e-02,-4.068211652338504791e-03,-2.493005618453025818e-02,4.323193803429603577e-02,1.572500914335250854e-04,2.100725844502449036e-02,-2.060145139694213867e-02,1.477136276662349701e-02,-1.640980714000761509e-03,1.792312785983085632e-02,1.173457596451044083e-02,-2.674942370504140854e-03,8.562521077692508698e-03,-2.840646775439381599e-04,-6.776971276849508286e-03,-9.746123105287551880e-03,-7.176014594733715057e-03,1.897822506725788116e-02,-2.425371110439300537e-02,-5.330439889803528786e-04,-2.590399235486984253e-02,-3.256598487496376038e-03,-1.993525307625532150e-03,1.647744211368262768e-03,2.465951815247535706e-02,1.139640435576438904e-02,2.153480798006057739e-02,1.497426629066467285e-02,-5.153744947165250778e-03,1.217420026659965515e-02,5.032002553343772888e-02,2.548465877771377563e-02,-1.114615611732006073e-02,2.144011855125427246e-02,-3.046255372464656830e-02,-1.096354331821203232e-02,-3.454767540097236633e-02,-5.610277410596609116e-03,3.265052800998091698e-03,1.887001097202301025e-02,1.216743700206279755e-02,6.991710979491472244e-04,1.655691303312778473e-02,-8.704553358256816864e-03,4.294787067919969559e-03,-3.939706366509199142e-03,4.676287790061905980e-05,1.505542732775211334e-02,-1.089590881019830704e-02,2.198119461536407471e-02,3.706367686390876770e-03,-3.222104907035827637e-02,-7.042436627671122551e-04,-1.731441728770732880e-02,1.927581615746021271e-02,-2.226525917649269104e-02,-1.047657523304224014e-02,1.532596535980701447e-02,-3.178818896412849426e-02,1.606994494795799255e-02,7.493896409869194031e-03,7.629165425896644592e-03,5.803035572171211243e-03,1.842362247407436371e-02,1.644869707524776459e-02,-1.025338191539049149e-02,3.149059787392616272e-02,-3.195051103830337524e-02,-3.852457925677299500e-02,7.128670345991849899e-03,-1.946181175298988819e-03,-9.942263364791870117e-03,7.446552626788616180e-03,1.819366589188575745e-02,6.590976845473051071e-03,-6.869123317301273346e-04,3.730039577931165695e-03,1.481194328516721725e-02,-2.867700532078742981e-02,1.344572752714157104e-02,2.802771329879760742e-02,1.841009594500064850e-02,-1.574529893696308136e-02,8.954800665378570557e-03,-3.387133032083511353e-02,1.519069634377956390e-02,-4.281260538846254349e-03,-4.028307646512985229e-02,2.487594820559024811e-02,1.207274850457906723e-02,5.918014212511479855e-04,1.509600784629583359e-02,1.758495531976222992e-02,3.717189282178878784e-02,-1.372979208827018738e-02,1.888353750109672546e-02,-6.861514411866664886e-03,2.018211781978607178e-02,1.443319022655487061e-02,-5.255196243524551392e-03,1.643517054617404938e-02,1.278290990740060806e-02,-5.234905984252691269e-03,1.443319022655487061e-02,-2.288749627768993378e-02,6.579478830099105835e-02,2.451748587191104889e-03,7.439788896590471268e-03,2.720595570281147957e-03,-1.384477131068706512e-02,-2.340151742100715637e-02,-1.037241816520690918e-01,-1.625932008028030396e-02,2.843352034687995911e-02,1.325635146349668503e-02,7.507423404604196548e-03,2.033091336488723755e-02,7.879412733018398285e-03,2.045941946562379599e-04,-7.974101230502128601e-03,1.429792214184999466e-02,-8.048499003052711487e-03,-1.295875944197177887e-02,-1.042246818542480469e-02,6.685664877295494080e-03,-2.162611344829201698e-03,-2.773012267425656319e-03,1.454140525311231613e-02,-2.401022799313068390e-02,-9.658198803663253784e-03,2.158891409635543823e-02,-5.305922124534845352e-03,1.199158746749162674e-02,1.053068321198225021e-02,-3.838931024074554443e-02,2.353678643703460693e-02,1.603781827725470066e-03,-2.714846655726432800e-02,2.894754288718104362e-03,1.928934454917907715e-02,2.265753969550132751e-02,-6.966347806155681610e-03,9.489112533628940582e-03,-1.115968357771635056e-02,-1.290465239435434341e-02,-4.047921393066644669e-03,-3.343847021460533142e-02,-2.994853258132934570e-02,-2.265753922984004021e-03,2.821709029376506805e-02,-1.864005252718925476e-02,7.230122108012437820e-03,5.326212383806705475e-03,8.197294548153877258e-03,-1.686803065240383148e-02,2.342857234179973602e-02,-6.218987051397562027e-03,-8.428942528553307056e-04,1.520422287285327911e-02,2.202177606523036957e-02,1.613757945597171783e-02,-2.060145139694213867e-02,1.269202621188014746e-04,-2.773012220859527588e-02,-4.710739012807607651e-03,6.283239927142858505e-03,-8.616628125309944153e-03,7.656219415366649628e-03,2.873111143708229065e-02,-3.100362978875637054e-02,9.935500100255012512e-03,7.723853457719087601e-03,1.765258982777595520e-02,1.899175159633159637e-02,-7.507423404604196548e-03,6.881804671138525009e-03,8.650445379316806793e-03,-1.152490917593240738e-02,-6.557159591466188431e-03,1.332398597151041031e-02,-2.194061316549777985e-02,2.589046582579612732e-02,-4.450346343219280243e-03,-2.758132666349411011e-02,3.768591210246086121e-02,-1.813955791294574738e-02,-1.937050558626651764e-02,-1.062537170946598053e-02,-1.481194328516721725e-02,1.792312785983085632e-02,-4.620785266160964966e-02,-6.641702726483345032e-03,-1.976278424263000488e-02,3.373606130480766296e-02,-2.864995039999485016e-02,3.038139268755912781e-02,-9.881392121315002441e-03,3.385104006156325340e-03,-1.377713680267333984e-02,1.949224621057510376e-02,-1.640811562538146973e-02,1.458198670297861099e-02,1.337809301912784576e-02,1.444671768695116043e-02,-3.330320119857788086e-02,2.110194647684693336e-03,2.037487691268324852e-03,-4.460491705685853958e-03,-9.773176861926913261e-04,-2.525470219552516937e-02,8.068789727985858917e-03,-5.535879172384738922e-03,-1.429792214184999466e-02,-6.276476383209228516e-02,2.384790591895580292e-02,-8.657208643853664398e-03,-7.703563198447227478e-03,9.671725332736968994e-03,-2.601220831274986267e-02,9.617618285119533539e-03,-5.018475931137800217e-03,-5.464863032102584839e-03,3.334378125146031380e-03,-1.497426629066467285e-02,2.467304468154907227e-02,-8.231111802160739899e-03,-2.629627287387847900e-02,-2.559287473559379578e-02,-1.123408135026693344e-02,2.150775399059057236e-03,2.287734998390078545e-03,-3.390176454558968544e-03,1.321577094495296478e-02,-4.403002560138702393e-03,1.623226702213287354e-02,-2.759485272690653801e-03,7.676509674638509750e-03,-6.340729072690010071e-03,-6.666220142506062984e-04,1.082151103764772415e-02,1.781491376459598541e-02,-2.096667885780334473e-02,-1.962751522660255432e-02,-1.082827430218458176e-02,-2.365852892398834229e-02,-1.233139755640877411e-05,9.462058544158935547e-03,2.444985089823603630e-03,-2.676971256732940674e-02,-1.525833085179328918e-02,4.687067121267318726e-03,8.691025897860527039e-03,3.165291994810104370e-02,-7.311283610761165619e-03,-2.967799454927444458e-02,1.369597483426332474e-02,1.075387699529528618e-03,8.346090093255043030e-03,4.169663414359092712e-03,-1.463609375059604645e-02,2.329330332577228546e-02,9.184757247567176819e-03,-9.556747041642665863e-03,9.739359840750694275e-03,3.673902899026870728e-02,5.617040675133466721e-03,-9.705542586743831635e-03,5.272104870527982712e-03,5.715110804885625839e-03,1.877532154321670532e-02,-7.155724335461854935e-03,-4.467254970222711563e-03,-4.699241369962692261e-02,2.146717347204685211e-02,8.244639262557029724e-03,-5.321985227055847645e-04,-1.725523732602596283e-03,1.209980249404907227e-02,-7.595348171889781952e-03,6.222369149327278137e-03,7.067799568176269531e-03,1.272880285978317261e-02,1.033961540088057518e-03,-1.410854514688253403e-02,-1.475783623754978180e-02,1.165341492742300034e-02,1.432497519999742508e-02,8.772187866270542145e-03,-9.644672274589538574e-03,-8.200676529668271542e-04,-2.403728105127811432e-02,-2.870405837893486023e-02,9.901682846248149872e-03,1.778785884380340576e-02,-1.671923510730266571e-02,-2.720257453620433807e-02,7.250412367284297943e-03,1.291817892342805862e-02,-2.524117566645145416e-02,7.852358743548393250e-03,9.137413464486598969e-03,1.223507151007652283e-02,-6.905477028340101242e-03,8.271692320704460144e-03,2.338799089193344116e-02,-3.430757205933332443e-03,-1.294523291289806366e-02,4.572088364511728287e-03,2.984031662344932556e-02,-8.927746675908565521e-03,1.067947875708341599e-02,1.519069634377956390e-02,1.502837333828210831e-02,-3.016496263444423676e-02,8.136423304677009583e-03,-3.672550432384014130e-03,-1.342543773353099823e-02,-1.289112493395805359e-02,4.213626030832529068e-03,-4.511217586696147919e-03,-4.864269122481346130e-02,2.502474468201398849e-03,1.350152655504643917e-03,-3.598152427002787590e-03,1.085532829165458679e-02,2.775717712938785553e-02,1.270174887031316757e-02,1.690861210227012634e-02,2.145364508032798767e-02,1.111233979463577271e-02,5.799653474241495132e-03,-1.930287107825279236e-02,2.672913298010826111e-02,1.357423327863216400e-02,1.626608427613973618e-03,1.182250119745731354e-02,1.116644684225320816e-02,1.199835073202848434e-02,-1.311431918293237686e-02,-5.157126579433679581e-03,-6.628175731748342514e-03,-1.386506110429763794e-02,-5.011712200939655304e-03,6.905477028340101242e-03,4.778373520821332932e-03,-2.245463617146015167e-02,-1.170075871050357819e-02,-2.017197431996464729e-03,9.976080618798732758e-03,-1.245319261215627193e-03,3.200462087988853455e-02,-1.372133847326040268e-03,5.505443736910820007e-02,-1.939417677931487560e-03,-1.816661283373832703e-02,3.273507114499807358e-03,2.613394893705844879e-02,3.619795665144920349e-02,-8.346090093255043030e-03,1.704387925565242767e-02,-1.870768703520298004e-02,-1.937050558626651764e-02,4.347542300820350647e-02,7.865886203944683075e-03,1.977631263434886932e-02,-3.413848578929901123e-03,-2.459188364446163177e-02,5.025239195674657822e-03,1.223507151007652283e-02,1.230270601809024811e-02,-4.991421941667795181e-03,6.952820811420679092e-03,2.973210252821445465e-02,3.574480535462498665e-03,-8.102606981992721558e-03,-1.224183477461338043e-02,-2.245463617146015167e-02,-9.867865592241287231e-03,3.849752619862556458e-02,-2.618805691599845886e-02,-4.906878806650638580e-03,-2.748663909733295441e-02,-5.647476064041256905e-04,6.459089345298707485e-04,-4.186572041362524033e-03,-3.030023165047168732e-02,1.711151376366615295e-02,-2.386143244802951813e-02,-3.203167393803596497e-02,-1.092972606420516968e-02,1.017898414283990860e-02,-9.861102327704429626e-03,-3.192345844581723213e-03,1.289788912981748581e-02,-8.636918850243091583e-03,-2.478126063942909241e-02,3.016496263444423676e-02,5.355802713893353939e-04,-1.600231043994426727e-02,2.268459275364875793e-02,-6.959584541618824005e-03
9.008005145005881786e-04,1.128980889916419983e-02,-2.150503732264041901e-02,4.523311275988817215e-03,-1.130995713174343109e-02,4.419211298227310181e-02,-2.298258617520332336e-02,-1.632018829695880413e-03,1.395611092448234558e-02,1.113197999075055122e-03,1.762311719357967377e-02,2.317063696682453156e-02,1.524560735560953617e-03,-1.714291400276124477e-03,-4.071651783306151628e-04,-1.575603336095809937e-02,6.897462066262960434e-03,-1.457399502396583557e-02,1.051073777489364147e-03,-9.100351482629776001e-03,-1.017493195831775665e-02,8.945880457758903503e-03,-5.033737048506736755e-03,-2.086029015481472015e-02,-6.356813944876194000e-03,6.366888061165809631e-03,1.550082024186849594e-02,-2.394970878958702087e-02,-4.697930533438920975e-03,8.260835893452167511e-03,8.086216636002063751e-03,2.683092607185244560e-03,-5.391706526279449463e-02,-5.771671421825885773e-04,-1.353971194475889206e-02,1.309644663706421852e-03,-3.881921293213963509e-03,-1.344568561762571335e-02,-1.202186662703752518e-02,-3.158258507028222084e-03,2.300945110619068146e-02,4.751659464091062546e-03,1.994689553976058960e-02,7.663100492209196091e-03,-7.528778165578842163e-03,-3.218703670427203178e-03,-4.385630600154399872e-03,1.323748566210269928e-02,-2.424521744251251221e-02,1.673658750951290131e-02,-1.448164810426533222e-03,7.642952259629964828e-03,-1.092713791877031326e-02,3.962514922022819519e-03,-7.475049234926700592e-03,-1.163233164697885513e-02,1.610527187585830688e-02,-2.514517866075038910e-02,-2.589738555252552032e-02,-7.132526487112045288e-03,1.414416264742612839e-02,4.331901669502258301e-03,-1.694982522167265415e-03,-3.619992407038807869e-03,-7.132526487112045288e-03,-8.643655106425285339e-03,-2.419148944318294525e-02,5.809449590742588043e-03,-7.407887838780879974e-03,-1.087340898811817169e-02,3.556860610842704773e-02,3.084045462310314178e-02,-5.616361158899962902e-04,9.049981017597019672e-04,1.390238199383020401e-02,-4.892026633024215698e-02,-1.713955588638782501e-02,-3.118969313800334930e-02,-1.769027858972549438e-02,1.877829059958457947e-02,1.284459285670891404e-04,-2.783162891864776611e-02,-2.278110198676586151e-02,-1.409043371677398682e-02,2.576306276023387909e-02,-2.981960307806730270e-03,2.742866240441799164e-02,1.821413636207580566e-02,-2.058492740616202354e-03,-2.839242573827505112e-03,2.329152822494506836e-02,3.387614339590072632e-02,-7.345763733610510826e-04,-2.842600690200924873e-03,-3.579695476219058037e-03,-2.659586258232593536e-03,-1.564857549965381622e-02,8.905583992600440979e-03,-1.150136697106063366e-03,-1.495009846985340118e-02,-3.011511266231536865e-02,-5.033737048506736755e-03,-1.791862584650516510e-02,-5.218430422246456146e-03,-3.065240196883678436e-02,-1.954392902553081512e-02,3.003451786935329437e-02,-1.150472555309534073e-02,3.108223527669906616e-02,2.261655637994408607e-03,-2.769730612635612488e-02,3.401046618819236755e-02,-1.826786436140537262e-02,-2.823459729552268982e-02,-4.046466201543807983e-03,-3.379555046558380127e-02,9.630925953388214111e-03,-4.640843719244003296e-03,-2.048418624326586723e-03,4.976649768650531769e-03,2.157555718440562487e-04,1.019508019089698792e-02,2.227067574858665466e-02,-1.589035615324974060e-02,5.856462288647890091e-03,8.415306918323040009e-03,-1.712612342089414597e-03,2.031628275290131569e-03,-8.690668269991874695e-03,-1.298227254301309586e-02,1.036802073940634727e-03,2.941663563251495361e-02,1.987973600625991821e-02,1.326435059309005737e-02,-7.031784858554601669e-03,4.442717880010604858e-03,5.836314056068658829e-03,-1.688434183597564697e-02,-1.430535037070512772e-02,-2.048418670892715454e-02,2.065880596637725830e-02,1.632018759846687317e-02,-2.349301055073738098e-02,4.644201602786779404e-03,4.898575134575366974e-04,1.630675606429576874e-02,7.864584214985370636e-03,9.872706606984138489e-03,-6.151971872895956039e-03,-1.265318319201469421e-02,1.572916842997074127e-02,-1.943647116422653198e-02,2.615259774029254913e-02,-8.415306918323040009e-03,4.378914833068847656e-03,1.093385461717844009e-02,-6.800078321248292923e-03,3.546115010976791382e-02,-6.957907229661941528e-03,-1.634705252945423126e-02,9.201093576848506927e-03,1.110847387462854385e-02,3.288215771317481995e-02,-1.044357754290103912e-02,8.549629710614681244e-03,1.097415108233690262e-02,2.295572124421596527e-02,-1.443967223167419434e-02,8.119797334074974060e-03,-1.462772395461797714e-02,1.774400658905506134e-02,3.054158529266715050e-03,-3.135088086128234863e-02,1.938274130225181580e-02,-2.151847071945667267e-02,3.970574215054512024e-02,9.395861066877841949e-03,-2.034986391663551331e-02,-2.844951301813125610e-02,8.180242031812667847e-03,-4.951128736138343811e-02,2.746895886957645416e-03,1.265989895910024643e-02,4.013557359576225281e-02,-1.778430305421352386e-02,-2.303631417453289032e-02,2.898680232465267181e-02,1.902007125318050385e-02,-9.469738579355180264e-04,-1.287481468170881271e-02,1.598438248038291931e-02,1.061148010194301605e-02,-1.198157016187906265e-02,2.209605649113655090e-03,-6.421691775321960449e-01,-9.892854839563369751e-03,-3.089418262243270874e-02,-9.489887394011020660e-03,-1.481577567756175995e-02,1.074580242857336998e-03,-3.905427642166614532e-03,4.207653459161520004e-03,-3.685810416936874390e-02,-1.534215261926874518e-04,-8.388441987335681915e-03,1.699180155992507935e-02,-1.243155077099800110e-02,-1.359344087541103363e-02,-1.688434183597564697e-02,-1.143084745854139328e-02,-1.626645959913730621e-02,4.741585347801446915e-03,5.178133491426706314e-03,-7.166107185184955597e-03,-2.149160578846931458e-02,5.074033979326486588e-03,9.563764557242393494e-03,1.320390496402978897e-02,1.245169900357723236e-02,8.469035848975181580e-03,2.698539756238460541e-02,8.314564824104309082e-03,-1.319718919694423676e-02,2.199531532824039459e-03,-3.454775735735893250e-02,2.783162891864776611e-02,-4.385630600154399872e-03,2.104834094643592834e-02,3.516564145684242249e-02,6.175478454679250717e-03,-3.298961371183395386e-02,2.385568246245384216e-02,1.648137532174587250e-02,4.674424231052398682e-02,4.483014810830354691e-03,-2.279453352093696594e-02,1.873799413442611694e-02,-5.839672405272722244e-03,-5.309098400175571442e-03,7.112378254532814026e-03,2.040359377861022949e-02,-3.060874762013554573e-03,9.159118053503334522e-04,9.251464507542550564e-04,1.069207396358251572e-02,-1.319718919694423676e-02,3.359742462635040283e-03,2.454072795808315277e-02,-6.558297667652368546e-03,2.252588979899883270e-02,4.193549603223800659e-02,-2.801968157291412354e-02,1.841561868786811829e-02,-4.852401558309793472e-03,2.493361942470073700e-03,2.315720543265342712e-02,-4.650245979428291321e-02,-1.058461610227823257e-02,-6.047872360795736313e-03,-1.073237042874097824e-02,3.734166501089930534e-03,2.115579880774021149e-02,1.683061383664608002e-02,1.828129775822162628e-02,5.813647294417023659e-04,-1.201515085995197296e-02,7.105662021785974503e-03,-1.823428436182439327e-03,-2.080656029284000397e-02,-5.191565956920385361e-03,7.401171606034040451e-03,-7.616087794303894043e-03,-2.134385146200656891e-02,5.144553259015083313e-03,-7.562358863651752472e-03,1.010105479508638382e-02,-1.196813769638538361e-02,-1.767684519290924072e-02,3.097477741539478302e-02,-1.556798163801431656e-02,-2.030956745147705078e-02,1.509785279631614685e-02,1.859023794531822205e-02,-1.477547921240329742e-03,-4.775166045874357224e-03,1.289496291428804398e-02,-4.776845162268728018e-04,-3.166653681546449661e-03,9.133932180702686310e-03,3.462163265794515610e-03,1.020851265639066696e-02,2.611230127513408661e-02,2.506458573043346405e-02,-1.777087152004241943e-02,9.444553288631141186e-04,-2.202889509499073029e-02,6.722842808812856674e-03,-8.146661333739757538e-03,2.025583758950233459e-02,2.879875153303146362e-02,-3.041062131524085999e-02,-1.465458888560533524e-02,2.216321788728237152e-02,-6.904178112745285034e-02,4.419211298227310181e-03,2.310347557067871094e-02,1.223678328096866608e-02,1.507098879665136337e-02,-5.110972560942173004e-03,-2.823459729552268982e-02,1.675002090632915497e-02,2.189457230269908905e-02,4.476298578083515167e-03,2.434595953673124313e-03,1.974541321396827698e-02,-8.979461155831813812e-03,-1.333822775632143021e-02,-2.793908677995204926e-02,7.636236026883125305e-03,5.163358151912689209e-02,-6.622101180255413055e-03,-1.601124554872512817e-02,-1.068535726517438889e-02,-9.765248745679855347e-03,-1.892268657684326172e-03,1.277407351881265640e-02,3.605216741561889648e-02,-1.390238199383020401e-02,8.992893621325492859e-03,-9.080203250050544739e-03,2.749582380056381226e-02,-1.147114485502243042e-02,3.586411848664283752e-02,-1.795892231166362762e-02,-1.112862210720777512e-02,1.548067200928926468e-03,7.260133046656847000e-03,-2.677048183977603912e-02,-7.938461378216743469e-03,-4.604576528072357178e-02,-2.887934446334838867e-02,-2.655556425452232361e-02,-4.609949514269828796e-02,1.469488535076379776e-02,-3.433619858697056770e-03,-3.798641264438629150e-02,-3.078672476112842560e-02,-2.555486280471086502e-03,-2.947036363184452057e-02,3.579695476219058037e-03,1.830816082656383514e-02,1.811675145290791988e-03,-3.747598733752965927e-03,-1.787832938134670258e-02,2.276767045259475708e-02,4.274814855307340622e-03,-3.382241353392601013e-02,-9.913003072142601013e-03,1.833502575755119324e-02,-9.563764557242393494e-03,2.713315188884735107e-02,5.383395182434469461e-05,-5.091663333587348461e-04,-3.008824773132801056e-02,-6.652323529124259949e-03,3.138110274448990822e-03,-1.653510332107543945e-02,1.946333609521389008e-02,-7.794904522597789764e-04,2.488324884325265884e-03,-1.114877057261765003e-03,-1.438594330102205276e-02,-1.567544043064117432e-02,1.767684519290924072e-02,6.118391640484333038e-03,9.881102014333009720e-04,-3.070613183081150055e-02,-1.367403380572795868e-02,1.664256118237972260e-02,-1.006747409701347351e-02,5.581101402640342712e-03,1.063162833452224731e-02,2.686450723558664322e-03,7.978758774697780609e-03,1.353299524635076523e-02,2.468176651746034622e-03,1.247856393456459045e-02,1.234424114227294922e-02,-5.638188216835260391e-03,4.288246855139732361e-03,1.593065261840820312e-02,-1.576946489512920380e-02,-2.842600690200924873e-03,2.722717821598052979e-02,2.707942388951778412e-02,-3.844982478767633438e-03,4.381601139903068542e-02,-3.272096812725067139e-02,3.503131866455078125e-02,-3.626708313822746277e-02,8.378368220292031765e-04,1.586684957146644592e-04,3.554174304008483887e-02,-1.035626698285341263e-02,-1.049058977514505386e-02,-3.022257052361965179e-02,-2.501085586845874786e-02,2.118266373872756958e-02,1.288153138011693954e-02,3.946395963430404663e-02,-1.388895045965909958e-02,1.145939109846949577e-03,1.622616313397884369e-02,-5.221788305789232254e-04,2.385568246245384216e-02,4.640843719244003296e-03,-1.191272982396185398e-03,-2.367434790357947350e-03,-1.282108575105667114e-02,1.265989895910024643e-02,1.607840694487094879e-02,3.118969313800334930e-02,2.573619782924652100e-02,-1.158531848341226578e-02,5.473643541336059570e-04,-1.269347965717315674e-02,-1.566200703382492065e-02,2.944350056350231171e-02,-1.249829219887033105e-04,-2.296915277838706970e-03,9.046622551977634430e-03,-7.421319838613271713e-03,1.386040705256164074e-03,-3.989379387348890305e-03,3.204935789108276367e-02,2.271394059062004089e-02,1.962452195584774017e-02,-1.680374890565872192e-02,-4.580398555845022202e-03,-4.495607281569391489e-04,1.939617469906806946e-02,3.287544008344411850e-03,2.320421859622001648e-03,-4.093479365110397339e-03,8.424541447311639786e-04,6.057946477085351944e-03,-3.247918933629989624e-02,-2.733463607728481293e-02,1.504412386566400528e-02,-1.783803291618824005e-02,4.412495065480470657e-03,8.677235804498195648e-03,2.480937168002128601e-02,2.253932133316993713e-02,2.599141094833612442e-03,-3.939008340239524841e-03,6.104959174990653992e-03,6.326591596007347107e-03,1.171292457729578018e-02,-4.103553481400012970e-03,-1.390238199383020401e-02,-8.885435760021209717e-03,-8.153378032147884369e-03,-2.210948988795280457e-02,1.065849326550960541e-02,1.336509175598621368e-02,1.559484656900167465e-02,1.145771238952875137e-02,2.573955571278929710e-03,1.044357754290103912e-02,1.209574472159147263e-02,1.279422175139188766e-02,2.533322945237159729e-02,-1.201515085995197296e-02,-1.524560805410146713e-02,-1.536649838089942932e-02,3.119640983641147614e-03,-7.528778165578842163e-03,3.719055093824863434e-04,-2.997071482241153717e-03,-5.217087268829345703e-02,2.012151479721069336e-02,-4.263397306203842163e-02,-4.708004649728536606e-03,-7.864584214985370636e-03,8.126513101160526276e-03,1.841561868786811829e-02,-1.656196825206279755e-02,-3.355376794934272766e-02,-1.511128526180982590e-02,2.607200480997562408e-02,-1.669629104435443878e-02,1.631179242394864559e-03,5.385493859648704529e-04,-2.220351435244083405e-02,5.742288194596767426e-03,-1.062491256743669510e-02,-9.536899626255035400e-03,4.599203541874885559e-02,9.375712834298610687e-03,-7.475049234926700592e-03,1.650824025273323059e-02,4.394865536596626043e-04,-8.489184081554412842e-03,-1.105474494397640228e-02,-1.754252240061759949e-02,-1.317704096436500549e-02,1.271362788975238800e-02,1.537992991507053375e-02,-1.687091030180454254e-02,-1.457399455830454826e-03,6.850449368357658386e-03,1.973197981715202332e-02,1.156013342551887035e-03,-2.134049311280250549e-03,-1.122936420142650604e-02,-8.207106962800025940e-03,1.133010536432266235e-02,8.951253443956375122e-02,-1.145099638961255550e-03,8.966029621660709381e-03,2.227067574858665466e-02,-2.078851102851331234e-04,-3.569621359929442406e-03,3.955798689275979996e-03,-2.080656029284000397e-02,5.920265801250934601e-03,-1.970511674880981445e-02,-1.521202735602855682e-03,-1.448164810426533222e-03,3.107887692749500275e-03,3.697227686643600464e-03,9.872706606984138489e-03,1.133010536432266235e-02,-1.720671728253364563e-02,-3.570292890071868896e-02,-8.690668269991874695e-03,-2.847637748345732689e-03,-1.998719386756420135e-02,-1.692464016377925873e-02,1.524560805410146713e-02,1.887231692671775818e-02,-1.422475650906562805e-02,-1.415759511291980743e-02,-4.838969092816114426e-03,2.842264808714389801e-02,1.884545199573040009e-02,-1.354642771184444427e-02,1.359176123514771461e-03,2.533239021431654692e-04,3.347989171743392944e-03,1.587692275643348694e-02,-2.060507610440254211e-02,1.273377612233161926e-02,1.723358035087585449e-02,8.907262817956507206e-04,2.651526778936386108e-02,-4.207653459161520004e-03,-3.304334357380867004e-03,1.812011003494262695e-02,1.739476807415485382e-02,-4.627411253750324249e-03,-1.089691533707082272e-03,1.045197248458862305e-03,1.331136282533407211e-02,-2.928231144323945045e-03,-2.468848228454589844e-02,-2.322436682879924774e-02,2.540039084851741791e-02,-2.343928255140781403e-02,-4.382272716611623764e-03,-2.214978635311126709e-02,1.585005968809127808e-02,-3.969230689108371735e-03,1.742834923788905144e-03,-4.946427419781684875e-03,-1.033611875027418137e-02,1.778430305421352386e-02,-2.517204359173774719e-02,-2.467504888772964478e-02,9.530183859169483185e-03,4.231160040944814682e-03,3.177567559760063887e-04,-1.339867245405912399e-03,1.648137532174587250e-02,-4.224863369017839432e-04,-1.265318319201469421e-02,-1.081968005746603012e-02,1.806638017296791077e-02,-5.839882214786484838e-05,-2.403030171990394592e-02,-8.683951571583747864e-03,3.750285133719444275e-02,1.594408415257930756e-02,1.719328388571739197e-02,-5.302382167428731918e-03,3.737524617463350296e-03,-3.687153570353984833e-03,-3.687153570353984833e-03,-2.709285542368888855e-02,-1.831823610700666904e-03,-9.053339250385761261e-03,-4.808746743947267532e-03,2.416462451219558716e-02,-3.005466656759381294e-03,1.192112453281879425e-02,-1.805294863879680634e-02,-1.126294489949941635e-02,1.981257461011409760e-02,5.302382167428731918e-03,2.436610870063304901e-02,1.429191790521144867e-02,-2.877860330045223236e-03,9.798828512430191040e-03,3.059867396950721741e-02,4.966575652360916138e-03,-1.091370638459920883e-02,5.520656239241361618e-03,9.463022463023662567e-03,-1.529933698475360870e-02,-1.728731021285057068e-02,-1.970511674880981445e-02,3.065240196883678436e-02,-3.996095620095729828e-03,1.001374516636133194e-02,3.054494410753250122e-02,-1.599781401455402374e-02,-1.053592422977089882e-03,1.903350278735160828e-02,-1.591722108423709869e-02,8.220539428293704987e-03,-1.043014507740736008e-02,-2.292885631322860718e-02,-4.957341006956994534e-04,-1.433221437036991119e-02,1.529933698475360870e-02,3.317766590043902397e-03,-8.193674497306346893e-03,-4.748301580548286438e-03,-2.261991426348686218e-02,2.855697087943553925e-02,3.213246818631887436e-04,-2.131698653101921082e-02,-4.033873556181788445e-04,2.180054783821105957e-02,-2.057821303606033325e-02,-1.362702157348394394e-02,5.356111098080873489e-03,-1.891261339187622070e-02,2.702569402754306793e-02,1.278582611121237278e-03,-4.462866112589836121e-03,-1.904693618416786194e-02,-2.474221028387546539e-02,-1.306958310306072235e-02,-2.970207016915082932e-03,-1.378149166703224182e-02,2.153190225362777710e-02,-3.285529091954231262e-02,-1.688434183597564697e-02,3.579695476219058037e-03,-3.272096812725067139e-02,-2.627348713576793671e-02,-2.656899765133857727e-02,6.215775385499000549e-03,-9.570480324327945709e-04,2.389597892761230469e-02,-1.587734295753762126e-04,-2.466497477144002914e-03,1.657540164887905121e-02,-1.433221437036991119e-02,1.052417047321796417e-02,3.356384346261620522e-03,-2.616602927446365356e-02,-2.257961779832839966e-02,-4.664349835366010666e-03,4.658305644989013672e-02,2.796595171093940735e-02,4.335931316018104553e-02,1.562171056866645813e-02,1.336509175598621368e-02,4.470421990845352411e-04,-8.066068403422832489e-03,-4.200937226414680481e-03,-2.617946267127990723e-02,9.142327471636235714e-04,-4.217727482318878174e-02,2.936290577054023743e-02,1.915439404547214508e-02,2.450042963027954102e-02,4.000125080347061157e-02,-4.106911364942789078e-03,6.749707274138927460e-03,2.345271408557891846e-02,7.313861977308988571e-03,-2.216321881860494614e-03,-2.145130932331085205e-02,-2.346614748239517212e-02,-1.167262811213731766e-02,6.964623462408781052e-03,2.416462451219558716e-02,-2.224381268024444580e-02,-1.550082024186849594e-02,-2.205576002597808838e-02,1.321062166243791580e-02,9.169087206828407943e-06,2.896329620853066444e-03,-1.029582228511571884e-02,2.898680232465267181e-02,-3.994752094149589539e-02,2.176025137305259705e-02,-2.208262495696544647e-02,1.418446004390716553e-02,-3.415150335058569908e-03,2.249902486801147461e-02,-3.583053592592477798e-03,-7.864584214985370636e-03,2.381538599729537964e-02,3.102011105511337519e-04,2.909761853516101837e-03,-2.682420983910560608e-02,-3.250605240464210510e-02,-2.425864897668361664e-02,-1.316360896453261375e-03,-6.360171828418970108e-03,-1.454713009297847748e-02,1.982936402782797813e-03,-2.764357812702655792e-02,3.623350290581583977e-03,-1.594408415257930756e-02,-6.010933313518762589e-03,-3.898039832711219788e-02,2.039016038179397583e-02,-2.016181312501430511e-02,-1.583662629127502441e-02,2.587052062153816223e-02,-7.562358863651752472e-03,-1.727387867867946625e-02,1.717985235154628754e-02,1.217297976836562157e-03,3.562233597040176392e-02,-1.423818897455930710e-02,1.649480685591697693e-02,9.543616324663162231e-03,1.167934481054544449e-02,-2.767044305801391602e-02,1.857680641114711761e-02,9.321983903646469116e-03,-1.434564683586359024e-02,1.119578350335359573e-02,3.253291919827461243e-02,-8.072784170508384705e-03,6.219133269041776657e-03,-1.338524091988801956e-02,3.008824773132801056e-03,-3.522608429193496704e-03,-3.051807917654514313e-02,4.912846721708774567e-03,3.051807917654514313e-02,-1.058629481121897697e-03,-8.408590219914913177e-03,2.876181388273835182e-03,2.479594014585018158e-02,-9.375712834298610687e-03,-2.092745155096054077e-02,-1.594240544363856316e-03,-1.662912964820861816e-02,-2.737493254244327545e-02,-8.690668269991874695e-03,-9.261539205908775330e-03,-2.553471364080905914e-02,1.376806013286113739e-02,-2.051105163991451263e-02,-3.661632165312767029e-02,3.771105082705616951e-03,6.632175296545028687e-03,-1.427848543971776962e-02,-1.409043371677398682e-02,-1.515158172696828842e-02,1.571573689579963684e-02,-2.472877874970436096e-02,2.280124928802251816e-03,1.869769766926765442e-02,1.069878973066806793e-02,-1.453369855880737305e-02,-2.639437839388847351e-02,-1.190097630023956299e-02,3.307020664215087891e-02,-1.830816082656383514e-02,-1.359176123514771461e-03,-9.503318928182125092e-03,3.250605240464210510e-02,-1.336509245447814465e-03,-5.245294887572526932e-03,1.336509175598621368e-02,-2.871815860271453857e-02,-1.239797007292509079e-02,6.239281967282295227e-03,2.463475242257118225e-02,-2.191136358305811882e-03,-3.554174304008483887e-02,-5.107614211738109589e-03,-1.640078239142894745e-02,-3.911472111940383911e-02,-7.669816724956035614e-03,1.555454917252063751e-02,8.274268358945846558e-03,-2.557501010596752167e-02,-4.760390520095825195e-02,-1.887231599539518356e-03,-2.435267530381679535e-02,2.506458573043346405e-02,1.370089873671531677e-02,-3.699242696166038513e-02,4.751659464091062546e-03,3.712674975395202637e-02,-8.744397200644016266e-03,2.220351435244083405e-02,-2.142444439232349396e-02,-2.682420983910560608e-02,-2.267364412546157837e-02,1.820070319809019566e-03,-7.683249190449714661e-03,-1.351284701377153397e-02,3.043748624622821808e-02,-3.075985983014106750e-02,-1.070382655598223209e-03,-2.778797410428524017e-03,1.369418203830718994e-02,2.689137123525142670e-02,2.114236727356910706e-02,-1.720671728253364563e-02,-2.891292562708258629e-03,-1.090698968619108200e-02,1.503069140017032623e-02,-2.613916620612144470e-02,-1.906036771833896637e-02,9.510035626590251923e-03,-1.586349122226238251e-02,1.770371012389659882e-02,3.527309745550155640e-02,-2.930917777121067047e-02,1.783803291618824005e-02,2.390941046178340912e-02,1.075923535972833633e-02,1.520531065762042999e-02,-1.197149627842009068e-03,-2.216321788728237152e-02,8.751112967729568481e-03,-7.582507096230983734e-03,-2.799281664192676544e-02,-2.799281664192676544e-02,-8.146661333739757538e-03,-6.937758997082710266e-03,-1.543365884572267532e-02,-3.714018035680055618e-03,-1.512471772730350494e-02,-1.450683362782001495e-02,3.524623438715934753e-02,1.799921877682209015e-02,2.349301055073738098e-02,9.174229577183723450e-03,-1.138383522629737854e-02,-4.966575652360916138e-03,7.139242719858884811e-03,-1.610527187585830688e-02,-2.493026293814182281e-02,-2.421835251152515411e-02,1.000702846795320511e-02,2.882561646401882172e-02,8.616790175437927246e-03,-1.243826653808355331e-02,-7.293713744729757309e-03,1.311659533530473709e-02,-4.623381793498992920e-02,-8.186958730220794678e-03,7.978758774697780609e-03,-3.643498755991458893e-03,9.241390042006969452e-03,1.115548610687255859e-02,7.072081323713064194e-03,7.985474541783332825e-03,1.026224158704280853e-02,5.524014122784137726e-03,-1.184724736958742142e-02,-1.927528344094753265e-02,2.373479120433330536e-02,-2.726747468113899231e-02,8.133229799568653107e-03,-8.714174618944525719e-04,-8.334713056683540344e-03,-1.578289829194545746e-02,1.008090656250715256e-02,-1.531276851892471313e-03,2.558844350278377533e-02,1.521874312311410904e-02,-4.227801691740751266e-03,-2.463139593601226807e-03,-6.749707274138927460e-03,-4.357087309472262859e-04,3.156579565256834030e-03,2.189457416534423828e-03,-1.153830531984567642e-02,-1.255915686488151550e-02,2.051776740700006485e-03,1.339867245405912399e-02,3.413471393287181854e-03,-3.728793561458587646e-02,1.719328388571739197e-02,-5.718782078474760056e-03,5.376259330660104752e-03,-1.920812204480171204e-02,2.382545964792370796e-03,-4.093479365110397339e-03,7.951893843710422516e-03,-5.644904449582099915e-03,4.867848753929138184e-02,7.669816724956035614e-03,-1.073237042874097824e-02,6.099082529544830322e-04,-2.283483184874057770e-02,-2.261655637994408607e-03,2.493361942470073700e-03,2.053791470825672150e-02,-1.532620098441839218e-02,-1.335837598890066147e-02,6.679187994450330734e-03,2.638178411871194839e-04,1.264646649360656738e-02,-2.853010594844818115e-02,2.990355482324957848e-03,-3.212995082139968872e-02,-5.262085236608982086e-03,-1.154334284365177155e-03,-2.310347510501742363e-03,-1.409043371677398682e-02,3.000765480101108551e-02,2.612573280930519104e-02,4.906969843432307243e-04,-1.826786436140537262e-02,-5.329246632754802704e-03,-5.856462288647890091e-03,7.562358863651752472e-03,-1.163233164697885513e-02,-3.317766636610031128e-02,-2.928231284022331238e-02,-1.846934854984283447e-02,3.190160263329744339e-03,2.334525622427463531e-02,-1.297555677592754364e-02,-2.785849384963512421e-02,1.162561494857072830e-02,-4.266083613038063049e-02,-7.663100492209196091e-03,1.948214024305343628e-01,-1.786489784717559814e-02,-1.893947715871036053e-03,3.524623438715934753e-02,8.327997289597988129e-03,1.989316754043102264e-02,2.767044305801391602e-02,2.025583758950233459e-02,-1.711772754788398743e-03,1.935587637126445770e-02,-4.926950484514236450e-02,6.051230244338512421e-03,-9.049981017597019672e-04,4.382272716611623764e-03,1.777087152004241943e-02,-2.255275286734104156e-02,-1.590378768742084503e-02,-3.623350290581583977e-03,-2.581679075956344604e-02,-8.381726220250129700e-03,-1.414416264742612839e-02,-2.118266373872756958e-02,-1.594408415257930756e-02,-2.052448317408561707e-02,3.011511266231536865e-02,-5.282233469188213348e-03,2.038344508036971092e-03,1.096071861684322357e-02,1.247184723615646362e-02,2.048418670892715454e-02,3.267815336585044861e-04,1.378149166703224182e-02,1.108832564204931259e-02,-1.525903958827257156e-02,9.946583770215511322e-03,-6.350097712129354477e-03,2.764357812702655792e-02,4.798672627657651901e-03,1.869769766926765442e-02,9.677938185632228851e-03,1.673658750951290131e-02,3.791253548115491867e-03,4.744943697005510330e-03,-1.272034365683794022e-02,-3.318186500109732151e-04,1.162561494857072830e-02,-3.576337592676281929e-03,-3.750536998268216848e-04,-1.701698638498783112e-03,1.071222219616174698e-02,-2.646153979003429413e-02,9.644358418881893158e-03,2.526606805622577667e-02,2.341241762042045593e-02,-6.212417036294937134e-03,-3.442015033215284348e-03,-2.278445987030863762e-03,2.158563211560249329e-02,2.387373206147458404e-05,-1.679031737148761749e-02,-1.572916842997074127e-02,1.582319475710391998e-02,-7.938461378216743469e-03,6.024365779012441635e-03,-2.992706000804901123e-02,-8.683951571583747864e-03,-2.399000525474548340e-02,1.661401824094355106e-03,-1.994689553976058960e-02,-2.468848228454589844e-02,-2.043045684695243835e-02,-3.994752094149589539e-02,-1.585845369845628738e-03,2.961811842396855354e-03,7.354158908128738403e-03,-1.496699314884608611e-05,3.946395963430404663e-02,1.145771238952875137e-02,1.103963353671133518e-03,1.849621348083019257e-02,7.945178076624870300e-03,-2.052448317408561707e-02,1.288824714720249176e-02,1.623959466814994812e-02,1.484263967722654343e-02,-1.679031737148761749e-02,1.478891074657440186e-02,1.102788001298904419e-02,-5.033737048506736755e-03,-3.044084412977099419e-03,8.079500868916511536e-03,-1.580976322293281555e-02,-2.437954023480415344e-02,1.768020330928266048e-03,8.610074408352375031e-03,1.399472937919199467e-03,9.637641720473766327e-03,3.210308402776718140e-02,-1.846934854984283447e-02,-3.175048856064677238e-03,-1.638734946027398109e-03,-2.567239338532090187e-03,3.417165204882621765e-02,1.004060916602611542e-02,5.547520704567432404e-03,-3.596485825255513191e-03,1.382178906351327896e-02,2.382881753146648407e-02,1.883201859891414642e-02,-2.450042963027954102e-02,3.605216741561889648e-02,-2.204232849180698395e-02,1.442624069750308990e-02,-1.211589295417070389e-02,5.311112850904464722e-02,-2.116923220455646515e-02,-1.253229286521673203e-02,-1.443967223167419434e-02,3.033002838492393494e-02,-1.308301463723182678e-02,-1.328449882566928864e-02,-5.396408028900623322e-03,-5.524014122784137726e-04,2.184084430336952209e-02,-1.154502201825380325e-02,2.958453726023435593e-03,-1.582319475710391998e-02,5.591175518929958344e-03,9.207809343934059143e-03,-3.658945858478546143e-02,1.817383803427219391e-02,-2.196173416450619698e-03,9.792112745344638824e-03,-1.243826653808355331e-02,9.966732002794742584e-03,4.294963087886571884e-03,-2.355681499466300011e-03,-2.450336796755436808e-05,-2.231097221374511719e-02,2.800624817609786987e-03,9.261539205908775330e-03,-6.165404338389635086e-03,3.955798689275979996e-03,1.176665443927049637e-02,2.471534535288810730e-03,-7.568235159851610661e-04,-4.093479365110397339e-03,-2.498399093747138977e-02,-1.248527970165014267e-02,-4.137134179472923279e-02,-2.149160578846931458e-02,1.152487378567457199e-02,1.934244530275464058e-03,-6.729559041559696198e-03,2.503772079944610596e-02,-9.953299537301063538e-03,-1.834845915436744690e-02,-2.893307432532310486e-02,3.153892979025840759e-02,2.879875153303146362e-02,-4.905458912253379822e-02,3.277469798922538757e-02,2.264677919447422028e-02,-2.928231284022331238e-02,-1.152487378567457199e-02,9.933151304721832275e-03,-1.712881028652191162e-01,1.175322197377681732e-02,1.127637643367052078e-02,1.425162050873041153e-02,2.190800569951534271e-02,-9.469739161431789398e-03,2.659586258232593536e-02,-2.140765427611768246e-04,-6.313159130513668060e-03,1.869769766926765442e-02,1.747536100447177887e-02,5.359468981623649597e-03,-1.252557616680860519e-02,-1.598438248038291931e-02,-2.290199138224124908e-02,2.552128210663795471e-02,-1.253900863230228424e-02,-2.174681797623634338e-02,3.849683701992034912e-02,1.818391261622309685e-03,3.151206672191619873e-02,-1.716642081737518311e-02,7.414604071527719498e-03,-2.223037928342819214e-02,1.867083273828029633e-02,1.486950460821390152e-02,-1.769699389114975929e-03,6.222491618245840073e-03,-1.440609223209321499e-03,-1.414416264742612839e-02,-7.260133046656847000e-03,8.067747112363576889e-04,1.932901330292224884e-02,-2.088715508580207825e-02,-6.959586171433329582e-04,-2.155876718461513519e-02,-1.310316286981105804e-02,-9.704803116619586945e-03,7.038500625640153885e-03,3.460148349404335022e-02,3.017219947651028633e-03,2.612573280930519104e-02,1.660226471722126007e-02,-3.007145831361413002e-03,-6.955388817004859447e-04,3.629394993185997009e-02,2.329152822494506836e-02,-3.060874762013554573e-03,3.008824773132801056e-02,-3.503131866455078125e-02,1.870441250503063202e-03,-3.981319814920425415e-02,-7.334010209888219833e-03,8.180242031812667847e-03,1.603811047971248627e-02,2.130355313420295715e-02,-1.114877033978700638e-02,-2.681413665413856506e-03,-1.242483407258987427e-02,7.609371561557054520e-03,6.910894531756639481e-03,-6.356813944876194000e-03,1.158531848341226578e-02,-7.683249190449714661e-03,2.240499854087829590e-02,-3.185123205184936523e-03,-2.420492097735404968e-02,-3.012182889506220818e-03,-2.076626382768154144e-02,2.161249518394470215e-02,-2.202889509499073029e-02,-1.947676762938499451e-02,2.329152822494506836e-02,-2.252588979899883270e-02,1.961109042167663574e-02,-7.438110187649726868e-04,5.708707962185144424e-03,6.632175296545028687e-03,2.960468642413616180e-02,6.716126576066017151e-03,-2.232440561056137085e-02,4.026989638805389404e-02,-2.801968157291412354e-02,-2.059164457023143768e-02,2.550449222326278687e-03,1.966481842100620270e-02,-3.326161764562129974e-03,-1.387551799416542053e-02,2.361390180885791779e-02,1.527247205376625061e-02,3.942366223782300949e-03,-3.710659919306635857e-03,2.162592718377709389e-03,-2.724060975015163422e-02,2.679734490811824799e-02,2.099461294710636139e-02,1.504412386566400528e-02,-1.860367134213447571e-02,1.076595112681388855e-02,-3.570292890071868896e-02,1.234424114227294922e-02,-1.090698968619108200e-02,-3.277469798922538757e-02,7.515345700085163116e-03,1.334494352340698242e-02,7.513666641898453236e-04,1.277407351881265640e-02,2.998078987002372742e-02,4.072659090161323547e-02,-1.195470523089170456e-02,1.919469051063060760e-02,-3.754314733669161797e-03,1.576946489512920380e-02,1.644107885658740997e-02,-1.516501419246196747e-02,2.431237883865833282e-02,1.202858332544565201e-02,-1.484264037571847439e-03,-1.345743890851736069e-03,-1.711269095540046692e-02,6.393752992153167725e-02,7.998907007277011871e-03,1.163904741406440735e-02,-4.281530622392892838e-03,-1.490980107337236404e-02,-3.199562802910804749e-02,-9.972105175256729126e-02,-1.328449882566928864e-02,3.535369038581848145e-02,1.791862584650516510e-02,-2.149160485714673996e-03,2.202889509499073029e-02,3.942366223782300949e-03,-2.122296020388603210e-03,-7.495197467505931854e-03,1.693807169795036316e-02,-1.230394374579191208e-02,-1.263303402811288834e-02,-1.614556834101676941e-02,5.446778610348701477e-03,1.173307374119758606e-02,-1.692464016377925873e-02,3.656091575976461172e-04,-2.648840472102165222e-02,-1.249199546873569489e-02,1.884545199573040009e-02,3.057516645640134811e-03,7.945178076624870300e-03,8.267551660537719727e-03,-4.311753436923027039e-02,-1.106481882743537426e-03,-6.346739828586578369e-03,-3.924904391169548035e-02,1.157188601791858673e-02,2.580335922539234161e-02,1.290167961269617081e-02,-6.689262110739946365e-03,2.452729456126689911e-02,-7.286997511982917786e-03,-8.348145522177219391e-03,-8.099649101495742798e-03,-3.102850541472434998e-02,-2.717344835400581360e-02,3.529324661940336227e-03,2.564217150211334229e-02,-1.632018759846687317e-02,3.794611664488911629e-03,-2.095431555062532425e-03,4.472940228879451752e-03,-2.049761824309825897e-02,2.879875153303146362e-02,-4.311753436923027039e-03,5.956364911980926991e-04,1.764998026192188263e-02,1.531276851892471313e-02,7.575790863484144211e-03,-1.605154201388359070e-02,5.228504538536071777e-03,-2.906739711761474609e-02,-6.252713967114686966e-03,1.115548610687255859e-02,-9.939868003129959106e-03,-3.720734268426895142e-03,2.861070074141025543e-02,-1.369418203830718994e-02,1.513814926147460938e-02,3.744240617379546165e-03,1.362030487507581711e-02,1.184724736958742142e-02,-5.607965867966413498e-03,1.562171056866645813e-02,1.548738870769739151e-02,-5.104256328195333481e-03,-2.362733334302902222e-02,1.310987956821918488e-02,-1.912752911448478699e-02,7.857868447899818420e-03,4.872549790889024734e-03,-1.696493662893772125e-02,4.435330256819725037e-02,-2.413775958120822906e-02,-1.755595579743385315e-02,-7.703397423028945923e-03,-1.617243327200412750e-02,1.182038336992263794e-02,-5.085451155900955200e-02,-5.910191684961318970e-03,-1.700523309409618378e-02,3.116282820701599121e-02,-3.634767606854438782e-02,3.441343456506729126e-02,-1.112862210720777512e-02,6.470988038927316666e-03,-1.284123398363590240e-02,1.727387867867946625e-02,-3.583053592592477798e-03,1.392924692481756210e-02,1.946333609521389008e-02,6.051230244338512421e-03,-3.113596327602863312e-02,8.134908275678753853e-04,-3.013861831277608871e-03,-8.932448690757155418e-04,1.962787937372922897e-03,-2.276767045259475708e-02,7.031784858554601669e-03,-3.222061786800622940e-03,-1.911409758031368256e-02,-5.786614865064620972e-02,2.545412071049213409e-02,-8.274478022940456867e-05,-1.141741592437028885e-02,1.147114485502243042e-02,-2.447356656193733215e-02,1.985287107527256012e-02,4.096837365068495274e-04,-2.858551451936364174e-04,7.031784858554601669e-03,-2.585708722472190857e-02,3.323139622807502747e-02,-4.748301580548286438e-03,-2.411089465022087097e-02,-9.281687438488006592e-03,-5.325888283550739288e-03,-5.796856712549924850e-04,-5.611323751509189606e-03,6.971339695155620575e-03,1.357329171150922775e-02,-2.728426596149802208e-03,1.482920814305543900e-02,6.991487927734851837e-03,-4.949785303324460983e-03,-1.633362099528312683e-02,9.590628556907176971e-03,1.149800885468721390e-02,1.889917999505996704e-02,-1.607840694487094879e-02,-2.237813360989093781e-02,-1.262631826102733612e-02,-3.331198915839195251e-02,3.411792451515793800e-03,8.737680502235889435e-03,-4.929637070745229721e-03,-3.215681388974189758e-02,1.412905170582234859e-03,6.917610764503479004e-03,1.625302620232105255e-02,2.419148944318294525e-02,-2.621975913643836975e-02,-2.343928255140781403e-02,1.821413636207580566e-02,3.326161764562129974e-03,-3.055837703868746758e-03,-3.025615122169256210e-03,-1.193455699831247330e-02,1.764998026192188263e-02,2.447356656193733215e-02,-1.348598208278417587e-02,2.623319067060947418e-02,3.825505822896957397e-02,-2.718352247029542923e-03,-7.710113655775785446e-03,1.339195668697357178e-02,-6.749707274138927460e-03,2.936290577054023743e-02,-1.131667383015155792e-02,-1.602425909368321300e-04,-4.043108224868774414e-02,2.069910243153572083e-02,-9.321983903646469116e-03,-6.266146432608366013e-03,3.542756894603371620e-03,2.394970878958702087e-02,-1.419789157807826996e-02,-1.961109042167663574e-02,-8.798125782050192356e-04,1.278750505298376083e-02,-5.665052682161331177e-03,-9.946583770215511322e-03,-6.366888061165809631e-03,1.957079395651817322e-02,1.400984078645706177e-02,3.131394041702151299e-03,-5.772511009126901627e-03,-2.298258617520332336e-02,-2.389597892761230469e-02,-1.594408415257930756e-02,-1.794884912669658661e-03,1.465458888560533524e-02,-7.736978121101856232e-03,-3.320452943444252014e-02,1.519187912344932556e-02,1.815033261664211750e-03,-2.593768201768398285e-02,-3.102850634604692459e-03,6.931042764335870743e-03,5.352753214538097382e-03,-6.565013900399208069e-04,-3.942366223782300949e-03,2.137071453034877777e-02,-4.275234532542526722e-04,1.268508494831621647e-03,6.816868670284748077e-03,2.049761824309825897e-02,-1.781116798520088196e-02,1.957079395651817322e-02,2.083342522382736206e-02,5.712065845727920532e-03,-2.490339800715446472e-02,8.079500868916511536e-03,-9.704803116619586945e-03,-1.000031270086765289e-02,-1.198828592896461487e-02,3.539398778229951859e-03,-1.409043371677398682e-02,-5.555580183863639832e-02,-1.025552581995725632e-02,1.670972257852554321e-02,-8.818274363875389099e-03,-8.737680502235889435e-03,1.594408415257930756e-02,-6.502050091512501240e-04,2.115579880774021149e-02,1.189426053315401077e-02,-2.646573702804744244e-04,1.434564683586359024e-02,-1.205544732511043549e-02,3.269410505890846252e-02,8.878719992935657501e-03,1.151144132018089294e-02,-5.864017875865101814e-04,-3.072628052905201912e-03,1.242483407258987427e-02,-9.919718839228153229e-03,-1.135697029531002045e-02,-1.061148010194301605e-02,-1.309644710272550583e-02,8.314564824104309082e-03,1.104802824556827545e-02,1.235095690935850143e-02,-2.534666284918785095e-02,-1.305615063756704330e-02,2.352323383092880249e-03,9.798828512430191040e-03,2.923194086179137230e-03,3.382241353392601013e-02,-2.602499211207032204e-03,5.380960926413536072e-02,7.898164913058280945e-03,-2.107520587742328644e-02,2.948379609733819962e-03,1.830816082656383514e-02,3.849683701992034912e-02,-1.774400658905506134e-02,1.210917625576257706e-02,-2.674361690878868103e-02,-2.734806761145591736e-02,3.769090399146080017e-02,-8.739359909668564796e-04,2.170652151107788086e-02,7.192971650511026382e-03,-3.487012907862663269e-02,1.202186662703752518e-02,1.731417514383792877e-02,1.654853671789169312e-02,-1.480234321206808090e-02,1.111518940888345242e-03,3.092104755342006683e-02,4.113627597689628601e-03,-1.575603336095809937e-02,-1.422475650906562805e-02,-2.529293298721313477e-02,-9.100351482629776001e-03,3.153892979025840759e-02,-2.909426018595695496e-02,7.696681190282106400e-03,-2.775103598833084106e-02,6.523038027808070183e-04,5.829597823321819305e-03,-1.162561494857072830e-02,-3.360749781131744385e-02,1.738133653998374939e-02,-2.480937168002128601e-02,-1.961109042167663574e-02,-1.953049749135971069e-02,-3.777821315452456474e-03,4.973291885107755661e-03,-9.127216413617134094e-03,2.115579880774021149e-02,-1.255244109779596329e-02,-8.831706829369068146e-03,2.423178590834140778e-02,7.280281279236078262e-03,-1.739476807415485382e-02,2.909426018595695496e-02,-1.832159422338008881e-02
8.386183530092239380e-03,-1.676906249485909939e-03,-3.214373067021369934e-02,-1.522597763687372208e-02,-1.334916520863771439e-02,3.224946931004524231e-02,-3.824998438358306885e-02,-1.055377069860696793e-02,1.332933921366930008e-02,-1.070576603524386883e-03,-9.621972218155860901e-03,6.238421425223350525e-03,1.531849708408117294e-02,2.032773755490779877e-02,1.298569701611995697e-02,-8.115234784781932831e-03,1.259579602628946304e-02,1.724817790091037750e-02,1.888378174044191837e-03,-2.857514284551143646e-02,-9.007382206618785858e-03,-6.221900228410959244e-03,1.266848947852849960e-02,-1.067933160811662674e-02,-1.582074351608753204e-02,-6.747276056557893753e-03,1.353420317173004150e-02,-2.003696374595165253e-02,5.478444509208202362e-03,2.056894823908805847e-03,-4.569775890558958054e-03,-2.003696374595165253e-02,-4.041757062077522278e-02,1.397697255015373230e-03,-2.934172935783863068e-02,1.897960528731346130e-02,3.912230487912893295e-03,1.448087044991552830e-03,9.555887430906295776e-03,3.908926155418157578e-03,1.508059073239564896e-02,1.054716203361749649e-02,9.370849467813968658e-03,-3.773452015593647957e-03,-1.142609212547540665e-02,-1.848727115429937840e-03,-1.301047974266111851e-03,5.019153933972120285e-03,-4.068190976977348328e-02,1.597934588789939880e-02,-1.468408107757568359e-02,8.670348674058914185e-03,-5.798956379294395447e-03,8.584437891840934753e-03,-2.642077207565307617e-02,-5.808869376778602600e-03,1.482781604863703251e-03,-1.241736672818660736e-02,6.967834196984767914e-04,-1.314430125057697296e-02,2.803655108436942101e-03,4.345086868852376938e-03,8.789301849901676178e-03,2.482316922396421432e-04,-2.092250250279903412e-02,-1.623046956956386566e-02,7.877329364418983459e-03,-8.762867189943790436e-03,-2.086963504552841187e-02,-2.241932787001132965e-03,5.220713093876838684e-02,2.098858729004859924e-02,-2.281583845615386963e-03,-4.870462696999311447e-03,6.833186373114585876e-03,-3.518364205956459045e-02,-5.699829125660471618e-05,-1.482946798205375671e-02,-1.358707062900066376e-02,9.086684323847293854e-03,5.336361471563577652e-03,-1.912499219179153442e-02,-2.028808742761611938e-02,-3.984923940151929855e-03,4.345747828483581543e-02,2.273323014378547668e-03,4.259176552295684814e-03,2.472899667918682098e-02,2.623573411256074905e-03,-1.120140310376882553e-02,2.868087962269783020e-02,3.949237987399101257e-02,-1.775042340159416199e-02,7.145437994040548801e-04,-8.485310710966587067e-03,9.441890870220959187e-04,-9.522845037281513214e-03,2.688336744904518127e-02,-5.088543053716421127e-03,-1.496163848787546158e-02,-2.459682710468769073e-02,-5.851824302226305008e-03,-1.299891434609889984e-02,-6.912488490343093872e-03,-4.419763013720512390e-02,-3.772130236029624939e-02,8.776084519922733307e-03,-5.296710878610610962e-03,3.700758516788482666e-02,-2.767638675868511200e-02,-9.621972218155860901e-03,4.144849628210067749e-02,1.562909688800573349e-03,-4.681459441781044006e-02,6.879445631057024002e-03,-2.705518901348114014e-02,7.388300262391567230e-03,-1.864917948842048645e-02,-3.538850462064146996e-03,-1.042820885777473450e-02,-6.400329992175102234e-03,9.000773541629314423e-03,1.788259483873844147e-02,5.739479791373014450e-03,8.570394857088103890e-05,-6.258246954530477524e-03,2.301409142091870308e-03,-1.745964959263801575e-02,-6.853011902421712875e-03,-4.338478669524192810e-03,-6.354070268571376801e-03,1.149878557771444321e-02,1.632298901677131653e-02,1.380349858663976192e-03,-1.087097823619842529e-02,7.394908461719751358e-03,4.113789647817611694e-03,7.229696027934551239e-03,-5.336361471563577652e-03,-2.275966480374336243e-02,1.715565845370292664e-02,1.336238160729408264e-02,-1.136661600321531296e-02,6.010428536683320999e-03,1.929681189358234406e-02,2.000722568482160568e-03,8.154885843396186829e-03,2.094893716275691986e-02,-2.610356546938419342e-02,-8.974339812994003296e-03,-1.153182797133922577e-02,-2.557488530874252319e-02,1.776364073157310486e-02,-1.026960462331771851e-02,3.367029363289475441e-03,-8.716608397662639618e-03,-2.258784510195255280e-02,3.481356427073478699e-02,-2.398884622380137444e-03,-2.640094840899109840e-03,4.206308629363775253e-03,3.034622035920619965e-02,4.004749283194541931e-02,-2.213846705853939056e-02,1.656089536845684052e-02,2.659259364008903503e-02,1.504094060510396957e-02,-2.671485068276524544e-03,-1.741999946534633636e-02,-2.722700871527194977e-02,1.273457426577806473e-02,5.220713093876838684e-03,-3.790634125471115112e-02,2.088285237550735474e-02,-1.192172896116971970e-02,2.338086441159248352e-02,1.542423292994499207e-02,-3.994836471974849701e-03,-2.330156229436397552e-02,2.256141044199466705e-02,-2.529732882976531982e-02,8.055758662521839142e-03,2.630182076245546341e-03,4.052330553531646729e-02,-2.289183437824249268e-02,-1.856987737119197845e-02,2.683049999177455902e-02,8.042541332542896271e-03,1.964045502245426178e-02,2.767308382317423820e-03,1.613795012235641479e-02,2.123971097171306610e-02,-2.221776917576789856e-02,-1.583561184816062450e-03,-6.492187976837158203e-01,-1.313438871875405312e-03,-3.143992740660905838e-03,-2.693623490631580353e-02,-8.954513818025588989e-03,3.243450447916984558e-02,4.295523278415203094e-03,1.233806461095809937e-02,-2.398884482681751251e-02,-5.699829198420047760e-03,-1.895317062735557556e-02,1.880778372287750244e-02,1.490877009928226471e-02,-5.300014745444059372e-03,-1.280065998435020447e-02,-2.094893716275691986e-02,4.245959687978029251e-03,-1.534823561087250710e-03,-3.446331480517983437e-03,-1.001187320798635483e-02,-1.590004563331604004e-02,-3.173730801790952682e-03,1.113531831651926041e-02,5.342970136553049088e-03,1.661376282572746277e-02,2.765656216070055962e-03,2.275966480374336243e-02,-1.233806461095809937e-02,-7.824460975825786591e-03,5.785739514976739883e-03,-2.455717697739601135e-02,1.089741196483373642e-02,-1.351437717676162720e-02,2.240280620753765106e-02,2.669833041727542877e-02,-1.147235184907913208e-02,-2.987040765583515167e-02,2.094893716275691986e-02,2.240280620753765106e-02,4.707893729209899902e-02,4.576384555548429489e-03,-2.646042406558990479e-02,7.624553982168436050e-04,2.438535448163747787e-03,-5.233103875070810318e-04,1.383819337934255600e-02,3.936021029949188232e-02,2.342712366953492165e-03,8.062367327511310577e-03,-1.710279099643230438e-02,8.406008593738079071e-03,-4.401259124279022217e-02,-6.591976154595613480e-03,9.688057005405426025e-03,-9.800401516258716583e-03,1.989157684147357941e-02,5.424254760146141052e-02,-8.168103173375129700e-03,5.385925527662038803e-03,-2.199390582973137498e-04,1.073219999670982361e-02,2.061851136386394501e-02,-1.796189509332180023e-02,-2.640755660831928253e-02,-2.878661453723907471e-02,4.214982327539473772e-04,-1.328307949006557465e-02,7.044658064842224121e-03,9.734316729009151459e-03,5.807217094115912914e-04,5.637048278003931046e-03,9.608754888176918030e-03,-6.350765936076641083e-03,3.044865094125270844e-03,-4.768030717968940735e-03,1.785946427844464779e-03,2.365842089056968689e-02,4.599514417350292206e-03,-9.714491665363311768e-03,8.412617258727550507e-03,4.658990539610385895e-03,-2.727657323703169823e-03,-2.802002988755702972e-02,-1.699705608189105988e-02,3.135071322321891785e-02,-2.647364139556884766e-02,-1.040838379412889481e-02,1.286013610661029816e-02,1.403644867241382599e-02,-3.519024932757019997e-03,-6.145902443677186966e-03,1.211998425424098969e-02,4.704424063675105572e-04,-3.618152346462011337e-03,1.521276123821735382e-02,6.324332207441329956e-03,1.169043220579624176e-02,1.749930158257484436e-02,1.707635819911956787e-02,-2.751778252422809601e-02,-7.110743317753076553e-03,-3.700758516788482666e-02,-2.689658431336283684e-03,-1.046125125139951706e-02,1.480303425341844559e-02,6.549020763486623764e-03,-1.929681189358234406e-02,-9.020598954521119595e-04,2.780855633318424225e-02,-2.791429311037063599e-02,1.716887578368186951e-02,2.075068280100822449e-02,9.351023472845554352e-03,4.027879331260919571e-03,-5.372708197683095932e-03,-3.182652220129966736e-02,1.028943061828613281e-02,1.323351636528968811e-03,2.000722568482160568e-03,-3.044865094125270844e-03,8.458876982331275940e-03,-3.885796526446938515e-03,1.658319815760478377e-04,-2.159656956791877747e-02,2.362537896260619164e-03,4.599514231085777283e-02,-8.432442322373390198e-03,-6.932314019650220871e-03,-2.188734337687492371e-02,-8.268882520496845245e-04,-1.287996117025613785e-02,1.235789060592651367e-02,4.131632670760154724e-02,-4.229438491165637970e-03,2.184769324958324432e-02,9.621972218155860901e-03,2.817863225936889648e-02,-1.100314781069755554e-02,2.277288213372230530e-02,-1.819980144500732422e-02,-7.447776384651660919e-03,7.566729327663779259e-04,-1.989157637581229210e-03,-1.146574318408966064e-02,4.929939284920692444e-03,-4.808342829346656799e-02,-2.389632724225521088e-02,-2.195342816412448883e-02,-5.503556504845619202e-02,8.049149997532367706e-03,1.345490105450153351e-02,-3.209086507558822632e-02,-2.754421718418598175e-02,-2.199308015406131744e-02,-1.730104535818099976e-02,5.960864480584859848e-03,8.260621689260005951e-03,-1.151861064136028290e-02,-6.546542863361537457e-04,-3.061386523768305779e-03,3.079559840261936188e-02,-1.081810984760522842e-02,-2.024843543767929077e-02,-2.462326176464557648e-02,1.718209311366081238e-02,-1.174329966306686401e-02,5.511486902832984924e-03,-4.860549699515104294e-03,1.044968608766794205e-03,-3.417914733290672302e-02,1.987835951149463654e-02,1.597934588789939880e-02,-9.113118052482604980e-03,3.817068040370941162e-02,1.287996117025613785e-02,5.823738320032134652e-05,1.716557191684842110e-03,-2.101502195000648499e-02,-2.812576480209827423e-02,2.431927062571048737e-02,1.204068213701248169e-02,1.145913451910018921e-02,-3.909587115049362183e-02,1.158965285867452621e-03,2.240280620753765106e-02,-1.128070522099733353e-02,-6.426763720810413361e-03,2.960606850683689117e-02,4.705250263214111328e-03,-9.681448573246598244e-04,1.644194126129150391e-02,-3.819711506366729736e-03,1.989157684147357941e-02,1.782972551882266998e-02,-2.949042012915015221e-03,5.359491333365440369e-03,2.071103081107139587e-02,-1.837162300944328308e-03,-1.762816682457923889e-03,2.615643292665481567e-02,2.328834496438503265e-02,1.326655852608382702e-03,3.111280500888824463e-02,-9.859878569841384888e-03,1.564892195165157318e-02,-2.474221400916576385e-02,4.877070896327495575e-03,-1.590004563331604004e-02,2.552201785147190094e-02,-2.780855633318424225e-02,-3.552067326381802559e-03,-1.067272294312715530e-02,-1.698383875191211700e-02,7.355257868766784668e-03,1.407609973102807999e-02,5.038318410515785217e-02,-2.290505170822143555e-02,-1.374567509628832340e-03,-2.783829404506832361e-04,-8.842169307172298431e-03,3.494573384523391724e-02,3.320769872516393661e-03,-2.623573411256074905e-03,-3.968402743339538574e-03,-4.425049945712089539e-02,5.825390573590993881e-03,2.001053094863891602e-02,1.193494629114866257e-02,1.371924113482236862e-02,-3.425845131278038025e-02,-7.698899600654840469e-03,-2.372450660914182663e-03,-1.864917948842048645e-02,1.821301877498626709e-02,9.661623276770114899e-03,8.214361965656280518e-03,9.635189548134803772e-03,-1.152521930634975433e-02,-1.013082638382911682e-02,3.859362564980983734e-03,5.650265142321586609e-03,3.036604495719075203e-03,1.018369477242231369e-02,-1.612473465502262115e-02,4.837420303374528885e-03,4.810986109077930450e-03,2.126614563167095184e-02,8.729824796319007874e-03,-1.583395898342132568e-02,-1.040177512913942337e-02,2.428622916340827942e-03,-2.560792723670601845e-03,-3.378263860940933228e-02,-1.512024179100990295e-02,9.760750457644462585e-03,-1.328307949006557465e-02,2.264071255922317505e-02,1.362672168761491776e-02,1.379854232072830200e-02,2.314295805990695953e-02,4.619339480996131897e-03,8.941297419369220734e-03,2.602426335215568542e-02,1.993122883141040802e-02,1.430078875273466110e-02,-1.730104535818099976e-02,-1.199442241340875626e-02,-1.040838379412889481e-02,-1.123444549739360809e-02,-1.003169920295476913e-02,1.427435409277677536e-02,1.168382354080677032e-02,2.279931679368019104e-02,6.839795038104057312e-03,-7.844286039471626282e-03,2.730631083250045776e-02,3.869275329634547234e-03,1.895812747534364462e-04,1.903247274458408356e-02,4.701945930719375610e-03,-1.082141418009996414e-03,-2.323547750711441040e-02,-3.773452015593647957e-03,7.211522897705435753e-04,-3.945272881537675858e-03,-1.348133478313684464e-02,-4.020609706640243530e-02,3.363725263625383377e-03,-3.195869177579879761e-02,5.085238721221685410e-03,-2.080024452880024910e-03,1.250988524407148361e-02,-5.409054923802614212e-03,-1.974618993699550629e-02,-2.515194192528724670e-02,-3.538850462064146996e-03,2.807289734482765198e-02,-3.946594521403312683e-02,8.531570434570312500e-03,-1.928359642624855042e-02,-2.586565911769866943e-02,-2.018235065042972565e-02,-2.680571633391082287e-04,-1.597934588789939880e-02,4.863854125142097473e-02,-1.702348887920379639e-02,2.089937217533588409e-03,1.346150971949100494e-02,6.235117558389902115e-03,-1.506737433373928070e-02,-1.272796560078859329e-02,5.587484687566757202e-03,2.174195600673556328e-03,4.285610746592283249e-03,1.177634205669164658e-02,-1.075863372534513474e-02,-1.997087895870208740e-02,-1.722174510359764099e-02,1.137322373688220978e-02,2.818524139001965523e-03,-1.363993901759386063e-02,-3.571232035756111145e-02,4.616035614162683487e-03,1.813371665775775909e-02,8.548752218484878540e-02,-3.899013390764594078e-03,-6.038514547981321812e-04,3.148288279771804810e-02,1.232484728097915649e-02,8.254013024270534515e-03,-1.698383875191211700e-02,-2.408136427402496338e-02,-2.121327677741646767e-03,-6.747276056557893753e-03,-4.477256909012794495e-03,-5.339665804058313370e-03,-5.703133065253496170e-03,-9.846661239862442017e-03,8.551395498216152191e-03,6.631627213209867477e-03,-4.193091765046119690e-03,-2.468934655189514160e-02,-1.383819337934255600e-02,1.022664946503937244e-03,-1.896638795733451843e-02,-2.224420197308063507e-02,-5.131498444825410843e-03,2.462326176464557648e-02,-2.146109472960233688e-03,-1.637585647404193878e-02,3.246424254029989243e-03,2.807289734482765198e-02,1.082471851259469986e-02,-8.822344243526458740e-03,1.159130409359931946e-02,5.590789020061492920e-03,2.483473345637321472e-02,7.764984387904405594e-03,-7.857503369450569153e-03,9.978830814361572266e-03,1.656089536845684052e-02,3.084846585988998413e-02,2.192699536681175232e-02,-1.158965285867452621e-03,1.217946037650108337e-02,7.484123343601822853e-04,1.822623610496520996e-02,-2.746491506695747375e-02,8.128452114760875702e-03,-5.633743945509195328e-03,2.474221400916576385e-02,1.576787419617176056e-02,-1.775042340159416199e-02,-2.012948319315910339e-02,4.509638622403144836e-02,-3.034622035920619965e-02,-2.204594761133193970e-02,-2.652650885283946991e-02,1.539779920130968094e-02,-5.531312432140111923e-03,-6.459806114435195923e-03,2.015591831877827644e-03,-1.916464301757514477e-03,1.817336864769458771e-02,-7.064483594149351120e-03,-2.274644747376441956e-02,1.237771566957235336e-02,-1.346150971949100494e-02,-1.833197101950645447e-02,-1.790902763605117798e-02,1.195477228611707687e-02,1.693097129464149475e-02,-1.616438478231430054e-02,-3.727192524820566177e-03,-1.027621328830718994e-03,-8.630697615444660187e-03,-2.232350409030914307e-02,-9.853269904851913452e-03,2.942103147506713867e-02,1.350115984678268433e-02,2.603748068213462830e-02,3.376942127943038940e-03,-6.819969508796930313e-03,-2.205586060881614685e-03,-4.103877115994691849e-03,-1.419505290687084198e-02,-9.370849467813968658e-03,-5.274406867101788521e-04,-1.909855753183364868e-02,3.700758516788482666e-02,-8.432442322373390198e-03,-1.436687353998422623e-02,-4.774639382958412170e-03,-5.561050493270158768e-03,9.099900722503662109e-03,1.592647843062877655e-02,1.667984761297702789e-02,-4.099333600606769323e-04,3.148949006572365761e-03,-2.319582505151629448e-03,9.218853898346424103e-03,2.346016652882099152e-02,1.107955904444679618e-04,-1.332933921366930008e-02,2.393928123638033867e-03,-2.349981665611267090e-02,5.610614549368619919e-03,-1.630977168679237366e-02,2.677763067185878754e-02,-1.371924113482236862e-02,4.249264020472764969e-03,2.386989258229732513e-02,4.658990539610385895e-03,7.639423012733459473e-03,1.901595154777169228e-03,-2.256141044199466705e-02,-3.061055950820446014e-02,-1.393071282655000687e-02,-3.349186480045318604e-02,1.087758690118789673e-02,-6.466414779424667358e-03,1.527884602546691895e-02,-4.533429164439439774e-03,-2.220042078988626599e-04,-9.496410377323627472e-03,-1.790902763605117798e-02,2.529732882976531982e-02,-1.410253345966339111e-02,-2.554845064878463745e-02,-7.388300262391567230e-03,5.845216102898120880e-03,-1.286674477159976959e-02,1.924724900163710117e-03,-6.767101585865020752e-03,-1.029603928327560425e-02,1.582074351608753204e-02,-6.575455190613865852e-04,-1.177634205669164658e-02,-1.319056097418069839e-02,-2.846940606832504272e-02,-1.098332274705171585e-02,4.354999866336584091e-03,3.875883761793375015e-03,9.179202839732170105e-03,-2.474221400916576385e-02,-8.947905153036117554e-03,-4.497082438319921494e-03,-2.657937631011009216e-02,-1.968010514974594116e-02,-2.947389893233776093e-02,-6.119468715041875839e-03,-1.317734364420175552e-02,9.773967787623405457e-03,1.882100105285644531e-02,-2.585244178771972656e-02,2.026165276765823364e-02,-2.127936109900474548e-02,2.887913491576910019e-03,-5.894779693335294724e-03,-3.148288279771804810e-02,-2.001053094863891602e-02,-1.616603694856166840e-03,7.057875394821166992e-02,3.042552247643470764e-02,3.243450447916984558e-02,4.179874435067176819e-03,2.836367115378379822e-02,9.232071228325366974e-03,1.178955938667058945e-02,-2.240280620753765106e-02,1.317073497921228409e-02,-3.492590971291065216e-03,-4.128989204764366150e-02,2.642077207565307617e-02,2.868087962269783020e-02,2.392276003956794739e-02,2.270679734647274017e-02,7.289172615855932236e-03,-5.214104428887367249e-03,2.377737313508987427e-02,-7.434559520334005356e-03,-1.071898266673088074e-02,-3.737766295671463013e-02,-2.429283596575260162e-02,-1.240414939820766449e-02,1.052733603864908218e-02,2.398884482681751251e-02,-8.102017454802989960e-03,-8.049149997532367706e-03,-2.040703967213630676e-02,2.318260818719863892e-02,-1.018369477242231369e-02,2.122649364173412323e-02,-1.142609212547540665e-02,2.915669046342372894e-02,-4.763405025005340576e-02,1.785616017878055573e-02,-1.371924113482236862e-02,2.385667525231838226e-02,2.281583845615386963e-03,2.105467207729816437e-02,-6.400329992175102234e-03,7.031441200524568558e-03,2.804646268486976624e-02,9.344415739178657532e-03,6.740667391568422318e-03,-1.512024179100990295e-02,-4.033826664090156555e-02,-6.182249169796705246e-03,4.844028502702713013e-03,2.904434688389301300e-03,8.326706476509571075e-03,1.269492320716381073e-02,-2.242924086749553680e-02,4.206721787340939045e-04,-1.812049932777881622e-02,-9.139551781117916107e-03,-3.357116878032684326e-02,8.095409721136093140e-03,-2.076389826834201813e-02,-4.758118186146020889e-03,2.106788940727710724e-02,-4.982807207852602005e-03,-2.495368570089340210e-02,7.454385049641132355e-03,8.518353104591369629e-03,4.742257669568061829e-02,-2.035417221486568451e-02,1.241736672818660736e-02,-2.633486175909638405e-03,4.245959571562707424e-04,-2.772925607860088348e-02,3.198512643575668335e-02,6.225204560905694962e-03,-6.152511108666658401e-03,2.065155422315001488e-03,3.010831400752067566e-02,-5.019153933972120285e-03,1.763147115707397461e-02,4.903505090624094009e-03,1.936289668083190918e-02,-4.953068681061267853e-03,-2.268036268651485443e-02,1.919107697904109955e-02,1.956115290522575378e-02,5.032370798289775848e-03,-1.617760211229324341e-02,-2.040703967213630676e-02,1.878134906291961670e-02,-2.983736572787165642e-03,-1.952150091528892517e-02,-2.361876890063285828e-02,-1.264205574989318848e-02,3.568588523194193840e-03,-1.498807221651077271e-02,-1.534493081271648407e-02,-2.490081824362277985e-02,1.970653980970382690e-02,-1.301047974266111851e-03,-3.951881453394889832e-02,9.615363553166389465e-03,-7.897154428064823151e-03,-2.031452022492885590e-02,1.034890674054622650e-02,-1.391749549657106400e-02,1.412896718829870224e-02,-9.463367983698844910e-03,-4.962981678545475006e-03,2.786142565310001373e-02,9.509627707302570343e-03,9.403891861438751221e-03,-1.361350435763597488e-02,2.426970750093460083e-03,3.446992114186286926e-02,-1.394392922520637512e-02,6.499457173049449921e-03,-1.777685806155204773e-02,2.475543133914470673e-02,1.624368689954280853e-02,2.352212031837552786e-04,4.136919509619474411e-03,-2.574670687317848206e-02,1.168051967397332191e-03,-1.012752181850373745e-03,-2.597139449790120125e-03,-1.021673716604709625e-02,-2.249532565474510193e-02,2.714440226554870605e-03,-1.698383875191211700e-02,-3.211729601025581360e-02,1.108905859291553497e-02,2.505942247807979584e-02,2.418710105121135712e-02,-2.846940606832504272e-02,-3.217016533017158508e-02,-1.377210859209299088e-02,-2.250854298472404480e-02,2.833723649382591248e-02,2.036738954484462738e-02,-5.253755487501621246e-03,4.467344377189874649e-03,3.988889232277870178e-02,-1.044803485274314880e-02,5.303319194354116917e-04,-1.751251891255378723e-02,-9.225462563335895538e-03,-2.026165276765823364e-02,-2.170891501009464264e-03,-3.829624271020293236e-03,8.227579295635223389e-03,1.137322373688220978e-02,-3.462852537631988525e-02,-3.301605209708213806e-02,8.066497393883764744e-04,1.475016586482524872e-02,1.266188081353902817e-02,1.858309470117092133e-02,-1.300552301108837128e-02,8.769475854933261871e-03,-2.812576480209827423e-02,9.569103829562664032e-03,-1.307821646332740784e-02,-1.574144139885902405e-02,1.615116745233535767e-02,-1.743321679532527924e-02,9.218853898346424103e-03,4.017966613173484802e-02,-2.507263980805873871e-02,8.465485647320747375e-03,2.209881506860256195e-02,-4.117093980312347412e-03,1.726139523088932037e-02,-9.767359122633934021e-03,-1.813371665775775909e-02,8.776084519922733307e-03,-1.265527214854955673e-02,-2.923599258065223694e-02,-2.125292830169200897e-02,-1.354741957038640976e-02,3.262945683673024178e-03,-1.769755594432353973e-02,1.121462043374776840e-02,-1.282709371298551559e-02,-1.982549205422401428e-02,2.133223041892051697e-02,1.438009086996316910e-02,2.973823808133602142e-02,1.813371665775775909e-02,-7.837678305804729462e-03,6.066600792109966278e-03,-2.851566532626748085e-03,-1.744643412530422211e-02,-3.172078728675842285e-02,-2.343373186886310577e-02,9.522845037281513214e-03,2.048634178936481476e-02,-3.948577214032411575e-03,-1.909855753183364868e-02,1.252971123903989792e-02,2.020878531038761139e-02,-4.541359469294548035e-02,1.104445080272853374e-03,1.970653980970382690e-02,-5.765913985669612885e-03,2.309009060263633728e-02,6.033557932823896408e-03,2.591852657496929169e-02,2.085641771554946899e-02,6.023645401000976562e-03,-1.077185105532407761e-02,-8.617480285465717316e-03,-3.502503782510757446e-02,1.059342175722122192e-02,-3.306892141699790955e-02,-2.106458647176623344e-03,-2.848262432962656021e-03,-8.505135774612426758e-03,-1.378532592207193375e-02,1.012752181850373745e-03,-2.122649364173412323e-02,5.752697121351957321e-03,1.652124337852001190e-02,-6.763797253370285034e-03,-1.084454450756311417e-02,4.080747254192829132e-03,1.339542400091886520e-02,5.038979463279247284e-03,7.137177046388387680e-03,-7.540295366197824478e-03,-2.675119787454605103e-02,1.766120898537337780e-03,8.518353104591369629e-03,8.154885843396186829e-03,-2.778212353587150574e-02,6.449893582612276077e-03,1.044142618775367737e-02,9.028859785757958889e-04,-2.261427789926528931e-02,1.972636440768837929e-03,-4.216221161186695099e-03,1.227858848869800568e-02,-2.778873080387711525e-03,3.880509734153747559e-02,-6.211987696588039398e-03,-1.823945343494415283e-02,8.599307038821280003e-04,-1.231823954731225967e-02,-1.315751858055591583e-02,2.114719245582818985e-03,2.390954457223415375e-02,-1.527884602546691895e-02,-2.270679734647274017e-02,1.343177049420773983e-03,-2.712127380073070526e-02,2.393597736954689026e-02,-1.461799629032611847e-02,1.026299688965082169e-02,-2.714770659804344177e-02,-9.668231941759586334e-03,8.888429030776023865e-03,8.815735578536987305e-03,-2.064494602382183075e-02,3.211729601025581360e-02,2.883948199450969696e-02,7.150394376367330551e-03,-8.881820365786552429e-03,-1.756538636982440948e-02,7.913675508461892605e-04,-3.489286638796329498e-03,-2.272001467645168304e-02,-2.562775276601314545e-02,-3.928091004490852356e-02,-1.720852777361869812e-02,-4.219525493681430817e-03,-4.890288226306438446e-03,-1.449904311448335648e-02,-5.412359256297349930e-03,2.836367115378379822e-02,-4.086694866418838501e-02,4.255872219800949097e-03,2.056564390659332275e-01,-1.887386851012706757e-02,1.469729840755462646e-02,2.638112194836139679e-02,-3.273271431680768728e-04,2.080355025827884674e-02,7.540295366197824478e-03,1.067272294312715530e-02,1.954463077709078789e-03,7.275955751538276672e-03,-4.099911823868751526e-02,-8.088801056146621704e-03,1.793546229600906372e-02,2.043677726760506630e-03,1.809406653046607971e-02,-3.092776797711849213e-02,-1.245701778680086136e-02,-1.929681189358234406e-02,-2.340729720890522003e-02,-1.484268531203269958e-02,1.845092512667179108e-02,-1.563570462167263031e-02,-1.038855779916048050e-02,-1.475016586482524872e-02,1.430078875273466110e-02,2.676441520452499390e-02,-1.162434741854667664e-02,-4.573080223053693771e-03,1.974618993699550629e-02,-1.593473949469625950e-03,5.848520435392856598e-03,2.818524139001965523e-03,1.298569701611995697e-02,-2.105467207729816437e-02,1.328307949006557465e-02,-2.763177908491343260e-04,2.167587168514728546e-02,-1.531849708408117294e-02,2.224420197308063507e-02,4.764726851135492325e-03,1.523919496685266495e-02,-1.597934588789939880e-02,-6.707624997943639755e-03,-3.961794078350067139e-03,-3.227590024471282959e-02,7.216479163616895676e-03,-1.148556824773550034e-02,4.457431379705667496e-03,-1.352263730950653553e-03,-1.374567509628832340e-03,-1.790902763605117798e-02,-2.730961656197905540e-03,1.395714655518531799e-02,2.252175845205783844e-02,1.781650818884372711e-02,2.957302611321210861e-03,-9.820227511227130890e-03,1.597934588789939880e-02,1.884743385016918182e-02,1.204068213701248169e-02,-5.461923312395811081e-03,2.971180528402328491e-02,-1.228519715368747711e-02,-1.163095585070550442e-03,-2.661902830004692078e-02,-1.472373213618993759e-02,-2.920955792069435120e-02,1.468408107757568359e-02,1.882100105285644531e-02,-3.351829946041107178e-02,-1.342185866087675095e-02,-4.314026981592178345e-02,-1.744643412530422211e-02,1.139965839684009552e-02,-6.228508893400430679e-03,-1.357385329902172089e-02,2.997614443302154541e-02,1.303195673972368240e-02,1.608508266508579254e-02,3.816407173871994019e-03,7.441168185323476791e-03,-9.721099399030208588e-03,5.990603007376194000e-03,7.672465406358242035e-03,1.549031771719455719e-02,-1.168382354080677032e-02,2.183447591960430145e-02,-5.670090671628713608e-03,-1.168382354080677032e-02,3.180339263053610921e-05,-7.389384336420334876e-06,-8.280447684228420258e-03,-8.260621689260005951e-03,8.782693184912204742e-03,9.859878569841384888e-03,9.575712494552135468e-03,2.020878531038761139e-02,2.213846705853939056e-02,-1.502772327512502670e-02,3.565284423530101776e-03,2.752439118921756744e-03,-3.272527828812599182e-02,2.619608305394649506e-02,8.055758662521839142e-03,-3.446331480517983437e-03,4.444214515388011932e-03,-1.043316558934748173e-03,2.372450567781925201e-02,4.943156149238348007e-03,-2.417388372123241425e-02,2.443822287023067474e-02,-2.688336744904518127e-02,3.743713721632957458e-03,-5.001806421205401421e-04,4.068190976977348328e-02,-4.635861143469810486e-03,-1.034229807555675507e-02,-1.583395898342132568e-02,7.553512696176767349e-03,-2.461665426380932331e-04,-7.005007471889257431e-03,5.276885349303483963e-03,4.625948204193264246e-04,2.060529589653015137e-02,5.775826983153820038e-03,-7.494036108255386353e-03,-2.979110553860664368e-02,1.180277671664953232e-02,2.275966480374336243e-02,-3.084846585988998413e-02,1.221250370144844055e-02,8.762867189943790436e-03,-5.898084025830030441e-03,1.471051573753356934e-02,2.697588689625263214e-02,2.706840634346008301e-02,-1.853683497756719589e-03,-8.181319572031497955e-03,-7.044658064842224121e-03,4.910113755613565445e-03,2.697588689625263214e-02,-2.273736172355711460e-04,1.170364860445261002e-02,5.141410976648330688e-03,2.116371411830186844e-03,-1.206050813198089600e-02,2.250193385407328606e-03,-3.510764217935502529e-04,3.591718384996056557e-03,-2.299757115542888641e-02,-3.605596348643302917e-02,6.479631643742322922e-03,-5.904692225158214569e-03,-7.269347086548805237e-03,1.830553822219371796e-02,-2.643398940563201904e-02,-1.555640250444412231e-02,-1.346150971949100494e-02,-2.131240442395210266e-03,1.046517500071786344e-04,-1.880778372287750244e-02,1.402323134243488312e-02,2.979110553860664368e-02,-2.426640316843986511e-02,-2.431927062571048737e-02,5.194278899580240250e-03,-1.675914973020553589e-01,4.454127047210931778e-03,3.420558199286460876e-02,-8.491919375956058502e-03,2.253497578203678131e-02,-2.435231348499655724e-03,4.253229126334190369e-02,-4.186483100056648254e-03,-1.838484033942222595e-02,1.674593240022659302e-02,5.114976782351732254e-03,-1.853683497756719589e-03,-1.953471824526786804e-02,1.345655298791825771e-03,-4.090659786015748978e-03,1.856987737119197845e-02,-5.409054923802614212e-03,-8.901646360754966736e-03,2.462326176464557648e-02,1.515989284962415695e-02,2.657937631011009216e-02,-1.662698015570640564e-02,-7.328823674470186234e-03,-2.372450567781925201e-02,2.632825449109077454e-02,1.131374761462211609e-02,5.818781908601522446e-03,1.353420317173004150e-02,9.965614415705204010e-03,-2.008983306586742401e-02,-1.049429364502429962e-02,1.530527975410223007e-02,1.940254867076873779e-02,-2.772925607860088348e-02,5.214104428887367249e-03,-1.630977168679237366e-02,1.724817790091037750e-03,-1.356063690036535263e-02,-3.016778966411948204e-03,2.451752498745918274e-02,1.601899787783622742e-02,1.985192671418190002e-02,7.804635446518659592e-03,-9.278330020606517792e-03,-1.478981692343950272e-02,3.177365660667419434e-02,2.913025580346584320e-02,-7.685682736337184906e-03,1.785616017878055573e-02,-3.246093913912773132e-02,-9.727708064019680023e-03,-3.883153200149536133e-02,-2.349981665611267090e-02,4.136919509619474411e-03,4.262480884790420532e-03,1.397036388516426086e-02,1.352263730950653553e-03,8.148277178406715393e-03,-1.167060621082782745e-02,1.592647843062877655e-02,-2.317930571734905243e-03,-3.039908828213810921e-03,1.406288240104913712e-02,-2.008983306586742401e-02,1.878134906291961670e-02,-5.570963490754365921e-03,-1.465764734894037247e-02,1.100975647568702698e-02,-1.360028795897960663e-02,1.505415700376033783e-02,-3.008188121020793915e-02,-3.002901189029216766e-02,-1.176312565803527832e-03,-1.381175965070724487e-02,1.529206335544586182e-02,2.559140557423233986e-03,-2.906086854636669159e-03,-1.260901335626840591e-02,2.939459681510925293e-02,8.776084519922733307e-03,-1.198120601475238800e-02,4.528142511844635010e-02,-1.445939205586910248e-02,-1.965367048978805542e-02,2.369807101786136627e-02,3.571892855688929558e-03,-1.704992353916168213e-02,2.968867542222142220e-03,1.253631990402936935e-02,9.655014611780643463e-03,-3.859362564980983734e-03,-1.015230431221425533e-03,-1.156487036496400833e-02,-2.045990712940692902e-02,2.926242724061012268e-02,1.909855753183364868e-02,2.002374641597270966e-02,-1.641550846397876740e-02,8.797562331892549992e-04,-2.701553702354431152e-02,6.971964612603187561e-03,-1.148556824773550034e-02,-3.587092459201812744e-02,6.211987696588039398e-03,1.707635819911956787e-02,-1.207702909596264362e-03,6.506065838038921356e-03,2.346016652882099152e-02,3.341256454586982727e-02,-3.373638028278946877e-03,1.702348887920379639e-02,1.350611710222437978e-04,2.451752545312047005e-03,1.714244298636913300e-02,-8.465485647320747375e-03,2.408136427402496338e-02,-2.422014251351356506e-03,-4.599514417350292206e-03,-1.270153187215328217e-02,-7.130568847060203552e-03,3.994175791740417480e-02,1.390427816659212112e-02,-1.289317850023508072e-02,1.043316558934748173e-03,-2.022200264036655426e-02,-1.475016586482524872e-02,-1.171554401516914368e-01,-1.958758570253849030e-02,8.749650791287422180e-03,1.662698015570640564e-02,-4.407041706144809723e-04,1.342185866087675095e-02,3.667716169729828835e-03,2.672476321458816528e-02,-2.179482392966747284e-02,1.501450594514608383e-02,-1.539779920130968094e-02,-2.692962763831019402e-03,-2.073416020721197128e-03,-1.176312565803527832e-03,3.938664682209491730e-03,2.129175263689830899e-04,-2.217811718583106995e-02,-2.868087962269783020e-02,-4.592905752360820770e-03,1.330951415002346039e-02,-1.083793584257364273e-02,4.150136373937129974e-03,2.091589383780956268e-03,-3.510433807969093323e-02,2.426640316843986511e-02,-4.153440706431865692e-03,-4.025896638631820679e-02,2.430605329573154449e-02,2.690980210900306702e-02,2.089606970548629761e-02,-7.209870498627424240e-03,2.383024245500564575e-02,-1.773720793426036835e-02,8.880168315954506397e-04,-2.122649364173412323e-02,-1.957437023520469666e-02,-1.738034747540950775e-02,-1.562248822301626205e-02,2.244245819747447968e-02,-3.132427856326103210e-02,-2.337755868211388588e-03,-3.205121320206671953e-04,7.494036108255386353e-03,-1.542423292994499207e-02,2.328834496438503265e-02,2.727657323703169823e-03,-6.965356413275003433e-03,8.947285823523998260e-05,9.476585313677787781e-03,3.067994955927133560e-03,-1.089741196483373642e-02,-9.139551781117916107e-03,-1.159130409359931946e-02,-1.907212287187576294e-02,8.082192391157150269e-03,-1.255614496767520905e-02,4.814290441572666168e-03,2.702875435352325439e-02,8.181319572031497955e-03,8.802518248558044434e-03,3.291031811386346817e-03,2.386989258229732513e-02,1.929681189358234406e-02,1.650472288019955158e-03,1.616438478231430054e-02,1.010439265519380569e-02,-8.049149997532367706e-03,-4.870462696999311447e-03,2.976467274129390717e-02,-1.999731361865997314e-02,1.797511242330074310e-02,-5.038979463279247284e-03,-1.552996877580881119e-02,3.055769205093383789e-02,-2.482151612639427185e-02,-2.244245819747447968e-02,-1.252310257405042648e-02,-1.776364073157310486e-02,1.722174510359764099e-02,-4.874427616596221924e-02,-2.878661453723907471e-02,-1.748608425259590149e-02,2.447787486016750336e-02,-1.781650818884372711e-02,2.762351930141448975e-02,-6.886054296046495438e-03,3.723888192325830460e-03,-6.667973939329385757e-03,2.521141665056347847e-03,-1.408931612968444824e-02,1.559605356305837631e-02,5.369404330849647522e-03,8.095409721136093140e-03,-4.874427616596221924e-02,5.091847386211156845e-03,9.020598605275154114e-03,-1.170364860445261002e-02,1.089741196483373642e-02,-2.379059046506881714e-02,1.030925568193197250e-02,-2.342051453888416290e-02,-1.995766162872314453e-02,-5.162558332085609436e-02,3.838215395808219910e-02,2.027156529948115349e-03,-1.920429430902004242e-02,-6.132685579359531403e-03,-2.141153253614902496e-02,5.855128634721040726e-03,-1.271474920213222504e-02,-1.644194126129150391e-02,-4.758118186146020889e-03,-1.049429364502429962e-02,3.386194258928298950e-02,1.051411963999271393e-02,3.223294625058770180e-03,-2.201951295137405396e-02,-5.861737299710512161e-03,-8.004542323760688305e-04,-5.610614549368619919e-03,1.563735655508935452e-03,1.220589503645896912e-02,-1.180938445031642914e-02,1.675914973020553589e-02,-7.053796707623405382e-06,2.778212353587150574e-02,-2.602426335215568542e-02,3.482678206637501717e-03,-2.802002942189574242e-03,1.551675237715244293e-02,-1.050131540978327394e-04,-8.954513818025588989e-03,1.306499913334846497e-02,-1.679879985749721527e-02,1.927037909626960754e-02,1.714244298636913300e-02,-1.092384662479162216e-02,-2.207238227128982544e-02,-2.423666417598724365e-03,6.079817656427621841e-03,1.408931612968444824e-02,1.225215382874011993e-02,-2.220455184578895569e-02,-3.565945103764533997e-02,1.088749966584146023e-03,-9.965614415705204010e-03,1.065620221197605133e-03,1.079828478395938873e-02,-1.130053075030446053e-03,4.027879331260919571e-03,1.665341295301914215e-02,-7.679074071347713470e-03,6.763797253370285034e-03,4.628591611981391907e-02,-7.963239215314388275e-03,-1.202085707336664200e-02,-5.974081810563802719e-03,-1.176312565803527832e-02,1.350115984678268433e-02,6.985181942582130432e-03,1.890030317008495331e-02,-2.767638675868511200e-02,2.486116811633110046e-02,-1.164417248219251633e-02,7.916979491710662842e-03,-1.131374761462211609e-02,2.117362618446350098e-02,-1.074541639536619186e-02,-1.292622089385986328e-02,7.355257868766784668e-03,2.694945223629474640e-02,3.436418715864419937e-03,-1.284031011164188385e-02,-1.342846639454364777e-02,1.352759450674057007e-02,5.901388358324766159e-03,-1.285352744162082672e-02,-8.610872551798820496e-03,6.360678933560848236e-03,-2.077711559832096100e-02,-2.207238227128982544e-02,1.940254867076873779e-02,1.833197101950645447e-02,5.075326189398765564e-03,-1.464443001896142960e-02,2.272001467645168304e-02,3.227590024471282959e-02,-8.247404359281063080e-03,8.452268317341804504e-03,1.165738981217145920e-02,3.750322386622428894e-03,7.216479163616895676e-03,8.409313159063458443e-04,2.390954457223415375e-02,1.792224496603012085e-02,-1.406288240104913712e-02,6.853011902421712875e-03,1.260240469127893448e-02,-7.888893596827983856e-04,8.187928237020969391e-03,2.241602353751659393e-02,4.150136373937129974e-03,-3.219659999012947083e-02,-4.612731281667947769e-03,3.375289961695671082e-03,-1.052403240464627743e-03,4.516907967627048492e-03,-5.485052708536386490e-03,-4.989415407180786133e-03,-4.253229126334190369e-02,-2.270018914714455605e-03,1.472373213618993759e-02,3.367029363289475441e-03,-8.782693184912204742e-03,4.173927009105682373e-02,1.393071282655000687e-02,6.506065838038921356e-03,3.774773702025413513e-02,1.139304973185062408e-02,1.209355052560567856e-02,-3.832928463816642761e-02,1.932985469466075301e-04,2.121327631175518036e-02,1.233145594596862793e-02,8.458876982331275940e-03,1.225876249372959137e-02,1.137322373688220978e-02,-2.930868649855256081e-03,-1.592647843062877655e-02,-1.789250643923878670e-03,6.945530883967876434e-03,-7.381691597402095795e-03,7.844286039471626282e-03,3.733800956979393959e-03,-1.513345912098884583e-02,-1.611151732504367828e-02,8.425834588706493378e-03,1.882100105285644531e-02,8.795910514891147614e-03,3.177365660667419434e-02,-5.121585447341203690e-03,4.491134732961654663e-02,1.609829999506473541e-02,-2.191377803683280945e-02,1.246362645179033279e-02,2.081676758825778961e-02,3.285744786262512207e-02,-1.056037936359643936e-02,1.574144139885902405e-02,-7.117351517081260681e-03,-2.478186599910259247e-02,5.767896398901939392e-02,5.931126419454813004e-03,3.481356427073478699e-02,-2.889565424993634224e-03,-2.709483914077281952e-02,3.723888192325830460e-03,1.191512122750282288e-02,1.110888458788394928e-02,-2.417388372123241425e-02,2.084320038557052612e-02,2.015591785311698914e-02,1.485590264201164246e-02,-9.674840606749057770e-03,-2.016913332045078278e-02,-2.277288213372230530e-02,-2.712127380073070526e-02,2.655294351279735565e-02,-2.569383755326271057e-02,1.439330726861953735e-02,-4.850637167692184448e-02,-3.803190309554338455e-03,-2.266714582219719887e-03,-2.014270052313804626e-02,-4.308740422129631042e-02,1.295265462249517441e-02,-2.043677726760506630e-03,-2.418710105121135712e-02,4.824203206226229668e-04,-2.856523031368851662e-03,-5.134802311658859253e-03,-5.689916200935840607e-03,7.679074071347713470e-03,-1.658732816576957703e-02,-1.612473465502262115e-02,1.445939205586910248e-02,1.344168372452259064e-02,-2.187412604689598083e-02,5.171149037778377533e-03,-2.197986282408237457e-02
6.343333516269922256e-03,6.880230270326137543e-03,-3.483862057328224182e-02,-1.947410032153129578e-02,-8.364981040358543396e-03,4.655754938721656799e-02,-3.401670604944229126e-02,-1.198406144976615906e-02,-2.686139894649386406e-03,-1.092352531850337982e-02,-5.319253075867891312e-03,-1.260215532965958118e-03,1.797609217464923859e-02,3.086161054670810699e-02,9.849731810390949249e-03,-2.371624670922756195e-02,5.249655339866876602e-03,1.342241419479250908e-03,1.085724215954542160e-02,-1.199731882661581039e-02,-1.464865915477275848e-02,-5.534674506634473801e-03,7.463525049388408661e-03,-9.412260726094245911e-03,-2.183379419147968292e-02,-1.218954101204872131e-02,1.509938761591911316e-02,-1.806888915598392487e-02,8.318582549691200256e-03,-4.030038602650165558e-03,1.168247195892035961e-03,-8.775939233601093292e-03,-4.695525020360946655e-02,6.968055968172848225e-04,-1.118865981698036194e-02,2.029601670801639557e-02,2.898247214034199715e-03,-9.254837641492486000e-04,2.012367919087409973e-02,-1.933821942657232285e-03,2.765348739922046661e-02,-1.318379398435354233e-02,-1.557662908453494310e-04,-1.319042220711708069e-02,-3.152444586157798767e-02,3.040756797417998314e-03,-1.224256772547960281e-02,-1.165264379233121872e-02,-5.018988624215126038e-02,1.893057487905025482e-02,4.440996330231428146e-03,8.219157345592975616e-03,-1.515241432934999466e-02,-3.353946376591920853e-03,-1.018777769058942795e-02,-4.275287501513957977e-03,-9.392376057803630829e-03,-3.582624718546867371e-03,-1.849310472607612610e-02,-2.742480952292680740e-03,1.289214566349983215e-02,1.830751076340675354e-02,8.954904973506927490e-03,-6.794061511754989624e-03,-1.614666730165481567e-02,-5.438563413918018341e-03,3.885871847160160542e-04,-3.721819957718253136e-03,-3.058984875679016113e-03,-9.558084420859813690e-03,4.716735705733299255e-02,4.252751171588897705e-02,-1.413164753466844559e-02,-7.927509956061840057e-03,-9.465287439525127411e-03,-4.027387127280235291e-02,8.364981040358543396e-03,-1.597432978451251984e-02,6.170996464788913727e-03,4.593448247760534286e-03,-4.450938664376735687e-03,-2.794513478875160217e-02,-2.419348806142807007e-02,-1.089701149612665176e-02,4.348199442028999329e-02,-5.007720552384853363e-03,1.390628423541784286e-02,3.974360227584838867e-02,1.250107306987047195e-02,-3.125931322574615479e-02,3.786114975810050964e-02,3.216076642274856567e-02,-1.022423384711146355e-03,-9.206782095134258270e-03,-2.522088121622800827e-03,-3.972869017161428928e-04,-3.239607438445091248e-03,1.666367799043655396e-02,2.175756730139255524e-03,-3.706574812531471252e-02,-1.385325752198696136e-02,-5.587701220065355301e-03,-4.427739419043064117e-03,-1.764798886142671108e-03,-3.836490586400032043e-02,-2.547938749194145203e-02,-6.402988918125629425e-03,-1.614666730165481567e-02,4.149348661303520203e-02,-1.179846748709678650e-02,-5.504847038537263870e-03,2.664597705006599426e-02,-3.199837170541286469e-03,-3.404321894049644470e-02,1.989831402897834778e-02,-2.563846856355667114e-02,2.033578604459762573e-02,-5.657298956066370010e-03,-4.732643719762563705e-03,-2.419348806142807007e-02,-7.833884446881711483e-04,1.838705129921436310e-02,2.200613170862197876e-02,-2.357042208313941956e-02,8.430436137132346630e-04,2.330528758466243744e-02,-1.458237599581480026e-02,-4.063180182129144669e-03,-1.045954041182994843e-02,-4.934808705002069473e-03,6.499100010842084885e-03,1.015463657677173615e-02,8.596973493695259094e-03,-4.241110218572430313e-05,-2.273524925112724304e-02,-3.970797406509518623e-04,-7.118850946426391602e-03,-3.001318126916885376e-02,-9.107356891036033630e-03,-2.355716563761234283e-02,2.355716563761234283e-02,1.285237632691860199e-02,-1.696858368813991547e-02,3.254106850363314152e-04,2.031590091064572334e-03,1.752536371350288391e-02,-3.662164788693189621e-03,1.881126500666141510e-02,-1.100306585431098938e-02,-8.742797188460826874e-03,-1.912942528724670410e-02,-3.467954322695732117e-02,2.781256847083568573e-02,-1.157310418784618378e-02,-7.198391016572713852e-03,-1.032697316259145737e-02,-3.234636038541793823e-03,3.831188008189201355e-02,-4.494023043662309647e-03,1.011652289889752865e-03,1.728342962451279163e-03,2.860797010362148285e-02,1.855938695371150970e-02,-3.356597945094108582e-02,1.393279712647199631e-02,2.457793243229389191e-02,5.156858358532190323e-03,-2.250325633212924004e-03,-8.709655143320560455e-03,-1.858590170741081238e-02,2.068046107888221741e-02,-6.598525214940309525e-03,-5.032245442271232605e-02,2.778605371713638306e-02,-1.317716483026742935e-02,2.762697450816631317e-02,7.841341197490692139e-03,-7.476781960576772690e-03,-2.026950195431709290e-02,1.622620783746242523e-02,-3.648245334625244141e-02,1.261375565081834793e-02,1.144716516137123108e-02,2.988061495125293732e-02,-2.481655217707157135e-02,-1.384000014513731003e-02,3.046390973031520844e-02,2.652666717767715454e-02,1.077107340097427368e-02,-8.305326104164123535e-03,3.063956042751669884e-03,7.536436896771192551e-03,-1.169241406023502350e-02,-1.556337252259254456e-02,-6.367460489273071289e-01,-1.390628423541784286e-02,-2.842237614095211029e-02,2.512559876777231693e-04,1.654436811804771423e-02,1.987180113792419434e-02,5.455134436488151550e-03,1.972597837448120117e-02,-2.127701230347156525e-02,-1.775072887539863586e-02,-9.929272346198558807e-03,2.627479098737239838e-02,-1.618643663823604584e-02,-1.380023080855607986e-02,-2.967844950035214424e-03,-2.390184067189693451e-02,-1.635877415537834167e-02,-2.417691750451922417e-03,1.004858314990997314e-02,-3.075555711984634399e-02,-6.210766267031431198e-03,1.220279745757579803e-02,1.844007708132266998e-02,9.591226466000080109e-03,2.061417698860168457e-02,1.816168613731861115e-02,2.323900535702705383e-02,-1.032365951687097549e-03,-9.882873855531215668e-03,3.910728264600038528e-03,-3.072904236614704132e-02,1.670344918966293335e-02,-1.192440651357173920e-02,2.195310406386852264e-02,4.337593913078308105e-02,-5.789866205304861069e-03,-3.221379593014717102e-02,3.444091975688934326e-02,2.895264513790607452e-02,2.619525045156478882e-02,-4.613333381712436676e-03,-2.277502045035362244e-02,5.272854585200548172e-03,-1.914268173277378082e-02,3.213094081729650497e-03,2.473701164126396179e-02,3.711877390742301941e-02,5.985402502119541168e-03,6.141168996691703796e-03,-3.329090075567364693e-03,1.266678236424922943e-02,-1.873172447085380554e-02,-1.820145733654499054e-02,2.630130387842655182e-02,2.197961695492267609e-02,3.913379460573196411e-02,3.767555579543113708e-02,-1.965969428420066833e-02,1.179183926433324814e-02,-8.026935160160064697e-03,1.228896621614694595e-02,2.008390799164772034e-02,-2.565172500908374786e-02,-3.507724404335021973e-02,-1.076444517821073532e-02,5.249655339866876602e-03,-1.740605384111404419e-02,1.730000041425228119e-02,-5.050804931670427322e-03,1.779712736606597900e-03,-1.602735742926597595e-02,1.335613057017326355e-02,1.096992380917072296e-02,7.191762793809175491e-03,1.694372622296214104e-03,-1.277946401387453079e-02,1.621295139193534851e-02,8.809080347418785095e-03,-1.908965595066547394e-02,1.523195486515760422e-02,1.439678203314542770e-02,-2.028275979682803154e-03,-2.315946482121944427e-02,-1.676973327994346619e-02,3.091463632881641388e-02,-7.211647927761077881e-03,-2.657969482243061066e-02,7.138736080378293991e-03,2.081302693113684654e-03,-7.423755247145891190e-03,-6.893486715853214264e-03,1.106106326915323734e-03,-6.144483108073472977e-03,-4.085716605186462402e-02,1.569593884050846100e-02,1.273306552320718765e-02,5.587701220065355301e-03,2.839586324989795685e-02,2.541310340166091919e-02,-2.286781743168830872e-02,8.610229939222335815e-03,-1.158636063337326050e-02,3.592567285522818565e-03,-1.418467517942190170e-02,1.246130280196666718e-02,2.001762576401233673e-02,-3.067601658403873444e-02,3.698620712384581566e-03,2.998666837811470032e-02,-2.831632271409034729e-02,1.610689796507358551e-02,2.026950195431709290e-02,3.068927209824323654e-03,-1.665042154490947723e-02,-1.315728016197681427e-02,-2.557218447327613831e-02,4.722701385617256165e-03,8.775939233601093292e-03,6.058314349502325058e-03,-1.124831475317478180e-02,7.045939099043607712e-03,-1.938130334019660950e-02,1.636374508962035179e-04,-1.081084366887807846e-02,6.124597974121570587e-03,4.051249101758003235e-02,2.379578538239002228e-03,-1.976574771106243134e-02,-1.217628363519906998e-02,-2.418023161590099335e-02,-2.773965708911418915e-03,-1.800260506570339203e-02,4.043295234441757202e-02,4.606705158948898315e-03,1.688904315233230591e-02,1.128808502107858658e-02,1.496682036668062210e-02,-5.587701220065355301e-03,1.505961734801530838e-02,-9.869617410004138947e-03,-9.917672723531723022e-04,1.190452184528112411e-02,1.923547871410846710e-02,-6.678065285086631775e-03,5.040862131863832474e-03,-4.260705038905143738e-02,-1.985854469239711761e-02,-1.604061387479305267e-02,-4.756505787372589111e-02,2.056114934384822845e-02,6.137854419648647308e-03,-1.411839108914136887e-02,-1.904988661408424377e-02,1.447466551326215267e-03,-6.784119177609682083e-03,-1.091026887297630310e-02,1.326996181160211563e-02,-5.842892918735742569e-03,-1.829425431787967682e-02,-2.171448431909084320e-02,1.784352585673332214e-02,-3.279709070920944214e-02,-2.687134221196174622e-02,-2.486957982182502747e-02,5.044176243245601654e-03,-1.775072887539863586e-02,1.446306519210338593e-02,-1.321030687540769577e-02,8.132988587021827698e-03,-3.261149674654006958e-02,1.561639923602342606e-02,1.381348725408315659e-02,-1.696858368813991547e-02,2.850191667675971985e-02,1.901011541485786438e-02,-2.490603597834706306e-03,-1.609363965690135956e-02,-8.550575003027915955e-03,-1.907639950513839722e-02,2.489609271287918091e-02,7.642490789294242859e-03,3.875514958053827286e-04,-3.473256900906562805e-02,-9.200153872370719910e-03,1.244141813367605209e-02,-4.358141683042049408e-03,6.001973524689674377e-03,1.311088167130947113e-02,-7.258046418428421021e-03,3.218065248802304268e-03,6.893486715853214264e-03,-6.330077070742845535e-03,-1.556834322400391102e-03,5.339966737665235996e-04,-5.541302729398012161e-03,2.099862135946750641e-02,2.962873550131917000e-03,-1.354835275560617447e-02,5.690441001206636429e-03,1.963318139314651489e-02,2.066720463335514069e-02,-1.125162816606462002e-03,3.446743264794349670e-02,-4.497337155044078827e-03,2.250988595187664032e-02,-3.918682038784027100e-02,2.914818003773689270e-03,-9.345977567136287689e-03,5.199280008673667908e-02,-1.558988541364669800e-02,-1.475471351295709610e-02,-2.355716563761234283e-02,-3.322130441665649414e-02,9.783448651432991028e-03,6.008601747453212738e-03,3.141839057207107544e-02,-2.821026928722858429e-02,6.595211103558540344e-03,-8.928391151130199432e-03,9.054330177605152130e-03,1.393279712647199631e-02,-1.780334132490679622e-04,-5.842892918735742569e-03,4.828754812479019165e-03,-3.171003982424736023e-02,7.432040292769670486e-04,1.252095866948366165e-02,1.959341019392013550e-02,9.200153872370719910e-03,-1.199068967252969742e-02,1.700835302472114563e-02,-3.698620712384581566e-03,-3.499770164489746094e-02,5.150230135768651962e-03,-1.143390871584415436e-02,-1.657916698604822159e-03,-1.421781606040894985e-03,-1.474145613610744476e-02,3.173323930241167545e-04,-2.193984808400273323e-03,2.213869709521532059e-03,1.702160947024822235e-02,-4.921551793813705444e-03,-2.036229893565177917e-02,6.031800992786884308e-03,2.038881368935108185e-02,3.237287327647209167e-02,1.365440618246793747e-02,-1.696858322247862816e-03,1.187800802290439606e-02,-6.628352566622197628e-04,9.942528791725635529e-03,-4.414482787251472473e-02,-2.262919582426548004e-02,7.920881733298301697e-03,-2.415371686220169067e-02,3.522969549521803856e-03,1.752536371350288391e-02,2.342459931969642639e-02,7.364099845290184021e-03,6.131226196885108948e-03,4.215632099658250809e-03,2.953593991696834564e-02,9.714679617900401354e-05,3.234636038541793823e-02,-2.741486765444278717e-02,-6.243908312171697617e-03,-5.256283562630414963e-03,-2.730881236493587494e-02,-2.199287340044975281e-02,9.564712643623352051e-03,1.790980994701385498e-02,1.653111167252063751e-02,4.039980936795473099e-03,-1.171892788261175156e-02,1.395931094884872437e-02,6.946513429284095764e-03,1.148693542927503586e-02,5.547931417822837830e-03,1.433381228707730770e-03,-6.310191936790943146e-03,-2.151563204824924469e-02,1.401233766227960587e-02,1.246130280196666718e-02,-1.305785495787858963e-02,-3.216408193111419678e-03,-2.557218447327613831e-02,2.423325739800930023e-02,-3.436138108372688293e-02,8.689770475029945374e-03,-2.239140449091792107e-04,2.289433032274246216e-02,-3.632337320595979691e-03,-1.826773956418037415e-02,-4.120184108614921570e-02,-7.847969420254230499e-03,8.643371984362602234e-03,-1.862567104399204254e-02,2.713647671043872833e-02,-3.001318126916885376e-02,-1.812191680073738098e-02,-9.014559909701347351e-03,-4.527165088802576065e-03,-1.776398508809506893e-03,4.684919863939285278e-02,-1.097655203193426132e-02,5.640727933496236801e-03,1.326333358883857727e-02,-9.412260726094245911e-03,-3.544843196868896484e-02,-2.041532658040523529e-02,4.474137967918068171e-04,3.509712871164083481e-03,2.502865903079509735e-02,-1.581524871289730072e-02,-2.192659117281436920e-02,-2.220498211681842804e-02,-6.283678580075502396e-03,1.613341085612773895e-02,-7.635862100869417191e-03,-1.558988541364669800e-02,-2.534682117402553558e-02,9.637624956667423248e-03,-6.973027251660823822e-03,9.608460217714309692e-02,3.680807130876928568e-04,4.958007950335741043e-03,1.574896648526191711e-02,8.192643523216247559e-03,1.877149567008018494e-02,1.636374508962035179e-04,-2.760046161711215973e-02,-9.437117259949445724e-04,-6.465957965701818466e-03,-1.368092000484466553e-02,-1.183823775500059128e-02,1.582850702106952667e-02,3.973697312176227570e-03,6.840460002422332764e-03,1.157973241060972214e-02,-7.808199618011713028e-03,-2.408743463456630707e-02,-2.725578658282756805e-02,-1.407862082123756409e-02,-2.561195567250251770e-02,-8.212529122829437256e-03,2.350413799285888672e-02,5.421992391347885132e-02,-5.296053830534219742e-03,-9.763563983142375946e-03,-4.835383500903844833e-03,1.939455978572368622e-02,-1.466523041017353535e-03,-1.593456044793128967e-02,7.927509956061840057e-03,2.174099721014499664e-02,4.951379261910915375e-03,3.804674372076988220e-02,-1.739279739558696747e-02,7.841341197490692139e-03,1.718069054186344147e-02,3.730436787009239197e-02,1.780375465750694275e-02,-8.090733317658305168e-04,-3.865675898850895464e-05,7.224904373288154602e-03,4.142720252275466919e-03,-2.459118887782096863e-02,2.018996328115463257e-02,-4.427739419043064117e-03,1.915594004094600677e-02,1.885103434324264526e-02,-3.388413786888122559e-02,-1.637203060090541840e-02,4.790973290801048279e-02,-2.000436931848526001e-02,-3.513026982545852661e-02,-3.510375693440437317e-02,-6.893486715853214264e-03,-2.009716629981994629e-02,1.312413811683654785e-02,1.630574837327003479e-02,-1.947078621014952660e-03,1.728674396872520447e-02,-1.378697343170642853e-02,-1.824122667312622070e-02,1.275295019149780273e-02,1.993684272747486830e-04,-1.926199346780776978e-02,-1.368092000484466553e-02,1.381348725408315659e-02,1.545731816440820694e-02,1.585833379067480564e-03,-4.712758585810661316e-03,-1.621295139193534851e-02,6.827203091233968735e-03,-2.494912035763263702e-02,-1.490053720772266388e-02,3.656199201941490173e-02,3.157747164368629456e-02,1.262038387358188629e-02,-2.364664804190397263e-03,-2.897915802896022797e-02,2.090582437813282013e-02,-1.578873582184314728e-02,-2.232429198920726776e-02,-8.212529122829437256e-03,-2.389521105214953423e-03,-1.358812302350997925e-02,1.814842969179153442e-02,-2.188681997358798981e-02,-4.207450547255575657e-05,-1.643831469118595123e-02,-1.272643683478236198e-03,2.228783559985458851e-04,1.794626470655202866e-03,5.067375488579273224e-03,7.437011692672967911e-03,9.263122919946908951e-04,1.113356120185926557e-04,1.829425431787967682e-02,2.577103488147258759e-02,-6.021858658641576767e-03,-2.616542158648371696e-03,-1.996459811925888062e-02,-1.665042154490947723e-02,6.157739553600549698e-03,5.564501974731683731e-03,2.528053708374500275e-02,-8.434578776359558105e-04,2.069371752440929413e-02,3.677410259842872620e-02,8.345096372067928314e-03,2.127701230347156525e-02,4.822126589715480804e-03,-2.879356406629085541e-02,-1.779049821197986603e-02,-3.038436919450759888e-02,-2.573126554489135742e-02,3.819070479949004948e-05,-8.616858161985874176e-03,3.563402593135833740e-02,8.431264199316501617e-03,-1.674487604759633541e-03,-8.823994430713355541e-04,-1.601410098373889923e-02,4.854605346918106079e-02,-1.236850582063198090e-02,-2.195310406386852264e-02,3.365545999258756638e-03,1.508613117039203644e-02,-1.295180153101682663e-02,-1.011652289889752865e-03,1.402559410780668259e-02,-3.413601545616984367e-03,1.323682069778442383e-02,1.189126446843147278e-02,1.034023007377982140e-03,-2.490934915840625763e-02,-1.275957934558391571e-02,2.687134221196174622e-02,1.496682036668062210e-02,6.886858493089675903e-03,1.478122640401124954e-02,-2.948291227221488953e-02,2.431776956655085087e-04,-5.667241755872964859e-03,-3.531586378812789917e-02,-3.494467586278915405e-02,-2.908521145582199097e-02,-3.625708865001797676e-03,-1.991157233715057373e-02,2.160842902958393097e-02,2.334505878388881683e-02,-1.947410032153129578e-02,1.658413931727409363e-02,-1.252095866948366165e-02,1.337601616978645325e-02,3.536847725627012551e-05,-1.983203180134296417e-02,-2.436582371592521667e-02,-7.741915993392467499e-03,4.528490453958511353e-02,3.011923469603061676e-02,2.399463765323162079e-02,6.764234043657779694e-03,8.239042013883590698e-03,6.502414122223854065e-03,3.973697312176227570e-03,-1.781369792297482491e-03,8.040191605687141418e-03,-8.086590096354484558e-03,-4.030038416385650635e-02,3.383111208677291870e-02,4.138743504881858826e-02,2.663272060453891754e-02,2.009716629981994629e-02,1.708789356052875519e-02,-1.892394735477864742e-03,2.212544158101081848e-02,7.444468792527914047e-04,-1.024743355810642242e-02,-2.310643717646598816e-02,-3.157747164368629456e-02,-1.947410032153129578e-02,-2.065394632518291473e-02,9.684023447334766388e-03,-1.230885088443756104e-02,-9.558084420859813690e-03,-3.550145775079727173e-02,1.715417765080928802e-02,-7.596092298626899719e-03,6.787433288991451263e-03,-1.002869755029678345e-02,4.067157208919525146e-02,-3.319479152560234070e-02,2.765348739922046661e-02,-1.813517324626445770e-02,2.533356472849845886e-02,-1.067164819687604904e-02,1.390628423541784286e-02,-6.985662184888496995e-05,3.874272108078002930e-03,1.686252839863300323e-02,2.590028801932930946e-03,2.366321906447410583e-02,-1.438352558761835098e-02,-2.630130387842655182e-02,-4.348199348896741867e-03,1.024080533534288406e-02,-1.840030774474143982e-02,-6.535555701702833176e-03,-9.577969904057681561e-04,-2.276176400482654572e-02,-2.434262540191411972e-03,-2.155871829017996788e-03,-1.511264406144618988e-02,-1.895708963274955750e-02,2.176751010119915009e-02,-1.902337186038494110e-02,-4.278601612895727158e-03,2.471049875020980835e-02,-2.428628504276275635e-02,-2.079977095127105713e-02,8.398123085498809814e-03,-3.388745244592428207e-03,2.618199400603771210e-02,-1.308436784893274307e-02,2.669900469481945038e-02,1.491379365324974060e-02,-9.425517171621322632e-03,-3.091463632881641388e-02,8.716283366084098816e-03,-3.385431133210659027e-03,-2.727567218244075775e-03,3.030814230442047119e-03,3.091463632881641388e-02,-4.285229835659265518e-03,3.440115135163068771e-03,1.360137946903705597e-02,-3.556111129000782967e-03,5.935689900070428848e-03,-2.243034541606903076e-02,2.127701230347156525e-02,1.512590050697326660e-02,3.165038535371422768e-03,-5.176743492484092712e-03,-4.950551083311438560e-04,3.042413853108882904e-03,3.947183955460786819e-03,6.697950419038534164e-03,1.672623329795897007e-04,-2.900567092001438141e-02,-8.868736214935779572e-03,-1.059873588383197784e-02,-3.589667321648448706e-04,-2.996015362441539764e-02,1.525846775621175766e-02,-6.124597974121570587e-03,-2.691111154854297638e-02,3.307548118755221367e-03,1.042308518663048744e-03,-1.020103506743907928e-02,1.344229932874441147e-02,4.159291274845600128e-03,2.895264513790607452e-02,-3.136536478996276855e-02,-1.027394644916057587e-02,4.072459787130355835e-02,-2.550258766859769821e-03,-7.311073131859302521e-03,3.937241621315479279e-03,-4.633218515664339066e-03,2.461770176887512207e-02,-1.752536371350288391e-02,1.666202209889888763e-03,-2.160842902958393097e-02,1.761816069483757019e-02,2.623501978814601898e-02,-1.833402365446090698e-02,8.252299390733242035e-03,-3.931938856840133667e-02,-7.311073131859302521e-03,-8.179387077689170837e-03,1.999111101031303406e-02,-5.451820325106382370e-04,-9.597854688763618469e-03,7.722030859440565109e-03,-2.500214613974094391e-02,-2.615547925233840942e-02,6.240594200789928436e-03,3.917356487363576889e-03,1.779049821197986603e-02,-3.157747164368629456e-02,-2.688459865748882294e-02,-1.004858314990997314e-02,-1.419793162494897842e-02,1.854613050818443298e-02,1.104946434497833252e-02,-1.410513464361429214e-02,-1.022423384711146355e-03,3.356597945094108582e-02,-1.415816135704517365e-02,2.216521091759204865e-02,-3.942544013261795044e-02,9.153755381703376770e-03,-2.722927369177341461e-02,-3.403659211471676826e-03,2.974473172798752785e-03,-4.192433319985866547e-03,1.321693509817123413e-02,-4.393272101879119873e-02,-1.810866035521030426e-02,3.052356420084834099e-03,-2.969502005726099014e-03,3.049042262136936188e-02,1.979226060211658478e-02,6.900115404278039932e-03,-3.493141848593950272e-03,-1.679624617099761963e-02,1.768444478511810303e-02,-2.020321972668170929e-02,-2.386206947267055511e-02,2.404766343533992767e-02,-1.570919528603553772e-02,1.969946362078189850e-02,2.895264513790607452e-02,-2.243034541606903076e-02,5.136973224580287933e-03,2.248337306082248688e-02,1.048936857841908932e-03,1.529823802411556244e-02,-5.213199183344841003e-03,-2.012367919087409973e-02,4.162605386227369308e-03,-1.169241406023502350e-02,-2.309318073093891144e-02,-1.422444451600313187e-02,-1.157310418784618378e-02,7.470153737813234329e-03,-1.958015374839305878e-02,4.669674672186374664e-03,-9.027816355228424072e-03,-2.440559491515159607e-02,1.394605450332164764e-02,2.424651384353637695e-02,4.149348661303520203e-02,1.352183986455202103e-02,-1.055233739316463470e-02,-2.162168733775615692e-02,4.202375654131174088e-03,-1.997785456478595734e-02,-3.693317994475364685e-02,-3.035785630345344543e-02,2.180728130042552948e-03,3.438789397478103638e-02,6.820574868470430374e-03,-2.322574704885482788e-02,1.345555577427148819e-02,8.239042013883590698e-03,-4.377363994717597961e-02,-1.568268239498138428e-02,1.733977161347866058e-02,-3.542854450643062592e-03,5.806436762213706970e-03,5.117088090628385544e-03,3.513026982545852661e-03,3.547494485974311829e-02,-1.248781662434339523e-02,-1.592130400240421295e-02,-2.836935035884380341e-02,-4.006176441907882690e-02,1.214314252138137817e-02,-2.744138054549694061e-02,-7.569578941911458969e-03,-7.529808674007654190e-03,-1.414490491151809692e-02,-5.779923405498266220e-03,3.920670598745346069e-03,-2.121072821319103241e-02,-8.391494862735271454e-03,1.167915761470794678e-02,-3.894157242029905319e-03,-7.146192947402596474e-04,2.190670464187860489e-03,1.747233793139457703e-02,5.206570960581302643e-03,6.959770340472459793e-03,-1.352846808731555939e-02,-2.016344852745532990e-02,1.662390865385532379e-02,1.389302685856819153e-02,1.410513464361429214e-02,-4.258053749799728394e-02,1.394605450332164764e-02,-9.577970020473003387e-03,6.485843099653720856e-03,-3.383111208677291870e-02,1.175869815051555634e-02,-8.159502409398555756e-03,7.649119012057781219e-03,-7.330958265811204910e-03,2.900567092001438141e-02,2.208567038178443909e-02,-1.728674396872520447e-02,1.344229932874441147e-02,-2.697739563882350922e-02,-3.428183868527412415e-02,-5.720268469303846359e-03,1.458237599581480026e-02,-2.659295126795768738e-02,-2.887310460209846497e-02,6.926628760993480682e-03,-3.602509619668126106e-03,1.687578670680522919e-02,-1.845333352684974670e-02,1.472819969058036804e-02,-3.269103541970252991e-02,4.182490520179271698e-03,8.542289724573493004e-04,1.057688314176630229e-05,-1.773747242987155914e-02,2.818375639617443085e-02,4.395923390984535217e-02,-1.804237626492977142e-02,-1.002869755029678345e-02,-3.784789470955729485e-03,1.626597717404365540e-02,5.276168696582317352e-03,-1.684927195310592651e-02,-2.874053828418254852e-02,-9.637624956667423248e-03,-2.542636170983314514e-02,-8.656628429889678955e-03,-6.764234043657779694e-03,-1.460888981819152832e-02,-4.126149695366621017e-03,2.364996261894702911e-02,-3.006620705127716064e-02,2.951274160295724869e-03,1.642770916223526001e-01,-9.511685930192470551e-03,-1.302471291273832321e-02,1.996459811925888062e-02,4.023409914225339890e-03,1.561639923602342606e-02,2.582406252622604370e-02,1.976574771106243134e-02,8.007050491869449615e-03,-6.429502274841070175e-03,-3.356597945094108582e-02,-4.190361651126295328e-04,1.966963754966855049e-03,5.243027117103338242e-03,1.582850702106952667e-02,-4.928842931985855103e-02,-1.557662896811962128e-02,-6.906743627041578293e-03,-1.830751076340675354e-02,-1.615992374718189240e-02,-3.115325700491666794e-03,-1.541092060506343842e-03,-1.619969494640827179e-02,-7.728659082204103470e-03,1.334950234740972519e-02,5.793180316686630249e-03,-1.079758629202842712e-02,2.445862069725990295e-02,1.277946401387453079e-02,-6.640781066380441189e-04,-1.635877415537834167e-02,8.666571229696273804e-04,1.406536437571048737e-02,-1.847984828054904938e-02,2.110467478632926941e-02,3.996896557509899139e-03,2.054789289832115173e-02,-5.869406275451183319e-03,1.317053660750389099e-02,6.906743627041578293e-03,1.627923361957073212e-02,1.023251970764249563e-04,-1.765793189406394958e-02,2.073348686099052429e-02,-8.954904973506927490e-03,2.359693497419357300e-02,-1.079758629202842712e-02,-1.003366895020008087e-03,1.120854448527097702e-02,1.049765385687351227e-03,-2.889961749315261841e-02,3.042413853108882904e-03,1.532475184649229050e-02,2.335831522941589355e-02,1.126157119870185852e-02,2.674540271982550621e-03,5.362337455153465271e-03,1.582850702106952667e-02,7.224904373288154602e-03,2.297387085855007172e-02,-2.461770176887512207e-02,2.998666837811470032e-02,-9.670767001807689667e-03,2.062743343412876129e-02,-1.857264339923858643e-02,-2.183379419147968292e-02,-3.473256900906562805e-02,8.749425760470330715e-04,2.064068987965583801e-02,-2.341134101152420044e-02,1.161618856713175774e-03,-2.728229947388172150e-02,-3.038436919450759888e-02,1.350858248770236969e-02,-2.028275839984416962e-02,2.702710917219519615e-03,3.809977322816848755e-02,1.663716509938240051e-02,-9.650881402194499969e-03,4.417797084897756577e-03,5.524732172489166260e-03,-9.365862235426902771e-03,7.894367910921573639e-03,8.364981040358543396e-03,1.034685876220464706e-02,-1.686252839863300323e-02,1.794957928359508514e-02,3.358917776495218277e-03,-2.337157167494297028e-02,6.992911919951438904e-03,1.303299795836210251e-03,-1.152670569717884064e-02,-9.319463744759559631e-03,1.235359231941401958e-03,2.490603597834706306e-03,-3.933927509933710098e-03,1.830751076340675354e-02,1.877149567008018494e-02,-1.447632256895303726e-02,4.981207195669412613e-03,1.012812275439500809e-02,-1.237513497471809387e-02,2.993364073336124420e-02,1.749885082244873047e-02,-3.065613273065537214e-04,-9.975670836865901947e-03,1.622620783746242523e-02,-5.544616840779781342e-03,1.077107340097427368e-02,-3.339032642543315887e-03,1.549708843231201172e-02,-2.273524925112724304e-02,1.748559437692165375e-02,-5.508161149919033051e-03,2.651341073215007782e-02,1.985191600397229195e-03,-1.890406198799610138e-02,-2.354390919208526611e-02,1.319042220711708069e-02,1.165927201509475708e-02,-4.401226062327623367e-03,4.527993442025035620e-04,-1.144053693860769272e-02,3.918682038784027100e-02,-8.225785568356513977e-03,-1.372069027274847031e-02,-2.980107441544532776e-02,8.616858161985874176e-03,1.956689730286598206e-02,-3.515678271651268005e-02,1.899685896933078766e-02,-1.463208813220262527e-03,9.505057707428932190e-03,2.358036581426858902e-03,2.858145721256732941e-02,2.126375585794448853e-02,5.584387108683586121e-03,-9.445402771234512329e-03,-6.853716913610696793e-03,-1.368092000484466553e-02,8.769311010837554932e-03,-2.467404352501034737e-03,3.933927509933710098e-03,1.581524871289730072e-02,-5.600958131253719330e-03,-1.527172420173883438e-02,1.490053720772266388e-02,-6.847088225185871124e-03,-7.735287770628929138e-03,-1.975249126553535461e-02,-2.738835290074348450e-02,1.788329519331455231e-02,-1.701829605735838413e-03,3.711877623572945595e-03,3.422881290316581726e-02,-1.965969428420066833e-02,-1.850636117160320282e-02,-1.420953078195452690e-03,-6.200823932886123657e-03,2.539984695613384247e-02,-3.722482919692993164e-02,1.726023107767105103e-02,3.677410259842872620e-02,-3.743693605065345764e-02,-9.551456198096275330e-03,1.310425344854593277e-02,-1.675647497177124023e-01,1.390628423541784286e-02,3.929287567734718323e-02,9.354262729175388813e-04,2.900567092001438141e-02,-7.722030859440565109e-03,3.247892856597900391e-02,-2.599971368908882141e-03,-1.399908121675252914e-02,2.725578658282756805e-02,1.870521157979965210e-02,5.912490654736757278e-03,-2.003088220953941345e-02,-2.290095901116728783e-03,-6.575325969606637955e-03,1.492705009877681732e-02,-2.952931215986609459e-03,-1.346218399703502655e-02,2.656643837690353394e-02,1.808214560151100159e-02,2.228452265262603760e-02,3.378802910447120667e-03,5.362337455153465271e-03,-2.614222280681133270e-02,1.940781623125076294e-02,1.330310385674238205e-02,-1.551034580916166306e-02,7.417126558721065521e-03,-1.949667785083875060e-05,-1.724697463214397430e-02,-9.352605789899826050e-03,6.237280089408159256e-03,2.527059521526098251e-03,-4.719387274235486984e-03,1.270655170083045959e-02,1.375383231788873672e-03,-2.058766409754753113e-02,7.688889279961585999e-03,-1.149356365203857422e-02,4.173211008310317993e-02,1.274632196873426437e-02,1.073793135583400726e-02,2.550590038299560547e-02,-9.287979337386786938e-04,-1.385325752198696136e-02,2.988061495125293732e-02,1.209011580795049667e-02,-7.132107391953468323e-03,1.586827635765075684e-02,-3.393716737627983093e-02,7.980536669492721558e-03,-3.489165008068084717e-02,-1.536452118307352066e-02,-4.275287501513957977e-04,-7.543065585196018219e-03,1.385325752198696136e-02,-1.005521137267351151e-02,5.726896692067384720e-03,2.750766463577747345e-03,3.506398526951670647e-03,9.982299059629440308e-03,8.292069658637046814e-03,4.222260788083076477e-03,-9.684023447334766388e-03,8.815709501504898071e-03,-2.640735730528831482e-02,-2.131678164005279541e-02,7.251417730003595352e-03,-2.452490478754043579e-02,1.046616863459348679e-02,-1.626597717404365540e-02,-3.348643705248832703e-02,1.333624590188264847e-02,-2.831632271409034729e-02,2.521425299346446991e-02,1.142728049308061600e-02,-4.918237682431936264e-03,-1.360137946903705597e-02,1.178521104156970978e-02,-2.729224273934960365e-03,-2.048161067068576813e-02,5.225793272256851196e-02,-1.532475184649229050e-02,-3.387088188901543617e-03,1.898360252380371094e-02,7.059195544570684433e-03,-1.262701209634542465e-02,1.499333418905735016e-02,4.871839191764593124e-03,-4.520536400377750397e-03,-2.049818169325590134e-03,-2.028275839984416962e-02,7.609348744153976440e-03,-1.311750989407300949e-02,2.749440632760524750e-02,6.164368242025375366e-03,2.464421465992927551e-02,-1.072467491030693054e-02,-1.577547984197735786e-03,-1.405210793018341064e-02,1.018114946782588959e-02,4.119521006941795349e-03,-3.894820064306259155e-02,1.845333352684974670e-02,1.956689730286598206e-02,-3.599195508286356926e-03,1.972597837448120117e-02,1.434375531971454620e-02,1.584176346659660339e-02,-1.410513464361429214e-02,1.435038400813937187e-03,-3.745019203051924706e-03,2.013362245634198189e-03,3.802023082971572876e-02,-1.370743382722139359e-02,2.498888969421386719e-02,-5.481647793203592300e-03,-3.337375586852431297e-03,2.942988649010658264e-03,-2.728229947388172150e-02,5.199280008673667908e-02,-1.366766355931758881e-02,-2.481489500496536493e-04,-2.012367919087409973e-02,-1.617318019270896912e-02,-1.768444478511810303e-02,-1.104018464684486389e-01,-3.658850677311420441e-03,1.800260506570339203e-02,2.220498211681842804e-02,7.549693807959556580e-03,2.150237560272216797e-02,9.379118680953979492e-03,2.556886989623308182e-03,-1.180509664118289948e-02,2.232429198920726776e-02,4.366427310742437840e-04,9.171983110718429089e-04,7.688889279961585999e-03,-1.581524871289730072e-02,2.900567092001438141e-02,8.371609263122081757e-03,-9.206782095134258270e-03,-1.077107340097427368e-02,-1.258061360567808151e-02,2.024298906326293945e-02,-2.016344852745532990e-02,1.361463684588670731e-02,1.771095767617225647e-02,-3.292965516448020935e-02,1.467517297714948654e-02,1.079095806926488876e-02,-4.544398561120033264e-02,1.214977074414491653e-02,3.642942756414413452e-02,1.409187819808721542e-02,-1.869195490144193172e-03,2.278496278449892998e-03,-1.652945415116846561e-03,3.382117021828889847e-03,-3.176306560635566711e-02,-2.524076774716377258e-02,-2.060092054307460785e-02,-8.931705378927290440e-04,2.468398585915565491e-02,-4.994463641196489334e-03,5.412050057202577591e-03,9.279694058932363987e-04,6.273735780268907547e-03,-1.703486591577529907e-02,2.442548051476478577e-03,-1.433049887418746948e-02,5.418678279966115952e-03,6.161053664982318878e-03,7.834712974727153778e-03,-3.493141848593950272e-03,-2.217846736311912537e-02,-2.760046161711215973e-02,-1.748559437692165375e-02,-6.340019404888153076e-03,1.927524991333484650e-02,-4.686245229095220566e-03,5.223141983151435852e-03,2.789210900664329529e-02,-1.119528803974390030e-02,1.071307458914816380e-03,-3.218727931380271912e-02,2.684482932090759277e-02,3.316827863454818726e-02,3.191551892086863518e-03,1.222931034862995148e-02,2.351739630103111267e-02,-1.700835302472114563e-02,-2.289433032274246216e-02,2.182053774595260620e-02,-1.784352585673332214e-02,1.508613117039203644e-02,-4.880124761257320642e-04,-1.407862082123756409e-02,2.791862189769744873e-02,-3.168352693319320679e-02,5.128688062541186810e-04,3.582624718546867371e-03,-2.528053708374500275e-02,4.086379427462816238e-03,-4.525839164853096008e-02,-2.415371686220169067e-02,-2.034904249012470245e-02,2.151563204824924469e-02,-3.100411966443061829e-03,3.568705171346664429e-02,-1.264689676463603973e-02,1.527006737887859344e-03,-1.155984681099653244e-02,9.617739357054233551e-03,-1.216965541243553162e-02,1.406536437571048737e-02,2.579754963517189026e-02,-4.573563579469919205e-03,-3.685364127159118652e-02,2.909846836701035500e-03,1.851961761713027954e-02,-6.847917102277278900e-04,-3.652222454547882080e-03,-1.855938695371150970e-02,7.125479169189929962e-03,-1.127482764422893524e-02,-2.424651384353637695e-02,-5.811739712953567505e-02,2.460444532334804535e-02,-2.453816123306751251e-02,1.574896648526191711e-02,-9.823218919336795807e-03,-1.242153253406286240e-02,3.821245394647121429e-03,-3.569368040189146996e-03,-1.421118807047605515e-02,6.475900765508413315e-03,-1.761816069483757019e-02,2.821026928722858429e-02,1.128808502107858658e-02,4.851954057812690735e-03,-2.777279820293188095e-03,-1.344892755150794983e-02,1.716743409633636475e-02,-8.822337724268436432e-03,3.496455959975719452e-03,5.975460167974233627e-03,-8.119732141494750977e-03,3.274406120181083679e-02,-1.047942601144313812e-02,3.741042315959930420e-02,-2.682825783267617226e-03,1.789655163884162903e-02,1.372069027274847031e-02,1.476796995848417282e-02,-1.002206932753324509e-02,-1.598758623003959656e-02,4.626590292900800705e-03,-1.055233739316463470e-02,2.436582371592521667e-02,9.519971790723502636e-04,1.271980907768011093e-02,-2.602291293442249298e-02,2.540316199883818626e-03,1.785678230226039886e-02,-3.426858456805348396e-03,2.355716563761234283e-02,-3.836490586400032043e-02,-4.602728039026260376e-02,-6.611781660467386246e-03,-1.547057554125785828e-02,-1.465694513171911240e-03,5.435249302536249161e-03,-7.987164892256259918e-03,2.786559425294399261e-02,1.015463657677173615e-02,-1.777724176645278931e-02,1.529823802411556244e-02,3.080858290195465088e-02,1.615992374718189240e-02,-3.566053695976734161e-03,-9.569684043526649475e-04,-5.624157376587390900e-03,1.793632283806800842e-02,1.965306466445326805e-03,7.801570929586887360e-03,-3.497118875384330750e-02,3.361900523304939270e-02,6.754291243851184845e-03,2.083954028785228729e-02,7.664032746106386185e-04,4.755842965096235275e-03,-7.198391016572713852e-03,-1.165264379233121872e-02,8.451149798929691315e-03,-7.717888220213353634e-04,8.596973493695259094e-03,-3.210774064064025879e-02,-2.138306573033332825e-02,-8.590345270931720734e-03,8.172758854925632477e-03,-7.543065585196018219e-03,3.317490452900528908e-03,-7.688889279961585999e-03,-2.805118821561336517e-02,-3.841793164610862732e-02,1.052582450211048126e-02,8.040191605687141418e-03,8.517433307133615017e-04,-2.296061441302299500e-02,2.241708897054195404e-02,2.996015362441539764e-02,-5.922432988882064819e-03,1.354172453284263611e-02,-7.991307647898793221e-04,2.789210900664329529e-02,-8.457778021693229675e-03,-7.383984979242086411e-03,2.280153334140777588e-02,2.327877469360828400e-02,-1.922222226858139038e-02,4.861896857619285583e-03,2.709670551121234894e-02,-1.480774022638797760e-02,1.179018290713429451e-03,2.127701183781027794e-03,1.820145733654499054e-02,-3.658850863575935364e-02,1.028223196044564247e-03,-7.258046418428421021e-03,-6.373160984367132187e-03,-4.099636338651180267e-03,-1.809540204703807831e-02,-1.059210766106843948e-02,-2.836935035884380341e-02,-1.754442055243998766e-04,2.232097787782549858e-03,1.775072887539863586e-02,2.475689630955457687e-03,3.984965756535530090e-02,2.311638090759515762e-03,-9.233294986188411713e-03,2.133003994822502136e-02,-9.332720190286636353e-03,-2.419348806142807007e-03,-2.961548045277595520e-02,2.754743397235870361e-02,6.866973359137773514e-03,1.134111173450946808e-02,1.600084267556667328e-02,7.251417730003595352e-03,3.117977082729339600e-02,2.046835236251354218e-02,-2.191333472728729248e-02,-8.451149798929691315e-03,-4.629904404282569885e-03,-1.104946434497833252e-02,7.907624356448650360e-03,-1.440009684301912785e-03,-2.036229893565177917e-02,-5.097203422337770462e-03,1.684927195310592651e-02,6.724463775753974915e-03,-9.983956115320324898e-04,2.561195567250251770e-02,-6.306877825409173965e-03,6.426850706338882446e-02,9.929272346198558807e-03,-9.558084420859813690e-03,2.187356352806091309e-02,1.634551770985126495e-02,2.533356472849845886e-02,-9.644253179430961609e-03,2.118421532213687897e-02,-2.792193554341793060e-03,-3.364551812410354614e-02,3.510375693440437317e-02,9.889502078294754028e-03,2.574452199041843414e-02,-3.005957929417490959e-03,-2.794513478875160217e-02,3.057327587157487869e-03,-5.057433154433965683e-03,3.529597772285342216e-03,-6.900115404278039932e-03,9.737050160765647888e-03,2.590360306203365326e-02,-2.412720350548624992e-03,2.507174387574195862e-03,-4.613333381712436676e-03,-2.192659117281436920e-02,-5.687126424163579941e-03,1.983203180134296417e-02,-8.476005750708281994e-04,1.790980994701385498e-02,-2.905869856476783752e-02,5.203256849199533463e-03,9.041072800755500793e-03,-6.001973524689674377e-03,-2.807770296931266785e-02,9.147127158939838409e-03,-2.980107441544532776e-02,-7.330958265811204910e-03,-6.721149664372205734e-03,-7.874483242630958557e-03,1.061199232935905457e-02,8.954904973506927490e-03,3.960440866649150848e-03,-2.733532711863517761e-02,-3.117977082729339600e-02,1.836053654551506042e-02,-1.667693629860877991e-02,-9.644253179430961609e-03,-5.577758885920047760e-03,-1.845333352684974670e-02
-6.695794407278299332e-03,2.231059595942497253e-02,-3.264199942350387573e-02,-2.072819136083126068e-02,-4.998960066586732864e-03,4.592896625399589539e-02,-1.795571483671665192e-02,3.560410346835851669e-03,5.679001566022634506e-03,5.201664753258228302e-03,1.052756793797016144e-03,1.870114542543888092e-02,1.880576647818088531e-02,1.600713469088077545e-02,7.663546130061149597e-03,-2.363144606351852417e-02,7.277753204107284546e-03,-4.367959685623645782e-03,1.130569260567426682e-02,-1.399316452443599701e-02,-2.533155120909214020e-02,-6.342696025967597961e-03,-6.558478344231843948e-03,-1.670025289058685303e-02,-2.811710536479949951e-02,-5.777084268629550934e-03,1.340466644614934921e-02,7.591618690639734268e-03,1.228652149438858032e-02,-1.069921301677823067e-03,5.574379581958055496e-03,-9.952147491276264191e-03,-2.448149956762790680e-02,-4.122752230614423752e-03,-2.123495331034064293e-03,1.156070735305547714e-02,-1.432010717689990997e-02,4.227374214679002762e-03,2.326527051627635956e-02,4.083519335836172104e-03,2.588081546127796173e-02,-9.579433128237724304e-03,-1.146916393190622330e-02,-7.107743062078952789e-03,-4.012245684862136841e-02,2.718531759455800056e-03,-2.353990264236927032e-02,-2.083281427621841431e-02,-4.694902896881103516e-02,2.971912734210491180e-03,7.146975956857204437e-03,2.012661658227443695e-02,-1.650408655405044556e-02,-6.496359128504991531e-03,-2.297756075859069824e-02,-1.864883489906787872e-02,-5.773814860731363297e-03,1.046871766448020935e-02,-3.384514898061752319e-02,-8.735919371247291565e-03,2.267677336931228638e-02,3.442710731178522110e-03,6.241343449801206589e-03,-6.319810170680284500e-03,-2.197057567536830902e-02,1.374468766152858734e-02,3.714073449373245239e-03,1.089374348521232605e-02,1.490860478952527046e-03,-3.828503657132387161e-03,5.911131203174591064e-02,4.061941057443618774e-02,1.987813971936702728e-03,-1.833946444094181061e-04,1.581096835434436798e-02,-3.800386562943458557e-02,1.048669917508959770e-03,-2.384069003164768219e-02,5.093773361295461655e-03,-5.528607871383428574e-03,-9.783771820366382599e-04,-2.326527051627635956e-02,-2.730628661811351776e-02,-1.670025289058685303e-02,3.245890885591506958e-02,-9.337495081126689911e-03,1.109644863754510880e-02,2.714935503900051117e-02,1.426779665052890778e-02,-1.666101999580860138e-02,3.136038035154342651e-02,4.090711846947669983e-02,-1.016793027520179749e-02,-1.548402477055788040e-02,-1.194650027900934219e-02,4.743944387882947922e-03,-1.670474885031580925e-04,2.272908389568328857e-02,-8.884678827598690987e-04,-3.575449809432029724e-02,-1.898885518312454224e-02,-2.080992795526981354e-03,-1.454242877662181854e-02,-1.688661053776741028e-03,-1.666101999580860138e-02,-1.244345400482416153e-02,-3.060187445953488350e-03,-2.803863957524299622e-02,4.647823050618171692e-02,-9.193640202283859253e-03,1.936810836195945740e-02,2.195749804377555847e-02,3.998514264822006226e-03,-2.374914661049842834e-02,1.092643849551677704e-02,-2.259830757975578308e-02,2.136900089681148529e-02,-7.061970885843038559e-03,-1.654332131147384644e-02,-1.362698804587125778e-02,2.953930757939815521e-03,2.775092981755733490e-02,1.894962228834629059e-02,-1.790340431034564972e-02,-1.660870946943759918e-02,2.157824486494064331e-02,-2.123822271823883057e-02,-8.435131981968879700e-03,1.114222034811973572e-02,4.433348309248685837e-03,-9.260663064196705818e-04,1.401931978762149811e-02,1.325427275151014328e-02,-9.520582854747772217e-03,-1.236498821526765823e-02,-1.821073004975914955e-03,1.879922812804579735e-03,-2.224520780146121979e-02,-7.120820693671703339e-03,-2.019200474023818970e-02,2.968643233180046082e-02,4.618071252480149269e-04,-1.757646165788173676e-02,-5.430524703115224838e-03,1.006984710693359375e-02,1.663486473262310028e-02,-3.952742088586091995e-03,2.499153092503547668e-02,-7.000669138506054878e-04,-7.846633903682231903e-03,-3.364244475960731506e-03,-1.526170410215854645e-02,1.553633622825145721e-02,-1.348313316702842712e-02,-8.585525676608085632e-03,1.649427926167845726e-03,-2.832961967214941978e-03,2.950334548950195312e-02,-1.761569455265998840e-02,-9.134789928793907166e-03,-8.827463723719120026e-03,2.122514508664608002e-02,2.856174856424331665e-02,-2.306910417973995209e-02,2.271600626409053802e-02,2.707088738679885864e-02,4.505275748670101166e-03,-1.813880354166030884e-02,-2.204904146492481232e-02,-5.845742300152778625e-03,3.499598801136016846e-02,2.282062778249382973e-03,-5.476950854063034058e-02,2.445534430444240570e-02,-2.563233859837055206e-02,1.786417141556739807e-02,3.978897351771593094e-03,-1.195303909480571747e-02,-2.299063839018344879e-02,1.819111406803131104e-02,-4.741982743144035339e-02,1.585020124912261963e-02,2.172209881246089935e-02,3.282508626580238342e-02,-4.540422232821583748e-04,-1.549710240215063095e-02,1.641254313290119171e-02,2.425917796790599823e-02,1.005023065954446793e-02,-6.005944684147834778e-03,1.498707104474306107e-02,2.306583570316433907e-03,-1.158032473176717758e-02,-1.662178710103034973e-02,-6.457256674766540527e-01,-1.181572303175926208e-02,-3.685302659869194031e-02,4.913954529911279678e-03,5.786892957985401154e-03,-3.137018997222185135e-03,1.999584026634693146e-02,2.092435769736766815e-02,-1.069103926420211792e-02,-9.880220517516136169e-03,-7.415069267153739929e-03,1.915886625647544861e-02,-2.387992292642593384e-02,-1.212958898395299911e-02,-1.200535055249929428e-02,-2.040124870836734772e-02,-1.490860525518655777e-02,-4.734136164188385010e-03,3.874275600537657738e-03,-2.435072138905525208e-02,-5.495913326740264893e-03,1.033140160143375397e-02,4.224104806780815125e-03,3.146827220916748047e-03,8.552831597626209259e-03,1.260692533105611801e-02,1.755030453205108643e-02,1.035101804882287979e-02,-2.811710583046078682e-03,6.538861896842718124e-03,-3.028800897300243378e-02,2.458612062036991119e-02,-1.834150752983987331e-03,2.677009999752044678e-02,4.106405377388000488e-02,-4.946649074554443359e-03,-2.669163420796394348e-02,5.503106117248535156e-02,7.166592404246330261e-03,1.881884410977363586e-02,-3.828503657132387161e-03,-3.366206213831901550e-02,9.893298149108886719e-03,-5.953633692115545273e-03,8.167038671672344208e-03,1.588943414390087128e-02,1.472551655024290085e-02,1.785109378397464752e-02,9.559815749526023865e-03,-1.129915378987789154e-02,2.546886680647730827e-03,-9.540199302136898041e-03,-2.730628661811351776e-02,3.130806982517242432e-02,7.800862193107604980e-03,3.536216542124748230e-02,1.432828139513731003e-03,-2.678317762911319733e-02,1.885807700455188751e-02,-1.857036724686622620e-02,9.769059717655181885e-03,1.562787964940071106e-02,-2.382761240005493164e-02,-3.073265030980110168e-02,-3.757802187465131283e-04,-3.638876602053642273e-03,-7.173131685703992844e-03,3.285124152898788452e-02,-2.988259773701429367e-03,-1.700104097835719585e-03,-2.560618333518505096e-02,-5.419082008302211761e-04,6.388468202203512192e-03,1.188438152894377708e-03,2.644969616085290909e-03,-1.032486278563737869e-02,2.012661658227443695e-02,-1.693565282039344311e-03,-1.051449030637741089e-02,-3.459058003500103951e-03,5.662654526531696320e-03,-6.355773657560348511e-03,-1.667409762740135193e-02,-8.291277103126049042e-03,2.323911525309085846e-02,-1.187457330524921417e-02,-3.347897157073020935e-02,1.027909107506275177e-02,3.408381890039891005e-04,-9.337495081126689911e-03,-1.981275156140327454e-02,-1.962680253200232983e-04,1.013523549772799015e-03,-2.709704451262950897e-02,-4.155446775257587433e-03,1.769416034221649170e-02,2.278793370351195335e-03,2.180056460201740265e-02,3.081111796200275421e-02,-1.014177501201629639e-02,1.855728961527347565e-02,-2.246752940118312836e-02,1.135800313204526901e-02,-1.588943414390087128e-03,1.544479187577962875e-02,2.467766404151916504e-02,-1.490860525518655777e-02,4.407193046063184738e-03,2.223213016986846924e-02,-2.835250459611415863e-02,-6.416258402168750763e-04,3.851798246614634991e-04,5.764006637036800385e-03,-1.849190145730972290e-02,-7.186209317296743393e-03,-3.015723079442977905e-02,-1.422856375575065613e-02,1.709258556365966797e-02,1.815188117325305939e-02,-1.795571483671665192e-02,-3.740228945389389992e-03,-1.466012839227914810e-02,-7.827017456293106079e-03,-2.313449420034885406e-02,6.859266199171543121e-03,3.292970731854438782e-02,-1.081527769565582275e-02,-1.807341352105140686e-02,-6.774261128157377243e-03,-2.661316841840744019e-02,-2.831327263265848160e-03,-1.006330829113721848e-02,2.806479483842849731e-02,-8.688512607477605343e-04,2.874483726918697357e-02,1.148878037929534912e-02,1.009600237011909485e-02,1.190072856843471527e-02,-2.854213118553161621e-03,-1.403239741921424866e-02,-8.474364876747131348e-03,2.500460855662822723e-02,1.526170410215854645e-02,-8.016644977033138275e-03,-1.182880159467458725e-02,-3.190964460372924805e-02,-1.735414005815982819e-02,-1.893654465675354004e-02,-2.444226481020450592e-02,2.509615197777748108e-02,6.630405783653259277e-03,-8.853618986904621124e-03,-3.549294173717498779e-02,3.225293708965182304e-03,2.224847674369812012e-03,-1.668717525899410248e-02,7.820478640496730804e-03,2.488036872819066048e-03,-1.010908093303442001e-02,-1.896269991993904114e-02,1.927656494081020355e-02,-1.919809915125370026e-02,-3.504829853773117065e-02,-1.425471901893615723e-02,1.407489995472133160e-03,-4.717788659036159515e-03,2.514846250414848328e-02,-9.697131812572479248e-03,1.763858017511665821e-03,-2.694011107087135315e-02,5.692079197615385056e-03,9.514044038951396942e-03,-3.217120096087455750e-02,9.036706760525703430e-03,1.412394177168607712e-02,-5.907861515879631042e-03,-2.578927204012870789e-02,-2.446842193603515625e-02,-1.523554790765047073e-02,2.895408123731613159e-02,1.374795683659613132e-03,2.602467080578207970e-03,-3.070649504661560059e-02,-6.002675276249647141e-03,1.240422111004590988e-02,-2.715262351557612419e-03,6.659830920398235321e-03,1.329350657761096954e-02,-7.604696322232484818e-03,1.320850104093551636e-02,1.714489609003067017e-02,-1.907713012769818306e-03,1.910655386745929718e-02,-1.948580844327807426e-03,9.402883239090442657e-03,1.662178710103034973e-02,5.999405868351459503e-03,-1.956427469849586487e-02,5.803239997476339340e-03,2.024431712925434113e-02,1.896269991993904114e-02,-1.167840696871280670e-02,3.366206213831901550e-02,-1.401768531650304794e-03,1.867499016225337982e-02,-3.337435051798820496e-02,7.879328913986682892e-03,-6.412171642296016216e-04,3.876237198710441589e-02,-5.456680431962013245e-03,-2.522692829370498657e-02,-4.381037503480911255e-02,-2.691395580768585205e-02,7.055432070046663284e-03,4.286224022507667542e-03,3.805617615580558777e-02,-2.466458640992641449e-02,8.670531213283538818e-03,-3.768019087146967649e-04,1.152801327407360077e-02,1.548402477055788040e-02,-1.210343372076749802e-02,1.645341166295111179e-03,2.008738368749618530e-02,-2.457304298877716064e-02,4.646678862627595663e-04,2.499153092503547668e-02,8.075494319200515747e-03,1.815188117325305939e-02,-1.539084594696760178e-03,1.851805672049522400e-02,7.245059125125408173e-03,-3.740229085087776184e-02,1.816495880484580994e-02,-1.693565282039344311e-03,8.410611189901828766e-04,-1.898885518312454224e-02,-2.240214124321937561e-02,-2.353990217670798302e-03,-1.169148460030555725e-02,1.974736340343952179e-02,2.153901197016239166e-02,-8.618219755589962006e-03,-1.484321616590023041e-02,1.909347623586654663e-02,9.244316024705767632e-04,2.401070110499858856e-02,9.912914596498012543e-03,-3.655223874375224113e-03,2.057125978171825409e-02,-8.802943048067390919e-04,1.847228500992059708e-03,-4.088096320629119873e-02,-9.252489544451236725e-03,-8.925546891987323761e-03,-1.382315438240766525e-02,6.947540678083896637e-04,1.591558940708637238e-02,3.107267245650291443e-02,2.746322005987167358e-02,5.263783968985080719e-03,1.065180636942386627e-02,1.926348730921745300e-02,9.808292612433433533e-03,3.716688975691795349e-02,-9.396344423294067383e-03,-1.126645877957344055e-02,-2.289909496903419495e-02,-1.918502151966094971e-02,-3.737613558769226074e-02,3.658493282273411751e-03,1.330004539340734482e-02,1.033140160143375397e-02,-1.868806779384613037e-02,-3.321741940453648567e-03,1.211651135236024857e-02,6.150616682134568691e-04,1.655639894306659698e-02,2.376222424209117889e-02,-2.752860775217413902e-03,-8.873235434293746948e-03,-1.400624215602874756e-02,1.107683219015598297e-02,5.034923553466796875e-03,-3.218754660338163376e-03,-1.050141174346208572e-02,-3.062802925705909729e-02,2.669163420796394348e-02,-3.766384348273277283e-02,-8.441670797765254974e-03,-3.763115033507347107e-03,1.684410870075225830e-02,3.969089128077030182e-03,-1.384930964559316635e-02,-4.289493337273597717e-02,-1.230613794177770615e-02,1.390162017196416855e-02,-9.566354565322399139e-03,1.694872975349426270e-02,-1.215574424713850021e-02,-1.637331023812294006e-02,-1.421385095454752445e-03,-7.519691251218318939e-03,-2.769208047538995743e-03,3.591142967343330383e-02,-4.482389893382787704e-03,1.018754672259092331e-02,1.058641728013753891e-02,-1.182226184755563736e-02,-3.201426938176155090e-02,-2.973874472081661224e-02,1.379699818789958954e-02,5.708426237106323242e-03,2.419378980994224548e-02,-2.293832786381244659e-02,-2.712319977581501007e-02,-1.982582919299602509e-02,-2.123495331034064293e-03,2.006122842431068420e-02,2.139842603355646133e-03,-4.619705956429243088e-03,-1.093297731131315231e-02,2.571407472714781761e-03,1.698469393886625767e-03,1.064526736736297607e-01,1.786743989214301109e-03,-5.938104004599153996e-04,1.515708211809396744e-02,9.657898917794227600e-03,3.606836125254631042e-02,4.503641102928668261e-04,-2.216674201190471649e-02,8.245504461228847504e-03,-5.064348690211772919e-03,-1.591558940708637238e-02,-1.877961121499538422e-02,5.934017244726419449e-03,3.364244475960731506e-03,1.548402477055788040e-02,1.803418062627315521e-02,5.394561216235160828e-03,-2.743706479668617249e-02,-9.827909059822559357e-03,-1.858344487845897675e-02,-3.502214327454566956e-02,5.182047840207815170e-03,1.723643951117992401e-02,4.192718118429183960e-02,5.224550608545541763e-03,-9.816465899348258972e-04,-4.554317332804203033e-03,2.258522808551788330e-02,1.366622094064950943e-02,-3.112498205155134201e-03,-1.365804811939597130e-03,2.357913553714752197e-02,6.957348901778459549e-03,3.350512683391571045e-02,-4.452964756637811661e-03,1.209689490497112274e-02,1.208381634205579758e-02,2.214058674871921539e-02,1.684410870075225830e-02,1.098528853617608547e-03,-2.556694904342293739e-03,1.163917407393455505e-02,-1.486773719079792500e-03,-1.421548612415790558e-02,3.019319381564855576e-03,-6.274037994444370270e-03,2.931044902652502060e-03,1.493476051837205887e-02,-3.099420480430126190e-02,-2.725397609174251556e-02,3.622529655694961548e-02,-1.926348730921745300e-02,-3.478674590587615967e-02,-2.656085789203643799e-02,-8.219349198043346405e-03,-2.582850493490695953e-02,6.924654822796583176e-03,-8.258583024144172668e-03,-2.238906361162662506e-02,1.557556912302970886e-02,-9.180561639368534088e-03,-2.002199552953243256e-02,8.703225292265415192e-03,6.800416391342878342e-03,-1.935503096319735050e-03,-1.475167274475097656e-02,6.885421462357044220e-03,9.978303685784339905e-03,-1.574558019638061523e-02,-1.874037832021713257e-02,-1.101798191666603088e-02,4.426809493452310562e-03,-2.623391337692737579e-02,-1.198573410511016846e-02,3.622529655694961548e-02,3.394977003335952759e-02,1.426779665052890778e-02,-3.586565842851996422e-03,-1.684410870075225830e-02,-8.786595426499843597e-04,-1.483013853430747986e-02,-1.813880354166030884e-02,-1.039025187492370605e-02,-1.222767215222120285e-02,-1.439857389777898788e-02,1.690949685871601105e-02,-2.542309463024139404e-02,-6.211918778717517853e-03,-1.335235591977834702e-02,1.264615915715694427e-02,8.590429788455367088e-04,2.290236297994852066e-03,1.408470887690782547e-02,2.156516723334789276e-02,-2.929410198703408241e-03,2.624699100852012634e-02,2.607698179781436920e-02,5.417447071522474289e-03,-4.250260069966316223e-03,-7.303908932954072952e-03,-5.881706252694129944e-03,-1.044256240129470825e-02,1.501322723925113678e-02,1.105476330849342048e-04,2.547540515661239624e-02,4.305840469896793365e-03,8.677070029079914093e-03,2.869252674281597137e-02,3.789270529523491859e-03,1.624907134100794792e-03,1.938118599355220795e-02,-3.656531497836112976e-02,-9.461733512580394745e-03,-1.286194100975990295e-02,-3.150096628814935684e-03,-1.889731036499142647e-03,-2.180710434913635254e-03,2.327834814786911011e-02,1.185495685786008835e-02,2.301679458469152451e-03,7.879328913986682892e-03,-2.488690800964832306e-02,5.482181906700134277e-02,8.493981324136257172e-03,-1.688334159553050995e-02,1.581096835434436798e-02,3.368821740150451660e-02,-2.960796654224395752e-02,1.027909107506275177e-02,1.698796264827251434e-02,2.452073153108358383e-03,3.730420721694827080e-03,-1.099836546927690506e-02,1.511784829199314117e-02,-2.352682501077651978e-02,-1.727567240595817566e-02,1.446396205574274063e-02,9.762520901858806610e-03,6.512706633657217026e-03,4.822410643100738525e-03,-3.198811411857604980e-02,-1.522247027605772018e-02,-1.485629379749298096e-02,-3.873621672391891479e-02,-3.070649504661560059e-02,-3.028800897300243378e-02,-1.847228500992059708e-03,3.277604468166828156e-03,2.389300055801868439e-02,2.070203609764575958e-02,-1.485629379749298096e-02,1.226036623120307922e-02,-3.040570765733718872e-03,1.252192072570323944e-02,-6.381929386407136917e-03,-6.735027767717838287e-03,-1.484321616590023041e-02,-4.371229093521833420e-03,3.489136695861816406e-02,3.996552526950836182e-02,3.795155510306358337e-02,2.877099206671118736e-03,-1.123376470059156418e-02,1.235844939947128296e-02,2.967008622363209724e-03,4.213479114696383476e-04,-4.269876983016729355e-03,-4.165254998952150345e-03,-3.397592529654502869e-02,2.002199552953243256e-02,2.506999671459197998e-02,2.153901197016239166e-02,9.566354565322399139e-03,1.806033588945865631e-02,1.094605494290590286e-02,1.940734125673770905e-02,1.042948476970195770e-02,-5.584188271313905716e-03,-1.159994117915630341e-02,-2.495229616761207581e-02,-1.622945442795753479e-02,-1.364006567746400833e-02,-4.757022019475698471e-03,-1.287501864135265350e-02,-1.235844939947128296e-02,-2.334373630583286285e-02,2.623391337692737579e-02,1.836112327873706818e-02,1.040986832231283188e-02,-1.258077006787061691e-02,2.796017378568649292e-02,-2.510922960937023163e-02,1.851805672049522400e-02,-1.065180636942386627e-02,1.056026201695203781e-02,-9.886759333312511444e-03,3.120344877243041992e-02,3.120263281743973494e-04,6.009214092046022415e-03,1.213612779974937439e-02,1.715797372162342072e-02,1.294694654643535614e-02,-1.492168288677930832e-02,-1.122068706899881363e-02,-5.106850992888212204e-03,1.081527769565582275e-02,1.825977233238518238e-03,-7.879328913986682892e-03,-1.277530100196599960e-03,-2.913716807961463928e-02,-2.030970528721809387e-02,-4.394115414470434189e-03,-1.881884410977363586e-02,-2.105513587594032288e-02,1.893654465675354004e-02,-1.673948578536510468e-02,-2.037509344518184662e-02,2.526616305112838745e-02,-9.631743654608726501e-03,-2.514846250414848328e-02,-5.705156829208135605e-03,-1.824342459440231323e-02,2.661316841840744019e-02,-1.811264827847480774e-02,2.707088738679885864e-02,1.961658522486686707e-02,-5.250705871731042862e-03,-2.856174856424331665e-02,7.879328913986682892e-03,-3.306212020106613636e-04,-1.235844939947128296e-02,-6.401545833796262741e-03,2.160440012812614441e-02,5.433794111013412476e-03,9.759251261129975319e-04,1.122722588479518890e-02,-1.284232456237077713e-02,-4.371229093521833420e-03,-1.736721768975257874e-02,1.594174467027187347e-02,3.189329989254474640e-03,1.446723239496350288e-03,8.745727827772498131e-04,-3.073265077546238899e-03,1.118799299001693726e-02,1.339649315923452377e-03,-5.270322784781455994e-03,4.407193046063184738e-03,-1.970813050866127014e-02,-1.545786950737237930e-02,-1.526170410215854645e-02,-9.311338886618614197e-03,-1.655639894306659698e-02,1.420240756124258041e-02,-1.651716604828834534e-02,-2.508307434618473053e-02,-4.407193046063184738e-03,1.121414825320243835e-03,-6.878882646560668945e-03,5.764006637036800385e-03,1.191707560792565346e-03,2.595928125083446503e-02,-3.515292331576347351e-02,-5.499182734638452530e-03,3.957319259643554688e-02,-4.221652634441852570e-04,-1.460781786590814590e-02,5.208203569054603577e-03,-1.679179817438125610e-02,2.319988235831260681e-02,-1.588943414390087128e-02,1.832516049034893513e-03,-2.118591219186782837e-02,3.439441323280334473e-02,1.715797372162342072e-02,-2.125130034983158112e-02,-9.113538544625043869e-04,-3.682687133550643921e-02,-1.667409762740135193e-02,4.057363606989383698e-03,2.578927204012870789e-02,1.520285382866859436e-03,-1.102615613490343094e-03,-1.426289207302033901e-03,-1.282270811498165131e-02,-1.747183874249458313e-02,1.690295757725834846e-03,4.276415798813104630e-03,2.172209881246089935e-02,-1.766800507903099060e-02,-3.661762550473213196e-02,-5.090503953397274017e-03,-9.638282470405101776e-03,2.013969421386718750e-02,-2.326200017705559731e-03,-1.945965364575386047e-02,-1.528785936534404755e-02,2.595928125083446503e-02,-3.062802925705909729e-02,2.599851414561271667e-02,-2.945103310048580170e-02,-2.195422770455479622e-03,-2.890176884829998016e-02,4.237182438373565674e-03,-8.585525676608085632e-03,-2.846039598807692528e-03,2.078050374984741211e-02,-4.469966143369674683e-02,8.018279331736266613e-04,2.456977264955639839e-03,-3.615990513935685158e-03,3.580680862069129944e-02,1.726259477436542511e-02,4.916407051496207714e-04,-3.553871531039476395e-03,-1.932887546718120575e-02,3.444672375917434692e-02,-2.691395580768585205e-02,-3.413286060094833374e-02,3.347897157073020935e-02,1.099836546927690506e-02,1.055372320115566254e-02,1.811264827847480774e-02,-2.751553058624267578e-02,6.450587417930364609e-03,1.558864675462245941e-02,-5.698618013411760330e-03,2.427225559949874878e-02,-1.613791100680828094e-02,-1.863575726747512817e-02,1.488244999200105667e-02,-5.044731777161359787e-03,-1.908039860427379608e-02,-6.636944599449634552e-03,-1.054064556956291199e-02,-6.025561131536960602e-03,-5.473027471452951431e-03,1.070411689579486847e-02,-9.232873097062110901e-03,-1.574558019638061523e-02,2.487383037805557251e-02,5.142814945429563522e-03,2.534462884068489075e-02,-5.440332926809787750e-03,-5.574379581958055496e-03,-1.398008689284324646e-02,5.688809789717197418e-03,-1.770723797380924225e-02,-4.341804236173629761e-02,-2.518769539892673492e-02,-5.807326524518430233e-04,3.470828011631965637e-02,1.425471901893615723e-02,-2.412839978933334351e-02,7.310447748750448227e-03,6.149799562990665436e-03,-5.419408902525901794e-02,-1.304502948187291622e-03,1.936810836195945740e-02,7.061970885843038559e-03,8.422054350376129150e-03,2.494575921446084976e-03,2.547540515661239624e-02,1.774647086858749390e-02,-7.343141827732324600e-03,1.201842818409204483e-02,-2.142131142318248749e-02,-2.015277184545993805e-02,1.999584026634693146e-02,-3.329588472843170166e-02,-5.531877279281616211e-03,-4.318918101489543915e-03,-1.467320602387189865e-02,-5.257245153188705444e-03,2.077723387628793716e-03,-1.382315438240766525e-02,6.496359128504991531e-03,1.872730068862438202e-02,1.319215400144457817e-03,-3.936395049095153809e-03,1.223421096801757812e-02,1.396700926125049591e-02,-1.190890208818018436e-03,-6.012483499944210052e-03,-1.540555898100137711e-02,-7.838460733182728291e-04,1.105721574276685715e-02,1.443780679255723953e-02,-2.572633384261280298e-04,-3.993937000632286072e-02,4.557586740702390671e-03,1.569326780736446381e-02,-7.689701393246650696e-03,-1.677871868014335632e-02,4.341804422438144684e-03,-9.089018218219280243e-03,-2.862386871129274368e-03,-1.053410675376653671e-02,1.561480201780796051e-02,1.731490716338157654e-02,-1.311041787266731262e-02,1.892346702516078949e-02,-2.268985100090503693e-02,-8.690147660672664642e-03,-9.788676165044307709e-03,3.149116039276123047e-02,-3.156962618231773376e-02,-3.732382506132125854e-02,-6.015752907842397690e-03,1.208872068673372269e-03,2.134284563362598419e-02,-2.945103310048580170e-02,-2.628622576594352722e-03,-2.386684529483318329e-02,7.075048517435789108e-03,1.701738801784813404e-03,8.467826060950756073e-03,-6.689255591481924057e-03,2.297756075859069824e-02,4.286877810955047607e-02,-1.930272020399570465e-02,-4.956457298249006271e-03,-1.477782800793647766e-02,1.426779665052890778e-02,-1.248268689960241318e-02,-8.847080171108245850e-03,-2.913716807961463928e-02,8.722841739654541016e-03,-2.246752940118312836e-02,-1.544806174933910370e-03,5.410908255726099014e-03,-2.313449420034885406e-02,-1.089537865482270718e-03,1.565403491258621216e-02,-1.704027317464351654e-02,-4.904146306216716766e-03,1.774385571479797363e-01,1.650245278142392635e-03,-1.438549626618623734e-02,1.340466644614934921e-02,4.799524787813425064e-03,4.299301654100418091e-03,2.620775811374187469e-02,2.803863957524299622e-02,1.037063449621200562e-02,-4.897607490420341492e-03,-4.054094478487968445e-02,-1.544479187577962875e-02,-1.683103106915950775e-02,5.266848893370479345e-05,2.335681393742561340e-02,-4.626898840069770813e-02,-1.326081156730651855e-02,-5.116659216582775116e-03,-2.882330305874347687e-02,-8.363204076886177063e-03,-1.660870946943759918e-02,-8.735919371247291565e-03,-1.752414926886558533e-02,-1.540555898100137711e-02,2.709704451262950897e-02,7.970872335135936737e-03,-2.101590298116207123e-02,3.680071607232093811e-02,4.197949543595314026e-03,2.865656279027462006e-03,5.947094876319169998e-03,4.469312261790037155e-03,5.898053292185068130e-03,-2.106821350753307343e-02,4.989151842892169952e-03,6.172685418277978897e-03,2.374914661049842834e-02,-9.716749191284179688e-03,1.070411689579486847e-02,6.019022315740585327e-03,1.901501044631004333e-02,-1.675583305768668652e-03,-9.585971944034099579e-03,1.579789072275161743e-02,2.919601742178201675e-03,2.240214124321937561e-02,2.244464354589581490e-03,-2.268985100090503693e-02,-4.998960066586732864e-03,1.004369184374809265e-02,-3.235428780317306519e-02,-1.611175574362277985e-02,2.573695965111255646e-02,2.454688772559165955e-02,8.062416687607765198e-03,5.593996495008468628e-03,1.655639894306659698e-02,1.109644863754510880e-02,1.611175574362277985e-02,1.980049128178507090e-04,-2.359221316874027252e-02,3.062802925705909729e-02,-2.425917796790599823e-02,2.279447205364704132e-02,-8.958240970969200134e-03,2.747956663370132446e-03,-2.879714779555797577e-02,1.659563183784484863e-02,2.882330305874347687e-02,-1.689641922712326050e-02,9.259028360247612000e-03,-3.745460137724876404e-02,-2.895408123731613159e-02,6.878882646560668945e-03,-4.577203188091516495e-03,1.589760766364634037e-03,3.371437266469001770e-02,1.052102912217378616e-02,-2.010046131908893585e-02,1.664794236421585083e-02,6.064794491976499557e-03,1.588943414390087128e-03,6.774261128157377243e-03,8.853618986904621124e-03,1.473859511315822601e-02,-3.630376234650611877e-02,1.480398327112197876e-02,-7.585079874843358994e-03,-1.458166167140007019e-02,7.879328913986682892e-03,2.432456612586975098e-02,-5.914400797337293625e-03,-2.512230724096298218e-02,-7.526230067014694214e-03,9.755982086062431335e-03,-5.714965518563985825e-03,1.063872873783111572e-02,1.314311195164918900e-02,-2.070203609764575958e-02,3.031416423618793488e-02,-1.453262055292725563e-03,-4.681927384808659554e-05,2.819557301700115204e-02,1.154109090566635132e-02,-4.336082783993333578e-04,-6.957348901778459549e-03,3.525754436850547791e-02,2.300371602177619934e-02,1.374468766152858734e-02,-6.759548559784889221e-04,1.859652251005172729e-02,-8.637836202979087830e-03,8.637836202979087830e-03,4.842027090489864349e-03,4.608589783310890198e-02,8.108188398182392120e-03,-3.041878528892993927e-02,-3.413286060094833374e-02,1.007638592272996902e-02,1.133184786885976791e-02,-5.335711408406496048e-03,-8.533215150237083435e-03,1.988222647923976183e-04,3.630376234650611877e-02,-2.200327115133404732e-03,-1.246307045221328735e-02,-2.884945832192897797e-02,8.310893550515174866e-03,1.039025187492370605e-02,-4.689671844244003296e-02,1.928964257240295410e-02,-1.168494578450918198e-02,-2.072819275781512260e-03,-7.277753204107284546e-03,2.122514508664608002e-02,4.005053080618381500e-03,6.162877194583415985e-03,-5.371674895286560059e-03,-8.729380555450916290e-03,-8.356665261089801788e-03,-5.015307106077671051e-03,-4.103135783225297928e-03,9.259028360247612000e-03,1.278347522020339966e-02,-8.121266029775142670e-03,-8.525041048415005207e-04,1.557556912302970886e-02,-7.237702957354485989e-04,-1.239114347845315933e-02,-3.387130424380302429e-02,-2.903254702687263489e-02,2.091128006577491760e-02,7.970872335135936737e-03,2.197057707235217094e-03,2.288601733744144440e-02,-1.328696776181459427e-02,-1.794263720512390137e-02,-1.888423226773738861e-02,-1.472061267122626305e-03,1.769416034221649170e-02,-3.253737837076187134e-02,1.892346702516078949e-02,4.103789851069450378e-02,-3.768999874591827393e-02,-7.519691251218318939e-03,1.333927828818559647e-02,-1.647793203592300415e-01,1.785109378397464752e-02,3.112498298287391663e-02,2.337643178179860115e-03,1.469936128705739975e-02,-1.339158881455659866e-02,4.273800179362297058e-02,6.211918662302196026e-04,-7.526230067014694214e-03,2.824788354337215424e-02,1.290117483586072922e-02,1.205766107887029648e-02,-2.531847357749938965e-02,-3.238371340557932854e-03,-2.112052403390407562e-02,6.185763515532016754e-03,-7.597340154461562634e-04,-2.041432633996009827e-02,3.907623887062072754e-02,9.154406376183032990e-03,2.864021435379981995e-02,4.410462453961372375e-03,7.624312769621610641e-03,-2.146054431796073914e-02,2.274216152727603912e-02,1.501322723925113678e-02,-2.756784111261367798e-02,1.578481309115886688e-02,-1.535324752330780029e-02,-1.569326780736446381e-02,-1.319542340934276581e-02,-4.371229093521833420e-03,1.824342459440231323e-02,-1.119453180581331253e-02,-2.010700060054659843e-03,2.360120415687561035e-04,-9.788676165044307709e-03,1.292733009904623032e-02,-1.189418975263834000e-02,2.381453476846218109e-02,-1.020062435418367386e-02,-4.041016567498445511e-03,2.068895846605300903e-02,9.017090313136577606e-03,-1.102452073246240616e-02,3.507445380091667175e-02,2.072819136083126068e-02,-2.161747775971889496e-02,4.279685206711292267e-03,-1.985198445618152618e-02,7.617773953825235367e-03,-3.350512683391571045e-02,7.813939824700355530e-03,-5.338980816304683685e-03,2.782285679131746292e-03,2.542309463024139404e-02,-1.061257254332304001e-02,-3.782731713727116585e-03,-3.419824875891208649e-03,-2.855847822502255440e-03,2.612275304272770882e-03,1.458166167140007019e-02,9.788676165044307709e-03,-1.023331843316555023e-02,1.058641728013753891e-02,-2.741090953350067139e-02,-1.966889575123786926e-02,-9.415960870683193207e-03,-2.368375845253467560e-02,2.975182142108678818e-03,-2.615544758737087250e-02,-2.992183156311511993e-02,3.041878528892993927e-02,-5.041462369263172150e-03,1.923733204603195190e-02,8.598603308200836182e-03,2.054837299510836601e-03,4.011591896414756775e-03,6.306732073426246643e-03,3.432902507483959198e-03,-2.016584947705268860e-02,4.357497394084930420e-02,-1.757646165788173676e-02,-7.715857122093439102e-03,-5.270322784781455994e-03,1.134492550045251846e-02,-1.537940278649330139e-02,1.872730068862438202e-02,-4.354882054030895233e-03,-3.789270529523491859e-03,5.496731027960777283e-04,-3.041878528892993927e-02,1.595482230186462402e-02,6.616510800085961819e-04,2.291217260062694550e-02,1.587635651230812073e-02,2.748937532305717468e-02,-1.060603372752666473e-02,7.643929682672023773e-03,-1.432010717689990997e-02,-2.118591219186782837e-03,1.187457330524921417e-02,-3.421132639050483704e-02,7.604696322232484818e-03,1.061257254332304001e-02,2.779016271233558655e-03,1.124030351638793945e-02,1.812572591006755829e-02,2.183979935944080353e-02,-1.561480201780796051e-02,3.825234249234199524e-03,4.819141235202550888e-03,2.958181127905845642e-02,2.212750911712646484e-02,-2.603284374345093966e-04,2.704473212361335754e-02,-1.591395470313727856e-03,-1.244835788384079933e-03,2.821518806740641594e-03,-2.544924989342689514e-02,8.521445095539093018e-02,-7.728934753686189651e-03,-4.570664372295141220e-03,-1.713181845843791962e-02,-2.843097224831581116e-02,-3.763768821954727173e-02,-1.123638004064559937e-01,-6.052533863112330437e-04,2.459919825196266174e-02,2.081973664462566376e-02,1.468628365546464920e-02,1.786417141556739807e-02,-6.774261128157377243e-03,-1.493476051837205887e-02,-9.324417449533939362e-03,1.231921557337045670e-02,-5.754198413342237473e-03,-1.208054716698825359e-03,1.307118497788906097e-02,-2.297756075859069824e-02,2.963412180542945862e-02,5.423985887318849564e-03,-3.228563116863369942e-03,-1.701411791145801544e-02,-8.376281708478927612e-03,3.678109729662537575e-03,-2.053202688694000244e-02,2.108129113912582397e-02,7.578541059046983719e-03,-2.246752940118312836e-02,2.151285484433174133e-02,-4.099866375327110291e-03,-3.167424723505973816e-02,1.087412703782320023e-02,3.287739679217338562e-02,5.414177663624286652e-03,3.351166611537337303e-03,-4.891068674623966217e-03,-1.969832228496670723e-03,-6.040273583494126797e-04,-1.269846968352794647e-02,-3.462981432676315308e-02,-1.433318480849266052e-02,-2.581215696409344673e-03,1.732798479497432709e-02,-3.939664456993341446e-03,-2.803537063300609589e-04,-9.710209444165229797e-03,4.622158012352883816e-04,-2.669490408152341843e-03,-6.963887717574834824e-03,-1.664794236421585083e-02,-3.092881757766008377e-03,2.843097224831581116e-02,1.952504180371761322e-02,3.665032098069787025e-03,-2.334373630583286285e-02,-8.114727213978767395e-03,-3.421132639050483704e-02,8.958240970969200134e-03,2.219289727509021759e-02,-2.916332334280014038e-02,1.013523619621992111e-02,2.221905253827571869e-02,-3.232813253998756409e-02,-8.716302923858165741e-03,-1.860960014164447784e-02,-2.383415121585130692e-03,2.733244188129901886e-02,1.001753658056259155e-02,3.959280904382467270e-03,8.637836202979087830e-03,-7.624312769621610641e-03,-1.983890682458877563e-02,2.076742611825466156e-02,-2.801248431205749512e-02,9.370189160108566284e-03,8.153961040079593658e-03,-2.079358138144016266e-02,1.361391041427850723e-02,-2.206211909651756287e-02,3.802348161116242409e-03,3.596374066546559334e-03,-1.013523619621992111e-02,1.140377484261989594e-02,-3.677456080913543701e-02,-1.549710240215063095e-02,-2.654777839779853821e-02,1.923733204603195190e-02,-1.888096332550048828e-03,3.044494055211544037e-02,-1.282270811498165131e-02,2.226482378318905830e-03,1.682122237980365753e-03,2.047971449792385101e-02,-1.392777543514966965e-02,4.828949458897113800e-03,3.269430994987487793e-02,-2.764303935691714287e-03,-3.300817310810089111e-02,-3.735324717126786709e-04,2.097666822373867035e-02,-5.986328236758708954e-03,-8.083668071776628494e-04,-2.024431712925434113e-02,1.161301881074905396e-02,-5.839203484356403351e-03,-3.334819525480270386e-02,-6.240689754486083984e-02,2.019200474023818970e-02,-1.893654465675354004e-02,1.117491535842418671e-02,1.033140229992568493e-03,-2.199673093855381012e-02,8.082033134996891022e-03,-6.591172888875007629e-03,-1.849190145730972290e-02,2.007430652156472206e-03,-2.575003728270530701e-02,1.727567240595817566e-02,-5.414177663624286652e-03,-1.730182766914367676e-02,-7.231981027871370316e-03,-1.403239741921424866e-02,4.855104722082614899e-03,-1.241729874163866043e-02,7.480457890778779984e-03,-7.153514772653579712e-03,7.115098997019231319e-04,2.573695965111255646e-02,-1.178302895277738571e-02,2.474305406212806702e-02,-3.642146009951829910e-03,9.062862955033779144e-03,1.556249149143695831e-02,1.290771365165710449e-02,-1.167186815291643143e-02,-2.314757183194160461e-02,3.452519187703728676e-03,-2.336989156901836395e-02,5.443602334707975388e-03,3.241640748456120491e-03,2.911837073042988777e-04,-2.572388201951980591e-02,-1.360900583676993847e-03,2.625761844683438540e-04,-4.103135725017637014e-04,3.868390619754791260e-02,-3.844850882887840271e-02,-5.707118660211563110e-02,3.140288405120372772e-03,-1.931579783558845520e-02,-3.998514264822006226e-03,-2.054510451853275299e-02,5.571110174059867859e-03,2.129053510725498199e-02,4.962996114045381546e-03,-2.694011107087135315e-02,2.059741504490375519e-02,2.385376766324043274e-02,1.055372320115566254e-02,-1.526170410215854645e-02,4.034477751702070236e-03,-5.038192961364984512e-03,3.164809197187423706e-02,1.129997035604901612e-04,1.809956878423690796e-02,-2.526616305112838745e-02,3.640838339924812317e-02,1.369237713515758514e-02,1.991737261414527893e-02,-2.497845329344272614e-03,5.097042769193649292e-03,-7.081587333232164383e-03,5.662654526531696320e-03,8.441670797765254974e-03,-1.150185801088809967e-02,-5.250705871731042862e-03,-6.283846218138933182e-03,-1.518323738127946854e-02,-7.624312769621610641e-03,2.229752019047737122e-03,3.995244391262531281e-03,-7.604696322232484818e-03,-9.664437733590602875e-03,-9.128251112997531891e-03,-2.605082653462886810e-02,1.649427926167845726e-03,1.285540219396352768e-02,-1.061747665517032146e-03,-9.455194696784019470e-03,2.518769539892673492e-02,2.756784111261367798e-02,-1.080220006406307220e-02,4.371229093521833420e-03,-1.734106242656707764e-02,1.673948578536510468e-02,-9.514044038951396942e-03,-1.086758822202682495e-02,2.259830757975578308e-02,8.153961040079593658e-03,-2.496537379920482635e-02,-1.599405705928802490e-02,1.879268884658813477e-02,-7.068509701639413834e-03,4.910685122013092041e-03,-4.446425940841436386e-03,3.306048735976219177e-02,-2.688780054450035095e-02,2.149650827050209045e-03,-2.038490260019898415e-03,-1.286194100975990295e-02,-8.820924907922744751e-03,1.501322723925113678e-02,-7.101203780621290207e-03,-2.374914661049842834e-02,6.019022315740585327e-03,1.595482230186462402e-02,6.708872504532337189e-03,1.127953641116619110e-02,1.875345595180988312e-02,6.355773657560348511e-03,-1.182880159467458725e-02,1.995660737156867981e-02,-1.409942051395773888e-03,1.898885518312454224e-02,-2.905870229005813599e-02,1.883192174136638641e-02,1.042948476970195770e-02,-9.527121670544147491e-03,1.947273127734661102e-02,1.906732097268104553e-02,3.334819525480270386e-02,2.683549001812934875e-02,-1.024149241857230663e-03,5.126467905938625336e-03,-8.703225292265415192e-03,1.357631175778806210e-03,6.996582262217998505e-03,-1.452444703318178654e-03,-2.261138521134853363e-02,-6.761183030903339386e-03,1.270500849932432175e-02,-3.341358387842774391e-03,3.936395049095153809e-03,2.463843114674091339e-02,8.873235434293746948e-03,5.207549780607223511e-02,1.757646165788173676e-02,-2.093743532896041870e-02,6.421162281185388565e-03,1.081527769565582275e-02,5.937286652624607086e-03,-8.663992397487163544e-03,1.679179817438125610e-02,1.208381634205579758e-02,-3.112498298287391663e-02,2.660009078681468964e-02,5.721504334360361099e-03,3.036647476255893707e-02,6.813494022935628891e-03,-4.007014632225036621e-02,8.729380555450916290e-03,-7.421608082950115204e-03,1.612483337521553040e-02,-4.390845540910959244e-03,1.505246013402938843e-02,1.782493665814399719e-02,1.015485264360904694e-02,5.603804718703031540e-03,-1.966889575123786926e-02,-2.924179099500179291e-02,3.383860923349857330e-03,3.342666104435920715e-02,-1.148224156349897385e-02,1.268539228476583958e-03,-3.204042464494705200e-02,-2.098974771797657013e-03,4.786446690559387207e-03,-1.350928843021392822e-02,-1.122722588479518890e-02,1.198573410511016846e-02,-2.546232752501964569e-02,-1.369237713515758514e-02,-8.546292781829833984e-03,1.672313897870481014e-03,2.041432633996009827e-02,-3.400208195671439171e-03,2.529231831431388855e-02,-2.394531294703483582e-02,-1.683103106915950775e-02,3.057571873068809509e-02,-8.742458187043666840e-03,-4.982612561434507370e-03,-6.988408858887851238e-04,-2.391915768384933472e-02
-7.482020650058984756e-03,1.584663800895214081e-02,-2.617035619914531708e-02,-6.475725676864385605e-03,-1.606060191988945007e-02,5.188604071736335754e-02,-1.428370596840977669e-03,-1.405469793826341629e-02,1.386748068034648895e-02,-3.991748206317424774e-03,-9.561473852954804897e-04,2.389699779450893402e-02,2.195795811712741852e-02,-9.168651304207742214e-04,-1.439235871657729149e-03,-2.808265015482902527e-02,1.309855096042156219e-02,-5.044847726821899414e-03,1.967122778296470642e-02,-1.156737748533487320e-02,5.603993195109069347e-04,-1.230287551879882812e-02,-7.823023945093154907e-03,-1.126649230718612671e-02,-1.651527360081672668e-02,3.201087936758995056e-03,1.829384081065654755e-02,3.406692994758486748e-03,-3.473556367680430412e-03,-9.655082598328590393e-03,4.981327336281538010e-03,-1.632805541157722473e-02,-3.484923392534255981e-02,5.335703492164611816e-03,-2.546160295605659485e-02,-4.142190795391798019e-03,-2.147988416254520416e-03,-8.277695626020431519e-03,7.682610768824815750e-03,-1.241988618858158588e-03,9.909164160490036011e-03,6.191555876284837723e-03,4.563430789858102798e-03,7.120958063751459122e-03,-1.385410781949758530e-02,-1.046413090080022812e-02,-2.177073992788791656e-02,-1.701006293296813965e-02,-3.565159440040588379e-02,1.284446939826011658e-02,1.600711047649383545e-02,1.325902249664068222e-02,-6.141408346593379974e-03,6.074544973671436310e-03,-1.424191612750291824e-02,-1.025016792118549347e-02,-6.980544421821832657e-03,1.402795314788818359e-02,-4.461129754781723022e-02,-1.835401868447661400e-03,5.499518942087888718e-03,-4.626951180398464203e-03,3.957480657845735550e-04,-4.102073144167661667e-03,-2.589287236332893372e-03,7.675924338400363922e-03,1.072322600521147251e-03,3.179357154294848442e-03,5.840522702783346176e-03,-1.315872743725776672e-02,6.007012724876403809e-02,3.811216726899147034e-02,6.141408346593379974e-03,-1.065636315615847707e-04,5.870611406862735748e-03,-5.068250000476837158e-02,1.569619635120034218e-03,-7.722728885710239410e-03,-4.770707339048385620e-03,-7.642492651939392090e-03,2.587615745142102242e-03,-2.923270128667354584e-02,-2.445865236222743988e-02,-2.492669597268104553e-02,2.995482832193374634e-02,-4.165593069046735764e-03,1.254358422011137009e-02,2.365629002451896667e-02,2.136955969035625458e-02,-1.400120742619037628e-02,2.752099744975566864e-02,5.648624524474143982e-02,-1.928341947495937347e-02,-8.672189898788928986e-03,-1.635480113327503204e-02,1.097229309380054474e-02,4.302663262933492661e-03,2.848383225500583649e-02,-7.461961358785629272e-03,-2.047359012067317963e-02,-1.684959046542644501e-02,2.723014215007424355e-03,-2.316150069236755371e-02,-3.720951266586780548e-03,-1.939040236175060272e-02,-2.330859936773777008e-02,1.627289340831339359e-03,-2.950015664100646973e-02,3.198747709393501282e-02,-2.776922774501144886e-04,4.620264749974012375e-03,3.482248634099960327e-02,1.201536227017641068e-02,-3.680164366960525513e-02,1.007966580800712109e-03,-1.517800427973270416e-02,2.213180251419544220e-02,-3.313752636313438416e-02,-7.361666299402713776e-03,-1.971134543418884277e-02,-4.934522788971662521e-03,1.242322940379381180e-02,2.976761013269424438e-02,-1.564604789018630981e-02,-4.954582080245018005e-03,2.808265155181288719e-03,-2.312138304114341736e-02,9.143577190116047859e-04,1.621438772417604923e-03,5.375821609050035477e-03,5.004729609936475754e-03,1.199530344456434250e-02,9.855672717094421387e-03,1.172116305679082870e-02,-6.335312500596046448e-03,9.954296983778476715e-04,9.641709737479686737e-03,-1.555243972688913345e-02,-1.347967237234115601e-02,-2.067418023943901062e-02,2.166375890374183655e-02,6.158124189823865891e-03,-2.794892340898513794e-02,-2.384350821375846863e-02,2.457900531589984894e-02,1.893573068082332611e-02,1.091545913368463516e-03,1.707692630589008331e-02,-1.604722812771797180e-02,-1.119294203817844391e-02,5.733541212975978851e-03,-2.633082866668701172e-02,1.246334798634052277e-02,-4.202368203550577164e-03,7.930005900561809540e-03,-4.071984440088272095e-03,-1.109264697879552841e-02,3.348521888256072998e-02,-1.519137714058160782e-02,-5.131769925355911255e-03,-2.781519666314125061e-03,2.210505865514278412e-02,2.816288731992244720e-02,1.354653574526309967e-02,1.149382814764976501e-02,2.277369238436222076e-02,1.620770059525966644e-02,4.567609576042741537e-04,-9.267274290323257446e-03,5.054877139627933502e-03,4.100067168474197388e-02,1.271074265241622925e-02,-5.809096992015838623e-02,1.623444631695747375e-02,-2.576917596161365509e-02,2.104861475527286530e-02,8.016928099095821381e-03,-6.034426856786012650e-03,-3.081068024039268494e-02,2.462246688082814217e-03,-2.950015664100646973e-02,1.798626966774463654e-02,2.520752139389514923e-02,4.755328968167304993e-02,1.640829257667064667e-02,-4.941209219396114349e-03,2.144979685544967651e-02,2.136955969035625458e-02,1.247672084718942642e-02,-8.946330286562442780e-03,3.217469528317451477e-02,2.891844371333718300e-03,-1.739787124097347260e-02,-1.307180523872375488e-02,-6.444567441940307617e-01,7.555570453405380249e-03,-2.947341091930866241e-02,-6.024397443979978561e-03,9.360883384943008423e-03,1.177465450018644333e-02,2.147654071450233459e-02,1.532510388642549515e-02,2.422128571197390556e-03,-7.582315709441900253e-03,9.812212083488702774e-04,3.498296067118644714e-02,-8.953016251325607300e-03,-2.717330865561962128e-02,-1.628793776035308838e-02,-2.754774317145347595e-02,-5.282212980091571808e-03,-1.734437979757785797e-02,9.614964947104454041e-03,-2.411096170544624329e-02,-5.205319728702306747e-03,-2.069423906505107880e-03,4.092043265700340271e-03,6.515843793749809265e-03,1.821360550820827484e-02,8.324500173330307007e-03,1.279097888618707657e-02,1.606060191988945007e-02,-1.325233653187751770e-02,1.602048426866531372e-02,-3.254912793636322021e-02,2.701283618807792664e-02,1.745136105455458164e-03,2.429817989468574524e-02,4.969291761517524719e-02,-1.524486811831593513e-03,-1.885549351572990417e-02,3.907500207424163818e-02,5.987622309476137161e-03,3.415385261178016663e-02,-9.787138551473617554e-04,-3.246889263391494751e-02,1.989856362342834473e-02,-1.201536227017641068e-02,1.024348102509975433e-02,1.658213697373867035e-02,1.354653574526309967e-02,8.739053271710872650e-03,-8.851049933582544327e-04,-6.034426856786012650e-03,1.043069921433925629e-02,-1.658213697373867035e-02,-2.699946239590644836e-02,3.674815595149993896e-02,-6.736493203788995743e-03,2.110210619866847992e-02,1.001907075988128781e-04,-2.439178898930549622e-02,1.058949972502887249e-03,-1.412490499205887318e-03,1.714378967881202698e-02,9.307392872869968414e-03,-4.523312672972679138e-03,-3.602603077888488770e-02,-2.479296922683715820e-02,-8.110537193715572357e-03,-1.659550890326499939e-02,2.681224420666694641e-02,1.099235191941261292e-02,-8.759112097322940826e-03,-3.630685620009899139e-03,-7.468647789210081100e-03,7.916633039712905884e-03,-1.456286013126373291e-02,1.755165634676814079e-03,-9.387629106640815735e-03,1.193512696772813797e-02,-4.690471105277538300e-03,-7.916633039712905884e-03,1.135341450572013855e-02,1.335263159126043320e-02,5.098338238894939423e-03,-1.781242340803146362e-02,-1.809325069189071655e-02,1.195518579334020615e-02,-1.097229309380054474e-02,-2.925944700837135315e-02,2.361951628699898720e-03,9.334138594567775726e-03,-1.062460243701934814e-02,-9.059998206794261932e-03,-7.495393045246601105e-03,9.507982991635799408e-03,-2.040672674775123596e-02,9.287334047257900238e-03,2.322836406528949738e-02,1.192676834762096405e-03,1.563267596065998077e-02,2.199807576835155487e-02,-2.392374351620674133e-02,1.793277822434902191e-02,-2.880477532744407654e-02,3.523704130202531815e-03,-5.659991409629583359e-03,6.622825283557176590e-03,2.444527857005596161e-02,-1.094554737210273743e-02,6.255076266825199127e-03,1.651527360081672668e-02,-1.981832832098007202e-02,-3.157626604661345482e-03,9.541414678096771240e-03,2.691922709345817566e-02,-1.613916596397757530e-03,3.070704173296689987e-03,-3.484923392534255981e-02,-2.047693356871604919e-03,1.437564287334680557e-02,1.999217271804809570e-02,-1.112607866525650024e-02,5.559696350246667862e-03,-4.941209219396114349e-03,4.760677926242351532e-03,-1.761183328926563263e-02,8.063732646405696869e-03,2.746750786900520325e-02,-7.207880262285470963e-03,-1.870505162514746189e-03,5.960877053439617157e-03,-1.372038107365369797e-02,-1.660888269543647766e-02,-8.030300959944725037e-03,4.487875103950500488e-02,-1.120631489902734756e-02,2.464586868882179260e-02,9.146920405328273773e-03,2.883152104914188385e-02,6.395489443093538284e-03,7.502079475671052933e-03,-8.157341741025447845e-03,-3.767755581066012383e-03,8.678876794874668121e-03,1.730426214635372162e-02,6.846817675977945328e-03,-1.354653574526309967e-02,-4.137510433793067932e-02,-4.265888407826423645e-02,-2.377664484083652496e-02,-2.971411868929862976e-02,1.101909764111042023e-02,6.973858457058668137e-03,-6.084574386477470398e-03,-6.151437759399414062e-02,-1.226944383233785629e-02,6.168153602629899979e-03,-2.413770649582147598e-03,-2.188106533139944077e-03,1.453611534088850021e-02,-6.298537366092205048e-03,-1.202873513102531433e-02,1.033709011971950531e-02,-1.620770059525966644e-02,-1.144033670425415039e-02,-4.727246239781379700e-03,8.257636800408363342e-03,-3.236191347241401672e-02,1.793277822434902191e-02,-7.381725125014781952e-03,7.261371240019798279e-03,-2.998157218098640442e-02,-6.515843793749809265e-03,1.396108884364366531e-02,-2.326848171651363373e-02,1.904271170496940613e-02,-2.574242884293198586e-03,3.917780413758009672e-04,-1.908282935619354248e-02,-1.464309636503458023e-02,-9.481238201260566711e-03,3.225493058562278748e-02,5.653304979205131531e-03,8.484972640872001648e-03,-3.554461151361465454e-02,-1.537023694254457951e-03,-1.235302304849028587e-03,-9.541414678096771240e-03,-4.249172285199165344e-03,7.421843241900205612e-03,8.678876794874668121e-03,2.624390646815299988e-03,1.224269811064004898e-02,6.248389836400747299e-03,2.494006790220737457e-02,-9.133547544479370117e-03,1.039058063179254532e-02,2.282718382775783539e-02,-2.923604566603899002e-03,-9.635023772716522217e-03,2.174399606883525848e-02,3.180025890469551086e-02,-4.045239184051752090e-03,-6.920367479324340820e-03,3.185375034809112549e-02,-2.054045349359512329e-02,1.992530934512615204e-02,-3.557135909795761108e-02,3.724294481799006462e-03,-1.469658687710762024e-02,3.081068024039268494e-02,-1.941714622080326080e-02,-2.082127891480922699e-02,-4.667069017887115479e-02,-2.309463731944561005e-02,-2.198135945945978165e-03,-8.257636800408363342e-03,4.437058791518211365e-02,-2.083465270698070526e-02,1.755834370851516724e-02,2.760123461484909058e-02,5.131770158186554909e-04,3.048973530530929565e-02,-1.924330182373523712e-02,1.622274518013000488e-03,1.088536996394395828e-02,-4.078670591115951538e-02,-1.188832242041826248e-02,2.235913835465908051e-02,-2.923186693806201220e-04,1.326570939272642136e-02,1.678272709250450134e-02,1.125980541110038757e-02,3.074047388508915901e-03,-2.206493914127349854e-02,2.500693127512931824e-02,8.779171854257583618e-03,-1.150051364675164223e-03,-1.107426011003553867e-03,-2.818963304162025452e-02,-8.511717431247234344e-03,-3.463526954874396324e-03,1.576640270650386810e-02,1.089874282479286194e-02,-9.113488718867301941e-03,-1.782579720020294189e-02,1.571291126310825348e-02,9.213783778250217438e-03,2.904548496007919312e-02,1.534516224637627602e-03,-7.772876415401697159e-05,1.462972350418567657e-02,6.559304893016815186e-03,1.259707473218441010e-02,-1.845431327819824219e-02,-1.418842468410730362e-02,-1.315872743725776672e-02,-2.637094631791114807e-02,1.072489842772483826e-02,1.656876318156719208e-02,2.350919134914875031e-02,3.498296067118644714e-02,-3.837962169200181961e-03,-4.158906638622283936e-03,-2.926947781816124916e-03,1.477682380937039852e-03,3.573182970285415649e-02,-2.253298461437225342e-02,-1.417505182325839996e-02,-1.869502104818820953e-02,-3.144253976643085480e-03,-2.433829754590988159e-02,2.051036572083830833e-03,1.515125855803489685e-02,5.255467724055051804e-03,-2.566219307482242584e-02,-1.821360550820827484e-02,1.670248992741107941e-02,-2.801578724756836891e-03,5.021445453166961670e-03,6.338655482977628708e-03,-7.314861752092838287e-03,-1.694319956004619598e-02,-1.045744400471448898e-02,9.835613891482353210e-03,2.654479118064045906e-03,1.677436870522797108e-03,1.332254381850361824e-03,-3.297705575823783875e-02,7.314861752092838287e-03,-2.563544921576976776e-02,-7.334921043366193771e-03,2.649464411661028862e-03,2.424468845129013062e-02,-5.038161296397447586e-03,-1.126649230718612671e-02,-2.784194238483905792e-02,-7.983496412634849548e-03,3.829938545823097229e-02,-2.055382542312145233e-02,2.391037158668041229e-02,-1.115282438695430756e-02,-2.281381003558635712e-02,-5.056548616266809404e-05,-7.675924338400363922e-03,-9.929222986102104187e-03,5.188604071736335754e-02,-6.168153602629899979e-03,9.026566520333290100e-03,1.073827035725116730e-02,-9.678485221229493618e-04,-2.280043810606002808e-02,-3.121186047792434692e-02,2.960379468277096748e-03,-7.027348969131708145e-03,5.489489529281854630e-03,-3.861364442855119705e-03,-3.484923392534255981e-02,-8.899525739252567291e-03,-1.153394579887390137e-03,1.789266057312488556e-02,6.151437759399414062e-03,-5.820463877171278000e-03,-2.673200890421867371e-02,-5.429312586784362793e-03,5.783688975498080254e-04,9.467864781618118286e-02,2.480634115636348724e-02,-1.098566595464944839e-02,2.369640767574310303e-02,6.793327163904905319e-03,1.424191612750291824e-02,7.930005900561809540e-03,-1.386748068034648895e-02,1.027022674679756165e-02,-2.338883653283119202e-02,-1.224269811064004898e-02,-8.398049511015415192e-03,2.234576642513275146e-02,-1.496069831773638725e-03,1.351310405880212784e-02,1.845431327819824219e-02,5.101681686937808990e-03,-2.514065802097320557e-02,-1.745136082172393799e-02,1.652363105677068233e-03,-4.495898634195327759e-02,-1.426866091787815094e-02,1.029697153717279434e-02,3.123860619962215424e-02,-5.262153688818216324e-03,4.015150479972362518e-03,1.672923564910888672e-02,1.984507404267787933e-02,2.198470383882522583e-02,2.256641630083322525e-03,-1.100572478026151657e-02,2.705295383930206299e-02,9.401001967489719391e-03,2.725354395806789398e-02,1.613916596397757530e-03,1.643503643572330475e-02,2.190446667373180389e-02,1.781242340803146362e-02,1.098566595464944839e-02,-2.669523470103740692e-03,6.886935792863368988e-03,1.299825590103864670e-02,1.349973119795322418e-02,8.598640561103820801e-03,1.569953933358192444e-02,7.194507867097854614e-03,-3.139448017464019358e-05,2.050033584237098694e-02,-3.779122605919837952e-02,-2.222541160881519318e-02,3.744353353977203369e-02,-1.765195280313491821e-02,-3.353871032595634460e-02,-3.495621308684349060e-02,2.117899945005774498e-03,-1.336600445210933685e-02,5.910729523748159409e-03,-9.314078837633132935e-03,-2.233239449560642242e-02,2.320161834359169006e-02,-1.003620401024818420e-02,-1.350641809403896332e-02,8.598640561103820801e-03,1.225607097148895264e-02,-9.982713498175144196e-03,-2.652807626873254776e-03,-1.313866861164569855e-02,8.752426132559776306e-03,-2.768146991729736328e-02,-5.700109526515007019e-03,-1.568616554141044617e-02,-1.065803505480289459e-02,-2.272020094096660614e-02,2.492335159331560135e-03,2.518077753484249115e-02,1.063797529786825180e-02,1.749148033559322357e-02,-1.660721027292311192e-03,-9.347510524094104767e-03,-1.367357652634382248e-02,-7.288116612471640110e-04,-1.889561302959918976e-02,-3.634028835222125053e-03,-2.779848175123333931e-03,-1.357996743172407150e-02,2.588952891528606415e-02,-2.313475590199232101e-03,-1.682284474372863770e-02,-1.846768520772457123e-02,2.022619592025876045e-03,1.357328146696090698e-02,-1.001614518463611603e-02,1.360002625733613968e-02,2.864430285990238190e-02,6.987230852246284485e-03,1.632805541157722473e-02,3.428757935762405396e-02,6.482412107288837433e-03,-4.362840205430984497e-03,-6.181526463478803635e-03,-9.120174683630466461e-03,-1.305174641311168671e-02,6.519186776131391525e-03,1.010975427925586700e-02,3.741678968071937561e-02,2.193121239542961121e-03,2.560870256274938583e-03,3.244214877486228943e-02,8.852721191942691803e-03,1.194139476865530014e-04,1.778567954897880554e-02,-4.878357797861099243e-02,-1.631468348205089569e-02,-1.468321494758129120e-02,-1.495066843926906586e-02,1.128655113279819489e-02,-3.530390327796339989e-03,2.678550034761428833e-02,-3.680833149701356888e-03,4.994700197130441666e-03,-1.038055168464779854e-03,-1.512451376765966415e-02,3.447479754686355591e-02,-8.349574054591357708e-04,-1.906945742666721344e-02,7.054094225168228149e-03,2.765472419559955597e-02,-4.562762007117271423e-02,1.652864553034305573e-02,5.830493289977312088e-03,-7.709356490522623062e-03,1.667574606835842133e-02,-1.230956148356199265e-02,-5.127591430209577084e-04,-3.048973530530929565e-02,-2.524764090776443481e-02,2.066080644726753235e-02,4.165593069046735764e-03,7.147703319787979126e-03,1.129323709756135941e-02,-3.078393451869487762e-02,-3.383290767669677734e-02,-2.110210619866847992e-02,-3.811216726899147034e-02,-2.428480610251426697e-02,-2.337546274065971375e-02,-2.049782779067754745e-04,7.629120256751775742e-03,3.014204464852809906e-02,1.357996743172407150e-02,-1.367357652634382248e-02,-7.455274928361177444e-03,-2.067418023943901062e-02,3.794501069933176041e-03,-7.441902533173561096e-03,1.077838893979787827e-02,1.148045528680086136e-02,7.642492651939392090e-03,4.070647060871124268e-02,1.759846135973930359e-02,2.292079292237758636e-02,9.213783778250217438e-03,1.608734764158725739e-02,3.094440698623657227e-02,1.441576052457094193e-02,9.608278051018714905e-03,8.732367306947708130e-03,-1.591350138187408447e-02,-3.011529892683029175e-02,6.155616720207035542e-04,1.606060191988945007e-02,2.344232611358165741e-02,1.316374255111441016e-04,6.158124189823865891e-03,1.575302891433238983e-02,2.514065802097320557e-02,7.074153516441583633e-03,-1.870505162514746189e-03,-1.087199803441762924e-02,-3.332474455237388611e-02,-3.276309370994567871e-02,-3.054322674870491028e-02,9.962654672563076019e-03,-2.059394307434558868e-02,-1.762520708143711090e-02,-2.483308687806129456e-02,2.050033584237098694e-02,2.120908722281455994e-02,-2.173062181100249290e-03,-7.328234612941741943e-03,2.784194238483905792e-02,-2.190446667373180389e-02,2.258647419512271881e-02,-3.934914246201515198e-03,1.576640270650386810e-02,-7.294802926480770111e-03,2.770821563899517059e-02,5.105024669319391251e-03,6.134721916168928146e-04,7.649179082363843918e-03,4.295976832509040833e-03,4.730589222162961960e-03,-1.782579720020294189e-02,-5.716825369745492935e-03,-5.038161296397447586e-03,1.985844597220420837e-02,4.513283260166645050e-03,-3.234519623219966888e-03,-4.295976832509040833e-03,-1.097229309380054474e-02,-3.977038338780403137e-02,1.232794951647520065e-03,-6.906994618475437164e-03,-2.524764090776443481e-02,3.450154326856136322e-03,-4.850943572819232941e-03,-2.102187089622020721e-02,2.052707970142364502e-02,-1.398783456534147263e-02,-2.036660723388195038e-02,2.213180297985672951e-03,-2.089482964947819710e-03,3.048973530530929565e-02,-1.480356883257627487e-02,3.563822014257311821e-03,2.153003215789794922e-02,2.656150609254837036e-03,-2.472610585391521454e-02,1.659550890326499939e-02,2.472276333719491959e-03,-3.717608051374554634e-03,-3.961659502238035202e-03,3.522366657853126526e-02,-8.324500173330307007e-03,-5.803748033940792084e-03,2.118234150111675262e-02,-5.787032190710306168e-03,-1.683621853590011597e-02,-3.621324524283409119e-02,2.221203967928886414e-02,-1.622107438743114471e-02,2.390368375927209854e-03,-3.590567503124475479e-03,-5.680050235241651535e-03,1.287121511995792389e-02,1.694152713753283024e-03,-2.123583294451236725e-02,1.715716160833835602e-02,-1.368026249110698700e-02,-6.158124189823865891e-03,-2.207831293344497681e-02,6.172332796268165112e-04,-2.395048923790454865e-02,8.197459392249584198e-03,-1.220926642417907715e-02,-3.883429244160652161e-02,-1.832476555136963725e-04,-7.040721829980611801e-03,-1.491054985672235489e-02,2.082127891480922699e-02,-2.598313800990581512e-02,2.615698240697383881e-02,-2.738727070391178131e-02,-6.479068659245967865e-03,1.559255737811326981e-02,6.632854696363210678e-03,-1.158075034618377686e-02,-1.866827718913555145e-02,-8.739053271710872650e-03,2.358942665159702301e-02,-2.080790698528289795e-02,-6.644555833190679550e-04,-9.855672717094421387e-03,2.760123461484909058e-02,1.594024710357189178e-02,-2.843034081161022186e-02,-3.675400512292981148e-04,-2.633082866668701172e-02,-1.564604789018630981e-02,1.536522153764963150e-02,3.680164366960525513e-02,5.286391824483871460e-04,-1.315204147249460220e-02,-8.170713670551776886e-03,-1.816011406481266022e-02,-1.782579720020294189e-02,3.267951309680938721e-03,1.639491878449916840e-02,3.220143914222717285e-02,-2.289404720067977905e-02,-3.522366657853126526e-02,-3.181028878316283226e-03,-4.185652360320091248e-03,2.765472419559955597e-02,1.002283208072185516e-02,-2.066080644726753235e-02,-8.070418611168861389e-03,3.139907866716384888e-02,-4.297982901334762573e-02,1.269068382680416107e-02,-3.669466450810432434e-02,-1.068477984517812729e-02,-1.160749606788158417e-02,1.783916912972927094e-02,-8.984776795841753483e-04,-1.468321494758129120e-02,1.440238766372203827e-02,-3.840636834502220154e-02,-2.990133687853813171e-02,-2.014261670410633087e-03,-7.816337980329990387e-03,1.485705934464931488e-02,1.509776804596185684e-02,-3.537076758220791817e-03,2.564213471487164497e-03,-9.962654672563076019e-03,2.393711730837821960e-02,-2.051370777189731598e-02,-4.158907011151313782e-02,2.770821563899517059e-02,1.174289383925497532e-03,1.678272709250450134e-02,3.051648102700710297e-02,-1.393434405326843262e-02,1.273748837411403656e-02,1.190169528126716614e-02,-8.177400566637516022e-03,1.992530934512615204e-02,-1.468321494758129120e-02,-2.431155182421207428e-02,2.388362586498260498e-02,-6.542589049786329269e-03,-1.910957507789134979e-02,-1.952412910759449005e-02,3.807873697951436043e-03,3.189386799931526184e-03,1.957427710294723511e-03,1.622107438743114471e-02,6.960485596209764481e-03,-2.201144956052303314e-02,2.621047385036945343e-02,6.629511248320341110e-03,1.497741416096687317e-02,-8.264322765171527863e-03,-7.642492651939392090e-03,3.667460521683096886e-03,1.535184867680072784e-02,-2.702620811760425568e-02,-3.498296067118644714e-02,-1.922992989420890808e-02,-1.382736209779977798e-02,2.909897454082965851e-02,1.755165634676814079e-03,-1.635480113327503204e-02,7.007290143519639969e-03,1.317210029810667038e-02,-5.493501573801040649e-02,6.779954303056001663e-03,-1.760389422997832298e-04,-8.892839774489402771e-03,1.150051411241292953e-02,9.360883384943008423e-03,3.640046343207359314e-02,2.992808260023593903e-02,8.090477786026895046e-04,1.198193058371543884e-02,-4.021836910396814346e-03,-2.835010364651679993e-02,1.818685978651046753e-02,-2.682561799883842468e-02,5.416984640760347247e-05,-3.580537857487797737e-03,-4.717216826975345612e-03,1.773971016518771648e-04,6.960485596209764481e-03,-1.089205686002969742e-02,1.552569400519132614e-02,2.869779430329799652e-02,-2.122246101498603821e-02,-1.004289090633392334e-02,2.244940493255853653e-03,1.721065305173397064e-02,-1.089874282479286194e-02,-6.064515095204114914e-03,-1.405469793826341629e-02,-3.170999232679605484e-03,1.890898495912551880e-02,2.067418023943901062e-02,-2.412099158391356468e-03,-2.473947778344154358e-02,2.515737432986497879e-03,1.425528805702924728e-02,9.277304052375257015e-04,-7.595688570290803909e-03,3.707578638568520546e-03,-3.396663581952452660e-03,1.108596101403236389e-02,-1.067140698432922363e-02,2.532787621021270752e-02,8.097164332866668701e-03,-3.570508584380149841e-02,7.087525911629199982e-03,-2.197133190929889679e-02,-2.738727070391178131e-02,-1.050424855202436447e-02,1.360002625733613968e-02,-3.137233108282089233e-02,-3.837962448596954346e-02,-9.187038987874984741e-03,3.219893260393291712e-04,5.924101918935775757e-03,-2.776170708239078522e-02,-1.972471829503774643e-03,-1.054436713457107544e-02,-3.147597191855311394e-03,-1.685167953837662935e-04,-4.533342085778713226e-03,-1.565942168235778809e-02,2.269345708191394806e-02,2.963388338685035706e-02,-1.484368694946169853e-03,-5.546323489397764206e-03,-1.741124317049980164e-02,6.074544973671436310e-03,-1.552569400519132614e-02,-7.227939553558826447e-03,-2.340220846235752106e-02,-9.828928159549832344e-04,1.930682221427559853e-03,-6.161467172205448151e-03,1.081850659102201462e-02,-2.201144956052303314e-02,-4.308513889554888010e-04,1.390759833157062531e-02,-2.536799386143684387e-02,1.610071957111358643e-02,1.851850301027297974e-01,-7.990182377398014069e-03,-4.202368203550577164e-03,1.706355437636375427e-02,8.351244963705539703e-03,2.764803823083639145e-03,3.428757935762405396e-02,1.906945742666721344e-02,7.542197592556476593e-03,8.799230679869651794e-03,-3.867382183670997620e-02,-1.410818845033645630e-02,-1.492392271757125854e-02,2.965394174680113792e-03,1.640829257667064667e-02,-3.851335123181343079e-02,-3.040949814021587372e-02,1.271241460926830769e-03,-1.960436441004276276e-02,-1.520474907010793686e-02,-1.298488304018974304e-02,1.449599675834178925e-02,-9.507982991635799408e-03,-1.821360550820827484e-02,2.191784046590328217e-02,1.684959046542644501e-02,-4.201950214337557554e-04,2.274694666266441345e-02,1.501920283772051334e-03,-7.221253123134374619e-03,-9.160293266177177429e-04,-2.082796534523367882e-03,3.132552839815616608e-03,-2.749425172805786133e-02,5.537130055017769337e-04,-4.359497223049402237e-03,9.340824559330940247e-03,-9.561473503708839417e-03,4.302663262933492661e-03,1.762520708143711090e-02,2.909897454082965851e-02,-3.306397702544927597e-03,-9.875732474029064178e-03,-1.726748654618859291e-03,-1.134004164487123489e-02,1.616758294403553009e-02,2.972080605104565620e-03,-5.957533605396747589e-03,-1.153394579887390137e-02,9.213783778250217438e-03,-2.650467306375503540e-02,4.404630162753164768e-04,2.310800924897193909e-02,1.622107438743114471e-02,1.030365843325853348e-02,7.254685042425990105e-04,2.312138304114341736e-02,1.706355437636375427e-02,5.469430703669786453e-03,1.921655610203742981e-02,-1.829384081065654755e-02,2.631745487451553345e-02,-2.952690050005912781e-02,1.209559850394725800e-02,-6.913681048899888992e-03,1.828715438023209572e-03,-2.971411868929862976e-02,-6.005173781886696815e-04,9.421060793101787567e-03,-4.592182114720344543e-02,4.289290402084589005e-03,-3.399337828159332275e-02,-3.375267237424850464e-02,9.006507694721221924e-03,-9.367570281028747559e-03,-9.394315071403980255e-03,2.132944203913211823e-02,-1.024682424031198025e-03,-6.813385989516973495e-03,7.602374535053968430e-03,-1.633139909245073795e-03,-5.369135178625583649e-03,6.482412107288837433e-03,7.551391609013080597e-04,1.142027787864208221e-02,-1.666237227618694305e-02,2.613023854792118073e-02,6.118006072938442230e-03,-4.070647060871124268e-02,4.429704044014215469e-03,2.016601711511611938e-02,-2.419119700789451599e-02,-1.511114090681076050e-02,-9.367570281028747559e-03,9.374256245791912079e-03,-9.059997973963618279e-04,3.289681859314441681e-03,1.996542699635028839e-02,-3.653419017791748047e-02,6.000995170325040817e-03,3.503645071759819984e-03,-5.111711099743843079e-03,1.512451376765966415e-02,2.995482645928859711e-03,-1.364683080464601517e-02,-1.810662262141704559e-02,2.987459115684032440e-02,3.129209578037261963e-02,2.217192202806472778e-02,-1.726414449512958527e-02,3.244214877486228943e-02,-1.733100786805152893e-02,4.336094949394464493e-03,2.853397978469729424e-03,4.856961220502853394e-02,5.115054082125425339e-03,-2.040672674775123596e-02,-3.209445625543594360e-02,-1.521143596619367599e-03,2.316150069236755371e-02,-2.385353669524192810e-03,-1.216246187686920166e-02,2.205156721174716949e-02,1.259038876742124557e-02,6.562647875398397446e-03,-9.233842603862285614e-03,-3.733655437827110291e-02,1.094554737210273743e-02,1.972471922636032104e-02,-3.722957149147987366e-02,1.174790877848863602e-02,3.654087660834193230e-03,1.031034439802169800e-02,1.054436713457107544e-02,1.228281669318675995e-02,1.277092006057500839e-02,-4.249172285199165344e-03,4.116281343158334494e-05,-1.089205686002969742e-02,-6.535902619361877441e-03,-3.072375664487481117e-03,1.680947281420230865e-02,6.382116582244634628e-03,5.773659329861402512e-03,8.624340989626944065e-05,-1.500248792581260204e-03,3.510331269353628159e-03,-5.385851021856069565e-03,-1.763523556292057037e-03,-3.209445625543594360e-02,-3.829938545823097229e-02,2.244940493255853653e-03,-1.547220349311828613e-02,-8.839348331093788147e-03,6.572677753865718842e-03,-2.715993486344814301e-02,-2.185097709298133850e-02,-1.868164911866188049e-02,1.310523692518472672e-02,1.365351770073175430e-02,-3.385965153574943542e-02,2.456563338637351990e-02,2.230564877390861511e-02,-3.078393451869487762e-02,-1.430877950042486191e-02,-6.114663090556859970e-03,-1.696726977825164795e-01,1.569953933358192444e-02,3.661442920565605164e-02,-2.340220846235752106e-03,5.262153688818216324e-03,6.853504106402397156e-03,3.129209578037261963e-02,-1.940377429127693176e-02,2.858412684872746468e-03,2.078116126358509064e-02,4.078670870512723923e-03,-3.323113778606057167e-03,-3.217469528317451477e-02,-1.767869666218757629e-02,-1.868164911866188049e-02,6.026068585924804211e-04,1.115282438695430756e-02,-8.357931510545313358e-04,4.463804140686988831e-02,2.968737389892339706e-03,3.682839125394821167e-02,-2.552512334659695625e-03,-4.927836358547210693e-03,-3.040949814021587372e-02,3.444804996252059937e-02,-4.128818400204181671e-03,-3.099789656698703766e-02,8.197459392249584198e-03,-1.201034756377339363e-03,-5.255467724055051804e-03,-1.996542699635028839e-02,1.001614518463611603e-02,2.238588407635688782e-02,-2.217192202806472778e-02,5.457729566842317581e-04,-1.115282438695430756e-02,-6.395489443093538284e-03,4.249172285199165344e-03,-4.219084046781063080e-03,1.512451376765966415e-02,1.119962893426418304e-02,-3.837962169200181961e-03,1.715716160833835602e-02,1.210228540003299713e-02,-1.890898495912551880e-02,4.656371101737022400e-02,2.800241485238075256e-02,-2.370978146791458130e-02,1.813336834311485291e-02,-1.651527360081672668e-02,-5.879804957658052444e-04,-3.471550717949867249e-02,9.568160399794578552e-03,5.486146546900272369e-03,1.370700821280479431e-02,-1.670248992741107941e-02,-8.518404327332973480e-03,1.426698989234864712e-03,-2.276032045483589172e-02,1.198861747980117798e-02,-4.008464049547910690e-03,-1.057779882103204727e-02,2.366966195404529572e-02,-1.039726752787828445e-02,2.003229036927223206e-02,-1.882874779403209686e-02,-2.265333756804466248e-02,-1.995205506682395935e-02,-2.679887227714061737e-02,4.647010006010532379e-03,-2.813614159822463989e-02,-1.385410781949758530e-02,2.110210619866847992e-02,5.783688742667436600e-03,1.454948727041482925e-02,6.565991323441267014e-03,-1.345292665064334869e-02,-8.284381590783596039e-03,1.614083722233772278e-02,6.820072419941425323e-03,-1.343955472111701965e-02,4.733932390809059143e-02,-2.211843058466911316e-02,-8.277695626020431519e-03,5.255467724055051804e-03,2.496681362390518188e-02,-1.670248992741107941e-02,1.278429199010133743e-02,-1.980829751119017601e-03,3.985061775892972946e-03,1.849443092942237854e-02,-1.040395349264144897e-02,-2.149660140275955200e-03,-5.576412193477153778e-03,2.979435585439205170e-02,4.271237552165985107e-02,2.076778933405876160e-02,-2.388540269748773426e-05,4.596862476319074631e-03,-1.125980541110038757e-02,2.291744807735085487e-03,3.466870170086622238e-03,-3.463526815176010132e-02,6.953799165785312653e-03,3.073044307529926300e-02,-2.574242884293198586e-03,8.204146288335323334e-03,1.294476445764303207e-02,2.301440015435218811e-02,-1.972471922636032104e-02,6.706404499709606171e-03,-2.084468258544802666e-03,1.807987876236438751e-02,1.341949496418237686e-02,-1.372038107365369797e-02,2.370978146791458130e-02,5.596471019089221954e-03,-3.807873697951436043e-03,4.212397616356611252e-03,-1.113276556134223938e-02,5.835842341184616089e-02,-1.351477578282356262e-03,1.711704418994486332e-03,-1.253021135926246643e-02,-1.922992989420890808e-02,-3.206771239638328552e-02,-1.148981600999832153e-01,-5.071592982858419418e-03,1.050424855202436447e-02,1.801301538944244385e-02,1.369363535195589066e-02,8.999820798635482788e-03,6.756552029401063919e-03,-7.722728885710239410e-03,-1.056442619301378727e-03,-1.103247050195932388e-03,-1.155400462448596954e-02,-1.676935516297817230e-02,7.542197592556476593e-03,-1.097229309380054474e-02,1.675598137080669403e-02,2.582600805908441544e-03,-5.181917920708656311e-03,-1.339275017380714417e-02,4.834227729588747025e-03,5.128426942974328995e-03,-1.191506721079349518e-02,1.259707473218441010e-02,6.448979955166578293e-03,-4.215072095394134521e-02,1.529835816472768784e-02,2.419621305307373405e-04,-2.947341091930866241e-02,-1.788597437553107738e-03,2.821637690067291260e-02,2.291744807735085487e-03,1.664900034666061401e-02,7.274743635207414627e-03,-1.246334798634052277e-02,1.942383358255028725e-03,-1.125980541110038757e-02,-2.606337517499923706e-02,-1.983170025050640106e-02,8.625385351479053497e-03,2.718668058514595032e-02,-1.790603250265121460e-02,1.018999051302671432e-02,2.082796534523367882e-03,-2.711313078179955482e-03,-7.889887318015098572e-03,1.607397384941577911e-02,-1.654201932251453400e-02,-1.081182062625885010e-02,2.146316878497600555e-02,2.469936013221740723e-02,5.797061603516340256e-03,-1.932353898882865906e-02,5.419283173978328705e-03,-2.641106396913528442e-02,3.644058248028159142e-03,1.400120742619037628e-02,-2.633082866668701172e-02,1.845431327819824219e-02,1.372038107365369797e-02,-1.529835816472768784e-02,2.771490253508090973e-03,-2.321499213576316833e-02,1.918981084600090981e-03,1.350641809403896332e-02,5.429312586784362793e-03,-6.609452422708272934e-03,-6.372087169438600540e-03,-3.456840524449944496e-03,-1.929679326713085175e-02,2.587615698575973511e-02,-9.314078837633132935e-03,1.006294973194599152e-02,-1.006963662803173065e-02,-2.461912296712398529e-02,3.102464228868484497e-02,-3.575857356190681458e-02,8.538463152945041656e-03,-1.337269088253378868e-03,-6.438950542360544205e-03,2.309463731944561005e-02,-4.297982901334762573e-02,-7.013976573944091797e-03,-1.304505951702594757e-02,1.686296239495277405e-02,-8.137281984090805054e-03,3.236191347241401672e-02,-8.685562759637832642e-03,7.214566692709922791e-03,-9.574846364557743073e-03,1.694319956004619598e-02,-4.780736751854419708e-03,1.016324479132890701e-02,3.327125310897827148e-02,-9.594906121492385864e-03,-4.252515733242034912e-02,5.643275566399097443e-03,3.364568948745727539e-02,-8.839348331093788147e-03,-4.616921301931142807e-03,-1.783916912972927094e-02,2.158018061891198158e-03,-1.817348599433898926e-02,-1.329245511442422867e-02,-6.349353492259979248e-02,2.489995025098323822e-02,-1.957761868834495544e-02,-7.575629279017448425e-03,-1.154063176363706589e-02,-1.710367202758789062e-02,4.192338790744543076e-03,-6.846817675977945328e-03,-1.320553198456764221e-02,-1.036383584141731262e-02,-1.587338373064994812e-02,1.912294700741767883e-02,6.321939639747142792e-03,-1.698331721127033234e-02,-2.322836406528949738e-02,-3.201087936758995056e-03,6.041113287210464478e-03,1.257868716493248940e-03,2.642443776130676270e-02,-1.877525821328163147e-02,-7.582315709441900253e-03,1.750485226511955261e-02,-2.377664484083652496e-02,1.499078609049320221e-02,-1.037720777094364166e-02,-1.058114110492169857e-03,9.227156639099121094e-03,1.306511927396059036e-02,-3.998434636741876602e-03,-2.654479071497917175e-02,-2.901874016970396042e-03,-1.801301538944244385e-02,-1.536522153764963150e-02,4.767364356666803360e-03,4.005121067166328430e-03,-1.106590125709772110e-02,-8.765798993408679962e-03,-6.415548268705606461e-03,3.557135816663503647e-03,3.800518810749053955e-02,-1.789266057312488556e-02,-4.209722951054573059e-02,-1.339943613857030869e-02,-1.390759833157062531e-02,-4.372870083898305893e-03,-1.694988575764000416e-03,1.943219103850424290e-04,3.142582252621650696e-02,2.612689509987831116e-03,-3.557135909795761108e-02,2.043347246944904327e-02,3.672140836715698242e-02,1.441576052457094193e-02,-1.965785585343837738e-02,1.448429538868367672e-03,-1.311192382127046585e-02,9.461178444325923920e-03,1.176796760410070419e-02,1.247003395110368729e-02,-2.909897454082965851e-02,2.146316878497600555e-02,-1.917309593409299850e-03,2.465924248099327087e-02,-7.876514457166194916e-03,5.970906466245651245e-03,-9.046625345945358276e-03,2.265333756804466248e-02,2.139630541205406189e-02,-1.038389466702938080e-02,-5.649961996823549271e-03,-6.104633212089538574e-03,7.321548182517290115e-03,-7.843082770705223083e-03,9.354197420179843903e-03,-5.035654176026582718e-04,7.325726910494267941e-04,-4.399615339934825897e-03,-1.450936961919069290e-02,-1.667574606835842133e-02,2.602659864351153374e-03,1.771881477907299995e-03,-3.654087660834193230e-03,-2.572905644774436951e-02,2.071429789066314697e-02,2.990133687853813171e-02,-7.789592258632183075e-03,2.519080648198723793e-03,-2.993811154738068581e-03,-5.954190623015165329e-03,1.464309636503458023e-02,-1.365351770073175430e-02,3.006180934607982635e-02,6.562647875398397446e-03,-1.898922026157379150e-02,-2.035323530435562134e-02,3.975032363086938858e-03,-3.364903386682271957e-03,3.874737070873379707e-03,9.695201180875301361e-03,2.580929361283779144e-02,-3.361894562840461731e-02,3.234519623219966888e-03,-1.206216681748628616e-02,-1.492392271757125854e-02,-3.884766716510057449e-03,6.789983715862035751e-03,-1.160749606788158417e-02,-2.163701318204402924e-02,7.415157277137041092e-03,1.936365664005279541e-02,2.801578724756836891e-03,1.311192382127046585e-02,1.078507490456104279e-02,1.164761371910572052e-02,-1.170110423117876053e-02,1.869502104818820953e-02,-6.646227557212114334e-03,1.148714125156402588e-02,-1.240985747426748276e-02,1.520474907010793686e-02,2.199807576835155487e-02,1.910957507789134979e-02,1.155400462448596954e-02,1.164761371910572052e-02,3.484923392534255981e-02,1.555243972688913345e-02,-7.040721829980611801e-03,1.138016022741794586e-02,-6.793327163904905319e-03,5.536294076591730118e-03,4.001777619123458862e-03,-9.976027533411979675e-03,-3.987736254930496216e-02,-1.880200393497943878e-02,5.352419335395097733e-03,1.207553967833518982e-02,7.996869273483753204e-03,3.492946922779083252e-02,-3.107479074969887733e-03,4.709861800074577332e-02,1.573965698480606079e-02,-2.896524779498577118e-02,-3.456840524449944496e-03,7.348293438553810120e-03,5.937474779784679413e-03,-3.968345932662487030e-03,3.324450924992561340e-02,-1.999217318370938301e-03,-1.413493417203426361e-02,3.375267237424850464e-02,3.204431151971220970e-03,2.880477532744407654e-02,8.250949904322624207e-03,-4.140185192227363586e-02,4.777393769472837448e-03,-3.610626561567187309e-03,6.806699559092521667e-03,6.632854696363210678e-03,1.630130968987941742e-02,6.418891716748476028e-03,7.120958063751459122e-03,1.237642578780651093e-02,-1.846768520772457123e-02,-2.366966195404529572e-02,1.455951714888215065e-03,4.340775310993194580e-02,-2.566219307482242584e-02,7.716042455285787582e-03,-2.576917596161365509e-02,-1.756837242282927036e-03,-8.976418757811188698e-04,-1.051093544811010361e-02,-5.175231490284204483e-03,1.113276556134223938e-02,-1.608734764158725739e-02,-8.264322765171527863e-03,2.442187629640102386e-03,1.820357516407966614e-03,9.902477264404296875e-03,-1.307180500589311123e-03,2.094163373112678528e-02,-1.010975427925586700e-02,-1.208891253918409348e-02,3.971689194440841675e-02,-3.968345932662487030e-03,-1.149382814764976501e-02,6.211614701896905899e-03,2.286730101332068443e-03
2.021490829065442085e-03,1.298045273870229721e-02,-6.775179412215948105e-03,-2.522673225030303001e-03,-1.432140823453664780e-02,4.022867605090141296e-02,-6.232092157006263733e-03,-2.924959873780608177e-03,5.856624804437160492e-03,-1.368445437401533127e-02,1.294692885130643845e-02,-8.347449824213981628e-03,6.698074284940958023e-03,-1.234349794685840607e-02,-1.092879008501768112e-02,-2.225986681878566742e-02,2.162961661815643311e-02,-5.216318182647228241e-03,1.379843521863222122e-02,-1.313466206192970276e-02,-6.547216791659593582e-03,-8.079258725047111511e-03,-1.908180117607116699e-02,1.590708852745592594e-03,3.952467348426580429e-03,1.467005722224712372e-02,1.995342224836349487e-02,-1.119698118418455124e-02,3.440389700699597597e-04,-6.490226369351148605e-03,-1.206860295496881008e-03,-3.137627209071069956e-05,-2.482109330594539642e-02,1.316818594932556152e-02,-3.212930262088775635e-02,4.220658447593450546e-03,2.896464662626385689e-03,-6.838874542154371738e-04,1.303409039974212646e-02,-8.085963316261768341e-03,2.070435881614685059e-02,-7.630876498296856880e-04,6.362835410982370377e-03,2.078481577336788177e-02,-2.321194484829902649e-02,-5.109041929244995117e-03,-4.046334419399499893e-03,-4.706754907965660095e-02,-2.411038614809513092e-02,8.401088416576385498e-03,1.381184533238410950e-02,4.482144955545663834e-03,-1.648034714162349701e-02,3.105653636157512665e-02,-1.481756195425987244e-02,-4.203896503895521164e-03,-2.043281449005007744e-03,2.000706084072589874e-02,-4.873033612966537476e-02,-4.696697928011417389e-03,3.407703945413231850e-03,6.225387565791606903e-03,-8.307221345603466034e-03,4.800621885806322098e-03,-1.530575391370803118e-04,-2.211236208677291870e-02,-2.571282908320426941e-03,-1.298045273870229721e-02,-1.637306995689868927e-02,-1.345649175345897675e-02,5.339686200022697449e-02,4.148917272686958313e-02,1.080810371786355972e-02,-2.681911736726760864e-02,5.400699563324451447e-03,-4.360788315534591675e-02,-7.366876234300434589e-04,-7.811067625880241394e-04,-1.511257234960794449e-02,-1.337603479623794556e-02,1.827722787857055664e-02,-2.535747550427913666e-02,-2.228668518364429474e-02,-5.873386748135089874e-03,2.461994811892509460e-02,-3.218293935060501099e-02,1.833086647093296051e-02,2.000706084072589874e-02,7.314913906157016754e-03,-1.546122040599584579e-02,2.188439853489398956e-02,3.813678398728370667e-02,-1.069412217475473881e-03,-1.287317555397748947e-02,-1.775425486266613007e-02,2.039593830704689026e-02,-1.707036793231964111e-02,1.888065785169601440e-02,-3.042293479666113853e-03,-1.976568810641765594e-02,-1.244407054036855698e-02,-4.649764392524957657e-03,-1.711059547960758209e-02,3.456313628703355789e-03,-1.800903677940368652e-02,-1.922595431096851826e-03,-1.390571240335702896e-02,-1.889406703412532806e-02,3.135154768824577332e-02,-1.285976637154817581e-02,-1.609985134564340115e-03,1.928294450044631958e-02,-1.007057819515466690e-02,-3.304115310311317444e-02,-1.153892464935779572e-02,-3.282659873366355896e-02,2.754323184490203857e-02,-2.891100756824016571e-02,8.501660078763961792e-03,-2.035570889711380005e-02,6.731598172336816788e-03,2.541111223399639130e-02,7.790953386574983597e-03,-2.412379533052444458e-02,-9.634767659008502960e-03,1.424095127731561661e-02,-3.212930262088775635e-02,-1.277260389178991318e-02,-8.769851177930831909e-03,-8.709507994353771210e-03,1.519302930682897568e-02,1.312125287950038910e-02,2.901828475296497345e-02,3.972581587731838226e-03,9.936482645571231842e-03,1.768720708787441254e-02,-1.004375889897346497e-02,-2.511610276997089386e-02,1.719775842502713203e-03,-2.475404553115367889e-02,8.494955487549304962e-03,1.241725124418735504e-02,-1.147858146578073502e-02,-1.526007708162069321e-02,1.346193894278258085e-04,7.530305301770567894e-04,8.374269120395183563e-03,1.719105429947376251e-02,-4.569306969642639160e-03,-1.279271859675645828e-02,-7.421352202072739601e-04,-5.196203943341970444e-03,2.243419177830219269e-02,-1.107629481703042984e-02,1.534053497016429901e-02,-5.927024874836206436e-03,-1.121039036661386490e-02,7.844591513276100159e-03,-2.195144630968570709e-02,-2.027525193989276886e-02,-5.933729466050863266e-03,2.011433802545070648e-02,2.124074101448059082e-02,1.942709786817431450e-03,1.280612777918577194e-02,2.503564581274986267e-02,1.362411119043827057e-02,-1.133778132498264313e-02,-1.556849759072065353e-02,-1.005046349018812180e-02,2.813325263559818268e-02,2.342649921774864197e-02,-4.154281318187713623e-02,1.249100361019372940e-02,-2.850872091948986053e-02,1.471028570085763931e-02,4.019515123218297958e-03,2.588044852018356323e-03,-2.955466695129871368e-02,1.477733347564935684e-02,-2.435175701975822449e-02,3.714447608217597008e-03,3.220975771546363831e-02,3.443574532866477966e-02,-5.564966704696416855e-03,-4.919631755910813808e-04,2.113346382975578308e-02,1.627920381724834442e-02,1.654739491641521454e-02,-2.834780700504779816e-02,2.794552035629749298e-02,1.677535660564899445e-02,-2.063731104135513306e-02,-2.035570889711380005e-02,-6.415132880210876465e-01,4.301115870475769043e-03,-2.506246417760848999e-02,1.815654151141643524e-02,7.428895216435194016e-03,-8.206649683415889740e-03,2.483450248837471008e-02,1.080810371786355972e-02,-2.344996435567736626e-03,2.448920626193284988e-03,1.315477676689624786e-02,3.376526758074760437e-02,-1.127073355019092560e-02,-3.561578691005706787e-02,-8.233468979597091675e-03,-2.845508232712745667e-02,-1.111652422696352005e-02,-1.597078330814838409e-02,1.302068121731281281e-02,-1.543440204113721848e-02,-9.366576559841632843e-03,-6.979675032198429108e-03,1.964500360190868378e-02,-2.010092698037624359e-02,8.193240500986576080e-03,6.918493891134858131e-04,2.531724609434604645e-02,1.450914237648248672e-02,-1.648034714162349701e-02,2.122732996940612793e-02,-4.242784157395362854e-02,3.312160819768905640e-02,9.755454026162624359e-03,3.682264685630798340e-02,4.870351403951644897e-02,-1.176018267869949341e-02,-2.834780700504779816e-02,2.357400394976139069e-02,1.535394415259361267e-02,2.425789088010787964e-02,-4.767097998410463333e-03,-2.984967641532421112e-02,1.094890478998422623e-02,-1.084162760525941849e-02,-1.238707918673753738e-03,2.593408524990081787e-02,2.305103093385696411e-02,1.626579463481903076e-02,3.865305101498961449e-03,-1.440186519175767899e-02,-1.460300851613283157e-02,-8.957585319876670837e-03,-2.071776799857616425e-02,3.062743134796619415e-02,-2.428806154057383537e-03,1.951090805232524872e-02,1.486784778535366058e-03,-2.212577126920223236e-02,-6.322606932371854782e-03,-1.289831940084695816e-03,-7.817772217094898224e-03,1.365763507783412933e-02,-1.634625159204006195e-02,-2.797233872115612030e-02,1.060193171724677086e-03,-1.688263379037380219e-02,8.280402049422264099e-03,2.283647842705249786e-02,2.189780957996845245e-02,-1.985955610871315002e-02,-2.331587020307779312e-03,2.318177372217178345e-03,3.439551685005426407e-03,-9.487262926995754242e-03,6.379597354680299759e-03,-3.804962150752544403e-03,1.823699846863746643e-02,-1.330228149890899658e-02,-8.674308191984891891e-04,-4.264239687472581863e-03,3.875362453982234001e-03,-1.247926964424550533e-03,-7.891525514423847198e-03,-1.395935006439685822e-02,1.335592009127140045e-02,-1.940363086760044098e-02,-1.867951452732086182e-02,-5.383937619626522064e-03,8.079258725047111511e-03,-1.120536238886415958e-03,-1.199317397549748421e-03,-7.133884821087121964e-03,1.088185701519250870e-02,-1.784812286496162415e-02,1.446891296654939651e-02,2.748959511518478394e-02,-1.323523372411727905e-02,1.759334094822406769e-02,2.479427307844161987e-02,-1.001693960279226303e-02,1.424095127731561661e-02,-1.217587850987911224e-02,1.874656230211257935e-02,-3.463018452748656273e-03,2.978598233312368393e-03,1.779448427259922028e-02,-2.456631138920783997e-02,6.449997425079345703e-03,3.320206701755523682e-02,-1.846496202051639557e-02,-7.462419103831052780e-03,1.798221841454505920e-02,1.159256324172019958e-02,1.863928511738777161e-02,7.663562428206205368e-03,-3.738584741950035095e-02,-1.086844690144062042e-02,2.068424364551901817e-03,1.642670854926109314e-02,-1.645352877676486969e-02,1.633284240961074829e-02,-6.778531707823276520e-03,1.013092137873172760e-02,-2.310466952621936798e-02,-9.520786814391613007e-03,4.384925588965415955e-02,5.930377170443534851e-03,-1.398616936057806015e-02,-1.087515149265527725e-02,-2.449339663144201040e-04,-8.515069261193275452e-03,3.109341254457831383e-03,2.740913629531860352e-02,-2.695321105420589447e-03,2.411038614809513092e-02,1.558861113153398037e-03,4.492201842367649078e-03,-2.026519505307078362e-03,1.047286484390497208e-02,-1.589032635092735291e-02,-4.951479379087686539e-03,3.570294938981533051e-03,2.561225555837154388e-02,-1.055332273244857788e-02,-1.603783108294010162e-02,-3.049333579838275909e-02,-3.690310567617416382e-02,-1.040917006321251392e-03,-3.035924024879932404e-02,1.113663800060749054e-02,1.356376800686120987e-02,8.977699093520641327e-03,-4.406381025910377502e-02,1.754975994117558002e-03,1.553832553327083588e-03,-1.216246932744979858e-02,9.641472250223159790e-03,1.839791424572467804e-02,-2.306444104760885239e-03,-2.512951195240020752e-02,7.180818356573581696e-03,-4.609535448253154755e-03,-4.700050223618745804e-03,-1.386548299342393875e-02,1.062707509845495224e-02,-3.320206701755523682e-02,1.602442190051078796e-02,-1.307431957684457302e-03,9.145318530499935150e-03,-2.102618664503097534e-02,7.817772217094898224e-03,2.318177372217178345e-03,-3.379208594560623169e-02,-1.144002890214323997e-03,6.781884003430604935e-03,-7.019903976470232010e-03,-6.892513018101453781e-03,-1.373138744384050369e-02,-7.703791372478008270e-03,2.856235951185226440e-02,9.735339321196079254e-03,1.729832962155342102e-03,-2.200508490204811096e-02,-6.691369693726301193e-03,1.250441279262304306e-02,-5.960548762232065201e-03,-1.328887231647968292e-02,1.180041115731000900e-03,1.434822753071784973e-02,8.903946727514266968e-03,-1.135119143873453140e-02,-1.527013489976525307e-03,3.285341709852218628e-02,-1.282624248415231705e-02,1.328887231647968292e-02,2.251464873552322388e-02,-3.771438263356685638e-03,3.100960282608866692e-03,2.483450248837471008e-02,2.663138322532176971e-02,2.614863915368914604e-03,4.230715800076723099e-03,5.109041556715965271e-02,-5.648776423186063766e-03,2.925965562462806702e-02,-4.524384811520576477e-02,2.086862456053495407e-03,-8.287106640636920929e-03,2.275601960718631744e-02,-6.178454030305147171e-03,-1.810290291905403137e-02,-3.977274894714355469e-02,-1.968523114919662476e-02,1.450914237648248672e-02,2.422625220788177103e-05,2.413720451295375824e-02,-7.167408708482980728e-03,2.958148531615734100e-02,2.065072022378444672e-02,-2.215258963406085968e-02,1.955113559961318970e-02,-2.244760096073150635e-02,4.384925588965415955e-03,1.462982781231403351e-02,-3.261204436421394348e-02,-1.104277092963457108e-02,1.426776964217424393e-02,2.136142551898956299e-02,4.710107576102018356e-03,1.711059547960758209e-02,1.430799905210733414e-02,6.041006185114383698e-03,2.539435168728232384e-03,6.453349720686674118e-03,1.466670510126277804e-04,-7.794305565766990185e-04,-3.630637889727950096e-03,-2.152234129607677460e-02,1.424095127731561661e-02,-1.220940239727497101e-02,6.775179412215948105e-03,2.901828475296497345e-02,-1.826381869614124298e-02,-2.683252654969692230e-02,2.000706084072589874e-02,1.654739491641521454e-02,2.665820159018039703e-02,1.615851745009422302e-02,2.384219504892826080e-02,2.177712321281433105e-02,-1.316818594932556152e-02,2.557202801108360291e-02,-1.576963998377323151e-02,-1.985955610871315002e-02,-3.530066227540373802e-03,-2.864281646907329559e-02,1.562213525176048279e-02,1.770061627030372620e-02,2.928647585213184357e-02,1.497847680002450943e-02,-5.608547944575548172e-03,5.407404154539108276e-03,-8.422879036515951157e-04,-6.791941355913877487e-03,4.814031347632408142e-02,-5.058756098151206970e-03,1.490975264459848404e-03,-2.316501224413514137e-03,-7.851296104490756989e-03,-1.956454478204250336e-02,1.386548299342393875e-02,1.936340145766735077e-02,-1.147858146578073502e-02,-7.965277880430221558e-03,8.039030246436595917e-03,9.064861573278903961e-03,-9.815796278417110443e-03,4.716812167316675186e-03,1.166631560772657394e-02,-9.326348081231117249e-03,-1.595737412571907043e-02,-9.701815433800220490e-03,1.173336338251829147e-02,-6.235444452613592148e-03,3.711095312610268593e-03,3.305456135421991348e-03,-2.802597731351852417e-02,-4.371515940874814987e-03,-3.102971799671649933e-02,1.008231192827224731e-03,6.939446553587913513e-03,2.966194227337837219e-02,-6.909065268700942397e-05,-4.026219714432954788e-03,-2.209895290434360504e-02,-5.856624804437160492e-03,4.124779999256134033e-02,-7.254571188241243362e-03,2.453949116170406342e-02,7.562990766018629074e-03,-1.857223734259605408e-02,2.002047002315521240e-02,1.537908683530986309e-04,-6.919331848621368408e-03,3.513304144144058228e-02,1.374479755759239197e-02,3.530066227540373802e-03,1.884042983874678612e-03,-8.937470614910125732e-03,-2.022161334753036499e-02,-3.558896854519844055e-02,-1.399957854300737381e-02,-2.896464662626385689e-03,9.574424475431442261e-03,-5.383937619626522064e-03,-1.823699846863746643e-02,-1.309443358331918716e-02,-1.145679154433310032e-03,3.143200278282165527e-02,-3.734562080353498459e-03,-9.936482645571231842e-03,-1.382525451481342316e-02,3.714447608217597008e-03,9.467148222029209137e-03,1.017517298460006714e-01,1.247088890522718430e-02,-3.563590114936232567e-03,2.632296271622180939e-02,-6.101348903030157089e-03,2.349354699254035950e-02,1.711394870653748512e-03,-1.763356849551200867e-02,2.056691097095608711e-03,-2.553179860115051270e-02,9.259300306439399719e-03,-2.467358671128749847e-02,2.432493865489959717e-02,1.593055576086044312e-02,9.353166446089744568e-03,3.261875128373503685e-03,1.285641454160213470e-03,-1.597078330814838409e-02,-1.622556522488594055e-02,-1.012421678751707077e-02,-3.703720122575759888e-02,8.367564529180526733e-03,1.921589672565460205e-02,2.821371145546436310e-02,-1.517962012439966202e-02,8.568707853555679321e-03,3.297075163573026657e-03,2.181735076010227203e-02,1.497847680002450943e-02,-3.711095312610268593e-03,6.428207270801067352e-04,1.827722787857055664e-02,-1.259157527238130569e-02,1.825040951371192932e-02,-1.382860646117478609e-04,7.817772217094898224e-03,1.520643942058086395e-02,5.098984576761722565e-03,9.648176841437816620e-03,-3.364122938364744186e-03,1.512598153203725815e-02,1.767379790544509888e-02,1.328887231647968292e-02,1.359058730304241180e-02,2.109323441982269287e-02,-4.351401701569557190e-03,-1.538076344877481461e-02,1.029183622449636459e-03,-5.479145422577857971e-02,-2.525019831955432892e-02,3.572306409478187561e-02,-1.995342224836349487e-02,-2.413720451295375824e-02,-3.274613991379737854e-02,-4.626297391951084137e-03,-2.309796400368213654e-03,-2.500882605090737343e-03,-1.066730357706546783e-02,-7.328323554247617722e-03,3.513304144144058228e-02,-2.653751522302627563e-02,-1.262509915977716446e-02,2.112005464732646942e-02,1.332239620387554169e-02,-1.886724866926670074e-02,-8.608936332166194916e-03,-1.735196821391582489e-02,-6.215330213308334351e-03,-2.480768226087093353e-02,-7.160704117268323898e-03,-2.263533510267734528e-02,-1.806937973015010357e-03,-2.132119797170162201e-02,1.536735426634550095e-02,3.215612098574638367e-02,1.542099192738533020e-02,2.421766147017478943e-02,-2.090214984491467476e-03,-6.651140749454498291e-03,-1.095393323339521885e-03,-9.936482645571231842e-03,-1.353694871068000793e-02,2.417072886601090431e-03,-8.099373430013656616e-03,-2.243419177830219269e-02,3.097607940435409546e-02,-1.796880736947059631e-02,-1.150707714259624481e-03,-2.486132085323333740e-02,-8.662574924528598785e-03,6.111406255513429642e-03,-8.776555769145488739e-03,1.835768483579158783e-02,1.099583785980939865e-02,2.249453449621796608e-03,2.998712472617626190e-03,4.288376867771148682e-02,8.950879797339439392e-03,-2.246101014316082001e-02,-2.494177781045436859e-02,-5.970605649054050446e-03,-3.764733439311385155e-03,4.230715800076723099e-03,4.384925588965415955e-03,3.794905170798301697e-02,1.954443054273724556e-03,2.841150155290961266e-03,3.183429315686225891e-02,-7.516057230532169342e-03,-9.507376700639724731e-03,7.408780977129936218e-03,-3.891453891992568970e-02,-9.983415715396404266e-03,3.693914331961423159e-04,-9.044746868312358856e-03,1.473375246860086918e-03,1.123720966279506683e-02,1.834427565336227417e-02,-7.345923804678022861e-04,1.043431228026747704e-03,-6.778531707823276520e-03,-2.775778621435165405e-02,3.266568481922149658e-02,-5.960548762232065201e-03,-4.025549441576004028e-02,7.422190625220537186e-03,7.274685427546501160e-03,-2.891100756824016571e-02,1.674853824079036713e-02,1.944386027753353119e-02,-3.127779578790068626e-03,2.518315054476261139e-02,7.214342243969440460e-03,-3.354065818712115288e-03,-3.939728066325187683e-02,-3.014468774199485779e-02,5.055403336882591248e-03,1.914884895086288452e-02,7.542876410298049450e-04,2.236714400351047516e-02,-2.051662467420101166e-02,-3.006422892212867737e-02,-1.625238545238971710e-02,-2.628273516893386841e-02,-4.816713184118270874e-02,-2.267556264996528625e-02,-4.780507646501064301e-03,2.335945144295692444e-02,1.116345729678869247e-02,8.897242136299610138e-03,-2.440539561212062836e-02,-1.428117975592613220e-02,-1.477733347564935684e-02,3.392618149518966675e-03,-2.136142551898956299e-02,-6.057768128812313080e-03,6.714836228638887405e-03,9.514081291854381561e-03,4.411744698882102966e-02,2.850872091948986053e-02,3.486485034227371216e-02,3.499894635751843452e-03,1.110311411321163177e-02,2.429812029004096985e-02,1.193450647406280041e-03,1.471028570085763931e-02,-9.058156982064247131e-03,-1.849178038537502289e-02,-3.647399693727493286e-02,4.683288279920816422e-03,1.914884895086288452e-02,3.258522599935531616e-02,7.221047300845384598e-03,5.544852465391159058e-03,1.283965166658163071e-02,2.995695360004901886e-02,8.816784247756004333e-03,-8.843603543937206268e-03,-1.007728278636932373e-02,-4.036277160048484802e-02,-1.424095127731561661e-02,-1.842473261058330536e-02,-1.613337430171668530e-03,-1.787494122982025146e-02,-3.129455726593732834e-03,-1.098242867738008499e-02,9.017927572131156921e-03,1.578305102884769440e-02,-2.854559803381562233e-03,-5.669728852808475494e-04,1.576963998377323151e-02,-8.394383825361728668e-03,2.968876250088214874e-02,-1.948408782482147217e-02,4.274967312812805176e-02,-1.994001306593418121e-02,2.963512390851974487e-02,1.854541897773742676e-02,-1.188086904585361481e-02,4.337992053478956223e-03,1.145846769213676453e-02,1.314807217568159103e-02,-2.797233872115612030e-02,-1.650716550648212433e-02,-2.829416841268539429e-02,1.200825907289981842e-02,-9.178842417895793915e-03,-1.195462141185998917e-02,-1.927623990923166275e-03,-1.118357200175523758e-02,-3.743948787450790405e-02,6.738302763551473618e-04,-5.025231745094060898e-03,-2.496859803795814514e-02,1.721787266433238983e-02,-1.012421678751707077e-02,-1.775425486266613007e-02,2.114687301218509674e-02,-2.503564581274986267e-02,6.158339790999889374e-03,9.487262926995754242e-03,-1.825376064516603947e-03,2.732867933809757233e-02,-2.093232050538063049e-02,1.190768741071224213e-02,2.590726688504219055e-02,6.305844988673925400e-03,-2.169666439294815063e-02,1.596575486473739147e-03,-1.401298865675926208e-02,-3.367475233972072601e-03,-3.074141219258308411e-03,2.089209109544754028e-02,-2.313148695975542068e-03,-1.064718887209892273e-02,3.920954838395118713e-02,-1.330228149890899658e-02,-1.642670854926109314e-02,-3.969229385256767273e-02,2.364105172455310822e-02,-1.106288563460111618e-02,-2.531054196879267693e-03,-9.125204756855964661e-03,-4.814031533896923065e-03,-2.410368062555789948e-03,-6.637731567025184631e-03,-1.338273938745260239e-02,3.486485034227371216e-02,-1.390571240335702896e-02,-2.667161077260971069e-02,-1.821018010377883911e-02,4.894488956779241562e-03,-5.799633916467428207e-03,8.555297739803791046e-03,-3.357418114319443703e-03,-4.905216395854949951e-02,1.465664710849523544e-02,4.710107459686696529e-04,-1.821018010377883911e-02,4.646412096917629242e-03,-2.158938907086849213e-02,1.858564838767051697e-02,-1.846496202051639557e-02,2.718787873163819313e-03,2.842826303094625473e-03,5.057918024249374866e-04,-2.149552106857299805e-02,-1.975227892398834229e-02,-5.943786818534135818e-03,2.022161334753036499e-02,-1.916100154630839825e-04,1.304917619563639164e-03,-1.298715732991695404e-02,2.850872091948986053e-02,1.344978716224431992e-02,9.587834356352686882e-04,-1.292765227844938636e-04,-2.106641605496406555e-02,-6.731598172336816788e-03,2.126755937933921814e-02,3.097607940435409546e-02,1.361908274702727795e-03,-1.081480830907821655e-02,-1.079469453543424606e-02,-2.181735076010227203e-02,-1.816995069384574890e-02,-4.964889027178287506e-03,1.239713653922080994e-02,2.136142551898956299e-02,-3.239749372005462646e-02,-1.953772641718387604e-02,5.672242958098649979e-03,-1.092879008501768112e-02,1.332239620387554169e-02,-6.076206336729228497e-04,-2.979603782296180725e-02,-6.141577847301959991e-03,2.370809949934482574e-02,-3.864634782075881958e-02,2.730186097323894501e-02,-2.728845179080963135e-02,-7.408780977129936218e-03,-1.005046349018812180e-02,-6.463407073169946671e-03,2.264539245516061783e-03,-4.334639757871627808e-03,2.141506411135196686e-02,-2.508928440511226654e-02,-1.516621001064777374e-02,6.952856201678514481e-03,-8.769851177930831909e-03,1.924271695315837860e-02,4.170372616499662399e-03,-1.041252166032791138e-02,7.234456483274698257e-03,-1.649375632405281067e-02,1.386548299342393875e-02,-2.893782593309879303e-02,-3.617898747324943542e-02,4.044322669506072998e-02,-1.947738346643745899e-03,1.215576473623514175e-02,2.612181939184665680e-02,-9.809091687202453613e-03,7.314913906157016754e-03,1.011080667376518250e-02,4.726869519799947739e-03,1.849178038537502289e-02,-1.560872606933116913e-02,-3.349707648158073425e-02,2.818689122796058655e-02,1.355035882443189621e-02,-1.614510826766490936e-02,-1.476392336189746857e-02,-9.185547009110450745e-03,3.005417296662926674e-03,1.182555453851819038e-03,1.003705430775880814e-02,1.937681226991117001e-03,-1.512598153203725815e-02,2.043616771697998047e-02,1.564895361661911011e-02,8.991109207272529602e-03,6.275673396885395050e-03,-1.213565003126859665e-02,-1.437337021343410015e-03,1.834427565336227417e-02,-1.906839199364185333e-02,-3.328252211213111877e-02,-4.376879706978797913e-02,-2.653751522302627563e-02,4.516339302062988281e-02,-1.201831619255244732e-03,-6.299139931797981262e-03,-9.856025688350200653e-03,2.293034456670284271e-03,-6.114758551120758057e-02,8.032325655221939087e-03,5.792929325252771378e-03,-8.970994502305984497e-03,-1.262509915977716446e-02,7.348437793552875519e-03,5.772814620286226273e-03,2.219281904399394989e-02,-1.183393504470586777e-02,2.132119843736290932e-03,-9.628063067793846130e-03,-2.314489707350730896e-02,3.250141628086566925e-03,-2.947420999407768250e-02,-1.001023501157760620e-02,-1.690945215523242950e-02,-2.472722530364990234e-02,-6.541350157931447029e-04,-5.062108393758535385e-03,-7.469124160706996918e-03,1.563554443418979645e-02,1.654739491641521454e-02,-2.311472548171877861e-03,-6.912627257406711578e-03,-3.835133742541074753e-03,2.106641605496406555e-02,-3.815438249148428440e-04,5.397347267717123032e-03,-1.357047259807586670e-02,-3.466370748355984688e-03,6.765122059732675552e-03,1.354365423321723938e-02,1.342967245727777481e-02,-3.904863446950912476e-02,9.882844053208827972e-03,2.636654302477836609e-03,-1.665718591539189219e-04,1.656918553635478020e-03,8.662574924528598785e-03,-3.253494156524538994e-03,-3.972581587731838226e-03,-2.840144373476505280e-02,1.715082488954067230e-02,-9.454786049900576472e-05,-3.993366286158561707e-02,1.414708420634269714e-02,-3.017150610685348511e-02,-3.647399693727493286e-02,-1.582327857613563538e-02,2.329240366816520691e-02,-7.978687062859535217e-03,-1.635966077446937561e-02,8.146306499838829041e-03,-8.213354274630546570e-03,4.096620250493288040e-03,-3.563590114936232567e-03,4.867669660598039627e-03,-1.853200979530811310e-02,3.070788923650979996e-03,6.298301741480827332e-04,-9.373281151056289673e-03,-1.165961101651191711e-02,8.173125796020030975e-03,3.773449733853340149e-02,6.738303229212760925e-03,-2.287670597434043884e-02,-1.109640928916633129e-03,-4.726869519799947739e-03,-1.816995092667639256e-03,-5.913615226745605469e-03,-8.877127431333065033e-03,-3.090903162956237793e-03,-6.835522130131721497e-03,-2.145529258996248245e-03,-4.522373434156179428e-03,-1.693627238273620605e-02,7.475828751921653748e-03,1.184063963592052460e-02,-3.084198385477066040e-02,2.098595956340432167e-03,2.033961862325668335e-01,-1.106288563460111618e-02,-3.858600510284304619e-03,1.756652072072029114e-02,-5.474452394992113113e-03,4.036277066916227341e-03,1.902816258370876312e-02,9.076594724319875240e-04,7.314913906157016754e-03,-1.232841284945607185e-03,-2.720799297094345093e-02,-1.272567082196474075e-02,-1.245077513158321381e-02,5.635366775095462799e-03,1.255805138498544693e-02,-2.979603782296180725e-02,-1.630602218210697174e-02,1.023819763213396072e-02,-2.656433545053005219e-02,-1.133107673376798630e-02,-3.865305101498961449e-03,6.359483115375041962e-03,-6.584092974662780762e-03,-9.084975346922874451e-03,2.508928440511226654e-02,5.655481014400720596e-03,-1.165290642529726028e-02,2.770414762198925018e-02,6.020891480147838593e-03,1.377161592245101929e-02,2.629949711263179779e-03,2.128767373505979776e-04,4.676583223044872284e-03,-1.544781122356653214e-02,-1.500529609620571136e-02,-1.710556796751916409e-03,-6.644436158239841461e-03,1.546289655379951000e-03,9.943187236785888672e-03,1.497847680002450943e-02,3.591079637408256531e-02,-4.022867418825626373e-03,-3.466370748355984688e-03,2.577987499535083771e-03,-4.512316547334194183e-03,3.373844921588897705e-02,5.417461507022380829e-03,-2.247777301818132401e-03,-1.794198900461196899e-02,1.719105429947376251e-02,-3.062743134796619415e-02,-2.931664697825908661e-03,2.754323184490203857e-02,2.612181939184665680e-02,1.288658566772937775e-02,-4.683288279920816422e-03,1.725810207426548004e-02,1.835768483579158783e-02,2.420425182208418846e-03,2.668502042070031166e-03,-2.310466952621936798e-02,9.044746868312358856e-03,-1.587691716849803925e-02,8.052439428865909576e-03,-2.011433709412813187e-03,2.184417098760604858e-02,-2.818689122796058655e-02,-1.920248754322528839e-02,2.256828732788562775e-02,-2.861599810421466827e-02,8.548593148589134216e-03,-2.168325521051883698e-02,-3.127108886837959290e-02,1.441527530550956726e-02,-4.938069730997085571e-03,-1.505893375724554062e-02,1.786153204739093781e-02,9.755454026162624359e-03,-1.542099192738533020e-02,8.808403508737683296e-04,1.972881378605961800e-03,-1.662785187363624573e-02,-5.370527971535921097e-03,-7.583105005323886871e-03,8.883832022547721863e-03,-2.059708163142204285e-02,1.955113559961318970e-02,2.026519505307078362e-03,-3.046651557087898254e-02,-3.459665924310684204e-03,2.000706084072589874e-02,-3.719811514019966125e-02,-1.024490222334861755e-02,-1.461641862988471985e-02,7.395371329039335251e-03,1.696309074759483337e-02,-3.987248346675187349e-04,1.947067864239215851e-02,-1.233008876442909241e-02,7.402076385915279388e-03,-7.878115400671958923e-03,9.346461854875087738e-03,1.170654408633708954e-02,2.237719949334859848e-03,-3.258522599935531616e-03,-1.122380048036575317e-02,2.824052982032299042e-02,2.445903420448303223e-02,-7.744019967503845692e-04,-2.219281904399394989e-02,2.246101014316082001e-02,-1.929635368287563324e-02,1.351432001683861017e-04,-1.081480830907821655e-02,4.811349511146545410e-02,4.978298675268888474e-03,-4.604842141270637512e-02,-2.369469031691551208e-02,7.710495963692665100e-03,1.200155448168516159e-02,1.320841535925865173e-02,-1.198144070804119110e-02,1.488460972905158997e-02,1.635966077446937561e-02,-2.585362829267978668e-02,-4.968241322785615921e-03,-4.446609690785408020e-02,2.349354699254035950e-02,2.536082640290260315e-03,-1.481756195425987244e-02,1.240384113043546677e-02,-1.926314507727511227e-05,1.263850834220647812e-02,-3.129455726593732834e-03,1.164620183408260345e-02,7.328323554247617722e-03,1.101595256477594376e-02,-1.627920381724834442e-02,-1.713741570711135864e-02,-1.976568810641765594e-02,7.388666737824678421e-03,5.665538366883993149e-03,2.036911994218826294e-02,1.481756195425987244e-02,6.845579482614994049e-03,-8.039030246436595917e-03,2.455290034413337708e-02,-7.388666737824678421e-03,-1.536735426634550095e-02,-3.019832447171211243e-02,-4.814031347632408142e-02,-1.121709588915109634e-02,-7.985391654074192047e-03,-1.186745893210172653e-02,2.777454676106572151e-03,8.649164810776710510e-03,-6.037653423845767975e-03,-2.672524936497211456e-02,1.701672933995723724e-02,2.578658051788806915e-02,-2.298398315906524658e-02,1.149199157953262329e-02,1.277930941432714462e-02,-2.535747550427913666e-02,-9.493967518210411072e-03,-4.951479379087686539e-03,-1.707841306924819946e-01,1.364422589540481567e-02,3.229021653532981873e-02,-2.718787873163819313e-03,1.154562924057245255e-02,-7.502648048102855682e-03,3.604489192366600037e-02,-1.083492301404476166e-02,-8.032325655221939087e-03,9.996825829148292542e-03,5.632014479488134384e-03,-4.860965069383382797e-03,-2.875009365379810333e-02,-1.712400652468204498e-02,-1.115507679060101509e-03,1.037229318171739578e-02,1.140482909977436066e-02,1.882366719655692577e-03,3.687628358602523804e-02,-7.100360933691263199e-03,1.331569161266088486e-02,4.787212237715721130e-03,-6.798645947128534317e-03,-2.971558086574077606e-02,3.148564323782920837e-02,-5.937081761658191681e-03,-1.717764325439929962e-02,3.223322564736008644e-03,5.430871155112981796e-03,5.145918112248182297e-03,-1.508575305342674255e-02,1.140650594606995583e-03,1.717764325439929962e-02,-2.640341967344284058e-02,-4.961536731570959091e-03,-9.621358476579189301e-03,-2.539770305156707764e-02,1.413367409259080887e-02,-3.788200207054615021e-03,1.994001306593418121e-02,2.209895290434360504e-02,4.535783082246780396e-03,2.133460715413093567e-02,1.641329936683177948e-02,1.468346640467643738e-02,4.138189554214477539e-02,2.271579205989837646e-02,-2.378855645656585693e-02,3.129790723323822021e-02,-2.223304845392704010e-02,4.653116688132286072e-03,-3.389936313033103943e-02,1.985955610871315002e-02,6.543864496052265167e-03,1.526007708162069321e-02,1.104947645217180252e-02,-5.125803872942924500e-03,1.355706341564655304e-02,-6.436587776988744736e-03,8.588821627199649811e-03,-4.284353926777839661e-03,-6.848931778222322464e-03,2.565248496830463409e-02,-1.245747972279787064e-02,3.129790723323822021e-02,-1.487120054662227631e-02,-1.908180117607116699e-02,2.400310942903161049e-03,-3.829769790172576904e-02,2.384219504892826080e-02,-2.624250575900077820e-02,-1.484438125044107437e-02,1.648034714162349701e-02,-8.632403332740068436e-04,1.542099192738533020e-02,9.775567799806594849e-03,-1.265862304717302322e-02,-1.306593883782625198e-03,2.112005464732646942e-02,7.536171935498714447e-03,-1.528689637780189514e-02,4.827440902590751648e-02,-1.991319470107555389e-02,-1.236193638760596514e-04,-3.290370339527726173e-03,8.749736472964286804e-03,-1.798221841454505920e-02,1.458959933370351791e-02,-3.099284134805202484e-03,1.085503771901130676e-02,8.816784829832613468e-04,-2.153575047850608826e-02,-1.865604775957763195e-03,-1.433146535418927670e-03,1.119027659296989441e-02,2.939375117421150208e-02,1.268544234335422516e-02,-6.667902693152427673e-03,7.562990766018629074e-03,-3.076152689754962921e-02,1.571600139141082764e-02,-4.063096363097429276e-03,-2.850872091948986053e-02,1.383866369724273682e-02,1.576963998377323151e-02,-2.162961661815643311e-02,3.069112543016672134e-03,1.689604297280311584e-02,3.191474825143814087e-02,-5.434223450720310211e-03,-9.872787632048130035e-04,8.957585319876670837e-03,1.747265458106994629e-02,1.219599321484565735e-02,-7.757429499179124832e-03,1.497847680002450943e-02,-2.526025520637631416e-03,-7.730610202997922897e-03,1.418731268495321274e-02,-3.456313628703355789e-03,7.477169483900070190e-02,4.368163645267486572e-03,3.922295756638050079e-03,-1.085503771901130676e-02,-2.083510160446166992e-03,-4.449291527271270752e-02,-1.073837429285049438e-01,-2.827740507200360298e-03,2.361758379265666008e-03,1.350342482328414917e-02,1.120368577539920807e-02,1.673680497333407402e-03,6.282377988100051880e-03,5.186146590858697891e-03,-1.055332273244857788e-02,-2.408691914752125740e-03,-2.866963483393192291e-02,-1.310784276574850082e-02,-9.936482645571231842e-03,-9.158728644251823425e-03,6.409768946468830109e-03,1.810290385037660599e-03,-1.119698164984583855e-03,-2.492501633241772652e-03,1.721787266433238983e-02,1.698991097509860992e-02,-2.728845179080963135e-02,-9.923073230311274529e-04,5.588433239609003067e-03,-3.617898747324943542e-02,2.201849408447742462e-02,2.046298608183860779e-02,-1.664126105606555939e-02,3.399322973564267159e-03,1.599760353565216064e-02,5.444280803203582764e-03,1.488460972905158997e-02,-1.571432570926845074e-03,9.239185601472854614e-03,3.905533812940120697e-03,-1.031194999814033508e-02,-3.052015416324138641e-02,-2.872327342629432678e-02,4.871021956205368042e-03,2.987649664282798767e-02,-1.960477419197559357e-02,7.676972076296806335e-03,-1.346319634467363358e-02,-8.199945092201232910e-03,-1.456278003752231598e-02,1.310113817453384399e-02,2.509263576939702034e-03,-1.441527507267892361e-03,1.285306178033351898e-02,2.341308817267417908e-02,5.045346333645284176e-04,-2.063731104135513306e-02,1.180041115731000900e-02,-3.065424971282482147e-02,-8.347449824213981628e-03,1.885383948683738708e-02,-3.156610205769538879e-02,1.059355121105909348e-02,2.010092698037624359e-02,-4.371516034007072449e-02,-4.431859124451875687e-03,-8.903946727514266968e-03,2.683587837964296341e-03,8.729622699320316315e-03,1.854541897773742676e-02,-8.977699093520641327e-03,-1.003034971654415131e-02,1.058684661984443665e-02,-2.232691459357738495e-02,2.912556007504463196e-02,-2.864281646907329559e-02,3.274613991379737854e-02,1.848842832259833813e-03,-3.875362500548362732e-02,1.344308257102966309e-02,-3.486485034227371216e-02,6.396359298378229141e-03,-4.089915193617343903e-03,-1.901475340127944946e-02,1.433481741696596146e-02,-2.385560423135757446e-02,-5.588433239609003067e-03,-1.460300851613283157e-02,2.054344303905963898e-02,1.433146535418927670e-03,3.572306409478187561e-02,-1.015774067491292953e-02,-5.417461507022380829e-03,-1.125061977654695511e-02,6.081234663724899292e-03,-1.583668775856494904e-02,2.248782850801944733e-02,1.359058730304241180e-02,1.034547388553619385e-02,-2.455290034413337708e-02,1.184734515845775604e-02,3.690310567617416382e-02,-7.884819991886615753e-03,8.327336050570011139e-03,-2.928647585213184357e-02,1.080139912664890289e-02,-1.051309332251548767e-02,-4.227363038808107376e-03,-6.382949650287628174e-02,2.488814108073711395e-02,-1.422754116356372833e-02,2.767397556453943253e-03,-8.260288275778293610e-03,-1.139141991734504700e-02,1.258487068116664886e-02,-3.371163085103034973e-02,-1.267203222960233688e-02,3.231703536584973335e-03,-1.570259220898151398e-02,3.684946522116661072e-02,-1.979585969820618629e-03,-1.453596074134111404e-02,-2.113346382975578308e-02,1.064718887209892273e-02,1.070082746446132660e-02,-1.051812199875712395e-03,1.050638873130083084e-02,-1.210212614387273788e-02,4.334639757871627808e-03,4.951479379087686539e-03,-1.165290642529726028e-02,2.498200722038745880e-02,-9.748748503625392914e-03,1.009069290012121201e-02,9.165433235466480255e-03,6.211977917701005936e-03,-1.597078330814838409e-02,-2.077140659093856812e-02,4.327935166656970978e-03,-3.014468774199485779e-02,-6.218682508915662766e-03,-2.765721292234957218e-04,2.610841020941734314e-02,-1.881361007690429688e-02,-1.163949631154537201e-02,-8.052439428865909576e-03,4.066867695655673742e-04,3.727857023477554321e-02,1.196132600307464600e-02,-4.454655200242996216e-02,-7.086951751261949539e-03,-1.249770820140838623e-02,5.792929325252771378e-03,-8.414497599005699158e-03,3.459665924310684204e-03,3.910227119922637939e-02,1.869292370975017548e-02,-3.473075479269027710e-02,2.195144630968570709e-02,1.749947294592857361e-02,3.717800136655569077e-03,-2.901828475296497345e-02,-5.853272043168544769e-03,-1.347660645842552185e-02,1.117016188800334930e-02,1.070250407792627811e-03,6.919331848621368408e-03,-2.824052982032299042e-02,2.255487628281116486e-02,-6.972970440983772278e-04,3.239749372005462646e-02,-1.825040951371192932e-02,7.784248795360326767e-03,-2.048980444669723511e-02,2.547816000878810883e-02,2.464676834642887115e-02,5.739290732890367508e-03,-1.434822753071784973e-02,1.776766497641801834e-03,-5.544852465391159058e-03,-1.983273588120937347e-02,1.804926618933677673e-02,-6.332663819193840027e-03,4.783859942108392715e-03,-1.476392336189746857e-02,-4.502259194850921631e-03,-1.971205137670040131e-02,-7.200932595878839493e-03,3.901343443430960178e-04,-1.914884895086288452e-02,-1.578305102884769440e-02,1.736537786200642586e-03,3.006422892212867737e-02,2.755664288997650146e-03,-6.855636835098266602e-03,-1.603280310519039631e-03,7.804363034665584564e-03,7.140589877963066101e-03,-1.270555611699819565e-02,3.113699518144130707e-02,1.715082488954067230e-02,-2.350695617496967316e-02,-3.152922494336962700e-03,2.107982523739337921e-02,-1.399957854300737381e-02,-1.123720966279506683e-02,1.723128184676170349e-02,2.669843100011348724e-02,-2.805279567837715149e-02,-7.350114174187183380e-04,-1.513939164578914642e-02,-1.453596074134111404e-02,-3.342332318425178528e-03,6.721541285514831543e-04,-1.259827986359596252e-02,-7.858000695705413818e-03,-2.246100921183824539e-03,2.683252654969692230e-02,1.045945566147565842e-02,1.374479755759239197e-02,2.128096856176853180e-02,1.586350798606872559e-02,-8.595527149736881256e-03,8.065849542617797852e-03,-1.806267537176609039e-02,1.783471205271780491e-03,-1.963159255683422089e-02,4.183782264590263367e-02,9.185547009110450745e-03,5.337004084140062332e-03,1.062707509845495224e-02,5.833157803863286972e-03,3.330934420228004456e-02,3.086880408227443695e-02,2.182405674830079079e-03,5.333651788532733917e-03,-2.373491786420345306e-02,-6.926875212229788303e-04,2.456631138920783997e-02,-1.187416352331638336e-02,-2.323876507580280304e-02,-1.943044923245906830e-02,-8.045734837651252747e-03,9.084975346922874451e-03,-5.873386748135089874e-03,4.076505824923515320e-02,-6.530454847961664200e-03,4.438563808798789978e-02,2.663473598659038544e-03,-1.218928862363100052e-02,9.943187236785888672e-03,3.164655715227127075e-02,1.941704005002975464e-02,-1.192612573504447937e-03,2.672524936497211456e-02,4.354753997176885605e-03,-1.735196821391582489e-02,2.217940986156463623e-02,-2.775778528302907944e-03,1.985955610871315002e-02,5.591786000877618790e-03,-3.540123254060745239e-02,1.736537739634513855e-02,1.348331104964017868e-02,-1.251111831516027451e-02,1.575623080134391785e-02,1.119027659296989441e-02,5.786224268376827240e-03,-5.742643494158983231e-03,1.670830883085727692e-02,-2.125415019690990448e-02,-2.455290034413337708e-02,-4.508963786065578461e-03,2.685934491455554962e-02,-1.760675013065338135e-02,-3.576999763026833534e-03,-2.821371145546436310e-02,4.381573293358087540e-03,-3.002064768224954605e-03,-2.816007286310195923e-02,-1.434822753071784973e-02,6.386301945894956589e-03,-4.063096269965171814e-02,-1.495165750384330750e-02,-1.413870253600180149e-03,1.376994070596992970e-03,9.876139461994171143e-03,-3.804962150752544403e-03,1.322182454168796539e-02,-2.271243836730718613e-03,-2.254481893032789230e-03,4.905216395854949951e-02,-2.200843766331672668e-03,4.012810532003641129e-03,1.821018010377883911e-02,4.190486855804920197e-03
1.613119803369045258e-02,1.139893382787704468e-02,6.224902346730232239e-03,-4.862786736339330673e-03,-1.906292699277400970e-02,5.526106804609298706e-02,-1.178046036511659622e-02,-1.115796994417905807e-02,1.248327177017927170e-02,-2.678715996444225311e-02,7.824635133147239685e-03,-1.415820133843226358e-05,2.275770762935280800e-03,3.557565156370401382e-03,-9.170017205178737640e-03,-1.776439882814884186e-02,1.493976544588804245e-02,-1.983936503529548645e-02,1.725569739937782288e-02,-1.454987213946878910e-03,-1.281125005334615707e-02,3.721554530784487724e-03,5.565598141402006149e-03,3.818609286099672318e-03,5.150604527443647385e-03,7.295852992683649063e-03,1.116466335952281952e-02,-5.963857751339673996e-03,-4.802545590791851282e-04,-9.759040549397468567e-03,1.451640506274998188e-03,-1.103748753666877747e-02,-3.196788579225540161e-02,1.863454654812812805e-02,-2.374833635985851288e-02,1.872825436294078827e-02,-6.516066845506429672e-03,2.989040804095566273e-04,2.194110676646232605e-02,-1.834003487601876259e-03,2.431058511137962341e-02,-1.097055338323116302e-02,1.910977996885776520e-03,3.919010981917381287e-03,-4.388221353292465210e-02,-1.276439614593982697e-02,-2.551875310018658638e-03,-3.277109935879707336e-02,-3.986614942550659180e-02,2.883535251021385193e-02,1.427042111754417419e-02,1.931727677583694458e-02,-1.178715378046035767e-02,1.119813043624162674e-02,-1.738956570625305176e-02,-1.480589620769023895e-02,3.504017600789666176e-03,1.206827815622091293e-02,-3.145918250083923340e-02,-4.963187966495752335e-03,7.576977834105491638e-03,1.194779644720256329e-03,-5.317940842360258102e-03,-1.040161121636629105e-02,-5.143911112099885941e-03,-1.566265709698200226e-02,3.134204773232340813e-03,-1.152610965073108673e-02,-1.005355175584554672e-02,-1.851406320929527283e-02,5.574299395084381104e-02,4.302545264363288879e-02,-7.784474641084671021e-03,-2.846052125096321106e-02,-1.063420786522328854e-03,-3.801875934004783630e-02,-8.681396022439002991e-03,-1.212182547897100449e-02,-4.424366168677806854e-03,-1.513554831035435200e-03,1.400268357247114182e-02,-2.520750649273395538e-02,-2.698796242475509644e-02,-4.844379436690360308e-04,1.787149347364902496e-02,-3.555557131767272949e-02,-2.765228855423629284e-04,2.929050847887992859e-02,-1.171352528035640717e-02,-9.879522025585174561e-03,3.536815568804740906e-02,3.025436401367187500e-02,1.147088827565312386e-03,-1.102744718082249165e-03,-2.526105381548404694e-02,3.647926496341824532e-03,-1.396252214908599854e-02,2.215529792010784149e-02,3.952478058636188507e-03,-3.052210062742233276e-02,-1.979920454323291779e-02,8.186917984858155251e-04,-1.139893382787704468e-02,-1.854083733633160591e-03,-2.712183259427547455e-02,9.588357643224298954e-04,-1.702811941504478455e-02,-2.040161564946174622e-02,2.846052125096321106e-02,1.016064640134572983e-02,2.433066722005605698e-03,2.736279554665088654e-02,-4.421019461005926132e-03,-2.473896555602550507e-02,-1.271754223853349686e-02,-3.480590507388114929e-02,4.431059584021568298e-03,-1.427042111754417419e-02,-7.925036363303661346e-03,-4.173361696302890778e-03,5.910310428589582443e-03,2.678715996444225311e-02,-1.072289608418941498e-02,-3.319947794079780579e-02,-1.055555976927280426e-02,2.214191108942031860e-02,-8.601074106991291046e-03,-3.060242161154747009e-02,-4.959841258823871613e-03,-1.190763525664806366e-02,1.384204067289829254e-02,1.033467613160610199e-02,1.710844039916992188e-02,-2.414659596979618073e-03,-4.089694004505872726e-03,3.557565156370401382e-03,-1.676038093864917755e-02,-3.930389881134033203e-02,-1.618976530153304338e-04,-1.776439882814884186e-02,2.077644690871238708e-02,7.463189307600259781e-03,-1.872490742243826389e-03,-1.705489307641983032e-02,6.874165963381528854e-03,-3.831996349617838860e-03,-5.421689245849847794e-03,2.334672957658767700e-02,-1.244980469346046448e-02,-2.535141538828611374e-03,-5.220885854214429855e-03,4.133201204240322113e-03,2.821955643594264984e-02,-1.464525423943996429e-02,1.156627014279365540e-02,5.602411925792694092e-03,-6.121153943240642548e-03,2.456493675708770752e-02,-1.627845317125320435e-02,-1.174029987305402756e-02,-1.106426119804382324e-02,2.315931394696235657e-02,8.078985847532749176e-03,-1.382865384221076965e-02,6.981261074542999268e-03,3.036145865917205811e-02,8.005358278751373291e-03,-1.151941623538732529e-02,-1.586345955729484558e-02,-1.214190572500228882e-02,9.042841382324695587e-03,1.063588168472051620e-02,-4.621153324842453003e-02,1.452477183192968369e-03,-1.979920454323291779e-02,9.872828610241413116e-03,-8.527446538209915161e-03,8.607768453657627106e-03,-2.722892723977565765e-02,1.880857534706592560e-02,-2.709505893290042877e-02,7.797861471772193909e-03,1.935743726789951324e-02,2.468541823327541351e-02,-2.933401381596922874e-03,-4.578315187245607376e-03,1.366131752729415894e-02,1.898260414600372314e-02,8.781797252595424652e-03,-2.704150974750518799e-02,3.464526310563087463e-02,1.018742099404335022e-02,-2.148595266044139862e-02,-2.104418538510799408e-02,-6.391435265541076660e-01,-4.220216069370508194e-03,-2.741634286940097809e-02,1.155957672744989395e-02,1.252510584890842438e-03,-9.719873560243286192e-06,2.653280831873416901e-02,6.690096575766801834e-03,-1.599732972681522369e-02,6.355424411594867706e-03,5.204152315855026245e-03,3.443107381463050842e-02,-3.386882320046424866e-02,-2.835342474281787872e-02,-1.261044666171073914e-02,-3.073629178106784821e-02,-9.919682517647743225e-03,-1.902276650071144104e-02,1.680054329335689545e-02,-2.479251287877559662e-02,-1.147925481200218201e-02,-5.933737382292747498e-03,3.550202399492263794e-02,-9.270418435335159302e-03,4.541501402854919434e-03,1.063588168472051620e-02,2.947792410850524902e-02,1.534137222915887833e-02,-1.792504079639911652e-02,3.274432569742202759e-02,-3.767069801688194275e-02,3.030791133642196655e-02,-4.334004595875740051e-03,4.348060861229896545e-02,4.227578639984130859e-02,-1.799197494983673096e-02,-2.428381145000457764e-02,1.609103754162788391e-02,3.132531419396400452e-02,2.405623532831668854e-02,-3.882196964696049690e-03,-1.875502802431583405e-02,1.447122450917959213e-02,-1.630522683262825012e-02,5.368141457438468933e-03,1.708166673779487610e-02,2.440429478883743286e-02,1.038153003901243210e-02,-9.323966689407825470e-03,-1.463186647742986679e-02,-9.591704234480857849e-03,-2.354753389954566956e-02,-3.087016008794307709e-02,1.155957672744989395e-02,1.059572026133537292e-02,2.199465408921241760e-02,8.038825355470180511e-03,-1.115127652883529663e-02,-4.477913491427898407e-03,-5.338021088391542435e-03,-1.990630105137825012e-02,1.272423565387725830e-02,-1.725569739937782288e-02,-2.840697392821311951e-02,3.415329381823539734e-03,-1.340696681290864944e-02,9.176710620522499084e-03,1.649264432489871979e-02,1.453815866261720657e-02,-1.275770273059606552e-02,-1.840696856379508972e-02,1.922356896102428436e-02,4.360778257250785828e-03,-1.377510651946067810e-02,1.585007272660732269e-02,-5.902780103497207165e-04,2.969211339950561523e-02,-5.682733375579118729e-03,-6.211515516042709351e-03,-4.487953614443540573e-03,3.711514174938201904e-03,-2.602076157927513123e-03,-1.483266986906528473e-02,-1.288487855345010757e-02,2.832665108144283295e-02,-2.427042461931705475e-02,-2.034806832671165466e-02,5.592371802777051926e-03,9.558237157762050629e-03,-7.757700514048337936e-03,1.113788969814777374e-02,7.143159018596634269e-05,5.361448042094707489e-03,-2.137885801494121552e-02,1.860777288675308228e-02,1.950469426810741425e-02,-1.593039487488567829e-03,2.313254028558731079e-02,4.420349746942520142e-02,-2.089693024754524231e-02,-8.115799864754080772e-04,-2.468541823327541351e-02,2.341366373002529144e-02,3.062250325456261635e-03,4.996655508875846863e-03,1.087684556841850281e-02,-1.424364745616912842e-02,1.832330133765935898e-03,2.763053402304649353e-02,-3.673361614346504211e-02,2.091700909659266472e-03,1.606426388025283813e-02,6.860779132694005966e-03,1.106426119804382324e-02,2.346051856875419617e-03,-3.576976060867309570e-02,-2.225569915026426315e-03,9.558237157762050629e-03,1.583668589591979980e-02,-2.384204417467117310e-02,2.183401212096214294e-02,-3.681393805891275406e-03,6.103583727963268757e-04,-1.654619164764881134e-02,3.385209012776613235e-03,4.738957807421684265e-02,-7.054889108985662460e-03,-2.353414706885814667e-02,-9.906295686960220337e-03,-1.325301732867956161e-02,-2.650603465735912323e-02,1.589023508131504059e-02,2.135208435356616974e-02,7.289159577339887619e-03,1.744311302900314331e-02,1.004016492515802383e-03,-1.633200095966458321e-03,-1.670683361589908600e-02,1.461847964674234390e-02,-2.696118876338005066e-02,-9.906295686960220337e-03,-6.806395249441266060e-04,1.765730232000350952e-02,-4.166668280959129333e-03,-1.895583048462867737e-02,-2.499331720173358917e-02,-2.326640859246253967e-02,-8.580993860960006714e-03,-4.356092959642410278e-02,1.179384719580411911e-02,2.270415984094142914e-02,-1.028112880885601044e-02,-2.717537991702556610e-02,7.429721765220165253e-03,-1.342704705893993378e-02,-1.290495879948139191e-02,8.032131940126419067e-03,1.957162842154502869e-02,-1.172021869570016861e-02,-2.867471054196357727e-02,1.333333924412727356e-02,-1.195448916405439377e-02,-2.053548395633697510e-02,-2.069612592458724976e-02,1.677376963198184967e-02,-1.595716923475265503e-02,1.864793337881565094e-02,-1.712182722985744476e-02,1.238286960870027542e-02,-2.006694301962852478e-02,1.068942900747060776e-02,1.169344503432512283e-02,-3.839359059929847717e-02,-2.950135152786970139e-03,2.136547118425369263e-02,-6.469212938100099564e-03,-1.068273559212684631e-02,-1.650603115558624268e-02,-4.514727275818586349e-03,3.269077837467193604e-02,8.473899215459823608e-03,-3.087350632995367050e-03,-1.862115971744060516e-02,-3.979252185672521591e-03,1.226908154785633087e-02,-4.762385040521621704e-03,-2.234271354973316193e-02,2.291834913194179535e-02,-2.505021169781684875e-03,9.725573472678661346e-03,3.527444554492831230e-03,1.460509281605482101e-02,1.947792060673236847e-02,8.124166633933782578e-04,6.365464534610509872e-03,1.016733981668949127e-02,-1.142068766057491302e-03,5.890230182558298111e-03,1.680054236203432083e-03,2.226239256560802460e-02,1.915663480758666992e-02,3.775102086365222931e-03,5.493978038430213928e-02,-5.669346544891595840e-03,2.902277000248432159e-02,-5.258369073271751404e-02,-3.082330571487545967e-03,-2.320951549336314201e-03,3.933067247271537781e-02,-5.435076076537370682e-03,-5.796521902084350586e-03,-3.820617496967315674e-02,-1.443106401711702347e-02,1.658635213971138000e-02,1.006024517118930817e-02,2.132531069219112396e-02,-1.174699328839778900e-02,2.226239256560802460e-02,-4.638555925339460373e-03,-1.874164119362831116e-02,7.496656384319067001e-03,-1.528782397508621216e-02,-9.223564527928829193e-03,5.334674380719661713e-03,-1.448461133986711502e-02,-1.651941798627376556e-02,7.931729778647422791e-03,2.633200585842132568e-02,1.472557522356510162e-02,1.467537484131753445e-03,1.342704705893993378e-02,4.752344917505979538e-03,-4.812585655599832535e-03,2.074967324733734131e-02,-6.880859844386577606e-03,9.384207427501678467e-03,-5.749667529016733170e-03,-1.012717932462692261e-02,1.532798539847135544e-02,-2.377511002123355865e-02,9.176710620522499084e-03,4.224901273846626282e-02,-1.240964420139789581e-02,-9.129856713116168976e-03,1.072289608418941498e-02,1.585007272660732269e-02,1.801874861121177673e-02,-2.677377313375473022e-03,2.021419815719127655e-03,3.432397544384002686e-02,-4.882866982370615005e-03,1.213521230965852737e-02,-2.330656908452510834e-02,-8.406965062022209167e-03,4.431059584021568298e-03,-2.720215357840061188e-02,-2.128514926880598068e-03,2.544847130775451660e-02,2.275770716369152069e-02,1.615797169506549835e-02,7.054889108985662460e-03,1.018742099404335022e-02,-5.100403912365436554e-03,-9.163323789834976196e-03,3.721554577350616455e-02,-1.135877333581447601e-02,-2.976490650326013565e-04,7.677379529923200607e-03,-1.287149172276258469e-02,-1.528782397508621216e-02,1.242303103208541870e-02,1.245649810880422592e-02,6.900940090417861938e-03,4.340698011219501495e-03,-1.931685837917029858e-04,8.902279660105705261e-03,4.779118578881025314e-03,2.150268526747822762e-03,2.386881783604621887e-02,-1.248327177017927170e-02,-1.785810664296150208e-02,-1.035475637763738632e-02,2.202142775058746338e-02,-4.772425163537263870e-03,-2.556895371526479721e-03,-1.149933505803346634e-02,-3.004017286002635956e-02,8.607768453657627106e-03,-2.808568812906742096e-02,1.990630105137825012e-02,4.109774250537157059e-03,2.368140220642089844e-02,-1.149598858319222927e-03,-3.391902428120374680e-03,-3.842036426067352295e-02,-1.431058160960674286e-02,2.346721105277538300e-02,-7.998664863407611847e-03,3.472558408975601196e-02,1.346720755100250244e-02,-2.386881783604621887e-02,1.610442437231540680e-02,-4.829319193959236145e-03,9.022761136293411255e-03,3.488622605800628662e-02,9.297193028032779694e-03,8.219548501074314117e-03,5.076976493000984192e-03,-3.177712205797433853e-03,-3.419010713696479797e-02,-2.318608760833740234e-02,-1.962517574429512024e-02,-1.867470680736005306e-03,9.156630374491214752e-03,-9.170017205178737640e-03,-2.289157547056674957e-02,-2.325971610844135284e-03,-2.558568725362420082e-03,4.016065970063209534e-02,-6.040832493454217911e-03,-1.547524053603410721e-02,1.449548726668581367e-04,3.216199576854705811e-03,1.819277927279472351e-02,1.081124916672706604e-01,-7.402948103845119476e-03,2.612116280943155289e-03,3.633201122283935547e-02,-5.866802763193845749e-03,2.428381145000457764e-02,3.895584028214216232e-03,-3.001339919865131378e-02,7.670686114579439163e-03,-6.248329300433397293e-03,-3.785142209380865097e-03,-2.539492398500442505e-02,1.252343226224184036e-02,5.786481779068708420e-03,1.420348696410655975e-02,-9.698798879981040955e-03,-9.344046935439109802e-03,-1.578313857316970825e-02,-1.511379517614841461e-02,-4.446956445463001728e-04,-1.716198772192001343e-02,1.082999072968959808e-02,2.680054679512977600e-02,1.922356896102428436e-02,-1.722892373800277710e-02,6.385544780641794205e-03,4.156628157943487167e-03,3.630523756146430969e-02,1.118474360555410385e-02,4.170014988631010056e-03,8.366803638637065887e-03,1.649264432489871979e-02,-1.441767625510692596e-02,2.157966047525405884e-02,6.489502266049385071e-05,9.588357643224298954e-04,9.196790866553783417e-03,2.240964770317077637e-02,2.610442787408828735e-02,1.058902684599161148e-02,1.700134575366973877e-02,5.957164335995912552e-03,5.327980965375900269e-03,-1.797858811914920807e-02,1.981259137392044067e-02,-8.647928945720195770e-03,-3.734941361472010612e-03,1.460509281605482101e-02,-5.301206931471824646e-02,-1.685409061610698700e-02,4.455155879259109497e-02,-2.673361264169216156e-02,-1.393574848771095276e-02,-2.323963493108749390e-02,-5.870149936527013779e-03,-5.562251433730125427e-03,2.769412240013480186e-03,-4.953147843480110168e-03,-2.556895371526479721e-03,3.132531419396400452e-02,-1.989291235804557800e-02,-1.196787692606449127e-02,1.265730150043964386e-02,8.929053321480751038e-03,-1.182731427252292633e-02,-5.508703645318746567e-03,2.814592793583869934e-03,-1.298527978360652924e-02,-2.618475072085857391e-02,-1.586345955729484558e-02,-1.223561447113752365e-02,8.212855085730552673e-03,-1.331325899809598923e-02,-7.811248302459716797e-03,3.809908032417297363e-02,3.073629178106784821e-02,2.416332997381687164e-02,-2.996989293023943901e-03,-7.536816876381635666e-03,-1.240964420139789581e-02,-5.508703645318746567e-03,-9.484608657658100128e-03,2.526774769648909569e-03,-1.791165396571159363e-02,-2.396252751350402832e-02,3.670684248208999634e-02,-7.155290804803371429e-03,-9.283806197345256805e-03,-2.614458836615085602e-02,-8.540833368897438049e-03,3.480590414255857468e-03,2.101741265505552292e-03,1.831326074898242950e-02,5.655959714204072952e-03,-6.649935618042945862e-03,5.558904726058244705e-03,3.702812641859054565e-02,1.052878610789775848e-02,-2.313254028558731079e-02,-1.672022044658660889e-02,-1.209505181759595871e-02,7.884875871241092682e-03,7.806228240951895714e-04,-1.748662092722952366e-03,2.460509724915027618e-02,-3.099064109846949577e-03,-5.686080083250999451e-03,1.903615333139896393e-02,-1.176038011908531189e-02,1.565429032780230045e-03,-5.404955241829156876e-03,-2.755021303892135620e-02,-2.982765727210789919e-04,-7.215532008558511734e-03,-1.000000443309545517e-02,-5.866802763193845749e-03,-2.963521983474493027e-03,2.662651799619197845e-02,5.374834872782230377e-03,-6.552881095558404922e-03,-1.119478372856974602e-03,-4.431059584021568298e-02,3.499332070350646973e-02,-1.342704705893993378e-02,-2.763053402304649353e-02,2.082999609410762787e-02,1.436412893235683441e-02,-1.791165396571159363e-02,3.781795501708984375e-03,1.779117248952388763e-02,-2.237283391878008842e-03,2.153949998319149017e-02,1.715194783173501492e-03,1.313922926783561707e-02,-3.724231943488121033e-02,-7.623831741511821747e-03,5.816602148115634918e-03,3.547525033354759216e-02,-2.190429251641035080e-03,2.057564444839954376e-02,-1.500669959932565689e-02,-1.629184000194072723e-02,-1.319947000592947006e-02,-2.538153715431690216e-02,-3.402946516871452332e-02,-3.180724382400512695e-02,-4.825972486287355423e-03,1.588019425980746746e-03,1.000000443309545517e-02,1.436412893235683441e-02,-1.366801094263792038e-02,-8.647928945720195770e-03,6.701810052618384361e-04,6.622325163334608078e-04,-2.330656908452510834e-02,-9.591704234480857849e-03,1.194779644720256329e-03,1.420348696410655975e-02,4.763054102659225464e-02,4.240965470671653748e-02,3.180724382400512695e-02,-7.945117540657520294e-03,4.442250065039843321e-05,1.961178891360759735e-02,-2.330991672351956367e-03,6.834005471318960190e-03,-1.903615333139896393e-02,-1.473896205425262451e-02,-3.769747167825698853e-02,1.125837117433547974e-02,1.896921731531620026e-02,2.929050847887992859e-02,5.061916308477520943e-04,4.986615385860204697e-03,7.851408794522285461e-03,3.156627714633941650e-02,-7.523430045694112778e-03,-2.727578161284327507e-03,-5.742974113672971725e-03,-2.277109399437904358e-02,-7.423028349876403809e-03,-1.442437060177326202e-03,-1.582329906523227692e-02,-1.475234888494014740e-02,-8.078985847532749176e-03,-4.099734127521514893e-03,8.273095823824405670e-03,1.443106401711702347e-02,3.400269197300076485e-03,-8.621155284345149994e-03,8.112452924251556396e-03,-1.823293976485729218e-02,3.646587952971458435e-02,-2.862116321921348572e-02,3.560911864042282104e-02,-2.686748094856739044e-02,3.239626437425613403e-02,1.034136954694986343e-02,-5.783135071396827698e-03,1.756359450519084930e-02,2.514057233929634094e-02,9.819281287491321564e-03,-2.372156269848346710e-02,-1.001339126378297806e-02,-3.111112490296363831e-02,5.063589662313461304e-03,-1.855422370135784149e-02,-4.638555925339460373e-03,-1.720214821398258209e-02,-3.718877211213111877e-02,-1.321955025196075439e-02,-3.187752328813076019e-03,-1.579652540385723114e-02,-2.171353064477443695e-02,1.947792060673236847e-02,-7.898262701928615570e-03,-2.219545841217041016e-02,2.456493675708770752e-02,-1.273092906922101974e-02,-1.746988738887012005e-03,1.735275145620107651e-03,7.195451296865940094e-03,3.986614942550659180e-02,-1.181392744183540344e-02,2.971888706088066101e-02,2.153949998319149017e-02,2.734271576628088951e-03,-1.414993871003389359e-02,2.570700598880648613e-04,2.712517976760864258e-03,-1.862450619228184223e-03,-1.224230788648128510e-02,1.606426388025283813e-02,-2.143575111404061317e-03,-8.868812583386898041e-03,2.329318225383758545e-02,-2.053548395633697510e-02,-1.277108956128358841e-02,-3.022759035229682922e-02,1.480589620769023895e-02,-1.028782222419977188e-02,8.119983249343931675e-04,-1.886212266981601715e-02,8.728249929845333099e-03,9.109776467084884644e-03,1.984606031328439713e-03,-3.077310509979724884e-03,2.266399934887886047e-02,-2.281125448644161224e-02,-3.269077837467193604e-02,-1.915663480758666992e-02,6.204822100698947906e-03,-1.101071387529373169e-02,1.285141054540872574e-02,7.717540021985769272e-03,-4.026775434613227844e-02,2.506025135517120361e-02,1.020750124007463455e-02,-9.384207427501678467e-03,1.329317782074213028e-02,-6.355424411594867706e-03,1.393574848771095276e-02,-1.934405043721199036e-02,-5.592371802777051926e-03,8.661315776407718658e-03,-1.204150449484586716e-02,-1.563588343560695648e-02,-7.597058080136775970e-03,-5.605758633464574814e-03,2.386881783604621887e-02,-3.497324185445904732e-03,5.229252274148166180e-04,-1.797858811914920807e-02,2.741634286940097809e-02,1.548862736672163010e-02,5.876843351870775223e-03,-3.242973238229751587e-03,-3.199465945363044739e-02,-7.349400781095027924e-03,1.678715646266937256e-02,2.662651799619197845e-02,9.257031604647636414e-03,-1.809906959533691406e-02,-1.777778565883636475e-02,-3.496654704213142395e-02,-1.887550950050354004e-02,-8.293176069855690002e-03,-8.007031283341348171e-04,5.843375809490680695e-03,-3.084338642656803131e-02,-3.194111213088035583e-02,7.081662770360708237e-03,-1.647925749421119690e-02,1.216198597103357315e-02,-3.929051104933023453e-03,-2.227577939629554749e-02,-1.037483662366867065e-02,2.352745272219181061e-03,-2.038822881877422333e-02,2.650603465735912323e-02,-1.938421092927455902e-02,-9.551543742418289185e-03,-2.503347769379615784e-02,-1.203481107950210571e-02,4.270416684448719025e-03,-4.912987351417541504e-03,2.709505893290042877e-02,-2.593039907515048981e-02,-6.278449669480323792e-03,6.730257067829370499e-03,-1.725235022604465485e-03,2.698796242475509644e-02,3.129184711724519730e-03,-8.396087796427309513e-04,-6.783804856240749359e-03,-4.384205210953950882e-03,1.460509281605482101e-02,-3.344044089317321777e-02,-3.041500598192214966e-02,2.939760312438011169e-02,3.675118787214159966e-04,3.263053484261035919e-03,1.500669959932565689e-02,-2.515395916998386383e-02,2.252500598842743784e-05,1.048193220049142838e-02,1.030790247023105621e-02,1.987952552735805511e-02,-4.313924349844455719e-03,-1.989291235804557800e-02,2.016065083444118500e-02,1.180054061114788055e-02,-1.276439614593982697e-02,3.427042858675122261e-03,-8.053048804868012667e-05,-5.378181580454111099e-03,-6.241635885089635849e-03,8.661315776407718658e-03,3.942856274079531431e-04,-1.228246837854385376e-02,1.252343226224184036e-02,-1.223226776346564293e-03,2.876507118344306946e-03,1.987952552735805511e-02,-4.591702017933130264e-03,-7.215532008558511734e-03,5.264393053948879242e-03,-2.712183259427547455e-02,-2.910309098660945892e-02,-4.141902551054954529e-02,-6.362117826938629150e-03,5.432398617267608643e-02,-5.297860130667686462e-03,-1.406961772590875626e-02,-1.425703428685665131e-02,-1.451138500124216080e-02,-4.125838354229927063e-02,3.027109662070870399e-03,2.622491121292114258e-02,-8.500672876834869385e-03,-6.133913120720535517e-05,1.522088982164859772e-02,4.725570790469646454e-03,2.123160101473331451e-02,-2.718876674771308899e-02,6.392238195985555649e-03,-2.856761589646339417e-02,-2.207497507333755493e-02,4.961515078321099281e-04,-2.763053402304649353e-02,-1.508702058345079422e-02,-1.276439614593982697e-02,-4.345383495092391968e-02,-1.611781120300292969e-02,-6.750337313860654831e-03,-6.619815248996019363e-03,8.192774839699268341e-03,1.630522683262825012e-02,1.318608294241130352e-03,-1.433735527098178864e-02,1.688086427748203278e-02,2.800536714494228363e-02,5.087017081677913666e-03,1.390897482633590698e-02,-5.428382661193609238e-03,-1.394913531839847565e-02,8.313256315886974335e-03,2.238956745713949203e-03,2.136547118425369263e-02,-4.112451523542404175e-02,7.322627119719982147e-03,5.421689245849847794e-03,-7.135210558772087097e-03,-1.165997795760631561e-02,1.942437142133712769e-02,-3.664660267531871796e-03,-3.601072356104850769e-03,-1.617135852575302124e-02,2.076306007802486420e-02,1.074297633022069931e-02,-2.078983373939990997e-02,7.356094196438789368e-03,-2.441768161952495575e-02,-2.340027689933776855e-02,-2.251674234867095947e-02,2.257028967142105103e-02,-1.842035539448261261e-02,-9.986617602407932281e-03,7.945117540657520294e-03,-3.932397812604904175e-03,1.710844039916992188e-02,-1.199465058743953705e-02,-2.406292827799916267e-03,-3.341366723179817200e-02,4.822625778615474701e-03,9.973230771720409393e-03,4.481260199099779129e-03,1.872490742243826389e-03,8.862119168043136597e-03,4.776440933346748352e-02,-5.046856123954057693e-03,-2.481928840279579163e-02,8.420351892709732056e-03,1.342872041277587414e-03,-4.196789115667343140e-03,-5.274433176964521408e-03,-6.960135215194895864e-05,-2.076306007802486420e-02,-1.016733981668949127e-02,-2.031459938734769821e-03,-9.196790866553783417e-03,-1.477912254631519318e-02,1.257028616964817047e-02,1.526105031371116638e-02,-2.811246179044246674e-02,5.692773498594760895e-03,1.926640719175338745e-01,-8.594380691647529602e-03,-1.701807952485978603e-03,1.149933505803346634e-02,-1.670683361589908600e-02,1.445783767849206924e-03,2.068273909389972687e-02,4.096387419849634171e-03,3.028783015906810760e-03,-9.631864726543426514e-03,-2.716199308633804321e-02,-2.191433310508728027e-02,-1.742972619831562042e-02,4.072960000485181808e-03,9.062922559678554535e-03,-4.273094236850738525e-02,-1.544511993415653706e-03,-4.621822386980056763e-03,-3.236949071288108826e-02,-1.040161121636629105e-02,-1.473896205425262451e-02,-1.973227038979530334e-02,-2.303883247077465057e-02,1.099398010410368443e-03,3.496654704213142395e-02,-1.046854536980390549e-02,-1.317269634455442429e-02,3.103080205619335175e-02,1.979920454323291779e-02,1.777778565883636475e-02,1.400602981448173523e-03,1.844712905585765839e-02,7.536816876381635666e-03,-4.760711453855037689e-04,-1.412316504865884781e-02,7.184992864495143294e-05,5.030122585594654083e-03,-1.854083733633160591e-03,2.250335551798343658e-02,8.554220199584960938e-03,8.534139953553676605e-03,-2.060241810977458954e-02,-1.421687379479408264e-02,2.515395916998386383e-02,-1.390562858432531357e-03,3.295851498842239380e-02,-1.598896225914359093e-03,-5.361448042094707489e-03,-4.424366168677806854e-03,2.764391945675015450e-03,-3.496654704213142395e-02,-6.298529915511608124e-03,1.854083687067031860e-02,2.915663830935955048e-02,2.259706519544124603e-02,2.914994489401578903e-03,1.046854536980390549e-02,1.947792060673236847e-02,-1.443106401711702347e-02,-4.039492923766374588e-03,-1.404284406453371048e-02,1.362115703523159027e-02,-1.548862736672163010e-02,3.089693374931812286e-02,-1.251004543155431747e-02,1.698795892298221588e-02,-2.848729491233825684e-02,-1.028782222419977188e-02,1.398929674178361893e-02,-3.151272982358932495e-02,1.428380794823169708e-02,-3.124499320983886719e-02,-2.093709073960781097e-02,2.476573921740055084e-02,9.444448165595531464e-03,-1.078313682228326797e-02,2.282464131712913513e-02,1.299197319895029068e-02,-1.725569739937782288e-02,2.136881696060299873e-03,-4.635209217667579651e-03,3.929051104933023453e-03,-1.362115703523159027e-02,-1.710844039916992188e-02,1.374833192676305771e-02,-3.381527587771415710e-02,1.516734249889850616e-02,-2.915308323281351477e-05,-1.445783767849206924e-02,-3.831996349617838860e-03,1.540830638259649277e-02,-2.939760312438011169e-02,-2.809572732076048851e-03,-6.194781512022018433e-03,1.987952552735805511e-02,9.993311017751693726e-03,-7.369481027126312256e-03,1.668005995452404022e-02,-1.738956570625305176e-02,2.283802814781665802e-02,4.614292411133646965e-04,-6.053382530808448792e-04,2.310576662421226501e-02,4.544848110526800156e-03,-4.672023467719554901e-03,-1.497992593795061111e-02,2.282464131712913513e-02,2.196788042783737183e-02,-3.748328192159533501e-03,-2.095047757029533386e-02,2.356092073023319244e-02,-1.185408793389797211e-02,1.755020767450332642e-02,-5.963857751339673996e-03,2.506025135517120361e-02,9.370820596814155579e-03,-2.641232684254646301e-02,-3.914325684309005737e-02,7.965197786688804626e-03,-1.715194783173501492e-03,4.223562777042388916e-03,-8.821957744657993317e-03,7.476576138287782669e-03,2.773762866854667664e-02,-3.633201122283935547e-02,-1.002970602712593973e-04,-4.543509334325790405e-02,1.755020767450332642e-02,7.014728616923093796e-03,-1.336011290550231934e-02,7.041502278298139572e-03,-1.291165221482515335e-02,1.668005995452404022e-02,1.008701883256435394e-02,9.163323789834976196e-03,5.254352930933237076e-03,1.285141054540872574e-02,-1.202142424881458282e-02,-4.832665901631116867e-03,-7.891569286584854126e-03,1.949130743741989136e-02,-3.701474051922559738e-03,1.657296530902385712e-02,1.890228316187858582e-02,-1.187416817992925644e-02,-1.029451563954353333e-02,3.314593061804771423e-02,-7.222225423902273178e-03,-1.472557522356510162e-02,-3.408301249146461487e-02,-4.460510611534118652e-02,-6.321957334876060486e-03,4.996655508875846863e-03,-1.558233611285686493e-02,2.414994314312934875e-02,1.240964420139789581e-02,1.419009990058839321e-03,-1.649264432489871979e-02,1.825971342623233795e-02,2.658635564148426056e-02,-3.092370741069316864e-02,2.021419815719127655e-02,1.860777288675308228e-02,-2.220884524285793304e-02,-1.301205344498157501e-02,8.563423762097954750e-04,-1.701741069555282593e-01,-4.400938749313354492e-03,2.093709073960781097e-02,-3.557565156370401382e-03,2.392236702144145966e-02,-1.661312580108642578e-02,3.295851498842239380e-02,3.550871741026639938e-03,-1.825971342623233795e-02,3.873830137308686972e-04,2.259706519544124603e-02,9.625171311199665070e-03,-1.800536178052425385e-02,-5.006695631891489029e-03,-1.198795717209577560e-02,1.835342124104499817e-02,-2.001339569687843323e-02,2.625503111630678177e-03,2.953147143125534058e-02,-7.978584617376327515e-03,6.874165963381528854e-03,2.588689094409346581e-03,1.321285683661699295e-02,-2.246319502592086792e-02,2.405623532831668854e-02,3.691433928906917572e-03,-1.397590991109609604e-02,-7.637218572199344635e-03,6.234942469745874405e-03,-1.726908376440405846e-03,-1.265730150043964386e-02,-4.260376561433076859e-03,1.233601570129394531e-02,-1.272590947337448597e-03,-9.451141580939292908e-03,-2.923695929348468781e-02,-3.694780543446540833e-02,5.990631878376007080e-03,-8.453818969428539276e-03,3.344044089317321777e-02,2.000000886619091034e-02,-8.862119168043136597e-03,1.842035539448261261e-02,4.876173567026853561e-03,1.870148070156574249e-02,4.021420702338218689e-02,1.234270911663770676e-02,-1.792504079639911652e-02,2.760376036167144775e-02,-1.748327352106571198e-02,8.299869485199451447e-03,-3.684071078896522522e-02,1.018072757869958878e-02,-4.337351303547620773e-03,2.388220466673374176e-02,3.156627714633941650e-02,-2.685743966139853001e-04,6.790498271584510803e-03,2.652276773005723953e-03,5.073629785329103470e-03,3.651273204013705254e-03,-6.914326921105384827e-03,5.930390674620866776e-03,-2.686748094856739044e-02,3.092370741069316864e-02,-9.959843941032886505e-03,-2.001339569687843323e-02,2.379519166424870491e-03,-2.969211339950561523e-02,1.755020767450332642e-02,-1.752343401312828064e-02,-1.626506634056568146e-02,1.406961772590875626e-02,2.844713395461440086e-03,1.026104856282472610e-02,-6.706830114126205444e-03,-3.984690411016345024e-04,3.922357689589262009e-03,1.115127652883529663e-02,7.155290804803371429e-03,-2.910309098660945892e-02,4.216869175434112549e-02,-2.713521942496299744e-02,-7.971891202032566071e-03,-1.437751576304435730e-02,4.099734127521514893e-03,-2.211513556540012360e-02,2.187417261302471161e-02,-8.935746736824512482e-04,-4.380858503282070160e-03,-6.184741389006376266e-03,-2.835342474281787872e-02,5.716200452297925949e-03,-1.129518495872616768e-03,1.631861366331577301e-02,1.562249660491943359e-02,7.597058080136775970e-03,-8.112452924251556396e-03,-2.901189436670392752e-04,-2.329318225383758545e-02,2.210174873471260071e-02,-1.200803741812705994e-02,-2.393575385212898254e-02,7.563591003417968750e-03,1.706827990710735321e-02,-9.725573472678661346e-03,-7.785311318002641201e-04,1.704150624573230743e-02,3.116467222571372986e-02,-2.018073108047246933e-03,-6.036648992449045181e-04,3.651273204013705254e-03,1.736279204487800598e-02,1.974565722048282623e-02,-6.576308049261569977e-03,1.809906959533691406e-02,-1.216867938637733459e-02,-9.002680890262126923e-03,3.295851498842239380e-02,-2.097725123167037964e-02,6.259708106517791748e-02,-2.405623532831668854e-02,1.107764896005392075e-02,-1.950469426810741425e-02,-1.234940253198146820e-02,-4.195450246334075928e-02,-1.060776859521865845e-01,4.591702017933130264e-03,1.137216016650199890e-02,-3.678047098219394684e-03,1.491299178451299667e-02,1.078481087461113930e-03,1.343374047428369522e-02,8.112452924251556396e-03,-2.601072005927562714e-02,7.215532008558511734e-03,-2.740295603871345520e-02,-1.330844770563999191e-05,-1.219545397907495499e-02,-2.136547118425369263e-02,1.705489307641983032e-02,-8.220385061576962471e-04,-5.321287550032138824e-03,-3.771755145862698555e-03,-1.178045989945530891e-03,3.119144588708877563e-02,-2.840697392821311951e-02,1.230924203991889954e-02,-3.015396185219287872e-03,-2.851406857371330261e-02,2.784472331404685974e-02,7.991971448063850403e-03,-3.044177964329719543e-02,1.393574848771095276e-02,1.240964420139789581e-02,1.071620266884565353e-02,1.535475905984640121e-02,-1.409639138728380203e-02,1.603749021887779236e-02,4.528114572167396545e-03,-9.049534797668457031e-03,-2.148595266044139862e-02,-3.202143311500549316e-02,-9.979924187064170837e-03,2.473896555602550507e-02,-1.823293976485729218e-02,-6.710176821798086166e-04,-1.653280481696128845e-02,8.473899215459823608e-03,-1.214859914034605026e-02,1.678715646266937256e-02,-2.115128096193075180e-03,1.401439658366143703e-03,2.147256582975387573e-02,2.460509724915027618e-02,-1.845716964453458786e-03,-2.483267523348331451e-02,-7.028115447610616684e-03,-2.734940871596336365e-02,-3.627846250310540199e-03,3.100402839481830597e-02,-2.250335551798343658e-02,5.297860130667686462e-03,2.160643413662910461e-02,-4.784473404288291931e-02,-1.244311127811670303e-02,-4.848562821280211210e-04,6.673363037407398224e-03,1.926372945308685303e-02,6.572961341589689255e-03,1.649933750741183758e-03,4.180055111646652222e-03,-2.978582167997956276e-03,-1.784471981227397919e-02,1.255689933896064758e-02,-2.904954366385936737e-02,3.651942685246467590e-02,1.212182547897100449e-02,-2.182062529027462006e-02,1.812584511935710907e-02,-3.748328238725662231e-02,-2.458167029544711113e-03,2.463187091052532196e-03,-3.751674899831414223e-03,1.495315227657556534e-02,-2.706828527152538300e-02,-7.463189307600259781e-03,-1.386881433427333832e-02,7.643911987543106079e-03,4.902947228401899338e-03,4.350738227367401123e-02,-1.488621812313795090e-02,5.465196445584297180e-03,-6.757030729204416275e-03,1.183400768786668777e-02,-2.684070728719234467e-02,9.872828610241413116e-03,1.041499804705381393e-02,1.064257510006427765e-02,-2.266399934887886047e-02,9.613457950763404369e-04,2.966533973813056946e-02,4.982432001270353794e-04,1.208166475407779217e-03,-2.313254028558731079e-02,7.623831741511821747e-03,-7.103416719473898411e-04,-2.362785488367080688e-02,-5.649266019463539124e-02,1.506024692207574844e-02,-6.947793997824192047e-03,2.650603465735912323e-02,-2.021419815719127655e-02,-9.598397649824619293e-03,1.971888355910778046e-02,-2.803214080631732941e-02,-1.953146792948246002e-02,1.186078134924173355e-02,1.069277524948120117e-03,3.930389881134033203e-02,-2.585342444945126772e-04,-3.111112490296363831e-02,-8.935746736824512482e-03,-9.042841382324695587e-03,-2.869813703000545502e-03,-3.411982674151659012e-03,7.088356185704469681e-03,-1.106928219087421894e-03,3.735777863766998053e-04,1.547524053603410721e-02,9.745653718709945679e-03,2.170014381408691406e-02,-5.107934121042490005e-04,9.578317403793334961e-03,4.641903098672628403e-03,1.538153272122144699e-02,-1.737617887556552887e-02,-2.945115044713020325e-02,5.665999837219715118e-03,-1.645248383283615112e-02,-6.613121833652257919e-03,1.238286960870027542e-02,1.200134400278329849e-02,-2.784472331404685974e-02,-5.505356937646865845e-03,1.333333924412727356e-02,-9.136549779213964939e-04,3.726909309625625610e-02,-3.080657217651605606e-03,-4.273094236850738525e-02,1.312584243714809418e-02,-6.750337313860654831e-03,9.919682517647743225e-03,-8.668009191751480103e-03,7.489962968975305557e-03,1.983936503529548645e-02,1.520750299096107483e-02,-6.546187680214643478e-03,3.057564795017242432e-02,1.755020767450332642e-02,1.487283129245042801e-02,-2.208836190402507782e-02,-1.969545613974332809e-03,-4.006025847047567368e-03,1.970549672842025757e-02,-8.848732337355613708e-03,1.944445306435227394e-03,-2.998662553727626801e-02,3.742973506450653076e-02,1.309237536042928696e-02,2.224900573492050171e-02,-8.654622361063957214e-03,1.421687379479408264e-02,-1.625167950987815857e-02,1.851406320929527283e-02,1.851406320929527283e-02,-2.468207152560353279e-03,-7.175371050834655762e-03,-3.147591603919863701e-03,-1.301874686032533646e-02,-7.302546408027410507e-03,1.738956570625305176e-02,5.930390674620866776e-03,-6.395584903657436371e-03,4.441099707037210464e-03,-1.674699410796165466e-02,-1.974565722048282623e-02,5.046856123954057693e-03,1.713521406054496765e-02,-1.918340846896171570e-02,-1.710844039916992188e-02,-9.022761136293411255e-03,3.563589230179786682e-02,-5.411648657172918320e-03,1.483015948906540871e-04,6.308570038527250290e-03,1.251673884689807892e-02,3.279787255451083183e-03,6.141234189271926880e-03,1.777778565883636475e-02,8.433738723397254944e-03,-6.030792370438575745e-03,1.235609594732522964e-02,1.471218839287757874e-02,-1.275100931525230408e-02,1.086847856640815735e-03,4.370818380266427994e-03,1.721553690731525421e-02,-4.117806255817413330e-02,-7.523430045694112778e-03,-1.044177100993692875e-03,-7.791168056428432465e-03,-3.432397544384002686e-02,-4.528114572167396545e-03,-1.709505356848239899e-02,-3.591032233089208603e-03,-7.179763633757829666e-05,1.605087704956531525e-02,1.256359275430440903e-02,8.734943345189094543e-03,2.262383885681629181e-02,1.431058160960674286e-02,2.272424055263400078e-03,-5.020082462579011917e-03,-1.180723402649164200e-02,-7.978584617376327515e-03,-2.488622255623340607e-02,5.135209485888481140e-02,4.159974865615367889e-03,1.281794346868991852e-02,2.800536714494228363e-02,-6.529453676193952560e-03,2.052209712564945221e-02,2.243642136454582214e-02,2.072289958596229553e-02,5.166501505300402641e-04,-2.163320779800415039e-02,-2.766065299510955811e-03,3.167337179183959961e-02,-4.574968479573726654e-03,-9.344046935439109802e-03,-9.364127181470394135e-03,-7.610444910824298859e-03,1.200803741812705994e-02,9.872828610241413116e-03,4.289158433675765991e-02,3.564258571714162827e-03,5.686749517917633057e-02,7.757700514048337936e-03,-8.895586244761943817e-03,1.204150449484586716e-02,2.987953089177608490e-02,2.208836190402507782e-02,-1.761714182794094086e-02,2.522089332342147827e-02,-5.130524281412363052e-03,-3.930389881134033203e-02,1.938421092927455902e-02,-4.170014988631010056e-03,2.250335551798343658e-02,-7.871489040553569794e-03,-2.054887078702449799e-02,1.997323520481586456e-02,1.784471981227397919e-02,-1.511379517614841461e-02,6.880859844386577606e-03,4.320617765188217163e-03,1.805890910327434540e-02,3.158468462061136961e-04,2.613789634779095650e-03,-1.088353898376226425e-02,-2.835342474281787872e-02,-1.196787692606449127e-02,2.528782933950424194e-02,-2.014726400375366211e-02,-2.851406810805201530e-03,-3.170014545321464539e-02,2.506694523617625237e-03,3.430389566347002983e-03,-4.728248342871665955e-02,-2.053548395633697510e-02,1.456493232399225235e-02,-4.602411389350891113e-02,-5.555558018386363983e-03,-1.740295253694057465e-02,1.327309757471084595e-02,1.018072757869958878e-02,1.412316504865884781e-02,1.753891265252605081e-04,-1.127175800502300262e-02,-5.017467628931626678e-05,3.172691911458969116e-02,-1.627845317125320435e-02,2.314592711627483368e-02,1.491299178451299667e-02,3.487283829599618912e-03
1.243121642619371414e-02,1.258354354649782181e-02,-1.320609729737043381e-02,-1.257029734551906586e-02,7.728944532573223114e-03,4.673130437731742859e-02,-2.318021142855286598e-03,-6.020232103765010834e-03,2.013366902247071266e-03,-1.540490612387657166e-02,1.349088270217180252e-02,1.000722870230674744e-02,7.709076162427663803e-03,1.341140829026699066e-02,-1.822626963257789612e-02,-2.733940258622169495e-02,6.901079788804054260e-03,-4.859565815422683954e-04,7.821665145456790924e-03,-1.414655148983001709e-02,-1.260010059922933578e-03,-1.155699137598276138e-02,1.110001001507043839e-02,-1.063640508800745010e-02,-2.051448682323098183e-03,5.371185950934886932e-03,1.745801046490669250e-02,7.318324060179293156e-04,-5.460595246404409409e-03,-1.004696544259786606e-02,-8.601514273323118687e-04,-1.323258876800537109e-02,-4.143297299742698669e-02,2.011711243540048599e-03,-2.895539440214633942e-02,1.323258876800537109e-02,1.566319959238171577e-03,-4.612862132489681244e-03,1.833223551511764526e-02,4.861221648752689362e-03,3.335301205515861511e-02,-5.328136961907148361e-03,3.247299173381179571e-04,1.119935326278209686e-02,-3.600217774510383606e-02,-1.293455809354782104e-02,5.779530329164117575e-05,-9.225724264979362488e-03,-4.304896295070648193e-02,3.282317891716957092e-02,6.010297685861587524e-03,8.430973626673221588e-03,-2.144169528037309647e-03,9.046905674040317535e-03,-3.692276543006300926e-03,-1.533867698162794113e-02,5.821544677019119263e-03,1.021584961563348770e-03,-3.006804548203945160e-02,-1.249082200229167938e-02,8.821725845336914062e-03,-1.110663264989852905e-02,-9.073397144675254822e-03,-1.798784360289573669e-02,-2.852821722626686096e-03,-1.155699137598276138e-02,-2.773677743971347809e-02,-2.835436498571652919e-05,-1.981576904654502869e-02,-3.112771315500140190e-03,4.326089844107627869e-02,4.437354579567909241e-02,1.834755094023421407e-04,-2.092842012643814087e-02,1.103378087282180786e-02,-3.965802863240242004e-02,-4.149671585764735937e-04,-1.731230691075325012e-02,1.262990385293960571e-02,-6.301706191152334213e-03,1.817990792915225029e-03,-2.225300297141075134e-02,-1.973629370331764221e-02,-1.536516845226287842e-02,2.996207773685455322e-02,-2.720694430172443390e-02,2.054429054260253906e-02,2.662412822246551514e-02,-1.964357309043407440e-02,-2.255765721201896667e-02,2.861100435256958008e-02,3.149859607219696045e-02,3.980373498052358627e-03,-1.022578496485948563e-02,-2.190861105918884277e-02,3.735325532034039497e-03,-1.838521845638751984e-02,2.153772674500942230e-02,1.434523891657590866e-02,-3.353845328092575073e-02,-4.205552395433187485e-03,-1.576254330575466156e-02,-1.205370947718620300e-02,-3.263442544266581535e-03,-2.058402821421623230e-02,-2.189536578953266144e-02,-7.530257105827331543e-03,-9.550247341394424438e-03,3.467759490013122559e-02,6.841473747044801712e-03,6.169247440993785858e-03,3.639955446124076843e-02,-1.082846987992525101e-02,-2.180264517664909363e-02,1.405383087694644928e-02,-1.900777220726013184e-02,2.250136109068989754e-03,-5.940756760537624359e-03,-1.051388098858296871e-03,-6.659343373030424118e-03,4.735385999083518982e-03,2.340538986027240753e-02,-2.612740965560078621e-03,-2.998857013881206512e-02,2.311398275196552277e-03,8.351499214768409729e-03,-1.220603659749031067e-02,-1.808056421577930450e-02,-3.669096389785408974e-03,4.513518419116735458e-03,3.059787908568978310e-03,1.404058467596769333e-02,1.933891884982585907e-02,-6.887834053486585617e-03,1.914023188874125481e-03,1.623939350247383118e-02,-2.329942397773265839e-02,-1.302727870643138885e-02,1.688843965530395508e-02,-2.114035189151763916e-02,2.765730395913124084e-02,1.245108526200056076e-02,2.417364856228232384e-03,-2.613403275609016418e-02,5.165875423699617386e-03,-7.218980230391025543e-03,1.072912663221359253e-02,3.271721303462982178e-02,-1.022578496485948563e-02,-1.865800004452466965e-04,-2.669035689905285835e-03,3.781685838475823402e-03,3.404179587960243225e-02,-1.710037328302860260e-02,4.371125716716051102e-03,-1.539000426419079304e-03,-5.218858830630779266e-03,2.776326984167098999e-02,-2.133904024958610535e-02,-2.468692371621727943e-03,-8.040221408009529114e-03,1.623939350247383118e-02,2.091517299413681030e-02,-2.132579497992992401e-02,8.735627867281436920e-03,3.722079470753669739e-02,-1.595295267179608345e-03,-7.954123429954051971e-03,-9.788672439754009247e-03,-3.440605709329247475e-03,1.032512821257114410e-02,1.001385133713483810e-02,-4.535374045372009277e-02,8.066713809967041016e-03,-1.981576904654502869e-02,1.703414320945739746e-02,1.117617357522249222e-04,4.929933929815888405e-04,-2.292853966355323792e-02,1.027214527130126953e-02,-2.638570405542850494e-02,6.424229941330850124e-04,1.694142259657382965e-02,2.250467427074909210e-02,6.030166521668434143e-03,9.126380085945129395e-03,7.980615831911563873e-03,2.744537033140659332e-02,6.086461246013641357e-03,-1.721958629786968231e-02,3.186947852373123169e-02,9.795295074582099915e-03,-1.953760720789432526e-02,-2.266362309455871582e-02,-6.489399671554565430e-01,-1.306039281189441681e-02,-3.398881107568740845e-02,2.012042328715324402e-02,-3.086279612034559250e-03,-8.007107302546501160e-03,7.152751088142395020e-03,5.732134915888309479e-03,-1.068276632577180862e-02,1.543139806017279625e-03,-3.309388994239270687e-04,3.205491974949836731e-02,-3.936662152409553528e-02,-1.188813708722591400e-02,-2.247818186879158020e-02,-3.584323078393936157e-02,-2.325968630611896515e-02,-3.104823641479015350e-02,1.642483472824096680e-02,-2.349811047315597534e-02,-1.184839941561222076e-02,-8.801857009530067444e-03,2.408092841506004333e-02,-1.093443669378757477e-02,7.556749042123556137e-03,8.543563075363636017e-03,3.594919666647911072e-02,5.341383162885904312e-03,-2.102114073932170868e-02,2.217352762818336487e-02,-3.298212960362434387e-02,2.980312891304492950e-02,-5.460595246404409409e-03,2.755133621394634247e-02,3.875731304287910461e-02,-2.295503206551074982e-02,-2.655789814889431000e-02,1.527244783937931061e-02,3.226685523986816406e-02,2.083569765090942383e-02,-8.781988173723220825e-03,-2.152448147535324097e-02,2.114035189151763916e-02,-2.172316983342170715e-02,8.887954987585544586e-03,1.334517914801836014e-02,2.778976224362850189e-02,1.588175632059574127e-02,1.909262937260791659e-04,-1.692817732691764832e-02,-6.361312232911586761e-03,-2.531279064714908600e-02,-1.334517914801836014e-02,-9.387985337525606155e-04,1.207357831299304962e-02,2.564393728971481323e-02,1.894154399633407593e-02,-2.062376588582992554e-02,-2.074628835543990135e-03,-1.397435553371906281e-02,-1.793486066162586212e-02,1.826600730419158936e-02,-2.106087841093540192e-02,-2.450479380786418915e-02,-3.741948399692773819e-03,-1.569631509482860565e-02,-1.062978291884064674e-03,2.120658196508884430e-02,1.045096386224031448e-02,-1.490984344854950905e-03,-7.185865659266710281e-03,1.759046874940395355e-02,-1.040625851601362228e-03,7.225602865219116211e-03,1.609368994832038879e-02,-1.003372017294168472e-02,2.005419321358203888e-02,-1.406707707792520523e-02,-9.762180037796497345e-03,-9.901261655613780022e-04,-8.536940440535545349e-03,-3.437294159084558487e-03,-2.892890386283397675e-02,-6.973932031542062759e-03,2.263713255524635315e-02,-8.079959079623222351e-03,-2.245168946683406830e-02,6.606359966099262238e-03,1.257691998034715652e-02,-1.819646568037569523e-03,-2.005419321358203888e-02,5.112892482429742813e-03,-5.116203799843788147e-03,-2.850503660738468170e-02,1.447769720107316971e-02,6.960686296224594116e-03,-1.971973571926355362e-03,2.189536578953266144e-02,4.368476197123527527e-02,-7.225602865219116211e-03,-3.313114400953054428e-03,-1.651755534112453461e-02,2.184238098561763763e-02,6.927571725100278854e-03,6.351377815008163452e-03,9.748934768140316010e-03,-1.507376041263341904e-02,-1.513998955488204956e-02,2.283581905066967010e-02,-3.759168088436126709e-02,-1.018604729324579239e-02,2.647842466831207275e-02,-1.996147260069847107e-02,3.675719257444143295e-03,8.808480575680732727e-03,-3.470408916473388672e-02,8.199172094464302063e-03,1.593473926186561584e-02,1.198748033493757248e-02,-3.218737989664077759e-02,1.474261470139026642e-02,1.928924699313938618e-03,5.583947058767080307e-04,-2.549823187291622162e-02,8.868086151778697968e-03,3.735325485467910767e-02,-1.957072177901864052e-03,-1.349088270217180252e-02,-9.901261888444423676e-03,-2.903486974537372589e-02,-5.795052740722894669e-03,6.099706981331110001e-03,2.584262378513813019e-02,-1.897465903311967850e-03,2.469023689627647400e-02,4.814860876649618149e-03,6.497081834822893143e-03,-1.377566810697317123e-02,2.895539440214633942e-02,-1.855741441249847412e-02,-9.199232794344425201e-03,1.500753127038478851e-02,7.146127987653017044e-03,-1.941839419305324554e-02,-1.471612229943275452e-02,-4.453249648213386536e-02,-5.083089345134794712e-04,-2.449154853820800781e-02,-4.098261147737503052e-02,9.238969534635543823e-03,1.372268516570329666e-02,-9.066773578524589539e-03,-4.402915388345718384e-02,-3.725391114130616188e-03,-1.422602683305740356e-02,-1.072912663221359253e-02,-5.410923622548580170e-03,1.453068107366561890e-02,-2.396171540021896362e-02,-2.435909025371074677e-02,8.861463516950607300e-03,-2.351135760545730591e-02,-2.480944804847240448e-02,-2.009393088519573212e-02,2.213378995656967163e-02,-2.905805129557847977e-03,1.854416914284229279e-02,-9.967491030693054199e-03,-2.056415891274809837e-03,-1.622614823281764984e-02,5.586430896073579788e-03,2.446505799889564514e-02,-2.580288611352443695e-02,5.861281882971525192e-03,2.167018502950668335e-02,1.904750987887382507e-02,-1.797459833323955536e-02,-7.868026383221149445e-03,1.106027164496481419e-03,2.088868245482444763e-02,2.039858512580394745e-02,1.053706184029579163e-02,-1.255705114454030991e-02,1.224577426910400391e-02,4.298273473978042603e-03,3.361130598932504654e-03,-1.512674335390329361e-02,1.259678881615400314e-02,1.798122073523700237e-03,6.142755970358848572e-03,-2.059727441519498825e-03,7.954123429954051971e-03,1.340478472411632538e-02,-2.448823768645524979e-03,2.339545637369155884e-03,-3.414114005863666534e-03,-4.715517163276672363e-03,4.857909865677356720e-03,5.361251533031463623e-03,2.212054468691349030e-02,7.815042510628700256e-03,6.510328035801649094e-03,4.763202369213104248e-02,-2.063701115548610687e-02,1.449094340205192566e-02,-5.393704026937484741e-02,1.105364970862865448e-02,-1.406707707792520523e-02,2.543200366199016571e-02,-2.448823768645524979e-03,-5.112892482429742813e-03,-3.446566313505172729e-02,-1.846469379961490631e-02,1.641158945858478546e-02,1.029201410710811615e-02,2.657114528119564056e-02,-9.570116177201271057e-03,2.559095248579978943e-02,-2.115194220095872879e-04,-1.939190179109573364e-02,1.202721800655126572e-02,-2.492866106331348419e-02,4.900958854705095291e-03,1.462340168654918671e-02,-2.895539440214633942e-02,-2.529954537749290466e-03,2.033235691487789154e-02,2.589560672640800476e-02,6.252034101635217667e-03,1.889187260530889034e-03,1.004696544259786606e-02,4.033356904983520508e-03,-9.755557402968406677e-03,1.609368994832038879e-02,-5.470529664307832718e-03,1.288157422095537186e-02,3.804865991696715355e-03,-1.944488659501075745e-02,4.228733014315366745e-03,-8.887954987585544586e-03,6.702392362058162689e-03,2.111386135220527649e-02,5.157596897333860397e-04,-4.864532966166734695e-03,1.668975129723548889e-02,6.394426804035902023e-03,1.155699137598276138e-02,7.523634470999240875e-03,-4.573124460875988007e-03,3.569752443581819534e-03,8.642907254397869110e-03,7.775305304676294327e-03,-2.480944804847240448e-02,-1.402733940631151199e-02,-2.763412427157163620e-03,-3.300862014293670654e-02,3.887652652338147163e-03,1.615991815924644470e-02,2.686255238950252533e-02,1.878259330987930298e-02,8.265401236712932587e-03,-5.685774609446525574e-03,-1.474427059292793274e-03,1.047745533287525177e-02,2.802818641066551208e-02,-9.363149292767047882e-04,-1.352399773895740509e-02,-9.563492611050605774e-03,-1.969655603170394897e-02,-7.954123429954051971e-03,1.708712615072727203e-02,1.065627392381429672e-02,8.086582645773887634e-03,1.261665835045278072e-03,7.910247077234089375e-04,1.437173131853342056e-02,1.145764719694852829e-02,-1.086986274458467960e-03,3.075682930648326874e-02,-2.935608150437474251e-03,-2.847854420542716980e-02,-2.054429054260253906e-02,1.682220958173274994e-02,-3.384310752153396606e-03,1.637516310438513756e-03,-9.245593100786209106e-03,-2.916732802987098694e-02,2.118008956313133240e-02,-2.422663196921348572e-02,2.771028690040111542e-02,3.818111959844827652e-03,2.699501067399978638e-02,8.642907254397869110e-03,-1.018604729324579239e-02,-3.692938759922981262e-02,5.781807005405426025e-03,2.763081155717372894e-02,-1.888856105506420135e-02,3.478356078267097473e-02,2.124300692230463028e-03,-2.107412368059158325e-02,2.074297703802585602e-02,-5.225481931120157242e-03,9.629721753299236298e-03,3.968452289700508118e-02,1.408032234758138657e-02,1.844482496380805969e-03,3.669096389785408974e-03,4.222109913825988770e-03,-3.915468975901603699e-02,-1.716660149395465851e-02,-1.292131189256906509e-02,-1.242624945007264614e-03,-9.735688567161560059e-03,-5.341383162885904312e-03,-1.793486066162586212e-02,-7.788551039993762970e-03,-1.609368994832038879e-02,1.874285563826560974e-02,8.020353503525257111e-03,-1.597447693347930908e-02,-1.336504705250263214e-02,-2.156421914696693420e-02,1.108014117926359177e-02,1.037943661212921143e-01,1.547113526612520218e-02,-3.145885886624455452e-03,3.205491974949836731e-02,-9.007167536765336990e-04,2.676983177661895752e-02,-3.741948399692773819e-03,-2.675658650696277618e-02,5.000302568078041077e-03,-4.427420441061258316e-03,-1.291468925774097443e-02,-2.720694430172443390e-02,8.391236886382102966e-03,-7.205734029412269592e-03,1.491480972617864609e-02,-1.769643463194370270e-02,-9.397920221090316772e-03,-5.874527618288993835e-03,-5.109580699354410172e-03,-7.305077742785215378e-03,-1.312165521085262299e-03,1.470287702977657318e-02,1.945813186466693878e-02,2.786923758685588837e-02,-1.137154921889305115e-02,2.159071154892444611e-03,-9.106511424761265516e-05,3.661148622632026672e-02,1.165633462369441986e-02,2.139202319085597992e-03,5.136072635650634766e-03,1.086820755153894424e-02,-9.185986593365669250e-03,1.707388088107109070e-02,-2.548498660326004028e-02,2.639232669025659561e-03,4.215486813336610794e-03,1.532543078064918518e-02,2.148474380373954773e-02,1.414655148983001709e-02,9.053528308868408203e-03,1.498103886842727661e-02,7.808419875800609589e-03,-1.149076223373413086e-02,1.555061060935258865e-02,1.813023700378835201e-03,-3.145885886624455452e-03,1.847793906927108765e-02,-3.756518661975860596e-02,-1.961708068847656250e-02,4.164490476250648499e-02,-2.132579497992992401e-02,-1.755073107779026031e-02,-1.680896431207656860e-02,-9.709197096526622772e-03,-7.026915438473224640e-03,1.323921233415603638e-02,-1.150400750339031219e-02,-1.002047397196292877e-02,3.740623965859413147e-02,-7.007046602666378021e-03,-7.993861101567745209e-03,1.846469379961490631e-02,1.227226573973894119e-02,-1.478235144168138504e-02,3.334638895466923714e-03,1.486182678490877151e-02,-1.182190794497728348e-02,-1.596123166382312775e-02,-1.382865197956562042e-02,-1.068938896059989929e-02,2.027937397360801697e-02,-1.020591612905263901e-02,-8.881332352757453918e-03,2.507436461746692657e-02,2.549823187291622162e-02,1.932567358016967773e-02,1.159010571427643299e-03,3.675719257444143295e-03,-4.874467384070158005e-03,-4.904270172119140625e-03,-1.490156399086117744e-03,-3.410802455618977547e-03,-2.311398275196552277e-02,-1.011981815099716187e-02,2.318021096289157867e-02,-2.175628440454602242e-03,-1.871636509895324707e-02,-2.088868245482444763e-02,-5.222170613706111908e-03,-5.086400546133518219e-03,3.450539894402027130e-03,1.731230691075325012e-02,2.018334111198782921e-03,-3.744018031284213066e-04,-6.781867705285549164e-03,1.740502752363681793e-02,1.564333029091358185e-02,-1.410681381821632385e-02,-2.306099794805049896e-02,-1.794810593128204346e-02,9.484018199145793915e-03,2.859444590285420418e-03,8.868086151778697968e-03,2.826661244034767151e-02,3.930701408535242081e-03,1.043109502643346786e-02,2.614727802574634552e-02,-3.301524324342608452e-03,1.344452239573001862e-02,-5.129449535161256790e-03,-2.661088295280933380e-02,-7.636223919689655304e-03,-1.551087293773889542e-02,-1.698116026818752289e-02,1.397435553371906281e-03,5.586430896073579788e-03,3.674394637346267700e-02,-8.046844741329550743e-04,-1.446445193141698837e-02,3.265098202973604202e-03,-3.703535348176956177e-02,3.038594499230384827e-02,-1.523271016776561737e-02,-1.821302250027656555e-02,7.289348286576569080e-04,1.267626415938138962e-02,-2.239870652556419373e-02,1.349088270217180252e-02,2.068999409675598145e-02,-1.963032782077789307e-02,1.563008502125740051e-02,1.323755597695708275e-03,1.461015548557043076e-02,-2.749835327267646790e-02,-1.490156445652246475e-02,2.165693975985050201e-02,2.306099794805049896e-02,4.387682769447565079e-03,2.202782407402992249e-02,-3.157807141542434692e-02,-1.887531392276287079e-02,-2.163044922053813934e-02,-3.653201460838317871e-02,-2.725992910563945770e-02,-2.141851559281349182e-02,-1.172918640077114105e-02,9.636345319449901581e-03,9.378051385283470154e-03,7.815042510628700256e-03,-2.106087841093540192e-02,1.004696544259786606e-02,-1.196098886430263519e-02,-1.096092816442251205e-02,-1.259678881615400314e-02,-2.728641964495182037e-02,8.030287572182714939e-04,-7.045128731988370419e-04,4.980434104800224304e-02,4.604252055287361145e-02,3.544585406780242920e-02,-5.983805749565362930e-03,-2.818879147525876760e-04,1.457041874527931213e-02,-2.414053305983543396e-03,-1.320444163866341114e-03,-3.112771175801753998e-02,-6.106330081820487976e-03,-3.647902980446815491e-02,2.784274518489837646e-02,1.631886884570121765e-02,2.834608592092990875e-02,5.066531710326671600e-03,3.546572290360927582e-03,3.960504662245512009e-03,2.004094794392585754e-02,3.808177541941404343e-03,1.409356854856014252e-02,-1.083509251475334167e-02,-2.227949351072311401e-02,-1.210338203236460686e-03,-3.493588883429765701e-03,-1.610196777619421482e-03,-1.088145375251770020e-02,-3.688964992761611938e-03,-1.666326075792312622e-02,1.855741441249847412e-02,3.205492161214351654e-03,7.364684250205755234e-03,-7.517011370509862900e-03,1.290144305676221848e-02,-2.160395681858062744e-02,3.756518661975860596e-02,-3.049191273748874664e-02,2.993558719754219055e-02,-5.275153554975986481e-03,2.608104981482028961e-02,8.477333933115005493e-03,-1.324583496898412704e-02,1.019266992807388306e-02,2.445181086659431458e-02,2.169667743146419525e-02,-2.116684429347515106e-02,-1.899452693760395050e-02,-1.061653625220060349e-02,1.538017386337742209e-05,-2.458758186548948288e-03,-6.410984322428703308e-03,-8.450842462480068207e-03,-2.771028690040111542e-02,-1.766994409263134003e-02,-1.835872791707515717e-02,-3.122705500572919846e-03,-3.192246332764625549e-02,1.527244783937931061e-02,-5.715577863156795502e-03,-4.758566152304410934e-03,2.733940258622169495e-02,-1.027876790612936020e-02,5.089711863547563553e-03,-9.411786595592275262e-05,2.995214425027370453e-03,3.184298798441886902e-02,-7.391175720840692520e-03,1.846469379961490631e-02,1.426576450467109680e-02,7.046784274280071259e-03,-1.392137259244918823e-02,6.814982276409864426e-03,7.185865659266710281e-03,6.530196405947208405e-03,5.708954762667417526e-03,2.723343670368194580e-02,4.145946353673934937e-03,1.324583496898412704e-02,2.824012003839015961e-02,-5.036728922277688980e-03,-1.457041874527931213e-02,-2.586911618709564209e-02,1.388163492083549500e-02,4.238666966557502747e-03,2.192185726016759872e-03,-3.581673651933670044e-02,-6.573245394974946976e-03,2.291529439389705658e-03,-4.278404638171195984e-03,-1.586851105093955994e-02,1.552411820739507675e-02,-1.605395227670669556e-02,-1.659703068435192108e-02,-1.564333029091358185e-02,1.105364970862865448e-02,-2.294178679585456848e-02,2.578964084386825562e-02,1.532543078064918518e-02,-3.176351264119148254e-02,8.768742904067039490e-03,-8.331630378961563110e-03,-3.808177541941404343e-03,8.430973626673221588e-03,-2.685592975467443466e-03,2.051448682323098183e-03,-2.487567812204360962e-02,-7.417667657136917114e-03,3.258475288748741150e-02,-3.619424300268292427e-03,-1.643808186054229736e-02,-1.458366401493549347e-02,-2.446505799889564514e-02,2.478295750916004181e-02,-1.580228097736835480e-02,7.801796775311231613e-03,-3.192246332764625549e-02,1.374917663633823395e-02,2.042507752776145935e-02,7.093144580721855164e-03,1.177637532236985862e-04,-3.512795269489288330e-02,-6.579868495464324951e-03,1.272924710065126419e-02,1.527244783937931061e-02,2.132579497992992401e-02,-2.271660603582859039e-02,-8.444219827651977539e-03,-2.528629824519157410e-02,-2.720694430172443390e-02,2.453790977597236633e-03,1.092781405895948410e-02,1.087483018636703491e-02,-3.952557221055030823e-02,-3.049191273748874664e-02,-4.685713909566402435e-03,-1.098079700022935867e-02,1.243121642619371414e-02,-1.500753127038478851e-02,-1.366970129311084747e-02,-9.517132304608821869e-03,1.111325528472661972e-02,-2.410741895437240601e-02,2.394847013056278229e-02,-2.552472427487373352e-02,4.351256880909204483e-03,-1.264977268874645233e-02,-3.417425323277711868e-03,1.694142259657382965e-02,-5.357940215617418289e-03,2.275634370744228363e-02,-2.527305297553539276e-02,3.379343543201684952e-03,-6.954063195735216141e-03,2.794871106743812561e-03,2.571016550064086914e-02,1.675598137080669403e-02,-1.760371401906013489e-02,8.483957499265670776e-03,-2.757782861590385437e-02,1.084171608090400696e-02,-2.299476973712444305e-02,-1.773617230355739594e-02,3.155157715082168579e-02,-1.986875198781490326e-02,2.144500613212585449e-02,1.343789976090192795e-02,-4.257211461663246155e-02,-1.796466414816677570e-03,9.868146851658821106e-03,-1.914023188874125481e-03,2.246493659913539886e-02,-2.192185632884502411e-02,-2.167018502950668335e-02,1.162984315305948257e-02,-1.158182742074131966e-03,-1.392137259244918823e-02,-2.789903897792100906e-03,-1.211993861943483353e-02,-5.566562060266733170e-03,-4.775123670697212219e-03,1.041784882545471191e-02,-5.692397709935903549e-03,-7.218980230391025543e-03,1.321271993219852448e-02,-6.235476583242416382e-03,1.600096933543682098e-02,2.919382043182849884e-02,-6.920948624610900879e-03,-1.826600730419158936e-02,6.742130033671855927e-03,-1.788187772035598755e-02,-4.696973040699958801e-02,-4.092963039875030518e-02,-7.444159127771854401e-03,3.088928759098052979e-02,-2.794043393805623055e-04,-2.707448601722717285e-02,-1.521946396678686142e-02,-1.178217027336359024e-02,-4.373774677515029907e-02,1.107351761311292648e-02,1.079535577446222305e-02,3.549883840605616570e-03,4.390994086861610413e-03,1.084833871573209763e-02,1.190800592303276062e-02,3.149859607219696045e-02,-1.134174643084406853e-03,5.540070589631795883e-03,-2.929978631436824799e-02,-2.747186087071895599e-02,5.877839401364326477e-03,-2.940575405955314636e-02,-1.598772220313549042e-02,-1.088807638734579086e-02,-3.494251146912574768e-02,-1.794810593128204346e-02,2.915739314630627632e-03,2.682281658053398132e-03,1.816003955900669098e-02,1.540490612387657166e-02,2.854477381333708763e-03,-9.358182549476623535e-03,1.066952012479305267e-02,1.249744556844234467e-02,-3.174033248797059059e-03,1.105364970862865448e-02,-2.103438600897789001e-02,-1.380215957760810852e-02,1.131194271147251129e-02,4.010176751762628555e-03,1.098079700022935867e-02,-3.788308799266815186e-02,9.484018199145793915e-03,1.547113526612520218e-02,-9.477394632995128632e-03,-1.413330622017383575e-02,3.057138621807098389e-02,3.021706128492951393e-03,-2.389217494055628777e-03,-8.669398725032806396e-03,2.312722802162170410e-02,1.215305365622043610e-02,-1.184177678078413010e-02,1.220603659749031067e-02,-3.290265426039695740e-02,-3.298212960362434387e-02,-1.117286179214715958e-02,3.033296205103397369e-02,-3.573726117610931396e-02,-1.511349808424711227e-02,1.057017594575881958e-02,-3.798243124037981033e-03,1.951111480593681335e-02,-2.618701569736003876e-02,-2.880969084799289703e-03,-1.649106480181217194e-02,4.487026482820510864e-03,4.904270172119140625e-03,-5.175809841603040695e-03,2.344538643228588626e-07,3.881029551848769188e-03,4.077067971229553223e-02,2.112710615620017052e-03,-2.792222052812576294e-02,5.146007053554058075e-03,-7.589863613247871399e-03,7.074103923514485359e-04,-2.723674755543470383e-03,-1.393461879342794418e-02,-1.353062037378549576e-02,-1.115299295634031296e-02,-1.192125119268894196e-02,-1.186826825141906738e-02,-2.731291204690933228e-02,2.038533985614776611e-02,2.412066608667373657e-02,-1.041122619062662125e-02,-4.814860876649618149e-03,2.084364593029022217e-01,-3.200524952262639999e-03,-1.059666834771633148e-02,1.454392634332180023e-02,-8.106450550258159637e-03,7.172619458287954330e-03,1.377566810697317123e-02,6.728884298354387283e-03,7.616355083882808685e-03,1.011981815099716187e-02,-3.390933573246002197e-02,-1.222590543329715729e-02,-1.374917663633823395e-02,-7.889550179243087769e-04,2.172316983342170715e-02,-3.446566313505172729e-02,-1.890842919237911701e-03,2.513397252187132835e-03,-3.859836235642433167e-02,-1.343127619475126266e-02,-9.884703904390335083e-04,1.698157429927960038e-04,-2.028268529102206230e-03,-1.035161968320608139e-02,2.462400682270526886e-02,-1.125895977020263672e-02,-1.286832895129919052e-02,3.118069469928741455e-02,1.733879745006561279e-02,-7.868026383221149445e-03,-4.294962156563997269e-03,1.298754103481769562e-02,1.503402274101972580e-02,-2.222651056945323944e-02,-1.478566322475671768e-03,-2.867723349481821060e-03,7.993861101567745209e-03,6.305017508566379547e-03,2.153772674500942230e-02,8.861463516950607300e-03,2.455777861177921295e-02,-2.413391135632991791e-02,-1.054368447512388229e-02,1.606719754636287689e-02,4.394305869936943054e-03,2.079595997929573059e-02,-2.900837920606136322e-03,-4.589681979268789291e-03,3.078000852838158607e-03,-1.092781405895948410e-02,-2.621350809931755066e-02,-8.185925893485546112e-03,2.458426915109157562e-02,2.943224459886550903e-02,1.204046420753002167e-02,4.682402592152357101e-03,1.057679951190948486e-02,4.672468174248933792e-03,-9.189298143610358238e-04,-6.828228011727333069e-03,-1.292131189256906509e-02,1.098079700022935867e-02,-2.686255238950252533e-02,2.959119528532028198e-02,-8.464088663458824158e-03,1.906075701117515564e-02,-2.789572812616825104e-02,-2.640888327732682228e-03,8.550186641514301300e-03,-2.397496066987514496e-02,-4.023422487080097198e-03,-2.431935258209705353e-02,-1.352399773895740509e-02,1.055030710995197296e-02,-1.363493152894079685e-03,-1.717984862625598907e-02,3.059787862002849579e-02,3.953881561756134033e-03,-1.729905977845191956e-02,7.788551039993762970e-03,8.430973626673221588e-03,-6.705704145133495331e-03,2.814739942550659180e-03,2.415709197521209717e-03,1.071588043123483658e-02,-2.850503660738468170e-02,6.394426804035902023e-03,-4.851287230849266052e-03,-9.444280527532100677e-03,-7.444159127771854401e-03,1.838521845638751984e-02,-8.934315294027328491e-03,5.662594456225633621e-03,-3.041574731469154358e-03,2.029261924326419830e-02,1.056355331093072891e-02,1.307363901287317276e-02,3.181649371981620789e-02,-2.307424508035182953e-02,2.633271925151348114e-02,2.889247843995690346e-04,-5.840585217811167240e-04,9.371427819132804871e-03,5.957314278930425644e-03,-1.245108526200056076e-02,-8.967430330812931061e-03,1.780240237712860107e-02,1.580228097736835480e-02,6.473901681602001190e-03,-2.076946943998336792e-02,3.035945445299148560e-02,-2.050455287098884583e-02,1.321934349834918976e-02,-4.228733014315366745e-03,3.737974539399147034e-02,1.071588043123483658e-02,-2.086219005286693573e-02,-3.435969725251197815e-02,2.388224005699157715e-02,-1.229213457554578781e-02,7.364684250205755234e-03,-7.397798821330070496e-03,4.053225275129079819e-03,2.602806501090526581e-02,-2.438558265566825867e-02,-1.361671835184097290e-02,-3.772413730621337891e-02,4.400928504765033722e-03,1.760371401906013489e-02,-1.332531031221151352e-02,1.785538531839847565e-02,-2.189536578953266144e-02,1.265639532357454300e-02,1.293455809354782104e-02,9.146248921751976013e-03,1.424755086190998554e-03,2.185562858358025551e-03,-8.139565587043762207e-03,-1.227226573973894119e-02,-6.149379070848226547e-03,7.086521480232477188e-03,3.957193344831466675e-03,1.400084793567657471e-02,1.876934804022312164e-02,1.680565299466252327e-03,-6.745441351085901260e-03,1.912698522210121155e-02,-5.672528874129056931e-03,-1.165633462369441986e-02,-2.271660603582859039e-02,-4.498285427689552307e-02,9.232346899807453156e-03,-9.214134188368916512e-04,-2.025288157165050507e-02,1.847793906927108765e-02,-9.748934768140316010e-03,-8.781988173723220825e-03,-2.193510346114635468e-02,1.170931849628686905e-02,2.261064015328884125e-02,-3.311458602547645569e-02,2.818713709712028503e-02,2.360407821834087372e-02,-3.393582999706268311e-02,-9.106511250138282776e-03,6.712326779961585999e-03,-1.688049137592315674e-01,-8.357294136658310890e-04,2.295503206551074982e-02,-5.314891226589679718e-03,1.549762673676013947e-02,-4.364502616226673126e-03,3.348547220230102539e-02,7.533568423241376877e-04,-2.486243285238742828e-02,9.921130724251270294e-03,6.599737331271171570e-03,1.337167061865329742e-02,-2.704799547791481018e-02,-8.570055477321147919e-03,-1.574929803609848022e-02,1.878259330987930298e-02,-3.284966945648193359e-02,-6.967309396713972092e-03,3.979048877954483032e-02,-5.894396454095840454e-03,3.149859607219696045e-02,-7.146127987653017044e-03,1.063640508800745010e-02,-1.368294749408960342e-02,2.516708709299564362e-02,2.408092841506004333e-02,-1.013306342065334320e-02,8.887954987585544586e-03,6.059969309717416763e-03,-1.521946396678686142e-02,-1.617316529154777527e-02,-1.311337668448686600e-02,1.797459833323955536e-02,-5.248662084341049194e-03,-1.169607229530811310e-02,-1.748450286686420441e-02,-2.673009410500526428e-02,1.748450286686420441e-02,-1.388163492083549500e-02,3.828046470880508423e-02,2.337889932096004486e-02,-8.450842462480068207e-03,6.801736075431108475e-03,3.784997388720512390e-03,1.065627392381429672e-02,4.598953947424888611e-02,1.929918117821216583e-02,-1.541815232485532761e-02,1.364320982247591019e-02,-9.709197096526622772e-03,5.990428850054740906e-03,-3.337950259447097778e-02,-3.573063993826508522e-03,6.516950670629739761e-03,2.847854420542716980e-02,3.104823641479015350e-02,-1.861039781942963600e-03,-6.202362012118101120e-03,1.889187260530889034e-03,-9.404543088749051094e-04,3.059787908568978310e-03,-1.028539054095745087e-02,1.263652648776769638e-02,-2.712747082114219666e-02,1.649106480181217194e-02,-1.680896431207656860e-02,-2.120658196508884430e-02,7.748813368380069733e-03,-2.610754035413265228e-02,7.020292337983846664e-03,-1.310013048350811005e-02,-1.402733940631151199e-02,1.780240237712860107e-02,-7.397798821330070496e-03,1.903426460921764374e-02,1.088145375251770020e-02,1.284846011549234390e-02,1.503402274101972580e-02,1.313324552029371262e-02,7.185865659266710281e-03,-1.719309389591217041e-02,2.470348216593265533e-02,-2.291529439389705658e-02,-9.801917709410190582e-03,3.897586837410926819e-03,1.317960582673549652e-02,-1.346439123153686523e-02,9.093265980482101440e-03,6.185804959386587143e-03,-3.530015004798769951e-03,-1.566982269287109375e-02,-2.813415415585041046e-02,4.036668222397565842e-03,-5.669217556715011597e-03,3.345897793769836426e-02,1.074237190186977386e-02,4.195618443191051483e-03,3.336294787004590034e-03,-7.318323943763971329e-03,-2.355109527707099915e-02,2.359083294868469238e-02,-1.076224073767662048e-02,-1.894154399633407593e-02,-1.040625851601362228e-03,2.253116481006145477e-02,-4.540009889751672745e-03,2.033235691487789154e-02,2.259739488363265991e-02,4.228070378303527832e-02,-9.015446412377059460e-04,-1.932567358016967773e-02,-1.213980745524168015e-02,3.014752082526683807e-02,2.663737349212169647e-02,-9.777081431820988655e-04,2.357758581638336182e-02,-2.286562230437994003e-03,-3.864472266286611557e-03,2.818713709712028503e-02,-2.472997456789016724e-02,6.649409234523773193e-02,-2.861100435256958008e-02,7.662715390324592590e-03,-1.974953897297382355e-02,-2.536577358841896057e-02,-3.629358857870101929e-02,-9.272084385156631470e-02,3.420736873522400856e-03,1.682220958173274994e-02,-4.397617187350988388e-03,6.612983066588640213e-03,7.324946578592061996e-03,7.066653110086917877e-03,1.548438146710395813e-02,-1.890180632472038269e-02,1.842495612800121307e-02,-1.982901431620121002e-02,2.841645618900656700e-04,1.222756109200417995e-03,-1.716660149395465851e-02,-2.387561835348606110e-03,7.351438514888286591e-03,1.582877337932586670e-02,-1.339816208928823471e-02,-1.748450286686420441e-02,2.553796954452991486e-02,-2.706124074757099152e-02,1.657054014503955841e-02,7.599797681905329227e-04,-1.858390681445598602e-02,3.528690338134765625e-02,9.411165490746498108e-03,-3.772413730621337891e-02,8.358121849596500397e-03,8.861463516950607300e-03,1.063640508800745010e-02,-2.415295166429132223e-04,-1.533867698162794113e-02,7.563371676951646805e-03,-6.281837355345487595e-03,-8.815103210508823395e-03,-3.677043691277503967e-02,-2.914083749055862427e-02,-1.068938896059989929e-02,2.810766175389289856e-02,-1.412006001919507980e-02,-1.162984315305948257e-02,-1.806400716304779053e-03,6.116264499723911285e-03,-1.760371401906013489e-02,-4.563190042972564697e-03,1.904088770970702171e-03,-9.351559914648532867e-03,1.059666834771633148e-02,2.461076155304908752e-02,1.593473926186561584e-02,-2.645193226635456085e-02,-1.349750533699989319e-02,-2.755133621394634247e-02,-8.808480575680732727e-03,3.989645466208457947e-02,-1.590824685990810394e-02,-6.725572515279054642e-03,1.523271016776561737e-02,-4.747307300567626953e-02,-1.483533531427383423e-02,-7.728944532573223114e-03,-3.127672709524631500e-03,1.092781405895948410e-02,-7.854780182242393494e-03,1.135168038308620453e-02,8.411104790866374969e-03,-3.798243124037981033e-03,-2.233247831463813782e-02,6.765310186892747879e-03,-2.027937397360801697e-02,2.421338669955730438e-02,1.520621869713068008e-02,-5.169187206774950027e-03,2.720694430172443390e-02,-3.594919666647911072e-02,5.420858040452003479e-03,1.102053467184305191e-02,-2.869379008188843727e-03,2.118008956313133240e-02,-2.998857013881206512e-02,-7.781927939504384995e-03,-1.996147260069847107e-02,1.016617845743894577e-02,4.437354858964681625e-03,5.057259649038314819e-02,-1.686194725334644318e-02,-3.712145145982503891e-03,-1.708505733404308558e-04,2.469023689627647400e-02,-1.846469379961490631e-02,9.411165490746498108e-03,1.617316529154777527e-02,1.186164561659097672e-02,-3.353845328092575073e-02,7.417667657136917114e-03,7.675961125642061234e-03,1.020591612905263901e-02,-1.341803092509508133e-02,-3.078331984579563141e-02,1.143115572631359100e-02,-9.212478064000606537e-03,-1.674273610115051270e-02,-6.135470792651176453e-02,1.759046874940395355e-02,-1.343127619475126266e-02,1.052381563931703568e-02,-1.655729301273822784e-02,-6.548409583047032356e-04,8.775365538895130157e-03,-1.890180632472038269e-02,-4.053225275129079819e-03,1.125233713537454605e-02,3.568096726667135954e-04,2.553796954452991486e-02,-1.280872244387865067e-02,-1.933891884982585907e-02,6.122887134552001953e-03,-1.691493205726146698e-02,-6.100328027969226241e-05,-1.235174108296632767e-02,2.336565218865871429e-02,9.616476483643054962e-03,-1.062978245317935944e-02,1.143777836114168167e-02,6.904391339048743248e-04,8.702513761818408966e-03,-7.629600819200277328e-03,1.325908116996288300e-02,-8.020353503525257111e-03,1.861039735376834869e-02,-1.690168492496013641e-02,-1.978927664458751678e-02,5.861281882971525192e-03,-1.586851105093955994e-02,-2.460413845255970955e-03,1.545788906514644623e-02,1.466313935816287994e-02,-1.682220958173274994e-02,-5.126138217747211456e-03,3.335301205515861511e-02,4.238666966557502747e-03,3.112771175801753998e-02,-2.227949351072311401e-02,-3.404179587960243225e-02,9.768803603947162628e-03,1.388329081237316132e-03,1.389488112181425095e-02,-1.472936850041151047e-02,1.531549612991511822e-03,1.711361855268478394e-02,2.504787407815456390e-02,-7.742190733551979065e-03,2.937926165759563446e-02,1.696791499853134155e-02,1.272262446582317352e-02,-2.247818186879158020e-02,-6.311640143394470215e-03,-6.695769727230072021e-03,3.515444695949554443e-02,-4.430731758475303650e-03,-3.352852072566747665e-04,-2.445181086659431458e-02,3.382986411452293396e-02,2.091517299413681030e-02,8.874709717929363251e-03,-8.927692659199237823e-03,1.276898477226495743e-02,-1.144440099596977234e-02,8.914446458220481873e-03,5.708954762667417526e-03,-9.815163910388946533e-03,-1.408032234758138657e-02,-1.155699137598276138e-02,-8.430973626673221588e-03,-2.647511195391416550e-03,1.911373995244503021e-02,5.215547280386090279e-04,-1.843820139765739441e-02,4.172437824308872223e-03,-4.198929760605096817e-03,-2.956470288336277008e-02,6.384492386132478714e-03,1.749774813652038574e-02,-1.117286179214715958e-02,-2.491872757673263550e-03,-1.032512821257114410e-02,2.792222052812576294e-02,-1.076886337250471115e-02,-1.379222609102725983e-03,-4.129388835281133652e-03,-2.972034271806478500e-04,5.149318370968103409e-03,-6.010297685861587524e-03,2.104763127863407135e-02,4.947319161146879196e-03,-4.318142309784889221e-03,-5.957314278930425644e-03,8.934315294027328491e-03,-9.298576042056083679e-03,2.300801500678062439e-02,2.758445218205451965e-03,1.202059537172317505e-02,-3.886327892541885376e-02,-7.344815414398908615e-03,-6.235476583242416382e-03,-9.291953407227993011e-03,-8.152811788022518158e-03,-1.188151352107524872e-02,-1.019929256290197372e-02,-9.954244829714298248e-03,-7.662715390324592590e-03,9.073397144675254822e-03,2.013366855680942535e-02,-5.129449535161256790e-03,3.136613592505455017e-02,1.969655603170394897e-02,-5.444038193672895432e-03,-2.894214820116758347e-03,-5.950691178441047668e-03,1.028539054095745087e-02,-3.608165308833122253e-02,3.700886294245719910e-02,1.274911593645811081e-02,4.996991250663995743e-03,2.288880199193954468e-02,7.066653110086917877e-03,2.221326529979705811e-02,1.181528437882661819e-02,8.667742949910461903e-04,-1.001716242171823978e-03,-2.604131214320659637e-02,-1.534861163236200809e-03,2.945873700082302094e-02,1.059666834771633148e-02,4.089651629328727722e-03,-1.572280563414096832e-02,-4.804926458746194839e-03,1.302727870643138885e-02,5.255285184830427170e-03,2.527305297553539276e-02,8.980676531791687012e-03,6.463967263698577881e-02,1.732555218040943146e-02,-2.258414775133132935e-02,7.612215704284608364e-04,7.099767681211233139e-03,2.423987723886966705e-02,-1.663676835596561432e-02,2.212054468691349030e-02,2.960444195196032524e-03,-2.671684883534908295e-02,1.760371401906013489e-02,-3.309803083539009094e-03,3.396232053637504578e-02,-1.577578857541084290e-02,-3.250527754426002502e-02,1.133181154727935791e-02,1.764345169067382812e-02,-3.309803083539009094e-03,-7.477273698896169662e-03,1.405383087694644928e-02,2.953821234405040741e-02,-9.166117757558822632e-03,2.301463857293128967e-03,-9.192609228193759918e-03,-2.271660603582859039e-02,-1.851312408689409494e-04,2.853152900934219360e-02,-1.068276632577180862e-02,-3.794931806623935699e-03,-2.990909479558467865e-02,5.906814476475119591e-04,-3.579686861485242844e-03,-3.992294520139694214e-02,-3.979048877954483032e-02,1.513998955488204956e-02,-3.957855328917503357e-02,-1.084171608090400696e-02,-1.443796046078205109e-02,4.675779957324266434e-03,-6.692457944154739380e-03,-5.692397709935903549e-03,2.180595649406313896e-03,3.738636849448084831e-03,-1.109338644891977310e-02,1.898128166794776917e-02,-1.110001001507043839e-02,1.400084793567657471e-02,1.998796500265598297e-02,-2.394847013056278229e-02
-4.444087389856576920e-03,-6.869073491543531418e-03,-2.010158449411392212e-02,-2.332114055752754211e-02,1.473565865308046341e-02,4.086359217762947083e-02,-7.842507213354110718e-03,-7.725557778030633926e-03,-1.299517229199409485e-02,-1.817535422742366791e-02,2.372014522552490234e-02,8.943210355937480927e-03,3.373654186725616455e-02,-3.938452340662479401e-03,2.860107459127902985e-03,-2.124356478452682495e-02,-7.223362335935235023e-04,1.161929406225681305e-02,7.429744116961956024e-03,-2.919614128768444061e-02,-3.424217691645026207e-03,-1.287134364247322083e-02,-7.560452446341514587e-03,-9.548597037792205811e-03,-1.318091619759798050e-02,7.471020333468914032e-03,2.722863480448722839e-02,-2.765515819191932678e-03,1.442952547222375870e-03,-6.968824658542871475e-03,-1.663953007664531469e-04,-1.651054248213768005e-03,-3.822190314531326294e-02,1.577100716531276703e-03,-7.636125665158033371e-03,-1.664813049137592316e-02,5.133746890351176262e-04,-2.161505073308944702e-02,7.856266573071479797e-03,-2.767235739156603813e-03,2.439432591199874878e-02,6.841555703431367874e-03,4.222227144055068493e-04,1.575380936264991760e-02,-4.042331129312515259e-02,-8.970728144049644470e-03,-2.584931673482060432e-03,1.659309491515159607e-02,-3.021429292857646942e-02,1.280942931771278381e-02,1.913847029209136963e-02,-3.714872058480978012e-03,-1.007831003516912460e-02,2.043179608881473541e-02,1.605650223791599274e-02,-1.117213349789381027e-02,7.099532987922430038e-03,1.633167825639247894e-02,-3.004918619990348816e-02,-3.008014289662241936e-03,1.973009854555130005e-02,3.983168397098779678e-03,-1.124092750251293182e-02,-1.120653003454208374e-02,-2.310100011527538300e-02,-1.654493855312466621e-03,-2.244057878851890564e-02,-3.859339281916618347e-03,-1.524473354220390320e-02,-2.142930869013071060e-03,4.402811080217361450e-02,4.438583925366401672e-02,-1.641423068940639496e-02,-7.608608342707157135e-03,1.776259206235408783e-02,-3.354391828179359436e-02,2.492059953510761261e-03,-2.414666861295700073e-02,-5.856083007529377937e-04,1.962002739310264587e-02,-6.955065764486789703e-03,-1.663437113165855408e-02,-1.948243938386440277e-02,-1.984016783535480499e-02,2.729742974042892456e-02,-4.953162744641304016e-03,2.659573219716548920e-02,2.769643440842628479e-02,-1.291261985898017883e-02,-1.893208734691143036e-02,2.133987471461296082e-02,3.929508849978446960e-02,5.701296613551676273e-04,-1.847804896533489227e-02,-1.102078706026077271e-02,3.269861335866153240e-04,-2.362383343279361725e-02,2.806792221963405609e-02,1.406835764646530151e-02,-2.479333057999610901e-02,2.111973473802208900e-03,-2.497219480574131012e-02,-1.542359776794910431e-02,-2.320075174793601036e-03,-2.490340173244476318e-02,-3.346136584877967834e-02,6.346239708364009857e-03,-5.049474071711301804e-03,2.925117686390876770e-02,-3.216803818941116333e-02,-9.294059127569198608e-03,5.313642695546150208e-02,-1.333914231508970261e-02,-1.999151520431041718e-02,1.862939447164535522e-02,-1.397892553359270096e-02,-3.828381886705756187e-03,-8.685233187861740589e-04,-1.136475615203380585e-02,-2.127108164131641388e-02,4.712383728474378586e-03,1.600146666169166565e-02,2.516481839120388031e-02,-7.175206206738948822e-03,9.651787579059600830e-03,-2.058658283203840256e-03,-2.424297854304313660e-02,-1.072497293353080750e-02,3.697673557326197624e-03,-3.804304171353578568e-03,-2.323514781892299652e-03,2.736622281372547150e-02,2.233050763607025146e-02,-9.617391042411327362e-03,8.681793697178363800e-03,1.053235027939081192e-02,-1.772131584584712982e-02,-1.066993735730648041e-02,-1.058738492429256439e-02,-4.446839168667793274e-02,2.703601308166980743e-02,1.421282533556222916e-02,-6.029787473380565643e-03,-2.165632694959640503e-02,1.091243582777678967e-03,8.392859250307083130e-03,1.679947599768638611e-02,3.549766540527343750e-02,-1.521721668541431427e-02,-9.003404993563890457e-04,3.326186211779713631e-03,-1.934485137462615967e-02,3.679099306464195251e-02,-1.897336542606353760e-02,3.011454129591584206e-03,7.911301217973232269e-04,-2.204157412052154541e-02,3.849707916378974915e-02,-2.227547392249107361e-02,4.406251013278961182e-03,1.429537776857614517e-02,1.492828223854303360e-02,3.219555690884590149e-02,-9.686185047030448914e-03,1.613905467092990875e-02,1.575380936264991760e-02,1.245170016773045063e-03,-8.074687211774289608e-04,-6.174254696816205978e-03,-1.315339840948581696e-02,3.120492398738861084e-02,-2.321795094758272171e-03,-3.794673085212707520e-02,1.322907209396362305e-02,-1.150234416127204895e-02,2.400908060371875763e-02,1.067681703716516495e-02,-5.809647031128406525e-03,-1.241730339825153351e-02,4.082919564098119736e-03,-2.919614128768444061e-02,-1.962002739310264587e-02,3.277342766523361206e-02,3.915750235319137573e-02,3.018333576619625092e-03,1.439168956130743027e-02,-3.154201433062553406e-03,2.713232487440109253e-02,-6.494146771728992462e-03,-1.174312271177768707e-02,2.158753387629985809e-02,7.821869105100631714e-03,-4.629831295460462570e-03,-1.439168956130743027e-02,-6.344450712203979492e-01,-1.446048356592655182e-02,-3.117740713059902191e-02,-1.170356641523540020e-03,3.986607771366834641e-03,-1.241730409674346447e-03,-6.002270150929689407e-03,1.019525993615388870e-02,-1.949619874358177185e-02,-7.030738983303308487e-03,-2.171136252582073212e-02,2.033548429608345032e-02,-1.207333430647850037e-02,-1.829918473958969116e-02,-5.751172080636024475e-03,-3.773346776142716408e-03,-1.339417695999145508e-02,-2.257816679775714874e-02,-4.753660410642623901e-03,7.578080840175971389e-05,-5.372805520892143250e-03,1.110333949327468872e-02,2.165632694959640503e-02,-2.325234701856970787e-03,7.319673430174589157e-03,-1.338041853159666061e-02,2.460070699453353882e-02,-2.352752164006233215e-02,-1.963378675282001495e-02,1.247233897447586060e-02,-4.380797222256660461e-02,1.488700509071350098e-02,-7.250879891216754913e-03,6.807158701121807098e-03,5.112764611840248108e-02,-4.739901516586542130e-03,-3.739637881517410278e-02,2.724239416420459747e-02,1.550615113228559494e-02,2.120228856801986694e-02,-6.291204597800970078e-03,-3.937764465808868408e-02,1.019525993615388870e-02,-2.996663376688957214e-02,-1.641423068940639496e-02,3.008014289662241936e-03,2.839813195168972015e-02,3.250512992963194847e-03,1.534104533493518829e-02,-1.769379712641239166e-02,4.722702782601118088e-03,-1.861563697457313538e-02,-6.755563430488109589e-03,2.701881341636180878e-03,1.890457049012184143e-02,2.136739343404769897e-02,3.698361292481422424e-02,-3.819438815116882324e-02,8.585481904447078705e-03,-2.610041573643684387e-02,6.167375482618808746e-03,2.671956084668636322e-02,-9.754979051649570465e-03,-3.379157558083534241e-02,9.452285245060920715e-03,-1.457055378705263138e-02,3.934152482543140650e-04,4.229450598359107971e-02,5.974752362817525864e-03,-7.677401881664991379e-03,-1.232787128537893295e-02,-5.180182401090860367e-03,-9.988877922296524048e-03,1.104830484837293625e-02,1.137163583189249039e-02,-5.073552019894123077e-03,7.876904681324958801e-03,-2.054186537861824036e-02,-1.002327445894479752e-02,1.528600975871086121e-02,5.991951096802949905e-03,9.954481385648250580e-03,-3.948771208524703979e-02,-1.862939447164535522e-02,2.088583633303642273e-02,-7.216482888907194138e-03,-1.498331688344478607e-02,1.436933060176670551e-03,1.796897314488887787e-02,-1.398580521345138550e-02,-1.688202843070030212e-02,9.871928021311759949e-03,-6.924108602106571198e-03,-3.026932664215564728e-02,1.113085728138685226e-02,8.702431805431842804e-03,1.795521471649408340e-03,2.400908060371875763e-02,1.666188798844814301e-02,3.925553464796394110e-04,-1.741346204653382301e-03,-1.523097511380910873e-02,1.241042371839284897e-02,8.420376107096672058e-03,6.862194277346134186e-03,1.701961643993854523e-02,-2.524737035855650902e-03,-2.548127062618732452e-02,3.307611867785453796e-02,-4.466101527214050293e-02,-5.404622643254697323e-04,-6.841555703431367874e-03,3.052730346098542213e-03,-7.711798883974552155e-03,-3.570404835045337677e-03,-3.291101381182670593e-02,9.108316153287887573e-03,2.999415155500173569e-03,2.088583633303642273e-02,-4.133139178156852722e-02,-9.383491240441799164e-03,-1.483197044581174850e-02,-6.053865654394030571e-04,-2.788905799388885498e-02,1.553366798907518387e-02,3.046195022761821747e-02,2.006030827760696411e-02,-1.392389088869094849e-02,-5.052053602412343025e-04,-1.696458272635936737e-02,1.894584670662879944e-02,-1.908343471586704254e-02,2.581148035824298859e-02,-1.021589804440736771e-02,3.486476093530654907e-02,1.550615113228559494e-02,2.122980542480945587e-02,-1.525505329482257366e-03,3.299356624484062195e-02,-1.300205197185277939e-02,-9.486682713031768799e-03,9.417888708412647247e-03,1.348360907286405563e-02,-1.179815828800201416e-02,-7.752215606160461903e-04,-4.091862589120864868e-02,5.009057931602001190e-04,-1.635919511318206787e-02,-4.446839168667793274e-02,2.731118816882371902e-03,8.888174779713153839e-03,-3.441416192799806595e-03,-1.966130360960960388e-02,-2.944380044937133789e-02,-3.159360960125923157e-03,-1.128908339887857437e-02,-2.196246059611439705e-03,8.626758120954036713e-03,-1.076624915003776550e-02,-2.288085967302322388e-02,8.970728144049644470e-03,-1.039476227015256882e-02,-1.556118577718734741e-02,-6.366877816617488861e-03,1.005079224705696106e-02,6.817478220909833908e-03,2.831557951867580414e-02,-2.951259491965174675e-03,-1.070433482527732849e-02,-3.615808859467506409e-02,1.608401909470558167e-02,-1.079204725101590157e-03,-1.003703381866216660e-02,1.607026159763336182e-02,9.940722025930881500e-03,2.603162080049514771e-02,-2.850820310413837433e-02,-2.015661913901567459e-03,-3.138722851872444153e-03,1.780386827886104584e-02,3.566964995115995407e-03,1.130284182727336884e-02,-2.231675013899803162e-02,1.014022435992956161e-02,-3.707992611452937126e-03,-9.920083917677402496e-03,3.343384712934494019e-03,1.469438243657350540e-02,4.908446688205003738e-03,1.205957494676113129e-02,-6.690209265798330307e-03,-1.703509595245122910e-03,2.718735858798027039e-02,-1.751665375195443630e-03,-6.569819990545511246e-03,-9.948246588464826345e-05,2.414666814729571342e-03,1.181879639625549316e-02,2.144994586706161499e-02,2.017037943005561829e-02,1.871194690465927124e-02,-5.943795200437307358e-03,4.851347580552101135e-02,-2.069321274757385254e-02,1.148858573287725449e-02,-3.607553616166114807e-02,3.615808859467506409e-02,-4.299620166420936584e-03,3.103981912136077881e-02,-8.179597556591033936e-03,-1.494204066693782806e-02,-3.937764465808868408e-02,-1.975761540234088898e-02,5.813086871057748795e-03,2.853571996092796326e-02,4.581675305962562561e-02,1.856060139834880829e-02,2.272951230406761169e-02,2.124356478452682495e-02,1.568501465953886509e-03,-4.250174679327756166e-04,-1.942740380764007568e-02,2.732494659721851349e-02,1.589139737188816071e-02,-3.607553616166114807e-02,1.411651354283094406e-02,7.532934541814029217e-04,5.224898457527160645e-03,8.200235664844512939e-03,-7.317953859455883503e-04,-4.647029563784599304e-03,5.892199929803609848e-03,-1.084880158305168152e-02,6.480387877672910690e-03,-2.823990536853671074e-03,4.062281455844640732e-03,9.218386374413967133e-03,-1.081440504640340805e-02,-1.077484805136919022e-03,-2.851508092135190964e-03,1.901464164257049561e-02,-5.018516909331083298e-03,3.161080880090594292e-03,-4.653909243643283844e-03,1.477693486958742142e-02,1.328410673886537552e-02,2.078952454030513763e-02,2.008782699704170227e-02,-7.257759105414152145e-03,-1.417154818773269653e-02,2.352752164006233215e-02,8.315465529449284077e-04,-3.029684536159038544e-02,-1.613905467092990875e-02,1.203893683850765228e-02,-2.568765170872211456e-02,1.700585894286632538e-02,2.787873847410082817e-03,1.620784960687160492e-02,3.491979464888572693e-02,5.974752362817525864e-03,-9.545157081447541714e-04,8.523567579686641693e-03,8.241511881351470947e-03,1.776259206235408783e-02,-2.043179469183087349e-03,3.876537783071398735e-03,-3.123244270682334900e-02,-2.017037943005561829e-02,-8.311166311614215374e-04,3.484412329271435738e-03,2.459382871165871620e-03,5.276494193822145462e-03,2.612449228763580322e-03,3.522248938679695129e-03,-3.976288717240095139e-03,-1.582260243594646454e-02,5.252416245639324188e-03,3.095726668834686279e-02,1.450046984246000648e-04,-2.941628172993659973e-02,-3.068209066987037659e-02,6.865633651614189148e-03,1.136475615203380585e-02,4.413130227476358414e-03,2.361351391300559044e-03,-2.025293186306953430e-02,1.455679442733526230e-02,-4.317506775259971619e-02,1.320155430585145950e-02,3.917814232409000397e-03,1.623536646366119385e-02,-2.414666814729571342e-03,-1.204581651836633682e-02,-3.373654186725616455e-02,1.290746033191680908e-03,2.779274620115756989e-02,-1.626288332045078278e-02,1.966130360960960388e-02,-3.293509129434823990e-03,-1.569877378642559052e-02,-1.057706656865775585e-03,-8.234633132815361023e-03,-1.574005000293254852e-02,4.094614461064338684e-02,1.689578779041767120e-02,-7.711798883974552155e-03,-1.051171217113733292e-02,6.232729647308588028e-03,-3.566277027130126953e-02,-2.839813195168972015e-02,-8.922572247684001923e-03,-1.678571850061416626e-02,-1.662878203205764294e-04,1.718472316861152649e-02,-8.330943994224071503e-03,-1.020901836454868317e-02,1.532384660094976425e-03,2.171136252582073212e-02,2.440808527171611786e-02,-2.944380044937133789e-03,-1.174312271177768707e-02,-3.835949301719665527e-02,1.674444228410720825e-02,1.149133741855621338e-01,3.156265243887901306e-02,-5.173303186893463135e-03,8.351582102477550507e-03,-7.828748784959316254e-03,6.986022926867008209e-03,-1.696458272635936737e-02,-2.396780438721179962e-02,4.204684868454933167e-02,-1.276815216988325119e-02,-1.312588062137365341e-02,-2.316979318857192993e-02,1.323595084249973297e-02,-1.485948823392391205e-02,2.074824832379817963e-02,3.859339281916618347e-03,4.100117832422256470e-03,-1.601522602140903473e-02,2.519233524799346924e-02,-2.106470055878162384e-02,-1.415778975933790207e-02,-4.426889121532440186e-03,1.238290686160326004e-02,2.837061509490013123e-02,-4.619512241333723068e-03,-4.777737893164157867e-03,2.033548429608345032e-02,3.370902314782142639e-02,2.402283810079097748e-02,1.638155314140021801e-03,-6.955065764486789703e-03,7.195844780653715134e-03,-5.923157092183828354e-03,3.260831907391548157e-02,-1.327034831047058105e-02,-2.894848398864269257e-02,4.739901516586542130e-03,1.952371560037136078e-02,-1.079204725101590157e-03,-1.565061858855187893e-03,7.450382225215435028e-03,1.182567607611417770e-02,8.110803551971912384e-03,-2.834309823811054230e-03,1.370374951511621475e-02,7.718678563833236694e-03,-5.499214166775345802e-04,1.349736843258142471e-02,-2.182143367826938629e-02,-3.285598009824752808e-02,2.773771062493324280e-02,-9.397250600159168243e-03,-5.215439596213400364e-04,-2.087207697331905365e-02,9.837531484663486481e-03,-1.026405394077301025e-02,1.411651354283094406e-02,-1.135787740349769592e-02,3.436256665736436844e-03,3.725878894329071045e-02,-1.302269008010625839e-02,-2.626552060246467590e-02,1.386197563260793686e-02,-1.651054248213768005e-03,-2.549502812325954437e-02,-1.133723929524421692e-02,-3.725191112607717514e-03,-4.629831295460462570e-03,3.555786097422242165e-04,-2.717360039241611958e-04,-8.186477236449718475e-03,6.449430715292692184e-03,-2.194526232779026031e-02,-5.988511256873607635e-03,2.213788591325283051e-02,2.754508703947067261e-02,1.187383197247982025e-02,-7.484779227524995804e-03,-1.313963998109102249e-02,-2.244401723146438599e-03,-1.141979172825813293e-02,-1.244482118636369705e-02,-1.854684203863143921e-02,-1.170872617512941360e-02,-1.953747589141130447e-03,1.673068292438983917e-02,-7.367829326540231705e-03,-1.053406973369419575e-03,-2.571173012256622314e-03,1.648302376270294189e-02,-4.072600509971380234e-03,7.099532987922430038e-03,1.485948823392391205e-02,1.278879027813673019e-02,4.918765742331743240e-03,-5.059793125838041306e-03,-9.135833010077476501e-03,1.375878509134054184e-02,2.498939400538802147e-03,6.961085600778460503e-04,-7.027299609035253525e-03,7.870025001466274261e-03,1.233475096523761749e-02,2.866986906155943871e-03,2.089959383010864258e-02,1.557494513690471649e-02,1.113773696124553680e-02,1.469438243657350540e-02,4.509442020207643509e-03,1.167432870715856552e-02,1.238978561013936996e-02,-2.233050763607025146e-02,-8.468532003462314606e-03,-3.695609793066978455e-02,-1.397204585373401642e-02,1.862595556303858757e-03,7.851106929592788219e-04,2.949883602559566498e-02,1.010582782328128815e-02,-5.703715032723266631e-06,1.454303599894046783e-02,-1.532728690654039383e-02,2.776522748172283173e-02,-1.111709792166948318e-02,-1.675819978117942810e-02,1.086944062262773514e-02,-3.842140780761837959e-03,-2.140866965055465698e-02,2.488964237272739410e-02,-4.708944354206323624e-03,-1.219028327614068985e-02,6.820917595177888870e-03,-4.708084161393344402e-04,1.860187761485576630e-02,-2.665076591074466705e-02,-2.627927996218204498e-02,2.444936148822307587e-02,-1.539264107123017311e-03,1.246029976755380630e-03,3.214052319526672363e-02,-3.624064102768898010e-02,-8.736828342080116272e-03,-3.842140780761837959e-03,-3.247073292732238770e-02,-2.541247569024562836e-02,-2.073448896408081055e-02,4.665088199544698000e-04,3.145172377116978168e-04,1.986768655478954315e-02,2.136739343404769897e-02,-2.564637549221515656e-02,-3.059609793126583099e-03,-2.793033421039581299e-02,-1.091759558767080307e-02,-1.240354496985673904e-02,-3.549766540527343750e-02,-1.031220983713865280e-02,8.365341462194919586e-03,4.212940111756324768e-02,3.577284142374992371e-02,4.821078106760978699e-02,7.780592888593673706e-03,1.027781236916780472e-02,2.939220517873764038e-03,-9.527958929538726807e-03,-7.140809670090675354e-03,-1.645550690591335297e-02,-2.118852920830249786e-02,-3.965281695127487183e-02,3.868970274925231934e-02,3.037939779460430145e-02,2.238554321229457855e-02,4.867170006036758423e-03,1.867067068815231323e-02,1.083504315465688705e-02,2.004654891788959503e-02,9.754979051649570465e-03,1.060802303254604340e-02,-1.927605830132961273e-02,-1.232787128537893295e-02,-2.486212551593780518e-02,-1.682699471712112427e-02,7.980095222592353821e-03,-1.651054248213768005e-02,-5.737413186579942703e-03,-1.397204585373401642e-02,2.497219480574131012e-02,1.150922384113073349e-02,4.664228297770023346e-03,-3.491291776299476624e-03,2.377518080174922943e-02,-9.479803033173084259e-03,4.391804337501525879e-02,-1.752869226038455963e-02,1.211632974445819855e-03,1.248609740287065506e-02,3.663276555016636848e-03,5.240162295194750186e-07,-1.391701120883226395e-02,9.596752934157848358e-03,-5.451918696053326130e-04,1.107582170516252518e-02,-2.966394089162349701e-02,-2.374766394495964050e-02,-1.448800042271614075e-02,3.145258128643035889e-02,6.150176748633384705e-03,5.834584590047597885e-04,2.638247096911072731e-03,-5.778689868748188019e-03,-2.878337912261486053e-02,-9.300938807427883148e-03,1.953747589141130447e-03,-3.533256053924560547e-02,6.301523651927709579e-03,-7.450382225215435028e-03,-8.200235664844512939e-03,2.704977057874202728e-02,-5.132026970386505127e-03,-2.234426699578762054e-02,-2.607289701700210571e-03,-1.093135494738817215e-02,2.063817717134952545e-02,3.756148274987936020e-03,1.839549653232097626e-02,1.071121450513601303e-02,6.569820106960833073e-04,-2.714608237147331238e-02,7.274957606568932533e-04,1.096575148403644562e-02,-2.892784541472792625e-03,4.819014575332403183e-03,3.203045204281806946e-02,-2.094774972647428513e-03,2.805416285991668701e-02,-3.370902268216013908e-04,2.065193653106689453e-02,-5.991951096802949905e-03,-3.079216182231903076e-02,2.936124801635742188e-02,8.303427137434482574e-03,1.095328261726535857e-04,-1.163305249065160751e-02,-1.908343471586704254e-02,3.202357329428195953e-03,6.260247435420751572e-03,-2.526113018393516541e-02,2.110597677528858185e-02,-1.411135424859821796e-03,-2.008782699704170227e-02,-9.197748266160488129e-03,3.407019190490245819e-03,-2.586651593446731567e-02,2.374766394495964050e-02,3.677035216242074966e-03,-2.259192429482936859e-02,3.683914663270115852e-03,-1.894584670662879944e-02,6.208651699125766754e-03,-3.855899441987276077e-03,-2.118852920830249786e-02,2.094087004661560059e-02,-1.208021305501461029e-02,-1.359367929399013519e-02,2.963642217218875885e-02,1.598770916461944580e-02,-1.693706400692462921e-02,-1.973009854555130005e-02,-2.949883602559566498e-02,2.180767431855201721e-02,-2.486212551593780518e-02,-2.015661913901567459e-03,-1.751493290066719055e-02,2.077576518058776855e-02,1.183255482465028763e-02,1.225391752086579800e-03,8.695552125573158264e-03,-2.776522748172283173e-02,-1.596019044518470764e-02,-7.656763773411512375e-03,-4.825893789529800415e-03,2.045931294560432434e-02,-2.399188233539462090e-03,1.080064661800861359e-02,-1.338729821145534515e-02,-2.572892792522907257e-02,6.445990875363349915e-03,1.396516710519790649e-02,2.179391495883464813e-02,-2.632055617868900299e-02,-4.375293478369712830e-02,-1.032596826553344727e-02,-1.602898538112640381e-02,2.310100011527538300e-02,-1.113601610995829105e-03,-8.626758120954036713e-03,-2.502723038196563721e-02,3.596546500921249390e-02,-4.102869704365730286e-02,2.693970128893852234e-02,-3.070960752665996552e-02,-1.497127814218401909e-03,-2.239930257201194763e-02,8.330943994224071503e-03,2.010158449411392212e-02,-5.551669746637344360e-03,3.893736004829406738e-02,-3.266335651278495789e-02,5.241237231530249119e-04,-1.227283664047718048e-02,-7.753075566142797470e-03,1.779010891914367676e-02,1.622160710394382477e-02,-2.326610498130321503e-02,6.322161760181188583e-03,-1.072497293353080750e-02,5.451918579638004303e-03,-1.618033088743686676e-02,-2.428425475955009460e-02,2.684338949620723724e-02,-5.259295459836721420e-03,2.820551022887229919e-02,1.959251053631305695e-02,-4.584427177906036377e-02,1.034660637378692627e-02,8.998245000839233398e-03,4.389052279293537140e-03,2.344152890145778656e-03,-5.046722292900085449e-02,-1.670316420495510101e-02,9.163350798189640045e-03,-1.868443004786968231e-02,-1.023653615266084671e-02,-1.535480376332998276e-02,-2.679523313418030739e-03,1.135787740349769592e-02,-1.137249564635567367e-04,1.370374951511621475e-02,-1.418530754745006561e-02,-3.804304171353578568e-03,1.102766580879688263e-02,-6.669571157544851303e-03,1.384133752435445786e-02,2.142242901027202606e-02,-5.630782805383205414e-03,-2.039051987230777740e-02,5.083871074020862579e-03,-2.586651593446731567e-02,-4.061593487858772278e-02,-3.890984505414962769e-02,-2.897944068536162376e-03,1.522925565950572491e-03,1.354552432894706726e-02,-1.960626803338527679e-02,-1.183255459181964397e-03,1.134411804378032684e-02,-4.647717624902725220e-02,3.083687741309404373e-03,1.424034219235181808e-02,2.577020414173603058e-02,7.006661500781774521e-03,-1.038100291043519974e-02,8.956968784332275391e-03,2.120228856801986694e-02,2.271575480699539185e-02,1.898712292313575745e-02,-2.164256945252418518e-02,-3.783665969967842102e-02,1.498847617767751217e-03,-4.859602823853492737e-02,5.116548272781074047e-04,-4.406251013278961182e-03,-2.080328390002250671e-02,-2.149122208356857300e-02,-3.976288717240095139e-03,-2.125732367858290672e-03,1.525849290192127228e-02,1.013334561139345169e-02,1.377254351973533630e-02,-8.779824711382389069e-04,-1.372438855469226837e-02,1.762844389304518700e-03,-6.844995543360710144e-03,7.106412667781114578e-03,-4.464725963771343231e-03,-1.139915362000465393e-02,8.991366252303123474e-03,2.210004953667521477e-03,-1.643314841203391552e-03,-4.435832425951957703e-02,1.139227394014596939e-02,2.131235785782337189e-02,2.007062779739499092e-03,-1.102766580879688263e-02,4.650469403713941574e-03,-1.491108327172696590e-03,9.562355466187000275e-03,-1.190134882926940918e-02,3.673595562577247620e-02,1.653805933892726898e-02,-7.367829326540231705e-03,-1.136819599196314812e-03,-2.801288664340972900e-02,-1.807904429733753204e-02,-3.314147237688302994e-03,1.428161934018135071e-02,-3.406675159931182861e-02,-3.387412801384925842e-02,-1.258240919560194016e-02,-7.732436992228031158e-03,6.263686809688806534e-03,-2.172512188553810120e-02,6.707407534122467041e-03,-1.342169474810361862e-02,1.172936428338289261e-02,-4.647029563784599304e-03,-8.345562964677810669e-04,-1.109645981341600418e-02,1.194262504577636719e-02,3.211300447583198547e-02,-1.590515486896038055e-02,1.276987255550920963e-03,-7.443502545356750488e-03,-1.354552432894706726e-02,6.143297534435987473e-03,-1.995023805648088455e-03,-3.990047797560691833e-02,-1.691470621153712273e-03,-1.221092138439416885e-02,-4.708944354206323624e-03,-4.268663004040718079e-03,-3.478220850229263306e-02,1.476317644119262695e-02,2.433929033577442169e-02,-9.510760428383946419e-04,-1.622160710394382477e-02,1.964754462242126465e-01,-3.224715357646346092e-03,-1.146794762462377548e-02,6.353118922561407089e-03,-4.506002180278301239e-03,2.040427736937999725e-02,2.786153927445411682e-03,1.338041853159666061e-02,3.607381368055939674e-04,1.250673551112413406e-02,-2.407787367701530457e-02,-4.530080128461122513e-03,-4.000366665422916412e-03,-3.489141818135976791e-04,1.919350586831569672e-02,-2.625176124274730682e-02,-1.503835245966911316e-02,-8.248391561210155487e-03,-3.205797076225280762e-02,-1.135787740349769592e-02,1.744613982737064362e-02,-8.984486572444438934e-03,6.879392545670270920e-03,-1.448800042271614075e-02,1.829918473958969116e-02,3.111205296590924263e-03,-1.042915880680084229e-02,1.895960606634616852e-02,1.780386827886104584e-02,-1.912471093237400055e-02,-8.750587701797485352e-03,-3.198917489498853683e-03,1.036724448204040527e-02,-2.648566104471683502e-02,8.865817217156291008e-04,3.666716162115335464e-03,-3.866218496114015579e-03,-4.340896848589181900e-03,2.000527270138263702e-02,1.384821720421314240e-02,1.623536646366119385e-02,1.001811586320400238e-03,3.769907169044017792e-03,1.276815216988325119e-02,5.094190128147602081e-03,1.816159673035144806e-02,-3.924693446606397629e-03,-2.810231875628232956e-03,1.992272026836872101e-02,-3.800864331424236298e-03,-1.656557805836200714e-02,-5.744292866438627243e-03,4.256968200206756592e-02,2.017037943005561829e-02,-1.415778975933790207e-02,-6.177694536745548248e-03,1.963378675282001495e-02,-4.389052279293537140e-03,1.831294223666191101e-02,-9.300938807427883148e-03,-7.436623331159353256e-03,1.725351624190807343e-02,-2.238554321229457855e-02,3.087471425533294678e-02,-6.046986207365989685e-03,5.599825643002986908e-03,-1.917974650859832764e-02,1.384477713145315647e-03,1.869474886916577816e-03,-2.999415062367916107e-02,-8.661155588924884796e-03,7.403946365229785442e-04,-2.420170232653617859e-02,6.922388565726578236e-04,-1.962002739310264587e-02,1.991799072129651904e-04,4.680738598108291626e-02,7.691160775721073151e-03,-1.309836376458406448e-02,5.623903591185808182e-03,7.161447778344154358e-03,-6.697088479995727539e-03,2.667484339326620102e-03,3.396700136363506317e-03,5.152665078639984131e-03,-2.351376414299011230e-02,8.169278735294938087e-04,1.182567607611417770e-02,-1.528600975871086121e-02,-1.377598382532596588e-03,1.534104533493518829e-02,6.779641378670930862e-03,-6.875952705740928650e-03,3.293509129434823990e-03,9.411009028553962708e-03,-1.886329427361488342e-02,2.183519117534160614e-02,2.837061509490013123e-02,-9.672425687313079834e-03,2.210004953667521477e-03,-9.933843277394771576e-03,-2.098214812576770782e-02,8.523567579686641693e-03,6.494146771728992462e-03,-1.992272026836872101e-02,-8.592361584305763245e-03,1.935861073434352875e-02,2.175263874232769012e-02,5.145785398781299591e-03,-1.145418826490640640e-02,2.164256945252418518e-02,-2.282582409679889679e-02,-4.007246345281600952e-03,-1.309148408472537994e-02,5.338408425450325012e-02,-2.098214812576770782e-02,1.323423115536570549e-03,-1.572629064321517944e-02,2.706352993845939636e-02,7.330852531595155597e-05,1.046355627477169037e-02,2.710480708628892899e-03,8.791863918304443359e-03,1.834046095609664917e-02,-1.166057027876377106e-02,-2.205533161759376526e-02,-3.318618983030319214e-02,7.161447778344154358e-03,1.547863334417343140e-02,-2.453191392123699188e-02,1.200454030185937881e-02,-1.253425329923629761e-02,-3.813763323705643415e-04,-6.229289807379245758e-03,7.643004879355430603e-03,7.856266573071479797e-03,7.034178823232650757e-03,-3.718311665579676628e-03,-1.935861073434352875e-02,-3.883416997268795967e-03,-5.293692462146282196e-03,-4.186110571026802063e-03,3.258080407977104187e-02,1.210085116326808929e-02,8.921712287701666355e-05,-4.051962401717901230e-03,1.177752017974853516e-02,-2.340369299054145813e-02,2.576332539319992065e-03,-2.936124801635742188e-02,-3.401171788573265076e-02,6.772762164473533630e-03,-5.321210250258445740e-03,-2.534368261694908142e-02,-3.467213828116655350e-03,-1.558870356529951096e-02,-1.444672420620918274e-02,-2.908607199788093567e-02,4.217067733407020569e-03,2.552254684269428253e-02,-5.544790253043174744e-02,1.470814086496829987e-02,2.244057878851890564e-02,-2.315603569149971008e-02,-5.791588337160646915e-04,3.300388576462864876e-03,-1.766628026962280273e-01,1.853308267891407013e-02,2.414666861295700073e-02,-4.506002180278301239e-03,5.703016184270381927e-03,2.940940205007791519e-03,1.807904429733753204e-02,6.397834978997707367e-03,-1.520345732569694519e-02,2.398156188428401947e-02,2.731118816882371902e-03,1.827166602015495300e-02,-2.867330797016620636e-02,-1.033972669392824173e-02,-1.596019021235406399e-03,6.045266054570674896e-04,-1.784514449536800385e-02,2.043179608881473541e-02,2.944380044937133789e-02,1.860187761485576630e-02,4.284485802054405212e-02,5.310891196131706238e-03,1.241730409674346447e-03,-9.541717357933521271e-03,-9.357048838865011930e-05,9.906325489282608032e-03,5.879730815649963915e-05,2.311475947499275208e-02,-6.975703872740268707e-03,-3.417682275176048279e-02,-1.078688725829124451e-02,-5.730533972382545471e-03,2.548127062618732452e-02,-1.801024936139583588e-02,1.675819978117942810e-02,2.438744762912392616e-03,-1.272687595337629318e-02,1.927605830132961273e-02,6.012589205056428909e-03,1.823038980364799500e-02,1.780386827886104584e-02,6.628294475376605988e-03,7.868304965086281300e-05,2.558274136390537024e-04,-1.148170605301856995e-02,4.961417987942695618e-02,2.916862443089485168e-02,-5.506953690201044083e-03,1.571253314614295959e-02,-4.825893789529800415e-03,-3.413898637518286705e-03,-3.117740713059902191e-02,5.752891884185373783e-04,1.115149538964033127e-02,1.219028327614068985e-02,1.305708661675453186e-02,-1.996399648487567902e-02,-2.066569589078426361e-02,-1.194950472563505173e-02,-1.798961195163428783e-03,-3.546326886862516403e-03,-8.317185565829277039e-03,3.189286217093467712e-02,-2.063817717134952545e-02,-1.340105663985013962e-02,-2.826054394245147705e-02,-1.020213868468999863e-02,-5.166423972696065903e-03,-2.176639810204505920e-02,7.787472568452358246e-03,-7.477899547666311264e-03,-2.114725299179553986e-02,2.641686797142028809e-02,-1.895960606634616852e-02,1.025717426091432571e-02,1.465310622006654739e-02,-6.050425581634044647e-03,1.597394980490207672e-02,1.462558843195438385e-02,5.410642363131046295e-03,-2.607289701700210571e-03,1.894584670662879944e-02,-1.143355015665292740e-02,2.480020979419350624e-03,1.301581040024757385e-02,3.070960752665996552e-02,-5.407202523201704025e-03,-9.995757602155208588e-03,-9.596752934157848358e-03,-5.857802927494049072e-03,3.135283244773745537e-03,-2.367886900901794434e-02,-2.656821347773075104e-02,-3.106733597815036774e-02,3.412178531289100647e-02,1.567125692963600159e-02,3.506770357489585876e-03,-4.598874133080244064e-03,-5.424400791525840759e-03,-1.547863334417343140e-02,1.479069422930479050e-02,-5.823405925184488297e-03,-3.505738452076911926e-02,1.435041241347789764e-02,2.281206473708152771e-02,-1.402536174282431602e-03,2.482084743678569794e-02,2.182143367826938629e-02,3.725878894329071045e-02,-9.342215023934841156e-03,-6.793400272727012634e-03,-5.837164353579282761e-03,3.117740713059902191e-02,1.417154818773269653e-02,1.323595084249973297e-02,2.319731190800666809e-02,3.769907169044017792e-03,3.226435044780373573e-03,1.117901317775249481e-02,-2.424297854304313660e-02,5.247600749135017395e-02,-1.972665777429938316e-03,6.332480814307928085e-03,-1.378630287945270538e-02,-2.144994586706161499e-02,-1.196326315402984619e-02,-1.030257791280746460e-01,1.662061177194118500e-02,2.446311898529529572e-02,2.846348565071821213e-03,-4.609193187206983566e-03,1.163305249065160751e-02,-1.408211607486009598e-02,1.887705363333225250e-02,4.973800852894783020e-03,1.308460440486669540e-02,-8.097045123577117920e-03,-3.114989027380943298e-02,-4.684866406023502350e-03,-2.483460679650306702e-02,1.084192283451557159e-02,1.739110425114631653e-02,2.081704139709472656e-02,-1.875322312116622925e-02,-2.682963013648986816e-02,1.728103496134281158e-02,-3.505738452076911926e-02,2.746597398072481155e-03,8.956968784332275391e-03,-9.197748266160488129e-03,1.499707531183958054e-02,2.173888031393289566e-03,-2.988408133387565613e-02,6.848435383290052414e-03,8.984486572444438934e-03,-1.030188985168933868e-03,2.560509927570819855e-02,-4.880928900092840195e-03,-5.800187936984002590e-04,-9.424767456948757172e-03,-1.567125692963600159e-02,-5.401698872447013855e-02,-2.164256945252418518e-02,7.952577434480190277e-03,2.062441967427730560e-02,-8.289667777717113495e-03,-5.613584537059068680e-03,7.450382225215435028e-03,-4.215777735225856304e-04,-2.164256945252418518e-02,7.422864437103271484e-03,-2.514417981728911400e-03,-7.863145321607589722e-03,2.149122208356857300e-02,1.803776808083057404e-02,9.913204237818717957e-03,-2.477957122027873993e-02,-1.842301338911056519e-02,-2.493091858923435211e-02,-3.824942186474800110e-02,4.859602823853492737e-02,-2.358255721628665924e-02,5.620463751256465912e-03,2.095462940633296967e-02,-1.341481506824493408e-02,7.175206206738948822e-03,-1.058738492429256439e-02,-4.072600509971380234e-03,-2.923741936683654785e-03,1.294701639562845230e-02,1.623536646366119385e-02,1.583636179566383362e-02,-2.757260575890541077e-02,-2.919614128768444061e-02,1.037412416189908981e-02,2.689842367544770241e-03,1.294701639562845230e-02,1.377598382532596588e-03,-3.417338244616985321e-03,2.820551022887229919e-02,-2.179391495883464813e-02,6.886271759867668152e-03,-1.459807064384222031e-02,-2.902243868447840214e-04,2.147746272385120392e-02,-4.829333722591400146e-02,2.405637642368674278e-04,-2.237178385257720947e-02,2.417418546974658966e-02,4.794936627149581909e-03,4.837588965892791748e-02,-2.449063770473003387e-02,9.899445809423923492e-03,8.248391561210155487e-03,1.857436075806617737e-02,-9.589873254299163818e-03,1.906967535614967346e-02,3.203045204281806946e-02,9.080798365175724030e-03,-5.217331275343894958e-02,-7.711798883974552155e-03,9.314697235822677612e-03,1.043947762809693813e-03,-1.372438855469226837e-02,-2.304596453905105591e-02,1.272687595337629318e-02,-2.190398611128330231e-02,-6.511345040053129196e-03,-5.696136876940727234e-02,3.541511297225952148e-02,-2.664044732227921486e-03,-4.626391455531120300e-03,-9.132393752224743366e-04,-1.123404782265424728e-02,4.271672805771231651e-04,-2.350000478327274323e-02,-2.094774972647428513e-03,-2.369950758293271065e-03,-2.358255721628665924e-02,2.649942040443420410e-02,-1.829918473958969116e-02,-7.484779227524995804e-03,1.036036480218172073e-02,-1.087631937116384506e-02,7.814990356564521790e-03,-7.890663109719753265e-03,1.985392719507217407e-02,9.693063795566558838e-03,2.872146433219313622e-03,6.882832385599613190e-03,-8.716190233826637268e-03,-1.463934686034917831e-02,-2.384397387504577637e-02,2.186270989477634430e-02,6.287764757871627808e-03,3.610305115580558777e-02,-1.913847029209136963e-02,-3.007670491933822632e-02,1.857436075806617737e-02,-1.873946562409400940e-02,-1.265808194875717163e-02,6.421912927180528641e-03,1.993647962808609009e-02,-1.180503796786069870e-02,-3.327906131744384766e-03,2.136739343404769897e-02,1.986768655478954315e-02,2.881089597940444946e-02,-2.406411431729793549e-02,-2.802664600312709808e-02,1.315339840948581696e-02,-7.821869105100631714e-03,2.206909097731113434e-02,-1.247233897447586060e-02,-9.493561461567878723e-03,1.671692356467247009e-02,2.698097750544548035e-02,-2.820551022887229919e-02,8.791863918304443359e-03,2.413290925323963165e-02,3.112925216555595398e-03,-2.077576518058776855e-02,-1.905591692775487900e-03,-1.982640847563743591e-02,2.762764133512973785e-02,-1.137851551175117493e-02,-3.222995437681674957e-03,-4.402811080217361450e-02,2.253689058125019073e-02,1.379318162798881531e-02,1.221780106425285339e-02,-7.814990356564521790e-03,1.744613982737064362e-02,6.181134376674890518e-03,-7.471020333468914032e-03,1.604618271812796593e-03,-1.144730951637029648e-02,-9.940722025930881500e-03,-2.705321181565523148e-03,-1.156425848603248596e-02,-9.046400897204875946e-03,1.152298296801745892e-03,-5.723654758185148239e-03,2.003623172640800476e-03,-1.737734489142894745e-02,-5.909398198127746582e-03,-2.264695987105369568e-02,6.105460692197084427e-03,2.149810083210468292e-03,6.972264498472213745e-03,-1.681151567026972771e-03,1.857436029240489006e-03,3.081967867910861969e-02,-4.406251013278961182e-03,-2.151530003175139427e-03,-8.757466450333595276e-03,6.016028579324483871e-03,1.517593953758478165e-02,-8.385979570448398590e-03,2.259192429482936859e-02,1.038788259029388428e-02,-6.652372423559427261e-03,-2.217916212975978851e-02,1.243106275796890259e-02,1.975761540234088898e-02,1.501083467155694962e-02,4.657348617911338806e-03,9.452285245060920715e-03,-1.871194690465927124e-02,8.750587701797485352e-03,-1.450175978243350983e-02,-3.100886242464184761e-03,3.694233717396855354e-03,1.328410673886537552e-02,-1.492828223854303360e-02,-4.001054540276527405e-02,-1.945492252707481384e-02,6.642913212999701500e-04,1.710217073559761047e-02,-1.824758830480277538e-03,3.068209066987037659e-02,1.512090489268302917e-02,-5.482875742018222809e-03,2.124012447893619537e-03,-1.639015274122357368e-03,1.611153781414031982e-02,-4.075352102518081665e-02,3.092974796891212463e-02,2.080328390002250671e-02,5.193941295146942139e-03,1.373126730322837830e-02,-3.735510166734457016e-03,2.290837652981281281e-02,9.190868586301803589e-03,-1.536856312304735184e-02,1.003692614176543429e-05,-1.829918473958969116e-02,1.578132621943950653e-02,2.530240640044212341e-02,1.116525381803512573e-02,-1.119277160614728928e-02,-2.239930257201194763e-02,-6.387515924870967865e-03,-9.510760428383946419e-04,1.688030897639691830e-03,4.317506775259971619e-02,-5.668619647622108459e-03,4.009309783577919006e-02,2.798536792397499084e-02,-1.598770916461944580e-02,-1.605478231795132160e-03,9.245903231203556061e-03,1.421282533556222916e-02,-1.633167825639247894e-02,1.360743865370750427e-02,2.111973473802208900e-03,-3.513993695378303528e-02,4.441507917363196611e-04,1.966130360960960388e-02,5.393443629145622253e-03,-1.651054248213768005e-02,-3.015925735235214233e-02,2.216540277004241943e-02,8.619878441095352173e-03,3.735510166734457016e-03,-1.821663230657577515e-02,1.569877378642559052e-02,3.654333204030990601e-02,1.216792501509189606e-03,2.763795899227261543e-03,-2.261600224301218987e-03,-2.746253460645675659e-02,9.510760428383946419e-04,2.403659746050834656e-02,-3.209236543625593185e-03,-1.941364631056785583e-02,-1.835421845316886902e-02,-5.813086871057748795e-03,-8.798742666840553284e-03,-3.255328536033630371e-02,-3.979040682315826416e-02,1.444672420620918274e-02,-1.131660025566816330e-02,-1.613905467092990875e-02,-1.256177108734846115e-02,-3.601361997425556183e-03,1.601522602140903473e-02,-1.538232155144214630e-02,3.326874226331710815e-02,-1.165369059890508652e-02,-1.777634955942630768e-02,2.958138845860958099e-02,-2.352752257138490677e-03,-9.846130851656198502e-04,1.795521378517150879e-02,-1.784514449536800385e-02
3.518492216244339943e-03,-1.355724316090345383e-02,-2.439487911760807037e-02,-1.471307687461376190e-02,-1.012373901903629303e-02,3.646993637084960938e-02,-1.552895922213792801e-02,-1.267337054014205933e-02,7.827370427548885345e-04,-1.145634683780372143e-03,1.619526185095310211e-02,9.525425732135772705e-03,2.168886922299861908e-02,6.268695462495088577e-03,-4.857898689806461334e-03,-2.795756608247756958e-02,4.725317994598299265e-04,8.770734071731567383e-03,5.605790764093399048e-03,-1.650801673531532288e-02,-1.146994438022375107e-02,-4.395565483719110489e-03,-2.866466343402862549e-02,-2.332063391804695129e-02,3.991024103015661240e-03,4.874896258115768433e-03,2.019308507442474365e-02,5.337229813449084759e-04,5.361026152968406677e-03,-5.123060662299394608e-03,-4.551942925900220871e-03,5.881151184439659119e-03,-3.674189746379852295e-02,-2.007410395890474319e-03,-1.565134152770042419e-02,-1.352367398794740438e-04,8.342396467924118042e-03,-1.026651822030544281e-02,1.262917765416204929e-03,2.609123475849628448e-04,3.024203516542911530e-02,1.666609430685639381e-03,-5.170653574168682098e-03,2.265433035790920258e-02,-2.220559492707252502e-02,7.824183558113873005e-05,-2.090018428862094879e-02,-2.974570670630782843e-04,-2.330703660845756531e-02,1.282974798232316971e-02,6.720830220729112625e-03,-7.574107032269239426e-03,-4.276582971215248108e-03,1.656240969896316528e-02,-5.850555840879678726e-03,-1.338046882301568985e-02,1.107560191303491592e-02,4.001222550868988037e-03,-2.707369253039360046e-02,1.811258681118488312e-02,-2.332063391804695129e-03,7.295347284525632858e-03,-6.690234411507844925e-03,-1.357764005661010742e-02,-2.177045866847038269e-02,6.244898773729801178e-03,-4.001222550868988037e-03,-8.029641583561897278e-03,-9.430238977074623108e-03,-1.963556557893753052e-02,4.547183588147163391e-02,2.977970242500305176e-02,-6.418273784220218658e-03,-2.083899220451712608e-03,1.837094873189926147e-02,-3.187379986047744751e-02,-1.210225373506546021e-02,-1.389039494097232819e-02,-1.905085146427154541e-02,1.050448417663574219e-02,-3.753058379516005516e-03,-6.197305396199226379e-03,-3.538209199905395508e-02,-1.289773825556039810e-02,1.430513523519039154e-02,-1.720151677727699280e-02,3.249930962920188904e-02,1.973075233399868011e-02,4.746564954984933138e-04,-1.393798831850290298e-02,1.434592995792627335e-02,4.601575806736946106e-02,1.895566470921039581e-02,-1.071695354767143726e-03,-7.961651310324668884e-03,-5.714575294405221939e-03,-3.315201401710510254e-02,2.643458545207977295e-02,9.838180616497993469e-03,-3.913515061140060425e-02,-1.471307687461376190e-02,-7.390533573925495148e-03,-1.638563536107540131e-02,-1.326658530160784721e-03,-2.420450747013092041e-02,-3.285285830497741699e-02,1.251019444316625595e-02,-3.832946822512894869e-04,2.616262435913085938e-02,-3.472938761115074158e-02,-2.712808549404144287e-02,5.349468067288398743e-02,-1.179629750549793243e-02,-1.831655576825141907e-02,1.184389088302850723e-02,-9.838180616497993469e-03,2.088658511638641357e-02,3.698666114360094070e-03,-2.109055593609809875e-02,-9.199072606861591339e-03,-1.107560191303491592e-02,1.945879124104976654e-02,6.146313156932592392e-03,-2.109055593609809875e-02,2.524135634303092957e-03,7.567307911813259125e-03,-1.165351830422878265e-02,-1.192547846585512161e-02,2.417051233351230621e-03,-4.664126783609390259e-03,3.773455508053302765e-03,1.118438597768545151e-02,3.206417337059974670e-02,2.053303644061088562e-02,2.993161797348875552e-05,1.198667008429765701e-02,-1.641283184289932251e-02,-1.339406706392765045e-02,-1.274816039949655533e-02,-2.980689890682697296e-02,1.930921338498592377e-02,-8.512371219694614410e-03,-1.698904787190258503e-03,-4.817104898393154144e-03,2.007070370018482208e-02,4.976881667971611023e-03,3.865242237225174904e-03,2.457165345549583435e-02,8.811528794467449188e-03,1.093282178044319153e-02,7.261352147907018661e-03,-1.289093960076570511e-02,3.423985838890075684e-02,-1.052998006343841553e-03,4.959884099662303925e-03,6.567852105945348740e-03,-1.031411159783601761e-02,1.928201690316200256e-02,-2.442207559943199158e-02,-2.196083078160881996e-03,-9.953763335943222046e-03,1.338046882301568985e-02,1.442751754075288773e-02,-2.672014292329549789e-03,9.763390757143497467e-03,2.463964372873306274e-02,1.683437079191207886e-02,-9.297658107243478298e-04,-1.560374861583113670e-03,-1.998911611735820770e-02,1.448190957307815552e-02,2.155289053916931152e-03,-4.052215069532394409e-02,2.847428992390632629e-02,-7.669293321669101715e-03,1.875169388949871063e-02,-1.390399294905364513e-03,1.073395134881138802e-03,-2.121293917298316956e-02,4.551942925900220871e-03,-3.290725126862525940e-02,-3.205737331882119179e-03,2.638019248843193054e-02,3.889038786292076111e-02,-2.107695909217000008e-03,-2.132172323763370514e-02,-7.614900823682546616e-03,2.759041823446750641e-02,1.217024400830268860e-03,-2.015229128301143646e-02,2.841989882290363312e-02,2.495239954441785812e-03,-1.775903627276420593e-02,-1.856132037937641144e-02,-6.448733210563659668e-01,-2.546912431716918945e-02,-1.939080096781253815e-02,4.704071034211665392e-04,3.630676073953509331e-03,7.723685353994369507e-03,5.109462421387434006e-03,1.170791033655405045e-02,-3.394070267677307129e-02,1.704853959381580353e-03,-1.866330625489354134e-03,2.268152683973312378e-02,-1.193907670676708221e-02,-2.185204625129699707e-02,-3.272027825005352497e-04,1.354364585131406784e-02,-2.888223156332969666e-02,-7.064180448651313782e-03,3.651072969660162926e-03,-7.941253483295440674e-03,-2.436768263578414917e-02,4.640330094844102859e-03,5.775766447186470032e-03,4.045416135340929031e-03,1.590970344841480255e-02,-8.029641583561897278e-03,2.907260507345199585e-02,-1.352324802428483963e-02,-4.891893826425075531e-03,1.289093960076570511e-02,-3.992383927106857300e-02,1.949958503246307373e-02,-1.673918403685092926e-02,2.967091836035251617e-02,6.467226892709732056e-02,2.466344041749835014e-03,-3.622517362236976624e-02,3.462060540914535522e-02,1.000135671347379684e-02,3.524611517786979675e-02,-9.722596965730190277e-03,-3.132987767457962036e-02,1.752787083387374878e-02,-3.744899481534957886e-02,-1.561054680496454239e-02,-4.647129215300083160e-03,2.825672179460525513e-02,1.287054270505905151e-02,5.004077684134244919e-03,6.530457641929388046e-03,3.425005706958472729e-04,-1.599129289388656616e-02,-2.264073304831981659e-02,1.340086571872234344e-02,2.602664381265640259e-02,3.157464414834976196e-02,3.848244622349739075e-02,-2.595865353941917419e-02,1.717432215809822083e-02,-1.010334212332963943e-02,1.156513113528490067e-02,2.567309513688087463e-02,-9.946964681148529053e-03,-2.654336951673030853e-02,1.223823335021734238e-02,-2.208321355283260345e-02,1.717432215809822083e-02,3.315201401710510254e-02,-1.014413591474294662e-02,-2.512917295098304749e-02,-2.930377144366502762e-03,-6.482864264398813248e-03,6.408075336366891861e-03,1.097361650317907333e-02,1.208185590803623199e-02,3.685068106278777122e-03,7.614900823682546616e-03,-8.777533657848834991e-03,6.309489253908395767e-03,7.376935333013534546e-03,5.129859782755374908e-03,-2.258973894640803337e-03,-2.420450747013092041e-02,-2.909979969263076782e-02,7.288548164069652557e-03,-1.793581061065196991e-02,-1.616806723177433014e-02,-1.856132177636027336e-03,7.655695080757141113e-03,1.895226538181304932e-03,-9.484631009399890900e-03,-6.197305396199226379e-03,2.792696934193372726e-03,-2.623061463236808777e-02,1.433233171701431274e-02,1.102120988070964813e-02,-8.920312859117984772e-03,3.646993637084960938e-02,3.812889754772186279e-02,-5.541200283914804459e-03,-8.464778773486614227e-03,-2.964372187852859497e-02,2.477562427520751953e-02,-4.337774123996496201e-03,1.445471402257680893e-02,1.423714496195316315e-02,-1.142915058881044388e-02,-1.306771393865346909e-02,3.617078065872192383e-02,-3.636115416884422302e-02,-1.751427166163921356e-02,-6.367281079292297363e-03,7.508666603825986385e-04,1.890127197839319706e-03,-1.212944928556680679e-02,-2.997007407248020172e-02,5.690778605639934540e-03,4.861298482865095139e-03,2.757682092487812042e-02,-3.704105317592620850e-02,-9.715797379612922668e-03,-2.485721185803413391e-02,-7.778077386319637299e-03,-1.121838111430406570e-02,1.035490538924932480e-02,1.493064500391483307e-02,8.899915963411331177e-03,-2.435408532619476318e-02,9.926567785441875458e-03,-9.933366440236568451e-03,1.054527796804904938e-02,-1.532498840242624283e-02,2.124013379216194153e-02,-8.260807953774929047e-03,2.488440833985805511e-02,8.995101787149906158e-03,5.201249383389949799e-03,-3.141146618872880936e-03,3.168342635035514832e-02,-2.526515349745750427e-02,-1.891826977953314781e-03,4.381967708468437195e-03,1.925482042133808136e-02,-1.073565054684877396e-02,-7.993096369318664074e-04,-3.113950602710247040e-02,-4.946286324411630630e-03,-9.518626146018505096e-03,-4.014140740036964417e-02,2.451046369969844818e-03,1.702474243938922882e-02,-2.323564607650041580e-03,-2.217839844524860382e-02,-5.901548080146312714e-03,-1.642642915248870850e-02,-1.448190957307815552e-02,1.673408551141619682e-03,5.860754288733005524e-03,-9.613812901079654694e-03,-2.991568297147750854e-02,2.031206851825118065e-03,-8.838724344968795776e-03,-8.369592018425464630e-03,-1.573292911052703857e-02,-2.910829789470881224e-04,-9.919768199324607849e-03,2.454445697367191315e-02,-2.257274277508258820e-02,-1.585531234741210938e-02,-3.214576095342636108e-02,2.178405597805976868e-02,8.478376083076000214e-03,-1.093962136656045914e-02,2.396654104813933372e-03,1.879248768091201782e-02,2.435408532619476318e-02,-2.321184985339641571e-02,-1.324448827654123306e-02,-6.629043258726596832e-03,2.817513421177864075e-02,6.163310725241899490e-03,2.036985941231250763e-02,-2.651617303490638733e-02,-7.016587536782026291e-03,-4.648829053621739149e-04,-1.200026832520961761e-02,-5.978887202218174934e-04,1.044329255819320679e-02,3.776854835450649261e-03,1.584171317517757416e-02,-1.459069456905126572e-02,4.483103111851960421e-04,3.502854332327842712e-02,-6.054526194930076599e-03,6.785420700907707214e-03,2.034266479313373566e-02,1.916473411256447434e-04,8.920312859117984772e-03,1.297932676970958710e-02,1.661680266261100769e-02,2.839270234107971191e-02,-1.127787283621728420e-03,6.510740518569946289e-02,-1.898286119103431702e-02,1.997551694512367249e-02,-3.554527088999748230e-02,1.648082211613655090e-02,-1.187788601964712143e-02,3.225454688072204590e-02,-4.395565483719110489e-03,-2.852868288755416870e-02,-3.456621244549751282e-02,-2.361979149281978607e-02,1.710633188486099243e-02,1.476746890693902969e-02,4.419362172484397888e-02,-8.532768115401268005e-03,2.825672179460525513e-02,6.408075336366891861e-03,1.115718949586153030e-02,8.831925690174102783e-03,-1.395498635247349739e-03,1.099401339888572693e-02,1.045689079910516739e-02,-3.103072196245193481e-02,1.071525365114212036e-02,2.644818276166915894e-03,1.201386656612157822e-02,-1.591395266586914659e-04,-2.435748465359210968e-03,5.248842295259237289e-03,-6.649440154433250427e-03,4.361570347100496292e-03,1.915963552892208099e-02,-1.483545918017625809e-02,3.066357458010315895e-03,1.614087074995040894e-02,-1.841174252331256866e-02,-1.655561034567654133e-03,-1.274136081337928772e-02,2.361979149281978607e-02,2.847428992390632629e-02,-3.368913894519209862e-03,-3.055309061892330647e-04,-1.951318350620567799e-03,4.718518815934658051e-03,3.171062469482421875e-02,9.797385893762111664e-03,1.433233171701431274e-02,9.124282747507095337e-03,9.668204933404922485e-03,1.338046882301568985e-02,-2.442207559943199158e-02,-2.232797816395759583e-02,3.025563491974025965e-04,-1.729670353233814240e-02,1.361163519322872162e-02,-8.365980465896427631e-05,2.516996674239635468e-02,3.402229025959968567e-02,1.032091025263071060e-02,-1.163312140852212906e-02,1.642642915248870850e-02,1.542017422616481781e-02,3.124829009175300598e-02,2.626121044158935547e-03,-9.559419937431812286e-03,-1.853412576019763947e-02,-1.722871325910091400e-02,6.973243434913456440e-04,7.968449965119361877e-03,1.573972869664430618e-03,1.338726840913295746e-02,9.396243840456008911e-03,-8.702743798494338989e-03,1.663039997220039368e-02,-6.411474663764238358e-03,2.126733027398586273e-02,1.516181230545043945e-02,-6.663038395345211029e-03,-3.527330979704856873e-02,-2.050583995878696442e-02,1.361843477934598923e-02,-7.234156131744384766e-03,-5.847156047821044922e-03,-1.815550494939088821e-04,-3.592601418495178223e-02,1.392439007759094238e-02,-3.549087792634963989e-02,2.695810981094837189e-03,2.367758192121982574e-03,2.300787903368473053e-02,4.500950220972299576e-03,-2.208321355283260345e-02,-3.279846534132957458e-02,-7.594503927975893021e-03,2.969811484217643738e-02,-3.062278032302856445e-02,2.336142770946025848e-02,-8.240411058068275452e-03,-1.166031695902347565e-02,-9.765090653672814369e-04,-7.030185312032699585e-03,-2.345661399886012077e-03,5.531681701540946960e-02,9.423440322279930115e-03,1.536578219383955002e-02,-3.045960329473018646e-03,-1.492384588345885277e-03,-2.076420374214649200e-02,-3.342397511005401611e-02,1.166881644167006016e-03,-1.131356693804264069e-02,1.368302473565563560e-04,1.098891370929777622e-03,-1.217704266309738159e-02,-2.588726347312331200e-03,-9.783787652850151062e-03,1.612727344036102295e-02,1.454140176065266132e-03,-6.595048122107982635e-03,-8.056837134063243866e-03,-1.274136081337928772e-02,7.839269004762172699e-03,1.032363027334213257e-01,3.307042643427848816e-02,1.278895419090986252e-02,2.488440833985805511e-02,8.328798227012157440e-03,-3.042561002075672150e-03,-3.739460371434688568e-03,-2.201522327959537506e-02,2.696490846574306488e-02,-4.235788714140653610e-03,-1.690236106514930725e-02,-7.730484474450349808e-03,2.563230134546756744e-02,-9.056293405592441559e-03,-3.224434563890099525e-03,2.672014292329549789e-03,-8.872719481587409973e-03,-1.988033019006252289e-02,9.804185479879379272e-03,-3.005166351795196533e-02,-2.680173143744468689e-02,-1.145634707063436508e-02,1.962196826934814453e-02,7.560508791357278824e-03,1.410796394338831306e-04,-6.516859401017427444e-03,-1.529779168777167797e-03,3.788413107395172119e-02,1.856132037937641144e-02,-3.350216429680585861e-03,4.711720161139965057e-03,2.655696682631969452e-02,-1.184729044325649738e-03,2.961652539670467377e-02,8.695945143699645996e-03,2.536033978685736656e-03,1.486265473067760468e-02,8.471577428281307220e-03,1.853412576019763947e-02,-7.655695080757141113e-03,-8.702743798494338989e-03,1.642642915248870850e-02,2.235517464578151703e-02,-1.097361650317907333e-02,4.715119488537311554e-03,-8.281204849481582642e-03,-1.425074320286512375e-02,1.316290069371461868e-02,-4.930648580193519592e-02,-3.032362461090087891e-02,4.258905351161956787e-02,-2.109055593609809875e-02,-1.631764508783817291e-02,-2.784878015518188477e-02,9.749792516231536865e-03,-6.476065609604120255e-03,-2.447646809741854668e-03,-2.719607576727867126e-02,9.396243840456008911e-03,2.855587936937808990e-02,-1.514821406453847885e-02,-2.030186913907527924e-02,7.145768962800502777e-03,1.465188572183251381e-03,-1.823496818542480469e-02,6.353682838380336761e-03,-1.888852420961484313e-04,8.077234029769897461e-03,-2.673714188858866692e-03,-2.789297373965382576e-03,-6.544055417180061340e-03,7.281749043613672256e-03,-2.276311442255973816e-02,-5.235244520008563995e-03,1.630404777824878693e-02,2.915419265627861023e-02,1.200026832520961761e-02,-2.486741170287132263e-03,-1.518730772659182549e-03,4.198394250124692917e-03,2.034393837675452232e-04,-5.643185577355325222e-04,-4.698121920228004456e-03,-1.620886102318763733e-02,-1.412836089730262756e-02,1.201386656612157822e-02,-6.336685270071029663e-03,-3.610278945416212082e-03,-1.326488517224788666e-02,-1.000305637717247009e-03,4.936087410897016525e-03,1.841174252331256866e-02,2.375577203929424286e-02,6.040927954018115997e-03,1.411476265639066696e-02,5.741771310567855835e-03,1.234021876007318497e-02,1.242180727422237396e-02,-1.517540961503982544e-02,-5.707776173949241638e-03,5.031273700296878815e-03,-4.864697810262441635e-03,-1.908824546262621880e-03,3.997823223471641541e-03,1.045009214431047440e-02,2.241976326331496239e-03,-4.606335423886775970e-03,2.574108541011810303e-02,2.626121044158935547e-03,1.266657188534736633e-02,1.864290982484817505e-02,-2.704649604856967926e-02,-3.593281377106904984e-03,-2.353820390999317169e-02,-1.770931849023327231e-04,9.314655326306819916e-03,-9.035895578563213348e-03,1.744628138840198517e-02,1.585531234741210938e-02,-1.506662555038928986e-02,1.062686648219823837e-02,-4.122924804687500000e-02,4.963283613324165344e-02,-3.654472529888153076e-03,-1.922762580215930939e-02,2.252175007015466690e-03,6.139514036476612091e-03,-3.024203516542911530e-02,1.782702654600143433e-02,1.257818471640348434e-02,-1.800380088388919830e-02,3.040521219372749329e-02,2.148489933460950851e-03,7.567307911813259125e-03,-3.157464414834976196e-02,-6.714031100273132324e-03,2.098177187144756317e-02,4.919090308248996735e-03,7.288548164069652557e-03,2.756322175264358521e-02,-2.144410461187362671e-02,-1.212944928556680679e-02,-1.478106714785099030e-02,-2.627140842378139496e-02,-4.269783943891525269e-02,-3.377752378582954407e-02,-1.035490538924932480e-02,1.724231243133544922e-02,2.152569405734539032e-02,4.239188041538000107e-03,-1.741908676922321320e-02,-1.954717794433236122e-03,-6.595048122107982635e-03,4.517947789281606674e-03,-1.011014077812433243e-02,-2.182484976947307587e-02,-7.410930469632148743e-03,9.668204933404922485e-03,2.488440833985805511e-02,5.080226808786392212e-02,3.421266376972198486e-02,1.546096894890069962e-02,-4.742315504699945450e-03,1.771824248135089874e-02,-7.451724726706743240e-03,3.396109910681843758e-03,2.110882924171164632e-04,-4.042016807943582535e-03,-3.761217370629310608e-02,3.084034845232963562e-02,3.331519290804862976e-02,7.091376464813947678e-03,2.087298780679702759e-02,2.022708067670464516e-03,4.303778987377882004e-03,1.045689079910516739e-02,5.891349632292985916e-03,9.008700028061866760e-03,-1.181669440120458603e-02,-2.817513421177864075e-02,-2.279031090438365936e-02,2.918478799983859062e-03,8.104430511593818665e-03,-1.110959704965353012e-02,-2.518356591463088989e-02,-1.029371470212936401e-02,1.766385138034820557e-02,2.675413852557539940e-03,-1.551536098122596741e-02,1.280255243182182312e-02,2.614902704954147339e-02,-2.424530126154422760e-02,4.103887826204299927e-02,-1.403317507356405258e-02,2.421810477972030640e-02,2.172286389395594597e-03,1.867010630667209625e-02,-4.228989593684673309e-03,-4.018220119178295135e-03,4.546843701973557472e-04,-1.132036652415990829e-02,1.537938043475151062e-02,-3.127548471093177795e-02,-2.019308507442474365e-02,-2.720967307686805725e-02,2.061462402343750000e-02,-1.150393951684236526e-02,-1.312210597097873688e-02,9.722596965730190277e-03,-6.540656089782714844e-03,-1.219064090400934219e-02,5.153656005859375000e-03,-1.280935108661651611e-02,-2.780798636376857758e-02,1.152433641254901886e-02,-1.289773825556039810e-02,-1.702474243938922882e-02,2.134891971945762634e-02,2.136591589078307152e-03,-1.512101758271455765e-02,9.369048289954662323e-03,-7.798474747687578201e-03,3.924393653869628906e-02,-5.058470182120800018e-03,1.997551694512367249e-02,2.032906562089920044e-02,9.831381030380725861e-03,-2.204241976141929626e-02,-2.258814674860332161e-05,5.374624393880367279e-03,2.645243366714566946e-04,-5.802962463349103928e-03,3.315201401710510254e-02,-4.487352445721626282e-03,2.143050730228424072e-02,1.786782220005989075e-02,-1.376801286824047565e-03,-3.542288672178983688e-03,-2.748163416981697083e-02,1.459069456905126572e-02,1.576012559235095978e-02,-7.213758770376443863e-03,2.272572135552763939e-03,-3.637474961578845978e-03,6.248298101127147675e-03,-1.600319053977727890e-03,-2.011149749159812927e-02,2.254554629325866699e-02,-1.419635117053985596e-02,-2.907260507345199585e-02,-1.265297364443540573e-02,2.132172323763370514e-02,-2.167527191340923309e-02,2.178405597805976868e-02,-7.179763633757829666e-03,-1.148354262113571167e-02,6.595048122107982635e-03,-3.606879385188221931e-03,-5.949141457676887512e-03,1.290963729843497276e-03,-2.370137907564640045e-02,7.968449965119361877e-03,-2.541473135352134705e-02,-6.428472232073545456e-03,4.963283892720937729e-03,2.022028155624866486e-02,-1.585531234741210938e-02,-1.858851686120033264e-02,-1.259178295731544495e-02,2.356539852917194366e-02,-3.758497536182403564e-02,-1.936360634863376617e-02,-7.631898624822497368e-04,1.741908676922321320e-02,6.680035963654518127e-03,-2.337502688169479370e-02,1.539297867566347122e-02,-1.827576197683811188e-02,-2.151209488511085510e-02,-1.717602135613560677e-03,4.912291187793016434e-03,9.382645599544048309e-03,2.751902909949421883e-03,7.390533573925495148e-03,-1.996191963553428650e-02,-1.106880232691764832e-02,3.549087792634963989e-03,9.471032768487930298e-03,6.091920658946037292e-03,-2.684252522885799408e-02,-2.893662452697753906e-02,-5.048271268606185913e-03,-1.809898763895034790e-02,1.220423914492130280e-02,5.558197852224111557e-03,-8.118028752505779266e-03,-1.445471402257680893e-02,3.562685847282409668e-02,-3.701385855674743652e-02,2.767200581729412079e-02,-3.285285830497741699e-02,-1.760945841670036316e-02,-3.243132028728723526e-03,3.071456681936979294e-03,1.722871325910091400e-02,-6.629043258726596832e-03,2.476202696561813354e-02,-3.821048513054847717e-02,-2.153929136693477631e-02,8.668748778291046619e-04,-1.074924878776073456e-02,3.002446703612804413e-02,1.383600290864706039e-02,-1.760945841670036316e-02,-5.813160911202430725e-03,-3.494695760309696198e-03,1.571933180093765259e-02,-2.103616483509540558e-02,-3.078595735132694244e-02,3.780254349112510681e-02,-5.796163342893123627e-03,4.779709968715906143e-03,1.773184165358543396e-02,-3.902636840939521790e-02,4.500950220972299576e-03,1.841174252331256866e-02,-3.481097519397735596e-03,-5.337229929864406586e-03,-4.044056311249732971e-02,-2.178405597805976868e-02,1.811258681118488312e-02,-1.189828291535377502e-02,-3.704105317592620850e-02,-1.654881238937377930e-02,-4.602085973601788282e-04,-1.386319939047098160e-02,-9.219469502568244934e-03,-3.912835381925106049e-03,-4.065813031047582626e-03,-7.091376464813947678e-03,-7.893661037087440491e-03,1.219743955880403519e-02,1.350455102510750294e-03,1.815338060259819031e-02,4.242587834596633911e-03,-9.171876125037670135e-03,7.519714534282684326e-03,-1.892846822738647461e-02,-2.880064398050308228e-02,-6.173508986830711365e-02,-2.100896788761019707e-03,1.862931065261363983e-02,2.518356591463088989e-02,-2.531954646110534668e-02,6.720830220729112625e-03,3.397809574380517006e-03,-6.086481735110282898e-02,-5.072067957371473312e-03,1.067445985972881317e-02,-4.551942925900220871e-03,-5.102663766592741013e-03,4.500950220972299576e-03,2.130812406539916992e-02,1.573292911052703857e-02,7.104974705725908279e-03,1.503942906856536865e-02,-3.608919307589530945e-02,-4.955124855041503906e-02,7.342940196394920349e-03,-2.363338880240917206e-02,8.355993777513504028e-03,-9.260263293981552124e-03,-3.829207271337509155e-02,-1.998911611735820770e-02,2.852188423275947571e-03,5.717974621802568436e-03,6.659639067947864532e-03,1.807179115712642670e-02,1.071525365114212036e-02,1.361503498628735542e-03,-1.239461079239845276e-02,1.440032199025154114e-02,4.888494499027729034e-03,-2.425550017505884171e-03,-5.904947873204946518e-03,-3.035081923007965088e-02,1.340086571872234344e-02,-7.982048206031322479e-03,1.652161590754985809e-02,-4.384007304906845093e-02,2.323904633522033691e-02,1.068125851452350616e-02,2.143050730228424072e-02,-5.476609803736209869e-03,1.027331780642271042e-02,-4.198394250124692917e-03,8.252309053204953671e-04,-5.456212442368268967e-03,3.372313454747200012e-02,2.391894720494747162e-02,-2.249115332961082458e-02,1.294533163309097290e-02,-1.166031695902347565e-02,-8.423984050750732422e-03,5.593255264102481306e-05,4.660727456212043762e-03,-2.196083031594753265e-02,-2.503398619592189789e-02,1.100591151043772697e-03,-7.614900823682546616e-03,-1.196627318859100342e-02,-3.247211501002311707e-02,-9.607013314962387085e-03,-2.803915366530418396e-02,2.023388072848320007e-02,-5.058470182120800018e-03,-1.510741934180259705e-02,-1.664399728178977966e-02,1.756866462528705597e-02,3.973346576094627380e-02,-2.576828189194202423e-02,-1.891487091779708862e-02,-9.199072606861591339e-03,-4.966683220118284225e-03,-2.651617396622896194e-03,1.614767010323703289e-03,-4.166438803076744080e-02,-1.641283184289932251e-02,-1.766045112162828445e-03,-1.404677238315343857e-02,-3.617078065872192383e-03,-2.420450747013092041e-02,-5.480009131133556366e-03,1.484905742108821869e-02,-1.062686648219823837e-02,-6.686835084110498428e-03,1.521892398595809937e-01,2.870885655283927917e-03,3.753058379516005516e-03,-2.587026683613657951e-03,1.239121193066239357e-03,9.715797379612922668e-03,1.128637138754129410e-02,1.212944928556680679e-02,-5.205498891882598400e-04,1.589610613882541656e-02,-2.931736968457698822e-02,-4.844300914555788040e-03,-6.074923090636730194e-03,6.996190175414085388e-03,2.091378159821033478e-02,-3.094913437962532043e-02,-1.327168475836515427e-02,5.143457558006048203e-03,-1.750067435204982758e-02,-4.548543598502874374e-03,8.077234029769897461e-03,-3.249930962920188904e-02,1.000815536826848984e-02,-3.206162364222109318e-04,1.070165541023015976e-02,-4.916540347039699554e-04,1.574822701513767242e-03,1.146314572542905807e-02,1.558335125446319580e-02,-8.689145557582378387e-03,8.451180532574653625e-03,-5.418817978352308273e-03,1.823836821131408215e-03,-6.962195038795471191e-03,9.097087197005748749e-03,-6.584849674254655838e-03,1.098041515797376633e-02,-4.341173451393842697e-03,2.714168280363082886e-02,-1.454140176065266132e-03,3.230893611907958984e-02,-1.681907218880951405e-03,-1.884337507362943143e-05,2.247075783088803291e-03,-6.996190175414085388e-03,2.266792766749858856e-02,-1.467228215187788010e-02,-9.892572415992617607e-04,1.858851686120033264e-02,7.859665900468826294e-03,-1.935000717639923096e-02,-1.673408551141619682e-03,2.171606570482254028e-02,1.589610613882541656e-02,1.964013426913879812e-05,-2.707709325477480888e-03,1.431873347610235214e-02,1.784062571823596954e-02,1.711992919445037842e-02,4.381967708468437195e-03,-1.478106714785099030e-02,2.124013379216194153e-02,-3.296164423227310181e-02,2.012509480118751526e-02,-2.039705589413642883e-02,-1.046368945389986038e-02,-3.271687775850296021e-02,-7.234156131744384766e-03,5.497644087881781161e-05,-3.443023189902305603e-02,9.335053153336048126e-03,-5.544599611312150955e-03,-2.493880130350589752e-02,5.109462421387434006e-03,-1.078324392437934875e-02,-8.131626062095165253e-03,5.137338489294052124e-02,2.757002133876085281e-03,-9.654606692492961884e-03,8.138425648212432861e-03,1.175550371408462524e-02,-8.052588091231882572e-04,1.641283184289932251e-02,-9.192273020744323730e-03,-1.226542983204126358e-02,-7.519714534282684326e-03,2.563230134546756744e-02,1.683437079191207886e-02,-3.143866360187530518e-02,3.285285830497741699e-02,1.004895009100437164e-02,9.425139869563281536e-04,-8.770734071731567383e-03,-4.052215255796909332e-03,-8.405286935158073902e-04,-3.492996038403362036e-04,4.232389386743307114e-03,1.374761573970317841e-02,-1.841174252331256866e-02,1.446831226348876953e-02,1.270566601306200027e-03,4.729567444883286953e-04,1.416915468871593475e-02,2.119594020769000053e-03,-9.668204933404922485e-03,-1.788141950964927673e-02,7.220557890832424164e-03,7.084577344357967377e-03,3.402908798307180405e-03,-1.391079276800155640e-02,2.508837915956974030e-02,-2.011149749159812927e-02,-2.644818276166915894e-03,-5.510604940354824066e-03,4.718519002199172974e-02,-3.180240979418158531e-03,-2.126733027398586273e-02,-3.782974183559417725e-02,1.510741934180259705e-02,6.326486822217702866e-03,5.044871941208839417e-03,-6.465866696089506149e-03,1.036170497536659241e-02,1.676638051867485046e-02,-7.145768962800502777e-03,-1.281615067273378372e-02,-3.173781931400299072e-02,8.974704891443252563e-03,2.289909496903419495e-02,-4.150120913982391357e-02,1.285864389501512051e-03,-1.607967889867722988e-03,2.822952531278133392e-02,9.844979271292686462e-03,7.077778689563274384e-03,-3.793852403759956360e-03,1.288414094597101212e-02,-1.263257674872875214e-02,-2.590426243841648102e-02,-1.174870412796735764e-02,7.077778689563274384e-03,-1.132886507548391819e-03,1.136795897036790848e-02,4.888494499027729034e-03,-1.521280501037836075e-03,4.368369700387120247e-04,1.901005581021308899e-02,-2.266792766749858856e-02,-7.975248619914054871e-03,-3.100352548062801361e-02,-4.329615086317062378e-02,-2.430649241432547569e-03,-8.308401331305503845e-03,-1.978514529764652252e-02,-4.912291187793016434e-03,8.796230540610849857e-04,-1.377481222152709961e-02,-2.518356591463088989e-02,-5.762168206274509430e-03,2.825672179460525513e-02,-6.336685270071029663e-02,1.907804608345031738e-02,1.983953639864921570e-02,-2.141690999269485474e-02,-1.148354262113571167e-02,5.388222169131040573e-03,-1.739460974931716919e-01,1.233342010527849197e-02,3.045960329473018646e-02,-4.551942925900220871e-03,1.876529119908809662e-02,-1.887407526373863220e-02,2.381016314029693604e-02,2.517761640774551779e-05,-2.291269367560744286e-03,2.047864533960819244e-02,-4.130403976887464523e-03,-2.394954441115260124e-03,-4.073971882462501526e-02,-3.283926052972674370e-03,-2.277671359479427338e-02,6.074923090636730194e-03,-1.058607269078493118e-02,-2.342262072488665581e-03,2.844709530472755432e-02,7.710087113082408905e-03,1.312890555709600449e-02,-1.781342900358140469e-03,1.476746890693902969e-02,-2.118574269115924835e-02,8.267606608569622040e-03,1.668479293584823608e-02,-1.201386656612157822e-02,9.600214660167694092e-03,-3.477698192000389099e-03,-2.493880130350589752e-02,-1.364903058856725693e-03,1.163312140852212906e-02,3.073156438767910004e-02,-1.247619930654764175e-02,2.247755602002143860e-02,-1.401957683265209198e-02,-2.678813412785530090e-02,7.710087113082408905e-03,-4.347972571849822998e-03,2.144410461187362671e-02,3.861842676997184753e-03,1.856132037937641144e-02,1.951318420469760895e-02,1.395158655941486359e-02,-1.397878304123878479e-02,4.558062180876731873e-02,4.046776145696640015e-02,-1.425074320286512375e-02,2.959272824227809906e-03,-3.368913894519209862e-03,-4.929288756102323532e-03,-2.530594728887081146e-02,-1.316290069371461868e-02,3.299223957583308220e-03,3.162903711199760437e-02,1.630404777824878693e-02,-1.261897850781679153e-02,-1.161952316761016846e-02,-6.472665816545486450e-03,-4.925888963043689728e-03,1.835735142230987549e-02,-8.095082012005150318e-05,4.076691716909408569e-02,-2.124013379216194153e-02,8.818327449262142181e-03,-1.450910605490207672e-02,-5.405219737440347672e-03,3.552487352862954140e-03,-2.983409352600574493e-02,2.206961438059806824e-02,-1.487625297158956528e-02,-1.097361650317907333e-02,1.932281069457530975e-02,-3.203697502613067627e-02,6.302690599113702774e-03,1.309491042047739029e-02,2.690711757168173790e-03,2.665215404704213142e-03,2.220559492707252502e-02,-5.163854919373989105e-03,1.217874232679605484e-03,3.725862130522727966e-02,6.887406110763549805e-03,-1.064896350726485252e-03,-5.911746993660926819e-03,1.425074320286512375e-02,-4.364970140159130096e-03,-1.100081205368041992e-02,-7.859665900468826294e-03,-1.903725205920636654e-03,8.981503546237945557e-03,-7.240954786539077759e-03,-1.242860592901706696e-02,-2.964372187852859497e-02,4.378567915409803391e-03,2.463964372873306274e-02,7.478920742869377136e-03,-5.503805819898843765e-03,-1.066086161881685257e-02,-7.608102168887853622e-03,1.520260609686374664e-02,-1.013053767383098602e-02,-2.575468271970748901e-02,1.743268407881259918e-02,2.909979969263076782e-02,8.457979187369346619e-03,8.743538521230220795e-03,1.512101758271455765e-02,4.209952428936958313e-02,-3.800651524215936661e-03,-2.511557564139366150e-02,6.499861832708120346e-03,2.198802679777145386e-02,2.803915366530418396e-02,6.540656089782714844e-03,3.211856633424758911e-02,4.687073524110019207e-04,1.197987142950296402e-02,3.853683918714523315e-02,-1.045689079910516739e-02,6.412834674119949341e-02,-8.213214576244354248e-03,-9.403043426573276520e-03,-4.514548461884260178e-03,-1.842534169554710388e-02,-1.307451352477073669e-02,-1.125917509198188782e-01,-4.823904018849134445e-03,1.325808651745319366e-02,1.014413591474294662e-02,1.213624887168407440e-02,2.349060960114002228e-03,-2.716208109632134438e-03,2.349740825593471527e-02,5.694178398698568344e-03,1.196627318859100342e-02,8.759048068895936012e-05,-1.928201690316200256e-02,1.177590060979127884e-02,-1.520260609686374664e-02,7.580906152725219727e-03,1.722871325910091400e-02,5.208048503845930099e-03,-2.877344749867916107e-02,-4.261624813079833984e-02,2.623061463236808777e-02,-3.940711170434951782e-02,1.407396886497735977e-02,-9.899371303617954254e-03,-1.540657691657543182e-02,1.501223351806402206e-02,-8.443531696684658527e-04,-2.820233069360256195e-02,2.166167460381984711e-02,7.601303048431873322e-03,-7.424528710544109344e-03,2.650257572531700134e-02,-5.884550977498292923e-03,7.778077386319637299e-03,-1.845253631472587585e-02,-1.544737070798873901e-02,-3.606199473142623901e-02,-2.945335023105144501e-02,4.820504225790500641e-03,3.067717328667640686e-02,-1.316290069371461868e-02,2.381356433033943176e-03,-2.454445697367191315e-03,1.450910605490207672e-02,-2.722327038645744324e-02,1.223143469542264938e-02,-1.760945888236165047e-03,-9.171876125037670135e-03,2.027467451989650726e-02,1.867010630667209625e-02,1.672558672726154327e-02,-3.720423206686973572e-02,-1.081043947488069534e-02,-2.561870217323303223e-02,-1.803099736571311951e-02,4.672285541892051697e-02,-2.909979969263076782e-02,-5.598992109298706055e-03,1.759586110711097717e-02,-2.111775241792201996e-02,-6.163310725241899490e-03,-8.036440238356590271e-03,1.585021265782415867e-03,2.428609505295753479e-02,2.436768263578414917e-02,1.645362563431262970e-02,-9.063092060387134552e-03,-1.329208165407180786e-02,-1.115039084106683731e-02,2.714168280363082886e-02,-1.363203302025794983e-02,2.163447812199592590e-02,-5.853955168277025223e-03,-1.509382203221321106e-02,2.283110469579696655e-02,-3.075876086950302124e-02,1.223143469542264938e-02,-1.792221330106258392e-02,-2.276311442255973816e-02,1.883328147232532501e-02,-2.931736968457698822e-02,-7.988846860826015472e-03,-1.482186093926429749e-02,1.576012559235095978e-02,-1.109599880874156952e-02,4.694042727351188660e-02,-2.570029161870479584e-02,-3.831247100606560707e-03,3.122449386864900589e-03,6.510060280561447144e-03,-1.578732207417488098e-02,2.526515349745750427e-02,2.118574269115924835e-02,7.492518518120050430e-03,-3.364154323935508728e-02,3.113950602710247040e-03,-2.333763288334012032e-03,-1.608647778630256653e-02,-8.186019025743007660e-03,-1.168751344084739685e-02,9.763390757143497467e-03,-1.134756207466125488e-02,-1.525529893115162849e-03,-4.838181659579277039e-02,3.812889754772186279e-02,-2.158008515834808350e-02,6.894205231219530106e-03,9.838180616497993469e-03,-1.574652828276157379e-02,1.396518480032682419e-02,-9.348650462925434113e-03,-1.615616842173039913e-03,1.420994941145181656e-02,-3.070436790585517883e-02,3.619797527790069580e-02,-1.671198755502700806e-02,-1.015093456953763962e-02,5.668681696988642216e-04,-3.511693095788359642e-03,-3.588607069104909897e-04,-1.480826269835233688e-02,1.808539032936096191e-02,-7.179763633757829666e-03,1.623605750501155853e-02,4.596136510372161865e-03,-1.297252811491489410e-02,3.895837813615798950e-03,-9.586616419255733490e-03,2.427249774336814880e-02,6.775222253054380417e-03,1.047728769481182098e-02,-1.427793968468904495e-02,-3.233613446354866028e-02,3.266928484663367271e-03,-1.975794881582260132e-02,-8.872719481587409973e-03,1.561054680496454239e-02,1.845253631472587585e-02,-1.823496818542480469e-02,-5.027874372899532318e-03,2.272232063114643097e-02,2.547932323068380356e-03,2.593145705759525299e-02,-1.911883987486362457e-02,-2.012509480118751526e-02,8.383190259337425232e-03,1.947239041328430176e-02,1.728310622274875641e-02,-1.222463604062795639e-02,4.976032068952918053e-04,3.048679977655410767e-02,1.290453784167766571e-02,-1.958117447793483734e-02,1.740548759698867798e-02,1.865650713443756104e-02,-6.854260573163628578e-04,-7.614900823682546616e-03,8.063636720180511475e-03,-2.090018428862094879e-02,2.138971351087093353e-02,-1.767744868993759155e-02,-1.626325212419033051e-02,-5.278758332133293152e-02,3.494695574045181274e-02,-9.022298268973827362e-03,5.898148752748966217e-03,-3.467499511316418648e-03,8.016043342649936676e-03,-4.776310641318559647e-03,9.505027905106544495e-03,3.940031398087739944e-03,9.355450049042701721e-03,-2.061462402343750000e-02,-6.741227116435766220e-03,-1.794940978288650513e-02,-9.620611555874347687e-03,1.110959704965353012e-02,3.212536452338099480e-03,-3.841445548459887505e-03,-1.733749732375144958e-02,-1.090562622994184494e-02,-2.850148640573024750e-02,1.622415846213698387e-03,1.227222848683595657e-02,-3.408008196856826544e-04,-2.249115332961082458e-02,5.575195536948740482e-04,2.640738897025585175e-02,-1.307451352477073669e-02,1.267337054014205933e-02,-2.156988717615604401e-03,2.564589865505695343e-02,1.679357700049877167e-02,1.507682376541197300e-03,3.761217370629310608e-02,1.384960114955902100e-02,-8.831925690174102783e-03,-1.126597449183464050e-02,4.435297341842669994e-06,8.179219439625740051e-03,1.281615067273378372e-02,1.222463604062795639e-02,1.354364585131406784e-02,-1.838454604148864746e-02,1.728310622274875641e-02,-2.235177438706159592e-03,-3.681668778881430626e-03,-6.799018941819667816e-03,-8.614356629550457001e-03,-1.811258681118488312e-02,-3.315201401710510254e-02,-1.813978143036365509e-02,1.195947360247373581e-02,7.315744180232286453e-03,-1.547456718981266022e-02,3.301603347063064575e-02,1.115718949586153030e-02,2.809694502502679825e-03,1.474027242511510849e-02,-3.691867226734757423e-03,3.504894208163022995e-03,-2.761761471629142761e-02,4.354091733694076538e-02,2.614222699776291847e-03,8.050038479268550873e-03,1.781342900358140469e-03,-1.739189028739929199e-02,3.266248479485511780e-02,2.461244817823171616e-03,-1.905085146427154541e-02,6.530457641929388046e-03,-1.093282178044319153e-02,5.514004267752170563e-03,2.602664381265640259e-02,-1.706553623080253601e-02,-1.411476265639066696e-02,-2.223279140889644623e-02,2.238576998934149742e-03,9.919768199324607849e-03,-1.835735142230987549e-02,5.311393365263938904e-02,2.320165047422051430e-03,4.770191386342048645e-02,1.319009624421596527e-02,-6.343484390527009964e-03,1.276175864040851593e-02,6.183707620948553085e-03,2.045144885778427124e-02,-1.556975301355123520e-02,2.934456430375576019e-02,8.995101787149906158e-03,-3.598040714859962463e-02,1.217024400830268860e-02,6.180308293551206589e-03,1.982593908905982971e-02,1.191188115626573563e-02,-3.081315383315086365e-02,4.997279029339551926e-03,1.603208668529987335e-02,1.590970344841480255e-02,-1.219574012793600559e-03,9.511827491223812103e-03,2.986129000782966614e-02,7.669293321669101715e-03,2.114494796842336655e-03,-4.868097603321075439e-03,-3.016044758260250092e-02,-1.244220416992902756e-02,2.236877195537090302e-02,-6.598447915166616440e-03,5.666981916874647141e-03,-1.793581061065196991e-02,7.410930469632148743e-03,-1.961516914889216423e-03,-1.495784148573875427e-02,-3.032362461090087891e-02,8.369592018425464630e-03,-2.999727055430412292e-02,-2.390534989535808563e-02,-1.098041515797376633e-02,-1.338726840913295746e-02,8.668748661875724792e-03,-6.989391520619392395e-03,2.638019248843193054e-02,-1.301332190632820129e-02,-1.726950705051422119e-02,1.487625297158956528e-02,-2.695131115615367889e-02,-2.799496054649353027e-03,1.161952316761016846e-02,-3.279846534132957458e-02
1.425067894160747528e-03,-6.992310518398880959e-04,-3.634338825941085815e-02,-7.003950886428356171e-03,-7.369779050350189209e-03,2.889379113912582397e-02,-1.569736376404762268e-02,-1.296362746506929398e-02,1.483267825096845627e-02,8.879652246832847595e-03,-1.216379343532025814e-03,1.113282283768057823e-03,3.006444079801440239e-03,-3.997506573796272278e-03,-1.535148918628692627e-02,-2.844149433076381683e-02,9.365206584334373474e-03,-1.769279129803180695e-03,8.892955258488655090e-03,-1.154022291302680969e-02,-2.471669577062129974e-02,-7.549367379397153854e-03,-1.771939732134342194e-02,3.585118101909756660e-03,1.483267825096845627e-02,-7.422990631312131882e-03,1.024984661489725113e-02,-1.059572026133537292e-02,4.965289030224084854e-03,-1.040282938629388809e-02,1.247142208740115166e-03,1.189274806529283524e-02,-4.355353116989135742e-02,-7.143630646169185638e-03,-2.953232824802398682e-02,7.921847514808177948e-03,-8.826441131532192230e-03,1.013677194714546204e-02,1.982124708592891693e-02,-1.057576620951294899e-03,3.336354717612266541e-02,-1.838453859090805054e-02,9.857412427663803101e-03,1.694783195853233337e-02,-1.467304397374391556e-02,-3.827895270660519600e-03,-3.001123107969760895e-02,-2.176346257328987122e-02,-1.222531963139772415e-02,1.252463366836309433e-02,1.476616365835070610e-03,-9.564749896526336670e-03,1.116608036682009697e-03,1.003034878522157669e-02,-1.898316666483879089e-02,-1.291041634976863861e-02,5.181460175663232803e-03,-1.203907933086156845e-02,-3.610393777489662170e-02,2.093868702650070190e-02,1.531158108264207840e-02,6.897527724504470825e-03,-7.828727364540100098e-03,-1.799210556782782078e-03,-1.403450686484575272e-02,7.343173492699861526e-03,-1.698773913085460663e-02,3.518603974953293800e-03,-1.528497505933046341e-02,-2.635294757783412933e-02,3.245895355939865112e-02,4.203700646758079529e-02,-1.095489691942930222e-02,-1.027645193971693516e-03,-7.762213237583637238e-03,-2.469008974730968475e-02,-1.963500678539276123e-02,-1.162669155746698380e-02,-2.305383980274200439e-02,-5.553939845412969589e-03,3.415506798774003983e-03,-1.555103249847888947e-02,-2.612679824233055115e-02,-2.804240956902503967e-02,2.151070907711982727e-02,-1.384826749563217163e-02,2.785616926848888397e-02,2.171025238931179047e-02,1.371523831039667130e-02,-1.810517907142639160e-02,2.571441046893596649e-02,4.235627502202987671e-02,1.922261901199817657e-02,7.768864743411540985e-03,-1.285055372864007950e-02,5.724382936023175716e-04,-1.608314551413059235e-02,2.963875047862529755e-02,-3.445438342168927193e-03,-3.267180174589157104e-02,-2.681854553520679474e-02,-2.338641136884689331e-02,-1.638744841329753399e-03,9.744337876327335835e-04,-2.104510925710201263e-02,-2.131116576492786407e-02,8.992726914584636688e-03,-1.194596011191606522e-02,2.599376998841762543e-02,-2.282769046723842621e-02,-8.926212787628173828e-03,4.038745537400245667e-02,6.268968340009450912e-03,-3.171399608254432678e-02,-6.149242632091045380e-03,-2.073914371430873871e-02,2.115153148770332336e-02,-1.187944505363702774e-02,-2.144419401884078979e-02,1.617127796635031700e-03,-1.169320568442344666e-02,6.831013597548007965e-03,-1.511536422185599804e-03,-2.695157565176486969e-02,-1.116774324327707291e-02,1.387487258762121201e-02,-3.518603974953293800e-03,-1.295032445341348648e-02,-9.704429656267166138e-03,-8.420703932642936707e-03,6.362088024616241455e-03,2.710455795750021935e-03,2.579422667622566223e-02,2.008730359375476837e-02,-3.252547001466155052e-03,1.013012044131755829e-02,-1.775930449366569519e-02,5.741011118516325951e-04,-1.104968017898499966e-03,-2.346622757613658905e-02,2.474330179393291473e-02,-3.551861038431525230e-03,-3.182706888765096664e-03,-1.862399047240614891e-03,8.414052426815032959e-03,1.121430285274982452e-02,-3.472043899819254875e-03,3.136812150478363037e-02,5.856580100953578949e-03,9.358555078506469727e-03,-4.389940761029720306e-03,-1.070879492908716202e-02,1.891665346920490265e-02,3.904386656358838081e-03,-8.655167184770107269e-04,-5.846602842211723328e-03,-7.496156264096498489e-03,8.826441131532192230e-03,-2.737726643681526184e-02,-4.735814873129129410e-03,-3.668260993435978889e-03,4.649346228688955307e-03,2.310705184936523438e-02,6.831013597548007965e-03,6.655582110397517681e-04,3.597090765833854675e-02,1.237830240279436111e-02,1.750987721607089043e-03,-6.222408264875411987e-03,-2.655581571161746979e-03,1.813178509473800659e-02,-2.376221586018800735e-03,-4.507005587220191956e-02,2.631303854286670685e-02,-5.916442722082138062e-03,1.645562611520290375e-02,-1.336936466395854950e-02,-6.275619845837354660e-03,-1.802536286413669586e-02,1.599002629518508911e-02,-2.715111710131168365e-02,1.687799114733934402e-03,2.910663746297359467e-02,4.054708778858184814e-02,-8.932864293456077576e-03,-1.403450686484575272e-02,8.205156336771324277e-05,1.282394770532846451e-02,1.338266767561435699e-02,-2.849470637738704681e-02,1.974143087863922119e-02,7.097070571035146713e-03,-2.216254919767379761e-02,-3.022407554090023041e-02,-6.342799067497253418e-01,-1.968821883201599121e-02,-2.220245823264122009e-02,-2.552817016839981079e-02,1.939555630087852478e-02,8.088133297860622406e-03,1.736021973192691803e-02,2.109832130372524261e-02,-1.630929484963417053e-02,-2.118478994816541672e-03,-3.644980955868959427e-03,2.735066041350364685e-02,-5.786739755421876907e-03,-2.636624872684478760e-02,-2.765330020338296890e-03,-1.173976529389619827e-02,-2.631303854286670685e-02,-1.029640622437000275e-02,-2.288090297952294350e-03,-1.177302282303571701e-02,-1.924922503530979156e-02,7.775516249239444733e-03,7.150282151997089386e-03,-1.666847243905067444e-02,-1.064228054019622505e-04,-3.605072386562824249e-03,4.203700646758079529e-02,6.744544953107833862e-03,-2.297402173280715942e-02,1.325628999620676041e-02,-3.285804018378257751e-02,3.187362849712371826e-02,-3.171066986396908760e-03,2.425109595060348511e-02,5.249304696917533875e-02,-7.336521986871957779e-03,-1.936895027756690979e-02,2.598046697676181793e-02,1.650883816182613373e-02,5.148202925920486450e-02,-1.019663456827402115e-02,-3.410850837826728821e-02,1.532488409429788589e-02,-1.779921352863311768e-02,1.265101041644811630e-02,3.595095360651612282e-03,1.700104214251041412e-02,4.782374948263168335e-03,1.704095117747783661e-02,7.256704848259687424e-03,-5.417585838586091995e-03,-1.616296358406543732e-02,-1.757306605577468872e-02,3.320391476154327393e-02,1.744336215779185295e-03,2.085886895656585693e-02,2.526211366057395935e-02,-2.061941847205162048e-02,3.029724117368459702e-03,-8.527127094566822052e-03,2.969196252524852753e-02,2.814883179962635040e-02,-2.080565877258777618e-02,-5.085014738142490387e-03,1.322303339838981628e-02,-2.160382829606533051e-02,1.171482261270284653e-03,-7.295781979337334633e-04,2.336313016712665558e-03,-1.952858455479145050e-02,4.326751921325922012e-03,9.591354988515377045e-03,2.092538401484489441e-02,8.054875768721103668e-03,5.587197374552488327e-03,6.059448234736919403e-03,1.716067641973495483e-02,-2.522220462560653687e-02,1.086842920631170273e-02,-4.240283742547035217e-03,-2.055290387943387032e-03,-1.270422246307134628e-02,-8.892955258488655090e-03,-3.051673807203769684e-02,-1.084847468882799149e-02,-1.730700768530368805e-02,-1.630929484963417053e-02,-1.114113721996545792e-02,-9.711081162095069885e-03,1.882353331893682480e-03,-1.585533493198454380e-03,4.439826123416423798e-03,8.108086884021759033e-03,-1.499231252819299698e-02,-2.906672889366745949e-03,-8.680109865963459015e-03,-1.886344142258167267e-02,3.192684054374694824e-02,3.549200668931007385e-02,-8.101436309516429901e-03,-2.936604199931025505e-03,-2.273457124829292297e-02,2.026024088263511658e-02,8.307630196213722229e-03,6.475162226706743240e-03,5.194763187319040298e-03,-1.131573691964149475e-03,1.415090751834213734e-03,3.208647668361663818e-02,-3.205987066030502319e-02,-1.521846093237400055e-02,-6.262316834181547165e-03,1.089503429830074310e-02,8.779881522059440613e-03,4.985243082046508789e-03,-2.293411456048488617e-02,-3.520578684401698411e-05,1.252463366836309433e-02,2.500935830175876617e-02,-3.038370981812477112e-02,2.394512994214892387e-03,-6.441905163228511810e-03,1.870713313110172749e-03,-2.220245823264122009e-02,2.806901372969150543e-02,1.133402809500694275e-02,-1.629599183797836304e-02,-2.606028318405151367e-02,1.032966375350952148e-02,-1.722719147801399231e-02,5.254625808447599411e-03,8.962795254774391651e-04,1.801205985248088837e-02,2.412804402410984039e-03,2.371898293495178223e-02,2.712118672206997871e-03,2.141758985817432404e-02,-1.370817190036177635e-04,4.033424332737922668e-02,-1.016337797045707703e-02,1.371523831039667130e-02,1.244481652975082397e-02,1.775930449366569519e-02,-1.532488409429788589e-02,-6.072751246392726898e-03,-4.469757899641990662e-02,-5.783414002507925034e-03,-1.375514734536409378e-02,-3.823239356279373169e-02,1.782581955194473267e-02,1.048929709941148758e-02,-6.950739305466413498e-03,-2.499605529010295868e-02,2.993141300976276398e-03,-2.748368866741657257e-02,-1.640241406857967377e-02,1.742673479020595551e-02,1.048929709941148758e-02,-3.897735150530934334e-03,-1.142714824527502060e-02,1.636250643059611320e-03,1.957181841135025024e-03,-1.162004005163908005e-02,-2.668884349986910820e-03,1.089503429830074310e-02,-9.744337759912014008e-03,1.919601298868656158e-02,-2.939929999411106110e-02,-1.307670213282108307e-02,-2.868094481527805328e-02,2.679194137454032898e-02,2.449054829776287079e-02,-1.955519057810306549e-02,-5.815839977003633976e-04,1.835793443024158478e-02,1.061567477881908417e-02,-2.171025238931179047e-02,-1.331615354865789413e-02,8.796509937383234501e-04,2.878736890852451324e-02,9.997923189075663686e-05,2.825525403022766113e-02,-2.069923467934131622e-02,-1.889004744589328766e-02,-2.367907436564564705e-03,-2.168364636600017548e-02,1.928913290612399578e-03,2.092538401484489441e-02,9.651217609643936157e-03,9.784246794879436493e-03,8.141344413161277771e-03,1.738682575523853302e-02,2.592725493013858795e-02,7.097070571035146713e-03,1.408771891146898270e-02,1.025649812072515488e-02,2.264810260385274887e-03,-3.924340941011905670e-03,2.361255930736660957e-03,2.873415686190128326e-02,1.386157050728797913e-02,-8.806486614048480988e-03,4.592144116759300232e-02,-3.118188120424747467e-02,3.913698717951774597e-02,-3.099564090371131897e-02,3.157764207571744919e-03,-1.414093002676963806e-02,7.416339125484228134e-03,-9.664520621299743652e-03,-1.972812786698341370e-02,-4.690584912896156311e-02,-2.472999878227710724e-02,1.744003780186176300e-02,1.869050413370132446e-02,3.525255247950553894e-02,-4.655997734516859055e-03,3.096903488039970398e-02,6.431928370147943497e-03,7.782167289406061172e-03,8.300978690385818481e-03,-1.271752454340457916e-02,4.386615008115768433e-03,5.520682781934738159e-03,-2.152401208877563477e-02,6.701311096549034119e-03,1.704095117747783661e-02,9.637915529310703278e-03,-1.174641679972410202e-02,-3.227604087442159653e-03,-3.801289480179548264e-03,-5.896488670259714127e-03,-5.560591351240873337e-03,3.062316216528415680e-02,-7.050510495901107788e-03,1.772604766301810741e-03,2.398503944277763367e-02,-1.777260750532150269e-02,4.165455175098031759e-04,-7.748910225927829742e-03,2.189649268984794617e-02,4.083975031971931458e-02,-8.786533027887344360e-03,5.347745958715677261e-03,-1.724381931126117706e-03,1.035626884549856186e-02,1.420744415372610092e-02,-2.436084439978003502e-03,3.678238252177834511e-03,2.645936980843544006e-02,1.384826749563217163e-02,9.651217609643936157e-03,-1.673498563468456268e-02,-3.384245187044143677e-02,1.589690707623958588e-02,-2.586074173450469971e-02,8.314281702041625977e-03,1.357555855065584183e-02,9.790898300707340240e-03,3.594430163502693176e-02,4.795677494257688522e-03,-2.055290341377258301e-02,1.456662081182003021e-02,1.705425418913364410e-02,4.504344984889030457e-02,2.730410080403089523e-03,-2.502266131341457367e-02,-1.766618527472019196e-02,-2.065932750701904297e-02,-1.197921670973300934e-02,5.433383048512041569e-04,1.072542276233434677e-03,2.088547497987747192e-02,6.594887934625148773e-03,-1.304344460368156433e-02,2.743047662079334259e-02,9.244441753253340721e-05,2.417127974331378937e-02,1.548451744019985199e-02,-1.424735318869352341e-02,-2.645936980843544006e-02,-1.605654135346412659e-02,1.938225328922271729e-02,-1.011681742966175079e-02,1.726044807583093643e-03,-6.837665103375911713e-03,-3.650302067399024963e-02,6.957390811294317245e-03,-1.966161280870437622e-02,5.560591351240873337e-03,9.371858090162277222e-03,4.445812478661537170e-02,1.302349008619785309e-02,-2.359925583004951477e-02,-1.952858455479145050e-02,-1.080191414803266525e-02,3.841863200068473816e-02,-1.460652984678745270e-02,4.283517599105834961e-03,-8.501352858729660511e-04,-5.710872210329398513e-05,-1.693452894687652588e-02,-5.254625808447599411e-03,2.274787519127130508e-03,6.981335580348968506e-02,8.866350166499614716e-03,1.565745472908020020e-02,5.750156939029693604e-03,8.520475588738918304e-03,-1.504552364349365234e-02,-3.889753296971321106e-02,-1.136063411831855774e-02,-1.273747906088829041e-02,-1.935564726591110229e-02,5.051757209002971649e-03,-1.762627623975276947e-02,-2.033673226833343506e-03,-9.185617789626121521e-03,8.939515799283981323e-03,9.864063933491706848e-03,-2.971524139866232872e-03,-6.172522436827421188e-03,-3.134484170004725456e-03,-8.234464563429355621e-03,1.036025956273078918e-01,1.527167204767465591e-02,2.976512769237160683e-03,3.392226994037628174e-02,-3.176055615767836571e-03,-3.491998184472322464e-03,5.173042154638096690e-05,-3.495323937386274338e-03,1.291706785559654236e-02,-7.570153102278709412e-04,-1.054250914603471756e-02,4.509666468948125839e-03,2.324008010327816010e-02,-1.749324845150113106e-03,1.326959300786256790e-02,1.187279354780912399e-02,-1.002369821071624756e-02,-2.766992896795272827e-02,4.725837614387273788e-03,-4.209021851420402527e-02,-8.101436309516429901e-03,-1.475784927606582642e-03,1.694783195853233337e-02,1.071710838004946709e-03,-1.420744415372610092e-02,-1.982124708592891693e-02,3.247558372095227242e-03,3.126169741153717041e-02,6.754522211849689484e-03,4.838911816477775574e-03,-1.104136556386947632e-02,3.621035814285278320e-02,1.259114779531955719e-02,1.960840076208114624e-02,-3.904386656358838081e-03,6.697985343635082245e-03,1.017668098211288452e-02,1.747994497418403625e-02,1.298358198255300522e-02,-1.095489691942930222e-02,1.283725071698427200e-02,6.358762271702289581e-03,1.793224178254604340e-02,-1.736021973192691803e-02,-6.214925670064985752e-04,7.250053342431783676e-03,-1.773270033299922943e-02,1.142714824527502060e-02,-3.929661959409713745e-02,-1.934234425425529480e-02,4.195718839764595032e-02,-2.530202083289623260e-02,-3.966910019516944885e-02,-4.000832326710224152e-03,1.674828864634037018e-02,-7.868636399507522583e-03,-1.577634975546970963e-04,-1.484598126262426376e-02,-1.340262219309806824e-02,2.570110745728015900e-02,-6.781127769500017166e-03,-2.716691524256020784e-04,-5.364374257624149323e-03,4.167118109762668610e-03,-3.493328392505645752e-02,3.452089615166187286e-03,-9.897320531308650970e-03,1.740012876689434052e-02,-1.064893137663602829e-02,-1.474745658924803138e-04,-1.960507594048976898e-03,9.032635018229484558e-03,-2.341301739215850830e-02,5.294534377753734589e-03,2.494284510612487793e-02,7.662442047148942947e-03,1.637580804526805878e-02,1.862399047240614891e-03,6.535025313496589661e-03,1.233174186199903488e-02,6.182499695569276810e-03,-6.392019800841808319e-03,8.746623992919921875e-03,-1.912949979305267334e-02,-1.306339912116527557e-02,2.820204198360443115e-02,-2.000748738646507263e-02,-1.525836903601884842e-02,-3.809936344623565674e-02,-5.836625583469867706e-03,4.433175083249807358e-03,-1.859073294326663017e-03,2.236209064722061157e-02,1.942216232419013977e-02,2.341301646083593369e-03,2.397173643112182617e-02,1.750655099749565125e-02,1.038287486881017685e-02,-1.331615354865789413e-02,-2.036666311323642731e-02,-7.130327634513378143e-03,-1.395468972623348236e-02,2.135107526555657387e-03,2.183330245316028595e-03,2.403825148940086365e-02,-2.522553084418177605e-03,-2.382873091846704483e-03,1.580378599464893341e-02,-1.208065077662467957e-03,2.382540516555309296e-02,2.011390961706638336e-02,-3.365620970726013184e-02,-4.539597779512405396e-03,-2.729744836688041687e-02,4.187072161585092545e-03,1.742673479020595551e-02,-2.156392112374305725e-02,2.724423818290233612e-02,1.424735318869352341e-02,-2.051299624145030975e-02,-4.576180595904588699e-03,-3.480025753378868103e-02,4.879485443234443665e-02,1.295032445341348648e-02,-3.362960740923881531e-02,1.403450686484575272e-02,1.093494333326816559e-02,-3.291125223040580750e-02,1.988776214420795441e-02,1.716067641973495483e-02,-1.940885931253433228e-02,2.459697052836418152e-02,3.329038387164473534e-03,1.300353650003671646e-02,-2.346622757613658905e-02,-9.256134035240393132e-06,3.570983826648443937e-04,1.705425418913364410e-02,3.167741233482956886e-03,2.075244672596454620e-02,-3.126169741153717041e-02,-2.455706149339675903e-02,-1.964830979704856873e-02,-2.480981685221195221e-02,-3.674247115850448608e-02,-3.506631404161453247e-02,-8.374144323170185089e-03,1.593681424856185913e-02,1.057576574385166168e-02,8.547081612050533295e-03,-2.233548648655414581e-02,-3.618375398218631744e-03,-8.826441131532192230e-03,1.178632583469152451e-02,1.278736512176692486e-03,-1.162336557172238827e-03,-1.557763759046792984e-02,1.122095435857772827e-02,2.479651384055614471e-02,4.842237383127212524e-02,3.416172042489051819e-02,5.420911591500043869e-03,-8.134692907333374023e-03,1.120099984109401703e-02,4.379963502287864685e-03,6.122637074440717697e-03,-3.322386881336569786e-03,-5.982956849038600922e-03,-2.366577088832855225e-02,2.798919752240180969e-02,2.790937945246696472e-02,2.027354389429092407e-02,2.476990781724452972e-02,7.569321896880865097e-03,-1.209894288331270218e-02,3.174060210585594177e-02,1.185283996164798737e-02,4.822283051908016205e-03,-2.419788576662540436e-02,-4.339389875531196594e-02,-2.676533535122871399e-02,-1.088173128664493561e-02,6.252339575439691544e-03,1.395967905409634113e-03,-1.737352274358272552e-02,-1.000374369323253632e-02,1.293037086725234985e-02,1.714737340807914734e-02,-1.123425737023353577e-02,1.525836903601884842e-02,3.660944476723670959e-02,-2.969196252524852753e-02,4.057369381189346313e-02,-1.340927276760339737e-02,6.043443499947898090e-05,-1.001039519906044006e-02,2.455706149339675903e-02,1.642902032472193241e-03,4.331740783527493477e-04,1.512534078210592270e-02,2.923301421105861664e-03,4.118562489748001099e-02,-3.605072572827339172e-02,-6.634796503931283951e-03,-3.107545897364616394e-02,2.700478583574295044e-02,-1.577717997133731842e-02,-1.212554797530174255e-02,6.106008309870958328e-03,-9.006029926240444183e-03,-1.718728244304656982e-02,1.271752454340457916e-02,-2.691166661679744720e-02,-4.118562489748001099e-02,3.132821293547749519e-03,-3.691541031002998352e-03,-2.442403323948383331e-02,2.511578239500522614e-02,-1.379505544900894165e-02,-1.963833346962928772e-03,3.194347023963928223e-03,-9.810851886868476868e-03,3.477365151047706604e-02,-1.124756038188934326e-02,2.486302703619003296e-02,2.248181775212287903e-02,1.387487258762121201e-02,-1.411432400345802307e-02,8.407401852309703827e-03,1.447350159287452698e-02,-9.897320531308650970e-03,-2.124465256929397583e-02,2.121804654598236084e-02,-2.787362900562584400e-04,8.181253448128700256e-03,1.761297322809696198e-02,-2.347953058779239655e-02,2.339638769626617432e-03,-5.371690914034843445e-02,1.011016592383384705e-02,-6.611516699194908142e-03,-1.083517167717218399e-02,-2.261484507471323013e-03,9.225526824593544006e-03,1.919601298868656158e-02,-1.170235118479467928e-04,9.185617789626121521e-03,1.459322683513164520e-02,-1.663687755353748798e-03,-2.677863836288452148e-02,-2.093868702650070190e-02,1.974143087863922119e-02,-1.241821050643920898e-02,2.097859419882297516e-02,-2.398670185357332230e-04,-2.112492732703685760e-02,-1.130742300301790237e-02,-7.163585163652896881e-03,-1.753315702080726624e-02,-2.818541368469595909e-03,-6.007068441249430180e-04,8.839744143187999725e-03,-2.403825148940086365e-02,6.737893912941217422e-03,7.316567935049533844e-03,1.628268882632255554e-02,-5.746831186115741730e-03,-2.434421703219413757e-02,-8.813138119876384735e-03,2.377219311892986298e-02,-1.275078207254409790e-02,-8.354189805686473846e-03,1.334275864064693451e-02,1.593681424856185913e-02,1.987445913255214691e-02,-2.822864800691604614e-02,8.693412877619266510e-03,-2.987820282578468323e-02,-2.716442011296749115e-02,9.145709685981273651e-03,1.831802539527416229e-02,4.414883442223072052e-04,5.344420205801725388e-03,-1.446019858121871948e-02,-2.669882029294967651e-02,-1.583039201796054840e-02,5.691125406883656979e-04,1.205903384834527969e-02,2.076574973762035370e-02,-2.841488830745220184e-02,-3.083600662648677826e-02,1.790563575923442841e-02,-1.939555630087852478e-02,2.627312950789928436e-02,2.853461308404803276e-03,-1.075535453855991364e-02,-1.533153466880321503e-03,2.769653499126434326e-02,-3.176720812916755676e-02,6.175848189741373062e-03,-3.490667790174484253e-02,-1.740012876689434052e-02,-8.686761371791362762e-03,8.427355438470840454e-03,5.477448459714651108e-03,1.410102122463285923e-03,1.255123969167470932e-02,-3.027728758752346039e-02,-3.267180174589157104e-02,1.416753511875867844e-03,-1.497900951653718948e-02,3.152775391936302185e-02,1.119434833526611328e-02,-1.830472238361835480e-02,-2.032675594091415405e-02,-5.228020250797271729e-03,8.646852336823940277e-03,-2.804240956902503967e-02,-2.357265166938304901e-02,3.998836874961853027e-02,-1.010351441800594330e-02,-3.433798265177756548e-04,1.935564726591110229e-02,-2.825525403022766113e-02,4.200375173240900040e-03,1.883683539927005768e-02,1.752650598064064980e-03,-7.067139376886188984e-04,-3.245895355939865112e-02,-2.865434065461158752e-02,2.485970268025994301e-03,-1.428726129233837128e-02,-3.200665861368179321e-02,-4.552900325506925583e-03,-2.226564567536115646e-03,-6.342133972793817520e-03,-5.224694497883319855e-03,-1.709416275843977928e-03,4.030763637274503708e-03,-3.224278334528207779e-03,2.283101668581366539e-03,2.836167626082897186e-02,-6.771150976419448853e-03,2.323010237887501717e-03,-9.837457910180091858e-03,-5.653711501508951187e-03,-7.928499020636081696e-03,-2.479651384055614471e-02,-1.729370467364788055e-02,-3.956267610192298889e-02,2.171690342947840691e-03,3.416172042489051819e-02,2.077905274927616119e-02,-1.306339912116527557e-02,3.568489570170640945e-03,-4.592808894813060760e-03,-6.635461747646331787e-02,-5.400957074016332626e-03,1.891665346920490265e-02,1.749324845150113106e-03,3.877780865877866745e-03,1.930243521928787231e-02,3.041031584143638611e-02,2.616670727729797363e-02,-1.048264652490615845e-02,1.080856565386056900e-02,-2.554147318005561829e-02,-2.732405439019203186e-02,9.298692457377910614e-03,-1.336271315813064575e-02,-1.115444023162126541e-02,-1.033631432801485062e-02,-3.615714609622955322e-02,-2.176346257328987122e-02,4.436500836163759232e-03,1.179962791502475739e-02,2.628975780680775642e-03,3.237913921475410461e-02,1.196591369807720184e-02,-1.566410646773874760e-03,-1.544460933655500412e-02,2.387861721217632294e-02,-2.477655885741114616e-03,-9.702766546979546547e-04,-1.560424361377954483e-02,-2.812222577631473541e-02,2.716442011296749115e-02,6.870922166854143143e-03,-9.498234838247299194e-03,-4.328747466206550598e-02,1.178632583469152451e-02,1.553772948682308197e-02,1.636250689625740051e-02,-1.918270997703075409e-02,1.030970923602581024e-02,1.329619903117418289e-02,-9.305343963205814362e-03,-4.217003472149372101e-03,3.264519572257995605e-02,5.553939845412969589e-03,-3.514613211154937744e-02,8.680109865963459015e-03,-6.794430781155824661e-03,-1.859738491475582123e-02,-2.003741916269063950e-03,6.837665103375911713e-03,-2.055290341377258301e-02,-2.103180624544620514e-02,-1.749324845150113106e-03,-3.137809922918677330e-03,-9.378509595990180969e-03,-2.825525403022766113e-02,-2.747038612142205238e-03,-2.777635119855403900e-02,1.535148918628692627e-02,-5.490751471370458603e-03,-8.380795828998088837e-03,-2.631303854286670685e-02,1.404780987650156021e-02,4.256911948323249817e-02,-1.565745472908020020e-02,-1.963500678539276123e-02,9.378509595990180969e-03,5.696945823729038239e-03,-1.080191414803266525e-02,-8.806486614048480988e-03,-2.335980534553527832e-02,-1.036957185715436935e-02,6.372065283358097076e-03,-2.610019221901893616e-02,-1.173145137727260590e-03,-2.766992896795272827e-02,-2.120474353432655334e-02,2.100520022213459015e-02,-1.858408190310001373e-02,-9.657869115471839905e-03,1.668709516525268555e-01,3.867803839966654778e-03,-4.170443397015333176e-03,2.567450050264596939e-03,6.471836939454078674e-03,7.881938479840755463e-03,2.343962155282497406e-02,3.232592716813087463e-02,-1.070879492908716202e-02,1.291706785559654236e-02,-2.644606679677963257e-02,-7.043859455734491348e-03,-8.533778600394725800e-03,6.724590901285409927e-03,1.633590087294578552e-02,-4.605446755886077881e-02,-2.430430799722671509e-02,1.416753605008125305e-02,-9.012681432068347931e-03,-6.358762271702289581e-03,-4.642694722861051559e-03,-2.252172492444515228e-02,8.873001672327518463e-03,-8.008316159248352051e-03,1.232509128749370575e-02,-8.387447334825992584e-03,4.147163592278957367e-03,3.589108958840370178e-02,2.035336196422576904e-02,-1.387487258762121201e-02,1.026314869523048401e-02,-1.395468972623348236e-02,2.186988666653633118e-02,-3.282478312030434608e-03,6.362088024616241455e-03,-1.454001571983098984e-02,8.580338209867477417e-03,-4.429849330335855484e-03,2.123134955763816833e-02,-7.130327634513378143e-03,3.442777693271636963e-02,-8.334236219525337219e-03,4.493037704378366470e-03,-1.861068792641162872e-02,7.309916429221630096e-03,7.675744593143463135e-03,-1.513864379376173019e-02,-9.697778150439262390e-03,-3.309084102511405945e-03,1.335273613221943378e-03,-2.286759950220584869e-02,-1.082186866551637650e-02,1.247142255306243896e-02,3.282478312030434608e-03,1.084847468882799149e-02,1.096819993108510971e-02,1.540470123291015625e-02,3.046352788805961609e-02,-2.081896178424358368e-03,-2.444398822262883186e-03,-1.251133065670728683e-02,2.814883179962635040e-02,-3.535897657275199890e-02,1.628268882632255554e-02,-1.934234425425529480e-02,-1.482020743424072862e-04,-3.605072572827339172e-02,2.022033324465155602e-03,-9.602995123714208603e-04,-1.116774324327707291e-02,1.005030330270528793e-02,-6.142591126263141632e-03,-1.314986776560544968e-02,2.439742721617221832e-02,1.378507819026708603e-03,-9.770943783223628998e-03,4.291499406099319458e-02,1.584702054969966412e-03,-9.498234838247299194e-03,1.015672646462917328e-02,1.040948089212179184e-02,9.711081162095069885e-03,1.028975471854209900e-02,7.674081716686487198e-04,2.095198957249522209e-03,-1.649553515017032623e-02,2.129786275327205658e-02,4.908751696348190308e-03,-4.536271840333938599e-02,3.211308270692825317e-02,9.997092187404632568e-03,-8.347538299858570099e-03,-1.037622336298227310e-02,-1.066888589411973953e-02,6.605696398764848709e-04,-1.363542210310697556e-02,4.859697655774652958e-04,2.373228594660758972e-02,-2.913324162364006042e-02,1.320307888090610504e-02,-1.524506695568561554e-02,7.822075858712196350e-03,1.048264652490615845e-02,5.969654303044080734e-03,-3.112866915762424469e-02,-2.044648118317127228e-02,7.825817738194018602e-05,1.094159483909606934e-02,1.029640622437000275e-02,-4.006818681955337524e-02,3.801954537630081177e-02,-2.285429649055004120e-02,2.132613153662532568e-04,1.920599024742841721e-03,3.644980862736701965e-02,2.597381593659520149e-03,-2.782956324517726898e-02,-3.607733175158500671e-02,1.477863552281633019e-04,1.271752454340457916e-02,6.884225178509950638e-03,-2.908335765823721886e-03,-1.988776028156280518e-03,2.179006859660148621e-02,4.027437884360551834e-03,-1.895656227134168148e-03,-2.719102613627910614e-02,1.883683539927005768e-02,1.418083813041448593e-02,-3.006444126367568970e-02,1.504552364349365234e-02,4.406569059938192368e-03,3.605072572827339172e-02,1.013677194714546204e-02,8.074830286204814911e-03,4.769071936607360840e-03,1.254458818584680557e-02,-1.839784160256385803e-02,-1.334941014647483826e-02,-2.220245823264122009e-02,1.011016662232577801e-03,4.290169104933738708e-03,4.918728955090045929e-03,1.073540002107620239e-02,2.071918919682502747e-03,1.011016592383384705e-02,3.075619041919708252e-02,-1.158013101667165756e-02,-1.202577631920576096e-02,-3.352318331599235535e-02,-4.687924310564994812e-02,-8.660155348479747772e-03,-9.750989265739917755e-03,-2.719102613627910614e-02,-3.501975443214178085e-03,-2.584743872284889221e-02,-8.314281585626304150e-04,-1.416753605008125305e-02,1.129079377278685570e-03,2.913324162364006042e-02,-5.033798515796661377e-02,4.158471152186393738e-02,1.805196888744831085e-02,-2.128455974161624908e-02,-1.899646967649459839e-02,5.031803157180547714e-03,-1.682544499635696411e-01,6.844316609203815460e-03,2.214924618601799011e-02,-1.404780987650156021e-02,1.634920388460159302e-02,-1.312326174229383469e-02,3.315070271492004395e-02,-4.093952011317014694e-03,8.320933207869529724e-03,2.099189721047878265e-02,3.591769607737660408e-03,4.991894587874412537e-03,-3.083600662648677826e-02,-3.027728758752346039e-02,-2.963875047862529755e-02,1.806527003645896912e-02,-7.200167747214436531e-04,-9.558098390698432922e-03,2.543504908680915833e-02,-1.501891855150461197e-02,9.937229566276073456e-03,-2.047308720648288727e-02,1.005030330270528793e-02,-1.942216232419013977e-02,1.818499714136123657e-02,2.214924665167927742e-03,-1.200582273304462433e-02,6.072751246392726898e-03,2.580753061920404434e-03,-2.462357655167579651e-02,-1.571066677570343018e-02,1.235834788531064987e-02,2.216254919767379761e-02,-1.711079152300953865e-03,9.192269295454025269e-03,-2.254833094775676727e-02,-2.277448028326034546e-02,5.570568609982728958e-03,-1.434047240763902664e-02,1.403450686484575272e-02,5.284557119011878967e-03,1.229848526418209076e-02,2.449054829776287079e-02,2.625982649624347687e-02,-2.288090297952294350e-03,2.990480698645114899e-02,3.174060210585594177e-02,-1.261110231280326843e-02,3.658283967524766922e-03,-1.533818617463111877e-02,3.944294992834329605e-03,-3.019746951758861542e-02,-8.996052783913910389e-04,6.551653612405061722e-03,2.474330179393291473e-02,-3.304095473140478134e-03,-4.396592266857624054e-03,-4.722511861473321915e-03,-3.831221023574471474e-03,-3.558512544259428978e-03,1.305674761533737183e-02,-1.299023348838090897e-02,3.139472752809524536e-02,-1.338266767561435699e-02,1.187944505363702774e-02,7.243401836603879929e-03,-2.668884349986910820e-03,-3.418832551687955856e-03,-2.870755083858966827e-02,2.647267282009124756e-02,-2.032675594091415405e-02,-9.564749896526336670e-03,2.812222577631473541e-02,-2.003409340977668762e-02,-2.013095363508909941e-04,7.968407124280929565e-03,4.626066423952579498e-03,1.181958243250846863e-02,1.198586821556091309e-02,5.580545868724584579e-03,-7.981710135936737061e-03,4.123883694410324097e-02,-2.461027354001998901e-02,-1.212554797530174255e-02,-8.108086884021759033e-03,9.797548875212669373e-03,-1.438038144260644913e-02,-8.979424019344151020e-04,-6.119311321526765823e-03,1.160673703998327255e-02,5.211391486227512360e-03,-2.041987515985965729e-02,1.033631432801485062e-02,-2.520890161395072937e-02,7.436293177306652069e-03,4.810310527682304382e-02,2.020370448008179665e-03,7.768864743411540985e-03,-1.210559345781803131e-02,-3.166078357025980949e-03,1.298358198255300522e-02,-2.048639021813869476e-02,-2.104510925710201263e-02,1.266431342810392380e-02,2.455706149339675903e-02,4.569529090076684952e-03,1.153357140719890594e-02,7.542716339230537415e-03,4.224985465407371521e-02,1.658699125982820988e-03,-3.503970801830291748e-02,-6.631470751017332077e-03,2.929287590086460114e-02,3.333694487810134888e-02,-5.075037479400634766e-03,3.485346958041191101e-02,-1.927583105862140656e-02,6.777802482247352600e-03,3.408190235495567322e-02,4.951986018568277359e-03,6.374725699424743652e-02,-1.294367387890815735e-02,-3.605072386562824249e-03,-2.012056065723299980e-03,-1.056246366351842880e-02,-1.536479219794273376e-02,-9.955853223800659180e-02,-5.321139935404062271e-03,2.037996612489223480e-02,7.023904938250780106e-03,3.370942175388336182e-02,9.178967215120792389e-03,3.901060903444886208e-03,1.556433457881212234e-02,-5.241323262453079224e-03,1.291706785559654236e-02,-7.502807769924402237e-03,-1.468634698539972305e-02,2.152401208877563477e-02,-1.406111288815736771e-02,9.524840861558914185e-03,2.224236540496349335e-02,-1.416753605008125305e-02,-2.121804654598236084e-02,-2.438412420451641083e-02,2.402494847774505615e-02,-2.052629739046096802e-02,1.783912256360054016e-02,-9.651217609643936157e-03,-2.974517270922660828e-02,2.588734775781631470e-02,-3.405529772862792015e-03,-2.915984764695167542e-02,5.231346003711223602e-03,1.416753605008125305e-02,-1.738682575523853302e-02,2.293411456048488617e-02,3.473290998954325914e-04,3.212638432160019875e-03,-7.496156264096498489e-03,-8.972772397100925446e-03,-2.625982649624347687e-02,-2.530202083289623260e-02,2.148410305380821228e-03,3.972231224179267883e-02,-1.289046183228492737e-02,1.374184433370828629e-02,-8.846395649015903473e-03,4.177094902843236923e-03,-2.672542631626129150e-02,1.595011726021766663e-02,-6.817711051553487778e-03,5.747247269027866423e-05,1.718728244304656982e-02,2.324008010327816010e-02,1.404780987650156021e-02,-4.690584912896156311e-02,-1.305009610950946808e-02,-3.668926283717155457e-02,9.092498570680618286e-03,2.051299624145030975e-02,-1.575057581067085266e-02,-6.877573672682046890e-03,1.201247423887252808e-02,-3.264519572257995605e-02,-1.440698653459548950e-02,-4.167118109762668610e-03,-4.320100881159305573e-03,2.393182739615440369e-02,2.462357655167579651e-02,4.067346453666687012e-03,-1.926252804696559906e-02,-1.665516942739486694e-02,-2.257493697106838226e-02,2.661900408565998077e-02,-1.697443798184394836e-02,2.496945112943649292e-02,-1.599667710252106190e-03,-2.426439896225929260e-02,1.309000514447689056e-02,-2.860112860798835754e-02,8.447309955954551697e-03,-1.160673703998327255e-02,-2.362586185336112976e-02,1.775930449366569519e-02,-2.862773463129997253e-02,1.729370560497045517e-03,-2.139098383486270905e-02,2.318686805665493011e-02,-7.582624908536672592e-03,3.166078403592109680e-02,-1.309000514447689056e-02,-3.901060903444886208e-03,-9.458326734602451324e-03,1.680150069296360016e-02,-3.405529633164405823e-02,2.685845457017421722e-02,3.190023452043533325e-02,1.124090887606143951e-02,-2.317356504499912262e-02,4.280192311853170395e-03,1.104136579670011997e-03,-2.131116576492786407e-02,-1.548451744019985199e-02,4.127209540456533432e-03,1.851756684482097626e-02,-3.940969239920377731e-03,-1.055581215769052505e-02,-5.544628202915191650e-02,2.435751818120479584e-02,-2.252172492444515228e-02,-7.935150526463985443e-03,3.187362849712371826e-02,-2.699148282408714294e-02,7.635836023837327957e-03,-9.345252066850662231e-03,6.086054258048534393e-03,2.707130089402198792e-02,-3.075619041919708252e-02,1.438038144260644913e-02,-1.629599183797836304e-02,-4.928706213831901550e-03,-1.209229137748479843e-02,2.740387106314301491e-03,-5.510705988854169846e-03,1.460819272324442863e-03,1.118104532361030579e-02,-1.335606165230274200e-02,8.247767575085163116e-03,8.533778600394725800e-03,-8.879652246832847595e-03,2.012721262872219086e-02,2.342964522540569305e-03,2.072584070265293121e-02,1.656204834580421448e-02,5.114946048706769943e-03,-2.077905274927616119e-02,-4.605446755886077881e-02,-3.877780865877866745e-03,-1.601663231849670410e-02,-1.742673479020595551e-02,1.283517194679006934e-04,9.438372217118740082e-03,-1.837123557925224304e-02,-4.592808894813060760e-03,1.677489466965198517e-02,9.325298480689525604e-03,6.797756534069776535e-03,-7.409687619656324387e-03,-2.495614811778068542e-02,8.028270676732063293e-03,3.970901016145944595e-03,1.328954752534627914e-02,-4.779049195349216461e-03,-1.260445080697536469e-02,2.471669577062129974e-02,9.298692457377910614e-03,-2.668551728129386902e-02,1.634920388460159302e-02,2.011390961706638336e-02,2.515901578590273857e-03,-5.989608354866504669e-03,2.457701601088047028e-03,-1.430056430399417877e-02,2.427770197391510010e-02,-1.781251654028892517e-02,-2.357930177822709084e-03,-3.793973103165626526e-02,2.870755083858966827e-02,-6.884225178509950638e-03,-6.588236894458532333e-03,-1.858408190310001373e-02,1.293702237308025360e-02,-5.454168654978275299e-03,-6.345459725707769394e-03,1.837456249631941319e-03,9.797548875212669373e-03,-1.709416275843977928e-03,-1.585699804127216339e-02,-1.100810896605253220e-02,-6.538351066410541534e-03,1.862399093806743622e-02,1.016337797045707703e-02,-1.156682800501585007e-02,-1.579048298299312592e-02,-1.879692822694778442e-02,-1.075535453855991364e-02,2.732072956860065460e-03,7.343173492699861526e-03,7.768864743411540985e-03,-1.809187605977058411e-02,4.802329000085592270e-03,3.881771862506866455e-02,-1.172646228224039078e-02,9.691126644611358643e-03,-4.742466378957033157e-03,1.597672328352928162e-02,9.864063933491706848e-03,-5.874040070921182632e-04,2.645936980843544006e-02,6.022865418344736099e-03,1.246310770511627197e-03,1.476616412401199341e-02,6.970693822950124741e-03,1.067553763277828693e-03,3.445438342168927193e-03,1.118104532361030579e-02,1.939555630087852478e-02,-2.053960040211677551e-02,1.097485143691301346e-02,-1.301185111515223980e-03,3.921015188097953796e-03,-1.211224496364593506e-02,-7.469550706446170807e-03,-1.724049448966979980e-02,-2.027354389429092407e-02,-1.010351441800594330e-02,7.727085176156833768e-05,-3.151112701743841171e-03,-1.632259786128997803e-02,1.694783195853233337e-02,1.106132008135318756e-02,-3.235918469727039337e-03,1.955519057810306549e-02,-1.507212966680526733e-02,-5.181460175663232803e-03,-1.368863321840763092e-02,4.459115490317344666e-02,-2.768655773252248764e-03,2.155061811208724976e-02,-4.499689210206270218e-03,-1.587030105292797089e-02,3.793973103165626526e-02,1.862399093806743622e-02,-1.513864379376173019e-02,-1.405945047736167908e-03,2.610684372484683990e-03,5.005197599530220032e-03,2.433091402053833008e-02,-9.145709685981273651e-03,-2.809561975300312042e-02,-1.915610395371913910e-02,-8.904595742933452129e-04,8.540430106222629547e-03,-2.391852438449859619e-02,3.490667790174484253e-02,1.244481652975082397e-02,5.954355746507644653e-02,-5.674497224390506744e-04,-1.624277979135513306e-02,2.151070907711982727e-02,7.975058630108833313e-03,2.574101462960243225e-02,-1.595510635524988174e-03,4.065351188182830811e-02,3.284141130279749632e-04,-3.232592716813087463e-02,2.822864800691604614e-02,4.443151876330375671e-03,2.168364636600017548e-02,2.385201118886470795e-02,-2.067262865602970123e-02,2.132446877658367157e-02,1.427395828068256378e-02,6.368739530444145203e-03,-2.514238702133297920e-03,9.963834658265113831e-03,1.146040577441453934e-02,3.814592259004712105e-03,-7.768864743411540985e-03,-8.480567485094070435e-03,-3.921680152416229248e-02,9.486594935879111290e-04,3.219289705157279968e-02,-1.452671270817518234e-02,2.530202083289623260e-02,-1.843775063753128052e-02,1.044938899576663971e-02,4.369986243546009064e-03,-9.072544053196907043e-03,-1.854417286813259125e-02,8.846395649015903473e-03,-2.020702883601188660e-02,-3.346997126936912537e-02,-2.343962155282497406e-02,-9.054252295754849911e-04,-6.491790991276502609e-03,-1.134733110666275024e-02,1.971482485532760620e-02,-2.256496110931038857e-03,-1.512534078210592270e-02,1.948867551982402802e-02,-2.055290341377258301e-02,-1.297693047672510147e-02,2.189649268984794617e-02,-1.842444762587547302e-02
-5.038152448832988739e-03,-8.246026001870632172e-03,-1.123569905757904053e-02,-7.399277761578559875e-03,-4.464969038963317871e-03,4.658418521285057068e-02,-1.375640369951725006e-02,-5.174934864044189453e-03,2.159859612584114075e-02,1.855030097067356110e-02,4.888343159109354019e-03,2.546758390963077545e-03,-5.145624279975891113e-03,3.627990838140249252e-03,-5.243326071649789810e-03,-1.808133348822593689e-02,1.483763568103313446e-02,5.832793191075325012e-03,-8.298133499920368195e-03,-9.144881740212440491e-03,-3.048294037580490112e-02,-8.096216246485710144e-03,-1.087745884433388710e-03,-2.014284022152423859e-03,-8.903884328901767731e-03,8.728020824491977692e-03,1.714339666068553925e-02,4.093702416867017746e-03,3.442357527092099190e-03,-8.428402245044708252e-03,3.481438383460044861e-03,-5.011284374631941319e-04,-3.803854063153266907e-02,-1.444682944566011429e-02,-2.559785358607769012e-02,-1.496790535748004913e-02,-1.472039427608251572e-02,7.132226135581731796e-03,9.542202576994895935e-03,6.301761604845523834e-03,3.543316200375556946e-02,-1.503303926438093185e-02,-3.162279259413480759e-03,1.869359798729419708e-02,-3.261934965848922729e-02,4.946964327245950699e-03,-1.061692088842391968e-02,-2.241929061710834503e-02,-2.080395445227622986e-02,1.642691716551780701e-02,-1.113148406147956848e-02,-2.154323039576411247e-03,-1.873267814517021179e-02,2.231507562100887299e-02,-1.615335233509540558e-02,-3.100401489064097404e-03,1.374337635934352875e-02,1.300735678523778915e-02,-4.530755057930946350e-02,1.190658379346132278e-02,7.588167674839496613e-03,6.878201849758625031e-03,-1.375640369951725006e-02,-6.223600357770919800e-03,-3.212432935833930969e-02,-8.832236751914024353e-03,1.022611395455896854e-03,-1.371732261031866074e-02,-1.646599732339382172e-02,-4.745047539472579956e-03,3.918490558862686157e-02,4.421328753232955933e-02,-6.682798266410827637e-03,-1.241463329643011093e-02,1.257095579057931900e-02,-2.876338921487331390e-02,-9.196989238262176514e-03,-7.666328921914100647e-03,-1.709128916263580322e-02,1.053224690258502960e-02,1.412115711718797684e-02,-1.788593083620071411e-02,-2.519401907920837402e-02,-2.858101204037666321e-02,2.445148676633834839e-02,-1.938402280211448669e-02,1.055178698152303696e-02,1.088397298008203506e-02,1.459012506529688835e-03,-2.267982810735702515e-02,3.160325437784194946e-02,4.434355720877647400e-02,-5.898741655983030796e-04,-4.624548600986599922e-04,-1.836792565882205963e-03,9.131855331361293793e-03,-1.447288319468498230e-02,3.405230864882469177e-02,-4.556157160550355911e-03,-2.110357396304607391e-02,-1.766447350382804871e-02,-2.154323039576411247e-03,-1.023262739181518555e-02,6.956363096833229065e-03,-2.951894886791706085e-02,-3.199405968189239502e-02,-3.251839196309447289e-03,-7.008470594882965088e-03,2.891971170902252197e-02,-1.879781298339366913e-02,2.006142167374491692e-03,2.790361456573009491e-02,3.129712073132395744e-03,-4.460409656167030334e-02,-1.676561683416366577e-02,-2.132503129541873932e-02,1.935796998441219330e-02,-2.805993705987930298e-02,-1.649205200374126434e-02,-1.629664935171604156e-02,-3.605193924158811569e-03,1.758631132543087006e-02,1.844608597457408905e-02,-1.531963143497705460e-02,-9.776686318218708038e-03,-9.385879151523113251e-03,-2.037406712770462036e-02,-2.101238444447517395e-02,-5.410233279690146446e-04,8.799669332802295685e-03,5.047922488301992416e-03,3.485997766256332397e-02,3.715271130204200745e-02,-4.995000781491398811e-04,5.435472819954156876e-03,2.142924582585692406e-03,-1.369126886129379272e-02,-2.642831765115261078e-03,2.424631267786026001e-03,-2.727832272648811340e-02,2.626222558319568634e-02,3.826651023700833321e-03,-1.671350933611392975e-02,-1.449893694370985031e-02,2.356565743684768677e-02,1.048013847321271896e-02,2.048479625955224037e-03,1.967061497271060944e-02,-8.890857570804655552e-04,1.440082851331681013e-04,-2.605379559099674225e-03,-1.980088464915752411e-02,2.097330428659915924e-02,-1.138550788164138794e-02,-7.054064888507127762e-03,-5.735091399401426315e-03,-1.964456029236316681e-02,1.262306328862905502e-02,-3.215038403868675232e-02,2.328557893633842468e-03,5.609707441180944443e-04,7.041038013994693756e-03,2.980554103851318359e-02,6.194289773702621460e-03,9.555228985846042633e-03,2.312274277210235596e-02,-4.162093624472618103e-03,-2.421374432742595673e-03,-4.494279623031616211e-03,-4.263052251189947128e-03,2.045222930610179901e-02,9.880901314318180084e-03,-4.181633889675140381e-02,1.255792938172817230e-02,-1.435564085841178894e-02,1.225179713219404221e-02,9.587796404957771301e-03,2.501164330169558525e-03,-3.415652364492416382e-02,1.770355366170406342e-02,-1.774263381958007812e-02,1.769052632153034210e-02,2.549363858997821808e-02,1.899321563541889191e-02,-1.478552818298339844e-02,-1.042965915985405445e-03,6.832607556134462357e-03,1.748209632933139801e-02,-8.508192258886992931e-04,-8.728020824491977692e-03,1.598400250077247620e-02,2.019168995320796967e-02,-2.080395445227622986e-02,-1.410812977701425552e-02,-6.490521430969238281e-01,-1.737788133323192596e-02,-2.850285172462463379e-02,-1.597097516059875488e-02,1.780776865780353546e-02,8.649859577417373657e-03,7.275522220879793167e-03,1.267517078667879105e-02,-3.147298470139503479e-02,-4.057878628373146057e-03,-9.424960240721702576e-03,3.207221999764442444e-02,3.694346523843705654e-04,-8.024568669497966766e-03,-1.898670336231589317e-03,-1.690891198813915253e-02,2.984787803143262863e-03,4.872873832937330008e-04,4.223971627652645111e-03,-1.283149421215057373e-02,-2.805993705987930298e-02,1.031730230897665024e-02,-5.650416482239961624e-03,-1.550200767815113068e-02,2.227599360048770905e-02,-1.564530283212661743e-02,2.884155139327049255e-02,-4.621291998773813248e-03,-1.698707416653633118e-02,5.819766316562891006e-03,-2.701778523623943329e-02,3.108217753469944000e-02,6.119384896010160446e-03,3.926306962966918945e-02,4.038337990641593933e-02,1.222085789777338505e-03,-2.011352963745594025e-02,2.420397475361824036e-02,1.059086713939905167e-02,4.575046151876449585e-02,-1.015446614474058151e-02,-2.536336891353130341e-02,2.564996108412742615e-02,1.030427590012550354e-02,9.281664155423641205e-03,2.451662160456180573e-02,2.808598987758159637e-02,1.538476534187793732e-02,1.759933866560459137e-02,-1.670048199594020844e-02,2.165721729397773743e-03,-1.465525943785905838e-02,-3.006607852876186371e-02,1.947521232068538666e-02,7.711923215538263321e-03,1.322230044752359390e-02,1.697404682636260986e-02,-2.475110441446304321e-02,1.034986972808837891e-02,-5.308460444211959839e-03,7.041038013994693756e-03,2.572812139987945557e-02,-2.317485027015209198e-02,-2.536336891353130341e-02,2.932680305093526840e-03,-1.492882426828145981e-02,6.961248000152409077e-04,5.653673317283391953e-03,8.636833168566226959e-03,-8.190661901608109474e-04,1.110543031245470047e-03,1.152880396693944931e-02,1.577557250857353210e-02,2.343213185667991638e-03,8.741048164665699005e-03,-6.773986387997865677e-03,1.554108876734972000e-02,-1.356100011616945267e-02,-8.265566080808639526e-03,3.517262171953916550e-03,2.160836476832628250e-03,-1.165255997329950333e-02,-5.474553443491458893e-03,-2.576720342040061951e-02,5.621106363832950592e-03,1.721993030514568090e-04,-1.025868207216262817e-02,-6.819580681622028351e-03,-4.917653743177652359e-03,5.412675905972719193e-03,-1.272076554596424103e-02,-6.871688179671764374e-03,-8.084818255156278610e-04,5.523404572159051895e-03,4.012284334748983383e-03,2.554900245741009712e-03,-8.133669034577906132e-04,2.618406340479850769e-02,2.643157541751861572e-02,-2.469004248268902302e-04,6.353869102895259857e-03,-1.384759135544300079e-02,2.174189127981662750e-02,2.613521181046962738e-03,1.261654961854219437e-02,1.582768000662326813e-02,7.965947501361370087e-03,-3.409790340811014175e-03,2.886760421097278595e-02,-2.301852777600288391e-02,-3.059692448005080223e-03,-4.819951951503753662e-03,7.770544383674860001e-03,1.116405054926872253e-02,6.721878889948129654e-03,-2.959711104631423950e-02,4.217457957565784454e-03,9.851590730249881744e-04,2.415186725556850433e-02,-3.162930533289909363e-02,3.660558024421334267e-03,-6.747932638972997665e-03,-5.419189110398292542e-03,-3.488603234291076660e-02,1.693496666848659515e-02,3.295804932713508606e-02,-2.883829409256577492e-03,-4.839492496103048325e-03,2.170606749132275581e-03,-8.558671921491622925e-03,-1.031078957021236420e-02,7.796598132699728012e-03,2.554574608802795410e-02,6.321301683783531189e-03,1.171769388020038605e-02,-2.279706997796893120e-03,7.705409545451402664e-03,3.413047175854444504e-03,1.341770403087139130e-02,-2.471202425658702850e-02,1.760259503498673439e-03,1.034986972808837891e-02,5.087003577500581741e-03,-1.369126886129379272e-02,5.963876610621809959e-04,-4.364010691642761230e-02,-5.982602480798959732e-03,-1.756025664508342743e-02,-2.959711104631423950e-02,-3.113428363576531410e-03,2.098633162677288055e-02,8.487023413181304932e-03,-3.663163632154464722e-02,-2.978274365887045860e-03,-3.452127799391746521e-03,-1.743975910358130932e-03,1.071462314575910568e-02,7.759145810268819332e-04,-9.307717904448509216e-03,-1.789895631372928619e-02,1.481158193200826645e-02,5.060949828475713730e-03,4.940450657159090042e-03,-2.106449380517005920e-02,4.523590207099914551e-03,-5.718807689845561981e-03,6.865174975246191025e-03,-1.352191902697086334e-02,4.930680617690086365e-03,-3.215038403868675232e-02,2.643157541751861572e-02,1.982693746685981750e-02,-2.753886021673679352e-02,1.131386030465364456e-02,1.589281484484672546e-02,8.832236751914024353e-03,-1.813344098627567291e-02,-2.554900245741009712e-03,6.425517145544290543e-03,2.316182292997837067e-02,-2.139667980372905731e-03,1.236903853714466095e-02,-3.063926286995410919e-02,-6.536245811730623245e-03,3.500978695228695869e-03,-9.978603571653366089e-03,-1.289011444896459579e-02,1.500698551535606384e-02,1.886294782161712646e-02,1.741329760989174247e-04,-1.287708804011344910e-02,1.360008120536804199e-02,2.670514024794101715e-02,-8.278593420982360840e-03,1.161999255418777466e-02,2.093422412872314453e-02,1.544990018010139465e-02,-4.035081248730421066e-03,1.825068332254886627e-02,1.465525943785905838e-02,1.020657364279031754e-02,-6.392949726432561874e-03,4.434355720877647400e-02,-2.506375126540660858e-02,1.026519481092691422e-02,-3.178562968969345093e-02,6.448314059525728226e-03,-3.406533738598227501e-03,1.154183130711317062e-02,-1.983996480703353882e-02,-2.479018643498420715e-02,-4.382248222827911377e-02,-9.718065150082111359e-03,5.595052614808082581e-03,6.363639142364263535e-03,4.520333185791969299e-02,-1.223876979202032089e-02,2.099935896694660187e-02,5.559228360652923584e-03,1.087094563990831375e-02,1.209547370672225952e-02,-1.555411517620086670e-02,1.226482354104518890e-02,1.470736693590879440e-02,-3.723087161779403687e-02,7.588167674839496613e-03,4.093050956726074219e-02,7.327629718929529190e-03,8.083189837634563446e-03,1.815623836591839790e-03,1.101424172520637512e-02,6.542759016156196594e-03,-2.163767628371715546e-02,2.201545611023902893e-02,-4.816695116460323334e-03,3.663814859464764595e-03,1.624453999102115631e-02,-2.819020487368106842e-02,1.034986972808837891e-02,-1.114451047033071518e-02,2.456872910261154175e-02,3.598680486902594566e-03,-1.059086713939905167e-02,-3.774543525651097298e-03,-4.468225874006748199e-03,6.360382772982120514e-03,2.205453626811504364e-02,8.031082339584827423e-03,5.858846940100193024e-03,2.139016613364219666e-02,2.536336891353130341e-02,-4.878573119640350342e-03,-8.936451748013496399e-03,-2.391738258302211761e-02,1.720853149890899658e-02,-2.923235669732093811e-02,2.026985213160514832e-02,1.619243249297142029e-02,1.357402652502059937e-02,3.723087161779403687e-02,-1.183005166240036488e-03,-1.200428605079650879e-02,5.940265022218227386e-03,-3.595423651859164238e-03,2.701778523623943329e-02,-4.631062038242816925e-03,-1.733880117535591125e-02,-2.466968726366758347e-03,-2.036103978753089905e-02,-1.728669181466102600e-02,4.028568044304847717e-03,1.178282871842384338e-02,1.697404682636260986e-02,-1.282498054206371307e-02,2.501164190471172333e-02,2.420397475361824036e-02,-3.536802716553211212e-03,1.431655976921319962e-02,2.239323593676090240e-02,-7.073605433106422424e-03,-2.089514397084712982e-02,-2.128269290551543236e-03,4.005771130323410034e-03,-1.018051989376544952e-02,-1.796083408407866955e-03,-8.317673578858375549e-03,-2.286220528185367584e-02,1.900624297559261322e-02,-3.704849630594253540e-02,-2.208059187978506088e-03,1.332814455963671207e-03,3.376571834087371826e-02,1.064297463744878769e-02,-1.074719056487083435e-02,-6.445057224482297897e-03,-1.726063899695873260e-02,3.402625396847724915e-02,-1.898019015789031982e-02,2.257561311125755310e-02,-1.821160316467285156e-02,-6.542759016156196594e-03,-1.169164013117551804e-02,-4.999071825295686722e-03,-1.399088744074106216e-02,4.259795323014259338e-02,1.080581173300743103e-02,7.659815717488527298e-03,3.582396777346730232e-03,-8.708480745553970337e-03,-3.423468768596649170e-02,-4.176423326134681702e-02,-5.360568407922983170e-03,-2.846376970410346985e-03,-6.230113562196493149e-03,1.303341053426265717e-02,-2.155951410531997681e-02,-3.207221999764442444e-02,-1.528055034577846527e-02,2.761702239513397217e-02,-5.373595282435417175e-03,-9.236070327460765839e-03,-2.011352963745594025e-02,-2.226296812295913696e-02,2.768215723335742950e-03,1.067163422703742981e-01,1.957942731678485870e-02,-8.226485922932624817e-03,2.327906526625156403e-02,5.272636655718088150e-03,3.056110069155693054e-02,-1.250582095235586166e-02,-1.758631132543087006e-02,8.617292158305644989e-03,-8.180891163647174835e-03,-5.947593017481267452e-04,-4.787384532392024994e-03,2.221086062490940094e-02,2.111985813826322556e-03,1.236903853714466095e-02,1.425631111487746239e-03,-1.762539148330688477e-02,-3.796038031578063965e-02,-2.261795103549957275e-03,-3.561553731560707092e-02,-2.249745093286037445e-02,9.933008812367916107e-03,1.541081909090280533e-02,2.277101576328277588e-02,-9.887414984405040741e-03,5.406162235885858536e-04,-1.436866726726293564e-02,1.796409115195274353e-02,2.925841137766838074e-02,9.594310075044631958e-03,-6.916468264535069466e-04,4.278033226728439331e-02,1.058435440063476562e-02,1.353494636714458466e-02,-5.301947239786386490e-03,1.615335233509540558e-02,8.833864703774452209e-04,2.021774463355541229e-02,3.103007003664970398e-02,-1.350889261811971664e-02,4.852519370615482330e-03,1.165255997329950333e-02,1.844608597457408905e-02,-2.094725146889686584e-02,-7.106172386556863785e-03,5.544573068618774414e-04,-8.037596009671688080e-03,1.753420382738113403e-02,-4.541176557540893555e-02,-1.646599732339382172e-02,2.944078855216503143e-02,-3.082163818180561066e-02,-3.908069059252738953e-02,-2.042617462575435638e-02,1.512422785162925720e-02,5.881644319742918015e-03,8.050622418522834778e-03,-1.969666779041290283e-02,-1.150926388800144196e-02,2.045222930610179901e-02,-4.774357657879590988e-03,1.967061543837189674e-03,1.633572950959205627e-02,1.229087729007005692e-02,-2.244534343481063843e-02,-1.306597795337438583e-02,1.000628573819994926e-03,9.848333895206451416e-03,-8.350240997970104218e-03,-1.369126886129379272e-02,-4.966504406183958054e-03,-6.093331146985292435e-03,-1.203033979982137680e-02,6.148695480078458786e-03,2.630130574107170105e-02,6.845634430646896362e-03,2.910208888351917267e-02,-1.635689754039049149e-03,2.680284203961491585e-03,9.941151365637779236e-04,1.366521511226892471e-02,-2.484229393303394318e-02,1.324184145778417587e-02,8.115757256746292114e-03,-8.842006791383028030e-04,2.740859240293502808e-02,-2.206756360828876495e-02,-1.079929806292057037e-02,-3.014424070715904236e-02,-1.074067689478397369e-02,-6.428773980587720871e-03,4.591981414705514908e-03,2.326603792607784271e-02,1.293570920825004578e-02,2.725878264755010605e-03,2.008747495710849762e-02,2.049130946397781372e-02,2.813809737563133240e-02,-2.881549671292304993e-02,-1.068856939673423767e-02,4.517076537013053894e-03,-5.757888779044151306e-03,-7.575955241918563843e-04,-3.108543343842029572e-03,7.132226135581731796e-03,-1.929609104990959167e-03,-1.169164013117551804e-02,5.461526568979024887e-03,-3.807110711932182312e-03,1.254490204155445099e-02,1.539779268205165863e-02,-3.332280367612838745e-02,-8.571698330342769623e-03,-6.539502646774053574e-03,5.943521857261657715e-03,1.615335233509540558e-02,-1.075370330363512039e-02,2.158556878566741943e-02,-1.405602227896451950e-02,2.250396413728594780e-03,7.580025703646242619e-04,-3.545921295881271362e-02,3.308831900358200073e-02,8.369781076908111572e-03,-4.528149589896202087e-02,6.301761604845523834e-03,1.234949845820665359e-02,-3.113428503274917603e-02,2.098633162677288055e-02,1.410812977701425552e-02,-1.362613495439291000e-02,1.782079599797725677e-02,-1.818676973925903440e-04,-1.678841421380639076e-03,-4.645391553640365601e-02,-1.111194305121898651e-02,-5.481067113578319550e-03,8.097030804492533207e-04,1.601005718111991882e-02,1.555411517620086670e-02,-1.651810668408870697e-02,-1.425142586231231689e-02,-6.148695480078458786e-03,-1.199125871062278748e-02,-4.397880658507347107e-02,-2.314879558980464935e-02,-8.721508085727691650e-03,2.110357396304607391e-02,2.760073868557810783e-03,1.244068704545497894e-02,-1.607519201934337616e-02,-7.444871589541435242e-03,-2.099935896694660187e-02,1.722155883908271790e-02,-1.254490204155445099e-02,-9.144881740212440491e-03,-7.080118637531995773e-03,5.910954438149929047e-03,3.816881030797958374e-02,4.163396358489990234e-02,1.425142586231231689e-02,-1.673956285230815411e-03,-1.175677520222961903e-03,2.510283142328262329e-02,-4.390064161270856857e-03,1.034986972808837891e-02,-1.130734663456678391e-02,-2.913139993324875832e-03,-4.163396358489990234e-02,2.458175458014011383e-02,2.548061124980449677e-02,2.183307893574237823e-02,9.555228985846042633e-03,4.315159749239683151e-03,3.271379508078098297e-03,2.155951410531997681e-02,-4.777614492923021317e-03,-4.318416584283113480e-03,-1.410812977701425552e-02,-4.658418521285057068e-02,-2.337025292217731476e-02,-5.845820065587759018e-03,1.333954278379678726e-02,2.631433308124542236e-03,-3.862475045025348663e-03,-1.900624297559261322e-02,7.431844715029001236e-03,1.070648140739649534e-04,1.041500456631183624e-02,1.872616470791399479e-03,3.134271502494812012e-02,-2.546758390963077545e-02,3.212432935833930969e-02,-1.010887231677770615e-02,1.286406069993972778e-02,-2.383922226727008820e-03,1.709128916263580322e-02,2.038709353655576706e-03,-6.282221060246229172e-03,2.505072392523288727e-02,6.288734730333089828e-03,3.366150334477424622e-02,-3.293199464678764343e-02,-1.371732261031866074e-02,-2.494650892913341522e-02,5.728578194975852966e-03,-8.037596009671688080e-03,-8.096216246485710144e-03,7.067091763019561768e-03,-1.870662532746791840e-02,-2.269285544753074646e-02,-9.451013989746570587e-03,-2.511585876345634460e-02,-2.598866075277328491e-02,6.865174975246191025e-03,-4.679912701249122620e-03,-5.336956819519400597e-04,1.698707416653633118e-02,-1.036289706826210022e-02,-1.513725426048040390e-02,-1.474644802510738373e-02,-1.374337635934352875e-02,3.428679332137107849e-02,-2.442543162032961845e-03,2.873733453452587128e-02,2.967527136206626892e-02,3.419560613110661507e-03,-7.067091763019561768e-03,-3.582396777346730232e-03,3.588910214602947235e-03,-3.350355254951864481e-04,-6.239883601665496826e-03,1.726063899695873260e-02,2.278078580275177956e-03,1.315065287053585052e-02,2.141621895134449005e-02,-3.010841552168130875e-03,-2.214572625234723091e-03,-1.926678046584129333e-02,2.554574608802795410e-02,-1.529357768595218658e-02,-1.089699938893318176e-02,-6.236627232283353806e-03,-1.273379195481538773e-02,1.429050602018833160e-02,-5.311717279255390167e-03,-3.064577700570225716e-03,5.572255235165357590e-03,-7.444871589541435242e-03,-1.974877715110778809e-02,-1.005676481872797012e-02,3.914582543075084686e-03,-7.483952678740024567e-03,1.834187097847461700e-02,-1.700010150671005249e-02,-2.537639625370502472e-02,-8.962505497038364410e-03,-2.033824333921074867e-03,-1.548898126929998398e-02,-7.392764091491699219e-04,-2.730437740683555603e-02,1.379548385739326477e-02,-2.404765225946903229e-02,2.109054662287235260e-02,4.263052251189947128e-03,2.380014210939407349e-02,-2.043920196592807770e-02,-2.033498696982860565e-02,-2.852890407666563988e-03,1.937099546194076538e-02,-1.152880396693944931e-02,2.647716784849762917e-03,-2.965247491374611855e-03,2.019168995320796967e-02,3.908069059252738953e-02,-1.684377901256084442e-02,7.510006427764892578e-03,-2.733043022453784943e-02,-1.559319626539945602e-02,5.803482607007026672e-03,1.930586248636245728e-02,1.788593083620071411e-02,-8.376294746994972229e-03,-1.279241312295198441e-02,-1.561925001442432404e-02,-1.218666229397058487e-02,-8.703595958650112152e-04,5.288920365273952484e-03,3.095190785825252533e-02,-2.165070362389087677e-02,-3.592818230390548706e-02,8.610779419541358948e-03,-1.677864417433738708e-02,3.332280367612838745e-02,1.419931836426258087e-02,-4.784128163009881973e-03,-5.376851651817560196e-03,2.506375126540660858e-02,-2.380014210939407349e-02,6.090074311941862106e-03,-2.688751555979251862e-02,-2.248442545533180237e-02,-1.202382612973451614e-02,-8.454455994069576263e-03,2.193403895944356918e-03,1.099470164626836777e-02,1.021308731287717819e-02,-2.748675271868705750e-02,-3.134271502494812012e-02,1.516330800950527191e-02,1.818880555219948292e-03,2.647065557539463043e-02,1.166558638215065002e-02,-1.432958710938692093e-02,-3.908069338649511337e-03,-2.740859240293502808e-02,6.347355898469686508e-03,-3.582396730780601501e-02,-3.337490931153297424e-02,1.556714251637458801e-02,-2.040012180805206299e-02,-9.138368070125579834e-03,1.371732261031866074e-02,-2.068671211600303650e-02,1.162650622427463531e-02,2.230204828083515167e-02,-5.135854240506887436e-03,1.556714251637458801e-02,-3.332280367612838745e-02,-1.909743063151836395e-02,2.148135378956794739e-02,-1.729971915483474731e-02,-1.615335233509540558e-02,-2.079092897474765778e-02,4.399834666401147842e-03,2.901741303503513336e-03,5.432215984910726547e-03,2.592352451756596565e-03,3.199731698259711266e-03,4.380294121801853180e-03,3.816880984231829643e-03,1.892808265984058380e-02,-4.660372622311115265e-03,1.353494636714458466e-02,-1.409510243684053421e-02,-1.906812074594199657e-03,-1.104029593989253044e-03,-2.499861642718315125e-02,-2.252350561320781708e-02,-4.952826350927352905e-02,-1.890202797949314117e-02,1.959245279431343079e-02,2.803388237953186035e-02,-1.123569905757904053e-02,5.113057326525449753e-03,-5.490837153047323227e-03,-5.283709615468978882e-02,2.699824515730142593e-03,1.150926388800144196e-02,1.207593362778425217e-02,-1.138550788164138794e-02,-1.765144639648497105e-03,2.046525478363037109e-02,2.837258204817771912e-02,3.017354989424347878e-03,1.253187563270330429e-02,-1.795106381177902222e-02,-2.407370693981647491e-02,-7.563742110505700111e-04,-2.041314728558063507e-02,-1.535871159285306931e-02,8.363268338143825531e-03,-1.784684881567955017e-02,-1.455104444175958633e-02,9.170935489237308502e-03,-1.031730230897665024e-02,5.298690404742956161e-03,1.457709819078445435e-02,4.806925076991319656e-03,-1.410161610692739487e-03,-1.883689314126968384e-02,1.849819347262382507e-02,-1.175677496939897537e-02,-9.418446570634841919e-03,-1.158742513507604599e-02,-1.074719056487083435e-02,1.920164749026298523e-02,-4.145809914916753769e-03,-1.090351305902004242e-02,-3.363544866442680359e-02,4.399834666401147842e-03,3.493813797831535339e-02,9.125341661274433136e-03,-5.012098699808120728e-03,2.471853746101260185e-03,-5.705780815333127975e-03,-1.051921956241130829e-02,-2.566298842430114746e-02,3.616266697645187378e-02,7.646788842976093292e-03,-2.460780926048755646e-02,1.319624669849872589e-02,-1.038243714720010757e-02,-1.350889261811971664e-02,6.555785890668630600e-03,1.186098996549844742e-02,-5.897927563637495041e-03,-2.486834675073623657e-02,1.462920568883419037e-02,-1.049316581338644028e-02,1.233647204935550690e-02,-2.693962305784225464e-02,-1.990509964525699615e-02,-1.358705386519432068e-02,1.238206587731838226e-02,-8.467483334243297577e-03,-1.284452062100172043e-02,-6.252910476177930832e-03,1.722155883908271790e-02,3.699638694524765015e-02,-2.032195962965488434e-02,-1.547595392912626266e-02,-7.360196905210614204e-04,-1.329394895583391190e-02,-2.642831765115261078e-03,-4.758074413985013962e-03,-2.972737886011600494e-02,-7.477439008653163910e-03,1.353494636714458466e-02,-1.766447350382804871e-02,-4.334700293838977814e-03,-3.551132231950759888e-02,-1.033195760101079941e-03,2.029590681195259094e-02,-9.900442324578762054e-03,-1.000628573819994926e-03,2.081177085638046265e-01,-1.694799400866031647e-02,-7.601194549351930618e-03,1.667442917823791504e-02,2.568741329014301300e-04,8.200432173907756805e-03,2.165070362389087677e-02,1.970969513058662415e-02,9.503121487796306610e-03,2.558482624590396881e-02,-4.179028794169425964e-02,-8.539130911231040955e-03,-1.281195320188999176e-02,6.474367808550596237e-03,2.236718311905860901e-02,-4.757422953844070435e-02,-3.118639253079891205e-02,-1.206290721893310547e-02,-2.058249711990356445e-02,1.475296099670231342e-03,1.739090867340564728e-02,-1.727366633713245392e-02,-1.911697210744023323e-03,-1.400391454808413982e-03,1.574951969087123871e-02,1.830279082059860229e-02,-7.757517509162425995e-03,2.482926659286022186e-02,2.386527508497238159e-02,-1.427747961133718491e-02,9.835307486355304718e-03,-7.275522220879793167e-03,2.785150706768035889e-02,2.367638517171144485e-03,-1.567298546433448792e-03,-1.298781670629978180e-02,6.695825140923261642e-03,-1.001442782580852509e-03,1.165907271206378937e-02,-6.513448432087898254e-03,3.626688197255134583e-02,-1.169815380126237869e-02,-6.949849892407655716e-03,3.790827002376317978e-03,-3.579139942303299904e-03,1.685680449008941650e-02,4.457641334738582373e-04,-1.178934238851070404e-02,-5.582025274634361267e-03,1.416023727506399155e-02,-2.614498324692249298e-02,5.559228360652923584e-03,1.400391478091478348e-02,1.414721086621284485e-02,1.191146904602646828e-03,2.034801431000232697e-02,1.393877994269132614e-02,1.393877994269132614e-02,1.485066302120685577e-02,-1.290476997382938862e-03,-4.109986126422882080e-03,1.289662811905145645e-02,-2.123384177684783936e-02,-2.123384270817041397e-03,-2.129897661507129669e-02,5.328000988811254501e-03,-2.563693374395370483e-02,-1.857635565102100372e-02,1.015446614474058151e-02,-1.611427217721939087e-02,1.838095299899578094e-02,-2.938868105411529541e-02,-1.624453999102115631e-02,9.939522482454776764e-03,-6.191032938659191132e-03,-8.851776830852031708e-03,4.382248222827911377e-02,5.800226237624883652e-03,-7.132226135581731796e-03,7.503492757678031921e-03,-1.016097958199679852e-03,5.630876403301954269e-03,1.989858457818627357e-03,-9.314231574535369873e-04,1.293530222028493881e-04,-2.154648862779140472e-02,2.106449380517005920e-02,-1.133340038359165192e-02,-2.733043022453784943e-02,1.135945413261651993e-02,1.590584218502044678e-02,-3.014424070715904236e-02,-3.396763466298580170e-03,-6.474367808550596237e-03,6.468668580055236816e-04,6.663258187472820282e-03,2.704383805394172668e-02,2.228902094066143036e-02,-1.650507934391498566e-02,1.076673064380884171e-02,-1.055178698152303696e-02,-8.304647170007228851e-03,-3.719179192557930946e-03,9.848333895206451416e-03,-1.089048571884632111e-02,-2.128269290551543236e-03,1.274030562490224838e-02,1.491579692810773849e-02,2.636644057929515839e-02,-1.813344098627567291e-02,3.243697434663772583e-02,-2.790361456573009491e-02,-4.223971627652645111e-03,-1.055178698152303696e-02,5.710991844534873962e-02,7.938265334814786911e-04,-2.348749525845050812e-02,-4.207687824964523315e-02,6.910768803209066391e-03,2.051736228168010712e-03,8.995072916150093079e-03,-6.689311936497688293e-03,8.760588243603706360e-03,1.603610999882221222e-02,-1.180562539957463741e-03,-1.114451047033071518e-02,-4.210293292999267578e-02,2.210664376616477966e-02,3.126455470919609070e-02,-3.897647559642791748e-02,3.888528794050216675e-03,-9.034153074026107788e-03,8.571698330342769623e-03,6.995443720370531082e-03,1.692193932831287384e-02,1.602308452129364014e-02,4.165350459516048431e-03,-7.008470594882965088e-03,-1.485066302120685577e-02,1.541244797408580780e-03,1.117707788944244385e-02,5.484323948621749878e-03,3.465154767036437988e-02,1.235112664289772511e-03,-8.552158251404762268e-03,1.680469699203968048e-02,2.811204455792903900e-02,-1.218666229397058487e-02,-9.105801582336425781e-03,-3.928912058472633362e-02,-4.788687452673912048e-02,-1.546129817143082619e-03,-5.126084201037883759e-03,-1.022611465305089951e-02,-3.075976157560944557e-03,-1.813344098627567291e-02,-6.897741928696632385e-03,-2.351354993879795074e-02,2.152043394744396210e-02,1.615335233509540558e-02,-3.397414833307266235e-02,3.082163818180561066e-02,4.523590207099914551e-03,-2.696567773818969727e-02,-2.049130946397781372e-02,1.632270216941833496e-02,-1.645557731389999390e-01,1.805527880787849426e-02,3.045688569545745850e-02,-7.480288331862539053e-05,1.066902931779623032e-02,-8.506563492119312286e-03,3.027450852096080780e-02,-1.186750363558530807e-02,2.755188848823308945e-03,2.578022889792919159e-02,2.186890458688139915e-03,-2.133154543116688728e-03,-2.902392670512199402e-02,-2.133805863559246063e-02,-2.023077197372913361e-02,8.213458582758903503e-03,-9.452642407268285751e-04,4.347727168351411819e-03,4.658418521285057068e-02,2.146181417629122734e-03,1.968364231288433075e-02,-4.657115787267684937e-04,-5.744861904531717300e-03,-2.442543208599090576e-02,2.522007375955581665e-02,1.371732261031866074e-02,-1.650507934391498566e-02,-1.886864629341289401e-04,1.366195851005613804e-03,-1.225179713219404221e-02,-2.049130946397781372e-02,7.151766680181026459e-03,2.383922226727008820e-02,-1.482460927218198776e-02,7.405790966004133224e-03,-1.791198365390300751e-02,-2.241929061710834503e-02,-3.794083837419748306e-03,-1.973574981093406677e-02,1.251884829252958298e-02,1.911045797169208527e-02,1.080581173300743103e-02,2.473807707428932190e-02,2.314879558980464935e-02,-8.812695741653442383e-03,2.423002943396568298e-02,3.514656797051429749e-02,-1.577557250857353210e-02,1.337862387299537659e-02,-2.421700209379196167e-02,-1.840700581669807434e-02,-3.147298470139503479e-02,-2.704709535464644432e-03,5.142367910593748093e-03,2.423002943396568298e-02,-1.688611577264964581e-03,-5.601565819233655930e-03,1.895413501188158989e-03,-2.496279077604413033e-03,-1.354797277599573135e-02,3.142738947644829750e-03,-1.805527880787849426e-02,3.287988901138305664e-02,-5.223785992711782455e-03,1.247325446456670761e-02,-5.870245513506233692e-04,-1.826371066272258759e-02,2.493022475391626358e-03,-2.634038589894771576e-02,2.889365889132022858e-02,-2.852890454232692719e-02,-2.858101204037666321e-02,1.569741033017635345e-02,-1.327440794557332993e-02,2.764307521283626556e-02,5.393135361373424530e-03,4.298876039683818817e-03,-2.828465076163411140e-03,1.578859984874725342e-02,-5.474553443491458893e-03,-1.178282871842384338e-02,5.434821546077728271e-02,-3.071742318570613861e-02,-2.010050229728221893e-02,-1.012841239571571350e-02,1.617940701544284821e-02,-4.746675840578973293e-04,4.914396908134222031e-03,1.791198388673365116e-03,1.297478936612606049e-02,-1.734205754473805428e-03,-2.033498696982860565e-02,-4.992558155208826065e-03,-1.358705386519432068e-02,-7.518962374888360500e-04,4.184239357709884644e-02,2.520704641938209534e-02,-6.897741928696632385e-03,-1.053224690258502960e-02,-5.318230949342250824e-03,6.832607556134462357e-03,-2.675724774599075317e-02,-3.019634820520877838e-02,1.014143973588943481e-02,1.634875684976577759e-02,-3.491208422929048538e-03,1.018703356385231018e-02,2.607984840869903564e-02,3.183773532509803772e-02,-7.249468471854925156e-03,-6.949849892407655716e-03,5.643903277814388275e-03,1.646599732339382172e-02,2.188518829643726349e-02,-1.077975705265998840e-02,1.997023262083530426e-02,-2.218480594456195831e-02,9.240955114364624023e-04,1.886294782161712646e-02,-2.008747495710849762e-02,5.559879913926124573e-02,1.027822215110063553e-02,-1.269471179693937302e-02,-5.246582906693220139e-03,-7.138739805668592453e-03,-2.748675271868705750e-02,-1.024435237050056458e-01,-5.608079489320516586e-03,1.047362573444843292e-02,1.307574799284338951e-03,3.485997766256332397e-02,1.044757198542356491e-02,3.263237886130809784e-03,6.865174975246191025e-03,-2.381316758692264557e-02,2.081698179244995117e-02,-2.348749525845050812e-02,-1.761236600577831268e-02,6.897741928696632385e-03,-2.159859612584114075e-02,1.056481339037418365e-02,-2.092445269227027893e-03,-1.752117648720741272e-03,-5.679727066308259964e-03,-1.715642400085926056e-02,1.779474131762981415e-02,-2.774729207158088684e-02,2.037406712770462036e-02,-1.434587058611214161e-03,-4.496885091066360474e-02,3.334885835647583008e-02,2.504420932382345200e-03,-3.194195032119750977e-02,9.731092490255832672e-03,1.137248147279024124e-02,-9.444500319659709930e-03,1.585373468697071075e-02,9.190476499497890472e-03,-9.972089901566505432e-03,9.457527659833431244e-03,-1.069019781425595284e-03,-3.092585504055023193e-02,-9.750632569193840027e-03,-1.828976348042488098e-02,2.528520673513412476e-02,-9.483581408858299255e-03,4.360754042863845825e-03,-8.350240997970104218e-03,8.232998661696910858e-03,-1.901927031576633453e-02,1.694799400866031647e-02,-1.816641597542911768e-04,-4.754817578941583633e-03,2.189821377396583557e-02,1.569741033017635345e-02,1.172420755028724670e-02,-3.298410400748252869e-02,2.141296165063977242e-03,-3.905463963747024536e-02,-1.373034995049238205e-02,2.441240474581718445e-02,-2.312274277210235596e-02,6.741419434547424316e-03,1.159393880516290665e-02,-2.404765225946903229e-02,-1.759933866560459137e-02,-3.461897838860750198e-03,-3.764773253351449966e-03,1.763841882348060608e-02,9.568256326019763947e-03,4.113242961466312408e-03,-2.404765225946903229e-02,-8.591238409280776978e-03,-2.469899691641330719e-02,1.724761165678501129e-02,-2.217177860438823700e-02,2.144227363169193268e-02,-5.126084201037883759e-03,-3.848145529627799988e-02,2.378711476922035217e-02,-2.761702239513397217e-02,6.252910476177930832e-03,-2.403462538495659828e-03,-1.397786103188991547e-02,1.439472194761037827e-02,-2.576720342040061951e-02,-1.060877926647663116e-03,-2.153346128761768341e-02,3.983625024557113647e-02,-1.878478564321994781e-02,2.615801058709621429e-02,-1.211501471698284149e-02,2.937565324828028679e-03,-7.767287315800786018e-04,8.187404833734035492e-03,-1.350889261811971664e-02,2.090816944837570190e-02,2.015260979533195496e-02,2.416489459574222565e-02,-2.131200395524501801e-02,1.780776865780353546e-02,1.294222287833690643e-02,-1.224528346210718155e-02,-1.830279082059860229e-02,-1.069508306682109833e-02,3.191589936614036560e-02,-1.554108876734972000e-02,-9.086260572075843811e-03,-5.653673410415649414e-02,3.274961933493614197e-02,-1.522844284772872925e-02,-2.888714428991079330e-03,3.784313565120100975e-03,-1.141807530075311661e-02,4.194661043584346771e-03,-2.383922226727008820e-02,-1.103378180414438248e-02,-5.093516781926155090e-03,-3.022240102291107178e-02,3.691822662949562073e-02,-1.677864417433738708e-02,-1.864474616013467312e-03,-2.026985213160514832e-02,-3.794083837419748306e-03,-1.006979122757911682e-02,-1.242114696651697159e-02,1.633572950959205627e-02,-9.320745244622230530e-03,9.939522482454776764e-03,1.348283886909484863e-02,-8.728020824491977692e-03,4.565927665680646896e-03,-2.291431277990341187e-02,1.021308731287717819e-02,-2.291105454787611961e-03,7.225857116281986237e-04,-8.076676167547702789e-03,-4.481252655386924744e-02,-1.158579718321561813e-03,-1.621848717331886292e-02,1.137899514287710190e-02,-3.657301422208547592e-03,3.689868608489632607e-03,-8.356754668056964874e-03,-5.100030452013015747e-03,2.045222790911793709e-03,1.505909301340579987e-02,1.253838837146759033e-02,-1.714339666068553925e-02,-2.456872910261154175e-02,2.701452933251857758e-03,-1.812041364610195160e-02,1.589281484484672546e-02,-1.365218870341777802e-02,-6.646974477916955948e-03,3.704849630594253540e-02,8.506563492119312286e-03,-1.085791923105716705e-02,9.946036152541637421e-03,2.479018643498420715e-02,4.976274911314249039e-03,-8.480509743094444275e-03,1.109891664236783981e-02,-8.877830579876899719e-03,2.578022889792919159e-02,-1.181539613753557205e-02,4.347727168351411819e-03,-3.527683764696121216e-02,3.264540433883666992e-02,-2.336699690204113722e-04,5.751375108957290649e-03,-5.005585495382547379e-03,1.651810668408870697e-02,-5.005585495382547379e-03,1.785987615585327148e-02,1.465525943785905838e-03,-2.893599448725581169e-03,-5.705780815333127975e-03,-6.142182275652885437e-03,-1.809436082839965820e-02,-9.464041329920291901e-03,2.499861642718315125e-02,1.828976348042488098e-02,-1.396483369171619415e-02,-2.361776493489742279e-02,-1.418629102408885956e-02,-2.803388237953186035e-02,-6.204059813171625137e-03,6.640460807830095291e-03,9.678984992206096649e-03,-2.457198454067111015e-03,5.275893490761518478e-03,3.454733267426490784e-02,-7.614221423864364624e-03,1.703918166458606720e-02,-2.243882976472377777e-03,-4.324929788708686829e-03,-3.712665755301713943e-03,1.006979122757911682e-02,1.710431650280952454e-02,-4.494279623031616211e-03,5.878387484699487686e-03,1.097516040317714214e-03,8.167864754796028137e-03,3.256724216043949127e-03,1.552806142717599869e-02,2.002234198153018951e-02,1.495487801730632782e-02,-3.066531568765640259e-02,4.012284334748983383e-03,-1.676561683416366577e-02,3.264866070821881294e-03,-1.257095579057931900e-02,-1.196032040752470493e-03,-6.024939939379692078e-03,-1.277938578277826309e-02,8.174378424882888794e-03,2.701778523623943329e-02,-9.500475425738841295e-05,1.601494150236248970e-03,3.142087534070014954e-02,2.381316758692264557e-02,-1.128129288554191589e-02,2.132503129541873932e-02,-2.426910959184169769e-02,2.139667980372905731e-03,-1.904532313346862793e-02,1.221922971308231354e-02,1.565833017230033875e-02,1.495487801730632782e-02,9.470554068684577942e-03,1.057132706046104431e-02,2.709594555199146271e-02,-5.038152448832988739e-03,-7.080118637531995773e-03,8.623805828392505646e-03,-6.239883601665496826e-03,1.683075167238712311e-02,2.415186725556850433e-02,-1.898019015789031982e-02,-2.394343726336956024e-02,-1.273379195481538773e-02,-2.240626374259591103e-03,1.321578770875930786e-02,-1.274681929498910904e-02,2.983159385621547699e-02,1.429050602018833160e-02,6.226857006549835205e-02,1.500698551535606384e-02,-1.125523913651704788e-02,1.152880396693944931e-02,2.613195590674877167e-02,2.520704641938209534e-02,-1.895413547754287720e-02,3.136876970529556274e-02,8.812695741653442383e-03,-2.594957873225212097e-02,3.277892945334315300e-03,6.734905764460563660e-03,2.894576638936996460e-02,5.311717279255390167e-03,-1.586676016449928284e-02,1.005676481872797012e-02,1.930586248636245728e-02,1.322881411761045456e-02,-2.975017763674259186e-03,-1.709780306555330753e-03,1.198474504053592682e-02,-1.120313163846731186e-02,-7.873130962252616882e-04,-2.615801058709621429e-02,-2.842468954622745514e-02,-7.216901052743196487e-03,3.720481693744659424e-02,-1.264911703765392303e-02,7.041038013994693756e-03,-2.829442173242568970e-02,1.981391012668609619e-02,-1.124384114518761635e-03,-1.508514676243066788e-02,-1.633572950959205627e-02,1.891505531966686249e-02,-2.297944761812686920e-02,-1.191961113363504410e-02,-1.485066302120685577e-02,1.042803097516298294e-02,1.110543031245470047e-02,-2.015260979533195496e-02,-7.216901052743196487e-03,-2.971760928630828857e-03,-9.353312663733959198e-03,2.256258577108383179e-02,-1.290314178913831711e-02,-8.491908665746450424e-04,4.136039875447750092e-03,-1.303341053426265717e-02
-1.126057002693414688e-03,3.215156262740492821e-03,-1.643859408795833588e-02,-6.908489391207695007e-03,-4.654703661799430847e-03,4.472795501351356506e-02,-3.066352801397442818e-03,-5.938759539276361465e-03,1.279374677687883377e-02,-5.567586980760097504e-03,2.029076218605041504e-02,2.952660433948040009e-03,-1.000493764877319336e-02,1.119536440819501877e-02,1.701207249425351620e-03,-2.212321758270263672e-02,1.855193637311458588e-02,7.182688917964696884e-03,8.011975325644016266e-03,-7.878219708800315857e-03,-4.004650190472602844e-02,-5.142912268638610840e-03,-1.560930721461772919e-02,-7.216128055006265640e-03,-9.087037760764360428e-04,-1.785640604794025421e-03,1.056002452969551086e-02,4.403911530971527100e-03,-1.417811959981918335e-02,-1.972898840904235840e-02,6.784765515476465225e-03,-6.794797256588935852e-03,-2.862375229597091675e-02,-8.145730942487716675e-03,-2.507922239601612091e-02,-4.069521557539701462e-03,-1.225872337818145752e-02,1.038614194840192795e-02,1.225872337818145752e-02,7.169313263148069382e-03,3.220840916037559509e-02,-1.919396407902240753e-02,-3.345986187923699617e-04,2.437031641602516174e-02,-1.938122324645519257e-02,-7.470264099538326263e-03,-8.928203023970127106e-03,-2.194933407008647919e-02,-2.204296365380287170e-02,1.237241644412279129e-02,4.978225333616137505e-04,1.860543899238109589e-02,-1.348927710205316544e-02,2.120030112564563751e-02,-1.461951434612274170e-02,-5.527460481971502304e-03,4.310282412916421890e-03,1.661247573792934418e-02,-5.585644394159317017e-02,-4.316970240324735641e-03,1.380360312759876251e-02,-4.574450198560953140e-03,-7.985224016010761261e-03,3.902326803654432297e-03,-2.313976176083087921e-02,-4.624608438462018967e-03,2.444388112053275108e-03,-1.106829661875963211e-02,-1.904683373868465424e-02,-1.760227046906948090e-02,5.307431891560554504e-02,4.071528092026710510e-02,-8.172482252120971680e-03,-3.054983541369438171e-02,8.453370071947574615e-03,-3.424149751663208008e-02,-8.426618762314319611e-03,6.963663618080317974e-04,-1.932772062718868256e-02,-4.979061428457498550e-03,1.373672578483819962e-02,-4.403911530971527100e-03,-2.891801483929157257e-02,-1.432525180280208588e-02,9.369596838951110840e-03,-1.717425137758255005e-02,1.294087804853916168e-02,2.174870111048221588e-02,5.390360485762357712e-03,-1.756214350461959839e-02,2.750020287930965424e-02,3.755864128470420837e-02,1.179726608097553253e-02,5.233197589404881001e-04,-3.584656631574034691e-03,1.785640604794025421e-02,-1.936784759163856506e-02,2.620276995003223419e-02,-2.765402197837829590e-03,-1.240585464984178543e-02,-9.108773432672023773e-03,6.627602502703666687e-03,-2.533335797488689423e-02,4.390535876154899597e-03,-2.766070887446403503e-02,-1.720100268721580505e-02,-1.140268635936081409e-03,-9.724049828946590424e-03,3.568606078624725342e-02,-5.667903926223516464e-03,7.249567192047834396e-03,3.894970193505287170e-02,-1.654559932649135590e-02,-4.333689436316490173e-02,-9.095397777855396271e-03,-1.321507804095745087e-02,1.900670677423477173e-02,-2.835623919963836670e-02,5.490677431225776672e-03,-2.806197665631771088e-02,5.811691749840974808e-03,1.279374677687883377e-02,1.690674014389514923e-02,-1.686661317944526672e-02,-4.698174074292182922e-03,9.409723803400993347e-03,-1.782965473830699921e-02,-1.669272966682910919e-02,-1.006512716412544250e-02,3.141590394079685211e-03,2.643350046128034592e-03,3.646184504032135010e-02,4.165157303214073181e-02,5.697999149560928345e-03,1.218515820801258087e-02,1.623795926570892334e-02,-1.092116534709930420e-02,-2.394229732453823090e-02,-1.363640837371349335e-02,-3.052308410406112671e-02,3.009506501257419586e-02,9.255904704332351685e-03,-2.322001568973064423e-02,-8.252736181020736694e-03,1.820417121052742004e-02,3.180881321895867586e-04,3.307113423943519592e-03,1.251285988837480545e-02,-5.681279581040143967e-03,-1.232560165226459503e-02,1.131908851675689220e-03,-8.065477944910526276e-03,2.553399093449115753e-02,-1.750864088535308838e-02,-4.744988866150379181e-03,-5.841786507517099380e-03,-2.066527865827083588e-02,6.249742116779088974e-03,-3.079059720039367676e-02,-7.998599670827388763e-03,1.110173575580120087e-02,3.036257810890674591e-02,3.378672897815704346e-02,1.074059493839740753e-02,1.979586482048034668e-02,1.954172924160957336e-02,-2.676788950338959694e-03,-4.510915838181972504e-03,-1.203802600502967834e-02,-8.934890851378440857e-03,3.250266984105110168e-02,6.564068142324686050e-03,-3.164663538336753845e-02,1.457938738167285919e-02,-1.774940080940723419e-02,1.375010143965482712e-02,2.854015445336699486e-03,3.775258781388401985e-03,-3.063008934259414673e-02,1.871244236826896667e-02,-2.354102954268455505e-02,1.064027752727270126e-02,2.182895503938198090e-02,2.232385054230690002e-02,-1.770927384495735168e-02,-2.375838346779346466e-03,-2.190252067521214485e-03,1.348927710205316544e-02,3.173357574269175529e-03,-1.978248916566371918e-02,1.572968810796737671e-02,2.113342471420764923e-02,-2.055827341973781586e-02,-1.910033449530601501e-02,-6.398879885673522949e-01,-7.624083198606967926e-03,-2.368815988302230835e-02,-1.043295580893754959e-02,2.479833364486694336e-02,9.690611623227596283e-03,1.752201654016971588e-02,1.432525180280208588e-02,-2.283212356269359589e-02,3.942453768104314804e-03,-4.206621553748846054e-03,2.168182283639907837e-02,-5.032563582062721252e-03,-1.591694541275501251e-02,-6.099266465753316879e-03,-1.547555159777402878e-02,-8.647315204143524170e-03,-8.934890851378440857e-03,6.584131624549627304e-03,-1.202465035021305084e-02,-2.533335797488689423e-02,1.715418766252696514e-03,-9.002395381685346365e-05,-1.241923030465841293e-02,2.370153553783893585e-02,-6.677760742604732513e-03,2.348752692341804504e-02,4.739972937386482954e-04,-1.812391728162765503e-02,1.432525180280208588e-02,-3.729113191366195679e-02,3.274343162775039673e-02,1.392398402094841003e-02,2.177545242011547089e-02,4.652028530836105347e-02,4.082897212356328964e-03,-1.708062179386615753e-02,3.330520540475845337e-02,1.093454100191593170e-02,2.907852083444595337e-02,-5.316794849932193756e-03,-4.001975059509277344e-02,2.396904863417148590e-02,-2.362462691962718964e-03,6.554036401212215424e-03,2.103979513049125671e-02,1.868569292128086090e-02,1.429850049316883087e-02,2.283881185576319695e-03,-1.765577122569084167e-02,1.750529627315700054e-03,-1.193102169781923294e-02,-4.862024914473295212e-03,1.259980071336030960e-02,3.136574756354093552e-03,1.223197206854820251e-02,1.855193637311458588e-02,-3.319820016622543335e-02,-3.278690157458186150e-03,-1.889301347546279430e-03,-1.289406418800354004e-02,2.189583331346511841e-02,-2.883776091039180756e-02,-3.194089606404304504e-02,5.524116568267345428e-03,-8.553686551749706268e-03,-3.016194328665733337e-03,1.532842032611370087e-02,6.637633778154850006e-03,-3.741819877177476883e-03,-7.082371972501277924e-03,-3.577969036996364594e-03,1.887295022606849670e-02,-1.912708627060055733e-03,5.423799622803926468e-03,-4.855337087064981461e-03,1.631821319460868835e-02,-7.991911843419075012e-03,-2.584831789135932922e-03,6.704512052237987518e-03,3.036257810890674591e-03,-1.037276629358530045e-02,-1.136924698948860168e-02,-2.942628599703311920e-02,9.215777739882469177e-03,-2.404261380434036255e-03,-2.059840038418769836e-02,-9.396348148584365845e-03,7.084879907779395580e-04,1.097466703504323959e-02,-5.985574331134557724e-03,-4.146431107074022293e-03,8.683680789545178413e-05,-1.010525412857532501e-02,6.045764312148094177e-03,1.621120795607566833e-02,-7.583956699818372726e-03,2.384866774082183838e-02,1.827104948461055756e-02,-7.390010636299848557e-03,1.336889714002609253e-02,-1.789653301239013672e-02,2.552061527967453003e-02,3.250267123803496361e-03,-3.514434909448027611e-03,6.868362892419099808e-03,1.941131777130067348e-03,-3.320488845929503441e-03,3.638159111142158508e-02,-2.923902869224548340e-02,5.253260955214500427e-03,5.259948782622814178e-03,1.163007132709026337e-02,-8.702490013092756271e-04,8.272799663245677948e-03,-3.226191177964210510e-02,-4.711549729108810425e-03,-5.032563931308686733e-04,1.499403081834316254e-02,-2.705880813300609589e-02,-5.176351405680179596e-03,-1.219686120748519897e-03,1.437039347365498543e-03,-3.333195671439170837e-02,1.143612526357173920e-02,4.387191683053970337e-02,2.892470220103859901e-03,-1.105492096394300461e-02,-9.229153394699096680e-03,-1.419149525463581085e-02,1.637673121877014637e-03,8.633940480649471283e-03,2.939953468739986420e-02,1.571631245315074921e-02,2.307288348674774170e-02,8.702490013092756271e-04,-5.169663578271865845e-03,1.900670677423477173e-02,2.362128347158432007e-02,-1.008519064635038376e-02,-3.090491736656986177e-05,-3.487683832645416260e-03,1.076734624803066254e-02,-9.536791592836380005e-03,-1.741501130163669586e-02,-3.301094472408294678e-02,8.794447057880461216e-04,-1.785640604794025421e-02,-2.483846060931682587e-02,1.231891382485628128e-02,2.640340477228164673e-02,-1.492213690653443336e-03,-3.180713951587677002e-02,-3.114839317277073860e-03,3.318816889077425003e-03,1.190427108667790890e-03,1.090110186487436295e-02,1.225872337818145752e-02,9.148900397121906281e-03,-2.248435840010643005e-02,1.264661550521850586e-02,-5.738126114010810852e-03,5.269980523735284805e-03,-2.731294371187686920e-02,1.054664887487888336e-02,-2.470470592379570007e-02,1.359628234058618546e-02,-6.002293899655342102e-03,1.419149525463581085e-02,-2.322001568973064423e-02,1.912708580493927002e-02,1.483352389186620712e-02,-2.867725305259227753e-02,5.473958328366279602e-03,4.985749255865812302e-03,3.273674286901950836e-03,-2.934603393077850342e-02,1.399420551024377346e-03,-4.587825387716293335e-03,3.025557287037372589e-02,1.051320973783731461e-02,1.101479399949312210e-02,-3.876244649291038513e-02,-1.800353638827800751e-02,-4.748332779854536057e-03,-6.684448570013046265e-03,-1.288737636059522629e-02,2.257798798382282257e-02,2.041114307940006256e-02,1.401761267334222794e-02,-7.089059799909591675e-03,1.041289325803518295e-02,2.639002911746501923e-02,-7.343196310102939606e-03,1.811054162681102753e-02,2.002325095236301422e-02,4.161060787737369537e-04,2.196939894929528236e-03,7.155938073992729187e-03,1.788315735757350922e-02,1.146956346929073334e-03,-1.047308277338743210e-02,5.799653753638267517e-02,-1.811054162681102753e-02,2.763395756483078003e-02,-4.472795501351356506e-02,1.789653301239013672e-02,-1.570293679833412170e-02,9.088709950447082520e-03,-1.554242987185716629e-02,-1.487364992499351501e-02,-4.191908240318298340e-02,-1.793665997684001923e-02,4.918871447443962097e-03,8.961642161011695862e-03,3.913696110248565674e-02,-1.253125141374766827e-03,1.556918118149042130e-02,9.222465567290782928e-03,-3.815385513007640839e-03,1.360297016799449921e-02,-1.171032432466745377e-02,5.634465254843235016e-03,7.443512789905071259e-03,-4.809860140085220337e-02,1.769589819014072418e-02,4.280187189579010010e-02,-2.068199915811419487e-03,1.306794676929712296e-02,4.828586243093013763e-03,1.736150868237018585e-02,1.975573971867561340e-02,-1.808379031717777252e-02,5.066002719104290009e-03,-1.475326996296644211e-02,1.767249195836484432e-03,2.058502472937107086e-02,-2.982755377888679504e-02,1.334214583039283752e-02,-1.922071538865566254e-02,1.437875349074602127e-02,1.785640604794025421e-02,-1.995637267827987671e-02,-1.835130155086517334e-02,1.655897498130798340e-02,8.841261267662048340e-03,2.117355167865753174e-02,6.206271238625049591e-03,2.715243771672248840e-02,3.924396634101867676e-02,1.432525180280208588e-02,1.673620077781379223e-03,-1.287400070577859879e-02,-1.928759366273880005e-02,1.112848613411188126e-02,-3.218165785074234009e-02,1.900670677423477173e-02,4.654703661799430847e-03,1.962198317050933838e-02,2.395567297935485840e-02,6.868362892419099808e-03,-1.712074875831604004e-02,7.026362000033259392e-04,-1.050652191042900085e-02,4.478145763278007507e-02,-9.958122856914997101e-03,-3.460932639427483082e-04,-1.859206333756446838e-02,-2.477158233523368835e-02,-2.263148874044418335e-02,7.630771026015281677e-03,5.209790077060461044e-03,1.158869054052047431e-04,-3.056321060284972191e-03,2.414293028414249420e-02,1.016544457525014877e-02,-1.824429817497730255e-02,1.451250910758972168e-02,3.239566832780838013e-02,-4.226685035973787308e-03,-2.184233069419860840e-02,-2.471139188855886459e-03,2.169519849121570587e-02,-8.163286838680505753e-04,-1.633493346162140369e-03,-1.056002452969551086e-02,-2.899826876819133759e-02,8.761008270084857941e-03,-5.160300806164741516e-02,-6.881738547235727310e-03,-1.853856071829795837e-02,2.899826876819133759e-02,-5.310107022523880005e-03,-4.517603665590286255e-03,-6.032388657331466675e-03,-2.328689396381378174e-02,3.290393948554992676e-02,-5.166319664567708969e-03,2.342064864933490753e-02,-9.011800284497439861e-04,-1.746851392090320587e-02,-8.085541427135467529e-03,1.103747035813285038e-05,-1.179057825356721878e-02,3.937772288918495178e-02,1.738825999200344086e-02,3.788634436205029488e-03,6.516417488455772400e-04,-1.355615537613630295e-02,-4.146431386470794678e-02,-2.735307067632675171e-02,-8.272799663245677948e-03,-1.404436398297548294e-02,1.236572861671447754e-02,8.995080715976655483e-04,-3.095110319554805756e-02,-3.242241591215133667e-02,1.452922937460243702e-03,3.555230423808097839e-02,-3.654878586530685425e-03,-8.961642161011695862e-03,-2.907852083444595337e-02,-1.519800862297415733e-03,1.544880028814077377e-02,1.021894663572311401e-01,2.126717939972877502e-02,-1.324851717799901962e-02,2.832948789000511169e-02,2.258801832795143127e-03,2.848999574780464172e-02,-2.991115208715200424e-03,-1.412461791187524796e-02,1.586678787134587765e-03,-2.552061527967453003e-02,-5.142912268638610840e-03,3.153294092044234276e-03,1.674623228609561920e-02,2.685148734599351883e-03,2.103979513049125671e-02,3.805354004725813866e-03,-3.188404953107237816e-03,-2.584162913262844086e-02,-5.778252612799406052e-03,-2.445056848227977753e-02,-2.081241086125373840e-02,2.054489776492118835e-02,1.088772621005773544e-02,2.760720625519752502e-02,-5.407080054283142090e-03,-8.150747162289917469e-04,-5.387016572058200836e-03,3.606057539582252502e-02,2.204296365380287170e-02,1.175379496999084949e-03,8.807823061943054199e-03,2.663078904151916504e-02,6.029044743627309799e-03,1.074059493839740753e-02,-5.520772654563188553e-03,9.657172486186027527e-03,1.558255590498447418e-02,2.156144194304943085e-02,1.635834015905857086e-02,-9.483289904892444611e-03,4.139743745326995850e-03,1.958185620605945587e-02,1.213834341615438461e-02,-9.757488965988159180e-03,-7.624083082191646099e-04,-4.547698888927698135e-03,-2.126717939972877502e-03,1.609082892537117004e-02,-4.740307107567787170e-02,-7.644146680831909180e-03,1.815066859126091003e-02,-2.213659323751926422e-02,-1.128230616450309753e-02,-2.506584674119949341e-02,4.975717514753341675e-03,-1.243929378688335419e-02,1.207815296947956085e-02,6.064992048777639866e-04,-9.503353387117385864e-03,2.420980855822563171e-02,-2.156144194304943085e-02,-5.973034421913325787e-04,7.109123282134532928e-03,2.126717939972877502e-03,-2.982755377888679504e-02,-1.096129138022661209e-02,1.039951690472662449e-03,-1.229216251522302628e-02,-1.216509472578763962e-02,-8.892673940863460302e-05,-1.318832673132419586e-02,7.784590590745210648e-03,-1.179057825356721878e-02,6.045764312148094177e-03,1.358290668576955795e-02,1.840480417013168335e-02,3.541854768991470337e-02,2.452747896313667297e-03,1.108501572161912918e-03,7.891595363616943359e-03,9.429787285625934601e-03,-2.392892166972160339e-02,1.623795926570892334e-02,1.549059874378144741e-03,-5.831754766404628754e-03,2.225697226822376251e-02,-1.724112965166568756e-02,-9.082022123038768768e-03,-3.458926081657409668e-02,-1.510103512555360794e-02,-1.314151193946599960e-02,-5.196414887905120850e-03,1.138262264430522919e-02,1.714750006794929504e-02,-2.151797292754054070e-03,2.289900183677673340e-02,2.118692733347415924e-02,2.031751349568367004e-02,-2.095954120159149170e-02,-1.222528424113988876e-02,-8.714193478226661682e-03,-3.266986692324280739e-03,1.808379031717777252e-02,-2.222019014880061150e-03,2.461107634007930756e-02,-4.437350202351808548e-03,-3.016194328665733337e-03,3.113167360424995422e-03,1.780624734237790108e-03,4.430662374943494797e-03,1.244598161429166794e-02,-3.052308410406112671e-02,-2.436864306218922138e-04,-2.741994801908731461e-03,8.627252653241157532e-03,1.397748570889234543e-02,-7.323132827877998352e-03,2.998806163668632507e-02,-7.911658845841884613e-03,5.346890073269605637e-03,-2.623286563903093338e-03,-3.325170278549194336e-02,4.579800367355346680e-02,4.637984093278646469e-03,-4.007325321435928345e-02,3.524466650560498238e-03,9.610357694327831268e-03,-3.290393948554992676e-02,7.369947154074907303e-03,1.607745327055454254e-02,-1.281381025910377502e-02,2.731294371187686920e-02,8.179170079529285431e-03,1.982930349186062813e-03,-4.783109202980995178e-02,-7.209440227597951889e-03,1.849174615927040577e-03,8.928203023970127106e-03,1.472651865333318710e-02,2.776771411299705505e-02,-4.515597596764564514e-02,-1.881944760680198669e-02,-1.732138171792030334e-02,-1.200458779931068420e-02,-4.507572203874588013e-02,-1.967548578977584839e-02,-7.162625901401042938e-03,7.690961472690105438e-03,-1.670276164077222347e-03,1.795003563165664673e-02,-3.619433194398880005e-02,-8.118979632854461670e-03,-3.186064213514328003e-02,2.884110435843467712e-03,-2.412621164694428444e-03,-1.197783648967742920e-02,-4.631296265870332718e-03,3.564593382179737091e-03,3.030907548964023590e-02,3.359946981072425842e-02,1.150300260633230209e-02,6.834923755377531052e-03,-4.377160221338272095e-03,8.332989178597927094e-03,-1.341571193188428879e-02,9.817679412662982941e-03,-1.486027520149946213e-02,-1.290075201541185379e-02,-4.157131910324096680e-02,1.207815296947956085e-02,2.907852083444595337e-02,1.367653533816337585e-02,1.845830678939819336e-02,1.435367506928741932e-03,4.403911530971527100e-03,2.677792124450206757e-02,9.021831676363945007e-03,-9.396348148584365845e-03,3.372319275513291359e-03,-4.012675583362579346e-02,-2.782121673226356506e-02,-1.867231726646423340e-02,-1.670276164077222347e-03,-1.062690187245607376e-02,8.847949095070362091e-03,-1.264661550521850586e-02,1.403098832815885544e-02,5.304255173541605473e-04,5.333514418452978134e-04,-1.299103721976280212e-03,2.499896846711635590e-02,-2.021050825715065002e-02,2.982755377888679504e-02,-1.999649964272975922e-02,1.156319305300712585e-02,4.320313688367605209e-03,1.617108285427093506e-02,1.572968810796737671e-02,-1.058008801192045212e-02,2.387541905045509338e-02,-3.778602695092558861e-03,2.164169587194919586e-02,-3.137912228703498840e-02,-1.637171581387519836e-02,-2.343402430415153503e-02,1.065365318208932877e-02,-1.022563502192497253e-02,-8.038726635277271271e-03,1.927421800792217255e-02,-7.209440227597951889e-03,-2.383529208600521088e-02,-1.070046797394752502e-02,-3.124536573886871338e-02,-2.423655986785888672e-02,1.312813628464937210e-02,-7.242879364639520645e-03,-2.277193358168005943e-03,2.803522534668445587e-02,-1.289071980863809586e-03,-5.266636610031127930e-03,3.905670717358589172e-03,-8.633940480649471283e-03,1.461951434612274170e-02,-1.170363626442849636e-03,4.783109202980995178e-02,2.784796804189682007e-02,5.009156651794910431e-03,-1.762901991605758667e-02,-1.023900974541902542e-02,-2.804693067446351051e-04,6.868362892419099808e-03,-1.919396454468369484e-03,2.701868116855621338e-02,-6.750490283593535423e-04,5.972198676317930222e-03,2.437031641602516174e-02,-1.020557153970003128e-02,-1.752201654016971588e-02,-3.178038820624351501e-02,3.614082932472229004e-02,-1.716087572276592255e-02,-1.187083125114440918e-02,-2.997803036123514175e-03,-1.275361981242895126e-02,1.961195142939686775e-03,-1.056002452969551086e-02,-2.136080898344516754e-02,4.397223703563213348e-03,-1.664424315094947815e-03,-2.026401087641716003e-02,-1.614433154463768005e-02,4.327001515775918961e-03,-1.445900741964578629e-02,-3.265314735472202301e-03,-1.638509146869182587e-02,-3.846818208694458008e-02,-3.845480678137391806e-04,-6.875886465422809124e-04,-5.193070974200963974e-03,-2.527985488995909691e-03,-1.932772062718868256e-02,1.766914688050746918e-02,-1.312813628464937210e-02,1.700036786496639252e-02,2.838131913449615240e-04,3.333195671439170837e-02,-3.244916722178459167e-02,-1.720100268721580505e-02,-4.397223528940230608e-04,2.055827341973781586e-02,-6.226334720849990845e-03,5.390360485762357712e-03,-2.003662660717964172e-02,2.723269164562225342e-02,3.054983541369438171e-02,6.908489391207695007e-03,-6.788109429180622101e-03,-1.946147531270980835e-02,-2.098629251122474670e-02,1.059346366673707962e-02,3.614082932472229004e-02,1.659910008311271667e-02,-6.754670292139053345e-03,-8.854636922478675842e-03,-1.068040449172258377e-02,-2.431681379675865173e-02,-1.153644174337387085e-02,5.430487450212240219e-03,4.068852961063385010e-02,-2.174870111048221588e-02,-2.891801483929157257e-02,-5.688803503289818764e-04,-2.224359847605228424e-02,2.531998232007026672e-02,8.727569133043289185e-03,-1.385710574686527252e-02,-8.251063991338014603e-04,1.820417121052742004e-02,-3.753188997507095337e-02,2.352765388786792755e-02,-3.571281209588050842e-02,-8.767696097493171692e-03,-1.348258927464485168e-02,2.599879400804638863e-03,1.615770719945430756e-02,7.319997530430555344e-05,1.327526755630970001e-02,-3.295744210481643677e-02,-7.109123282134532928e-03,2.733969502151012421e-02,-1.261317636817693710e-02,2.121367678046226501e-02,1.502078212797641754e-02,-9.944747202098369598e-03,-8.050430333241820335e-04,-1.900670677423477173e-02,2.638334175571799278e-03,-2.996131032705307007e-02,-3.539179638028144836e-02,2.348752692341804504e-02,-1.848505809903144836e-02,-8.011975325644016266e-03,1.262655202299356461e-02,-2.031751349568367004e-02,4.554386716336011887e-03,1.203802600502967834e-02,3.541185986250638962e-03,1.443225611001253128e-02,-3.750513866543769836e-02,-1.970223709940910339e-02,1.948822662234306335e-02,-2.165172772947698832e-04,-1.366984751075506210e-02,-1.021894719451665878e-02,1.349596492946147919e-02,2.026400994509458542e-03,7.169313263148069382e-03,1.590356975793838501e-02,6.798141170293092728e-03,-8.948266506195068359e-03,6.012325175106525421e-03,1.950160227715969086e-02,7.998599670827388763e-03,5.012500565499067307e-03,-1.639846712350845337e-02,-4.347064998000860214e-03,-1.514784991741180420e-03,-2.929253131151199341e-02,-2.463782764971256256e-02,-5.312782153487205505e-02,-2.510597184300422668e-02,3.632808849215507507e-02,2.391554601490497589e-02,-8.888076059520244598e-03,-4.300250671803951263e-03,-5.580962635576725006e-03,-4.793809726834297180e-02,2.919221296906471252e-03,1.408449094742536545e-02,3.323832759633660316e-03,-1.171701215207576752e-02,5.457238759845495224e-03,1.946147531270980835e-02,3.108485974371433258e-02,-4.494196735322475433e-03,9.075334295630455017e-03,-3.065684065222740173e-02,-2.336714603006839752e-02,-1.010525412857532501e-02,-3.429500013589859009e-02,-1.809716597199440002e-02,3.076384542509913445e-03,-2.347415126860141754e-02,-1.350934035144746304e-03,8.199233561754226685e-03,-2.065190300345420837e-02,1.179726608097553253e-02,1.825767382979393005e-02,-9.041895158588886261e-03,-5.092754028737545013e-03,-1.855193637311458588e-02,1.887295022606849670e-02,-1.499403081834316254e-02,-1.451250910758972168e-02,-6.229678634554147720e-03,-9.429787285625934601e-03,1.012531761080026627e-02,2.302272478118538857e-03,-5.537492223083972931e-03,-4.470120370388031006e-02,-1.049314625561237335e-02,2.830273844301700592e-02,-8.821197785437107086e-03,-3.898982889950275421e-03,1.054664887487888336e-02,-5.259948782622814178e-03,-7.503703236579895020e-03,-3.734463453292846680e-02,2.687155082821846008e-02,4.898807965219020844e-03,-2.404930070042610168e-02,1.175045128911733627e-02,-1.070715580135583878e-02,-2.213659323751926422e-02,-1.500740647315979004e-02,1.283387374132871628e-02,-3.164997790008783340e-03,-2.342064864933490753e-02,3.554561641067266464e-03,3.216828219592571259e-03,5.651184823364019394e-03,-7.169313263148069382e-03,-1.859206333756446838e-02,-3.057658672332763672e-02,3.143262350931763649e-03,-1.183739304542541504e-02,-8.878044318407773972e-04,-4.989093169569969177e-03,7.410074118524789810e-03,3.707712143659591675e-02,5.316794849932193756e-03,-9.744113311171531677e-03,3.765227040275931358e-03,-1.692011393606662750e-02,-4.199933726340532303e-03,-5.755681195296347141e-04,-2.376841381192207336e-02,-6.423624698072671890e-03,2.441044198349118233e-03,-7.008806336671113968e-03,-2.029744908213615417e-03,-2.763395756483078003e-02,4.260123707354068756e-03,1.379022840410470963e-02,-1.315488759428262711e-02,1.259980071336030960e-02,2.017038166522979736e-01,-1.344915013760328293e-02,-3.604720113798975945e-03,1.631821319460868835e-02,1.724196481518447399e-04,1.908695884048938751e-02,3.135237097740173340e-02,8.486808277666568756e-03,1.543542463332414627e-02,1.350265275686979294e-02,-3.060333803296089172e-02,-6.430312525480985641e-03,-5.922039970755577087e-03,6.370122078806161880e-03,2.716581337153911591e-02,-3.755864128470420837e-02,-1.974236406385898590e-02,-1.128899399191141129e-02,-3.226191177964210510e-02,-6.286524701863527298e-03,8.105603978037834167e-03,-1.131574437022209167e-02,3.601376200094819069e-03,-4.380504135042428970e-03,1.712074875831604004e-02,1.622458361089229584e-02,-2.583159832283854485e-03,2.687155082821846008e-02,2.792822197079658508e-02,-8.934890851378440857e-03,5.567586980760097504e-03,6.915177218616008759e-03,1.498065516352653503e-02,-6.523941643536090851e-03,-1.824095379561185837e-03,1.922740368172526360e-03,1.320170238614082336e-02,1.671948097646236420e-02,-1.064194948412477970e-03,-5.216477904468774796e-03,2.473145723342895508e-02,-8.948266506195068359e-03,4.500884097069501877e-03,6.222990807145833969e-03,-7.851468399167060852e-03,2.953329123556613922e-02,6.366778165102005005e-03,-3.615587775129824877e-04,-1.130654927692376077e-04,1.821754686534404755e-02,-2.669766731560230255e-02,1.587681844830513000e-02,2.045127004384994507e-02,2.540023624897003174e-02,-1.095126033760607243e-03,1.423162221908569336e-02,1.340902410447597504e-02,1.631821319460868835e-02,-9.103757329285144806e-04,-6.233022548258304596e-03,-1.161669567227363586e-02,4.367128480225801468e-03,-2.082578651607036591e-02,1.550731831230223179e-03,-1.376347709447145462e-02,7.048933301120996475e-03,-2.945303730666637421e-02,-1.316826324909925461e-02,8.714193478226661682e-03,-9.939731098711490631e-04,1.251954771578311920e-02,-2.998806163668632507e-02,-1.506090816110372543e-02,7.383322808891534805e-03,-9.530103765428066254e-03,-1.164344698190689087e-02,2.974729984998703003e-02,1.009856630116701126e-02,3.022046294063329697e-04,2.223690971732139587e-03,1.193770905956625938e-03,2.683476777747273445e-03,1.089441403746604919e-02,8.506871759891510010e-03,1.225872337818145752e-02,-2.996131032705307007e-02,1.690674014389514923e-02,-1.586344279348850250e-02,-3.445550799369812012e-02,1.217847038060426712e-02,1.408449094742536545e-02,-3.961848095059394836e-02,4.758364520967006683e-03,-2.082578651607036591e-02,-1.989618176594376564e-03,-6.614226847887039185e-03,1.795003563165664673e-02,1.615770719945430756e-02,-2.784796804189682007e-02,2.046464569866657257e-02,-7.757839281111955643e-03,-2.750354586169123650e-03,8.065477944910526276e-03,1.551567856222391129e-02,-1.183739281259477139e-03,-1.900670677423477173e-02,1.774940080940723419e-02,2.667091600596904755e-02,1.629146188497543335e-02,-1.276030763983726501e-02,2.196270972490310669e-02,-3.020207025110721588e-02,-1.143612526357173920e-02,-1.440383261069655418e-03,4.432668909430503845e-02,1.613429980352520943e-03,-2.633652649819850922e-02,-4.114329814910888672e-02,1.001162547618150711e-02,1.894317218102514744e-03,9.804303757846355438e-03,-1.773602515459060669e-02,1.823092252016067505e-02,1.789653301239013672e-02,-1.607578131370246410e-03,-6.219646893441677094e-03,-2.513272315263748169e-02,1.682648621499538422e-02,2.392892166972160339e-02,-2.980080246925354004e-02,1.015206892043352127e-02,-1.881944760680198669e-02,1.939459890127182007e-02,-1.706223003566265106e-03,1.199789997190237045e-02,1.904683373868465424e-02,-2.088890178129076958e-04,-2.166844671592116356e-03,-1.045970711857080460e-02,-1.486027520149946213e-02,9.924683719873428345e-03,-4.641328006982803345e-03,2.148118987679481506e-02,9.637109003961086273e-03,-1.268674246966838837e-02,-2.506250282749533653e-03,2.840974181890487671e-02,-6.697824224829673767e-03,5.393704399466514587e-03,-2.843649312853813171e-02,-4.173182323575019836e-02,5.303419195115566254e-03,-2.476155059412121773e-03,-7.604020182043313980e-03,1.554242987185716629e-02,-1.039951760321855545e-02,-7.630771026015281677e-03,-2.889126352965831757e-02,2.074553258717060089e-02,2.132068201899528503e-02,-2.083916030824184418e-02,3.044283203780651093e-02,4.320313688367605209e-03,-1.824429817497730255e-02,-1.247942075133323669e-02,1.094791665673255920e-02,-1.701374351978302002e-01,2.652378566563129425e-02,2.251110970973968506e-02,2.168516628444194794e-03,6.122673861682415009e-03,-1.919396407902240753e-02,3.180713951587677002e-02,-1.540867332369089127e-02,7.871531881392002106e-03,1.637171581387519836e-02,-1.208484079688787460e-02,-5.504053086042404175e-03,-9.617045521736145020e-03,-2.144106291234493256e-02,-1.946147531270980835e-02,2.237735316157341003e-02,-4.872056655585765839e-03,2.808872796595096588e-02,4.138405993580818176e-02,5.463926587253808975e-03,1.327526755630970001e-02,1.064027752727270126e-02,-5.156287923455238342e-03,-2.188245765864849091e-02,2.352765388786792755e-02,3.113167360424995422e-03,-1.057340018451213837e-02,-2.315648132935166359e-03,-5.758189130574464798e-03,-1.023232284933328629e-02,-8.052102290093898773e-03,-8.819526410661637783e-04,1.722775399684906006e-02,-9.964810684323310852e-03,6.901801563799381256e-03,-1.421824656426906586e-02,-2.723269164562225342e-02,7.336508482694625854e-03,-6.236366461962461472e-03,8.473432622849941254e-03,2.283212356269359589e-02,1.561599550768733025e-03,2.495884150266647339e-02,1.687998883426189423e-02,1.817407552152872086e-03,2.293912880122661591e-02,2.727281674742698669e-02,-1.964873448014259338e-02,-2.359536738367751241e-04,-1.511441078037023544e-02,-1.384373009204864502e-02,-3.977898880839347839e-02,1.809047884307801723e-03,7.035557646304368973e-03,2.701868116855621338e-02,1.058008801192045212e-02,-9.891244582831859589e-03,9.617045521736145020e-03,-1.532842032611370087e-02,-4.470789339393377304e-03,-8.119398262351751328e-05,-1.375010143965482712e-02,2.165507152676582336e-02,-5.584306549280881882e-03,9.650484658777713776e-03,6.311604374786838889e-05,-5.119504872709512711e-03,1.119369291700422764e-03,-3.378672897815704346e-02,2.956004254519939423e-02,-2.840974181890487671e-02,-3.017531894147396088e-02,2.502571977674961090e-02,-1.835799077525734901e-03,1.696024090051651001e-02,1.532842032611370087e-02,-1.249279640614986420e-02,-3.822073340415954590e-03,1.419149525463581085e-02,5.249917041510343552e-03,-2.449069544672966003e-02,4.360440745949745178e-02,-3.100460581481456757e-02,-3.427493618801236153e-03,1.379357127007097006e-04,2.870400436222553253e-02,4.250928177498281002e-04,-9.638780611567199230e-04,3.161653876304626465e-03,8.225984871387481689e-03,-1.476664561778306961e-02,-2.684479951858520508e-02,-4.293562844395637512e-03,-9.483289904892444611e-03,1.425837352871894836e-02,3.239566832780838013e-02,1.823092252016067505e-02,-8.593813516199588776e-03,-9.120476897805929184e-04,-3.418799489736557007e-02,3.644846845418214798e-03,-2.186908200383186340e-02,-3.095110319554805756e-02,5.089410115033388138e-03,1.687998883426189423e-02,-1.963535882532596588e-02,8.720881305634975433e-03,3.236891701817512512e-02,1.860543899238109589e-02,-2.126717939972877502e-02,-1.265330333262681961e-02,7.095747627317905426e-03,8.834573440253734589e-03,2.470470592379570007e-02,-6.233022548258304596e-03,1.183070521801710129e-02,-1.986274309456348419e-02,-1.536854729056358337e-02,2.009012922644615173e-02,-1.478002127259969711e-02,5.756851658225059509e-02,1.757551915943622589e-02,1.340902410447597504e-03,-2.141765551641583443e-03,3.728444222360849380e-03,-3.006831556558609009e-02,-1.020824611186981201e-01,5.316794849932193756e-03,1.056002452969551086e-02,1.102816965430974960e-02,1.523479074239730835e-02,6.229678634554147720e-03,-1.147792325355112553e-03,1.519800862297415733e-03,-1.994299702346324921e-02,2.945303730666637421e-02,-3.742488473653793335e-02,-3.025557287037372589e-02,-3.989268094301223755e-03,-1.956848055124282837e-02,7.684273645281791687e-03,-4.627952352166175842e-03,-1.944475690834224224e-03,-8.217624854296445847e-04,-1.542204897850751877e-02,1.472651865333318710e-02,-2.248435840010643005e-02,1.844493113458156586e-02,2.636662218719720840e-03,-4.555724188685417175e-02,2.988105639815330505e-02,1.862550154328346252e-03,-2.526647970080375671e-02,4.714893642812967300e-03,2.838299050927162170e-02,-1.215171907097101212e-02,9.670548141002655029e-03,2.994459122419357300e-03,5.784940440207719803e-04,5.487333517521619797e-03,-9.677235968410968781e-03,-1.081416010856628418e-02,-9.289343841373920441e-03,-1.724112965166568756e-02,1.864556595683097839e-02,-9.804303757846355438e-03,7.690961472690105438e-03,-1.330870669335126877e-02,4.253435879945755005e-03,-2.398242428898811340e-02,1.464626565575599670e-02,2.721931552514433861e-03,-1.619783416390419006e-02,1.944809965789318085e-02,2.632315084338188171e-02,4.033574950881302357e-04,-3.662235289812088013e-02,1.179057825356721878e-02,-3.878919780254364014e-02,-2.312638610601425171e-02,1.593032106757164001e-02,-2.158819325268268585e-02,6.259773857891559601e-03,1.272686943411827087e-02,-2.420980855822563171e-02,-1.491377688944339752e-02,-8.252736181020736694e-03,9.095397545024752617e-04,1.360965799540281296e-02,2.479833364486694336e-02,-1.879269629716873169e-02,-1.491377688944339752e-02,-9.041895158588886261e-03,-2.457094937562942505e-02,2.200283668935298920e-02,-2.506584674119949341e-02,2.219009585678577423e-02,-3.858856158331036568e-03,-3.081734664738178253e-02,1.575643941760063171e-02,-2.568112313747406006e-02,-4.029395058751106262e-03,-2.106654690578579903e-03,-3.788634436205029488e-03,1.511441078037023544e-02,-1.927421800792217255e-02,-1.499403081834316254e-02,-1.514116209000349045e-02,3.311794996261596680e-02,-1.461951434612274170e-02,1.991624571382999420e-02,-2.713906206190586090e-02,9.429787285625934601e-03,5.751501303166151047e-04,9.971498511731624603e-03,-1.072721928358078003e-02,1.872581802308559418e-02,2.554736658930778503e-02,2.326014265418052673e-02,-1.962198317050933838e-02,2.053152211010456085e-02,2.125380374491214752e-02,1.832873094826936722e-04,-9.717362001538276672e-03,-7.818029262125492096e-03,1.051989756524562836e-02,-2.376841381192207336e-02,-7.416761945933103561e-03,-6.323976814746856689e-02,3.183389082551002502e-02,-1.821754686534404755e-02,-6.322054105112329125e-05,6.733770715072751045e-04,-4.357096739113330841e-03,-1.332877017557621002e-02,-2.902501821517944336e-02,-2.101304382085800171e-02,3.258626908063888550e-03,-1.971561275422573090e-02,3.822742030024528503e-02,-1.730800606310367584e-02,-1.249279640614986420e-02,-1.582331769168376923e-02,1.400423701852560043e-02,9.951435029506683350e-03,-9.055270813405513763e-03,2.561424486339092255e-02,-1.445900741964578629e-02,2.180220326408743858e-03,1.725450530648231506e-02,-1.320839044637978077e-03,6.614226847887039185e-03,-5.376985296607017517e-03,1.196446083486080170e-02,1.434531528502702713e-03,7.978536188602447510e-03,-1.710737310349941254e-02,-2.069202996790409088e-02,8.618892752565443516e-04,-1.269343029707670212e-02,7.481967913918197155e-04,-7.704336661845445633e-03,7.216128055006265640e-03,-1.306794676929712296e-02,1.411124248988926411e-03,-1.156988088041543961e-02,2.461107680574059486e-03,2.434356510639190674e-02,1.132744830101728439e-03,-4.261461272835731506e-02,-1.084091141819953918e-02,-2.176207676529884338e-02,9.576918557286262512e-03,-1.835130155086517334e-02,-4.022707231342792511e-03,4.427318647503852844e-02,1.948822662234306335e-02,-1.853856071829795837e-02,2.910527214407920837e-02,2.846324443817138672e-02,1.372335013002157211e-02,-2.806197665631771088e-02,-1.829111250117421150e-03,-1.976911351084709167e-02,2.410280331969261169e-02,1.937787863425910473e-03,7.537141907960176468e-03,-2.878425829112529755e-02,3.809366747736930847e-02,1.496727950870990753e-02,1.567618548870086670e-02,-1.879269629716873169e-02,1.086097490042448044e-02,-2.089266292750835419e-02,2.026401087641716003e-02,1.456601172685623169e-02,-5.303419195115566254e-03,-1.054664887487888336e-02,-6.500534247606992722e-03,-2.091941423714160919e-02,-3.755195531994104385e-03,2.065190300345420837e-02,1.785640604794025421e-02,-2.828936092555522919e-03,-7.797965779900550842e-03,-2.085253596305847168e-02,-2.186908200383186340e-02,3.915702458471059799e-03,2.839699300238862634e-05,-1.401928486302495003e-03,-9.189026430249214172e-03,6.373465992510318756e-03,3.196764737367630005e-02,-2.079903520643711090e-02,6.430312525480985641e-03,-1.585006713867187500e-02,-5.032563582062721252e-03,2.188580110669136047e-03,5.079378373920917511e-03,1.873919367790222168e-02,1.059346366673707962e-02,-1.195108518004417419e-02,2.180220326408743858e-03,6.366778165102005005e-03,7.323132827877998352e-03,1.171032432466745377e-02,2.071878127753734589e-02,1.868569292128086090e-02,-1.827104948461055756e-02,6.470439024269580841e-03,-1.762901991605758667e-02,-6.279836874455213547e-03,-7.416761945933103561e-03,4.547698888927698135e-03,-2.681804820895195007e-02,-5.758189130574464798e-03,2.762058284133672714e-03,2.483846060931682587e-02,-9.122149087488651276e-03,1.900670677423477173e-02,1.188420690596103668e-02,2.766070887446403503e-02,-1.126224268227815628e-02,3.006831556558609009e-02,-2.113342471420764923e-02,1.084258314222097397e-03,-1.334214583039283752e-02,2.437031641602516174e-02,1.219184603542089462e-02,4.407254979014396667e-03,2.192258276045322418e-02,5.560899619013071060e-03,3.236891701817512512e-02,1.655897498130798340e-02,3.534498391672968864e-03,8.680754341185092926e-03,-1.219184603542089462e-02,9.831055067479610443e-03,1.495390385389328003e-02,-2.055827341973781586e-02,-2.572125010192394257e-02,-3.588000545278191566e-03,-1.173038780689239502e-02,2.720259595662355423e-03,-7.971848361194133759e-03,3.908345848321914673e-02,3.178373444825410843e-03,5.976211279630661011e-02,3.865543985739350319e-03,-1.964873448014259338e-02,-2.471139188855886459e-03,3.544529899954795837e-02,1.167019736021757126e-02,-1.618445850908756256e-02,2.998806163668632507e-02,1.726788096129894257e-02,-8.085541427135467529e-03,1.117697334848344326e-03,1.016544457525014877e-02,2.988105639815330505e-02,1.479339692741632462e-02,-2.427668683230876923e-02,1.340233627706766129e-02,9.657172486186027527e-03,-3.858856158331036568e-03,-1.021894719451665878e-02,7.423449773341417313e-03,1.472651865333318710e-02,8.464237325824797153e-04,1.064027752727270126e-02,-2.132068201899528503e-02,-3.260967507958412170e-02,-1.049314625561237335e-02,3.309119865298271179e-02,-1.362303271889686584e-02,3.208468435332179070e-03,-2.364803478121757507e-02,1.025907322764396667e-02,1.298769284039735794e-02,-2.600213699042797089e-02,-2.264486439526081085e-02,1.686661317944526672e-02,-4.815210402011871338e-02,-4.186558071523904800e-03,-1.067371666431427002e-02,9.055270813405513763e-03,1.799016073346138000e-02,-2.145443856716156006e-02,-7.416761945933103561e-03,-6.075859535485506058e-03,-1.085428707301616669e-02,3.151287883520126343e-02,-1.124217920005321503e-02,-6.162800826132297516e-03,-6.149425171315670013e-03,-4.658047575503587723e-03
-9.622692130506038666e-03,8.663775399327278137e-03,-1.610711216926574707e-02,-2.011712640523910522e-03,-1.955384574830532074e-02,2.301399223506450653e-02,-1.323706842958927155e-02,1.658824621699750423e-03,-3.624435514211654663e-03,-1.742142997682094574e-02,1.778353936970233917e-02,5.817202385514974594e-03,1.998301222920417786e-02,1.025302801281213760e-02,4.496177658438682556e-03,-2.145826816558837891e-02,7.456747815012931824e-03,7.289105094969272614e-03,1.604005508124828339e-02,-1.260002609342336655e-02,-2.451607026159763336e-02,-1.528901513665914536e-02,-2.628637664020061493e-02,-1.491349563002586365e-02,6.766059901565313339e-03,-2.692342037335038185e-03,3.597612725570797920e-03,-1.184228155761957169e-02,-6.169252097606658936e-03,-2.990745939314365387e-02,6.973936688154935837e-03,-1.750189997255802155e-02,-3.379677236080169678e-02,8.545587188564240932e-04,-1.005856320261955261e-02,1.056149136275053024e-02,-1.693191356025636196e-03,1.963431388139724731e-02,-6.692297291010618210e-03,2.211207291111350060e-03,1.158075872808694839e-02,-7.892618887126445770e-03,1.678103581070899963e-03,-4.848227370530366898e-03,-3.586212918162345886e-02,-2.157896943390369415e-02,1.559915486723184586e-03,-6.802941206842660904e-03,-2.549510449171066284e-02,5.344449542462825775e-03,7.973087020218372345e-03,4.362063482403755188e-03,-5.673029460012912750e-03,1.101747900247573853e-02,6.169251864776015282e-04,-1.131923589855432510e-02,1.005856320261955261e-02,1.303422148339450359e-03,-4.761053249239921570e-02,-3.745138179510831833e-03,3.264338895678520203e-02,7.000759709626436234e-03,-1.029996853321790695e-02,-1.164781581610441208e-02,-2.208860404789447784e-02,3.775313962250947952e-03,-6.093812407925724983e-04,1.529739820398390293e-03,-1.000491715967655182e-02,-1.861504651606082916e-02,5.305556580424308777e-02,3.723009303212165833e-02,-7.376279216259717941e-03,-1.932585239410400391e-02,6.491126026958227158e-03,-1.226474065333604813e-02,-6.212838925421237946e-03,-1.361929439008235931e-02,-2.625955455005168915e-02,-3.076243738178163767e-04,7.691447623074054718e-03,-2.253117971122264862e-03,-2.600473724305629730e-02,7.228753995150327682e-03,3.047074005007743835e-02,-1.221109554171562195e-02,1.182216405868530273e-02,3.218740224838256836e-02,-1.125888433307409286e-02,-5.612677894532680511e-03,3.894675523042678833e-02,4.787876084446907043e-02,-8.898475207388401031e-03,-1.528901513665914536e-02,-1.402834244072437286e-02,2.486141398549079895e-03,-1.722025871276855469e-02,1.451115310192108154e-02,8.368724025785923004e-03,-1.506102178245782852e-02,-5.307568237185478210e-03,9.488577954471111298e-03,-2.285305410623550415e-02,4.278242122381925583e-03,-2.886136993765830994e-02,-3.183870390057563782e-02,2.177259739255532622e-04,-2.217913046479225159e-03,4.702042788267135620e-02,-1.834681816399097443e-02,-2.759399125352501869e-03,3.280432522296905518e-02,-2.221265895059332252e-04,-2.577674388885498047e-02,2.410031668841838837e-02,-9.964683093130588531e-03,9.146586060523986816e-03,-6.249720230698585510e-03,3.466851310804486275e-03,-1.549018640071153641e-02,1.972819492220878601e-02,1.968795992434024811e-02,-2.838191110640764236e-03,-7.678036345168948174e-04,9.294112212955951691e-03,1.426974777132272720e-02,-2.475747652351856232e-02,-3.240198269486427307e-02,-7.034288253635168076e-03,1.946331933140754700e-03,1.120523922145366669e-02,6.501184310764074326e-03,3.146318346261978149e-02,5.428270902484655380e-03,2.424113685265183449e-03,5.807143636047840118e-03,-1.119182724505662918e-02,-2.615226246416568756e-02,-1.644239760935306549e-02,-2.934418059885501862e-02,2.151191234588623047e-02,1.767624728381633759e-02,-1.333765406161546707e-02,-1.476597040891647339e-02,2.487817965447902679e-02,1.267378963530063629e-02,1.786400750279426575e-02,1.340471114963293076e-02,-1.112477015703916550e-02,-1.036765388562344015e-04,-1.218427252024412155e-02,-6.206133402884006500e-03,3.119495697319507599e-02,-7.208636496216058731e-03,3.849076805636286736e-03,5.535562522709369659e-03,-1.221109554171562195e-02,2.094863355159759521e-02,-3.607671335339546204e-02,-1.805176772177219391e-02,-1.791765354573726654e-02,3.221422433853149414e-02,3.486968576908111572e-02,-1.204345282167196274e-02,2.735929097980260849e-03,2.977334521710872650e-02,-2.125709690153598785e-02,9.428226388990879059e-03,-2.226295322179794312e-02,-1.441727299243211746e-02,4.031471908092498779e-02,1.406103256158530712e-04,-3.975144028663635254e-02,1.731413975358009338e-02,-1.570476964116096497e-02,1.695203036069869995e-02,-2.497876528650522232e-03,-2.120680408552289009e-03,-2.002324536442756653e-02,1.022620592266321182e-02,-2.746658213436603546e-02,8.080379106104373932e-03,2.770798839628696442e-02,2.515981905162334442e-02,8.641981985419988632e-04,-6.370423361659049988e-03,-5.133219994604587555e-03,2.379185333847999573e-02,5.471858195960521698e-03,-1.684474013745784760e-02,9.434931911528110504e-03,1.154052466154098511e-02,-9.662926197052001953e-03,-1.318342331796884537e-02,-6.424605250358581543e-01,-2.045241184532642365e-02,-2.886136993765830994e-02,2.601814921945333481e-03,1.562430057674646378e-02,9.877508506178855896e-03,8.234609849750995636e-03,1.432339381426572800e-02,-8.784478530287742615e-03,-1.754213310778141022e-02,-1.104430202394723892e-02,2.400643751025199890e-02,4.083776380866765976e-03,-1.688497327268123627e-02,-1.291519496589899063e-02,-1.127900183200836182e-02,-1.793106459081172943e-02,-6.189369130879640579e-03,1.845411024987697601e-02,-1.293531153351068497e-02,-2.752022817730903625e-02,-1.577182672917842865e-02,6.102195009589195251e-03,-1.594617404043674469e-02,1.523537002503871918e-02,-2.053287997841835022e-02,4.294335842132568359e-02,2.284970134496688843e-03,-2.112298272550106049e-02,1.905762404203414917e-02,-1.988913118839263916e-02,2.309446036815643311e-02,9.723277762532234192e-03,1.076936814934015274e-02,5.243863910436630249e-02,3.959720954298973083e-03,-9.273994714021682739e-03,3.642540797591209412e-02,5.569091066718101501e-03,-4.623585846275091171e-03,-2.318833954632282257e-02,-3.119495697319507599e-02,1.425633672624826431e-02,-2.886136993765830994e-02,-7.034288253635168076e-03,1.901738904416561127e-02,1.553042139858007431e-02,3.440028522163629532e-03,2.122356789186596870e-03,-1.148687861859798431e-02,-8.972237817943096161e-03,-2.802986092865467072e-02,-7.845679298043251038e-03,7.134873885661363602e-03,8.623541332781314850e-03,1.775671541690826416e-02,2.845902740955352783e-02,-3.484285995364189148e-02,8.040144108235836029e-03,-2.963923104107379913e-02,-2.713129669427871704e-02,1.396128535270690918e-02,-1.294872350990772247e-02,-3.814207017421722412e-02,1.695203036069869995e-02,-1.730072870850563049e-02,-3.321002237498760223e-03,2.465018443763256073e-02,-3.718315390869975090e-03,-1.667039096355438232e-02,-1.645580865442752838e-02,-1.077607367187738419e-02,-1.713308505713939667e-03,-7.215342484414577484e-03,-5.773615092039108276e-03,-1.540971826761960983e-02,2.592426910996437073e-02,-9.503246110398322344e-05,-1.827976107597351074e-02,8.885064162313938141e-03,1.610711216926574707e-02,-9.481871500611305237e-03,-2.273235283792018890e-02,-3.095355071127414703e-02,3.151683136820793152e-02,-2.356385998427867889e-02,-1.274084672331809998e-02,4.117304924875497818e-03,-2.159238094463944435e-03,1.906097633764147758e-03,-3.381353570148348808e-03,-1.070901658385992050e-02,4.784523043781518936e-03,-2.658142894506454468e-02,9.072823449969291687e-03,-8.134862873703241348e-04,-4.362063482403755188e-03,3.567437082529067993e-02,2.942129736766219139e-03,1.585061894729733467e-03,1.465867925435304642e-02,-2.133756503462791443e-02,2.977334521710872650e-02,-3.798783989623188972e-03,-6.546447984874248505e-04,2.525369822978973389e-02,-2.984040183946490288e-04,3.456792794167995453e-03,3.307255357503890991e-02,-1.616075821220874786e-02,1.585229486227035522e-02,-1.280119735747575760e-02,8.777772076427936554e-03,-1.770307123661041260e-02,-3.076243738178163767e-04,-3.028297983109951019e-02,-2.313469536602497101e-03,1.428315881639719009e-03,5.448388401418924332e-03,-3.948321193456649780e-02,5.129867233335971832e-03,-1.924538426101207733e-02,-1.249273493885993958e-02,-6.833116989582777023e-03,-4.060306586325168610e-03,4.136081039905548096e-02,3.369618440046906471e-03,-1.932585239410400391e-02,-9.019178338348865509e-03,-2.144485525786876678e-02,-2.615226432681083679e-03,-1.585229486227035522e-02,2.249094657599925995e-02,2.787898294627666473e-03,4.288971051573753357e-02,-3.098037326708436012e-03,-1.465197303332388401e-03,8.147436194121837616e-03,1.609370112419128418e-02,-2.412713877856731415e-02,-1.304260268807411194e-02,-7.020876742899417877e-03,1.562430057674646378e-02,-3.761902451515197754e-03,-1.810541376471519470e-02,-2.562921866774559021e-02,-2.350350841879844666e-03,-1.300236862152814865e-02,-3.167776763439178467e-02,2.167285047471523285e-02,4.325182177126407623e-03,-5.538915283977985382e-03,-1.933926343917846680e-02,-1.073583960533142090e-02,7.429925259202718735e-03,-3.574142698198556900e-03,9.005766361951828003e-03,6.668827030807733536e-03,-8.522955700755119324e-03,-2.544145844876766205e-02,3.404823597520589828e-03,-1.618758030235767365e-02,-1.416245661675930023e-02,-1.604005508124828339e-02,1.768965832889080048e-02,-2.006348036229610443e-02,2.679601125419139862e-02,-1.156064122915267944e-02,2.694018417969346046e-03,-2.742634713649749756e-02,4.828110337257385254e-03,9.548928588628768921e-03,-2.348339185118675232e-02,3.849076805636286736e-03,1.672403700649738312e-02,5.575796589255332947e-03,-1.077607367187738419e-02,-1.205686386674642563e-02,-5.656265188008546829e-03,1.797129958868026733e-02,-6.833116989582777023e-03,2.261164970695972443e-02,-2.285305410623550415e-02,-1.376011408865451813e-02,-3.036009613424539566e-03,-4.529706202447414398e-03,-1.238041440956294537e-03,2.603156119585037231e-02,3.611024003475904465e-03,9.864097461104393005e-03,-5.441682413220405579e-03,6.568241398781538010e-03,2.329563163220882416e-02,-4.476060625165700912e-03,1.943314261734485626e-02,1.744825392961502075e-02,-2.695694798603653908e-03,1.665697991847991943e-02,4.341946449130773544e-03,2.824444510042667389e-02,-4.318476188927888870e-03,-5.123161245137453079e-03,5.490634217858314514e-02,-6.110576796345412731e-04,2.191425487399101257e-02,-4.702042788267135620e-02,1.452456507831811905e-02,-1.823952794075012207e-02,2.114980481564998627e-02,-9.890920482575893402e-03,-1.751531101763248444e-02,-5.316285789012908936e-02,-1.410881057381629944e-02,8.408958092331886292e-03,2.570968680083751678e-02,3.438687324523925781e-02,-1.362097100354731083e-03,1.915150322020053864e-02,6.021726410835981369e-03,1.343823969364166260e-02,2.676918916404247284e-02,-1.203674706630408764e-03,4.176399088464677334e-04,1.278108078986406326e-02,-4.235325381159782410e-02,1.106441952288150787e-02,2.856631763279438019e-02,6.467655766755342484e-03,1.334435958415269852e-02,-8.932003751397132874e-03,1.896374300122261047e-02,2.246412448585033417e-02,-2.655460499227046967e-02,4.398944787681102753e-03,-2.160579338669776917e-02,7.899324409663677216e-03,3.234833851456642151e-02,3.926192410290241241e-03,-6.450891494750976562e-03,-1.688497327268123627e-02,1.857481338083744049e-02,8.194375783205032349e-03,2.384717663517221808e-04,-1.035193781717680395e-04,1.731413975358009338e-02,-4.442532081156969070e-03,2.176672965288162231e-02,1.504760980606079102e-02,1.629487238824367523e-02,1.160087622702121735e-02,1.207698136568069458e-02,-3.366265678778290749e-03,-3.073896840214729309e-02,-2.896866016089916229e-02,-2.905248198658227921e-03,-4.398944973945617676e-02,5.287451203912496567e-03,1.315157045610249043e-03,2.249094657599925995e-02,2.051946893334388733e-02,6.015020422637462616e-03,-5.062810145318508148e-03,3.815548261627554893e-03,-9.307523258030414581e-03,2.688989043235778809e-02,6.786176934838294983e-03,8.087084628641605377e-03,-1.221780106425285339e-02,-3.084625862538814545e-02,-1.950019970536231995e-02,1.340471114963293076e-02,1.709955744445323944e-02,2.481112256646156311e-03,-1.577182672917842865e-02,1.013232581317424774e-02,7.382985204458236694e-03,-1.605346612632274628e-02,7.698153611272573471e-03,3.149000555276870728e-02,-1.021279394626617432e-02,-3.012204356491565704e-02,-2.147167921066284180e-02,4.871697165071964264e-03,1.777012832462787628e-02,-1.321695186197757721e-02,-4.901872947812080383e-03,-3.875899687409400940e-02,1.209039241075515747e-02,-4.385533556342124939e-02,-4.499530419707298279e-03,-1.752872206270694733e-02,2.762751840054988861e-02,-3.503732616081833839e-03,-1.772989332675933838e-02,-2.786892466247081757e-02,-8.663775399327278137e-03,2.701059356331825256e-02,-7.040993776172399521e-03,3.535249456763267517e-02,6.551477126777172089e-03,-1.178863551467657089e-02,5.666323937475681305e-03,-7.959675975143909454e-03,2.997451694682240486e-03,3.816889226436614990e-02,9.522106498479843140e-03,-1.160758174955844879e-02,-1.577182672917842865e-02,-1.945996657013893127e-02,-3.822254016995429993e-02,-3.599624335765838623e-02,-1.699226535856723785e-02,-1.594617404043674469e-02,1.473914738744497299e-02,-1.124882604926824570e-03,-1.939290948212146759e-02,-1.487326156347990036e-02,8.201081305742263794e-03,3.009521961212158203e-02,1.228485815227031708e-02,-8.804595097899436951e-03,-1.475255843251943588e-02,6.102195009589195251e-03,3.065850026905536652e-02,9.613303840160369873e-02,1.225803513079881668e-02,-6.759354379028081894e-03,2.524028718471527100e-02,-6.142429076135158539e-03,1.463185623288154602e-02,-1.025973446667194366e-02,-2.517323009669780731e-02,1.122535578906536102e-02,-2.168626151978969574e-02,-2.482453361153602600e-02,-5.247217137366533279e-03,1.620099134743213654e-02,-1.522405364084988832e-04,1.665697991847991943e-02,2.328557195141911507e-03,1.968795992434024811e-02,-2.190084382891654968e-02,7.812150288373231888e-03,2.377173630520701408e-03,-1.126559078693389893e-02,-4.046895075589418411e-03,2.005006931722164154e-02,2.778845652937889099e-02,-1.597299799323081970e-02,7.597567979246377945e-03,2.086816541850566864e-02,2.937100268900394440e-02,7.912736386060714722e-03,-7.007465232163667679e-03,2.526375697925686836e-03,6.159193348139524460e-03,-4.404812352731823921e-04,2.191425487399101257e-02,-1.093030534684658051e-02,5.649559665471315384e-03,-1.420772052370011806e-03,1.924538426101207733e-02,3.493674099445343018e-03,-1.056149136275053024e-03,1.121865026652812958e-02,1.250614691525697708e-02,2.517993561923503876e-03,9.228731505572795868e-04,-2.610197057947516441e-03,8.757655508816242218e-03,-1.162099279463291168e-02,1.935267448425292969e-02,-2.950511686503887177e-02,-3.899369621649384499e-03,3.320666775107383728e-02,-3.111448697745800018e-02,5.374625325202941895e-03,-1.591935195028781891e-02,1.846752129495143890e-02,1.844069804064929485e-03,5.099691450595855713e-03,-8.549778722226619720e-03,-1.363941095769405365e-02,2.093522250652313232e-02,-1.896374300122261047e-02,-2.574992179870605469e-02,-4.003307782113552094e-03,-1.723367138765752316e-03,-1.609370112419128418e-02,-2.561580762267112732e-02,5.116455722600221634e-03,-2.483794465661048889e-02,-1.730072870850563049e-02,1.106441952288150787e-02,3.902722382918000221e-03,-9.463431197218596935e-04,-1.385399419814348221e-02,-3.007510211318731308e-03,1.595958694815635681e-02,2.742634713649749756e-02,4.380168765783309937e-02,-4.345299210399389267e-03,-2.938776742666959763e-03,2.029147371649742126e-02,9.468460455536842346e-03,-2.355044893920421600e-02,-1.279449183493852615e-02,7.262282539159059525e-03,5.310920998454093933e-03,2.961240895092487335e-02,-1.461844425648450851e-02,-2.764428267255425453e-03,-2.415396273136138916e-02,-1.238544378429651260e-02,-4.717465955764055252e-03,-1.021949946880340576e-02,7.959675975143909454e-03,8.999060839414596558e-03,-1.877598348073661327e-03,1.700567640364170074e-02,7.879207842051982880e-03,2.254459261894226074e-02,-2.119003981351852417e-02,-1.803835667669773102e-02,-1.282131485641002655e-02,-8.724126964807510376e-03,4.402297548949718475e-03,4.248066339641809464e-03,1.901738904416561127e-02,1.109124161303043365e-02,7.349456660449504852e-03,2.652778290212154388e-02,-1.543654128909111023e-02,5.022575613111257553e-03,-1.195627823472023010e-02,-2.616567537188529968e-02,-1.401493046432733536e-02,-1.447091903537511826e-02,-9.830568917095661163e-03,4.563234746456146240e-03,4.388886038213968277e-03,3.991237655282020569e-02,1.840046420693397522e-02,-1.292860601097345352e-02,5.481916945427656174e-03,-3.961732611060142517e-02,4.264830797910690308e-02,-3.942223338526673615e-05,-2.505252696573734283e-02,2.154208952561020851e-03,7.382985204458236694e-03,-2.010371349751949310e-02,5.488622467964887619e-03,4.040189553052186966e-03,1.569974003359675407e-03,2.864678762853145599e-02,5.062810145318508148e-03,4.814698826521635056e-03,-3.436005115509033203e-02,-3.490321338176727295e-03,2.289328910410404205e-02,7.651213556528091431e-03,-3.200299339368939400e-03,1.499396469444036484e-02,-3.596942126750946045e-02,-9.904331527650356293e-03,-1.818588189780712128e-02,-3.446734324097633362e-02,-3.224104642868041992e-02,-1.856140047311782837e-02,-1.029326231218874454e-03,1.752872206270694733e-02,1.886986382305622101e-02,1.601323112845420837e-02,-2.721176482737064362e-02,-1.070901658385992050e-02,-2.334927767515182495e-02,-1.086995378136634827e-02,-1.093701086938381195e-02,-7.812150288373231888e-03,1.042737625539302826e-03,1.518172398209571838e-02,3.323348984122276306e-02,4.270195215940475464e-02,2.749340422451496124e-02,2.160914475098252296e-03,2.355380216613411903e-03,7.771916221827268600e-03,4.864991642534732819e-03,-4.861638881266117096e-03,-3.009521961212158203e-02,-1.121865026652812958e-02,-2.980016916990280151e-02,3.170458972454071045e-02,2.585721202194690704e-02,2.513299509882926941e-02,2.808350697159767151e-02,1.107783056795597076e-02,2.315145917236804962e-03,3.352854400873184204e-02,1.233850419521331787e-02,-1.987572014331817627e-02,-4.388886038213968277e-03,-2.845902740955352783e-02,-2.427466586232185364e-02,-9.005766361951828003e-03,-3.376324195414781570e-03,-9.951271116733551025e-03,1.444409601390361786e-02,-9.911037050187587738e-03,2.739952504634857178e-02,1.363270543515682220e-02,-5.574120441451668739e-04,9.220349020324647427e-04,2.672895416617393494e-02,-2.800303883850574493e-02,3.205328807234764099e-02,-2.178014069795608521e-02,1.669721491634845734e-02,3.476909827440977097e-03,2.027806267142295837e-02,6.625240202993154526e-03,-6.460950244218111038e-03,1.098395045846700668e-02,-7.020876742899417877e-03,1.399816712364554405e-03,-2.816397510468959808e-02,-1.967454887926578522e-02,-1.791765354573726654e-02,2.625955455005168915e-02,-9.595869109034538269e-03,-1.153381913900375366e-02,6.350305862724781036e-03,-4.492824897170066833e-03,-2.448924817144870758e-02,-9.077853173948824406e-04,-1.744825392961502075e-02,-2.977334521710872650e-02,2.242388948798179626e-02,-5.039339885115623474e-03,-1.984889805316925049e-02,2.872725576162338257e-02,-6.626078393310308456e-04,-1.504760980606079102e-02,2.849926240742206573e-03,-1.462682732380926609e-03,2.019759453833103180e-02,-1.439045090228319168e-02,2.568286471068859100e-02,6.501184310764074326e-03,-4.050247836858034134e-03,-2.505252696573734283e-02,-2.536434214562177658e-03,-1.122367917560040951e-03,2.449260093271732330e-03,1.170816738158464432e-02,2.066699415445327759e-02,-8.040144108235836029e-03,6.370423361659049988e-03,2.902230620384216309e-02,1.602664403617382050e-02,-1.542312931269407272e-02,-1.713979057967662811e-02,1.408198755234479904e-02,6.866645533591508865e-03,7.939558476209640503e-03,-1.797129958868026733e-02,-6.709061563014984131e-03,-1.339130010455846786e-02,8.301666937768459320e-03,-8.288255892693996429e-03,7.510393392294645309e-03,1.508784480392932892e-03,-3.999284654855728149e-02,-1.764942519366741180e-02,7.597567979246377945e-03,-1.681791618466377258e-02,1.315995352342724800e-03,-1.467209029942750931e-02,-3.006839752197265625e-02,2.443560212850570679e-02,-2.233000937849283218e-03,-1.425801310688257217e-03,-1.282802037894725800e-02,-1.640216261148452759e-02,1.205686386674642563e-02,-2.460995130240917206e-02,-4.848227370530366898e-03,1.414904464036226273e-02,1.679109409451484680e-02,-2.426125295460224152e-02,-5.917788017541170120e-03,-8.087084628641605377e-03,2.379185333847999573e-02,-9.776922874152660370e-03,1.106441952288150787e-02,-1.986230909824371338e-02,1.794447563588619232e-02,1.011220831423997879e-02,3.228798741474747658e-03,-6.299174856394529343e-04,-3.224104642868041992e-02,-1.258661504834890366e-02,4.932048730552196503e-03,3.205328807234764099e-02,1.608028821647167206e-02,-1.184228155761957169e-02,-5.646206438541412354e-03,-2.466359548270702362e-02,-2.615226246416568756e-02,-1.866869255900382996e-02,3.909428138285875320e-03,1.369305700063705444e-02,-3.288479521870613098e-02,-2.556216157972812653e-02,5.153337027877569199e-03,-2.808350697159767151e-02,1.093030534684658051e-02,1.950019970536231995e-02,-1.632169447839260101e-02,-1.735437288880348206e-02,1.589252986013889313e-02,-2.376503124833106995e-02,3.331395983695983887e-02,-3.140953928232192993e-02,7.979793474078178406e-03,-3.017568774521350861e-02,9.381285868585109711e-03,2.974652312695980072e-02,-4.272793594282120466e-04,1.441727299243211746e-02,-2.752022817730903625e-02,-8.482721634209156036e-03,1.916491426527500153e-02,4.596763290464878082e-03,4.063659533858299255e-02,9.327640756964683533e-03,-7.470159325748682022e-03,-3.141624387353658676e-03,-1.401493092998862267e-03,1.211050990968942642e-02,-1.215074397623538971e-02,-3.672045841813087463e-02,2.283964306116104126e-02,-2.481112256646156311e-02,-9.890920482575893402e-03,7.422381313517689705e-04,-1.179534103721380234e-02,1.117171067744493484e-02,3.981514601036906242e-04,2.580021275207400322e-03,1.939626177772879601e-03,-3.993919864296913147e-02,-1.491758212068816647e-05,8.657069876790046692e-03,2.696952142287045717e-04,5.904376506805419922e-03,-4.911931697279214859e-03,-1.109124161303043365e-02,-3.362912917509675026e-03,-4.134069196879863739e-03,2.096204459667205811e-02,-1.172828394919633865e-02,-1.522195804864168167e-02,1.039384864270687103e-02,7.483570836484432220e-03,1.158075872808694839e-02,1.481961552053689957e-02,-1.894362620078027248e-03,-2.601814828813076019e-02,-1.670559635385870934e-03,-4.125351831316947937e-02,-3.822254016995429993e-02,-4.664490744471549988e-02,-1.196969021111726761e-02,2.703741751611232758e-02,1.133935339748859406e-02,-1.542312931269407272e-02,2.353703603148460388e-03,3.999955020844936371e-03,-5.198265239596366882e-02,-1.329741999506950378e-02,3.301890939474105835e-02,-1.840046420693397522e-02,-1.403169473633170128e-03,1.931244041770696640e-03,5.934552289545536041e-03,2.875407785177230835e-02,9.765187860466539860e-04,-1.067548803985118866e-02,-3.063167631626129150e-02,-4.294335842132568359e-02,6.377128884196281433e-03,-5.010505393147468567e-02,-8.214492700062692165e-04,-5.391389597207307816e-03,-1.087665930390357971e-02,-5.669676698744297028e-03,-1.642898540012538433e-03,-3.419911256060004234e-03,1.487326156347990036e-02,2.471724152565002441e-02,-4.006661009043455124e-03,3.079452653764747083e-06,4.291653633117675781e-03,2.510617300868034363e-02,-8.194375783205032349e-03,-8.583307266235351562e-03,-1.290178298950195312e-02,-9.971388615667819977e-03,9.106351993978023529e-03,3.751843934878706932e-03,-9.971388615667819977e-03,-4.310429468750953674e-02,-7.557333447039127350e-03,7.845679298043251038e-03,-9.797040373086929321e-03,1.981536857783794403e-03,1.766283623874187469e-02,7.570744957774877548e-03,-1.606687717139720917e-02,-3.747149929404258728e-02,2.096204459667205811e-02,-4.120657686144113541e-03,-1.152711268514394760e-02,1.104765455238521099e-03,-1.777012832462787628e-02,-2.214225009083747864e-02,-2.699718251824378967e-02,8.073672652244567871e-03,-2.337609976530075073e-02,-2.571639139205217361e-03,3.233827883377671242e-03,8.362018503248691559e-03,1.803835667669773102e-02,-1.093030534684658051e-02,-7.168402429670095444e-03,-2.631320059299468994e-02,1.778353936970233917e-02,-1.048772782087326050e-02,1.319683436304330826e-02,-5.572443827986717224e-03,2.089498750865459442e-02,4.879073426127433777e-02,3.388059325516223907e-03,-1.822611503303050995e-02,-4.321828950196504593e-03,-5.401448346674442291e-03,5.954669322818517685e-03,-7.624390535056591034e-03,-3.551343083381652832e-02,-1.149358414113521576e-02,-2.372144488617777824e-03,1.288166642189025879e-02,-1.045419927686452866e-02,-1.646921969950199127e-02,2.913630334660410881e-03,1.307613123208284378e-02,-1.929567661136388779e-03,-4.214118816889822483e-04,1.845411062240600586e-01,-4.841521382331848145e-03,9.025883860886096954e-03,8.744243532419204712e-03,-8.335195481777191162e-03,2.381867729127407074e-02,1.573159173130989075e-02,1.837364211678504944e-02,1.608028821647167206e-02,3.077920293435454369e-03,-2.049264498054981232e-02,-1.178863551467657089e-02,8.818007074296474457e-03,4.603468813002109528e-03,1.481961552053689957e-02,-3.505744412541389465e-02,-2.207519300282001495e-02,3.245563013479113579e-03,-3.253609687089920044e-02,-1.488667260855436325e-02,-1.968795992434024811e-02,-2.880772389471530914e-02,-7.175107952207326889e-03,1.113985781557857990e-03,3.167776763439178467e-02,1.530242711305618286e-02,-1.385399419814348221e-02,2.768116444349288940e-02,2.100227959454059601e-02,-8.891769684851169586e-03,-7.648699101991951466e-04,2.011712640523910522e-02,6.155840586870908737e-03,-1.559077296406030655e-03,5.907729268074035645e-03,6.196074653416872025e-03,1.295542903244495392e-02,3.116477979347109795e-03,1.738119684159755707e-02,7.993204519152641296e-03,1.642898656427860260e-02,-7.322633638978004456e-03,-1.463520922698080540e-03,1.921856030821800232e-02,-1.421610172837972641e-02,3.382359445095062256e-02,-4.727524705231189728e-03,-3.657964058220386505e-03,1.083642523735761642e-02,3.537261160090565681e-03,-2.234342135488986969e-02,1.027985103428363800e-02,3.033662587404251099e-02,1.306272018700838089e-02,-1.532925013452768326e-02,9.092940948903560638e-03,1.777012832462787628e-02,1.151370164006948471e-02,7.208636496216058731e-03,-2.831485355272889137e-03,-1.484643854200839996e-02,2.937100268900394440e-02,-1.853457838296890259e-02,3.055120818316936493e-02,-3.798783989623188972e-03,-1.019938290119171143e-02,-2.317492850124835968e-02,-2.858308376744389534e-03,1.205686386674642563e-02,-4.377486556768417358e-02,2.647078363224864006e-03,-2.435513399541378021e-02,-1.836022920906543732e-02,1.167631475254893303e-03,-2.215566113591194153e-02,-9.461754932999610901e-03,4.927354678511619568e-02,1.734096184372901917e-02,-1.286154892295598984e-02,-4.690642934292554855e-03,5.894317757338285446e-03,4.026778042316436768e-03,8.737538009881973267e-03,-3.503732616081833839e-03,4.388886038213968277e-03,-4.114622622728347778e-02,3.300884971395134926e-03,-2.454289421439170837e-02,-1.385399419814348221e-02,1.145209316746331751e-04,-1.141018219641409814e-04,-1.365952845662832260e-02,6.786176934838294983e-03,-1.452456507831811905e-02,-6.635298486799001694e-03,5.475210957229137421e-03,2.050605602562427521e-02,3.146318346261978149e-02,-1.341141667217016220e-02,-1.495372969657182693e-03,-1.904421299695968628e-02,-8.348607458174228668e-03,3.427958115935325623e-02,1.173499040305614471e-02,-2.559904241934418678e-03,-2.026465162634849548e-02,1.119853369891643524e-02,2.730564586818218231e-02,2.738611400127410889e-02,-1.335777156054973602e-02,2.470383048057556152e-02,-1.944655552506446838e-02,5.817202385514974594e-03,-5.780320614576339722e-03,3.881264105439186096e-02,-3.347825026139616966e-03,-2.401984855532646179e-02,-4.927354678511619568e-02,1.833340711891651154e-02,5.569928907789289951e-04,7.007465232163667679e-03,-1.056149136275053024e-02,2.446242421865463257e-02,1.882962882518768311e-02,-1.974160596728324890e-02,-2.580021275207400322e-03,-3.926862776279449463e-02,3.818901022896170616e-03,2.958558686077594757e-02,-2.465018443763256073e-02,-8.556484244763851166e-03,-9.294112212955951691e-03,2.097545564174652100e-02,6.893468555063009262e-03,-7.289105094969272614e-03,8.093790151178836823e-03,-4.834815859794616699e-03,7.007465232163667679e-03,-3.828959539532661438e-03,-1.819929294288158417e-02,1.756895706057548523e-02,2.403996419161558151e-03,2.450265921652317047e-02,8.308372460305690765e-03,-7.774431142024695873e-04,4.033483564853668213e-03,3.041709400713443756e-02,-8.650363888591527939e-04,-1.437703892588615417e-02,-3.175823390483856201e-02,-3.430640324950218201e-02,1.039384864270687103e-02,3.916133660823106766e-03,-9.927592327585443854e-05,9.414814412593841553e-03,-1.160758174955844879e-02,-8.583307266235351562e-03,-2.273235283792018890e-02,7.932852953672409058e-03,2.776163257658481598e-02,-2.715811878442764282e-02,3.371630236506462097e-02,1.447091903537511826e-02,-1.797129958868026733e-02,-2.362085739150643349e-03,1.140641048550605774e-02,-1.710223853588104248e-01,9.770217351615428925e-03,2.279940992593765259e-02,-1.393110956996679306e-03,-5.374625325202941895e-03,-4.804640077054500580e-03,3.773972764611244202e-02,-6.600932101719081402e-04,-3.109248427790589631e-05,6.665474269539117813e-03,1.561088953167200089e-02,1.598640903830528259e-02,-2.281282097101211548e-02,-7.530510891228914261e-03,-1.503419876098632812e-02,3.242880478501319885e-02,1.705764560028910637e-03,2.762751840054988861e-02,3.629129379987716675e-02,3.912780899554491043e-03,2.098886854946613312e-02,1.447091903537511826e-02,7.812150288373231888e-03,-1.535607222467660904e-02,6.538065616041421890e-03,1.364611648023128510e-02,-2.127050794661045074e-02,-1.440050895325839520e-03,-5.723322276026010513e-03,-1.689838618040084839e-02,-1.996959932148456573e-02,-2.384549938142299652e-02,1.177522446960210800e-02,-9.227055124938488007e-03,1.912468113005161285e-02,-1.125888433307409286e-02,-2.937100268900394440e-02,1.404175348579883575e-02,-3.136595245450735092e-03,5.931199062615633011e-03,-1.996624749153852463e-03,-1.098395045846700668e-02,1.939290948212146759e-02,2.560239471495151520e-02,6.747619481757283211e-04,3.516473621129989624e-02,9.099646471440792084e-03,-1.186239812523126602e-02,3.922839649021625519e-03,-1.641557365655899048e-02,-7.751799188554286957e-03,-4.785193502902984619e-02,3.255621530115604401e-03,1.708614453673362732e-02,2.776163397356867790e-03,3.741785511374473572e-02,-1.705932244658470154e-02,5.636148154735565186e-03,7.356162182986736298e-03,-2.891836811613757163e-05,-1.633510552346706390e-02,2.108945278450846672e-03,1.748848706483840942e-02,-2.600473724305629730e-02,1.410881057381629944e-02,-7.678036112338304520e-03,-1.492020208388566971e-03,8.844829164445400238e-03,-2.745317108929157257e-02,1.963431388139724731e-02,-2.396620251238346100e-02,-1.830658502876758575e-02,3.650587797164916992e-02,-2.840538136661052704e-02,2.171308360993862152e-02,2.254459261894226074e-02,3.989896504208445549e-04,1.591935195028781891e-02,2.375162020325660706e-02,2.145826816558837891e-02,-3.436005115509033203e-02,4.248736798763275146e-02,-2.955876290798187256e-02,2.167285047471523285e-02,6.868112541269510984e-05,1.786400750279426575e-02,-6.323483306914567947e-03,9.367874823510646820e-03,-9.072823449969291687e-03,-1.218427252024412155e-02,7.912736036814749241e-04,-1.490008458495140076e-02,-7.336045149713754654e-03,-1.174169592559337616e-02,3.554025664925575256e-02,1.614734530448913574e-02,1.794447563588619232e-02,-4.978988785296678543e-03,1.264026109129190445e-02,-3.964414820075035095e-02,-4.828110337257385254e-03,-1.426974777132272720e-02,-1.727390475571155548e-02,9.904331527650356293e-03,3.030980192124843597e-02,-1.405516546219587326e-02,7.684742100536823273e-03,2.084134146571159363e-02,2.623273245990276337e-02,-2.237024344503879547e-02,8.938709273934364319e-03,-1.944655436091125011e-03,1.001162268221378326e-02,2.317492850124835968e-02,1.456479914486408234e-02,1.287496089935302734e-02,-1.239885482937097549e-02,-1.052796281874179840e-02,1.220439001917839050e-02,-2.883454598486423492e-02,6.346282362937927246e-02,4.291653633117675781e-03,2.756046131253242493e-03,5.911082029342651367e-03,-6.534712854772806168e-03,-2.285305410623550415e-02,-8.551119267940521240e-02,-8.221198804676532745e-03,1.762260124087333679e-02,-5.297509953379631042e-03,5.763556342571973801e-03,3.230475122109055519e-03,-8.566542528569698334e-04,5.351155530661344528e-03,-1.029326301068067551e-02,1.787741854786872864e-02,-2.029147371649742126e-02,-4.124010913074016571e-03,-2.598462160676717758e-03,-5.579149350523948669e-03,1.402834244072437286e-02,8.174258284270763397e-03,9.656220674514770508e-03,-2.282623201608657837e-02,-2.998792938888072968e-02,2.038535475730895996e-02,-2.203495800495147705e-02,7.040993776172399521e-03,8.254727348685264587e-03,-1.051455084234476089e-02,2.064017020165920258e-02,1.408198848366737366e-03,-2.340292371809482574e-02,1.301578059792518616e-02,1.314318832010030746e-02,1.352541428059339523e-02,9.589163586497306824e-03,7.691447623074054718e-03,6.836469750851392746e-03,-6.906879600137472153e-03,-2.490500174462795258e-02,-3.551343083381652832e-02,-1.967454887926578522e-02,-5.649559665471315384e-03,8.911886252462863922e-03,-1.709955744445323944e-02,2.003330504521727562e-03,-9.019178338348865509e-03,5.009164102375507355e-03,-2.127050794661045074e-02,4.170950502157211304e-03,-4.764406010508537292e-03,-8.415664546191692352e-03,2.222271822392940521e-02,3.205328807234764099e-02,2.566609997302293777e-03,-3.843712061643600464e-02,-5.944610573351383209e-03,-2.668871916830539703e-02,-2.026465162634849548e-02,2.968952525407075882e-03,-2.560239471495151520e-02,6.759354379028081894e-03,1.680450513958930969e-02,-1.398810837417840958e-02,-2.314810641109943390e-02,-1.550359837710857391e-02,1.210380438715219498e-02,2.682283334434032440e-02,2.344315685331821442e-02,-1.550359837710857391e-02,1.557065546512603760e-02,-2.233000937849283218e-03,-1.821270398795604706e-02,2.419419586658477783e-02,-2.267870679497718811e-02,1.001832820475101471e-02,-7.673845393583178520e-04,2.683959901332855225e-03,1.648766105063259602e-03,-1.746166497468948364e-02,-5.035987123847007751e-03,-1.888327486813068390e-02,-3.317230148240923882e-04,3.942956682294607162e-03,-2.819079905748367310e-02,-2.536099031567573547e-02,-2.002324536442756653e-02,2.546828053891658783e-02,-3.678081091493368149e-03,2.533416636288166046e-02,-2.988063730299472809e-02,9.262259700335562229e-04,-3.973132465034723282e-03,2.110956981778144836e-02,-1.170146185904741287e-02,2.230318635702133179e-02,2.529393322765827179e-02,6.293307524174451828e-03,-3.157047554850578308e-02,1.297554560005664825e-02,-3.391412086784839630e-03,8.469309657812118530e-03,-9.555634460411965847e-04,-2.791251288726925850e-03,1.931244134902954102e-02,-8.174258284270763397e-03,-1.006526872515678406e-02,-6.764718890190124512e-02,3.315302357077598572e-02,-6.387187633663415909e-03,1.231838669627904892e-02,-2.781192539259791374e-03,-2.204836905002593994e-02,2.465018443763256073e-02,-2.950511686503887177e-02,-1.121865026652812958e-02,1.299566309899091721e-02,-1.813223585486412048e-02,4.162903875112533569e-02,-1.124547328799962997e-02,-1.542312931269407272e-02,7.912736386060714722e-03,-4.576646257191896439e-03,6.256426218897104263e-03,1.357235386967658997e-02,1.799812167882919312e-02,-4.010013770312070847e-03,-2.306763781234622002e-03,2.282623201608657837e-02,4.670525901019573212e-03,3.082949435338377953e-03,5.381331313401460648e-03,1.064195949584245682e-02,1.356564834713935852e-02,2.215566113591194153e-02,-1.139970496296882629e-02,-9.555635042488574982e-03,1.915150322020053864e-02,-1.350529678165912628e-02,-1.368635147809982300e-02,-5.750145064666867256e-04,3.225445747375488281e-03,-1.807858981192111969e-02,-2.621931955218315125e-03,-3.128213109448552132e-03,2.819750458002090454e-03,3.170458972454071045e-02,-8.576600812375545502e-03,-3.191917389631271362e-02,-7.087933830916881561e-03,-2.312128245830535889e-02,1.713979057967662811e-02,1.221277168951928616e-03,-2.824779832735657692e-03,2.564262971282005310e-02,1.153381913900375366e-02,-4.069023951888084412e-02,3.186552599072456360e-02,3.248245269060134888e-02,-2.333586569875478745e-03,-2.525369822978973389e-02,7.047699764370918274e-03,-1.936608552932739258e-02,2.507935091853141785e-02,-2.751016989350318909e-03,1.336447708308696747e-02,-4.736912623047828674e-02,3.057803027331829071e-02,1.125888433307409286e-02,3.157047554850578308e-02,-1.222450658679008484e-02,5.988197866827249527e-03,-9.260583668947219849e-03,1.435021590441465378e-02,1.760919019579887390e-02,-1.481961552053689957e-02,-1.284143235534429550e-02,-1.106441952288150787e-02,-1.836022920906543732e-02,1.133935339748859406e-02,2.666189707815647125e-02,2.207519300282001495e-02,6.420716177672147751e-03,-4.754347261041402817e-03,-2.165943942964076996e-02,-1.585229486227035522e-02,9.367874823510646820e-03,2.287987805902957916e-02,2.084134146571159363e-02,-2.096204459667205811e-02,3.312620101496577263e-03,4.302382469177246094e-02,-1.139299850910902023e-02,-3.708256874233484268e-03,-6.635298486799001694e-03,1.483302749693393707e-02,1.169475540518760681e-02,-6.118959281593561172e-03,1.359917689114809036e-02,6.182663142681121826e-03,-2.565604075789451599e-02,-2.436854504048824310e-02,1.205015834420919418e-02,7.617685012519359589e-03,2.921006642282009125e-02,1.443068496882915497e-02,2.947829477488994598e-02,-1.941973157227039337e-02,9.025883860886096954e-03,-7.396396715193986893e-03,-6.333541590720415115e-03,-1.695706043392419815e-03,1.222450658679008484e-02,-2.196790091693401337e-02,-2.313469536602497101e-02,8.985649794340133667e-03,1.295040012337267399e-03,-6.504537304863333702e-04,1.333807304035872221e-04,1.265367213636636734e-02,3.057803027331829071e-02,-1.932585239410400391e-02,2.546828053891658783e-02,-3.004157450050115585e-03,2.749340608716011047e-03,-3.283114731311798096e-02,8.918592706322669983e-03,1.223791856318712234e-02,-1.030667405575513840e-02,1.794447563588619232e-02,-7.758504711091518402e-03,1.953037572093307972e-03,2.596450410783290863e-02,1.483302749693393707e-02,1.441727299243211746e-02,5.411506630480289459e-03,1.471232436597347260e-02,2.263847179710865021e-02,2.647078363224864006e-03,-4.036836698651313782e-02,-2.145826816558837891e-02,-1.433345256373286247e-03,6.512919208034873009e-04,3.173476550728082657e-03,2.934418059885501862e-02,-2.308440161868929863e-03,6.083418801426887512e-02,7.812150288373231888e-03,-7.537216413766145706e-03,-1.114488765597343445e-02,1.785059645771980286e-02,5.289127584546804428e-04,-1.739460788667201996e-02,2.848584949970245361e-02,1.612052321434020996e-02,-7.577450480312108994e-03,-2.420760691165924072e-03,3.099713707342743874e-03,6.239661946892738342e-03,-5.897670518606901169e-03,-1.755554415285587311e-02,2.143144421279430389e-02,4.750994499772787094e-03,-2.120345085859298706e-02,-3.104743082076311111e-03,9.817156940698623657e-03,2.451607026159763336e-02,2.862499386537820101e-04,8.885064162313938141e-03,-4.462649114429950714e-03,-2.701059356331825256e-02,1.390763930976390839e-02,2.926371246576309204e-02,-1.072913408279418945e-02,1.290010637603700161e-03,-1.677768304944038391e-02,-1.275761052966117859e-03,2.041217684745788574e-02,-3.157047554850578308e-02,-3.374312445521354675e-02,1.398978405632078648e-03,-4.052930325269699097e-02,-9.837274439632892609e-03,-1.534769078716635704e-03,1.608028821647167206e-02,2.285305410623550415e-02,-2.365438733249902725e-03,1.249944046139717102e-02,-9.622692130506038666e-03,-2.355044893920421600e-02,1.397469639778137207e-02,-1.416245661675930023e-02,-8.268138393759727478e-03,-8.549778722226619720e-03,-1.759577915072441101e-02
-8.351664058864116669e-03,-4.156257491558790207e-03,-2.098355442285537720e-02,-2.372394502162933350e-02,6.116941105574369431e-03,2.230155281722545624e-02,-1.776033453643321991e-02,-1.247529778629541397e-02,6.779202260076999664e-03,-2.115319855511188507e-02,8.808395825326442719e-03,1.384549215435981750e-02,1.920882612466812134e-02,-7.992803119122982025e-03,-5.288299638777971268e-03,-9.956749156117439270e-03,7.157636806368827820e-03,8.782296441495418549e-03,8.456059731543064117e-03,-7.451250217854976654e-03,-2.061817049980163574e-02,-2.307147160172462463e-02,-1.237742695957422256e-02,-1.357145374640822411e-03,-5.379646085202693939e-03,3.175915917381644249e-03,4.883765708655118942e-03,-1.735580153763294220e-02,1.372804772108793259e-02,1.173637108877301216e-03,-2.401103265583515167e-03,-6.818350404500961304e-03,-3.343275561928749084e-02,-9.454344399273395538e-03,-2.067036740481853485e-02,5.878788419067859650e-03,-1.528419670648872852e-03,2.228197874501347542e-03,-2.215148415416479111e-03,1.988005969906225801e-04,3.014428727328777313e-02,-1.327784080058336258e-02,-9.077540598809719086e-04,-3.659969952423125505e-04,-4.452480748295783997e-02,6.436653435230255127e-03,-2.976911491714417934e-05,6.870548240840435028e-03,-4.640393331646919250e-02,1.774728484451770782e-02,2.735496032983064651e-03,4.701073281466960907e-03,3.771298099309206009e-03,-8.142871782183647156e-03,1.011334266513586044e-02,-9.415196254849433899e-03,7.921030744910240173e-03,-3.185702953487634659e-03,-1.113120187073945999e-02,1.375414617359638214e-02,2.850005216896533966e-02,1.430222392082214355e-02,-5.033834837377071381e-03,-1.004157029092311859e-02,-1.038085669279098511e-02,-2.118908334523439407e-03,-1.283415872603654861e-02,2.565853064879775047e-03,-1.147048827260732651e-02,-3.773907944560050964e-02,5.151932686567306519e-02,3.870474174618721008e-02,-5.855951923877000809e-03,-9.421721100807189941e-03,2.719510532915592194e-02,-2.124454453587532043e-02,4.015975631773471832e-03,-6.850974168628454208e-03,-2.910032868385314941e-02,8.978038094937801361e-03,7.862308062613010406e-03,-3.758248640224337578e-03,-1.777338422834873199e-02,-1.469370815902948380e-02,3.254539147019386292e-02,-1.058312412351369858e-02,5.666734185069799423e-03,1.787777990102767944e-02,-1.169232930988073349e-02,-1.072666794061660767e-02,1.658588275313377380e-02,3.416352346539497375e-02,-2.025278471410274506e-02,-1.353230513632297516e-02,-7.738338317722082138e-03,7.620893418788909912e-03,-1.481115352362394333e-02,1.350620668381452560e-02,9.826254099607467651e-03,-2.240594848990440369e-02,2.021363563835620880e-02,2.516917418688535690e-03,-2.850005216896533966e-02,3.081307280808687210e-03,-2.711680904030799866e-02,-4.288057237863540649e-02,1.445881836116313934e-02,-3.066116914851590991e-05,2.479400113224983215e-02,-1.178367529064416885e-02,-1.411953195929527283e-02,5.026657506823539734e-02,7.262032479047775269e-03,-2.330636233091354370e-02,2.009619027376174927e-02,-9.225978516042232513e-03,7.947130128741264343e-03,6.844449322670698166e-03,-9.219453670084476471e-03,-2.386748977005481720e-02,1.198594272136688232e-02,3.231050074100494385e-02,8.527832105755805969e-03,7.640467491000890732e-03,9.323849342763423920e-03,-1.468065893277525902e-03,-1.210338808596134186e-02,-3.455501049757003784e-02,5.377810884965583682e-05,-4.952275659888982773e-03,4.714122507721185684e-03,-1.981888897716999054e-03,3.110994771122932434e-02,-2.350536640733480453e-03,1.820401754230260849e-03,-2.427202183753252029e-03,-6.328995339572429657e-03,-2.378919161856174469e-02,-1.193374488502740860e-02,-2.458520978689193726e-02,2.855225093662738800e-02,1.845195703208446503e-02,-1.376719586551189423e-02,-1.414563041180372238e-02,2.284963056445121765e-02,2.685581892728805542e-02,9.989372454583644867e-03,2.719510532915592194e-02,-2.391968667507171631e-02,1.062879711389541626e-02,3.892005886882543564e-03,-2.025278471410274506e-02,2.977890148758888245e-02,3.412437625229358673e-03,5.692833103239536285e-03,2.248424477875232697e-02,-9.741432964801788330e-03,2.870884351432323456e-02,-1.944371685385704041e-02,1.098602660931646824e-03,-2.685581892728805542e-02,2.377614192664623260e-02,2.634688839316368103e-02,-1.175757683813571930e-02,4.234554711729288101e-03,2.149248495697975159e-02,-3.732149722054600716e-03,1.043957937508821487e-02,-2.063122019171714783e-02,-7.405576761811971664e-03,3.197121247649192810e-02,2.417415147647261620e-03,-3.713880479335784912e-02,1.830841228365898132e-02,-1.808657124638557434e-02,6.622608285397291183e-03,1.284557627514004707e-03,-7.386002689599990845e-03,-2.313671819865703583e-02,1.702956482768058777e-02,-3.338055685162544250e-02,-1.179020013660192490e-02,1.832146197557449341e-02,2.445471473038196564e-02,-5.265463143587112427e-03,-1.116382516920566559e-02,-1.092893537133932114e-02,2.080086246132850647e-02,6.198500283062458038e-03,-4.883765708655118942e-03,3.831325843930244446e-02,5.170854274183511734e-03,-1.685992069542407990e-02,-3.202341124415397644e-02,-6.418253779411315918e-01,-1.405428443104028702e-02,-1.575071550905704498e-02,6.563885603100061417e-03,2.740389667451381683e-02,3.068257821723818779e-03,6.054956000298261642e-03,2.080086246132850647e-02,-1.636404171586036682e-02,-2.130979299545288086e-02,-1.619439758360385895e-02,1.611610129475593567e-02,-3.702788380905985832e-03,-1.273628696799278259e-02,-1.975690387189388275e-02,7.203309796750545502e-03,-2.059207111597061157e-02,-4.449870903044939041e-03,2.469612983986735344e-03,-1.830841228365898132e-02,-1.471980754286050797e-02,1.233175396919250488e-02,7.157636806368827820e-03,-7.516497280448675156e-03,1.800827495753765106e-02,-1.074134837836027145e-03,3.254539147019386292e-02,-1.154878549277782440e-02,-1.486335135996341705e-02,6.544311530888080597e-03,-2.641213685274124146e-02,2.538122795522212982e-02,-6.244173739105463028e-03,2.172737568616867065e-02,3.001379221677780151e-02,-2.976911375299096107e-03,-2.539427764713764191e-02,2.891763672232627869e-02,1.421087794005870819e-02,2.099660411477088928e-02,-1.957421191036701202e-02,-1.294507924467325211e-02,1.246877294033765793e-02,-4.267178103327751160e-02,-1.031724037602543831e-03,1.259274315088987350e-02,1.726445555686950684e-02,1.725793001241981983e-03,1.246877294033765793e-02,-1.658588275313377380e-02,-9.362998418509960175e-03,-2.957011014223098755e-02,-1.116382516920566559e-02,1.103985588997602463e-02,1.730360276997089386e-02,3.202341124415397644e-02,4.029677808284759521e-02,-3.228440135717391968e-02,2.911664079874753952e-03,-3.400693088769912720e-02,-2.351515367627143860e-02,1.332351379096508026e-02,-1.509824208915233612e-02,-1.680772379040718079e-02,7.581744808703660965e-03,-1.953343162313103676e-04,3.223220119252800941e-03,3.225830197334289551e-02,-6.025595124810934067e-03,-9.597888216376304626e-03,-1.990044862031936646e-02,4.668449517339468002e-03,-4.632563330233097076e-03,-7.483873516321182251e-03,-1.015249080955982208e-02,-1.597255654633045197e-02,2.388053946197032928e-02,-1.817791908979415894e-02,-2.501584216952323914e-02,1.802132464945316315e-02,2.441556751728057861e-02,1.199736027047038078e-03,-2.646433375775814056e-02,-1.192722003906965256e-02,1.049830205738544464e-02,-1.503299456089735031e-02,-7.686140481382608414e-03,-7.568695116788148880e-03,1.808657124638557434e-02,-6.035381928086280823e-03,-1.516348961740732193e-02,-6.929270923137664795e-03,-1.550277601927518845e-02,-3.395473212003707886e-02,6.837924476712942123e-03,-3.233007388189435005e-03,-1.342790946364402771e-02,3.071846254169940948e-02,1.807352155447006226e-02,-1.533313305117189884e-03,5.281774792820215225e-03,-2.228850312530994415e-02,1.530703343451023102e-02,1.354535482823848724e-02,2.144028618931770325e-02,1.747324690222740173e-02,-1.752503594616428018e-04,-1.803437434136867523e-02,1.799522526562213898e-02,-3.037917613983154297e-02,2.076497767120599747e-03,-1.425002608448266983e-02,2.335855923593044281e-02,-2.218410745263099670e-02,3.461373038589954376e-03,-2.998769283294677734e-02,1.568546891212463379e-02,4.319376312196254730e-03,9.088959544897079468e-03,-5.021438002586364746e-02,7.348485523834824562e-04,-6.120203528553247452e-03,-8.580029825679957867e-04,-1.012639235705137253e-02,1.808657124638557434e-02,3.476380184292793274e-02,1.053745113313198090e-02,-2.526378259062767029e-02,-2.401103265583515167e-03,-2.039632946252822876e-02,5.108869168907403946e-03,-1.212948653846979141e-02,2.137503959238529205e-02,-3.572293790057301521e-03,4.964020103216171265e-02,-1.433811034075915813e-03,1.813877001404762268e-02,-9.774056263267993927e-03,4.042727127671241760e-02,-1.321911811828613281e-02,-2.287572994828224182e-02,-6.560623180121183395e-03,3.445061389356851578e-03,3.294992202427238226e-04,3.918104805052280426e-03,-4.851794615387916565e-02,-2.162298001348972321e-02,-2.500605536624789238e-03,-4.653442651033401489e-02,7.725289091467857361e-03,-7.477349136024713516e-03,-8.085831723292358220e-06,-2.347600460052490234e-02,-9.643562138080596924e-03,-9.545690380036830902e-03,2.277286330354399979e-05,-3.458110848441720009e-03,8.560455404222011566e-03,4.515118431299924850e-03,-2.423287369310855865e-02,1.172495260834693909e-02,-9.754482656717300415e-03,-1.419782824814319611e-02,-1.515043992549180984e-02,7.914506830275058746e-03,4.198668524622917175e-03,1.619439758360385895e-02,-2.505499124526977539e-02,-8.234218694269657135e-03,-3.766078501939773560e-02,6.877073086798191071e-03,1.192722003906965256e-02,-1.378024555742740631e-02,1.475895568728446960e-02,1.481115352362394333e-03,2.166212722659111023e-02,-3.572293790057301521e-03,-3.319460200145840645e-03,-5.151280201971530914e-03,1.803437434136867523e-02,2.391316229477524757e-03,3.202341124415397644e-02,-4.000968858599662781e-02,-1.698062871582806110e-03,-1.047872845083475113e-02,3.148185787722468376e-03,-7.059765979647636414e-03,3.257148712873458862e-02,-1.498242840170860291e-03,1.007419452071189880e-02,-9.088959544897079468e-03,3.157972916960716248e-02,1.328436471521854401e-02,-5.872263573110103607e-03,1.762983947992324829e-02,1.318649388849735260e-02,9.787105955183506012e-03,1.624659635126590729e-02,1.188807096332311630e-02,2.335855923593044281e-02,1.663807965815067291e-02,-5.004473496228456497e-03,5.253718420863151550e-02,-8.116773329675197601e-03,1.729055307805538177e-02,-4.355914518237113953e-02,1.743409782648086548e-02,-1.839976012706756592e-02,2.472875453531742096e-02,-1.280153449624776840e-02,-3.412437625229358673e-03,-4.460310563445091248e-02,-2.175347506999969482e-02,1.042000576853752136e-02,1.380634400993585587e-02,4.945750907063484192e-02,-2.668617526069283485e-03,1.308209821581840515e-02,7.431675679981708527e-03,3.790872404351830482e-03,2.018753811717033386e-02,-7.768515497446060181e-04,1.019816473126411438e-02,1.697736606001853943e-02,-3.392863273620605469e-02,6.361619103699922562e-03,3.116214461624622345e-02,-1.326968427747488022e-03,9.545690380036830902e-03,-2.371089532971382141e-02,-6.433391012251377106e-03,-8.514782413840293884e-03,-1.525483559817075729e-02,2.043547667562961578e-02,-5.627586040645837784e-03,5.226314533501863480e-03,2.012228965759277344e-02,-2.676773583516478539e-03,-5.053408909589052200e-03,-8.214644156396389008e-03,8.619178086519241333e-03,4.146470688283443451e-03,5.411453894339501858e-04,-6.348569411784410477e-03,1.191417034715414047e-02,-4.175832029432058334e-03,3.510308638215065002e-02,1.766898855566978455e-02,-3.223220119252800941e-03,3.487472189590334892e-03,2.249729447066783905e-02,-1.171842776238918304e-02,-2.930912002921104431e-02,-2.821296453475952148e-02,1.618134789168834686e-02,-2.348905429244041443e-02,6.864023860543966293e-03,1.237090211361646652e-02,2.266693674027919769e-02,3.726929798722267151e-02,-4.586890339851379395e-03,-8.995981770567595959e-04,1.346705760806798935e-02,-4.726356710307300091e-04,2.523768320679664612e-02,2.977890148758888245e-02,2.072256617248058319e-02,-2.237984910607337952e-02,-1.102680619806051254e-02,8.188545703887939453e-03,1.279500965029001236e-02,4.241079092025756836e-03,1.072666794061660767e-02,-4.544479772448539734e-03,-6.267010234296321869e-03,1.218168437480926514e-02,-1.256011892110109329e-02,1.729055307805538177e-02,2.408933080732822418e-02,2.805636962875723839e-03,-3.651243075728416443e-02,-3.074456192553043365e-02,-1.978626707568764687e-03,1.761679165065288544e-02,4.469444975256919861e-03,-2.123149484395980835e-02,-3.173632174730300903e-02,1.509824208915233612e-02,-3.249319270253181458e-02,7.986278273165225983e-03,-5.731981713324785233e-03,3.244099393486976624e-02,4.652137868106365204e-03,-3.980089910328388214e-03,-3.687781468033790588e-02,1.364975050091743469e-02,3.405912965536117554e-02,-1.272976212203502655e-02,1.802132464945316315e-02,8.938889950513839722e-03,-2.852615155279636383e-02,-2.352167852222919464e-03,-4.701073281466960907e-03,8.103723637759685516e-03,3.844375163316726685e-02,4.430296830832958221e-03,1.361223286949098110e-03,2.779538044705986977e-03,-1.105942949652671814e-02,-3.403303027153015137e-02,-2.471570484340190887e-02,-1.263189129531383514e-02,-8.898110245354473591e-04,4.648875445127487183e-03,1.915010390803217888e-03,-1.406733412295579910e-02,-1.973080635070800781e-02,1.141829066909849644e-03,2.487229928374290466e-02,9.043285623192787170e-03,-1.594227796886116266e-05,-4.671711940318346024e-03,-1.993959769606590271e-02,4.250866360962390900e-03,9.687929600477218628e-02,2.649043314158916473e-02,1.299238298088312149e-03,4.270440433174371719e-03,-1.374109648168087006e-02,-1.600191812030971050e-03,-1.069404464215040207e-02,-2.915252558887004852e-02,2.087915875017642975e-02,1.171190291643142700e-03,-3.014428727328777313e-02,-5.304611288011074066e-03,1.036780793219804764e-02,-1.417172979563474655e-02,1.478505507111549377e-02,1.680772379040718079e-02,1.963946036994457245e-03,-2.060512080788612366e-02,1.485030259937047958e-02,8.945414796471595764e-03,-1.792997866868972778e-02,5.578650161623954773e-04,1.769508793950080872e-02,2.528988197445869446e-02,-2.454932313412427902e-03,-1.651574159041047096e-03,1.785168051719665527e-02,3.228440135717391968e-02,1.089631114155054092e-02,-7.810110691934823990e-03,-5.976659245789051056e-03,1.817791908979415894e-02,-1.188317779451608658e-03,1.876514405012130737e-02,-1.680772379040718079e-02,5.855951923877000809e-03,1.962314825505018234e-03,2.709070965647697449e-02,3.846332663670182228e-03,-7.144587580114603043e-03,-6.439915858209133148e-03,2.458520978689193726e-02,1.083106361329555511e-02,-1.282110903412103653e-02,8.325564675033092499e-03,-7.053241133689880371e-03,4.205193370580673218e-03,3.361544758081436157e-02,-1.359755266457796097e-02,-1.337571162730455399e-02,4.843964800238609314e-02,-2.574661374092102051e-02,-1.233175396919250488e-02,-1.059617381542921066e-02,1.622049696743488312e-02,-7.477349136024713516e-03,9.664767421782016754e-04,-4.218242596834897995e-03,-1.798217557370662689e-02,7.477349136024713516e-03,5.937511101365089417e-03,-2.423287369310855865e-02,-6.994518451392650604e-03,-7.217990932986140251e-04,-2.308452129364013672e-02,-2.810856886208057404e-02,1.682077348232269287e-02,-6.116941105574369431e-03,-1.946981623768806458e-02,8.703999221324920654e-03,2.502236748114228249e-03,1.273628696799278259e-02,-2.658177912235260010e-02,4.590152762830257416e-03,1.787777990102767944e-02,1.118339970707893372e-02,1.939151994884014130e-02,-5.604749545454978943e-03,-6.012545432895421982e-03,1.415868010371923447e-02,9.212928824126720428e-03,-8.208119310438632965e-03,-1.847805641591548920e-02,-2.435031905770301819e-02,-9.108533151447772980e-03,2.063448075205087662e-03,-5.004473496228456497e-03,-1.535923127084970474e-02,-9.493492543697357178e-03,-8.749673143029212952e-03,-3.236269811168313026e-03,1.560717169195413589e-02,2.599455416202545166e-02,5.467729642987251282e-03,6.296371575444936752e-03,-8.172233356162905693e-04,3.673427039757370949e-03,2.204056270420551300e-02,-2.346295490860939026e-02,-2.020058594644069672e-02,-2.340749604627490044e-03,-9.500017389655113220e-03,1.438704552128911018e-03,-3.441798966377973557e-03,2.860444784164428711e-02,-4.981637001037597656e-03,6.955369841307401657e-03,1.717310771346092224e-02,-1.086368784308433533e-02,1.188807096332311630e-02,-1.572461682371795177e-03,-1.077886577695608139e-02,-2.936131879687309265e-02,-2.668617479503154755e-02,-1.543752849102020264e-02,1.409343210980296135e-03,-6.720479577779769897e-03,3.640803322196006775e-02,2.004399336874485016e-02,-4.012713674455881119e-03,2.722120471298694611e-02,-3.197121247649192810e-02,3.653853014111518860e-02,-6.364881061017513275e-03,-3.001379221677780151e-02,1.276891119778156281e-02,-1.118176849558949471e-03,-1.896088756620883942e-02,1.872599683701992035e-02,2.681666985154151917e-03,2.862728433683514595e-03,8.553930558264255524e-03,6.708245491608977318e-04,1.208381354808807373e-02,-1.375414617359638214e-02,6.012545432895421982e-03,2.296707592904567719e-02,-7.549121044576168060e-03,-1.400371780619025230e-03,2.151858434081077576e-02,-3.763468563556671143e-02,-1.310819759964942932e-02,-2.970060519874095917e-02,-4.118414223194122314e-02,-5.444240942597389221e-02,-2.438946813344955444e-02,-1.177715044468641281e-02,1.680772379040718079e-02,1.772118732333183289e-02,1.072014309465885162e-02,-2.605980075895786285e-02,-8.671375922858715057e-03,-1.833451166749000549e-02,-9.278176352381706238e-03,-6.195237860083580017e-03,-1.525483559817075729e-02,-1.073319278657436371e-02,8.390812203288078308e-03,2.598150447010993958e-02,4.329815506935119629e-02,4.047947004437446594e-02,2.087916014716029167e-03,-4.417247138917446136e-03,2.085306122899055481e-02,2.172737615182995796e-03,-9.454344399273395538e-03,-9.552215225994586945e-03,-3.497259225696325302e-03,-3.291077539324760437e-02,2.403713203966617584e-02,3.554676845669746399e-02,1.575071550905704498e-02,1.618134789168834686e-02,1.824316568672657013e-02,8.175496011972427368e-03,1.616829819977283478e-02,7.164161652326583862e-03,8.214644156396389008e-03,-2.329331263899803162e-02,-1.909138076007366180e-02,-8.312514983117580414e-03,-1.466760970652103424e-02,1.241657510399818420e-02,-1.759069226682186127e-02,-2.022668533027172089e-02,3.120455658063292503e-03,3.254539147019386292e-02,-1.542284735478460789e-03,1.909138076007366180e-02,-1.182282436639070511e-02,1.075929217040538788e-02,-3.956600651144981384e-02,4.750008881092071533e-02,-2.034413069486618042e-02,1.501994486898183823e-02,3.159604035317897797e-03,3.087831893935799599e-03,1.487640105187892914e-02,7.516497280448675156e-03,2.861097222194075584e-03,3.409175202250480652e-03,1.498079672455787659e-02,-4.147123172879219055e-02,-3.432011976838111877e-02,-2.471570484340190887e-02,2.865664660930633545e-02,-1.548972632735967636e-02,4.890290554612874985e-03,1.112467702478170395e-02,-1.234480272978544235e-02,-1.665112935006618500e-02,-7.190260570496320724e-03,-2.663724124431610107e-03,-3.178852051496505737e-02,3.162866458296775818e-03,-3.383076284080743790e-03,-1.520263776183128357e-02,1.117035001516342163e-02,-7.731813937425613403e-03,-3.074456192553043365e-02,6.508425343781709671e-03,2.094032824970781803e-04,2.538122795522212982e-02,-1.888911472633481026e-03,1.689906977117061615e-02,7.731813937425613403e-03,9.917600546032190323e-04,-2.103575319051742554e-02,-1.447186712175607681e-02,4.068173933774232864e-03,-6.541049107909202576e-03,-7.262032479047775269e-03,2.776928246021270752e-02,-1.918272860348224640e-02,2.792587503790855408e-02,1.317996880970895290e-03,1.391073968261480331e-02,-1.933932118117809296e-02,-2.983109839260578156e-02,1.501994486898183823e-02,7.059765979647636414e-03,8.730098605155944824e-03,-2.498974325135350227e-03,2.287735987920314074e-04,4.505331162363290787e-03,9.747957810759544373e-03,-4.606464412063360214e-03,1.849762978963553905e-03,-4.624407447408884764e-04,-3.575555980205535889e-02,-1.120949909090995789e-02,1.547178369946777821e-03,-1.992654800415039062e-02,8.958464488387107849e-03,-1.829536259174346924e-02,-1.461541187018156052e-02,2.030498161911964417e-02,-4.832383710891008377e-04,4.280227702111005783e-03,8.175496011972427368e-03,-1.392378937453031540e-02,1.203814055770635605e-02,-2.170127630233764648e-02,-4.816071595996618271e-04,1.944371685385704041e-02,2.585100941359996796e-02,-1.038085669279098511e-02,-9.441294707357883453e-03,-3.332835808396339417e-02,2.179262228310108185e-02,-2.445471473038196564e-02,-9.454344399273395538e-03,-1.514554605819284916e-03,3.270198404788970947e-02,6.727003958076238632e-03,-1.184239797294139862e-02,1.601007417775690556e-03,-3.361544758081436157e-02,-2.333245985209941864e-02,-6.178926210850477219e-03,1.411953195929527283e-02,1.643418218009173870e-03,2.189049264416098595e-03,-7.712239399552345276e-03,-6.335519719868898392e-03,-2.283658087253570557e-02,-1.363670080900192261e-02,7.849259302020072937e-03,-3.526620566844940186e-03,-3.108384832739830017e-02,-3.338055685162544250e-02,4.299801774322986603e-03,-2.324111387133598328e-02,7.666566409170627594e-03,7.986278273165225983e-03,-1.230565458536148071e-02,-2.448081411421298981e-02,2.826516143977642059e-02,-2.395883575081825256e-02,2.930912002921104431e-02,-2.307147160172462463e-02,5.379646085202693939e-03,-3.335445746779441833e-02,2.748545492067933083e-03,2.632079087197780609e-02,-4.211717750877141953e-03,3.447671234607696533e-02,-3.228440135717391968e-02,-1.371499802917242050e-02,8.612653240561485291e-03,-4.123634193092584610e-03,4.228029772639274597e-02,6.312683224678039551e-03,-7.196785416454076767e-03,-1.898698508739471436e-02,-5.427766009233891964e-04,1.276891119778156281e-02,-1.312124636024236679e-02,-3.092725574970245361e-02,2.240594848990440369e-02,-9.793630801141262054e-03,3.115562023594975471e-03,2.685581892728805542e-02,-3.100555203855037689e-02,1.662502996623516083e-02,1.762983947992324829e-02,2.060185885056853294e-03,4.821781069040298462e-03,-3.244099393486976624e-02,8.384287357330322266e-03,1.656467677094042301e-03,-2.160993032157421112e-02,-1.759069226682186127e-02,-1.325174141675233841e-02,-7.095651817508041859e-04,-5.203478038311004639e-03,-3.126980271190404892e-03,1.057659927755594254e-02,-3.474422730505466461e-03,-5.539502017199993134e-03,1.043957937508821487e-02,9.539165534079074860e-03,3.676689462736248970e-03,1.381939370185136795e-02,-2.149248495697975159e-02,-7.164161652326583862e-03,2.500605536624789238e-03,-3.544237464666366577e-02,-4.332425445318222046e-02,-5.068415775895118713e-02,4.152995534241199493e-03,1.671637780964374542e-02,1.291897986084222794e-02,-4.123634099960327148e-02,1.605085469782352448e-02,6.244173739105463028e-03,-5.934901162981987000e-02,-7.784011773765087128e-03,2.647738344967365265e-02,1.722530694678425789e-03,-8.827969431877136230e-03,2.613157266750931740e-03,1.387322321534156799e-03,1.396293751895427704e-02,1.218168437480926514e-02,2.365217311307787895e-03,-1.565936952829360962e-02,-4.081875830888748169e-02,1.769508793950080872e-02,-4.559486359357833862e-02,-1.631999970413744450e-03,6.681330967694520950e-03,-2.792587503790855408e-02,-1.618134789168834686e-02,3.895268077030777931e-03,-6.603034213185310364e-03,9.447819553315639496e-03,3.009208850562572479e-02,-3.569031367078423500e-03,9.754482656717300415e-03,-1.469370815902948380e-02,-5.138230626471340656e-04,-1.581596396863460541e-02,-9.356473572552204132e-03,-6.850974168628454208e-03,-2.120539546012878418e-02,7.425151299685239792e-03,-1.841607154347002506e-03,-2.660461701452732086e-03,-3.251929208636283875e-02,2.194921672344207764e-02,4.042074549943208694e-03,1.162055693566799164e-02,-8.736623451113700867e-03,2.228850312530994415e-02,-4.707598127424716949e-03,-1.552887493744492531e-03,-1.765593886375427246e-02,3.471160307526588440e-02,1.210338808596134186e-02,1.596929505467414856e-03,4.387885797768831253e-03,-7.555645890533924103e-03,-4.348737653344869614e-03,-8.501732721924781799e-03,1.175757683813571930e-02,-2.449386380612850189e-02,-1.408038288354873657e-02,1.649453677237033844e-02,7.757912855595350266e-03,5.510140676051378250e-03,-1.856940239667892456e-02,3.074782434850931168e-03,-1.422392763197422028e-02,2.408933080732822418e-02,-5.327448248863220215e-03,3.725625108927488327e-03,-2.159688062965869904e-02,3.747808933258056641e-02,4.303716868162155151e-02,-9.338530362583696842e-04,-6.870548240840435028e-03,-2.050072513520717621e-02,-9.441294707357883453e-03,-7.875357754528522491e-03,-4.325900692492723465e-03,-2.271913550794124603e-02,-1.153573580086231232e-02,-9.878451935946941376e-03,-3.653852967545390129e-03,-2.334550954401493073e-02,-2.141418866813182831e-02,9.623987600207328796e-03,1.192069519311189651e-02,-1.358450297266244888e-02,-6.890122778713703156e-03,1.952201426029205322e-01,-1.292713568545877934e-03,8.449534885585308075e-03,1.716005988419055939e-02,2.629469148814678192e-03,1.618134789168834686e-02,1.603780500590801239e-02,2.091830782592296600e-02,7.183735724538564682e-03,1.194026973098516464e-02,-3.484209626913070679e-02,-2.491144649684429169e-02,-7.118488196283578873e-03,2.574008889496326447e-03,8.899741806089878082e-03,-3.666902333498001099e-02,-3.220610320568084717e-02,1.706218812614679337e-03,-2.180567197501659393e-02,-1.819096691906452179e-02,-1.096155866980552673e-02,-3.599045053124427795e-02,-1.769508793950080872e-02,-4.133420996367931366e-03,3.361544758081436157e-02,1.282110903412103653e-02,1.525157364085316658e-03,1.508519239723682404e-02,1.241005025804042816e-02,-1.118992455303668976e-02,-1.825295272283256054e-03,-6.149564869701862335e-04,1.306904852390289307e-02,-3.882218617945909500e-03,1.290593016892671585e-02,1.670332741923630238e-03,2.625554241240024567e-02,-2.011250238865613937e-03,4.102754965424537659e-02,1.615525037050247192e-02,1.434137299656867981e-02,-1.230565458536148071e-02,1.622008858248591423e-04,1.735580153763294220e-02,1.358450297266244888e-02,1.272976212203502655e-02,-5.366596393287181854e-03,1.392378937453031540e-02,7.927555590867996216e-03,6.195237860083580017e-03,-2.082696184515953064e-02,1.197289302945137024e-02,1.595950685441493988e-02,2.339770831167697906e-02,-4.847879987210035324e-03,1.017859019339084625e-02,2.988329622894525528e-03,5.578650627285242081e-03,1.294507924467325211e-02,1.646680524572730064e-03,-1.135956775397062302e-02,2.964840643107891083e-02,-4.462920501828193665e-02,3.121434338390827179e-02,-3.301517106592655182e-03,-1.207076385617256165e-02,-1.710786111652851105e-02,-1.890542684122920036e-03,1.850374792411457747e-05,-3.150143101811408997e-02,8.168971166014671326e-03,-2.412847802042961121e-02,-1.374109648168087006e-02,1.024383702315390110e-03,-1.640318892896175385e-02,-1.866074837744235992e-02,3.938331454992294312e-02,-3.637541085481643677e-03,-6.195237860083580017e-03,1.343280309811234474e-03,8.671375922858715057e-03,-2.478095144033432007e-02,2.301927283406257629e-02,9.702284820377826691e-03,4.469444975256919861e-03,-2.534207887947559357e-02,1.350620668381452560e-02,-1.306252367794513702e-02,-1.167927961796522141e-02,4.182356409728527069e-03,6.785726640373468399e-03,3.097618930041790009e-03,1.472143805585801601e-03,-1.180324982851743698e-02,2.999747870489954948e-03,-1.132041960954666138e-02,5.634110886603593826e-03,2.649043314158916473e-02,-1.521568745374679565e-02,4.061649087816476822e-03,7.125013042241334915e-03,-4.718689993023872375e-02,2.701241336762905121e-02,9.571789763867855072e-03,-6.218890193849802017e-04,-9.036760777235031128e-03,5.960347596555948257e-03,1.702956482768058777e-02,2.555087208747863770e-02,-7.098914124071598053e-03,1.739495061337947845e-02,-1.508519239723682404e-02,5.069721024483442307e-03,5.258938297629356384e-03,5.248498544096946716e-02,-1.078539062291383743e-02,-2.988329716026782990e-02,-4.627343639731407166e-02,1.021773833781480789e-02,7.098914124071598053e-03,-1.511292299255728722e-03,-1.601170562207698822e-02,1.550277601927518845e-02,2.348905429244041443e-02,-1.575071550905704498e-02,-2.244509570300579071e-02,-4.141903296113014221e-02,-9.082434698939323425e-03,1.477200537919998169e-02,-1.317996904253959656e-02,-3.480947343632578850e-03,-9.415196254849433899e-03,1.451101619750261307e-02,3.068257821723818779e-03,3.330878447741270065e-03,1.633794233202934265e-02,-1.327784033492207527e-03,3.749684838112443686e-04,-4.224767442792654037e-03,-2.398493513464927673e-02,2.998116891831159592e-03,1.073319278657436371e-02,3.142313659191131592e-02,1.468065939843654633e-02,5.664287600666284561e-04,-1.348173827864229679e-03,2.624249272048473358e-02,-1.438052114099264145e-02,-7.125013042241334915e-03,-2.256254106760025024e-02,-3.160582855343818665e-02,6.508425343781709671e-03,1.276891119778156281e-02,-4.988161846995353699e-03,6.857499014586210251e-03,1.476221834309399128e-03,-1.495469827204942703e-02,-3.291077539324760437e-02,7.379477843642234802e-03,2.307147160172462463e-02,-4.901382699608802795e-02,2.649043314158916473e-02,2.600760385394096375e-02,-8.253792300820350647e-03,7.003897917456924915e-05,8.586553856730461121e-03,-1.645277738571166992e-01,2.116624824702739716e-02,3.014428727328777313e-02,-1.359755266457796097e-02,9.454344399273395538e-03,2.184155862778425217e-03,2.821296453475952148e-02,6.420341320335865021e-03,6.883597932755947113e-03,2.068341709673404694e-02,1.156183425337076187e-02,6.527999881654977798e-03,-3.262368729338049889e-03,8.359819767065346241e-04,-2.282353118062019348e-02,6.191975902765989304e-03,-8.456059731543064117e-03,1.884344220161437988e-02,2.619029581546783447e-02,1.744714751839637756e-02,1.547667663544416428e-02,1.137261744588613510e-02,1.684687100350856781e-02,-7.235933560878038406e-03,1.769508793950080872e-02,1.168580446392297745e-02,-2.100965380668640137e-02,3.578818403184413910e-03,-5.488935275934636593e-04,-2.769098430871963501e-02,-9.434769861400127411e-03,-6.661756895482540131e-03,2.292792685329914093e-02,5.293193389661610126e-04,2.873494289815425873e-02,-7.614368572831153870e-03,-2.288877777755260468e-02,1.194026973098516464e-02,-3.064995398744940758e-03,1.734275184571743011e-02,3.154302830807864666e-04,6.916221696883440018e-03,1.191417034715414047e-02,9.519591927528381348e-03,-5.813540890812873840e-03,5.579955503344535828e-02,1.511129178106784821e-02,1.096155866980552673e-02,1.109205372631549835e-02,-4.338950384408235550e-03,-4.143208265304565430e-03,-2.059207111597061157e-02,-1.444576866924762726e-02,7.294656243175268173e-03,1.171842776238918304e-02,1.721225678920745850e-02,-1.756785553880035877e-03,-6.909696850925683975e-03,4.988161846995353699e-03,1.694800565019249916e-03,-1.366280019283294678e-02,-1.380634400993585587e-02,2.253073325846344233e-04,-1.558107230812311172e-02,-4.391148220747709274e-03,-1.246877294033765793e-02,4.648875445127487183e-03,2.045505214482545853e-03,-9.167255833745002747e-03,-3.112299600616097450e-03,-2.346295490860939026e-02,-2.309757098555564880e-02,2.998769283294677734e-02,-2.482010051608085632e-02,2.308452129364013672e-02,7.973228581249713898e-03,1.238068914972245693e-03,1.628574356436729431e-02,9.826254099607467651e-03,7.757912855595350266e-03,-1.426307577639818192e-02,3.512918576598167419e-02,-1.127474568784236908e-02,-2.640479651745408773e-04,1.065489649772644043e-02,5.157805047929286957e-03,-2.313671819865703583e-02,2.138482639566063881e-03,-2.193616703152656555e-02,-1.722530648112297058e-02,1.495469827204942703e-02,-6.293109152466058731e-03,-4.413984715938568115e-03,-2.210580930113792419e-02,2.093135751783847809e-02,2.946571446955204010e-02,9.845828637480735779e-03,-1.580291427671909332e-02,-2.516917418688535690e-03,-1.930017210543155670e-02,2.459825947880744934e-03,-8.149396628141403198e-03,-2.317586727440357208e-02,1.398903690278530121e-02,1.620744727551937103e-02,-7.699190173298120499e-03,3.865906910505145788e-04,3.202341124415397644e-02,4.118414223194122314e-02,-9.180305525660514832e-03,-1.910116872750222683e-03,3.722362685948610306e-03,3.325005993247032166e-02,2.068341709673404694e-02,3.191901370882987976e-02,2.100965380668640137e-02,8.482158184051513672e-03,2.655772004800383002e-05,-8.694212301634252071e-04,-4.181051626801490784e-02,5.371163785457611084e-02,5.855951923877000809e-03,-1.047872845083475113e-02,4.472707398235797882e-03,-1.829536259174346924e-02,-2.124454453587532043e-02,-1.025166735053062439e-01,-1.556802354753017426e-02,1.612915098667144775e-02,-1.353067345917224884e-03,-7.314230315387248993e-03,1.748629659414291382e-02,1.064347801730036736e-03,7.470824290066957474e-03,-1.571156829595565796e-02,3.275418281555175781e-02,8.893216960132122040e-03,-3.304126858711242676e-02,4.626038949936628342e-03,-8.606128394603729248e-03,7.170686498284339905e-03,-3.552719485014677048e-03,1.410648226737976074e-02,-2.860444784164428711e-02,-2.201446332037448883e-02,1.864769868552684784e-02,-3.186681866645812988e-02,1.042000576853752136e-02,1.508519239723682404e-02,-1.558107230812311172e-02,6.583460140973329544e-03,-2.102596685290336609e-03,-1.837366074323654175e-02,1.268408913165330887e-02,1.362365111708641052e-02,4.505331162363290787e-03,1.614220067858695984e-02,-2.759963972494006157e-03,-4.316113889217376709e-03,-2.081391215324401855e-02,-1.375414617359638214e-02,-4.157562553882598877e-02,-1.482420321553945541e-02,-2.084001153707504272e-02,2.017448842525482178e-02,-2.020058594644069672e-02,1.182608655653893948e-03,5.030572414398193359e-03,-9.323849342763423920e-03,-1.975690387189388275e-02,1.045262906700372696e-02,-9.062860161066055298e-03,-1.618134789168834686e-02,2.256254106760025024e-02,3.069236502051353455e-02,1.609000191092491150e-02,-2.249729447066783905e-02,-2.064426802098751068e-02,-1.206423901021480560e-02,-2.575966343283653259e-02,3.400693088769912720e-02,-2.223630435764789581e-02,8.345139212906360626e-03,5.046884529292583466e-03,-1.255359500646591187e-02,-1.537228096276521683e-02,-1.302990037947893143e-02,1.180977467447519302e-02,1.906528323888778687e-02,1.542447879910469055e-02,1.955789979547262192e-03,8.782296441495418549e-03,-1.448491681367158890e-02,-1.855635270476341248e-02,1.239700056612491608e-02,-3.238879516720771790e-02,2.158056944608688354e-03,-3.027478000149130821e-03,-4.652137868106365204e-03,1.946981623768806458e-02,-1.849110610783100128e-02,-1.414563041180372238e-02,-3.079676069319248199e-02,-1.383244339376688004e-02,1.439357083290815353e-02,-3.199731186032295227e-02,-1.965250819921493530e-02,-2.797807380557060242e-02,2.309757098555564880e-02,-2.098355442285537720e-02,4.042727127671241760e-02,-3.173632174730300903e-02,2.218410605564713478e-03,-9.663135744631290436e-03,1.415868010371923447e-02,-1.302337553352117538e-02,2.917862497270107269e-02,1.556802354753017426e-02,2.116624824702739716e-02,-4.034897685050964355e-02,-1.526788529008626938e-02,7.295471732504665852e-04,-1.443271897733211517e-02,-3.226482542231678963e-03,-7.092389278113842010e-03,2.390663698315620422e-02,-2.660787850618362427e-02,-1.105290465056896210e-02,-4.178441688418388367e-02,3.779127821326255798e-02,-1.582901366055011749e-02,7.059765979647636414e-03,2.158056944608688354e-03,-2.021363563835620880e-02,2.479400113224983215e-02,1.257643103599548340e-03,-1.930017210543155670e-02,1.225835061632096767e-03,-2.309757098555564880e-02,3.142313659191131592e-02,-3.682561591267585754e-02,4.469444975256919861e-03,6.374668329954147339e-03,-1.551582571119070053e-02,3.368395555298775434e-04,1.485030259937047958e-02,-1.158956438302993774e-03,-2.743652090430259705e-03,1.090283598750829697e-02,2.709070965647697449e-02,-5.060749244876205921e-04,-1.509824208915233612e-02,-1.449796650558710098e-02,1.950896531343460083e-02,6.129990797489881516e-03,8.827969431877136230e-03,-1.140524074435234070e-02,-8.325564675033092499e-03,1.756459288299083710e-02,-1.375414617359638214e-02,1.021937001496553421e-03,1.612915098667144775e-02,1.370194833725690842e-02,-1.344095915555953979e-02,-1.843238249421119690e-03,2.277133241295814514e-02,8.841019123792648315e-03,1.431527361273765564e-02,-2.630774118006229401e-02,-2.384139038622379303e-02,5.409007426351308823e-03,-1.631184294819831848e-02,2.129674330353736877e-02,4.577103070914745331e-03,-9.206403978168964386e-03,1.970470696687698364e-02,3.486819565296173096e-02,-4.068173933774232864e-03,1.995264738798141479e-02,3.760858625173568726e-02,-8.286416530609130859e-03,-1.946981623768806458e-02,-3.914842382073402405e-03,-1.096155866980552673e-02,2.231460250914096832e-02,-6.074530538171529770e-03,-3.074782434850931168e-04,-4.363744333386421204e-02,2.732560038566589355e-02,1.886953972280025482e-02,1.967860758304595947e-02,8.319039829075336456e-03,1.130084507167339325e-02,-2.940209815278649330e-04,-7.976491469889879227e-04,9.284701198339462280e-03,-6.159352138638496399e-03,-2.231460250914096832e-02,-1.372804772108793259e-02,-3.846332663670182228e-03,-1.381939370185136795e-02,1.241005025804042816e-02,2.244509570300579071e-02,1.059617381542921066e-02,-1.521568745374679565e-02,-7.464299444109201431e-03,-1.262536644935607910e-02,9.734908118844032288e-03,1.473285723477602005e-02,1.017206534743309021e-02,-1.232522912323474884e-02,1.175105199217796326e-02,2.756049111485481262e-02,-2.192311733961105347e-02,-1.111162733286619186e-02,5.686308722943067551e-03,9.330374188721179962e-03,1.303642522543668747e-02,2.433727029711008072e-03,1.245572324842214584e-02,-6.162614561617374420e-03,-3.210170660167932510e-03,-5.976659245789051056e-03,-1.287330687046051025e-02,-5.392695311456918716e-03,2.265388704836368561e-02,1.958726160228252411e-02,1.902613416314125061e-02,-1.928712427616119385e-02,1.430222392082214355e-02,-9.206403978168964386e-03,1.965577015653252602e-03,-1.299238298088312149e-03,-1.400208659470081329e-02,-1.855635270476341248e-02,-2.197531610727310181e-02,-1.043305452913045883e-02,2.271913550794124603e-02,9.454344399273395538e-03,-1.661198213696479797e-02,2.813466824591159821e-02,7.914506830275058746e-03,-6.612821482121944427e-03,1.556802354753017426e-02,7.478980114683508873e-04,3.113604709506034851e-02,-2.305842190980911255e-02,1.954811252653598785e-02,1.863464899361133575e-02,3.856119699776172638e-03,9.108533151447772980e-03,-2.150553464889526367e-02,1.153573580086231232e-02,5.239364225417375565e-03,-8.364712819457054138e-03,1.573766581714153290e-02,1.462846063077449799e-02,9.526116773486137390e-03,2.889153733849525452e-02,-3.666902426630258560e-03,-4.188881441950798035e-02,-2.378919161856174469e-02,1.042653061449527740e-02,9.604413062334060669e-03,8.788821287453174591e-03,2.436336874961853027e-02,-9.937174618244171143e-03,4.726519808173179626e-02,5.803753621876239777e-03,-9.473918937146663666e-03,-7.542596198618412018e-03,6.250698119401931763e-03,1.683382317423820496e-02,-1.438052114099264145e-02,1.079844031482934952e-02,1.809962093830108643e-02,-2.637298777699470520e-02,-6.883597932755947113e-03,8.332089520990848541e-03,2.384139038622379303e-02,3.673427039757370949e-03,-2.800417318940162659e-02,1.683382317423820496e-02,5.614536348730325699e-03,6.759627722203731537e-03,-1.701651513576507568e-02,4.531430080533027649e-03,3.017038479447364807e-02,-2.813793020322918892e-03,1.501505146734416485e-03,-1.294507924467325211e-02,-3.559896722435951233e-02,-8.188545703887939453e-03,3.820886090397834778e-02,1.246877294033765793e-02,-1.038738153874874115e-02,-4.126244038343429565e-02,1.123885973356664181e-03,7.966704666614532471e-03,-1.867379806935787201e-02,-3.442451357841491699e-02,8.005852811038494110e-03,-1.906528323888778687e-02,-1.556802354753017426e-02,-1.148353796452283859e-02,8.521307259798049927e-03,1.033518370240926743e-02,-2.505499171093106270e-03,1.593340933322906494e-02,-1.333656348288059235e-02,-1.649453677237033844e-02,1.978300325572490692e-02,-1.125517208129167557e-02,3.231376176699995995e-03,2.272239886224269867e-03,-3.745199367403984070e-02
7.633863016963005066e-03,-1.614243909716606140e-02,-2.408112585544586182e-02,-4.936829674988985062e-03,2.925651380792260170e-03,2.960772439837455750e-02,-7.063973695039749146e-03,-5.738650448620319366e-03,4.098562523722648621e-03,-9.933299385011196136e-03,2.756672725081443787e-02,2.867668634280562401e-03,1.716293767094612122e-02,3.028363920748233795e-03,-5.231714341789484024e-03,-1.917742937803268433e-02,6.891681812703609467e-03,3.227162407711148262e-03,2.307719318196177483e-03,-1.945574767887592316e-02,-2.740768902003765106e-02,-1.793162524700164795e-02,-1.819669082760810852e-02,-2.259676344692707062e-02,-8.110979571938514709e-03,1.247791945934295654e-02,3.856691066175699234e-03,-7.885674014687538147e-03,2.148349210619926453e-02,-2.412088587880134583e-02,-2.808029064908623695e-03,6.520591210573911667e-03,-4.426580388098955154e-03,-2.410431858152151108e-03,-1.614243909716606140e-02,7.826034910976886749e-03,1.146404724568128586e-02,-2.374979481101036072e-02,9.515821933746337891e-03,1.129009877331554890e-03,1.681835390627384186e-02,-1.587737537920475006e-02,-8.556619286537170410e-04,1.607617363333702087e-02,-2.055576629936695099e-02,-2.284112124470993876e-04,4.817550536245107651e-03,8.349537849426269531e-03,-3.567770496010780334e-02,3.074750304222106934e-02,-7.932060398161411285e-03,7.799528073519468307e-03,1.011465064948424697e-05,-6.159440614283084869e-03,-2.236483152955770493e-03,-9.734500199556350708e-03,5.625997669994831085e-03,1.261045224964618683e-02,-3.419334441423416138e-02,1.361107174307107925e-02,4.857310093939304352e-03,1.280262414366006851e-02,-6.457638461142778397e-03,1.858766074292361736e-03,-2.899807691574096680e-02,7.898927666246891022e-03,-3.129523611278273165e-05,-2.461788244545459747e-03,-2.960772439837455750e-02,-3.740062564611434937e-02,5.651178956031799316e-02,5.341053381562232971e-02,-2.867668634280562401e-03,-1.858103461563587189e-02,-1.895212451927363873e-03,-2.581729926168918610e-02,-1.483036857098340988e-02,-2.461788244545459747e-03,-2.693057246506214142e-02,8.448936860077083111e-04,-3.145986469462513924e-03,-2.164253219962120056e-02,-2.441245689988136292e-02,-2.341846376657485962e-02,3.191378712654113770e-02,-7.580849807709455490e-03,-6.183462101034820080e-04,3.459094092249870300e-02,1.137127447873353958e-02,-2.565826103091239929e-02,1.862079463899135590e-02,3.122461959719657898e-02,-1.451229117810726166e-02,-1.151705998927354813e-02,-1.265683863312005997e-02,5.301293451339006424e-03,-2.899807691574096680e-02,1.424722652882337570e-02,3.465720685198903084e-03,-2.754021994769573212e-02,1.242490671575069427e-02,1.479060947895050049e-02,-2.447872422635555267e-02,-9.906792547553777695e-04,-1.607617363333702087e-02,-1.786535978317260742e-02,8.316404186189174652e-03,-1.522465259768068790e-03,2.105938829481601715e-02,-7.852541282773017883e-03,6.523904390633106232e-03,5.102495104074478149e-02,5.122375208884477615e-03,-4.010428488254547119e-02,-3.435900900512933731e-03,-1.125862263143062592e-02,1.982683874666690826e-02,5.115748383104801178e-03,-6.136247422546148300e-03,-6.258839741349220276e-03,6.517278030514717102e-03,3.830184787511825562e-02,-2.837848849594593048e-03,-6.166066974401473999e-03,-6.739269476383924484e-03,2.286182902753353119e-02,6.673003546893596649e-03,-3.626084700226783752e-02,-3.011797554790973663e-03,1.462825690396130085e-03,8.356164209544658661e-03,1.102006435394287109e-02,3.119811229407787323e-02,-8.853160776197910309e-03,-1.439301203936338425e-02,1.437975931912660599e-02,-1.106645073741674423e-02,-1.513519324362277985e-02,-1.090741157531738281e-02,-1.081463880836963654e-02,3.207282721996307373e-02,2.282869536429643631e-03,-6.083234678953886032e-03,-4.911979776807129383e-04,2.294134907424449921e-02,1.746776327490806580e-02,8.859787136316299438e-03,1.310082152485847473e-02,-9.714620187878608704e-03,-7.812781259417533875e-03,2.339195832610130310e-02,-1.745450869202613831e-02,1.675208844244480133e-02,-9.330276399850845337e-03,6.812162231653928757e-03,1.345203258097171783e-03,5.301293567754328251e-04,3.565119951963424683e-02,-4.018380492925643921e-02,-6.938068196177482605e-03,-2.123168110847473145e-02,2.207988873124122620e-02,2.066179178655147552e-02,-1.297491602599620819e-02,1.092066522687673569e-02,1.597014628350734711e-02,2.762470976449549198e-04,8.203752338886260986e-03,-2.651972137391567230e-02,-1.122548896819353104e-02,1.583761535584926605e-02,8.826653473079204559e-03,-5.325149372220039368e-02,1.234538760036230087e-02,-1.217309571802616119e-02,1.893887110054492950e-02,3.919643815606832504e-03,9.336903691291809082e-03,-2.780528552830219269e-02,1.607617363333702087e-02,-3.156920522451400757e-02,-1.626171916723251343e-02,1.753402873873710632e-02,3.241740912199020386e-02,-1.487012859433889389e-02,-1.516169961541891098e-02,5.115748383104801178e-03,1.496290136128664017e-02,-3.281832206994295120e-03,-2.343171834945678711e-02,3.194029256701469421e-02,1.285563688725233078e-03,-9.807392954826354980e-03,-7.415184285491704941e-03,-6.522711515426635742e-01,-1.457855757325887680e-02,-1.655329018831253052e-02,5.609431304037570953e-03,1.778583973646163940e-02,-1.334434957243502140e-03,-2.692063106223940849e-03,2.618839032948017120e-02,-1.712317764759063721e-02,-1.641744398511946201e-03,-1.345865894109010696e-02,1.311407517641782761e-02,-1.265021227300167084e-02,-1.608942635357379913e-02,-1.782559975981712341e-02,-1.168935280293226242e-02,-3.220535814762115479e-02,-7.799528073519468307e-03,1.260382588952779770e-02,-2.144373208284378052e-02,-2.162927761673927307e-02,-1.250774017535150051e-03,-9.558895253576338291e-04,-2.278230898082256317e-02,1.267671864479780197e-02,9.118225425481796265e-03,1.856778189539909363e-02,-6.805535871535539627e-03,-1.471108943223953247e-02,2.340521104633808136e-02,-4.047537595033645630e-02,2.441245689988136292e-02,1.189477741718292236e-02,1.997262425720691681e-02,3.403430432081222534e-02,-7.580849807709455490e-03,-2.343171834945678711e-02,2.181482315063476562e-02,4.651885014027357101e-03,1.771957427263259888e-02,-8.170618675649166107e-03,-3.164872154593467712e-02,3.066798299551010132e-02,-1.627497188746929169e-02,-2.703659702092409134e-03,8.084473200142383575e-03,2.703659795224666595e-02,-5.350993480533361435e-03,2.580404654145240784e-02,-1.242490671575069427e-02,4.403387196362018585e-03,-3.411382436752319336e-02,-2.304737456142902374e-02,1.267671864479780197e-02,1.300804968923330307e-02,2.132445387542247772e-02,3.125112503767013550e-02,-1.427373290061950684e-02,3.823558101430535316e-03,-1.937622763216495514e-02,-9.933299385011196136e-03,1.810391806066036224e-02,-3.477648645639419556e-02,-2.364376932382583618e-02,-2.500885352492332458e-02,-9.409796446561813354e-03,-1.813042350113391876e-02,4.235733672976493835e-02,-3.418920096009969711e-04,-2.196060866117477417e-02,-5.781723186373710632e-03,2.650646865367889404e-02,7.136866450309753418e-03,3.985910210758447647e-03,-2.592663979157805443e-03,-1.188815105706453323e-02,3.133064508438110352e-02,-1.920393668115139008e-02,-1.559905614703893661e-02,1.822319626808166504e-02,6.655608303844928741e-04,-5.652504507452249527e-03,-3.329212591052055359e-02,-1.390264276415109634e-02,2.402811311185359955e-02,-2.902458235621452332e-02,-2.662574686110019684e-02,2.989929541945457458e-02,7.282651960849761963e-03,-1.831596903502941132e-02,-8.535082451999187469e-03,8.873039856553077698e-03,1.216812524944543839e-03,-2.324617281556129456e-02,1.071523968130350113e-02,-6.844053132226690650e-05,-1.900513842701911926e-02,2.385582216084003448e-02,2.115216106176376343e-02,6.411251961253583431e-04,1.769306696951389313e-02,-1.542676426470279694e-02,8.689151727594435215e-04,-3.581686411052942276e-03,1.316046155989170074e-02,8.389296941459178925e-03,-6.222393363714218140e-03,-7.852541282773017883e-03,3.130413964390754700e-02,-2.687755785882472992e-02,-8.720627985894680023e-03,-1.225261483341455460e-02,1.927020214498043060e-02,-7.150119636207818985e-03,2.369678206741809845e-02,-2.494258619844913483e-02,1.436650566756725311e-02,1.856778189539909363e-02,9.608594700694084167e-03,-7.010960951447486877e-03,3.268578788265585899e-03,-2.655616728588938713e-03,-1.250442676246166229e-02,-1.774607971310615540e-02,2.926314063370227814e-02,3.408731892704963684e-02,7.203132845461368561e-03,-1.794487982988357544e-02,-1.009233761578798294e-02,-9.548955596983432770e-03,-8.588096126914024353e-03,-6.931441370397806168e-03,2.661249414086341858e-02,2.697033109143376350e-03,2.406787313520908356e-02,-8.508576080203056335e-03,1.701715216040611267e-02,-1.057608053088188171e-02,4.280794784426689148e-02,-1.094717159867286682e-02,-2.100637555122375488e-02,1.937622763216495514e-02,1.732860342599451542e-03,-2.981977723538875580e-02,7.063973695039749146e-03,-3.528010845184326172e-02,-1.031764317303895950e-02,3.432587720453739166e-03,-4.919600486755371094e-02,1.146404724568128586e-02,8.097725920379161835e-03,1.642572693526744843e-03,-3.477648645639419556e-02,-6.060041487216949463e-03,-6.398826953954994678e-04,3.197342623025178909e-03,1.903495751321315765e-03,5.311233457177877426e-03,2.449777384754270315e-04,-2.248079748824238777e-03,3.011134825646877289e-02,-6.146187428385019302e-03,-1.536049786955118179e-02,-1.652512582950294018e-03,1.168272551149129868e-02,-1.008571125566959381e-02,1.957502588629722595e-02,-1.047668140381574631e-02,-1.525447238236665726e-02,-1.949550770223140717e-02,5.728710442781448364e-03,-1.544001745060086250e-03,5.301293451339006424e-03,2.527391724288463593e-02,-3.895208355970680714e-04,7.196506019681692123e-03,-6.977827753871679306e-03,-5.808230023831129074e-03,8.104352280497550964e-03,6.464264821261167526e-03,1.650027558207511902e-02,2.121842838823795319e-02,-3.249692916870117188e-02,-1.229900121688842773e-02,-8.468816988170146942e-03,4.204588476568460464e-03,-5.235027521848678589e-03,3.119811229407787323e-02,2.276905626058578491e-02,9.237504564225673676e-03,-1.287551689893007278e-02,6.185946986079216003e-03,1.186827104538679123e-02,7.958566769957542419e-03,2.629441581666469574e-02,4.800984170287847519e-03,3.408731892704963684e-02,4.897070117294788361e-03,-6.875115213915705681e-04,4.484894499182701111e-02,-3.133729705950827338e-06,6.709449924528598785e-03,4.386820644140243530e-02,-2.206663414835929871e-02,9.169581462629139423e-04,-2.849445305764675140e-02,9.237504564225673676e-03,-2.506186626851558685e-02,2.799083106219768524e-02,-2.282206900417804718e-02,-4.830803722143173218e-03,-1.676534116268157959e-02,-2.573778107762336731e-02,-2.491608029231429100e-03,5.884435959160327911e-03,4.301999881863594055e-02,-3.190716030076146126e-03,1.447253208607435226e-02,1.583761535584926605e-02,-1.327974069863557816e-02,2.405462041497230530e-02,-1.793162524700164795e-02,2.066179178655147552e-02,1.220622844994068146e-02,-3.888498991727828979e-02,4.274168051779270172e-03,3.440539538860321045e-02,5.413946229964494705e-03,1.634123735129833221e-02,-1.517495326697826385e-02,7.050720509141683578e-03,4.496159497648477554e-03,-1.863404735922813416e-02,1.905815117061138153e-02,-1.444602478295564651e-02,1.093391794711351395e-02,2.197386138141155243e-02,-2.009190246462821960e-02,-2.483324846252799034e-03,-2.026419527828693390e-02,1.570508256554603577e-02,2.769926004111766815e-02,6.030221469700336456e-03,-1.414120104163885117e-02,1.938285538926720619e-03,2.231513382866978645e-03,2.268953621387481689e-02,1.885935291647911072e-02,-1.341889984905719757e-02,-1.644726283848285675e-02,1.766656152904033661e-02,-1.129175536334514618e-02,-1.066222693771123886e-02,-2.836192026734352112e-02,-4.237721674144268036e-03,-4.026332497596740723e-02,1.219711703015491366e-04,1.443277206271886826e-02,1.528097875416278839e-02,3.130413964390754700e-02,1.790511980652809143e-02,-1.722920499742031097e-02,1.518820598721504211e-02,6.185946986079216003e-03,2.074131183326244354e-02,3.356795641593635082e-04,1.207369659096002579e-02,-1.456530392169952393e-02,-1.900513842701911926e-02,-1.622195914387702942e-02,3.341471543535590172e-03,-5.715457373298704624e-04,2.617513760924339294e-02,1.277611777186393738e-02,5.304607097059488297e-03,8.548336103558540344e-03,-8.038086816668510437e-03,2.006208291277289391e-03,4.744657874107360840e-02,7.090480066835880280e-03,-6.530531216412782669e-03,-3.111859411001205444e-02,1.501591410487890244e-02,2.756672678515315056e-03,-3.691025776788592339e-03,-1.839548908174037933e-02,-2.979326993227005005e-02,4.887130111455917358e-03,-3.064147755503654480e-02,2.588356658816337585e-02,-1.467133034020662308e-02,9.436302818357944489e-03,-6.321792490780353546e-03,-1.097367797046899796e-02,-1.341227255761623383e-02,-1.520145963877439499e-02,2.669201418757438660e-02,-3.509456291794776917e-02,1.217309571802616119e-02,5.589551292359828949e-03,-1.125862263143062592e-02,2.436938462778925896e-03,-1.266346499323844910e-02,1.400866825133562088e-02,3.785123676061630249e-02,6.782342679798603058e-03,7.865794003009796143e-03,-1.927020214498043060e-02,2.963754581287503242e-03,-4.129707813262939453e-02,-3.909704089164733887e-02,-4.264228045940399170e-03,1.590388128533959389e-03,-4.502786323428153992e-03,-8.959186263382434845e-03,-1.337913982570171356e-02,-7.574223447591066360e-03,-6.378118880093097687e-03,4.137659817934036255e-02,-1.063572010025382042e-03,9.767633862793445587e-03,-1.114596985280513763e-02,-2.746070176362991333e-02,1.072849333286285400e-02,1.023149639368057251e-01,3.472347278147935867e-03,1.333275344222784042e-02,1.420746650546789169e-02,-4.519352689385414124e-03,7.918807677924633026e-03,-3.107883501797914505e-03,-2.048950083553791046e-02,1.083451882004737854e-02,3.737411927431821823e-03,-1.809066534042358398e-02,-1.225924119353294373e-02,1.707016490399837494e-02,-1.274961140006780624e-02,1.774607971310615540e-02,8.707375265657901764e-03,-1.305443514138460159e-02,-2.243772521615028381e-02,7.501330692321062088e-03,-5.821483209729194641e-03,-3.021737374365329742e-02,-9.716277127154171467e-04,2.620164304971694946e-02,2.035696804523468018e-02,-6.288659758865833282e-03,4.989842418581247330e-03,1.331287343055009842e-02,4.855984821915626526e-02,1.146404724568128586e-02,-1.227912120521068573e-02,-2.166903764009475708e-02,5.039542447775602341e-03,2.327267825603485107e-02,2.109914831817150116e-02,-2.707635797560214996e-02,-1.007245760411024094e-02,4.188022110611200333e-03,2.504861168563365936e-02,1.717619225382804871e-02,-7.594102993607521057e-03,-7.078055059537291527e-04,-3.043273929506540298e-03,1.734848320484161377e-02,-2.156301215291023254e-02,2.486638026311993599e-03,7.653742795810103416e-04,6.918188184499740601e-03,2.429317869246006012e-02,-1.779909431934356689e-02,-1.550628431141376495e-02,3.262946382164955139e-02,-2.271604351699352264e-02,-1.636774465441703796e-02,-2.380280755460262299e-02,7.594102993607521057e-03,5.042855627834796906e-03,5.569671746343374252e-03,-1.247129309922456741e-02,-1.071523968130350113e-02,2.257025800645351410e-02,-1.121886260807514191e-02,-7.971820421516895294e-03,-2.102294238284230232e-03,-1.319359429180622101e-02,-1.615569181740283966e-02,-2.094011008739471436e-02,1.424722652882337570e-02,-1.419421378523111343e-02,-2.852096036076545715e-02,-1.634123735129833221e-02,1.306106243282556534e-02,8.223631419241428375e-03,-2.512813173234462738e-02,4.111815709620714188e-03,1.654003560543060303e-02,2.883903682231903076e-02,1.752077601850032806e-02,2.642363542690873146e-03,-1.433999929577112198e-02,6.590170785784721375e-03,1.096705161035060883e-02,5.711315316148102283e-04,-2.414739318192005157e-02,-1.082789245992898941e-02,-1.472434308379888535e-02,3.568433225154876709e-03,-5.056108813732862473e-03,-1.184839103370904922e-02,-4.224468488246202469e-03,-2.337870560586452484e-02,1.204387634061276913e-03,1.117247622460126877e-02,9.734500199556350708e-03,4.555799067020416260e-03,1.241828035563230515e-02,-8.554962463676929474e-03,6.970372633077204227e-04,1.374360360205173492e-02,-1.209357567131519318e-02,-2.082083001732826233e-02,7.408557925373315811e-03,-3.000532276928424835e-02,-1.080801244825124741e-02,-2.287839539349079132e-03,1.657979562878608704e-02,-1.223936211317777634e-02,1.339404960162937641e-03,2.913060784339904785e-02,-2.337539102882146835e-03,1.070198696106672287e-02,-7.525351829826831818e-04,-7.720008958131074905e-03,-1.871356740593910217e-02,-1.325323432683944702e-02,-1.330624707043170929e-02,1.742800325155258179e-02,8.448936860077083111e-04,3.573071956634521484e-02,1.933315536007285118e-03,-5.384126561693847179e-04,2.844475442543625832e-03,-1.192128378897905350e-02,2.836192026734352112e-02,-1.999912969768047333e-02,-1.463157031685113907e-02,-2.523084403946995735e-03,-6.139560602605342865e-03,-1.297491602599620819e-02,9.336903691291809082e-03,9.535701945424079895e-03,-3.331531770527362823e-03,1.708341948688030243e-02,6.865175440907478333e-03,3.555180039256811142e-03,-1.968105323612689972e-02,-6.838668603450059891e-03,-5.473585799336433411e-03,-5.722083617001771927e-03,-8.694121614098548889e-03,1.088753156363964081e-02,-1.773282699286937714e-02,-2.560524828732013702e-02,-1.265021227300167084e-02,-3.474998101592063904e-02,-3.305356577038764954e-02,-2.001238428056240082e-02,1.505898777395486832e-03,6.238959729671478271e-03,-2.481668023392558098e-03,-8.402550593018531799e-03,-1.400866825133562088e-02,1.868705963715910912e-03,-1.459181029349565506e-02,3.278518794104456902e-03,-1.378336362540721893e-02,-1.504242047667503357e-02,-7.295905146747827530e-03,2.033046074211597443e-02,3.782473132014274597e-02,3.541264310479164124e-02,3.822232782840728760e-02,1.505898777395486832e-03,-1.210020296275615692e-02,1.936297491192817688e-02,3.433415840845555067e-04,-4.184708464890718460e-03,-1.868706010282039642e-02,-6.262153037823736668e-04,-4.127057269215583801e-02,1.320684794336557388e-02,3.400779888033866882e-02,2.602935209870338440e-02,1.521471235901117325e-02,2.214615419507026672e-02,6.079921033233404160e-03,2.780528552830219269e-02,1.711323857307434082e-03,1.448744209483265877e-03,-1.559905614703893661e-02,-2.170879766345024109e-02,-3.066467121243476868e-03,-1.737830345518887043e-03,-9.336903691291809082e-03,-1.801114529371261597e-02,-2.050275355577468872e-02,-4.191335290670394897e-03,3.763918578624725342e-02,1.550628431141376495e-02,-1.195276039652526379e-03,-2.184133045375347137e-02,4.174768924713134766e-03,-4.081996157765388489e-02,4.535256698727607727e-02,-5.711315316148102283e-04,1.096042431890964508e-02,-6.616677157580852509e-03,2.793781831860542297e-02,2.861041808500885963e-03,-2.541307592764496803e-03,1.883284561336040497e-02,-8.356164209544658661e-03,1.406168099492788315e-02,-1.966779865324497223e-02,-2.006539702415466309e-02,-1.987985102459788322e-03,4.307301249355077744e-03,-1.383637636899948120e-02,-4.867250099778175354e-03,-6.397998891770839691e-03,-1.744125597178936005e-02,-1.282913051545619965e-02,1.965454593300819397e-02,3.252012422308325768e-03,-3.612831607460975647e-02,6.911561358720064163e-03,-1.510868687182664871e-02,-9.688113816082477570e-03,1.683160662651062012e-02,-7.852541282773017883e-03,-2.410763315856456757e-02,-3.381231334060430527e-03,-1.066885329782962799e-02,1.045680139213800430e-02,8.738851174712181091e-04,3.098606131970882416e-02,2.828240208327770233e-02,1.493639498949050903e-02,-2.190759591758251190e-02,-1.056945417076349258e-02,-1.739486935548484325e-03,-1.863736106315627694e-04,1.575809530913829803e-02,1.007245760411024094e-02,-1.286889053881168365e-02,1.481711585074663162e-02,-4.572365898638963699e-03,1.453879754990339279e-02,-1.404842827469110489e-02,-1.663280837237834930e-02,1.913766935467720032e-02,1.430023927241563797e-02,-2.113890834152698517e-03,-2.376304939389228821e-02,-1.426048018038272858e-02,-4.532605875283479691e-03,4.496159497648477554e-03,-1.215984206646680832e-02,5.914255743846297264e-04,-1.908465661108493805e-02,-1.061584055423736572e-02,-2.545946277678012848e-02,1.050318824127316475e-03,-1.863404735922813416e-02,2.090035006403923035e-02,-7.322411984205245972e-03,-7.885674014687538147e-03,1.212670933455228806e-02,-1.211345568299293518e-02,5.510032176971435547e-03,1.534724514931440353e-02,-2.042323350906372070e-02,5.291353911161422729e-03,-1.052969414740800858e-02,1.345203258097171783e-03,6.838668603450059891e-03,1.574484258890151978e-02,-1.237852033227682114e-02,-1.043029502034187317e-02,-1.660630293190479279e-02,2.552572824060916901e-02,-1.899188384413719177e-02,-9.244130924344062805e-03,3.594939829781651497e-03,4.362964630126953125e-02,2.557874098420143127e-02,6.679629907011985779e-03,9.360096300952136517e-04,-1.874007284641265869e-02,-1.773282699286937714e-02,-5.804916378110647202e-03,1.480386219918727875e-02,-5.430512595921754837e-03,-2.878436644095927477e-04,-1.520145963877439499e-02,-2.157626487314701080e-02,-4.278143867850303650e-02,-1.206706929951906204e-02,1.339901983737945557e-02,1.721263746730983257e-03,-3.742713481187820435e-02,-2.235820516943931580e-02,-7.706755772233009338e-03,-7.779648527503013611e-03,7.819408550858497620e-03,-7.110360078513622284e-03,-1.052969414740800858e-02,-1.075499970465898514e-02,2.328593283891677856e-02,-1.994611695408821106e-02,2.883903682231903076e-02,-7.958566769957542419e-03,4.615438636392354965e-03,-2.394859492778778076e-02,1.297491602599620819e-02,8.429056964814662933e-03,-1.378336339257657528e-03,3.490901738405227661e-02,-3.785123676061630249e-02,-1.041207229718565941e-03,2.173530310392379761e-02,-4.307301249355077744e-03,1.897863112390041351e-02,1.170923188328742981e-02,-2.354105701670050621e-03,-1.019670744426548481e-03,-7.136866450309753418e-03,8.442309685051441193e-03,-1.479060947895050049e-02,-1.826295629143714905e-02,3.514757752418518066e-02,-5.745276808738708496e-03,1.435325294733047485e-02,1.885935291647911072e-02,-2.429317869246006012e-02,2.241121977567672729e-02,7.260287529788911343e-04,-7.481450680643320084e-03,7.309158798307180405e-03,-3.016436100006103516e-02,-1.408818829804658890e-02,-5.543165374547243118e-03,1.527435262687504292e-03,-2.045968081802129745e-03,-1.553279068320989609e-02,-4.551657475531101227e-04,1.051975414156913757e-03,-4.626206937246024609e-04,7.786274887621402740e-03,-1.997925108298659325e-03,-1.362598151899874210e-03,2.894175006076693535e-03,1.989310421049594879e-02,6.325106136500835419e-03,2.086059004068374634e-02,-1.355805806815624237e-02,-1.815693080425262451e-02,1.839548908174037933e-02,-4.013079404830932617e-02,-4.564413800835609436e-02,-3.626084700226783752e-02,-4.830803722143173218e-03,3.435238450765609741e-02,2.092685736715793610e-02,-2.589681930840015411e-02,2.688749926164746284e-03,1.133979880250990391e-03,-5.025626346468925476e-02,1.108633074909448624e-02,2.076781727373600006e-02,1.504242047667503357e-02,7.163372822105884552e-03,-7.740717264823615551e-04,2.310038730502128601e-02,1.325986068695783615e-02,5.695577245205640793e-03,6.341672502458095551e-03,-3.790425136685371399e-02,-2.597633935511112213e-02,3.396141255507245660e-05,-4.135008901357650757e-02,-1.260382588952779770e-02,-1.211842638440430164e-03,-1.934972219169139862e-02,-5.198581144213676453e-03,1.371709723025560379e-02,-2.605585753917694092e-02,1.037065591663122177e-02,2.706310339272022247e-02,-1.370384451001882553e-02,2.894175006076693535e-03,-5.347679834812879562e-03,-7.196506019681692123e-03,-9.734500199556350708e-03,-3.512107068672776222e-03,-8.839907124638557434e-03,-1.824970357120037079e-02,2.046299353241920471e-02,-1.607782905921339989e-03,-5.871182773262262344e-03,-1.675208844244480133e-02,1.209357567131519318e-02,7.547716610133647919e-03,-2.352449082536622882e-04,3.197342739440500736e-04,2.394859492778778076e-02,-4.509412683546543121e-03,8.806774392724037170e-03,8.217005059123039246e-03,1.593038812279701233e-02,1.664606295526027679e-02,-2.355099655687808990e-02,1.119898282922804356e-03,-9.038705378770828247e-03,-1.438804203644394875e-03,-1.717619225382804871e-02,1.689787395298480988e-02,-3.098606131970882416e-02,-1.995936967432498932e-02,1.318696793168783188e-02,-4.887130344286561012e-04,5.718770436942577362e-03,-2.592332661151885986e-02,1.262370590120553970e-02,-2.503535896539688110e-02,8.846533484756946564e-03,4.128382541239261627e-03,1.656654290854930878e-02,-2.129794657230377197e-02,2.735467441380023956e-02,4.142960906028747559e-02,-1.865806843852624297e-04,-1.809066534042358398e-02,-1.999912969768047333e-02,9.436302818357944489e-03,-9.906792081892490387e-03,-7.348918356001377106e-03,-5.191954318434000015e-03,-1.295503601431846619e-02,-1.033089589327573776e-02,-6.255526561290025711e-03,8.051339536905288696e-03,-2.455161651596426964e-03,1.971418503671884537e-03,-2.882578410208225250e-03,-3.506805747747421265e-02,4.260707646608352661e-05,1.975262016057968140e-01,-1.381649635732173920e-03,4.777790978550910950e-03,1.897863112390041351e-02,1.260382588952779770e-02,1.287551689893007278e-02,8.455563336610794067e-03,-6.199200171977281570e-03,9.111598134040832520e-03,1.284238416701555252e-02,-2.689081244170665741e-02,-4.936829674988985062e-03,2.224886789917945862e-03,8.190498687326908112e-03,5.384126212447881699e-03,-4.760561510920524597e-02,-2.300761453807353973e-02,-3.028363920748233795e-03,-2.524741180241107941e-02,-1.685811392962932587e-02,-1.265683863312005997e-02,-1.745450869202613831e-02,1.936297491192817688e-02,5.443765781819820404e-03,2.251724526286125183e-02,1.373035088181495667e-02,-1.571833528578281403e-02,2.409438043832778931e-02,2.625465765595436096e-02,-5.790006835013628006e-04,1.114596985280513763e-02,1.183679443784058094e-03,2.913060784339904785e-02,-6.732643116265535355e-03,2.186783589422702789e-02,2.817968837916851044e-03,2.040998078882694244e-02,1.025137677788734436e-02,2.763299271464347839e-03,8.594722487032413483e-03,1.571833528578281403e-02,-7.918807677924633026e-03,-3.601566422730684280e-03,1.086102519184350967e-02,-9.997908491641283035e-04,2.186783589422702789e-02,-7.302531972527503967e-03,1.900182454846799374e-03,-2.361726388335227966e-02,7.348918356001377106e-03,-1.950876042246818542e-02,8.813400752842426300e-03,2.475704066455364227e-02,1.367733720690011978e-02,1.361107174307107925e-02,2.381606213748455048e-02,1.012547127902507782e-02,1.287551689893007278e-02,1.290533691644668579e-03,-8.183872327208518982e-03,-1.640750467777252197e-02,3.361020237207412720e-02,-3.411382436752319336e-02,9.210997261106967926e-03,-1.579785533249378204e-02,-3.159239655360579491e-03,-2.026419527828693390e-02,6.629930343478918076e-03,1.549303065985441208e-02,-1.577134802937507629e-02,-5.377499852329492569e-03,-2.316665276885032654e-02,-8.004953153431415558e-03,6.716076284646987915e-03,-2.176181040704250336e-02,-1.957502588629722595e-02,3.787774220108985901e-02,9.787512943148612976e-03,-2.408775268122553825e-03,7.812781259417533875e-03,1.172248553484678268e-02,-1.965454593300819397e-02,6.341672502458095551e-03,1.746776327490806580e-02,2.569470787420868874e-03,-3.716206923127174377e-02,1.851476728916168213e-02,-1.282250415533781052e-02,-1.251767948269844055e-02,3.439214313402771950e-03,3.000200958922505379e-03,-1.712317764759063721e-02,-7.613983005285263062e-03,-2.947187982499599457e-03,1.408818829804658890e-02,7.881532656028866768e-04,2.708961069583892822e-02,3.292103484272956848e-02,1.366739743389189243e-03,2.180156996473670006e-03,2.234826562926173210e-03,-2.614863030612468719e-02,3.297404572367668152e-02,5.228400696069002151e-03,-1.192791108042001724e-02,-1.044354867190122604e-02,1.286226324737071991e-02,1.684486120939254761e-02,7.236266043037176132e-03,-1.827620901167392731e-02,1.296166330575942993e-02,-1.102669071406126022e-02,-2.125487430021166801e-03,-1.062909420579671860e-02,4.781766980886459351e-02,1.103994436562061310e-02,-2.215940691530704498e-02,-3.440539538860321045e-02,1.870031282305717468e-02,-1.506892684847116470e-02,3.777171717956662178e-03,-2.087384462356567383e-02,-5.785036832094192505e-03,2.223892696201801300e-02,-8.601348847150802612e-03,-1.590388081967830658e-02,-3.785123676061630249e-02,8.412697206949815154e-05,2.421365864574909210e-02,-1.938948221504688263e-02,1.693763397634029388e-02,-8.926053531467914581e-03,1.820994354784488678e-02,3.026707330718636513e-03,-6.504024844616651535e-03,7.773021701723337173e-03,2.894175006076693535e-03,3.343128366395831108e-03,-5.264847073704004288e-03,-2.067504450678825378e-02,-1.563467521918937564e-04,1.460506394505500793e-02,3.575722500681877136e-02,6.427818443626165390e-03,1.082789245992898941e-02,-4.253459919709712267e-04,2.686430513858795166e-02,-2.430643141269683838e-02,-1.243153400719165802e-02,-3.779822215437889099e-02,-2.292809449136257172e-02,9.383290074765682220e-03,2.121842838823795319e-02,-3.926270641386508942e-03,1.590388081967830658e-02,-8.230258710682392120e-03,-8.733881637454032898e-03,-3.305356577038764954e-02,2.218591421842575073e-02,2.321966551244258881e-02,-4.206576570868492126e-02,1.066222693771123886e-02,2.459800243377685547e-02,-3.729460015892982483e-02,-7.759768515825271606e-03,1.595689356327056885e-02,-1.688992083072662354e-01,1.546652428805828094e-02,2.388232760131359100e-02,-1.651353016495704651e-02,9.456182830035686493e-03,-1.445430796593427658e-03,2.606911212205886841e-02,-2.300761453807353973e-02,-4.714838229119777679e-03,2.164253219962120056e-02,1.139115449041128159e-02,4.184708464890718460e-03,-1.738824322819709778e-02,-8.767014369368553162e-03,-1.664606295526027679e-02,2.152325212955474854e-02,-2.708629705011844635e-03,7.030840497463941574e-03,3.692350909113883972e-02,1.480386219918727875e-02,3.538613393902778625e-02,1.590388081967830658e-02,4.910323303192853928e-03,9.992938488721847534e-03,1.795813255012035370e-02,1.597014628350734711e-02,-1.854127459228038788e-02,-1.275623776018619537e-02,-1.003269851207733154e-02,-1.847500912845134735e-02,-1.858103461563587189e-02,8.614602498710155487e-03,1.958828046917915344e-02,-2.291484177112579346e-02,1.396890915930271149e-02,-8.879667147994041443e-03,-9.065211750566959381e-03,6.199200171977281570e-03,-1.164627959951758385e-03,1.993286423385143280e-02,8.157365955412387848e-03,2.185126999393105507e-03,1.936297491192817688e-02,7.322411984205245972e-03,-2.436938462778925896e-03,2.345822378993034363e-02,8.753760717809200287e-03,-5.119061563163995743e-03,9.754380211234092712e-03,-1.294178329408168793e-02,6.176006980240345001e-03,-2.268953621387481689e-02,-1.200743019580841064e-02,-1.252430584281682968e-02,1.583761535584926605e-02,3.278850018978118896e-02,-1.248289016075432301e-03,-1.147730089724063873e-02,-4.343747626990079880e-03,-1.802439801394939423e-03,-1.005257852375507355e-02,-9.986312128603458405e-03,-6.089861039072275162e-03,-6.904934998601675034e-03,6.311852950602769852e-03,-6.673003546893596649e-03,-2.638718858361244202e-02,2.477029524743556976e-02,-2.414739318192005157e-02,3.081377071794122458e-04,-2.496909350156784058e-02,-2.761973999440670013e-02,4.829478636384010315e-02,-2.214615419507026672e-02,4.063441604375839233e-02,1.249779947102069855e-02,1.131163537502288818e-02,8.203752338886260986e-03,1.094717159867286682e-02,1.259057223796844482e-02,-2.575103379786014557e-02,3.302706032991409302e-02,-2.108589559793472290e-02,1.416439423337578773e-03,2.864355221390724182e-03,5.198581144213676453e-03,-6.384745705872774124e-03,1.774607971310615540e-02,-5.142254754900932312e-03,-1.422072015702724457e-02,6.643183529376983643e-03,-2.006208291277289391e-03,1.186827104538679123e-02,-5.294667091220617294e-03,1.477735582739114761e-02,2.670526690781116486e-02,2.522090449929237366e-02,-4.396760370582342148e-03,9.595341049134731293e-03,-2.708961069583892822e-02,2.586037386208772659e-03,-1.400866825133562088e-02,-2.071480453014373779e-02,2.333894558250904083e-02,2.339195832610130310e-02,-8.057965897023677826e-03,2.904115011915564537e-03,2.473053522408008575e-02,4.511401057243347168e-02,-8.323031477630138397e-03,-2.536751853767782450e-04,5.215147510170936584e-03,1.333937980234622955e-02,1.072849333286285400e-02,-1.487012859433889389e-02,5.955672240816056728e-04,8.813400636427104473e-04,-7.826034910976886749e-03,5.420572590082883835e-03,-3.339815139770507812e-02,6.552398949861526489e-02,2.259676344692707062e-02,-8.442309685051441193e-03,-4.449773579835891724e-03,-1.787861250340938568e-02,-2.807034924626350403e-02,-1.001414358615875244e-01,-1.960153318941593170e-02,1.318034157156944275e-02,1.550628431141376495e-02,1.498940773308277130e-02,7.932060398161411285e-03,1.091735204681754112e-03,2.123168110847473145e-02,-3.700302913784980774e-02,1.764005422592163086e-02,-1.351001556031405926e-03,-4.132358357310295105e-02,-4.994812770746648312e-04,7.567596621811389923e-03,1.369059085845947266e-02,-1.699727261438965797e-03,-3.056527115404605865e-03,-2.549922280013561249e-02,-1.676534116268157959e-02,2.640044316649436951e-02,-2.870650589466094971e-02,1.549303065985441208e-02,2.368352934718132019e-02,-2.235820516943931580e-02,1.338576618582010269e-02,-7.061488577164709568e-04,-2.555223554372787476e-02,5.765156820416450500e-03,-3.331531770527362823e-03,-8.568216115236282349e-03,1.591713353991508484e-02,-2.995230956003069878e-03,8.064593188464641571e-03,-8.236885070800781250e-03,-2.788480371236801147e-02,-2.931615337729454041e-02,-3.453792631626129150e-02,-5.841362755745649338e-03,2.200036868453025818e-02,-4.105851799249649048e-02,-2.867668634280562401e-03,7.050720509141683578e-03,4.419953562319278717e-03,-7.077226880937814713e-03,-1.986659877002239227e-02,3.109540091827511787e-03,-8.256765082478523254e-03,8.541709743440151215e-03,4.450435936450958252e-02,2.284526126459240913e-03,-3.045593202114105225e-02,-1.550628431141376495e-02,-1.687136664986610413e-02,-4.214528482407331467e-03,2.960772439837455750e-02,-1.501591410487890244e-02,1.344540622085332870e-02,-7.063973695039749146e-03,-9.906792081892490387e-03,-5.123203154653310776e-04,-1.913766935467720032e-02,2.278230898082256317e-02,1.383637636899948120e-02,1.099355798214673996e-02,1.098030433058738708e-02,5.029602441936731339e-03,-1.310082152485847473e-02,-2.070155180990695953e-02,9.575461968779563904e-03,-1.481711585074663162e-02,-1.066885306499898434e-03,-6.745688733644783497e-05,-9.509195224381983280e-04,3.390177339315414429e-02,-2.360400930047035217e-02,-1.410144101828336716e-02,-1.651353016495704651e-02,-7.852541282773017883e-03,9.515821933746337891e-03,-2.457149513065814972e-02,-1.215321570634841919e-02,-2.206663414835929871e-02,1.639425009489059448e-02,-1.927020214498043060e-02,2.088709734380245209e-02,-2.229193970561027527e-02,2.722214348614215851e-02,-6.510651204735040665e-03,9.204370900988578796e-03,-2.822938840836286545e-03,1.007245760411024094e-02,1.177549827843904495e-02,1.211345568299293518e-02,-4.742007330060005188e-02,-5.609431304037570953e-03,9.966432116925716400e-03,-1.475084945559501648e-02,-1.300142239779233932e-02,-1.002607122063636780e-02,2.156301215291023254e-02,-2.446546964347362518e-02,-8.018206804990768433e-03,-6.085884943604469299e-02,3.066798299551010132e-02,-4.734717775136232376e-03,-5.794148310087621212e-04,-8.323031477630138397e-03,-1.927020214498043060e-02,1.019836403429508209e-02,-1.614243909716606140e-02,-5.685637239366769791e-03,6.851922255009412766e-03,-2.984628267586231232e-02,2.441245689988136292e-02,-1.831596903502941132e-02,-1.072849333286285400e-02,-6.858548615127801895e-03,-1.370384451001882553e-02,2.042654668912291527e-03,7.163372822105884552e-03,2.160277217626571655e-02,1.230562757700681686e-02,-6.013655103743076324e-03,7.136866450309753418e-03,2.185126999393105507e-03,4.365284112282097340e-04,-7.554343435913324356e-03,1.206706929951906204e-02,2.827908843755722046e-03,1.465807668864727020e-02,-9.482689201831817627e-03,-7.587476633489131927e-03,8.740507997572422028e-03,-3.408731892704963684e-02,5.013035610318183899e-03,5.268160719424486160e-03,-1.224267529323697090e-03,-3.088003583252429962e-02,1.632632804103195667e-03,3.422647714614868164e-03,1.390264276415109634e-02,3.626084700226783752e-02,-3.273548930883407593e-02,-3.204632177948951721e-02,3.750665346160531044e-03,-2.071480453014373779e-02,2.327267825603485107e-02,-5.924195516854524612e-03,-3.793738316744565964e-03,2.527391724288463593e-02,1.700389944016933441e-02,-8.356164209544658661e-03,2.649321407079696655e-02,1.697739213705062866e-02,-6.063354667276144028e-03,-2.086059004068374634e-02,5.752731813117861748e-04,-1.495130476541817188e-03,1.300142239779233932e-02,-1.355805806815624237e-02,-4.376880358904600143e-03,-1.952201314270496368e-02,3.541264310479164124e-02,1.273635774850845337e-02,2.596308477222919464e-02,2.539651002734899521e-03,8.972439914941787720e-03,-1.714637153781950474e-03,-1.550628431141376495e-02,1.708341948688030243e-02,-7.216386031359434128e-03,-1.636774465441703796e-02,-1.681835390627384186e-02,-1.480386219918727875e-02,-1.098693069070577621e-02,9.575461968779563904e-03,2.278230898082256317e-02,-1.000619144178926945e-03,6.527217570692300797e-03,-1.271647773683071136e-02,-1.925694942474365234e-02,9.389916434884071350e-03,1.501591410487890244e-02,1.171585917472839355e-02,-6.388058885931968689e-03,2.100637555122375488e-02,2.777877822518348694e-02,-4.328506439924240112e-02,-1.464482396841049194e-02,1.672558113932609558e-02,8.979066275060176849e-03,6.689569912850856781e-03,-9.881942532956600189e-04,2.461125515401363373e-02,4.578992258757352829e-03,-1.945574767887592316e-02,-6.361552514135837555e-03,-8.130859583616256714e-03,2.602603752166032791e-03,1.602316088974475861e-02,9.317023679614067078e-03,2.050275355577468872e-02,-3.072099573910236359e-02,1.305443514138460159e-02,3.255325602367520332e-03,-9.290517307817935944e-03,1.939942128956317902e-03,-4.144948907196521759e-03,-2.504861168563365936e-02,-2.662574686110019684e-02,-5.516658537089824677e-03,3.257644921541213989e-02,-1.137790177017450333e-02,3.959403838962316513e-03,1.903164386749267578e-02,2.369678206741809845e-02,-2.668869914487004280e-03,1.117910258471965790e-02,-9.310397319495677948e-03,3.598253009840846062e-03,-3.975970298051834106e-02,2.331243827939033508e-02,1.335925981402397156e-02,1.915092393755912781e-02,1.220622844994068146e-02,-2.443896420300006866e-02,1.602316088974475861e-02,-4.211215302348136902e-03,-1.900182454846799374e-03,-5.228400696069002151e-03,6.149500608444213867e-03,4.406700376421213150e-03,6.480831652879714966e-03,-1.235864125192165375e-02,-2.202687598764896393e-02,-1.724245771765708923e-02,6.467578466981649399e-03,6.543784402310848236e-03,6.997707765549421310e-03,5.901002325117588043e-03,5.013035610318183899e-03,5.391415581107139587e-02,1.602316088974475861e-02,-3.321260586380958557e-02,2.342509105801582336e-03,3.956090193241834641e-03,1.205381657928228378e-02,-1.765330694615840912e-02,2.019792795181274414e-02,1.171585917472839355e-02,-2.905108965933322906e-02,9.018825367093086243e-03,9.085091762244701385e-03,1.353817898780107498e-02,-2.211633371189236641e-03,-2.398835308849811554e-02,9.224250912666320801e-03,7.839287631213665009e-03,1.408818829804658890e-02,-2.655948139727115631e-02,1.777258701622486115e-02,2.682454511523246765e-02,-1.591713353991508484e-02,5.526598542928695679e-03,1.182022853754460812e-03,-2.865349128842353821e-02,-3.015110734850168228e-03,4.132358357310295105e-02,-1.790511980652809143e-02,2.365702297538518906e-03,-3.718857467174530029e-02,-7.461570668965578079e-03,1.366408448666334152e-02,-2.312689321115612984e-03,-2.204012870788574219e-02,1.291527692228555679e-02,-2.340521104633808136e-02,-6.785655859857797623e-03,-2.364376932382583618e-02,1.987985149025917053e-02,7.951940409839153290e-03,-2.072474453598260880e-03,1.636774465441703796e-02,-2.094011008739471436e-02,-1.542676426470279694e-02,1.875332556664943695e-02,-8.289897814393043518e-03,1.751083531416952610e-03,5.029602441936731339e-03,-6.739269476383924484e-03
1.106661837548017502e-02,-2.042964845895767212e-02,-2.183812856674194336e-02,-8.777840994298458099e-04,-1.443690736778080463e-03,3.951789066195487976e-02,-6.888131611049175262e-03,-2.773361746221780777e-03,-1.500700600445270538e-03,6.479002069681882858e-03,1.442013960331678391e-02,8.135641925036907196e-03,1.120746694505214691e-02,7.786875590682029724e-03,-6.760697811841964722e-03,-1.373602170497179031e-02,1.517132855951786041e-02,-2.486635698005557060e-03,-1.099326036637648940e-04,-2.242834679782390594e-02,-3.836428001523017883e-02,-4.476950503885746002e-03,-1.886020042002201080e-02,-1.372260693460702896e-02,-9.698382578790187836e-03,2.790129277855157852e-03,-2.199909649789333344e-03,-9.376443922519683838e-03,3.869963111355900764e-03,-1.147574838250875473e-02,1.173732336610555649e-03,-1.672568498179316521e-03,-1.692857407033443451e-02,-1.338725537061691284e-02,-1.525181252509355545e-02,6.361628882586956024e-03,-1.060550916008651257e-03,-2.803543396294116974e-02,2.629160322248935699e-02,1.373602170497179031e-02,1.440672576427459717e-02,-2.285759709775447845e-02,1.001361291855573654e-02,6.257670000195503235e-03,-2.096621133387088776e-02,-8.434104965999722481e-04,5.234845913946628571e-03,-9.129960671998560429e-04,-3.055728226900100708e-02,2.288442663848400116e-02,-5.251613445580005646e-03,1.586886122822761536e-02,-3.224410349503159523e-03,-1.381650567054748535e-02,4.218729212880134583e-03,-4.963210667483508587e-04,-8.903598063625395298e-04,-1.203913940116763115e-03,-3.034265711903572083e-02,6.076579913496971130e-03,1.030872296541929245e-02,1.833705231547355652e-02,-1.395064685493707657e-02,1.420551445335149765e-02,-8.953901007771492004e-03,-3.083562478423118591e-03,-2.144576516002416611e-03,1.067761052399873734e-02,-1.116722449660301208e-02,-2.634526044130325317e-02,4.810290411114692688e-02,4.641272872686386108e-02,5.003453232347965240e-03,-2.659342018887400627e-03,-1.039591431617736816e-02,-3.812282532453536987e-02,1.602144562639296055e-03,-7.605785038322210312e-03,-2.241493389010429382e-02,6.153710652142763138e-03,-1.023494545370340347e-02,-3.589608520269393921e-02,-3.511806949973106384e-02,8.155762217938899994e-03,2.311246469616889954e-02,-1.931628026068210602e-02,3.331722924485802650e-03,3.589608520269393921e-02,2.460142970085144043e-02,-1.491646096110343933e-02,2.674768306314945221e-02,3.844476118683815002e-02,-1.141538470983505249e-02,-8.028328418731689453e-03,-1.880654506385326385e-02,1.294459030032157898e-02,-3.061093762516975403e-02,2.572821266949176788e-02,-1.103979069739580154e-02,-3.259622305631637573e-02,-8.061864413321018219e-03,1.562740653753280640e-02,-1.362200174480676651e-02,-1.817608252167701721e-03,-2.067110314965248108e-02,-2.642574347555637360e-02,1.255893497727811337e-03,-1.759927719831466675e-02,3.230111300945281982e-02,2.059061778709292412e-03,2.719705458730459213e-03,4.499083384871482849e-02,-4.862605128437280655e-04,-3.814965113997459412e-02,-2.523189038038253784e-02,-1.136172842234373093e-02,1.805535703897476196e-02,-6.921667139977216721e-03,-2.107352577149868011e-02,-3.049607912544161081e-04,2.081865817308425903e-02,2.360878698527812958e-02,4.640434344764798880e-04,-1.412502955645322800e-02,1.616397057659924030e-03,2.830371633172035217e-02,1.315418514423072338e-03,-1.796145737171173096e-02,-2.146253362298011780e-03,4.144951701164245605e-03,6.230841856449842453e-03,5.256643635220825672e-04,3.377666324377059937e-02,-1.479573361575603485e-02,-1.518474239856004715e-02,1.628469675779342651e-02,-1.436648331582546234e-02,-2.681475318968296051e-02,-1.087211444973945618e-02,-1.664687693119049072e-02,1.735782437026500702e-02,5.550077185034751892e-03,-4.741878248751163483e-03,5.345512181520462036e-03,1.678101904690265656e-02,1.513108611106872559e-02,-1.714487560093402863e-03,2.696230821311473846e-02,-1.195194851607084274e-02,-1.127453707158565521e-02,2.295149676501750946e-02,-1.002702768892049789e-02,2.653305605053901672e-02,-2.040617400780320168e-03,-1.670053415000438690e-02,1.125106238760054111e-03,-7.404574193060398102e-03,3.074507974088191986e-02,-2.768666855990886688e-02,-1.497011724859476089e-02,-2.195885404944419861e-02,2.587576583027839661e-02,2.478922531008720398e-02,-1.215986628085374832e-02,2.057720348238945007e-02,2.588918060064315796e-02,1.042274292558431625e-02,-4.010810982435941696e-03,-2.399779483675956726e-02,-1.026848051697015762e-02,1.464817859232425690e-02,-3.594974288716912270e-03,-4.912237450480461121e-02,2.012112550437450409e-02,-1.584203168749809265e-02,3.015485964715480804e-02,1.232754252851009369e-02,9.148404933512210846e-03,-3.165723755955696106e-02,1.912848278880119324e-02,-3.216697275638580322e-02,-1.065078191459178925e-02,2.291125431656837463e-02,4.606396332383155823e-02,-2.127473615109920502e-02,-3.415225446224212646e-02,5.975974258035421371e-03,5.687571130692958832e-03,-1.271655131131410599e-02,-1.816266961395740509e-02,2.414534986019134521e-02,-1.526690321043133736e-03,-1.537253987044095993e-02,1.090564951300621033e-02,-6.413004994392395020e-01,-1.550668012350797653e-02,-1.262265257537364960e-02,-2.625136077404022217e-02,1.965163275599479675e-02,-8.940486237406730652e-03,9.577655233442783356e-03,3.104018792510032654e-02,-2.194544114172458649e-02,1.317933667451143265e-02,-7.096050307154655457e-03,9.503877721726894379e-03,-1.564082130789756775e-02,-2.766654593870043755e-03,-2.069793082773685455e-02,-2.352830208837985992e-02,-3.358886390924453735e-02,3.009784966707229614e-03,1.268972270190715790e-02,-1.522498484700918198e-02,-1.769317500293254852e-02,-5.298562813550233841e-03,-4.389758687466382980e-03,1.212507340824231505e-04,6.499123293906450272e-03,6.257670000195503235e-03,2.556724287569522858e-02,3.970568533986806870e-03,-2.115400880575180054e-02,2.905490435659885406e-02,-2.814274653792381287e-02,1.723709702491760254e-02,1.307202409952878952e-02,9.342908859252929688e-03,3.366934880614280701e-02,-1.932969316840171814e-02,-1.789438724517822266e-02,2.458801493048667908e-02,1.462135091423988342e-02,2.312587946653366089e-02,-6.696980912238359451e-03,-2.940366975963115692e-02,1.611031405627727509e-02,1.692689605988562107e-03,1.442014006897807121e-03,-5.474622594192624092e-04,1.686150208115577698e-02,-6.425345782190561295e-03,1.793462969362735748e-02,4.483657423406839371e-03,1.314580161124467850e-02,-2.036257833242416382e-02,-2.211982384324073792e-02,1.534571126103401184e-02,-4.640434344764798880e-04,5.496420431882143021e-03,2.393072471022605896e-02,-2.206616662442684174e-02,1.061724685132503510e-02,-1.112530590035021305e-03,1.267630886286497116e-02,8.705739863216876984e-03,-1.829680986702442169e-02,-4.153000190854072571e-02,-1.985284313559532166e-02,-4.787151119671761990e-04,-2.165033109486103058e-02,3.608388453722000122e-02,2.630837028846144676e-03,-1.565423607826232910e-02,-4.067820962518453598e-03,2.323319204151630402e-02,-6.921667139977216721e-03,8.846587501466274261e-03,5.962559953331947327e-03,-1.971870288252830505e-02,3.026217222213745117e-02,-1.973211579024791718e-02,-1.382991950958967209e-02,7.625906262546777725e-03,-7.136292289942502975e-03,-9.577655233442783356e-03,-2.512457780539989471e-02,-1.534571126103401184e-02,2.435997501015663147e-02,-1.755903474986553192e-02,-2.819640375673770905e-02,1.872606016695499420e-02,7.833824492990970612e-03,-2.391730993986129761e-02,-7.827118039131164551e-03,1.692857407033443451e-02,9.503877721726894379e-03,-6.703688297420740128e-03,1.008068397641181946e-02,-3.678812412545084953e-03,-3.903498174622654915e-03,2.189178392291069031e-02,8.497822098433971405e-03,1.348953810520470142e-03,2.854516915977001190e-02,-2.687847008928656578e-03,6.653385236859321594e-03,-2.803543396294116974e-02,5.486360285431146622e-03,1.959797553718090057e-02,-1.368907187134027481e-02,9.577655233442783356e-03,2.592942304909229279e-02,-2.112718112766742706e-02,-5.975974258035421371e-03,-2.229420654475688934e-02,1.855167746543884277e-02,-8.819759823381900787e-04,8.155762217938899994e-03,-2.583552524447441101e-02,9.316081181168556213e-03,1.521157007664442062e-02,6.334800738841295242e-03,-2.701261080801486969e-03,-3.621802432462573051e-03,-2.025526482611894608e-03,-1.965163275599479675e-02,-1.594934426248073578e-02,1.396406069397926331e-02,3.600339964032173157e-02,-1.395903091179206967e-04,-1.927603781223297119e-02,-2.735131606459617615e-02,-1.572130620479583740e-02,-5.506481043994426727e-03,1.101631554774940014e-03,3.036948479712009430e-02,5.835126154124736786e-03,2.110035344958305359e-02,1.409820187836885452e-02,7.303968537598848343e-03,-2.462825737893581390e-02,4.179828241467475891e-02,-9.557534009218215942e-03,-7.646027486771345139e-03,2.170398645102977753e-02,1.025506667792797089e-02,-3.747894987463951111e-02,1.211291737854480743e-02,-4.316652193665504456e-02,-1.451403833925724030e-02,-6.284498143941164017e-03,-5.134911090135574341e-02,1.932969316840171814e-02,4.819009453058242798e-03,-4.275739192962646484e-03,-3.594974428415298462e-02,-6.901545915752649307e-03,-4.556596395559608936e-04,-1.451236195862293243e-03,2.578857587650418282e-03,6.720455829054117203e-03,-4.124830476939678192e-03,-1.208608876913785934e-02,2.328684926033020020e-02,-5.335451569408178329e-03,-2.048330567777156830e-02,3.651984268799424171e-03,2.662695478647947311e-03,-2.209299430251121521e-02,1.476890593767166138e-02,-3.655337728559970856e-03,-2.131162444129586220e-03,-1.542619615793228149e-02,2.225061180070042610e-03,7.505179848521947861e-03,9.269131347537040710e-03,1.652615144848823547e-02,-6.284498143941164017e-03,8.075278252363204956e-03,9.155111620202660561e-04,-1.777365989983081818e-02,3.776902740355581045e-04,1.515791378915309906e-02,5.647329147905111313e-03,6.173831876367330551e-03,-3.144261240959167480e-02,-1.073797326534986496e-02,3.533772542141377926e-04,-8.115520700812339783e-03,5.127533338963985443e-03,2.363561466336250305e-02,1.040932908654212952e-02,2.068451605737209320e-02,-2.211227838415652514e-04,-1.378297107294201851e-03,3.340106690302491188e-03,1.660663448274135590e-02,2.059061825275421143e-02,-2.753240521997213364e-03,1.895410008728504181e-02,1.133490074425935745e-02,9.410818165633827448e-05,4.139586165547370911e-02,5.184543319046497345e-03,-2.203263109549880028e-03,4.767365381121635437e-02,-2.639891579747200012e-02,5.908903665840625763e-03,-3.412542864680290222e-02,1.410993863828480244e-03,-2.473556995391845703e-02,2.674768306314945221e-02,-2.998047508299350739e-03,-6.703688297420740128e-03,-2.246858924627304077e-02,-1.868581771850585938e-02,2.578019048087298870e-04,1.989057054743170738e-04,3.522538393735885620e-02,-2.415876463055610657e-02,1.679443195462226868e-02,6.351568270474672318e-03,-7.498472463339567184e-03,1.812242716550827026e-02,-1.852484978735446930e-02,2.224054932594299316e-02,2.002722583711147308e-02,-3.782771527767181396e-02,-8.819759823381900787e-04,3.305230289697647095e-02,2.484958851709961891e-03,8.799638599157333374e-03,-1.215986628085374832e-02,7.297261152416467667e-03,9.336202405393123627e-03,-2.712327614426612854e-02,2.662695571780204773e-02,-3.023199038580060005e-03,1.213974552229046822e-03,2.163691632449626923e-02,-1.962480321526527405e-02,1.154952589422464371e-02,-1.678101904690265656e-02,1.935652270913124084e-02,3.476930409669876099e-02,-8.424044586718082428e-03,-1.652615144848823547e-02,-1.530546881258487701e-02,1.742154126986861229e-03,1.881995797157287598e-02,1.223364379256963730e-02,-4.808948840945959091e-03,-2.516817301511764526e-03,8.732568472623825073e-03,1.003373414278030396e-02,-2.765983901917934418e-02,-1.747854985296726227e-02,7.337503600865602493e-03,-3.050362505018711090e-02,5.228138994425535202e-03,-2.570473821833729744e-03,1.437989715486764908e-02,1.250192523002624512e-02,9.617897681891918182e-03,-1.048981305211782455e-02,3.308248240500688553e-03,2.250212477520108223e-03,2.988657727837562561e-02,-1.195865496993064880e-02,7.921015843749046326e-03,4.661393817514181137e-03,-1.078492309898138046e-02,-1.636518165469169617e-02,-6.572901038452982903e-04,-6.576254498213529587e-03,3.482295945286750793e-02,8.980728685855865479e-03,-3.588267369195818901e-03,-7.914309389889240265e-03,-1.124770846217870712e-02,1.368907187134027481e-02,3.079873509705066681e-02,-7.738249260000884533e-04,-9.544120170176029205e-03,-2.339416183531284332e-02,1.378967799246311188e-02,-7.417988032102584839e-03,-1.762610487639904022e-02,-3.467540489509701729e-03,-3.519855439662933350e-02,1.301166042685508728e-02,-3.493027389049530029e-02,2.459807554259896278e-03,-1.531888358294963837e-02,1.644566655158996582e-02,-5.536662880331277847e-03,-1.458110846579074860e-02,-1.938335038721561432e-02,-3.586925938725471497e-02,1.417868584394454956e-02,-2.406486496329307556e-02,2.075158618390560150e-02,-3.657433553598821163e-04,-1.617738418281078339e-02,1.335372030735015869e-02,-2.637544181197881699e-03,1.620421186089515686e-02,5.057109519839286804e-02,9.497171267867088318e-03,5.556784104555845261e-03,-1.350127439945936203e-02,-9.946542792022228241e-03,-3.637899458408355713e-02,-3.584242984652519226e-02,-3.531257389113306999e-03,-9.624605067074298859e-03,-9.061213582754135132e-03,-1.197877619415521622e-02,-2.323319204151630402e-02,8.289903402328491211e-03,1.492987480014562607e-02,2.484288252890110016e-02,-1.781390234827995300e-02,1.623104140162467957e-02,-1.312065054662525654e-03,-2.321977913379669189e-02,9.047798812389373779e-03,1.044152230024337769e-01,5.281795281916856766e-03,1.157635357230901718e-02,1.056359056383371353e-02,3.796185599640011787e-03,2.427949011325836182e-02,2.100980840623378754e-03,-9.275838732719421387e-03,1.014775410294532776e-02,3.641923656687140465e-03,6.143650040030479431e-03,-1.624445430934429169e-02,2.386365458369255066e-02,5.231492687016725540e-03,3.181820735335350037e-02,1.059041917324066162e-02,-2.932318672537803650e-02,-2.220030874013900757e-02,9.041092358529567719e-03,-1.815931522287428379e-03,-2.321977913379669189e-02,-1.399088930338621140e-02,1.762610487639904022e-02,2.484288252890110016e-02,-1.893062493763864040e-03,-1.514449995011091232e-02,1.936993561685085297e-02,3.696921467781066895e-02,6.935080979019403458e-03,-1.568609382957220078e-03,-1.376284938305616379e-02,7.136292289942502975e-03,1.362200174480676651e-02,1.872606016695499420e-02,-2.482946775853633881e-02,-1.480789069319143891e-04,8.893537335097789764e-03,9.611190296709537506e-03,1.810901239514350891e-02,-4.322688560932874680e-03,1.181780733168125153e-02,-1.973211579024791718e-02,5.077230744063854218e-03,-2.865248173475265503e-02,1.286410633474588394e-02,1.903458498418331146e-02,1.659322157502174377e-02,1.315250899642705917e-02,-1.193853374570608139e-02,-2.296491153538227081e-02,3.015485964715480804e-02,-3.281084820628166199e-02,-2.951098419725894928e-02,-1.270984392613172531e-02,-1.158306095749139786e-02,1.058371178805828094e-02,2.277040621265769005e-03,-5.688409437425434589e-04,-1.214645244181156158e-02,2.961829677224159241e-02,-2.057720348238945007e-02,-1.205255370587110519e-02,9.564241394400596619e-03,-1.220681611448526382e-02,-2.214665152132511139e-02,-6.599728949368000031e-03,-3.890084102749824524e-03,-2.215000567957758904e-03,-2.543310262262821198e-02,-2.881345152854919434e-02,-3.578206757083535194e-03,3.050027182325720787e-03,-2.042964845895767212e-02,-1.475549209862947464e-02,3.171089291572570801e-02,2.576845325529575348e-02,1.032213680446147919e-02,1.221352256834506989e-02,-1.228730008006095886e-02,8.900244720280170441e-03,8.323438465595245361e-03,-1.299824658781290054e-02,-2.279052697122097015e-02,4.292506724596023560e-03,-1.726392470300197601e-02,3.653996437788009644e-02,-3.484308253973722458e-03,-5.301916506141424179e-03,-1.446038205176591873e-02,-1.580178923904895782e-02,1.951749064028263092e-02,9.269131347537040710e-03,-2.823664573952555656e-03,7.176534738391637802e-03,-1.048310566693544388e-02,3.849841887131333351e-03,7.317382376641035080e-03,5.818358622491359711e-03,-1.454086601734161377e-02,-1.653956435620784760e-02,1.138855703175067902e-02,-2.405145205557346344e-02,9.041092358529567719e-03,-1.033555157482624054e-02,1.698222942650318146e-02,-1.272325776517391205e-02,-3.493949479889124632e-04,3.281084820628166199e-02,-6.344861350953578949e-03,1.662004925310611725e-02,1.299824658781290054e-02,-1.522498484700918198e-02,-1.283057034015655518e-02,-1.266289502382278442e-02,-2.609039284288883209e-02,2.293808199465274811e-02,-5.181189626455307007e-03,2.977926470339298248e-02,4.554081242531538010e-03,9.798987768590450287e-03,-1.036237925291061401e-02,-9.134991094470024109e-03,3.683507442474365234e-02,-2.041623555123806000e-02,-1.262935902923345566e-02,-1.266289502382278442e-02,-3.118774387985467911e-03,-2.020161040127277374e-02,-1.179097965359687805e-02,8.417337201535701752e-03,-7.384452968835830688e-03,1.982601545751094818e-02,1.718679443001747131e-03,3.274713177233934402e-03,-1.923579536378383636e-02,-9.041092358529567719e-03,-1.808218471705913544e-02,-5.153418169356882572e-05,-9.839230217039585114e-03,1.259582396596670151e-02,-1.511767227202653885e-02,-2.743180096149444580e-02,-3.920265939086675644e-03,-2.229420654475688934e-02,-2.749887108802795410e-02,-2.343440428376197815e-02,7.592371199280023575e-03,-1.431282702833414078e-02,-4.114769864827394485e-03,1.743830740451812744e-02,-1.911506801843643188e-02,6.686920765787363052e-03,-1.433965470641851425e-02,6.552779581397771835e-03,-3.360227914527058601e-03,-1.624445430934429169e-02,-1.670053415000438690e-02,6.006155628710985184e-03,3.635216504335403442e-02,3.600339964032173157e-02,2.114059589803218842e-02,4.443415091373026371e-04,8.014914579689502716e-03,2.362219989299774170e-02,8.028328418731689453e-03,5.161068402230739594e-03,-2.213323675096035004e-02,-5.311977118253707886e-03,-3.753260523080825806e-02,2.159667387604713440e-02,9.725210256874561310e-03,1.683467440307140350e-02,2.358195930719375610e-02,9.731917642056941986e-03,1.509084366261959076e-02,3.356203809380531311e-02,1.653956435620784760e-02,4.778767004609107971e-03,3.852357040159404278e-04,-2.228079177439212799e-02,-1.408478710800409317e-02,1.034225802868604660e-02,-6.442113313823938370e-03,-7.431402336806058884e-03,-2.025526575744152069e-02,-7.874066941440105438e-03,2.983292192220687866e-02,1.486280467361211777e-02,-3.920265939086675644e-03,-2.994023449718952179e-02,7.236897945404052734e-03,-4.142268747091293335e-02,3.071825020015239716e-02,-4.289153032004833221e-03,1.961139030754566193e-02,-1.593593135476112366e-02,3.138895332813262939e-02,1.770658977329730988e-02,-1.047136844135820866e-03,9.249010123312473297e-03,-2.013453841209411621e-02,9.094748646020889282e-03,-2.666719816625118256e-02,-2.787446603178977966e-02,-5.989388097077608109e-03,1.068431697785854340e-02,-1.359517313539981842e-02,-1.899769529700279236e-03,-1.763951964676380157e-02,-1.185134239494800568e-02,-1.042274292558431625e-02,1.352139562368392944e-02,-1.104649715125560760e-02,-3.466198965907096863e-02,9.215475060045719147e-03,-6.609789561480283737e-03,-1.370919309556484222e-02,2.558065764605998993e-02,-2.918904460966587067e-02,-1.875288784503936768e-02,-1.299154013395309448e-02,-2.521847747266292572e-02,1.227388624101877213e-02,-1.208608876913785934e-02,3.487661480903625488e-02,2.152960374951362610e-02,1.152940467000007629e-02,-1.217328105121850967e-02,-9.664846584200859070e-03,-1.103308401070535183e-03,-4.476950503885746002e-03,1.242814864963293076e-02,7.223483640700578690e-03,-8.745982311666011810e-03,-6.385103799402713776e-03,-6.408578250557184219e-03,-3.501075785607099533e-03,-5.093998275697231293e-03,-2.587576583027839661e-02,2.375634200870990753e-02,-6.901545915752649307e-03,-6.368336267769336700e-03,-2.234786190092563629e-02,-2.308899071067571640e-03,-6.381750106811523438e-03,-6.519244518131017685e-03,-1.197206974029541016e-02,4.175133537501096725e-03,-2.175764366984367371e-02,-1.064407546073198318e-02,-2.867930941283702850e-02,-5.633914843201637268e-04,-3.165723755955696106e-02,1.564082130789756775e-02,7.806996349245309830e-03,-1.627128385007381439e-02,1.099954824894666672e-02,-1.196536235511302948e-02,1.380812143906950951e-03,1.702247187495231628e-02,-9.389858692884445190e-03,1.167025230824947357e-02,-1.578837633132934570e-02,-5.120826419442892075e-03,1.973211579024791718e-02,2.485629729926586151e-02,-2.174422889947891235e-02,-5.023573990911245346e-03,-9.161818772554397583e-03,1.892727240920066833e-02,1.327994279563426971e-02,-1.843095012009143829e-02,-1.711972407065331936e-03,4.045687615871429443e-02,2.431973256170749664e-02,4.366284236311912537e-03,5.900100586586631835e-05,-2.779398113489151001e-02,-2.060403116047382355e-02,4.772060085088014603e-03,2.053696103394031525e-02,-5.945792421698570251e-03,-7.303968537598848343e-03,-7.578956894576549530e-03,-3.519855439662933350e-02,-4.922968521714210510e-02,-1.694198697805404663e-02,6.100054364651441574e-03,9.973371401429176331e-03,-3.769357502460479736e-02,-3.165723755955696106e-02,-4.151658620685338974e-03,-1.218669489026069641e-02,1.152940467000007629e-02,-1.958456076681613922e-02,-1.401771698147058487e-02,2.266980009153485298e-03,3.340106830000877380e-02,2.548675751313567162e-03,2.107352577149868011e-02,-1.305190287530422211e-02,2.865583635866641998e-03,-2.359537221491336823e-02,1.558716502040624619e-02,3.423944814130663872e-03,-2.288442663848400116e-02,3.914229571819305420e-02,-3.442053869366645813e-02,1.567770959809422493e-03,1.918214000761508942e-02,-1.089223567396402359e-02,2.229420654475688934e-02,1.370248571038246155e-02,-1.183792855590581894e-02,1.168366614729166031e-02,1.203243248164653778e-02,1.311226654797792435e-02,-2.358195930719375610e-02,-3.297181800007820129e-02,3.447419404983520508e-02,-1.199219003319740295e-02,1.283727772533893585e-02,2.001381292939186096e-02,-1.000019907951354980e-02,2.064427360892295837e-02,1.758921658620238304e-03,-2.550017274916172028e-02,2.017478086054325104e-02,-2.886710688471794128e-02,-2.743180096149444580e-02,-1.016787532716989517e-02,1.217998750507831573e-02,-7.230191025882959366e-03,-1.710295677185058594e-02,3.829301567748188972e-04,8.772810921072959900e-03,-1.812578062526881695e-03,-3.937033470720052719e-03,-1.522498484700918198e-02,3.093622857704758644e-03,3.133446152787655592e-04,1.662004925310611725e-02,1.435306947678327560e-02,2.020161040127277374e-02,-2.028209343552589417e-02,-2.154301851987838745e-02,1.700905710458755493e-02,-3.146943822503089905e-02,-1.467500720173120499e-02,-3.721066564321517944e-02,-1.265618763864040375e-02,3.546683490276336670e-02,1.832363754510879517e-02,-2.517823502421379089e-02,5.610440392047166824e-03,-7.860653102397918701e-03,-6.202672049403190613e-02,6.193953100591897964e-03,1.181109994649887085e-02,8.739274926483631134e-03,1.067090313881635666e-02,-2.780068665742874146e-03,2.327343448996543884e-02,1.962480321526527405e-02,-3.963861614465713501e-03,7.706390693783760071e-03,-3.275719285011291504e-02,-5.424320115707814693e-04,7.692976854741573334e-03,-3.804234042763710022e-02,-1.335372030735015869e-02,6.247609388083219528e-03,-2.308563701808452606e-02,-4.406526219099760056e-03,2.599649317562580109e-02,-1.898092776536941528e-02,1.636518165469169617e-02,2.293808199465274811e-02,-1.366224419325590134e-02,-7.017242605797946453e-04,-1.464817859232425690e-02,-5.576905328780412674e-03,5.415935884229838848e-04,-4.715050105005502701e-03,-1.919555291533470154e-02,-1.534571126103401184e-02,8.779517374932765961e-03,2.151618897914886475e-02,-2.243505325168371201e-03,-2.374292723834514618e-02,2.466514473780989647e-03,9.805695153772830963e-03,2.122778678312897682e-03,-2.034916356205940247e-02,1.478231977671384811e-02,-1.603821292519569397e-03,-6.292043253779411316e-04,1.119405217468738556e-02,2.473556995391845703e-02,3.095970489084720612e-02,-2.913538925349712372e-02,-1.229903777129948139e-03,2.458130707964301109e-03,-1.699564419686794281e-02,-1.813584007322788239e-02,1.140867825597524643e-02,-3.541317954659461975e-02,-2.213323675096035004e-02,-3.454126417636871338e-03,-1.057700440287590027e-02,1.083187200129032135e-02,-2.689523622393608093e-02,2.191861160099506378e-02,-2.331367693841457367e-02,-2.707968000322580338e-03,-4.436708055436611176e-03,2.816957421600818634e-03,-1.620588940568268299e-03,2.250883169472217560e-02,4.657369852066040039e-02,-8.511235937476158142e-03,-2.130156382918357849e-02,4.506293626036494970e-04,1.225376501679420471e-02,-5.603733472526073456e-03,-2.033575065433979034e-02,-1.279703527688980103e-02,-1.670053415000438690e-02,-1.277020759880542755e-02,8.906951174139976501e-03,2.198568172752857208e-02,-1.104146707803010941e-03,6.049751769751310349e-03,2.179788425564765930e-03,-2.611722052097320557e-02,-2.872290555387735367e-03,1.815730333328247070e-01,-1.593760796822607517e-03,-3.611741820350289345e-03,2.702937833964824677e-02,1.274337898939847946e-02,1.875288784503936768e-02,1.381650567054748535e-02,4.671454429626464844e-03,-3.145602531731128693e-03,-7.806996349245309830e-03,-2.605015039443969727e-02,-8.370388299226760864e-03,2.350818132981657982e-03,7.371038664132356644e-03,2.349141286686062813e-03,-4.740536957979202271e-02,-2.284418419003486633e-02,4.336102399975061417e-03,-2.733790129423141479e-02,-1.742489449679851532e-02,-1.420551445335149765e-02,-1.313238777220249176e-02,-1.543457969091832638e-03,-5.140947643667459488e-03,3.570828959345817566e-02,-8.491114713251590729e-03,-9.275838732719421387e-03,2.465508505702018738e-02,1.844436489045619965e-02,1.595437526702880859e-03,2.417888492345809937e-03,8.752689696848392487e-03,2.833054400980472565e-02,-2.207958139479160309e-02,1.782731711864471436e-02,-8.492791675962507725e-04,1.943700760602951050e-02,6.616496481001377106e-03,-3.662044648081064224e-03,-5.562652950175106525e-04,2.151618897914886475e-02,-9.416686370968818665e-03,6.170478183776140213e-03,-2.991340588778257370e-03,-2.290454693138599396e-03,2.607697807252407074e-02,1.008571358397603035e-03,-1.759927719831466675e-02,-2.929635718464851379e-02,5.221432074904441833e-03,-2.609039284288883209e-02,-2.007082104682922363e-03,4.949796572327613831e-02,7.371038664132356644e-03,-5.898004746995866299e-04,1.098613440990447998e-02,-2.962835598737001419e-03,2.257590182125568390e-02,-6.698658107779920101e-04,3.602938959375023842e-04,-2.119425125420093536e-02,2.486971020698547363e-02,-1.593593135476112366e-02,-3.548025153577327728e-03,-7.867359556257724762e-03,1.819285098463296890e-03,-1.474207732826471329e-02,7.028979714959859848e-03,5.328744649887084961e-03,-1.731758192181587219e-02,4.986685700714588165e-03,-1.790780201554298401e-02,-1.679443195462226868e-02,1.607007160782814026e-02,-1.997357048094272614e-02,-2.426607720553874969e-02,3.718383982777595520e-02,8.744305814616382122e-04,-5.013513844460248947e-03,2.650622837245464325e-02,2.103328332304954529e-02,-2.065768837928771973e-02,8.786224760115146637e-03,4.453475587069988251e-03,-1.266960147768259048e-02,-4.853215441107749939e-02,2.664036862552165985e-02,-1.704929955303668976e-02,-2.666719816625118256e-02,1.627295976504683495e-03,1.998698338866233826e-02,-6.841182708740234375e-03,-2.042964845895767212e-02,9.088041260838508606e-03,1.148245576769113541e-02,-2.592271659523248672e-03,2.705620601773262024e-02,2.867930941283702850e-02,-8.960607461631298065e-03,-1.003541052341461182e-03,8.430751040577888489e-03,-2.147594653069972992e-02,2.771349623799324036e-02,3.708994016051292419e-03,-1.507742982357740402e-02,4.409879911690950394e-04,2.358195930719375610e-02,2.347464673221111298e-02,1.427258457988500595e-02,-3.044996969401836395e-02,1.707612723112106323e-02,-1.185804978013038635e-02,8.766103535890579224e-03,-1.633835397660732269e-02,3.986665606498718262e-02,1.173732336610555649e-02,-2.187836915254592896e-02,-2.134180627763271332e-02,1.232754252851009369e-02,-2.707968000322580338e-03,-2.614069497212767601e-03,-3.146943822503089905e-02,-1.690174452960491180e-02,2.470874227583408356e-02,-6.405224557965993881e-04,-1.277691405266523361e-02,-1.947724819183349609e-02,1.571962842717766762e-03,2.572821266949176788e-02,-1.201901864260435104e-02,8.544771000742912292e-03,-1.372931431978940964e-02,5.104058887809514999e-03,4.422455676831305027e-04,-2.540291985496878624e-03,8.397215977311134338e-03,-4.735171329230070114e-03,-4.757807619171217084e-05,-1.156293973326683044e-02,-2.044306322932243347e-02,-3.155663143843412399e-03,4.601266482495702803e-06,2.024185098707675934e-02,8.873416110873222351e-03,1.201901864260435104e-02,-1.554692257195711136e-02,2.513799257576465607e-02,-1.863216236233711243e-02,-5.365633405745029449e-03,-4.601030424237251282e-02,-4.260312765836715698e-02,5.449471063911914825e-04,3.246208280324935913e-02,-1.255055190995335579e-03,1.656639203429222107e-02,-1.018128916621208191e-02,-1.419210061430931091e-02,-3.152309730648994446e-02,1.211291737854480743e-02,1.344761811196804047e-02,-3.702287003397941589e-02,1.797487214207649231e-02,1.910165511071681976e-02,-4.045687615871429443e-02,-1.352307270281016827e-03,1.958456076681613922e-02,-1.706271469593048096e-01,2.285424387082457542e-03,1.454086601734161377e-02,-1.213303860276937485e-02,8.658790960907936096e-03,-1.793462969362735748e-02,3.946423158049583435e-02,-2.139546349644660950e-02,-5.533309187740087509e-03,2.001381292939186096e-02,2.232103422284126282e-02,9.101455099880695343e-03,-2.571479789912700653e-02,-1.425917074084281921e-02,-1.698222942650318146e-02,2.964512445032596588e-02,-1.161156571470201015e-03,4.285799805074930191e-03,4.037639126181602478e-02,7.310675457119941711e-03,4.139586165547370911e-02,-2.219611633336171508e-04,1.303848903626203537e-02,-3.232794115319848061e-03,2.010435797274112701e-03,2.091255597770214081e-02,-1.829680986702442169e-02,-1.205255370587110519e-02,-1.550668012350797653e-02,-9.114869870245456696e-03,-1.042274292558431625e-02,2.390389703214168549e-02,3.305230289697647095e-02,-1.270313654094934464e-02,9.913007728755474091e-03,-4.540667403489351273e-03,-6.140296813100576401e-03,-7.317382376641035080e-03,7.357624825090169907e-03,1.777365989983081818e-02,1.527864113450050354e-02,-2.194879343733191490e-03,1.918214000761508942e-02,1.793462969362735748e-02,3.792832139879465103e-03,2.961829677224159241e-02,3.083562478423118591e-03,-1.706271432340145111e-02,2.025526575744152069e-02,-3.734480962157249451e-02,1.411161571741104126e-02,-3.369617834687232971e-02,-8.522134739905595779e-04,-9.007557295262813568e-03,1.727063208818435669e-03,2.849151380360126495e-02,3.356874454766511917e-03,-1.566764898598194122e-02,-2.301353670191019773e-04,2.177692658733576536e-04,-9.007557295262813568e-03,-1.215315982699394226e-02,-5.278441589325666428e-03,-4.631212446838617325e-03,6.928374059498310089e-03,2.345787826925516129e-03,-3.533269464969635010e-02,5.831772927194833755e-03,-1.776024699211120605e-02,5.707692354917526245e-03,-3.286450356245040894e-02,-2.448070235550403595e-02,4.383722320199012756e-02,-2.186495624482631683e-02,4.222753271460533142e-02,1.156964711844921112e-02,-1.250863308086991310e-03,2.867260249331593513e-03,1.941017806529998779e-02,2.646598592400550842e-02,-1.636518165469169617e-02,4.010811075568199158e-02,-1.966504566371440887e-02,9.631311520934104919e-03,1.451403833925724030e-02,1.120075955986976624e-02,-6.143650040030479431e-03,1.708954200148582458e-02,1.112027466297149658e-02,8.719153702259063721e-03,4.748585633933544159e-03,-3.305230289697647095e-02,3.444736450910568237e-02,-3.120451234281063080e-03,3.517172485589981079e-02,2.348805963993072510e-02,3.377666324377059937e-02,-6.227488163858652115e-03,2.409169450402259827e-02,-3.458150848746299744e-02,1.251534000039100647e-02,-6.073226220905780792e-03,-1.022823806852102280e-02,2.535261772572994232e-02,1.403113082051277161e-02,4.691575653851032257e-03,1.770658977329730988e-02,9.020971134305000305e-03,3.425956889986991882e-02,-3.766003996133804321e-03,1.780719612725079060e-03,-9.638018906116485596e-03,1.013434026390314102e-02,1.247509755194187164e-02,2.884027780964970589e-04,8.363680914044380188e-03,6.220781244337558746e-03,-2.069793082773685455e-02,8.484407328069210052e-03,-1.829680986702442169e-02,6.615825742483139038e-02,9.872765280306339264e-03,-1.278362143784761429e-02,7.022272795438766479e-03,-3.268006024882197380e-03,-2.744521386921405792e-02,-1.071516945958137512e-01,-2.397096715867519379e-02,1.955773308873176575e-02,1.920896768569946289e-02,1.279032882302999496e-02,9.758745320141315460e-03,9.570948779582977295e-03,1.542619615793228149e-02,-3.077190741896629333e-02,1.303178165107965469e-02,-9.725210256874561310e-03,-2.651964314281940460e-02,-7.283847313374280930e-03,1.181780733168125153e-02,2.554041519761085510e-02,-1.417700899764895439e-03,8.906951174139976501e-03,-2.482946775853633881e-02,3.735822159796953201e-03,2.173081412911415100e-02,5.496420431882143021e-03,2.356854453682899475e-02,1.427258457988500595e-02,-2.994023449718952179e-02,2.336733229458332062e-02,-2.438009716570377350e-03,-2.427949011325836182e-02,-8.383802138268947601e-03,1.126782968640327454e-02,-4.389758687466382980e-03,8.303317241370677948e-03,1.150928344577550888e-02,-9.691675077192485332e-04,3.204289125278592110e-03,-3.557414934039115906e-02,-2.536603063344955444e-02,-2.044306322932243347e-02,4.366284236311912537e-03,3.691555559635162354e-02,-1.759927719831466675e-02,-3.816306591033935547e-03,4.694929346442222595e-03,2.008758950978517532e-03,2.206616662442684174e-02,-1.085199322551488876e-02,-5.868661683052778244e-03,1.402610098011791706e-03,8.437458425760269165e-03,5.499774217605590820e-02,-1.186307999887503684e-04,-2.307222411036491394e-02,5.459532141685485840e-03,-1.932969316840171814e-02,8.836527122184634209e-04,1.530546881258487701e-02,-2.067110314965248108e-02,1.267630886286497116e-02,-1.311897393316030502e-02,-3.575691662263125181e-04,9.564241394400596619e-03,-2.623794786632061005e-02,3.857890516519546509e-02,2.932318672537803650e-02,1.924921013414859772e-02,1.216657366603612900e-02,1.696881465613842010e-02,-2.189178392291069031e-02,-2.562089823186397552e-02,1.196536235511302948e-02,-8.424044586718082428e-03,1.420551445335149765e-02,-5.436057224869728088e-03,-2.756174944806843996e-04,3.176454827189445496e-02,-3.007437475025653839e-02,-2.203933894634246826e-02,-3.802892519161105156e-03,-1.190499868243932724e-02,-1.669215038418769836e-03,-1.990650035440921783e-02,-2.256248891353607178e-02,-1.753220707178115845e-02,1.900775544345378876e-02,-2.269662916660308838e-02,2.232103422284126282e-02,-1.708954200148582458e-02,2.452094480395317078e-02,2.922593383118510246e-03,9.691675193607807159e-03,8.544771000742912292e-03,-9.597776457667350769e-03,2.187836915254592896e-02,-7.142999209463596344e-03,-3.409859910607337952e-02,1.530546881258487701e-02,1.086540706455707550e-02,-1.660663448274135590e-02,-1.703588664531707764e-02,-9.369737468659877777e-03,2.224054932594299316e-02,-1.566764898598194122e-02,-7.102757226675748825e-03,-6.755332648754119873e-02,2.018819563090801239e-02,-2.307222411036491394e-02,1.503215753473341465e-03,8.906951174139976501e-03,-1.896751299500465393e-02,1.908153295516967773e-03,-9.792280383408069611e-03,-1.525181252509355545e-02,-2.251889323815703392e-03,-2.617087587714195251e-02,3.055728226900100708e-02,-1.719685457646846771e-02,-1.892727240920066833e-02,-4.285799805074930191e-03,-9.396565146744251251e-03,-1.016116794198751450e-02,1.220010872930288315e-02,2.088572829961776733e-02,1.600300148129463196e-02,-3.615095512941479683e-03,5.509834736585617065e-03,5.265027750283479691e-03,8.122227154672145844e-03,-5.076391971670091152e-04,7.746633142232894897e-03,4.497071262449026108e-03,1.128795091062784195e-02,-2.293808152899146080e-03,1.476387493312358856e-03,-3.584913676604628563e-03,-2.500385046005249023e-02,8.551478385925292969e-03,-6.348215043544769287e-03,2.003728644922375679e-03,-1.458110846579074860e-02,-1.743830740451812744e-02,-1.031543035060167313e-02,8.303317241370677948e-03,5.016867071390151978e-02,-2.873296663165092468e-02,-4.128854721784591675e-02,8.155762217938899994e-03,-2.662695571780204773e-02,2.225396409630775452e-02,4.862605128437280655e-04,1.056359033100306988e-03,2.606356330215930939e-02,1.549326628446578979e-02,-2.627483569085597992e-03,1.440672576427459717e-02,2.571479789912700653e-02,2.590594813227653503e-03,-1.990650035440921783e-02,4.185194149613380432e-03,-1.782396342605352402e-03,1.160318218171596527e-02,-4.979978315532207489e-03,1.495670247822999954e-02,-2.921587415039539337e-02,4.316652193665504456e-02,1.678101904690265656e-02,1.804194226861000061e-02,-1.140197087079286575e-02,1.542619615793228149e-02,-3.331722924485802650e-03,-2.041623555123806000e-02,9.973371401429176331e-03,-9.785573929548263550e-03,-9.181939996778964996e-03,-2.309905178844928741e-02,-1.376284938305616379e-02,8.497822098433971405e-03,2.155643142759799957e-02,1.431282702833414078e-02,-4.134891089051961899e-03,8.585013449192047119e-03,-2.140887640416622162e-02,-2.724735764786601067e-03,2.161344280466437340e-03,5.147654563188552856e-03,8.001500740647315979e-03,-2.937684208154678345e-02,3.246208280324935913e-02,2.285759709775447845e-02,-3.018168732523918152e-02,-9.175232611596584320e-03,1.098613440990447998e-02,1.030872296541929245e-02,3.213092277292162180e-04,-5.835126154124736786e-03,2.615746296942234039e-02,1.268972270190715790e-02,-1.796145737171173096e-02,-1.678437227383255959e-03,-1.525852014310657978e-03,-7.967965677380561829e-03,1.588227413594722748e-02,1.903458498418331146e-02,1.800169982016086578e-02,-1.899434253573417664e-02,2.142229117453098297e-02,-5.419289693236351013e-03,-1.069102436304092407e-02,-1.679443195462226868e-02,-4.367960791569203138e-04,-1.235437113791704178e-02,-2.908173203468322754e-02,-9.448545170016586781e-04,2.120766602456569672e-02,3.745882771909236908e-03,-7.438109256327152252e-03,2.977926516905426979e-03,1.546643767505884171e-02,-1.464817859232425690e-02,1.629811152815818787e-02,8.175883442163467407e-03,3.325016004964709282e-03,-2.476239763200283051e-02,1.131477952003479004e-02,7.384452968835830688e-03,1.207267493009567261e-02,5.110765807330608368e-03,-1.690174452960491180e-02,1.895410008728504181e-02,4.782120697200298309e-03,4.258971661329269409e-03,-1.263606641441583633e-02,2.969542751088738441e-03,-5.453663179650902748e-04,1.221352256834506989e-02,8.438296499662101269e-04,-1.696881465613842010e-02,-1.018799655139446259e-02,9.017826960189267993e-05,1.660663448274135590e-02,9.926421567797660828e-03,1.179097965359687805e-02,1.941688591614365578e-03,4.815655946731567383e-02,6.277791224420070648e-03,-3.758626058697700500e-02,4.963210783898830414e-03,8.906951174139976501e-03,-1.534235780127346516e-03,-1.336042676120996475e-02,2.790129370987415314e-02,-2.578857587650418282e-03,-2.134180627763271332e-02,3.442053869366645813e-02,-5.122502916492521763e-04,2.179788611829280853e-02,2.595625119283795357e-03,-2.512457780539989471e-02,8.591719903051853180e-03,-6.646678317338228226e-03,6.968616507947444916e-03,-1.214645244181156158e-02,2.284418419003486633e-02,3.163040801882743835e-02,-2.218354027718305588e-03,-9.792280616238713264e-04,-2.193202730268239975e-03,-1.273667253553867340e-02,1.191170606762170792e-02,3.774723038077354431e-02,-2.233444899320602417e-02,3.447419498115777969e-03,-3.616436943411827087e-02,-6.445467006415128708e-03,6.767405197024345398e-03,-2.442704513669013977e-02,-1.912848278880119324e-02,1.194524113088846207e-02,-1.564082130789756775e-02,-5.620501004159450531e-03,-2.657329849898815155e-02,3.538635000586509705e-02,4.966564476490020752e-03,-2.714675152674317360e-03,1.014775410294532776e-02,-2.140887640416622162e-02,-4.503778647631406784e-03,3.197917342185974121e-02,-1.916537177748978138e-03,-3.752589924260973930e-03,-3.883377183228731155e-03,-1.152940467000007629e-02
7.422217167913913727e-04,-1.331017725169658661e-02,-2.304706349968910217e-02,-1.193532347679138184e-02,6.854342762380838394e-03,3.445768356323242188e-02,-1.664436236023902893e-02,8.089718408882617950e-03,1.388137228786945343e-02,-1.253308542072772980e-02,5.947736091911792755e-03,4.732286091893911362e-03,1.276056747883558273e-03,-5.828183609992265701e-03,3.689522622153162956e-03,-1.665764674544334412e-02,4.244113340973854065e-03,-2.568718045949935913e-03,-1.027487218379974365e-02,-1.587391272187232971e-02,-3.400604054331779480e-02,9.849797002971172333e-03,-5.838146433234214783e-03,-1.518316566944122314e-02,-1.497062854468822479e-02,-2.789558144286274910e-03,7.870539091527462006e-03,-2.016451954841613770e-02,5.736859166063368320e-04,-1.077964901924133301e-02,-2.040362544357776642e-02,-9.750169701874256134e-03,-4.078068211674690247e-02,1.319228438660502434e-03,-3.528126701712608337e-02,-8.481584489345550537e-03,-4.483218304812908173e-03,-2.624841220676898956e-02,4.403516650199890137e-03,6.841058842837810516e-03,1.786645501852035522e-02,-3.499400918371975422e-04,1.463853754103183746e-02,8.069792762398719788e-03,-2.919737435877323151e-02,1.866347156465053558e-03,1.212793588638305664e-02,3.042776952497661114e-04,-3.419201076030731201e-02,1.876974105834960938e-02,-1.566137559711933136e-02,-4.413479473441839218e-03,-3.474992141127586365e-02,-3.709448035806417465e-03,1.250651851296424866e-02,-2.337915357202291489e-03,5.207174923270940781e-03,-7.830687798559665680e-03,4.782099276781082153e-03,-1.202166639268398285e-02,-1.594863366335630417e-03,-3.447096794843673706e-03,-1.329689379781484604e-02,-1.590048149228096008e-02,-3.593216417357325554e-03,9.039496071636676788e-03,-1.465182192623615265e-02,-1.776682795025408268e-03,-1.834466494619846344e-02,-1.620600372552871704e-02,3.281051665544509888e-02,4.752875491976737976e-02,8.381958119571208954e-03,3.661295049823820591e-04,-4.360344726592302322e-03,-4.447352513670921326e-02,7.033671252429485321e-03,-2.153273113071918488e-02,-6.993820425122976303e-03,1.412047725170850754e-02,4.094672854989767075e-03,-3.249171003699302673e-02,-2.368467673659324646e-02,2.407654188573360443e-03,2.080213278532028198e-02,-8.891716133803129196e-04,-4.180186078883707523e-04,2.639453299343585968e-02,1.346293836832046509e-02,-1.536913681775331497e-02,1.417361199855804443e-02,2.741737104952335358e-02,-9.690393693745136261e-03,-1.972615951672196388e-03,-1.373525243252515793e-02,-1.434629876166582108e-02,-2.555766515433788300e-02,2.565065026283264160e-02,-2.077556587755680084e-02,-2.369795925915241241e-02,-5.442959256470203400e-03,2.053978154435753822e-03,-1.948705501854419708e-02,-1.987560186535120010e-03,-4.285292327404022217e-02,-1.783988811075687408e-02,1.123793423175811768e-02,-5.027016159147024155e-04,3.905381262302398682e-02,-1.920809969305992126e-02,-1.900884509086608887e-02,4.638636484742164612e-02,4.586166236549615860e-03,-1.876974105834960938e-02,-1.103867962956428528e-02,-1.335002761334180832e-02,7.312627043575048447e-03,-2.223344286903738976e-03,-2.205079188570380211e-03,2.437542425468564034e-03,8.448375388979911804e-03,1.704287156462669373e-02,3.878813935443758965e-03,-2.158586634323000908e-03,1.293823588639497757e-02,1.212129369378089905e-02,-3.413887694478034973e-03,-1.405405905097723007e-02,-6.000870838761329651e-03,9.252034127712249756e-03,1.158330775797367096e-02,1.563314814120531082e-03,2.031063847243785858e-02,7.837329991161823273e-03,-4.904972855001688004e-03,4.131202585995197296e-03,5.180608015507459641e-03,-6.247447454370558262e-04,1.129771023988723755e-02,-3.799112513661384583e-02,2.610229328274726868e-02,2.279799431562423706e-03,-2.455807290971279144e-03,-2.201758325099945068e-03,1.103867962956428528e-02,1.136412844061851501e-02,7.744344417005777359e-03,2.004496753215789795e-02,9.796662256121635437e-03,-6.406020838767290115e-03,8.999645709991455078e-03,-1.874317415058612823e-02,4.802024923264980316e-03,-5.957698915153741837e-03,-9.597407653927803040e-03,3.862209618091583252e-03,-7.717777043581008911e-03,3.366066887974739075e-02,-3.140245378017425537e-02,-8.743313082959502935e-05,2.279799431562423706e-03,7.618150208145380020e-03,4.540337622165679932e-02,-8.049867115914821625e-03,3.708783909678459167e-02,2.280795760452747345e-02,4.938181955367326736e-03,1.441271626390516758e-03,-3.868851345032453537e-03,-6.010833196341991425e-03,3.845605067908763885e-03,9.922856464982032776e-03,-3.985083103179931641e-02,1.865018717944622040e-02,-7.312627043575048447e-03,2.898483723402023315e-02,-1.793287345208227634e-03,1.213457714766263962e-02,-3.562664240598678589e-02,8.335465565323829651e-03,-2.725796774029731750e-02,-4.821950104087591171e-03,2.456139400601387024e-02,2.695244364440441132e-02,-1.009554322808980942e-02,-1.156338211148977280e-02,6.070609670132398605e-03,2.097482047975063324e-02,6.306393537670373917e-03,-1.446585077792406082e-02,4.091351851820945740e-02,1.883615925908088684e-02,-2.011138573288917542e-02,1.389465574175119400e-02,-6.605673432350158691e-01,-1.806570962071418762e-02,-2.247586846351623535e-02,-2.232974767684936523e-02,2.709856443107128143e-02,1.589051797054708004e-03,1.627242192625999451e-02,1.312420610338449478e-02,-1.416032761335372925e-02,-2.431004395475611091e-05,-1.110509783029556274e-02,1.594033092260360718e-02,-1.372196897864341736e-02,-2.575359772890806198e-03,-2.146631292998790741e-02,-3.026006370782852173e-02,3.279391094110906124e-04,3.144479414913803339e-04,2.792879007756710052e-03,-2.368467673659324646e-02,-3.719410672783851624e-02,1.392288366332650185e-03,-1.856384449638426304e-03,1.205487549304962158e-02,1.348950527608394623e-02,-1.441271696239709854e-02,3.185409680008888245e-02,-6.190162152051925659e-03,-1.797272451221942902e-02,4.101978614926338196e-02,-2.848005853593349457e-02,2.328616753220558167e-02,-4.360344726592302322e-03,1.475809048861265182e-02,3.474992141127586365e-02,-2.201094105839729309e-02,-2.364482544362545013e-02,6.146990228444337845e-03,3.872172208502888680e-03,2.614214457571506500e-02,2.447505015879869461e-03,-3.084454126656055450e-02,3.413887694478034973e-02,-1.594033092260360718e-02,1.279377611353993416e-03,3.596537280827760696e-03,3.525470197200775146e-02,-1.459868717938661575e-02,1.345629710704088211e-02,-1.058039534837007523e-02,1.685690134763717651e-02,-2.244929969310760498e-02,-2.009810134768486023e-02,6.545498501509428024e-03,-6.658409256488084793e-03,8.428450673818588257e-03,3.820366039872169495e-02,-2.049661055207252502e-02,8.684159838594496250e-04,-1.906197983771562576e-03,1.431308919563889503e-03,1.142390444874763489e-02,-1.936750300228595734e-02,-2.855976112186908722e-02,-1.687018387019634247e-02,-9.524348191916942596e-03,-8.368673734366893768e-03,2.810811810195446014e-02,9.942782111465930939e-03,-6.568745244294404984e-03,4.317173152230679989e-04,2.259542047977447510e-02,-6.887551862746477127e-03,8.853525854647159576e-03,-2.202173491241410375e-04,1.047412585467100143e-02,2.784244529902935028e-02,-2.178511954843997955e-02,-3.745977999642491341e-03,1.323711685836315155e-02,1.115159038454294205e-02,2.153605222702026367e-03,-2.673990651965141296e-02,-7.877180352807044983e-03,3.291678428649902344e-02,-2.490676753222942352e-02,-2.765647508203983307e-02,8.674196898937225342e-03,2.639453299343585968e-02,-8.853525854647159576e-03,2.293083118274807930e-03,1.240024995058774948e-02,1.524958387017250061e-02,-1.374853588640689850e-02,2.053645998239517212e-02,-4.526390228420495987e-03,-1.088591851294040680e-02,2.959588170051574707e-02,2.225004695355892181e-02,-1.685690134763717651e-02,4.569561686366796494e-03,-3.328872472047805786e-02,1.809227652847766876e-02,-1.774690300226211548e-02,8.468301035463809967e-03,5.366578232496976852e-03,-1.306443009525537491e-02,-4.443367477506399155e-03,3.692843392491340637e-02,-1.225413009524345398e-02,-6.688297726213932037e-03,-1.761406660079956055e-02,4.194299690425395966e-03,-3.829000517725944519e-03,1.426659710705280304e-02,-2.108108811080455780e-02,1.085935067385435104e-02,1.833138172514736652e-03,1.185562182217836380e-02,-3.570634126663208008e-02,-2.206739736720919609e-03,4.164411686360836029e-03,-1.023502089083194733e-02,-1.016860362142324448e-02,1.519644912332296371e-02,2.705871313810348511e-02,1.151024829596281052e-02,-1.011546887457370758e-02,-1.424002926796674728e-02,-1.641854085028171539e-02,-2.034052740782499313e-03,-5.300160497426986694e-03,2.239616587758064270e-02,9.398153983056545258e-03,7.432179525494575500e-03,-4.313852172344923019e-03,1.923466660082340240e-02,-1.988556422293186188e-02,3.209320083260536194e-02,-2.614214457571506500e-02,-1.734839379787445068e-02,1.834466494619846344e-02,1.794615760445594788e-02,-3.095081076025962830e-02,-6.160273915156722069e-04,-5.047771707177162170e-02,-1.320390775799751282e-02,-2.304706349968910217e-02,-3.655649349093437195e-02,1.141726225614547729e-02,-3.038625698536634445e-03,-1.130435150116682053e-02,-4.043530672788619995e-02,-1.394779048860073090e-02,3.171461867168545723e-03,-5.931961932219564915e-04,1.380167063325643539e-02,-9.271959774196147919e-03,-2.256885357201099396e-02,-1.420017890632152557e-02,3.862209618091583252e-03,-5.087622441351413727e-03,-1.579421199858188629e-02,-1.548868883401155472e-02,5.054413340985774994e-03,-1.825167983770370483e-02,6.641804793616756797e-05,3.433813108131289482e-03,-2.666020393371582031e-02,-3.172126039862632751e-02,1.608977210707962513e-03,-7.342307799262925982e-05,3.862209618091583252e-03,1.465182192623615265e-02,5.973473307676613331e-04,-7.093447726219892502e-03,-9.026212617754936218e-03,1.705075846984982491e-04,2.910770941525697708e-03,1.081784022971987724e-03,8.780466392636299133e-03,1.364226732403039932e-02,-2.345885522663593292e-02,-1.661779545247554779e-02,5.841467529535293579e-03,-2.301385393366217613e-03,1.491749379783868790e-02,4.220867063850164413e-03,-4.582845431286841631e-04,5.409750156104564667e-03,-1.636540703475475311e-02,-9.962707757949829102e-03,1.244674250483512878e-02,-3.855567658320069313e-03,-1.678716158494353294e-03,1.725540868937969208e-02,2.744393795728683472e-02,2.238288288936018944e-03,-1.085935067385435104e-02,2.652736939489841461e-02,1.958004012703895569e-02,-9.072705172002315521e-03,4.112605750560760498e-02,-2.367139235138893127e-02,1.531600207090377808e-02,-1.168957632035017014e-02,1.107853092253208160e-02,-2.853319421410560608e-02,2.980842068791389465e-02,8.548002690076828003e-03,2.588228380773216486e-04,-5.069025605916976929e-02,-3.512186557054519653e-02,1.244674250483512878e-02,1.758749969303607941e-02,3.148215636610984802e-02,-1.578092761337757111e-02,2.574363537132740021e-02,-6.667749403277412057e-05,-1.526286732405424118e-02,1.752108149230480194e-02,-1.357584912329912186e-02,1.336995325982570648e-02,1.130435150116682053e-02,-4.686457663774490356e-02,1.258622040040791035e-03,2.424258738756179810e-02,1.446585077792406082e-02,-3.146555041894316673e-03,-1.740152947604656219e-02,-2.298064529895782471e-03,-1.074643991887569427e-02,-6.880909670144319534e-03,3.190723061561584473e-02,3.392633795738220215e-02,-1.008724095299839973e-03,7.644717581570148468e-03,-5.499414633959531784e-03,1.024830527603626251e-02,-4.871763754636049271e-03,1.810556091368198395e-02,1.435958221554756165e-02,9.285243228077888489e-03,-3.286365047097206116e-02,-1.425331365317106247e-02,8.315539918839931488e-03,3.456395119428634644e-02,5.682064220309257507e-03,-1.600674912333488464e-02,-9.464572183787822723e-03,1.404077559709548950e-02,2.766311634331941605e-03,-1.621928811073303223e-02,-1.530271861702203751e-02,2.240945026278495789e-02,-2.238288149237632751e-02,1.842436753213405609e-02,1.054718624800443649e-02,1.135084405541419983e-02,2.033720724284648895e-02,8.063151501119136810e-03,-2.104123868048191071e-02,-2.568718045949935913e-03,2.015123516321182251e-02,1.224084664136171341e-02,-1.369041972793638706e-03,3.988403826951980591e-03,5.183928646147251129e-03,-1.746794767677783966e-02,-1.283860858529806137e-02,-1.291000866331160069e-03,4.008329007774591446e-03,4.128545895218849182e-02,-1.048574922606348991e-03,1.306443009525537491e-02,-2.703214529901742935e-03,-5.990908015519380569e-03,1.520973350852727890e-02,1.392122264951467514e-02,1.619271934032440186e-02,-2.562408335506916046e-02,-2.591632306575775146e-02,2.044347487390041351e-02,6.698260083794593811e-03,-2.201758325099945068e-03,8.906660601496696472e-03,-4.657233506441116333e-02,2.147959731519222260e-02,-2.723140083253383636e-02,2.672662213444709778e-02,1.183901680633425713e-03,1.110509783029556274e-02,1.204823423177003860e-02,-2.310019731521606445e-02,-2.300721220672130585e-02,-1.691003516316413879e-02,1.417361199855804443e-02,-2.215706184506416321e-02,1.815869472920894623e-02,-1.807899214327335358e-02,-8.202629163861274719e-03,1.073481747880578041e-03,-1.370702520944178104e-03,1.595361530780792236e-02,3.698156774044036865e-02,3.673748287837952375e-04,8.913301862776279449e-03,-1.494406140409410000e-03,7.624791935086250305e-03,-3.294335305690765381e-02,-2.250243537127971649e-02,-1.120472513139247894e-02,-2.648419700562953949e-03,-1.443928387016057968e-02,-5.692026577889919281e-03,-2.866603061556816101e-02,-5.572474095970392227e-03,-8.322181180119514465e-03,1.332346070557832718e-02,-2.088847570121288300e-03,2.076228149235248566e-02,-1.334338635206222534e-02,-1.637869141995906830e-02,2.396363206207752228e-02,1.017524525523185730e-01,8.793749846518039703e-03,2.088183537125587463e-02,1.085935067385435104e-02,7.850613445043563843e-03,2.292750962078571320e-02,-4.994326081941835582e-05,-1.546212192624807358e-02,1.251316070556640625e-02,-1.427988056093454361e-02,-1.026822999119758606e-02,-2.189138904213905334e-02,2.078884840011596680e-02,-7.310136570595204830e-04,5.482810083776712418e-03,5.539265461266040802e-03,-3.461708873510360718e-02,-9.378228336572647095e-03,3.281051525846123695e-03,-8.680839091539382935e-03,-2.507945522665977478e-02,1.793287345208227634e-03,2.287437580525875092e-02,1.752108149230480194e-02,4.738927818834781647e-03,5.512698087841272354e-03,-1.363230403512716293e-03,3.169469162821769714e-02,6.356207188218832016e-03,-2.105452120304107666e-03,-5.340011324733495712e-03,-1.914500258862972260e-03,-7.684568408876657486e-03,2.488020062446594238e-02,-6.691618356853723526e-03,-2.864278387278318405e-03,1.819854602217674255e-02,5.180608015507459641e-03,1.641854085028171539e-02,1.379004679620265961e-03,-4.011650104075670242e-03,1.264599617570638657e-02,2.628826349973678589e-02,-2.039034105837345123e-02,-9.248713031411170959e-04,6.153632421046495438e-03,1.510346401482820511e-02,1.903541199862957001e-02,-2.147959731519222260e-02,-2.252900227904319763e-02,1.936750300228595734e-02,-3.371380269527435303e-02,-3.671589866280555725e-02,-3.150872141122817993e-02,-4.018291831016540527e-03,-4.602770786732435226e-03,-7.531806826591491699e-03,-1.055382750928401947e-02,5.018714000470936298e-04,2.179840393364429474e-02,-9.291885420680046082e-03,-3.549380600452423096e-02,1.528943516314029694e-02,-6.356207188218832016e-03,-4.552957136183977127e-03,-2.620856277644634247e-02,1.685690134763717651e-02,-7.472030352801084518e-03,-2.901140414178371429e-02,-2.575691975653171539e-02,-1.316405739635229111e-02,3.453738521784543991e-03,-3.073827363550662994e-02,-1.499719545245170593e-02,2.768304198980331421e-02,7.850613445043563843e-03,6.960611324757337570e-03,-2.293498255312442780e-04,-3.845605067908763885e-03,2.174526825547218323e-02,6.568745244294404984e-03,-2.947300963569432497e-04,-1.908854767680168152e-02,-6.349565461277961731e-03,-9.497781284153461456e-03,1.938078738749027252e-02,-7.299343589693307877e-03,-1.073066596291027963e-04,2.343228831887245178e-02,-1.176927797496318817e-02,1.073979865759611130e-02,2.264855429530143738e-03,1.531600207090377808e-02,1.288510113954544067e-02,-7.829027599655091763e-04,-3.978441003710031509e-03,1.216778624802827835e-02,1.088591851294040680e-02,-1.108517218381166458e-02,-1.455883588641881943e-02,-5.539265461266040802e-03,-1.283860858529806137e-02,5.977624561637639999e-03,-1.685690134763717651e-02,1.473152358084917068e-02,9.258676320314407349e-03,1.307771354913711548e-02,2.877229824662208557e-02,3.146555100101977587e-04,2.549124695360660553e-02,2.391049824655056000e-02,-1.412047725170850754e-02,-1.077964901924133301e-02,-9.670468047261238098e-03,-3.567977622151374817e-02,8.717369200894609094e-05,1.462525408715009689e-02,1.882287487387657166e-02,-2.872580662369728088e-03,6.841058842837810516e-03,-2.150284359231591225e-03,-6.495685316622257233e-03,1.135084405541419983e-02,-3.368723392486572266e-02,-1.359577476978302002e-02,1.120472513139247894e-02,-1.882951706647872925e-03,-1.918153278529644012e-02,1.689675077795982361e-02,-1.394779048860073090e-02,-8.594495244324207306e-03,-4.024933557957410812e-03,4.652584437280893326e-03,1.373525243252515793e-02,-2.654065191745758057e-02,-1.249987632036209106e-02,1.096935593523085117e-04,-1.757421530783176422e-02,-8.242479525506496429e-03,1.983242854475975037e-02,-1.995198242366313934e-02,-8.288972079753875732e-03,4.768815822899341583e-03,-1.732182689011096954e-02,-3.931948542594909668e-02,-2.651408500969409943e-02,-8.142853155732154846e-03,-1.425331365317106247e-02,3.696164349094033241e-03,3.530119312927126884e-03,-2.117075258865952492e-03,1.277219038456678391e-02,-3.132275119423866272e-02,6.120423320680856705e-03,-1.465182192623615265e-02,-4.189650341868400574e-02,-2.058959566056728363e-02,1.072651520371437073e-02,3.546723723411560059e-02,3.142901882529258728e-02,1.462525408715009689e-02,3.174782730638980865e-03,2.438870817422866821e-02,1.766720041632652283e-02,-7.651359308511018753e-03,-5.479488987475633621e-03,-1.534256897866725922e-02,-4.689114168286323547e-03,-4.574875161051750183e-02,5.625608842819929123e-03,7.066880352795124054e-03,1.218771189451217651e-02,8.873451501131057739e-03,1.637869141995906830e-02,6.508968770503997803e-03,3.214633464813232422e-02,-2.701554214581847191e-03,2.116079069674015045e-02,-7.624791935086250305e-03,-3.161499276757240295e-02,-2.347213774919509888e-02,1.094569452106952667e-02,2.943647839128971100e-02,-8.840242400765419006e-03,-7.777553517371416092e-03,-4.924898501485586166e-03,2.614214457571506500e-02,-9.090970270335674286e-04,3.873002424370497465e-04,-1.696316897869110107e-02,2.134676091372966766e-02,-1.786645501852035522e-02,3.023349493741989136e-02,-1.385480538010597229e-02,1.615286991000175476e-02,-6.107139401137828827e-03,1.592704840004444122e-02,1.916160690598189831e-03,1.267256401479244232e-02,2.206407487392425537e-02,-4.373628646135330200e-03,-6.369490642100572586e-03,-1.821182854473590851e-02,-2.991468831896781921e-02,-2.062944509088993073e-02,5.389824509620666504e-03,-3.237879835069179535e-03,4.924898501485586166e-03,-1.803914271295070648e-02,-2.001840062439441681e-02,-2.188474638387560844e-03,2.463694545440375805e-04,-3.123308764770627022e-03,-1.599346660077571869e-02,1.648495905101299286e-02,9.245391935110092163e-03,-1.643182523548603058e-02,1.094569452106952667e-02,-1.443928387016057968e-02,-2.519900724291801453e-02,1.471823919564485550e-02,-1.188883092254400253e-02,3.294335305690765381e-02,2.377766184508800507e-03,2.744393795728683472e-02,2.080213278532028198e-02,3.618455305695533752e-02,-1.205487526021897793e-03,-4.240792244672775269e-03,-1.949369674548506737e-03,1.458540372550487518e-02,4.363665822893381119e-03,1.904869638383388519e-02,-9.896289557218551636e-03,1.741481199860572815e-02,-1.020845398306846619e-02,9.610692039132118225e-03,-8.043225854635238647e-03,-1.516988221555948257e-02,3.801769018173217773e-02,-2.895826939493417740e-03,6.841058842837810516e-03,-2.824095450341701508e-02,2.642192994244396687e-04,-7.153223734349012375e-03,-8.654272183775901794e-03,-1.242017466574907303e-02,-2.804502146318554878e-03,-2.863946184515953064e-02,-2.130358945578336716e-03,-1.477137394249439240e-02,1.418689545243978500e-02,-3.270424902439117432e-02,2.432228997349739075e-02,1.078629121184349060e-02,-7.179791107773780823e-03,2.150284359231591225e-03,-1.037449948489665985e-02,-1.340980362147092819e-02,2.367139235138893127e-02,-1.798600703477859497e-02,1.010882668197154999e-02,-1.278547476977109909e-02,-7.551732007414102554e-03,2.529199235141277313e-02,-3.716089762747287750e-03,2.331273397430777550e-03,-7.863896898925304413e-03,-2.432561013847589493e-03,2.765647508203983307e-02,-1.026822999119758606e-02,-1.174935325980186462e-02,-1.596689969301223755e-02,2.805498428642749786e-02,3.443111479282379150e-02,-4.838554654270410538e-03,-2.228325465694069862e-03,-1.069330610334873199e-02,-1.478465739637613297e-02,-6.034079939126968384e-03,8.063151501119136810e-03,-4.466613754630088806e-03,-1.119808293879032135e-02,-1.254636980593204498e-02,-7.658001035451889038e-03,-3.838963061571121216e-02,-3.081797389313578606e-03,1.348950527608394623e-02,7.658831309527158737e-04,-3.283708170056343079e-02,-1.887600868940353394e-02,-1.396107394248247147e-02,-1.365555077791213989e-02,2.317989990115165710e-02,2.671333961188793182e-02,-3.583253826946020126e-03,-5.545907188206911087e-03,4.184336960315704346e-02,-6.163594778627157211e-03,1.365555077791213989e-02,-2.397691598162055016e-03,-1.409308024449273944e-04,-2.510602213442325592e-02,1.558167394250631332e-02,1.285189297050237656e-03,-1.524958387017250061e-02,3.273081406950950623e-02,-3.931948542594909668e-02,-2.967226319015026093e-03,9.391511790454387665e-03,-1.192868128418922424e-02,6.807850208133459091e-03,1.791626913473010063e-03,-1.267920527607202530e-02,2.106780558824539185e-02,-1.040106639266014099e-02,1.162315811961889267e-02,-3.382007032632827759e-02,-3.467022255063056946e-02,2.315333113074302673e-02,-8.680839091539382935e-03,1.497062854468822479e-02,4.492516815662384033e-02,-3.573291003704071045e-02,1.505033019930124283e-02,1.817197725176811218e-02,-2.308691293001174927e-02,1.347622182220220566e-02,-1.853063516318798065e-02,-1.659122854471206665e-02,1.453226897865533829e-02,7.491955999284982681e-03,-2.741737104952335358e-02,-1.159659121185541153e-02,-1.088591851294040680e-02,-1.083942595869302750e-02,-3.825679654255509377e-03,-1.495734415948390961e-02,-9.902930818498134613e-03,-8.514793589711189270e-03,1.764063350856304169e-02,1.955347321927547455e-02,-2.140321535989642143e-03,2.073571458458900452e-02,-2.185153774917125702e-02,-2.178511954843997955e-02,9.856438264250755310e-03,-1.324375905096530914e-02,-1.629898883402347565e-02,-3.265111148357391357e-02,-4.662546794861555099e-03,4.346397146582603455e-02,8.959794417023658752e-03,-2.951618097722530365e-02,1.493108902650419623e-05,-4.300568718463182449e-03,-6.567416340112686157e-02,3.623104654252529144e-03,2.627498097717761993e-02,1.081950031220912933e-02,3.928627353161573410e-03,-1.877970295026898384e-03,1.590048149228096008e-02,3.526798449456691742e-03,-9.484496898949146271e-03,1.547540538012981415e-02,-2.333930321037769318e-02,-1.331681851297616959e-02,5.197212100028991699e-03,-3.451081737875938416e-02,-8.182703517377376556e-03,1.315907575190067291e-03,-2.213049307465553284e-02,-2.102795429527759552e-02,1.861033774912357330e-02,-4.699076991528272629e-03,-5.419712979346513748e-03,3.469678759574890137e-02,-1.984571292996406555e-02,1.200506230816245079e-03,-3.161499276757240295e-02,-3.292674664407968521e-03,-1.081950031220912933e-02,1.386808883398771286e-02,-2.320646680891513824e-02,-2.614214457571506500e-02,2.545139566063880920e-02,1.729525998234748840e-02,1.133756060153245926e-02,-1.639197394251823425e-02,4.322486743330955505e-02,2.802841598168015480e-03,1.165636721998453140e-02,1.261942926794290543e-02,1.670413883402943611e-03,-9.809945710003376007e-03,5.296839401125907898e-03,3.782507963478565216e-03,2.284780889749526978e-02,2.044347487390041351e-02,-3.698156774044036865e-02,-7.824046537280082703e-03,1.131597557105123997e-03,7.866387604735791683e-04,-1.062024571001529694e-02,-8.825298282317817211e-04,-3.198693320155143738e-02,-1.197517383843660355e-02,-2.860957523807883263e-03,-1.636540703475475311e-02,4.353702999651432037e-03,-3.052573464810848236e-02,1.843765005469322205e-02,-2.296736091375350952e-02,6.024117115885019302e-03,-9.032854810357093811e-03,-1.691003516316413879e-02,-1.429316401481628418e-02,6.200124975293874741e-03,5.363921448588371277e-02,-2.009810134768486023e-02,-2.367139235138893127e-02,-1.465182192623615265e-02,6.107139401137828827e-03,2.220023190602660179e-03,-1.114162732847034931e-03,-1.538242027163505554e-02,-1.465182192623615265e-02,-5.758444778621196747e-03,1.474480703473091125e-02,6.399379111826419830e-03,-1.595361530780792236e-02,6.708222907036542892e-03,1.117151603102684021e-02,-4.038217291235923767e-02,-1.021509617567062378e-02,1.974475681781768799e-01,-9.119197726249694824e-03,-5.721915047615766525e-03,3.296991810202598572e-02,1.206815987825393677e-02,8.601137436926364899e-03,2.181168645620346069e-02,6.867626216262578964e-03,3.920740564353764057e-04,2.003168314695358276e-02,-3.249171003699302673e-02,-6.562103051692247391e-03,-2.470751525834202766e-03,3.407245967537164688e-03,1.431973092257976532e-02,-2.424258738756179810e-02,-2.951618097722530365e-02,-4.210904240608215332e-03,-2.092168480157852173e-02,-1.894574845209717751e-03,1.423836918547749519e-03,-1.315077394247055054e-02,-4.446688573807477951e-03,-6.764678284525871277e-03,2.607572637498378754e-02,-6.496515125036239624e-04,-1.914500258862972260e-03,8.395241573452949524e-03,2.288766019046306610e-02,7.438821252435445786e-03,-8.873451501131057739e-03,-5.160682369023561478e-03,3.801769018173217773e-02,-1.475310884416103363e-03,1.019517052918672562e-02,1.066009700298309326e-02,5.167324095964431763e-03,-4.562919959425926208e-03,2.930364385247230530e-02,1.112502301111817360e-03,2.049661055207252502e-02,-2.256553154438734055e-03,1.121800858527421951e-02,-1.411383505910634995e-03,9.809945710003376007e-03,3.198693320155143738e-02,2.409314736723899841e-03,-4.536352586001157761e-03,-2.540490357205271721e-03,4.589487332850694656e-03,-2.581005357205867767e-02,2.983830869197845459e-03,3.528126701712608337e-02,1.360241603106260300e-02,-1.502708299085497856e-03,2.171870134770870209e-02,4.852668789681047201e-04,8.640987798571586609e-03,2.781587839126586914e-02,1.015531923621892929e-02,-1.550197228789329529e-02,4.133859276771545410e-02,-1.548868883401155472e-02,7.545090280473232269e-03,-1.619271934032440186e-02,8.308897726237773895e-03,-1.350943092256784439e-02,-1.211465243250131607e-02,5.280234850943088531e-03,-1.034129038453102112e-02,1.969959400594234467e-02,-2.263527177274227142e-02,-7.319268770515918732e-03,1.209472678601741791e-02,-1.513003185391426086e-02,-2.271497249603271484e-02,1.111173909157514572e-02,-1.985899731516838074e-02,3.128290176391601562e-03,2.158586494624614716e-02,-6.102158222347497940e-04,-3.028663061559200287e-02,7.465388625860214233e-03,-5.635571200400590897e-03,1.863026292994618416e-03,-1.127114240080118179e-02,2.492005191743373871e-02,6.193483248353004456e-03,-7.744344417005777359e-03,1.753436401486396790e-02,1.121842360589653254e-04,-1.624585501849651337e-02,-1.653809472918510437e-02,2.837379090487957001e-02,1.309763919562101364e-02,1.188883092254400253e-02,8.514793589711189270e-03,1.890257745981216431e-02,-1.672406494617462158e-02,7.000462152063846588e-03,1.681705005466938019e-02,-3.974455967545509338e-02,1.520973350852727890e-02,7.060238625854253769e-03,1.042763353325426579e-03,1.088591851294040680e-02,7.418896071612834930e-03,2.752363868057727814e-02,1.299801189452409744e-02,-2.490676753222942352e-02,1.173606887459754944e-02,-2.137332782149314880e-02,2.068922156468033791e-03,-1.967302523553371429e-02,2.534512802958488464e-02,2.567721717059612274e-02,-1.062024571001529694e-02,1.478631864301860332e-03,4.851838573813438416e-03,-4.792062100023031235e-03,-1.200838293880224228e-02,-1.918153278529644012e-02,-1.242017466574907303e-02,1.068666391074657440e-02,-1.384152099490165710e-02,-1.129106804728507996e-02,-3.498902916908264160e-02,-3.330865176394581795e-03,1.286517642438411713e-02,-2.639453299343585968e-02,3.076484054327011108e-02,-1.795944012701511383e-02,1.648495905101299286e-02,1.595361530780792236e-02,5.725235678255558014e-03,2.314669080078601837e-03,-7.843971252441406250e-03,-2.800184860825538635e-02,-2.962245047092437744e-02,8.421808481216430664e-03,4.901652224361896515e-03,-1.364060677587985992e-03,1.381495408713817596e-02,1.441271696239709854e-02,1.823839545249938965e-02,-1.365555077791213989e-02,-1.185562112368643284e-03,-9.305168874561786652e-03,-1.398764085024595261e-02,-2.291422709822654724e-02,-2.270168811082839966e-02,-1.459868717938661575e-02,9.843154810369014740e-03,1.806570962071418762e-02,7.120014633983373642e-03,-8.282330818474292755e-03,-5.731877405196428299e-03,-5.168154602870345116e-04,1.829153113067150116e-02,6.392737384885549545e-03,-5.302817001938819885e-02,-2.638456877321004868e-03,2.066929638385772705e-02,-4.341083765029907227e-02,-1.032800693064928055e-02,2.205079235136508942e-02,-1.700302064418792725e-01,5.396466236561536789e-03,1.056046970188617706e-02,-2.058959566056728363e-03,2.086855098605155945e-02,-1.336995325982570648e-02,4.184336960315704346e-02,-1.879630796611309052e-02,-3.355772001668810844e-03,2.040362544357776642e-02,9.351661428809165955e-03,-6.934044416993856430e-03,-2.988812141120433807e-02,-8.780466392636299133e-03,-8.269047248177230358e-04,-6.450852961279451847e-04,-2.078884979709982872e-03,-1.205487549304962158e-02,3.073827363550662994e-02,1.386808883398771286e-02,2.970215119421482086e-02,-5.014562513679265976e-03,9.205541573464870453e-03,7.498597726225852966e-03,7.618150208145380020e-03,3.660962730646133423e-02,-2.626169659197330475e-02,-1.665764674544334412e-02,2.855976112186908722e-03,4.313852172344923019e-03,-1.437286566942930222e-02,2.616871148347854614e-02,3.437798097729682922e-02,-5.808258429169654846e-03,1.975272782146930695e-02,-8.850204758346080780e-04,-9.995915926992893219e-03,-1.851403154432773590e-03,-1.408062595874071121e-02,1.145711354911327362e-02,5.565832369029521942e-03,4.662546794861555099e-03,3.111021406948566437e-02,1.669749803841114044e-02,-2.213049307465553284e-02,4.213561117649078369e-02,3.732694312930107117e-02,-7.565015926957130432e-03,1.347622182220220566e-02,-1.965974271297454834e-02,1.081285811960697174e-02,-2.704542875289916992e-02,-4.406837746500968933e-03,-7.438821252435445786e-03,7.100089453160762787e-03,8.461659774184226990e-03,9.391511790454387665e-03,-2.206407487392425537e-02,5.220458842813968658e-03,-9.364944999106228352e-04,1.067338045686483383e-02,8.576230611652135849e-04,2.880882937461137772e-03,-1.724212616682052612e-02,8.362032473087310791e-03,-2.591964323073625565e-03,-1.931436918675899506e-02,8.993003517389297485e-03,-1.076636556535959244e-02,8.428450673818588257e-03,-2.012466825544834137e-02,-3.004752472043037415e-02,3.830993175506591797e-02,-9.942782111465930939e-03,2.701886184513568878e-02,2.232974767684936523e-02,-4.054822027683258057e-03,1.609973423182964325e-02,2.659378759562969208e-02,-6.459155119955539703e-03,-1.093905232846736908e-02,3.084454126656055450e-02,-5.854750983417034149e-03,2.646759152412414551e-03,1.206151768565177917e-02,1.562152523547410965e-02,-2.202422544360160828e-02,1.374853588640689850e-02,-7.355798734351992607e-04,-2.080545295029878616e-03,1.902212947607040405e-02,-2.179840393364429474e-02,-3.643030067905783653e-03,-1.013539452105760574e-02,1.683033443987369537e-02,2.470751479268074036e-02,3.180096298456192017e-02,-3.649671794846653938e-03,1.228069700300693512e-02,2.434221561998128891e-03,1.321719214320182800e-02,-1.928780041635036469e-02,-1.319726649671792984e-02,8.063151501119136810e-03,2.711184695363044739e-02,2.303377911448478699e-02,2.141317911446094513e-02,2.323303371667861938e-02,3.413887694478034973e-02,1.478465739637613297e-02,-1.261278707534074783e-02,-1.402749214321374893e-02,1.077964901924133301e-02,-1.728529692627489567e-03,-1.104532182216644287e-02,1.382823754101991653e-02,6.661730352789163589e-03,-1.282532513141632080e-02,4.762174095958471298e-03,-2.101466991007328033e-02,4.896338656544685364e-02,9.185615926980972290e-03,-4.277322441339492798e-03,1.198845822364091873e-02,-1.536913681775331497e-02,-3.219946846365928650e-02,-1.024431958794593811e-01,-2.043019235134124756e-02,3.012722730636596680e-02,2.004496753215789795e-02,8.049867115914821625e-03,2.100138738751411438e-02,1.708189229248091578e-04,1.041434984654188156e-02,-1.158330775797367096e-02,3.259797766804695129e-02,-1.523463986814022064e-03,-2.529199235141277313e-02,-6.854342762380838394e-03,-1.036785729229450226e-02,1.216778624802827835e-02,-1.447705872124060988e-04,8.534719236195087433e-03,-1.578092761337757111e-02,-1.760078221559524536e-02,1.544883847236633301e-02,-2.108108811080455780e-02,1.711925258859992027e-03,2.037373604252934456e-03,-1.093905232846736908e-02,6.894193589687347412e-03,1.809227652847766876e-02,-3.544067218899726868e-02,1.188883092254400253e-02,2.744393795728683472e-02,1.390793919563293457e-02,1.835794933140277863e-02,5.934452638030052185e-03,4.456650931388139725e-03,-2.880882937461137772e-03,-7.651359308511018753e-03,-3.304962068796157837e-02,-2.329945191740989685e-02,-5.240384023636579514e-03,2.681960724294185638e-02,-1.422674581408500671e-02,-1.757421530783176422e-02,2.056302875280380249e-02,1.603331603109836578e-02,-1.523630041629076004e-02,-5.871355533599853516e-03,-1.349614746868610382e-02,-1.111173909157514572e-02,9.504422545433044434e-03,1.999183185398578644e-02,-1.288510113954544067e-02,-1.126450113952159882e-02,-2.432228997349739075e-02,-3.169469162821769714e-02,-2.367139235138893127e-02,2.651408500969409943e-02,-2.020437084138393402e-02,-6.133706774562597275e-03,8.481584489345550537e-03,-1.648495905101299286e-02,4.163581470493227243e-04,-9.112556464970111847e-03,1.498391199856996536e-02,1.303786318749189377e-02,1.718899048864841461e-02,1.546212192624807358e-02,1.961989142000675201e-02,-1.760078221559524536e-02,-1.469167228788137436e-02,1.462525408715009689e-02,2.370294096181169152e-04,2.089511789381504059e-02,1.393450703471899033e-02,-1.095897797495126724e-02,2.538497745990753174e-02,-2.517244033515453339e-02,-1.000255811959505081e-02,-2.652570838108658791e-04,-9.557557292282581329e-03,2.227661386132240295e-02,-2.620856277644634247e-02,-2.413631975650787354e-02,-1.469167228788137436e-02,-1.809891778975725174e-03,-1.265927962958812714e-02,1.973944343626499176e-02,2.910770941525697708e-03,5.217137746512889862e-03,-1.414704415947198868e-02,2.808155119419097900e-02,-2.242273278534412384e-02,8.561286143958568573e-03,2.553109824657440186e-02,1.454555243253707886e-02,-3.065857104957103729e-02,-7.332552690058946609e-03,1.850406825542449951e-02,-8.401882834732532501e-03,5.927810911089181900e-03,-1.578092761337757111e-02,4.692435264587402344e-03,-2.547796256840229034e-02,-6.020796019583940506e-03,-5.071682110428810120e-02,1.977929472923278809e-02,-1.280207885429263115e-03,5.177286919206380844e-03,-8.255763910710811615e-03,-1.106524653732776642e-02,9.889647364616394043e-03,-5.891280714422464371e-03,-2.789558097720146179e-02,-7.797478698194026947e-03,-1.613128348253667355e-03,1.972616091370582581e-02,-1.753436401486396790e-02,-2.161243371665477753e-02,5.595720373094081879e-03,-2.708195941522717476e-03,-1.845093443989753723e-02,-4.005838418379426003e-04,2.747050486505031586e-02,-8.036583662033081055e-03,-1.131099369376897812e-02,6.379453465342521667e-03,-6.601953878998756409e-03,1.288510113954544067e-02,-3.164155781269073486e-02,1.532928552478551865e-02,-2.193456050008535385e-03,1.077964901924133301e-02,3.613141831010580063e-03,2.517244080081582069e-03,4.188488237559795380e-04,-2.890513464808464050e-02,5.227100569754838943e-03,3.087110817432403564e-02,8.773824200034141541e-03,-1.745466329157352448e-02,-1.887600868940353394e-02,2.005825005471706390e-02,-2.249911427497863770e-03,3.732694312930107117e-02,-3.039289824664592743e-02,-1.289838459342718124e-02,2.031063847243785858e-02,-8.142853155732154846e-03,6.243296433240175247e-03,-9.298526681959629059e-03,1.518316566944122314e-02,1.482450868934392929e-02,2.054974436759948730e-02,3.178103594109416008e-03,1.603331603109836578e-02,2.133347652852535248e-02,-1.006897632032632828e-02,1.447913469746708870e-03,-8.415167219936847687e-03,-1.223420444875955582e-02,2.365810982882976532e-02,-1.936086104251444340e-03,1.651152782142162323e-02,-2.432228997349739075e-02,1.657794415950775146e-02,2.958924043923616409e-03,2.824842522386461496e-04,-3.480305662378668785e-03,1.776018552482128143e-02,-3.246182110160589218e-03,1.142390421591699123e-03,7.286060135811567307e-03,-3.324223449453711510e-03,-2.336587011814117432e-02,-1.506361365318298340e-02,-3.716089762747287750e-03,-5.280234618112444878e-04,-2.847673895303159952e-04,1.062024571001529694e-02,-1.068002264946699142e-02,-6.156953051686286926e-03,-2.848005853593349457e-02,-6.170236505568027496e-03,8.642648463137447834e-04,2.826087875291705132e-03,4.277322441339492798e-03,-8.322181180119514465e-03,1.985899731516838074e-02,1.200174167752265930e-02,-1.705615408718585968e-02,3.207991831004619598e-03,2.011138573288917542e-02,-6.279826629906892776e-03,8.714048191905021667e-03,-9.912893874570727348e-04,2.231646515429019928e-02,-4.755532369017601013e-03,-1.164308376610279083e-02,-4.426762927323579788e-03,-6.272354512475430965e-04,-3.239540383219718933e-03,1.802585832774639130e-02,3.872172208502888680e-03,1.447913423180580139e-02,-2.106780558824539185e-02,9.544273838400840759e-03,-5.170645192265510559e-03,-1.441219774278579280e-05,-2.624841220676898956e-02,-1.931104809045791626e-03,-6.552140694111585617e-03,-4.016963765025138855e-02,3.978441003710031509e-03,2.863946184515953064e-02,1.129771023988723755e-02,-1.555510703474283218e-02,5.106219649314880371e-02,1.229398045688867569e-02,-1.892914413474500179e-03,9.610692039132118225e-03,-9.384870529174804688e-03,3.749298863112926483e-03,-2.554438076913356781e-02,4.705718718469142914e-03,7.398970425128936768e-03,1.073315646499395370e-02,3.762582549825310707e-03,-1.257293671369552612e-02,1.640525832772254944e-02,-6.947327870875597000e-03,5.735198501497507095e-03,-1.744137890636920929e-02,-1.345629710704088211e-02,-3.985082730650901794e-03,1.193449279526248574e-04,1.586063019931316376e-02,-1.514331530779600143e-02,-1.522301696240901947e-02,-9.012929163873195648e-03,2.513258904218673706e-02,8.144513121806085110e-04,1.162980031222105026e-02,-4.569561686366796494e-03,5.095592513680458069e-02,2.235631458461284637e-02,-3.408574312925338745e-02,1.400092430412769318e-02,1.000920031219720840e-02,3.002095781266689301e-02,-1.798600703477859497e-02,2.956931479275226593e-02,-6.322998087853193283e-03,-4.136516153812408447e-02,6.193483248353004456e-03,1.710264710709452629e-03,2.240945026278495789e-02,2.877562073990702629e-03,-2.863946184515953064e-02,1.230394351296126842e-03,8.740615099668502808e-03,1.293823588639497757e-02,-1.863690465688705444e-02,3.739336039870977402e-03,2.089511789381504059e-02,-1.871660538017749786e-02,-1.302624004893004894e-03,-1.906198076903820038e-02,-2.323303371667861938e-02,9.178974665701389313e-03,2.720483206212520599e-02,-5.164003465324640274e-03,-3.493589349091053009e-03,-5.018547922372817993e-02,-6.269863806664943695e-03,2.699893666431307793e-03,-2.962245047092437744e-02,-2.826752141118049622e-02,-1.493575866334140301e-03,-2.755020745098590851e-02,-6.097177043557167053e-03,-2.776274457573890686e-02,3.902724385261535645e-02,4.981353878974914551e-03,1.725540868937969208e-02,-4.412649141158908606e-04,-8.521435782313346863e-03,-1.543555408716201782e-02,1.369540207087993622e-02,-3.262786776758730412e-04,-1.539030781714245677e-04,1.108517218381166458e-02,-1.702958717942237854e-02
-3.784061176702380180e-03,-1.015121396631002426e-02,-2.023533359169960022e-02,-1.539790770038962364e-03,2.594832796603441238e-03,3.700865432620048523e-02,-1.826279051601886749e-02,-9.386350400745868683e-03,9.084430523216724396e-03,-3.368082689121365547e-03,2.028900943696498871e-02,-4.725883190985769033e-04,1.677332073450088501e-02,-6.092070136219263077e-03,4.532989987637847662e-04,-1.450556796044111252e-02,1.482761558145284653e-02,5.505003966391086578e-03,-3.072872292250394821e-03,-1.807492971420288086e-02,-1.944363303482532501e-02,-7.809658069163560867e-03,-1.928260922431945801e-02,-9.768782183527946472e-03,-1.997702522203326225e-03,-5.866469000466167927e-04,1.422377582639455795e-02,-9.782200679183006287e-03,-4.022242035716772079e-03,-2.093310467898845673e-02,-1.598162017762660980e-02,-6.779775954782962799e-03,-4.487198591232299805e-02,3.857863834127783775e-03,-3.947768732905387878e-02,-9.325966238975524902e-03,-3.168480237945914268e-03,-1.539119891822338104e-02,1.192247588187456131e-02,1.547171082347631454e-02,2.489160746335983276e-02,-3.646519966423511505e-03,1.999379880726337433e-02,8.936825208365917206e-03,-2.128198929131031036e-02,1.129850838333368301e-02,-3.713613143190741539e-03,-8.789219893515110016e-03,-4.543557018041610718e-02,7.742564659565687180e-03,1.012269873172044754e-03,4.723367281258106232e-03,-2.148326858878135681e-02,1.215059310197830200e-02,-3.024229779839515686e-03,-1.041958667337894440e-02,-2.353296848013997078e-03,1.453240495175123215e-02,-2.055738121271133423e-02,-1.563273556530475616e-02,-8.608068339526653290e-03,-1.533710455987602472e-04,-1.404933352023363113e-02,-1.777971908450126648e-02,-3.502269275486469269e-03,-4.404673818498849869e-03,-1.493496447801589966e-02,-1.083556469529867172e-02,-2.125515230000019073e-02,-1.968516968190670013e-02,5.278899520635604858e-02,3.609618544578552246e-02,7.071631960570812225e-03,-9.299129247665405273e-03,8.151833899319171906e-03,-4.768990352749824524e-02,-1.453408272936940193e-03,-1.437138114124536514e-02,8.084740489721298218e-03,1.736038713715970516e-03,1.048668008297681808e-02,-2.332162484526634216e-02,-1.913500390946865082e-02,8.715417236089706421e-03,2.674338221549987793e-02,-5.421136971563100815e-03,1.453240495175123215e-02,3.051402419805526733e-02,7.574831601232290268e-03,-9.460153058171272278e-03,8.165252394974231720e-03,3.266100957989692688e-02,-7.480900734663009644e-03,4.434865899384021759e-03,-9.842584840953350067e-03,-1.390172820538282394e-02,-2.428776770830154419e-02,3.051402419805526733e-02,3.508978756144642830e-03,-2.098677866160869598e-02,-1.197615079581737518e-02,-1.201640721410512924e-02,-7.594959344714879990e-03,-5.069735925644636154e-04,-1.865193247795104980e-02,-2.914532087743282318e-02,5.424492061138153076e-03,6.622106768190860748e-03,3.368082642555236816e-02,-2.274462208151817322e-02,-1.277456060051918030e-02,5.249378457665443420e-02,-8.842894807457923889e-03,-1.202311646193265915e-02,3.921602386981248856e-03,-1.696118153631687164e-02,1.505573280155658722e-02,-8.292729966342449188e-03,-1.949730701744556427e-02,-2.137591876089572906e-02,7.709017954766750336e-03,2.376444078981876373e-02,4.968257620930671692e-03,-1.847749017179012299e-02,6.768034654669463634e-04,1.777971908450126648e-02,-1.044642366468906403e-02,-1.260682754218578339e-02,1.329285674728453159e-03,1.345891226083040237e-02,1.741070649586617947e-03,2.167112939059734344e-02,2.537467889487743378e-02,-2.141952980309724808e-03,4.924647044390439987e-03,1.291545666754245758e-02,7.153821061365306377e-04,-1.243741717189550400e-03,1.388830947689712048e-03,-3.172170370817184448e-02,2.601877413690090179e-02,-1.119786873459815979e-02,7.668762002140283585e-03,-1.006399188190698624e-02,1.671964675188064575e-02,-2.918557729572057724e-03,9.198488667607307434e-03,9.299129247665405273e-03,1.053364574909210205e-02,-1.117522479034960270e-04,1.335156336426734924e-02,-1.537778042256832123e-02,2.597851864993572235e-02,-1.886663027107715607e-02,4.673046991229057312e-03,-5.820342339575290680e-03,-1.701485551893711090e-02,3.241947293281555176e-02,-3.802847117185592651e-02,-3.636455861851572990e-03,-9.938192088156938553e-04,2.415358088910579681e-03,4.409370571374893188e-02,6.746229715645313263e-03,3.040667623281478882e-02,1.698801852762699127e-02,2.794435247778892517e-03,4.642854910343885422e-03,-9.916387498378753662e-03,-1.064099464565515518e-02,1.996695995330810547e-02,6.719392258673906326e-03,-3.859205543994903564e-02,1.541803590953350067e-02,-1.716246083378791809e-02,2.817917801439762115e-02,-1.336498185992240906e-02,3.918247763067483902e-03,-1.815544255077838898e-02,1.685383170843124390e-02,-2.970890514552593231e-02,-8.534265682101249695e-03,2.180531620979309082e-02,4.004127159714698792e-02,-9.547374211251735687e-03,-7.709017954766750336e-03,-3.663293318822979927e-03,2.438169904053211212e-02,-7.401227485388517380e-04,-6.991120055317878723e-03,2.420725673437118530e-02,1.638417877256870270e-02,-2.866224944591522217e-02,-8.856313303112983704e-03,-6.501070857048034668e-01,3.834381001070141792e-03,-2.560279704630374908e-02,-2.504256786778569221e-03,2.243599295616149902e-02,9.116299916058778763e-04,1.223110500723123550e-02,1.514966320246458054e-02,-3.309040516614913940e-02,-5.156118888407945633e-03,-3.131578909233212471e-03,3.067504800856113434e-02,-1.803467422723770142e-02,-4.055788740515708923e-03,-2.105387113988399506e-02,-3.555943816900253296e-02,-1.026527211070060730e-02,-9.205197915434837341e-03,-3.549653920345008373e-04,-1.686725020408630371e-02,-1.822253502905368805e-02,-1.331801619380712509e-02,-6.323541980236768723e-03,2.770952647551894188e-03,1.358638983219861984e-02,-3.329504048451781273e-03,2.711910381913185120e-02,1.781326602213084698e-03,-1.583401486277580261e-02,2.354974113404750824e-02,-4.573078081011772156e-02,1.466659177094697952e-02,-1.883979327976703644e-02,1.442505605518817902e-02,4.114159941673278809e-02,3.054421627894043922e-03,-1.985961198806762695e-02,1.904107257723808289e-02,-1.102342642843723297e-02,2.278487943112850189e-02,1.418393949279561639e-04,-2.588458731770515442e-02,3.526422753930091858e-02,-1.749792881309986115e-02,4.334226250648498535e-03,1.375412289053201675e-02,2.766926959156990051e-02,-9.889549575746059418e-03,2.507946826517581940e-02,-1.390172820538282394e-02,6.604495138162747025e-05,-2.460981532931327820e-02,-1.940337754786014557e-02,2.573698386549949646e-02,3.512333380058407784e-03,2.418041974306106567e-02,4.302021116018295288e-02,-1.492154598236083984e-02,5.608998239040374756e-03,-8.742254227399826050e-03,1.184196444228291512e-03,1.918867789208889008e-02,-1.520333811640739441e-02,-1.438479963690042496e-02,-3.673357190564274788e-03,-1.696118153631687164e-02,-1.115761324763298035e-02,9.554083459079265594e-03,1.042629592120647430e-02,-1.669280789792537689e-02,-1.214388408698141575e-03,9.976770728826522827e-03,3.223832231014966965e-03,3.492205403745174408e-03,3.371437487658113241e-04,7.682180963456630707e-03,6.591915152966976166e-03,-1.721613667905330658e-02,-1.396378938807174563e-04,2.038293890655040741e-02,-2.556254155933856964e-03,-7.669600890949368477e-04,-2.507946826517581940e-02,-5.998139269649982452e-03,1.722955517470836639e-02,-9.003918617963790894e-03,-1.596820168197154999e-02,-4.151396860834211111e-04,3.472748398780822754e-02,1.435796264559030533e-02,-7.367681246250867844e-04,5.159473512321710587e-03,1.614264398813247681e-02,-1.442505605518817902e-02,1.841039583086967468e-02,1.954091945663094521e-03,-3.968567587435245514e-03,4.398635402321815491e-02,3.580097481608390808e-02,-1.182854548096656799e-02,4.824006929993629456e-03,-2.701175585389137268e-02,1.319053955376148224e-02,-7.346714381128549576e-03,1.855129259638488293e-03,1.492154598236083984e-02,-1.898739859461784363e-02,-7.742564659565687180e-03,3.883359208703041077e-02,-1.811518706381320953e-02,-1.482761558145284653e-02,5.283596110530197620e-04,9.238745085895061493e-03,-7.970682345330715179e-03,1.420700224116444588e-03,-2.577723935246467590e-02,1.096975151449441910e-02,1.167423091828823090e-02,1.056048274040222168e-02,-3.821633383631706238e-02,6.115552503615617752e-03,8.997209370136260986e-03,-1.017805095762014389e-02,-1.488128956407308578e-02,1.345891226083040237e-02,7.279620971530675888e-03,7.166401483118534088e-04,-4.743495024740695953e-03,-2.076537115499377251e-03,-1.918867789208889008e-02,1.162726618349552155e-02,-6.675781332887709141e-04,2.534784190356731415e-02,-2.505934098735451698e-03,8.621486485935747623e-04,9.976770728826522827e-03,2.741431444883346558e-02,-3.539170604199171066e-03,3.282203525304794312e-02,-1.979251764714717865e-02,-5.441265180706977844e-03,1.755160279572010040e-02,2.085259184241294861e-02,-1.496180146932601929e-02,-6.095424760133028030e-03,-3.290254622697830200e-02,-1.902765408158302307e-02,-8.701998740434646606e-03,-1.790048740804195404e-02,1.127167139202356339e-03,5.545259919017553329e-03,-6.038395222276449203e-03,-4.224193096160888672e-02,-3.046035021543502808e-02,1.013108529150485992e-02,5.135990679264068604e-03,2.148662460967898369e-03,-3.378146793693304062e-03,-2.455614134669303894e-02,-3.161435574293136597e-02,6.457728333771228790e-03,-1.466617250116541982e-04,-5.676091648638248444e-03,-1.548512931913137436e-02,6.722746882587671280e-03,-1.826279051601886749e-02,5.424492061138153076e-03,2.162080956622958183e-03,-1.759185828268527985e-02,-3.145333006978034973e-02,1.955769257619976997e-03,2.017830498516559601e-03,-2.032926538959145546e-03,1.231161691248416901e-02,1.918867789208889008e-02,-8.078031241893768311e-03,-1.857141964137554169e-02,1.448376220650970936e-03,-6.243030074983835220e-03,1.077518146485090256e-02,1.349413651041686535e-03,3.280861536040902138e-03,-2.927950769662857056e-02,-8.145124651491641998e-03,1.202311646193265915e-02,-1.282823551446199417e-02,2.138933911919593811e-02,1.394198369234800339e-02,2.788396738469600677e-02,1.905449293553829193e-02,-9.017337113618850708e-03,-5.058833397924900055e-03,1.917525939643383026e-02,-9.024046361446380615e-03,6.779775954782962799e-03,1.745767146348953247e-02,1.219084952026605606e-02,3.760578576475381851e-03,3.542525228112936020e-03,2.957471832633018494e-02,1.077518146485090256e-02,-1.287520118057727814e-02,3.620353341102600098e-02,-2.850122563540935516e-02,1.039274968206882477e-02,-2.855490148067474365e-02,1.929602771997451782e-02,-6.155808456242084503e-03,2.293248474597930908e-02,-6.373861804604530334e-03,-8.849604055285453796e-03,-3.778693825006484985e-02,-3.631088510155677795e-02,1.684041321277618408e-02,1.740399748086929321e-02,4.390584304928779602e-02,-1.029881881549954414e-03,1.831646636128425598e-02,8.138415403664112091e-03,-1.465317327529191971e-02,2.344239316880702972e-02,-2.234206348657608032e-02,1.615606248378753662e-02,8.566973265260457993e-04,-4.111476242542266846e-02,2.121489495038986206e-02,3.220477700233459473e-02,1.323079504072666168e-02,-4.330871161073446274e-03,-2.165771089494228363e-02,5.619062576442956924e-03,-1.561596174724400043e-03,-1.005728263407945633e-02,1.466659177094697952e-02,3.148016706109046936e-02,1.357968058437108994e-02,1.523017510771751404e-02,-1.349916867911815643e-02,7.319876924157142639e-03,-1.296242233365774155e-02,1.968516968190670013e-02,1.528385002166032791e-02,2.747469814494252205e-03,-2.711910381913185120e-02,-5.139345303177833557e-03,6.212837994098663330e-03,2.604561299085617065e-02,5.515067838132381439e-03,-5.065542645752429962e-03,1.481419708579778671e-02,1.422377582639455795e-02,-1.087582111358642578e-02,-1.717587932944297791e-02,-2.336188033223152161e-02,7.024666760116815567e-03,-2.134908176958560944e-02,9.325966238975524902e-03,-3.079581540077924728e-03,1.502889487892389297e-02,2.914532087743282318e-02,2.921912353485822678e-03,-1.237871032208204269e-02,9.346093982458114624e-03,2.357657998800277710e-02,2.490502595901489258e-02,-7.433935534209012985e-03,3.421757370233535767e-03,-9.862712584435939789e-03,-1.463975384831428528e-02,-1.231832616031169891e-02,-9.419896639883518219e-03,1.109051983803510666e-02,3.016513958573341370e-02,4.183266311883926392e-03,1.709536835551261902e-02,1.435796264559030533e-02,-1.308318972587585449e-02,1.649152860045433044e-02,1.918867789208889008e-02,3.236579895019531250e-02,-1.865193247795104980e-02,-2.493186295032501221e-02,3.220477700233459473e-02,-7.742564659565687180e-03,2.155371708795428276e-03,-3.938375506550073624e-03,-3.888726606965065002e-02,1.079530920833349228e-02,-3.961187228560447693e-02,2.063789404928684235e-02,8.064612746238708496e-03,2.748140878975391388e-02,1.143269520252943039e-02,-1.781997643411159515e-02,-1.827621087431907654e-02,-2.353632263839244843e-02,2.401939406991004944e-02,-2.004747278988361359e-02,2.326795086264610291e-02,-8.433625102043151855e-03,-5.233276169747114182e-03,6.427536252886056900e-03,-8.956952951848506927e-03,-1.076847221702337265e-02,4.355695843696594238e-02,7.883460260927677155e-03,1.094291452318429947e-02,-6.196064408868551254e-03,1.002205885015428066e-03,-2.120147645473480225e-02,-1.137231127358973026e-03,-8.715417236089706421e-03,-8.273440180346369743e-04,-3.558627516031265259e-02,-3.354664193466305733e-03,-2.372418530285358429e-02,-1.618289947509765625e-02,-1.535094249993562698e-02,2.122831530869007111e-02,-1.015310044749639928e-04,-8.889859891496598721e-04,-1.257999055087566376e-02,-1.437138114124536514e-02,9.010627865791320801e-03,9.688270092010498047e-02,2.705536549910902977e-03,6.340315099805593491e-03,2.564305253326892853e-02,4.857553634792566299e-03,-1.557402778416872025e-03,6.457728333771228790e-03,-2.375102229416370392e-02,6.390634924173355103e-03,-1.313015539199113846e-02,4.424802027642726898e-03,-1.412984542548656464e-02,2.301299571990966797e-02,6.608688272535800934e-03,1.490309485234320164e-03,7.849914021790027618e-03,-2.134908176958560944e-02,-1.871902495622634888e-02,-7.420517038553953171e-03,-2.061105705797672272e-02,-2.957471832633018494e-02,2.650184556841850281e-03,2.652868442237377167e-02,5.729766096919775009e-03,8.218927308917045593e-03,1.937318476848304272e-03,-2.529416698962450027e-03,3.488850593566894531e-02,1.586085185408592224e-02,-8.842894807457923889e-03,-1.913835876621305943e-03,1.066112238913774490e-02,-1.526372157968580723e-03,2.871592529118061066e-02,-4.042370244860649109e-03,-1.720942673273384571e-03,9.641304612159729004e-03,1.596820168197154999e-02,2.583091333508491516e-02,1.180170848965644836e-02,-1.461291685700416565e-02,1.814202405512332916e-02,1.623657345771789551e-02,-6.799904163926839828e-03,-6.135680712759494781e-03,-3.992050420492887497e-03,-1.191744464449584484e-03,1.629024930298328400e-02,-4.213458299636840820e-02,-3.969238698482513428e-02,2.995044179260730743e-02,-2.070498652756214142e-02,-2.118805795907974243e-02,-3.241947293281555176e-02,8.621486835181713104e-03,-7.212528027594089508e-03,-5.471457261592149734e-03,-1.068795938044786453e-02,-1.725639216601848602e-02,3.529106453061103821e-02,-2.664945088326931000e-02,-3.078239783644676208e-02,2.447227481752634048e-03,-1.206337194889783859e-02,-5.384236108511686325e-03,-2.266411110758781433e-02,1.014785841107368469e-03,6.652298849076032639e-03,-1.960465684533119202e-02,-1.686725020408630371e-02,-1.209691911935806274e-02,-6.585205439478158951e-03,-3.427124768495559692e-02,-1.684041321277618408e-02,8.453753776848316193e-03,3.445239970460534096e-03,2.597851864993572235e-02,-2.628379268571734428e-03,-8.044484071433544159e-03,6.296704523265361786e-03,1.607554964721202850e-02,-1.143940445035696030e-02,-6.685845553874969482e-03,-1.516308169811964035e-02,-1.855800114572048187e-02,1.070137880742549896e-02,-1.473368518054485321e-02,1.259340904653072357e-02,-1.315028290264308453e-03,-1.278126984834671021e-02,1.304964348673820496e-02,7.279620971530675888e-03,9.319256991147994995e-03,1.380779780447483063e-02,6.021622102707624435e-03,-8.889859542250633240e-03,8.433625102043151855e-03,2.352290414273738861e-02,-1.068125013262033463e-02,-8.460463024675846100e-03,2.583091380074620247e-03,-1.107039116322994232e-02,-4.451639484614133835e-03,-8.400078862905502319e-03,2.423409372568130493e-02,-3.485495923087000847e-03,-3.100967733189463615e-04,1.975226216018199921e-02,1.536436192691326141e-02,1.061415765434503555e-02,1.881295628845691681e-02,-2.632740326225757599e-02,-6.712683010846376419e-03,-1.926919072866439819e-02,-6.726101506501436234e-03,-1.119115948677062988e-02,1.044642366468906403e-02,2.000721730291843414e-02,-1.910481252707540989e-03,-5.770022049546241760e-03,5.978011526167392731e-03,-1.574008353054523468e-02,2.748140878975391388e-02,-2.293248474597930908e-02,-1.310331840068101883e-02,4.032306373119354248e-03,5.692864768207073212e-03,-1.406275201588869095e-02,1.315028313547372818e-02,-2.697149990126490593e-03,-9.157184831565245986e-05,7.970682345330715179e-03,-2.744115190580487251e-03,5.447974428534507751e-03,-2.930634655058383942e-02,-8.299439214169979095e-03,6.726101506501436234e-03,-1.362664531916379929e-02,3.589490661397576332e-03,6.575141567736864090e-03,-1.421035733073949814e-02,-1.776630058884620667e-02,-1.349245943129062653e-02,-2.703859284520149231e-02,-2.895746007561683655e-02,-2.244941145181655884e-02,-7.393679581582546234e-03,7.246074383147060871e-04,6.890479940921068192e-03,9.648013859987258911e-03,-7.178981322795152664e-03,-6.152453832328319550e-03,-2.291906438767910004e-02,1.126496214419603348e-02,-2.454272285103797913e-02,-2.371076680719852448e-02,-1.162055600434541702e-02,1.466659177094697952e-02,1.901423558592796326e-02,4.154416173696517944e-02,2.941369451582431793e-02,5.223211832344532013e-03,-6.575141451321542263e-04,1.071479730308055878e-02,-1.826279051601886749e-02,8.084740489721298218e-03,-2.419383823871612549e-02,-3.104741685092449188e-03,-3.580097481608390808e-02,5.766667425632476807e-03,1.713562384247779846e-02,3.299312200397253036e-03,2.187241055071353912e-02,-9.744250564835965633e-05,-9.748653508722782135e-03,1.446531154215335846e-02,2.177176997065544128e-03,7.937135174870491028e-03,-8.567811921238899231e-03,-4.122211411595344543e-02,-1.595478318631649017e-02,1.346897683106362820e-03,1.572666503489017487e-02,-1.725639216601848602e-02,-8.708707988262176514e-03,-9.560792706906795502e-03,2.215420082211494446e-02,4.595889709889888763e-03,1.315028290264308453e-03,-8.373241871595382690e-03,1.649152860045433044e-02,-1.123812515288591385e-02,3.534474223852157593e-02,-1.759521313942968845e-03,3.072872385382652283e-02,-3.235573414713144302e-03,1.704169437289237976e-02,-3.441885346546769142e-03,5.595579743385314941e-03,1.674648374319076538e-02,-1.519033830845728517e-04,7.380261085927486420e-03,-2.944053150713443756e-02,-1.555222272872924805e-02,-2.863541245460510254e-02,1.470684725791215897e-02,-7.796239573508501053e-03,-2.630056580528616905e-03,5.880726035684347153e-03,-2.691782452166080475e-02,-2.185899205505847931e-02,6.011558230966329575e-03,-1.783003914169967175e-03,-9.446734562516212463e-03,2.240915596485137939e-02,-9.661432355642318726e-03,-2.474400214850902557e-02,1.022501662373542786e-02,-1.259340904653072357e-02,-1.433112472295761108e-02,1.561931613832712173e-02,-1.527043059468269348e-02,5.037363618612289429e-02,-3.566427330952137709e-04,8.359823375940322876e-03,3.137281909584999084e-02,1.556564122438430786e-02,-2.121489495038986206e-02,2.292912919074296951e-03,3.295957576483488083e-03,5.927691701799631119e-03,-1.512114889919757843e-03,2.206027135252952576e-02,-1.029881834983825684e-02,1.092278677970170975e-02,1.859825849533081055e-02,1.403591502457857132e-02,-1.942350529134273529e-03,-2.043661288917064667e-02,3.054086118936538696e-02,1.298925932496786118e-02,-3.044357756152749062e-03,-3.134598210453987122e-02,-3.928311634808778763e-03,2.529416698962450027e-03,-6.930735893547534943e-03,-8.963662199676036835e-03,-5.545259919017553329e-03,-1.167423091828823090e-02,-1.620973646640777588e-02,-1.709536835551261902e-02,2.210052683949470520e-02,-2.401939406991004944e-02,2.532100491225719452e-02,-8.426915854215621948e-03,-2.142959460616111755e-02,7.957262918353080750e-03,-2.180531620979309082e-02,-6.726101506501436234e-03,1.681357622146606445e-02,-1.368702948093414307e-02,1.787365041673183441e-02,1.154843135736882687e-03,-6.484565790742635727e-03,2.863541245460510254e-02,-1.174803357571363449e-02,-4.092690069228410721e-03,-2.336188033223152161e-02,-8.621486835181713104e-03,2.723987214267253876e-02,-1.123812515288591385e-02,1.540461741387844086e-02,-1.092278677970170975e-02,2.334846183657646179e-02,3.115811944007873535e-02,-8.587939664721488953e-03,1.779649290256202221e-03,-7.460772991180419922e-03,-2.462323382496833801e-02,8.138415403664112091e-03,6.182645913213491440e-03,-4.528796765953302383e-03,-8.010937832295894623e-03,-3.388210607226938009e-04,-1.697460003197193146e-02,-2.721303515136241913e-02,-8.071321994066238403e-03,-1.534758834168314934e-03,1.029881834983825684e-02,-3.427124768495559692e-02,-1.665255241096019745e-02,-1.033907476812601089e-02,-1.129179913550615311e-02,8.131706155836582184e-03,2.172480523586273193e-02,-1.811518566682934761e-03,-5.941110197454690933e-03,3.848470747470855713e-02,-1.447873003780841827e-02,1.518991868942975998e-02,-9.795619174838066101e-03,-1.407617051154375076e-02,-5.478166509419679642e-03,1.233845483511686325e-02,5.011868197470903397e-03,5.505003966391086578e-03,2.380469627678394318e-02,-3.655242174863815308e-02,-1.366690173745155334e-02,5.182955879718065262e-03,-1.052022632211446762e-02,6.769712083041667938e-03,-2.787725767120718956e-03,-1.034578401595354080e-02,8.977080695331096649e-03,-5.307078827172517776e-03,2.285197190940380096e-02,-2.866224944591522217e-02,-2.793764322996139526e-02,3.134598210453987122e-02,-5.914272740483283997e-03,6.249739322811365128e-03,3.067504800856113434e-02,-3.620353341102600098e-02,5.424492061138153076e-03,3.601567447185516357e-02,-2.408648841083049774e-02,2.000721730291843414e-02,-3.413706272840499878e-02,-2.513314411044120789e-02,1.555222272872924805e-02,-3.233896102756261826e-03,-3.912880271673202515e-02,-3.464696928858757019e-02,-9.024046361446380615e-03,-1.025185361504554749e-02,-2.978941658511757851e-03,-1.417010091245174408e-02,-1.615606248378753662e-02,-1.160042826086282730e-02,-3.324472112581133842e-03,1.439821813255548477e-02,9.990190155804157257e-03,2.713252417743206024e-02,-1.700143702328205109e-02,-1.606213115155696869e-02,2.430454129353165627e-03,-1.085569337010383606e-02,-1.513624470680952072e-02,-4.624069109559059143e-02,-1.140585821121931076e-02,3.657925873994827271e-02,6.055168807506561279e-03,-2.678363770246505737e-02,-4.116172902286052704e-03,7.286330219358205795e-03,-5.812961980700492859e-02,7.440644782036542892e-03,1.454582344740629196e-02,1.858483883552253246e-03,2.537467889487743378e-02,2.249302342534065247e-03,2.308008819818496704e-02,2.631398476660251617e-02,-3.961858339607715607e-03,2.530758641660213470e-02,-3.483483195304870605e-02,-3.902145102620124817e-02,-2.290564589202404022e-02,-2.780345641076564789e-02,-6.414117757230997086e-03,-4.418092779815196991e-03,-2.106729149818420410e-02,-1.058731973171234131e-02,1.043300516903400421e-02,2.170467749238014221e-03,1.254644338041543961e-02,1.230490766465663910e-02,-7.380261085927486420e-03,4.478476475924253464e-03,-1.843723468482494354e-02,1.663913368247449398e-03,-1.276785135269165039e-02,2.318072831258177757e-03,-1.904107257723808289e-02,-1.045313291251659393e-02,1.423719432204961777e-02,1.312344614416360855e-02,-5.253403913229703903e-03,-2.373760379850864410e-02,2.796448022127151489e-02,1.084227394312620163e-02,6.736165378242731094e-03,1.329788845032453537e-02,8.936825208365917206e-03,-5.971302278339862823e-03,-2.967200474813580513e-03,-1.584743335843086243e-02,2.812550403177738190e-02,5.310433451086282730e-03,-3.725019097328186035e-02,9.802328422665596008e-03,-1.371386647224426270e-02,-7.547994144260883331e-03,-3.181898966431617737e-03,1.565957255661487579e-02,-2.317401953041553497e-02,-1.284165401011705399e-02,2.029571682214736938e-03,-2.365709096193313599e-02,-1.024011173285543919e-03,-2.051712572574615479e-02,1.441163662821054459e-02,-2.666286937892436981e-02,2.509288722649216652e-03,-7.272911723703145981e-03,-5.874855560250580311e-04,-1.720271818339824677e-02,1.225794292986392975e-02,5.354043841361999512e-02,-1.497522089630365372e-02,-2.232864499092102051e-02,-1.957781985402107239e-02,4.079271573573350906e-03,2.148662460967898369e-03,-7.373551838099956512e-03,-4.114159941673278809e-02,-4.626081790775060654e-03,-8.668452501296997070e-03,1.002373639494180679e-02,-1.245251297950744629e-02,-2.010114677250385284e-02,1.170106884092092514e-02,1.541803590953350067e-02,-2.317401953041553497e-02,9.976770728826522827e-03,2.106192260980606079e-01,-1.417010091245174408e-02,-8.789219893515110016e-03,1.851774565875530243e-02,6.991120055317878723e-03,1.234516408294439316e-02,1.482761558145284653e-02,-1.382121583446860313e-03,-6.528176367282867432e-03,4.263778217136859894e-03,-1.229819841682910919e-02,-8.292729966342449188e-03,5.411073099821805954e-03,4.404673818498849869e-03,3.585464879870414734e-02,-3.483483195304870605e-02,-1.031223777681589127e-02,3.071194980293512344e-03,-1.350587792694568634e-02,3.363050753250718117e-03,-7.789529860019683838e-03,-1.875928230583667755e-02,2.666286937892436981e-02,1.018140581436455250e-03,6.924026645720005035e-03,9.453443810343742371e-03,-8.165252394974231720e-03,1.930944621562957764e-02,2.554912120103836060e-02,-1.058731973171234131e-02,-1.230490766465663910e-02,4.210103303194046021e-03,3.062137402594089508e-02,2.991941000800579786e-04,1.533752400428056717e-02,1.736038713715970516e-03,-1.870225183665752411e-03,2.740089595317840576e-02,1.328446995466947556e-02,3.148352261632680893e-03,4.798511415719985962e-02,-6.843514740467071533e-03,2.032926492393016815e-02,1.625334727577865124e-03,3.350470797158777714e-04,3.749172762036323547e-02,7.594959344714879990e-03,-4.102754406630992889e-03,-1.123141497373580933e-02,-2.433808753266930580e-03,-3.652558103203773499e-02,-1.006399188190698624e-02,3.105077147483825684e-02,1.909474842250347137e-02,1.119115948677062988e-02,1.934970170259475708e-02,3.760578576475381851e-03,-6.323541980236768723e-03,1.912158541381359100e-02,9.285709820687770844e-03,-2.226155065000057220e-02,2.655552141368389130e-02,-1.618289947509765625e-02,2.440853603184223175e-02,-1.965833082795143127e-02,8.534265682101249695e-03,-9.775491431355476379e-03,-1.043300516903400421e-02,-1.707733754301443696e-04,-1.343207526952028275e-02,1.811518706381320953e-02,-1.458607986569404602e-02,-1.327608362771570683e-03,2.750824671238660812e-03,-2.267752960324287415e-02,-9.279000572860240936e-03,2.660919539630413055e-02,-6.172582041472196579e-03,-1.826614607125520706e-03,1.102342642843723297e-02,1.043300493620336056e-03,-1.459949836134910583e-02,2.502579428255558014e-02,-2.866560593247413635e-03,-1.918867812491953373e-03,-1.886663027107715607e-02,1.183525472879409790e-02,4.352676623966544867e-04,-2.681047469377517700e-02,2.138933911919593811e-02,8.111577481031417847e-03,-1.603529416024684906e-02,-9.084430523216724396e-03,1.279468927532434464e-02,4.981676116585731506e-03,1.603529416024684906e-02,-5.094896187074482441e-04,1.786023192107677460e-02,-2.138933911919593811e-02,2.170467749238014221e-03,1.421035733073949814e-02,-3.572046384215354919e-02,8.480590768158435822e-03,-1.024220910039730370e-04,4.361063474789261818e-04,1.291545666754245758e-02,4.454994108527898788e-03,2.411332540214061737e-02,-1.481084153056144714e-03,-1.732348464429378510e-02,1.227136142551898956e-02,-2.199317701160907745e-02,2.973909722641110420e-03,-1.513624470680952072e-02,3.827000781893730164e-02,1.451898645609617233e-02,-2.341555617749691010e-02,-1.200298778712749481e-02,-4.917937796562910080e-03,-3.666647942736744881e-03,5.951174069195985794e-03,-5.897499620914459229e-03,1.724297297187149525e-03,2.000721730291843414e-02,-2.470374666154384613e-02,-2.146985009312629700e-02,-6.199419125914573669e-02,2.785713039338588715e-02,1.294900383800268173e-02,-2.553570270538330078e-02,1.402249559760093689e-02,-1.863851398229598999e-02,8.661742322146892548e-03,1.616948097944259644e-02,1.145953219383955002e-02,5.917627364397048950e-03,-1.923899864777922630e-03,-1.575350202620029449e-02,-1.775288209319114685e-02,6.266512442380189896e-03,1.760527677834033966e-02,1.278798002749681473e-02,3.072872292250394821e-03,1.980593614280223846e-02,1.347904000431299210e-02,-2.168454788625240326e-02,-3.502269275486469269e-03,-1.592794433236122131e-02,-6.487920414656400681e-03,-3.349296748638153076e-02,-4.017545655369758606e-02,-1.801454578526318073e-03,-5.219857208430767059e-03,2.352458250243216753e-04,1.126496214419603348e-02,-9.074366535060107708e-04,-5.384236108511686325e-03,-1.832988485693931580e-02,6.105488631874322891e-03,8.386660483665764332e-04,-4.830716177821159363e-02,8.775801397860050201e-03,1.042629592120647430e-02,-2.023533359169960022e-02,-1.940337754786014557e-02,2.839387767016887665e-02,-1.719734966754913330e-01,1.877270080149173737e-02,2.372418530285358429e-02,4.005468916147947311e-03,3.614985942840576172e-02,-7.366842590272426605e-03,3.840419650077819824e-02,-1.108381059020757675e-02,7.386970333755016327e-03,2.159061841666698456e-02,-1.814873307012021542e-03,-3.552589332684874535e-03,-3.443227335810661316e-02,-5.377526395022869110e-03,-2.152017084881663322e-03,5.343979690223932266e-03,1.642108079977333546e-03,-1.465317327529191971e-02,3.974606096744537354e-02,1.493496447801589966e-02,2.411332540214061737e-02,1.264037471264600754e-02,9.842584840953350067e-03,-1.129850838333368301e-02,4.636145662516355515e-03,2.011456526815891266e-02,-1.190234813839197159e-02,-9.815746918320655823e-03,2.042319439351558685e-02,-3.331181360408663750e-03,-1.300938706845045090e-02,2.159061841666698456e-02,2.764243260025978088e-02,-1.619631797075271606e-02,3.188608214259147644e-03,-2.058421820402145386e-02,-1.639759726822376251e-02,-7.480900967493653297e-04,-1.633050478994846344e-02,2.061105705797672272e-02,5.602288991212844849e-03,1.568640954792499542e-02,2.426093071699142456e-02,-3.643165109679102898e-03,-1.088923960924148560e-02,2.454272285103797913e-02,2.515998110175132751e-02,-2.518681809306144714e-02,5.820342339575290680e-03,-4.619372542947530746e-03,3.094677580520510674e-03,-3.402971103787422180e-02,-2.250308729708194733e-02,-3.592845285311341286e-03,1.175474282354116440e-02,1.262024603784084320e-02,5.991430021822452545e-03,-1.205666270107030869e-02,-6.501338910311460495e-03,3.780706552788615227e-03,2.157719992101192474e-02,-1.532410550862550735e-02,1.580717787146568298e-02,-6.830096244812011719e-03,1.417010091245174408e-02,-6.355516006806283258e-07,-5.699574481695890427e-03,1.551196724176406860e-02,-2.866224944591522217e-02,2.562963403761386871e-02,-2.093310467898845673e-02,-2.251650579273700714e-02,2.528074942529201508e-02,-3.431821474805474281e-03,1.517650019377470016e-02,1.615606248378753662e-02,-6.732810754328966141e-03,8.374080061912536621e-04,1.885321177542209625e-02,-3.289248095825314522e-03,-1.052693556994199753e-02,3.598883748054504395e-02,-2.366715576499700546e-03,-2.179189771413803101e-02,1.415668288245797157e-03,2.736064046621322632e-02,-1.502889487892389297e-02,7.078341208398342133e-03,-4.864262882620096207e-03,1.097646076232194901e-02,-2.078214427456259727e-03,-2.345581166446208954e-02,-1.594136469066143036e-02,-3.029932640492916107e-02,-7.340005133301019669e-03,1.991328597068786621e-02,1.563273556530475616e-02,-3.857863834127783775e-03,3.445239970460534096e-03,-1.492154598236083984e-02,1.457266043871641159e-02,-1.674648374319076538e-02,-1.728322915732860565e-02,7.910298183560371399e-03,2.411332540214061737e-02,1.192247588187456131e-02,2.002063579857349396e-02,1.571324653923511505e-02,3.604251146316528320e-02,1.853116415441036224e-02,-1.853116415441036224e-02,4.089335445314645767e-03,1.236193696968257427e-03,1.528385002166032791e-02,-1.948388852179050446e-02,2.748140878975391388e-02,5.223211832344532013e-03,-7.158853113651275635e-03,1.510940678417682648e-02,-1.303622499108314514e-02,7.503712922334671021e-02,4.055788740515708923e-03,-1.508256979286670685e-02,1.521675661206245422e-02,-2.713252417743206024e-02,-2.290564589202404022e-02,-1.022501587867736816e-01,-1.297584082931280136e-02,2.957471832633018494e-02,2.353632263839244843e-02,2.493186295032501221e-02,1.001031789928674698e-02,-7.487610448151826859e-03,9.741944260895252228e-03,-1.187551114708185196e-02,2.004747278988361359e-02,1.274772337637841702e-03,-3.679395467042922974e-02,-2.851464552804827690e-03,-1.761869527399539948e-02,7.266202475875616074e-03,1.715072081424295902e-03,-6.249739322811365128e-03,-1.541803590953350067e-02,-1.290203817188739777e-02,1.278798002749681473e-02,-3.322459384799003601e-02,2.141952980309724808e-03,-1.486116205342113972e-03,-2.866224944591522217e-02,5.786795634776353836e-03,5.598934367299079895e-03,-2.498553879559040070e-02,1.971200667321681976e-02,2.385837025940418243e-02,8.869731798768043518e-03,1.399565860629081726e-02,-7.925393874756991863e-04,4.237884422764182091e-05,-7.494319695979356766e-03,-1.497522089630365372e-02,-2.973574213683605194e-02,-3.392236307263374329e-02,-4.240295384079217911e-03,2.584433183073997498e-02,-5.048769526183605194e-03,-8.943534456193447113e-03,5.089025478810071945e-03,1.545829232782125473e-02,-3.164119273424148560e-02,-1.129683107137680054e-03,-2.584768692031502724e-03,4.710944267571903765e-06,9.614467620849609375e-03,8.420206606388092041e-03,2.812885912135243416e-03,-2.976257912814617157e-02,-1.317712105810642242e-02,-3.676711767911911011e-02,-8.963662199676036835e-03,4.793144017457962036e-02,-1.508256979286670685e-02,7.212528027594089508e-03,9.305838495492935181e-03,-1.843723468482494354e-02,-4.659628495573997498e-03,1.471020164899528027e-03,-2.401939593255519867e-03,1.156017277389764786e-02,3.314408287405967712e-02,5.008513573557138443e-03,1.575350202620029449e-02,-1.814202405512332916e-02,4.773687105625867844e-03,1.889346912503242493e-02,-1.387489028275012970e-02,9.849294088780879974e-03,6.565077695995569229e-03,-2.206027135252952576e-02,1.619631797075271606e-02,-2.960155531764030457e-02,-2.049699658527970314e-03,-8.543910371372476220e-05,-1.925577223300933838e-02,2.444879151880741119e-02,-5.702929105609655380e-03,-1.330459769815206528e-02,-9.346093982458114624e-03,1.535094249993562698e-02,-1.198956929147243500e-02,3.996076062321662903e-02,5.414427723735570908e-03,-9.502086322754621506e-04,7.749273907393217087e-03,2.152352407574653625e-02,-1.879953779280185699e-02,6.524821743369102478e-03,1.163397543132305145e-02,9.815746918320655823e-03,-3.596200048923492432e-02,-1.090936735272407532e-02,1.686725020408630371e-02,-2.943717641755938530e-03,1.845065318048000336e-02,-2.705201134085655212e-02,1.319724880158901215e-02,-2.491844445466995239e-02,-6.437600590288639069e-03,-6.333605945110321045e-02,1.788706891238689423e-02,-1.327105145901441574e-02,7.443160866387188435e-04,6.565077695995569229e-03,-4.730076529085636139e-03,1.368032023310661316e-02,-4.382029874250292778e-04,-2.215420082211494446e-02,1.190905738621950150e-02,-3.620353341102600098e-02,3.319775685667991638e-02,-1.850432716310024261e-02,-1.480077765882015228e-02,7.574831601232290268e-03,1.665255241096019745e-02,-1.287352293729782104e-03,-3.413370810449123383e-03,2.204685285687446594e-02,-2.105387113988399506e-02,-1.040616817772388458e-02,7.594959344714879990e-03,-5.605643615126609802e-03,4.075916949659585953e-03,-2.466349117457866669e-02,2.293248474597930908e-02,4.951484035700559616e-03,-5.062188021838665009e-03,-3.099709749221801758e-03,-8.916697464883327484e-03,2.210723701864480972e-03,-3.759907558560371399e-02,-7.702308706939220428e-03,1.638417877256870270e-02,1.111064758151769638e-02,-1.367864315398037434e-03,-6.964282598346471786e-03,1.685383170843124390e-02,-5.602288991212844849e-03,3.894094005227088928e-02,-2.909164689481258392e-02,-1.355284266173839569e-02,2.032926492393016815e-02,-3.047712380066514015e-03,6.118907127529382706e-03,-1.551196724176406860e-02,1.154675427824258804e-02,2.014140412211418152e-02,1.971200667321681976e-02,-1.251960638910531998e-02,1.755160279572010040e-02,1.454582344740629196e-02,-1.309660822153091431e-02,-9.681561030447483063e-03,-3.012488363310694695e-03,-2.804499119520187378e-02,3.550576418638229370e-02,-1.661397400312125683e-03,1.513624470680952072e-02,-4.044383019208908081e-02,2.624689228832721710e-02,3.596199909225106239e-03,1.299596857279539108e-02,-7.004538550972938538e-03,3.019197657704353333e-02,-1.737716048955917358e-02,1.898739859461784363e-02,-6.930735893547534943e-03,-4.468412604182958603e-03,-5.833760835230350494e-03,-1.375412289053201675e-02,-1.045984309166669846e-02,-1.294900383800268173e-02,5.501649342477321625e-03,1.076847221702337265e-02,-7.849914254620671272e-04,-3.519042627885937691e-03,-2.004747278988361359e-02,-2.542835474014282227e-02,1.678673923015594482e-02,-2.435486065223813057e-03,2.204014221206307411e-03,-7.038085255771875381e-03,2.126857079565525055e-02,1.335827261209487915e-02,-5.810278002172708511e-03,-5.283595994114875793e-03,4.153074230998754501e-03,-1.259340904653072357e-02,8.326276205480098724e-03,-1.070808805525302887e-02,2.603219263255596161e-02,-3.924957010895013809e-03,-1.013108529150485992e-02,-1.108716474846005440e-03,-5.031995940953493118e-03,3.126546973362565041e-03,3.462013229727745056e-02,-2.552899299189448357e-03,1.380779780447483063e-02,-2.634082175791263580e-02,9.133073035627603531e-04,-9.540664963424205780e-03,1.042461837641894817e-03,-5.478166509419679642e-03,3.113128244876861572e-03,-8.453753776848316193e-03,-3.529106453061103821e-02,-1.227136142551898956e-02,4.514035955071449280e-02,-3.302247569081373513e-05,-4.166492726653814316e-03,4.511352255940437317e-02,1.333143468946218491e-02,-3.532461356371641159e-03,1.080872770398855209e-02,-1.846407167613506317e-02,-3.938375506550073624e-03,-4.505984857678413391e-02,1.480077765882015228e-02,1.575350202620029449e-02,1.567299105226993561e-02,7.433935534209012985e-03,-1.984619349241256714e-02,2.863541245460510254e-02,3.945085220038890839e-03,-5.441265180706977844e-03,-2.767597907222807407e-04,-1.739057898521423340e-02,7.407098542898893356e-03,1.311002764850854874e-02,-3.884701058268547058e-03,-1.280139852315187454e-02,-1.341194752603769302e-02,-1.149307936429977417e-02,8.628196083009243011e-03,-2.541158115491271019e-03,2.173822373151779175e-02,9.607758373022079468e-03,5.319155380129814148e-02,1.185538340359926224e-02,-3.204375132918357849e-02,1.932286471128463745e-02,1.749792881309986115e-02,2.371076680719852448e-02,-2.220787666738033295e-02,1.977909915149211884e-02,9.988512611016631126e-04,-3.789428621530532837e-02,-3.522397251799702644e-03,-3.339568153023719788e-03,3.531790524721145630e-02,1.298255007714033127e-02,-2.847438864409923553e-02,3.111450932919979095e-03,1.822253502905368805e-02,5.313788075000047684e-03,-1.256657205522060394e-02,3.505623899400234222e-03,3.016513958573341370e-02,-1.367361098527908325e-02,-1.022501662373542786e-02,-1.749792881309986115e-02,-2.265069261193275452e-02,2.339878119528293610e-03,3.451278433203697205e-02,-9.433315135538578033e-03,9.285709820687770844e-03,-2.532100491225719452e-02,9.272291325032711029e-03,6.491275038570165634e-03,-2.890378609299659729e-02,-2.981625497341156006e-02,1.020488794893026352e-02,-2.274462208151817322e-02,-1.355955190956592560e-02,-2.303983271121978760e-02,1.764553226530551910e-02,-6.132326088845729828e-03,2.772629959508776665e-03,1.423719432204961777e-02,-1.745767146348953247e-02,-1.812860555946826935e-02,1.057390123605728149e-02,2.806176431477069855e-03,4.119527526199817657e-03,1.866535097360610962e-02,-2.283855341374874115e-02
2.729157218709588051e-03,6.638046354055404663e-03,-1.380187831819057465e-02,3.677214728668332100e-03,-3.549054497852921486e-03,3.004866093397140503e-02,-4.295012913644313812e-03,-1.032511983066797256e-02,7.834209129214286804e-03,4.285154398530721664e-03,1.420936267822980881e-02,-1.405655639246106148e-03,4.485610406845808029e-03,2.867175790015608072e-04,-2.921397564932703972e-03,-9.963641874492168427e-03,1.470885891467332840e-02,-5.721207242459058762e-03,-1.514263264834880829e-02,-1.578672043979167938e-02,-1.014766655862331390e-02,9.004082530736923218e-04,-3.123167902231216431e-02,-2.178725088015198708e-03,-2.923040650784969330e-03,2.164923213422298431e-02,1.795558631420135498e-02,-1.363757066428661346e-03,-9.943924844264984131e-03,-1.097577903419733047e-02,-1.436709798872470856e-02,-1.561583951115608215e-02,-4.353506863117218018e-02,1.004333098535425961e-04,-3.564827889204025269e-02,-8.026449359022080898e-04,2.408756408840417862e-03,-2.070281840860843658e-02,-2.129432745277881622e-03,1.930948533117771149e-02,1.669370010495185852e-02,-1.031854748725891113e-02,1.096920669078826904e-02,7.361001800745725632e-03,-1.318407990038394928e-02,4.318016115576028824e-03,8.137357654049992561e-04,-2.217501774430274963e-02,-4.043292999267578125e-02,1.384131237864494324e-02,1.558955013751983643e-02,5.116553511470556259e-03,-1.089691184461116791e-02,7.433297112584114075e-03,-7.538454607129096985e-03,8.774051442742347717e-03,7.685510208830237389e-04,8.399428799748420715e-03,-4.818827286362648010e-02,-3.388032549992203712e-03,-5.208565853536128998e-04,1.312492880970239639e-02,-9.589019231498241425e-03,-7.669901009649038315e-03,2.357820980250835419e-03,-1.058760171872563660e-04,-8.747762069106101990e-03,-3.631208557635545731e-03,-1.955923251807689667e-02,-7.742196321487426758e-03,6.298914551734924316e-02,3.107394278049468994e-02,-4.518472123891115189e-03,-1.986484741792082787e-03,3.519787060213275254e-05,-5.657455697655677795e-02,-3.230296773836016655e-03,-2.920740284025669098e-02,-1.086405012756586075e-02,7.163831964135169983e-03,2.109715715050697327e-02,-1.979583688080310822e-02,-1.888885721564292908e-02,8.590025827288627625e-03,2.828727848827838898e-02,-2.155721932649612427e-02,7.729052100330591202e-03,1.405162643641233444e-02,6.342291831970214844e-03,-5.432025063782930374e-03,2.354206144809722900e-02,4.269380867481231689e-02,3.101314941886812449e-04,7.577888667583465576e-03,-1.165930088609457016e-02,-1.764011569321155548e-02,-2.114973589777946472e-02,4.321959614753723145e-02,5.750782787799835205e-03,-1.431451924145221710e-02,-1.012794952839612961e-02,-2.322658896446228027e-02,2.847458934411406517e-03,2.891822019591927528e-03,-8.281126618385314941e-03,-4.550676420331001282e-02,-8.502943092025816441e-04,-2.292097546160221100e-03,3.146828338503837585e-02,-1.800816506147384644e-02,7.389755919575691223e-04,4.300928115844726562e-02,-1.422250736504793167e-02,-2.865532785654067993e-02,-4.521758295595645905e-03,-1.083776075392961502e-02,1.622049324214458466e-02,-1.639137417078018188e-02,-1.702231727540493011e-02,-1.176445838063955307e-02,-1.597074442543089390e-03,4.133990965783596039e-03,1.468256954103708267e-02,-2.397583425045013428e-02,-7.656756322830915451e-03,8.675466291606426239e-03,-1.330895442515611649e-02,-1.121238339692354202e-02,4.939100705087184906e-03,4.130704794079065323e-03,-8.889067103154957294e-04,2.327916771173477173e-02,4.624286293983459473e-02,1.530036795884370804e-02,-4.436317831277847290e-03,2.564520388841629028e-02,-1.225738227367401123e-02,-4.120846744626760483e-03,4.436317831277847290e-03,-2.705168165266513824e-02,1.681200228631496429e-02,-2.666719956323504448e-03,4.107702057808637619e-03,-2.180696837604045868e-02,1.468256954103708267e-02,6.316002458333969116e-03,1.763025647960603237e-03,2.394954487681388855e-02,-6.651191040873527527e-03,1.645545358769595623e-03,1.787671819329261780e-02,-8.787196129560470581e-03,1.938835345208644867e-02,-2.352891676127910614e-02,1.260571554303169250e-02,-1.530036795884370804e-02,-6.033392623066902161e-03,2.187269181013107300e-02,-3.430752456188201904e-02,-2.024275436997413635e-02,-2.635501557961106300e-03,1.119266636669635773e-02,2.288482896983623505e-02,3.959824796766042709e-03,1.950665563344955444e-02,1.959866657853126526e-02,7.242700085043907166e-03,-1.557640498504042625e-03,-1.252027507871389389e-02,-1.401219237595796585e-02,1.766640506684780121e-02,-4.837229847908020020e-03,-3.504362702369689941e-02,1.861281879246234894e-02,-2.496168203651905060e-02,2.978576719760894775e-02,-2.117520343745127320e-04,6.204273086041212082e-03,-2.831356786191463470e-02,7.669901009649038315e-03,-2.557948045432567596e-02,-9.227541275322437286e-03,1.286860834807157516e-02,2.715683914721012115e-02,-1.657539792358875275e-02,-5.993137019686400890e-04,-3.088991856202483177e-03,4.649918526411056519e-03,3.282875288277864456e-03,-1.041713170707225800e-02,2.267451398074626923e-02,1.428822986781597137e-02,-3.932878002524375916e-02,-1.473514828830957413e-02,-6.380937099456787109e-01,-2.447533048689365387e-02,-2.571092732250690460e-02,-1.120375673053786159e-04,1.352584082633256912e-02,-8.626173948869109154e-04,1.397275831550359726e-02,2.593438699841499329e-02,-3.856639191508293152e-02,1.083118841052055359e-02,-1.958552189171314240e-02,3.036413155496120453e-02,-2.087369747459888458e-02,4.567764699459075928e-03,-1.490602828562259674e-02,-1.978269219398498535e-02,-1.114665996283292770e-02,6.966662593185901642e-03,2.954259281978011131e-03,-1.395961456000804901e-02,-3.617406636476516724e-02,-1.669370010495185852e-02,5.313723348081111908e-03,1.255970913916826248e-02,5.445169750601053238e-03,3.473472781479358673e-03,1.736407727003097534e-02,-1.035140920430421829e-02,-2.087369747459888458e-02,2.860274910926818848e-02,-3.517507389187812805e-02,1.632565073668956757e-02,9.874915704131126404e-04,1.120581105351448059e-02,3.346626833081245422e-02,7.683045696467161179e-03,-3.138941526412963867e-02,1.958552189171314240e-02,-6.523030810058116913e-03,4.516500234603881836e-02,2.487624296918511391e-03,-3.280903771519660950e-02,2.130747213959693909e-02,-1.672861544648185372e-04,-1.476143766194581985e-02,1.439338736236095428e-02,3.336111083626747131e-02,5.813219584524631500e-03,1.270430069416761398e-02,-3.815233474597334862e-03,-7.006096187978982925e-03,-1.440653204917907715e-02,-1.032511983066797256e-02,2.243791148066520691e-02,1.630757702514529228e-03,2.376551926136016846e-02,3.393947705626487732e-02,-3.262501209974288940e-02,2.038734592497348785e-02,-1.369672082364559174e-02,6.401442456990480423e-03,2.489596046507358551e-02,-1.668055541813373566e-02,-2.643388323485851288e-02,-1.652117702178657055e-03,-1.275030709803104401e-02,1.689087017439305782e-03,1.540552545338869095e-02,2.111030183732509613e-02,-2.175438962876796722e-02,-1.536609139293432236e-02,4.822442133445292711e-04,7.084964308887720108e-03,1.161329448223114014e-02,-3.555626841261982918e-03,-8.112711366266012192e-04,2.522128866985440254e-03,-1.687772572040557861e-02,-4.741930868476629257e-03,4.446176346391439438e-03,-2.717655617743730545e-03,5.691631697118282318e-03,-2.713054977357387543e-02,-2.338432520627975464e-02,-1.743308734148740768e-03,5.241427570581436157e-03,-2.220130711793899536e-02,-6.697196979075670242e-03,1.727206446230411530e-02,4.025547765195369720e-03,2.359464066103100777e-03,9.779616259038448334e-03,1.455112360417842865e-02,-5.356443114578723907e-03,1.677256822586059570e-02,8.097101934254169464e-03,8.872636244632303715e-04,3.225696086883544922e-02,3.152086213231086731e-02,-2.254306804388761520e-03,1.852080598473548889e-02,-9.365560486912727356e-03,1.368357613682746887e-02,-1.192876603454351425e-02,3.358457004651427269e-03,3.501733765006065369e-02,-3.117910027503967285e-02,-1.019865339912939817e-05,2.799809537827968597e-02,-3.764626756310462952e-02,1.928976853378117085e-03,1.044342108070850372e-02,2.000615186989307404e-02,-1.570785231888294220e-02,-9.753327816724777222e-03,-2.989092469215393066e-02,1.557640545070171356e-02,1.562898419797420502e-02,1.831049285829067230e-02,-3.123167902231216431e-02,5.264430772513151169e-03,-1.623363816179335117e-03,-1.411734987050294876e-02,-2.521143108606338501e-02,1.971696875989437103e-02,2.284539490938186646e-02,-1.236253976821899414e-02,3.093921113759279251e-03,-1.426194095984101295e-03,-1.028568577021360397e-02,1.501118578016757965e-02,7.287063053809106350e-04,3.357142582535743713e-02,-7.439869455993175507e-03,6.634760182350873947e-03,4.584195092320442200e-03,2.447533048689365387e-02,9.340913966298103333e-04,3.238840773701667786e-02,-1.100206840783357620e-02,7.637039292603731155e-03,7.163831964135169983e-03,2.159008057788014412e-03,-3.396576642990112305e-02,-9.142101742327213287e-03,-3.751482069492340088e-02,-1.786357350647449493e-02,-6.513172294944524765e-03,-2.763004601001739502e-02,1.519521046429872513e-02,9.805905632674694061e-03,-1.677256822586059570e-02,-3.338740020990371704e-02,-1.665426604449748993e-02,-3.397891065105795860e-03,-6.795782130211591721e-03,1.863253535702824593e-03,1.332209911197423935e-02,-5.579902324825525284e-03,-2.297684177756309509e-02,1.224423758685588837e-02,1.096263434737920761e-02,-1.197477243840694427e-02,-2.055822685360908508e-02,-8.609742857515811920e-03,-3.338740020990371704e-02,1.180389244109392166e-02,1.410420518368482590e-02,-1.669370010495185852e-02,-3.162601962685585022e-02,4.778078757226467133e-03,-2.694652415812015533e-03,-6.720200181007385254e-03,1.388074643909931183e-02,2.393640018999576569e-02,2.852388191968202591e-03,-1.012794952839612961e-02,-1.698288321495056152e-02,-1.462999079376459122e-02,2.676249854266643524e-02,-2.980548422783613205e-03,3.897387534379959106e-03,-2.886564284563064575e-02,-1.728520914912223816e-02,1.427508518099784851e-02,-1.552382670342922211e-02,-5.343298427760601044e-03,4.078126512467861176e-03,1.770583912730216980e-02,2.049250341951847076e-02,-2.177082002162933350e-03,3.052843967452645302e-03,2.129432745277881622e-03,-9.280120022594928741e-03,1.976954750716686249e-02,5.284147802740335464e-03,1.850766129791736603e-02,-1.914189080707728863e-03,9.398422203958034515e-03,1.979583688080310822e-02,1.539238076657056808e-02,-1.649653166532516479e-02,4.298299178481101990e-02,-3.060073591768741608e-02,1.389389112591743469e-02,-4.001230373978614807e-02,6.263423711061477661e-03,-4.817512817680835724e-03,1.542031299322843552e-03,-1.072603091597557068e-02,-2.230646461248397827e-02,-2.949658595025539398e-02,-2.597382105886936188e-02,1.086405012756586075e-02,-6.329968455247581005e-04,3.890815377235412598e-02,-1.932263001799583435e-02,2.089998684823513031e-02,8.097101934254169464e-03,-6.828643847256898880e-03,1.779785007238388062e-02,-2.542174607515335083e-02,3.112652152776718140e-02,2.040049061179161072e-02,-4.059066623449325562e-02,3.509620577096939087e-02,2.931256033480167389e-02,1.062087435275316238e-02,2.157364971935749054e-03,-1.048942748457193375e-02,-5.432025063782930374e-03,7.098108995705842972e-03,-8.195687085390090942e-03,2.567149326205253601e-02,8.281126618385314941e-03,1.813961192965507507e-02,1.894472166895866394e-03,-3.762654960155487061e-03,1.800816506147384644e-02,-6.010389421135187149e-03,1.920432783663272858e-02,1.719319634139537811e-02,-6.104044732637703419e-04,-2.220130711793899536e-02,-2.548746950924396515e-02,-1.382816769182682037e-02,1.867854222655296326e-02,8.760906755924224854e-03,1.224423758685588837e-02,3.253299975767731667e-03,1.979583688080310822e-02,3.894101362675428391e-03,-1.448540017008781433e-02,-2.297684177756309509e-02,9.713893756270408630e-03,-2.540860138833522797e-02,7.236127741634845734e-03,-1.047463971190154552e-03,-3.558296884875744581e-05,3.357142582535743713e-02,-1.832035020925104618e-03,7.459586486220359802e-03,4.787937272340059280e-03,1.361785363405942917e-02,3.783029317855834961e-02,1.147527620196342468e-02,-5.146950716152787209e-04,3.125139512121677399e-03,-8.616315200924873352e-03,-2.417300455272197723e-02,-1.837621442973613739e-02,1.121238339692354202e-02,1.036455295979976654e-02,4.051837138831615448e-03,8.714900352060794830e-03,1.514263264834880829e-02,-2.313457615673542023e-02,2.427816204726696014e-02,2.954916469752788544e-02,1.978269219398498535e-02,-8.406001143157482147e-03,-4.446176346391439438e-03,1.515577733516693115e-02,-1.308549474924802780e-02,-6.348864175379276276e-03,9.483861736953258514e-03,-4.272009804844856262e-02,9.352415800094604492e-03,-3.982827812433242798e-02,1.318407990038394928e-02,2.418614923954010010e-03,4.784651100635528564e-02,3.861239878460764885e-03,-2.179382368922233582e-02,-1.238882914185523987e-02,-1.512948796153068542e-02,2.268765866756439209e-02,-8.432290516793727875e-03,3.138941526412963867e-02,-3.113638143986463547e-03,-1.928319595754146576e-02,-1.145227230153977871e-03,-3.687073243781924248e-03,-1.708804070949554443e-02,2.539545670151710510e-02,2.190226688981056213e-03,-7.111253682523965836e-03,-7.301850710064172745e-03,-9.023799560964107513e-03,-8.136535994708538055e-03,-3.028526529669761658e-02,-2.318715490400791168e-02,-1.438024267554283142e-02,-1.591816544532775879e-02,1.295404881238937378e-02,-2.243791148066520691e-02,-2.676249854266643524e-02,4.853660706430673599e-03,2.812954224646091461e-02,-6.691446178592741489e-04,-1.771898195147514343e-02,-1.334838848561048508e-02,-2.331860177218914032e-02,5.688345525413751602e-03,9.816421568393707275e-02,2.510627498850226402e-03,-9.513437398709356785e-04,1.451168954372406006e-02,1.416992861777544022e-02,1.943764509633183479e-03,2.781735733151435852e-03,-2.393640018999576569e-02,9.628453291952610016e-03,-6.628187838941812515e-03,-7.003631617408245802e-05,-2.237218804657459259e-02,1.432766392827033997e-02,1.083776075392961502e-02,3.614777699112892151e-02,1.307892240583896637e-02,-2.791922912001609802e-02,-2.136004902422428131e-02,-2.775163389742374420e-03,-1.302634458988904953e-02,-2.402841299772262573e-02,-1.623363792896270752e-02,2.768262475728988647e-02,8.333705365657806396e-03,-9.562729857861995697e-03,-8.484869264066219330e-03,2.476122695952653885e-03,3.002237156033515930e-02,1.074574794620275497e-02,-8.322204230353236198e-04,4.396884236484766006e-03,5.987386219203472137e-03,-1.065537915565073490e-03,1.061430200934410095e-02,-1.289489772170782089e-02,5.905232392251491547e-03,-1.809031935408711433e-03,1.966767711564898491e-03,2.276652678847312927e-02,2.858960535377264023e-03,-8.346850052475929260e-03,2.362092956900596619e-02,1.955923251807689667e-02,-4.797795787453651428e-03,6.794139044359326363e-04,5.606191698461771011e-03,-4.929242189973592758e-03,1.207992993295192719e-02,-4.345620051026344299e-02,-2.881306409835815430e-02,2.713054977357387543e-02,-1.895457878708839417e-02,-1.623363792896270752e-02,-2.016388624906539917e-02,4.232576116919517517e-03,-6.164839025586843491e-03,4.771506413817405701e-03,4.495468921959400177e-03,-3.020639717578887939e-02,2.174124494194984436e-02,-2.968061156570911407e-02,-4.594053607434034348e-03,-1.125510316342115402e-03,5.442705005407333374e-04,-2.076853998005390167e-02,-3.049557795748114586e-03,-1.151471026241779327e-02,4.695616735261864960e-05,-1.326294802129268646e-02,-4.994965624064207077e-03,-1.647024229168891907e-02,-1.440653204917907715e-02,-2.062395028769969940e-02,-8.728045038878917694e-03,2.277967147529125214e-02,7.275561802089214325e-03,2.789293974637985229e-02,-3.749510273337364197e-03,-4.255579318851232529e-03,9.286692366003990173e-03,2.301956061273813248e-03,-3.233582898974418640e-02,6.815499160438776016e-03,-8.353422395884990692e-03,4.539010697044432163e-04,2.059766091406345367e-02,-2.697281353175640106e-02,2.519828639924526215e-02,-2.004558593034744263e-02,-7.492448203265666962e-03,1.854709535837173462e-02,2.697938587516546249e-03,-5.924949422478675842e-03,1.232967805117368698e-02,9.930780157446861267e-03,-9.681032039225101471e-03,1.073917560279369354e-02,2.689394541084766388e-02,-2.000615186989307404e-02,-1.415678393095731735e-02,8.136535994708538055e-03,-8.198972791433334351e-04,1.673477701842784882e-03,-1.140955276787281036e-02,2.359464019536972046e-02,-1.670684479176998138e-02,2.101828902959823608e-02,1.840250380337238312e-02,5.397520144470036030e-04,3.782371990382671356e-03,2.129432745277881622e-02,-3.717305883765220642e-02,9.973499691113829613e-04,-2.022960968315601349e-02,-1.102178543806076050e-02,1.536280498839914799e-03,5.964383017271757126e-03,2.443589642643928528e-02,1.855038222856819630e-03,-8.629459887742996216e-03,4.002544563263654709e-03,-4.761647898703813553e-03,4.600626230239868164e-02,2.964117797091603279e-03,-3.217809274792671204e-02,-1.532172784209251404e-03,7.420152891427278519e-03,-1.135040167719125748e-02,4.994965624064207077e-03,7.591032888740301132e-03,-7.732748781563714147e-05,1.845508255064487457e-02,6.874649785459041595e-03,1.619420386850833893e-02,-4.195770993828773499e-02,-1.234939508140087128e-02,1.239540148526430130e-02,1.462999079376459122e-02,4.971962422132492065e-03,2.999608218669891357e-02,-2.697281353175640106e-02,-1.980898156762123108e-02,-2.682822197675704956e-02,-3.659469634294509888e-02,-2.540860138833522797e-02,-2.075539529323577881e-02,-1.005565468221902847e-02,-1.085747778415679932e-02,1.539238076657056808e-02,4.258865490555763245e-03,-4.968676250427961349e-03,-1.025939639657735825e-02,-2.972332993522286415e-03,5.740924272686243057e-03,-2.702539227902889252e-02,-3.988085687160491943e-02,-2.612498356029391289e-03,8.826630190014839172e-03,1.164615619927644730e-02,5.076462402939796448e-02,2.931256033480167389e-02,-8.918642066419124603e-03,-5.004824139177799225e-03,1.729835383594036102e-02,-1.481401640921831131e-02,1.198134478181600571e-02,-3.338740020990371704e-02,4.078126512467861176e-03,-2.427816204726696014e-02,9.858484379947185516e-03,2.126803807914257050e-02,7.623894605785608292e-03,3.186262026429176331e-02,5.471459124237298965e-03,7.978799752891063690e-03,2.334489114582538605e-02,2.348948270082473755e-02,-1.108257914893329144e-03,-9.378705173730850220e-03,-3.953909501433372498e-02,-7.926221936941146851e-03,4.613770637661218643e-03,4.840516019612550735e-03,-2.480394765734672546e-02,-7.012668531388044357e-03,-2.440960705280303955e-02,-3.884242847561836243e-03,1.307892263866961002e-03,-4.354164004325866699e-03,-1.432766392827033997e-02,2.607897855341434479e-02,-1.679885759949684143e-02,2.530344389379024506e-02,-5.188848823308944702e-03,2.957545407116413116e-02,2.154078800231218338e-03,2.054508216679096222e-02,3.378174034878611565e-03,4.094557370990514755e-03,1.086405012756586075e-02,-1.576043106615543365e-02,1.742980070412158966e-02,-2.994350343942642212e-02,-2.008501999080181122e-02,-2.230646461248397827e-02,1.749552413821220398e-02,-1.395961456000804901e-02,-1.416992861777544022e-02,1.139640808105468750e-02,-2.784036099910736084e-02,-2.458048798143863678e-02,7.025813218206167221e-03,6.253565195947885513e-03,-1.220480352640151978e-02,2.238533273339271545e-02,-1.512948796153068542e-02,-1.461684610694646835e-02,1.098892372101545334e-02,-2.264822460711002350e-02,-1.228367164731025696e-02,1.394646987318992615e-02,-1.745609007775783539e-02,3.801431506872177124e-02,-6.894366815686225891e-03,8.228548802435398102e-03,2.831356786191463470e-02,1.615476980805397034e-02,-1.691715978085994720e-02,-4.656490869820117950e-03,1.971696969121694565e-03,-1.221794821321964264e-02,-3.024911740794777870e-03,1.938835345208644867e-02,1.059458497911691666e-02,4.475751891732215881e-03,1.018710061907768250e-02,-5.178990773856639862e-03,-2.297684177756309509e-02,-2.250363491475582123e-02,6.246992852538824081e-03,1.443282142281532288e-02,-1.431451924145221710e-02,-2.607897855341434479e-02,-8.406001143157482147e-03,1.746923476457595825e-02,-1.374929957091808319e-02,-1.225738227367401123e-02,1.503747515380382538e-02,-1.689087017439305782e-03,-2.715683914721012115e-02,-1.790300756692886353e-02,1.122552808374166489e-02,-3.620035573840141296e-02,1.532665733247995377e-02,-1.202735118567943573e-02,-3.078476153314113617e-02,-1.408120151609182358e-03,-2.225388586521148682e-02,-4.561192356050014496e-03,3.184290602803230286e-03,-2.454105392098426819e-02,2.146520651876926422e-02,-1.326294802129268646e-02,-3.706790274009108543e-03,2.366036362946033478e-02,2.949658595025539398e-02,-2.532973326742649078e-02,-2.807696349918842316e-02,-1.641766354441642761e-02,2.128118276596069336e-02,-7.170404307544231415e-03,5.780357867479324341e-03,-1.292775943875312805e-02,3.094249591231346130e-02,1.735093258321285248e-02,-1.106779184192419052e-02,4.018975421786308289e-03,-1.833678036928176880e-02,-1.028568577021360397e-02,1.969067938625812531e-02,2.038734592497348785e-02,-4.814226645976305008e-03,-1.047463971190154552e-03,1.399904768913984299e-02,-2.091313153505325317e-02,-1.369672082364559174e-02,-1.474829297512769699e-02,6.408014800399541855e-03,2.397583425045013428e-02,-2.530344389379024506e-02,-3.212551400065422058e-02,2.349605492781847715e-04,-3.412350267171859741e-02,2.272380748763680458e-03,1.285546366125345230e-02,-8.622887544333934784e-03,7.485875859856605530e-03,2.936513908207416534e-02,-5.188848823308944702e-03,1.791615225374698639e-02,-1.813961192965507507e-02,-1.961181126534938812e-02,-2.206986024975776672e-02,1.181046478450298309e-02,1.945407595485448837e-03,-5.947952158749103546e-03,2.264822460711002350e-02,-3.220438212156295776e-02,-1.711433008313179016e-02,5.622622556984424591e-03,1.300005521625280380e-02,1.311178412288427353e-02,1.189590431749820709e-02,-2.174124494194984436e-02,-4.597339779138565063e-03,3.742937929928302765e-03,1.723263040184974670e-02,-2.784036099910736084e-02,-3.367658331990242004e-02,3.110023215413093567e-02,-9.562729857861995697e-03,1.764257904142141342e-04,2.891822159290313721e-02,-3.683129698038101196e-02,3.039042092859745026e-02,2.763004601001739502e-02,-1.280288491398096085e-02,2.331860177218914032e-02,-2.975947782397270203e-02,-2.878677472472190857e-02,5.369587801396846771e-03,3.080776426941156387e-03,-3.125796839594841003e-02,-3.549054265022277832e-02,-5.888801533728837967e-03,-1.430137455463409424e-02,2.684793900698423386e-03,-3.401177236810326576e-03,-1.551068201661109924e-02,-1.427508518099784851e-02,7.222983054816722870e-03,2.245105616748332977e-02,1.392018049955368042e-02,1.413049455732107162e-02,-1.323665864765644073e-02,-1.060115732252597809e-02,-5.869906162843108177e-04,-2.398897893726825714e-02,-1.641766354441642761e-02,-3.601633012294769287e-02,-1.623363792896270752e-02,2.151778526604175568e-02,7.742196321487426758e-03,-1.716690696775913239e-02,3.624636214226484299e-03,8.235121145844459534e-03,-5.815191566944122314e-02,1.372301019728183746e-02,5.349870771169662476e-03,7.328140083700418472e-03,1.770583912730216980e-02,7.959082722663879395e-03,2.321344427764415741e-02,1.126496121287345886e-02,6.003817077726125717e-03,2.042677998542785645e-02,-1.313150115311145782e-02,-2.707797102630138397e-02,5.484603345394134521e-03,-3.199406713247299194e-02,1.690401509404182434e-02,5.928235594183206558e-03,-1.760068163275718689e-02,-1.619420386850833893e-02,6.036678794771432877e-03,-4.479038063436746597e-03,3.740966320037841797e-02,1.240197382867336273e-02,3.894101362675428391e-03,-1.226559747010469437e-03,-2.003244124352931976e-02,7.656756322830915451e-03,-5.438597407191991806e-03,-1.991413766518235207e-03,-2.672306634485721588e-02,-8.997510187327861786e-03,1.807388849556446075e-02,2.151778526604175568e-02,-3.480702266097068787e-02,-2.208300493657588959e-02,7.433297112584114075e-03,1.813961192965507507e-02,1.547782099805772305e-03,-3.340383293107151985e-03,-1.881327480077743530e-03,5.343298427760601044e-03,-8.281126618385314941e-03,-1.937520876526832581e-02,5.018625780940055847e-02,-3.080776426941156387e-03,-3.990714624524116516e-02,1.393332518637180328e-02,-2.130747213959693909e-02,-1.961181126534938812e-02,-5.796994446427561343e-05,2.251677960157394409e-02,-1.174474135041236877e-02,-1.468256954103708267e-02,-1.417157123796641827e-03,-1.527407858520746231e-02,5.494461860507726669e-03,-3.033784218132495880e-02,7.295278366655111313e-03,-2.185954712331295013e-02,9.378705173730850220e-03,-1.389389112591743469e-02,-2.333174692466855049e-03,-1.562569756060838699e-03,2.301627583801746368e-02,3.811947256326675415e-02,-1.415678393095731735e-02,-2.894451096653938293e-02,-1.378873363137245178e-02,-4.640060011297464371e-03,1.583929918706417084e-02,-5.731065757572650909e-03,-3.814576193690299988e-02,6.256851367652416229e-03,-2.965432219207286835e-02,8.484869264066219330e-03,8.274554274976253510e-03,-7.367574144154787064e-03,-1.440653204917907715e-02,2.931256033480167389e-02,-2.216187305748462677e-02,-1.019531628116965294e-03,2.075802534818649292e-01,-1.027911342680454254e-02,-1.020024530589580536e-02,1.334838848561048508e-02,-1.482880325056612492e-03,1.171187963336706161e-02,1.008851546794176102e-02,4.584195092320442200e-03,-2.310171490535140038e-03,-7.525309920310974121e-03,-3.425494581460952759e-02,-9.733610786497592926e-03,8.626173948869109154e-04,4.482324235141277313e-03,2.298998646438121796e-02,-4.382425174117088318e-02,-1.555011607706546783e-02,-3.136641113087534904e-03,-5.598797579295933247e-04,-8.787196129560470581e-03,-2.017703140154480934e-03,-1.094291824847459793e-02,2.508984412997961044e-03,-3.726507071405649185e-03,2.256935648620128632e-02,8.938359096646308899e-03,-9.451000951230525970e-03,3.525394201278686523e-02,2.229331992566585541e-02,2.029204741120338440e-03,5.267716944217681885e-03,5.722029018215835094e-04,9.181534871459007263e-03,-5.510892719030380249e-03,7.807919755578041077e-03,-6.348864175379276276e-03,3.297663060948252678e-03,1.589187793433666229e-02,9.779616259038448334e-03,4.091271199285984039e-03,4.119532182812690735e-02,-4.663063213229179382e-03,1.834992505609989166e-02,5.560185294598340988e-03,-6.168125197291374207e-03,2.329231239855289459e-02,1.678571291267871857e-02,-1.336153317242860794e-02,-1.966767711564898491e-03,2.024275436997413635e-02,-3.609519824385643005e-02,-8.221976459026336670e-03,3.635809198021888733e-02,1.292775943875312805e-02,-1.197477243840694427e-02,-8.563736453652381897e-03,3.080776426941156387e-03,1.070631388574838638e-02,8.826630190014839172e-03,-7.899932563304901123e-03,-2.108401246368885040e-02,2.598696574568748474e-02,-1.311835646629333496e-02,3.241469711065292358e-02,-2.163608744740486145e-02,3.657497698441147804e-03,-9.102667681872844696e-03,-1.618105918169021606e-02,-1.747827191138640046e-04,-2.345004864037036896e-02,1.220480352640151978e-02,-2.196470275521278381e-02,-5.251286085695028305e-03,8.057667873799800873e-03,-5.750782787799835205e-03,-1.891514658927917480e-02,3.301935270428657532e-02,2.295383717864751816e-03,-1.581300981342792511e-02,1.132411230355501175e-02,7.163831964135169983e-03,-1.399904768913984299e-02,1.723263040184974670e-02,-9.897918440401554108e-03,-2.040706342086195946e-03,-2.622356824576854706e-02,1.829734817147254944e-02,-2.012773984461091459e-05,-4.690009728074073792e-02,2.118916995823383331e-02,1.478772703558206558e-02,-4.919383674860000610e-03,-1.666741073131561279e-02,-1.438024267554283142e-02,-5.527323577553033829e-03,6.647904869168996811e-03,1.988784968852996826e-02,3.146828338503837585e-02,-6.881222128868103027e-03,-1.095113344490528107e-03,3.972969483584165573e-03,-1.541867014020681381e-02,1.019367296248674393e-02,-9.899561991915106773e-04,8.031378500163555145e-03,1.455112360417842865e-02,2.520485781133174896e-03,3.012752905488014221e-02,-8.765835664235055447e-04,-1.619420386850833893e-02,2.615784481167793274e-02,-7.393863517791032791e-03,2.589495386928319931e-03,-1.430137455463409424e-02,4.521758109331130981e-02,1.144898682832717896e-02,-1.740351133048534393e-02,-9.352415800094604492e-03,6.227276287972927094e-03,-1.068659685552120209e-02,2.655218588188290596e-03,-8.248265832662582397e-03,-3.348598489537835121e-03,2.356835082173347473e-02,-5.425452720373868942e-03,-3.885557502508163452e-02,-5.568072199821472168e-02,2.017703093588352203e-02,1.841564849019050598e-02,-3.577972576022148132e-02,3.851381363347172737e-03,-3.564827889204025269e-02,-1.993056852370500565e-03,-7.347857113927602768e-03,1.071288622915744781e-02,6.335719488561153412e-03,4.968676250427961349e-03,-1.313807349652051926e-02,-9.786188602447509766e-03,1.163958385586738586e-02,1.810017786920070648e-02,1.311835646629333496e-02,1.190247666090726852e-02,1.133068464696407318e-02,1.014766655862331390e-02,-3.401177236810326576e-03,8.419145829975605011e-03,-7.860498502850532532e-03,-2.034791186451911926e-02,-4.390311613678932190e-02,-3.882928565144538879e-02,1.491917297244071960e-02,8.445435203611850739e-03,7.439869455993175507e-03,2.778778225183486938e-02,-1.330895442515611649e-02,-2.868161723017692566e-02,-3.725192695856094360e-02,2.464621141552925110e-02,8.714900352060794830e-03,-4.109016433358192444e-02,2.130747213959693909e-02,-2.939471509307622910e-03,-1.519521046429872513e-02,-5.165846087038516998e-03,1.883627846837043762e-02,-1.660431623458862305e-01,1.727206446230411530e-02,1.674627885222434998e-02,-2.855674363672733307e-03,7.985372096300125122e-03,-2.177082002162933350e-03,3.798802569508552551e-02,-1.092977356165647507e-02,-1.533980201929807663e-02,1.782413944602012634e-02,2.988763852044939995e-03,9.161817841231822968e-03,-4.106387495994567871e-02,-1.895457878708839417e-02,-5.165846087038516998e-03,2.205671556293964386e-02,-1.920432783663272858e-02,2.001477696467190981e-04,3.927620127797126770e-02,1.481401640921831131e-02,3.320337459444999695e-02,7.571316324174404144e-03,-2.429705637041479349e-04,-2.515885233879089355e-02,1.633879542350769043e-02,1.679885759949684143e-02,-6.920656189322471619e-03,1.733450219035148621e-03,-8.621039160061627626e-05,-8.898925036191940308e-03,-2.760375663638114929e-02,2.446218580007553101e-02,1.850766129791736603e-02,-1.353898551315069199e-02,-2.735729562118649483e-03,-1.415678393095731735e-02,-1.547124795615673065e-02,2.190226688981056213e-03,-5.714634899049997330e-03,2.032162249088287354e-02,4.531616810709238052e-03,8.831559098325669765e-04,1.063401903957128525e-02,2.954259281978011131e-03,-6.260137539356946945e-03,4.462607204914093018e-03,1.987470500171184540e-02,-2.133375965058803558e-02,8.103674277663230896e-03,-1.477458234876394272e-02,-1.689087040722370148e-02,-1.645709760487079620e-02,-9.036944247782230377e-03,6.276568397879600525e-03,1.156071573495864868e-02,1.593131013214588165e-02,1.647188444621860981e-03,-2.018935483647510409e-04,-6.536175031214952469e-03,-1.694016274996101856e-03,1.932263025082647800e-03,-1.891514658927917480e-02,2.768262475728988647e-02,6.198522169142961502e-04,7.209838367998600006e-03,-7.834209129214286804e-03,-8.366567082703113556e-03,2.024275436997413635e-02,-4.232576116919517517e-02,2.312143146991729736e-02,-2.551375888288021088e-02,-7.249272428452968597e-03,1.395961456000804901e-02,-4.695924930274486542e-03,1.297376584261655807e-02,5.274289287626743317e-03,-2.785021904855966568e-03,3.069274825975298882e-03,2.680193260312080383e-02,-1.340753864496946335e-02,-5.294006317853927612e-03,4.190513119101524353e-02,-1.537923607975244522e-02,-1.623363792896270752e-02,-1.622542273253202438e-03,3.480702266097068787e-02,1.543181482702493668e-02,-3.647639183327555656e-03,3.286161459982395172e-03,3.396576642990112305e-02,-9.937352500855922699e-03,-2.596067637205123901e-02,-8.563736453652381897e-03,-2.237218804657459259e-02,5.484603345394134521e-03,1.992728374898433685e-02,1.385445706546306610e-02,-9.418139234185218811e-03,-1.561748213134706020e-03,-2.146520651876926422e-02,1.426194142550230026e-02,-1.754810288548469543e-02,-1.856024004518985748e-02,-8.590025827288627625e-03,7.203266024589538574e-03,-7.801347412168979645e-03,1.974325813353061676e-02,2.486967109143733978e-02,2.534287795424461365e-02,8.603170514106750488e-03,-5.330153740942478180e-03,9.181534871459007263e-03,1.006386941298842430e-03,3.199406713247299194e-02,4.948959220200777054e-03,2.501426078379154205e-02,7.952511310577392578e-03,-9.332698769867420197e-03,2.711083274334669113e-03,-3.864526050165295601e-03,6.598612666130065918e-02,8.261409588158130646e-03,1.413049455732107162e-02,5.134627572260797024e-04,-6.730058696120977402e-03,-1.653596386313438416e-02,-1.003199368715286255e-01,-4.620342981070280075e-03,2.781407162547111511e-02,7.577888667583465576e-03,2.510627359151840210e-02,-6.859861896373331547e-04,9.390206541866064072e-04,1.449854485690593719e-02,-1.306577771902084351e-02,1.647024229168891907e-02,-1.487973891198635101e-02,-2.222759649157524109e-02,-6.371867377310991287e-03,-1.264514960348606110e-02,1.416992861777544022e-02,-2.717655617743730545e-03,1.302963006310164928e-03,-2.996979281306266785e-02,4.544761497527360916e-03,4.300763830542564392e-04,-2.028218843042850494e-02,-3.233582945540547371e-03,3.785658162087202072e-03,-3.577972576022148132e-02,3.101315087405964732e-05,-1.329252379946410656e-03,-1.000964827835559845e-02,1.223109290003776550e-02,1.203392352908849716e-02,-5.691631697118282318e-03,8.866063319146633148e-03,1.057486794888973236e-02,-2.607569098472595215e-03,-7.676473353058099747e-03,-8.912069723010063171e-03,-2.596067637205123901e-02,-1.748237945139408112e-02,-9.503578767180442810e-03,4.500726982951164246e-02,4.764934070408344269e-03,-1.902892836369574070e-04,-1.195341232232749462e-03,1.177103072404861450e-02,-9.516723453998565674e-03,1.849451661109924316e-02,-2.762018702924251556e-03,8.642604807391762733e-04,2.642073854804039001e-02,1.909917034208774567e-02,1.498489640653133392e-02,-3.740966320037841797e-02,1.693030446767807007e-02,-4.203657805919647217e-02,-1.060115732252597809e-02,3.599004074931144714e-02,-4.005830734968185425e-03,1.009508781135082245e-02,1.603646762669086456e-02,-1.353898551315069199e-02,3.634494729340076447e-03,3.739651758223772049e-03,8.359994739294052124e-03,1.168559025973081589e-02,2.493539266288280487e-02,-2.341390121728181839e-03,1.309206709265708923e-02,-1.853395067155361176e-02,-8.813485503196716309e-03,9.260402992367744446e-03,-1.106779184192419052e-02,5.826364271342754364e-03,-7.788202725350856781e-03,-2.542174607515335083e-02,2.154407463967800140e-02,-2.931256033480167389e-02,7.538454607129096985e-03,-8.721472695469856262e-03,-1.438024267554283142e-02,1.045656576752662659e-02,-1.183018181473016739e-02,6.368581205606460571e-03,-1.948036625981330872e-02,3.930249065160751343e-02,-1.799502037465572357e-02,4.064324498176574707e-02,-4.377167206257581711e-03,1.010823249816894531e-02,7.150687277317047119e-03,1.472200360149145126e-02,-1.037112530320882797e-02,7.334712427109479904e-03,1.537923607975244522e-02,8.359994739294052124e-03,-3.709419071674346924e-02,-1.485344953835010529e-03,1.819219067692756653e-02,-9.490434080362319946e-03,1.736407727003097534e-02,-1.874426566064357758e-02,2.041363529860973358e-02,-1.065373606979846954e-02,4.689352586865425110e-03,-5.694260820746421814e-02,1.518206577748060226e-02,-2.483023703098297119e-02,8.208831772208213806e-03,2.526400983333587646e-02,-4.301585257053375244e-03,1.590502262115478516e-02,-9.536440484225749969e-03,-1.313807349652051926e-02,1.331717008724808693e-03,-3.436010330915451050e-02,2.918111346662044525e-02,-1.707489602267742157e-02,-6.210845429450273514e-03,-9.740183129906654358e-03,1.331552676856517792e-02,6.687338463962078094e-03,-1.897758222185075283e-03,2.489596046507358551e-02,-1.278316788375377655e-02,-5.077119451016187668e-03,9.017227217555046082e-03,-6.204273086041212082e-03,9.128957055509090424e-03,-2.007187530398368835e-02,2.744602039456367493e-02,-2.372608520090579987e-03,-6.385011598467826843e-03,-1.611533574759960175e-02,-1.006222609430551529e-02,-1.033826451748609543e-02,-3.018010780215263367e-02,-1.018710061907768250e-02,3.887529019266366959e-03,9.661315008997917175e-03,-2.126146573573350906e-03,-3.637780901044607162e-03,-1.979912398383021355e-03,5.244713742285966873e-03,3.170488774776458740e-02,-2.178067900240421295e-02,1.755015691742300987e-04,1.498489640653133392e-02,-5.734351929277181625e-03,1.671998947858810425e-02,-1.664112135767936707e-02,-6.992951501160860062e-03,3.517507389187812805e-02,1.622049324214458466e-02,-2.920740284025669098e-02,1.706175133585929871e-02,2.360778488218784332e-02,-3.026554826647043228e-03,-1.810017786920070648e-02,1.849451661109924316e-02,-2.592124231159687042e-02,2.802438475191593170e-02,1.915832166559994221e-03,1.552382670342922211e-02,-4.195770993828773499e-02,2.287168428301811218e-02,6.986379157751798630e-03,1.803445443511009216e-02,-1.126496121287345886e-02,3.372916206717491150e-02,-2.414671517908573151e-02,9.063233621418476105e-03,-1.444596610963344574e-02,1.401219237595796585e-02,-8.987651672214269638e-04,-3.220438212156295776e-02,-1.735093258321285248e-02,-1.004250999540090561e-02,1.941464282572269440e-02,8.550592698156833649e-03,-1.101521309465169907e-02,-1.558955013751983643e-02,-6.276568397879600525e-03,-1.750866882503032684e-02,4.827371332794427872e-03,5.271003115922212601e-03,-2.019346226006746292e-03,-8.537448011338710785e-03,2.025589905679225922e-02,1.139640808105468750e-02,-6.841788068413734436e-03,2.893465105444192886e-03,-8.885780349373817444e-03,-7.426725234836339951e-03,-5.780357867479324341e-03,-1.436709798872470856e-02,2.614470012485980988e-02,6.611756980419158936e-03,-6.808926817029714584e-03,8.070812560617923737e-03,1.138326339423656464e-02,-1.520835515111684799e-02,2.802438475191593170e-02,1.769269444048404694e-02,1.360470894724130630e-02,-2.694652415812015533e-02,9.615308605134487152e-03,-1.928319595754146576e-02,1.500132726505398750e-03,-4.442890174686908722e-03,1.361785363405942917e-02,-1.728520914912223816e-02,-4.519129171967506409e-02,-5.780357867479324341e-03,2.490910515189170837e-02,3.930249251425266266e-03,-1.449854485690593719e-02,4.069582372903823853e-02,1.031854748725891113e-02,-7.183548994362354279e-03,1.986156031489372253e-02,-2.453119494020938873e-03,-3.358457004651427269e-03,-2.899708971381187439e-02,4.600625950843095779e-03,9.312981739640235901e-03,4.722214303910732269e-03,-1.582615450024604797e-02,-7.045530248433351517e-03,3.990714624524116516e-02,8.425718173384666443e-03,3.885886108037084341e-04,-5.155987571924924850e-03,-7.584460545331239700e-03,2.684793900698423386e-03,6.230561994016170502e-03,-9.299837052822113037e-03,-2.109715715050697327e-02,-8.320560678839683533e-03,-1.370986551046371460e-02,6.477024406194686890e-03,-1.315121818333864212e-02,4.555934295058250427e-02,7.708359589742030948e-06,5.846738442778587341e-02,1.670684479176998138e-02,-6.168125197291374207e-03,8.313988335430622101e-03,3.367658331990242004e-02,2.335803583264350891e-02,-9.786188602447509766e-03,3.346626833081245422e-02,2.936185337603092194e-03,-1.465628016740083694e-02,1.875741034746170044e-02,-3.018339397385716438e-03,4.090613871812820435e-02,1.703546196222305298e-02,-1.905973628163337708e-02,1.275687944144010544e-02,1.587873324751853943e-02,5.892087705433368683e-03,9.904490783810615540e-03,4.406742751598358154e-03,3.704161196947097778e-02,-1.248084101825952530e-02,8.070812560617923737e-03,-3.825091943144798279e-02,-2.786665037274360657e-02,-1.392018049955368042e-02,3.464928641915321350e-02,-1.740351133048534393e-02,9.615308605134487152e-03,-1.643080823123455048e-02,3.729793243110179901e-03,1.813961192965507507e-02,-1.465628016740083694e-02,-2.427816204726696014e-02,1.224423758685588837e-02,-1.908602565526962280e-02,-2.797180600464344025e-02,-1.217851415276527405e-02,2.994350343942642212e-02,6.703769322484731674e-04,-1.073260325938463211e-02,8.129963651299476624e-03,-7.446441799402236938e-03,-7.816956494934856892e-04,3.625293448567390442e-02,1.241511851549148560e-02,4.076894256286323071e-04,1.545810420066118240e-02,-1.799502037465572357e-02
-7.205113302916288376e-03,1.218149811029434204e-02,-2.642540074884891510e-02,-1.281518838368356228e-03,3.141426132060587406e-04,4.090215638279914856e-02,-5.734817590564489365e-03,1.181558705866336823e-02,2.293594414368271828e-03,6.679532583802938461e-03,1.954628154635429382e-02,1.460981369018554688e-02,1.310625392943620682e-02,1.381146349012851715e-02,-3.321470692753791809e-03,-2.521456964313983917e-02,1.289336010813713074e-02,5.887834820896387100e-03,4.321072250604629517e-03,-2.014504373073577881e-02,-9.813058190047740936e-03,3.022089367732405663e-03,-2.311224676668643951e-02,-2.018496207892894745e-02,-6.223807577043771744e-03,1.156942918896675110e-02,2.480208873748779297e-02,-6.250419188290834427e-03,4.064934793859720230e-03,-1.293993089348077774e-02,-1.567594474181532860e-03,-1.826892048120498657e-02,-3.547337278723716736e-02,-3.452865872532129288e-03,-3.145501017570495605e-02,6.972260773181915283e-03,4.217951558530330658e-03,-1.681858301162719727e-02,2.242034301161766052e-03,1.390460412949323654e-02,2.202116698026657104e-02,6.516535766422748566e-03,6.486597936600446701e-03,1.425055600702762604e-02,-2.159538120031356812e-02,9.958590817404910922e-05,-1.474287267774343491e-02,-1.413080375641584396e-02,-3.773536533117294312e-02,2.174174413084983826e-02,1.003260444849729538e-02,1.208170410245656967e-02,-1.254075579345226288e-02,1.971925795078277588e-02,-2.311224676668643951e-02,-5.192604847252368927e-03,1.559444610029459000e-02,1.498237717896699905e-02,-5.503296107053756714e-02,1.069789659231901169e-02,2.139579318463802338e-02,2.111637033522129059e-02,-1.053822692483663559e-02,-1.357195782475173473e-03,-5.392192397266626358e-03,-3.422927809879183769e-03,-1.458320207893848419e-02,-2.470894716680049896e-02,-2.224736660718917847e-02,-3.338102949783205986e-03,4.955095425248146057e-02,4.366977140307426453e-02,-5.482006818056106567e-03,-1.467634364962577820e-02,1.989223295822739601e-03,-3.257270157337188721e-02,4.058281891047954559e-03,-2.099661715328693390e-02,-3.478147089481353760e-02,4.011711105704307556e-03,1.975917443633079529e-02,-2.508151158690452576e-02,-2.802210301160812378e-02,1.200186926871538162e-02,3.536692634224891663e-02,-1.367840543389320374e-02,1.705808937549591064e-02,2.148893475532531738e-02,-2.454927656799554825e-03,-1.675205491483211517e-02,2.823499590158462524e-02,3.110905736684799194e-02,-1.349212322384119034e-02,-1.896082423627376556e-02,-2.907326444983482361e-03,-8.376027457416057587e-03,-3.180096298456192017e-02,2.210100367665290833e-02,2.047436311841011047e-03,-6.469965446740388870e-03,-1.387799251824617386e-02,-1.660569012165069580e-02,-1.645932532846927643e-02,9.147766046226024628e-03,-2.417671494185924530e-02,-3.347749635577201843e-02,7.956893183290958405e-03,-4.640412051230669022e-03,2.818177267909049988e-02,-2.961880341172218323e-02,-7.191807497292757034e-03,2.297918871045112610e-02,-1.278691366314888000e-02,-3.347749635577201843e-02,-1.139645371586084366e-02,-1.499568298459053040e-02,1.498237717896699905e-02,-1.254075579345226288e-02,-9.207642637193202972e-03,-1.636618562042713165e-02,8.003463968634605408e-03,1.874793134629726410e-02,3.619188908487558365e-03,2.318542916327714920e-03,1.680694054812192917e-03,9.580206125974655151e-03,-1.222141552716493607e-02,-1.603353954851627350e-02,-9.121154434978961945e-03,-3.211697563529014587e-03,-5.650824750773608685e-04,1.901404745876789093e-02,4.763491451740264893e-02,2.572019211947917938e-02,-1.233451534062623978e-02,1.377154607325792313e-02,-1.893421262502670288e-02,-1.474287267774343491e-02,-7.950240746140480042e-03,-3.395650908350944519e-02,2.389729209244251251e-02,8.043381385505199432e-03,2.202116884291172028e-03,-1.456989627331495285e-02,2.093008905649185181e-02,3.642474068328738213e-03,4.011711105704307556e-03,3.047037683427333832e-02,-7.604288402944803238e-03,-8.974790573120117188e-03,6.689511705189943314e-03,-1.884107105433940887e-02,1.640610210597515106e-02,-1.359191723167896271e-02,2.361786924302577972e-02,6.578075117431581020e-04,-9.134460240602493286e-03,1.611337438225746155e-02,-3.504758700728416443e-02,-2.142240479588508606e-02,-6.978913675993680954e-03,1.043843291699886322e-02,2.879384160041809082e-02,-1.313951890915632248e-02,1.199521590024232864e-02,2.182158082723617554e-02,-1.579403318464756012e-02,-8.486632141284644604e-04,-1.283348444849252701e-02,-2.882377943024039268e-03,1.781652122735977173e-02,2.033132500946521759e-02,-2.528109960258007050e-02,1.004591025412082672e-02,-2.738342247903347015e-02,1.849512010812759399e-02,1.049165613949298859e-02,6.330254022032022476e-03,-3.560643270611763000e-02,2.303241193294525146e-02,-3.459518775343894958e-02,3.825429361313581467e-03,1.471626106649637222e-02,2.081033587455749512e-02,-9.580206125974655151e-03,2.285278169438242912e-03,1.217484474182128906e-02,1.938661187887191772e-02,8.761896751821041107e-03,-1.367840543389320374e-02,2.468233555555343628e-02,9.473758749663829803e-03,-1.323931198567152023e-02,-2.855433523654937744e-02,-6.339967250823974609e-01,-1.677866652607917786e-02,-3.140178695321083069e-02,-1.716453582048416138e-03,-4.277828149497509003e-03,-5.265786778181791306e-03,1.297984831035137177e-02,7.737346924841403961e-03,-2.420332655310630798e-02,1.246590982191264629e-03,-2.499834867194294930e-03,3.086955286562442780e-02,-1.429047342389822006e-02,1.437030849047005177e-03,-2.392390370368957520e-02,-2.602622658014297485e-02,-3.712329780682921410e-03,-8.988096378743648529e-03,1.274034287780523300e-02,-9.786446578800678253e-03,-2.043777331709861755e-02,-1.234782114624977112e-02,1.078438479453325272e-02,-6.163930986076593399e-03,1.152951177209615707e-02,-1.186215784400701523e-02,2.913979254662990570e-02,5.235848482698202133e-03,-2.281951904296875000e-02,3.810793161392211914e-02,-4.036992415785789490e-02,2.879384160041809082e-02,4.267848562449216843e-03,3.158806636929512024e-02,4.595837742090225220e-02,-8.237147703766822815e-04,-2.791565470397472382e-02,2.964541502296924591e-02,9.028013795614242554e-03,2.524118125438690186e-02,-1.216819230467081070e-02,-2.733019925653934479e-02,2.908656932413578033e-02,3.106913994997739792e-03,-1.579403318464756012e-02,6.716123316437005997e-03,3.209368884563446045e-02,3.045374527573585510e-03,8.555656298995018005e-03,-3.941855393350124359e-03,4.973058123141527176e-03,-1.587386801838874817e-02,-1.663230173289775848e-02,7.125278003513813019e-03,-3.991752397269010544e-03,1.059145014733076096e-02,3.701684996485710144e-02,-2.501498162746429443e-02,2.133924281224608421e-03,-9.979381226003170013e-03,-4.337704274803400040e-03,2.062405459582805634e-02,-1.471626106649637222e-02,-2.039785496890544891e-02,-1.054487936198711395e-02,1.857828116044402122e-03,-5.046240519732236862e-03,2.940591052174568176e-02,1.503560133278369904e-02,-1.130996551364660263e-02,-9.813058190047740936e-03,-2.598797254904638976e-05,-8.781854994595050812e-03,-5.093642394058406353e-04,-7.590982597321271896e-03,-5.661635659635066986e-03,1.914377906359732151e-03,-2.021157369017601013e-02,-3.925223369151353836e-03,-7.065401878207921982e-03,1.990886637941002846e-03,5.891161505132913589e-03,-1.297984831035137177e-02,-2.496175840497016907e-02,2.703746967017650604e-02,-2.200786210596561432e-02,-2.162199281156063080e-02,3.419601358473300934e-03,5.056219641119241714e-03,1.616659690625965595e-03,1.468964945524930954e-02,-2.422993816435337067e-02,1.771007478237152100e-02,-1.315947715193033218e-02,1.514204777777194977e-02,8.662102743983268738e-03,-4.753511864691972733e-03,3.805470839142799377e-02,8.921566419303417206e-03,6.473292130976915359e-03,-2.356797223910689354e-03,-1.341894082725048065e-02,2.905995771288871765e-02,-9.480412118136882782e-03,-1.907725003547966480e-03,2.462911233305931091e-02,-2.884706482291221619e-02,-1.587386801838874817e-02,2.836805395781993866e-02,-3.464841097593307495e-02,7.278295233845710754e-03,1.174905803054571152e-02,1.411749795079231262e-02,-1.786974444985389709e-02,-1.530171744525432587e-02,-3.249286487698554993e-02,7.225072011351585388e-03,1.334575936198234558e-02,1.688511297106742859e-02,-3.600560873746871948e-02,1.321228482993319631e-04,-1.790966279804706573e-02,-5.478680133819580078e-03,-3.017764911055564880e-02,3.193401917815208435e-02,3.616527840495109558e-02,-1.080268062651157379e-03,-8.502433076500892639e-03,2.887367503717541695e-03,-6.320274900645017624e-03,2.865745685994625092e-03,-4.284481052309274673e-03,2.940591052174568176e-02,-8.063339628279209137e-03,2.143571153283119202e-02,-4.354336764663457870e-03,-5.168487550690770149e-04,7.072054781019687653e-03,2.368439733982086182e-02,-1.508882455527782440e-02,-7.557718083262443542e-03,1.385138090699911118e-02,7.810528855770826340e-03,-2.037124335765838623e-02,-2.160868607461452484e-02,-3.821437805891036987e-02,-2.261993009597063065e-03,-2.102322876453399658e-02,-2.094339393079280853e-02,1.532832905650138855e-02,-1.490254304371774197e-03,-7.871236884966492653e-04,-2.863417007029056549e-02,-9.413883090019226074e-03,7.572895265184342861e-05,-9.354006499052047729e-03,2.011843211948871613e-02,1.393121574074029922e-02,-1.011909265071153641e-02,-2.365778572857379913e-02,1.542147062718868256e-02,1.184219866991043091e-02,-4.281154368072748184e-03,-1.806933246552944183e-02,1.360522303730249405e-02,-4.866611678153276443e-03,2.235381305217742920e-02,6.478281575255095959e-04,-2.122281678020954132e-02,-2.401704341173171997e-02,-4.770144354552030563e-03,5.352274980396032333e-03,-2.905995771288871765e-02,1.103054266422986984e-02,2.263323590159416199e-02,4.387601278722286224e-03,-9.360659867525100708e-03,-2.461580745875835419e-02,-3.735614940524101257e-03,3.086955286562442780e-02,-1.219147699885070324e-03,4.197992850095033646e-03,-1.936000026762485504e-02,-1.162265241146087646e-02,9.440494701266288757e-03,7.218419108539819717e-03,-9.553594514727592468e-03,3.885305719450116158e-03,2.138914074748754501e-03,1.554122287780046463e-02,6.210501305758953094e-03,-1.399774570018053055e-02,1.661899685859680176e-02,-7.451271172612905502e-03,9.533635340631008148e-03,1.793627440929412842e-02,2.066397108137607574e-02,-7.457924075424671173e-03,1.896082423627376556e-02,3.105583414435386658e-02,9.367312304675579071e-03,-1.344721647910773754e-03,4.494713246822357178e-02,-2.702416479587554932e-02,6.859161425381898880e-03,-4.215290769934654236e-02,1.003260444849729538e-02,-5.428783129900693893e-03,1.001264620572328568e-02,-1.463642530143260956e-02,-3.406295552849769592e-02,-3.717651963233947754e-02,-1.889429427683353424e-02,1.518196519464254379e-02,3.659106441773474216e-04,3.991752490401268005e-02,-2.029140852391719818e-02,2.671813033521175385e-02,-3.409622004255652428e-03,-2.586322836577892303e-03,1.833545044064521790e-02,-1.515535358339548111e-02,1.172244641929864883e-02,1.946644671261310577e-02,-4.931144788861274719e-02,1.065132580697536469e-02,3.145501017570495605e-02,2.110306546092033386e-02,8.721979334950447083e-03,-8.795160800218582153e-03,9.952769614756107330e-03,1.612667925655841827e-02,-1.116859028115868568e-03,2.279290743172168732e-02,6.709470413625240326e-03,9.566900320351123810e-03,1.542147062718868256e-02,-5.202583968639373779e-03,1.182224042713642120e-02,5.189278163015842438e-04,2.927285060286521912e-02,1.998537406325340271e-02,-6.127340253442525864e-03,-5.355601198971271515e-03,-1.011243928223848343e-02,-1.933338865637779236e-02,2.839466556906700134e-02,4.677003249526023865e-03,1.993215084075927734e-02,1.141641195863485336e-02,2.081033587455749512e-02,1.688511297106742859e-02,-1.109707169234752655e-02,-2.198125049471855164e-02,1.556783448904752731e-02,-4.223274067044258118e-02,1.387133961543440819e-03,5.375559907406568527e-03,1.154281757771968842e-02,2.566696889698505402e-02,8.282885886728763580e-03,-1.290666591376066208e-02,-8.502433076500892639e-03,4.923161584883928299e-03,2.940591052174568176e-02,8.435903117060661316e-03,-5.555188748985528946e-03,6.998872850090265274e-03,-2.389729209244251251e-02,-3.563304245471954346e-02,1.045839115977287292e-02,7.830487564206123352e-03,1.083095464855432510e-02,-7.571023888885974884e-03,-3.981773275882005692e-03,2.815848682075738907e-03,4.627106245607137680e-03,1.313286554068326950e-02,3.339766338467597961e-02,-2.192802727222442627e-02,-2.009182050824165344e-02,-9.167725220322608948e-03,4.826693795621395111e-03,-7.418006658554077148e-03,-1.294658426195383072e-02,6.775999907404184341e-03,-2.892689965665340424e-02,1.999867893755435944e-02,-4.380283132195472717e-02,3.373030805960297585e-03,6.237113266251981258e-04,3.999735787510871887e-02,5.961017217487096786e-03,-1.893421262502670288e-02,-6.722776219248771667e-03,-5.961017217487096786e-03,2.340497449040412903e-02,-1.054487936198711395e-02,1.869470812380313873e-02,-3.188412170857191086e-03,-8.575614541769027710e-03,7.045443169772624969e-03,-2.459501556586474180e-04,-9.339037351310253143e-04,1.551461126655340195e-02,9.167725220322608948e-03,-5.635024048388004303e-03,-7.005525752902030945e-03,-1.689841784536838531e-02,-2.985830791294574738e-02,-4.460117965936660767e-02,-2.202116698026657104e-02,1.067793811671435833e-03,9.247560054063796997e-03,1.010578684508800507e-02,-2.413679659366607666e-02,-2.098331227898597717e-02,-5.295725073665380478e-03,3.653784096240997314e-02,3.131862496957182884e-03,-1.127670053392648697e-02,-2.341828122735023499e-02,-8.356068283319473267e-03,1.567428186535835266e-02,1.051161512732505798e-01,1.247422676533460617e-02,-2.378419274464249611e-03,2.393720857799053192e-02,1.504890713840723038e-02,1.301976572722196579e-02,-2.556384773924946785e-03,-3.762891888618469238e-02,1.343224663287401199e-02,-2.316546998918056488e-02,-1.667222008109092712e-02,-1.382476929575204849e-02,1.129665970802307129e-02,4.840000066906213760e-03,2.530771121382713318e-02,-6.396783515810966492e-03,-2.772604813799262047e-03,-2.333844639360904694e-02,-6.831717910245060921e-04,-1.595370471477508545e-02,-1.327922940254211426e-02,-8.662102743983268738e-03,2.265984751284122467e-02,2.540085092186927795e-02,-1.367840543389320374e-02,1.536824740469455719e-02,-1.170082483440637589e-03,2.436299622058868408e-02,1.633957400918006897e-02,-1.349877659231424332e-02,-1.713127130642533302e-03,1.140144304372370243e-03,1.208170410245656967e-02,1.711131259799003601e-02,-7.990158163011074066e-03,1.447675563395023346e-02,-2.188810845836997032e-03,3.602556651458144188e-03,2.908656932413578033e-02,-4.328556533437222242e-04,7.404700852930545807e-03,6.323601119220256805e-03,7.198460400104522705e-03,-1.333910622633993626e-03,8.262927643954753876e-03,1.148959435522556305e-02,1.964274793863296509e-03,6.496577057987451553e-03,-4.079570993781089783e-02,-2.436299622058868408e-02,1.910718902945518494e-02,-2.385737374424934387e-02,-9.786446578800678253e-03,-2.226067334413528442e-02,3.221676917746663094e-03,-4.677003249526023865e-03,2.712728455662727356e-03,-3.253278322517871857e-03,-2.106314711272716522e-02,2.379084378480911255e-02,-1.246092095971107483e-02,6.395120290108025074e-04,3.632494714111089706e-03,2.712728455662727356e-03,-9.859628975391387939e-03,-1.304637733846902847e-02,6.865814328193664551e-03,-5.279092583805322647e-03,-1.797619275748729706e-02,-1.366509962826967239e-02,-6.599697284400463104e-03,8.615531958639621735e-03,-1.607345603406429291e-02,9.520329535007476807e-03,1.697825454175472260e-02,1.941322349011898041e-02,3.302509710192680359e-02,-7.877058349549770355e-03,-1.556783448904752731e-02,3.442886518314480782e-03,3.090281737968325615e-03,-2.772937342524528503e-02,1.671213656663894653e-02,-3.855367656797170639e-03,-8.954831399023532867e-03,4.103521630167961121e-02,-2.010512724518775940e-02,-2.681127050891518593e-03,-2.269976586103439331e-02,-1.218815054744482040e-02,2.136918157339096069e-02,5.465374328196048737e-03,1.310625392943620682e-02,1.764354668557643890e-02,5.681594368070363998e-03,2.307731920154765248e-04,6.203848402947187424e-03,1.671213656663894653e-02,-7.271642331033945084e-03,-1.748387515544891357e-02,-6.945649161934852600e-03,-2.271972363814711571e-03,1.273369044065475464e-02,-2.663247287273406982e-04,1.048500277101993561e-02,-2.671147696673870087e-03,9.467106312513351440e-03,3.193401917815208435e-02,1.443891669623553753e-04,1.826892048120498657e-02,8.702020160853862762e-03,-2.517465129494667053e-02,-2.972192363813519478e-03,-1.564767025411128998e-02,-1.951966993510723114e-02,7.667491445317864418e-04,6.486597936600446701e-03,2.860755845904350281e-02,-5.708205979317426682e-03,-7.078707683831453323e-03,6.350212730467319489e-03,-2.026479691267013550e-02,4.007719457149505615e-02,-5.688247270882129669e-03,-3.257270157337188721e-02,6.004260852932929993e-03,3.795491298660635948e-03,-2.517465129494667053e-02,-8.063339628279209137e-03,1.436199294403195381e-03,-6.556453183293342590e-03,3.358394280076026917e-02,-7.996810600161552429e-03,-8.109910413622856140e-03,-3.486130386590957642e-02,-2.634556591510772705e-02,-8.968137204647064209e-03,5.927752237766981125e-03,2.343491418287158012e-03,1.711131259799003601e-02,-3.249286487698554993e-02,-3.100261092185974121e-02,-1.327922940254211426e-02,-2.465572394430637360e-02,-4.465440288186073303e-02,-1.657907851040363312e-02,-1.752379350364208221e-02,1.356530562043190002e-02,2.248687297105789185e-02,6.646268069744110107e-03,-1.146298274397850037e-02,-8.968137204647064209e-03,-1.523518841713666916e-02,-1.345885824412107468e-02,-2.349811606109142303e-02,-2.759631536900997162e-02,6.094075273722410202e-03,2.441621944308280945e-02,3.241302818059921265e-02,4.438828676939010620e-02,4.529308527708053589e-02,3.625841811299324036e-03,-5.482006818056106567e-03,2.114298194646835327e-02,-1.550962100736796856e-03,-1.189209637232124805e-03,-3.313154354691505432e-02,6.676205899566411972e-03,-2.015835046768188477e-02,1.772338151931762695e-02,2.999136596918106079e-02,2.489523030817508698e-02,2.525448799133300781e-02,2.735681086778640747e-02,1.949305762536823750e-03,1.961280964314937592e-02,2.102322876453399658e-02,-8.356068283319473267e-03,-6.989724934101104736e-04,-3.406295552849769592e-02,-1.857495494186878204e-02,2.572019211947917938e-02,-5.322336684912443161e-03,-2.224736660718917847e-02,5.565168336033821106e-03,-1.958619803190231323e-02,7.625910220667719841e-04,9.167257303488440812e-06,-2.602955326437950134e-03,-8.655450306832790375e-03,1.719114743173122406e-02,-9.420535527169704437e-03,1.788305118680000305e-02,-7.590982597321271896e-03,2.504159323871135712e-02,7.730694022029638290e-03,3.502097353339195251e-02,2.965539461001753807e-03,-3.769295290112495422e-04,1.900074258446693420e-02,-3.931876271963119507e-03,3.416274907067418098e-03,-2.956558018922805786e-02,-3.579271212220191956e-02,-3.491452708840370178e-02,1.061806175857782364e-02,-1.562105771154165268e-02,-8.489127270877361298e-03,4.048302303999662399e-03,-1.272703707218170166e-02,-1.860156655311584473e-02,-6.925690453499555588e-03,-1.185051514767110348e-03,-2.530771121382713318e-02,1.285344269126653671e-02,-1.093740202486515045e-02,-9.626775979995727539e-03,1.281352527439594269e-02,-1.632626727223396301e-02,-8.196398615837097168e-03,-6.752714514732360840e-03,-1.393121574074029922e-02,3.220013529062271118e-02,-1.012574508786201477e-02,1.018562167882919312e-02,1.227463828399777412e-03,1.351873483508825302e-02,-2.669151872396469116e-02,-5.561841651797294617e-03,-3.321470692753791809e-03,-6.247092504054307938e-03,1.611337438225746155e-02,2.271307073533535004e-02,1.367840543389320374e-02,9.979381226003170013e-03,1.307298894971609116e-02,4.091546405106782913e-03,-1.897412911057472229e-02,-3.020426072180271149e-02,5.887834820896387100e-03,2.828821912407875061e-02,-1.277360785752534866e-02,-2.589316852390766144e-02,-1.322600618004798889e-02,1.361353904940187931e-03,-1.563436351716518402e-02,-5.894487723708152771e-03,1.889429427683353424e-02,-6.839202716946601868e-03,-1.834875531494617462e-02,-2.328522317111492157e-02,1.796288602054119110e-02,-2.807532623410224915e-02,5.022955127060413361e-03,-7.830487564206123352e-03,-2.735681086778640747e-02,1.066463161259889603e-02,-1.329918857663869858e-02,-1.234116777777671814e-02,1.074446737766265869e-02,-1.544808223843574524e-02,1.125674229115247726e-02,-2.985830791294574738e-02,-9.121154434978961945e-03,7.677470333874225616e-03,1.623312756419181824e-02,-3.792164847254753113e-02,-2.158207446336746216e-02,5.491985939443111420e-03,2.234050817787647247e-02,-1.138980034738779068e-02,-3.110240446403622627e-03,-4.394254181534051895e-03,1.721775904297828674e-02,3.020426072180271149e-02,7.138583809137344360e-03,9.289140580222010612e-04,-1.166922319680452347e-02,-1.566097512841224670e-02,1.906727068126201630e-02,1.467634364962577820e-02,-1.057814457453787327e-03,-1.309960056096315384e-02,-1.906061777845025063e-03,-1.667222008109092712e-02,-2.794226631522178650e-02,-7.877058349549770355e-03,5.309030879288911819e-03,1.391790993511676788e-02,-2.399043180048465729e-02,-2.313885837793350220e-02,-1.205841908813454211e-04,-2.630564942955970764e-02,2.166190929710865021e-02,6.533168256282806396e-03,-1.652585528790950775e-02,-8.256274275481700897e-03,2.675804682075977325e-02,-1.556783448904752731e-02,3.536692634224891663e-02,-2.671813033521175385e-02,-9.804741712287068367e-04,-1.716453582048416138e-02,2.802542876452207565e-03,2.160536125302314758e-03,-2.172843925654888153e-02,2.882045321166515350e-02,-4.029008746147155762e-02,-4.770144354552030563e-03,1.013905089348554611e-02,-5.459553212858736515e-04,1.419733278453350067e-02,1.430377922952175140e-02,-1.701817102730274200e-02,1.336571760475635529e-02,-2.182158082723617554e-02,1.592709310352802277e-02,-3.464841097593307495e-02,-2.754309214651584625e-02,3.714990988373756409e-02,-3.073649480938911438e-02,-5.934405140578746796e-03,5.438762716948986053e-03,-1.677866652607917786e-02,8.861690759658813477e-03,8.728631772100925446e-03,-1.850842498242855072e-02,1.574080996215343475e-02,-9.560246951878070831e-03,-1.741734705865383148e-02,1.665891334414482117e-02,1.819573808461427689e-03,-1.083095464855432510e-02,-2.972524985671043396e-02,-1.700486615300178528e-02,1.759697566740214825e-03,1.696494780480861664e-02,4.044975619763135910e-03,-2.095670066773891449e-02,-1.283348444849252701e-02,2.043777331709861755e-02,1.782982796430587769e-02,1.790966279804706573e-02,2.591978013515472412e-02,-2.038455009460449219e-02,-3.778859041631221771e-03,2.493181964382529259e-03,-2.269976586103439331e-02,-1.925355195999145508e-02,-3.691040351986885071e-02,-4.610474221408367157e-03,2.356464602053165436e-02,7.790570147335529327e-03,-1.674872823059558868e-03,1.315947715193033218e-02,-8.183092810213565826e-03,-6.578408181667327881e-02,-4.128137137740850449e-03,1.353869400918483734e-02,-1.061140908859670162e-03,2.508151112124323845e-03,9.207642637193202972e-03,-5.175972357392311096e-03,2.706408128142356873e-02,7.800549501553177834e-04,-9.679999784566462040e-04,-2.369770407676696777e-02,-2.183488570153713226e-02,9.759834967553615570e-03,-4.593176394701004028e-02,6.303642410784959793e-03,1.096401363611221313e-02,4.976384807378053665e-03,-1.725767552852630615e-02,1.624643243849277496e-02,1.285676960833370686e-03,1.507551874965429306e-02,2.127604000270366669e-02,4.430845379829406738e-03,7.850446738302707672e-03,-2.573349699378013611e-02,1.341894082725048065e-02,-7.617594208568334579e-03,-2.304571680724620819e-02,-3.068326972424983978e-02,-7.850446738302707672e-03,1.386468671262264252e-02,2.729360712692141533e-03,-1.280687283724546432e-02,-2.908656932413578033e-02,2.760962117463350296e-03,2.791565470397472382e-02,-2.726034261286258698e-03,-1.528841163963079453e-02,1.423725020140409470e-02,-3.918570466339588165e-03,-4.344357177615165710e-03,-1.339898258447647095e-02,2.536093443632125854e-02,5.358927883207798004e-03,-2.577341534197330475e-02,8.216356858611106873e-03,-2.179496921598911285e-02,-2.207439020276069641e-02,2.295257756486535072e-03,2.132926322519779205e-02,-9.699958376586437225e-03,-1.813586242496967316e-02,2.674474148079752922e-03,-1.608676277101039886e-02,9.121154434978961945e-03,-1.805602759122848511e-02,-3.216687124222517014e-03,-2.404365502297878265e-02,6.190542597323656082e-03,-9.680000133812427521e-03,8.004295523278415203e-04,4.650391638278961182e-03,1.290666591376066208e-02,3.070988133549690247e-02,-1.065132580697536469e-02,-1.856164820492267609e-02,-7.311559747904539108e-03,-9.979381226003170013e-03,2.581333275884389877e-03,-2.582996385172009468e-03,-3.762891888618469238e-02,-3.326460486277937889e-03,-1.210166327655315399e-02,7.211766205728054047e-03,8.023422211408615112e-03,-8.489127270877361298e-03,-7.289106142707169056e-04,2.285943552851676941e-02,-2.167521603405475616e-02,5.724838469177484512e-03,2.241768240928649902e-01,-8.262927643954753876e-03,-1.901072100736200809e-03,4.244563635438680649e-03,-1.500233658589422703e-03,1.087087206542491913e-02,3.185418620705604553e-02,7.777264341711997986e-03,1.003925781697034836e-02,1.512874197214841843e-02,-4.476084932684898376e-02,-1.134322956204414368e-02,-1.533498289063572884e-03,7.757305633276700974e-03,7.045443169772624969e-03,-3.619188815355300903e-02,-2.635887265205383301e-02,1.294824760407209396e-03,-1.953297480940818787e-02,-6.257072091102600098e-03,-4.324398469179868698e-03,-2.136918157339096069e-02,-7.737346924841403961e-03,-8.030075579881668091e-03,3.943851590156555176e-02,1.016566250473260880e-02,-1.390460412949323654e-02,3.507419675588607788e-02,2.268645912408828735e-02,-9.300783276557922363e-03,2.117292024195194244e-03,-1.282017864286899567e-02,9.054625406861305237e-03,-3.901937976479530334e-03,9.267518296837806702e-03,-9.566900320351123810e-03,3.945182077586650848e-03,1.520857680588960648e-02,2.206108532845973969e-02,2.122281817719340324e-03,1.145632937550544739e-02,-1.616659760475158691e-02,3.178432816639542580e-03,-5.272439448162913322e-04,-9.586858563125133514e-03,3.334444016218185425e-02,5.445415619760751724e-03,-3.469498129561543465e-03,5.654982756823301315e-03,1.077107898890972137e-02,-3.656445071101188660e-02,-8.721979334950447083e-03,2.687780000269412994e-02,1.941322349011898041e-02,-1.272703707218170166e-02,-2.960549667477607727e-03,-9.355670044897124171e-05,1.885437779128551483e-02,2.177168382331728935e-03,-1.134988293051719666e-02,-1.720445230603218079e-02,1.864148490130901337e-02,-1.562105771154165268e-02,1.745726354420185089e-02,-1.045173872262239456e-02,9.087889455258846283e-03,-1.617990247905254364e-02,-1.631005143281072378e-04,-1.451168325729668140e-03,-3.084294125437736511e-02,7.218419108539819717e-03,-2.512142807245254517e-02,-9.360659867525100708e-03,-1.488591078668832779e-03,1.644103089347481728e-03,-1.608676277101039886e-02,2.844788879156112671e-02,-1.043676980771124363e-03,-1.684519462287425995e-02,1.430377922952175140e-02,2.195463748648762703e-03,-1.551461126655340195e-02,-8.402639068663120270e-03,-4.257869441062211990e-03,1.015901006758213043e-02,-2.655845880508422852e-02,2.107645384967327118e-02,-1.583395153284072876e-02,-2.602622658014297485e-02,-8.665429195389151573e-04,-2.463243901729583740e-03,-1.510213036090135574e-02,-1.752379350364208221e-02,-6.629635579884052277e-03,-8.994748815894126892e-03,1.162930577993392944e-02,3.089616447687149048e-02,3.025748394429683685e-02,-1.570089347660541534e-02,1.246757339686155319e-02,-7.843793369829654694e-03,-1.856164820492267609e-02,2.018496207892894745e-02,1.790966279804706573e-02,3.146831411868333817e-03,-6.410089321434497833e-03,2.296588197350502014e-02,2.252678945660591125e-02,6.606350187212228775e-03,-1.022553909569978714e-02,3.613866493105888367e-02,-1.583395153284072876e-02,3.732288489118218422e-03,-2.809195779263973236e-03,5.646999180316925049e-02,9.660040959715843201e-03,-2.242034301161766052e-02,-2.940591052174568176e-02,1.655246689915657043e-02,-8.329456672072410583e-03,6.958954967558383942e-03,-2.070388942956924438e-02,-1.995876198634505272e-03,2.098331227898597717e-02,-1.959950476884841919e-02,-2.261993102729320526e-02,-3.882644698023796082e-02,-1.907725003547966480e-03,2.675804682075977325e-02,-2.868739515542984009e-02,1.539319520816206932e-03,-2.722375094890594482e-02,2.638548426330089569e-02,-1.344555243849754333e-02,1.936623593792319298e-04,-2.087353961542248726e-03,1.298650167882442474e-02,-2.711065171752125025e-04,-5.881181918084621429e-03,1.084426045417785645e-02,3.125209594145417213e-03,-1.136984117329120636e-02,3.392989560961723328e-02,9.899546392261981964e-03,4.480741918087005615e-03,1.035859808325767517e-02,1.409088633954524994e-02,-3.918570466339588165e-03,-2.035793662071228027e-02,-5.700222402811050415e-02,-3.962479531764984131e-02,6.014240439981222153e-03,6.104054860770702362e-03,-1.192203443497419357e-02,2.985498169437050819e-03,-4.410886671394109726e-03,-1.490254234522581100e-02,-2.826160751283168793e-02,1.463642530143260956e-02,2.743664570152759552e-02,-3.249286487698554993e-02,2.477547712624073029e-02,3.186749061569571495e-03,-2.541415765881538391e-02,-7.131930906325578690e-03,1.295989006757736206e-02,-1.688245236873626709e-01,1.817577891051769257e-02,2.735681086778640747e-02,-2.039785496890544891e-02,1.611670013517141342e-03,7.531106472015380859e-03,4.052959382534027100e-02,-5.495312623679637909e-03,-1.798949763178825378e-02,1.872131973505020142e-02,9.300783276557922363e-03,1.490254304371774197e-03,-2.130265161395072937e-02,-3.230658173561096191e-02,-7.644205819815397263e-03,2.847450040280818939e-02,7.684123702347278595e-03,1.919367583468556404e-03,4.518663883209228516e-02,-3.689044620841741562e-03,3.438229486346244812e-02,-8.781854994595050812e-03,-4.863284993916749954e-03,-1.382476929575204849e-02,2.019826695322990417e-02,1.897412911057472229e-02,-2.033132500946521759e-02,-1.270707882940769196e-02,-7.411353755742311478e-03,-4.347683861851692200e-03,-1.661899685859680176e-02,-6.919037550687789917e-03,1.764354668557643890e-02,-1.020558085292577744e-02,3.038721624761819839e-03,-1.462311949580907822e-02,-2.852772362530231476e-02,5.987628828734159470e-03,-9.021360427141189575e-03,7.032137364149093628e-03,9.833016432821750641e-03,-1.192203443497419357e-02,8.056687191128730774e-03,2.357795089483261108e-02,-5.362254101783037186e-03,1.566097512841224670e-02,2.905995771288871765e-02,-1.109707169234752655e-02,6.632961798459291458e-03,-1.227463874965906143e-02,-1.212827488780021667e-02,-1.841528527438640594e-02,-6.840034038759768009e-04,6.137319374829530716e-03,1.697825454175472260e-02,1.967933960258960724e-02,-7.151889614760875702e-03,9.487064555287361145e-03,-6.143972277641296387e-03,-1.429047342389822006e-02,5.172645673155784607e-03,-8.735285140573978424e-03,3.512741997838020325e-02,-2.430977299809455872e-02,1.933338865637779236e-02,-9.347354061901569366e-03,-2.587986178696155548e-02,9.187683463096618652e-03,-4.178034141659736633e-02,3.233319520950317383e-02,-2.178166247904300690e-02,-2.142240479588508606e-02,3.148161992430686951e-02,-1.707139424979686737e-02,2.150223962962627411e-02,1.196195185184478760e-02,-3.659106325358152390e-03,1.510213036090135574e-02,2.516134642064571381e-02,-3.945182077586650848e-03,-1.422394439578056335e-02,4.758168756961822510e-02,-2.442952431738376617e-02,-3.412948455661535263e-03,1.684020622633397579e-03,2.401704341173171997e-02,3.399642417207360268e-03,-4.989690613001585007e-03,1.034529134631156921e-02,2.309894002974033356e-02,9.054625406861305237e-03,-9.134460240602493286e-03,2.528109820559620857e-03,-2.219414338469505310e-02,1.884107105433940887e-02,1.475617848336696625e-02,2.705077640712261200e-02,-2.746325731277465820e-02,1.740404032170772552e-02,-8.043381385505199432e-03,-9.746529161930084229e-03,-1.198856346309185028e-02,-1.705808937549591064e-02,1.194199314340949059e-03,1.739073544740676880e-02,-6.200522184371948242e-03,4.066265001893043518e-02,1.800280436873435974e-02,2.228728495538234711e-02,-1.399774570018053055e-02,-1.109166623791679740e-04,-4.497374407947063446e-03,2.425654977560043335e-02,1.281352527439594269e-02,3.303175093606114388e-03,1.611337438225746155e-02,9.161071851849555969e-03,-1.291997171938419342e-02,5.338968709111213684e-03,-7.278295233845710754e-03,5.266452208161354065e-02,8.655450306832790375e-03,1.535494066774845123e-02,-5.791367497295141220e-03,-5.442089401185512543e-03,-2.605283819139003754e-02,-9.915512800216674805e-02,4.051628522574901581e-03,1.643271371722221375e-02,-8.549003396183252335e-04,2.722375094890594482e-02,1.090413704514503479e-02,7.105319295078516006e-03,1.142971776425838470e-02,-2.764288568869233131e-03,1.111037749797105789e-02,-3.741602599620819092e-02,-1.162265241146087646e-02,-2.439958741888403893e-03,-3.381347050890326500e-03,2.114381350111216307e-04,-1.987560186535120010e-03,1.118355989456176758e-02,-1.616659760475158691e-02,-4.460783209651708603e-03,1.995876245200634003e-02,-2.215422689914703369e-02,2.908989554271101952e-03,1.807931228540837765e-03,-3.989091143012046814e-02,1.386468671262264252e-02,6.436700932681560516e-03,-3.249286487698554993e-02,4.979711025953292847e-03,1.719114743173122406e-02,8.108247420750558376e-04,5.255807191133499146e-03,1.345220580697059631e-02,1.619986258447170258e-03,2.837470732629299164e-03,-1.644934643991291523e-03,-3.957157209515571594e-02,-1.531502325087785721e-02,-1.917704357765614986e-03,4.082232341170310974e-02,-9.926158003509044647e-03,-6.679532583802938461e-03,1.724769710563123226e-03,4.341030959039926529e-03,-1.608676277101039886e-02,7.604288402944803238e-03,-1.941322349011898041e-02,-1.697825454175472260e-02,3.116228058934211731e-02,2.844788879156112671e-02,1.583395176567137241e-03,-3.033731877803802490e-02,1.164261158555746078e-02,-3.329121693968772888e-02,-2.568027377128601074e-02,2.292596548795700073e-02,-1.743065193295478821e-02,-9.804741712287068367e-04,1.264720223844051361e-02,-1.930677518248558044e-02,-1.331914775073528290e-02,-6.050831638276576996e-03,6.017566658556461334e-03,1.029872149229049683e-02,2.543078968301415443e-03,3.796322853304445744e-04,1.978578604757785797e-02,-1.744395866990089417e-02,-2.558713406324386597e-02,1.558114029467105865e-02,-2.441621944308280945e-02,1.739073544740676880e-02,-2.641209634020924568e-03,-2.372431568801403046e-02,2.333512064069509506e-03,-3.055021166801452637e-02,-6.661236984655261040e-04,8.956494857557117939e-04,-2.180827409029006958e-02,9.699958376586437225e-03,-1.760362833738327026e-02,3.384673502296209335e-03,-1.961280964314937592e-02,2.055752463638782501e-02,-7.690776605159044266e-03,2.585325017571449280e-02,-4.810061771422624588e-03,3.248288528993725777e-03,1.037855632603168488e-02,1.542147062718868256e-02,-1.825561374425888062e-02,1.071785576641559601e-02,2.905995771288871765e-02,-1.335573848336935043e-03,-2.167521603405475616e-02,1.345885824412107468e-02,2.319208160042762756e-02,-3.369038924574851990e-02,1.892755972221493721e-03,-1.761693507432937622e-02,1.273369044065475464e-02,-1.914710551500320435e-02,-1.003260444849729538e-02,-7.099997252225875854e-02,2.376423217356204987e-02,-9.480412118136882782e-03,2.163529768586158752e-02,-2.827491378411650658e-03,-2.010512724518775940e-02,3.316480899229645729e-03,-2.059744298458099365e-02,-3.725635586306452751e-03,-4.843326285481452942e-03,-1.075111981481313705e-02,2.625242620706558228e-02,-2.030471339821815491e-02,-1.829553209245204926e-02,-9.833016432821750641e-03,3.669085912406444550e-03,-9.473758749663829803e-03,2.135587623342871666e-03,2.280621230602264404e-02,-2.399209479335695505e-04,-2.263323590159416199e-02,9.194336831569671631e-03,-4.810061771422624588e-03,1.531502325087785721e-02,7.189312600530683994e-04,3.675738815218210220e-03,1.430377922952175140e-02,9.739875793457031250e-03,-1.671213656663894653e-02,-1.246092095971107483e-02,-3.010446671396493912e-03,-2.010512724518775940e-02,-5.555188981816172600e-04,-5.871202796697616577e-03,1.534163486212491989e-02,-2.432307787239551544e-02,-2.442869299557060003e-04,-1.261393819004297256e-02,-3.812123555690050125e-03,1.599362120032310486e-02,-1.611337438225746155e-02,-2.815516106784343719e-02,9.939463809132575989e-03,-1.508882455527782440e-02,1.741734705865383148e-02,-3.928549587726593018e-03,-5.658308975398540497e-03,1.606015115976333618e-02,1.399774570018053055e-02,-2.783581987023353577e-02,1.483601331710815430e-02,1.310625392943620682e-02,9.330721222795546055e-04,-1.404597889631986618e-03,2.304571680724620819e-02,-1.643271371722221375e-02,2.454927749931812286e-02,4.806735087186098099e-03,1.753709837794303894e-02,-3.890627995133399963e-02,2.134256996214389801e-02,1.888098940253257751e-02,3.097599931061267853e-02,8.524055010639131069e-04,1.608676277101039886e-02,-1.922694034874439240e-02,2.093008905649185181e-02,2.147562801837921143e-02,-7.930281572043895721e-03,-1.688511297106742859e-02,-5.724838469177484512e-03,-1.818908564746379852e-02,1.264054980129003525e-02,2.019826695322990417e-02,1.286674849689006805e-02,-6.938996259123086929e-03,-4.201319534331560135e-03,-1.740404032170772552e-02,-6.413415540009737015e-03,3.815450007095932961e-03,2.078372426331043243e-02,-7.078707683831453323e-03,-8.322804234921932220e-03,7.012178655713796616e-03,2.850111201405525208e-02,-3.047037636861205101e-03,-7.280790014192461967e-04,8.196398615837097168e-03,8.555656298995018005e-03,5.472027231007814407e-03,-1.057814434170722961e-02,1.782982796430587769e-02,1.479443279094994068e-03,-2.163529768586158752e-02,-1.872797147370874882e-03,2.190141566097736359e-02,-1.498570432886481285e-03,2.335175126791000366e-02,1.752379350364208221e-02,2.327191643416881561e-02,-1.955958642065525055e-02,1.030537392944097519e-02,-1.867807470262050629e-03,8.788508363068103790e-03,-1.769676920957863331e-03,1.924024708569049835e-02,-2.058413624763488770e-02,-1.511543616652488708e-02,9.373965673148632050e-03,2.701085805892944336e-02,8.509085513651371002e-03,-3.595903748646378517e-03,4.031670093536376953e-02,1.782982796430587769e-02,-8.083298802375793457e-03,2.562705054879188538e-02,6.423395127058029175e-03,8.747551328269764781e-05,-3.070988133549690247e-02,4.657044541090726852e-03,9.480412118136882782e-03,-2.889030845835804939e-03,5.525250919163227081e-03,-5.571821238845586777e-04,2.823499590158462524e-02,1.252744998782873154e-02,-3.303175093606114388e-03,-1.955958642065525055e-02,2.420000033453106880e-03,3.351408755406737328e-03,2.492184191942214966e-02,-1.591711305081844330e-03,-2.070388942956924438e-02,-1.723106391727924347e-02,-1.291331928223371506e-02,2.248687297105789185e-02,-3.462845226749777794e-03,4.880582541227340698e-02,4.324398469179868698e-03,5.604420602321624756e-02,1.415741536766290665e-02,-2.216753177344799042e-02,-7.610941305756568909e-03,2.812854945659637451e-02,8.662102743983268738e-03,-1.017896831035614014e-02,2.943252213299274445e-02,-6.336906924843788147e-03,-1.790966279804706573e-02,2.140909992158412933e-02,8.615532424300909042e-04,2.988491952419281006e-02,-5.600927397608757019e-04,-1.723106391727924347e-02,1.532832905650138855e-02,5.648329854011535645e-03,1.647263206541538239e-02,7.664164528250694275e-03,2.685118839144706726e-02,2.568027377128601074e-02,-1.411749795079231262e-02,-4.736047994811087847e-04,-3.065665811300277710e-02,-2.025149017572402954e-02,2.571353921666741371e-03,4.704945534467697144e-02,-2.602622658014297485e-02,1.449006143957376480e-02,-3.872000053524971008e-02,-6.486597936600446701e-03,1.174905803054571152e-02,-2.116959355771541595e-02,-1.731090061366558075e-02,1.263223355636000633e-03,-2.707738801836967468e-02,-3.782185493037104607e-03,-1.177566964179277420e-02,2.371100895106792450e-02,3.822102909907698631e-03,-1.551461126655340195e-02,4.766817670315504074e-03,1.989223295822739601e-03,-1.456989627331495285e-02,2.399043180048465729e-02,1.605848781764507294e-03,-3.925223369151353836e-03,2.339166961610317230e-02,-1.474287267774343491e-02
-5.239111836999654770e-03,9.772641584277153015e-03,-1.950571686029434204e-02,-5.222626030445098877e-03,-1.312250737100839615e-02,3.640012070536613464e-02,-2.012557536363601685e-02,-2.495914231985807419e-03,-6.280999165028333664e-03,1.793629117310047150e-02,5.746867042034864426e-03,1.889904960989952087e-02,2.724239311646670103e-04,1.524090301245450974e-03,1.127612427808344364e-03,-1.614266261458396912e-02,1.665701158344745636e-02,1.681527309119701385e-02,8.935174904763698578e-03,-2.124659344553947449e-02,-2.914647385478019714e-02,4.919291939586400986e-03,-2.780125290155410767e-02,-6.442558020353317261e-03,-2.167851431295275688e-03,4.794001579284667969e-03,1.106510963290929794e-02,-9.792423807084560394e-03,-1.793629140593111515e-03,-8.519738912582397461e-03,-8.156232070177793503e-04,-1.494251377880573273e-02,-3.402620181441307068e-02,-3.758708247914910316e-03,-2.906734310090541840e-02,2.869806624948978424e-02,3.341623581945896149e-03,2.621204475872218609e-04,3.689468838274478912e-03,-6.950313225388526917e-03,1.066945586353540421e-02,3.442185465246438980e-03,-7.280024234205484390e-03,2.231485769152641296e-02,-1.982223987579345703e-02,-1.843085861764848232e-03,-1.731643453240394592e-02,-9.746264666318893433e-03,-2.859256044030189514e-02,-3.168525174260139465e-03,-1.024577650241553783e-03,1.210699696093797684e-02,-8.453796617686748505e-03,3.252271935343742371e-02,-1.032655593007802963e-02,-1.810774207115173340e-02,7.946041412651538849e-03,1.508758682757616043e-02,-3.650562837719917297e-02,1.340605970472097397e-02,7.088792044669389725e-03,1.553599443286657333e-02,-3.550990251824259758e-03,-3.036640584468841553e-03,-1.279939059168100357e-02,-1.330055203288793564e-02,-2.515696920454502106e-03,-1.432265620678663254e-02,-1.442816387861967087e-02,-1.303018815815448761e-02,4.333724826574325562e-02,3.415808454155921936e-02,-1.158605329692363739e-02,-1.367642264813184738e-02,1.523265987634658813e-02,-3.473837673664093018e-02,4.005991853773593903e-03,-8.519738912582397461e-03,-2.898821234703063965e-02,-6.623899098485708237e-03,2.558559365570545197e-02,-1.676251925528049469e-02,-2.089050412178039551e-02,1.033315062522888184e-02,2.484703995287418365e-02,-1.705266535282135010e-02,1.638005487620830536e-02,1.866165734827518463e-02,-3.930157981812953949e-03,-2.095644734799861908e-02,1.363685727119445801e-02,3.165227919816970825e-02,1.709552831016480923e-03,-1.726368069648742676e-02,-7.187705021351575851e-03,1.040568668395280838e-02,-2.141804248094558716e-02,2.520312741398811340e-02,-1.211688853800296783e-03,-7.827345281839370728e-03,-1.947933994233608246e-02,-1.163880713284015656e-02,-2.098282426595687866e-02,1.788683584891259670e-03,-3.035981208086013794e-02,-2.668023481965065002e-02,3.765302477404475212e-03,-6.983284372836351395e-03,3.552968427538871765e-02,-1.897818036377429962e-02,2.225550822913646698e-03,2.296109125018119812e-02,-1.660425774753093719e-02,-3.734968975186347961e-02,-6.778863258659839630e-03,-1.516671758145093918e-02,1.192235853523015976e-02,-1.623498275876045227e-02,9.330828674137592316e-03,-1.726368069648742676e-02,5.272082984447479248e-03,1.717136241495609283e-02,1.070902124047279358e-02,-1.194214168936014175e-02,6.063390057533979416e-03,1.068923901766538620e-02,-2.691762708127498627e-02,-1.138163264840841293e-02,-1.334671117365360260e-02,5.466612521559000015e-03,9.245103225111961365e-03,7.359154988080263138e-03,4.280970990657806396e-02,2.843429893255233765e-02,3.407874828553758562e-05,9.119813330471515656e-03,-1.672295480966567993e-02,-1.911006309092044830e-02,-1.500845607370138168e-02,-3.687490522861480713e-02,2.604718878865242004e-02,1.337308809161186218e-02,-5.855671595782041550e-03,-1.848031533882021904e-03,1.457323692739009857e-02,1.800223439931869507e-02,8.020226377993822098e-04,3.471200168132781982e-02,-8.196621201932430267e-03,-8.038360625505447388e-03,2.398649230599403381e-03,-2.893216209486126900e-03,3.795636072754859924e-02,-8.875826373696327209e-03,7.293212693184614182e-03,1.359729189425706863e-02,-1.419077254831790924e-02,1.236417144536972046e-02,-1.635367795825004578e-02,-2.081137336790561676e-02,-1.503483299165964127e-02,1.630092412233352661e-02,3.252271935343742371e-02,-1.504307612776756287e-03,1.005619298666715622e-02,3.727056086063385010e-02,-7.794374134391546249e-03,-1.322142127901315689e-02,-1.371598802506923676e-02,-3.679577494040131569e-03,1.086068898439407349e-02,2.877719700336456299e-02,-2.546689659357070923e-02,1.913644000887870789e-02,-2.782762981951236725e-02,1.667020097374916077e-02,7.471256889402866364e-03,3.583961166441440582e-03,-2.759023755788803101e-02,2.086412720382213593e-02,-4.014564305543899536e-02,-4.846755415201187134e-03,2.682530693709850311e-02,1.908368617296218872e-02,-1.221250463277101517e-02,-3.150390926748514175e-03,1.016829535365104675e-02,1.608990877866744995e-02,1.953209377825260162e-02,-2.040253207087516785e-02,1.959803700447082520e-02,5.331431049853563309e-03,-2.293471433222293854e-02,-1.971673220396041870e-02,-6.376879215240478516e-01,-1.579976268112659454e-02,-2.464921213686466217e-02,8.434013463556766510e-03,-2.324464265257120132e-03,1.838140189647674561e-03,1.210040319710969925e-02,-4.843458067625761032e-03,-2.319848351180553436e-02,2.032669959589838982e-03,-8.877475629560649395e-04,2.753748372197151184e-02,-1.088706590235233307e-02,-8.519738912582397461e-03,-1.533816754817962646e-02,-1.495570223778486252e-02,-1.649875007569789886e-02,-1.223888155072927475e-02,4.579689353704452515e-03,-6.772269029170274734e-03,-1.751426234841346741e-02,-7.108574733138084412e-03,1.092003658413887024e-02,-2.008600905537605286e-02,1.784397289156913757e-02,-3.831244772300124168e-03,2.648240700364112854e-02,6.877776701003313065e-03,-1.154648791998624802e-02,2.380515262484550476e-02,-2.890908159315586090e-02,3.980274125933647156e-02,5.700707435607910156e-03,2.333036810159683228e-02,5.591902881860733032e-02,5.872157402336597443e-03,-3.283923864364624023e-02,4.294159263372421265e-02,1.787034980952739716e-02,1.912325248122215271e-02,-6.389804184436798096e-03,-2.090369351208209991e-02,1.725049316883087158e-02,-1.694715768098831177e-02,-1.099916733801364899e-02,6.910747848451137543e-03,2.205108851194381714e-02,1.008256990462541580e-02,-2.235442167147994041e-03,-8.842855691909790039e-03,-1.024083141237497330e-02,-2.180050872266292572e-02,-8.275751955807209015e-03,1.759339310228824615e-02,-1.129590719938278198e-02,7.860315963625907898e-03,3.239083290100097656e-02,-2.123340405523777008e-02,6.261216476559638977e-03,-9.304451756179332733e-03,-8.908797986805438995e-03,2.335674501955509186e-02,2.360732527449727058e-03,-1.492932531982660294e-02,7.688866462558507919e-03,1.577462244313210249e-04,-1.019467227160930634e-02,3.708592057228088379e-02,1.064967364072799683e-02,-8.645028807222843170e-03,2.382163889706134796e-03,8.968145586550235748e-03,-1.083431206643581390e-02,-1.008256990462541580e-02,-1.486338302493095398e-02,-5.819403566420078278e-03,3.011912340298295021e-03,-6.963501684367656708e-03,-4.243383649736642838e-03,3.725737100467085838e-03,3.890592837706208229e-03,6.498608738183975220e-03,-7.939446717500686646e-03,-1.852977275848388672e-02,3.737606853246688843e-02,-2.503167837858200073e-02,-3.721780702471733093e-02,9.825395420193672180e-03,1.615585200488567352e-02,1.001003384590148926e-02,2.066630125045776367e-02,-1.845064200460910797e-02,9.911119937896728516e-03,-2.670661173760890961e-02,1.286533288657665253e-02,1.495570223778486252e-02,-3.185010747984051704e-03,2.143123187124729156e-02,8.631840348243713379e-03,5.370996426790952682e-03,-3.161930944770574570e-03,-1.138163264840841293e-02,2.793313749134540558e-02,1.293292385526001453e-03,-7.082197815179824829e-03,1.399294566363096237e-02,-2.517675049602985382e-02,-1.932107843458652496e-02,4.365376755595207214e-02,-4.431319236755371094e-02,1.208391739055514336e-03,1.165858935564756393e-02,1.053757127374410629e-02,-1.508428977103903890e-04,8.763724938035011292e-03,-2.645603008568286896e-02,-9.742967667989432812e-04,2.106195501983165741e-02,4.609363153576850891e-03,-3.286561742424964905e-02,1.093981880694627762e-02,-1.111786346882581711e-02,8.402485400438308716e-05,-2.582298591732978821e-02,1.685483939945697784e-02,4.811146482825279236e-02,-1.941999304108321667e-03,-1.976948603987693787e-02,-8.750536479055881500e-03,-1.241033151745796204e-02,-6.280999165028333664e-03,-7.364925113506615162e-04,1.809455268085002899e-02,-7.115168962627649307e-03,3.283923864364624023e-02,-8.671405725181102753e-03,-1.008256990462541580e-02,2.281601913273334503e-02,2.058717049658298492e-02,-1.817368343472480774e-02,-1.024742517620325089e-02,5.934802349656820297e-03,6.356833036988973618e-03,-2.100260695442557335e-03,-1.035293284803628922e-02,-2.484703995287418365e-02,-1.721092686057090759e-02,-2.244674228131771088e-02,-2.740559913218021393e-02,7.088792044669389725e-03,-4.306029062718153000e-03,-9.996845386922359467e-03,-3.634736686944961548e-02,-1.033315062522888184e-02,-3.371297614648938179e-03,-9.871554560959339142e-03,1.301040593534708023e-02,7.312995381653308868e-03,-1.070902124047279358e-02,-3.305025398731231689e-02,1.082771737128496170e-02,-5.875454284250736237e-03,-3.051477717235684395e-03,-2.410848625004291534e-02,2.492617070674896240e-02,-1.767252385616302490e-02,1.155967637896537781e-02,-3.600446740165352821e-03,-3.008615225553512573e-03,-1.015510689467191696e-02,1.363356015644967556e-03,1.221250463277101517e-02,-2.875082008540630341e-02,1.358410343527793884e-03,2.201152220368385315e-02,2.708578016608953476e-03,-2.028383687138557434e-02,-1.899136789143085480e-02,-1.272685453295707703e-02,2.660110406577587128e-02,-3.016857896000146866e-03,4.770921543240547180e-03,-2.298746816813945770e-02,-1.097279042005538940e-02,9.614380076527595520e-03,1.307634823024272919e-02,2.518169640097767115e-04,5.786432418972253799e-03,1.070902124047279358e-02,1.986180618405342102e-02,-1.146076340228319168e-02,-9.833638323470950127e-04,2.451732940971851349e-02,-1.806817576289176941e-02,-1.986510353162884712e-03,1.631411351263523102e-02,-1.206083782017230988e-02,5.338025279343128204e-03,2.140485495328903198e-02,3.170503303408622742e-02,-1.164540089666843414e-02,-1.885948353447020054e-03,5.649932101368904114e-02,-2.662748098373413086e-02,2.518993988633155823e-02,-4.249318689107894897e-02,1.714498549699783325e-02,-1.179047394543886185e-02,1.123655959963798523e-02,-1.511396374553442001e-02,-3.679577633738517761e-02,-4.497261345386505127e-02,-8.183432742953300476e-03,8.427419699728488922e-03,1.119699422270059586e-02,3.410533070564270020e-02,-4.408239386975765228e-03,1.940020918846130371e-02,1.358410343527793884e-02,-6.261216476559638977e-03,2.194558084011077881e-02,-2.916296012699604034e-03,4.197224043309688568e-03,-3.156985156238079071e-03,-3.969723358750343323e-02,-2.120043383911252022e-03,2.336993254721164703e-02,1.566952676512300968e-03,6.709624081850051880e-03,-1.623827847652137280e-03,1.634049043059349060e-02,1.106510963290929794e-02,-4.886320792138576508e-03,1.031996216624975204e-02,-1.419077254831790924e-02,4.137875977903604507e-03,2.970698289573192596e-03,-1.893861405551433563e-02,1.097279042005538940e-02,2.825625473633408546e-03,1.892542652785778046e-02,2.282920666038990021e-02,-9.106624871492385864e-03,2.242036396637558937e-03,8.724159561097621918e-03,5.311648361384868622e-03,2.956850454211235046e-02,3.903781296685338020e-03,2.608675323426723480e-02,1.471830997616052628e-02,1.312250737100839615e-02,1.595802418887615204e-02,-2.247311919927597046e-02,-2.930473536252975464e-02,1.420396100729703903e-02,-2.391066029667854309e-02,3.920266870409250259e-03,-1.148714032024145126e-02,3.323489427566528320e-02,1.631411351263523102e-02,-7.286618463695049286e-03,-1.419077254831790924e-02,-1.630422077141702175e-03,3.996100276708602905e-03,4.710914194583892822e-02,7.906476035714149475e-03,4.098310600966215134e-03,4.823675379157066345e-03,-2.602081187069416046e-02,-1.091344188898801804e-02,1.909687556326389313e-02,8.328505791723728180e-03,1.824951730668544769e-03,-1.859571412205696106e-02,-8.209809660911560059e-03,-5.736975930631160736e-03,-4.603593260981142521e-04,9.700104594230651855e-03,3.402620181441307068e-02,-1.842426508665084839e-02,-3.447460755705833435e-02,-1.859571412205696106e-02,1.711860857903957367e-02,4.029071424156427383e-03,-1.204105466604232788e-02,-1.053757127374410629e-02,-3.109836578369140625e-02,2.666704542934894562e-02,-4.344275593757629395e-02,-2.680552424862980843e-03,-3.788382280617952347e-03,3.165227919816970825e-02,1.317526120692491531e-02,-1.547005213797092438e-02,-7.326183840632438660e-03,-1.310931891202926636e-02,2.451732940971851349e-02,-1.481062918901443481e-02,1.798904500901699066e-02,2.627386420499533415e-04,-5.097336135804653168e-03,1.232460606843233109e-02,-3.036640584468841553e-03,-2.045858185738325119e-03,3.953897207975387573e-02,2.081137336790561676e-02,7.504228036850690842e-03,8.959902916103601456e-04,-1.574700884521007538e-02,-3.376243263483047485e-02,-3.352503851056098938e-02,-1.565469056367874146e-02,3.475156612694263458e-03,2.111800480633974075e-03,1.420231186784803867e-03,-1.514034066349267960e-02,-3.181054070591926575e-02,7.326183840632438660e-03,2.652197331190109253e-02,-6.818428635597229004e-03,-1.456004846841096878e-02,-3.550330549478530884e-02,-1.773846568539738655e-03,2.925198152661323547e-02,1.026061400771141052e-01,2.397660166025161743e-02,-1.717136241495609283e-02,1.814730651676654816e-02,1.075518131256103516e-02,2.162905782461166382e-02,7.022849749773740768e-03,-3.059720434248447418e-02,2.222253754734992981e-02,-3.241721168160438538e-02,-6.831617094576358795e-03,-7.919664494693279266e-03,1.603715494275093079e-02,1.467874459922313690e-02,1.532497908920049667e-02,9.278074838221073151e-03,5.166575312614440918e-03,-1.653831638395786285e-02,7.016255520284175873e-03,-1.718454994261264801e-02,-2.377218101173639297e-03,-1.257518678903579712e-02,1.777802966535091400e-02,3.054445050656795502e-02,5.245706066489219666e-03,1.380830723792314529e-02,-3.122365567833185196e-03,1.251583918929100037e-02,1.747469604015350342e-02,-1.562831364572048187e-02,6.393101066350936890e-03,9.647350758314132690e-03,4.098310600966215134e-03,1.986180618405342102e-02,-1.872759871184825897e-02,1.677570864558219910e-02,1.351816114038228989e-02,6.851399783045053482e-03,1.482381764799356461e-02,-6.485420279204845428e-03,1.562831364572048187e-02,1.325439196079969406e-02,3.191604977473616600e-03,5.977665074169635773e-03,-6.961028557270765305e-04,-4.764327779412269592e-03,-1.237735990434885025e-02,4.545893752947449684e-04,-4.898190498352050781e-02,-1.996731385588645935e-02,3.086097352206707001e-02,-1.557555980980396271e-02,-6.119440775364637375e-03,-3.558243811130523682e-02,9.396770969033241272e-03,-2.149717323482036591e-02,-1.787653163773939013e-04,-5.921613890677690506e-03,-1.947933994233608246e-02,4.771581292152404785e-02,-1.585251651704311371e-02,-2.347544021904468536e-02,1.710541918873786926e-02,2.535479608923196793e-03,-1.668338850140571594e-02,-3.071260172873735428e-03,-4.214122018311172724e-04,-6.383209954947233200e-03,-1.772198011167347431e-03,2.561856294050812721e-03,-2.223572693765163422e-02,3.231170400977134705e-02,-1.353134959936141968e-02,2.421317039988934994e-04,2.181369625031948090e-02,1.593164727091789246e-02,2.573066577315330505e-02,-1.399294566363096237e-02,-8.354882709681987762e-03,1.222569309175014496e-02,7.036038208752870560e-03,-2.546689659357070923e-02,3.359757596626877785e-03,-1.674933172762393951e-02,-2.577023208141326904e-02,1.841107569634914398e-02,-1.286533288657665253e-02,1.357586123049259186e-03,-3.563519194722175598e-02,-1.423033792525529861e-02,8.961551822721958160e-03,3.028397914022207260e-03,6.241433788090944290e-03,7.425097282975912094e-03,5.677627865225076675e-03,1.667020097374916077e-02,3.016857896000146866e-03,1.198830083012580872e-02,-9.060464799404144287e-03,-1.614266261458396912e-02,-1.314888428896665573e-02,-8.341694250702857971e-03,-1.285873819142580032e-03,-1.729005761444568634e-02,9.792423807084560394e-03,-1.538309006718918681e-04,7.455595768988132477e-04,3.523954004049301147e-02,2.538776723667979240e-03,-1.205424312502145767e-02,9.831989184021949768e-03,-1.677570864558219910e-02,-3.405917203053832054e-03,-4.474181681871414185e-03,-8.387854322791099548e-03,-7.319589611142873764e-03,-9.086841717362403870e-03,2.625820413231849670e-02,-5.694113206118345261e-03,-3.735628444701433182e-03,3.729034215211868286e-03,-4.191289469599723816e-02,3.774534538388252258e-02,-2.626150147989392281e-03,-2.334355562925338745e-02,-1.076177507638931274e-02,1.812092959880828857e-02,-2.487341687083244324e-02,-2.077180892229080200e-03,6.267810706049203873e-03,-7.418503053486347198e-03,4.985234141349792480e-02,-2.104876562952995300e-02,-5.621576681733131409e-03,-3.370967879891395569e-02,-3.057082742452621460e-02,-9.146190248429775238e-03,3.405917203053832054e-03,-6.050201598554849625e-03,2.546689659357070923e-02,-2.525588124990463257e-02,-7.253647316247224808e-03,-1.346540730446577072e-02,-3.803548961877822876e-02,-3.320851549506187439e-02,-2.641646564006805420e-02,-6.910747848451137543e-03,2.732646837830543518e-02,2.756386063992977142e-02,1.437541004270315170e-02,-1.237076614052057266e-02,4.955559968948364258e-03,-2.689125016331672668e-02,-7.431691512465476990e-03,-1.161243021488189697e-02,8.778562187217175961e-04,6.689841393381357193e-03,9.884743019938468933e-03,2.678574249148368835e-02,3.059720434248447418e-02,4.797958210110664368e-02,2.639008872210979462e-02,7.926258258521556854e-03,1.515352912247180939e-02,-3.104231320321559906e-03,8.157056756317615509e-03,-2.824966050684452057e-02,-4.365377128124237061e-03,-2.315891906619071960e-02,8.743942715227603912e-03,2.449095249176025391e-02,3.339315578341484070e-02,2.085093967616558075e-02,1.316207274794578552e-02,-3.313597990199923515e-03,1.896499097347259521e-02,2.049485035240650177e-02,-1.095960196107625961e-02,-7.451474200934171677e-03,-3.188967332243919373e-02,-1.847701892256736755e-02,-1.516671758145093918e-02,-1.301535172387957573e-03,-3.062358126044273376e-02,-4.612660501152276993e-03,-1.251583918929100037e-02,2.280282974243164062e-02,-1.276641990989446640e-02,-6.501905620098114014e-03,1.165199559181928635e-02,2.679893001914024353e-02,-1.105851493775844574e-02,1.676251925528049469e-02,-1.335330586880445480e-02,3.051807358860969543e-02,1.238395459949970245e-02,1.465236768126487732e-02,-2.706929342821240425e-03,-9.271480143070220947e-03,1.138163264840841293e-02,-3.722439985722303391e-03,2.369964495301246643e-02,-3.428997099399566650e-02,-3.399982303380966187e-02,-3.898505866527557373e-02,7.154734339565038681e-03,-1.179706864058971405e-02,-7.972418330609798431e-03,1.303183729760348797e-03,-1.068264432251453400e-02,-3.866853564977645874e-02,-1.223888155072927475e-02,-6.310673430562019348e-03,-2.803864516317844391e-02,1.582613959908485413e-02,-1.285214442759752274e-02,-8.862637914717197418e-03,2.235442213714122772e-02,-1.647237315773963928e-02,-1.075682928785681725e-03,-1.152340788394212723e-03,-6.313970661722123623e-04,2.193239144980907440e-02,-1.990137062966823578e-02,3.157315030694007874e-02,4.576392006129026413e-03,1.310931891202926636e-02,-3.059720434248447418e-02,-4.521165392361581326e-04,1.689440384507179260e-02,-7.609735708683729172e-03,1.114424038678407669e-02,1.984861679375171661e-02,-3.274032613262534142e-03,-1.078980043530464172e-03,1.488975994288921356e-02,-1.664382405579090118e-02,-5.242408951744437218e-04,-4.315260797739028931e-02,1.206743158400058746e-02,2.207746542990207672e-02,-9.858366101980209351e-03,-2.522950433194637299e-02,7.082197815179824829e-03,-7.880099117755889893e-03,-1.703947782516479492e-02,-2.326442487537860870e-02,1.914962939918041229e-02,-4.230195190757513046e-03,-1.883310638368129730e-02,-2.780125290155410767e-02,1.732962392270565033e-02,-1.363685727119445801e-02,6.498608738183975220e-03,-1.635367795825004578e-02,-2.748472988605499268e-02,-3.689468838274478912e-03,-2.853650832548737526e-03,-1.044525206089019775e-02,9.198944084346294403e-03,-2.731657586991786957e-03,1.132228411734104156e-02,-3.233807906508445740e-02,-1.028699055314064026e-02,-2.998723881319165230e-03,-1.985479902941733599e-04,-3.273373097181320190e-02,-1.544367522001266479e-02,-8.893961203284561634e-04,2.554602734744548798e-02,-1.652512699365615845e-02,7.312995381653308868e-03,-1.066615921445190907e-03,2.716820687055587769e-02,1.403251104056835175e-02,9.726481512188911438e-03,5.001719575375318527e-03,-1.911006309092044830e-02,-2.437225542962551117e-02,1.344562508165836334e-02,1.540410984307527542e-02,1.979586295783519745e-02,-1.965079084038734436e-02,-4.906103480607271194e-03,-1.051119435578584671e-02,-1.798904500901699066e-02,-5.934802349656820297e-03,1.326263532973825932e-03,3.078184276819229126e-02,-3.487026318907737732e-02,-3.932795673608779907e-02,-3.883998608216643333e-03,-1.479744073003530502e-02,1.945296302437782288e-02,-2.045858185738325119e-03,-3.183691948652267456e-02,4.690142523031681776e-04,3.671664372086524963e-02,-1.785716041922569275e-02,3.853664919734001160e-02,-2.128615789115428925e-02,-1.206743158400058746e-02,-1.015510689467191696e-02,4.217006731778383255e-03,1.644599623978137970e-02,-9.284668602049350739e-03,1.789672672748565674e-02,-3.067633509635925293e-02,-1.354453805834054947e-02,2.980589680373668671e-02,-9.047276340425014496e-03,1.763295754790306091e-02,1.335330586880445480e-02,-1.502164453268051147e-02,8.902203291654586792e-03,-1.553599443286657333e-02,1.647237315773963928e-02,-3.133575618267059326e-02,-3.009604290127754211e-02,4.159637168049812317e-02,-2.206427603960037231e-02,1.260321238078176975e-03,-2.002995926886796951e-03,-1.636686548590660095e-02,-8.704377338290214539e-03,1.694715768098831177e-02,3.778490936383605003e-03,1.142119802534580231e-02,-2.782762981951236725e-02,-1.341924816370010376e-02,1.428309176117181778e-02,1.067605055868625641e-02,3.775193821638822556e-03,-2.170818857848644257e-02,-1.037930976599454880e-02,-1.140141487121582031e-02,8.157056756317615509e-03,1.754063926637172699e-02,-2.483385056257247925e-02,-2.376558631658554077e-02,1.697353459894657135e-02,7.253647316247224808e-03,3.450098633766174316e-02,1.788353733718395233e-02,-1.680208556354045868e-02,-7.154734339565038681e-03,6.577739492058753967e-03,-2.230166830122470856e-02,-3.687490522861480713e-02,-4.449782893061637878e-02,-1.466555614024400711e-02,2.674617618322372437e-02,9.726481512188911438e-03,-4.223600961267948151e-03,-1.353876868961378932e-04,-9.772641584277153015e-03,-4.689812660217285156e-02,-6.696435622870922089e-03,1.771208830177783966e-02,-1.731643453240394592e-02,-4.711573943495750427e-03,1.743513159453868866e-02,-1.566952676512300968e-03,2.504486590623855591e-02,3.620229428634047508e-03,-1.286533288657665253e-02,-3.574069961905479431e-02,-3.463286906480789185e-02,6.343644578009843826e-03,-3.220619633793830872e-02,-2.106854924932122231e-03,7.101980503648519516e-03,-3.255898598581552505e-03,-1.866165664978325367e-03,2.884973539039492607e-03,-1.510901842266321182e-03,-1.529860193841159344e-03,1.423033792525529861e-02,1.031996216624975204e-02,1.459961384534835815e-02,-1.965079084038734436e-02,2.840792201459407806e-02,5.080850329250097275e-03,-2.290833741426467896e-02,-1.863528043031692505e-02,-3.037464921362698078e-04,-5.084147676825523376e-03,-7.959229871630668640e-03,9.475901722908020020e-03,-4.560565948486328125e-02,6.201868411153554916e-03,1.732962392270565033e-02,-2.405243460088968277e-03,-6.943718995898962021e-03,1.587889343500137329e-02,9.238509461283683777e-03,1.241692528128623962e-02,-1.428309176117181778e-02,1.233120076358318329e-02,-1.524914521723985672e-03,-1.481062918901443481e-02,7.860315963625907898e-03,-2.282920666038990021e-02,-1.498207915574312210e-02,-4.948965739458799362e-03,1.473149843513965607e-02,-1.182344555854797363e-02,-3.191604837775230408e-02,7.411908823996782303e-03,-1.016829535365104675e-02,-7.009661290794610977e-03,-9.594596922397613525e-03,-9.192349389195442200e-03,-2.941024303436279297e-02,1.159264706075191498e-02,-6.623899098485708237e-03,-1.263453532010316849e-02,-1.863528043031692505e-02,2.203789912164211273e-02,2.067948877811431885e-02,-2.594415273051708937e-04,-9.034087881445884705e-03,7.867734530009329319e-04,-9.851772338151931763e-03,-1.790991425514221191e-02,-6.831617094576358795e-03,-3.640012070536613464e-02,-7.926258258521556854e-03,-4.322514403611421585e-03,6.228245329111814499e-03,2.063992433249950409e-03,-1.800223439931869507e-02,4.764327779412269592e-03,3.074557287618517876e-03,-1.115083415061235428e-02,9.212132543325424194e-03,1.859043836593627930e-01,1.948593533597886562e-03,-1.053757127374410629e-02,7.141545880585908890e-03,-1.815060386434197426e-03,1.429628022015094757e-02,4.455058276653289795e-02,1.540410984307527542e-02,1.643280871212482452e-02,1.426990330219268799e-02,-2.625820413231849670e-02,-1.006278768181800842e-02,2.431620523566380143e-04,9.779235348105430603e-03,1.405888795852661133e-02,-2.512399666011333466e-02,-1.905731111764907837e-02,-4.935777280479669571e-03,-4.143811017274856567e-02,-3.791679395362734795e-03,-4.904454690404236317e-04,-1.622179336845874786e-02,-1.692078076303005219e-02,-8.803290314972400665e-03,2.619226090610027313e-02,-3.216745390091091394e-04,-1.461280230432748795e-02,2.788038365542888641e-02,2.450414001941680908e-02,6.224948447197675705e-03,9.284668602049350739e-03,-2.692092442885041237e-03,3.699360182508826256e-03,-1.709223166108131409e-02,5.522663239389657974e-03,-1.415120717138051987e-02,1.109808031469583511e-02,2.056079357862472534e-02,8.862637914717197418e-03,-2.029372844845056534e-03,2.304022200405597687e-02,-9.924308396875858307e-03,1.055735442787408829e-02,-4.236789536662399769e-04,2.838813932612538338e-03,3.943346440792083740e-02,5.400670226663351059e-03,-4.645631648600101471e-03,-6.627195980399847031e-04,1.263453532010316849e-02,-2.830241434276103973e-02,-1.601077802479267120e-02,3.022792749106884003e-02,4.502536728978157043e-02,-1.404569949954748154e-02,3.854324575513601303e-03,7.055820897221565247e-03,1.192235853523015976e-02,-1.639540641917847097e-05,-2.099848497891798615e-04,-1.004959922283887863e-02,1.470512151718139648e-02,-2.318529412150382996e-02,2.110151946544647217e-02,-1.136184949427843094e-02,6.304079201072454453e-03,-1.361048035323619843e-02,9.613143629394471645e-05,2.410189248621463776e-03,-3.239083290100097656e-02,9.686916135251522064e-03,-1.812092959880828857e-02,-1.380830723792314529e-02,-1.180366263724863529e-03,-2.134880283847451210e-03,-9.238509461283683777e-03,3.521316125988960266e-02,7.471256889402866364e-03,-1.959803700447082520e-02,2.545370953157544136e-03,6.989878602325916290e-03,-4.124687518924474716e-03,-1.329560647718608379e-03,1.867484487593173981e-02,5.258894525468349457e-03,-1.150692254304885864e-02,2.083775028586387634e-02,-1.353134959936141968e-02,-2.898821234703063965e-02,-9.706699289381504059e-03,1.031171879731118679e-03,-1.595802418887615204e-02,-2.003325521945953369e-02,-4.935777280479669571e-03,-2.202471159398555756e-02,2.553283981978893280e-02,1.491613686084747314e-02,1.428309176117181778e-02,-2.120702713727951050e-02,1.479744073003530502e-02,-1.841107569634914398e-02,-1.332033425569534302e-02,1.008256990462541580e-02,2.639008872210979462e-02,3.583961166441440582e-03,-2.748472988605499268e-02,1.260156370699405670e-02,4.582986235618591309e-03,5.136901047080755234e-03,-2.189282793551683426e-03,2.326442487537860870e-02,-1.814730651676654816e-02,7.418503053486347198e-03,5.677627865225076675e-03,5.351873114705085754e-02,1.072220969945192337e-02,-1.303678285330533981e-02,-4.687175154685974121e-02,2.296109125018119812e-02,8.255969732999801636e-03,2.070586569607257843e-02,-1.678889617323875427e-02,6.610710639506578445e-03,2.695719152688980103e-02,-3.344590961933135986e-02,-5.865563172847032547e-03,-3.497577086091041565e-02,1.702628843486309052e-02,1.544367522001266479e-02,-3.357779234647750854e-02,1.675757463090121746e-03,1.164705026894807816e-03,2.505805529654026031e-02,1.826600288040935993e-03,7.576764561235904694e-03,-7.853722199797630310e-03,4.853349644690752029e-03,6.736000999808311462e-03,-1.078155823051929474e-02,-1.750107295811176300e-02,7.095386274158954620e-03,-5.394075997173786163e-03,1.751426234841346741e-02,1.092663034796714783e-02,1.265266910195350647e-03,-1.253562141209840775e-02,1.293786987662315369e-02,-1.735600084066390991e-02,-4.319217521697282791e-03,-3.800911456346511841e-02,-4.088419675827026367e-02,3.501533530652523041e-03,3.910375293344259262e-03,-1.725049316883087158e-02,-4.737950861454010010e-03,-8.531278581358492374e-04,-7.115168962627649307e-03,-1.830556802451610565e-02,8.282346650958061218e-03,2.846067585051059723e-02,-2.470196597278118134e-02,3.587258234620094299e-02,2.424037083983421326e-02,-2.959488146007061005e-02,-2.495914231985807419e-03,7.833939045667648315e-03,-1.667020022869110107e-01,3.094010427594184875e-02,3.310300782322883606e-02,-1.841107569634914398e-02,1.649875007569789886e-02,2.728360472247004509e-03,3.616273030638694763e-02,-3.037464921362698078e-04,-7.253647316247224808e-03,1.204105466604232788e-02,-9.198944084346294403e-03,1.837109884945675731e-04,-2.480747364461421967e-02,-2.186645008623600006e-02,-9.403364732861518860e-03,2.706269919872283936e-02,-9.390176273882389069e-03,7.352560758590698242e-03,4.555290564894676208e-02,-3.785085165873169899e-03,3.033343516290187836e-02,-7.029443979263305664e-03,5.783135537058115005e-03,-1.958484761416912079e-02,2.209065295755863190e-02,8.249375037848949432e-03,-1.332033425569534302e-02,-1.080793514847755432e-02,-5.206140689551830292e-03,-1.570744439959526062e-02,-9.390176273882389069e-03,2.939375815913081169e-03,1.448091771453619003e-02,-1.207402627915143967e-02,4.609363153576850891e-03,2.495914231985807419e-03,-3.650562837719917297e-02,6.020527333021163940e-03,-3.831244772300124168e-03,6.198571529239416122e-03,-1.471336465328931808e-03,-2.876730635762214661e-03,2.714182995259761810e-02,2.107514254748821259e-02,8.176838979125022888e-03,2.602081187069416046e-02,2.536138892173767090e-02,-2.722096070647239685e-02,3.312938660383224487e-02,-2.000687830150127411e-02,8.954957127571105957e-03,-3.107198886573314667e-02,5.825997795909643173e-03,1.027380209416151047e-02,1.147395186126232147e-02,4.052151460200548172e-03,-2.167851431295275688e-03,6.805240176618099213e-03,-1.198830083012580872e-02,-3.541098907589912415e-03,-2.698686672374606133e-03,-4.375268239527940750e-03,2.972676604986190796e-02,-2.880357392132282257e-02,1.181685086339712143e-02,-9.871554560959339142e-03,-1.694715768098831177e-02,-1.826600288040935993e-03,-3.502852469682693481e-02,3.742882236838340759e-02,-3.054445050656795502e-02,-3.787722811102867126e-02,2.508443221449851990e-02,-1.818687282502651215e-02,2.948937378823757172e-02,1.411164179444313049e-02,-1.247957115992903709e-03,9.831989184021949768e-03,2.313254214823246002e-02,1.050460059195756912e-02,-1.647237315773963928e-02,4.687175154685974121e-02,-4.398348275572061539e-03,3.554287366569042206e-03,1.089365966618061066e-02,2.210384234786033630e-02,4.197224043309688568e-03,-1.010235305875539780e-02,4.797298461198806763e-03,1.816049590706825256e-02,9.487441275268793106e-04,-7.774591445922851562e-03,-7.022849749773740768e-03,-3.489663824439048767e-02,3.792998194694519043e-02,2.395022474229335785e-02,1.366323418915271759e-02,-2.848705276846885681e-02,1.867484487593173981e-02,-1.547005213797092438e-02,-5.605090991593897343e-04,-3.768599592149257660e-03,-1.361048035323619843e-02,1.754063926637172699e-02,1.104532647877931595e-02,8.440607925876975060e-04,3.803548961877822876e-02,1.037271600216627121e-02,3.283923864364624023e-02,-1.279939059168100357e-02,-1.154648791998624802e-02,-5.687518976628780365e-03,1.899136789143085480e-02,3.088735044002532959e-02,1.268728915601968765e-02,2.095644734799861908e-02,5.727084353566169739e-03,-2.086412720382213593e-02,1.188938785344362259e-02,4.265639290679246187e-04,6.003382429480552673e-02,-7.987255230545997620e-04,-7.636112626641988754e-03,1.144922338426113129e-03,-2.162905782461166382e-02,-1.839788816869258881e-02,-9.437654912471771240e-02,1.570744439959526062e-02,5.888642743229866028e-03,6.399695295840501785e-03,3.318214043974876404e-02,2.595486864447593689e-02,9.423147886991500854e-03,-6.093063857406377792e-03,-3.771896706894040108e-03,4.985234234482049942e-03,-3.964447975158691406e-02,-5.255597177892923355e-03,-3.676280321087688208e-04,-1.462599076330661774e-02,2.779465867206454277e-03,-7.675678003579378128e-03,4.296137485653162003e-03,-4.945668624714016914e-04,-7.359154988080263138e-03,2.160268090665340424e-02,-1.971673220396041870e-02,6.712920963764190674e-03,1.350991893559694290e-03,-4.426043853163719177e-02,1.111786346882581711e-02,1.294446364045143127e-02,-4.112158715724945068e-02,1.764614693820476532e-02,2.538776583969593048e-02,1.433584466576576233e-02,9.442930109798908234e-03,4.909400362521409988e-03,5.882048513740301132e-03,2.167851431295275688e-03,-2.329080179333686829e-02,-1.136184949427843094e-02,-1.041887514293193817e-02,-7.609735708683729172e-03,3.711229935288429260e-02,-1.740875467658042908e-02,-9.225321002304553986e-03,-2.222253708168864250e-03,6.297485087998211384e-04,-1.893861405551433563e-02,2.078499644994735718e-02,-1.059032510966062546e-02,-2.538776583969593048e-02,1.814730651676654816e-02,3.262822702527046204e-02,4.121390637010335922e-03,-4.995784908533096313e-02,6.666761357337236404e-03,-3.128300234675407410e-02,-1.647237315773963928e-02,1.647237315773963928e-02,-2.195876836776733398e-02,6.726109422743320465e-04,4.500558599829673767e-03,-1.334671117365360260e-02,-1.231141760945320129e-02,-1.620860584080219269e-02,3.152863937430083752e-04,-4.704979714006185532e-03,1.668338850140571594e-02,-4.480775911360979080e-03,6.221651099622249603e-03,2.220605267211794853e-03,-1.008256990462541580e-02,2.611313015222549438e-02,-3.291837126016616821e-02,1.549642905592918396e-02,-4.800595808774232864e-03,-1.321482658386230469e-02,-8.974740281701087952e-03,-2.642965316772460938e-02,4.233492538332939148e-03,5.305054131895303726e-03,-2.263138070702552795e-02,-4.022477194666862488e-03,-2.289514988660812378e-02,-8.951660129241645336e-04,-8.783508092164993286e-03,2.909372001886367798e-02,3.176767844706773758e-03,1.684165000915527344e-02,-4.115208575967699289e-04,-8.163650520145893097e-03,1.013532374054193497e-02,1.660425774753093719e-02,-1.808136515319347382e-02,1.161243021488189697e-02,3.782447427511215210e-02,2.523939590901136398e-03,-2.144441939890384674e-02,9.291263297200202942e-03,2.053441666066646576e-02,-1.215975079685449600e-02,1.116072526201605797e-03,-6.442558020353317261e-03,-3.494939301162958145e-04,-2.215659618377685547e-02,-7.886692881584167480e-03,-6.610050797462463379e-02,3.196880221366882324e-02,-1.412483025342226028e-02,2.650878392159938812e-02,-7.675678003579378128e-03,-7.563576102256774902e-03,1.992774754762649536e-02,-1.556237135082483292e-02,-5.891940090805292130e-03,-8.117491379380226135e-03,-1.594483666121959686e-02,2.307978831231594086e-02,-2.263138070702552795e-02,-2.214340679347515106e-02,-1.402921392582356930e-03,1.630092412233352661e-02,2.006293041631579399e-03,5.588605534285306931e-03,2.056079357862472534e-02,-4.325811751186847687e-03,-1.693397015333175659e-02,2.496573515236377716e-02,-4.912697710096836090e-03,1.941339857876300812e-02,-2.606367459520697594e-03,2.720117801800370216e-03,2.645603008568286896e-02,6.228245329111814499e-03,-1.496889069676399231e-02,-1.003641076385974884e-02,-8.333451696671545506e-04,-1.251583918929100037e-02,-1.655150391161441803e-02,-7.721837610006332397e-03,1.080793514847755432e-02,-4.135897755622863770e-02,1.823962666094303131e-02,-2.496573515236377716e-02,-1.152011100202798843e-02,2.499211207032203674e-02,6.472231820225715637e-03,-2.404254488646984100e-02,-3.034992143511772156e-03,-3.887295722961425781e-03,-1.240538549609482288e-03,-9.001117199659347534e-03,2.635629207361489534e-04,3.542417660355567932e-02,1.756701618432998657e-02,-8.077926002442836761e-03,2.028383687138557434e-02,1.874078810214996338e-02,7.108574733138084412e-03,-1.150032877922058105e-02,-1.836491632275283337e-03,-1.379511877894401550e-02,3.589896112680435181e-02,-3.053126158192753792e-03,1.371598802506923676e-02,-5.607729032635688782e-02,1.914962939918041229e-02,7.715243380516767502e-03,1.126953028142452240e-02,-1.557555980980396271e-02,7.860315963625907898e-03,-2.395022474229335785e-02,3.086097352206707001e-02,1.309613045305013657e-02,-9.116515866480767727e-04,3.636715002357959747e-03,-8.335100486874580383e-03,-8.381259627640247345e-03,2.950915601104497910e-03,2.434587851166725159e-02,8.829667232930660248e-03,-1.876057009212672710e-03,-1.156627107411623001e-02,-1.012213528156280518e-02,-1.234438922256231308e-02,-1.208597823278978467e-04,2.235442213714122772e-02,-5.222626030445098877e-03,-7.669083774089813232e-03,4.688493907451629639e-03,1.942658610641956329e-02,1.202786620706319809e-02,-2.542073838412761688e-03,-9.403364732861518860e-03,1.880672946572303772e-02,2.965752733871340752e-03,-5.403967574238777161e-03,2.024427056312561035e-02,-5.720490007661283016e-04,-2.102238871157169342e-02,-1.649875007569789886e-02,1.372917648404836655e-02,1.134206657297909260e-03,1.742194220423698425e-02,1.336649432778358459e-02,1.263453532010316849e-02,-2.095644734799861908e-02,1.688121585175395012e-03,5.364402197301387787e-03,7.208312163129448891e-04,-4.576392006129026413e-03,1.641961978748440742e-03,-9.588003158569335938e-03,-1.578657515347003937e-02,1.936064474284648895e-02,2.372602187097072601e-02,7.833939045667648315e-03,-7.467959658242762089e-04,2.103557810187339783e-02,1.010235305875539780e-02,-1.825281418859958649e-02,1.454686000943183899e-02,-3.758708247914910316e-03,1.902433927170932293e-03,-2.607356570661067963e-02,1.172453165054321289e-02,2.449754625558853149e-03,-8.908797986805438995e-03,1.086728274822235107e-02,-1.030677370727062225e-02,2.687806077301502228e-02,4.360101744532585144e-02,-3.818056313320994377e-03,5.272082984447479248e-03,-2.063992433249950409e-02,1.142779178917407990e-02,2.008600905537605286e-02,-2.151365857571363449e-03,-2.904096618294715881e-02,-2.263138070702552795e-02,8.763724938035011292e-03,1.458642538636922836e-02,-6.379912607371807098e-03,3.616273030638694763e-02,1.416439563035964966e-02,5.053814128041267395e-02,-4.883023444563150406e-03,-1.729005761444568634e-02,-2.093666407745331526e-04,2.066630125045776367e-02,8.935174904763698578e-03,-6.313970312476158142e-03,1.487657148391008377e-02,-1.024742517620325089e-02,-2.445138618350028992e-02,1.531179063022136688e-02,8.762076613493263721e-04,3.766621276736259460e-02,1.403251104056835175e-02,-3.101923502981662750e-02,1.261475216597318649e-02,2.753088949248194695e-03,1.465236768126487732e-02,-5.921613890677690506e-03,3.299750015139579773e-02,3.399982303380966187e-02,-2.036296762526035309e-02,2.304681576788425446e-03,-1.008256990462541580e-02,-1.602396741509437561e-02,3.006966551765799522e-03,2.930473536252975464e-02,-1.779121905565261841e-02,1.594483666121959686e-02,-2.954212762415409088e-02,3.791679395362734795e-03,-1.397975720465183258e-02,-3.516040742397308350e-02,-2.706269919872283936e-02,-9.739669971168041229e-03,-4.576392099261283875e-02,-6.884370930492877960e-03,-7.016255520284175873e-03,-9.053871035575866699e-03,2.377877570688724518e-02,-3.215344250202178955e-02,2.482066303491592407e-02,-7.517416495829820633e-03,-1.405888795852661133e-02,3.294474631547927856e-02,3.203144762665033340e-03,6.435963790863752365e-03,1.925513707101345062e-02,-8.064737543463706970e-03
8.784661185927689075e-04,2.001273911446332932e-03,-1.585062034428119659e-02,-1.122973952442407608e-02,-9.135383181273937225e-03,3.917443752288818359e-02,-2.340360078960657120e-03,-8.782999590039253235e-03,-4.807046614587306976e-03,1.159542053937911987e-02,9.255060926079750061e-03,1.682133786380290985e-02,-3.018532646819949150e-03,9.191897115670144558e-04,-3.763192798942327499e-03,-2.087707631289958954e-02,-4.851509947911836207e-05,1.683463528752326965e-02,1.182147860527038574e-02,-2.827048674225807190e-02,-3.999888151884078979e-02,5.764466710388660431e-03,-6.273095961660146713e-03,-8.423966355621814728e-03,-6.655399221926927567e-03,1.014599297195672989e-02,1.076432690024375916e-02,3.236279124394059181e-03,-8.689916692674160004e-03,-1.708728820085525513e-02,-5.249188281595706940e-03,-1.675485074520111084e-02,-3.178102523088455200e-02,-5.289081018418073654e-03,-1.591710746288299561e-02,3.281158395111560822e-03,2.952045062556862831e-03,-1.933456584811210632e-02,2.728647179901599884e-02,-6.927997805178165436e-03,3.289469284936785698e-03,1.393744256347417831e-03,-5.289081018418073654e-03,2.287170104682445526e-02,-1.453416794538497925e-02,-1.148239150643348694e-02,-1.242651417851448059e-02,-8.709862828254699707e-03,-3.268525749444961548e-02,2.094356343150138855e-02,-7.832228206098079681e-03,4.202010110020637512e-03,-1.868298836052417755e-02,1.853671669960021973e-02,-5.990523844957351685e-03,-1.410864852368831635e-02,6.658723577857017517e-03,9.753717109560966492e-03,-4.037121310830116272e-02,2.639553975313901901e-03,2.152533037588000298e-03,6.658723577857017517e-03,-4.993211477994918823e-03,-8.219517767429351807e-04,-4.743883386254310608e-03,-1.791173405945301056e-02,-9.055597707629203796e-03,-2.373603871092200279e-03,-4.684044513851404190e-03,-1.671495847404003143e-02,4.031802341341972351e-02,4.396153613924980164e-02,1.579078263603150845e-03,-5.601572338491678238e-03,9.501064196228981018e-03,-3.401500731706619263e-02,3.003573045134544373e-03,-8.723160251975059509e-03,-1.930797100067138672e-02,-4.707315471023321152e-03,1.339723169803619385e-02,-1.101033017039299011e-02,-1.827076636254787445e-02,1.430811081081628799e-02,3.805744647979736328e-02,-2.394879795610904694e-02,6.645426154136657715e-03,2.792475186288356781e-02,-1.035542925819754601e-03,-2.412166632711887360e-02,1.626284420490264893e-02,3.587665781378746033e-02,-6.794192013330757618e-04,-1.388259045779705048e-02,-2.888882067054510117e-03,3.886194666847586632e-03,-1.060475688427686691e-02,3.324375301599502563e-02,1.376291364431381226e-02,-1.763248629868030548e-02,-2.142227441072463989e-02,-1.602348871529102325e-02,-1.382940076291561127e-02,2.848989563062787056e-03,-3.196719288825988770e-02,-3.092998638749122620e-02,3.543783910572528839e-03,-1.791173405945301056e-02,4.901458695530891418e-02,-4.999860189855098724e-03,1.075102947652339935e-02,2.390890568494796753e-02,-8.018393069505691528e-03,-3.773830831050872803e-02,-6.329610478132963181e-03,-1.450757309794425964e-02,1.428151596337556839e-02,-2.800453640520572662e-02,8.969164453446865082e-03,-1.902872323989868164e-02,2.280521439388394356e-03,1.505277119576931000e-02,-2.195749897509813309e-03,-2.582374587655067444e-02,8.098177611827850342e-03,1.263927482068538666e-02,-1.660857908427715302e-02,-2.368284948170185089e-02,-9.747068397700786591e-03,3.025181358680129051e-03,7.400059141218662262e-03,8.423966355621814728e-03,4.202010110020637512e-02,1.747291535139083862e-02,-1.973016653209924698e-03,1.591710746288299561e-02,-2.182119898498058319e-02,-9.394683875143527985e-03,1.372966915369033813e-03,-2.071750536561012268e-02,3.010554239153862000e-02,1.347036845982074738e-02,-2.118291892111301422e-02,3.241265891119837761e-03,-8.950880146585404873e-04,3.077041730284690857e-02,-3.131561446934938431e-03,2.890876680612564087e-02,-2.210709499195218086e-03,-2.226001583039760590e-02,7.592872716486454010e-03,-1.297836098819971085e-02,2.628915943205356598e-02,-1.347036845982074738e-02,-1.554477866739034653e-02,1.920159161090850830e-02,-1.493309345096349716e-02,2.138238027691841125e-02,-3.146188706159591675e-02,-9.999720379710197449e-03,-1.301825325936079025e-02,1.702080108225345612e-02,3.710002824664115906e-02,-4.317532293498516083e-04,2.013241685926914215e-02,3.225973621010780334e-02,-8.862784132361412048e-03,-1.832395605742931366e-02,-1.055156718939542770e-02,5.219269078224897385e-03,2.718009240925312042e-02,-7.094216533005237579e-03,-3.385543823242187500e-02,2.049144916236400604e-02,-1.913510262966156006e-02,2.400198951363563538e-02,1.420173048973083496e-02,-1.152228470891714096e-02,-1.755270175635814667e-02,1.057816203683614731e-02,-2.674127370119094849e-02,-1.730004884302616119e-02,3.539794683456420898e-02,3.140869736671447754e-02,-7.466546725481748581e-03,6.029585492797195911e-04,2.090367116034030914e-02,1.889574900269508362e-02,6.150093860924243927e-03,-1.013269554823637009e-02,1.410864852368831635e-02,2.549130842089653015e-02,-2.079729177057743073e-02,-5.126186646521091461e-03,-6.391310691833496094e-01,-1.085740979760885239e-02,-7.805632892996072769e-03,-8.576887659728527069e-03,2.473335247486829758e-03,-1.401224173605442047e-03,6.755130365490913391e-03,5.664735101163387299e-03,1.063800067640841007e-03,1.706069335341453552e-02,-5.295729730278253555e-03,2.707371115684509277e-02,-6.492504850029945374e-03,-4.953319206833839417e-03,-1.055156718939542770e-02,-2.994597144424915314e-02,-1.711388304829597473e-02,-2.347008883953094482e-02,6.299691158346831799e-04,-1.522563863545656204e-02,-2.840346097946166992e-02,4.373631236376240849e-05,9.753717109560966492e-03,3.256225492805242538e-03,-1.191788469441235065e-03,-9.760365821421146393e-03,4.098289832472801208e-02,4.817019682377576828e-03,-1.581072807312011719e-02,2.736625634133815765e-02,-1.849682442843914032e-02,1.784524507820606232e-02,2.666148915886878967e-02,9.275007061660289764e-03,3.611601144075393677e-02,-8.177963085472583771e-03,-1.675485074520111084e-02,4.353601858019828796e-02,2.232650294899940491e-02,1.381610333919525146e-02,-2.491951547563076019e-02,-3.640855848789215088e-02,1.259938161820173264e-02,-2.578385360538959503e-02,1.045848429203033447e-02,4.035791382193565369e-03,2.396209537982940674e-02,9.075543843209743500e-03,4.915919853374361992e-04,-1.180153153836727142e-02,-9.115437045693397522e-03,-2.936088107526302338e-02,-1.905531808733940125e-02,3.066403605043888092e-02,5.771115422248840332e-03,6.967890542000532150e-03,3.215335682034492493e-02,-2.636894397437572479e-02,1.434800308197736740e-02,-6.908051669597625732e-03,5.209296010434627533e-03,2.406847663223743439e-02,-6.760947871953248978e-04,-2.356317080557346344e-02,-9.554253891110420227e-03,-2.057123370468616486e-02,-1.720696501433849335e-02,1.894893869757652283e-02,1.546499319374561310e-02,-7.898715324699878693e-03,2.320413943380117416e-03,1.380280591547489166e-02,-1.610327325761318207e-02,5.102915689349174500e-03,-2.029530936852097511e-03,-2.365625463426113129e-02,2.805772610008716583e-02,-4.367397923488169909e-04,-8.596833795309066772e-03,-1.552483183331787586e-03,-1.328420359641313553e-02,-7.018587202765047550e-04,-3.244590014219284058e-02,-2.534503675997257233e-02,3.327034786343574524e-02,-2.176800929009914398e-02,-2.795134671032428741e-02,-7.566277869045734406e-03,2.954704686999320984e-02,5.122862290591001511e-03,-1.318447198718786240e-02,1.043188944458961487e-02,-1.161038060672581196e-03,-3.997228667140007019e-02,2.638224139809608459e-02,1.498628314584493637e-02,1.136271469295024872e-02,2.808432094752788544e-02,2.204725705087184906e-02,4.923399537801742554e-03,1.365653332322835922e-02,-2.799123991280794144e-03,4.517825786024332047e-03,-1.464054826647043228e-02,4.584001726470887661e-05,1.409535109996795654e-02,8.734795846976339817e-04,-1.021248102188110352e-02,2.027868852019309998e-02,-3.678088635206222534e-02,6.196635309606790543e-03,-1.477352343499660492e-02,-4.115576390177011490e-03,1.363824936561286449e-03,-2.120951423421502113e-03,-2.840346097946166992e-02,1.259938161820173264e-02,3.550432622432708740e-03,7.499790284782648087e-03,-2.557109296321868896e-02,2.877246821299195290e-03,-1.654707710258662701e-03,-5.814332049340009689e-03,-2.688754722476005554e-02,9.554253891110420227e-03,3.146188706159591675e-02,7.453249301761388779e-03,-1.366983074694871902e-02,-1.142255309969186783e-02,-2.093026600778102875e-02,-2.356317080557346344e-02,-4.850263241678476334e-03,2.627586200833320618e-02,-3.596973838284611702e-03,3.223314136266708374e-02,-5.634815897792577744e-03,1.103027723729610443e-02,8.284343406558036804e-03,8.370776660740375519e-03,-2.723328210413455963e-02,-4.168766550719738007e-03,8.344181813299655914e-03,9.128734469413757324e-03,4.679058038163930178e-04,-1.832395605742931366e-02,-3.342991694808006287e-02,-6.332934834063053131e-03,-2.081058919429779053e-02,-4.300411790609359741e-02,1.299165841192007065e-02,-6.366178393363952637e-03,-9.261709637939929962e-03,-4.654125124216079712e-02,-2.216693386435508728e-02,-8.177963085472583771e-03,-1.117654889822006226e-02,-1.763248629868030548e-02,1.547829061746597290e-02,-1.906861551105976105e-02,-2.662159688770771027e-02,1.142255309969186783e-02,-1.426821853965520859e-02,-2.813751064240932465e-02,-2.978640235960483551e-02,1.686123013496398926e-02,-5.877495277673006058e-03,1.194780413061380386e-02,-1.696761138737201691e-02,2.099675312638282776e-02,-6.170040462166070938e-03,3.813058370724320412e-03,1.562456320971250534e-02,-2.829708158969879150e-02,-4.341633990406990051e-03,2.389560826122760773e-02,-8.975813165307044983e-03,-1.525223348289728165e-02,-6.828266661614179611e-03,-2.409507147967815399e-02,1.255948934704065323e-02,1.327090617269277573e-02,4.757180809974670410e-03,-2.268553711473941803e-02,-1.351026073098182678e-02,2.380252629518508911e-02,9.301601909101009369e-03,6.003821734338998795e-03,7.453249301761388779e-03,7.233840413391590118e-03,3.507880866527557373e-02,-4.005872178822755814e-03,6.499153561890125275e-03,2.257915586233139038e-02,-3.899492090567946434e-03,1.273235678672790527e-02,5.970577709376811981e-03,9.587498381733894348e-03,2.022882224991917610e-03,3.000248689204454422e-03,1.897553354501724243e-02,-3.823031438514590263e-03,-6.021274602971971035e-04,5.220598727464675903e-02,-3.114274702966213226e-02,1.940105296671390533e-02,-3.247249498963356018e-02,1.390918530523777008e-02,-2.047815173864364624e-02,8.669970557093620300e-03,-1.444108597934246063e-02,-1.430811081081628799e-02,-3.827020525932312012e-02,-3.242928069084882736e-03,3.876221366226673126e-03,7.293679285794496536e-03,4.026483371853828430e-02,-3.759868443012237549e-03,2.095686085522174835e-02,1.506606861948966980e-02,-9.973125532269477844e-03,1.248635351657867432e-02,-1.866969093680381775e-02,2.045155689120292664e-02,1.434800308197736740e-02,-3.598303720355033875e-02,5.432029254734516144e-03,1.610327325761318207e-02,-1.319112069904804230e-02,5.535084754228591919e-03,-9.281655773520469666e-03,-6.509126629680395126e-03,6.974539253860712051e-03,-1.573094353079795837e-02,6.432665977627038956e-03,-3.500567050650715828e-03,-1.204436739499215037e-05,1.823087409138679504e-02,-2.957364171743392944e-02,5.638140253722667694e-03,-7.280381862074136734e-03,1.356345042586326599e-02,3.300439566373825073e-02,4.368228837847709656e-03,1.700417953543365002e-03,1.018588524311780930e-02,-4.991756941308267415e-05,1.624954678118228912e-02,2.543811872601509094e-02,1.155220379587262869e-04,5.455299746245145798e-03,1.263262610882520676e-02,7.970189326442778111e-04,-3.366927057504653931e-02,-1.747291535139083862e-02,1.904202066361904144e-02,-3.199378773570060730e-02,1.480011828243732452e-02,2.953707240521907806e-03,2.952045202255249023e-02,9.215167723596096039e-03,-2.256585843861103058e-02,-2.341689914464950562e-02,1.991508470382541418e-04,2.091031987220048904e-03,4.470619559288024902e-02,1.995954848825931549e-02,1.163531281054019928e-02,6.442639045417308807e-03,-1.979997940361499786e-02,-1.413524337112903595e-02,1.095714047551155090e-02,1.332409586757421494e-02,-2.661162288859486580e-03,-5.884144338779151440e-04,-4.251875914633274078e-03,-4.211983177810907364e-03,-1.009280327707529068e-02,-4.165442194789648056e-03,3.861594200134277344e-02,7.621130207553505898e-04,-2.069091051816940308e-02,-2.672797627747058868e-02,1.865639351308345795e-02,7.114163017831742764e-04,-1.706069335341453552e-02,-3.026843536645174026e-03,-3.313737362623214722e-02,2.093026600778102875e-02,-4.428067803382873535e-02,-4.961629747413098812e-04,-4.953319206833839417e-03,2.845665067434310913e-02,1.526553090661764145e-02,-2.781837061047554016e-02,-1.397567335516214371e-02,-1.426821853965520859e-02,1.372302044183015823e-02,-1.138266082853078842e-02,2.104994282126426697e-02,1.874947547912597656e-02,-7.650218321941792965e-04,1.486660540103912354e-02,1.691275858320295811e-03,-5.209296010434627533e-03,3.388203307986259460e-02,1.169515214860439301e-02,-4.890155978500843048e-03,-1.150898728519678116e-02,-1.131617277860641479e-02,-3.162145614624023438e-02,-2.991937659680843353e-02,-7.533034309744834900e-03,-1.152228470891714096e-02,-1.276560034602880478e-02,3.739921958185732365e-04,-2.639553882181644440e-02,-2.448069863021373749e-02,1.354682841338217258e-03,1.961381360888481140e-02,-1.178491045720875263e-03,-4.092305898666381836e-03,-3.029170632362365723e-02,-1.454746536910533905e-02,2.602320909500122070e-02,1.048374921083450317e-01,8.304289542138576508e-03,-9.268358349800109863e-03,1.598359644412994385e-02,4.444689489901065826e-03,2.475994639098644257e-02,1.164861023426055908e-02,-2.345679141581058502e-02,1.063135173171758652e-02,-2.446740120649337769e-02,4.388175439089536667e-03,-1.760589145123958588e-02,1.880266517400741577e-02,1.210737414658069611e-02,1.487990375608205795e-02,1.091724820435047150e-02,-1.587721519172191620e-02,-1.727345399558544159e-02,7.931958884000778198e-03,-4.341633990406990051e-03,-1.303155068308115005e-02,-1.406875532120466232e-02,1.291519729420542717e-03,2.736625634133815765e-02,-1.319112069904804230e-02,6.402746774256229401e-03,1.428650226444005966e-03,2.073080278933048248e-02,2.612958895042538643e-03,-9.753717109560966492e-03,4.684044513851404190e-03,3.450701478868722916e-03,-5.173558602109551430e-04,1.836384832859039307e-02,-2.594342455267906189e-02,-1.455712754250271246e-05,6.090255454182624817e-03,8.789648301899433136e-03,5.791061557829380035e-03,5.842589307576417923e-04,2.475994639098644257e-02,-1.482671359553933144e-03,2.460037590935826302e-03,-1.316452585160732269e-02,-1.796492375433444977e-02,9.840150363743305206e-03,1.100368215702474117e-03,1.531872060149908066e-02,-2.481313608586788177e-02,-1.811119541525840759e-02,2.308446168899536133e-02,-1.893564127385616302e-02,-7.612819317728281021e-03,-2.428123541176319122e-02,-1.992963021621108055e-03,1.158544793725013733e-03,-5.751169286668300629e-03,8.131422102451324463e-03,-2.952045202255249023e-02,3.467988222837448120e-02,-1.662187650799751282e-02,-3.475966677069664001e-02,1.469373796135187149e-02,2.501592272892594337e-03,-2.872260101139545441e-02,-2.554782433435320854e-03,-6.967890542000532150e-03,-7.845525629818439484e-03,-1.337063685059547424e-02,-3.507215762510895729e-03,-1.607667841017246246e-02,1.246640738099813461e-02,-1.706069335341453552e-02,-2.203395962715148926e-02,2.202066034078598022e-02,1.493309345096349716e-02,3.055765666067600250e-02,-3.978861495852470398e-04,-1.716707274317741394e-02,3.138210251927375793e-02,-5.262485705316066742e-03,-2.432112954556941986e-02,-1.597029902040958405e-02,-9.128734469413757324e-03,-2.010582201182842255e-02,2.869600616395473480e-02,-4.514501430094242096e-03,-9.534307755529880524e-03,-2.541152387857437134e-02,-8.716511540114879608e-03,-4.049088805913925171e-03,5.888299783691763878e-04,3.339334856718778610e-03,-6.987836677581071854e-03,-1.694600214250385761e-03,-2.764218021184206009e-03,7.513087708503007889e-03,1.704739592969417572e-02,-1.418843306601047516e-02,-5.747844465076923370e-03,-1.646396820433437824e-03,6.296366453170776367e-03,-8.257747627794742584e-03,-1.918829418718814850e-02,8.882730267941951752e-03,-6.482531316578388214e-04,1.267916709184646606e-02,2.651521563529968262e-02,2.943734172731637955e-03,1.156217698007822037e-02,8.536995388567447662e-03,-2.142227441072463989e-02,-9.933233261108398438e-03,-1.059145946055650711e-02,-1.722026430070400238e-02,1.122309081256389618e-02,-5.046401638537645340e-03,4.837630689144134521e-02,-9.713823907077312469e-03,4.697341937571763992e-03,1.087070722132921219e-02,-1.121644210070371628e-02,3.473307192325592041e-02,-7.792335469275712967e-03,-1.533201802521944046e-02,-9.055597707629203796e-03,1.169515214860439301e-02,-2.475994639098644257e-02,1.317117456346750259e-02,7.060972973704338074e-03,-1.835055090487003326e-02,1.981327682733535767e-02,2.865195856429636478e-04,-2.037842059507966042e-03,-3.744576126337051392e-02,-3.382884338498115540e-02,7.619468029588460922e-03,3.169791772961616516e-03,-1.480011828243732452e-02,3.135550767183303833e-02,-3.039808757603168488e-02,-7.971852086484432220e-03,-1.268581580370664597e-02,-3.436074033379554749e-02,-1.807130314409732819e-02,-2.710030600428581238e-02,7.366815581917762756e-03,1.294511649757623672e-02,2.905503846704959869e-03,3.183421492576599121e-02,-2.111643180251121521e-02,1.312463358044624329e-02,-3.523837774991989136e-02,-8.656673133373260498e-03,-7.792335469275712967e-03,-3.626893274486064911e-03,8.211206877604126930e-04,7.965203374624252319e-03,2.477324381470680237e-02,4.712634161114692688e-02,3.037149086594581604e-02,1.056486461311578751e-02,1.345707103610038757e-02,6.143445149064064026e-03,1.466714311391115189e-02,-2.210709499195218086e-04,-2.715349569916725159e-02,-5.332297645509243011e-03,-4.092970862984657288e-02,2.041166275739669800e-02,9.853447787463665009e-03,3.683407604694366455e-02,7.154055405408143997e-03,3.058425150811672211e-02,7.313625421375036240e-03,1.954732649028301239e-02,2.672797627747058868e-02,9.780311957001686096e-03,-2.385571599006652832e-02,-3.287142142653465271e-02,-1.330414973199367523e-02,-2.259245328605175018e-02,5.086293909698724747e-03,-2.025209367275238037e-02,-1.080421917140483856e-02,-2.550460584461688995e-02,4.675401374697685242e-02,-1.026567071676254272e-02,3.646839642897248268e-03,3.787709865719079971e-04,3.042468242347240448e-02,-2.797794155776500702e-02,4.797738417983055115e-02,-5.804358981549739838e-03,2.913814736530184746e-03,4.870209842920303345e-03,1.210737414658069611e-02,-1.467711641453206539e-03,-1.537191122770309448e-02,1.385599561035633087e-02,-1.409535109996795654e-02,2.925450168550014496e-02,-2.917471714317798615e-02,-3.832339867949485779e-02,-1.101033017039299011e-02,9.667282924056053162e-03,-6.426017265766859055e-03,-1.562456320971250534e-02,1.324763521552085876e-03,-1.497298572212457657e-02,-3.260547295212745667e-02,-4.069035407155752182e-03,-2.878908999264240265e-03,-3.308418020606040955e-02,1.777875795960426331e-02,-8.251098915934562683e-03,-8.663321845233440399e-03,2.115632407367229462e-02,-2.279191650450229645e-02,2.177465707063674927e-03,-1.454746536910533905e-02,-4.338309634476900101e-03,2.449399605393409729e-02,-1.995954848825931549e-02,4.475938901305198669e-02,7.652711588889360428e-03,1.241654157638549805e-03,-1.196775026619434357e-02,-9.168003452941775322e-05,1.607667841017246246e-02,-1.788513921201229095e-02,2.159514091908931732e-02,1.843033544719219208e-02,-1.720696501433849335e-02,1.945424266159534454e-02,7.107513956725597382e-03,-1.409535109996795654e-02,4.903453402221202850e-03,-3.225973621010780334e-02,2.341689914464950562e-02,3.340997034683823586e-03,-8.151368238031864166e-03,-3.401500731706619263e-02,2.391887828707695007e-03,-2.805772610008716583e-02,3.869572654366493225e-03,-2.869600616395473480e-02,2.052801661193370819e-03,3.856275230646133423e-03,-2.410836890339851379e-02,-1.132282149046659470e-02,1.170180086046457291e-02,-2.566417679190635681e-02,2.542482130229473114e-02,6.349556613713502884e-03,-2.628915943205356598e-02,-8.224504068493843079e-03,-5.418731365352869034e-03,-9.521010331809520721e-03,1.434800308197736740e-02,5.854224786162376404e-03,8.576887659728527069e-03,-1.561126578599214554e-02,-1.124303694814443588e-02,1.730004884302616119e-02,6.110201589763164520e-03,-3.728619217872619629e-02,-1.627614162862300873e-02,-9.314899332821369171e-03,2.206055447459220886e-02,1.008615456521511078e-02,9.148680604994297028e-03,-2.118291892111301422e-02,2.378922887146472931e-02,2.289829589426517487e-02,5.395460873842239380e-03,-2.033063210546970367e-04,-2.690084464848041534e-02,-2.120951376855373383e-02,5.215944722294807434e-03,2.803113125264644623e-02,1.664847135543823242e-02,-1.897553354501724243e-02,3.547108266502618790e-03,-1.185472216457128525e-02,-2.505249157547950745e-02,1.026567071676254272e-02,3.307753242552280426e-03,3.433414548635482788e-02,-2.949385717511177063e-02,-3.510540351271629333e-02,-1.530542317777872086e-02,-1.501287799328565598e-02,1.537191122770309448e-02,-1.865639351308345795e-02,-2.749923057854175568e-02,-4.118900746107101440e-03,2.327062562108039856e-02,-1.680804044008255005e-02,3.702024370431900024e-02,1.404548529535531998e-03,1.005955971777439117e-02,-1.819098182022571564e-02,4.009196534752845764e-03,1.161536667495965958e-02,1.063135173171758652e-02,2.638224139809608459e-02,-2.017230913043022156e-02,4.713964182883501053e-03,3.039808757603168488e-02,-9.288304485380649567e-03,1.730004884302616119e-02,1.241986546665430069e-02,-2.025209367275238037e-02,-9.434577077627182007e-03,-9.680580347776412964e-03,1.004626136273145676e-02,-2.023879624903202057e-02,-2.097015827894210815e-02,3.271185234189033508e-02,-2.384241856634616852e-02,7.426653988659381866e-03,8.124773390591144562e-03,-2.393550053238868713e-02,2.799123991280794144e-03,6.974539253860712051e-03,-5.438677966594696045e-03,1.586391776800155640e-02,-3.885529562830924988e-02,-3.543783910572528839e-03,8.729808963835239410e-03,7.333571556955575943e-03,-2.626256318762898445e-03,-7.779038045555353165e-03,-2.096018521115183830e-03,-4.584313370287418365e-03,4.537771921604871750e-03,1.430811081081628799e-02,-9.215167723596096039e-03,-1.053162012249231339e-02,1.297836098819971085e-02,5.668059457093477249e-03,1.469373796135187149e-02,9.660634212195873260e-03,-1.469373796135187149e-02,-4.770478233695030212e-03,6.166716106235980988e-03,-3.249909356236457825e-02,-4.654125124216079712e-02,-3.335013240575790405e-02,-2.505249157547950745e-02,3.523837774991989136e-02,1.033880654722452164e-02,-1.153558213263750076e-02,-4.334985278546810150e-03,-7.386761717498302460e-03,-4.622211307287216187e-02,-6.143445149064064026e-03,1.064464915543794632e-02,9.281655773520469666e-03,3.166467417031526566e-03,-4.920075181871652603e-03,1.385599561035633087e-02,2.499930188059806824e-02,1.195445284247398376e-02,7.632765453308820724e-03,-2.670138143002986908e-02,-4.165442194789648056e-03,1.886915415525436401e-02,-3.659472241997718811e-02,3.045127727091312408e-03,3.763192798942327499e-03,-1.263927482068538666e-02,-1.028561685234308243e-02,9.501064196228981018e-03,9.594147093594074249e-03,6.492504850029945374e-03,2.587693557143211365e-02,3.078371519222855568e-03,-3.673434490337967873e-03,-1.225364673882722855e-02,1.176163926720619202e-02,8.377425372600555420e-03,-2.632905030623078346e-03,-1.946754194796085358e-02,-1.017258781939744949e-02,9.880042634904384613e-03,6.349556613713502884e-03,1.051832269877195358e-02,-3.611601144075393677e-02,-1.400393084622919559e-03,2.553120069205760956e-02,-3.929411526769399643e-03,-1.421502791345119476e-02,2.112972922623157501e-02,2.297808043658733368e-02,8.144719526171684265e-03,-6.090255454182624817e-03,2.178130671381950378e-02,3.172783553600311279e-02,-1.202094089239835739e-02,-2.179127885028719902e-03,-7.818930782377719879e-03,-2.343019656836986542e-02,-1.201429218053817749e-02,2.409507147967815399e-02,-9.314899332821369171e-03,-4.244562238454818726e-02,-5.840927362442016602e-03,-1.136105274781584740e-03,1.529212575405836105e-02,-2.247277647256851196e-02,3.603622782975435257e-03,-4.072359763085842133e-03,2.163503319025039673e-02,-1.892234385013580322e-02,-1.158877182751893997e-02,-4.334985278546810150e-03,1.538520865142345428e-02,3.938719630241394043e-02,-3.473971970379352570e-03,-1.224699802696704865e-02,1.113000791519880295e-02,-4.424743354320526123e-03,-1.198104768991470337e-02,-4.558030195767059922e-05,-2.065101824700832367e-02,-3.395849140360951424e-03,-1.599689386785030365e-02,6.233203690499067307e-03,8.929272182285785675e-03,-2.482643350958824158e-02,3.282820573076605797e-03,-8.982461877167224884e-03,-2.967004897072911263e-03,-1.373631786555051804e-02,1.829736083745956421e-01,1.564118545502424240e-03,-1.351690944284200668e-02,9.733770973980426788e-03,1.154887955635786057e-02,6.828266661614179611e-03,3.175443038344383240e-02,2.858962677419185638e-02,1.779205538332462311e-02,1.906861551105976105e-02,-2.741944603621959686e-02,-1.226694439537823200e-03,-2.022882224991917610e-03,4.800397902727127075e-03,1.595700159668922424e-02,-4.457322135567665100e-02,-2.134248800575733185e-02,-1.650219783186912537e-02,-2.880238741636276245e-02,-1.045848429203033447e-02,1.901542651467025280e-03,-1.262597739696502686e-02,-1.634262874722480774e-02,-5.824305117130279541e-03,2.304456941783428192e-02,2.458375412970781326e-03,-2.493281476199626923e-02,3.640855848789215088e-02,3.342991694808006287e-02,-4.112252034246921539e-03,1.554477866739034653e-02,1.819098182022571564e-02,1.579743064939975739e-02,-3.010554239153862000e-02,1.422832533717155457e-02,2.709365682676434517e-03,1.760589145123958588e-02,1.130952406674623489e-02,7.892066612839698792e-03,-9.521218453301116824e-05,1.434800308197736740e-02,9.095490910112857819e-03,2.902179490774869919e-03,7.741638692095875740e-04,1.295176614075899124e-02,2.658170461654663086e-02,-7.359335431829094887e-04,-1.603678613901138306e-02,-1.125633437186479568e-02,7.406707853078842163e-03,-2.015901170670986176e-02,1.087901764549314976e-03,5.034433677792549133e-02,3.124912641942501068e-02,-1.012604683637619019e-02,1.311798486858606339e-02,-2.117627067491412163e-03,1.099703274667263031e-02,1.254619192332029343e-02,-2.432112954556941986e-02,-1.877607032656669617e-02,2.344349399209022522e-02,-2.085048146545886993e-02,2.317754365503787994e-02,-6.116850301623344421e-03,1.083081401884555817e-02,-9.773663245141506195e-03,5.907414481043815613e-03,-1.997949555516242981e-03,-2.038506790995597839e-02,1.545169577002525330e-02,-2.594342455267906189e-02,4.344958346337080002e-03,-2.727649873122572899e-03,-6.588911637663841248e-03,-1.808460056781768799e-02,4.055737704038619995e-02,-6.329610478132963181e-03,-6.678669713437557220e-03,1.480011828243732452e-02,9.487766772508621216e-03,2.004598267376422882e-03,5.465272814035415649e-03,1.085740979760885239e-02,6.923011387698352337e-04,-2.666148915886878967e-02,8.224504068493843079e-03,-1.881596259772777557e-02,-2.333711460232734680e-02,-2.253926359117031097e-02,1.977338269352912903e-02,-5.807683337479829788e-03,-2.071750536561012268e-02,-8.623429574072360992e-03,-2.717676805332303047e-03,1.374961528927087784e-02,3.630217537283897400e-02,2.432112954556941986e-02,-1.053162012249231339e-02,5.764466710388660431e-03,-1.964040845632553101e-02,-1.428151596337556839e-02,4.840290173888206482e-03,1.757929660379886627e-02,-1.046513300389051437e-02,-2.922790683805942535e-02,2.332381717860698700e-02,9.594147093594074249e-03,2.248607389628887177e-02,-4.561042878776788712e-03,2.816410735249519348e-02,-7.479844149202108383e-03,-4.132198169827461243e-03,-2.962018363177776337e-03,4.840290173888206482e-02,1.413690508343279362e-03,-2.462697215378284454e-02,-4.454662650823593140e-02,-8.769702166318893433e-03,-4.102278966456651688e-03,7.306976709514856339e-03,-1.341717783361673355e-02,1.391250989399850368e-03,2.237969450652599335e-02,-2.832367643713951111e-02,-1.585062034428119659e-02,-2.046485431492328644e-02,6.392773240804672241e-03,8.011744357645511627e-03,-2.469345927238464355e-02,8.044987916946411133e-03,-9.993071667850017548e-03,7.685955613851547241e-03,-4.511177074164152145e-03,1.784524507820606232e-02,5.601572338491678238e-03,1.751280762255191803e-02,-1.009259503916837275e-04,-1.004626136273145676e-02,-1.702080108225345612e-02,1.222040317952632904e-02,1.055156718939542770e-02,1.416183821856975555e-02,1.205418445169925690e-02,2.740947296842932701e-03,-2.602320909500122070e-02,1.565115898847579956e-02,-1.263927482068538666e-02,-1.827076636254787445e-02,-2.874919585883617401e-02,-4.249881207942962646e-02,1.743634813465178013e-03,1.397567335516214371e-02,-1.607667841017246246e-02,1.167520601302385330e-02,-2.013241685926914215e-02,-1.158544793725013733e-03,-2.186109125614166260e-02,1.791173405945301056e-02,2.139567956328392029e-02,-4.186053201556205750e-02,3.077041730284690857e-02,2.368284948170185089e-02,-3.731278702616691589e-02,-3.463998902589082718e-03,1.445438340306282043e-02,-1.690378338098526001e-01,1.449427567422389984e-02,2.565087936818599701e-02,-1.307310536503791809e-03,1.458735857158899307e-02,1.599855604581534863e-03,1.773886568844318390e-02,-5.172727629542350769e-03,-2.589688170701265335e-03,2.573066391050815582e-02,1.033049542456865311e-03,1.276560034602880478e-02,-1.763248629868030548e-02,-1.597029902040958405e-02,-1.335069071501493454e-02,1.700750365853309631e-02,-2.087707631289958954e-02,4.630854818969964981e-03,3.616920113563537598e-02,1.441449113190174103e-02,4.569021239876747131e-02,-7.353517692536115646e-03,-5.448651034384965897e-03,-1.817768439650535583e-02,2.599661424756050110e-02,1.994625106453895569e-02,-1.281879097223281860e-02,3.517188830301165581e-03,-1.509266346693038940e-02,-2.127600088715553284e-02,-1.436130050569772720e-02,-4.783775657415390015e-03,2.850984223186969757e-02,1.048009260557591915e-03,4.969940986484289169e-03,2.952045062556862831e-03,-2.989278174936771393e-02,7.539683021605014801e-03,-9.316561627201735973e-04,8.536995388567447662e-03,8.563590236008167267e-03,-5.229242146015167236e-03,1.862979866564273834e-02,1.938775554299354553e-02,-1.839044317603111267e-02,1.940105296671390533e-02,1.487990375608205795e-02,-2.715349569916725159e-02,1.275230292230844498e-02,-4.328336566686630249e-03,1.025237329304218292e-02,-2.607639878988265991e-02,-2.923788037151098251e-03,-2.677784301340579987e-03,1.788513921201229095e-02,1.348366588354110718e-02,-7.353517692536115646e-03,-1.276560127735137939e-03,-9.607444517314434052e-03,-3.620244562625885010e-03,-6.708588916808366776e-03,-7.931958884000778198e-03,1.454746536910533905e-02,-2.035847306251525879e-02,1.394907850772142410e-02,-2.569077163934707642e-02,-1.535861287266016006e-02,5.016481969505548477e-03,-2.949385717511177063e-02,8.776350878179073334e-03,-2.569077163934707642e-02,-1.851012185215950012e-02,4.276476055383682251e-02,-8.776350878179073334e-03,2.521206066012382507e-02,2.033187821507453918e-02,2.105991588905453682e-03,1.192785799503326416e-02,3.146188706159591675e-02,1.890904642641544342e-02,-1.926807872951030731e-02,4.465300589799880981e-02,-2.341689914464950562e-02,1.571764610707759857e-02,1.811119541525840759e-02,2.912152744829654694e-02,1.270576193928718567e-02,-1.888245157897472382e-02,-2.594674937427043915e-03,1.519904378801584244e-02,-1.573094353079795837e-02,-2.698062919080257416e-02,3.311077598482370377e-03,-2.347008883953094482e-02,4.773802682757377625e-02,1.884255930781364441e-02,2.178130671381950378e-02,-1.009280327707529068e-02,1.920159161090850830e-02,-1.726015657186508179e-02,2.640883624553680420e-02,-1.753940433263778687e-02,-2.720668725669384003e-02,2.027868852019309998e-02,4.105603322386741638e-03,-3.377565182745456696e-03,2.195417322218418121e-02,2.192757837474346161e-02,3.800425678491592407e-02,-2.973321080207824707e-02,-4.132198169827461243e-03,-1.255948934704065323e-02,9.454523213207721710e-03,3.930741176009178162e-02,1.662187569309026003e-04,2.557109296321868896e-02,-3.440728411078453064e-03,-2.739285118877887726e-02,1.325095910578966141e-02,-1.025237329304218292e-02,5.622183158993721008e-02,-9.534307755529880524e-03,-4.571015946567058563e-03,-5.322324577718973160e-03,-3.449371829628944397e-02,-1.909521035850048065e-02,-9.717813879251480103e-02,-4.361580125987529755e-03,2.509903162717819214e-03,6.555668078362941742e-03,2.991937659680843353e-02,3.265866264700889587e-02,-3.149845404550433159e-03,5.215944722294807434e-03,-5.102915689349174500e-03,1.506606861948966980e-02,-1.803141087293624878e-02,-1.821757666766643524e-02,-7.001134101301431656e-03,-1.530874753370881081e-03,1.680804044008255005e-02,-1.126298308372497559e-02,2.002936089411377907e-03,-2.061112597584724426e-02,-9.394683875143527985e-03,2.037177048623561859e-02,-1.664847135543823242e-02,7.666009012609720230e-03,4.707315471023321152e-03,-2.858962677419185638e-02,1.823087409138679504e-02,1.051832269877195358e-02,-4.183393716812133789e-02,3.068398218601942062e-03,1.033880654722452164e-02,1.307809166610240936e-02,-4.138846881687641144e-03,2.312103053554892540e-03,1.509266346693038940e-02,-2.421807264909148216e-03,-2.420145086944103241e-02,-1.942764781415462494e-02,-1.236667577177286148e-02,-2.436102181673049927e-02,3.779149800539016724e-02,-2.457378059625625610e-02,-4.218631889671087265e-03,8.171314373612403870e-03,1.028063008561730385e-03,-1.011274941265583038e-02,1.992963021621108055e-03,9.848461486399173737e-04,-2.733966149389743805e-02,2.575725875794887543e-02,2.880238741636276245e-02,8.570238947868347168e-03,-2.204725705087184906e-02,1.200099475681781769e-03,-4.204669594764709473e-02,-2.792475186288356781e-02,2.224671840667724609e-02,-4.561042878776788712e-03,-4.870209842920303345e-03,4.707315471023321152e-03,-1.543839834630489349e-02,-7.360166870057582855e-03,-1.714047789573669434e-02,1.691442169249057770e-02,7.506438996642827988e-03,1.938775554299354553e-02,2.544809132814407349e-03,1.315122842788696289e-02,-8.882730267941951752e-03,-1.916169933974742889e-02,1.809789799153804779e-02,-1.247970480471849442e-02,1.925478130578994751e-02,1.239160890690982342e-03,-6.967890542000532150e-03,1.182147860527038574e-02,-3.460009768605232239e-02,1.490151160396635532e-03,5.511814262717962265e-03,-1.753940433263778687e-02,-1.859987969510257244e-03,-2.723328210413455963e-02,-1.016593910753726959e-02,-1.949413679540157318e-02,3.374905511736869812e-02,-1.758594415150582790e-03,3.071722574532032013e-02,-5.086293909698724747e-03,4.251875914633274078e-03,7.885417900979518890e-03,1.558467093855142593e-02,-1.954732649028301239e-02,1.214726734906435013e-02,3.420117124915122986e-02,3.242928069084882736e-03,-2.773858606815338135e-02,-2.370279515162110329e-03,1.945424266159534454e-02,4.354931414127349854e-03,-5.940658506006002426e-03,-4.451338201761245728e-03,1.804470829665660858e-02,-8.497103117406368256e-03,-1.264592353254556656e-02,-6.106212362647056580e-02,2.541152387857437134e-02,-6.954592652618885040e-03,1.373631786555051804e-02,1.497298572212457657e-02,-2.526525221765041351e-02,2.018560655415058136e-02,-2.640883624553680420e-02,-1.099703274667263031e-02,1.121644210070371628e-02,-1.829736120998859406e-02,4.321687668561935425e-02,-1.190126314759254456e-02,-1.954732649028301239e-02,-1.207579276524484158e-03,7.127460557967424393e-03,-3.520513419061899185e-03,1.146244537085294724e-02,1.646230556070804596e-02,6.781725212931632996e-03,-4.667422734200954437e-03,1.606338098645210266e-02,2.973653608933091164e-03,1.694101653993129730e-02,-1.908191293478012085e-02,1.601019129157066345e-02,1.286533195525407791e-03,1.715377531945705414e-02,-1.751280762255191803e-02,-2.525195479393005371e-02,1.958721876144409180e-02,-1.309803780168294907e-02,-1.647227909415960312e-03,-1.573260524310171604e-03,1.265922095626592636e-02,-2.283180877566337585e-02,-8.683267980813980103e-03,-3.912789747118949890e-03,1.386929303407669067e-02,3.539794683456420898e-02,-8.005095645785331726e-03,-2.347008883953094482e-02,4.567691590636968613e-03,-1.644900813698768616e-02,1.315787713974714279e-02,-1.222705189138650894e-02,3.842977806925773621e-03,2.827048674225807190e-02,2.352327853441238403e-02,-1.635592617094516754e-02,1.452087052166461945e-02,1.965370588004589081e-02,7.080919109284877777e-03,-1.440119370818138123e-02,-2.228993456810712814e-03,-5.069672130048274994e-03,2.287170104682445526e-02,1.080421963706612587e-03,1.436130050569772720e-02,-5.792391300201416016e-02,3.388203307986259460e-02,1.353685557842254639e-02,1.542510092258453369e-02,-2.521206066012382507e-02,2.120951376855373383e-02,-3.042468242347240448e-02,5.485218949615955353e-03,3.543783910572528839e-03,-1.111671049147844315e-02,-1.393578108400106430e-02,-6.000497378408908844e-03,-1.284538581967353821e-02,-4.484582226723432541e-03,3.247249498963356018e-02,2.456713235005736351e-03,-4.142171703279018402e-03,7.180650136433541775e-04,-1.756599918007850647e-02,-1.416183821856975555e-02,-6.419368553906679153e-03,2.114302664995193481e-02,2.822394482791423798e-03,-1.239160890690982342e-03,2.868935698643326759e-03,1.881596259772777557e-02,4.577664658427238464e-03,-4.318363498896360397e-03,-1.998614333570003510e-02,2.339030429720878601e-02,-2.445077989250421524e-03,5.003184545785188675e-03,3.281823173165321350e-02,4.086903645657002926e-04,-2.104994282126426697e-02,-1.312463358044624329e-02,1.249965094029903412e-02,-8.836189284920692444e-03,2.035847306251525879e-02,1.258608419448137283e-02,1.612321939319372177e-03,-2.424134314060211182e-02,1.215890166349709034e-03,-1.493309345096349716e-02,-1.125633437186479568e-02,2.865611342713236809e-03,6.396098062396049500e-03,-6.529072765260934830e-03,-2.521206066012382507e-02,3.331023966893553734e-03,1.442778855562210083e-02,4.527798853814601898e-03,2.087707631289958954e-03,9.467820636928081512e-03,1.315787713974714279e-02,-2.273872680962085724e-02,1.692771911621093750e-02,-1.047178171575069427e-02,3.989250399172306061e-03,-1.708728820085525513e-02,8.862784132361412048e-03,-3.104966366663575172e-03,-2.812421415001153946e-03,4.168766550719738007e-03,9.607444517314434052e-04,3.866913169622421265e-02,3.122253157198429108e-02,1.798486919142305851e-03,8.430615067481994629e-03,-1.723356172442436218e-02,1.301825325936079025e-02,1.316452585160732269e-02,5.242539569735527039e-03,-1.930797100067138672e-02,-1.287862937897443771e-02,7.892066612839698792e-03,-3.365929936990141869e-03,-7.227191701531410217e-03,1.630273647606372833e-02,2.612958895042538643e-03,6.787044554948806763e-02,2.112640533596277237e-03,-1.115660276263952255e-02,5.977226421236991882e-03,6.233203690499067307e-03,1.345707103610038757e-02,-1.087070722132921219e-02,1.301160454750061035e-02,-5.325648933649063110e-03,-3.396181762218475342e-02,2.486632578074932098e-02,2.097680699080228806e-03,2.429453469812870026e-02,4.595948557835072279e-04,-1.226694416254758835e-02,1.142920181155204773e-02,-6.412719842046499252e-03,8.051636628806591034e-03,-1.313128229230642319e-02,1.993295364081859589e-02,2.630245685577392578e-02,-2.752582728862762451e-02,8.337533101439476013e-03,-1.330414973199367523e-02,-9.747068397700786591e-03,9.454523213207721710e-03,3.499902039766311646e-02,-5.924036726355552673e-03,-8.410668931901454926e-03,-2.178130671381950378e-02,-1.444108597934246063e-02,-4.035791382193565369e-03,-3.015873208642005920e-02,-1.744632050395011902e-02,-4.464636091142892838e-03,-3.444052860140800476e-02,-1.400226820260286331e-02,-1.014599297195672989e-02,1.130287535488605499e-02,2.291159331798553467e-02,-2.106324024498462677e-02,2.715349569916725159e-02,-1.929467357695102692e-02,-1.143585052341222763e-02,3.430755063891410828e-02,6.063660141080617905e-03,1.495968899689614773e-04,7.067621685564517975e-03,-2.437431924045085907e-02
7.885502651333808899e-03,-1.223658677190542221e-02,-1.742107095196843147e-03,-2.273274026811122894e-02,-2.360295690596103668e-02,2.246498130261898041e-02,-2.420541457831859589e-02,-7.925666868686676025e-03,4.765273770317435265e-04,-2.139394544064998627e-02,2.333519794046878815e-02,2.680267766118049622e-02,-3.450744319707155228e-03,-1.081746444106101990e-02,7.974198088049888611e-04,-3.398865927010774612e-03,1.328084710985422134e-02,2.138055674731731415e-02,-3.805524902418255806e-03,-1.120571419596672058e-02,-4.182395711541175842e-02,2.472754381597042084e-02,-3.584623802453279495e-03,-3.060485422611236572e-02,-1.942926319316029549e-03,7.945748977363109589e-03,3.154201060533523560e-02,-3.075881628319621086e-03,-1.101828366518020630e-02,-2.304066345095634460e-02,-1.322729513049125671e-02,-1.428494323045015335e-02,-4.099390655755996704e-02,2.908532274886965752e-03,-1.951963268220424652e-02,7.651213556528091431e-03,2.037646062672138214e-02,-1.242401823401451111e-02,2.846278250217437744e-02,1.151363737881183624e-02,-1.291100517846643925e-03,-9.371565654873847961e-03,-2.016560174524784088e-03,2.515595965087413788e-02,-9.625936858355998993e-03,3.905934514477849007e-03,3.008941886946558952e-03,5.867269355803728104e-03,-3.737915679812431335e-02,2.641442604362964630e-02,-2.426566090434789658e-03,4.729293752461671829e-03,-2.578519284725189209e-02,-3.445305337663739920e-04,-7.604355923831462860e-03,1.539614313514903188e-04,8.775801397860050201e-03,1.878329552710056305e-02,-3.197042644023895264e-02,-1.591827347874641418e-02,3.208087757229804993e-03,4.973623435944318771e-03,-7.611049804836511612e-03,6.697322241961956024e-03,-9.229318238794803619e-04,-2.558437362313270569e-02,-7.872114889323711395e-03,-8.407632820308208466e-03,-1.622619666159152985e-02,-3.738585161045193672e-03,2.112618647515773773e-02,3.282725438475608826e-02,1.101158931851387024e-02,-1.453931443393230438e-02,1.684204116463661194e-02,-2.535677887499332428e-02,1.021500583738088608e-02,-8.889598771929740906e-03,-2.609311603009700775e-02,-1.262651057913899422e-03,7.383454591035842896e-03,-1.024178229272365570e-02,-9.846837259829044342e-03,2.198970876634120941e-03,3.491577506065368652e-02,-2.824857644736766815e-02,-3.034044289961457253e-03,2.147427201271057129e-02,1.475352142006158829e-02,-1.874313130974769592e-02,2.226416207849979401e-02,3.170266747474670410e-02,6.402787286788225174e-03,8.852782193571329117e-04,-5.813717376440763474e-03,-2.332850359380245209e-03,-1.561035029590129852e-02,2.547726966440677643e-02,1.503466814756393433e-02,-1.570406556129455566e-02,-1.202907320111989975e-02,-2.848286414518952370e-03,-1.162074133753776550e-02,-3.612654691096395254e-04,-2.516934648156166077e-02,-2.832890301942825317e-02,4.933459684252738953e-03,-1.023508794605731964e-02,3.879828006029129028e-02,-6.265561096370220184e-03,1.386991702020168304e-02,2.709721215069293976e-02,-1.798001676797866821e-02,-3.071195818483829498e-02,-1.019492466002702713e-02,-1.215793308801949024e-03,3.504965454339981079e-02,-2.064421959221363068e-02,9.565690532326698303e-03,-2.590568363666534424e-02,1.773903495632112026e-03,1.367579121142625809e-02,2.868368523195385933e-03,-1.197552215307950974e-02,3.443213645368814468e-04,8.086321875452995300e-03,-9.130582213401794434e-03,-2.361634559929370880e-02,-1.623958349227905273e-02,-6.804425735026597977e-03,-2.418198622763156891e-03,2.424557879567146301e-02,4.501029103994369507e-02,1.071705482900142670e-02,-3.084249095991253853e-03,1.819422468543052673e-02,-5.479018669575452805e-03,6.901488639414310455e-03,-2.346907742321491241e-02,-1.866280287504196167e-02,1.363562792539596558e-02,1.832810416817665100e-02,-4.782845266163349152e-03,4.250674508512020111e-03,9.632630273699760437e-03,2.744529955089092255e-02,-1.391008030623197556e-02,1.733739674091339111e-02,8.528124541044235229e-03,-2.859666198492050171e-02,1.440543495118618011e-02,-1.899750158190727234e-02,2.468738146126270294e-02,-8.360775187611579895e-03,-9.987411089241504669e-03,2.312099002301692963e-02,-2.655834658071398735e-03,3.298791125416755676e-02,-3.724527731537818909e-02,-1.000079885125160217e-02,-9.244379587471485138e-03,-6.670546252280473709e-03,3.280048072338104248e-02,-7.940728100948035717e-04,2.678928896784782410e-02,2.455350197851657867e-02,-5.053951404988765717e-03,-1.089779194444417953e-02,-4.280797205865383148e-03,-8.528124541044235229e-03,2.660185843706130981e-02,-1.788630150258541107e-02,-2.439284510910511017e-02,9.880307130515575409e-03,-8.581676520407199860e-03,3.296113386750221252e-02,7.410230580717325211e-03,-1.371428137645125389e-03,-2.293355949223041534e-02,9.398341178894042969e-03,-2.270596474409103394e-02,-2.709721215069293976e-02,1.898411475121974945e-02,3.376441076397895813e-02,-1.449915021657943726e-02,-2.294359961524605751e-03,8.789189159870147705e-03,2.049695327877998352e-02,1.232528244145214558e-03,-3.922669682651758194e-03,7.316514849662780762e-03,3.108682110905647278e-02,-2.330842241644859314e-02,-1.009116764180362225e-03,-6.589013934135437012e-01,-2.747207507491111755e-02,-1.274365582503378391e-03,-2.958737127482891083e-02,6.832038634456694126e-04,3.136127488687634468e-03,3.962833434343338013e-03,7.068837992846965790e-03,-7.477170322090387344e-03,9.056948125362396240e-03,-1.316704973578453064e-02,1.764531806111335754e-02,4.257368389517068863e-03,-8.894619531929492950e-04,-2.690978115424513817e-03,-2.448656223714351654e-02,-6.734139285981655121e-03,-6.955040153115987778e-03,-8.267059922218322754e-03,-1.427155546844005585e-02,-2.281306870281696320e-02,1.389669254422187805e-02,2.365650795400142670e-02,1.714996434748172760e-02,5.743430927395820618e-03,-9.097112342715263367e-03,1.555679831653833389e-02,5.191178061068058014e-03,-9.552302770316600800e-03,2.266580052673816681e-02,-3.073873370885848999e-02,1.007443293929100037e-02,2.267584204673767090e-03,1.499450486153364182e-02,4.037806019186973572e-02,-8.039464242756366730e-03,-2.500869147479534149e-02,2.633409947156906128e-02,1.219642255455255508e-02,3.052452765405178070e-02,-1.432510744780302048e-02,-3.175621852278709412e-02,2.293355949223041534e-02,-2.545049414038658142e-02,4.926765803247690201e-03,1.267838943749666214e-02,3.371085971593856812e-02,3.818912897258996964e-03,2.372344769537448883e-02,-7.209411356598138809e-03,-2.061744406819343567e-02,-1.180817279964685440e-02,-2.439284510910511017e-02,1.629313640296459198e-02,1.542291883379220963e-02,1.202237978577613831e-02,4.166330397129058838e-02,-2.008192613720893860e-02,1.958657242357730865e-02,6.653811316937208176e-03,1.242401823401451111e-02,8.916375227272510529e-03,-2.503546699881553650e-02,-2.816824801266193390e-02,-2.138055674731731415e-02,-3.263982385396957397e-02,-2.682610647752881050e-03,1.191527582705020905e-02,7.196023594588041306e-03,-3.695074468851089478e-03,5.760165862739086151e-03,3.084583766758441925e-02,-1.613248139619827271e-02,2.440623380243778229e-02,-5.527759276446886361e-05,-4.371165763586759567e-03,1.828793995082378387e-02,3.077555214986205101e-03,-6.499850191175937653e-03,-2.983525700983591378e-05,-8.641921915113925934e-03,-1.197384786792099476e-03,-4.043161123991012573e-02,-5.231341812759637833e-03,1.507483236491680145e-02,-8.367469534277915955e-03,-1.348836068063974380e-02,-1.889039762318134308e-02,3.044419921934604645e-02,1.216295268386602402e-02,-3.138135746121406555e-02,2.079148776829242706e-02,-2.716080518439412117e-03,-2.301388792693614960e-02,2.577180415391921997e-02,1.932885381393134594e-03,7.597662042826414108e-04,3.076551109552383423e-02,2.524967491626739502e-02,-1.923848502337932587e-02,1.207593176513910294e-02,-8.340693078935146332e-03,-6.248826161026954651e-03,-3.459446504712104797e-02,1.636007614433765411e-02,1.465980615466833115e-02,-6.426216103136539459e-03,8.354080840945243835e-03,3.357698023319244385e-02,-4.375182092189788818e-02,-8.949845097959041595e-03,-2.605629852041602135e-03,3.504296066239476204e-03,-1.674832589924335480e-02,-1.272524707019329071e-02,-2.678928896784782410e-02,2.119312621653079987e-02,-6.339194718748331070e-03,1.137306448072195053e-02,-1.832810416817665100e-02,1.253781560808420181e-02,-6.061394698917865753e-03,1.209601294249296188e-02,-1.846198365092277527e-02,7.805175147950649261e-03,1.842181943356990814e-02,-9.090417996048927307e-03,-1.756499148905277252e-02,-1.162074133753776550e-02,-1.358877029269933701e-02,-1.340803224593400955e-02,-1.771225780248641968e-02,1.619942113757133484e-02,-8.829353377223014832e-03,1.674832589924335480e-02,1.573084155097603798e-03,1.765870675444602966e-02,-1.018153596669435501e-02,1.212948281317949295e-02,-2.415186353027820587e-02,2.567139454185962677e-03,5.204565823078155518e-03,-6.081476341933012009e-03,-2.537016570568084717e-02,-1.283235102891921997e-02,-3.424637764692306519e-02,-7.805175147950649261e-03,-1.050954125821590424e-02,-3.063163161277770996e-02,-8.513900102116167545e-04,-1.044260151684284210e-02,-1.611909270286560059e-02,-4.688460379838943481e-02,-1.848875917494297028e-02,-3.708462230861186981e-03,2.008192474022507668e-03,-2.429912984371185303e-02,1.097811968065798283e-03,-2.239804156124591827e-02,-2.020241692662239075e-02,8.400939404964447021e-03,5.445548798888921738e-03,-3.636167198419570923e-02,-2.741852216422557831e-02,-1.222487189806997776e-03,-2.331177005544304848e-03,1.362893357872962952e-02,-1.291267853230237961e-02,3.291762433946132660e-03,-2.194285020232200623e-02,1.312019117176532745e-02,2.973798429593443871e-03,-1.570406556129455566e-02,1.751143857836723328e-02,2.541032992303371429e-02,-1.200899202376604080e-02,-4.464881494641304016e-03,-6.285642739385366440e-03,-1.137306448072195053e-02,1.286582089960575104e-02,1.658767089247703552e-02,3.099310677498579025e-03,-2.403137087821960449e-02,-7.008592132478952408e-03,2.275951579213142395e-02,-1.665126299485564232e-03,1.059656310826539993e-02,1.518695615231990814e-03,1.399040874093770981e-02,1.214287150651216507e-02,-2.462127886246889830e-04,1.174792647361755371e-02,2.204995416104793549e-02,-7.249575108289718628e-03,4.337695892900228500e-03,2.431586617603898048e-03,9.164052084088325500e-03,-1.086432207375764847e-02,-4.307573195546865463e-03,2.251853235065937042e-02,6.543360650539398193e-03,-9.230991825461387634e-03,3.700429573655128479e-02,-1.899750158190727234e-02,2.251853235065937042e-02,-2.907862886786460876e-02,1.194874569773674011e-02,-1.287920866161584854e-02,5.154361017048358917e-03,-4.581189423333853483e-04,-8.856128901243209839e-03,-3.711139783263206482e-02,-1.448576245456933975e-02,-3.189679235219955444e-03,1.796662993729114532e-02,4.268078505992889404e-02,-1.569067873060703278e-02,1.725706830620765686e-02,7.637825794517993927e-03,-1.039239694364368916e-03,1.258467324078083038e-02,-9.753121994435787201e-03,1.595843769609928131e-02,1.150024961680173874e-02,-3.438025712966918945e-02,1.020831242203712463e-02,1.798001676797866821e-02,5.930861923843622208e-03,-5.030522588640451431e-03,-2.870376594364643097e-02,-1.264491956681013107e-02,-1.945269294083118439e-02,1.936232321895658970e-03,1.690898090600967407e-02,1.421800348907709122e-02,-7.544110063463449478e-03,9.733039885759353638e-03,-1.519532408565282822e-02,2.051703399047255516e-03,6.322459783405065536e-03,2.843600697815418243e-02,1.630652323365211487e-02,4.548556171357631683e-03,-1.827455312013626099e-02,6.914876401424407959e-03,-9.940553456544876099e-03,4.314267076551914215e-03,3.280048072338104248e-02,5.435507744550704956e-03,2.501873299479484558e-03,7.329903077334165573e-03,3.510989947244524956e-03,-2.881086990237236023e-02,-1.767209544777870178e-02,5.388650111854076385e-03,-2.194285020232200623e-02,2.326825819909572601e-02,-2.386402105912566185e-03,1.065011508762836456e-02,2.752562612295150757e-02,-1.510160788893699646e-02,-2.211689390242099762e-02,1.690898090600967407e-02,5.592816509306430817e-03,3.068518266081809998e-02,2.225077338516712189e-02,2.105924673378467560e-02,-1.288590283365920186e-04,2.870041935238987207e-04,-2.273274026811122894e-02,2.438280498608946800e-03,-1.750474562868475914e-03,-1.985966446227394044e-05,1.929203607141971588e-02,1.335448026657104492e-02,-1.512838411144912243e-03,-3.380457637831568718e-03,8.287978125736117363e-04,1.077060587704181671e-02,1.998821087181568146e-02,-1.301308814436197281e-02,-3.156878799200057983e-02,2.092536725103855133e-02,-6.633729673922061920e-03,-1.606553979218006134e-02,-5.830452311784029007e-03,-2.891797386109828949e-02,3.371085971593856812e-02,-3.885183110833168030e-02,1.488740090280771255e-02,-7.992606610059738159e-03,1.905105449259281158e-02,-2.416525036096572876e-03,-1.700269803404808044e-02,-8.374162949621677399e-03,-2.520951069891452789e-02,1.633330062031745911e-02,-2.198301441967487335e-02,7.229493465274572372e-03,1.866991515271365643e-04,-9.572384878993034363e-03,-4.180387593805789948e-03,-2.203991403803229332e-03,-1.202237978577613831e-02,4.217204451560974121e-02,-4.916724748909473419e-03,-8.400939404964447021e-03,-7.912279106676578522e-03,-1.021500583738088608e-02,-1.551663503050804138e-02,-2.776660956442356110e-02,-6.760915275663137436e-03,3.064167220145463943e-03,-1.789969019591808319e-02,1.668138615787029266e-02,-2.403137087821960449e-02,-2.341217827051877975e-03,-3.175454621668905020e-04,1.710980013012886047e-02,-5.706613883376121521e-04,1.133959461003541946e-02,-4.688460379838943481e-02,-1.893056184053421021e-02,1.664122194051742554e-02,9.446538239717483521e-02,-9.204216185025870800e-04,-1.565051451325416565e-02,1.316035538911819458e-02,2.397781983017921448e-02,6.349235773086547852e-03,1.868957839906215668e-02,-6.322459783405065536e-03,-4.113447852432727814e-03,1.565553480759263039e-03,9.960635565221309662e-03,-3.408572077751159668e-02,3.328244388103485107e-02,5.385302938520908356e-03,3.036387264728546143e-02,1.508822012692689896e-02,-2.665540948510169983e-02,-1.149355527013540268e-02,1.593166030943393707e-02,-1.082415785640478134e-02,-4.709211643785238266e-03,-3.000574419274926186e-03,5.368568003177642822e-03,1.297961827367544174e-02,-2.152782492339611053e-02,1.131951250135898590e-02,8.943150751292705536e-03,2.128684148192405701e-02,6.309071555733680725e-03,-1.607892848551273346e-02,2.484803646802902222e-02,3.025676822289824486e-03,-2.580527449026703835e-03,1.020161807537078857e-02,-1.569067873060703278e-02,-9.558997116982936859e-03,4.454840440303087234e-03,1.453931443393230438e-02,3.079228661954402924e-02,-1.125257275998592377e-02,6.114946212619543076e-03,-6.811120081692934036e-03,1.593166030943393707e-02,-2.093875408172607422e-02,-3.045758698135614395e-03,8.541512303054332733e-03,1.603876426815986633e-02,4.344389773905277252e-03,-2.294694818556308746e-02,-3.972874488681554794e-03,2.068438380956649780e-02,-2.503546699881553650e-02,-1.459286641329526901e-02,-1.807373389601707458e-02,-5.318363197147846222e-03,1.984094269573688507e-02,1.755160279572010040e-02,-2.826531184837222099e-03,-2.250514551997184753e-02,6.222050171345472336e-03,-1.130612473934888840e-02,-2.865021489560604095e-02,5.087421275675296783e-03,6.365970708429813385e-03,-2.814147248864173889e-02,-9.485363028943538666e-03,-1.251773349940776825e-02,-8.221038151532411575e-04,-2.318792976438999176e-02,-1.982755400240421295e-02,-1.071872771717607975e-03,7.443700451403856277e-03,-6.128334440290927887e-03,-2.423219010233879089e-02,-1.587727310834452510e-04,2.146088518202304840e-02,2.188929915428161621e-02,5.000399425625801086e-03,-1.419122796505689621e-02,2.990868128836154938e-02,-2.495179185643792152e-03,-6.044659763574600220e-03,-7.289739325642585754e-03,-3.815565956756472588e-03,-1.491417735815048218e-02,2.443300932645797729e-02,-1.492756512016057968e-02,-9.833449497818946838e-03,-1.535597909241914749e-02,-5.827105604112148285e-03,3.838994773104786873e-03,1.447572140023112297e-04,5.853881593793630600e-03,-7.865420542657375336e-03,-8.996702730655670166e-03,4.802927374839782715e-03,-1.648056693375110626e-02,2.470076829195022583e-02,-1.091787405312061310e-02,5.602020537480711937e-04,2.520281588658690453e-03,-5.683185067027807236e-03,1.952758175320923328e-04,-2.720431610941886902e-02,5.298281554132699966e-03,-1.037566177546977997e-02,6.821160670369863510e-03,1.295953616499900818e-02,5.489059723913669586e-03,2.048356458544731140e-02,8.427714928984642029e-03,-1.763193123042583466e-02,-1.059656310826539993e-02,-4.478269256651401520e-03,-2.559776231646537781e-02,1.364901568740606308e-02,1.060158363543450832e-03,4.008352383971214294e-02,1.202907320111989975e-02,1.507817883975803852e-03,-1.017484255135059357e-02,7.865420542657375336e-03,2.840923145413398743e-02,-4.863173235207796097e-03,-2.490158751606941223e-02,-6.894794758409261703e-03,-6.386052351444959641e-03,-2.763273008167743683e-02,8.976620621979236603e-03,8.113098330795764923e-03,-1.824777573347091675e-02,1.392346899956464767e-02,1.140653435140848160e-02,-6.697322241961956024e-03,-2.697672136127948761e-02,-2.524967491626739502e-02,8.561594411730766296e-03,-1.355530042201280594e-02,-2.004176191985607147e-02,1.151363737881183624e-02,-2.786367200314998627e-03,-2.641442604362964630e-02,-1.698930934071540833e-02,-3.756659105420112610e-02,-2.077809907495975494e-02,-2.492836490273475647e-02,5.080727394670248032e-03,-8.528124541044235229e-03,-4.829703364521265030e-03,2.010870166122913361e-02,-1.216295268386602402e-02,1.374942529946565628e-02,-3.009611368179321289e-02,8.936457335948944092e-03,-1.460625417530536652e-02,-1.408412400633096695e-02,-6.027924828231334686e-03,-9.312992915511131287e-04,2.463382855057716370e-02,4.174362868070602417e-02,3.170266747474670410e-02,5.291587673127651215e-03,1.233030203729867935e-02,2.437945827841758728e-02,-2.642446663230657578e-03,-9.957287693396210670e-04,-1.146008539944887161e-02,1.028863992542028427e-02,-4.466220363974571228e-02,2.437945827841758728e-02,1.147347409278154373e-02,1.858247630298137665e-02,2.358956821262836456e-02,4.257368296384811401e-02,-3.025676822289824486e-03,3.862423822283744812e-03,1.714996434748172760e-02,1.024847663938999176e-02,-2.648136578500270844e-02,-3.167589008808135986e-02,-2.520951069891452789e-02,-3.333599865436553955e-02,8.220201358199119568e-03,7.885502651333808899e-03,-2.632071077823638916e-02,-4.551903158426284790e-02,3.944090381264686584e-02,-1.595843769609928131e-02,2.854980528354644775e-03,-7.765011396259069443e-03,3.609391301870346069e-02,-2.609311603009700775e-02,4.265401139855384827e-02,-9.117194451391696930e-03,1.384314056485891342e-02,-1.390673336572945118e-03,2.067099511623382568e-02,-1.427155546844005585e-02,-1.820761337876319885e-02,2.715076319873332977e-02,-1.225666888058185577e-02,1.147347409278154373e-02,-3.180976957082748413e-02,-2.653491869568824768e-02,-6.914876401424407959e-03,1.819087774492800236e-03,-1.249765232205390930e-02,-2.811469603329896927e-03,-1.686881761997938156e-03,-1.882345788180828094e-02,-3.865770762786269188e-03,-8.742331527173519135e-03,-1.190188806504011154e-02,-1.409751176834106445e-02,1.851553656160831451e-02,-4.046508111059665680e-03,-1.460625417530536652e-02,8.789189159870147705e-03,-4.086002334952354431e-02,1.963008195161819458e-03,5.308322608470916748e-03,-1.305325143039226532e-02,3.057807870209217072e-02,-1.565051451325416565e-02,4.479608312249183655e-02,2.267918922007083893e-02,9.974023327231407166e-03,-7.818562909960746765e-03,9.625936858355998993e-03,-7.068837992846965790e-03,-1.192866358906030655e-02,2.779338508844375610e-02,2.018903009593486786e-02,-1.452592667192220688e-02,5.318363197147846222e-03,5.445548798888921738e-03,5.542611703276634216e-03,-6.267234566621482372e-04,-1.876990683376789093e-02,4.613487794995307922e-02,5.117543973028659821e-03,4.351084120571613312e-03,-3.566550090909004211e-02,-7.450394332408905029e-03,-1.578439399600028992e-02,1.917154528200626373e-02,-2.388410456478595734e-02,-3.901332383975386620e-04,-4.645619075745344162e-03,-2.037646062672138214e-02,-1.194205228239297867e-02,1.440543495118618011e-02,-2.741852216422557831e-02,5.191847309470176697e-02,-3.147841896861791611e-03,-2.226416207849979401e-02,-7.021979894489049911e-03,-1.204246189445257187e-02,-1.089779194444417953e-02,2.044340036809444427e-02,-1.103836484253406525e-02,9.458587504923343658e-03,-5.468977615237236023e-03,1.095134392380714417e-02,3.411249816417694092e-02,5.225484492257237434e-04,-2.103247120976448059e-02,-9.230991825461387634e-03,-7.570886053144931793e-03,2.838245593011379242e-02,-4.916724748909473419e-03,-3.372090170159935951e-03,-1.218972913920879364e-02,3.172944113612174988e-02,2.670896053314208984e-02,7.758317515254020691e-03,9.907083585858345032e-04,-1.919832080602645874e-02,-1.660105958580970764e-02,-2.866694936528801918e-03,1.223658677190542221e-02,1.353521831333637238e-02,-2.022919245064258575e-02,2.524967491626739502e-02,-1.118563301861286163e-02,-3.138135746121406555e-02,5.281546618789434433e-03,1.479368563741445541e-02,2.703027240931987762e-02,-2.045678906142711639e-02,-3.280048072338104248e-02,-1.295953616499900818e-02,-1.735078357160091400e-02,1.964012347161769867e-02,-6.563442759215831757e-03,-7.483864203095436096e-03,7.544110063463449478e-03,1.764531806111335754e-02,-2.049695327877998352e-02,2.913217991590499878e-02,-2.023254055529832840e-03,5.341792479157447815e-03,-1.261144969612360001e-02,7.075531873852014542e-03,1.381636504083871841e-02,9.933859109878540039e-03,2.856988646090030670e-02,-2.498191595077514648e-02,-1.456608995795249939e-02,2.554420940577983856e-02,-1.370591460727155209e-03,1.332101062871515751e-03,4.006344359368085861e-03,-2.555759809911251068e-02,-1.923848502337932587e-02,-6.623688619583845139e-03,5.981066729873418808e-03,-1.322060078382492065e-02,-8.320610970258712769e-03,1.930542476475238800e-02,-1.980077847838401794e-02,2.995553892105817795e-03,9.572384878993034363e-03,-4.131521657109260559e-02,4.983664490282535553e-03,5.977720022201538086e-03,-2.117973752319812775e-02,1.866280287504196167e-02,-2.503546699881553650e-02,-1.115383580327033997e-03,1.150024961680173874e-02,1.752482727169990540e-02,-1.606553979218006134e-02,-1.060995087027549744e-02,-6.690628360956907272e-03,-7.356679067015647888e-03,8.394245058298110962e-03,-1.185670378617942333e-03,-8.876211009919643402e-03,-1.970706321299076080e-02,6.633729673922061920e-03,1.972045190632343292e-02,1.087101548910140991e-02,2.158137597143650055e-02,-8.173343725502490997e-03,8.894619531929492950e-04,4.551903111860156059e-04,-1.598521322011947632e-02,-2.867699041962623596e-02,-2.479448541998863220e-02,-2.117973752319812775e-02,4.297532141208648682e-02,1.614586822688579559e-02,-2.486142516136169434e-02,2.548731165006756783e-03,2.073458861559629440e-03,-3.874472901225090027e-02,-1.832810416817665100e-02,-1.155547448433935642e-03,1.959995925426483154e-02,7.323209196329116821e-03,-1.386991702020168304e-02,2.763273008167743683e-02,1.535597909241914749e-02,1.510160788893699646e-02,8.233590051531791687e-03,-3.036387264728546143e-02,8.173343725502490997e-03,-5.251423455774784088e-03,-3.705784678459167480e-02,7.952442392706871033e-03,5.448895972222089767e-03,-1.216964703053236008e-02,7.567329885205253959e-05,2.021580561995506287e-02,3.822259837761521339e-03,6.278948858380317688e-03,2.296033501625061035e-02,1.753821503371000290e-03,-1.099150720983743668e-02,-1.840843260288238525e-02,-2.357952762395143509e-03,1.531581580638885498e-02,-1.551663503050804138e-02,2.973798429593443871e-03,-2.886442095041275024e-02,-7.584273815155029297e-03,9.820061735808849335e-03,1.102497708052396774e-02,-1.866280287504196167e-02,1.721690408885478973e-02,2.771305851638317108e-02,1.180147845298051834e-02,-1.056309323757886887e-02,1.812728494405746460e-02,-4.511739127337932587e-03,1.775242201983928680e-02,-1.911799423396587372e-02,3.028354421257972717e-02,1.771225780248641968e-02,-1.925187371671199799e-02,-7.939054630696773529e-03,-3.969527315348386765e-03,-1.899750158190727234e-02,-2.495179185643792152e-03,3.403216972947120667e-02,-1.245079445652663708e-03,-3.625456988811492920e-02,8.509716135449707508e-04,-2.598601207137107849e-02,1.391008030623197556e-02,-2.534339018166065216e-02,7.664601784199476242e-03,-1.378958928398787975e-03,3.152862424030900002e-03,-2.685622870922088623e-02,-1.342142000794410706e-02,-1.527565158903598785e-02,1.130612473934888840e-02,3.596003353595733643e-02,-2.112618647515773773e-02,3.172944299876689911e-03,-4.894969169981777668e-04,1.044260151684284210e-02,1.585133373737335205e-02,-1.053631678223609924e-02,-3.063163161277770996e-02,4.091692389920353889e-04,-2.583874389529228210e-02,1.148016750812530518e-02,1.011459622532129288e-02,-1.318713091313838959e-02,-4.702517762780189514e-03,-7.711459416896104813e-03,-1.819422468543052673e-02,-1.209099311381578445e-03,2.004979550838470459e-01,5.502447485923767090e-03,1.484723761677742004e-02,-2.180562354624271393e-03,1.440543495118618011e-02,3.412253921851515770e-03,3.371085971593856812e-02,1.763193123042583466e-02,1.745788753032684326e-02,1.982755400240421295e-02,-3.199720010161399841e-02,8.956538513302803040e-03,-2.028274536132812500e-02,4.337695892900228500e-03,2.357618138194084167e-02,-3.652232885360717773e-02,-2.022919245064258575e-02,-2.354940585792064667e-02,-1.654750667512416840e-02,-1.261814311146736145e-02,1.000749319791793823e-02,-9.639324271120131016e-04,6.643770611844956875e-04,-1.066350284963846207e-02,1.980077847838401794e-02,1.135298237204551697e-02,-3.025676868855953217e-02,1.976061426103115082e-02,3.191687539219856262e-02,-2.354605821892619133e-03,2.073793485760688782e-02,3.111025085672736168e-03,2.546388283371925354e-02,-2.617344260215759277e-02,1.626636087894439697e-02,-1.737086568027734756e-03,1.020161807537078857e-02,1.294614840298891068e-02,6.760915275663137436e-03,9.599160403013229370e-03,3.317534178495407104e-02,2.819837071001529694e-03,-1.116555090993642807e-02,-7.671295665204524994e-03,5.873963236808776855e-03,2.328164689242839813e-02,-1.048945914953947067e-02,-1.567729003727436066e-02,-2.113957330584526062e-02,9.130582213401794434e-03,-2.586552128195762634e-02,-5.656409077346324921e-03,4.281466454267501831e-02,2.432590536773204803e-02,-2.327829832211136818e-03,4.709211643785238266e-03,-1.915815658867359161e-02,1.323733595199882984e-03,7.878809235990047455e-03,-6.934958510100841522e-03,-9.003397077322006226e-03,2.585213258862495422e-02,-1.200229767709970474e-02,2.162154018878936768e-02,-1.270516496151685715e-02,1.585133373737335205e-02,-2.798081748187541962e-02,-5.887351464480161667e-03,-1.656089536845684052e-02,-7.999300025403499603e-03,2.199640311300754547e-02,-2.135378122329711914e-02,-4.833050072193145752e-03,6.185233127325773239e-03,-3.946098499000072479e-03,-2.203656733036041260e-02,2.599940076470375061e-02,-1.194874569773674011e-02,6.061394698917865753e-03,2.867699041962623596e-02,-1.520871184766292572e-02,-6.041312590241432190e-03,1.765536027960479259e-03,7.438680040650069714e-04,-2.706039464101195335e-03,-2.223738655447959900e-02,1.595843769609928131e-02,-1.777919754385948181e-02,-2.013547718524932861e-02,1.524552819319069386e-03,1.275202259421348572e-02,-1.526226382702589035e-02,-2.144749648869037628e-02,1.782270963303744793e-03,7.617743685841560364e-03,2.543710544705390930e-02,4.407313466072082520e-02,1.913138106465339661e-02,-1.043590717017650604e-02,1.697592064738273621e-02,-1.054970547556877136e-02,-1.531581580638885498e-02,-6.171845365315675735e-03,-4.906683694571256638e-03,3.085922682657837868e-03,-7.677989546209573746e-03,1.641362719237804413e-02,1.038904953747987747e-02,-6.124987266957759857e-03,-9.284543804824352264e-03,3.039064817130565643e-02,-1.118563301861286163e-02,-6.037965882569551468e-03,-1.160735357552766800e-02,4.629553481936454773e-02,-3.300129901617765427e-03,-7.818562909960746765e-03,-2.510240674018859863e-02,-1.146008539944887161e-02,2.455015433952212334e-03,-7.410230580717325211e-03,-3.972874488681554794e-03,-1.273863483220338821e-02,1.384314056485891342e-02,-2.515595965087413788e-02,-3.148845955729484558e-02,-2.705704793334007263e-02,-2.078479388728737831e-03,1.926526054739952087e-02,-3.654910624027252197e-02,2.496852772310376167e-03,-2.503546699881553650e-02,2.064421959221363068e-02,-1.199560333043336868e-02,1.044260151684284210e-02,1.164082344621419907e-02,3.199720010161399841e-02,-2.447317354381084442e-02,-7.316514849662780762e-03,1.019492466002702713e-02,1.583794504404067993e-02,5.201218649744987488e-03,1.610737817827612162e-04,3.402212867513298988e-03,9.304625913500785828e-03,-1.263153180480003357e-02,6.543360650539398193e-03,-1.190858241170644760e-02,-1.059656310826539993e-02,-1.993465796113014221e-02,-4.000319540500640869e-02,5.233851843513548374e-04,3.581276861950755119e-03,-9.532220661640167236e-03,9.632630273699760437e-03,-2.891797386109828949e-02,-5.274852737784385681e-03,-1.688220538198947906e-02,2.747207507491111755e-02,9.097112342715263367e-03,-3.518353402614593506e-02,1.767627836670726538e-04,1.098481379449367523e-02,-3.020321577787399292e-02,2.419871976599097252e-03,2.069777250289916992e-02,-1.713657677173614502e-01,1.210940163582563400e-02,1.935897581279277802e-02,2.064673026325181127e-04,2.969447523355484009e-02,2.198970876634120941e-03,1.382975280284881592e-02,4.320960957556962967e-03,-7.758317515254020691e-03,2.052372880280017853e-02,1.096473168581724167e-02,7.057960028760135174e-04,-2.389749139547348022e-02,-1.677510142326354980e-02,-1.016814820468425751e-02,8.815965615212917328e-03,-2.636087499558925629e-02,-1.986771821975708008e-02,2.132700569927692413e-02,2.008192613720893860e-02,2.666879817843437195e-02,1.045933691784739494e-03,-1.317039597779512405e-03,-1.724367961287498474e-02,2.458027750253677368e-02,1.388330478221178055e-02,-5.204565823078155518e-03,5.726695992052555084e-03,-7.918972522020339966e-03,-1.516854763031005859e-02,-3.949445206671953201e-03,1.416445150971412659e-02,2.610650286078453064e-02,1.253112219274044037e-02,1.003426872193813324e-02,1.952967257238924503e-03,-1.898411475121974945e-02,1.006606500595808029e-03,-9.887001477181911469e-03,1.331431698054075241e-02,6.693975068628787994e-03,-3.798831021413207054e-03,1.599860005080699921e-02,8.829353377223014832e-03,-1.166759897023439407e-02,6.788109021726995707e-05,2.704366110265254974e-02,-9.331401437520980835e-03,3.755320096388459206e-03,-1.482046116143465042e-02,-1.012463821098208427e-03,-1.417783927172422409e-02,-1.937905792146921158e-03,1.461796811781823635e-03,1.815406046807765961e-02,2.902507595717906952e-02,-3.618093673139810562e-03,-7.229493465274572372e-03,-5.151013843715190887e-03,-1.431171875447034836e-02,4.682435654103755951e-03,5.413752514868974686e-04,1.401718426495790482e-02,-1.250434573739767075e-02,1.463302969932556152e-02,-2.894474938511848450e-02,-2.340213768184185028e-02,5.465630907565355301e-03,-2.148766070604324341e-02,3.815565956756472588e-03,-2.487481199204921722e-02,-1.725706830620765686e-02,3.052452765405178070e-02,-1.237046625465154648e-02,1.934558898210525513e-02,2.158137597143650055e-02,-9.948920924216508865e-04,1.176131423562765121e-02,1.324068289250135422e-02,-1.310345716774463654e-03,-1.826116442680358887e-02,4.053871333599090576e-02,-1.875651814043521881e-02,5.984413903206586838e-03,1.593166030943393707e-02,1.745788753032684326e-02,1.764531806111335754e-02,-1.613248139619827271e-02,-7.016122690401971340e-04,1.664122194051742554e-02,-2.012209035456180573e-02,-1.515515986829996109e-02,5.335098132491111755e-03,-2.401798404753208160e-02,2.018903009593486786e-02,1.957318373024463654e-02,1.571745425462722778e-02,-2.322809537872672081e-03,-3.541112877428531647e-03,-7.396842818707227707e-03,1.717673987150192261e-02,-2.897152490913867950e-02,-2.670896053314208984e-02,2.463382855057716370e-02,1.144000422209501266e-02,1.973383873701095581e-02,8.829353377223014832e-03,2.332180924713611603e-02,3.132780268788337708e-02,-2.217044681310653687e-02,8.809271268546581268e-03,-2.103372535202652216e-04,-6.506544072180986404e-03,2.875731699168682098e-02,-9.982390329241752625e-04,1.860925182700157166e-02,1.435188297182321548e-02,-2.703027240931987762e-02,5.127585027366876602e-03,-9.980716742575168610e-03,4.940153658390045166e-02,1.220981124788522720e-02,-2.079148776829242706e-02,1.395024452358484268e-02,-1.459286641329526901e-02,-2.237461274489760399e-03,-1.197418272495269775e-01,-5.552652291953563690e-03,-4.826356191188097000e-03,8.246977813541889191e-03,1.065680850297212601e-02,3.304146230220794678e-02,-1.723029278218746185e-02,2.203656733036041260e-02,-5.783594679087400436e-03,1.681526564061641693e-02,-1.234369073063135147e-02,-1.842181943356990814e-02,-4.461534321308135986e-03,1.041582599282264709e-02,2.948026731610298157e-02,-2.660185843706130981e-02,-1.633330062031745911e-02,-1.690898090600967407e-02,-1.810050942003726959e-02,2.292017079889774323e-02,-1.417783927172422409e-02,1.024847663938999176e-02,8.086321875452995300e-03,-1.882345788180828094e-02,-6.620341446250677109e-03,1.245748810470104218e-02,-3.887860849499702454e-02,1.710980013012886047e-02,2.108602202497422695e-04,-3.012288943864405155e-04,-1.201568543910980225e-02,-1.773903518915176392e-02,1.939914003014564514e-02,2.606466587167233229e-04,-1.765870675444602966e-02,-1.886362209916114807e-02,-1.388330478221178055e-02,-1.486062537878751755e-02,3.221140801906585693e-02,-1.119232643395662308e-02,5.865595885552465916e-04,1.590488478541374207e-02,9.706264361739158630e-03,-1.061664521694183350e-02,5.217953585088253021e-03,7.898890413343906403e-03,-1.298631168901920319e-02,4.227914661169052124e-02,1.745788753032684326e-02,1.085093431174755096e-02,-1.736417226493358612e-02,8.307223208248615265e-03,-2.537016570568084717e-02,-2.412508614361286163e-02,2.344230189919471741e-02,2.562119159847497940e-03,-1.636007614433765411e-02,1.964012347161769867e-02,-6.941652391105890274e-03,-9.331401437520980835e-03,-7.099797367118299007e-04,1.503466814756393433e-02,1.077060587704181671e-02,1.182825397700071335e-02,3.146168217062950134e-02,1.421800348907709122e-02,-1.811389625072479248e-02,-1.814067247323691845e-03,9.739734232425689697e-03,-5.977720022201538086e-03,2.397781983017921448e-02,1.974722603335976601e-03,-1.566390134394168854e-02,2.167509123682975769e-02,-3.521031141281127930e-02,9.398341178894042969e-03,-9.773204103112220764e-03,-2.071115933358669281e-02,2.217044681310653687e-02,-2.824857644736766815e-02,2.378034638240933418e-03,-2.476770803332328796e-02,1.096473168581724167e-02,-9.331401437520980835e-03,2.803436852991580963e-02,1.543630659580230713e-02,9.699570015072822571e-03,4.622189793735742569e-03,2.575841732323169708e-02,-2.321470715105533600e-02,2.376361191272735596e-02,9.920471347868442535e-03,3.202397748827934265e-02,-2.996223419904708862e-02,-8.153261616826057434e-03,2.669557370245456696e-02,-1.248426386155188084e-03,-5.987761076539754868e-03,-2.429913030937314034e-03,1.842181943356990814e-02,-1.455270219594240189e-02,-2.137051662430167198e-03,-6.035288050770759583e-02,2.531661465764045715e-02,-1.862598583102226257e-03,9.271156042814254761e-03,7.403536699712276459e-03,-2.506224438548088074e-02,1.688220538198947906e-02,-1.074383035302162170e-02,1.150024961680173874e-02,-1.073713600635528564e-02,-2.776660956442356110e-02,3.397861868143081665e-02,1.373938401229679585e-03,-1.705624908208847046e-02,-2.471415698528289795e-02,4.069936927407979965e-03,9.632630273699760437e-03,1.816744916141033173e-02,1.377620082348585129e-02,4.177040420472621918e-03,1.827455242164433002e-03,1.847537234425544739e-03,-1.363897463306784630e-03,1.003426872193813324e-02,-1.941252872347831726e-02,2.251853235065937042e-02,-5.950944032520055771e-03,9.712957777082920074e-03,-1.302647590637207031e-02,-6.620341446250677109e-03,1.449915021657943726e-02,-3.159556165337562561e-02,9.271156042814254761e-03,7.182635366916656494e-03,6.188580300658941269e-03,-3.191687539219856262e-02,7.614396745339035988e-04,1.682865433394908905e-02,2.376361191272735596e-02,2.747207507491111755e-02,-2.516934648156166077e-02,-1.731061935424804688e-02,7.758317515254020691e-03,-4.622189793735742569e-03,1.117893867194652557e-02,-1.326076500117778778e-02,5.127585027366876602e-03,2.953381836414337158e-02,2.053711563348770142e-02,-1.984094269573688507e-02,1.871635578572750092e-02,1.752482727169990540e-02,-4.418023861944675446e-03,-9.344789199531078339e-03,-1.178809069097042084e-02,-1.860925182700157166e-02,1.105175353586673737e-02,-1.955979503691196442e-02,1.336117461323738098e-02,-6.286981701850891113e-02,3.638844937086105347e-02,4.464881494641304016e-03,7.570886053144931793e-03,-1.589149795472621918e-02,2.385732717812061310e-02,-3.522704355418682098e-04,-7.590968161821365356e-03,-1.109526376239955425e-03,-4.190428648144006729e-03,-1.023508794605731964e-02,-1.056309323757886887e-02,-2.265241183340549469e-02,-6.570136640220880508e-03,1.300639379769563675e-02,8.380543476960156113e-06,-2.061744406819343567e-02,-5.944250151515007019e-03,-1.858247630298137665e-02,-2.562453784048557281e-02,4.645619075745344162e-03,3.999650012701749802e-03,-2.858327468857169151e-03,-1.999040614464320242e-05,1.295284181833267212e-02,1.610570400953292847e-02,3.277955984231084585e-04,-1.150527037680149078e-03,-1.199560333043336868e-02,5.890698172152042389e-03,-3.122739493846893311e-03,7.852032780647277832e-03,2.732480689883232117e-02,2.135378075763583183e-03,-2.346907742321491241e-02,1.775472264853306115e-05,1.071036048233509064e-02,-1.654750667512416840e-02,1.421800348907709122e-02,1.544969528913497925e-02,1.751143857836723328e-02,-8.099710568785667419e-03,1.790638430975377560e-03,-1.408412400633096695e-02,-1.457947865128517151e-02,1.063672639429569244e-02,1.002088095992803574e-02,-1.225666888058185577e-02,-2.732480689883232117e-02,1.842516707256436348e-03,2.640103921294212341e-02,8.608452044427394867e-03,-8.534818887710571289e-03,2.678928896784782410e-02,2.113622613251209259e-03,-4.150264896452426910e-03,1.050284691154956818e-02,7.604355923831462860e-03,8.976620621979236603e-03,-2.238465286791324615e-02,9.672794491052627563e-03,-9.063642472028732300e-03,1.309341564774513245e-02,-1.037566177546977997e-02,-5.442202091217041016e-03,3.317534178495407104e-02,-8.052852004766464233e-03,-1.388330478221178055e-02,5.776900798082351685e-03,-1.717673987150192261e-02,4.361124709248542786e-03,-7.055449765175580978e-03,2.192276995629072189e-03,-8.153261616826057434e-03,-7.550803944468498230e-03,-6.392746232450008392e-03,1.547647081315517426e-02,3.909281454980373383e-03,2.527645044028759003e-02,-6.305724848061800003e-03,4.160974919795989990e-02,2.038984932005405426e-02,-1.459286641329526901e-02,1.048945914953947067e-02,1.022170018404722214e-02,2.966769784688949585e-02,-9.043560363352298737e-03,1.749805174767971039e-02,3.464132314547896385e-03,-3.411249816417694092e-02,1.499450486153364182e-02,1.776581071317195892e-02,1.538275554776191711e-02,-2.190268784761428833e-02,-1.420461572706699371e-02,7.189329247921705246e-03,-9.043560363352298737e-03,2.124667726457118988e-02,-3.076551109552383423e-02,1.860925182700157166e-02,1.970706321299076080e-02,-1.570406556129455566e-02,6.171845365315675735e-03,-2.080487459897994995e-02,-8.829353377223014832e-03,-4.731803783215582371e-04,2.121990174055099487e-02,-1.437865849584341049e-02,-2.542037051171064377e-03,-3.159556165337562561e-02,-9.311319328844547272e-03,1.468658167868852615e-02,-1.795324124395847321e-02,-7.704765535891056061e-03,-8.253671228885650635e-03,-2.263902500271797180e-02,-8.307223208248615265e-03,-1.876990683376789093e-02,1.558357477188110352e-02,6.338357925415039062e-04,-1.631991192698478699e-02,2.862343750894069672e-02,-4.826356191188097000e-03,-9.190828539431095123e-03,1.713657751679420471e-02,5.074033048003911972e-03,-2.047017589211463928e-02,1.491417735815048218e-02,-1.506144460290670395e-02
