-2.010914683341979980e-02,-1.542225014418363571e-02,3.390800207853317261e-03,2.132341964170336723e-03,1.746131223626434803e-03,3.304393589496612549e-02,-2.935202419757843018e-02,-1.898324489593505859e-02,2.851414307951927185e-02,-2.436401322484016418e-02,1.462364476174116135e-02,-3.852289402857422829e-03,2.177181839942932129e-02,-1.821409561671316624e-03,-9.904016740620136261e-03,1.590665057301521301e-02,1.296752039343118668e-02,2.382724545896053314e-02,8.457362651824951172e-03,-5.390586797147989273e-03,-6.735778879374265671e-03,1.493784971535205841e-02,-2.955494914203882217e-03,8.704062929609790444e-05,-2.115649916231632233e-02,2.156234718859195709e-02,1.247002836316823959e-02,-2.958767861127853394e-02,9.989114478230476379e-03,-2.456039190292358398e-02,1.042441930621862411e-03,-1.789661683142185211e-02,-2.356540784239768982e-02,-1.302643306553363800e-02,-4.655477032065391541e-02,-2.534590475261211395e-02,-2.556846663355827332e-02,2.379451645538210869e-03,2.160162292420864105e-02,-1.746458560228347778e-02,-1.903233933262526989e-03,-1.897015236318111420e-02,9.085773490369319916e-03,2.101248875260353088e-02,-4.102999344468116760e-02,-1.242093392647802830e-03,-3.485061973333358765e-02,-9.760006330907344818e-03,-2.211220748722553253e-02,-7.737308740615844727e-03,8.202071301639080048e-03,1.619303482584655285e-03,-1.172379031777381897e-02,-1.540915761142969131e-02,4.837454296648502350e-03,1.788352616131305695e-02,-2.254423871636390686e-02,3.394073341041803360e-03,-5.708065349608659744e-03,-2.981678582727909088e-03,-1.145540643483400345e-02,1.425707153975963593e-02,-4.804724827408790588e-03,-6.173645961098372936e-04,-5.240030121058225632e-03,-2.103867195546627045e-02,-1.029350096359848976e-03,1.090718316845595837e-03,3.695186693221330643e-03,-2.956149354577064514e-02,1.463673636317253113e-02,1.188089326024055481e-02,-1.742530986666679382e-02,2.520189434289932251e-02,1.785734109580516815e-02,-3.168237954378128052e-02,-1.539606600999832153e-02,-1.239802222698926926e-02,-7.272546645253896713e-03,3.521719248965382576e-03,-9.504714049398899078e-03,-2.948948880657553673e-03,-2.958767861127853394e-02,6.680138409137725830e-03,6.932157091796398163e-03,-1.496567041613161564e-03,2.573866210877895355e-02,2.253114804625511169e-02,-9.864741005003452301e-03,-1.199217420071363449e-02,1.776569895446300507e-02,1.597210951149463654e-02,8.601373992860317230e-03,4.480700474232435226e-03,-7.108897902071475983e-03,-1.594756147824227810e-03,-2.592194825410842896e-03,1.758241280913352966e-02,-9.053044021129608154e-03,-1.898324489593505859e-02,2.309409901499748230e-02,4.582162480801343918e-03,-2.843559160828590393e-02,7.174357306212186813e-03,-4.942189436405897141e-03,-9.602903388440608978e-03,-1.178270392119884491e-02,-1.170415244996547699e-02,2.470440231263637543e-02,-1.510804425925016403e-02,6.431392394006252289e-04,5.187008157372474670e-02,9.923654608428478241e-03,-1.568408682942390442e-02,2.874979749321937561e-02,-6.899427622556686401e-03,-1.711110398173332214e-02,-1.662670448422431946e-02,-1.963783986866474152e-02,-6.290654651820659637e-03,-9.727276861667633057e-03,-4.317051731050014496e-03,9.825465269386768341e-03,2.652744762599468231e-03,-1.533060614019632339e-02,6.716141011565923691e-03,-4.802106320858001709e-02,1.660051941871643066e-02,-2.660272642970085144e-02,-8.260983973741531372e-03,3.922330960631370544e-02,1.552698481827974319e-02,2.139215357601642609e-02,-2.770244516432285309e-02,8.215162903070449829e-03,3.403891995549201965e-02,1.416542846709489822e-02,-3.793376032263040543e-03,-4.984738305211067200e-03,-1.466292049735784531e-02,1.070262212306261063e-02,2.733587287366390228e-02,-2.751915901899337769e-02,6.192465312778949738e-03,-2.075064927339553833e-03,4.109627043362706900e-04,2.943057566881179810e-02,1.349774189293384552e-02,-1.102991984225809574e-03,-1.154050324112176895e-02,8.104700245894491673e-04,8.182433433830738068e-03,4.008737578988075256e-02,-1.096446067094802856e-02,2.580412104725837708e-02,1.950692012906074524e-02,1.807990483939647675e-02,2.181109413504600525e-02,-4.536340944468975067e-03,-1.962474733591079712e-02,-1.500330958515405655e-02,-2.525426074862480164e-02,1.768714748322963715e-02,3.122416557744145393e-03,2.030552551150321960e-02,2.617069333791732788e-02,2.228240109980106354e-02,9.327973239123821259e-03,-2.061973139643669128e-02,-4.441424738615751266e-03,1.333409268409013748e-02,1.817154698073863983e-02,-6.768508814275264740e-03,2.696929872035980225e-02,9.380341507494449615e-03,-7.645665667951107025e-03,-2.572556957602500916e-02,2.619687840342521667e-02,-2.463894337415695190e-02,-8.208616636693477631e-03,-1.830246672034263611e-02,9.635632857680320740e-03,5.124166980385780334e-02,3.168237954378128052e-02,-4.002846311777830124e-03,-2.950585447251796722e-03,4.821089562028646469e-03,-7.927141152322292328e-03,3.322722390294075012e-02,-1.640414260327816010e-02,1.253548730164766312e-02,-3.669003024697303772e-03,-3.217987343668937683e-02,-1.501640118658542633e-02,-6.309245228767395020e-01,-1.865594647824764252e-02,8.025330491364002228e-03,1.082699559628963470e-02,1.948073692619800568e-02,1.399523392319679260e-02,1.362866070121526718e-02,5.842257291078567505e-03,-2.397125586867332458e-02,-1.814536377787590027e-02,-1.844647713005542755e-02,2.118268236517906189e-02,7.979508489370346069e-03,-1.118047628551721573e-02,-9.956385008990764618e-03,-2.156234718859195709e-02,1.690163463354110718e-02,-1.667907088994979858e-02,-1.025749836117029190e-02,1.538297440856695175e-02,-3.214059630408883095e-03,2.355231530964374542e-02,3.113415732514113188e-04,-1.667907088994979858e-02,2.688747597858309746e-03,1.611121115274727345e-03,1.434871461242437363e-02,-1.548770908266305923e-02,2.730968780815601349e-02,6.140915793366730213e-04,-2.630161307752132416e-02,1.584118977189064026e-02,-1.270731911063194275e-03,-1.475456357002258301e-02,3.537429496645927429e-02,-3.526955842971801758e-02,-1.149468217045068741e-02,6.143370643258094788e-03,4.349126666784286499e-02,-2.786936704069375992e-03,-3.058266267180442810e-02,-3.508627414703369141e-03,1.037532556802034378e-02,-3.128962591290473938e-02,1.385285868309438229e-03,1.390358991920948029e-02,-1.284314692020416260e-02,-1.492475811392068863e-02,2.448184043169021606e-02,2.882834896445274353e-02,1.544843334704637527e-02,-2.572556957602500916e-02,-1.495094131678342819e-02,4.533067811280488968e-03,-5.848803091794252396e-03,-9.760006330907344818e-03,3.767846897244453430e-02,-1.804062910377979279e-02,-1.017240062355995178e-02,1.928435824811458588e-02,2.577793784439563751e-02,-1.118702255189418793e-02,-7.940232753753662109e-03,-3.202277049422264099e-02,9.223238565027713776e-03,1.413924433290958405e-02,2.711658366024494171e-03,3.207513829693198204e-03,3.181330114603042603e-02,-5.748159019276499748e-04,1.003493554890155792e-02,3.272973373532295227e-02,-6.146643776446580887e-03,4.093262250535190105e-04,1.431925804354250431e-03,1.607684418559074402e-02,7.135081570595502853e-03,-1.125248242169618607e-02,-3.128962358459830284e-03,-3.034046152606606483e-03,-2.729659667238593102e-03,-2.339521236717700958e-02,9.164324961602687836e-03,6.071365438401699066e-03,1.317699067294597626e-02,1.240456849336624146e-02,-3.354142978787422180e-02,-1.508186105638742447e-02,-3.891565138474106789e-03,-1.100537250749766827e-03,8.378811180591583252e-03,3.183948248624801636e-02,2.386652119457721710e-02,-1.766096428036689758e-02,1.741221733391284943e-02,1.322281174361705780e-02,-2.216457389295101166e-02,-1.836792565882205963e-02,4.535031691193580627e-02,7.239816710352897644e-03,1.309843920171260834e-02,-1.089245453476905823e-02,1.923198997974395752e-02,9.419617243111133575e-03,1.770024001598358154e-02,4.254865273833274841e-02,2.621651627123355865e-03,8.994130417704582214e-03,1.459746062755584717e-02,-3.566231578588485718e-02,-1.360738649964332581e-03,1.721583865582942963e-02,-4.006119444966316223e-03,2.672382630407810211e-03,3.266427200287580490e-03,-3.008517064154148102e-02,-1.239802222698926926e-02,2.078992687165737152e-02,2.173254266381263733e-02,-4.116091132164001465e-02,1.198562793433666229e-02,2.394507266581058502e-02,7.257818360812962055e-04,2.153616398572921753e-03,2.150998078286647797e-02,9.314881637692451477e-03,-1.461055222898721695e-02,-3.558376431465148926e-02,-9.688001126050949097e-03,-3.799267485737800598e-02,-1.418015686795115471e-03,-1.261403877288103104e-02,3.380326926708221436e-02,-4.864456423092633486e-04,4.097762331366539001e-02,6.709595210850238800e-03,2.867124509066343307e-03,-5.881533026695251465e-03,4.404112696647644043e-02,-4.958554636687040329e-03,-1.873449794948101044e-02,-2.806901931762695312e-02,-9.249422699213027954e-03,5.043651908636093140e-03,1.673143915832042694e-02,-2.658963389694690704e-02,-1.759550347924232483e-02,-3.110633790493011475e-02,-1.912725530564785004e-02,2.174890600144863129e-03,2.295008860528469086e-02,-2.139215357601642609e-02,-3.697150573134422302e-02,4.883275832980871201e-03,6.470668129622936249e-03,-2.389270439743995667e-02,-2.268170472234487534e-03,1.065025478601455688e-02,1.296097412705421448e-02,-3.016372211277484894e-02,-4.019211046397686005e-03,2.992806769907474518e-02,-1.860358007252216339e-02,1.755950157530605793e-03,4.876730032265186310e-03,-1.415233593434095383e-02,-1.784425042569637299e-02,1.878686621785163879e-02,4.798178561031818390e-03,-2.568629384040832520e-02,2.874979749321937561e-02,1.266640610992908478e-03,-6.290654651820659637e-03,3.390800207853317261e-02,-5.217119120061397552e-03,1.065352815203368664e-03,-7.423103321343660355e-03,-5.132021848112344742e-03,1.586737483739852905e-02,1.022476796060800552e-02,1.357629336416721344e-02,-2.859760425053536892e-04,-2.253114804625511169e-02,7.056530099362134933e-03,2.243950404226779938e-02,8.647195063531398773e-03,6.932157091796398163e-03,2.118268236517906189e-02,-1.137030869722366333e-02,-9.696183260530233383e-04,-2.670746063813567162e-03,-1.734675839543342590e-02,-5.194208584725856781e-03,1.222128234803676605e-02,1.965093053877353668e-02,2.526735328137874603e-02,-1.773542317096143961e-04,1.945455372333526611e-02,-2.184709534049034119e-03,-4.880003165453672409e-03,-1.565790362656116486e-02,-1.127866562455892563e-02,8.012238889932632446e-03,-1.365484390407800674e-02,4.267957061529159546e-02,-3.055647760629653931e-02,7.233270909637212753e-03,-1.991277001798152924e-02,3.432694450020790100e-02,-4.578889347612857819e-03,-7.920594885945320129e-03,-4.817816615104675293e-02,-1.724202372133731842e-02,-2.161471545696258545e-02,1.200526580214500427e-02,2.783336490392684937e-02,3.348906338214874268e-02,1.646960154175758362e-02,-1.068953052163124084e-02,-1.895706169307231903e-02,-6.014088285155594349e-04,-7.822406478226184845e-03,-1.122629852034151554e-03,-2.512334287166595459e-02,-1.928435824811458588e-02,6.048454437404870987e-03,1.176961138844490051e-02,4.215589724481105804e-03,1.666598021984100342e-02,-1.622085459530353546e-02,-1.305916346609592438e-02,5.272760055959224701e-03,2.432473748922348022e-02,3.508627414703369141e-03,-1.133757922798395157e-02,1.098409853875637054e-02,3.215368837118148804e-02,-2.246568910777568817e-02,1.997822895646095276e-02,-1.496403384953737259e-02,-4.426696395967155695e-04,3.432694450020790100e-02,6.251378916203975677e-03,-7.305276114493608475e-03,1.337336841970682144e-02,9.131595492362976074e-03,3.307012096047401428e-02,7.200540974736213684e-03,-1.696709357202053070e-02,3.545284643769264221e-02,1.694090850651264191e-02,7.076167967170476913e-03,-8.077697828412055969e-03,1.703582587651908398e-03,-1.182197965681552887e-02,-1.856430433690547943e-02,-9.530898183584213257e-03,1.141613069921731949e-02,2.199438028037548065e-02,2.723113633692264557e-02,-1.053079147823154926e-03,-8.791206404566764832e-03,1.671834662556648254e-02,1.433562254533171654e-03,2.626233734190464020e-02,-2.245259657502174377e-02,1.348464936017990112e-02,-5.598093569278717041e-02,-1.926144701428711414e-03,8.948308415710926056e-03,-1.364175230264663696e-02,-1.805371977388858795e-02,3.197694895789027214e-03,9.125049225986003876e-03,9.537444449961185455e-03,2.315955795347690582e-02,3.030773252248764038e-03,4.523248877376317978e-03,9.753460064530372620e-03,4.130491986870765686e-03,-1.294133625924587250e-02,-2.552919089794158936e-02,1.259440090507268906e-02,2.494005672633647919e-02,2.106158295646309853e-03,9.144687093794345856e-03,-3.089686669409275055e-02,-3.508627414703369141e-03,-2.482222951948642731e-02,-1.886541768908500671e-02,-6.100822240114212036e-03,2.161471545696258545e-02,4.258138127624988556e-03,-2.824575873091816902e-03,-1.819773204624652863e-02,-1.137685496360063553e-02,2.992806769907474518e-02,-8.974492549896240234e-03,2.073755860328674316e-02,-8.404995314776897430e-03,-1.322281174361705780e-02,-9.147960226982831955e-04,-1.432253047823905945e-02,-2.556191990152001381e-03,4.265338554978370667e-02,1.305916346609592438e-02,-1.822391524910926819e-02,-1.235874649137258530e-02,-8.228254504501819611e-03,-5.426589399576187134e-03,-1.517585678811883554e-05,1.921889930963516235e-02,-2.416763454675674438e-02,-3.025863785296678543e-03,-1.253548730164766312e-02,8.071970078162848949e-04,-2.993134083226323128e-03,3.384254407137632370e-03,1.415233593434095383e-02,-3.888292238116264343e-02,-1.001529768109321594e-02,-7.881319150328636169e-03,-2.618378587067127228e-02,-5.085382144898176193e-04,6.661155074834823608e-02,1.296752039343118668e-02,2.187655307352542877e-02,-1.640414260327816010e-02,2.635398134589195251e-02,2.541136369109153748e-02,-6.365932989865541458e-03,-2.391888760030269623e-02,-7.977872155606746674e-04,-7.501654792577028275e-03,-2.293699607253074646e-02,-2.116959169507026672e-02,-9.858195669949054718e-03,-1.885232515633106232e-02,1.919271424412727356e-02,2.215148322284221649e-02,-2.749297581613063812e-02,-2.255733124911785126e-02,1.160596311092376709e-02,5.969902966171503067e-03,-1.539115677587687969e-03,-1.250275759957730770e-03,1.704564504325389862e-02,9.638906340114772320e-04,-2.269807038828730583e-03,-2.441637916490435600e-03,2.154925651848316193e-02,2.935202419757843018e-02,-9.177416563034057617e-03,-5.073108710348606110e-03,1.184161752462387085e-02,1.648269407451152802e-02,2.876943442970514297e-03,1.267295237630605698e-02,-3.982554003596305847e-02,3.479170612990856171e-03,-7.023800630122423172e-03,2.488768845796585083e-02,1.950692012906074524e-02,-9.262514300644397736e-03,1.022476796060800552e-02,1.293478999286890030e-02,2.150998078286647797e-02,-4.447970539331436157e-03,1.432253047823905945e-02,-4.562524612993001938e-03,-2.700202865526080132e-03,2.081611007452011108e-02,-1.729439012706279755e-02,-2.846177481114864349e-02,3.943278267979621887e-02,-2.639325521886348724e-02,-8.221709169447422028e-03,-1.542225014418363571e-02,-6.284108385443687439e-03,-2.107794769108295441e-02,-1.901597483083605766e-03,7.047120743663981557e-05,-2.423309348523616791e-02,-9.478530846536159515e-03,-8.575189858675003052e-04,-1.324244961142539978e-02,-2.307446207851171494e-03,3.400619141757488251e-03,-2.564374590292572975e-03,-7.992601022124290466e-03,-2.084229327738285065e-02,1.035568770021200180e-02,5.704792216420173645e-03,-1.228674128651618958e-02,-7.928777486085891724e-04,-8.666832931339740753e-03,-1.571027189493179321e-02,-9.740368463099002838e-03,2.012223936617374420e-02,1.834174245595932007e-02,7.783130276948213577e-03,-1.130484975874423981e-02,-1.250275783240795135e-02,1.781806536018848419e-02,-7.410011254251003265e-03,-4.576925933361053467e-02,1.984730921685695648e-02,-1.995204389095306396e-02,-1.336682308465242386e-02,2.560774236917495728e-02,-1.993895322084426880e-02,-9.543989785015583038e-03,-2.348685637116432190e-02,1.051278971135616302e-02,7.619481533765792847e-03,1.068625715561211109e-03,-1.357629336416721344e-02,-6.313565187156200409e-03,7.135081570595502853e-03,4.863638430833816528e-03,4.935643635690212250e-03,1.321626547724008560e-02,-3.500772267580032349e-02,-1.450581755489110947e-02,-7.859226898290216923e-04,-3.282792167738080025e-03,2.473058551549911499e-02,-2.343448810279369354e-02,2.636707201600074768e-02,6.847059819847345352e-03,-3.222242230549454689e-03,1.137030869722366333e-02,-2.078992687165737152e-02,-1.877377368509769440e-02,2.898545004427433014e-02,-9.000676684081554413e-03,-1.623394712805747986e-02,-3.388181701302528381e-02,-1.561862789094448090e-02,2.175872586667537689e-02,-1.734675839543342590e-02,-1.250275759957730770e-03,3.021608851850032806e-02,-8.607919327914714813e-03,6.496851798146963120e-03,-3.657874837517738342e-02,2.182418480515480042e-02,-1.004148181527853012e-02,-1.917962357401847839e-02,-2.017460763454437256e-02,-1.839410979300737381e-03,-1.002184394747018814e-02,1.505567692220211029e-02,2.588267251849174500e-02,1.147504430264234543e-02,1.562026445753872395e-03,-5.292397923767566681e-03,1.685581170022487640e-03,-3.039937466382980347e-02,-1.796207763254642487e-02,-9.543989785015583038e-03,-3.911203239113092422e-03,-3.134199231863021851e-02,-1.300679519772529602e-02,1.601138524711132050e-02,-5.708065349608659744e-03,-1.711110398173332214e-02,-2.851414307951927185e-02,-1.857739686965942383e-02,-5.359821021556854248e-02,-1.695400103926658630e-02,-9.059590287506580353e-03,-1.419161166995763779e-02,5.676644667983055115e-02,-8.166068000718951225e-04,3.506008908152580261e-02,-1.197253633290529251e-02,2.243950404226779938e-02,2.025970490649342537e-03,-1.326208747923374176e-02,-1.386431418359279633e-02,-1.991277001798152924e-02,2.715258672833442688e-02,-2.618378493934869766e-03,3.231079131364822388e-02,-1.226710341870784760e-02,-5.649151746183633804e-03,1.633868180215358734e-02,1.117393095046281815e-02,-1.279077958315610886e-02,1.267949864268302917e-02,-1.678380742669105530e-02,-1.488384557887911797e-03,-1.864285580813884735e-02,-1.560799137223511934e-04,-1.379885524511337280e-02,1.260094717144966125e-02,-1.404760126024484634e-02,-7.279092445969581604e-03,1.855121180415153503e-02,-5.838984157890081406e-03,-1.281369011849164963e-03,5.750613752752542496e-03,-2.190273627638816833e-02,-7.887865416705608368e-03,-7.292184513062238693e-03,6.500124931335449219e-03,-1.231456175446510315e-03,-1.206417940557003021e-02,1.281696278601884842e-02,1.288242265582084656e-02,-1.603756844997406006e-02,-1.207727100700139999e-02,-8.418086916208267212e-03,-6.670319475233554840e-03,1.216891407966613770e-02,2.762389369308948517e-02,1.241766009479761124e-02,8.123519830405712128e-03,-2.734569134190678596e-03,7.981963572092354298e-04,2.496623992919921875e-02,-1.211000140756368637e-02,1.965420320630073547e-03,9.537444449961185455e-03,8.627557195723056793e-03,-8.503184653818607330e-03,-2.221694216132164001e-02,-2.890690043568611145e-02,1.105610374361276627e-02,-2.746679075062274933e-02,2.796755637973546982e-03,-1.450581755489110947e-02,7.017254829406738281e-03,-3.495535254478454590e-02,-1.521932543255388737e-03,-6.912519689649343491e-03,-3.244170919060707092e-02,2.266206592321395874e-02,-1.327517908066511154e-02,-2.927347272634506226e-02,1.862976327538490295e-02,4.876730090472847223e-04,-7.979508489370346069e-03,-3.547902917489409447e-03,-1.357629336416721344e-02,1.516041159629821777e-02,-2.412835881114006042e-02,2.854032628238201141e-02,1.801444403827190399e-02,7.554022129625082016e-03,-3.304393589496612549e-02,-2.948294207453727722e-02,-2.497687819413840771e-04,-5.207300186157226562e-03,2.476004185155034065e-03,3.272973373532295227e-02,-1.370721217244863510e-02,-6.663773674517869949e-03,-1.718965545296669006e-02,2.783663803711533546e-03,2.822939306497573853e-03,-2.672055363655090332e-02,3.223223984241485596e-02,3.184603061527013779e-03,-8.634103462100028992e-03,9.615994989871978760e-03,1.174997352063655853e-02,-5.829165223985910416e-03,2.347376383841037750e-02,-2.186346054077148438e-02,1.623394712805747986e-02,-2.772862836718559265e-02,-1.089245453476905823e-02,-2.533281221985816956e-02,9.498168714344501495e-03,-1.001529768109321594e-02,4.464335367083549500e-02,4.359600134193897247e-03,5.891351960599422455e-03,-6.487032864242792130e-03,-1.254203356802463531e-02,-2.390906913205981255e-03,8.791206404566764832e-03,6.509125232696533203e-04,1.208381727337837219e-02,3.652638057246804237e-03,-1.826319098472595215e-02,-5.832438357174396515e-03,4.116091132164001465e-02,4.104308318346738815e-03,-1.015930902212858200e-02,-2.577793784439563751e-02,1.966402307152748108e-02,-2.827848866581916809e-02,-1.163869258016347885e-02,-9.406524710357189178e-03,-1.578882336616516113e-02,1.491166558116674423e-02,-6.991070695221424103e-03,1.476765517145395279e-02,-7.429649122059345245e-03,-4.349126666784286499e-02,-2.060663886368274689e-02,2.678601257503032684e-02,9.216692298650741577e-03,3.626454249024391174e-02,5.024014040827751160e-03,-1.457127649337053299e-02,-2.289772033691406250e-02,4.614892415702342987e-03,-1.239802222698926926e-02,1.834174245595932007e-02,-6.509943865239620209e-03,-1.750386133790016174e-02,-2.025315910577774048e-02,3.127326024696230888e-03,2.372251078486442566e-02,4.922551568597555161e-03,-1.645650900900363922e-02,-1.169105991721153259e-02,1.949382945895195007e-02,-1.648269407451152802e-02,2.617069333791732788e-02,-1.593283377587795258e-02,-1.535228948341682553e-04,-5.056743510067462921e-03,1.721583865582942963e-02,1.091209240257740021e-02,-1.401650835759937763e-03,1.351083349436521530e-02,5.946992430835962296e-03,-1.975566707551479340e-02,2.809847472235560417e-03,1.151432003825902939e-02,7.920594885945320129e-03,2.935202419757843018e-02,-1.626013033092021942e-02,-1.921889930963516235e-02,9.118502959609031677e-03,-4.755630157887935638e-03,-2.092084474861621857e-02,-1.474147103726863861e-02,3.026845678687095642e-02,1.192671433091163635e-02,1.904870383441448212e-02,4.912078380584716797e-02,-3.034046152606606483e-03,1.433562301099300385e-02,2.456039190292358398e-02,1.220164448022842407e-02,-4.932370502501726151e-03,-5.292397923767566681e-03,-1.112810918129980564e-03,-9.190509095788002014e-03,4.373510600998997688e-04,-7.521292660385370255e-03,-1.121320668607950211e-02,-3.727916395291686058e-03,-1.176961138844490051e-02,4.510157275944948196e-03,4.574307426810264587e-02,-1.292169839143753052e-02,-1.797516830265522003e-02,-2.491387166082859039e-02,-5.361129995435476303e-03,-1.554662245325744152e-03,1.170415244996547699e-02,-1.086627133190631866e-02,-3.118488937616348267e-02,-1.386431418359279633e-02,1.030986569821834564e-02,-2.505788393318653107e-02,-2.517570927739143372e-02,-4.131801426410675049e-02,2.631470561027526855e-02,1.345846615731716156e-02,3.682094858959317207e-03,-1.157977897673845291e-02,4.215589724481105804e-03,-4.356981813907623291e-02,3.268063766881823540e-03,-1.138994656503200531e-02,1.654815301299095154e-02,7.756946608424186707e-03,1.364175230264663696e-02,-1.202817657031118870e-03,1.122629852034151554e-03,1.421779580414295197e-02,-1.051933597773313522e-02,-3.655256330966949463e-02,-1.025095209479331970e-02,-2.344758063554763794e-02,2.068519126623868942e-03,1.042769290506839752e-02,2.554555656388401985e-03,-2.423309348523616791e-02,-7.449286989867687225e-03,-1.439290004782378674e-03,-7.838770980015397072e-04,9.956385008990764618e-03,2.508406713604927063e-02,2.673364616930484772e-02,-1.157323364168405533e-02,8.293714374303817749e-03,-1.953310333192348480e-02,3.163001313805580139e-02,4.290868062525987625e-03,-1.395104802213609219e-03,-1.488548237830400467e-02,1.159287150949239731e-02,1.881304942071437836e-02,3.149909526109695435e-02,-1.725511439144611359e-02,-1.281041745096445084e-02,2.001750469207763672e-02,-5.557508673518896103e-03,-1.616848818957805634e-02,-2.882834896445274353e-02,-1.156014110893011093e-02,-1.347155775874853134e-02,-2.259660698473453522e-02,1.597210951149463654e-02,-1.921235234476625919e-03,-1.839410886168479919e-02,-1.895706169307231903e-02,-6.814330350607633591e-03,6.025543902069330215e-03,-1.914034783840179443e-02,3.587178513407707214e-02,-1.453200075775384903e-02,3.178711608052253723e-02,-9.197054896503686905e-04,8.051513694226741791e-03,-6.892881821841001511e-03,6.343021988868713379e-03,1.889160089194774628e-02,-4.084670450538396835e-03,-1.215582247823476791e-02,-1.258130930364131927e-02,-3.842470468953251839e-03,1.954619586467742920e-02,1.278423331677913666e-02,3.005898557603359222e-02,-1.682308316230773926e-02,-1.188089326024055481e-02,7.606389932334423065e-03,2.250496484339237213e-02,-8.385357446968555450e-03,-1.433562301099300385e-02,1.333409268409013748e-02,5.514959804713726044e-03,-1.192671433091163635e-02,-1.944146119058132172e-03,-1.721583865582942963e-02,-2.596122398972511292e-02,-1.673143915832042694e-02,2.762389369308948517e-03,-2.632779628038406372e-02,5.406951997429132462e-03,2.089466154575347900e-01,-8.031876757740974426e-03,-4.146857187151908875e-03,3.257263079285621643e-02,2.867124602198600769e-02,4.912732634693384171e-03,-6.977979093790054321e-03,5.829165223985910416e-03,-2.882834896445274353e-02,2.499242313206195831e-02,-2.445565536618232727e-02,-2.254423871636390686e-02,-1.669216342270374298e-02,6.284108385443687439e-03,1.395595818758010864e-02,-5.485503003001213074e-03,-1.427016314119100571e-02,5.269487155601382256e-04,-1.517841359600424767e-03,-4.588708281517028809e-03,2.754534222185611725e-02,-6.696503143757581711e-03,-1.015930902212858200e-02,-1.908797957003116608e-02,2.357849851250648499e-02,3.413710976019501686e-03,4.912732634693384171e-03,-1.117720385082066059e-03,1.836792565882205963e-02,1.183179789222776890e-03,-2.120886743068695068e-02,-3.264790866523981094e-04,2.723113633692264557e-02,1.706855488009750843e-03,-3.163001313805580139e-02,1.099064387381076813e-02,4.364836961030960083e-02,-1.440108194947242737e-02,-8.621011860668659210e-03,-8.909032680094242096e-03,1.505567692220211029e-02,-3.232061164453625679e-03,-1.367284567095339298e-03,-2.326429449021816254e-02,2.780717983841896057e-02,3.123725578188896179e-02,-1.220164448022842407e-02,-8.895941078662872314e-03,-8.634103462100028992e-03,4.673805553466081619e-03,-2.638016454875469208e-02,-8.221709169447422028e-03,5.063944309949874878e-02,1.802753657102584839e-02,1.118047628551721573e-02,2.405635314062237740e-03,-1.641723327338695526e-02,6.101026519900187850e-05,-5.816073622554540634e-03,6.663773674517869949e-03,2.136596851050853729e-02,1.268277177587151527e-03,-2.200747281312942505e-02,2.372251078486442566e-02,1.543534174561500549e-02,4.071578755974769592e-02,-6.297200452536344528e-03,-7.174357306212186813e-03,-5.207300186157226562e-03,-3.138781292364001274e-03,-2.873670542612671852e-03,-1.510804425925016403e-02,8.747021201997995377e-04,1.288896892219781876e-02,-7.193995174020528793e-03,5.017467774450778961e-03,2.496623992919921875e-02,-2.256714971736073494e-03,1.341919042170047760e-02,2.463894337415695190e-02,2.078992687165737152e-02,-2.389270439743995667e-02,-6.860151886940002441e-03,1.251584943383932114e-02,-9.635632857680320740e-03,-4.857092350721359253e-02,5.416770465672016144e-03,1.116083841770887375e-02,-4.000882431864738464e-02,-3.277882700785994530e-03,2.964004501700401306e-02,-1.627322286367416382e-02,-4.290868062525987625e-03,-1.591974124312400818e-02,1.282187295146286488e-03,-6.634316872805356979e-03,-8.581736125051975250e-03,6.794692482799291611e-03,-1.635177433490753174e-02,-1.223437394946813583e-02,-1.783115789294242859e-02,8.817389607429504395e-03,-1.400832552462816238e-02,-3.620726638473570347e-04,6.964887026697397232e-03,-8.791206404566764832e-03,2.696929872035980225e-02,1.172379031777381897e-02,8.678493031766265631e-05,-2.911636978387832642e-02,-2.956149354577064514e-02,-1.329481694847345352e-02,7.180903106927871704e-03,2.065900713205337524e-02,2.169326692819595337e-02,9.183962829411029816e-03,6.925611291080713272e-03,-1.429634727537631989e-02,2.221694216132164001e-02,1.989967655390501022e-03,-1.632395433261990547e-03,-2.102557942271232605e-02,7.128535769879817963e-03,1.873449794948101044e-02,1.032295729964971542e-02,-2.845850307494401932e-03,-3.560994938015937805e-02,1.751695200800895691e-02,1.476765517145395279e-02,-1.178270392119884491e-02,2.441637963056564331e-02,-1.728129945695400238e-02,-1.094482280313968658e-02,1.250930409878492355e-02,6.329930387437343597e-03,-1.798498793505132198e-03,-1.543534174561500549e-02,-2.322501875460147858e-02,3.538083983585238457e-03,-1.383813098073005676e-02,-1.312462240457534790e-02,-2.958767861127853394e-02,-1.927126571536064148e-02,-1.207727100700139999e-02,1.948073692619800568e-02,-5.256394855678081512e-03,1.440108171664178371e-03,-7.684940937906503677e-03,1.467601209878921509e-02,-4.155366867780685425e-02,-3.673585131764411926e-02,7.527838461101055145e-03,2.606923226267099380e-03,8.791206404566764832e-03,2.319883368909358978e-02,-9.471984580159187317e-03,-1.567099615931510925e-02,-2.940439060330390930e-02,6.045181769877672195e-03,1.224092021584510803e-02,-5.985613539814949036e-02,6.591768004000186920e-03,1.148158963769674301e-02,-9.537444449961185455e-03,-4.176313988864421844e-03,-2.412835881114006042e-02,-1.640152335166931152e-01,2.560774236917495728e-02,6.356114055961370468e-03,-2.560774236917495728e-02,1.924508251249790192e-02,-1.015930902212858200e-02,3.904002532362937927e-02,1.113629085011780262e-03,1.785734109580516815e-02,-7.196450023911893368e-04,3.134199231863021851e-02,-2.162780798971652985e-02,-2.964004501700401306e-02,1.116738468408584595e-02,-1.307225506752729416e-02,2.024006657302379608e-02,-3.532192856073379517e-02,-6.418300326913595200e-03,1.729439012706279755e-02,3.869963437318801880e-02,2.707403525710105896e-02,-2.137251431122422218e-03,2.145761251449584961e-02,-1.877377368509769440e-02,2.352613210678100586e-02,1.026404369622468948e-02,2.477640751749277115e-03,1.108883321285247803e-02,7.580205798149108887e-03,-2.738823927938938141e-02,3.927567973732948303e-03,5.865167826414108276e-03,4.875420778989791870e-02,1.548770908266305923e-02,2.471749298274517059e-02,8.287168107926845551e-03,-2.456366317346692085e-03,-1.715037971735000610e-02,-1.525205560028553009e-02,2.686456404626369476e-02,2.780717983841896057e-02,1.254857890307903290e-02,2.403998747467994690e-03,-6.673592608422040939e-03,1.157323364168405533e-02,5.024668574333190918e-02,1.229983381927013397e-02,-1.076808199286460876e-02,1.534369867295026779e-02,3.150236792862415314e-03,1.017894688993692398e-02,4.022484179586172104e-03,1.480693090707063675e-02,2.595467725768685341e-03,1.451563672162592411e-03,1.311153080314397812e-02,-3.065139520913362503e-03,4.497065208852291107e-03,-3.979935497045516968e-02,-1.874759048223495483e-02,-1.309189293533563614e-02,-2.293699607253074646e-02,8.830482140183448792e-03,-2.178490906953811646e-02,1.308534666895866394e-02,-4.906186833977699280e-03,-2.898217877373099327e-03,-1.281041745096445084e-02,-1.166487671434879303e-02,1.768714748322963715e-02,-1.941527798771858215e-02,-1.677071489393711090e-02,1.628631539642810822e-02,-2.497933246195316315e-02,2.137906104326248169e-02,-5.384040996432304382e-03,-1.462364476174116135e-02,2.089466154575347900e-02,-1.104955747723579407e-02,1.203799527138471603e-02,-2.704785019159317017e-02,1.804062910377979279e-02,3.885019337758421898e-03,-1.635177433490753174e-02,3.407165175303816795e-03,1.711764954961836338e-03,1.009384915232658386e-02,-3.097541816532611847e-02,-3.911203239113092422e-03,-2.122523030266165733e-03,-4.166495054960250854e-03,-1.999131962656974792e-02,-4.258138127624988556e-03,-2.407599054276943207e-02,2.306791581213474274e-02,1.449272502213716507e-02,1.185470912605524063e-02,2.056736312806606293e-02,-1.211000140756368637e-02,7.383827585726976395e-03,-1.224910258315503597e-03,-9.498168714344501495e-03,-3.257263079285621643e-02,1.989967748522758484e-02,1.447963342070579529e-02,2.548827906139194965e-04,1.927126571536064148e-02,-3.070048987865447998e-03,4.566452279686927795e-02,2.096339361742138863e-03,-9.419617243111133575e-03,-1.586737483739852905e-02,3.282792167738080025e-03,3.977316990494728088e-02,1.038841716945171356e-02,4.988011345267295837e-02,-2.289772033691406250e-02,2.827848773449659348e-03,6.925611291080713272e-03,-2.809520252048969269e-02,7.876082509756088257e-02,1.919598784297704697e-03,-1.326208747923374176e-02,-1.914034783840179443e-02,2.530008321627974510e-03,-3.974698856472969055e-02,-1.085056066513061523e-01,-2.322501875460147858e-02,2.874979749321937561e-02,1.644341833889484406e-02,4.199879243969917297e-02,2.867124602198600769e-02,1.836137962527573109e-03,3.914475906640291214e-03,-1.237838435918092728e-02,1.348464936017990112e-02,-5.662243813276290894e-03,-3.026845678687095642e-02,1.551389321684837341e-02,-3.560994984582066536e-03,-1.260094717144966125e-02,-4.546159878373146057e-03,-1.063061691820621490e-02,-1.040805503726005554e-02,-2.374869398772716522e-02,1.505567692220211029e-02,-8.601373992860317230e-03,8.097335696220397949e-03,9.072681888937950134e-03,-1.093173027038574219e-02,2.103867195546627045e-02,-1.695809187367558479e-04,-2.312028221786022186e-02,2.230858616530895233e-02,2.567320130765438080e-02,-1.464982796460390091e-02,9.458892978727817535e-03,-2.271443419158458710e-02,-8.084244094789028168e-03,3.904656972736120224e-03,-1.219509821385145187e-02,-1.290369662456214428e-03,-2.377487719058990479e-02,-9.786189533770084381e-03,-7.259454578161239624e-03,-1.108883321285247803e-02,4.130491986870765686e-03,1.099064387381076813e-02,5.007648840546607971e-03,2.042335271835327148e-02,1.352392509579658508e-02,-2.932584099471569061e-02,-1.420470420271158218e-02,3.204895555973052979e-02,3.597652167081832886e-02,1.040150877088308334e-02,-2.635398134589195251e-02,-4.226226592436432838e-04,-2.796428278088569641e-02,3.888292238116264343e-03,1.362866070121526718e-02,-1.768714748322963715e-02,1.476765517145395279e-02,-2.130050957202911377e-02,-1.633868180215358734e-02,1.865594764240086079e-03,-2.199438028037548065e-02,-1.057170331478118896e-02,-5.046924576163291931e-03,1.341919042170047760e-02,2.483532018959522247e-02,-1.163542037829756737e-03,-9.177416563034057617e-03,-1.606375351548194885e-02,2.854032628238201141e-02,-1.252894196659326553e-02,-2.374542178586125374e-03,-3.603543620556592941e-03,9.858195669949054718e-03,2.719840733334422112e-03,-2.452111616730690002e-02,-7.095805834978818893e-03,-2.153616398572921753e-03,-2.021388337016105652e-02,1.415233593434095383e-02,-2.412835881114006042e-02,-3.623836115002632141e-02,-2.026624977588653564e-02,5.622968077659606934e-03,-2.636707201600074768e-02,5.891351960599422455e-03,1.429634727537631989e-02,8.404995314776897430e-03,1.917962357401847839e-02,-1.605393365025520325e-03,-1.265331450849771500e-02,-4.569070413708686829e-03,9.524351917207241058e-03,3.396036848425865173e-02,-2.499242313206195831e-02,-2.710021845996379852e-02,9.210146963596343994e-03,1.850866363383829594e-03,-9.557081386446952820e-03,-1.642214367166161537e-03,1.000875234603881836e-02,-4.591981414705514908e-03,-1.338646095246076584e-02,-2.854032628238201141e-02,-5.053470842540264130e-03,-3.414365649223327637e-02,-1.724856905639171600e-03,1.482656924054026604e-03,-9.648725390434265137e-03,1.039496343582868576e-02,1.471528783440589905e-02,-1.862976327538490295e-02,-1.436016988009214401e-03,-2.725732140243053436e-02,3.482443466782569885e-02,2.543754875659942627e-02,-8.856665343046188354e-03,-1.189398486167192459e-02,2.620015060529112816e-03,2.647835295647382736e-03,2.521498501300811768e-02,5.230211187154054642e-03,2.683838084340095520e-02,-1.436835271306335926e-03,1.286933105438947678e-02,9.537444449961185455e-03,3.411747142672538757e-02,-2.096012048423290253e-02,1.544843334704637527e-02,9.157778695225715637e-03,8.365719579160213470e-03,-2.635398134589195251e-02,-4.624711349606513977e-03,1.154704950749874115e-02,-2.422000281512737274e-02,-1.122629828751087189e-02,5.727703217417001724e-03,2.035789377987384796e-02,-3.839606652036309242e-04,-2.008296363055706024e-02,4.713081568479537964e-02,1.908797957003116608e-02,4.898986220359802246e-02,-2.114340662956237793e-02,-4.241773486137390137e-02,-9.000676684081554413e-03,-1.793589256703853607e-02,-1.660051941871643066e-02,-5.262941122055053711e-03,-3.341051191091537476e-02,1.798826083540916443e-02,-3.250062465667724609e-03,1.097100600600242615e-02,1.437489874660968781e-02,4.637148603796958923e-02,-3.807122632861137390e-02,-2.046262845396995544e-02,1.939236652106046677e-03,-1.885232515633106232e-02,-1.486748107708990574e-03,7.527838461101055145e-03,-7.148173637688159943e-03,-2.153616398572921753e-02,3.170856460928916931e-02,1.464982796460390091e-02,9.213419398292899132e-04,9.111957624554634094e-03,3.361343406140804291e-03,1.319008227437734604e-02,-1.312462240457534790e-02,9.589811787009239197e-03,-7.737308740615844727e-03,-2.001750469207763672e-02,-1.506876852363348007e-02,4.804724827408790588e-03,6.457576062530279160e-03,1.213045688928104937e-04,1.993895322084426880e-02,6.595040904358029366e-04,-3.210786730051040649e-03,1.732057519257068634e-02,-1.506876852363348007e-02,1.050624437630176544e-02,3.183948248624801636e-02,-5.154932849109172821e-03,-1.631249859929084778e-02,2.630161307752132416e-02,2.376178652048110962e-02,9.982568444684147835e-04,1.408687699586153030e-02,3.099096647929400206e-04,3.770465031266212463e-02,1.303952559828758240e-02,4.094489384442567825e-03,6.071365438401699066e-03,1.677071489393711090e-02,7.442741189152002335e-03,1.114120054990053177e-02,2.249187231063842773e-02,2.223985269665718079e-03,2.150998078286647797e-02,4.176313988864421844e-03,3.249407932162284851e-02,2.840940840542316437e-03,9.386886842548847198e-03,-1.605066098272800446e-02,-5.063289776444435120e-03,-2.712640166282653809e-02,7.390373386442661285e-03,-2.987569943070411682e-02,-2.725732140243053436e-02,-1.979494281113147736e-02,3.335814177989959717e-02,8.051513694226741791e-03,-9.786189533770084381e-03,-7.065531099215149879e-04,5.586965475231409073e-03,-1.552698481827974319e-02,2.888071537017822266e-02,5.243303254246711731e-03,1.197253633290529251e-02,2.073755860328674316e-02,5.194862931966781616e-02,8.614465594291687012e-03,3.606816520914435387e-03,-5.868440959602594376e-03,-1.061752531677484512e-02,1.199217420071363449e-02,-5.969902966171503067e-03,3.672275925055146217e-03,-9.714184328913688660e-03,-1.017894688993692398e-02,-2.401053160429000854e-02,-8.941763080656528473e-03,5.642605945467948914e-03,-1.624703966081142426e-02,-1.261403877288103104e-02,2.384033612906932831e-02,-4.120673518627882004e-03,1.754313707351684570e-02,2.060663886368274689e-02,-8.522822521626949310e-03,2.513643354177474976e-02,5.652424879372119904e-03,1.561208278872072697e-03,4.205770790576934814e-03,-3.731189528480172157e-03,1.842029392719268799e-02,1.708492054603993893e-03,1.216236874461174011e-02,-1.387740671634674072e-02,8.228254504501819611e-03,1.115429308265447617e-02,-1.517350412905216217e-02,1.079426612704992294e-02,-1.690163463354110718e-02,-3.403891995549201965e-02,2.665836596861481667e-03,-2.255733124911785126e-02,5.285851657390594482e-03,2.127432636916637421e-02,-1.377267111092805862e-02,4.155366867780685425e-02,3.299156902357935905e-03,-1.056515797972679138e-02,-1.358938496559858322e-02,-3.828069567680358887e-02,-3.212750703096389771e-02,2.168017439544200897e-02,-1.589355804026126862e-02,-7.338006049394607544e-03,-5.718538910150527954e-02,-3.443167777732014656e-03,1.514731999486684799e-02,-4.440769925713539124e-02,-1.736312289722263813e-03,9.897471405565738678e-03,-3.105396963655948639e-02,2.292717806994915009e-03,-1.416542846709489822e-02,2.621651627123355865e-03,6.022270768880844116e-03,-1.433562301099300385e-02,3.566231578588485718e-02,-2.403671480715274811e-02,-2.000441215932369232e-02,3.058593487367033958e-03,-1.765769091434776783e-03,-2.035789377987384796e-02,1.056515797972679138e-02,3.633000189438462257e-03
-1.236442476511001587e-02,-1.353235729038715363e-02,2.179270610213279724e-03,-3.960530739277601242e-03,1.345406007021665573e-02,3.238892182707786560e-02,3.363515017554163933e-03,1.932634599506855011e-02,9.004171937704086304e-03,-2.761279605329036713e-02,5.268745590001344681e-03,9.852391667664051056e-03,-2.691464498639106750e-03,1.570021035149693489e-03,-4.975131247192621231e-03,8.482191711664199829e-03,4.475986957550048828e-02,9.689272381365299225e-03,1.227960363030433655e-02,-2.146646939218044281e-02,-1.055706571787595749e-02,2.067044749855995178e-02,-6.077816244214773178e-03,-1.023082807660102844e-02,-3.035319596529006958e-02,-5.379666574299335480e-03,8.234250359237194061e-03,-2.964852191507816315e-02,1.977002993226051331e-02,-2.821307256817817688e-02,-1.396299153566360474e-02,-1.606396585702896118e-02,-9.806717745959758759e-03,-2.826527133584022522e-02,-3.779142349958419800e-02,-2.977901697158813477e-02,-2.100973576307296753e-02,3.312948159873485565e-03,2.933533303439617157e-02,4.169323481619358063e-03,2.870895434170961380e-03,-8.416944183409214020e-03,-7.607873063534498215e-03,-2.728981897234916687e-03,-2.517253346741199493e-02,-3.660391783341765404e-03,-1.298427768051624298e-02,-1.713402569293975830e-02,-1.922195032238960266e-02,3.157985163852572441e-03,2.912653982639312744e-02,7.607873063534498215e-03,-2.303241193294525146e-02,-7.372981868684291840e-03,8.625736460089683533e-03,8.821479044854640961e-03,-1.544737489894032478e-03,3.523371741175651550e-02,-1.867387071251869202e-02,-3.207573294639587402e-02,-1.397604122757911682e-02,6.805327255278825760e-03,-4.495561588555574417e-03,1.485035941004753113e-02,-3.356337919831275940e-02,-2.316290745511651039e-03,4.573858808726072311e-03,-1.313434727489948273e-02,-2.494090469554066658e-03,-1.986137777566909790e-02,1.696438342332839966e-02,5.953846033662557602e-03,-1.024387683719396591e-02,-3.608193714171648026e-03,2.538132667541503906e-02,-3.948786482214927673e-02,-1.017210446298122406e-02,-7.020644377917051315e-03,-1.257974188774824142e-02,3.862659446895122528e-03,-4.345491994172334671e-03,-2.074874565005302429e-02,-8.384319953620433807e-04,7.249011192470788956e-03,1.027650106698274612e-02,-8.184498874470591545e-04,2.583805937319993973e-03,2.628174424171447754e-02,-1.128131430596113205e-02,-1.294512860476970673e-02,1.696438342332839966e-02,2.573366276919841766e-02,2.283666841685771942e-02,-7.914536632597446442e-03,-1.263194065541028976e-02,-1.393689308315515518e-02,-2.472884953022003174e-02,2.466360293328762054e-02,4.084501415491104126e-03,-1.911755464971065521e-02,1.546368747949600220e-02,1.675232779234647751e-03,-2.857846021652221680e-02,8.227725513279438019e-03,-1.032217405736446381e-02,9.053107933141291142e-04,-6.678094621747732162e-03,-1.906535588204860687e-02,2.043555676937103271e-02,-2.891774848103523254e-02,-5.379666574299335480e-03,4.562114179134368896e-02,1.455022022128105164e-02,-6.058242172002792358e-03,4.181068018078804016e-02,-4.136699717491865158e-03,1.657289639115333557e-02,-1.816493831574916840e-02,-9.898064658045768738e-03,2.513664774596691132e-03,-7.908012717962265015e-03,-1.290598046034574509e-02,8.149428293108940125e-03,-2.168831042945384979e-02,-1.035479828715324402e-02,3.194523602724075317e-02,-2.084009163081645966e-02,1.370200188830494881e-03,-1.701658032834529877e-02,8.482191711664199829e-03,4.094941169023513794e-02,1.316044572740793228e-02,2.668627910315990448e-02,-2.308461070060729980e-02,-1.297775283455848694e-02,1.901315897703170776e-02,4.648893373087048531e-04,7.275110110640525818e-03,-2.427211729809641838e-03,-3.215403109788894653e-02,6.145510706119239330e-04,1.736891828477382660e-02,-1.351930852979421616e-02,2.430474152788519859e-03,7.953685708343982697e-03,1.824323646724224091e-02,2.562926709651947021e-02,4.234571009874343872e-03,1.697743311524391174e-02,-3.066638484597206116e-02,1.839983090758323669e-02,9.199915453791618347e-03,3.371997177600860596e-02,-1.746026426553726196e-02,4.397689830511808395e-03,1.794309727847576141e-02,1.107904687523841858e-02,3.609498590230941772e-02,-1.599871739745140076e-02,-1.893486082553863525e-02,4.443363286554813385e-03,-1.457631960511207581e-02,2.823917195200920105e-02,4.002941772341728210e-03,8.462617173790931702e-03,2.446785941720008850e-02,8.149428293108940125e-03,7.692695129662752151e-03,-1.000898610800504684e-02,-9.597925469279289246e-03,2.544657327234745026e-02,3.259771317243576050e-02,-9.226013906300067902e-03,1.692523434758186340e-02,-1.578176976181566715e-03,-2.805647905915975571e-03,-1.558113284409046173e-02,9.610975161194801331e-03,-2.491154335439205170e-02,1.143790874630212784e-02,-2.975291758775711060e-02,4.241095855832099915e-02,4.802225157618522644e-02,2.800428122282028198e-02,2.624585758894681931e-03,1.247534621506929398e-02,-3.405926050618290901e-03,-7.986309006810188293e-03,4.019253887236118317e-03,-5.503637250512838364e-03,1.832153275609016418e-02,-1.346547855064272881e-03,-5.373142194002866745e-03,-1.973088271915912628e-02,-6.576960682868957520e-01,-1.993967406451702118e-02,4.537972155958414078e-03,-1.820408739149570465e-02,8.782330900430679321e-03,2.532912790775299072e-02,1.624665968120098114e-02,7.281634956598281860e-03,-1.682083867490291595e-02,4.316130653023719788e-03,-1.470681466162204742e-02,1.090940274298191071e-02,-2.660471946001052856e-03,-1.315555302426218987e-03,-2.498984150588512421e-02,-2.120547927916049957e-02,-2.656801661942154169e-04,-2.308461070060729980e-02,-4.153011366724967957e-03,-1.310824789106845856e-02,-1.123074791394174099e-03,-2.800754271447658539e-03,7.020644377917051315e-03,-2.993561141192913055e-02,7.320783566683530807e-03,8.847578428685665131e-03,4.841373767703771591e-03,-2.354134432971477509e-02,5.820088088512420654e-03,2.509423717856407166e-02,-2.527693100273609161e-02,2.664713002741336823e-02,-8.469142019748687744e-03,8.110280148684978485e-03,5.167612060904502869e-02,-2.014846727252006531e-02,-1.562028191983699799e-02,4.730452783405780792e-03,3.653867170214653015e-02,1.439362671226263046e-02,-1.279505901038646698e-02,-7.647021673619747162e-03,1.125521585345268250e-02,3.376564709469676018e-03,-2.544657327234745026e-03,5.634132307022809982e-03,2.847406454384326935e-02,1.223392970860004425e-02,2.394587965682148933e-03,1.194031536579132080e-02,1.657289639115333557e-02,-8.938924409449100494e-03,-1.098769996315240860e-02,6.675647455267608166e-04,-6.319232750684022903e-03,5.766258691437542439e-04,1.111819501966238022e-02,-4.893572186119854450e-04,-1.274286117404699326e-02,2.378928475081920624e-02,1.448497269302606583e-02,1.504773390479385853e-03,-1.873911730945110321e-02,-2.043555676937103271e-02,-2.654273435473442078e-02,1.913060434162616730e-02,-1.001551095396280289e-02,-4.400952253490686417e-03,8.540914393961429596e-03,-1.495801843702793121e-03,6.325757130980491638e-03,2.528345445170998573e-03,-1.439362671226263046e-02,-1.124869100749492645e-02,1.832153275609016418e-02,3.476393595337867737e-02,1.974393241107463837e-02,-1.487645879387855530e-02,-2.138817124068737030e-02,-9.212965145707130432e-03,-1.931329723447561264e-03,4.723927937448024750e-03,-2.917873859405517578e-02,-1.440341351553797722e-03,2.185795456171035767e-02,3.058808669447898865e-02,-2.108803205192089081e-02,-5.046904087066650391e-03,-7.131565362215042114e-03,1.466766651719808578e-02,-1.212300918996334076e-02,1.388469524681568146e-02,-1.042657066136598587e-02,-4.042090382426977158e-03,4.854423459619283676e-03,1.087025459855794907e-02,-4.296556115150451660e-03,-4.462937824428081512e-03,4.212386906147003174e-02,6.811852101236581802e-03,2.612514980137348175e-02,-2.298347651958465576e-03,1.623360998928546906e-02,-7.819520396878942847e-05,-8.560488931834697723e-03,1.760380901396274567e-02,-5.314419046044349670e-03,2.023981325328350067e-02,1.396299153566360474e-02,-2.831747010350227356e-02,1.156187895685434341e-02,1.799529604613780975e-02,-6.916248239576816559e-03,-1.400214061141014099e-02,-8.527864702045917511e-03,-2.675152756273746490e-02,-1.261236611753702164e-02,2.497352892532944679e-03,1.122911646962165833e-02,-2.782158739864826202e-02,7.450463017448782921e-04,2.085314132273197174e-02,-2.279752120375633240e-02,-9.995936416089534760e-03,2.253652922809123993e-02,2.140122093260288239e-02,-2.132292464375495911e-02,-6.433415692299604416e-03,-1.695133373141288757e-02,-3.121446445584297180e-02,1.001551095396280289e-02,-4.544497001916170120e-03,2.792598307132720947e-02,-1.246882136911153793e-02,2.207979746162891388e-02,-7.855813950300216675e-03,1.966563425958156586e-02,-8.710558526217937469e-03,2.573366276919841766e-02,2.490828046575188637e-03,-2.594245597720146179e-02,-7.555675227195024490e-03,2.828484633937478065e-03,8.749706670641899109e-03,9.826292283833026886e-03,-3.017050214111804962e-02,9.506579488515853882e-03,-3.043149225413799286e-02,-2.217114344239234924e-02,2.566841617226600647e-02,-2.004325506277382374e-04,-2.219724282622337341e-02,-3.674746304750442505e-02,-8.547439239919185638e-03,9.150979458354413509e-04,5.014279857277870178e-03,-5.203498061746358871e-03,-1.520269643515348434e-02,-6.218098569661378860e-03,-2.023981325328350067e-02,-5.800514016300439835e-03,2.286276780068874359e-02,-1.246229652315378189e-02,-2.000492252409458160e-02,1.665119454264640808e-02,-1.456326991319656372e-02,9.154241532087326050e-03,1.765600778162479401e-02,-6.059873267076909542e-04,-2.753449790179729462e-02,1.126174069941043854e-02,2.356744185090065002e-02,-1.876521669328212738e-02,1.541148964315652847e-02,-5.976682528853416443e-03,1.396299153566360474e-02,-2.172745950520038605e-02,-1.243782899109646678e-04,6.126752123236656189e-03,5.125200841575860977e-03,5.223887856118381023e-04,1.794309727847576141e-02,-2.518558315932750702e-02,-1.261236611753702164e-02,2.996170893311500549e-02,7.699219975620508194e-03,-3.065007273107767105e-03,7.940636016428470612e-03,-1.006770879030227661e-02,1.255364343523979187e-02,1.141180936247110367e-02,-5.510162096470594406e-03,8.619211614131927490e-03,1.114103244617581367e-03,3.011177992448210716e-03,2.581196092069149017e-02,2.855236083269119263e-02,1.726452261209487915e-02,2.003102190792560577e-02,2.035725861787796021e-02,-1.274286117404699326e-02,3.011177992448210716e-03,3.077078051865100861e-02,-6.837951019406318665e-03,6.028880830854177475e-03,-3.173644468188285828e-02,2.110108174383640289e-02,-1.488950848579406738e-02,3.943566605448722839e-02,1.096812635660171509e-02,-1.977002993226051331e-02,-4.666510224342346191e-02,-3.343288227915763855e-02,-1.774735376238822937e-02,1.158145349472761154e-02,2.902214415371417999e-02,-6.753129418939352036e-03,2.120547927916049957e-02,-8.257902809418737888e-04,-1.930024847388267517e-02,-6.035405211150646210e-03,1.697743311524391174e-02,-2.027773880399763584e-04,-1.275591086596250534e-02,-1.278853509575128555e-02,2.177965827286243439e-02,1.941769383847713470e-02,1.564638130366802216e-02,1.017210446298122406e-02,-2.127072541043162346e-03,-7.209862582385540009e-03,-1.398909091949462891e-02,8.749706670641899109e-03,1.119649223983287811e-02,6.054979749023914337e-03,1.404128875583410263e-02,3.873099014163017273e-02,-3.001390770077705383e-02,1.381944678723812103e-02,-2.860455960035324097e-02,1.397604122757911682e-02,7.359932176768779755e-03,2.410247363150119781e-02,-1.043309550732374191e-02,-1.077238284051418304e-02,1.302342582494020462e-02,2.378928475081920624e-02,1.772125437855720520e-02,-5.751578137278556824e-03,1.642935164272785187e-02,1.074628438800573349e-02,1.641630195081233978e-02,-5.937533918768167496e-03,-1.072018500417470932e-02,2.184164244681596756e-03,-3.987934812903404236e-02,-1.233180146664381027e-02,1.285378262400627136e-02,3.786972165107727051e-02,2.740400284528732300e-02,-9.558777324855327606e-03,-2.078789286315441132e-02,1.002203579992055893e-02,1.284073293209075928e-02,2.482019737362861633e-02,-2.001470886170864105e-03,5.471013486385345459e-03,-3.155375272035598755e-02,-2.418076992034912109e-02,-2.528998069465160370e-02,-1.367590203881263733e-02,-1.158797834068536758e-02,1.585517264902591705e-02,-7.739999564364552498e-04,2.232773788273334503e-02,1.188159268349409103e-02,-1.041413270286284387e-04,-3.329260041937232018e-03,2.247128263115882874e-02,-1.879131607711315155e-02,-1.546368747949600220e-02,-1.306909974664449692e-02,6.322495173662900925e-03,1.691218465566635132e-02,1.401519030332565308e-02,6.322495173662900925e-03,-2.696031890809535980e-02,-8.253824897110462189e-03,-4.071451723575592041e-02,1.487645879387855530e-02,-4.352016840130090714e-03,7.275110110640525818e-03,-8.286448195576667786e-03,-2.313680760562419891e-02,-6.792278029024600983e-03,-1.909145526587963104e-02,3.061418607831001282e-02,-8.625736460089683533e-03,2.183185517787933350e-02,-5.291582550853490829e-03,7.360747549682855606e-04,-4.922933410853147507e-03,2.906781621277332306e-03,4.391165450215339661e-03,2.265397645533084869e-02,1.238399930298328400e-02,1.941116934176534414e-04,4.192159976810216904e-03,-2.334560081362724304e-02,4.456412978470325470e-03,-2.485934458673000336e-02,1.817798800766468048e-02,-2.805647999048233032e-02,4.949032329022884369e-03,-1.876521669328212738e-02,2.813803963363170624e-03,-1.701658032834529877e-02,-1.507220137864351273e-02,-1.211974653415381908e-03,-1.776040345430374146e-02,-5.653706844896078110e-03,-3.961754264310002327e-04,-2.226248942315578461e-02,2.737790346145629883e-02,1.056489571928977966e-01,4.008814319968223572e-02,1.193379051983356476e-02,1.103500486351549625e-03,1.224045455455780029e-02,2.035725861787796021e-02,-8.893251419067382812e-03,-2.672542817890644073e-02,1.188811752945184708e-02,-1.800834387540817261e-02,-2.560316771268844604e-02,-9.754519909620285034e-03,3.680373774841427803e-04,-3.415305400267243385e-05,3.006610646843910217e-02,-3.845531900878995657e-04,-3.190608927980065346e-03,-1.367590203881263733e-02,6.205049343407154083e-03,-1.624665968120098114e-02,-1.857518363976851106e-04,1.806054264307022095e-02,1.699048094451427460e-02,1.136613637208938599e-02,1.694807084277272224e-03,-1.496780570596456528e-02,2.839576639235019684e-02,2.039640769362449646e-02,-6.208311766386032104e-03,-1.039394643157720566e-02,-8.214675821363925934e-03,7.503476925194263458e-03,-3.924644552171230316e-03,6.283346563577651978e-03,-1.019167900085449219e-02,3.411145880818367004e-02,-3.539683762937784195e-03,3.288480266928672791e-02,2.462445385754108429e-02,-1.070713531225919724e-02,1.971783302724361420e-02,2.061825012788176537e-03,1.475901342928409576e-02,-2.191015332937240601e-02,9.349985048174858093e-03,-4.965344443917274475e-03,-4.609744995832443237e-03,1.279505901038646698e-02,-5.056690890341997147e-03,-4.812664911150932312e-02,2.137512154877185822e-02,-2.050080336630344391e-02,-4.126912448555231094e-03,-1.550283562391996384e-02,-3.004000708460807800e-02,-1.117039378732442856e-02,-4.172585904598236084e-03,5.767890252172946930e-03,-7.001070305705070496e-03,-6.609584670513868332e-03,-3.699540393427014351e-03,-1.108557172119617462e-02,8.071131072938442230e-03,8.971548639237880707e-03,-2.579891122877597809e-02,-1.843897998332977295e-02,-1.539843995124101639e-02,-3.087844001129269600e-03,-1.922195032238960266e-02,-1.970478333532810211e-02,4.477618203964084387e-04,-1.578992605209350586e-02,-1.575077697634696960e-02,1.070061116479337215e-03,2.171440981328487396e-02,3.037929534912109375e-02,2.359354123473167419e-02,-8.710558176971971989e-04,-1.597261801362037659e-02,2.403722517192363739e-02,-1.850422658026218414e-02,-2.363269031047821045e-02,2.450700849294662476e-02,-3.152765333652496338e-02,-1.337576378136873245e-02,2.852626144886016846e-02,-2.711691334843635559e-02,-1.867713290266692638e-03,-2.988341264426708221e-02,4.257407505065202713e-03,1.127478946000337601e-02,-5.979944951832294464e-03,-5.715691950172185898e-03,-1.809969171881675720e-02,3.846347564831376076e-03,-2.303241193294525146e-02,4.058402497321367264e-03,1.849117688834667206e-02,-1.220783125609159470e-02,-7.379506714642047882e-03,-5.477538332343101501e-03,2.471253741532564163e-03,2.507139928638935089e-03,-1.131393853574991226e-02,2.329340204596519470e-02,1.804749295115470886e-02,4.015991464257240295e-03,1.157492864876985550e-02,-1.309519819915294647e-02,-3.409188473597168922e-03,3.270211070775985718e-02,-2.438956312835216522e-02,4.012729041278362274e-04,-3.980105277150869370e-03,-8.782330900430679321e-03,2.647748589515686035e-02,5.503637250512838364e-03,3.779142349958419800e-02,4.110600426793098450e-02,6.779228337109088898e-03,-1.051791757345199585e-02,-3.570350259542465210e-02,2.378928475081920624e-02,-1.270371302962303162e-02,2.740400377660989761e-03,-1.042657066136598587e-02,-2.850016392767429352e-02,-1.098769996315240860e-02,1.504610292613506317e-02,2.253652922809123993e-02,2.735506743192672729e-03,1.020472869277000427e-02,-1.083110552281141281e-02,-9.447855874896049500e-03,-3.385046869516372681e-02,-1.709487847983837128e-02,7.451279088854789734e-03,5.617820657789707184e-03,-2.435041405260562897e-02,2.955717500299215317e-03,1.221435517072677612e-02,-2.805647999048233032e-02,-1.946989074349403381e-02,-1.205123681575059891e-02,9.598537144483998418e-05,-3.938346728682518005e-02,6.645470857620239258e-03,-1.987442746758460999e-02,-1.524184551090002060e-02,3.786972165107727051e-02,1.399561529979109764e-03,5.529736168682575226e-03,-2.753449790179729462e-02,1.515049859881401062e-02,-5.073003005236387253e-03,-1.140528544783592224e-02,-5.454701371490955353e-03,2.063456224277615547e-03,3.257161378860473633e-02,8.625736460089683533e-03,3.679966181516647339e-02,5.187186412513256073e-03,-1.280810870230197906e-02,1.338881254196166992e-02,-1.724168541841208935e-03,-1.510482514277100563e-03,-6.857525557279586792e-03,5.552573129534721375e-03,-4.042742773890495300e-02,-1.318002026528120041e-02,8.240775205194950104e-03,-1.942748087458312511e-03,3.927906975150108337e-02,2.523452043533325195e-03,-1.247534621506929398e-02,5.046904087066650391e-03,4.668467678129673004e-03,9.428282268345355988e-03,2.043555676937103271e-02,-2.609905041754245758e-02,-8.762756362557411194e-03,-8.906301110982894897e-03,1.284073293209075928e-02,8.260349743068218231e-03,-5.435127299278974533e-03,8.214675821363925934e-03,1.787784881889820099e-02,-1.060273963958024979e-02,6.028880830854177475e-03,-4.430313594639301300e-03,1.378029864281415939e-02,-1.203166227787733078e-02,3.017050214111804962e-02,3.741951426491141319e-03,2.009626850485801697e-02,-1.916975341737270355e-02,1.674254052340984344e-02,1.619446091353893280e-02,2.852952340617775917e-03,2.296716347336769104e-02,2.356744185090065002e-02,1.284725777804851532e-02,-3.241502121090888977e-02,-1.809969171881675720e-02,-2.470275200903415680e-02,1.809969171881675720e-02,-4.524922929704189301e-03,4.945769906044006348e-03,-6.244197953492403030e-03,-5.337256006896495819e-03,-1.649460010230541229e-02,-1.096160151064395905e-02,-1.090287789702415466e-02,-1.154230535030364990e-02,1.963953487575054169e-02,-8.142903447151184082e-03,-1.289293076843023300e-02,2.048775553703308105e-03,-7.209862815216183662e-04,-3.061418607831001282e-02,-2.136207185685634613e-02,6.436678115278482437e-03,2.406332455575466156e-02,-3.009220585227012634e-02,1.172826043330132961e-03,3.490747883915901184e-03,7.027169223874807358e-03,-2.600770443677902222e-02,9.245588444173336029e-03,-4.560809116810560226e-03,-1.076585799455642700e-02,1.498085446655750275e-02,1.695133373141288757e-02,-1.118344347923994064e-02,-7.399080786854028702e-03,-7.268585730344057083e-03,5.947321187704801559e-03,-1.871301978826522827e-02,-2.303241193294525146e-02,2.251043170690536499e-02,-1.310661667957901955e-03,-1.265803910791873932e-02,-9.017221629619598389e-03,5.320943892002105713e-03,-1.500695385038852692e-02,4.376810789108276367e-02,-2.761279605329036713e-02,5.539523437619209290e-03,-2.998780831694602966e-02,-1.582907326519489288e-02,-4.316782951354980469e-02,1.950903981924057007e-02,-1.483730971813201904e-02,2.634699083864688873e-02,-2.539763925597071648e-03,-1.072018500417470932e-02,-7.216387428343296051e-03,-2.380233444273471832e-02,1.451107207685709000e-02,1.090287789702415466e-02,-3.856134600937366486e-03,3.111496043857187033e-04,1.197293982841074467e-03,-1.295817829668521881e-02,1.026834477670490742e-03,3.168424591422080994e-02,-1.979612931609153748e-02,-1.088982913643121719e-02,-2.561621740460395813e-02,2.278447151184082031e-02,-1.169237494468688965e-02,-1.570021035149693489e-03,-2.084009163081645966e-02,-1.302995067089796066e-02,1.039394643157720566e-02,3.807198954746127129e-03,-3.306423546746373177e-03,-9.441331028938293457e-03,-1.053749118000268936e-02,-1.768210716545581818e-02,7.483902852982282639e-03,1.528099365532398224e-02,1.465461682528257370e-02,-4.785913508385419846e-03,-1.121606677770614624e-02,-1.170542370527982712e-02,-1.565943099558353424e-02,1.143790874630212784e-02,1.897400990128517151e-02,3.402663627639412880e-03,-2.951802685856819153e-02,-1.496780570596456528e-02,1.687303557991981506e-02,4.408129677176475525e-02,-6.713980808854103088e-03,1.577687636017799377e-02,1.350625883787870407e-02,1.667729392647743225e-02,-2.331950142979621887e-02,2.696031890809535980e-02,-2.207979746162891388e-02,-3.914857748895883560e-03,-3.617980750277638435e-03,2.181880548596382141e-02,5.666756536811590195e-03,-4.851161036640405655e-03,1.265803910791873932e-02,-1.687303557991981506e-02,-2.637309022247791290e-02,1.614226214587688446e-02,6.041930057108402252e-03,1.999187283217906952e-02,9.800193831324577332e-03,-2.141427062451839447e-02,-6.146326195448637009e-03,5.904910154640674591e-03,-4.820168251171708107e-04,-3.424195572733879089e-02,-1.855642534792423248e-02,1.357150636613368988e-02,1.265803910791873932e-02,1.562028191983699799e-02,4.348101839423179626e-02,-9.310835972428321838e-03,8.873676881194114685e-03,7.679645437747240067e-03,-8.221200667321681976e-03,1.417178474366664886e-02,-1.783870160579681396e-02,-1.689913566224277020e-03,-2.866002032533288002e-03,1.648155041038990021e-02,-8.521339856088161469e-03,-6.364905741065740585e-03,1.295165345072746277e-02,-3.295005066320300102e-03,4.133437294512987137e-03,3.541641309857368469e-02,-2.318900637328624725e-02,-1.479816157370805740e-02,-1.539843995124101639e-02,6.475826725363731384e-03,-1.973088271915912628e-02,1.965258456766605377e-02,-6.877099629491567612e-03,1.857926137745380402e-03,-1.802139356732368469e-02,-2.633394114673137665e-02,-2.564231678843498230e-02,-3.353727981448173523e-02,-4.042742773890495300e-02,3.371997177600860596e-02,1.538539025932550430e-02,-5.183923989534378052e-03,4.286768846213817596e-03,2.275510923936963081e-03,-5.052776262164115906e-02,-1.456653233617544174e-03,-1.913060434162616730e-02,5.425340030342340469e-03,2.176660858094692230e-02,2.203738549724221230e-03,2.264092676341533661e-03,-1.201208774000406265e-02,8.129853755235671997e-03,1.832153275609016418e-02,-3.100567124783992767e-02,-1.200556289404630661e-02,-1.597261801362037659e-02,-1.030260045081377029e-02,-9.937213733792304993e-03,2.709081396460533142e-02,-5.027329549193382263e-03,-1.334313955157995224e-02,1.342796161770820618e-02,1.294512860476970673e-02,5.011017899960279465e-03,1.498085446655750275e-02,1.661204546689987183e-02,-7.098941598087549210e-03,-3.918935544788837433e-04,-8.482191711664199829e-03,2.771719172596931458e-02,-1.335129491053521633e-03,-1.314087212085723877e-02,-3.207573294639587402e-02,-2.110760658979415894e-03,-1.057011540979146957e-02,1.864777132868766785e-02,-1.312129758298397064e-02,-3.003021935001015663e-03,2.782158739864826202e-02,-1.941769383847713470e-02,-7.601348217576742172e-03,-3.411145880818367004e-02,-1.819103769958019257e-02,4.825062118470668793e-03,-1.155535411089658737e-02,1.906535588204860687e-02,-7.620922755450010300e-03,-1.161407772451639175e-02,9.552252478897571564e-03,-3.061418607831001282e-02,-1.071366015821695328e-02,-1.417178474366664886e-02,3.935736790299415588e-02,-4.427051637321710587e-03,1.515049859881401062e-02,-4.733715206384658813e-03,-1.055706571787595749e-02,-4.534710198640823364e-03,1.180982030928134918e-02,5.014279857277870178e-03,-3.143304493278264999e-03,3.405926050618290901e-03,-1.562028191983699799e-02,5.373142194002866745e-03,-4.361803643405437469e-03,1.410979893989861012e-03,3.408535942435264587e-02,-1.765600778162479401e-02,-1.045919489115476608e-02,-1.212953403592109680e-02,1.394994277507066727e-02,-2.135228598490357399e-03,-2.776939049363136292e-02,-2.500288933515548706e-02,-1.567247882485389709e-02,1.947233831742778420e-04,3.696277970448136330e-03,-1.163854496553540230e-03,-1.387164555490016937e-02,-2.619039639830589294e-02,1.370200142264366150e-02,-1.086372975260019302e-02,2.554444596171379089e-03,2.066000849008560181e-01,-6.002781447023153305e-03,5.353567656129598618e-03,3.236282244324684143e-02,8.064606226980686188e-03,-4.779388662427663803e-03,-5.264667561277747154e-04,1.116386894136667252e-02,-2.776939049363136292e-02,4.152359068393707275e-02,-1.739501766860485077e-02,-9.610975161194801331e-03,-2.333255112171173096e-02,4.665205255150794983e-03,1.815188862383365631e-02,-7.601348217576742172e-03,-1.171847339719533920e-02,-2.161001414060592651e-02,-1.389774377457797527e-03,-2.821307256817817688e-02,1.346710976213216782e-02,4.146486520767211914e-03,1.458936929702758789e-02,-2.219724282622337341e-02,2.577281184494495392e-02,1.949599012732505798e-02,-1.798224635422229767e-02,-2.087924070656299591e-02,2.682982385158538818e-02,1.820408739149570465e-02,-3.653867170214653015e-02,6.694406270980834961e-03,1.675559021532535553e-02,-1.192074082791805267e-02,-3.512932360172271729e-02,1.692523434758186340e-02,4.601262509822845459e-02,1.365306554362177849e-03,1.080500707030296326e-02,-1.180982030928134918e-02,1.147053297609090805e-02,-1.054401602596044540e-02,-9.441331028938293457e-03,-1.592042110860347748e-02,1.293207984417676926e-02,2.162306383252143860e-02,-8.912825956940650940e-03,-3.857765987049788237e-04,-1.796919666230678558e-02,9.284737519919872284e-03,-2.368488907814025879e-02,-3.484223410487174988e-02,3.499882668256759644e-02,6.394267547875642776e-03,8.129853755235671997e-03,-1.298427768051624298e-02,-2.696358133107423782e-03,5.418815184384584427e-03,-2.258872799575328827e-02,7.216387428343296051e-03,2.253652922809123993e-02,1.430227980017662048e-02,-1.742111705243587494e-02,7.072842679917812347e-03,-2.083030529320240021e-03,2.842186577618122101e-02,-2.609905041754245758e-02,-1.357150636613368988e-02,5.614558234810829163e-03,-1.923500001430511475e-02,3.264012513682246208e-03,-6.831426639109849930e-03,4.208472091704607010e-03,1.945684291422367096e-02,9.806717745959758759e-03,-3.833298105746507645e-03,2.433736436069011688e-02,1.231548958458006382e-03,3.693015547469258308e-03,2.281057089567184448e-02,4.456412978470325470e-03,-6.488876417279243469e-03,3.330891253426671028e-03,-6.227885838598012924e-03,3.533158916980028152e-03,-6.180255115032196045e-02,2.027896232903003693e-02,-6.935822777450084686e-03,-1.550283562391996384e-02,2.991603687405586243e-03,2.448090910911560059e-02,-2.064434811472892761e-02,-1.330399047583341599e-02,-5.578672047704458237e-03,7.281634956598281860e-03,-8.991123177111148834e-03,-1.809969171881675720e-02,2.197539992630481720e-02,1.055706571787595749e-02,7.607873063534498215e-03,-1.047224365174770355e-02,-9.010696783661842346e-03,4.241095855832099915e-03,-1.090940274298191071e-02,-1.650764979422092438e-02,9.226013906300067902e-03,2.168831042945384979e-02,3.528591617941856384e-02,1.503957784734666348e-03,3.142325580120086670e-02,-1.573772728443145752e-02,-8.051557466387748718e-03,-3.402663627639412880e-03,3.683228511363267899e-03,1.973088271915912628e-02,2.050080336630344391e-02,2.978554228320717812e-03,-3.084907680749893188e-02,1.274938602000474930e-02,-1.329094171524047852e-02,-2.311070822179317474e-02,-2.368488907814025879e-02,-1.277548540383577347e-02,1.826933585107326508e-02,5.637394730001688004e-03,6.665044929832220078e-03,-2.592940628528594971e-02,2.893732162192463875e-03,1.828238554298877716e-02,-2.454615756869316101e-02,3.677356243133544922e-02,-2.037030830979347229e-02,3.332522464916110039e-03,1.803444325923919678e-02,-7.921061478555202484e-03,6.746604572981595993e-03,2.340758685022592545e-03,-1.766905747354030609e-02,-4.798962734639644623e-03,2.905558212660253048e-04,-1.209690980613231659e-02,-6.191999651491641998e-03,-7.723687449470162392e-04,-5.487325135618448257e-03,8.058081730268895626e-04,4.371590912342071533e-03,-3.363515017554163933e-03,-1.165975071489810944e-02,1.790394820272922516e-02,-3.045759163796901703e-02,-1.434142794460058212e-02,1.154230535030364990e-02,8.671409450471401215e-03,8.273399434983730316e-03,1.759075932204723358e-02,-1.404128875583410263e-02,-1.709487847983837128e-02,-4.606482386589050293e-02,1.135308668017387390e-02,2.112391870468854904e-03,-6.342069059610366821e-02,-3.497272729873657227e-03,2.268986077979207039e-03,-1.400214061141014099e-02,6.516606663353741169e-04,4.316130653023719788e-03,-1.650503873825073242e-01,7.346882484853267670e-03,1.178372092545032501e-02,-2.022676356136798859e-02,1.885656453669071198e-02,-5.324206314980983734e-03,2.197539992630481720e-02,-2.490828046575188637e-03,1.197293982841074467e-03,-2.154476568102836609e-02,2.579891122877597809e-02,-1.175109762698411942e-02,-1.495475601404905319e-02,1.079195737838745117e-02,-1.765600778162479401e-02,8.045032620429992676e-03,-3.249331936240196228e-02,-1.390589983202517033e-03,1.070061046630144119e-02,2.549877204000949860e-02,1.435447763651609421e-02,4.860948305577039719e-03,1.620751060545444489e-02,-1.134656183421611786e-02,3.619938343763351440e-02,1.567247882485389709e-02,-1.216215733438730240e-02,2.598160505294799805e-02,-1.408043783158063889e-02,-1.585517264902591705e-02,-1.885656453669071198e-02,-4.697829135693609715e-04,4.045352712273597717e-02,-3.129847173113375902e-04,2.337170019745826721e-02,1.203166227787733078e-02,-7.430073455907404423e-04,-1.766905747354030609e-02,-7.170713972300291061e-03,1.456326991319656372e-02,2.677762508392333984e-02,2.923093549907207489e-02,6.485613994300365448e-03,-1.259931642562150955e-02,5.200235638767480850e-03,1.593347080051898956e-02,1.529404334723949432e-02,-2.298021316528320312e-02,-3.725639544427394867e-03,1.102684903889894485e-02,-4.485774319618940353e-03,-6.122062040958553553e-05,1.499390415847301483e-02,-7.209862582385540009e-03,-9.943738579750061035e-03,2.008321881294250488e-02,-1.984832808375358582e-02,1.923500001430511475e-02,-1.567247882485389709e-02,-1.612921245396137238e-02,-1.772125437855720520e-02,-1.448497269302606583e-02,3.225842490792274475e-02,-1.213605888187885284e-02,2.462445385754108429e-02,-2.313028322532773018e-03,-1.400214061141014099e-02,8.169002830982208252e-03,-1.019167900085449219e-02,2.119242958724498749e-02,-8.103755302727222443e-03,-2.174050919711589813e-02,9.865441359579563141e-03,-1.370200142264366150e-02,2.498984150588512421e-02,-4.133437294512987137e-03,-3.486832976341247559e-02,3.857439756393432617e-02,8.527864702045917511e-03,-1.404128875583410263e-02,-1.695133373141288757e-02,2.284971810877323151e-02,-1.672949083149433136e-02,-5.066478159278631210e-03,-5.519949365407228470e-03,-2.450048457831144333e-03,1.126174069941043854e-02,-1.603786647319793701e-02,-4.722297016996890306e-04,-3.725639544427394867e-03,1.374278101138770580e-03,-2.029201202094554901e-02,1.375093706883490086e-03,-2.344999648630619049e-02,2.813477627933025360e-02,8.925875648856163025e-03,2.753449790179729462e-02,7.647021673619747162e-03,-1.131393853574991226e-02,-9.017221629619598389e-03,-3.683228511363267899e-03,-1.014600601047277451e-02,-2.472884953022003174e-02,1.023735292255878448e-02,3.244112059473991394e-02,-7.496952079236507416e-03,-6.309445481747388840e-03,2.375013660639524460e-03,1.860862225294113159e-02,-1.375419925898313522e-02,-1.747005153447389603e-03,-1.719927415251731873e-02,7.712269201874732971e-03,1.620751060545444489e-02,7.327308412641286850e-03,2.907434292137622833e-02,4.645631182938814163e-03,-1.145748328417539597e-02,6.312707904726266861e-03,-1.164017617702484131e-02,6.263772398233413696e-02,1.249492075294256210e-02,2.154802903532981873e-03,-9.969837032258510590e-03,-9.617500007152557373e-03,-1.580623793415725231e-03,-1.240226849913597107e-01,-2.313680760562419891e-02,2.902214415371417999e-02,1.841288059949874878e-02,2.915263921022415161e-02,2.376644872128963470e-03,-2.120547927916049957e-03,9.493529796600341797e-03,-1.581602543592453003e-02,8.195102214813232422e-03,-4.404214851092547178e-04,-8.142903447151184082e-03,5.859236698597669601e-03,3.182452870532870293e-03,-1.141017884947359562e-03,-1.546368747949600220e-02,-1.962648518383502960e-02,-1.777997822500765324e-03,-2.620344609022140503e-02,1.950903981924057007e-02,1.368568977341055870e-03,4.870735108852386475e-03,-2.047144342213869095e-03,-1.649460010230541229e-02,3.030099719762802124e-02,1.636410504579544067e-02,-3.103177063167095184e-02,1.092897728085517883e-02,-1.397930434904992580e-03,1.176904072053730488e-03,-5.484063178300857544e-03,-8.580062538385391235e-03,-7.660071365535259247e-03,1.185549329966306686e-02,-1.325179263949394226e-02,-1.645545102655887604e-02,-3.776532411575317383e-02,-1.135961152613162994e-02,4.051877651363611221e-03,-1.885656453669071198e-02,5.082790274173021317e-03,1.974393241107463837e-02,6.818376947194337845e-03,1.550283562391996384e-02,7.216387428343296051e-03,-1.460241898894309998e-02,-5.004493054002523422e-03,2.685592323541641235e-02,1.722537353634834290e-02,1.313434727489948273e-02,-2.192320302128791809e-02,1.140528544783592224e-02,-1.760380901396274567e-02,-9.669697843492031097e-03,2.264092676341533661e-02,-2.629479393362998962e-03,6.720505654811859131e-03,1.687303557991981506e-02,-1.786479912698268890e-02,-9.349985048174858093e-03,-2.467665262520313263e-02,1.172499824315309525e-02,2.268986077979207039e-03,-2.776286564767360687e-03,1.892181113362312317e-03,5.382928997278213501e-03,1.144443359225988388e-02,9.440515714231878519e-05,3.451599506661295891e-03,-1.147053297609090805e-02,-1.048529334366321564e-02,4.756551701575517654e-03,-5.309525295160710812e-04,1.582907326519489288e-02,-5.536261014640331268e-03,-5.944058764725923538e-03,-1.834763213992118835e-02,-1.802139356732368469e-02,3.238892182707786560e-02,-3.452904522418975830e-02,-2.993561141192913055e-02,-2.613819949328899384e-02,4.312868230044841766e-03,7.301209494471549988e-03,1.829543523490428925e-02,-1.755161094479262829e-03,1.312782242894172668e-02,-4.759814124554395676e-03,2.875789068639278412e-03,-1.884351484477519989e-02,-7.288159802556037903e-03,2.261482737958431244e-02,2.990951202809810638e-02,-1.528099365532398224e-02,-4.257407505065202713e-03,-2.974883827846497297e-04,-1.405433844774961472e-02,-2.421991899609565735e-02,2.450863830745220184e-04,1.064841262996196747e-02,-1.000246126204729080e-02,3.286849241703748703e-03,-4.536014795303344727e-02,-1.897074747830629349e-03,-1.241009868681430817e-02,5.728741642087697983e-03,4.821799695491790771e-03,-2.005711942911148071e-02,4.267194774001836777e-03,-1.263194065541028976e-02,-2.269312366843223572e-02,-3.679966088384389877e-03,-2.440261282026767731e-02,3.557300567626953125e-02,-9.343460202217102051e-03,-1.368568977341055870e-03,-1.595957018435001373e-02,3.011177992448210716e-03,2.174050919711589813e-02,1.481121126562356949e-02,1.828238554298877716e-02,2.204064838588237762e-02,1.693175872787833214e-03,2.883945126086473465e-03,-1.282931421883404255e-03,2.766499295830726624e-02,-2.117937989532947540e-02,3.679966181516647339e-02,-1.408043783158063889e-02,1.816493831574916840e-02,-6.785753183066844940e-03,3.396139014512300491e-03,1.915017841383814812e-03,-2.805647999048233032e-02,3.370039863511919975e-03,3.569045104086399078e-03,2.273227274417877197e-02,-7.679645437747240067e-03,-9.813242591917514801e-03,3.064028546214103699e-02,1.332356501370668411e-02,5.736571177840232849e-02,-2.607295103371143341e-02,-3.319799154996871948e-02,3.004653146490454674e-03,-1.966563425958156586e-02,-4.524922929704189301e-03,1.708182878792285919e-02,-1.577687636017799377e-02,3.572959825396537781e-02,2.543352544307708740e-02,-6.178949959576129913e-03,8.814954198896884918e-03,3.257161378860473633e-02,-6.629158742725849152e-03,-2.367183938622474670e-02,-2.963873324915766716e-03,-3.604278713464736938e-02,6.280083907768130302e-04,-1.717643695883452892e-03,-1.371015794575214386e-03,-3.711285069584846497e-02,3.698235377669334412e-02,1.655984669923782349e-02,-1.290598046034574509e-02,1.182939484715461731e-02,2.766499295830726624e-02,2.488544397056102753e-02,-8.645310066640377045e-03,1.210995949804782867e-02,1.153578050434589386e-02,-1.507220137864351273e-02,-5.748315714299678802e-03,-1.384554617106914520e-02,4.900096915662288666e-03,8.808429352939128876e-03,1.164017617702484131e-02,4.198684822767972946e-03,-3.640817478299140930e-03,-3.993154503405094147e-03,-2.876115404069423676e-02,-4.042090382426977158e-03,3.163205087184906006e-02,-8.054003701545298100e-04,-7.992833852767944336e-03,3.007915569469332695e-03,1.039394643157720566e-02,5.813563242554664612e-03,-9.382608346641063690e-03,-1.505915168672800064e-02,1.041352096945047379e-02,1.885656453669071198e-02,-2.330971416085958481e-03,8.521339856088161469e-03,9.819767437875270844e-03,8.364745415747165680e-03,-7.136458880268037319e-04,1.065493747591972351e-02,-1.760054728947579861e-03,8.801904506981372833e-03,1.719886640785261989e-04,2.636004053056240082e-02,-6.404054351150989532e-03,1.093550212681293488e-02,-1.518964767456054688e-02,7.046743412502110004e-04,-2.316290698945522308e-02,2.467665262520313263e-02,-3.687795996665954590e-02,-2.415467053651809692e-02,-2.682982385158538818e-02,3.492052853107452393e-02,3.014440415427088737e-03,3.042170545086264610e-03,2.377623505890369415e-02,1.435447763651609421e-02,-8.266874589025974274e-03,3.980104997754096985e-02,1.752551272511482239e-02,2.424601837992668152e-02,-1.500695385038852692e-02,2.729960717260837555e-02,1.075933314859867096e-02,-6.968446541577577591e-03,6.994545459747314453e-03,-1.994946273043751717e-03,3.583399578928947449e-02,5.046904087066650391e-03,-2.480714768171310425e-02,-2.099668607115745544e-02,-1.086372975260019302e-02,-1.628580689430236816e-02,-5.904910154640674591e-03,-1.391079369932413101e-02,-7.131565362215042114e-03,-3.379827132448554039e-03,1.952535239979624748e-03,2.361964061856269836e-02,-1.172499824315309525e-02,3.700845316052436829e-02,-1.655984669923782349e-02,1.354540698230266571e-02,1.684693619608879089e-02,-2.119242958724498749e-02,-1.422398258000612259e-03,1.485035941004753113e-02,8.586587384343147278e-03,-8.832897292450070381e-04,-7.464328315109014511e-03,-2.493764273822307587e-02,1.510482514277100563e-03,-7.718794047832489014e-03,-9.506579488515853882e-03,2.523452043533325195e-03,-3.050979040563106537e-02,-2.468970231711864471e-02,1.170542370527982712e-02,-1.584212295711040497e-02,9.676222689449787140e-03,1.517659798264503479e-02,-1.946010394021868706e-03,1.760380901396274567e-02,-4.306343384087085724e-03,-8.547439239919185638e-03,-1.282115839421749115e-02,-3.074468113481998444e-02,-2.698641829192638397e-02,5.608033388853073120e-03,-1.154230535030364990e-02,-1.880436576902866364e-02,-3.990544751286506653e-02,-1.645545102655887604e-02,2.613819949328899384e-02,-1.320611964911222458e-02,3.572307468857616186e-04,7.496952079236507416e-03,-2.902214415371417999e-02,-2.019413979724049568e-03,-2.707776380702853203e-03,1.507220137864351273e-02,3.575569950044155121e-03,1.186854299157857895e-02,9.219489991664886475e-03,-2.003102190792560577e-02,-2.891774848103523254e-02,1.405433844774961472e-02,4.485774319618940353e-03,-1.329746656119823456e-02,9.956787340342998505e-03,-1.873911730945110321e-02
-1.098117232322692871e-02,-1.931628026068210602e-02,-7.501596119254827499e-03,-2.123467624187469482e-02,-1.297192357014864683e-04,2.279585599899291992e-02,6.307559087872505188e-03,1.184941269457340240e-03,-1.062395330518484116e-02,-1.743757352232933044e-02,6.105796433985233307e-03,2.041439712047576904e-02,2.528646495193243027e-03,-7.362677715718746185e-03,-1.055780239403247833e-02,6.912846583873033524e-03,3.773289546370506287e-02,1.862830296158790588e-02,1.256219670176506042e-02,-1.349493488669395447e-02,-1.714650541543960571e-02,1.132516097277402878e-02,-5.745270289480686188e-03,-6.343942601233720779e-03,-3.201739490032196045e-02,-1.755664497613906860e-02,1.333617139607667923e-02,-2.794245257973670959e-02,-9.459684952162206173e-04,-2.488624677062034607e-02,-1.857538148760795593e-02,-2.184327132999897003e-02,-1.215867139399051666e-02,-3.823564946651458740e-02,-4.064356908202171326e-02,-2.018948085606098175e-02,-1.378600206226110458e-02,-1.537198782898485661e-03,3.066790103912353516e-02,-8.976778015494346619e-03,-2.958632074296474457e-03,-7.905121310614049435e-04,1.583504956215620041e-03,-1.010135561227798462e-02,1.649656565859913826e-03,2.136697992682456970e-03,-4.379238467663526535e-03,-2.709571272134780884e-02,-2.303400076925754547e-02,9.929361753165721893e-03,3.855317831039428711e-02,-5.544334417209029198e-04,-2.552130259573459625e-02,-1.153684593737125397e-02,3.786519914865493774e-02,-2.594798104837536812e-03,2.042762748897075653e-02,3.823564946651458740e-02,-1.184775866568088531e-02,-3.135587647557258606e-02,-5.404589232057332993e-03,1.340232230722904205e-02,2.057316014543175697e-03,3.257306665182113647e-02,-2.736031822860240936e-02,8.943702094256877899e-03,-9.664755314588546753e-03,-1.233066618442535400e-02,-1.023365929722785950e-02,-1.800647750496864319e-02,1.927658915519714355e-02,-1.714981277473270893e-03,5.649350117892026901e-03,2.363267354667186737e-03,1.737142167985439301e-02,-3.476930409669876099e-02,-6.770620588213205338e-03,-2.113544847816228867e-03,-8.302031201310455799e-04,7.084840908646583557e-03,-8.024194277822971344e-03,-1.536041125655174255e-02,2.193588390946388245e-02,4.237839602865278721e-04,9.009853936731815338e-03,-9.360456839203834534e-03,-1.406383886933326721e-02,2.511116303503513336e-02,-2.202849648892879486e-02,-2.504501119256019592e-02,2.810121700167655945e-02,3.767997398972511292e-02,8.090346120297908783e-03,8.659250102937221527e-03,-2.889172872528433800e-03,-1.703404821455478668e-03,-2.476717531681060791e-02,4.363362118601799011e-02,-5.017601884901523590e-03,-1.652467995882034302e-02,-4.033182922285050154e-04,9.757366962730884552e-03,5.068869795650243759e-04,-3.585418919101357460e-03,-1.783448271453380585e-02,-8.818013593554496765e-03,-5.917264148592948914e-03,-3.423347370699048042e-03,9.558912366628646851e-03,-3.183216974139213562e-02,-2.966239675879478455e-02,4.371300339698791504e-02,2.899095648899674416e-03,-1.571762934327125549e-02,1.680251769721508026e-02,-1.027996465563774109e-02,1.853569038212299347e-02,-1.353462599217891693e-02,3.866563551127910614e-03,-1.414322108030319214e-02,-4.617384634912014008e-03,5.288823973387479782e-03,2.011009864509105682e-02,-4.625322669744491577e-02,4.982045502401888371e-04,2.705602161586284637e-02,-1.615423150360584259e-02,-1.061072293668985367e-02,-8.897395804524421692e-03,6.029722280800342560e-03,3.087958693504333496e-02,2.357644587755203247e-02,1.370661985129117966e-02,-1.578378118574619293e-02,8.546791970729827881e-03,1.505611371248960495e-02,-9.267845191061496735e-03,-9.343919227831065655e-04,-1.231082063168287277e-02,-5.421127192676067352e-03,-6.852896331110969186e-05,2.667234279215335846e-02,-2.081130631268024445e-02,5.192903918214142323e-04,-1.064379885792732239e-02,7.471001008525490761e-04,1.714650541543960571e-02,2.341768145561218262e-02,1.240343321114778519e-02,-3.524559363722801208e-02,2.024240233004093170e-02,5.659272894263267517e-03,1.194037124514579773e-02,-1.454013120383024216e-02,-5.209441762417554855e-03,-6.959152873605489731e-03,7.468520198017358780e-03,9.016469120979309082e-03,-2.365582622587680817e-02,-1.674959622323513031e-02,2.078484557569026947e-02,2.029201714321970940e-03,2.450256794691085815e-02,6.033029872924089432e-03,-1.386538427323102951e-02,3.238784521818161011e-02,1.002197340130805969e-02,-2.624897100031375885e-02,-1.529425941407680511e-02,-8.169727399945259094e-03,-1.509911264292895794e-03,2.791599370539188385e-02,-9.644909761846065521e-03,1.073641143739223480e-02,-8.176342584192752838e-03,3.711107186973094940e-03,7.594208233058452606e-03,1.819170080125331879e-02,-1.600869745016098022e-02,1.737142167985439301e-02,-3.275829181075096130e-02,1.220497768372297287e-02,3.408132493495941162e-02,1.001535821706056595e-02,-4.630615003407001495e-03,1.317740697413682938e-02,-4.184091463685035706e-03,-9.631679393351078033e-03,1.325513469055294991e-03,-4.657075740396976471e-03,2.573298849165439606e-02,2.085099741816520691e-02,-8.335107006132602692e-03,-4.819147288799285889e-03,-6.693487763404846191e-01,-1.774187013506889343e-02,-1.259527262300252914e-02,-1.612777076661586761e-02,1.817847043275833130e-02,2.344414219260215759e-02,1.418952713720500469e-03,5.798191297799348831e-03,-1.731850020587444305e-02,9.353842586278915405e-03,4.726534709334373474e-03,7.038534618914127350e-03,1.044534426182508469e-02,-1.080917846411466599e-02,-2.908026240766048431e-02,-2.393366396427154541e-02,1.479316037148237228e-03,-9.122311137616634369e-03,-2.179034985601902008e-02,-1.673636585474014282e-02,-8.857704699039459229e-03,1.213055686093866825e-03,1.100101787596940994e-02,-1.893259957432746887e-02,1.297399052418768406e-03,1.420937292277812958e-02,9.848325280472636223e-04,-2.634158357977867126e-02,-1.532072015106678009e-02,1.759633608162403107e-02,-2.083776704967021942e-02,1.267465483397245407e-02,1.312448550015687943e-02,6.972383242100477219e-03,4.413637518882751465e-02,-1.843977021053433418e-03,-1.812554895877838135e-02,1.411676034331321716e-02,3.635694086551666260e-02,4.162261262536048889e-02,-2.184327132999897003e-02,1.848938409239053726e-03,-4.412314388900995255e-03,-1.574409077875316143e-03,-1.041226834058761597e-02,1.775510050356388092e-02,3.331396728754043579e-02,3.896331647410988808e-03,7.845584303140640259e-03,4.190706647932529449e-03,1.460628211498260498e-02,-9.671369567513465881e-03,3.687954042106866837e-03,4.366008215583860874e-04,-7.825738750398159027e-03,1.653791032731533051e-02,2.095684036612510681e-02,-3.499421756714582443e-03,2.359959762543439865e-03,7.164222653955221176e-03,3.052898216992616653e-03,1.878706552088260651e-02,-1.559855695813894272e-02,-7.561132777482271194e-03,-1.016750745475292206e-02,4.805916920304298401e-03,-1.925012841820716858e-02,1.299879793077707291e-02,1.579701155424118042e-02,-8.315261453390121460e-03,2.467456273734569550e-02,-1.500319223850965500e-02,-1.307817921042442322e-02,3.684646449983119965e-03,2.197557501494884491e-02,1.113332156091928482e-02,5.943724885582923889e-03,-1.272757630795240402e-02,-4.438775125890970230e-03,-3.816949669271707535e-03,-1.534718088805675507e-02,5.910648964345455170e-03,-4.649137333035469055e-02,-7.911736145615577698e-03,3.749474883079528809e-02,1.820493116974830627e-02,-2.134051918983459473e-02,-1.020719856023788452e-02,1.395799685269594193e-03,-7.435444742441177368e-03,-2.528315782546997070e-02,3.866563551127910614e-03,-3.714414779096841812e-03,-1.452690083533525467e-02,2.128759771585464478e-02,1.268127001821994781e-02,8.235879242420196533e-03,2.168120117858052254e-03,1.622038334608078003e-02,2.614312805235385895e-02,1.039903797209262848e-02,5.722117144614458084e-03,1.460628211498260498e-02,4.776148591190576553e-03,6.092566065490245819e-03,1.201975345611572266e-02,-2.603728696703910828e-02,8.884165436029434204e-03,-4.872068297117948532e-03,-7.713281549513339996e-03,1.656271750107407570e-03,1.796678639948368073e-02,-4.210552200675010681e-03,-1.701420173048973083e-02,-3.552343230694532394e-03,-2.892149798572063446e-02,2.038793638348579407e-02,2.035816665738821030e-03,-6.277790758758783340e-03,-1.366692874580621719e-02,2.055662218481302261e-03,1.603515818715095520e-02,-2.736031822860240936e-02,-1.776171615347266197e-03,3.714414779096841812e-03,1.211236603558063507e-02,-1.422260329127311707e-02,-1.059749256819486618e-02,-4.012097138911485672e-03,-2.501855045557022095e-02,6.310866679996252060e-03,1.009474042803049088e-02,7.091456092894077301e-03,1.031965599395334721e-03,4.534694831818342209e-03,-2.276939526200294495e-02,2.173743024468421936e-02,-1.835046522319316864e-02,3.037683293223381042e-02,-2.275616489350795746e-02,-2.067900262773036957e-02,1.360077783465385437e-02,-8.249109610915184021e-03,2.212772378697991371e-03,1.284003350883722305e-02,-4.614738374948501587e-02,4.266780801117420197e-03,-1.694804988801479340e-02,-1.270111557096242905e-02,1.189406495541334152e-02,4.772840999066829681e-03,-2.103622257709503174e-02,-2.135374955832958221e-02,1.913229498313739896e-04,7.303141057491302490e-03,9.916131384670734406e-03,-1.210575085133314133e-02,-1.669667474925518036e-02,3.279467578977346420e-03,-2.157866582274436951e-02,3.036360256373882294e-03,1.115978229790925980e-02,-1.012947061099112034e-03,-8.851089514791965485e-03,1.253573596477508545e-02,-2.610343694686889648e-02,-4.706689156591892242e-03,2.646065689623355865e-02,-2.286200784146785736e-02,-2.354998514056205750e-02,-5.980108398944139481e-03,1.771540939807891846e-02,-1.944858208298683167e-02,7.594208233058452606e-03,-5.454202648252248764e-03,1.763602718710899353e-02,-6.267867982387542725e-03,5.599736236035823822e-03,1.301864348351955414e-02,1.742434315383434296e-02,-4.991141147911548615e-03,2.164481766521930695e-02,-1.303187385201454163e-02,-1.612777076661586761e-02,1.012120116502046585e-02,1.631299406290054321e-02,-5.477355793118476868e-03,1.439459715038537979e-02,-6.300943903625011444e-03,2.086422778666019440e-02,-2.278923988342285156e-03,-5.487278569489717484e-03,-8.388028480112552643e-03,-9.003238752484321594e-03,-5.116829648613929749e-03,1.622038334608078003e-02,4.538002423942089081e-03,8.851089514791965485e-03,1.049826573580503464e-02,3.434593230485916138e-02,-5.404589232057332993e-03,2.176389098167419434e-03,2.767784707248210907e-02,-9.896285831928253174e-03,7.045149686746299267e-04,-4.156969115138053894e-02,1.448720972985029221e-02,-1.362723857164382935e-02,2.931840717792510986e-02,-1.223143842071294785e-02,-6.449785083532333374e-03,-2.692371793091297150e-02,-5.117490887641906738e-02,-8.176342584192752838e-03,-3.380348905920982361e-03,2.012332901358604431e-02,8.732017129659652710e-03,2.700310014188289642e-02,-3.644955344498157501e-03,-1.286649424582719803e-02,-4.326317459344863892e-03,2.435703389346599579e-02,2.770100021734833717e-03,-1.746403425931930542e-02,-3.476930409669876099e-02,2.714863419532775879e-02,2.317953482270240784e-02,2.552130259573459625e-02,1.685543917119503021e-02,2.500531962141394615e-03,-6.463015452027320862e-03,5.573275964707136154e-03,-8.017579093575477600e-03,8.976778015494346619e-03,1.522810757160186768e-02,2.426442131400108337e-02,3.035037405788898468e-02,-3.762705251574516296e-02,2.810121700167655945e-02,-2.668557316064834595e-02,8.493870496749877930e-03,-1.906490325927734375e-02,2.057315967977046967e-02,-1.686866953969001770e-02,-1.335601601749658585e-02,2.887519076466560364e-03,2.546838112175464630e-02,2.037470461800694466e-03,-9.578757919371128082e-03,-6.347250193357467651e-03,-1.424906402826309204e-02,2.377489954233169556e-02,-1.829754374921321869e-02,-1.160299777984619141e-02,1.172868628054857254e-02,-3.177924826741218567e-02,9.472914971411228180e-03,3.093250840902328491e-02,4.225767031311988831e-02,2.593144401907920837e-02,-1.002197386696934700e-03,-6.807004101574420929e-03,1.137146726250648499e-02,1.624684408307075500e-02,1.820493116974830627e-02,-6.400171201676130295e-03,-9.777212515473365784e-03,-2.733385749161243439e-02,-3.820918872952461243e-02,9.029699140228331089e-04,-5.477355793118476868e-03,-9.598603472113609314e-03,1.074964180588722229e-02,-1.256881188601255417e-02,7.951427251100540161e-03,1.150211668573319912e-03,-5.775038152933120728e-03,8.310300181619822979e-04,2.865689061582088470e-02,-8.381413295865058899e-03,-9.744136594235897064e-03,-2.332506887614727020e-02,5.080446135252714157e-03,8.255724795162677765e-03,3.820257261395454407e-03,5.930494517087936401e-03,-1.690835878252983093e-02,4.002174362540245056e-03,-3.273183107376098633e-02,2.491022751200944185e-04,-7.395753636956214905e-03,1.614100113511085510e-02,-4.012510471511632204e-04,-2.458195015788078308e-02,-2.135044196620583534e-03,-3.575496142730116844e-03,4.768210276961326599e-02,4.316394682973623276e-03,1.114655192941427231e-02,-1.293264608830213547e-02,-4.504926968365907669e-03,-1.179483812302350998e-02,1.133177615702152252e-02,1.827108301222324371e-02,2.499208971858024597e-02,1.674959622323513031e-02,1.827439060434699059e-03,3.130626399070024490e-03,-2.110237441956996918e-02,6.115719210356473923e-03,-6.697853561490774155e-03,6.128949578851461411e-03,-2.415858022868633270e-02,1.222151564434170723e-03,-5.414512008428573608e-03,-1.230420544743537903e-03,-3.831503167748451233e-02,-4.762918222695589066e-03,-1.232901238836348057e-03,-1.508257444947957993e-02,3.203393192961812019e-03,1.031304057687520981e-02,-1.244312338531017303e-02,3.291705623269081116e-02,8.356275409460067749e-02,2.243863604962825775e-02,1.655444852076470852e-03,5.573275964707136154e-03,1.913105510175228119e-02,3.326104581356048584e-02,-9.333997033536434174e-03,-3.707138076424598694e-02,4.296549130231142044e-03,-1.760956645011901855e-02,-1.708035357296466827e-02,-1.521487720310688019e-03,2.185650169849395752e-02,-1.343539822846651077e-02,3.869871143251657486e-03,9.459684602916240692e-03,-5.993338767439126968e-03,-1.338909193873405457e-02,-5.606351769529283047e-04,-1.476504653692245483e-02,5.259055760689079762e-04,3.156756237149238586e-02,8.546791970729827881e-03,8.745246566832065582e-03,1.142438873648643494e-02,-2.111560478806495667e-02,3.262598812580108643e-02,1.419614255428314209e-02,-4.981218837201595306e-03,-1.718619652092456818e-02,-7.878660224378108978e-03,3.067782381549477577e-03,-8.851089514791965485e-03,2.198880538344383240e-02,-8.930471725761890411e-03,3.543081879615783691e-02,2.295462042093276978e-02,3.053559735417366028e-02,2.548161149024963379e-02,-7.349447347223758698e-03,7.594208233058452606e-03,1.058426313102245331e-02,1.419614255428314209e-02,-2.242540568113327026e-02,2.099653147161006927e-02,-8.189572952687740326e-03,6.155410315841436386e-03,-3.241430385969579220e-04,-4.379238467663526535e-03,-3.799750283360481262e-02,1.315094623714685440e-02,-2.632835321128368378e-02,-2.243863604962825775e-02,-1.088856067508459091e-02,-1.253573573194444180e-03,6.727621890604496002e-03,9.267845191061496735e-03,1.098944107070565224e-03,-1.347508933395147324e-02,5.695656407624483109e-03,1.489238813519477844e-03,-2.272970415651798248e-02,1.223805360496044159e-02,-7.852199487388134003e-03,-2.320599555969238281e-02,-1.857538148760795593e-02,-2.728093788027763367e-02,7.177453022450208664e-03,-2.499208971858024597e-02,-2.245848299935460091e-03,-2.642758190631866455e-03,-3.196778008714318275e-03,-1.234389655292034149e-02,6.105796433985233307e-03,3.037683293223381042e-02,1.233066618442535400e-02,1.980580203235149384e-02,-4.958065692335367203e-03,-9.228154085576534271e-03,2.757200412452220917e-02,1.397453481331467628e-03,-5.973493214696645737e-03,1.839015632867813110e-02,-2.071869373321533203e-02,4.481773823499679565e-03,2.823352068662643433e-02,-1.821816153824329376e-02,-6.611856631934642792e-03,-1.420937292277812958e-02,5.748577881604433060e-03,5.467433016747236252e-03,-2.089068852365016937e-02,-5.311976652592420578e-03,-1.775510050356388092e-02,1.407706923782825470e-02,-2.303400076925754547e-02,1.878706552088260651e-02,1.661729253828525543e-02,-7.865429855883121490e-03,-2.548161149024963379e-02,6.998843513429164886e-03,-1.938243024051189423e-02,4.967988468706607819e-03,-1.455336157232522964e-02,1.201313827186822891e-02,3.222908079624176025e-02,-8.268955163657665253e-03,2.054670080542564392e-02,-6.654855329543352127e-03,-9.519221261143684387e-03,3.204385563731193542e-02,-2.070546336472034454e-02,1.143100392073392868e-02,-1.311125513166189194e-02,-3.294351696968078613e-02,2.100976184010505676e-02,-8.626174181699752808e-03,3.183216974139213562e-02,5.387389659881591797e-02,1.870851119747385383e-04,-9.466299787163734436e-03,-3.818272799253463745e-02,2.270324341952800751e-02,-2.320599555969238281e-02,7.256835233420133591e-03,-5.831267219036817551e-03,-1.414322108030319214e-02,-1.659083180129528046e-02,1.442105788737535477e-02,4.650460556149482727e-03,-3.783873980864882469e-03,2.976823784410953522e-02,-1.432844530791044235e-02,-6.482861004769802094e-03,-1.356108672916889191e-02,-1.169561035931110382e-02,-6.532474420964717865e-03,2.316961297765374184e-03,-2.272970415651798248e-02,1.738134422339498997e-03,8.156497031450271606e-03,-2.366905659437179565e-02,-1.137808244675397873e-02,2.904057037085294724e-03,4.928297363221645355e-03,-3.495452925562858582e-02,1.464597322046756744e-02,-1.023365929722785950e-02,1.772864023223519325e-03,3.458407893776893616e-02,2.055868972092866898e-04,1.151038520038127899e-02,-2.442318573594093323e-02,3.114088438451290131e-03,-1.497673150151968002e-02,-9.241384454071521759e-03,-6.363788153976202011e-03,5.960262846201658249e-03,3.506036847829818726e-02,2.396012470126152039e-02,2.828644216060638428e-02,6.926076952368021011e-03,-1.241004839539527893e-02,1.794032566249370575e-02,-7.111301645636558533e-03,-6.079335696995258331e-03,-5.103599280118942261e-03,-2.546838112175464630e-02,-3.156756237149238586e-02,-1.552909845486283302e-03,1.670990511775016785e-02,-3.100858302786946297e-03,4.384530708193778992e-02,-3.431947156786918640e-02,5.298746284097433090e-03,1.079594809561967850e-02,9.572142735123634338e-03,1.274080574512481689e-02,4.994448740035295486e-03,-4.606800153851509094e-02,-2.340114209800958633e-03,-2.591490512713789940e-03,2.378812991082668304e-02,-4.117939621210098267e-03,-5.923879332840442657e-03,-1.101424801163375378e-03,2.397335506975650787e-02,-1.936919987201690674e-02,5.182981025427579880e-03,2.498878166079521179e-03,3.217615932226181030e-02,-1.618069224059581757e-02,3.992912918329238892e-02,1.431521493941545486e-02,9.863209910690784454e-03,-2.974177896976470947e-02,1.399768702685832977e-02,7.289910688996315002e-03,-1.292603090405464172e-02,1.944858208298683167e-02,9.519221261143684387e-03,2.016302011907100677e-02,-2.516408450901508331e-02,-8.434334769845008850e-03,-3.770643472671508789e-02,-2.220049127936363220e-02,-7.091456092894077301e-03,8.818013593554496765e-03,-5.705578951165080070e-04,2.862712368369102478e-03,-7.408984005451202393e-03,-1.510903518646955490e-02,-9.889670647680759430e-03,-1.579701155424118042e-02,2.698986977338790894e-02,3.469653660431504250e-03,-2.736031822860240936e-02,1.004181895405054092e-02,-2.124790661036968231e-02,-1.944858208298683167e-02,-2.295461948961019516e-03,-8.090346120297908783e-03,1.746403425931930542e-02,-1.800647750496864319e-02,7.018689066171646118e-03,1.329648029059171677e-02,4.432159941643476486e-03,-2.095684036612510681e-02,-1.308975624851882458e-03,-5.265670828521251678e-03,-1.167576480656862259e-02,1.489734929054975510e-02,2.656649984419345856e-02,-1.676282659173011780e-02,-1.038580760359764099e-02,-1.596900634467601776e-02,2.606374770402908325e-02,-1.331632584333419800e-02,-3.270537033677101135e-02,3.257306665182113647e-02,-4.607461858540773392e-03,-1.434167567640542984e-02,1.385876908898353577e-03,8.110191673040390015e-03,-1.704066246747970581e-02,2.733385749161243439e-02,-1.993810571730136871e-02,-6.214946508407592773e-03,-2.354998514056205750e-02,-4.352778196334838867e-03,-3.733598813414573669e-02,2.074515447020530701e-02,-6.807004101574420929e-03,3.093250840902328491e-02,-7.885275408625602722e-03,-1.975288055837154388e-02,-1.951473392546176910e-02,-6.013184320181608200e-03,1.257914846064522862e-04,-1.633945503272116184e-03,-1.784771308302879333e-02,-8.374798111617565155e-03,-6.711083929985761642e-03,1.317079178988933563e-02,1.211898121982812881e-02,2.619604952633380890e-02,-2.696340903639793396e-02,-4.743072669953107834e-03,-2.312661334872245789e-02,2.431734278798103333e-02,-8.579867891967296600e-03,-8.738632313907146454e-03,-1.518841646611690521e-02,-1.422260305844247341e-03,1.151700038462877274e-02,2.657642122358083725e-03,-1.538687199354171753e-02,-3.955868072807788849e-03,-3.071089973673224449e-03,-1.486758119426667690e-03,1.636591553688049316e-02,6.049567833542823792e-03,5.751885473728179932e-03,-5.913956556469202042e-03,-1.956434687599539757e-03,-1.366692874580621719e-02,-1.948827318847179413e-02,-2.703948412090539932e-03,2.138021029531955719e-02,-1.074964180588722229e-02,-4.889929294586181641e-02,-1.524133794009685516e-02,9.314151480793952942e-03,2.825998142361640930e-02,-1.722588762640953064e-02,5.101945134811103344e-04,2.362936548888683319e-02,3.151464089751243591e-02,3.486191621050238609e-03,4.683536291122436523e-02,-1.570439897477626801e-02,1.272757630795240402e-02,-3.889716463163495064e-03,3.932053595781326294e-02,-4.908451810479164124e-03,-3.246391890570521355e-03,1.559855695813894272e-02,-2.546838112175464630e-02,-2.091714926064014435e-02,3.588065132498741150e-02,1.175514701753854752e-02,3.320812433958053589e-02,-6.478726281784474850e-04,-3.114419244229793549e-02,-7.038534618914127350e-03,1.151700038462877274e-02,6.678008008748292923e-03,-2.997992374002933502e-02,-1.260850299149751663e-02,-1.394145889207720757e-03,2.783661149442195892e-02,3.859534917864948511e-04,2.833936363458633423e-02,-3.386963903903961182e-02,8.870935067534446716e-03,2.259740047156810760e-02,-8.480640128254890442e-03,2.966239675879478455e-02,-8.579867891967296600e-03,-8.540176786482334137e-03,1.950150355696678162e-02,1.014104671776294708e-02,-2.720155566930770874e-02,-1.297895237803459167e-02,3.008576668798923492e-02,-1.151700038462877274e-02,5.642734933644533157e-03,4.504926968365907669e-03,-1.509580481797456741e-02,-5.569968372583389282e-03,-1.926335878670215607e-02,1.454013120383024216e-02,4.306471906602382660e-03,1.315756142139434814e-02,-8.910626173019409180e-03,5.907341372221708298e-03,2.766792429611086845e-03,-2.796891331672668457e-02,-1.501642260700464249e-02,-3.138233721256256104e-02,-2.648711763322353363e-02,2.976823784410953522e-02,1.166914962232112885e-02,-6.492783781141042709e-03,-2.722801640629768372e-02,-9.671369567513465881e-03,-4.307794943451881409e-02,8.771707303822040558e-03,-3.214969765394926071e-03,1.508257444947957993e-02,2.123467624187469482e-02,1.844307780265808105e-02,3.224892541766166687e-03,1.247619930654764175e-02,6.026414688676595688e-03,1.534718088805675507e-02,-2.144636213779449463e-02,-3.339334949851036072e-02,-7.991118356585502625e-03,5.006852443329989910e-04,-1.048503536731004715e-02,2.098330110311508179e-02,-6.919461768120527267e-03,-1.549271494150161743e-02,3.805042430758476257e-02,1.328324992209672928e-02,-6.003261543810367584e-03,1.714650541543960571e-02,9.393532760441303253e-03,-1.096794195473194122e-02,6.205024197697639465e-03,1.647589378990232944e-04,2.698986977338790894e-02,-1.968672871589660645e-02,4.240320064127445221e-03,-1.709358394145965576e-02,4.915066994726657867e-03,-7.454463047906756401e-04,1.351478043943643570e-02,-2.120821550488471985e-02,7.210528943687677383e-03,5.093676224350929260e-02,-1.749710878357291222e-03,-1.907813362777233124e-02,-2.597113512456417084e-02,-1.731850020587444305e-02,1.022042823024094105e-03,3.598649287596344948e-03,1.512226555496454239e-02,-1.143761910498142242e-02,-2.018948085606098175e-02,1.735819131135940552e-02,-2.123467624187469482e-02,-2.110237441956996918e-02,1.127223949879407883e-02,3.095896914601325989e-02,1.772864023223519325e-03,1.354124117642641068e-02,7.461905013769865036e-03,-2.863042987883090973e-02,4.058403428643941879e-03,1.083563920110464096e-02,-6.958325975574553013e-04,-6.214946508407592773e-03,-1.606161892414093018e-02,-1.301864348351955414e-02,-1.772863976657390594e-02,-1.190068013966083527e-02,1.864153333008289337e-02,2.524346671998500824e-02,-7.395753636956214905e-03,-1.386538427323102951e-02,-1.436813641339540482e-02,1.638079993426799774e-03,-2.766792429611086845e-03,-1.188083458691835403e-02,-2.440995536744594574e-02,-1.439459715038537979e-02,-1.196683198213577271e-02,1.423087203875184059e-03,-1.295745256356894970e-03,-9.955822490155696869e-03,-2.815413847565650940e-02,1.005504932254552841e-02,-3.289390355348587036e-03,5.070523358881473541e-03,2.092508673667907715e-01,-1.308479439467191696e-02,-3.694569226354360580e-03,2.262386120855808258e-02,6.224869284778833389e-03,-7.766202557832002640e-03,4.323009867221117020e-03,-9.320766665041446686e-03,-2.358967624604701996e-02,4.450682550668716431e-02,-6.132257170975208282e-03,-6.760697811841964722e-03,-4.812532104551792145e-03,3.243084298446774483e-03,-9.608526015654206276e-04,8.584208990214392543e-05,-1.016089227050542831e-02,-8.990008383989334106e-03,-3.476930409669876099e-02,-3.482222557067871094e-02,2.796891331672668457e-02,1.338909193873405457e-02,1.170222554355859756e-02,-5.609659012407064438e-03,1.592931523919105530e-02,1.520164683461189270e-02,-9.347227402031421661e-03,-1.570439897477626801e-02,3.140879794955253601e-02,1.264157891273498535e-02,-1.242327876389026642e-02,-1.293926127254962921e-02,-8.857704699039459229e-03,-7.766202557832002640e-03,-3.548374027013778687e-02,6.793773733079433441e-03,2.799537405371665955e-02,-1.584538549650460482e-04,3.783873980864882469e-03,-1.469889469444751740e-02,-8.646019734442234039e-03,3.016514936462044716e-03,-1.438798150047659874e-03,-2.446287684142589569e-02,6.175255868583917618e-03,2.509793266654014587e-02,-3.119711391627788544e-02,-1.749049313366413116e-02,-4.627968743443489075e-02,1.132516097277402878e-02,-1.549271494150161743e-02,6.757390219718217850e-03,3.323458507657051086e-02,3.372079925611615181e-03,-5.073830951005220413e-03,-1.067025959491729736e-02,5.778345745056867599e-03,1.174191595055162907e-03,-1.803293824195861816e-02,7.395753636956214905e-03,1.062395330518484116e-02,1.651310361921787262e-03,-2.255770936608314514e-02,4.074940923601388931e-03,-1.399107277393341064e-03,1.534718088805675507e-02,-8.368182927370071411e-03,-2.184327132999897003e-02,1.370661985129117966e-02,-2.841874584555625916e-02,-1.782125234603881836e-02,-2.161835692822933197e-02,1.401091739535331726e-02,3.566896542906761169e-02,-7.433790597133338451e-04,1.377607928588986397e-03,6.525859236717224121e-03,4.660383332520723343e-03,-2.479032846167683601e-03,3.615187248215079308e-03,-9.896285831928253174e-03,-1.357431709766387939e-02,-1.213882584124803543e-02,-8.044039830565452576e-03,-4.911759169772267342e-04,-4.053772613406181335e-02,1.275403611361980438e-02,1.185437384992837906e-02,-8.851089514791965485e-03,8.540176786482334137e-03,1.472535543143749237e-02,-1.438136678189039230e-02,-2.372197806835174561e-02,-1.238689525052905083e-03,1.422260329127311707e-02,2.690718043595552444e-03,-3.810334578156471252e-02,4.400407150387763977e-02,2.259078668430447578e-03,1.352801080793142319e-02,-1.378600206226110458e-02,1.002197340130805969e-02,1.014766190201044083e-02,1.112009119242429733e-02,1.613273168914020061e-03,9.525836445391178131e-03,-8.824628777801990509e-03,3.191155195236206055e-02,2.050700830295681953e-03,8.216033689677715302e-03,-1.074964180588722229e-02,-8.156497031450271606e-03,9.691215120255947113e-03,-1.581024262122809887e-03,7.554517593234777451e-03,1.940889097750186920e-02,-5.298746284097433090e-03,-2.614312805235385895e-02,1.150377094745635986e-02,6.142179947346448898e-03,-5.632812157273292542e-03,-5.553430411964654922e-03,-8.368182927370071411e-03,1.460628211498260498e-02,-2.238571643829345703e-02,-3.823564853519201279e-03,-2.714863419532775879e-02,3.747490467503666878e-03,1.865476369857788086e-02,-3.627755865454673767e-02,2.468779310584068298e-02,-2.722140168771147728e-03,5.123444832861423492e-03,9.869825094938278198e-03,6.081816391088068485e-04,2.274293452501296997e-02,2.601413289085030556e-03,1.824131468310952187e-03,-9.128926321864128113e-03,3.309235908091068268e-03,-5.788268521428108215e-03,2.280577784404158592e-03,-5.397974047809839249e-03,1.049165055155754089e-02,-1.038580760359764099e-02,1.869445480406284332e-02,1.154346112161874771e-02,-6.271175574511289597e-03,-1.855553593486547470e-03,-2.220049127936363220e-02,-1.623361371457576752e-02,-1.217851694673299789e-02,3.674723673611879349e-03,1.472535543143749237e-02,1.312448550015687943e-02,4.597539082169532776e-04,-1.964703761041164398e-02,-2.886857651174068451e-02,8.156497031450271606e-03,-5.801498889923095703e-03,-4.985187575221061707e-02,-6.353865377604961395e-03,-2.579913940280675888e-03,-5.738654872402548790e-04,-7.733127102255821228e-03,-1.106716971844434738e-02,-1.691365242004394531e-01,5.130060017108917236e-03,2.760177245363593102e-03,-3.175278753042221069e-02,1.722588762640953064e-02,5.498855025507509708e-04,4.170199483633041382e-02,-6.305078277364373207e-04,3.979021217674016953e-03,9.896285831928253174e-03,2.169773913919925690e-03,-7.938196882605552673e-03,-8.745246566832065582e-03,1.232405100017786026e-02,-8.401258848607540131e-03,5.259055644273757935e-03,-3.484868630766868591e-02,2.112883515655994415e-02,1.760956645011901855e-02,2.348383329808712006e-02,2.094360999763011932e-02,-1.343705225735902786e-03,2.201526612043380737e-02,-1.885321736335754395e-02,1.881352625787258148e-02,9.638294577598571777e-03,-1.696128025650978088e-02,-3.932714927941560745e-03,-4.078248515725135803e-03,-1.887967810034751892e-02,-1.841661706566810608e-02,1.926335878670215607e-02,4.429513961076736450e-02,1.025350484997034073e-02,9.426608681678771973e-03,1.726557849906384945e-03,-8.540176786482334137e-03,-1.803293824195861816e-02,-3.807026892900466919e-03,5.900726653635501862e-03,1.514872629195451736e-02,1.955442503094673157e-02,3.005930595099925995e-02,-2.157866582274436951e-02,1.018073782324790955e-02,1.024688966572284698e-02,1.944858208298683167e-02,-1.057103276252746582e-02,1.477827690541744232e-02,-1.235712692141532898e-02,-4.005481954663991928e-03,-1.981903240084648132e-02,1.607484929263591766e-02,-1.451367046684026718e-02,5.983415991067886353e-03,-9.281075559556484222e-03,-1.025350484997034073e-02,1.913436222821474075e-03,-1.951473392546176910e-02,-1.664375327527523041e-02,-1.832400448620319366e-02,6.992228329181671143e-03,1.069672033190727234e-02,1.383396214805543423e-03,3.286413475871086121e-02,-2.680464461445808411e-02,-2.847166731953620911e-02,-1.129208505153656006e-02,-1.242327876389026642e-02,2.153897471725940704e-02,-9.076004847884178162e-03,-2.279585599899291992e-02,7.766202557832002640e-03,2.950363326817750931e-03,1.299218274652957916e-02,-1.341555267572402954e-02,-2.815413847565650940e-02,2.164481766521930695e-02,6.334019824862480164e-03,-3.259952738881111145e-02,-1.743757352232933044e-02,1.606161892414093018e-02,-3.243084298446774483e-03,-4.508234560489654541e-03,1.091502141207456589e-03,1.747726462781429291e-02,2.351690782234072685e-03,6.575473118573427200e-03,7.752145756967365742e-05,3.691261634230613708e-03,1.390838297083973885e-03,4.928297130391001701e-04,1.198667753487825394e-02,-1.975288055837154388e-02,1.509580481797456741e-02,1.731519238092005253e-03,1.004678051685914397e-04,2.315307501703500748e-03,-9.247999638319015503e-03,-1.235051173716783524e-02,5.470740608870983124e-03,-1.266803964972496033e-02,-2.292815968394279480e-02,1.148392539471387863e-02,2.351029403507709503e-02,8.341722190380096436e-03,-5.497201345860958099e-03,1.133177615702152252e-02,3.246722742915153503e-02,6.056183017790317535e-03,-6.099181249737739563e-03,-6.886385846883058548e-03,9.314151480793952942e-03,2.151251398026943207e-02,1.220497768372297287e-02,3.172632679343223572e-02,1.059749256819486618e-02,-1.837692596018314362e-02,-1.737142167985439301e-02,-2.565030008554458618e-03,6.810972839593887329e-02,5.493893753737211227e-03,-3.691261634230613708e-03,9.995512664318084717e-03,-5.444280337542295456e-03,-3.125003725290298462e-02,-1.113464459776878357e-01,-2.876273356378078461e-02,1.330971065908670425e-02,2.229310385882854462e-02,3.180570900440216064e-02,1.718619652092456818e-02,2.932171570137143135e-03,7.799278479069471359e-03,-2.152574434876441956e-02,1.102747861295938492e-02,9.585373103618621826e-03,-2.502185758203268051e-03,4.488389007747173309e-03,3.211662173271179199e-03,1.557871117256581783e-03,-1.027996465563774109e-02,-8.427719585597515106e-03,-1.730526983737945557e-02,-2.947717159986495972e-02,3.815626725554466248e-02,-4.686843603849411011e-03,-2.978891134262084961e-04,-1.423583365976810455e-02,-2.144636213779449463e-02,1.117962785065174103e-02,8.540176786482334137e-03,-2.926548570394515991e-02,7.991118356585502625e-03,6.026414688676595688e-03,2.606374770402908325e-02,-1.223143842071294785e-02,3.069436177611351013e-03,-6.873155478388071060e-03,9.380302391946315765e-03,-1.213882584124803543e-02,-3.405486419796943665e-02,-4.268103837966918945e-02,4.991141147911548615e-03,1.385215390473604202e-02,-1.415645144879817963e-02,1.558698015287518501e-03,3.069436177611351013e-02,1.072318106889724731e-02,7.838969468139111996e-04,4.233704879879951477e-03,-1.078271772712469101e-02,-1.710019889287650585e-03,3.122357465326786041e-02,1.909136399626731873e-02,-5.282208789139986038e-03,-1.279372721910476685e-02,1.466085785068571568e-03,-2.098330110311508179e-02,-1.485765911638736725e-02,2.145959250628948212e-02,-2.102299220860004425e-02,2.529638819396495819e-02,2.638127468526363373e-02,-1.418291218578815460e-02,-5.039928364567458630e-04,-1.584993302822113037e-02,1.739788241684436798e-02,1.339570735581219196e-03,-9.565527550876140594e-03,-1.435490604490041733e-02,-5.093676154501736164e-04,1.583670265972614288e-02,-1.393153611570596695e-02,5.047370214015245438e-03,-1.610792474821209908e-03,-2.854443388059735298e-03,-3.582111326977610588e-03,-1.270111557096242905e-02,5.662580486387014389e-03,-3.750798059627413750e-03,2.553453436121344566e-03,-1.377277169376611710e-02,-1.231082063168287277e-02,2.738677896559238434e-02,-2.778369002044200897e-02,-1.887967810034751892e-02,-2.598436549305915833e-02,1.999102532863616943e-02,1.041061477735638618e-03,2.652680873870849609e-02,1.899875141680240631e-02,1.682897843420505524e-02,-1.547948457300662994e-02,-8.348337374627590179e-03,-2.114206552505493164e-02,-2.426442131400108337e-02,1.652467995882034302e-02,1.310463994741439819e-02,-8.586483076214790344e-03,7.739742286503314972e-03,1.086871512234210968e-02,-6.479553412646055222e-03,-2.516408450901508331e-02,-3.813642077147960663e-03,8.030809462070465088e-03,-1.341555267572402954e-02,1.165591925382614136e-02,-5.329176411032676697e-02,-4.647152964025735855e-03,-1.198998535983264446e-03,-1.461951248347759247e-02,-7.825738750398159027e-03,-9.982282295823097229e-03,1.496350113302469254e-02,-2.399981580674648285e-02,-2.123467624187469482e-02,-2.430411241948604584e-02,-4.096109792590141296e-02,1.588962413370609283e-02,-1.427552383393049240e-02,-1.250927522778511047e-02,-2.377489954233169556e-02,4.164245910942554474e-03,7.534672040492296219e-03,1.476504653692245483e-02,1.897229067981243134e-02,2.194911427795886993e-02,4.109670699108392000e-04,-8.302031201310455799e-04,3.269544802606105804e-03,1.469889469444751740e-02,-2.267678268253803253e-02,3.167340531945228577e-02,-8.579867891967296600e-03,1.030642539262771606e-02,-1.374631095677614212e-02,7.270065601915121078e-03,2.060623606666922569e-03,-2.190942317247390747e-02,3.212323784828186035e-02,2.003071643412113190e-02,9.155387058854103088e-03,-3.724337322637438774e-03,8.480640128254890442e-03,1.639237627387046814e-02,3.331396728754043579e-02,5.376805365085601807e-02,-8.612943813204765320e-03,-2.542869187891483307e-02,1.370661985129117966e-02,-1.099440269172191620e-02,9.466299787163734436e-03,2.104945294559001923e-02,-2.738677896559238434e-02,3.606587648391723633e-02,2.698986977338790894e-02,1.533064292743802071e-03,1.517518702894449234e-02,2.143313176929950714e-02,9.783827699720859528e-03,-2.181681059300899506e-02,-2.876273356378078461e-02,-3.971744701266288757e-02,7.170837838202714920e-03,1.584331854246556759e-03,1.796017051674425602e-03,-2.583883143961429596e-02,2.417181059718132019e-02,2.920594997704029083e-03,-1.894582994282245636e-02,5.536065436899662018e-04,1.104070898145437241e-02,1.102086342871189117e-02,-4.789378959685564041e-03,-8.943702094256877899e-03,-7.620668970048427582e-03,1.268127001821994781e-02,-1.242989301681518555e-02,1.898552058264613152e-03,5.110214464366436005e-03,2.286200784146785736e-02,-1.151865464635193348e-03,-7.408984005451202393e-03,-2.589175291359424591e-02,4.379238467663526535e-03,-2.483332715928554535e-02,-1.248942967504262924e-02,1.194698642939329147e-02,-5.841189995408058167e-03,-2.581237070262432098e-02,1.322371326386928558e-02,1.561178732663393021e-02,1.069010514765977859e-02,6.549012381583452225e-03,-5.794883705675601959e-03,-2.743225777521729469e-04,1.201313827186822891e-02,-2.675833879038691521e-03,-5.725424736738204956e-03,-4.098094068467617035e-03,-1.084060058929026127e-03,-3.633172309491783381e-05,-1.191556453704833984e-03,-8.222648873925209045e-03,2.675833879038691521e-03,1.356108672916889191e-02,2.812767773866653442e-02,-2.168450877070426941e-02,1.694804988801479340e-02,-6.175255868583917618e-03,1.948165823705494404e-03,-3.058851882815361023e-02,2.074515447020530701e-02,-1.280695758759975433e-02,-2.058639004826545715e-02,-5.649350117892026901e-03,3.193801268935203552e-02,-4.409006796777248383e-03,1.225128397345542908e-02,7.250220049172639847e-03,4.154323134571313858e-03,-7.157607469707727432e-03,2.255770936608314514e-02,3.219931153580546379e-03,3.281121328473091125e-02,-2.024240233004093170e-02,1.361400820314884186e-02,7.078225724399089813e-03,9.572142735123634338e-03,2.812767773866653442e-02,-1.815862604416906834e-03,1.959411613643169403e-02,4.217167384922504425e-03,-1.389184501022100449e-02,-1.807262934744358063e-02,-1.946512027643620968e-03,2.005717717111110687e-02,7.885275408625602722e-03,-9.532451629638671875e-03,-7.170837838202714920e-03,1.576062873937189579e-03,2.146620769053697586e-03,1.886644773185253143e-02,-1.778156124055385590e-02,2.601082623004913330e-02,-1.111347600817680359e-02,2.746616117656230927e-02,1.041226834058761597e-02,-2.212110906839370728e-02,-6.611856631934642792e-03,3.132941573858261108e-02,1.062395330518484116e-02,8.685710839927196503e-03,-6.906231399625539780e-03,-1.308148726820945740e-03,-1.906490325927734375e-02,1.284664869308471680e-02,-1.320386771112680435e-02,1.160299777984619141e-02,-3.760720835998654366e-03,-3.164694458246231079e-02,4.157630726695060730e-03,8.573252707719802856e-03,8.467409759759902954e-03,2.725447528064250946e-03,-2.036147564649581909e-02,2.208141796290874481e-02,-1.452690083533525467e-02,-6.066105328500270844e-03,-1.507430570200085640e-03,-1.652467995882034302e-02,-1.759633608162403107e-02,2.143313176929950714e-02,-2.063931152224540710e-02,1.533395051956176758e-02,-3.461053967475891113e-02,-1.508257444947957993e-02,1.249604485929012299e-02,-3.222908079624176025e-02,-3.191816795151680708e-04,1.952796429395675659e-02,-1.533395051956176758e-02,-2.194580622017383575e-03,2.468283055350184441e-04,7.561132777482271194e-03,5.725424736738204956e-03,4.739765077829360962e-03,-8.558368426747620106e-04,-1.334278658032417297e-02,-2.505824156105518341e-02,1.550594437867403030e-02,-8.202803437598049641e-04,3.281121375039219856e-03,1.712004467844963074e-02,-2.685756608843803406e-02
-1.532263401895761490e-02,-5.534618627279996872e-03,2.059060148894786835e-02,-2.377739734947681427e-02,-1.045138854533433914e-02,2.490903437137603760e-02,1.264962740242481232e-02,5.804520566016435623e-03,-1.295529957860708237e-02,-1.663637347519397736e-02,-7.908456027507781982e-03,2.082473412156105042e-02,2.951037837192416191e-03,4.032271914184093475e-03,-1.351461466401815414e-02,2.671705372631549835e-02,3.257035091519355774e-02,1.572586037218570709e-02,-1.231794059276580811e-02,-1.406092289835214615e-02,2.299045445397496223e-03,5.046843551099300385e-03,4.409484565258026123e-03,-9.768503718078136444e-03,-1.729974709451198578e-02,-1.110825873911380768e-02,4.728164058178663254e-03,-2.626179717481136322e-02,-4.562320653349161148e-03,-2.107187360525131226e-02,-2.607562928460538387e-04,-2.025241218507289886e-02,-2.089302288368344307e-03,-3.324673324823379517e-02,-1.138791628181934357e-02,-2.376439049839973450e-02,-1.211632695049047470e-02,1.272767130285501480e-02,4.068692401051521301e-02,-2.848605066537857056e-02,4.783445037901401520e-03,-1.625916175544261932e-02,4.097308497875928879e-03,5.817527882754802704e-03,-2.812184579670429230e-02,-8.999445708468556404e-04,-3.322071954607963562e-02,-4.544760659337043762e-02,-2.170923165977001190e-02,2.001827955245971680e-02,3.504174575209617615e-02,9.846547618508338928e-03,-1.495842821896076202e-02,-5.043591838330030441e-03,2.830394729971885681e-02,1.034082658588886261e-02,2.630732255056500435e-03,1.645427197217941284e-02,-2.073368243873119354e-02,-3.480761125683784485e-02,3.505475120618939400e-03,-4.237137269228696823e-03,-6.770314648747444153e-03,3.002091497182846069e-02,-3.756516799330711365e-02,3.980242647230625153e-03,-2.731539122760295868e-02,6.672760006040334702e-03,-7.377594592981040478e-04,-2.272380329668521881e-02,1.002214662730693817e-02,1.288375910371541977e-02,-8.988064713776111603e-03,1.527060382068157196e-02,2.580654062330722809e-02,-1.382679119706153870e-02,-2.856409363448619843e-02,2.899008570238947868e-03,-3.674570471048355103e-03,4.685890395194292068e-03,-1.960204541683197021e-02,-1.436009164899587631e-02,6.295547354966402054e-03,9.605912491679191589e-03,-2.193360822275280952e-03,-2.580328844487667084e-03,-8.012514561414718628e-03,5.967112258076667786e-03,-3.164032706990838051e-03,-1.996625028550624847e-02,4.555166512727737427e-02,1.928986981511116028e-02,1.527060382068157196e-02,6.441879551857709885e-03,-1.240248791873455048e-02,-9.267722256481647491e-03,-2.052556537091732025e-02,2.812184579670429230e-02,-3.253458067774772644e-03,-2.151412144303321838e-02,-3.346135374158620834e-03,1.408693753182888031e-02,-2.042150683701038361e-02,-3.136392217129468918e-03,-8.487282320857048035e-03,-4.198765754699707031e-02,2.800640650093555450e-04,-5.319997668266296387e-03,2.451881580054759979e-02,-2.620976790785789490e-02,-7.906016980996355414e-05,3.158179670572280884e-02,-1.467389287427067757e-03,-2.013534493744373322e-02,3.064526803791522980e-02,-2.143607847392559052e-02,-2.825191803276538849e-02,-8.662881329655647278e-03,-1.401539659127593040e-03,-1.261710934340953827e-02,-1.921182498335838318e-02,1.541368477046489716e-02,2.082473412156105042e-02,-3.041113540530204773e-02,-1.507224282249808311e-03,2.949411747977137566e-03,-1.192772109061479568e-02,-1.631119102239608765e-02,-2.250267937779426575e-02,-1.249516499228775501e-03,4.778892546892166138e-02,1.343657076358795166e-02,2.626179717481136322e-02,-5.342760588973760605e-03,-1.475031115114688873e-02,2.347822859883308411e-02,7.823908701539039612e-03,-1.229842938482761383e-02,-3.236223384737968445e-02,7.310118991881608963e-03,1.020424999296665192e-02,1.302684005349874496e-02,-1.485436968505382538e-02,-1.038635242730379105e-02,-2.113691065460443497e-03,-1.589495688676834106e-02,3.126961737871170044e-02,9.573394432663917542e-03,5.781757645308971405e-03,-1.034733001142740250e-02,1.733876951038837433e-02,2.398226177319884300e-03,6.718285381793975830e-03,-6.516671739518642426e-03,1.758590899407863617e-02,-2.899008570238947868e-03,-3.996501676738262177e-03,2.565045282244682312e-02,-8.675888180732727051e-03,-1.815823093056678772e-02,2.276282571256160736e-02,-1.878258399665355682e-02,8.058040402829647064e-03,3.580267308279871941e-03,4.988310858607292175e-03,2.572849765419960022e-02,1.541368546895682812e-03,-2.627480402588844299e-02,-1.419099606573581696e-02,-1.184317283332347870e-02,8.155595511198043823e-03,1.887363381683826447e-02,-1.063349191099405289e-02,2.333514764904975891e-02,7.341011078096926212e-04,5.931342020630836487e-03,2.646991517394781113e-03,1.320243906229734421e-02,-1.434708386659622192e-02,7.661317009478807449e-03,-2.350424416363239288e-02,1.089363824576139450e-02,1.436009164899587631e-02,-1.920206937938928604e-03,-1.267564203590154648e-02,6.349202594719827175e-04,1.337153464555740356e-02,-1.255207229405641556e-02,5.892320070415735245e-03,1.210982352495193481e-02,1.106273289769887924e-02,2.407656610012054443e-02,7.453199476003646851e-03,-2.423265390098094940e-02,-6.663914918899536133e-01,2.346196910366415977e-03,-7.388162892311811447e-03,-2.658697962760925293e-02,9.748993441462516785e-03,1.472429651767015457e-02,9.514860808849334717e-03,3.684325842186808586e-03,-2.087676338851451874e-02,2.723409561440348625e-03,-2.045605797320604324e-04,2.177426964044570923e-02,9.840044192969799042e-03,-2.741944976150989532e-02,-1.789808459579944611e-02,-2.224253304302692413e-02,1.679571345448493958e-03,-8.441756479442119598e-03,-2.663901075720787048e-02,-1.040586363524198532e-02,1.031643827445805073e-03,-7.973493076860904694e-03,6.471146363765001297e-03,-1.955001614987850189e-02,1.238948106765747070e-02,-1.082860119640827179e-02,2.377739734947681427e-02,-9.436816908419132233e-03,-1.623477204702794552e-03,1.687050610780715942e-02,-3.324673324823379517e-02,3.905450459569692612e-03,6.220755167305469513e-03,-1.297481078654527664e-02,3.896995633840560913e-02,1.456820871680974960e-02,-2.562443725764751434e-02,9.137649089097976685e-03,1.383979804813861847e-02,1.564781740307807922e-02,-2.104585804045200348e-02,6.145962979644536972e-03,1.126434653997421265e-02,-9.228699840605258942e-03,-7.856426760554313660e-03,1.618111692368984222e-02,2.780967019498348236e-02,-1.824928261339664459e-02,4.523298703134059906e-03,-9.430313482880592346e-03,1.754688657820224762e-02,-2.664876636117696762e-03,1.975813321769237518e-02,6.601219647563993931e-04,-4.344447981566190720e-03,1.793710701167583466e-02,3.647255152463912964e-02,-1.670140959322452545e-02,9.775008074939250946e-03,1.537466328591108322e-02,3.315242938697338104e-03,-1.636484637856483459e-03,-2.944859303534030914e-02,-2.459685876965522766e-02,-1.357965171337127686e-02,-3.094118321314454079e-03,1.536165550351142883e-02,-1.117329578846693039e-02,3.507914079818874598e-04,-6.815840490162372589e-03,2.799177169799804688e-02,-2.229131059721112251e-03,-1.831431873142719269e-02,-1.302684005349874496e-02,1.475031115114688873e-02,1.654532179236412048e-02,3.365646349266171455e-03,4.981806967407464981e-03,-1.387882046401500702e-02,1.090014167129993439e-02,-2.333514764904975891e-02,3.068103687837719917e-03,-9.488846175372600555e-03,-1.013921294361352921e-02,4.778892546892166138e-02,9.228699840605258942e-03,-1.792410016059875488e-02,-7.115008775144815445e-03,-5.437063518911600113e-03,2.091578580439090729e-02,-9.885570034384727478e-03,2.077270485460758209e-02,9.384787641465663910e-03,-1.644126325845718384e-02,1.303984690457582474e-02,1.406092289835214615e-02,-4.422491881996393204e-03,7.088994141668081284e-03,2.090277709066867828e-02,1.737779192626476288e-02,4.542809445410966873e-03,-1.389182731509208679e-02,4.718408454209566116e-03,6.685767322778701782e-03,8.272660896182060242e-03,1.095054554753005505e-03,-2.515617385506629944e-02,1.157001871615648270e-02,2.295793592929840088e-02,-1.064649876207113266e-02,-4.344447981566190720e-03,-1.621038420125842094e-03,8.513296954333782196e-03,7.467019604519009590e-04,1.173911429941654205e-02,-3.626443445682525635e-02,1.021075341850519180e-02,9.937599301338195801e-03,4.370462615042924881e-03,-1.878258399665355682e-02,1.285774447023868561e-02,3.632296575233340263e-03,-3.303861618041992188e-02,5.355767905712127686e-03,6.952417548745870590e-03,-1.592097058892250061e-02,-1.132938358932733536e-02,-1.614209450781345367e-02,-1.768996752798557281e-02,-4.142834339290857315e-03,-2.286038128659129143e-03,-3.077859291806817055e-03,1.710463687777519226e-02,-9.631927125155925751e-03,1.141393091529607773e-02,-1.635021343827247620e-02,-2.863238332793116570e-03,-1.960204541683197021e-02,2.429769001901149750e-02,-1.302684005349874496e-02,-2.285387739539146423e-02,1.095217093825340271e-02,1.590145984664559364e-03,-8.682392071932554245e-04,1.430806238204240799e-02,-1.791109144687652588e-02,-1.533564087003469467e-02,-1.995324343442916870e-02,-2.955265156924724579e-02,-7.563761901110410690e-03,1.913378015160560608e-02,-5.466329865157604218e-03,-3.928213194012641907e-02,4.497284069657325745e-03,1.190820988267660141e-02,4.900511354207992554e-03,-9.079115465283393860e-03,-1.031481195241212845e-02,9.085618890821933746e-03,-2.481798455119132996e-02,1.221388205885887146e-02,1.282522641122341156e-02,3.100621979683637619e-03,-1.545270718634128571e-02,-3.547749016433954239e-03,-1.571285352110862732e-02,-7.791390176862478256e-03,2.451881580054759979e-02,-1.836634799838066101e-02,-1.757290214300155640e-02,-4.344447981566190720e-03,1.145295333117246628e-02,-2.346522174775600433e-02,2.705524489283561707e-02,7.049972191452980042e-03,1.733226585201919079e-03,-1.147246453911066055e-02,-2.555940067395567894e-03,2.029143273830413818e-02,1.936791278421878815e-02,-7.206060457974672318e-03,2.544558839872479439e-03,-2.105886489152908325e-02,-9.248211048543453217e-03,5.024080630391836166e-03,2.716905903071165085e-03,1.497143600136041641e-02,1.465925946831703186e-02,7.674324326217174530e-03,2.350424416363239288e-02,-2.176695270463824272e-04,1.318292785435914993e-02,-3.573763649910688400e-03,-3.642052179202437401e-03,9.027086198329925537e-03,2.509113773703575134e-02,-4.256648477166891098e-03,-1.048390753567218781e-02,1.676644757390022278e-02,3.205005824565887451e-02,1.224640011787414551e-02,-9.514860808849334717e-03,4.284614324569702148e-02,-1.429505459964275360e-02,9.872563183307647705e-03,-2.376439049839973450e-02,7.765375543385744095e-03,-1.322195027023553848e-02,2.760155126452445984e-02,8.576707332395017147e-04,-3.655059495940804482e-03,-5.983371287584304810e-02,-2.775764092803001404e-02,-1.376175414770841599e-02,6.646744906902313232e-03,1.728674024343490601e-02,2.074668882414698601e-03,2.676908299326896667e-02,-3.168585523962974548e-02,-8.994568139314651489e-03,1.065950654447078705e-02,1.292278151959180832e-02,7.062979508191347122e-03,1.869803527370095253e-03,-3.124360367655754089e-02,3.363695368170738220e-02,1.932889036834239960e-02,3.459949418902397156e-02,1.251305080950260162e-02,-6.887380499392747879e-03,-9.905081242322921753e-03,1.398287899792194366e-02,4.321685060858726501e-03,1.073104608803987503e-02,-4.913518670946359634e-03,-2.058409852907061577e-03,2.154013700783252716e-02,-4.326237738132476807e-02,2.999490126967430115e-02,-4.630608949810266495e-03,1.551774330437183380e-02,-1.412108191289007664e-03,1.512752380222082138e-02,-7.401170209050178528e-03,-3.700585104525089264e-03,6.617478560656309128e-03,2.632683329284191132e-02,1.954351086169481277e-03,5.079362075775861740e-03,1.542669255286455154e-02,1.573886838741600513e-03,2.669104002416133881e-02,-9.970117360353469849e-03,-4.731415770947933197e-03,-1.533238915726542473e-03,-3.119157440960407257e-02,-1.287075225263834000e-02,1.527060382068157196e-02,3.413123264908790588e-02,2.687314152717590332e-02,-2.835191262420266867e-04,-6.318310275673866272e-03,2.382942661643028259e-02,1.261060591787099838e-02,6.666256114840507507e-03,1.139767235144972801e-03,-7.921463809907436371e-03,-3.621240332722663879e-02,-4.523948952555656433e-02,-1.760867191478610039e-03,-6.422368809580802917e-03,-1.130987238138914108e-02,9.670949541032314301e-03,-1.367070246487855911e-02,-5.316745955497026443e-03,1.009693951345980167e-03,6.594715639948844910e-03,2.848605159670114517e-03,1.399588584899902344e-02,2.487651770934462547e-03,2.598213963210582733e-03,-2.497407235205173492e-02,4.542809445410966873e-03,2.064263075590133667e-02,-1.711276709102094173e-04,1.252605766057968140e-02,-2.195637114346027374e-02,1.547872181981801987e-02,-2.484399825334548950e-02,-9.462831541895866394e-03,1.765744877047836781e-03,2.026541903614997864e-02,1.728674024343490601e-02,-2.271079644560813904e-02,-3.133140271529555321e-03,-1.873055286705493927e-02,2.379040420055389404e-02,-2.557240799069404602e-02,3.142570704221725464e-02,3.186795511282980442e-04,1.029530074447393417e-02,-6.770314648747444153e-03,-7.271097041666507721e-03,-4.884251859039068222e-03,2.715930342674255371e-02,2.687314152717590332e-02,-3.885939484462141991e-03,-5.788261536508798599e-03,-5.131391342729330063e-03,-1.167407818138599396e-02,-9.755496867001056671e-03,-2.164094476029276848e-03,-2.323108911514282227e-02,-5.170413292944431305e-03,1.260084973182529211e-04,-7.388162892311811447e-03,-1.780703291296958923e-02,1.209031231701374054e-02,2.129299752414226532e-02,-1.618111692368984222e-02,-2.211245882790535688e-04,-9.664445184171199799e-03,1.168708503246307373e-02,3.394912928342819214e-02,7.783585786819458008e-02,9.436816908419132233e-03,2.567646838724613190e-02,-5.206183530390262604e-03,2.281485497951507568e-02,3.152976557612419128e-02,-2.341319248080253601e-02,-3.990648686885833740e-02,-2.523421775549650192e-03,-1.472429651767015457e-02,-3.980242833495140076e-02,-1.541368477046489716e-02,5.622418131679296494e-03,-3.095744363963603973e-02,3.941220697015523911e-03,1.780703291296958923e-02,-4.419240169227123260e-03,1.017173100262880325e-02,-6.360583938658237457e-03,1.978739863261580467e-03,1.541368477046489716e-02,1.285124104470014572e-02,5.892320070415735245e-03,2.817387506365776062e-02,-1.357640023343265057e-03,-8.916524238884449005e-03,2.390747144818305969e-02,2.570248208940029144e-02,-2.273030811920762062e-03,-3.998452797532081604e-02,-1.297481125220656395e-03,-3.690829500555992126e-03,1.113427337259054184e-02,1.795011386275291443e-02,-2.340018562972545624e-02,7.323126308619976044e-03,-2.148241619579493999e-04,1.953700743615627289e-02,2.663901075720787048e-02,-7.926340913400053978e-04,7.966988719999790192e-03,1.208380889147520065e-02,2.939656376838684082e-03,-1.732576265931129456e-02,2.094179950654506683e-02,-1.071803923696279526e-02,-1.193422451615333557e-02,-4.854985512793064117e-03,-1.579089835286140442e-02,-1.644126325845718384e-02,3.132164850831031799e-02,-3.121758997440338135e-02,-1.753387972712516785e-02,5.937845911830663681e-03,3.957479726523160934e-03,-2.450255677103996277e-03,-1.369671709835529327e-02,2.586832502856850624e-03,-3.071355633437633514e-03,-1.355363707989454269e-02,-2.473993971943855286e-02,-4.594188556075096130e-02,2.542932890355587006e-02,-1.229842938482761383e-02,-2.382942661643028259e-02,-2.770561166107654572e-02,-2.671705372631549835e-02,1.266263518482446671e-02,-1.408693753182888031e-02,-9.150655940175056458e-03,-3.593274625018239021e-03,-2.047353610396385193e-02,2.755927853286266327e-03,-6.568701006472110748e-03,1.768996752798557281e-02,1.801514998078346252e-02,4.308677744120359421e-03,-4.627357237040996552e-03,-1.585593447089195251e-02,8.012514561414718628e-03,-1.960204541683197021e-02,1.134239044040441513e-02,1.921182498335838318e-02,-1.759891584515571594e-02,-2.433671243488788605e-02,-2.632358111441135406e-03,-1.183666940778493881e-02,-1.311789173632860184e-02,-6.591463927179574966e-03,1.006767246872186661e-02,1.658434420824050903e-02,-7.062979508191347122e-03,3.141270019114017487e-03,-2.591059915721416473e-02,7.856426760554313660e-03,4.477772861719131470e-03,2.256771549582481384e-02,2.476270310580730438e-03,-8.851487189531326294e-03,-1.770297437906265259e-02,1.456820871680974960e-02,-2.916243113577365875e-02,9.794518351554870605e-03,-1.086112018674612045e-02,7.505228742957115173e-03,2.627480402588844299e-02,-1.389182731509208679e-02,2.454482950270175934e-02,-1.572586037218570709e-02,-1.793385483324527740e-03,2.934453450143337250e-02,-2.684712782502174377e-02,1.218136399984359741e-02,-3.762369975447654724e-03,-7.921463809907436371e-03,-1.120581384748220444e-02,-5.446819122880697250e-03,3.085338510572910309e-02,4.107714444398880005e-02,-2.160517312586307526e-02,1.026278268545866013e-02,-5.015626177191734314e-02,8.884006179869174957e-03,-7.193053141236305237e-03,-1.219437108375132084e-03,1.360688620479777455e-04,-4.636401342850149376e-07,-2.571548894047737122e-02,2.506512217223644257e-02,1.909475959837436676e-02,-1.658434420824050903e-02,2.718531712889671326e-02,1.248652733920607716e-05,-2.687314152717590332e-02,-1.102371141314506531e-02,-6.175229325890541077e-03,-1.843138597905635834e-02,8.870998397469520569e-03,-2.708125859498977661e-02,1.070503145456314087e-02,2.801778726279735565e-02,-5.651684477925300598e-03,-3.609533887356519699e-03,-1.036033779382705688e-02,-3.521734382957220078e-03,-3.844966366887092590e-02,1.419099606573581696e-02,-1.919881813228130341e-02,9.215692989528179169e-03,3.280448541045188904e-02,-1.580390520393848419e-02,1.685749925673007965e-02,-2.276282571256160736e-02,2.842101501300930977e-03,-5.674447398632764816e-03,-2.494805678725242615e-02,-9.313247166574001312e-03,-2.198238670825958252e-02,1.602502912282943726e-02,1.919881813228130341e-02,2.827793359756469727e-02,-1.283172983676195145e-02,-2.121495455503463745e-02,7.427184842526912689e-03,1.331300102174282074e-02,-1.910776644945144653e-02,5.417552310973405838e-03,-1.752087287604808807e-02,-2.051255851984024048e-02,1.252605766057968140e-02,1.930287666618824005e-02,9.404298849403858185e-03,3.933416306972503662e-02,-2.605368010699748993e-02,1.628517545759677887e-02,1.824928261339664459e-02,-6.259777001105248928e-04,-7.212563883513212204e-03,2.529925433918833733e-03,-3.095744363963603973e-02,-1.387882046401500702e-02,1.080258656293153763e-02,5.209435243159532547e-03,-1.121231727302074432e-02,-1.158302649855613708e-02,-7.049972191452980042e-03,2.321808226406574249e-02,-1.411295216530561447e-02,-1.086762361228466034e-02,-5.361458170227706432e-04,1.064649876207113266e-02,-2.614473178982734680e-02,3.855372220277786255e-02,2.950062230229377747e-02,1.624615304172039032e-02,-5.293983034789562225e-03,1.246102154254913330e-02,5.524863023310899734e-03,8.266157470643520355e-03,2.812184579670429230e-02,2.385544218122959137e-02,1.287075225263834000e-02,-7.180045824497938156e-03,-1.782004022970795631e-03,-2.255470864474773407e-02,1.334552001208066940e-02,-1.685749925673007965e-02,1.035708584822714329e-03,4.513543099164962769e-03,-4.341196268796920776e-03,-1.994023472070693970e-02,-1.710463687777519226e-02,-1.364468783140182495e-02,-2.219050377607345581e-02,2.700321562588214874e-02,-8.012514561414718628e-03,-1.973211765289306641e-02,2.372536808252334595e-02,-2.959167351946234703e-03,-6.184984929859638214e-03,-2.090277709066867828e-02,-6.302050780504941940e-03,3.673269599676132202e-02,-1.263336860574781895e-03,1.693554222583770752e-02,1.742982072755694389e-03,-6.386598572134971619e-03,-1.977114006876945496e-02,-4.786697216331958771e-03,-4.099341167602688074e-04,-1.858422183431684971e-03,2.898032963275909424e-02,1.533564087003469467e-02,1.144644920714199543e-03,-1.195373572409152985e-02,-9.040093980729579926e-03,1.272116787731647491e-02,-5.550877656787633896e-03,-2.116292342543601990e-02,1.569984667003154755e-02,8.123076520860195160e-03,1.108874753117561340e-02,-5.703713744878768921e-03,-2.331563737243413925e-03,-2.433996414765715599e-03,1.837935671210289001e-02,-1.796312071382999420e-02,5.238701589405536652e-03,-2.689915709197521210e-02,6.204496137797832489e-03,-2.273681201040744781e-02,1.140092406421899796e-02,1.239598449319601059e-02,2.506512217223644257e-02,7.466206792742013931e-03,4.464765544980764389e-03,-2.843727357685565948e-03,-1.907199621200561523e-03,-2.278884127736091614e-02,3.560756333172321320e-03,2.319206856191158295e-02,2.059060148894786835e-02,-1.337316003628075123e-03,7.440192159265279770e-03,2.767309313639998436e-03,3.655059635639190674e-02,-3.475558385252952576e-02,-2.559192012995481491e-03,-1.912077330052852631e-02,2.137104235589504242e-02,-1.606405153870582581e-02,-1.178464014083147049e-02,-1.534864865243434906e-02,-1.423001755028963089e-02,2.412859536707401276e-02,-6.539434660226106644e-03,3.524986095726490021e-03,-3.284350503236055374e-03,-2.408957295119762421e-02,-1.782004162669181824e-02,7.479214109480381012e-03,-3.749768948182463646e-04,2.695118635892868042e-02,-1.201226841658353806e-02,8.812465704977512360e-03,-1.789808459579944611e-02,-8.513296954333782196e-03,3.739607054740190506e-03,4.305426031351089478e-03,7.602783851325511932e-03,-3.098345734179019928e-02,-1.921182498335838318e-02,2.015119825955480337e-04,2.905837260186672211e-02,-5.645180586725473404e-03,2.167020924389362335e-02,2.325710467994213104e-02,1.588194817304611206e-02,-7.023957557976245880e-03,4.089504107832908630e-02,-2.144908532500267029e-02,1.520556770265102386e-02,-2.232057601213455200e-02,3.028106130659580231e-02,-2.245390089228749275e-03,-1.882160454988479614e-02,1.936791278421878815e-02,-1.796312071382999420e-02,-7.583272643387317657e-03,2.412859536707401276e-02,3.158179670572280884e-02,3.928213194012641907e-02,4.409484565258026123e-03,-3.069729730486869812e-02,-4.094056785106658936e-03,1.356664393097162247e-02,1.209031231701374054e-02,-1.235696300864219666e-02,-3.290854394435882568e-02,-1.967358402907848358e-03,-5.924838595092296600e-03,3.564008045941591263e-03,1.908175088465213776e-02,-3.998452797532081604e-02,2.414160221815109253e-02,2.460986562073230743e-02,6.633737590163946152e-03,1.519255992025136948e-02,-3.048917837440967560e-02,-9.475839324295520782e-03,1.433245022781193256e-03,-8.610852062702178955e-03,-6.594715639948844910e-03,1.216998207382857800e-03,1.542669255286455154e-02,-1.551774330437183380e-02,-9.326254948973655701e-03,4.251770733390003443e-04,-3.411171957850456238e-03,-5.163909401744604111e-03,1.605592202395200729e-03,1.672742515802383423e-02,-5.905327387154102325e-03,-1.488526235334575176e-03,-1.884762011468410492e-02,-6.796329282224178314e-03,-3.183543682098388672e-03,-3.480761125683784485e-02,-1.049041096121072769e-02,-1.688351295888423920e-02,-7.804397493600845337e-03,2.405055053532123566e-02,1.176512893289327621e-02,-1.556977257132530212e-02,-2.009632252156734467e-02,-4.386721644550561905e-03,-6.051009520888328552e-02,-1.642988296225667000e-03,7.277600467205047607e-03,2.960468083620071411e-02,1.671441830694675446e-02,2.557240799069404602e-02,1.359265856444835663e-02,1.515353843569755554e-02,4.757430404424667358e-03,7.310118991881608963e-03,-2.908438816666603088e-02,-1.569984667003154755e-02,1.043187826871871948e-02,-1.419099606573581696e-02,-3.781880950555205345e-03,2.376439049839973450e-02,-1.185618061572313309e-02,-1.817123778164386749e-02,4.289817065000534058e-02,5.837039090692996979e-03,-8.441756479442119598e-03,1.343657076358795166e-02,4.985058680176734924e-03,-2.033045515418052673e-02,2.627480402588844299e-02,-1.723471097648143768e-02,4.474521148949861526e-03,-1.106923725455999374e-02,8.402734994888305664e-03,-1.456820871680974960e-02,2.090277709066867828e-02,7.401170209050178528e-03,5.580956931225955486e-04,-9.059604257345199585e-03,2.575451042503118515e-03,2.585856989026069641e-02,9.046597406268119812e-03,-1.270165666937828064e-02,-2.983881346881389618e-02,2.168972045183181763e-03,-1.754363533109426498e-03,-6.932906340807676315e-03,1.274067908525466919e-02,-1.944595761597156525e-02,-2.065563760697841644e-02,-9.970117360353469849e-03,-5.879312753677368164e-03,-1.095217093825340271e-02,1.502346526831388474e-02,2.264576032757759094e-02,-1.716967485845088959e-02,5.144398659467697144e-03,1.953700743615627289e-02,-1.083510462194681168e-02,4.451758228242397308e-03,-1.165456697344779968e-02,-7.440192159265279770e-03,7.947478443384170532e-03,2.194986678659915924e-03,2.825842238962650299e-03,6.350828334689140320e-03,9.345766156911849976e-03,1.447715703397989273e-02,5.109278857707977295e-02,-2.364732325077056885e-02,-1.327397953718900681e-02,2.804705407470464706e-03,-7.199556566774845123e-03,-1.467226725071668625e-02,-2.319206856191158295e-02,-1.122532505542039871e-02,-2.412859536707401276e-02,-1.289676688611507416e-02,3.349387319758534431e-03,3.066477831453084946e-03,-1.579089835286140442e-02,-2.472693286836147308e-02,-3.648149431683123112e-04,-5.983371287584304810e-03,-2.843727357685565948e-03,2.116552591323852539e-01,-7.615791168063879013e-03,5.677699111402034760e-03,1.839236356317996979e-02,2.323434222489595413e-03,3.980242647230625153e-03,1.134076504968106747e-03,1.142693869769573212e-02,-1.696155779063701630e-02,2.874619700014591217e-02,-2.202140726149082184e-02,-1.683148369193077087e-02,8.753932081162929535e-03,-8.527929894626140594e-04,-7.609287276864051819e-03,-2.161817997694015503e-02,-2.973800525069236755e-03,-3.452144935727119446e-02,-5.676398426294326782e-02,-1.961505226790904999e-02,2.506512217223644257e-02,9.670949541032314301e-03,7.531243376433849335e-03,-2.879822626709938049e-02,2.003128640353679657e-02,9.924592450261116028e-03,-7.830412127077579498e-03,-1.246102154254913330e-02,4.066091030836105347e-02,2.022639615461230278e-03,-2.004429325461387634e-02,6.217503454536199570e-03,-8.513296954333782196e-03,3.846917534247040749e-03,-5.039039254188537598e-02,-8.181610144674777985e-03,3.548399358987808228e-02,-2.047353610396385193e-02,5.280975718051195145e-03,-6.227258592844009399e-03,-7.388162892311811447e-03,6.581708323210477829e-03,-4.006257280707359314e-03,-1.158302649855613708e-02,2.048654248937964439e-03,2.079871855676174164e-02,-2.130600437521934509e-02,-2.211245940998196602e-03,-2.405055053532123566e-02,-7.440192159265279770e-03,-4.112917557358741760e-02,1.021725684404373169e-02,4.089504107832908630e-02,2.065563760697841644e-02,3.677822183817625046e-03,-2.372211543843150139e-03,1.237647328525781631e-02,9.501853957772254944e-03,-4.936281591653823853e-03,2.051255851984024048e-02,6.074422504752874374e-03,4.637112841010093689e-03,-1.462023798376321793e-02,3.517181798815727234e-02,2.003128640353679657e-02,2.114991657435894012e-02,-1.385280583053827286e-02,-6.932906340807676315e-03,9.397795423865318298e-03,-4.333066463004797697e-04,-8.851487189531326294e-03,-2.562443725764751434e-02,8.058040402829647064e-03,3.707088902592658997e-02,-5.622418131679296494e-03,5.585022154264152050e-04,2.016136050224304199e-02,7.492221426218748093e-03,-2.627480542287230492e-03,2.405055053532123566e-02,-2.005730196833610535e-02,-1.883461326360702515e-02,-4.490780178457498550e-03,-4.025768488645553589e-03,-3.032333625014871359e-04,-3.374101221561431885e-02,1.196674257516860962e-02,2.705524442717432976e-03,-9.183173999190330505e-03,1.257158350199460983e-02,2.605368010699748993e-02,-9.150655940175056458e-03,-4.533054307103157043e-03,-7.840980542823672295e-04,1.443813554942607880e-02,1.878258399665355682e-02,-7.251585833728313446e-03,3.285651281476020813e-02,-1.004165783524513245e-02,2.018737420439720154e-02,-2.219375455752015114e-03,-7.914959453046321869e-03,1.804116554558277130e-02,2.376439049839973450e-02,3.411171957850456238e-03,-1.382679119706153870e-02,-5.902075674384832382e-03,1.163505576550960541e-02,1.450317166745662689e-02,-1.078957971185445786e-02,-7.796267746016383171e-04,-1.984918490052223206e-02,1.326747518032789230e-02,-5.157405976206064224e-03,-9.170167148113250732e-03,1.398287899792194366e-02,8.201121352612972260e-03,-2.535128407180309296e-02,2.561143040657043457e-02,-2.864864189177751541e-03,1.664938172325491905e-03,-1.542669255286455154e-02,-1.567383110523223877e-02,2.783568389713764191e-02,-6.500412710011005402e-03,-1.004816126078367233e-02,-1.194723136723041534e-02,-7.442631176672875881e-04,2.721133269369602203e-02,-2.747147902846336365e-02,1.668840274214744568e-02,-9.683956392109394073e-03,3.233947092667222023e-03,-3.383937873877584934e-04,1.536165550351142883e-02,2.181329019367694855e-02,8.422245271503925323e-03,2.128324238583445549e-03,-1.592097058892250061e-02,-1.863950304687023163e-02,-1.566082425415515900e-02,-3.863176703453063965e-02,-4.081049468368291855e-03,8.441756479442119598e-03,1.955001614987850189e-02,-4.381843900773674250e-04,3.077534027397632599e-02,-2.855108818039298058e-03,-1.274718251079320908e-02,-2.073368243873119354e-02,-1.135539822280406952e-02,-7.108505349606275558e-03,2.089302288368344307e-03,2.780316630378365517e-03,2.031744830310344696e-02,1.741681434214115143e-02,-9.911584667861461639e-03,-3.738306462764739990e-02,7.102001458406448364e-03,1.956302300095558167e-02,-4.011460393667221069e-02,-8.012514561414718628e-03,9.599409066140651703e-03,-2.101984433829784393e-02,-1.205616863444447517e-03,-5.609410814940929413e-03,-1.650369912385940552e-01,3.677822183817625046e-03,2.454482950270175934e-02,-3.595225885510444641e-02,1.207080110907554626e-02,9.222196415066719055e-03,4.700848832726478577e-02,2.044752053916454315e-02,9.495350532233715057e-03,7.394666317850351334e-03,2.520170062780380249e-03,4.894007463008165359e-03,-9.306743741035461426e-03,2.510414458811283112e-02,2.851856872439384460e-03,1.917280256748199463e-02,-4.305426031351089478e-02,-8.876485662767663598e-05,2.068165317177772522e-02,-5.407797172665596008e-03,2.623578347265720367e-02,-8.500289171934127808e-03,1.499745063483715057e-02,-1.595999300479888916e-02,8.885631687007844448e-04,4.536306019872426987e-03,-2.520820312201976776e-02,6.978432182222604752e-03,-1.891265623271465302e-02,-1.449016481637954712e-02,-1.627216860651969910e-02,2.065563760697841644e-02,4.534354805946350098e-02,7.519862265326082706e-04,-6.705278065055608749e-03,1.041887048631906509e-02,-2.243764325976371765e-02,-3.472956828773021698e-03,-2.280184812843799591e-02,2.023940347135066986e-02,5.463078152388334274e-03,2.983881346881389618e-02,2.085074782371520996e-02,-2.471392601728439331e-02,1.210982352495193481e-02,2.168321795761585236e-02,-7.225571200251579285e-03,-1.948497816920280457e-02,6.080926395952701569e-03,-9.892073459923267365e-03,1.767370849847793579e-03,-2.328311838209629059e-02,2.874619700014591217e-02,-2.125072292983531952e-03,1.834033429622650146e-02,5.024080746807157993e-04,-7.641805801540613174e-03,-5.960608366876840591e-03,-1.465925946831703186e-02,-1.011319831013679504e-02,-1.798913627862930298e-02,-8.625484770163893700e-04,1.912077330052852631e-02,-1.465925946831703186e-02,1.766395196318626404e-02,-1.236996985971927643e-02,-1.795011386275291443e-02,-1.309187710285186768e-02,-2.350424416363239288e-02,1.078307535499334335e-02,-6.913395598530769348e-03,2.355952514335513115e-03,2.921446040272712708e-02,-1.582991890609264374e-02,1.436009164899587631e-02,7.277600467205047607e-03,-1.270653447136282921e-03,3.418326005339622498e-02,2.260673791170120239e-02,-7.212563883513212204e-03,-3.025504760444164276e-02,-9.534372016787528992e-03,-1.225290354341268539e-02,-1.905573648400604725e-03,-1.355363707989454269e-02,7.869433611631393433e-03,1.326747518032789230e-02,-2.566345967352390289e-02,-6.080926395952701569e-03,2.273030811920762062e-03,1.186268404126167297e-02,-2.040849998593330383e-02,5.313493777066469193e-03,-1.700057834386825562e-02,4.206570237874984741e-02,-7.987312710611149669e-05,-1.419099606573581696e-02,-5.498848389834165573e-03,5.312680732458829880e-04,3.076233202591538429e-03,1.242850255221128464e-02,-1.015222072601318359e-02,-1.202527526766061783e-02,1.157652307301759720e-02,2.245390089228749275e-03,-7.568639703094959259e-04,1.588194817304611206e-02,6.906891707330942154e-03,2.718531712889671326e-02,-1.169033697806298733e-03,-5.313493777066469193e-03,-1.481534820050001144e-02,3.115255385637283325e-03,2.195637114346027374e-02,5.970363970845937729e-03,2.451881580054759979e-02,-1.813221722841262817e-02,-9.150655940175056458e-03,1.330649759620428085e-02,3.879435826092958450e-03,6.337171047925949097e-02,-1.391784194856882095e-02,-1.331950537860393524e-02,-1.929962425492703915e-03,8.949042297899723053e-03,-3.228418901562690735e-02,-1.133198514580726624e-01,-3.681074082851409912e-02,2.484399825334548950e-02,3.626443445682525635e-02,3.150375187397003174e-02,2.441475726664066315e-02,4.181856289505958557e-03,1.152449380606412888e-02,-1.677945442497730255e-02,2.278884127736091614e-02,-4.159093368798494339e-03,-1.693554222583770752e-02,-2.905512228608131409e-03,-2.394974464550614357e-03,1.713715610094368458e-03,-9.124641306698322296e-03,6.276036147028207779e-03,-2.513666404411196709e-03,-3.511978685855865479e-02,5.716721061617136002e-03,8.402734994888305664e-03,3.759118029847741127e-03,-5.798017140477895737e-03,-7.479214109480381012e-03,-3.749362658709287643e-03,3.091272956226021051e-04,-2.122796140611171722e-02,8.513296954333782196e-03,2.905837260186672211e-02,2.449280023574829102e-02,-2.202140726149082184e-02,-2.055157907307147980e-02,-7.745864335447549820e-03,8.019831147976219654e-04,-1.145295333117246628e-02,-3.194599971175193787e-02,-4.458912461996078491e-02,-2.003128640353679657e-02,1.507549453526735306e-02,-9.521365165710449219e-03,-2.525047631934285164e-03,9.300240315496921539e-03,-8.558822795748710632e-03,-5.170413292944431305e-03,1.140742748975753784e-02,-9.150655940175056458e-03,-5.840290803462266922e-03,2.983881346881389618e-02,3.067128174006938934e-02,8.721414022147655487e-03,-1.490639895200729370e-02,6.523175630718469620e-03,-2.351725101470947266e-02,-1.454381970688700676e-03,5.850046407431364059e-03,-5.381782539188861847e-03,1.666238903999328613e-02,-1.320894248783588409e-02,-1.768996752798557281e-02,8.175106719136238098e-03,-1.655833050608634949e-02,8.032025769352912903e-03,-9.196181781589984894e-03,2.846003510057926178e-02,1.024327147752046585e-02,5.856549832969903946e-03,-1.546246232464909554e-03,-1.264312397688627243e-02,9.033589623868465424e-03,2.531551523134112358e-03,8.305179886519908905e-03,1.222688890993595123e-02,-5.459826439619064331e-03,7.589776534587144852e-03,-2.676908299326896667e-02,1.174561772495508194e-02,-4.142834339290857315e-03,-6.493908818811178207e-03,1.620713248848915100e-02,-3.772125393152236938e-02,-3.839763626456260681e-02,-2.799177169799804688e-02,2.371236123144626617e-02,-5.147650372236967087e-03,7.791390176862478256e-03,2.020038105547428131e-02,5.372026935219764709e-03,-1.719568856060504913e-02,1.381378341466188431e-02,-3.189397230744361877e-02,-2.062962390482425690e-02,9.866058826446533203e-03,1.628517545759677887e-02,1.361867319792509079e-02,-8.233639411628246307e-03,-1.521857455372810364e-02,-9.357147500850260258e-04,-1.437309850007295609e-02,1.752737560309469700e-03,2.154013700783252716e-02,-7.010950241237878799e-03,-5.324875237420201302e-04,-4.953191056847572327e-02,3.814399242401123047e-03,3.778629004955291748e-03,-1.830131188035011292e-02,-3.001441247761249542e-03,-1.559578720480203629e-02,1.817123778164386749e-02,-2.250267937779426575e-02,-1.017823535948991776e-02,-1.902972161769866943e-02,-3.061925247311592102e-02,1.681847684085369110e-02,-5.863053724169731140e-03,-2.025241218507289886e-02,-1.758590899407863617e-02,-6.674385513179004192e-04,3.361093997955322266e-02,8.279165253043174744e-03,-2.049670583801344037e-04,2.754952199757099152e-02,1.380077563226222992e-02,9.261217899620532990e-03,1.675343886017799377e-02,3.087939880788326263e-02,-2.580654062330722809e-02,2.151412144303321838e-02,-1.223339326679706573e-02,1.002214662730693817e-02,-1.039935927838087082e-02,-5.889068357646465302e-03,1.264312397688627243e-02,-1.326097175478935242e-02,-3.645303891971707344e-03,2.568947523832321167e-02,6.321561988443136215e-03,-1.290977373719215393e-02,-1.338941976428031921e-03,2.444077096879482269e-02,2.643089182674884796e-02,5.241953581571578979e-02,-1.904273033142089844e-02,-2.397250756621360779e-02,2.985588507726788521e-04,-3.839194541797041893e-04,-2.318556420505046844e-03,1.498444285243749619e-02,-2.212546579539775848e-02,3.155577927827835083e-02,1.282314315176336095e-05,7.680827751755714417e-03,9.762000292539596558e-03,2.739343419671058655e-02,2.355952514335513115e-03,-2.713328786194324493e-02,-2.598864398896694183e-02,-2.879822626709938049e-02,1.112126652151346207e-02,-5.554129369556903839e-03,-7.869433611631393433e-03,-3.087939880788326263e-02,3.111353144049644470e-02,1.986869610846042633e-03,-2.699020784348249435e-03,3.505475120618939400e-03,1.685749925673007965e-02,1.183666940778493881e-02,5.788261536508798599e-03,-1.568683795630931854e-02,-2.098082192242145538e-02,3.755866317078471184e-03,-2.380341291427612305e-02,6.113444454967975616e-03,2.970548812299966812e-03,2.079871855676174164e-02,-8.409238420426845551e-03,-2.012233808636665344e-02,2.194986736867576838e-04,6.643493194133043289e-03,-1.719568856060504913e-02,3.298983909189701080e-03,3.662863746285438538e-02,-8.116573095321655273e-03,-1.122532505542039871e-02,1.085461582988500595e-02,8.032025769352912903e-03,2.014835178852081299e-02,3.635548520833253860e-03,1.108224410563707352e-02,1.975813321769237518e-02,8.910020813345909119e-03,6.178481504321098328e-03,7.030461449176073074e-03,1.660060370340943336e-03,-5.632173269987106323e-03,1.380402827635407448e-03,9.762000292539596558e-03,-5.798017140477895737e-03,1.314390636980533600e-02,1.944595715031027794e-03,1.240899227559566498e-02,-1.434708386659622192e-02,5.664691794663667679e-03,-2.185231307521462440e-03,2.268153009936213493e-03,-2.838199213147163391e-02,9.508357383310794830e-03,-2.481798455119132996e-02,1.369834295473992825e-03,-2.602766454219818115e-02,1.031481195241212845e-02,1.556977257132530212e-02,-1.010019052773714066e-02,-1.753387972712516785e-02,5.928090307861566544e-03,-6.555693689733743668e-03,2.377739734947681427e-02,2.695118635892868042e-02,1.462023798376321793e-02,-1.327397953718900681e-02,2.403754368424415588e-02,1.013921294361352921e-02,9.339261800050735474e-03,2.518218941986560822e-02,5.186672322452068329e-03,1.061398070305585861e-02,-3.131514415144920349e-03,-3.742859000340104103e-03,-2.194336429238319397e-02,1.121882162988185883e-02,2.356928028166294098e-02,4.929777700453996658e-03,4.604594316333532333e-03,-9.449824690818786621e-03,-2.031744830310344696e-02,1.335852686315774918e-02,-1.187731744721531868e-03,1.217811135575175285e-03,1.867852360010147095e-02,-2.222952619194984436e-02,3.600428625941276550e-02,1.528361160308122635e-02,-2.664876636117696762e-03,-1.309675397351384163e-03,1.343657076358795166e-02,1.395686436444520950e-02,-8.799457922577857971e-03,1.184317283332347870e-02,-9.696964174509048462e-03,-1.931588351726531982e-02,-9.113259729929268360e-04,-2.366033196449279785e-02,5.319997668266296387e-03,-2.911040186882019043e-02,-4.500535782426595688e-03,3.394912928342819214e-03,1.079608313739299774e-02,2.752350829541683197e-02,-3.562788770068436861e-04,-2.522121183574199677e-02,2.463588118553161621e-02,-2.251568622887134552e-02,-1.726072467863559723e-02,-5.749239586293697357e-03,-5.186672322452068329e-03,-1.792410016059875488e-02,6.383346859365701675e-03,-1.182366162538528442e-02,-8.045032620429992676e-03,-2.049954980611801147e-02,-1.423001755028963089e-02,2.363431639969348907e-02,-6.378794461488723755e-02,-7.635301910340785980e-03,-6.224006880074739456e-03,-1.772898994386196136e-02,1.212933473289012909e-02,-1.983617618680000305e-02,1.005629077553749084e-03,3.420927561819553375e-03,-8.279165253043174744e-03,1.593397743999958038e-02,-2.293192036449909210e-02,-2.700321562588214874e-02,1.032131537795066833e-02,1.529661938548088074e-02,1.447715703397989273e-02,-1.609656959772109985e-03,-3.238824754953384399e-02
-1.160088926553726196e-02,1.081181108020246029e-03,1.740133389830589294e-02,-8.899137377738952637e-03,-1.781107857823371887e-02,1.216428820043802261e-02,5.381096620112657547e-03,1.828484609723091125e-02,-6.443871650844812393e-03,-2.359871938824653625e-02,-2.000064961612224579e-02,1.228593103587627411e-02,-5.938093177974224091e-03,2.500081202015280724e-03,-1.665867306292057037e-02,7.983613759279251099e-03,3.626238182187080383e-02,-5.076989531517028809e-03,-1.017318572849035263e-02,3.979002591222524643e-03,9.648201055824756622e-03,8.322933688759803772e-03,-2.524089766666293144e-03,-9.737832471728324890e-03,-1.171613018959760666e-02,1.887065242044627666e-03,1.530139334499835968e-02,-2.339384704828262329e-02,1.190819777548313141e-02,-2.665899693965911865e-02,-5.038576200604438782e-03,-1.240117102861404419e-02,-2.253594342619180679e-03,-6.394254160113632679e-04,-4.660842940211296082e-03,3.059078298974782228e-04,-2.632608078420162201e-02,4.427160602062940598e-03,2.750409580767154694e-02,-2.360832178965210915e-03,1.892507076263427734e-02,-1.802875474095344543e-02,1.211307011544704437e-02,5.592371337115764618e-03,-4.286951199173927307e-02,-7.138516288250684738e-03,-3.362465277314186096e-02,-4.727426543831825256e-02,-1.219629961997270584e-02,9.737832471728324890e-03,3.193445503711700439e-02,9.360099211335182190e-03,-2.973208017647266388e-02,-1.361119840294122696e-02,4.612825810909271240e-03,1.302859280258417130e-02,-9.321685880422592163e-03,4.584015812724828720e-03,-8.655850775539875031e-03,-1.640258170664310455e-02,5.653992993757128716e-04,-6.402256898581981659e-03,-1.568552851676940918e-02,9.763441979885101318e-03,-1.507091242820024490e-02,-1.727328822016716003e-02,-3.285638242959976196e-02,2.770576626062393188e-03,-1.769583858549594879e-02,-1.327828038483858109e-02,2.435418404638767242e-02,1.905311644077301025e-02,3.866963088512420654e-03,1.781107857823371887e-02,2.655656076967716217e-02,-1.883544027805328369e-02,-1.886104792356491089e-02,-7.061689160764217377e-03,-2.188291400671005249e-02,-4.941742008668370545e-05,-1.026281807571649551e-02,-2.645412459969520569e-02,1.411057356745004654e-02,7.842764258384704590e-03,1.177215017378330231e-03,-2.440860494971275330e-03,-5.480331834405660629e-03,9.110411629080772400e-03,1.124876551330089569e-02,-2.768335863947868347e-02,2.591633610427379608e-02,2.498160675168037415e-02,2.281764335930347443e-02,6.392653565853834152e-03,-1.471238583326339722e-02,-1.225391961634159088e-02,-1.031403616070747375e-02,2.840041182935237885e-02,1.371363364160060883e-02,-6.767185404896736145e-03,5.400303751230239868e-03,1.144083309918642044e-02,-2.796505764126777649e-02,-8.527806028723716736e-03,3.253146714996546507e-04,-5.644229426980018616e-02,-8.252508938312530518e-03,-1.741413772106170654e-02,2.475112490355968475e-02,-1.527578476816415787e-02,6.386251188814640045e-04,4.450849071145057678e-02,2.372836461290717125e-04,-1.569833420217037201e-02,2.591633610427379608e-02,-1.507091242820024490e-02,-7.509847171604633331e-03,-9.718625806272029877e-03,-1.472519058734178543e-02,-2.266398863866925240e-03,7.605880964547395706e-03,7.983613759279251099e-03,1.387689146213233471e-03,-3.452096879482269287e-02,1.539102569222450256e-02,1.182496827095746994e-02,-2.577548660337924957e-02,-7.119309622794389725e-03,-2.128110080957412720e-02,4.904128611087799072e-03,6.832488626241683960e-02,1.215148344635963440e-02,3.042352385818958282e-02,1.188899111002683640e-02,-8.854321204125881195e-03,3.352221474051475525e-02,2.360832178965210915e-03,-2.996256109327077866e-03,-1.577516086399555206e-02,8.258911548182368279e-04,1.950127445161342621e-02,5.333079956471920013e-03,-1.390570215880870819e-02,-2.297129668295383453e-02,1.359839364886283875e-02,-4.616027232259511948e-03,2.783701196312904358e-02,-5.089794285595417023e-03,4.785686731338500977e-03,-8.572622202336788177e-03,2.569865807890892029e-02,1.961651444435119629e-02,1.146644167602062225e-02,-9.641799144446849823e-03,3.715869784355163574e-02,-6.302221299847587943e-05,-2.467429824173450470e-02,3.900254890322685242e-02,3.783733816817402840e-03,-2.210059016942977905e-02,6.293418351560831070e-03,-1.891226693987846375e-02,2.099940180778503418e-02,3.943790215998888016e-03,5.915685091167688370e-03,2.385480888187885284e-02,-6.034126970916986465e-03,-6.568715441972017288e-03,-2.057685330510139465e-02,-1.463555917143821716e-02,9.078400209546089172e-03,3.659529983997344971e-02,-2.219022251665592194e-02,2.568585425615310669e-02,-1.452031824737787247e-02,-3.074683714658021927e-03,4.372741561383008957e-03,4.843307193368673325e-03,-1.761901006102561951e-02,8.611035533249378204e-03,-2.331701852381229401e-02,1.626173220574855804e-02,1.080700941383838654e-02,1.414898782968521118e-02,-4.625630564987659454e-03,9.827463654801249504e-04,1.290694996714591980e-02,-1.883544027805328369e-02,8.763088844716548920e-04,7.279365789145231247e-03,8.201290853321552277e-03,1.822082325816154480e-02,2.069209329783916473e-02,-2.975768968462944031e-02,-6.494449377059936523e-01,1.155607309192419052e-02,-3.492431016638875008e-03,-3.423926979303359985e-02,2.554500475525856018e-02,2.993055153638124466e-03,1.892507076263427734e-02,1.533980760723352432e-02,-9.782648645341396332e-03,-7.298573036678135395e-04,-9.180836379528045654e-03,2.683825977146625519e-02,-9.904291480779647827e-03,-3.106375038623809814e-02,-1.209386344999074936e-02,-2.152438648045063019e-02,-9.071998298168182373e-03,-9.641799144446849823e-03,-2.665899693965911865e-02,-7.272963877767324448e-03,-9.795452468097209930e-03,-6.082144100219011307e-03,-2.426455263048410416e-03,-1.738853007555007935e-02,1.774705573916435242e-02,-1.382887456566095352e-02,3.275394439697265625e-02,-1.919396594166755676e-02,-8.883131085895001888e-04,1.791031332686543465e-03,-3.587824851274490356e-02,1.555748376995325089e-02,2.258396008983254433e-03,-8.124464191496372223e-03,4.084639996290206909e-02,1.522456668317317963e-02,-2.025674097239971161e-02,1.763181574642658234e-02,3.927784506231546402e-03,1.227952819317579269e-02,-8.515001274645328522e-03,1.496847625821828842e-02,1.569833420217037201e-02,-9.699419140815734863e-03,-3.895773319527506828e-03,6.747978739440441132e-03,1.471238583326339722e-02,-1.622331887483596802e-02,8.943952620029449463e-03,3.521241247653961182e-03,1.370082981884479523e-02,-1.889946125447750092e-02,6.174976471811532974e-03,-1.955889398232102394e-03,-1.917475950904190540e-03,-2.027914859354496002e-03,4.735109210014343262e-02,-1.989821344614028931e-02,-1.535261142998933792e-02,6.446272600442171097e-04,1.160088926553726196e-02,-1.089023891836404800e-02,-3.639042750000953674e-02,-2.635168842971324921e-02,7.964407093822956085e-03,1.225391961634159088e-02,3.006499819457530975e-02,-2.258716151118278503e-02,1.868178509175777435e-02,1.970614679157733917e-02,1.571113802492618561e-02,-1.020359690301120281e-03,-5.598773714154958725e-03,-1.210666727274656296e-02,6.290217395871877670e-03,1.229873485863208771e-02,1.339352130889892578e-02,-4.465574165806174278e-04,-9.270467795431613922e-03,5.662796087563037872e-03,-2.513526007533073425e-02,-1.016678381711244583e-02,-1.189539302140474319e-02,-1.669708639383316040e-02,4.089761525392532349e-02,5.259453784674406052e-03,-1.719646155834197998e-02,-1.133839692920446396e-02,6.658346857875585556e-03,2.285605669021606445e-02,1.064055040478706360e-02,2.231826633214950562e-02,6.066138157621026039e-04,-4.776083398610353470e-03,-5.361889954656362534e-03,2.112744748592376709e-02,-1.956529729068279266e-02,1.247159577906131744e-02,3.275394439697265625e-02,2.306092903017997742e-02,5.662796087563037872e-03,-2.222863584756851196e-02,1.548065710812807083e-02,7.599478587508201599e-03,-5.397102329879999161e-03,-3.527643391862511635e-03,-9.129618294537067413e-03,1.704280823469161987e-02,3.408561646938323975e-02,-2.147316932678222656e-02,6.927242036908864975e-03,9.372903965413570404e-03,8.886332623660564423e-03,1.188258826732635498e-02,1.381606981158256531e-02,-3.306125476956367493e-02,-1.377765648066997528e-02,2.742726728320121765e-02,5.057782866060733795e-03,-3.531484678387641907e-02,1.663306355476379395e-02,5.922087468206882477e-03,-2.711996063590049744e-02,-2.891019103117287159e-04,1.866898126900196075e-02,-4.241495043970644474e-04,-3.527643391862511635e-03,-2.503282390534877777e-02,-2.586511708796024323e-02,-3.790135961025953293e-03,7.029677741229534149e-03,-1.494126627221703529e-03,1.769583858549594879e-02,-8.649448864161968231e-03,2.868211083114147186e-02,-9.821061976253986359e-03,1.025001332163810730e-02,-7.900385186076164246e-03,1.388009265065193176e-02,-1.302218995988368988e-02,-1.887385360896587372e-02,-7.004069164395332336e-03,7.778741884976625443e-03,1.304139755666255951e-02,3.540447913110256195e-03,-4.260702058672904968e-03,-1.784949190914630890e-02,-2.516086958348751068e-02,-3.551971912384033203e-02,5.246649496257305145e-03,1.088383700698614120e-02,-2.860208274796605110e-03,-4.476457834243774414e-02,9.979517199099063873e-04,1.094785891473293304e-02,-5.141012370586395264e-03,-8.563018636777997017e-04,-1.083902083337306976e-02,5.823927949677454308e-06,-2.945038117468357086e-02,1.318864896893501282e-02,1.772144623100757599e-02,-1.848971843719482422e-02,-2.138353697955608368e-02,6.120557431131601334e-03,-3.607671707868576050e-03,-8.947153692133724689e-04,1.413618307560682297e-02,-5.576365627348423004e-03,-1.423861924558877945e-02,-3.470023162662982941e-03,2.663338743150234222e-02,-3.032108768820762634e-02,2.067928947508335114e-02,1.761901006102561951e-02,1.230513770133256912e-02,-2.122988365590572357e-02,-2.135792933404445648e-02,2.495599724352359772e-02,1.718365773558616638e-02,2.335223136469721794e-03,-3.396397223696112633e-03,-2.934794500470161438e-02,2.380039077252149582e-03,1.013477239757776260e-02,-7.823557592928409576e-03,1.709402538836002350e-02,-2.495279535651206970e-03,1.968693919479846954e-03,1.850252225995063782e-02,2.736964728683233261e-03,2.263838052749633789e-02,-1.312462612986564636e-02,1.699799206107854843e-03,1.519895717501640320e-02,2.550659142434597015e-02,-1.221550628542900085e-02,-8.052838529692962766e-05,7.068091537803411484e-03,1.866898126900196075e-02,1.967093441635370255e-03,9.963512275135144591e-05,5.075709149241447449e-02,-2.391242887824773788e-03,4.267103970050811768e-03,-1.694037206470966339e-02,-2.438859664835035801e-04,-2.143475599586963654e-02,3.301003575325012207e-02,1.832325942814350128e-02,-6.517497356981039047e-03,-6.653225421905517578e-02,-2.940236357972025871e-03,-2.051283046603202820e-02,1.783668808639049530e-02,2.532732859253883362e-02,4.856111947447061539e-03,5.214638076722621918e-03,-1.612088270485401154e-02,-3.194726072251796722e-03,1.308621279895305634e-02,2.624925225973129272e-02,8.975964039564132690e-03,1.882263459265232086e-03,-2.010308578610420227e-02,1.548065710812807083e-02,8.022028021514415741e-03,2.097379416227340698e-02,1.172253210097551346e-02,-8.086049929261207581e-03,-1.014117430895566940e-02,1.137040834873914719e-02,1.059573516249656677e-02,1.653062738478183746e-02,-5.947696510702371597e-03,-1.048049423843622208e-02,3.122700843960046768e-03,-3.003938868641853333e-02,8.924745954573154449e-03,-5.569963250309228897e-03,1.980858296155929565e-02,1.782388240098953247e-02,8.042834815569221973e-04,7.817155681550502777e-03,4.469575651455670595e-04,1.029482856392860413e-02,2.213900350034236908e-02,5.272258538752794266e-03,1.046128757297992706e-02,8.809505030512809753e-03,-3.649286518339067698e-04,2.541695907711982727e-02,-1.745255291461944580e-02,-1.109511125832796097e-02,7.426617667078971863e-03,-7.996418513357639313e-03,-1.782388240098953247e-02,1.654983381740748882e-03,2.149877883493900299e-02,3.306125476956367493e-02,6.251803599298000336e-03,-9.379305876791477203e-03,1.664586737751960754e-02,1.672269403934478760e-02,5.169822368770837784e-03,9.430523961782455444e-03,-1.349475642200559378e-04,-3.400878980755805969e-02,-2.668460644781589508e-02,-1.904031261801719666e-02,-3.101893467828631401e-03,1.575755421072244644e-03,1.667147688567638397e-02,4.212684929370880127e-03,-2.316016471013426781e-03,1.146804192103445530e-03,5.070587154477834702e-03,1.325267180800437927e-02,9.097606875002384186e-03,3.325972473248839378e-03,7.914790185168385506e-04,-3.239541873335838318e-02,1.605685986578464508e-02,2.414931170642375946e-02,-3.614073852077126503e-03,2.708154730498790741e-03,-3.172958642244338989e-02,5.099397618323564529e-03,-2.167804166674613953e-02,-1.686994684860110283e-03,4.891324322670698166e-03,3.024426102638244629e-02,1.906592026352882385e-02,-1.439227350056171417e-02,-1.306700613349676132e-02,-2.220302633941173553e-02,1.576235704123973846e-02,-3.321490809321403503e-02,3.247224539518356323e-02,1.020519714802503586e-02,1.299658138304948807e-02,3.575660521164536476e-03,-1.842569559812545776e-02,-1.649221405386924744e-02,3.093570470809936523e-02,2.147957216948270798e-03,-5.445919814519584179e-04,-1.505810767412185669e-02,1.582637801766395569e-02,-2.530171908438205719e-02,-1.907872594892978668e-02,3.354782471433281898e-03,-1.606966368854045868e-02,-1.464836392551660538e-02,-2.728961873799562454e-03,1.069176942110061646e-03,-1.938603445887565613e-02,1.532700285315513611e-02,1.969334110617637634e-02,-2.017991431057453156e-02,-7.791546639055013657e-03,-2.381639555096626282e-02,4.590418189764022827e-03,2.316336520016193390e-02,9.869719296693801880e-02,7.599478587508201599e-03,1.226032152771949768e-02,1.208105869591236115e-02,8.963159634731709957e-04,3.508436679840087891e-02,-1.823362708091735840e-02,-2.093537896871566772e-02,-1.557028852403163910e-02,-8.470186032354831696e-03,-2.263838052749633789e-02,-6.991264410316944122e-03,2.709435112774372101e-02,-3.610872896388173103e-03,1.623612269759178162e-02,2.786262147128582001e-02,-1.765742339193820953e-02,-2.412050263956189156e-03,3.293961053714156151e-03,8.130866102874279022e-03,8.521404117345809937e-03,-2.349628135561943054e-03,6.210189312696456909e-03,3.418805077672004700e-02,-7.567467633634805679e-03,-6.984862033277750015e-03,3.426487743854522705e-02,3.021865151822566986e-02,6.218191701918840408e-04,-5.321555957198143005e-02,-3.870164277032017708e-03,4.201481060590595007e-04,9.635396301746368408e-03,1.265726145356893539e-02,-2.783701196312904358e-02,6.940046325325965881e-03,-4.359936807304620743e-03,2.023113146424293518e-02,1.764461956918239594e-02,7.804350927472114563e-03,3.710107877850532532e-03,2.270240336656570435e-02,5.451521836221218109e-03,-2.924550883471965790e-02,4.696055315434932709e-03,-1.478921342641115189e-02,5.265856161713600159e-03,-1.167611568234860897e-03,-7.125711999833583832e-03,-2.231826633214950562e-02,2.361152321100234985e-02,-1.548065710812807083e-02,-4.593619145452976227e-03,-1.094785891473293304e-02,-8.169279433786869049e-03,-8.412565104663372040e-03,-1.646660454571247101e-02,9.027182124555110931e-03,-1.642819121479988098e-02,-4.417557269334793091e-03,-2.087135799229145050e-02,-5.505940690636634827e-02,1.021800190210342407e-02,-6.379848811775445938e-03,-2.883576415479183197e-02,-8.815907873213291168e-03,-3.073083236813545227e-02,6.325429771095514297e-03,-1.504530385136604309e-02,-1.403374690562486649e-02,-3.770929295569658279e-03,-2.599316276609897614e-02,1.201063394546508789e-02,6.946448702365159988e-04,2.783701196312904358e-02,8.611035300418734550e-04,1.432825066149234772e-02,-8.342140354216098785e-03,-1.242678053677082062e-02,2.011589147150516510e-02,-1.535261142998933792e-02,1.306700613349676132e-02,-1.637377194128930569e-03,-1.472519058734178543e-02,-3.293320909142494202e-02,-7.378601003438234329e-04,-3.609272243920713663e-04,7.823557592928409576e-03,-2.747848629951477051e-02,1.701719872653484344e-02,4.833703860640525818e-03,-2.364033367484807968e-03,7.714719511568546295e-03,-1.548065710812807083e-02,-8.098854683339595795e-03,1.956529729068279266e-02,1.613368652760982513e-02,-1.163290068507194519e-02,-2.376517653465270996e-02,-1.530139334499835968e-02,-1.401293906383216381e-03,-2.709435112774372101e-02,-1.923878211528062820e-03,-2.203656733036041260e-02,5.640388466417789459e-03,1.087103225290775299e-02,3.844555234536528587e-03,3.641603514552116394e-02,-2.555780857801437378e-02,9.853473602561280131e-05,1.503249909728765488e-02,-3.677456453442573547e-02,1.966773346066474915e-02,4.699256271123886108e-03,-1.062774681486189365e-03,-2.431256929412484169e-03,-1.193220610730350018e-03,2.827236615121364594e-02,2.261277101933956146e-02,-1.796473190188407898e-02,1.420020591467618942e-02,-5.190949887037277222e-02,2.258716151118278503e-02,-5.842059385031461716e-03,-6.901632994413375854e-03,4.177472554147243500e-03,-7.822757470421493053e-04,-2.924550883471965790e-02,2.563463710248470306e-02,2.799066714942455292e-02,-1.505810767412185669e-02,2.017991431057453156e-02,2.208778634667396545e-02,-1.501969434320926666e-02,-5.730019882321357727e-03,-7.503444794565439224e-03,-6.856816820800304413e-03,3.126862272620201111e-02,-3.224176540970802307e-02,-7.612283341586589813e-03,1.495567150413990021e-02,3.249145345762372017e-03,-1.581357419490814209e-02,-1.423861924558877945e-02,-1.946286112070083618e-02,-4.294633865356445312e-02,6.965655367821455002e-03,-2.038478478789329529e-02,1.137040834873914719e-02,3.175519406795501709e-02,-1.379046123474836349e-02,1.503249909728765488e-02,-3.569898381829261780e-02,1.752937957644462585e-02,8.975964039564132690e-03,-2.011589147150516510e-02,-2.256155386567115784e-02,-1.285573188215494156e-02,7.465031463652849197e-03,2.573707140982151031e-02,3.633920848369598389e-02,-2.760973293334245682e-03,8.809505030512809753e-03,5.669198464602231979e-03,1.927079260349273682e-02,-1.200423110276460648e-02,-3.028267528861761093e-03,-1.590320654213428497e-02,-1.810558140277862549e-02,1.813119091093540192e-02,1.035885140299797058e-02,1.679952256381511688e-02,2.189571782946586609e-02,-1.715804822742938995e-02,1.469958201050758362e-02,1.117193792015314102e-02,-7.439422421157360077e-03,-2.211339585483074188e-02,-5.611578002572059631e-03,-3.539167717099189758e-02,-5.333079956471920013e-03,2.648933790624141693e-03,-7.368997670710086823e-03,-2.070729970000684261e-04,-1.172893401235342026e-02,-1.083261892199516296e-02,2.490477822721004486e-02,-1.308621279895305634e-02,-1.181216351687908173e-02,-8.482989855110645294e-03,1.058293040841817856e-02,-3.021865151822566986e-02,4.089761525392532349e-02,2.220302633941173553e-02,1.202984061092138290e-02,1.048049423843622208e-02,8.828711695969104767e-03,1.060853991657495499e-02,-1.339672249741852283e-03,2.673582360148429871e-02,3.518680483102798462e-02,1.978297345340251923e-02,-1.422581449151039124e-02,-1.576235704123973846e-02,-2.153719216585159302e-02,1.599283702671527863e-02,-2.052563615143299103e-02,3.615274326875805855e-04,1.396972406655550003e-02,-7.529053837060928345e-03,-1.946286112070083618e-02,-2.463588491082191467e-02,-9.244859218597412109e-03,-2.206217683851718903e-02,1.100547984242439270e-02,-3.354782471433281898e-03,-1.782388240098953247e-02,2.243350818753242493e-02,7.304974831640720367e-03,-2.586511708796024323e-02,-1.349595747888088226e-02,4.417557269334793091e-03,2.030795812606811523e-02,-2.098659798502922058e-02,9.180836379528045654e-03,-6.050132680684328079e-03,2.977049443870782852e-03,-2.131951600313186646e-02,-5.358688998967409134e-03,-3.530844580382108688e-03,-1.027562189847230911e-02,2.229265868663787842e-02,1.179295685142278671e-02,-2.115945797413587570e-03,-8.022028021514415741e-03,-1.007715240120887756e-02,-2.557701664045453072e-03,-1.019879523664712906e-02,-2.881015650928020477e-02,6.792794447392225266e-03,9.635396301746368408e-03,-2.857007202692329884e-04,-1.021800190210342407e-02,-6.098149460740387440e-04,1.961651444435119629e-02,1.560870185494422913e-02,2.756171626970171928e-03,-3.607671707868576050e-03,-2.201095968484878540e-02,-7.554662879556417465e-03,-2.919429168105125427e-02,2.213900350034236908e-02,7.676305714994668961e-03,1.578796468675136566e-02,1.927079260349273682e-02,7.990016601979732513e-03,1.142802834510803223e-02,-2.973208017647266388e-02,-1.218989677727222443e-02,1.371363364160060883e-02,2.135792933404445648e-02,2.927111834287643433e-02,-4.920134320855140686e-03,-8.130866102874279022e-03,6.293418351560831070e-03,2.599316276609897614e-02,-3.508436679840087891e-02,3.961396287195384502e-04,-2.331701852381229401e-02,2.098659798502922058e-02,-1.142162643373012543e-02,1.701399800367653370e-03,-2.520888578146696091e-03,9.520156309008598328e-03,2.011589147150516510e-02,-9.116813540458679199e-03,9.789050556719303131e-03,-7.958005182445049286e-03,-3.257468342781066895e-02,-2.469990588724613190e-02,1.664586737751960754e-02,4.929737653583288193e-03,3.057717904448509216e-02,-1.367522031068801880e-02,1.098627224564552307e-02,-1.062134373933076859e-02,2.135152695700526237e-03,5.067386198788881302e-03,5.938093177974224091e-03,8.463783189654350281e-03,-4.868916235864162445e-03,-1.152406260371208191e-02,5.698008462786674500e-03,4.138418659567832947e-02,9.859475307166576385e-03,2.431577071547508240e-02,1.989821344614028931e-02,1.521176192909479141e-02,-1.469958201050758362e-02,4.053908959031105042e-02,-1.792631857097148895e-02,5.662796087563037872e-03,-3.283077105879783630e-02,1.431544590741395950e-02,1.664586737751960754e-02,-1.735011674463748932e-02,2.688947878777980804e-02,-4.692854359745979309e-03,-1.902750693261623383e-02,1.810558140277862549e-02,2.341945469379425049e-02,2.768335863947868347e-02,1.004514098167419434e-02,-3.085887804627418518e-02,-5.403504706919193268e-03,-2.792984480038285255e-03,5.326677579432725906e-03,-1.631295122206211090e-02,-3.472584113478660583e-02,5.800444632768630981e-03,9.148224489763379097e-05,1.232434436678886414e-02,9.987520985305309296e-03,-3.047474287450313568e-02,1.770864240825176239e-02,2.627486176788806915e-02,1.053171232342720032e-02,1.019879523664712906e-02,-2.732483111321926117e-02,-7.945200428366661072e-03,-4.852910526096820831e-03,-9.872280061244964600e-03,1.137681026011705399e-02,-6.954451673664152622e-04,-7.330583874136209488e-03,-1.377765648066997528e-02,-1.482762675732374191e-02,1.555748376995325089e-02,2.784981625154614449e-03,-1.722207106649875641e-02,1.048049423843622208e-02,-4.148662555962800980e-03,-5.685204174369573593e-03,7.106504868716001511e-03,-2.188291400671005249e-02,-2.680944977328181267e-03,-9.673809632658958435e-03,-3.119179420173168182e-02,-1.318864896893501282e-02,-3.221615776419639587e-02,-1.644099503755569458e-02,3.513558581471443176e-02,1.127437409013509750e-02,-1.428983733057975769e-02,-1.739813247695565224e-03,-1.440507825464010239e-02,-5.557158961892127991e-02,-1.307981088757514954e-02,-2.539134956896305084e-02,1.391850598156452179e-02,6.536704022437334061e-03,2.080733515322208405e-02,1.665867306292057037e-02,2.122988365590572357e-02,-5.189029034227132797e-03,1.204264536499977112e-02,-2.998817153275012970e-02,-3.770929295569658279e-03,2.484075725078582764e-02,-4.107047803699970245e-03,4.955346696078777313e-03,1.528858952224254608e-02,-1.984699629247188568e-02,-2.404687739908695221e-02,3.795257955789566040e-02,-9.366502054035663605e-03,-9.859475307166576385e-03,2.586511708796024323e-02,8.611035533249378204e-03,-1.127437409013509750e-02,1.316304039210081100e-02,-1.804156042635440826e-02,1.978297345340251923e-02,3.081086091697216034e-03,-2.485676202923059464e-03,-1.630014553666114807e-02,1.466116774827241898e-02,7.151321042329072952e-03,-5.326677579432725906e-03,-1.091584749519824982e-02,1.658184453845024109e-03,1.218989677727222443e-02,8.406163193285465240e-03,-9.411317296326160431e-03,-3.528923913836479187e-02,-8.210894302465021610e-04,4.116651136428117752e-03,-8.143670856952667236e-03,1.653062738478183746e-02,-9.334490634500980377e-03,-1.504530385136604309e-02,-1.000032480806112289e-02,-6.735173985362052917e-03,1.286853570491075516e-03,9.366502054035663605e-03,1.134479884058237076e-02,-1.371363364160060883e-02,-6.184580270200967789e-03,-4.283109679818153381e-03,-7.951603271067142487e-03,-4.920134320855140686e-03,-8.194888941943645477e-03,1.194821204990148544e-03,-9.161629714071750641e-03,1.440507825464010239e-02,-5.573164671659469604e-03,1.403694855980575085e-03,-1.003233622759580612e-02,3.977081924676895142e-02,4.914372414350509644e-02,-3.728674352169036865e-02,-2.034317003563046455e-03,7.176930084824562073e-03,-5.374694708734750748e-03,-8.623840287327766418e-03,-2.120427414774894714e-02,-7.541858591139316559e-03,-1.467397250235080719e-02,8.579023997299373150e-04,1.320145372301340103e-02,-2.330421470105648041e-02,-2.426455356180667877e-02,-2.170365117490291595e-02,3.540447913110256195e-03,-1.490445341914892197e-02,3.449215728323906660e-04,2.214668691158294678e-01,-1.544224377721548080e-02,-1.001152908429503441e-03,2.240789867937564850e-02,-1.533980760723352432e-02,-5.137810949236154556e-03,1.028842665255069733e-02,1.216428820043802261e-02,-7.324181962758302689e-03,2.343226037919521332e-02,-2.816992998123168945e-02,-2.978649921715259552e-03,-9.616189636290073395e-03,-1.321265706792473793e-03,1.214508153498172760e-02,-2.801627665758132935e-02,-8.118061348795890808e-03,-3.841353952884674072e-02,-3.001377917826175690e-02,-2.293288335204124451e-02,7.753132842481136322e-03,7.785144262015819550e-03,5.173023324459791183e-03,-4.381704702973365784e-02,2.012869529426097870e-02,9.872280061244964600e-03,-1.725408248603343964e-03,-9.084802120923995972e-03,3.070522285997867584e-02,1.468677725642919540e-02,-2.791384048759937286e-02,1.046128757297992706e-02,3.553252434358000755e-03,7.682708092033863068e-03,-4.540480673313140869e-02,-6.792794447392225266e-03,3.329173475503921509e-02,-1.745255291461944580e-02,-6.470280932262539864e-04,-1.815039780922234058e-03,-7.061689160764217377e-03,-3.710107877850532532e-03,9.872280061244964600e-03,-2.239509485661983490e-02,2.437979355454444885e-02,2.801627665758132935e-02,-4.484781064093112946e-03,-2.035917714238166809e-03,-2.616922371089458466e-03,9.147224482148885727e-04,-4.709500074386596680e-02,4.651239607483148575e-03,2.559622190892696381e-02,2.589072659611701965e-02,2.011909149587154388e-03,-2.687347354367375374e-03,4.381544422358274460e-04,2.227985300123691559e-03,-6.991264410316944122e-03,5.730019882321357727e-03,2.269600052386522293e-03,1.640258170664310455e-02,-4.391948226839303970e-03,4.609625041484832764e-02,-1.434105564840137959e-03,2.577548660337924957e-02,-1.331669371575117111e-02,-1.784629072062671185e-03,1.793912425637245178e-02,-1.901470310986042023e-02,-6.210189312696456909e-04,-7.983613759279251099e-03,1.230833819136023521e-03,3.126862272620201111e-02,1.309261471033096313e-02,1.501969434320926666e-02,1.083261892199516296e-02,1.334230322390794754e-02,1.945005543529987335e-02,3.341978043317794800e-02,-2.911426359787583351e-03,-2.383240032941102982e-03,4.167869221419095993e-03,5.579566583037376404e-03,-1.720606465823948383e-03,-1.321425847709178925e-02,1.453312300145626068e-02,1.544224377721548080e-02,-6.908034905791282654e-03,8.508599363267421722e-03,2.087135799229145050e-02,-7.977211847901344299e-03,6.485485937446355820e-03,-1.405295333825051785e-03,-8.527806028723716736e-03,1.348315272480249405e-02,-4.340730141848325729e-03,1.411057356745004654e-02,-3.149910271167755127e-02,2.204937301576137543e-02,-1.927079283632338047e-03,4.535999149084091187e-03,2.850284799933433533e-02,2.185730449855327606e-02,-1.612088270485401154e-02,-1.642819121479988098e-02,-3.258748678490519524e-03,2.079452946782112122e-02,1.767022907733917236e-02,-3.434810787439346313e-03,-5.576365627348423004e-03,-1.877141743898391724e-02,5.822852719575166702e-03,3.383592702448368073e-03,-1.111431792378425598e-02,8.252508938312530518e-03,-8.348543196916580200e-03,-2.598035894334316254e-02,3.167836740612983704e-02,6.162172183394432068e-03,4.033421631902456284e-03,-2.094818465411663055e-02,-1.768303290009498596e-02,3.365026041865348816e-02,-1.075579132884740829e-02,8.034831844270229340e-03,-5.950897466391324997e-03,-4.788888152688741684e-03,1.043567899614572525e-02,-3.777331486344337463e-02,2.050002664327621460e-02,-1.875861175358295441e-02,-1.577356015332043171e-03,8.297325111925601959e-03,-3.479626495391130447e-03,2.083294279873371124e-02,-5.752427503466606140e-03,-2.308653853833675385e-02,-2.156280167400836945e-02,-2.673582360148429871e-02,-2.498160675168037415e-02,-1.851532608270645142e-02,-9.987520985305309296e-03,-5.457923747599124908e-03,-3.201128274668008089e-04,-1.687634922564029694e-02,1.920676976442337036e-02,-3.524442436173558235e-03,-2.025674097239971161e-02,-8.143670856952667236e-03,-2.105062082409858704e-02,3.194726072251796722e-03,8.847919292747974396e-03,-2.724800445139408112e-02,3.308686241507530212e-02,2.922630170360207558e-03,-1.562150660902261734e-02,-5.001442879438400269e-02,7.522651925683021545e-03,1.678671687841415405e-02,-6.228115409612655640e-02,-5.432314705103635788e-03,8.559817448258399963e-03,-2.307373285293579102e-02,-8.418967947363853455e-03,-1.510932575911283493e-02,-1.605173796415328979e-01,5.730019882321357727e-03,1.647940836846828461e-02,-1.660745404660701752e-02,1.697878539562225342e-02,1.488524721935391426e-03,1.484043151140213013e-02,3.382952511310577393e-02,9.680212475359439850e-03,-7.586674299091100693e-03,1.638977788388729095e-02,6.959252990782260895e-03,-1.992382295429706573e-02,1.859215460717678070e-02,1.307340804487466812e-02,-7.151321042329072952e-03,-3.649286553263664246e-02,-6.226194556802511215e-03,2.230546250939369202e-02,3.445214533712714911e-04,1.729889772832393646e-02,-8.988768793642520905e-03,1.558309327811002731e-02,-2.126829698681831360e-02,-2.087135799229145050e-03,-1.344473916105926037e-03,-2.973208017647266388e-02,1.434105541557073593e-02,-2.050002664327621460e-02,-1.035244949162006378e-02,-5.794042255729436874e-03,5.454722791910171509e-03,4.694134742021560669e-02,-1.956529729068279266e-02,7.311377208679914474e-03,6.271010730415582657e-03,-1.218989677727222443e-02,1.178655494004487991e-02,-2.349628135561943054e-03,1.190819777548313141e-02,1.275329571217298508e-02,1.718365773558616638e-02,-1.282051904127001762e-03,-1.513493526726961136e-02,8.809505030512809753e-03,1.604405604302883148e-02,-1.377765648066997528e-02,-1.750377006828784943e-02,1.194661110639572144e-02,7.605880964547395706e-03,1.215788535773754120e-02,-3.219054639339447021e-02,1.248440053313970566e-02,-6.082144100219011307e-03,1.244598720222711563e-02,2.236948534846305847e-02,-1.177375018596649170e-02,-1.632575504481792450e-02,-1.486604008823633194e-02,-2.170365117490291595e-02,5.361889998312108219e-05,-3.509237139951437712e-04,3.785014152526855469e-02,-2.183169499039649963e-02,2.043600380420684814e-02,-8.214095607399940491e-03,-8.956757374107837677e-03,-3.078205138444900513e-02,-3.764526918530464172e-02,1.051890756934881210e-02,-2.431256929412484169e-03,-8.611035533249378204e-03,1.983419246971607208e-02,-1.770864240825176239e-02,1.498128101229667664e-02,1.087103225290775299e-02,-4.206282552331686020e-03,4.637794941663742065e-02,5.893277470022439957e-03,-1.030123140662908554e-02,-1.001953147351741791e-02,-9.635396301746368408e-03,-3.066681092604994774e-03,-2.252313867211341858e-02,-2.811871096491813660e-02,6.110954098403453827e-03,5.733220838010311127e-03,-1.550626568496227264e-02,-9.699419140815734863e-03,1.048049423843622208e-02,2.562183141708374023e-02,-3.720991685986518860e-02,-8.975964039564132690e-03,-2.020552195608615875e-02,3.142227604985237122e-02,-9.757039137184619904e-03,7.958805654197931290e-04,-5.550756584852933884e-03,2.820194233208894730e-03,1.197862252593040466e-02,5.675600841641426086e-03,-5.794042255729436874e-03,-1.606966368854045868e-02,7.343388628214597702e-03,9.385708719491958618e-03,-2.993055153638124466e-03,2.621083892881870270e-02,-2.783381147310137749e-03,2.398285456001758575e-02,2.724160207435488701e-03,-7.932396605610847473e-03,-5.678801797330379486e-03,-6.498290458694100380e-04,3.234419971704483032e-02,4.681650316342711449e-04,2.229265868663787842e-02,-1.490445341914892197e-02,-7.080895826220512390e-03,2.445662021636962891e-02,-1.318064634688198566e-03,6.202506273984909058e-02,1.978297252207994461e-03,6.290217279456555843e-04,-1.855373941361904144e-02,-8.393358439207077026e-03,-2.084574848413467407e-02,-1.126797199249267578e-01,-1.400813832879066467e-02,2.055124379694461823e-02,3.044913336634635925e-02,2.888698317110538483e-02,2.188291400671005249e-02,1.701399800367653370e-03,5.714014172554016113e-03,-2.247192198410630226e-03,1.239476911723613739e-02,-3.434810787439346313e-03,-2.134512364864349365e-02,-4.609624855220317841e-03,6.346236914396286011e-04,1.310061779804527760e-03,-1.013477239757776260e-02,1.083581941202282906e-03,-9.603384882211685181e-03,-1.659465022385120392e-02,7.919591851532459259e-03,1.449470967054367065e-02,4.913731943815946579e-03,1.464516244595870376e-04,-1.613368652760982513e-02,-3.173918696120381355e-03,1.197222061455249786e-02,-2.320177853107452393e-02,1.970614679157733917e-02,3.080765902996063232e-02,2.198535017669200897e-02,-6.418262608349323273e-03,-2.448222972452640533e-02,-2.082013897597789764e-02,-8.489392697811126709e-03,-1.361119840294122696e-02,-1.865617558360099792e-02,-4.338169097900390625e-02,-2.796505764126777649e-02,6.056535057723522186e-03,1.166491210460662842e-02,-8.207692764699459076e-03,-8.438174612820148468e-03,2.000705280806869268e-04,-1.622972078621387482e-03,1.523737143725156784e-02,-1.246519386768341064e-02,-2.642851695418357849e-02,1.226032152771949768e-02,2.686386927962303162e-02,1.154967118054628372e-02,-2.298410236835479736e-02,-5.550756584852933884e-03,-2.382919937372207642e-02,8.553415536880493164e-03,1.543744117952883244e-03,-2.724160207435488701e-03,1.197862252593040466e-02,-1.085182558745145798e-02,-1.747816056013107300e-02,5.000162404030561447e-03,-5.339482333511114120e-03,-3.537246957421302795e-03,-2.026954479515552521e-02,3.761966153979301453e-02,1.334230322390794754e-02,-2.946638735011219978e-03,5.457923747599124908e-03,-1.381606981158256531e-02,1.230513770133256912e-02,-4.593619145452976227e-03,1.003873907029628754e-02,1.216428820043802261e-02,9.737832471728324890e-03,1.304459874518215656e-03,-2.525050006806850433e-02,4.199880640953779221e-03,-8.515001274645328522e-03,3.566056955605745316e-03,1.436666399240493774e-02,-3.971960023045539856e-02,-3.073083236813545227e-02,-2.891259081661701202e-02,2.376517653465270996e-02,9.315283969044685364e-03,-2.492078347131609917e-03,1.299017947167158127e-02,2.234387584030628204e-02,-8.175682276487350464e-03,1.217709202319383621e-02,-3.536606580018997192e-02,-1.718365773558616638e-02,1.840008608996868134e-02,2.482795156538486481e-02,2.640930935740470886e-03,-1.412337832152843475e-02,-1.743974722921848297e-02,-9.283272549510002136e-03,3.406000556424260139e-03,5.438717082142829895e-03,5.198632366955280304e-03,-1.485323533415794373e-02,2.525690244510769844e-03,-5.552037060260772705e-02,1.211947202682495117e-02,-2.491758391261100769e-02,-2.193413116037845612e-02,1.622331887483596802e-02,-1.389289740473031998e-02,1.934761926531791687e-02,-2.300971001386642456e-02,2.977049443870782852e-03,-8.771091699600219727e-03,-3.014182485640048981e-02,2.671021595597267151e-02,-1.439227350056171417e-02,3.783333522733300924e-04,-2.578509040176868439e-03,-1.115913316607475281e-02,3.777331486344337463e-02,1.601844653487205505e-02,-5.646790377795696259e-03,1.893787644803524017e-02,7.516249548643827438e-03,3.646085271611809731e-03,1.380326598882675171e-02,3.541728481650352478e-02,-2.271520718932151794e-02,1.023080665618181229e-02,1.286053331568837166e-03,1.938603445887565613e-02,-1.244598720222711563e-02,-7.561065256595611572e-03,4.385545849800109863e-03,-1.763181574642658234e-02,-9.513753466308116913e-03,2.335543371737003326e-02,1.053811423480510712e-02,4.545602481812238693e-03,-8.425369858741760254e-03,3.769648820161819458e-02,4.971352405846118927e-03,5.603255331516265869e-02,-2.891259081661701202e-02,-3.139666840434074402e-02,1.975096296519041061e-03,1.732450723648071289e-02,-5.214638076722621918e-03,1.447710325010120869e-03,-1.359839364886283875e-02,1.126797217875719070e-02,-5.256252828985452652e-03,1.901470310986042023e-02,5.893277470022439957e-03,2.224143967032432556e-02,4.769681487232446671e-03,-1.398252882063388824e-02,-9.731430560350418091e-03,-1.687634922564029694e-02,2.487917058169841766e-02,-8.444576524198055267e-03,-1.315023563802242279e-02,-4.043665528297424316e-02,3.395757079124450684e-02,1.197222038172185421e-03,-2.178367925807833672e-03,-3.588465042412281036e-03,2.420053072273731232e-02,1.595442369580268860e-02,-3.921382129192352295e-03,-2.397645264863967896e-03,-1.132559217512607574e-02,-8.329336531460285187e-03,-2.030795812606811523e-02,1.014757715165615082e-02,1.159608713351190090e-03,1.778546907007694244e-02,1.419700449332594872e-03,-3.273153677582740784e-03,-2.424854785203933716e-03,8.598230779170989990e-03,-2.238228917121887207e-02,5.416309460997581482e-03,4.412435367703437805e-02,-1.265726145356893539e-02,-2.562183141708374023e-02,1.270847977139055729e-03,6.410259520635008812e-04,2.993695251643657684e-02,1.417459640651941299e-02,-1.901470241136848927e-03,1.948846876621246338e-02,1.741413772106170654e-02,2.443101257085800171e-02,9.725027717649936676e-03,1.052370993420481682e-03,2.837800420820713043e-03,-2.293608384206891060e-03,1.343193463981151581e-02,-8.226900361478328705e-03,1.094785891473293304e-02,1.199622871354222298e-03,1.518615335226058960e-02,-4.311920143663883209e-03,-4.987358115613460541e-03,-1.957490108907222748e-03,2.157560549676418304e-02,-2.924550883471965790e-02,2.510965056717395782e-02,-3.487949445843696594e-02,-5.992512218654155731e-03,-1.914274692535400391e-02,1.948846876621246338e-02,2.183169499039649963e-02,-1.380326598882675171e-02,4.295914433896541595e-03,1.556548639200627804e-03,-1.727328822016716003e-02,1.932201161980628967e-02,3.457218781113624573e-02,-3.879367432091385126e-04,-7.202539127320051193e-03,2.408529072999954224e-02,1.417459640651941299e-02,1.453312300145626068e-02,1.819521375000476837e-02,1.960691064596176147e-03,1.943725161254405975e-02,1.870739459991455078e-02,-1.703000254929065704e-02,-2.154999598860740662e-02,5.294666159898042679e-03,-3.633280750364065170e-03,6.594324484467506409e-03,-9.763441979885101318e-03,-1.626173220574855804e-02,-2.508404292166233063e-02,1.168411877006292343e-02,9.769843891263008118e-03,-4.183874931186437607e-03,1.197222061455249786e-02,-2.208778634667396545e-02,3.290760144591331482e-02,1.001953147351741791e-02,5.553957540541887283e-03,3.386793890967965126e-03,6.434267852455377579e-03,1.444349158555269241e-02,-1.158168260008096695e-02,9.520156309008598328e-03,-6.984862033277750015e-03,-1.411057356745004654e-02,8.955156663432717323e-04,-1.697878539562225342e-02,-7.164125330746173859e-03,-2.645412459969520569e-02,3.435210965108126402e-04,-3.793337149545550346e-03,1.280451379716396332e-02,9.123216383159160614e-03,-1.146003953181207180e-03,-1.217709202319383621e-02,2.187010832130908966e-02,-1.432825066149234772e-02,-2.993695251643657684e-02,-1.586479321122169495e-02,-1.765742339193820953e-02,-1.386728789657354355e-02,-1.478921342641115189e-02,2.095138421282172203e-03,1.579756848514080048e-03,-2.740165963768959045e-02,4.907330032438039780e-03,3.129423037171363831e-02,-6.043730303645133972e-02,-1.622331887483596802e-02,-4.680049605667591095e-03,-7.849167101085186005e-03,9.923498146235942841e-03,-2.427735738456249237e-02,-2.449503540992736816e-02,-2.027914859354496002e-03,-4.904128611087799072e-03,2.137073315680027008e-02,-3.472584113478660583e-02,-2.891259081661701202e-02,9.654602967202663422e-03,1.147924643009901047e-02,2.656936645507812500e-03,1.052370993420481682e-03,-1.781107857823371887e-02
-8.223465643823146820e-03,1.135365688242018223e-03,-6.144811050035059452e-04,-1.467429683543741703e-03,-1.859558187425136566e-02,5.811118986457586288e-03,-4.827949218451976776e-03,2.940393798053264618e-02,-9.226168505847454071e-03,-1.750172302126884460e-02,6.732433568686246872e-03,1.971548236906528473e-02,-1.534005254507064819e-02,-4.743305500596761703e-03,-1.674644090235233307e-02,4.313575569540262222e-03,2.833612449467182159e-02,4.337992286309599876e-04,-2.075725235044956207e-02,8.301598951220512390e-03,-7.650492712855339050e-03,9.948896244168281555e-03,4.730283282697200775e-03,-8.418797515332698822e-03,-2.159066684544086456e-02,1.963734999299049377e-02,1.716314814984798431e-02,-2.336167544126510620e-02,3.594103967770934105e-03,-2.276265807449817657e-02,-2.511966042220592499e-02,-1.605626940727233887e-02,-1.953317411243915558e-02,7.096035551512613893e-05,-1.744963414967060089e-02,1.161409891210496426e-03,-2.198133058845996857e-02,1.015073899179697037e-02,1.432432699948549271e-02,1.632973365485668182e-02,1.330209150910377502e-02,-5.511610303074121475e-03,8.822483010590076447e-03,1.351695600897073746e-02,-3.630565851926803589e-02,-1.302862633019685745e-02,-2.277567982673645020e-02,-3.963932022452354431e-02,-1.996290311217308044e-02,7.806758396327495575e-03,2.587494440376758575e-02,9.916340932250022888e-03,-2.252826094627380371e-02,-2.200737595558166504e-02,-1.411597337573766708e-02,2.013219147920608521e-02,-2.327703114133328199e-04,-1.146597322076559067e-02,2.851843368262052536e-03,-1.060000248253345490e-02,1.056744717061519623e-02,6.307587318588048220e-05,-8.256020955741405487e-03,-1.349416677840054035e-03,-2.143440209329128265e-02,3.141585330013185740e-04,1.062930212356150150e-03,1.501449942588806152e-02,-2.690369077026844025e-02,1.258261967450380325e-03,2.217666245996952057e-02,2.127813734114170074e-02,9.011304005980491638e-03,-7.279362529516220093e-03,2.261941507458686829e-02,-2.345282956957817078e-02,-1.673341915011405945e-02,-2.480713091790676117e-02,-1.345184538513422012e-02,-1.584791392087936401e-02,-5.420455709099769592e-03,-2.032752335071563721e-02,1.492334436625242233e-02,1.379042025655508041e-02,-6.908232346177101135e-03,-1.455872505903244019e-02,-5.723219830542802811e-03,1.554840616881847382e-02,-3.577826311811804771e-03,-3.419607505202293396e-02,3.620148077607154846e-02,2.415602467954158783e-02,8.796439506113529205e-03,1.120553072541952133e-02,-1.810074038803577423e-02,3.151352051645517349e-03,-2.052285335958003998e-02,4.359804466366767883e-02,1.182408072054386139e-02,-6.751967128366231918e-03,6.283171009272336960e-03,7.285873871296644211e-03,-1.625159941613674164e-02,-9.284768253564834595e-03,-2.518151653930544853e-03,-3.341474756598472595e-02,4.486118908971548080e-03,-1.840025000274181366e-02,2.778919413685798645e-02,-1.724128052592277527e-02,6.699878256767988205e-03,4.211352020502090454e-02,6.162716075778007507e-03,-2.587494440376758575e-02,2.690369077026844025e-02,-1.792168710380792618e-03,-6.257126573473215103e-03,-7.396561559289693832e-03,-4.984214901924133301e-03,6.641278974711894989e-03,1.188268046826124191e-02,1.507961004972457886e-02,-7.995579391717910767e-03,-2.608329802751541138e-02,1.741056889295578003e-02,1.239054277539253235e-02,-3.956118598580360413e-02,-1.678550615906715393e-02,-1.301397685892879963e-03,8.809461258351802826e-03,6.516266614198684692e-02,4.180098883807659149e-03,2.125209197402000427e-02,2.226781845092773438e-02,6.908232346177101135e-03,2.661720477044582367e-02,-1.471499097533524036e-03,1.843931525945663452e-02,-7.976045832037925720e-03,-6.426414009183645248e-03,1.967641711235046387e-02,-3.802457824349403381e-03,1.209754496812820435e-02,2.721622120589017868e-03,2.415602467954158783e-02,-2.044472098350524902e-02,4.482212290167808533e-02,1.270307414233684540e-02,3.476803249213844538e-05,-5.595440161414444447e-04,2.291892282664775848e-02,1.709803752601146698e-02,2.652604877948760986e-02,-3.159165382385253906e-02,2.771106176078319550e-02,5.293489899486303329e-03,-1.728034764528274536e-02,3.872777149081230164e-02,1.269005145877599716e-02,-2.557543478906154633e-02,-1.056093536317348480e-02,-6.247359793633222580e-03,1.642088778316974640e-02,-5.444872076623141766e-04,3.659214591607451439e-03,3.469091653823852539e-02,6.947298534214496613e-03,5.000492557883262634e-03,-1.842629350721836090e-02,2.897420665249228477e-03,1.763194426894187927e-02,2.536708116531372070e-02,-1.412899512797594070e-02,2.440344542264938354e-02,-5.671131424605846405e-03,-6.940787658095359802e-03,-5.133969243615865707e-03,1.445454824715852737e-02,-1.078231167048215866e-02,9.564744308590888977e-03,-3.867568448185920715e-02,1.405086275190114975e-02,2.426020056009292603e-02,1.769705489277839661e-02,-9.239191189408302307e-03,4.040111321955919266e-03,-1.267621555598452687e-04,-1.656413078308105469e-02,1.449361443519592285e-02,1.091416110284626484e-03,3.392261220142245293e-03,1.873882487416267395e-02,1.067813485860824585e-02,-1.462383568286895752e-02,-6.488139033317565918e-01,-5.931573454290628433e-03,-9.206635877490043640e-03,-1.224729977548122406e-02,3.122703358530998230e-02,1.342580094933509827e-02,2.363513968884944916e-02,-1.811701804399490356e-03,-9.473589248955249786e-03,1.442606298951432109e-04,-7.194718811661005020e-03,2.442948892712593079e-02,-1.946806325577199459e-03,-4.967937245965003967e-03,-2.776966197416186333e-03,-3.687863051891326904e-02,-7.546315900981426239e-03,-1.071720104664564133e-02,-1.213010028004646301e-02,-2.138231322169303894e-02,-1.936388574540615082e-02,-1.110135391354560852e-02,2.450762130320072174e-02,-6.660812068730592728e-03,3.843558952212333679e-04,3.082985989749431610e-03,4.654104262590408325e-02,-1.471499074250459671e-02,-8.308109827339649200e-03,-1.223427802324295044e-02,-2.692973427474498749e-02,3.535504452884197235e-03,1.724128052592277527e-02,8.912010234780609608e-04,3.151351958513259888e-02,-1.688968390226364136e-02,-1.411597337573766708e-02,6.673834286630153656e-03,2.466063247993588448e-03,2.015823498368263245e-02,-2.508059516549110413e-02,1.653808727860450745e-02,9.564744308590888977e-03,-1.368949888274073601e-03,-4.173588007688522339e-03,1.748870126903057098e-02,1.739754714071750641e-02,-4.768841245095245540e-05,8.972237817943096161e-03,2.958624623715877533e-02,-3.620148170739412308e-03,-1.884300075471401215e-02,-7.110075093805789948e-03,9.660781943239271641e-04,-2.178599871695041656e-02,-6.589190568774938583e-03,4.703588038682937622e-02,-2.386953867971897125e-02,-2.496339567005634308e-02,4.876782186329364777e-03,-6.758478004485368729e-03,7.702581584453582764e-03,-7.845824584364891052e-03,-1.006609573960304260e-02,4.779116250574588776e-03,1.752776838839054108e-02,5.801352672278881073e-03,-3.626659279689192772e-03,2.120000496506690979e-02,3.711302950978279114e-02,1.527494192123413086e-02,-6.244104355573654175e-03,6.559890694916248322e-03,7.018920499831438065e-03,5.619043018668889999e-03,2.474202029407024384e-02,1.830909401178359985e-02,-2.804963663220405579e-02,2.313053235411643982e-03,-6.502919131889939308e-04,-1.273725647479295731e-03,-1.346486713737249374e-02,-1.450663711875677109e-02,-1.532702986150979996e-02,2.362211793661117554e-02,1.751474477350711823e-02,-2.737248688936233521e-02,-7.110075093805789948e-03,-4.320086911320686340e-03,1.333464682102203369e-02,-3.159490879625082016e-03,8.926659822463989258e-03,-1.544422935694456100e-02,2.144742384552955627e-02,-5.257679149508476257e-03,1.534005254507064819e-02,-7.761180866509675980e-03,3.773157950490713120e-03,3.221671283245086670e-02,1.550933998078107834e-02,9.252212941646575928e-03,-2.070516347885131836e-02,1.862162537872791290e-02,-1.109321485273540020e-03,1.221637241542339325e-03,8.451352827250957489e-03,-2.293194644153118134e-02,2.071818523108959198e-02,2.548428066074848175e-02,-3.245111182332038879e-02,-2.316308906301856041e-03,7.403072901070117950e-03,8.588084951043128967e-03,1.183710340410470963e-02,-2.246314892545342445e-03,-3.073219209909439087e-02,-1.682457327842712402e-02,3.838919848203659058e-02,2.944625914096832275e-03,-2.345282956957817078e-02,-8.586457697674632072e-04,4.202887881547212601e-03,-1.781425438821315765e-02,-1.422015018761157990e-02,1.827002875506877899e-02,1.381646469235420227e-02,-1.974152773618698120e-02,-3.430025279521942139e-02,-7.936979644000530243e-03,-4.837715998291969299e-03,-8.190910331904888153e-03,5.160013213753700256e-03,2.663022652268409729e-02,-1.364717725664377213e-02,2.721622213721275330e-02,-4.936195909976959229e-04,-8.301598951220512390e-03,6.605468224734067917e-03,6.862654816359281540e-03,-1.661621965467929840e-02,-1.946806348860263824e-02,1.258587464690208435e-02,-3.792691277340054512e-03,6.152949761599302292e-03,-3.359705908223986626e-03,-1.326953619718551636e-02,-1.291793864220380783e-02,-2.610934153199195862e-02,-1.428526081144809723e-02,1.190872490406036377e-02,2.636978402733802795e-03,-1.959828473627567291e-02,-3.487322479486465454e-02,2.348050184082239866e-04,5.980406422168016434e-03,9.226168505847454071e-03,-9.786119684576988220e-03,-8.770395070314407349e-03,-5.941340350545942783e-04,-1.804865151643753052e-02,-7.487716502510011196e-04,3.854546323418617249e-02,-2.732039801776409149e-02,-7.552827242761850357e-03,5.348834209144115448e-03,7.552827242761850357e-03,-4.027089104056358337e-03,-2.030147798359394073e-02,-7.813269272446632385e-03,-1.751474477350711823e-02,5.941340234130620956e-03,2.492432855069637299e-02,-1.905135437846183777e-02,6.808124599047005177e-04,1.103624328970909119e-02,6.247359793633222580e-03,-1.221474446356296539e-02,-4.185308143496513367e-02,3.984767477959394455e-03,2.366118319332599640e-02,1.784029882401227951e-03,-1.698083803057670593e-02,-1.435037143528461456e-02,2.606457856018096209e-04,2.254128269851207733e-02,1.365694333799183369e-03,-3.737347200512886047e-03,-8.086733520030975342e-03,5.309767555445432663e-03,1.545725110918283463e-02,-1.776216551661491394e-02,6.462224759161472321e-03,-2.397371456027030945e-02,7.591893430799245834e-03,8.978748694062232971e-03,2.370025031268596649e-02,9.095948189496994019e-03,5.208846181631088257e-03,-4.434030503034591675e-03,3.015922009944915771e-02,-9.480100125074386597e-03,1.927273161709308624e-02,3.187813982367515564e-02,8.054178208112716675e-03,1.459779124706983566e-02,-6.299448199570178986e-03,7.318429183214902878e-03,-9.584276936948299408e-03,2.781523950397968292e-02,1.320442557334899902e-02,-1.050233654677867889e-02,-4.268649592995643616e-02,1.382948644459247589e-02,-1.226032152771949768e-02,2.687764726579189301e-02,2.631769515573978424e-02,-9.825185872614383698e-03,4.948404151946306229e-03,-1.744963414967060089e-02,-1.037211529910564423e-02,3.607125952839851379e-03,2.039263397455215454e-02,1.076766173355281353e-03,5.827396642416715622e-03,-1.458476949483156204e-02,1.824398338794708252e-02,1.134877372533082962e-02,4.980959347449243069e-04,-1.048280298709869385e-02,-1.466290187090635300e-02,-1.565705897519364953e-04,1.346161239780485630e-03,8.184399455785751343e-03,1.494938880205154419e-02,6.035750731825828552e-03,1.539214048534631729e-02,3.224601270630955696e-03,-1.804865151643753052e-02,4.421008285135030746e-03,-8.933171629905700684e-03,2.984668873250484467e-02,2.133022621273994446e-02,8.412286639213562012e-03,3.395516658201813698e-03,-4.232187638990581036e-04,5.264190025627613068e-03,3.182604908943176270e-02,-9.388945065438747406e-03,-1.556142792105674744e-02,1.395808067172765732e-03,3.320639487355947495e-03,1.159619353711605072e-02,-1.159619353711605072e-02,5.074555519968271255e-04,1.847512670792639256e-03,4.580528941005468369e-03,-1.289840508252382278e-02,1.269656233489513397e-02,2.162973396480083466e-02,4.148846119642257690e-02,9.551721625030040741e-03,4.652150906622409821e-03,1.627764478325843811e-02,1.251425314694643021e-02,3.674840927124023438e-02,1.785331964492797852e-02,-3.276689909398555756e-03,-1.221474446356296539e-02,-4.075922071933746338e-02,-2.332260832190513611e-02,-5.413944367319345474e-03,-8.067200891673564911e-03,1.412899512797594070e-02,-1.668133027851581573e-02,-1.511867623776197433e-02,2.131720259785652161e-02,7.702581584453582764e-03,1.601720228791236877e-02,-1.182408072054386139e-02,-9.896808303892612457e-03,-7.318429183214902878e-03,-1.985872723162174225e-02,1.653808634728193283e-03,1.186314690858125687e-02,-5.703686736524105072e-03,-3.841524012386798859e-03,-4.088944196701049805e-02,-3.496438032016158104e-03,-4.471794515848159790e-02,7.064497563987970352e-03,-3.323894925415515900e-03,3.336266055703163147e-02,8.073711767792701721e-03,-1.527494192123413086e-02,-1.864766888320446014e-02,-5.957617890089750290e-03,1.834816113114356995e-02,-3.101867996156215668e-02,3.323243930935859680e-02,1.129668485373258591e-02,-5.999939981848001480e-03,6.888699252158403397e-03,-1.388157531619071960e-02,-8.796439506113529205e-03,4.234791919589042664e-02,-3.131411795038729906e-04,-3.357264213263988495e-04,9.961918694898486137e-04,1.086044404655694962e-02,-2.765897288918495178e-02,-1.493636704981327057e-02,-3.525737905874848366e-03,-2.969042398035526276e-02,-2.015823498368263245e-02,3.906634636223316193e-03,-4.596806596964597702e-03,-2.760688588023185730e-02,-4.476352129131555557e-03,1.050233654677867889e-02,-1.514472067356109619e-02,-1.816585101187229156e-02,-2.078655175864696503e-03,4.219165537506341934e-03,8.412286639213562012e-03,1.020933836698532104e-01,-1.411271747201681137e-03,1.691572740674018860e-02,3.614939376711845398e-02,-4.909337498247623444e-03,3.101867996156215668e-02,-1.432432699948549271e-02,-7.761180866509675980e-03,-1.369926519691944122e-02,-1.802260801196098328e-02,-5.166524555534124374e-03,-7.168674841523170471e-03,1.168083772063255310e-02,5.195823963731527328e-03,2.190319821238517761e-02,1.925970986485481262e-02,-1.248820871114730835e-02,4.066155757755041122e-03,1.319791376590728760e-02,-1.257936377078294754e-02,1.049582473933696747e-02,-5.234890617430210114e-03,-4.603317938745021820e-03,1.116646453738212585e-02,-1.670737378299236298e-02,-2.484619617462158203e-02,2.160369046032428741e-02,4.396266117691993713e-02,1.541492994874715805e-03,-1.873882487416267395e-02,4.635873250663280487e-03,1.121529727242887020e-03,3.486671485006809235e-03,1.481916755437850952e-02,-1.922064274549484253e-02,9.076414629817008972e-03,4.902826622128486633e-03,2.370025031268596649e-02,1.669435203075408936e-02,7.474694401025772095e-03,1.657715253531932831e-02,1.134226284921169281e-02,7.350984495133161545e-03,-4.154054820537567139e-02,1.285933889448642731e-03,-4.814927466213703156e-03,-9.655898436903953552e-03,2.722436038311570883e-04,-1.380344294011592865e-02,-2.849238924682140350e-02,2.028845623135566711e-02,-1.215614471584558487e-02,-1.872580312192440033e-02,-1.992383599281311035e-02,-1.109321485273540020e-03,-1.316861482337117195e-03,1.701013883575797081e-03,-1.884951256215572357e-03,-8.913638070225715637e-03,1.545725110918283463e-02,-5.684153642505407333e-03,-2.384349331259727478e-02,7.988254074007272720e-04,-4.001045133918523788e-03,-2.384349331259727478e-02,-6.917999126017093658e-04,-1.841327175498008728e-02,6.458969321101903915e-03,-1.854349300265312195e-02,-1.733243651688098907e-02,-1.853047125041484833e-02,-7.767691742628812790e-03,-2.070312912110239267e-04,5.498588550835847855e-03,2.630467340350151062e-02,4.626106470823287964e-03,1.438943762332201004e-02,-8.607618510723114014e-03,8.099756203591823578e-03,1.907739974558353424e-02,-6.973342970013618469e-03,-9.558232501149177551e-03,-1.451965887099504471e-02,-2.333563193678855896e-02,-2.215061895549297333e-02,2.105676010251045227e-02,1.578931463882327080e-03,-1.625159941613674164e-02,-4.008207097649574280e-02,1.063906867057085037e-02,3.626659279689192772e-03,1.713710464537143707e-02,-5.453011021018028259e-03,-2.612236328423023224e-02,-4.476352187339216471e-04,4.723060192191042006e-05,1.001400686800479889e-02,-1.629066653549671173e-02,-2.347887493669986725e-02,1.858907053247094154e-03,-7.344473153352737427e-03,-1.104275416582822800e-02,-1.255983021110296249e-02,-2.931603696197271347e-03,-6.018659332767128944e-04,9.265235625207424164e-03,-2.117721596732735634e-03,2.781523950397968292e-02,-2.657813765108585358e-02,2.148649073205888271e-04,-2.905559493228793144e-03,-3.237297758460044861e-02,7.487716618925333023e-03,-4.880037624388933182e-03,4.294042475521564484e-03,4.805974604096263647e-04,-6.934276781976222992e-03,2.504152804613113403e-02,1.259238552302122116e-02,-1.425921637564897537e-02,1.313931494951248169e-02,-3.502948954701423645e-02,2.433833479881286621e-02,5.540910176932811737e-03,-8.802950382232666016e-03,1.419410575181245804e-02,-8.386242203414440155e-03,-2.937789261341094971e-02,2.627862989902496338e-02,1.192174665629863739e-02,-1.456849160604178905e-03,1.561351679265499115e-02,1.949410699307918549e-02,-7.088914280757308006e-04,-9.317323565483093262e-03,-1.466290187090635300e-02,-3.786180168390274048e-03,2.666929364204406738e-02,-3.893612697720527649e-02,-1.121204160153865814e-02,-1.682457327842712402e-02,-2.863237634301185608e-03,-1.393366325646638870e-02,-6.751967128366231918e-03,-1.403784099966287613e-02,-4.351991042494773865e-02,1.905135437846183777e-02,-1.881085336208343506e-04,6.315725855529308319e-03,2.178599871695041656e-02,-5.228379275649785995e-03,1.107530947774648666e-02,-3.779017925262451172e-02,1.215614471584558487e-02,-6.250615697354078293e-03,-1.721523702144622803e-02,-2.321843244135379791e-02,-2.149951271712779999e-02,1.189570222049951553e-02,3.146143257617950439e-02,4.565553739666938782e-02,3.249017754569649696e-03,-2.288636751472949982e-03,2.518477104604244232e-02,1.588698104023933411e-02,5.824141204357147217e-03,-1.096299383789300919e-03,-1.487125642597675323e-02,-2.937789261341094971e-02,9.831697680056095123e-03,-6.817077752202749252e-03,1.928575336933135986e-02,2.958624623715877533e-02,-3.672236576676368713e-03,-3.431327408179640770e-03,-1.291142776608467102e-02,-6.547682569362223148e-04,1.626136712729930878e-03,1.656250329688191414e-03,-1.617346704006195068e-02,-9.369412437081336975e-03,-2.898722887039184570e-02,-4.368919879198074341e-03,1.651163620408624411e-04,1.579745439812541008e-03,-1.453268062323331833e-02,3.841524198651313782e-02,-1.974152773618698120e-02,-7.923956960439682007e-03,-9.167569689452648163e-03,1.682457327842712402e-02,-3.776413574814796448e-02,4.992679134011268616e-02,-1.142690656706690788e-03,1.536609604954719543e-02,1.117297541350126266e-02,1.467592455446720123e-02,2.164275571703910828e-02,1.442850381135940552e-02,2.794546075165271759e-02,2.927371673285961151e-02,2.553636953234672546e-02,-1.626462303102016449e-02,-1.275516208261251450e-02,-2.922162786126136780e-02,2.752875164151191711e-02,-2.933231648057699203e-03,1.372205442748963833e-03,4.990725778043270111e-03,-1.531400810927152634e-02,-1.026142667979001999e-02,-2.976855635643005371e-02,-1.147248409688472748e-02,-2.415602467954158783e-02,5.153502337634563446e-03,-1.298304926604032516e-02,-2.002801373600959778e-02,1.872580312192440033e-02,-5.078624933958053589e-03,-1.023538317531347275e-02,2.189343096688389778e-03,1.284631714224815369e-02,2.903931774199008942e-02,-2.567961253225803375e-02,5.606020800769329071e-03,-1.266400795429944992e-03,3.319011768326163292e-03,-1.610672916285693645e-03,1.132924016565084457e-02,4.606573493219912052e-04,-1.223427802324295044e-02,2.399975992739200592e-02,1.817887276411056519e-02,1.665528677403926849e-02,-7.923956960439682007e-03,-6.934276781976222992e-03,4.427519161254167557e-03,-1.076928991824388504e-02,-2.677346952259540558e-02,8.744350634515285492e-03,-7.533293683081865311e-03,-2.449785592034459114e-03,-9.128503501415252686e-03,1.736824633553624153e-03,9.180591441690921783e-03,1.984570361673831940e-02,-1.263796351850032806e-02,6.009706296026706696e-03,-2.217666245996952057e-02,-5.547421053051948547e-03,-3.125307708978652954e-02,1.210405677556991577e-02,-3.620148170739412308e-03,2.698182314634323120e-02,7.227274123579263687e-03,-9.454055689275264740e-03,1.627764478325843811e-02,-3.708698600530624390e-02,-2.066609822213649750e-02,1.478010136634111404e-02,-1.268354058265686035e-02,1.610835641622543335e-02,1.683759503066539764e-02,-9.571255184710025787e-03,1.079533342272043228e-02,1.647297642193734646e-03,-4.263440519571304321e-02,-1.940295216627418995e-03,-1.936388574540615082e-02,2.196830883622169495e-02,-1.078231167048215866e-02,-9.994473308324813843e-03,3.955467604100704193e-03,1.202592346817255020e-02,5.742752924561500549e-03,-3.883845871314406395e-03,7.468183524906635284e-03,-1.998894661664962769e-02,-3.427420929074287415e-02,-1.451965887099504471e-02,7.943490520119667053e-03,1.170688215643167496e-02,1.899926736950874329e-02,-7.539805024862289429e-03,-1.251343928743153811e-04,-8.073711767792701721e-03,1.941922935657203197e-03,9.441033937036991119e-03,1.332162413746118546e-02,6.680345162749290466e-03,-3.237297758460044861e-02,-1.159619353711605072e-02,4.577273502945899963e-03,3.450860455632209778e-02,1.655110903084278107e-02,7.806758396327495575e-03,5.960873328149318695e-03,4.036855697631835938e-02,-2.071818523108959198e-02,3.203440457582473755e-02,-2.090049535036087036e-02,-7.572360336780548096e-03,-8.015112020075321198e-03,1.951282611116766930e-04,2.468993142247200012e-02,-3.258133307099342346e-02,3.502948954701423645e-02,-2.397696953266859055e-03,-3.776413574814796448e-02,1.033955998718738556e-02,2.825799165293574333e-03,2.547125890851020813e-02,1.311327051371335983e-02,-2.995086647570133209e-02,-1.220172271132469177e-02,-1.730639114975929260e-02,1.550933998078107834e-02,-2.271056920289993286e-02,-1.750172302126884460e-02,1.909042149782180786e-02,-4.193121101707220078e-03,4.687961656600236893e-03,2.690369077026844025e-02,-2.698182314634323120e-02,6.543613271787762642e-04,2.328354306519031525e-02,-1.007260661572217941e-02,2.538010291755199432e-02,-2.771106176078319550e-02,-2.472167252562940121e-04,8.314620703458786011e-03,-3.076474880799651146e-03,-4.593551158905029297e-03,1.125110778957605362e-02,-3.271806519478559494e-03,3.535504452884197235e-03,-9.812164120376110077e-03,1.056744717061519623e-02,2.796499291434884071e-03,-2.388256043195724487e-02,-5.954362452030181885e-03,-8.848527446389198303e-03,-2.929975977167487144e-03,2.496990608051419258e-03,-2.156787784770131111e-03,1.038513728417456150e-03,-4.307064693421125412e-03,-1.738452352583408356e-02,-1.132924016565084457e-02,-2.536708116531372070e-02,-3.864964097738265991e-02,3.057592734694480896e-02,1.549631729722023010e-02,-9.161057882010936737e-03,-2.077027456834912300e-03,-2.540614828467369080e-02,-4.865062236785888672e-02,-2.169484458863735199e-02,-1.672039553523063660e-02,2.179902233183383942e-02,-1.121204160153865814e-02,1.040467061102390289e-02,3.831106424331665039e-02,1.075626723468303680e-02,-5.785075016319751740e-03,1.636879891157150269e-02,-3.109681233763694763e-02,3.522482234984636307e-03,2.896118536591529846e-02,-1.763194426894187927e-02,2.713808976113796234e-02,1.171990390866994858e-02,-1.319140288978815079e-02,-1.948108524084091187e-02,3.260737657546997070e-02,-1.610835641622543335e-02,-6.540357600897550583e-03,2.204644121229648590e-02,-3.994533792138099670e-03,-1.583489216864109039e-02,1.834490569308400154e-03,1.873556873761117458e-03,2.294496819376945496e-02,-4.105221945792436600e-03,-5.586487706750631332e-03,-3.612335026264190674e-02,5.592998582869768143e-03,1.186965871602296829e-02,5.020025651901960373e-03,-1.337371300905942917e-02,-9.017814882099628448e-03,1.127715222537517548e-02,1.501449942588806152e-02,-1.413713442161679268e-03,-9.890296496450901031e-03,-7.971976301632821560e-04,2.312727645039558411e-02,-3.525737905874848366e-03,2.797150425612926483e-02,-1.137481816112995148e-02,-2.963833510875701904e-02,-1.519680861383676529e-02,2.020055660977959633e-03,1.275353482924401760e-03,1.166781596839427948e-02,2.363513968884944916e-02,-1.027444936335086823e-02,-8.106267079710960388e-03,-2.736272057518362999e-03,-2.116093784570693970e-02,9.831697680056095123e-04,-2.136929146945476532e-02,1.246867608278989792e-02,-1.648599840700626373e-02,6.947298534214496613e-03,-2.427322417497634888e-02,6.778011098504066467e-03,-7.110075093805789948e-03,1.082788873463869095e-02,2.732039801776409149e-02,-3.180000558495521545e-02,1.701013883575797081e-03,2.846634387969970703e-02,3.188383707311004400e-04,3.896868089213967323e-03,-2.682555839419364929e-02,-1.044373679906129837e-02,5.759030580520629883e-03,-9.102459065616130829e-03,1.435037143528461456e-02,-3.170071286149322987e-04,-1.507961004972457886e-02,-1.871277950704097748e-02,1.020282786339521408e-02,-9.107342339120805264e-04,3.659214591607451439e-03,2.078329622745513916e-01,-6.667323410511016846e-03,-7.409583777189254761e-03,4.021229222416877747e-02,-1.276818476617336273e-02,7.064497563987970352e-03,2.251523733139038086e-02,1.198685728013515472e-02,-3.633170155808329582e-03,3.487322479486465454e-02,-1.670737378299236298e-02,-1.049094134941697121e-03,-3.084613708779215813e-03,-3.205068176612257957e-03,1.100368797779083252e-02,-2.901327423751354218e-02,-7.806758396327495575e-03,-2.567961253225803375e-02,-2.358305081725120544e-02,-4.378035292029380798e-02,2.965786727145314217e-03,-6.133416667580604553e-03,2.165577746927738190e-02,-3.859755024313926697e-02,7.604915648698806763e-03,6.260382011532783508e-03,-1.082137785851955414e-02,1.583489216864109039e-02,4.375430941581726074e-02,5.088391713798046112e-03,-1.208452321588993073e-02,4.326597787439823151e-03,-1.105577591806650162e-02,1.154898898676037788e-03,-4.221769794821739197e-02,6.478502415120601654e-03,1.936388574540615082e-02,-1.362113282084465027e-02,-2.957647899165749550e-03,-2.327052131295204163e-02,-2.949509304016828537e-03,-1.549631729722023010e-02,-1.236287062056362629e-03,-2.442948892712593079e-02,1.942899636924266815e-02,3.247715532779693604e-02,-5.485566332936286926e-03,-1.177850365638732910e-02,-1.215614471584558487e-02,1.146760070696473122e-03,-3.906634822487831116e-02,-5.244656931608915329e-03,3.955467604100704193e-03,5.866463296115398407e-03,8.418797515332698822e-03,-9.721009060740470886e-03,5.794841330498456955e-03,4.281020723283290863e-03,-8.228349033743143082e-04,-1.296351570636034012e-02,-3.610381623730063438e-03,1.567862741649150848e-02,-1.077580079436302185e-02,2.687764726579189301e-02,-1.171990390866994858e-02,2.157764509320259094e-02,-3.687863051891326904e-02,1.260540820658206940e-02,5.016770213842391968e-03,-4.034251347184181213e-02,-3.864312777295708656e-03,-1.659017615020275116e-02,8.646684698760509491e-03,1.267702970653772354e-02,-3.476904937997460365e-03,3.467138390988111496e-03,1.230589952319860458e-02,5.560443270951509476e-03,2.009312435984611511e-02,3.041966259479522705e-02,-1.532540190964937210e-03,-1.432432699948549271e-02,5.280467681586742401e-03,1.955921761691570282e-02,3.470393829047679901e-03,-2.571867778897285461e-02,6.471991539001464844e-03,1.645995490252971649e-02,6.470363587141036987e-04,6.758478004485368729e-03,2.075725235044956207e-02,-1.578280329704284668e-02,-1.001400686800479889e-02,-2.589773153886198997e-03,-1.665528677403926849e-02,6.387347821146249771e-03,1.303513813763856888e-02,2.209853008389472961e-02,-2.113489434123039246e-02,3.536806628108024597e-02,-9.623343124985694885e-03,1.164828240871429443e-02,3.096659108996391296e-02,-4.056388977915048599e-03,-8.991770446300506592e-03,-1.147573930211365223e-03,1.040955423377454281e-03,3.437838703393936157e-02,1.751474477350711823e-02,-2.260639332234859467e-02,1.104275416582822800e-02,-1.721523702144622803e-02,4.976890049874782562e-04,2.539312466979026794e-03,2.273987047374248505e-03,7.220763247460126877e-03,-1.315233670175075531e-02,-3.513366729021072388e-02,3.312826156616210938e-02,-5.046069622039794922e-03,-4.700983874499797821e-03,-1.128366310149431229e-02,6.611979100853204727e-03,3.002899885177612305e-02,-1.165479328483343124e-02,-4.629361908882856369e-03,-3.310221806168556213e-02,2.296775579452514648e-03,1.043722592294216156e-02,-4.557740315794944763e-02,2.225479483604431152e-02,-2.277567982673645020e-02,-5.371622741222381592e-03,2.181204408407211304e-02,1.037862617522478104e-02,1.711105927824974060e-02,-1.531400810927152634e-02,-2.357002906501293182e-02,-1.343882363289594650e-02,-1.117948628962039948e-02,-3.021130897104740143e-02,7.904424332082271576e-03,-2.070516347885131836e-02,-5.088391713798046112e-03,-2.851843275129795074e-02,-2.221572957932949066e-02,2.251523733139038086e-02,1.422015018761157990e-02,2.290264470502734184e-03,-5.245470674708485603e-04,-3.927469998598098755e-02,3.180651692673563957e-03,6.491524633020162582e-03,-1.034607086330652237e-02,2.592703141272068024e-02,-1.566560566425323486e-02,-1.036560442298650742e-02,-4.161868244409561157e-02,1.651204191148281097e-02,2.106327097862958908e-03,-4.500443115830421448e-02,-5.710197612643241882e-03,3.214834723621606827e-03,-2.403882518410682678e-02,-1.919134287163615227e-03,-8.099756203591823578e-03,-1.636619418859481812e-01,6.133416667580604553e-03,1.552236173301935196e-02,-1.902531087398529053e-02,3.857150673866271973e-02,-6.341770291328430176e-03,1.528796367347240448e-02,2.639582753181457520e-02,9.056881070137023926e-03,-1.541818492114543915e-02,3.385750204324722290e-02,1.940295286476612091e-02,-1.824398338794708252e-02,1.737150177359580994e-02,1.152457203716039658e-03,-5.905529484152793884e-03,-4.226978868246078491e-02,-2.168182283639907837e-03,2.505454979836940765e-02,9.317323565483093262e-03,2.659115940332412720e-02,1.850442588329315186e-02,1.017678342759609222e-02,-3.971745446324348450e-02,9.089436382055282593e-03,-1.181756984442472458e-02,-1.880393549799919128e-02,8.073711767792701721e-03,-2.260639332234859467e-02,-1.480614580214023590e-02,-2.015823498368263245e-02,1.339975651353597641e-02,3.661818802356719971e-02,-8.314620703458786011e-03,2.299705706536769867e-02,2.001499198377132416e-02,-1.972850598394870758e-02,-5.247912369668483734e-03,5.052580963820219040e-03,6.986365187913179398e-03,1.532702986150979996e-02,1.450663711875677109e-02,-6.657556630671024323e-03,-2.215061895549297333e-02,-1.020933873951435089e-02,2.303612232208251953e-02,5.540910176932811737e-03,-1.496241055428981781e-02,2.299705706536769867e-02,1.313280314207077026e-02,1.029398199170827866e-02,-1.959828473627567291e-02,1.767101138830184937e-02,-4.414497409015893936e-03,1.431130524724721909e-02,2.513268403708934784e-02,-2.246315032243728638e-02,-6.921254564076662064e-03,-1.245239836862310767e-04,-1.102973148226737976e-02,5.029792082495987415e-04,-1.263145171105861664e-02,3.518575802445411682e-02,-8.177888579666614532e-03,1.313931494951248169e-02,-2.972297836095094681e-03,-1.609045197255909443e-03,-1.297002751380205154e-02,-2.771106176078319550e-02,4.206143319606781006e-03,-1.345184538513422012e-02,-2.463784255087375641e-02,1.698083803057670593e-02,-3.036757372319698334e-02,-3.629914717748761177e-03,2.635676227509975433e-02,-1.260540820658206940e-02,4.763489961624145508e-02,1.929877512156963348e-02,1.136179547756910324e-03,1.626462303102016449e-02,1.475405693054199219e-02,1.176059828139841557e-03,-1.998894661664962769e-02,-2.380442805588245392e-02,7.728625554591417313e-03,-9.649387560784816742e-03,-1.698083803057670593e-02,-6.227826699614524841e-03,7.071008905768394470e-03,5.062347277998924255e-03,-2.903931774199008942e-02,-3.642936935648322105e-03,-1.039815973490476608e-02,4.516069591045379639e-02,-5.204777116887271404e-04,-7.565848995000123978e-03,-1.198034640401601791e-02,-1.795749738812446594e-02,-5.485566332936286926e-03,8.301598951220512390e-03,-1.372530963271856308e-02,-2.114791609346866608e-02,1.981966011226177216e-02,1.875184662640094757e-02,2.311425469815731049e-02,1.606929115951061249e-02,1.054791361093521118e-02,3.661818802356719971e-02,3.221345832571387291e-03,-1.317838113754987717e-02,-8.464375510811805725e-03,5.501843988895416260e-03,3.242506831884384155e-02,7.683048024773597717e-03,2.880492061376571655e-02,1.728685805574059486e-03,-1.390761975198984146e-02,2.310123294591903687e-02,-9.176522144116461277e-05,5.227077379822731018e-02,-8.698773570358753204e-03,1.040467061102390289e-02,-1.420712843537330627e-02,-1.909042149782180786e-02,-1.356904488056898117e-02,-1.290752142667770386e-01,-6.808124599047005177e-04,1.319791376590728760e-02,3.265946730971336365e-02,3.297199681401252747e-02,1.064557954668998718e-02,-8.659706450998783112e-03,3.548526437953114510e-03,-1.177199278026819229e-02,1.010516192764043808e-02,-2.412998117506504059e-02,-1.420712843537330627e-02,7.897913455963134766e-03,1.311978092417120934e-03,5.146990995854139328e-03,-1.369926519691944122e-02,-1.261517405509948730e-03,-1.981966011226177216e-02,-2.192598767578601837e-03,1.519680861383676529e-02,-9.460566565394401550e-03,6.214804481714963913e-03,-1.026142667979001999e-02,-2.101769484579563141e-02,1.574373804032802582e-02,-1.577914226800203323e-04,-3.776413574814796448e-02,1.905135437846183777e-02,8.047667331993579865e-03,2.144742384552955627e-02,6.322237197309732437e-03,-1.588698104023933411e-02,-1.132924016565084457e-02,3.305989550426602364e-03,-1.492334436625242233e-02,7.723742164671421051e-04,-3.305013105273246765e-02,-3.737347200512886047e-02,2.052285335958003998e-02,5.257679149508476257e-03,4.613084252923727036e-03,8.360197767615318298e-03,6.032495293766260147e-03,7.324939942918717861e-04,9.063392877578735352e-03,-3.249017754569649696e-03,-1.077580079436302185e-02,1.337371300905942917e-02,3.422211855649948120e-02,4.063307133037596941e-04,-5.313023179769515991e-02,4.987470339983701706e-03,-3.898821398615837097e-02,1.932482048869132996e-02,-1.327604707330465317e-02,-1.946806348860263824e-02,8.451352827250957489e-03,5.957617890089750290e-03,-8.399264886975288391e-03,-1.228636596351861954e-02,1.099066529422998428e-02,-1.088974415324628353e-03,-1.033304911106824875e-02,2.527592703700065613e-02,-2.524662762880325317e-03,-4.365664441138505936e-03,1.207150146365165710e-02,-2.168182283639907837e-02,1.205196790397167206e-02,-2.196830883622169495e-02,1.412899512797594070e-02,1.234659343026578426e-03,8.260904724011197686e-05,-1.336069032549858093e-02,-2.599214203655719757e-02,-8.842016570270061493e-03,-9.714498184621334076e-03,-1.014422811567783356e-02,1.257447991520166397e-03,-2.616143040359020233e-02,-1.959828473627567291e-02,-3.419607505202293396e-02,1.079533342272043228e-02,7.052289438433945179e-04,-1.015073899179697037e-02,1.708501577377319336e-02,1.384250912815332413e-02,-2.048378810286521912e-02,-4.492629785090684891e-03,-2.480713091790676117e-02,-1.944201812148094177e-02,1.406388450413942337e-02,2.893513999879360199e-02,-1.318489201366901398e-02,5.882740952074527740e-03,-3.456964623183012009e-04,-1.743661239743232727e-02,-7.149141281843185425e-03,-2.723249839618802071e-03,6.745455786585807800e-03,-1.272260677069425583e-02,-5.172221572138369083e-04,-5.438035354018211365e-02,1.302862633019685745e-02,-2.633071690797805786e-02,-1.769705489277839661e-02,1.694177277386188507e-02,-1.033304911106824875e-02,1.875184662640094757e-02,-1.179803721606731415e-02,3.291339613497257233e-03,8.666218258440494537e-03,-1.552236173301935196e-02,1.515774242579936981e-02,-8.861550129950046539e-03,-3.314128378406167030e-03,-1.566560566425323486e-02,-1.440246030688285828e-02,2.401278167963027954e-02,1.005307305604219437e-02,-6.823588628321886063e-03,1.237101037986576557e-03,6.660812068730592728e-03,-1.307908794842660427e-03,-3.743858309462666512e-03,1.916855387389659882e-02,-2.575774490833282471e-02,1.808771863579750061e-02,-4.538207314908504486e-03,1.976757124066352844e-02,-1.082788873463869095e-02,-2.812776900827884674e-02,-3.877334995195269585e-03,-1.802260801196098328e-02,-3.929016529582440853e-04,1.578280329704284668e-02,2.178599871695041656e-02,-4.792138468474149704e-03,-5.827396526001393795e-04,2.692973427474498749e-02,1.786634325981140137e-02,5.609927326440811157e-02,-1.548329554498195648e-02,-3.406585380434989929e-02,8.881082758307456970e-03,2.474202029407024384e-02,3.633170155808329582e-03,1.373019302263855934e-03,-1.255983021110296249e-02,1.000098511576652527e-02,4.088944289833307266e-03,1.838722638785839081e-02,2.083538472652435303e-02,8.366709575057029724e-03,-3.467138390988111496e-03,-9.551721625030040741e-03,1.507961004972457886e-02,-2.150276908650994301e-03,2.760688588023185730e-02,-9.662410244345664978e-03,8.575063198804855347e-03,-4.953612759709358215e-02,4.685357213020324707e-02,9.304301813244819641e-03,-1.830909401178359985e-02,-1.224729977548122406e-02,4.560345038771629333e-02,1.916855387389659882e-02,-1.625159941613674164e-02,4.251720849424600601e-03,-6.436180789023637772e-03,-1.876486837863922119e-02,-1.254680845886468887e-02,-2.642187289893627167e-02,1.097764354199171066e-02,1.665528677403926849e-02,2.174693392589688301e-03,-2.415602467954158783e-02,-1.379042025655508041e-02,-7.084031123667955399e-03,-1.959828473627567291e-02,1.566560566425323486e-02,3.989976271986961365e-02,-5.078624817542731762e-04,-1.816585101187229156e-02,-5.583232268691062927e-03,5.837163422256708145e-03,2.034054510295391083e-02,1.491032261401414871e-02,-1.273562945425510406e-02,1.123808603733778000e-02,1.188268046826124191e-02,2.859656512737274170e-02,1.928575336933135986e-02,8.008601143956184387e-03,-7.429116871207952499e-03,-1.696781627833843231e-02,1.500147674232721329e-02,-6.182249169796705246e-03,5.449755582958459854e-03,7.468183524906635284e-03,8.757372386753559113e-03,6.546868477016687393e-03,-9.050370194017887115e-03,1.215614471584558487e-02,1.776216551661491394e-02,-2.315332181751728058e-02,2.594005502760410309e-02,-2.233292907476425171e-02,-3.070614859461784363e-02,-1.664226315915584564e-02,1.342580094933509827e-02,9.721009060740470886e-03,-1.479312311857938766e-02,3.966536372900009155e-02,1.196732465177774429e-02,-1.534005254507064819e-02,2.755479700863361359e-02,1.072371192276477814e-02,1.623695017769932747e-03,-5.798096768558025360e-03,1.135528460144996643e-02,7.181696593761444092e-03,2.312727645039558411e-02,1.355602219700813293e-02,-1.841327175498008728e-02,1.497543323785066605e-02,1.575675979256629944e-02,-1.009213924407958984e-02,-2.522383816540241241e-02,9.369412437081336975e-03,-4.989097942598164082e-04,1.541818492114543915e-02,9.063392877578735352e-03,-3.151351958513259888e-02,-1.336069032549858093e-02,1.041769236326217651e-02,3.294595330953598022e-02,-1.526191923767328262e-02,1.560049410909414291e-02,-2.204644121229648590e-02,3.820688650012016296e-02,7.259829435497522354e-03,-7.416094653308391571e-03,9.108969941735267639e-03,-7.012409158051013947e-03,3.302408382296562195e-02,-3.305989550426602364e-03,1.582187041640281677e-02,3.398772096261382103e-03,-2.380442805588245392e-02,9.909830056130886078e-03,-1.617346704006195068e-02,1.318489230470731854e-04,-2.961229160428047180e-02,-1.931179687380790710e-02,9.395456872880458832e-03,1.447896473109722137e-03,3.548526437953114510e-03,-2.484375436324626207e-04,-1.149852853268384933e-02,1.554840616881847382e-02,-2.010614611208438873e-02,-2.804963663220405579e-02,-1.174594834446907043e-02,-1.405086275190114975e-02,-2.599539933726191521e-03,2.041216706857085228e-03,2.215794374933466315e-04,3.844779683277010918e-03,-3.885799273848533630e-02,2.768501825630664825e-02,3.203440457582473755e-02,-5.359902605414390564e-02,-9.356389753520488739e-03,1.830217661336064339e-04,-1.273562945425510406e-02,-7.989067584276199341e-03,-1.733243651688098907e-02,-5.804608110338449478e-03,3.665725467726588249e-03,-2.368722856044769287e-02,1.800958625972270966e-02,-3.784226626157760620e-02,-2.601818740367889404e-02,1.046978123486042023e-02,-1.846536062657833099e-02,-6.071561481803655624e-03,1.341277919709682465e-02,-1.832862733863294125e-03
-5.111878737807273865e-03,-1.848289929330348969e-02,-6.759829819202423096e-03,-1.028838288038969040e-02,-3.174405544996261597e-02,1.442441716790199280e-02,-9.409476071596145630e-03,2.282573468983173370e-02,-6.213744170963764191e-03,-1.254381425678730011e-02,2.623796230182051659e-03,2.983114123344421387e-02,-1.786249503493309021e-02,-9.331925772130489349e-03,-1.363598555326461792e-02,1.072137430310249329e-02,2.532028034329414368e-02,8.763221092522144318e-03,-2.004683762788772583e-02,9.338388219475746155e-03,-4.310522228479385376e-03,5.813065916299819946e-03,-7.496560923755168915e-03,-1.298973057419061661e-02,-1.136116683483123779e-02,1.722916401922702789e-02,1.840534992516040802e-02,-3.753450512886047363e-02,8.349617943167686462e-03,-1.445026695728302002e-02,-6.824455223977565765e-03,-6.740442011505365372e-03,-1.989173516631126404e-02,-2.295498549938201904e-02,-2.550123073160648346e-02,-1.167783234268426895e-02,-7.334996946156024933e-03,8.110502734780311584e-03,1.494142133742570877e-02,1.505774725228548050e-02,6.850305479019880295e-03,-1.971078570932149887e-03,1.019790768623352051e-02,-1.049518492072820663e-02,-1.875432766973972321e-02,-5.964935757219791412e-03,-1.313836872577667236e-02,-2.887468412518501282e-02,-1.107681449502706528e-02,1.142579223960638046e-02,1.359720993787050247e-02,1.492849551141262054e-02,-2.117132209241390228e-02,-3.029644489288330078e-02,-4.378379322588443756e-03,8.278529159724712372e-03,4.006782546639442444e-03,-9.926480241119861603e-03,-1.943935826420783997e-02,-2.220533043146133423e-02,1.549720019102096558e-02,1.108327694237232208e-02,-2.290167030878365040e-04,1.775909401476383209e-02,-2.395021915435791016e-02,-1.181354559957981110e-02,-1.678647939115762711e-03,1.354550942778587341e-02,-5.131266545504331589e-03,-1.123878246289677918e-04,1.702236197888851166e-02,2.566925808787345886e-02,8.401318453252315521e-03,-7.535336073487997055e-03,3.507873415946960449e-02,-1.570400223135948181e-02,-1.386863738298416138e-02,-2.570803277194499969e-02,-1.472169440239667892e-02,-1.242102589458227158e-02,-8.485331200063228607e-03,-1.681556180119514465e-02,1.132239215075969696e-02,-2.625411842018365860e-03,1.638903282582759857e-02,-5.832453258335590363e-03,-1.046287268400192261e-02,1.548427529633045197e-02,-1.380401197820901871e-02,-3.730185329914093018e-02,2.804747782647609711e-02,2.463524974882602692e-02,1.589787891134619713e-03,2.486790157854557037e-02,8.894087513908743858e-04,1.932303188368678093e-03,-2.758217416703701019e-02,2.246383205056190491e-02,2.068016678094863892e-03,-1.187494024634361267e-03,-3.405765164643526077e-03,6.333301309496164322e-03,-8.821383817121386528e-04,-1.221422385424375534e-02,-9.609815664589405060e-03,-3.153725713491439819e-02,1.328700780868530273e-02,-2.396314404904842377e-02,3.854266181588172913e-02,-1.984003558754920959e-02,1.303496770560741425e-02,3.293316811323165894e-02,1.911299885250627995e-03,-3.588008880615234375e-02,2.247675694525241852e-02,-3.273282665759325027e-03,-1.382986176759004593e-02,9.493489749729633331e-03,1.240163762122392654e-02,-1.370061095803976059e-02,-1.607882976531982422e-02,2.287743613123893738e-02,8.026489987969398499e-03,9.758453816175460815e-04,5.861534737050533295e-03,2.190805226564407349e-02,-2.226995490491390228e-02,-2.100329473614692688e-02,-6.562721915543079376e-03,2.207607962191104889e-02,4.239434376358985901e-02,-3.229660447686910629e-03,2.685836702585220337e-02,8.672744967043399811e-03,1.619515568017959595e-02,4.035217687487602234e-02,1.018498279154300690e-02,2.374341711401939392e-02,-2.060261741280555725e-02,-1.642296090722084045e-03,1.134824194014072418e-02,1.769446767866611481e-02,5.464088171720504761e-03,2.219240553677082062e-02,2.647061459720134735e-02,2.866141963750123978e-03,2.856448106467723846e-02,2.357539162039756775e-02,1.688018627464771271e-02,-6.856767926365137100e-03,9.965255856513977051e-03,9.201059001497924328e-04,3.970592096447944641e-02,-1.282170414924621582e-02,1.264075282961130142e-02,9.739066474139690399e-03,-2.610871102660894394e-03,3.083929978311061859e-02,1.735841482877731323e-02,-2.652231417596340179e-02,-1.169721968472003937e-02,-6.113574374467134476e-03,2.265124581754207611e-03,-1.791419461369514465e-02,2.533320570364594460e-03,4.415215924382209778e-02,-1.316745067015290260e-03,-5.082797259092330933e-03,-1.964615844190120697e-02,5.031097214668989182e-03,2.706516906619071960e-02,1.677678525447845459e-02,-2.131349779665470123e-02,3.114950284361839294e-02,-1.605297997593879700e-02,3.793518291786313057e-03,1.169075723737478256e-02,2.848692983388900757e-02,-1.700943708419799805e-02,2.353661507368087769e-02,-4.513446614146232605e-02,1.186524610966444016e-02,3.546648845076560974e-02,9.039494907483458519e-04,-5.628882907330989838e-03,4.329910036176443100e-03,8.776145987212657928e-03,-1.169075723737478256e-02,2.152029983699321747e-02,1.072137430310249329e-02,7.205745670944452286e-03,1.619515568017959595e-02,1.255027670413255692e-02,-7.470710668712854385e-03,-6.448076367378234863e-01,-6.052180193364620209e-03,-7.664586883038282394e-03,-7.682358846068382263e-04,3.112365119159221649e-02,1.644073240458965302e-02,1.214959844946861267e-02,9.008797816932201385e-03,-1.237578783184289932e-02,5.974629428237676620e-03,-1.024960819631814957e-02,1.764276809990406036e-02,1.420145854353904724e-03,-9.920017793774604797e-03,-7.270371541380882263e-03,-2.913318574428558350e-02,-4.236203152686357498e-03,-1.215606089681386948e-02,-2.599561586976051331e-03,-2.290328592061996460e-02,-1.192340906709432602e-02,-6.381770595908164978e-03,2.142982371151447296e-02,-9.422400966286659241e-03,2.239920571446418762e-02,1.756521686911582947e-02,3.171820566058158875e-02,-1.367476116865873337e-02,2.108407672494649887e-03,-1.530332397669553757e-02,-3.182160854339599609e-02,6.895543541759252548e-03,1.770739327184855938e-03,3.851681249216198921e-03,3.712090104818344116e-02,-2.197267860174179077e-02,-1.813392154872417450e-02,2.177880145609378815e-02,5.787215661257505417e-03,3.089099936187267303e-02,-2.578558400273323059e-02,8.608119562268257141e-03,-3.132722340524196625e-03,-1.691573066636919975e-03,-4.142496269196271896e-03,3.531138598918914795e-02,1.782371848821640015e-02,-7.490098010748624802e-03,2.101621963083744049e-02,1.443734206259250641e-02,1.438564155250787735e-02,-2.040874026715755463e-02,-1.104450225830078125e-02,-6.191933061927556992e-04,-2.897808514535427094e-02,5.871228873729705811e-03,3.993857279419898987e-02,-1.695773750543594360e-02,-1.767508103512227535e-03,-4.220854607410728931e-04,-2.136519737541675568e-02,2.011146210134029388e-02,-4.543174523860216141e-03,-1.335163321346044540e-02,7.412547711282968521e-03,2.109377086162567139e-02,-1.070198696106672287e-02,-1.054042298346757889e-02,2.354953996837139130e-02,4.655622690916061401e-02,9.467639029026031494e-03,2.413763199001550674e-03,3.835120878648012877e-04,1.432101614773273468e-02,1.469584368169307709e-02,3.102025203406810760e-02,4.103720653802156448e-03,-2.983114123344421387e-02,3.538247430697083473e-03,1.033362094312906265e-02,8.478868752717971802e-03,-2.727197110652923584e-02,-7.981251925230026245e-03,7.270371424965560436e-04,2.039581537246704102e-02,1.452781725674867630e-02,-2.410531975328922272e-02,-6.843843031674623489e-03,-4.943852312862873077e-03,-6.070759845897555351e-04,-8.679207414388656616e-03,1.368768606334924698e-02,-1.715161465108394623e-02,1.469584368169307709e-02,7.250175694935023785e-04,7.257446181029081345e-03,-4.581949673593044281e-03,-2.853216836228966713e-03,2.335566468536853790e-02,1.072783721610903740e-03,2.337828278541564941e-03,-3.822599770501255989e-03,2.194682694971561432e-02,-8.957097306847572327e-03,-9.739066474139690399e-03,1.078599970787763596e-02,-2.068016678094863892e-02,7.587036583572626114e-03,1.801759563386440277e-02,-4.448821023106575012e-02,1.377331442199647427e-03,1.725501380860805511e-02,-4.413923248648643494e-03,2.988930558785796165e-03,-2.568218298256397247e-02,-3.003794327378273010e-02,-1.113497745245695114e-02,1.686726137995719910e-02,-9.357775561511516571e-03,-2.711687050759792328e-02,-1.253735180944204330e-02,8.995872922241687775e-03,-8.104040287435054779e-03,-1.461829338222742081e-02,2.807332761585712433e-02,1.817269809544086456e-02,-1.686726137995719910e-02,-3.407057747244834900e-02,-1.327408291399478912e-02,-3.978508757427334785e-04,-6.966631393879652023e-03,-1.351965963840484619e-02,1.977540925145149231e-02,-8.278529159724712372e-03,1.513529755175113678e-02,-6.614422425627708435e-03,2.215039916336536407e-03,5.363918375223875046e-03,1.587202772498130798e-02,-9.551652707159519196e-03,-2.401484362781047821e-02,2.784067578613758087e-02,-1.125776581466197968e-02,2.101945225149393082e-03,7.070032414048910141e-03,-2.040874026715755463e-02,-2.363678533583879471e-03,-2.228287979960441589e-02,-2.119717188179492950e-02,-5.351800937205553055e-04,2.217947877943515778e-02,-2.152029983699321747e-02,-4.880519583821296692e-02,-1.177476998418569565e-02,1.890296582132577896e-03,5.884961574338376522e-04,-1.140640489757061005e-02,-5.241130013018846512e-03,1.121252868324518204e-02,-3.071004897356033325e-02,2.122948411852121353e-03,3.531138598918914795e-02,-9.357775561511516571e-03,-8.782608434557914734e-03,1.302850525826215744e-02,1.112851500511169434e-02,-2.869373187422752380e-03,-1.332578249275684357e-02,-1.167136989533901215e-02,-1.720331422984600067e-02,3.231276199221611023e-02,2.176587656140327454e-02,-1.308020576834678650e-02,6.533640436828136444e-03,2.205022796988487244e-02,7.257446181029081345e-03,-9.170361794531345367e-03,-2.967604063451290131e-02,-2.350753406062722206e-03,2.672911621630191803e-02,-1.141932979226112366e-02,-1.675093546509742737e-02,-1.903867907822132111e-02,-3.945388365536928177e-03,2.318763732910156250e-02,-1.945228199474513531e-03,1.304627745412290096e-03,3.725661430507898331e-03,1.373938657343387604e-02,1.891912193968892097e-03,-1.050164736807346344e-02,1.619677175767719746e-03,-4.226509016007184982e-03,6.262212991714477539e-03,-1.132239215075969696e-02,1.887065358459949493e-02,8.239754475653171539e-03,1.041763462126255035e-02,1.086355093866586685e-02,2.835767902433872223e-02,-7.270371541380882263e-03,9.506414644420146942e-03,4.128278419375419617e-02,1.006865687668323517e-02,9.422400966286659241e-03,-7.115270011126995087e-03,1.627270691096782684e-02,-1.009450666606426239e-02,9.758453816175460815e-03,-9.506414644420146942e-03,-1.127069164067506790e-02,-4.260114580392837524e-02,-3.997088409960269928e-03,-2.140397392213344574e-02,2.441552281379699707e-02,1.478631980717182159e-02,-1.225946191698312759e-02,6.688741501420736313e-03,-3.169235587120056152e-02,-1.245333813130855560e-02,-1.583325304090976715e-02,1.731964014470577240e-02,6.183855002745985985e-04,1.032069604843854904e-02,-3.693994879722595215e-02,2.771142497658729553e-02,1.576862856745719910e-02,-8.000640198588371277e-03,-9.874779731035232544e-03,-9.370700456202030182e-03,-9.706753306090831757e-03,4.268515855073928833e-03,-2.051860326901078224e-03,1.284109149128198624e-02,1.433394104242324829e-02,8.892471902072429657e-03,5.628882907330989838e-03,-3.179575875401496887e-02,1.032392727211117744e-03,-5.273442715406417847e-03,2.133934758603572845e-02,4.362222738564014435e-03,2.144274860620498657e-02,-7.031256798654794693e-03,2.741737756878137589e-03,-4.346066620200872421e-03,2.219240553677082062e-02,-1.743596605956554413e-02,-2.572095766663551331e-02,9.506414644420146942e-03,-1.591080427169799805e-02,1.821147277951240540e-02,-2.675496740266680717e-03,-2.688421867787837982e-03,1.132239215075969696e-02,-2.706516906619071960e-02,-3.470390569418668747e-03,1.549720019102096558e-02,3.885286301374435425e-02,3.854266181588172913e-02,1.117375306785106659e-02,2.391144447028636932e-02,2.404069527983665466e-02,1.248565129935741425e-02,1.994343660771846771e-02,1.678971014916896820e-02,-3.874300047755241394e-03,-2.804747782647609711e-02,-4.929634928703308105e-02,-1.315775699913501740e-02,-1.218837406486272812e-02,-8.944172412157058716e-03,1.998221129179000854e-02,-1.433394104242324829e-02,-1.764276809990406036e-02,1.441149134188890457e-02,2.106792107224464417e-02,8.084652945399284363e-03,7.767987903207540512e-03,-1.061151083558797836e-02,-6.019867490977048874e-03,-2.510055340826511383e-02,6.598265841603279114e-03,3.502703271806240082e-03,-1.115436572581529617e-02,-1.773324422538280487e-02,-1.485094521194696426e-02,4.158652387559413910e-03,-4.508276656270027161e-02,-6.708129309117794037e-03,-9.713215753436088562e-03,3.849096223711967468e-02,8.272066712379455566e-03,-1.195572223514318466e-02,-2.098713768646121025e-03,1.766861788928508759e-02,1.620808057487010956e-02,-3.616444393992424011e-02,4.050727933645248413e-02,-1.628563180565834045e-02,-9.105736389756202698e-03,-8.911859244108200073e-03,-1.867677643895149231e-02,1.975925406441092491e-03,3.905966505408287048e-02,4.539942834526300430e-03,5.392191815190017223e-04,1.109620276838541031e-02,6.664507091045379639e-04,-2.560463175177574158e-02,-9.021722711622714996e-03,-7.535336073487997055e-03,-3.303656727075576782e-02,-8.323767222464084625e-03,1.304789353162050247e-02,-6.459320895373821259e-03,-3.169235587120056152e-02,-3.942157141864299774e-03,-3.635185770690441132e-03,-1.924548111855983734e-02,-9.092811495065689087e-03,-1.154211815446615219e-02,1.340333372354507446e-02,-3.071327926591038704e-03,1.021600291132926941e-01,6.637041456997394562e-03,1.249211374670267105e-02,1.445026695728302002e-02,-6.391464266926050186e-03,3.864606469869613647e-02,-2.211485430598258972e-02,-9.138048626482486725e-03,-1.070198696106672287e-02,-1.773324422538280487e-02,-5.024634301662445068e-03,-1.257774303667247295e-03,8.401318453252315521e-03,-1.077307481318712234e-02,1.151142176240682602e-03,2.269648388028144836e-02,-6.940781138837337494e-03,7.173432968556880951e-03,1.125776581466197968e-02,-1.015266962349414825e-02,9.060498327016830444e-03,4.213584121316671371e-03,-8.633970282971858978e-03,2.866788208484649658e-02,-1.020437013357877731e-02,-3.055494837462902069e-02,2.392436936497688293e-02,3.127875179052352905e-02,-7.847961969673633575e-04,1.827286672778427601e-03,4.591643344610929489e-03,1.262621139176189899e-03,7.884313818067312241e-04,1.664753444492816925e-02,-2.130057290196418762e-02,5.593338981270790100e-03,7.412547711282968521e-03,2.183050103485584259e-02,1.491557061672210693e-02,1.457951776683330536e-02,1.318360678851604462e-02,-1.062282011844217777e-03,3.829062217846512794e-03,-3.549233824014663696e-02,-1.522738952189683914e-03,-1.253088936209678650e-02,-1.222714874893426895e-02,1.079892460256814957e-02,-2.453184872865676880e-02,-1.040470972657203674e-02,2.625088766217231750e-02,-2.277403511106967926e-02,-2.405362017452716827e-02,-2.065431699156761169e-02,2.489698352292180061e-03,-6.330070085823535919e-03,8.776145987212657928e-03,1.566411629028152674e-05,6.229900289326906204e-03,3.980932384729385376e-02,-8.252679370343685150e-03,-2.504885196685791016e-02,-2.320056315511465073e-03,-1.258258894085884094e-02,-3.107195161283016205e-02,-1.818562299013137817e-02,-3.042569570243358612e-02,9.189749136567115784e-03,-2.551415748894214630e-02,-8.782608434557914734e-03,-1.196218468248844147e-02,-1.890296582132577896e-03,-2.077064290642738342e-02,2.284512156620621681e-03,2.696176804602146149e-02,1.170368213206529617e-02,7.948939688503742218e-03,-1.099441666156053543e-03,1.545842550694942474e-02,1.593665406107902527e-02,-3.664267249405384064e-03,-1.854752562940120697e-02,-1.267952751368284225e-02,-1.760399341583251953e-02,-2.009853720664978027e-03,1.605297997593879700e-02,1.187170855700969696e-02,-1.964615844190120697e-02,-2.949508838355541229e-02,4.300828557461500168e-03,3.467159345746040344e-03,2.837060485035181046e-03,-2.308746799826622009e-03,-2.311008796095848083e-02,4.152189940214157104e-03,-1.165198162198066711e-02,2.712656278163194656e-03,-3.047739714384078979e-02,-3.515628399327397346e-03,-8.756758645176887512e-03,-5.321912001818418503e-03,-1.355843525379896164e-02,-1.529201399534940720e-03,-1.203650375828146935e-03,2.001775661483407021e-03,2.923658676445484161e-02,8.142815902829170227e-03,9.364238008856773376e-03,-2.343321405351161957e-02,-1.658290997147560120e-02,-7.380234543234109879e-03,-2.781482599675655365e-02,6.850305479019880295e-03,-8.388392627239227295e-03,-1.558767631649971008e-02,8.763221092522144318e-03,-3.383146133273839951e-03,3.714675083756446838e-02,1.978833600878715515e-02,-1.875432766973972321e-02,-1.592211308889091015e-03,-2.939168736338615417e-02,2.618626132607460022e-02,3.625491866841912270e-03,-9.370700456202030182e-03,1.463121827691793442e-02,9.751991368830204010e-03,-3.089099936187267303e-02,2.290328592061996460e-02,4.911539610475301743e-03,-2.328134374693036079e-03,2.148152329027652740e-02,1.746504800394177437e-03,2.083526924252510071e-02,1.363598555326461792e-02,-9.719679132103919983e-03,-6.562721915543079376e-03,2.088696882128715515e-02,-3.081344999372959137e-02,-1.614830223843455315e-03,-8.750296197831630707e-03,-1.085708755999803543e-02,-3.473621793091297150e-03,-5.916466470807790756e-03,-3.321751952171325684e-03,-3.955081850290298462e-02,1.016559451818466187e-02,9.572655544616281986e-04,6.649966351687908173e-03,2.612163685262203217e-02,1.066967379301786423e-02,3.764436813071370125e-03,-2.360124140977859497e-02,-5.933431093581020832e-04,6.242825649678707123e-03,-2.501007728278636932e-02,-9.267300367355346680e-03,-1.995636150240898132e-02,1.869293279014527798e-03,3.893041610717773438e-02,3.158895671367645264e-02,-2.316825091838836670e-03,-1.291217934340238571e-02,2.908148616552352905e-02,1.267306506633758545e-02,1.498019602149724960e-02,2.891992218792438507e-03,-5.800140555948019028e-03,-3.391547501087188721e-02,8.931247517466545105e-03,-4.426848143339157104e-03,1.698358729481697083e-02,2.918488718569278717e-02,1.664753444492816925e-02,7.561186328530311584e-03,-1.098633930087089539e-02,3.467159345746040344e-03,1.518699806183576584e-03,-6.284831906668841839e-04,-1.813392154872417450e-02,-1.242748834192752838e-02,-1.212374772876501083e-02,7.438397966325283051e-03,3.123028436675667763e-03,1.077953726053237915e-02,-1.885772682726383209e-02,4.154128581285476685e-02,-1.671216078102588654e-02,1.917762449011206627e-03,-5.813065916299819946e-03,2.364001609385013580e-02,-3.779300674796104431e-02,4.991675540804862976e-02,3.691732999868690968e-04,1.109620276838541031e-02,1.854752562940120697e-02,8.388392627239227295e-03,1.999513618648052216e-02,1.955568417906761169e-02,2.088696882128715515e-02,2.900393493473529816e-02,2.308423630893230438e-02,-1.402373891323804855e-02,-2.080941805616021156e-03,-3.052909672260284424e-02,2.488082647323608398e-02,2.661763865035027266e-04,-1.591080427169799805e-02,-1.906452933326363564e-03,-2.778897434473037720e-02,-1.146456785500049591e-02,-2.874543331563472748e-02,1.008966006338596344e-03,-9.803691878914833069e-03,-6.591803394258022308e-04,-6.084492895752191544e-03,-2.458354830741882324e-02,4.827526398003101349e-03,1.770739257335662842e-02,-1.446319185197353363e-02,-1.251796353608369827e-02,9.286687709391117096e-03,2.828012965619564056e-02,-1.130300387740135193e-02,1.028838288038969040e-02,1.154211815446615219e-02,6.656428799033164978e-03,-2.101621963083744049e-02,7.419010158628225327e-03,-1.794004440307617188e-02,-4.960008896887302399e-03,1.716453954577445984e-02,2.410531975328922272e-02,9.764916263520717621e-03,-1.058566104620695114e-02,3.570560133084654808e-03,8.950634859502315521e-03,-1.889650337398052216e-02,-2.389851771295070648e-02,1.012035738676786423e-02,-7.845538668334484100e-03,-2.227964811027050018e-03,-7.929551415145397186e-03,4.604568704962730408e-03,6.375307682901620865e-03,2.804747782647609711e-02,-2.604408562183380127e-02,-3.354064654558897018e-03,-7.050644606351852417e-03,-1.803052145987749100e-03,-1.947813294827938080e-02,1.655705831944942474e-02,-5.305755417793989182e-03,3.471682965755462646e-02,-5.018171854317188263e-03,-1.560060121119022369e-02,1.972370967268943787e-02,-2.619918808341026306e-02,-1.494142133742570877e-02,1.496888697147369385e-03,-2.577265910804271698e-02,-4.895383492112159729e-03,2.298083528876304626e-02,-1.250503864139318466e-02,1.218191161751747131e-02,7.735675200819969177e-03,-4.353175312280654907e-02,3.245816798880696297e-03,-3.835524898022413254e-03,1.844412460923194885e-02,-2.043459005653858185e-02,-1.536794938147068024e-02,-9.118661284446716309e-03,2.215362899005413055e-02,1.251150108873844147e-02,-6.388233043253421783e-03,-3.538247430697083473e-03,-1.358428504317998886e-02,-3.559573739767074585e-02,-2.959849080070853233e-03,1.735841482877731323e-02,-6.792142521589994431e-03,1.771143288351595402e-04,-9.861854836344718933e-03,-1.357943867333233356e-03,-4.346066620200872421e-03,-7.496560923755168915e-03,1.291864179074764252e-02,3.171820566058158875e-02,8.756758645176887512e-03,-2.706516906619071960e-02,-1.216898579150438309e-02,2.002098783850669861e-02,2.502300217747688293e-02,1.071975915692746639e-03,1.293803006410598755e-02,1.624685712158679962e-02,3.771545365452766418e-02,-1.830194890499114990e-02,2.900393493473529816e-02,-2.791822701692581177e-02,-1.047579757869243622e-02,-9.047573432326316833e-03,-8.136353455483913422e-03,2.517810463905334473e-02,-2.563048340380191803e-02,2.902978472411632538e-02,-1.846997439861297607e-02,-3.262296319007873535e-02,2.216655388474464417e-02,8.104040287435054779e-03,7.761525455862283707e-03,2.401484362781047821e-02,-3.606104105710983276e-02,-1.260197721421718597e-02,-1.089586317539215088e-02,9.758453816175460815e-03,-2.861618250608444214e-02,-2.745292149484157562e-02,6.876155734062194824e-03,-7.651661988347768784e-03,8.780992939136922359e-04,1.342918351292610168e-02,-2.426042221486568451e-02,8.640432730317115784e-03,2.895223535597324371e-02,-6.559490691870450974e-03,4.192904010415077209e-02,-2.693591825664043427e-02,-1.473461929708719254e-02,-2.748200437054038048e-03,5.163579247891902924e-03,-9.422400966286659241e-03,1.202681008726358414e-02,9.874779731035232544e-03,3.577022813260555267e-03,1.168308299384079874e-04,6.420545745640993118e-03,4.535903863143175840e-04,-7.839076220989227295e-03,-1.854752562940120697e-02,-1.717746444046497345e-02,1.483802031725645065e-02,2.610871195793151855e-02,-8.091115392744541168e-03,-1.424346491694450378e-02,-8.847233839333057404e-03,-1.812099665403366089e-02,-2.477742545306682587e-02,-2.075771801173686981e-02,-2.079649269580841064e-02,3.021889552474021912e-02,1.255027670413255692e-02,-9.700139344204217196e-06,-8.549956604838371277e-03,-2.662571519613265991e-02,-3.443247824907302856e-02,-2.088696882128715515e-02,-3.890456398949027061e-03,3.254541382193565369e-02,6.385809392668306828e-04,2.375634200870990753e-02,3.704335168004035950e-02,6.365614011883735657e-03,3.483315696939826012e-03,7.386697456240653992e-03,-1.746181584894657135e-02,-8.084652945399284363e-03,2.900393493473529816e-02,-1.635025814175605774e-02,1.958153396844863892e-02,2.168832533061504364e-02,-1.982711069285869598e-02,-2.349784038960933685e-02,3.849096223711967468e-02,-7.063569501042366028e-03,2.840291708707809448e-03,1.618223078548908234e-02,1.571208005771040916e-03,-1.058566104620695114e-02,2.833829261362552643e-03,9.551652707159519196e-03,7.044182159006595612e-03,-6.947243586182594299e-03,4.355760291218757629e-03,-4.136033356189727783e-02,7.360847201198339462e-03,5.984323564916849136e-03,4.837220534682273865e-03,-1.304143015295267105e-02,-9.861854836344718933e-03,4.459161311388015747e-03,1.392033789306879044e-02,-5.292830523103475571e-03,1.153565570712089539e-02,5.548101384192705154e-03,1.213667355477809906e-02,-7.755063008517026901e-03,1.482509542256593704e-02,-4.895383492112159729e-03,-3.236446157097816467e-02,-4.856607876718044281e-03,1.327408291399478912e-02,-1.525162346661090851e-02,1.575570181012153625e-02,2.542368136346340179e-02,-1.702236197888851166e-02,-1.021083258092403412e-02,-8.239754475653171539e-03,-8.666282519698143005e-03,9.719679132103919983e-03,-9.538726881146430969e-03,1.043702196329832077e-02,-2.176587656140327454e-02,4.759669769555330276e-03,-2.494545280933380127e-02,2.358831698074936867e-03,-1.933595724403858185e-02,1.161966938525438309e-02,9.583964943885803223e-03,-1.227884925901889801e-02,-7.380234543234109879e-03,3.104610182344913483e-02,-5.034328438341617584e-03,3.278129734098911285e-03,-3.220935910940170288e-02,-1.561352610588073730e-02,-3.802808059845119715e-04,-4.342835396528244019e-03,1.700943708419799805e-02,1.569107733666896820e-02,-1.525162346661090851e-02,-5.696740001440048218e-03,1.055981032550334930e-02,2.874220255762338638e-03,2.383389323949813843e-02,2.125921249389648438e-01,-6.708129309117794037e-03,1.393326278775930405e-02,4.671132937073707581e-02,-1.032069604843854904e-02,-5.646655336022377014e-04,2.144274860620498657e-02,1.664753444492816925e-02,-1.381370588205754757e-03,2.420872077345848083e-02,-2.507470361888408661e-02,1.278939098119735718e-02,1.099280174821615219e-02,-4.830758087337017059e-03,1.208497304469347000e-02,-2.931413799524307251e-02,-9.932942688465118408e-03,-2.599238604307174683e-02,-3.497533500194549561e-02,-3.918891772627830505e-02,2.056384086608886719e-02,-7.806763052940368652e-03,8.213903754949569702e-03,-3.913721814751625061e-02,4.898614715784788132e-03,-1.446803915314376354e-03,-1.785280066542327404e-03,1.438564155250787735e-02,3.732770308852195740e-02,1.016559451818466187e-02,-4.397766664624214172e-03,-2.539783017709851265e-03,3.987394738942384720e-03,-6.242825649678707123e-03,-2.977944165468215942e-02,4.717663396149873734e-03,2.552708238363265991e-02,-2.162370085716247559e-02,1.100249588489532471e-03,-2.323933877050876617e-02,1.109620276838541031e-02,-1.791419461369514465e-02,-1.271184068173170090e-02,-2.701346948742866516e-02,4.866302013397216797e-03,3.924061730504035950e-02,-2.479035034775733948e-02,-2.106792107224464417e-02,-2.384681813418865204e-02,1.096048858016729355e-02,-4.583242163062095642e-02,-1.289925444871187210e-02,1.023668330162763596e-02,1.021083211526274681e-03,8.608119562268257141e-03,-1.090878807008266449e-02,7.080534123815596104e-04,1.081669703125953674e-03,-3.520071331877261400e-04,-8.252679370343685150e-03,-2.063169842585921288e-03,-3.173113102093338966e-03,-1.082477532327175140e-02,1.978833600878715515e-02,-7.780912797898054123e-03,1.562645100057125092e-02,-3.192500770092010498e-02,2.652231417596340179e-02,8.213903754949569702e-03,-3.091685101389884949e-02,-6.607959978282451630e-03,-1.768154278397560120e-02,-1.430647564120590687e-03,1.304789353162050247e-02,-8.995872922241687775e-03,-2.116485964506864548e-03,1.534209959208965302e-02,1.366183534264564514e-02,1.965908333659172058e-02,-4.693428636528551579e-04,2.008561231195926666e-02,-2.572095766663551331e-02,2.804747782647609711e-03,-4.420385695993900299e-03,2.696499926969408989e-03,-3.213180974125862122e-02,-2.051860326901078224e-03,1.720331422984600067e-02,-1.447005925001576543e-04,1.600128039717674255e-02,1.397203840315341949e-02,-1.088293828070163727e-02,-1.368768606334924698e-02,-4.077466728631407022e-04,-2.040874026715755463e-02,9.829541668295860291e-03,2.057676576077938080e-02,2.106792107224464417e-02,-5.806603468954563141e-03,3.244201093912124634e-02,-7.205745670944452286e-03,1.794004440307617188e-02,1.899990439414978027e-02,-1.138055510818958282e-02,-7.070032414048910141e-03,-1.131592877209186554e-02,4.119877237826585770e-03,2.931413799524307251e-02,-5.677352193742990494e-03,-1.751351729035377502e-02,1.631148159503936768e-02,-1.167783234268426895e-02,1.738426624797284603e-03,-1.243395078927278519e-02,4.943852312862873077e-03,1.478631980717182159e-02,-1.401566085405647755e-03,-4.138618335127830505e-02,2.962433919310569763e-02,-1.927456236444413662e-03,-1.123191602528095245e-02,-8.278529159724712372e-03,1.958153396844863892e-02,2.828012965619564056e-02,-4.798444919288158417e-03,-9.390088729560375214e-03,-3.187330812215805054e-02,-4.940621089190244675e-03,-8.724445477128028870e-03,-3.492363169789314270e-02,1.341625861823558807e-02,-1.848289929330348969e-02,3.068096702918410301e-03,1.182647049427032471e-02,6.249288097023963928e-03,1.563937589526176453e-02,-2.015023864805698395e-02,-8.601657114923000336e-03,-2.455769851803779602e-02,-6.863230373710393906e-03,-3.660389780998229980e-02,3.249048255383968353e-03,3.573791356757283211e-03,-1.487194909714162350e-03,-2.283865958452224731e-02,-3.841179423034191132e-04,2.675496600568294525e-02,1.283462904393672943e-02,8.407780900597572327e-03,2.271587261930108070e-03,-2.791822701692581177e-02,-1.654413342475891113e-02,-1.510621630586683750e-03,-7.128195371478796005e-03,1.878017745912075043e-02,-1.003634370863437653e-02,-1.089586317539215088e-02,-4.441066086292266846e-02,1.796589605510234833e-02,1.810807175934314728e-02,-4.125693440437316895e-02,9.427248151041567326e-04,1.227884925901889801e-02,-1.592372916638851166e-02,2.898050879593938589e-04,6.578878499567508698e-03,-1.625461131334304810e-01,8.562881499528884888e-03,6.863230373710393906e-03,-2.301961183547973633e-02,3.714675083756446838e-02,-1.636318303644657135e-02,1.023021992295980453e-02,6.811530329287052155e-03,5.942316725850105286e-03,-1.192987151443958282e-02,2.274818345904350281e-02,2.113254554569721222e-02,-2.080941945314407349e-02,4.081101622432470322e-03,-8.569343946874141693e-03,-5.590107757598161697e-03,-7.015746831893920898e-02,8.989410474896430969e-03,3.693994879722595215e-02,9.609815664589405060e-03,1.465706899762153625e-02,1.574277691543102264e-02,1.454074308276176453e-02,-4.275624454021453857e-02,1.061797328293323517e-02,-7.923088967800140381e-03,-2.024071477353572845e-02,-6.876155734062194824e-03,-3.086514957249164581e-02,-2.389851771295070648e-02,-1.750059239566326141e-02,1.496727112680673599e-02,3.200256079435348511e-02,-5.454394035041332245e-03,9.965255856513977051e-03,1.090232562273740768e-02,-1.981418579816818237e-02,8.562881848774850368e-04,-2.902089909184724092e-04,3.851681249216198921e-03,2.056384086608886719e-02,1.646658405661582947e-02,-4.241050046402961016e-04,-2.420872077345848083e-02,-9.087964426726102829e-04,3.161480650305747986e-02,1.133531704545021057e-02,-1.236932538449764252e-02,1.505774725228548050e-02,9.047573432326316833e-03,2.970189042389392853e-02,-3.210595995187759399e-02,1.918085478246212006e-02,-3.625491866841912270e-03,1.313836872577667236e-02,1.972370967268943787e-02,-2.551415748894214630e-02,7.257446181029081345e-03,1.084416266530752182e-02,1.759429927915334702e-03,-2.599561586976051331e-03,2.429919783025979996e-03,1.821147277951240540e-02,-1.501897163689136505e-02,7.683974690735340118e-03,-1.442441716790199280e-02,-7.225133478641510010e-03,-2.693591825664043427e-02,-1.320299413055181503e-02,7.651661988347768784e-03,4.543174523860216141e-03,-3.016719408333301544e-02,3.312058048322796822e-03,-2.874543331563472748e-02,1.929718069732189178e-02,1.678971014916896820e-02,-1.212374772876501083e-02,2.647061459720134735e-02,2.457385417073965073e-03,-4.123108461499214172e-03,-5.334836896508932114e-03,2.358831651508808136e-02,-1.165198162198066711e-02,-1.119314040988683701e-02,-1.063736155629158020e-02,1.757814176380634308e-02,-9.351313114166259766e-03,-1.191048417240381241e-02,-1.361013483256101608e-02,5.341299343854188919e-03,7.574111223220825195e-03,-9.525801986455917358e-03,-3.926000557839870453e-03,3.944176423829048872e-04,3.293316811323165894e-02,6.074799224734306335e-03,3.631954314187169075e-03,1.098633930087089539e-02,-3.365697339177131653e-02,-3.156310692429542542e-02,2.485497668385505676e-02,-7.936013862490653992e-03,-2.544953115284442902e-02,2.659986540675163269e-02,2.211485430598258972e-02,3.319166973233222961e-02,9.616278111934661865e-03,1.342918351292610168e-02,2.482912689447402954e-02,1.592372916638851166e-02,-1.990466145798563957e-03,-2.467079320922493935e-03,1.616930589079856873e-02,2.630258724093437195e-02,1.339040882885456085e-02,1.650535874068737030e-02,5.386537406593561172e-03,-1.141932979226112366e-02,3.215765953063964844e-02,7.205745787359774113e-04,5.692216008901596069e-02,-1.889650337398052216e-02,-7.483635563403367996e-03,-1.658290997147560120e-02,-1.220129895955324173e-02,-2.248968183994293213e-02,-1.068130657076835632e-01,-1.345503423362970352e-02,-2.588252304121851921e-03,3.259711340069770813e-02,4.671132937073707581e-02,2.548830583691596985e-02,2.034088363870978355e-03,-2.436382230371236801e-03,-2.397606894373893738e-02,1.625978201627731323e-02,-2.088696882128715515e-02,-1.143871806561946869e-02,1.260197721421718597e-02,2.698115538805723190e-03,5.829222034662961960e-03,-6.258981768041849136e-03,-8.750296197831630707e-03,-1.012681983411312103e-02,-2.866788208484649658e-02,6.546565331518650055e-03,-1.777201890945434570e-02,5.825990810990333557e-03,-1.317714434117078781e-02,-2.678081765770912170e-02,1.273122802376747131e-02,-1.557475142180919647e-02,-3.262296319007873535e-02,2.939168736338615417e-02,3.699811175465583801e-03,1.381693687289953232e-02,-1.992283650906756520e-04,-1.286047883331775665e-02,-2.040550811216235161e-03,3.505934728309512138e-03,-2.140397392213344574e-02,-1.618223078548908234e-02,-3.272636607289314270e-02,-2.869373187422752380e-02,2.517810463905334473e-02,2.530089346691966057e-03,4.346066620200872421e-03,-1.261813333258032799e-03,2.299052895978093147e-03,-3.379914909601211548e-03,2.888760995119810104e-03,-6.317144725471735001e-04,9.435326792299747467e-03,9.028185158967971802e-03,4.185149073600769043e-02,2.614102326333522797e-03,-4.466916248202323914e-02,1.007511932402849197e-02,-2.194682694971561432e-02,1.363598508760333061e-03,-4.362222738564014435e-03,-1.622100546956062317e-02,7.464247755706310272e-03,1.177476998418569565e-02,-1.892235316336154938e-02,1.315937261097133160e-03,1.341625861823558807e-02,6.934318691492080688e-03,-1.207851059734821320e-02,1.034008339047431946e-02,-9.286687709391117096e-03,-6.562721915543079376e-03,-6.352689117193222046e-03,-3.926646709442138672e-02,1.361013483256101608e-02,-2.166247554123401642e-02,1.222068630158901215e-02,-1.021891133859753609e-03,-7.451322861015796661e-03,2.366909757256507874e-03,-3.794810548424720764e-02,-9.861854836344718933e-03,-8.343155495822429657e-03,-9.706753306090831757e-03,3.091685101389884949e-02,-2.282573468983173370e-02,-2.763387374579906464e-02,-1.916792988777160645e-02,8.860159665346145630e-03,5.638577044010162354e-03,1.500604674220085144e-02,1.885772682726383209e-02,-6.149118766188621521e-03,-2.599238604307174683e-02,6.100649479776620865e-03,8.974869269877672195e-04,-2.846108004450798035e-02,2.235639258287847042e-04,3.978347033262252808e-02,-7.121732458472251892e-03,1.038532145321369171e-02,1.134177949279546738e-02,-6.998944096267223358e-03,-2.322641387581825256e-02,5.470550619065761566e-03,5.418850108981132507e-03,-1.558767631649971008e-02,-2.363678533583879471e-03,-6.534932553768157959e-02,1.482509542256593704e-02,-3.303656727075576782e-02,-1.149688102304935455e-02,6.669354159384965897e-03,-4.630418960005044937e-03,2.135873539373278618e-03,-1.951690763235092163e-02,-5.809834692627191544e-03,-6.475477479398250580e-03,-5.800140555948019028e-03,2.727197017520666122e-03,8.116966113448143005e-03,-1.157443132251501083e-02,-2.400191873311996460e-02,-1.463121827691793442e-02,3.029644489288330078e-02,1.050164736807346344e-02,6.016636267304420471e-03,6.194356363266706467e-03,6.798604968935251236e-03,-3.216735320165753365e-03,6.507790181785821915e-03,1.241456344723701477e-02,-2.376926690340042114e-02,2.039581537246704102e-02,-1.762984320521354675e-02,1.519992295652627945e-02,-1.433394104242324829e-02,-2.796992659568786621e-02,-8.621044456958770752e-03,-1.171014457941055298e-02,3.942157141864299774e-03,2.013731375336647034e-02,8.013565093278884888e-03,-2.282896544784307480e-03,4.224893637001514435e-04,3.324336931109428406e-02,8.970022201538085938e-03,4.978750273585319519e-02,-1.155504398047924042e-02,-3.466513007879257202e-02,1.585910283029079437e-02,1.959445886313915253e-02,-7.263908628374338150e-03,-2.743353368714451790e-03,-1.495434623211622238e-02,1.766861788928508759e-02,-3.441309090703725815e-03,7.910164073109626770e-03,5.618381546810269356e-04,1.876725256443023682e-02,-5.247592460364103317e-03,-2.075771801173686981e-02,7.767987903207540512e-03,-2.657724544405937195e-03,2.972774021327495575e-02,-3.480084473267197609e-03,3.069712314754724503e-03,-4.603922367095947266e-02,4.965825378894805908e-02,1.301558036357164383e-02,-1.260197721421718597e-02,-1.123837847262620926e-02,3.991272300481796265e-02,1.406251359730958939e-02,-2.765972353518009186e-02,-5.955242086201906204e-03,5.577182862907648087e-03,-1.521284785121679306e-02,-2.649646438658237457e-02,-6.401157937943935394e-03,7.037719711661338806e-03,9.215599857270717621e-03,4.817832726985216141e-03,-2.962433919310569763e-02,-6.288871518336236477e-04,-1.976248435676097870e-02,-7.671049796044826508e-03,2.161077409982681274e-02,3.102025203406810760e-02,-6.145887076854705811e-03,-1.119960285723209381e-02,1.183939632028341293e-02,-1.155181205831468105e-03,-4.161883611232042313e-03,9.797229431569576263e-03,-5.935854278504848480e-03,-1.049518492072820663e-02,1.192987151443958282e-02,1.134177949279546738e-02,2.040874026715755463e-02,1.237578783184289932e-02,1.076014991849660873e-02,-2.021486312150955200e-02,1.553597580641508102e-02,-5.867997650057077408e-03,-9.144512005150318146e-03,1.412067678757011890e-03,1.384278666228055954e-02,-9.635665453970432281e-03,-1.688341842964291573e-03,2.895223535597324371e-02,1.350673474371433258e-02,-2.468694932758808136e-02,2.675496600568294525e-02,-3.011549450457096100e-02,-3.942156955599784851e-02,-1.163259427994489670e-02,7.774450350552797318e-03,8.970022201538085938e-03,-1.341625861823558807e-02,2.926243655383586884e-02,1.525162346661090851e-02,-5.887384992092847824e-03,1.576862856745719910e-02,3.267466276884078979e-02,1.950398273766040802e-02,-7.696900051087141037e-03,-6.507991929538547993e-05,2.152029983699321747e-02,2.587606012821197510e-02,1.633733138442039490e-02,-2.634136378765106201e-02,1.503189653158187866e-02,1.050164736807346344e-02,1.082477532327175140e-02,-1.355843525379896164e-02,-1.600491523277014494e-04,2.510701538994908333e-03,2.214070409536361694e-02,8.065265603363513947e-03,-1.853460073471069336e-02,-6.197587586939334869e-03,1.030777115374803543e-02,3.960252180695533752e-02,6.895543541759252548e-03,1.575570181012153625e-02,-1.995636150240898132e-02,3.693994879722595215e-02,1.532432739622890949e-03,-1.554890070110559464e-02,1.203973498195409775e-02,4.178040195256471634e-03,3.725014999508857727e-02,-1.149688102304935455e-02,2.529443055391311646e-02,-1.567168976180255413e-03,-3.215765953063964844e-02,8.748680120334029198e-04,-8.840771391987800598e-03,1.368768606334924698e-02,-2.649646438658237457e-02,-3.727600350975990295e-02,1.190402172505855560e-02,-6.708936998620629311e-04,1.178607926703989506e-03,-7.826151326298713684e-03,3.231276059523224831e-03,2.163662575185298920e-02,-2.304546162486076355e-02,-1.828902401030063629e-02,-1.278939098119735718e-02,-1.114143989980220795e-02,-1.932303234934806824e-02,-8.837540517561137676e-04,1.107519958168268204e-03,6.863230373710393906e-03,-3.745695203542709351e-02,2.157199941575527191e-02,2.198560349643230438e-02,-4.681472852826118469e-02,-1.447611767798662186e-02,-2.247352618724107742e-03,-3.008964285254478455e-02,1.554243848659098148e-03,-1.952983252704143524e-02,2.914611017331480980e-03,6.628155242651700974e-04,-2.887468412518501282e-02,1.232408732175827026e-02,-3.011549450457096100e-02,-2.469987422227859497e-02,1.407543942332267761e-02,-1.043055951595306396e-02,-1.454074308276176453e-02,6.420545745640993118e-03,-1.756198587827384472e-03
5.324984900653362274e-03,-2.451334707438945770e-02,-1.103418180719017982e-04,-2.794267609715461731e-02,-1.463180128484964371e-02,2.117292769253253937e-02,-2.034734934568405151e-02,6.242647767066955566e-03,-9.862494654953479767e-03,-7.220641244202852249e-03,2.431012876331806183e-02,2.400529943406581879e-02,-8.325647562742233276e-03,-1.837866008281707764e-02,-1.498743519186973572e-02,-2.313208999112248421e-03,2.250655554234981537e-02,4.953474272042512894e-03,-1.696882583200931549e-02,1.348869130015373230e-02,6.947565358132123947e-03,-5.055083893239498138e-03,-6.391887087374925613e-03,-4.137421026825904846e-03,-2.157936617732048035e-02,8.211336098611354828e-03,1.908992789685726166e-02,-2.918739430606365204e-02,3.144821152091026306e-02,-1.903912238776683807e-02,-4.515282344073057175e-03,-3.229284193366765976e-03,-2.204931154847145081e-02,-2.281138487160205841e-02,-2.500869520008563995e-02,-1.281552761793136597e-02,-1.884860545396804810e-02,-7.944610901176929474e-03,5.302757956087589264e-03,2.395767020061612129e-03,-7.849351502954959869e-03,-1.201535016298294067e-02,2.024573832750320435e-02,-2.294157166033983231e-03,1.253610011190176010e-02,9.411601349711418152e-03,-1.304414868354797363e-02,-1.715934276580810547e-02,-1.330452389083802700e-03,1.855647750198841095e-02,8.744787424802780151e-03,-4.232680425047874451e-03,-1.472070999443531036e-02,-2.047436125576496124e-02,7.132526952773332596e-04,-6.068006157875061035e-03,-5.550431553274393082e-03,1.426346600055694580e-02,-1.764198951423168182e-02,-2.662174962460994720e-02,1.808653213083744049e-02,1.646077632904052734e-02,-4.388270433992147446e-03,2.845072373747825623e-02,-3.256591781973838806e-02,-6.429990753531455994e-03,-2.225253172218799591e-02,7.728690281510353088e-03,-3.416627179831266403e-03,4.381919745355844498e-03,1.506364252418279648e-02,9.392549283802509308e-03,8.446308784186840057e-03,-5.010630004107952118e-03,4.681668430566787720e-02,-1.299969479441642761e-02,-1.527956314384937286e-02,-2.081729285418987274e-02,-2.584697492420673370e-02,6.401413120329380035e-03,6.067807771614752710e-05,-2.258276194334030151e-02,1.183594577014446259e-03,2.770452760159969330e-03,1.663859374821186066e-02,2.791727334260940552e-02,-1.594002731144428253e-02,3.749398887157440186e-02,-3.730982309207320213e-03,-1.940745860338211060e-02,2.223983034491539001e-02,1.395863667130470276e-02,1.632106304168701172e-02,2.431012876331806183e-02,6.915812380611896515e-03,-6.706241983920335770e-03,-7.715988904237747192e-03,1.468260586261749268e-02,-1.455559395253658295e-02,-1.179942954331636429e-02,-5.350387189537286758e-03,1.051025651395320892e-02,6.455393042415380478e-03,-5.553606897592544556e-03,-3.475052863359451294e-02,-2.424662187695503235e-02,1.855647750198841095e-02,-1.524145947769284248e-03,1.710853911936283112e-02,-2.972084656357765198e-02,2.199850603938102722e-02,3.802744299173355103e-02,4.814554704353213310e-04,-3.703674674034118652e-02,3.266752883791923523e-02,-2.113482356071472168e-02,-4.728027619421482086e-03,2.323052473366260529e-02,7.068227045238018036e-03,-1.296159159392118454e-02,-2.763784676790237427e-02,-4.788358695805072784e-03,1.361570414155721664e-02,-2.900957874953746796e-02,-1.060551614500582218e-03,2.921279706060886383e-02,-1.522875856608152390e-02,-3.254051506519317627e-02,-2.763784676790237427e-02,8.128778077661991119e-03,2.852693200111389160e-02,3.273738548159599304e-03,2.391638979315757751e-02,-4.924896638840436935e-03,7.550872862339019775e-03,1.198994833976030350e-02,-1.296159159392118454e-02,2.812049351632595062e-02,-1.040864642709493637e-02,-2.330673160031437874e-03,1.310765556991100311e-02,2.569456025958061218e-02,-2.342104353010654449e-02,-1.088335528038442135e-03,1.531766727566719055e-02,1.480961777269840240e-02,2.525001764297485352e-02,8.935305289924144745e-03,1.192644238471984863e-02,-1.468260586261749268e-02,1.059916522353887558e-02,1.754355500452220440e-03,3.340419754385948181e-02,-5.007454659789800644e-03,1.824212144128978252e-03,2.174448221921920776e-02,4.070739727467298508e-03,3.055912628769874573e-02,7.722339592874050140e-03,-6.642736028879880905e-03,2.303683198988437653e-03,5.928292870521545410e-03,5.271004978567361832e-03,1.433649798855185509e-03,-5.150343291461467743e-03,4.437804967164993286e-02,-7.099980022758245468e-03,-1.886130683124065399e-02,-2.408150583505630493e-02,-8.636826649308204651e-03,3.193085640668869019e-02,3.104177303612232208e-02,-1.719744689762592316e-02,2.679956704378128052e-02,-7.531821262091398239e-03,1.925504393875598907e-02,9.284589439630508423e-03,6.414114031940698624e-03,-3.002567589282989502e-02,1.492392923682928085e-02,-2.834911458194255829e-02,3.124499134719371796e-02,3.873870894312858582e-02,-8.662229403853416443e-03,-1.193120493553578854e-03,1.497473381459712982e-02,-7.341302931308746338e-03,-1.529226452112197876e-02,2.678368939086794853e-03,-7.525470573455095291e-03,-4.569262731820344925e-03,8.967058733105659485e-03,2.488168329000473022e-02,-2.945094602182507515e-03,-6.316061019897460938e-01,8.236738853156566620e-03,-1.074522919952869415e-02,-1.765469089150428772e-02,3.086395561695098877e-02,1.341248396784067154e-02,1.498743519186973572e-02,1.811193488538265228e-02,-2.464035898447036743e-02,1.687991619110107422e-02,-2.583427354693412781e-02,1.226302422583103180e-02,-1.981389708817005157e-03,-2.954302914440631866e-02,-6.623684428632259369e-03,-1.958527602255344391e-02,-4.035811405628919601e-03,-1.596542820334434509e-02,-1.216776482760906219e-02,-1.327277068048715591e-02,-1.031973864883184433e-02,1.449526287615299225e-03,8.465360850095748901e-03,2.206836361438035965e-03,2.530082315206527710e-02,1.059757705661468208e-04,7.385757286101579666e-03,-1.989010535180568695e-02,-5.658391863107681274e-03,1.245512976311147213e-03,-4.468287900090217590e-02,2.345914579927921295e-02,-1.288538426160812378e-02,7.639781571924686432e-03,3.215948119759559631e-02,2.357663353905081749e-03,-8.160531520843505859e-03,3.335339576005935669e-02,1.456829532980918884e-02,2.644393220543861389e-02,-1.812463626265525818e-02,-5.743331275880336761e-04,-3.969130106270313263e-03,1.889305887743830681e-03,8.224037475883960724e-03,1.906452514231204987e-02,3.609685599803924561e-02,-1.928997226059436798e-03,3.556340560317039490e-02,1.203440222889184952e-02,2.808556426316499710e-03,-2.751083485782146454e-02,-1.575744594447314739e-03,6.661788094788789749e-03,-4.305712413042783737e-03,6.845955736935138702e-03,3.528397902846336365e-02,-4.172349348664283752e-03,-1.274567097425460815e-02,9.525911882519721985e-03,1.740066683851182461e-03,2.949222363531589508e-02,-7.648513419553637505e-04,-5.223375046625733376e-04,-8.217686787247657776e-03,1.218681689351797104e-02,-2.492613624781370163e-03,2.208741568028926849e-02,1.530496589839458466e-02,3.383604064583778381e-02,9.383023716509342194e-04,-1.037054322659969330e-02,-1.442858204245567322e-02,-2.126183547079563141e-02,2.875555306673049927e-02,1.812463626265525818e-02,1.386814052239060402e-03,-1.604163646697998047e-02,-9.456055238842964172e-03,3.953253384679555893e-03,-2.995899412781000137e-03,-1.685451343655586243e-02,-1.280282624065876007e-02,-1.616864837706089020e-02,2.070298232138156891e-02,3.068931400775909424e-03,-1.051025651395320892e-02,-2.283678762614727020e-02,1.433967333287000656e-02,-7.099980022758245468e-03,-6.132305716164410114e-04,2.244304865598678589e-02,1.082778722047805786e-02,8.319296874105930328e-03,2.639312669634819031e-02,7.284147664904594421e-03,-2.575806714594364166e-02,6.642736028879880905e-03,1.326007023453712463e-02,4.931247327476739883e-03,-2.524366835132241249e-03,-8.833696134388446808e-03,1.940745860338211060e-02,-6.560178007930517197e-03,-1.280282624065876007e-02,-1.750227622687816620e-02,-2.946682088077068329e-02,1.019272580742835999e-02,2.236684225499629974e-02,-5.898444727063179016e-02,-1.120882295072078705e-02,2.633914817124605179e-03,1.117707043886184692e-02,-2.226523123681545258e-02,-2.093160524964332581e-02,-2.499599382281303406e-02,8.636826649308204651e-03,1.469530723989009857e-02,2.041085436940193176e-02,-3.673191741108894348e-02,6.195018067955970764e-03,2.545323781669139862e-02,-5.579009186476469040e-03,-1.651158183813095093e-02,1.304414868354797363e-02,1.882320269942283630e-02,-7.074577268213033676e-03,-1.928044669330120087e-02,-4.451776389032602310e-03,4.813760984688997269e-03,-1.223762147128582001e-02,-1.831515319645404816e-02,1.318386290222406387e-02,2.551356796175241470e-03,2.756163850426673889e-02,-1.132948510348796844e-02,3.205787017941474915e-02,5.051908548921346664e-03,2.503409795463085175e-02,-1.314575877040624619e-02,-1.916613616049289703e-02,5.801280494779348373e-03,1.392053347080945969e-02,3.019714262336492538e-03,-3.546814667060971260e-03,-3.022889420390129089e-02,-1.225667353719472885e-02,-2.819669991731643677e-02,-1.930584944784641266e-02,-2.319559687748551369e-03,2.832371182739734650e-02,-7.093629334121942520e-03,-3.327718749642372131e-02,-1.445398386567831039e-02,6.547477096319198608e-03,-4.686748608946800232e-03,6.083882413804531097e-03,-1.366650871932506561e-02,1.816273899748921394e-03,-3.569041937589645386e-02,2.959383465349674225e-02,3.868790343403816223e-02,-9.157576598227024078e-03,-7.398458663374185562e-03,1.169782038778066635e-02,2.294157166033983231e-03,-2.099511027336120605e-02,-4.226329736411571503e-03,-1.144379563629627228e-02,-2.036004886031150818e-02,1.496203243732452393e-02,1.825164817273616791e-02,-6.055304780602455139e-03,1.855647750198841095e-02,2.918739430606365204e-02,-2.360838465392589569e-03,-1.115166768431663513e-02,-7.201589643955230713e-03,-1.322196610271930695e-02,2.408150583505630493e-02,2.576759317889809608e-03,4.791534040123224258e-03,-3.825606405735015869e-02,-3.045751713216304779e-02,1.583841629326343536e-02,-5.813981872051954269e-03,-6.410939153283834457e-03,7.906506769359111786e-03,-5.464698188006877899e-03,3.429328324273228645e-03,-3.191180527210235596e-03,2.557707484811544418e-03,8.909903466701507568e-03,-8.274842053651809692e-03,-4.439075011759996414e-03,1.605433784425258636e-02,1.617023604921996593e-03,1.004666183143854141e-02,4.324764013290405273e-03,2.411960996687412262e-02,-9.951403364539146423e-03,-8.497113361954689026e-03,4.757875576615333557e-02,-2.068710513412952423e-03,5.813981872051954269e-03,2.845072420313954353e-03,1.531766727566719055e-02,9.176628664135932922e-04,2.304000593721866608e-02,-1.142315682955086231e-03,3.927851095795631409e-03,-6.838335096836090088e-02,-2.121103182435035706e-02,-8.493938366882503033e-04,6.528425030410289764e-03,2.215092070400714874e-02,6.776099093258380890e-03,-1.799762435257434845e-02,-3.038130886852741241e-02,-8.090674877166748047e-03,-6.693541072309017181e-03,2.977165021002292633e-02,5.556782241910696030e-03,1.705773361027240753e-02,-3.917055204510688782e-02,2.286218851804733276e-02,1.654968410730361938e-02,1.728635467588901520e-02,8.535217493772506714e-03,-2.472926862537860870e-02,-2.123643271625041962e-02,2.748225582763552666e-03,-5.171776283532381058e-04,2.730761468410491943e-02,1.459369715303182602e-02,-1.577491126954555511e-02,1.075157988816499710e-02,-3.442029654979705811e-02,-8.363750763237476349e-03,-3.584283217787742615e-02,1.717204414308071136e-02,9.722781367599964142e-03,1.620675250887870789e-02,-1.695612445473670959e-02,8.808293379843235016e-03,-1.162796374410390854e-02,1.336167939007282257e-02,1.714664162136614323e-03,-2.478007227182388306e-02,8.020818233489990234e-03,-4.077090322971343994e-02,1.646077632904052734e-02,-1.653698273003101349e-02,-4.518457688391208649e-03,2.420851774513721466e-02,-4.138056188821792603e-02,-1.533036772161722183e-02,1.482470106566324830e-04,3.442029654979705811e-02,4.084711149334907532e-02,2.554214559495449066e-02,3.543639322742819786e-03,2.222712896764278412e-02,1.219951827079057693e-02,9.202031418681144714e-03,1.406024675816297531e-02,8.319296874105930328e-03,-1.781980693340301514e-02,-3.381063789129257202e-02,-2.226523123681545258e-02,-2.589778043329715729e-02,-6.274400744587182999e-03,3.901813551783561707e-02,-3.508710942696779966e-04,8.414555341005325317e-03,8.541567949578166008e-04,1.132313441485166550e-02,6.757047027349472046e-03,1.338708214461803436e-02,-1.237733568996191025e-02,4.858215339481830597e-03,-3.083855286240577698e-02,2.484357915818691254e-02,-6.296032370300963521e-05,-1.609244011342525482e-02,-1.506364252418279648e-02,-1.891211047768592834e-02,6.579230073839426041e-03,-4.193941503763198853e-02,-9.221083484590053558e-03,6.060861633159220219e-04,2.122373320162296295e-02,1.599083095788955688e-02,-2.845072373747825623e-02,-2.098240889608860016e-02,-1.998853869736194611e-03,4.610541462898254395e-02,-3.315017372369766235e-02,1.853107474744319916e-02,-9.583068080246448517e-03,2.213187050074338913e-03,-2.156666480004787445e-02,-1.397133804857730865e-02,1.952811959199607372e-03,3.345500305294990540e-02,-1.768644317053258419e-03,1.449208799749612808e-02,-2.219537505879998207e-03,1.384432613849639893e-02,-3.828146681189537048e-02,-1.437777653336524963e-02,6.953916046768426895e-03,-4.753430373966693878e-03,-1.037689391523599625e-02,6.896760314702987671e-03,-7.785845547914505005e-03,-3.878951445221900940e-02,-2.440221142023801804e-03,-9.360796771943569183e-03,-2.640265272930264473e-03,-1.136123761534690857e-02,-1.577491126954555511e-02,-1.922646653838455677e-03,7.715988904237747192e-03,9.160117059946060181e-02,9.637047769501805305e-04,1.439047791063785553e-02,6.757047027349472046e-03,-1.267144834855571389e-04,3.447110205888748169e-02,-2.311621420085430145e-02,-1.917883567512035370e-02,-5.706021562218666077e-03,-3.375348169356584549e-03,-7.195238955318927765e-03,-1.677830703556537628e-02,-1.568600186146795750e-03,-1.869619078934192657e-02,2.319242060184478760e-02,1.825164817273616791e-02,-1.922964118421077728e-02,1.021654112264513969e-03,5.563132930546998978e-03,1.052930857986211777e-02,-1.794681884348392487e-02,1.950906775891780853e-02,-9.532262571156024933e-03,4.204102605581283569e-02,1.136123761534690857e-02,-3.630007430911064148e-02,1.889940910041332245e-02,1.851837337017059326e-02,1.017367467284202576e-02,-2.014412917196750641e-02,3.315017558634281158e-03,1.029433589428663254e-02,-1.416185591369867325e-02,1.552088651806116104e-02,-1.220586895942687988e-02,1.083413790911436081e-02,1.766739226877689362e-02,3.221028298139572144e-02,1.018002443015575409e-02,-7.855702191591262817e-03,1.306637655943632126e-03,8.224037475883960724e-03,1.082778722047805786e-02,-2.009332366287708282e-02,5.337686277925968170e-03,-1.729905605316162109e-02,-9.589417837560176849e-03,3.099096752703189850e-02,-1.605433784425258636e-02,-1.717204414308071136e-02,1.559709385037422180e-02,-3.129579871892929077e-02,-2.184609137475490570e-02,-2.386558614671230316e-02,1.771819661371409893e-03,8.751138113439083099e-03,-8.586022071540355682e-03,1.055471040308475494e-02,-3.617861948441714048e-04,8.706684224307537079e-03,-1.567330025136470795e-02,-4.648645222187042236e-02,-2.476737136021256447e-03,-2.913659065961837769e-02,-3.121959045529365540e-02,5.572658497840166092e-03,-4.496230557560920715e-02,-8.122427389025688171e-03,-2.237954363226890564e-02,1.058963942341506481e-03,-2.611370012164115906e-02,-2.091890387237071991e-02,-2.982245571911334991e-02,1.319656334817409515e-02,4.275229573249816895e-02,1.895021460950374603e-02,1.581301353871822357e-02,-1.876604743301868439e-03,1.239003613591194153e-02,1.975039206445217133e-02,9.862494654953479767e-03,-2.118562906980514526e-02,7.423860952258110046e-03,-1.691802032291889191e-02,1.099449000321328640e-03,2.212551794946193695e-02,6.429990753531455994e-03,-2.004252001643180847e-02,-1.297429203987121582e-02,2.705359086394309998e-02,8.281192742288112640e-03,-5.737774539738893509e-03,1.706725917756557465e-03,-9.417952038347721100e-03,5.515503231436014175e-03,4.924896638840436935e-03,1.869619078934192657e-02,-1.957257464528083801e-02,-7.989064790308475494e-03,7.763618486933410168e-04,-1.363793155178427696e-03,-2.272247523069381714e-02,8.605074137449264526e-03,-2.703771460801362991e-03,2.145235426723957062e-02,2.804428525269031525e-02,1.437777653336524963e-02,5.347211845219135284e-03,-1.710853911936283112e-02,-2.400529943406581879e-02,2.143965288996696472e-02,-2.674876153469085693e-02,7.315900642424821854e-03,5.759207997471094131e-04,-1.896291598677635193e-02,1.975039206445217133e-02,-1.104212016798555851e-03,2.264626882970333099e-02,1.126597914844751358e-02,-2.926360256969928741e-02,6.503022741526365280e-03,-2.225253172218799591e-02,4.366677999496459961e-02,1.168511901050806046e-02,-3.305491525679826736e-03,1.566059887409210205e-02,-1.289967331103980541e-03,-3.396305069327354431e-02,2.761244401335716248e-02,1.035149116069078445e-02,8.459010161459445953e-03,2.241764590144157410e-02,2.562470501288771629e-03,2.349724993109703064e-02,1.475881319493055344e-02,-1.441588066518306732e-02,-2.006792230531573296e-03,1.594002731144428253e-02,-2.916199341416358948e-02,-1.311400556005537510e-03,1.309495419263839722e-02,-2.716869639698415995e-04,-5.798105150461196899e-03,-4.353342112153768539e-03,-3.816715441644191742e-03,-3.795123472809791565e-02,1.277742348611354828e-02,-1.016097329556941986e-02,-1.951224403455853462e-03,2.824750542640686035e-02,-4.838369495701044798e-04,2.080459147691726685e-02,-2.488168329000473022e-02,7.665183860808610916e-03,4.804234951734542847e-03,7.839031604817137122e-05,-1.851837337017059326e-02,-1.557169109582901001e-02,1.117071975022554398e-02,2.845072373747825623e-02,3.068613819777965546e-02,1.982659846544265747e-02,4.515282344073057175e-03,2.786646783351898193e-02,-8.522516116499900818e-03,2.495788969099521637e-03,-5.661567207425832748e-03,-1.709583774209022522e-02,-3.312477096915245056e-02,8.281192742288112640e-03,-4.327939357608556747e-03,1.503823976963758469e-02,1.315846014767885208e-02,8.490762673318386078e-03,1.008476596325635910e-02,5.906065343879163265e-04,-6.960266735404729843e-03,-6.433166097849607468e-03,5.086837336421012878e-03,-2.304000593721866608e-02,-1.238368544727563858e-02,-4.448601044714450836e-03,1.167718088254332542e-03,1.259960699826478958e-02,2.260816469788551331e-02,-8.738436736166477203e-03,1.073252782225608826e-02,-1.291713677346706390e-02,6.014025770127773285e-03,3.438854357227683067e-03,1.872159354388713837e-02,-3.025429695844650269e-02,3.939917311072349548e-02,6.087057758122682571e-03,-1.039912109263241291e-03,1.021177787333726883e-02,-1.854377565905451775e-03,1.256150286644697189e-02,1.185658574104309082e-02,6.341082043945789337e-03,1.930584944784641266e-02,6.985669024288654327e-03,-1.618134975433349609e-02,-1.535577047616243362e-02,-4.224424436688423157e-02,8.052570745348930359e-03,-1.392053347080945969e-02,-2.583427354693412781e-02,-1.489852648228406906e-02,-5.143992602825164795e-03,-1.611784286797046661e-02,-2.311621420085430145e-02,-3.689703298732638359e-03,-1.572410576045513153e-02,2.104591578245162964e-02,-3.742889675777405500e-04,-2.875555306673049927e-02,1.605433784425258636e-02,1.893751323223114014e-02,-1.865808665752410889e-02,-2.786646783351898193e-02,-1.131043303757905960e-02,2.900957874953746796e-02,-2.867299597710371017e-03,7.455613929778337479e-03,2.768865227699279785e-02,8.998812176287174225e-03,-1.013557054102420807e-02,6.153739523142576218e-03,-1.639726944267749786e-02,-6.998370401561260223e-03,4.747079685330390930e-03,9.094070643186569214e-03,3.129262244328856468e-03,-1.412375271320343018e-02,2.562470501288771629e-03,1.632106304168701172e-02,-1.799762435257434845e-02,-2.804428525269031525e-02,1.785790920257568359e-02,-1.064996980130672455e-02,-9.094070643186569214e-03,-2.035369863733649254e-03,1.179307978600263596e-02,3.934201784431934357e-03,2.145235426723957062e-02,-9.875196032226085663e-03,-6.947565358132123947e-03,-5.090012215077877045e-03,5.845734849572181702e-03,-1.287903357297182083e-02,2.498329244554042816e-02,-9.754533879458904266e-03,-6.223595701158046722e-04,-5.877487827092409134e-03,-2.253195829689502716e-02,8.320288907270878553e-05,-1.168511901050806046e-02,-2.142695151269435883e-02,-8.903552778065204620e-03,-1.827705092728137970e-02,1.322196610271930695e-02,1.915343478322029114e-02,-1.663859374821186066e-02,3.299776092171669006e-02,2.236684225499629974e-02,-2.320512197911739349e-02,1.690849428996443748e-03,-3.959207388106733561e-04,2.333213388919830322e-02,-2.381478063762187958e-02,-8.535217493772506714e-03,-1.517795305699110031e-02,1.954717189073562622e-02,2.076648920774459839e-02,-1.197089627385139465e-02,1.169782038778066635e-02,7.563574239611625671e-03,-2.340834215283393860e-02,-1.403484400361776352e-02,1.110086310654878616e-02,-2.218743757111951709e-04,6.820552982389926910e-03,1.181213068775832653e-03,-7.188888266682624817e-03,-1.929314807057380676e-02,-1.299969479441642761e-02,7.096804329194128513e-04,2.528812177479267120e-02,1.063091773539781570e-02,-1.976309344172477722e-02,5.429769866168498993e-03,1.704503223299980164e-02,1.647347770631313324e-02,-1.241543889045715332e-02,1.287903357297182083e-02,1.828975230455398560e-02,4.511472210288047791e-02,-1.818814128637313843e-02,3.574122115969657898e-02,-1.658778823912143707e-02,-1.023082993924617767e-02,-1.359030138701200485e-02,1.265676226466894150e-02,1.820084266364574432e-02,-2.953032730147242546e-03,2.749813254922628403e-03,-1.892481185495853424e-02,-5.766352172940969467e-03,3.246431052684783936e-02,4.521633032709360123e-03,9.036915376782417297e-03,1.856917887926101685e-02,-2.420851774513721466e-02,-8.166882209479808807e-03,1.066902186721563339e-02,8.325647562742233276e-03,-2.931440807878971100e-02,-3.396305069327354431e-02,4.058038815855979919e-03,7.182538043707609177e-03,-7.398458663374185562e-03,3.904353827238082886e-02,-2.951762638986110687e-02,5.465492140501737595e-04,2.559295110404491425e-02,1.641632174141705036e-03,3.038130886852741241e-02,4.038986749947071075e-03,-7.919208146631717682e-03,-6.026727147400379181e-03,1.081508584320545197e-02,-2.497059106826782227e-02,-8.528866805136203766e-03,8.243089541792869568e-03,-1.129614422097802162e-03,-6.191842723637819290e-03,1.500013656914234161e-02,4.686748608946800232e-03,-1.244084164500236511e-02,-1.982659846544265747e-02,2.049976401031017303e-02,2.061407454311847687e-02,1.519065443426370621e-02,-1.266311295330524445e-02,-2.478324808180332184e-03,-6.144213490188121796e-03,-3.946903161704540253e-03,-2.133804373443126678e-02,-1.695612445473670959e-02,-3.511886345222592354e-03,4.173619672656059265e-02,1.550818514078855515e-02,-4.515282344073057175e-03,-2.201120741665363312e-02,-1.548278238624334335e-02,-2.639312669634819031e-02,-2.410690858960151672e-02,-7.874754257500171661e-03,1.981389708817005157e-02,-4.227123572491109371e-04,2.124913409352302551e-02,4.982051905244588852e-03,1.587652042508125305e-02,2.257006056606769562e-02,2.497059106826782227e-02,-3.454730845987796783e-03,-2.522461488842964172e-02,2.193500101566314697e-02,-2.170637808740139008e-02,9.754533879458904266e-03,2.002981863915920258e-02,-2.025843970477581024e-02,-2.000441588461399078e-02,5.039842799305915833e-02,4.423198755830526352e-03,1.969958655536174774e-02,2.128723822534084320e-02,-2.427519997581839561e-03,-1.788331195712089539e-02,-1.527956314384937286e-02,-3.743683453649282455e-03,1.452701631933450699e-03,-5.867961794137954712e-03,8.770190179347991943e-03,-4.219979047775268555e-03,1.769279502332210541e-02,-1.172957289963960648e-02,1.475881319493055344e-02,-1.300604548305273056e-02,-1.316957408562302589e-03,3.473782679066061974e-03,-6.314885686151683331e-04,-1.172480988316237926e-03,-1.089129317551851273e-02,-1.524939783848822117e-03,-2.980022924020886421e-03,-1.978849433362483978e-02,1.730540767312049866e-03,1.056741178035736084e-02,-2.908578515052795410e-02,9.954578708857297897e-04,-7.017422001808881760e-03,-3.198166191577911377e-02,4.070739727467298508e-03,2.692657895386219025e-02,-8.928954601287841797e-03,-1.337438076734542847e-02,1.065632048994302750e-02,-1.875969581305980682e-02,1.535577047616243362e-02,-1.254245056770741940e-03,-1.280917692929506302e-02,-2.246845141053199768e-02,1.004031114280223846e-02,-2.323052473366260529e-02,-8.452659472823143005e-03,-2.296379953622817993e-02,2.921279706060886383e-02,2.989866398274898529e-02,-2.499599382281303406e-02,-9.637047769501805305e-04,5.874312482774257660e-04,-2.903497964143753052e-02,-2.652014046907424927e-02,-2.410690858960151672e-02,-1.821354404091835022e-02,8.192284731194376945e-04,-8.820994757115840912e-03,6.522074341773986816e-03,8.916254155337810516e-03,-2.606289647519588470e-02,-2.051246352493762970e-02,1.000855863094329834e-02,-2.781566418707370758e-02,1.357760000973939896e-02,2.162255048751831055e-01,-3.828146681189537048e-02,-4.254907369613647461e-03,2.873015217483043671e-02,-1.524145947769284248e-03,-1.045310124754905701e-02,2.356075681746006012e-02,1.825164817273616791e-02,8.617775514721870422e-03,8.039870299398899078e-03,-2.979705296456813812e-02,1.125962845981121063e-02,-3.083220217376947403e-03,-6.474643305409699678e-05,3.317557647824287415e-02,-5.179556086659431458e-02,-1.977579295635223389e-02,-4.458126798272132874e-02,-3.154982253909111023e-02,-4.816301167011260986e-02,1.677830703556537628e-02,-6.668138783425092697e-03,8.325647562742233276e-03,-1.985200121998786926e-02,4.226329736411571503e-03,7.398458663374185562e-03,2.267167158424854279e-02,-1.701963017694652081e-03,3.508076071739196777e-02,2.229063399136066437e-02,-1.781980693340301514e-02,1.771819661371409893e-03,1.893751323223114014e-02,4.785183351486921310e-03,-2.728221192955970764e-02,1.414915453642606735e-02,2.591048181056976318e-02,3.245160682126879692e-03,-1.370937563478946686e-03,-2.801888249814510345e-02,1.453019119799137115e-02,-9.309991262853145599e-03,-1.146919839084148407e-02,-9.691027924418449402e-03,-1.526686176657676697e-02,2.349724993109703064e-02,-3.454730659723281860e-02,-1.075157988816499710e-02,-2.594858407974243164e-02,8.649528026580810547e-03,-2.997487038373947144e-02,4.959824960678815842e-03,1.754038035869598389e-02,8.890851400792598724e-03,1.439047791063785553e-02,-1.421266142278909683e-02,5.375789944082498550e-03,-1.803572662174701691e-02,-7.582626305520534515e-03,-1.122152432799339294e-02,9.128999081440269947e-04,1.094844844192266464e-02,-5.677443463355302811e-03,2.009332366287708282e-02,-6.247410783544182777e-04,3.015268780291080475e-02,-3.325178474187850952e-02,1.273932028561830521e-02,5.813981872051954269e-03,-1.412375271320343018e-02,1.097861328162252903e-03,-2.089350111782550812e-02,6.369660142809152603e-03,2.057597041130065918e-02,4.576903302222490311e-05,5.699670873582363129e-03,5.988623481243848801e-03,1.233923155814409256e-02,1.446668524295091629e-02,1.740066707134246826e-02,5.728248506784439087e-03,-7.182538043707609177e-03,-9.621171629987657070e-04,-1.512714847922325134e-02,-1.062456704676151276e-02,-4.454951733350753784e-03,3.016538976226001978e-04,1.010381709784269333e-02,-1.741336844861507416e-02,1.740066707134246826e-02,6.763397715985774994e-03,-1.379352062940597534e-02,-1.535577047616243362e-02,-6.941214669495820999e-03,-1.879779994487762451e-02,-8.979760110378265381e-03,7.982714101672172546e-03,2.631692029535770416e-02,-1.741336844861507416e-02,-3.819890785962343216e-03,-6.699891760945320129e-03,-4.231092752888798714e-04,2.257641172036528587e-03,1.680370979011058807e-02,-1.352679543197154999e-02,-1.836595870554447174e-02,2.274787798523902893e-02,3.523317351937294006e-02,-1.606703922152519226e-02,-1.112626586109399796e-02,-6.584787042811512947e-04,-8.262141607701778412e-03,-5.820332560688257217e-03,-2.452922286465764046e-03,-1.962337875738739967e-03,8.948006667196750641e-03,-8.751138113439083099e-03,-1.779440417885780334e-02,2.465306036174297333e-02,1.097385119646787643e-02,-1.265676226466894150e-02,-9.125824086368083954e-03,6.998370401561260223e-03,1.258690562099218369e-02,-9.937709546647965908e-05,-9.138525463640689850e-03,-1.624485477805137634e-02,-1.855965238064527512e-03,3.157839877530932426e-03,-4.628323391079902649e-02,-5.299582611769437790e-03,-1.544467918574810028e-02,2.239224500954151154e-02,-3.619846655055880547e-03,1.667669788002967834e-02,4.478449001908302307e-02,-1.131043303757905960e-02,-1.707043498754501343e-02,-3.729077056050300598e-02,-5.128115881234407425e-03,-8.249440230429172516e-03,6.617333739995956421e-03,-3.756384830921888351e-03,1.775630004703998566e-02,-3.099096752703189850e-02,1.056106109172105789e-02,3.203246742486953735e-02,-2.030606847256422043e-03,4.937598016113042831e-03,-9.589417837560176849e-03,-7.881104946136474609e-03,-2.241764590144157410e-02,1.136123761534690857e-02,-3.835767274722456932e-03,4.232045263051986694e-02,7.366705220192670822e-03,-1.848026923835277557e-02,-2.730761468410491943e-02,1.748957484960556030e-02,1.663859374821186066e-02,-6.218515336513519287e-02,-3.254686715081334114e-03,1.221857033669948578e-02,-5.931468214839696884e-03,-1.261865813285112381e-02,6.687190383672714233e-03,-1.580031365156173706e-01,3.286439692601561546e-03,1.180419232696294785e-03,-2.058867178857326508e-02,2.499599382281303406e-02,-3.857498450088314712e-05,2.690117619931697845e-02,-3.677002154290676117e-03,5.467873532325029373e-03,-2.357663324801251292e-04,7.430211640894412994e-03,6.623684428632259369e-03,-3.787502646446228027e-02,-8.001766167581081390e-03,-1.940745860338211060e-02,-2.028384245932102203e-02,-3.698594123125076294e-02,1.154540572315454483e-02,3.325178474187850952e-02,1.300882431678473949e-04,1.042134780436754227e-02,-4.485117096919566393e-05,2.928900532424449921e-02,-4.112653806805610657e-02,1.128026749938726425e-03,-1.012286916375160217e-02,-1.014827191829681396e-02,6.712592672556638718e-03,-3.934836760163307190e-02,-2.857773751020431519e-02,-3.043211437761783600e-02,2.171907946467399597e-02,3.325178474187850952e-02,-3.372172825038433075e-03,1.776900142431259155e-02,5.532967625185847282e-04,-1.212331093847751617e-02,6.871358025819063187e-03,-1.075793057680130005e-02,-4.947123583406209946e-03,1.684498856775462627e-03,3.177844360470771790e-02,6.083882413804531097e-03,-1.383162476122379303e-02,6.201368756592273712e-03,3.957698866724967957e-02,1.501283794641494751e-02,-1.539387460798025131e-02,1.483502052724361420e-02,7.868403568863868713e-03,1.649888046085834503e-02,-2.354805544018745422e-02,1.557169109582901001e-02,1.888670772314071655e-02,-9.030564688146114349e-03,8.204985409975051880e-03,-8.820994757115840912e-03,2.616450656205415726e-03,8.643177337944507599e-03,-1.247894484549760818e-02,-1.000855863094329834e-02,-3.613495966419577599e-03,2.987326122820377350e-02,-1.526686176657676697e-02,9.221083484590053558e-03,-8.744787424802780151e-03,-1.870889216661453247e-02,-9.189330041408538818e-03,-6.084676715545356274e-04,1.648617908358573914e-02,5.553606897592544556e-03,-1.865808665752410889e-02,3.273738548159599304e-03,-2.687577344477176666e-02,3.612225875258445740e-02,4.058038815855979919e-03,-3.975480794906616211e-02,1.044675055891275406e-02,1.185023505240678787e-02,-1.559709385037422180e-02,-2.001711726188659668e-02,2.476737089455127716e-02,-2.514840848743915558e-02,-1.007206458598375320e-02,1.703550689853727818e-03,1.851837337017059326e-02,-3.103859722614288330e-03,-1.259325630962848663e-02,-1.212966162711381912e-02,1.728635467588901520e-02,3.010188229382038116e-02,-1.064996980130672455e-02,-3.588093677535653114e-03,-5.080486647784709930e-03,2.939061447978019714e-02,4.147740837652236223e-04,-3.438854357227683067e-03,1.675290428102016449e-02,-2.847612649202346802e-02,-1.458099670708179474e-02,7.417510263621807098e-03,-2.282408624887466431e-02,-3.383604064583778381e-02,3.091158578172326088e-03,1.924234256148338318e-02,8.547918871045112610e-03,2.946682088077068329e-02,1.306955143809318542e-02,3.401385620236396790e-02,5.671093240380287170e-03,-1.030703727155923843e-02,1.219316758215427399e-02,3.594444319605827332e-02,2.812049351632595062e-02,1.408564858138561249e-02,1.455559395253658295e-02,1.193914329633116722e-03,-1.597812958061695099e-02,6.839605048298835754e-03,1.308225281536579132e-02,6.376010924577713013e-02,-3.574201546143740416e-04,1.152000296860933304e-02,1.582095283083617687e-03,-3.110210411250591278e-03,-3.429328277707099915e-02,-1.025242209434509277e-01,-1.122152432799339294e-02,-5.833033472299575806e-03,3.802744299173355103e-02,3.652869910001754761e-02,3.449650481343269348e-02,7.442912552505731583e-03,1.085953973233699799e-02,-1.615594699978828430e-02,2.616450563073158264e-02,-1.879779971204698086e-03,-1.773089729249477386e-02,5.080486647784709930e-03,-6.591931451112031937e-03,1.557169109582901001e-02,1.154540572315454483e-02,-8.122427389025688171e-03,-1.525416038930416107e-02,-3.312477096915245056e-02,3.635723143815994263e-03,-1.586381904780864716e-02,2.933980897068977356e-02,1.026258245110511780e-02,-3.873870894312858582e-02,7.595327217131853104e-03,-2.497376641258597374e-03,-3.541099280118942261e-02,1.928044669330120087e-02,3.015268780291080475e-02,-4.897906328551471233e-04,-1.994090899825096130e-02,1.676560495980083942e-03,-6.566528696566820145e-03,-4.854246217291802168e-04,-2.845072373747825623e-02,-2.475467137992382050e-02,-5.062704905867576599e-02,-1.477151457220315933e-02,2.385288476943969727e-02,4.207277670502662659e-03,-2.946682274341583252e-03,7.512769661843776703e-03,1.443969551473855972e-03,-2.071568369865417480e-02,1.090399455279111862e-02,-2.641852945089340210e-02,-8.598723448812961578e-03,4.899494349956512451e-03,2.806968800723552704e-02,-9.652924723923206329e-03,-1.737526431679725647e-02,-1.898831874132156372e-02,-4.547035321593284607e-02,-2.425932325422763824e-02,8.287543430924415588e-03,-2.345914579927921295e-02,-7.807278889231383801e-04,1.501283794641494751e-02,-2.994946762919425964e-02,1.270756684243679047e-02,1.227254979312419891e-03,3.375348169356584549e-03,-9.760884568095207214e-03,-6.477620336227118969e-04,-2.204931154847145081e-02,-8.319296874105930328e-03,-1.035784184932708740e-02,-2.679956704378128052e-02,1.921693980693817139e-02,-1.303144823759794235e-02,1.399674080312252045e-02,-8.716209558770060539e-04,-5.931468214839696884e-03,2.301460318267345428e-02,-1.544467918574810028e-02,-4.213628359138965607e-03,-1.990280672907829285e-02,-1.378081925213336945e-02,3.203246742486953735e-02,-3.335339576005935669e-02,-2.014412917196750641e-02,-3.020349144935607910e-02,1.132948510348796844e-02,1.455083140172064304e-03,2.079189196228981018e-02,4.102492704987525940e-03,4.775657318532466888e-03,-1.134218648076057434e-02,-1.511444710195064545e-02,-8.757488802075386047e-03,-1.653698273003101349e-02,2.691070316359400749e-03,1.329817343503236771e-02,-8.382802829146385193e-03,5.029681604355573654e-03,-1.783131738193333149e-04,-2.956208074465394020e-03,-1.472070999443531036e-02,-1.426346600055694580e-02,5.874312482774257660e-03,-1.440317928791046143e-02,-4.439075011759996414e-03,-7.427671551704406738e-02,-2.643440617248415947e-03,-1.385702658444643021e-02,-1.043404918164014816e-02,1.004666183143854141e-02,-2.843881666194647551e-04,7.328602019697427750e-03,-2.839992009103298187e-02,-2.363696321845054626e-02,-1.827705092728137970e-02,-6.706241983920335770e-03,6.395062431693077087e-03,-5.490100942552089691e-03,-7.563574239611625671e-03,-1.573680713772773743e-02,4.435899667441844940e-03,1.486042328178882599e-02,9.443353861570358276e-03,6.005293689668178558e-04,2.385288476943969727e-02,1.343788672238588333e-02,-3.141963388770818710e-03,1.375541742891073227e-02,2.982245571911334991e-02,1.391576952300965786e-03,-5.532967625185847282e-04,-1.881050132215023041e-02,1.076428126543760300e-02,-5.880663171410560608e-03,-1.478421594947576523e-02,4.429548978805541992e-03,-1.976309344172477722e-02,2.146505564451217651e-02,2.359885908663272858e-02,-4.620067309588193893e-03,-2.218902483582496643e-02,1.521605718880891800e-02,1.380622200667858124e-02,2.312891557812690735e-02,5.192257091403007507e-02,-6.903111003339290619e-03,-2.469116449356079102e-02,3.015268780291080475e-02,6.725294049829244614e-03,-1.649888046085834503e-02,8.249440230429172516e-03,-3.677002154290676117e-03,2.542783506214618683e-02,7.500068284571170807e-03,-4.791534040123224258e-03,2.360838465392589569e-03,2.132534235715866089e-02,-2.433870686218142509e-03,-1.478421594947576523e-02,-9.989506565034389496e-03,-9.894247166812419891e-03,4.066929593682289124e-02,9.443353861570358276e-03,1.587652042508125305e-02,-4.160918295383453369e-02,3.607145324349403381e-02,1.498743519186973572e-02,1.842946559190750122e-02,-9.887896478176116943e-03,2.163017168641090393e-02,1.407294720411300659e-02,-1.660048961639404297e-02,-1.870254054665565491e-03,1.633376441895961761e-02,-2.946682088077068329e-02,-1.884860545396804810e-02,1.336167939007282257e-02,1.110086310654878616e-02,1.865808665752410889e-02,1.696882583200931549e-02,-1.101830508559942245e-03,-2.159206662327051163e-03,-4.766131285578012466e-03,1.659096335060894489e-03,3.642073832452297211e-03,1.496203243732452393e-02,1.468260586261749268e-02,-1.632106257602572441e-03,3.350580856204032898e-02,-7.341302931308746338e-03,3.886572085320949554e-03,2.984785847365856171e-02,-1.621945388615131378e-02,-3.667476121336221695e-04,9.906948544085025787e-03,1.347599085420370102e-02,1.858188025653362274e-02,2.041085436940193176e-02,1.118977181613445282e-02,-2.260816469788551331e-02,1.855647750198841095e-02,-5.331335589289665222e-03,8.662229403853416443e-03,3.543639322742819786e-03,1.334897801280021667e-02,1.108181104063987732e-02,-6.814202759414911270e-03,7.633430883288383484e-03,-5.763176828622817993e-03,-1.933125033974647522e-02,3.833227232098579407e-02,-4.511472210288047791e-02,-3.739238157868385315e-02,-3.419802524149417877e-03,-4.556561354547739029e-03,-5.350387189537286758e-03,2.417993964627385139e-03,5.639340262860059738e-03,-8.874975028447806835e-04,-8.382802829146385193e-03,2.589778043329715729e-02,3.670651465654373169e-02,2.385288476943969727e-02,-1.272026821970939636e-02,1.629566028714179993e-02,1.619405113160610199e-02,1.188198756426572800e-02,2.490708604454994202e-02,-2.679956704378128052e-02,1.737526431679725647e-02,2.465623663738369942e-03,4.858215339481830597e-03,3.489659167826175690e-03,4.677223041653633118e-03,-1.091669499874114990e-02,1.898831874132156372e-02,-2.513570711016654968e-02,-1.439047791063785553e-02,-2.081411890685558319e-03,-3.089570906013250351e-03,3.591904044151306152e-02,-5.353562533855438232e-03,2.006792090833187103e-02,-1.897561736404895782e-02,5.492005869746208191e-02,1.403484400361776352e-02,-3.294695541262626648e-02,-1.706725917756557465e-03,1.687991619110107422e-02,2.594858407974243164e-02,3.864345140755176544e-03,5.280530545860528946e-03,-1.538117323070764542e-02,-1.328547205775976181e-02,-3.467431990429759026e-03,-9.411601349711418152e-03,1.884860545396804810e-02,-1.347599085420370102e-02,-3.472512587904930115e-02,1.148189976811408997e-02,2.918104408308863640e-03,-1.113261561840772629e-02,5.712372250854969025e-03,-1.333627756685018539e-02,1.651158183813095093e-02,-9.182979352772235870e-03,-4.880442284047603607e-03,-2.979705296456813812e-02,-7.049174979329109192e-03,-2.977165021002292633e-02,-4.540684749372303486e-04,1.762293744832277298e-03,-3.870695596560835838e-03,-2.552944421768188477e-02,-1.139299105852842331e-02,8.586022071540355682e-03,-2.131264097988605499e-02,-2.538973093032836914e-02,5.858436226844787598e-03,-2.611370012164115906e-02,-6.296628154814243317e-03,-3.175304085016250610e-02,-1.010381709784269333e-02,3.205469576641917229e-03,-1.478421594947576523e-02,-4.321588668972253799e-03,-2.081729285418987274e-02,-1.644807495176792145e-02,3.045751713216304779e-02,1.746417209506034851e-02,-1.676560565829277039e-02,2.049976401031017303e-02,-1.426346600055694580e-02
-9.599992074072360992e-03,-1.802548393607139587e-02,5.007078871130943298e-03,-2.813854627311229706e-02,-1.741968840360641479e-02,2.544337883591651917e-02,-1.030469220131635666e-02,9.841073304414749146e-03,-1.670262590050697327e-02,-2.985702594742178917e-03,9.290913119912147522e-03,7.016092073172330856e-03,-1.962033100426197052e-02,-1.151628140360116959e-02,-1.190572045743465424e-02,-1.107120793312788010e-02,2.016431093215942383e-02,1.797603070735931396e-02,-7.671339437365531921e-03,1.761749968864023685e-03,2.835799241438508034e-03,4.611457698047161102e-03,-1.408163644373416901e-02,-7.374623790383338928e-03,-2.424415200948715210e-02,8.246226236224174500e-03,1.813675276935100555e-02,-2.574009448289871216e-02,3.194639831781387329e-02,-1.871782168745994568e-02,-1.733314618468284607e-02,-5.111392820253968239e-04,-1.145446579903364182e-02,-1.291949953883886337e-02,-2.180860936641693115e-02,-1.315439958125352859e-02,-8.932381868362426758e-03,-1.024905778467655182e-02,-2.731605945882620290e-07,1.210353150963783264e-02,-4.030389245599508286e-03,-7.430257741361856461e-03,1.401982083916664124e-02,7.961873896420001984e-03,3.560589393600821495e-03,5.517059005796909332e-03,-2.522084116935729980e-02,-4.371612519025802612e-02,-1.410945318639278412e-03,2.460268326103687286e-02,1.467506866902112961e-02,-1.579393399879336357e-03,-8.320405147969722748e-03,-1.314203627407550812e-02,1.597938127815723419e-03,-1.487287878990173340e-02,-1.486051548272371292e-02,1.465034205466508865e-02,-3.127878904342651367e-02,-2.083192020654678345e-02,1.406927313655614853e-02,3.830106183886528015e-02,-1.583720557391643524e-02,3.377614542841911316e-02,-2.524556778371334076e-02,-7.881512865424156189e-03,-1.817384175956249237e-02,8.839657530188560486e-03,1.448034890927374363e-03,-1.118865795433521271e-02,2.486230991780757904e-02,5.739595741033554077e-03,1.479869987815618515e-02,-1.834692619740962982e-02,2.939958870410919189e-02,-2.326746284961700439e-02,-1.898981072008609772e-02,-1.975632645189762115e-02,-3.182276710867881775e-02,1.498414669185876846e-02,-3.059881506487727165e-03,-2.873197942972183228e-02,-2.514357212930917740e-03,1.900835544802248478e-03,3.393686842173337936e-03,4.580549895763397217e-03,-2.737203054130077362e-02,3.590260818600654602e-02,-2.702895319089293480e-03,-2.449141629040241241e-02,3.493828326463699341e-02,1.937306858599185944e-02,2.530738338828086853e-02,1.469979435205459595e-02,8.060778491199016571e-03,-2.779237926006317139e-02,-2.162007149308919907e-03,3.015065100044012070e-03,-4.738179966807365417e-03,-1.625755243003368378e-02,-9.921434335410594940e-03,1.280823163688182831e-02,7.522981613874435425e-03,1.446489477530121803e-03,-2.737203054130077362e-02,-1.534267887473106384e-02,7.207721006125211716e-03,-1.740114414133131504e-03,1.483578886836767197e-02,-7.609523367136716843e-03,1.692516356706619263e-02,4.285070300102233887e-02,2.913068979978561401e-03,-3.347942978143692017e-02,2.536919899284839630e-02,-9.519631043076515198e-03,1.343875285238027573e-02,1.790185272693634033e-02,-6.153761874884366989e-03,-4.262198694050312042e-03,-2.710004150867462158e-02,4.973080009222030640e-03,-1.519316138001158834e-04,-2.523320540785789490e-02,-1.327494042925536633e-03,3.004247322678565979e-02,-2.038684673607349396e-02,-1.343875285238027573e-02,-2.799018844962120056e-02,8.858202956616878510e-03,5.949151515960693359e-02,1.379264751449227333e-03,2.044866234064102173e-02,-6.589563097804784775e-03,-6.848030170658603311e-05,2.368780970573425293e-02,-1.534576993435621262e-03,4.104568157345056534e-03,2.447905251756310463e-03,-6.805918179452419281e-03,1.873018406331539154e-02,5.331611726433038712e-03,-3.036391548812389374e-02,-3.687311895191669464e-03,1.357474736869335175e-02,-4.379648715257644653e-03,1.758041046559810638e-02,1.628227904438972473e-02,9.235278703272342682e-03,-9.185826405882835388e-03,4.324014298617839813e-03,-2.804891439154744148e-03,3.266346082091331482e-02,-1.248060725629329681e-02,5.708687938749790192e-03,9.692715480923652649e-03,4.874174948781728745e-03,2.381144091486930847e-02,1.243270002305507660e-03,-2.368780970573425293e-02,7.102634292095899582e-03,1.247906242497265339e-03,1.332748401910066605e-02,6.873915903270244598e-03,-4.358013160526752472e-03,3.849887475371360779e-02,8.338949643075466156e-03,-2.387634885963052511e-04,-1.933597773313522339e-02,-2.142535150051116943e-02,3.182276710867881775e-02,4.250453785061836243e-02,-2.085664682090282440e-02,1.955851539969444275e-02,-1.775349490344524384e-02,9.290913119912147522e-03,-9.705078555271029472e-04,-1.437835209071636200e-02,-1.340166293084621429e-02,1.259805727750062943e-02,-3.033918887376785278e-02,1.772876828908920288e-02,3.117988444864749908e-02,-8.907655254006385803e-03,1.693752594292163849e-02,2.498594112694263458e-02,5.634509027004241943e-03,-1.468743104487657547e-02,-6.394070805981755257e-04,-6.737920921295881271e-03,-2.641079481691122055e-03,2.049811556935310364e-02,1.111447904258966446e-02,-1.828511059284210205e-02,-6.420929431915283203e-01,8.604757487773895264e-03,-1.694988831877708435e-02,-7.294263225048780441e-03,1.996649987995624542e-02,8.283315226435661316e-03,1.978105166926980019e-03,1.373546849936246872e-02,-2.574009448289871216e-02,2.094318903982639313e-02,-2.138826251029968262e-02,1.708588376641273499e-02,4.385830368846654892e-03,-2.190751582384109497e-02,-9.791621007025241852e-03,-2.110391110181808472e-02,-4.463099874556064606e-03,-2.122754231095314026e-02,-2.517138980329036713e-02,2.427814994007349014e-03,-1.962033100426197052e-02,3.300963202491402626e-03,6.227940786629915237e-03,-7.312807720154523849e-03,2.157370932400226593e-02,1.197989936918020248e-02,7.127360440790653229e-03,-2.811382152140140533e-02,-1.526849996298551559e-02,1.975632645189762115e-02,-5.281541123986244202e-02,1.917525753378868103e-02,-6.577199790626764297e-03,2.716031158342957497e-04,3.528445214033126831e-02,9.960068855434656143e-04,-1.312967389822006226e-02,2.305728942155838013e-02,1.435362640768289566e-02,1.754332147538661957e-02,-1.971923746168613434e-02,9.816347621381282806e-03,7.425621734000742435e-04,-1.933597773313522339e-02,-1.461325213313102722e-02,2.504775673151016235e-02,2.596263028681278229e-02,1.148537360131740570e-02,1.840874180197715759e-02,7.244810461997985840e-03,-4.008753690868616104e-03,-2.944904193282127380e-02,8.814931847155094147e-03,6.812099833041429520e-03,-1.575529924593865871e-03,1.687571033835411072e-02,2.420706301927566528e-02,-3.135605948045849800e-03,-1.979341544210910797e-02,5.745777394622564316e-03,1.524377334862947464e-02,1.034796331077814102e-02,1.473688427358865738e-02,-8.524397388100624084e-03,-6.243394687771797180e-03,7.275718264281749725e-03,-1.308022066950798035e-02,9.513449855148792267e-03,3.108097799122333527e-02,2.387325838208198547e-02,-6.113581359386444092e-03,-6.447386927902698517e-03,6.008494645357131958e-03,-5.773594602942466736e-03,2.374962531030178070e-02,1.351293176412582397e-02,4.311651457101106644e-03,-1.167082134634256363e-02,-2.444196306169033051e-02,-1.239406596869230270e-02,-1.984286820515990257e-03,-5.906498525291681290e-03,-1.403218414634466171e-02,-1.769167929887771606e-02,1.083630789071321487e-02,5.263614468276500702e-03,-1.358711067587137222e-02,-1.847055740654468536e-02,1.629464142024517059e-02,-1.540449447929859161e-02,-1.164609473198652267e-02,2.979521080851554871e-02,5.816865712404251099e-03,8.406947366893291473e-03,1.400745753198862076e-02,1.471215765923261642e-02,-1.860655285418033600e-02,9.748349897563457489e-03,3.483319655060768127e-03,1.225807052105665207e-02,2.378362463787198067e-03,-1.592374779284000397e-02,2.633352577686309814e-02,-6.972820963710546494e-03,-1.901453733444213867e-02,-2.205809505539946258e-05,-2.910287305712699890e-02,2.231550030410289764e-02,3.884503990411758423e-02,-4.107040911912918091e-02,-5.186344496905803680e-03,-8.029870688915252686e-03,2.481285668909549713e-02,-6.336118560284376144e-03,-1.138646807521581650e-02,-2.749566361308097839e-02,4.160202573984861374e-03,9.565993095748126507e-04,5.993040744215250015e-03,-2.522084116935729980e-02,8.969470858573913574e-03,2.074537798762321472e-02,-2.462740987539291382e-02,-1.392091531306505203e-02,1.300604175776243210e-02,2.158607356250286102e-02,-8.110231719911098480e-03,-1.971923746168613434e-02,1.043914118781685829e-03,4.014935344457626343e-03,1.618028269149363041e-03,-1.273405272513628006e-02,1.900217309594154358e-02,1.978105166926980019e-03,1.680153049528598785e-02,-1.332902931608259678e-03,4.136712476611137390e-02,2.290274947881698608e-03,1.586193218827247620e-02,-2.591317892074584961e-02,-5.813775118440389633e-03,-4.018026404082775116e-03,1.477397326380014420e-02,-4.546551033854484558e-03,7.553889416158199310e-03,-2.667969465255737305e-02,-4.960717051289975643e-04,-3.164968267083168030e-02,-3.189694508910179138e-02,8.159684366546571255e-04,2.306965179741382599e-02,-1.933597773313522339e-02,-1.983050443232059479e-02,-1.330275740474462509e-02,1.772876828908920288e-02,-9.890526533126831055e-03,-5.127619486302137375e-03,-3.124788170680403709e-03,-1.225188933312892914e-02,-3.503718972206115723e-02,2.340345829725265503e-02,1.633173041045665741e-02,-8.202955126762390137e-03,2.260912442579865456e-03,1.315439958125352859e-02,9.171917918138206005e-04,-3.345470502972602844e-02,9.408363141119480133e-03,-7.467347197234630585e-03,-2.116572670638561249e-02,-5.467606708407402039e-03,1.190572045743465424e-02,5.340883973985910416e-03,1.093521341681480408e-02,1.740732602775096893e-02,6.283574737608432770e-03,-1.469979435205459595e-02,-4.302378743886947632e-03,-1.455143652856349945e-02,2.576482109725475311e-02,4.116931464523077011e-03,5.918861832469701767e-03,-3.741091489791870117e-02,-2.090610004961490631e-02,8.414674084633588791e-04,-5.044168327003717422e-03,-7.560071069747209549e-03,1.748150587081909180e-02,-3.098516492173075676e-03,6.144489161670207977e-03,-1.658208551816642284e-03,-9.635536116547882557e-04,1.261042058467864990e-02,-5.037986673414707184e-03,-6.422660313546657562e-03,2.883088402450084686e-02,-9.247642010450363159e-03,1.070031337440013885e-02,7.807333953678607941e-03,2.907814644277095795e-02,-1.356238406151533127e-02,1.185008697211742401e-02,5.484296754002571106e-02,-7.040818221867084503e-03,1.955851539969444275e-02,-9.290913119912147522e-03,5.393427331000566483e-03,-1.309258397668600082e-02,2.180860936641693115e-02,1.939779520034790039e-02,3.974755294620990753e-03,-5.138128250837326050e-02,-3.454266116023063660e-02,5.155436694622039795e-03,4.555823747068643570e-03,2.340345829725265503e-02,1.779058389365673065e-02,-8.827294223010540009e-03,-1.193044707179069519e-02,-1.349129597656428814e-03,9.766894392669200897e-03,3.545753657817840576e-02,-4.463099874556064606e-03,6.428841967135667801e-03,-2.986938878893852234e-02,1.834692619740962982e-02,2.042393572628498077e-02,1.981814205646514893e-02,9.241460822522640228e-03,-1.958324201405048370e-02,-2.942431531846523285e-02,-1.227043452672660351e-03,1.489760540425777435e-02,3.098207339644432068e-02,1.332902931608259678e-03,-1.960796862840652466e-02,1.962033100426197052e-02,-2.423178963363170624e-02,-2.956340089440345764e-03,-4.282597824931144714e-02,-3.440048545598983765e-03,1.279586832970380783e-02,1.859418861567974091e-02,-1.435362640768289566e-02,-5.619055125862360001e-03,1.650481484830379486e-02,6.224849727004766464e-03,1.279586832970380783e-02,-2.195696718990802765e-02,3.805379942059516907e-02,-3.506191447377204895e-02,2.121517807245254517e-02,-2.356417849659919739e-02,4.546551033854484558e-03,9.161099791526794434e-03,-2.412052080035209656e-02,-1.099702902138233185e-02,8.821113035082817078e-03,2.954794652760028839e-02,2.208060026168823242e-02,2.100500464439392090e-02,-6.110490765422582626e-03,4.042752552777528763e-03,3.333107382059097290e-02,1.908871531486511230e-02,3.038245951756834984e-03,6.812099833041429520e-03,-2.110391110181808472e-02,-7.016092073172330856e-03,-1.735787279903888702e-02,-1.178208924829959869e-02,-7.726973388344049454e-03,2.828690409660339355e-02,9.340365417301654816e-03,-9.760713204741477966e-03,3.248419612646102905e-03,-1.331512071192264557e-02,-4.837085492908954620e-03,1.760513707995414734e-02,-2.735348651185631752e-03,1.319148950278759003e-02,-3.938902169466018677e-02,9.389818646013736725e-03,-8.104049600660800934e-03,-3.260782919824123383e-03,8.215318433940410614e-03,-2.591317892074584961e-02,-1.369992387481033802e-03,-2.974575757980346680e-02,-4.307787748984992504e-04,3.098516492173075676e-03,2.623462118208408356e-02,1.873018406331539154e-02,8.147320710122585297e-03,-9.006560780107975006e-03,-1.845819503068923950e-02,3.998245298862457275e-02,-2.308201603591442108e-02,3.503718972206115723e-02,3.560589393600821495e-03,-1.814293442294001579e-03,-1.641827262938022614e-02,6.645197048783302307e-03,2.517448039725422859e-03,3.909230604767799377e-02,1.639084221096709371e-04,1.211589481681585312e-02,-9.944614721462130547e-04,-5.609782878309488297e-03,-3.006719984114170074e-02,-2.539392560720443726e-02,-9.871981106698513031e-03,-1.936070434749126434e-02,-1.113920472562313080e-02,-8.406947366893291473e-03,-6.249576341360807419e-03,-2.680332586169242859e-02,-2.926977584138512611e-03,-1.448034890927374363e-03,-1.451434753835201263e-02,8.450218476355075836e-03,-5.646872334182262421e-03,6.385570857673883438e-03,9.841073304414749146e-03,1.026636585593223572e-01,-1.197371818125247955e-02,2.325510047376155853e-02,1.741968840360641479e-02,-1.758659142069518566e-03,4.042752459645271301e-02,-1.283295731991529465e-02,-2.182097360491752625e-02,-2.116572670638561249e-02,4.827813245356082916e-03,-1.682625710964202881e-02,-1.240179291926324368e-03,-3.168059280142188072e-03,-1.587429456412792206e-02,3.530917689204216003e-02,1.069413125514984131e-02,-1.249915268272161484e-02,-1.030469220131635666e-02,-5.940497387200593948e-03,3.189694602042436600e-03,-1.655426807701587677e-02,1.515723112970590591e-02,1.823565806262195110e-03,1.476160995662212372e-02,9.476359933614730835e-03,-3.169913589954376221e-02,3.333107382059097290e-02,9.501086547970771790e-03,-2.375271636992692947e-03,-3.313326090574264526e-02,-1.216534711420536041e-02,1.048395782709121704e-02,-2.107918448746204376e-02,1.608176389709115028e-04,3.801671089604496956e-03,1.634409464895725250e-02,1.215298380702733994e-02,2.438014745712280273e-02,7.900057360529899597e-03,-1.884145289659500122e-02,6.104309111833572388e-03,7.102634292095899582e-03,2.005922375246882439e-03,-1.580011472105979919e-02,2.323037385940551758e-02,-1.504596322774887085e-02,-9.686534292995929718e-03,2.499830536544322968e-02,-3.993299789726734161e-03,-3.780653700232505798e-02,1.850764639675617218e-02,-2.230313606560230255e-02,-1.194899156689643860e-02,-2.088137343525886536e-02,2.953635703306645155e-04,9.389818646013736725e-03,-2.044866234064102173e-02,5.408881697803735733e-04,-1.727133058011531830e-02,3.637472691480070353e-04,-3.585315775126218796e-03,-2.399688959121704102e-02,-4.330968658905476332e-04,-2.000358887016773224e-02,-2.870725281536579132e-02,1.554048899561166763e-02,-3.995772451162338257e-02,-7.362260483205318451e-03,-2.015194669365882874e-02,-1.973159983754158020e-02,-1.488524209707975388e-02,-2.569064125418663025e-02,-1.620809920132160187e-02,2.423178963363170624e-02,4.344413802027702332e-02,2.049811556935310364e-02,7.071726024150848389e-03,-2.454086905345320702e-03,1.225188933312892914e-02,1.183154154568910599e-02,1.430417317897081375e-02,-1.029232889413833618e-02,-3.809398040175437927e-04,-1.624519005417823792e-02,-8.190591819584369659e-03,1.609683223068714142e-02,-7.875331677496433258e-03,-8.236953872255980968e-04,-1.906398870050907135e-02,2.912759967148303986e-02,1.293186284601688385e-02,-3.897485556080937386e-03,2.073919633403420448e-03,-3.076880937442183495e-03,2.513429895043373108e-02,7.615705020725727081e-03,1.761749945580959320e-02,-2.784183062613010406e-02,-2.209296263754367828e-02,-4.141657613217830658e-03,-3.656403860077261925e-03,-2.527029439806938171e-02,1.990468427538871765e-02,5.619055125862360001e-03,1.649245247244834900e-02,1.672735251486301422e-02,3.424594644457101822e-03,-5.146164447069168091e-03,-1.030469220131635666e-02,-8.549124002456665039e-03,2.429360523819923401e-02,-3.540808334946632385e-02,1.913816854357719421e-02,8.066960610449314117e-03,-2.290893159806728363e-02,2.620989456772804260e-02,1.033096341416239738e-03,3.587788343429565430e-02,2.653133682906627655e-02,-1.419290527701377869e-02,7.189176045358181000e-03,-3.486410528421401978e-02,4.097150638699531555e-02,-7.114997133612632751e-03,-1.604737900197505951e-02,2.722367271780967712e-02,-1.455143652856349945e-02,-1.591138355433940887e-02,1.333984732627868652e-02,4.991624969989061356e-03,-6.472113076597452164e-03,2.111627347767353058e-02,-1.078685466200113297e-02,2.283475175499916077e-02,-1.291949953883886337e-02,-8.994197472929954529e-03,1.202317071147263050e-03,1.854473724961280823e-02,-4.759815707802772522e-02,-9.686534292995929718e-03,-3.804761683568358421e-03,-1.350056845694780350e-02,-1.215916592627763748e-02,-1.834383583627641201e-03,-1.442780531942844391e-02,-4.430955648422241211e-02,2.764402143657207489e-02,-3.220602637156844139e-03,-2.796198532450944185e-05,1.787712611258029938e-02,-8.845839649438858032e-03,1.604737900197505951e-02,-1.416817866265773773e-02,1.392400590702891350e-03,-1.259187608957290649e-02,5.266705062240362167e-03,-1.908871531486511230e-02,-1.811202615499496460e-02,1.863127946853637695e-02,1.477397326380014420e-02,3.444375842809677124e-02,1.948433741927146912e-02,1.694988831877708435e-02,1.875491067767143250e-02,-1.324094180017709732e-02,9.562902152538299561e-03,-1.697461493313312531e-02,-1.472452096641063690e-02,-3.436957672238349915e-02,6.756465882062911987e-03,-5.282158963382244110e-03,2.692695707082748413e-02,9.742168709635734558e-03,-1.209116820245981216e-02,-2.284093294292688370e-03,-8.963289670646190643e-03,-3.867350169457495213e-04,-2.552991965785622597e-03,-4.073660355061292648e-03,-3.941374644637107849e-02,-1.065704226493835449e-02,2.117190742865204811e-03,-1.857564435340464115e-03,-9.025105391629040241e-04,1.634409464895725250e-02,-1.295658946037292480e-02,1.293186284601688385e-02,-9.834892116487026215e-03,5.303794518113136292e-03,9.513449855148792267e-03,9.884344413876533508e-03,-3.249038010835647583e-02,5.128237977623939514e-02,1.011306326836347580e-02,-7.096452638506889343e-03,4.817768058273941278e-04,3.134060418233275414e-03,1.006361003965139389e-02,-7.114997133612632751e-03,-6.737920921295881271e-03,2.477576769888401031e-02,1.298131514340639114e-02,-2.603681012988090515e-02,-1.113302353769540787e-02,-4.848830401897430420e-02,9.569084271788597107e-03,-3.199585154652595520e-02,-1.578775234520435333e-02,-1.819856837391853333e-02,-4.988727232557721436e-05,-1.573829911649227142e-02,-3.446230199187994003e-03,-6.558655295521020889e-03,-2.203114703297615051e-02,4.271470941603183746e-03,-1.326721394434571266e-03,-1.824802160263061523e-02,1.809966377913951874e-02,-3.979391476605087519e-04,-1.057050004601478577e-02,-1.442780531942844391e-02,-1.424081274308264256e-03,2.075774222612380981e-02,-2.675387263298034668e-02,-8.079323917627334595e-03,2.796546183526515961e-02,3.696584142744541168e-03,-5.297612864524126053e-03,1.283295731991529465e-02,-1.231988705694675446e-02,-1.419290527701377869e-02,1.333984732627868652e-02,4.200382623821496964e-03,3.993299789726734161e-03,-2.102973125874996185e-02,-6.552473641932010651e-03,7.424076087772846222e-03,-9.383636526763439178e-03,-3.548226132988929749e-02,1.875491067767143250e-02,-6.271211896091699600e-03,-1.887854188680648804e-02,-9.828709997236728668e-03,-1.382201071828603745e-02,-4.135476425290107727e-03,1.662844792008399963e-02,2.953635703306645155e-04,-3.338052658364176750e-03,-9.519631043076515198e-03,5.690143443644046783e-03,-2.959739975631237030e-02,3.731200844049453735e-02,-1.016251556575298309e-02,8.363676257431507111e-03,6.911005359143018723e-03,-2.486230991780757904e-02,-7.430257741361856461e-03,-3.798580262809991837e-03,-2.225368469953536987e-02,-1.540449447929859161e-02,-8.981834165751934052e-03,1.580938813276588917e-03,-1.873018336482346058e-03,-1.864364184439182281e-02,2.326746284961700439e-02,2.006540447473526001e-02,-1.906398870050907135e-02,-2.141917124390602112e-03,-3.739855252206325531e-03,1.931125298142433167e-02,-2.754511497914791107e-02,-7.794971112161874771e-03,-5.198707804083824158e-03,1.807493716478347778e-02,7.615705020725727081e-03,-8.852020837366580963e-03,2.894524252042174339e-03,1.533031556755304337e-02,-2.855889499187469482e-02,-5.767412949353456497e-03,3.204530477523803711e-02,-1.373546849936246872e-02,1.205407921224832535e-02,3.266964340582489967e-03,-1.250533387064933777e-02,-3.911703079938888550e-02,-7.139723747968673706e-03,6.756465882062911987e-03,1.734551042318344116e-02,1.123811025172472000e-02,-1.346347853541374207e-02,-1.969451084733009338e-02,2.432451350614428520e-03,3.365251421928405762e-02,-1.235697604715824127e-02,3.742946079000830650e-03,1.609683223068714142e-02,3.807852417230606079e-02,-2.420706301927566528e-02,3.397395834326744080e-02,-3.048754669725894928e-02,-1.040359679609537125e-02,-2.421942539513111115e-02,2.095555141568183899e-02,1.650481484830379486e-02,-7.263354957103729248e-03,9.352728724479675293e-03,-2.320564724504947662e-02,-1.133083365857601166e-02,1.408163644373416901e-02,7.998962886631488800e-03,9.494905360043048859e-03,-3.814034163951873779e-03,-7.553889416158199310e-03,-1.660372130572795868e-02,1.250533387064933777e-02,1.111447904258966446e-02,-1.359947305172681808e-02,-3.152605146169662476e-02,2.488703653216362000e-02,1.520668435841798782e-02,-3.294781548902392387e-03,2.915232628583908081e-02,-3.130351379513740540e-02,1.331512071192264557e-02,3.407286107540130615e-02,1.197371818125247955e-02,1.882908865809440613e-02,1.053959224373102188e-02,-2.203114703297615051e-02,-1.238788384944200516e-02,4.574368242174386978e-03,-2.133880928158760071e-02,-1.379728410392999649e-02,2.062174677848815918e-02,9.853436611592769623e-03,-6.404115818440914154e-03,1.802548393607139587e-02,1.383437309414148331e-02,-1.253006048500537872e-02,-4.024208057671785355e-03,2.034975774586200714e-02,4.623821005225181580e-03,2.247622050344944000e-02,-4.565095994621515274e-03,4.463099874556064606e-03,-6.842234870418906212e-04,-5.393427563831210136e-04,-1.528086327016353607e-02,-3.125406429171562195e-02,-2.965612569823861122e-03,3.340525180101394653e-02,1.039741560816764832e-02,-1.533031556755304337e-02,-1.735787279903888702e-02,6.669923663139343262e-03,-5.434844270348548889e-02,-3.075953572988510132e-02,-1.178827043622732162e-02,7.386986631900072098e-03,1.681389403529465199e-03,3.026501089334487915e-02,1.675207912921905518e-02,9.878163225948810577e-03,1.669026352465152740e-02,2.984466217458248138e-02,-1.947197318077087402e-02,-3.867195546627044678e-02,3.820215910673141479e-02,-1.216534711420536041e-02,-4.735089372843503952e-03,1.071885786950588226e-02,-2.907814644277095795e-02,-2.246385812759399414e-02,2.705058827996253967e-02,3.263873746618628502e-03,1.487287878990173340e-02,1.160900481045246124e-02,5.572693422436714172e-03,-1.338929962366819382e-02,-1.666553691029548645e-02,1.063849683851003647e-02,1.192426588386297226e-02,5.872500129044055939e-03,-7.096452638506889343e-03,-1.608446799218654633e-02,-4.682546015828847885e-03,-5.761231295764446259e-03,2.433069422841072083e-02,-1.744441501796245575e-02,6.385570857673883438e-03,1.541685778647661209e-02,-3.511136863380670547e-03,-4.413647111505270004e-03,-2.369089983403682709e-03,-7.924783974885940552e-03,4.765997175127267838e-03,-2.182097360491752625e-02,8.122595027089118958e-03,1.469979435205459595e-02,-2.991884201765060425e-02,6.719376426190137863e-03,-1.796366833150386810e-02,-2.473867870867252350e-02,-8.090141345746815205e-04,3.189694508910179138e-02,-4.083705425728112459e-04,-5.835410673171281815e-03,1.764840795658528805e-03,-6.042493507266044617e-03,2.152425795793533325e-02,1.316676288843154907e-02,-1.792657887563109398e-03,-2.140062674880027771e-02,1.755568385124206543e-02,-2.638297900557518005e-02,-2.204350940883159637e-02,-1.932361535727977753e-02,4.022971540689468384e-02,5.523858964443206787e-02,-1.786476373672485352e-02,-4.592913202941417694e-03,7.974236272275447845e-03,-2.914517790486570448e-05,-1.597319915890693665e-02,-5.214161705225706100e-03,-1.326566841453313828e-02,2.937795361503958702e-03,-2.786655724048614502e-02,6.608107592910528183e-03,-3.882031422108411789e-03,-3.647131472826004028e-02,-1.021814998239278793e-02,6.669923663139343262e-03,-1.739496365189552307e-02,2.100500464439392090e-02,1.877221912145614624e-01,-4.121876880526542664e-02,-3.548226319253444672e-03,1.806257292628288269e-02,2.386089414358139038e-03,8.672755211591720581e-03,1.703643053770065308e-02,1.833456195890903473e-02,-1.015015225857496262e-02,1.683862134814262390e-02,-1.717242598533630371e-02,5.368701182305812836e-03,-7.236310630105435848e-04,1.095298503059893847e-04,1.507068891078233719e-02,-4.737561941146850586e-02,-2.598735690116882324e-02,-4.163911566138267517e-02,5.838501267135143280e-03,-4.131767153739929199e-02,2.962212637066841125e-02,-1.026142109185457230e-02,1.057050004601478577e-02,-1.662844792008399963e-02,1.204171590507030487e-02,-2.899546816479414701e-04,1.495942100882530212e-02,-4.497098736464977264e-03,2.062174677848815918e-02,9.253823198378086090e-03,-1.540449447929859161e-02,2.877525053918361664e-03,-1.232452341355383396e-03,-2.999611198902130127e-03,-2.444196306169033051e-02,2.215477824211120605e-02,3.365251421928405762e-02,-1.425472088158130646e-02,5.971405189484357834e-03,-1.114538684487342834e-02,1.699934154748916626e-02,-7.825878448784351349e-03,-1.853237301111221313e-02,-1.257333159446716309e-02,-1.539213117212057114e-02,2.801491506397724152e-02,-1.348820514976978302e-02,-7.825878448784351349e-03,-2.611098997294902802e-02,1.000179443508386612e-02,-2.972103096544742584e-02,-3.841851372271776199e-03,1.950906217098236084e-02,9.791621007025241852e-03,3.402341157197952271e-02,-8.104049600660800934e-03,9.834892116487026215e-03,-3.764581633731722832e-03,-1.305549498647451401e-02,-2.130712964572012424e-04,1.170172914862632751e-02,1.436598971486091614e-02,-3.387505188584327698e-03,1.507068891078233719e-02,-8.283315226435661316e-03,2.445432543754577637e-02,-2.420706301927566528e-02,-3.903666976839303970e-03,1.125047355890274048e-02,-1.215916592627763748e-02,-3.838760545477271080e-03,-1.503359992057085037e-02,1.047159451991319656e-02,2.446668967604637146e-02,-4.546840864350087941e-05,2.378362463787198067e-03,1.004506554454565048e-02,8.308041840791702271e-03,5.569602362811565399e-03,2.487467415630817413e-02,1.848292164504528046e-02,5.891044624149799347e-03,-3.526590764522552490e-03,-1.121338363736867905e-02,-2.596263028681278229e-02,-1.026142109185457230e-02,2.162007149308919907e-03,1.827274635434150696e-02,-3.454266116023063660e-02,9.562902152538299561e-03,1.301840506494045258e-02,-8.716026321053504944e-03,-1.994177326560020447e-02,-8.858202956616878510e-03,-1.812438853085041046e-02,-5.560330115258693695e-03,-1.685098372399806976e-02,3.186604008078575134e-03,-2.342818304896354675e-02,1.150391809642314911e-02,8.765478618443012238e-03,7.127360440790653229e-03,1.902380841784179211e-03,3.316417103633284569e-03,-1.691279932856559753e-02,7.807333953678607941e-03,1.602265238761901855e-02,4.163911566138267517e-02,-9.717442095279693604e-03,1.933288760483264923e-03,-3.322598524391651154e-03,-2.059702016413211823e-02,8.746934123337268829e-03,-2.791369333863258362e-04,7.541526108980178833e-03,4.089114256203174591e-03,-5.795230157673358917e-03,-1.016251556575298309e-02,3.543281182646751404e-02,1.476160995662212372e-02,-1.468743104487657547e-02,-6.020857952535152435e-03,-5.158527754247188568e-03,1.660372130572795868e-02,-1.891563087701797485e-02,9.241460822522640228e-03,-2.321800962090492249e-02,7.145904935896396637e-03,4.160202573984861374e-03,-2.366308309137821198e-02,3.430776298046112061e-03,-1.533031556755304337e-02,2.504775673151016235e-02,-1.352529413998126984e-02,3.897485556080937386e-03,3.157550469040870667e-02,5.306885577738285065e-03,-3.022792050614953041e-03,-2.424415200948715210e-02,-9.834892116487026215e-03,4.849448800086975098e-03,8.122595027089118958e-03,7.943328469991683960e-03,1.377255748957395554e-02,-2.578954771161079407e-02,9.766895091161131859e-04,2.964685298502445221e-02,-1.953379018232226372e-03,5.099802743643522263e-03,-2.060938440263271332e-02,1.176045392639935017e-03,-2.100500464439392090e-02,2.158916322514414787e-03,1.024905778467655182e-02,3.886976838111877441e-02,6.682286970317363739e-03,-1.066940464079380035e-02,-2.191987819969654083e-02,1.352529413998126984e-02,1.037268899381160736e-02,-6.498076021671295166e-02,-5.955951288342475891e-03,2.930068410933017731e-02,-2.250094711780548096e-02,-2.420088043436408043e-03,-7.047000108286738396e-04,-1.519184857606887817e-01,-3.489501308649778366e-03,-6.725557614117860794e-03,-1.338929962366819382e-02,3.004247322678565979e-02,-5.495423451066017151e-03,2.905341982841491699e-02,-7.201539352536201477e-03,7.201539352536201477e-03,1.149155478924512863e-02,2.110391110181808472e-02,8.876747451722621918e-03,-2.042393572628498077e-02,1.130456221289932728e-03,-1.630700565874576569e-02,-1.563939452171325684e-02,-4.539751634001731873e-02,9.630899876356124878e-03,2.361363172531127930e-02,1.039741560816764832e-02,1.004506554454565048e-02,1.199844479560852051e-02,-4.317832645028829575e-03,-2.658078819513320923e-02,2.465213648974895477e-02,-9.655626490712165833e-03,-1.830983720719814301e-02,2.680332586169242859e-02,-3.414704278111457825e-02,-2.752038836479187012e-02,-7.300444412976503372e-03,2.593790553510189056e-02,4.547169432044029236e-02,-1.333984732627868652e-02,6.011585239320993423e-03,8.790205232799053192e-03,-2.879070350900292397e-03,-6.620470900088548660e-03,-1.699934218777343631e-04,4.113840870559215546e-03,1.865600422024726868e-02,2.295838296413421631e-02,3.625496057793498039e-03,6.453568115830421448e-03,9.389818646013736725e-03,2.897924184799194336e-02,1.119483914226293564e-02,-1.840874180197715759e-02,1.547867339104413986e-02,1.065086014568805695e-02,1.467506866902112961e-02,-2.571536786854267120e-02,1.398273091763257980e-02,2.408343181014060974e-02,3.294781548902392387e-03,2.208060026168823242e-02,-3.480228828266263008e-03,6.595744751393795013e-03,-5.891044624149799347e-03,-7.003728765994310379e-03,-6.023948546499013901e-03,-7.053181529045104980e-03,2.493648976087570190e-02,-1.052104681730270386e-02,3.864723071455955505e-02,-3.622018848545849323e-04,-7.442621048539876938e-03,-1.648009009659290314e-02,5.934315733611583710e-03,3.048754669725894928e-02,-7.195357698947191238e-03,-1.395800523459911346e-02,-9.828709997236728668e-03,-2.771819941699504852e-02,4.030389338731765747e-02,1.487442408688366413e-03,-3.100680001080036163e-02,2.902869507670402527e-02,2.287184121087193489e-03,-1.981814205646514893e-02,-1.641827262938022614e-02,2.677859924733638763e-02,-8.740752935409545898e-03,-5.928134080022573471e-03,-9.187371470034122467e-04,1.926179975271224976e-02,5.526331719011068344e-03,-1.677680574357509613e-02,-4.283834248781204224e-03,8.215318433940410614e-03,2.393507398664951324e-02,-2.043629996478557587e-02,-2.064647385850548744e-03,-7.566252723336219788e-03,2.302020043134689331e-02,4.395102616399526596e-03,7.312807720154523849e-03,1.688807271420955658e-02,-2.695168368518352509e-02,-5.161618348211050034e-03,-4.150930326431989670e-03,-7.226265501230955124e-03,-2.034975774586200714e-02,-7.398577145067974925e-05,2.041157335042953491e-02,-9.105465374886989594e-03,2.439250983297824860e-02,2.070828899741172791e-02,1.550340000540018082e-02,-7.811970426701009274e-04,-1.448962092399597168e-02,8.926199749112129211e-03,1.923707313835620880e-02,3.184749558568000793e-02,2.685277909040451050e-02,9.383636526763439178e-03,-2.458723029121756554e-03,-1.737023703753948212e-02,2.799018844962120056e-02,1.488215057179331779e-03,5.192526057362556458e-02,-3.925302531570196152e-03,5.025623831897974014e-03,-1.471215765923261642e-02,-2.319328300654888153e-02,-3.607569262385368347e-02,-1.008833646774291992e-01,-1.193662919104099274e-02,4.976171068847179413e-03,4.003190621733665466e-02,2.403397858142852783e-02,2.295838296413421631e-02,1.029851008206605911e-02,-8.901473484002053738e-04,-2.392270974814891815e-02,1.618337258696556091e-02,1.580011472105979919e-02,-1.322857849299907684e-02,8.085505105555057526e-03,-1.333675580099225044e-03,1.337693631649017334e-02,-1.548292348161339760e-04,-8.938563056290149689e-03,-2.141298912465572357e-02,-1.978105306625366211e-02,1.449773408239707351e-04,-1.824802160263061523e-02,2.444196306169033051e-02,1.591138355433940887e-02,-3.773235902190208435e-02,1.861891523003578186e-02,1.456379983574151993e-02,-2.147480472922325134e-02,1.310494728386402130e-02,2.398452535271644592e-02,5.003988277167081833e-03,-2.616044133901596069e-02,3.616223577409982681e-03,-2.043629996478557587e-02,-4.767542704939842224e-04,-1.630700565874576569e-02,-1.478633657097816467e-02,-4.324632510542869568e-02,3.081517061218619347e-03,1.445253100246191025e-02,-3.171149874106049538e-03,9.426907636225223541e-03,-6.447386927902698517e-03,-6.308301351964473724e-03,-2.006540447473526001e-02,4.552732687443494797e-03,-1.727133058011531830e-02,-7.578615564852952957e-03,6.663742009550333023e-03,2.450377866625785828e-02,-3.110570460557937622e-02,-2.796546183526515961e-02,-8.122595027089118958e-03,-5.049113556742668152e-02,-1.263514719903469086e-02,1.115775015205144882e-02,-1.427944749593734741e-02,-4.555823747068643570e-03,1.550340000540018082e-02,-3.315798938274383545e-02,1.856946200132369995e-02,-1.409399975091218948e-02,-1.639663823880255222e-03,-7.102634292095899582e-03,1.172027364373207092e-02,-1.670262590050697327e-02,-1.258569490164518356e-02,-1.741466694511473179e-04,-2.705058827996253967e-02,1.018724218010902405e-02,-1.043450552970170975e-02,5.445971153676509857e-03,8.376039564609527588e-03,-1.301840506494045258e-02,1.358711067587137222e-02,-2.522084116935729980e-02,-2.673532813787460327e-03,-1.498414669185876846e-02,-1.567648351192474365e-02,3.300962969660758972e-02,-3.644658997654914856e-02,-2.729785256087779999e-02,-3.444375842809677124e-02,-1.043450552970170975e-02,-2.352090785279870033e-03,3.056172654032707214e-02,6.595744751393795013e-03,2.214241586625576019e-02,-1.355002075433731079e-02,-1.321621518582105637e-02,2.531356643885374069e-03,-2.267403155565261841e-02,1.430417317897081375e-02,1.685098372399806976e-02,-1.839637942612171173e-02,5.597419571131467819e-03,7.924783974885940552e-03,-3.129424294456839561e-03,-9.290913119912147522e-03,-1.793894171714782715e-02,1.409399975091218948e-02,-7.893876172602176666e-03,-1.369992387481033802e-03,-6.859079748392105103e-02,-7.121178787201642990e-03,-1.089194230735301971e-02,-8.648028597235679626e-03,2.098027803003787994e-02,-2.282238937914371490e-02,2.306965179741382599e-02,-1.237552054226398468e-02,-1.324094180017709732e-02,-1.974396221339702606e-02,-3.150132670998573303e-02,2.821272611618041992e-02,-2.789437538012862206e-03,-2.063101856037974358e-03,-1.150391809642314911e-02,1.098466571420431137e-02,1.601029001176357269e-02,3.323216736316680908e-02,-1.159664150327444077e-02,2.794073708355426788e-02,-5.804502405226230621e-03,-2.146553248167037964e-03,1.211589481681585312e-02,2.502303197979927063e-02,-1.529322564601898193e-02,1.418054196983575821e-02,-2.256276272237300873e-02,1.880436204373836517e-02,-1.168936584144830704e-02,4.228199832141399384e-03,-1.457307254895567894e-03,-1.875491067767143250e-02,1.843655947595834732e-03,1.184390485286712646e-02,-6.830644793808460236e-03,-1.172027364373207092e-02,2.251330949366092682e-02,1.547867339104413986e-02,1.987995766103267670e-02,3.711419925093650818e-02,-1.907635293900966644e-02,-3.209475800395011902e-02,3.488883003592491150e-02,2.718349220231175423e-03,-1.201544422656297684e-03,1.283295731991529465e-02,7.862968370318412781e-03,1.996649987995624542e-02,4.917446058243513107e-03,2.341273007914423943e-03,4.324014298617839813e-03,6.626652553677558899e-03,2.111009089276194572e-03,-1.110829692333936691e-02,-1.409399975091218948e-02,-1.434126310050487518e-02,2.491176314651966095e-02,-5.876363138668239117e-04,3.209475800395011902e-02,-4.539751634001731873e-02,4.037807136774063110e-02,7.832060568034648895e-03,1.486051548272371292e-02,-6.775010377168655396e-03,7.263354957103729248e-03,3.619932755827903748e-02,7.016091840341687202e-04,1.473688427358865738e-02,1.263514719903469086e-02,-3.372669592499732971e-02,-6.707013119012117386e-03,1.021814998239278793e-02,3.492592135444283485e-03,2.175915800034999847e-02,1.385909970849752426e-02,2.973339520394802094e-03,-7.164449896663427353e-03,6.824463140219449997e-03,-2.221659384667873383e-02,-4.234381485730409622e-03,1.562703214585781097e-02,8.338949643075466156e-03,-1.011306326836347580e-02,2.342818304896354675e-02,-2.090610004961490631e-02,2.292129397392272949e-02,2.429360523819923401e-02,-1.714769937098026276e-02,1.341402623802423477e-02,2.038684673607349396e-02,4.960717051289975643e-04,2.009013108909130096e-02,1.777822151780128479e-02,4.926718305796384811e-03,-8.240045048296451569e-03,2.109154686331748962e-02,-4.979261662811040878e-03,8.481126278638839722e-03,2.650661021471023560e-02,2.598735690116882324e-02,2.430905820801854134e-03,2.423178870230913162e-03,-3.381323534995317459e-03,-1.403218414634466171e-02,-6.533928681164979935e-03,3.926539048552513123e-02,-4.772178828716278076e-02,-3.221838921308517456e-02,-2.006540447473526001e-02,1.090430468320846558e-02,3.538953838869929314e-03,7.930966094136238098e-03,2.815709216520190239e-03,-3.263873746618628502e-03,3.294781548902392387e-03,7.696065586060285568e-03,4.571895673871040344e-02,5.572693422436714172e-03,-9.470178745687007904e-03,3.812797740101814270e-02,1.366128958761692047e-02,5.816865712404251099e-03,2.870725281536579132e-02,-1.137410476803779602e-02,1.083012577146291733e-02,1.946231495821848512e-04,-9.426907636225223541e-03,3.996390849351882935e-03,4.067478701472282410e-03,-2.305728942155838013e-02,1.554048899561166763e-02,-2.645715698599815369e-02,-1.536740548908710480e-02,-1.455143652856349945e-02,-3.081517061218619347e-03,3.439430519938468933e-02,-2.824208931997418404e-04,1.870545744895935059e-02,-2.461504749953746796e-02,3.318271413445472717e-02,1.301222364418208599e-03,-3.330634534358978271e-02,1.006361003965139389e-02,1.320385280996561050e-02,3.085844218730926514e-02,1.138183171860873699e-03,-2.559559943620115519e-04,-3.083371557295322418e-02,-1.135556027293205261e-02,-1.080230926163494587e-03,-1.487287878990173340e-02,2.739984774962067604e-03,4.011844750493764877e-03,-2.769347280263900757e-02,-3.282418474555015564e-03,5.115256644785404205e-03,-8.079323917627334595e-03,1.635645702481269836e-02,-1.418054196983575821e-02,2.685277909040451050e-02,-9.803984314203262329e-03,-1.109593361616134644e-02,-1.163991261273622513e-02,-1.520668435841798782e-02,-2.841053716838359833e-02,2.169734239578247070e-02,6.014676298946142197e-03,-2.506630262359976768e-03,-2.444196306169033051e-02,-9.216734208166599274e-03,2.481285668909549713e-02,-2.241440489888191223e-02,-1.333984732627868652e-02,7.009910419583320618e-03,-4.497716948390007019e-02,-1.482342649251222610e-02,-3.760872408747673035e-02,-2.222895808517932892e-02,3.814034163951873779e-03,-1.268459949642419815e-02,-9.470178745687007904e-03,-3.303435817360877991e-02,-2.070828899741172791e-02,6.898642331361770630e-02,7.244810461997985840e-03,-3.345470502972602844e-02,1.932361535727977753e-02,-1.806257292628288269e-02
-1.073583681136369705e-02,-1.973785832524299622e-02,-1.748146314639598131e-04,-1.873274706304073334e-02,-1.670996285974979401e-02,1.616971567273139954e-02,-6.778214126825332642e-03,-1.220581121742725372e-02,1.846890663728117943e-03,2.611716976389288902e-03,-3.123695263639092445e-03,8.738179691135883331e-03,-1.591843925416469574e-02,-1.258272770792245865e-02,5.157473497092723846e-03,3.781728446483612061e-03,3.274147585034370422e-02,9.523422457277774811e-03,8.750744163990020752e-03,1.434795279055833817e-02,5.515544209629297256e-03,4.340821411460638046e-03,5.540671758353710175e-03,-2.042887173593044281e-02,-1.179120317101478577e-02,1.476256083697080612e-02,1.815480925142765045e-02,-4.541843198239803314e-03,1.165300048887729645e-02,-1.961221918463706970e-02,-1.932325027883052826e-02,-1.549283741042017937e-03,-2.801745757460594177e-02,-4.843376576900482178e-03,-3.143483400344848633e-02,-1.223093923181295395e-02,-6.322773639112710953e-03,-7.858708500862121582e-03,2.049169130623340607e-02,5.861050914973020554e-03,-2.914820564910769463e-03,-1.615715213119983673e-02,1.801660656929016113e-02,-1.593061024323105812e-04,-2.723849564790725708e-02,-1.329258736222982407e-02,-2.967588976025581360e-02,-3.181174769997596741e-02,-7.808452472090721130e-03,3.213841095566749573e-02,3.210071939975023270e-03,1.927299425005912781e-02,-1.443590037524700165e-02,-1.444846391677856445e-02,-2.099738689139485359e-03,-1.689842157065868378e-02,-1.334284245967864990e-02,-4.582676105201244354e-03,-3.228917717933654785e-02,-2.246422134339809418e-02,1.456153951585292816e-02,1.892120577394962311e-02,-1.688585802912712097e-02,2.804258465766906738e-02,-2.598210796713829041e-02,3.442503744736313820e-03,-1.158389914780855179e-02,1.807628548704087734e-03,-1.501383841969072819e-03,-1.698636822402477264e-02,2.049169130623340607e-02,2.411008998751640320e-02,9.322400204837322235e-03,-1.022071763873100281e-02,1.194196939468383789e-02,-1.855685375630855560e-02,-2.580621279776096344e-02,-1.331771444529294968e-02,-1.338053401559591293e-02,-3.945059143006801605e-03,-8.072294294834136963e-03,-3.445016592741012573e-02,-1.118185464292764664e-02,7.060901727527379990e-03,1.868249289691448212e-02,1.447359193116426468e-02,-1.574254408478736877e-02,1.864480040967464447e-02,-1.895889826118946075e-02,-3.407324850559234619e-02,3.299275413155555725e-02,2.115757763385772705e-02,-8.826127275824546814e-03,5.311381071805953979e-03,-1.590587384998798370e-02,-1.516460534185171127e-02,-2.133347094058990479e-02,1.145826000720262527e-02,-1.209901832044124603e-02,-2.515289187431335449e-02,3.357697511091828346e-03,1.170953828841447830e-02,-5.487275309860706329e-03,4.871645011007785797e-03,-1.663457974791526794e-02,-1.214770367369055748e-03,1.334127271547913551e-03,2.272492041811347008e-03,1.959965564310550690e-02,-1.118185464292764664e-02,-5.801372695714235306e-03,3.786753863096237183e-02,1.655919663608074188e-02,-2.761541306972503662e-02,1.668483577668666840e-02,-2.085604332387447357e-02,4.859081469476222992e-03,8.317289873957633972e-03,-2.303901826962828636e-03,5.788808688521385193e-03,-1.442333683371543884e-02,1.809198968112468719e-02,5.920729134231805801e-03,-2.955025061964988708e-02,1.002597808837890625e-02,2.290395647287368774e-02,-2.595698088407516479e-02,-5.540671758353710175e-03,-2.443674951791763306e-02,1.077352836728096008e-02,4.590842500329017639e-02,1.118185464292764664e-03,6.501808762550354004e-03,2.033778466284275055e-03,-1.555565628223121166e-03,1.136403158307075500e-02,-6.134315393865108490e-03,8.669078350067138672e-03,-3.348274622112512589e-03,-5.088372156023979187e-03,2.447444200515747070e-02,-8.210496976971626282e-03,-1.652150414884090424e-02,-7.707941345870494843e-03,2.370804548263549805e-02,1.018930785357952118e-02,2.960050664842128754e-02,1.532793603837490082e-02,7.023210171610116959e-03,-1.019559055566787720e-02,3.850829787552356720e-03,2.547326963394880295e-03,3.789266943931579590e-02,-2.001426368951797485e-02,5.820218473672866821e-03,8.844972588121891022e-03,1.029453123919665813e-03,3.862137347459793091e-02,4.703603335656225681e-04,-5.031834822148084641e-03,2.113244868814945221e-02,-2.839437220245599747e-03,1.267067529261112213e-02,-2.894718386232852936e-02,-1.637073792517185211e-02,4.791864752769470215e-02,-4.651777446269989014e-03,1.846890663728117943e-03,-6.018099375069141388e-03,2.112302696332335472e-03,2.315523475408554077e-02,3.078151121735572815e-02,-2.432367578148841858e-02,1.971273124217987061e-02,-2.208730392158031464e-02,-6.423284765332937241e-03,8.235624991357326508e-03,-1.300361752510070801e-02,-8.072294294834136963e-03,3.301788121461868286e-02,-1.462435815483331680e-02,1.596869342029094696e-02,4.259156063199043274e-02,9.364018478663638234e-05,-6.633729673922061920e-03,1.527768000960350037e-02,2.164756879210472107e-02,1.353130117058753967e-02,1.766795874573290348e-03,5.521825980395078659e-03,1.438564527779817581e-02,2.213755995035171509e-02,1.422231458127498627e-02,-7.720505353063344955e-03,-6.464871168136596680e-01,9.014585055410861969e-03,-1.173466537147760391e-02,-8.279598318040370941e-03,3.374658524990081787e-02,1.829301193356513977e-02,-1.141742803156375885e-03,1.802917011082172394e-02,-2.443674951791763306e-02,5.214010830968618393e-03,-2.524083852767944336e-02,2.656004577875137329e-02,8.775871247053146362e-03,-2.613287419080734253e-02,-9.850083850324153900e-03,-2.215012349188327789e-02,2.233230043202638626e-03,-2.277831733226776123e-02,-9.404066018760204315e-03,-1.300361752510070801e-02,-2.163500525057315826e-02,1.627022773027420044e-02,1.468717772513628006e-02,-1.269580237567424774e-02,1.719995401799678802e-02,1.780302077531814575e-02,6.740522570908069611e-03,-2.583134174346923828e-02,-1.168441027402877808e-02,-2.968217013403773308e-04,-3.776703029870986938e-02,1.502640265971422195e-02,9.127660654485225677e-03,1.986349746584892273e-02,3.515374287962913513e-02,7.444099988788366318e-03,-2.323061786592006683e-02,2.081835269927978516e-02,-2.658831421285867691e-03,1.958709210157394409e-02,-2.339394763112068176e-02,3.032607026398181915e-03,2.867706120014190674e-03,-1.594356633722782135e-02,-1.366950385272502899e-02,4.090800136327743530e-02,2.290395647287368774e-02,-5.022411700338125229e-03,5.053821485489606857e-03,-1.750148832798004150e-02,4.262296948581933975e-03,-2.688670717179775238e-02,7.048337720334529877e-03,-4.852799233049154282e-03,4.347103182226419449e-03,9.058559313416481018e-03,1.585561968386173248e-02,2.225377596914768219e-03,-1.107506174594163895e-02,2.017759531736373901e-02,-6.417002528905868530e-03,2.841950021684169769e-02,1.282144151628017426e-02,1.160274539142847061e-02,-7.186540402472019196e-03,1.564203388988971710e-02,-7.519483566284179688e-03,-3.756600664928555489e-03,3.517886996269226074e-02,1.024584565311670303e-02,-1.689842087216675282e-03,-1.231260411441326141e-02,1.365693937987089157e-02,-4.786839243024587631e-03,1.516460534185171127e-02,5.490416195243597031e-03,-7.718934793956577778e-04,-2.656083088368177414e-04,-1.795378699898719788e-02,-4.281142726540565491e-03,-1.102480664849281311e-02,5.663170013576745987e-03,-6.614883895963430405e-03,-1.229375880211591721e-02,2.892205677926540375e-02,3.480195300653576851e-03,-2.325574494898319244e-02,-1.315438468009233475e-02,7.098593283444643021e-03,-7.745633367449045181e-03,-1.709944382309913635e-02,2.467546425759792328e-02,1.216811966150999069e-02,4.874786362051963806e-03,2.039118111133575439e-02,2.416034415364265442e-02,-1.776532828807830811e-02,1.503896713256835938e-02,1.419718656688928604e-02,-2.804886549711227417e-03,-7.343588862568140030e-03,-1.147082448005676270e-02,1.130121201276779175e-02,-1.211629365570843220e-03,-1.013277098536491394e-02,2.645953558385372162e-02,-2.864565141499042511e-02,2.493930608034133911e-02,3.502810373902320862e-02,-3.447529301047325134e-02,-2.696523210033774376e-03,-6.652575451880693436e-03,2.331856451928615570e-02,-1.176607515662908554e-02,-9.667906910181045532e-03,-2.754002995789051056e-02,1.304130908101797104e-02,9.322400204837322235e-03,-2.899115672335028648e-03,-4.467716440558433533e-02,1.027097366750240326e-02,4.120953381061553955e-03,-2.889692783355712891e-02,-1.996400766074657440e-02,1.841865107417106628e-02,2.503981627523899078e-02,-5.967843811959028244e-03,-1.962478272616863251e-02,-1.644612103700637817e-02,-3.662371542304754257e-03,-1.696124114096164703e-02,-2.416976727545261383e-03,3.113329969346523285e-02,-5.207729060202836990e-03,2.287882938981056213e-02,-4.981579259037971497e-03,2.902256697416305542e-02,-3.335710614919662476e-03,1.083006616681814194e-02,-4.495356976985931396e-02,-1.648381352424621582e-02,5.283112172037363052e-03,2.392163127660751343e-02,-1.919761113822460175e-02,3.643525706138461828e-04,-3.058048896491527557e-02,-1.103108841925859451e-02,-1.869505643844604492e-02,-3.497784584760665894e-02,7.331025321036577225e-03,2.220037952065467834e-02,-2.383996499702334404e-03,-3.088202141225337982e-02,-1.113159954547882080e-02,8.958048187196254730e-03,1.162944361567497253e-03,-7.488073781132698059e-03,-1.623253524303436279e-02,-7.475509773939847946e-03,-2.917333319783210754e-02,1.277118641883134842e-02,1.225606724619865417e-02,-3.605834208428859711e-03,7.186540402472019196e-03,1.174094807356595993e-02,1.187286805361509323e-02,-2.580621279776096344e-02,5.160614382475614548e-03,-9.524992783553898335e-04,-1.588074676692485809e-02,-4.614085424691438675e-03,8.587413467466831207e-03,-6.191637949086725712e-04,4.086402710527181625e-03,2.962563373148441315e-02,-5.685156793333590031e-04,-2.037861570715904236e-02,-1.344335358589887619e-02,-5.707143340259790421e-03,2.809284068644046783e-02,-1.006366964429616928e-02,2.206217683851718903e-02,-2.854513935744762421e-02,-2.285370044410228729e-02,5.327085964381694794e-03,-6.734240800142288208e-03,-1.147082448005676270e-02,9.774699807167053223e-03,1.536562759429216385e-02,-8.656514808535575867e-03,-1.640843041241168976e-02,8.826127275824546814e-03,1.448615547269582748e-02,3.354556392878293991e-03,-3.263468388468027115e-03,2.044143527746200562e-02,1.200478896498680115e-02,3.018472576513886452e-03,1.900915428996086121e-02,3.075638227164745331e-02,-1.424744166433811188e-02,3.734614001587033272e-03,5.764308944344520569e-02,-1.152107957750558853e-02,1.091801375150680542e-02,-2.037861570715904236e-02,-4.350244067609310150e-03,-1.939863339066505432e-02,1.618227921426296234e-02,4.450755193829536438e-03,-7.055404712446033955e-04,-6.965415924787521362e-02,-1.897146180272102356e-02,7.544611115008592606e-03,6.071495823562145233e-03,2.671081386506557465e-02,1.178492140024900436e-02,2.572454744949936867e-03,1.645868527702987194e-03,1.237542368471622467e-03,6.234826520085334778e-03,2.378342859447002411e-02,-3.806856228038668633e-03,-1.205470107379369438e-05,-4.776787757873535156e-02,7.431535981595516205e-03,3.301788121461868286e-02,-8.205785416066646576e-04,1.972529478371143341e-02,-2.074296958744525909e-02,-8.731897920370101929e-03,-6.694193580187857151e-04,1.113788131624460220e-02,1.480025332421064377e-02,2.427341975271701813e-02,-1.213670987635850906e-02,1.453641150146722794e-02,-2.615800127387046814e-02,1.500127464532852173e-02,-3.623423725366592407e-02,1.863223686814308167e-02,1.653406955301761627e-02,2.442418597638607025e-02,-6.596038118004798889e-03,7.280769757926464081e-03,6.501808762550354004e-03,8.223060518503189087e-03,2.892833901569247246e-03,-3.470144048333168030e-02,2.693696320056915283e-02,-1.132005732506513596e-02,2.320549078285694122e-02,-3.775446442887187004e-03,1.711828866973519325e-03,4.208900500088930130e-03,-2.673594094812870026e-02,-2.090629935264587402e-02,2.198679372668266296e-02,1.588074676692485809e-02,3.108304366469383240e-02,2.502725273370742798e-02,-3.385966178029775620e-03,2.588159590959548950e-02,2.919846214354038239e-02,2.158474922180175781e-02,4.108389373868703842e-03,-8.838690817356109619e-03,-2.183602750301361084e-02,-1.782814785838127136e-02,-2.197423018515110016e-02,-1.021443586796522141e-02,1.110333018004894257e-03,2.286626584827899933e-02,-1.398360077291727066e-02,1.150380470789968967e-03,-5.606632330454885960e-04,-3.423657733947038651e-03,-1.196081563830375671e-02,1.157761737704277039e-02,-6.960390601307153702e-03,7.864990271627902985e-03,-2.172295190393924713e-02,5.755828460678458214e-04,9.938030503690242767e-03,-3.172380151227116585e-03,1.718739047646522522e-02,-3.618397936224937439e-02,-9.721303940750658512e-04,-2.686158008873462677e-02,4.654918331652879715e-03,1.486464287154376507e-03,1.291567087173461914e-02,8.373827673494815826e-03,-1.111275330185890198e-02,-8.455492556095123291e-03,-9.171633981168270111e-03,2.328087389469146729e-02,-1.361924782395362854e-02,4.555663466453552246e-02,6.068354938179254532e-03,9.799827821552753448e-03,-2.319292537868022919e-02,-2.793893218040466309e-03,1.539075560867786407e-02,3.842034935951232910e-02,2.624280750751495361e-03,4.397358745336532593e-03,1.380456495098769665e-03,2.869276562705636024e-03,-3.387222439050674438e-02,-2.970101684331893921e-02,-2.384624816477298737e-02,-3.354556486010551453e-02,-1.663457974791526794e-02,-2.393419621512293816e-03,-1.580536365509033203e-02,-2.515289187431335449e-02,-1.161530893296003342e-02,1.408411189913749695e-02,-6.885007489472627640e-03,9.466884657740592957e-03,-2.142141945660114288e-02,6.677703466266393661e-03,3.226405009627342224e-02,1.053355857729911804e-01,-1.067930017597973347e-03,1.091173104941844940e-02,2.042887173593044281e-02,-1.699893176555633545e-02,3.221379220485687256e-02,-6.665139459073543549e-03,-3.090715035796165466e-02,-1.868249289691448212e-02,-1.028981897979974747e-02,-2.992716617882251740e-02,6.533218547701835632e-03,1.826788485050201416e-02,-5.515544209629297256e-03,3.025382757186889648e-02,1.388308964669704437e-02,-2.107591135427355766e-03,6.285082083195447922e-03,-3.788010450080037117e-03,-1.829615328460931778e-03,-2.226319909095764160e-02,4.391076508909463882e-03,-2.705160877667367458e-04,5.261125508695840836e-03,2.286626491695642471e-03,-1.125095598399639130e-02,2.912307903170585632e-02,2.279088273644447327e-02,2.085604472085833549e-03,-1.099967863410711288e-02,2.960364567115902901e-03,1.464948616921901703e-02,4.676904994994401932e-03,1.361924782395362854e-02,-3.700063331052660942e-03,2.137116342782974243e-02,9.108814410865306854e-03,3.756600618362426758e-02,1.091173104941844940e-02,-1.293294597417116165e-03,1.524155959486961365e-03,1.550383027642965317e-02,1.290153595618903637e-03,-2.400957792997360229e-02,1.562946848571300507e-02,-1.627022773027420044e-02,-1.078609284013509750e-02,8.612541481852531433e-03,-3.060875693336129189e-03,-3.439990803599357605e-02,1.927299425005912781e-02,-2.287882938981056213e-02,-2.134603634476661682e-02,-2.335625700652599335e-02,1.062276214361190796e-02,4.767992999404668808e-03,-1.366950385272502899e-02,-8.716193260625004768e-04,-1.771507412195205688e-02,7.751915138214826584e-03,-1.824903883971273899e-03,-9.812391363084316254e-03,-5.956065142527222633e-04,-2.300446853041648865e-02,-2.708772942423820496e-02,-4.073838703334331512e-03,-1.870761997997760773e-02,2.536333631724119186e-03,-2.451213449239730835e-02,-1.361924782395362854e-02,-1.441077236086130142e-02,-8.807281032204627991e-03,-1.532793603837490082e-02,2.346933074295520782e-02,4.651148989796638489e-02,7.343588862568140030e-03,1.777789369225502014e-02,9.498294442892074585e-03,1.211158186197280884e-02,-1.148809911683201790e-03,2.963505685329437256e-03,-2.290395647287368774e-02,1.287012710236012936e-03,-2.392163127660751343e-02,-6.181430071592330933e-03,2.859539538621902466e-02,8.323571644723415375e-03,-3.084433032199740410e-03,-2.693696320056915283e-02,6.501808762550354004e-03,1.245080679655075073e-02,-1.604407653212547302e-02,1.591686741448938847e-03,7.645122241228818893e-03,1.507665868848562241e-02,1.205504499375820160e-02,3.221379220485687256e-02,-2.128321677446365356e-02,-2.197423018515110016e-02,-6.432707421481609344e-03,-2.226319909095764160e-02,-2.857026830315589905e-02,9.806109592318534851e-03,5.151191726326942444e-03,2.064245752990245819e-02,1.873274706304073334e-02,-9.215607307851314545e-03,-8.373827673494815826e-03,-1.580536365509033203e-02,-5.279971286654472351e-03,2.556749992072582245e-02,-2.965076081454753876e-02,1.016418077051639557e-02,-1.122582890093326569e-02,-1.312925666570663452e-02,8.694206364452838898e-03,4.931323695927858353e-03,4.022955149412155151e-02,1.649637706577777863e-02,-1.609433256089687347e-02,-7.751915138214826584e-03,-3.849573433399200439e-02,1.858198083937168121e-02,-5.446442868560552597e-03,-1.397103630006313324e-02,2.663542889058589935e-02,-2.010221034288406372e-02,-1.474685617722570896e-03,8.449210785329341888e-03,1.463692262768745422e-02,-4.563830327242612839e-03,2.221294306218624115e-02,-1.793297851691022515e-04,1.583049073815345764e-02,-5.009847693145275116e-03,9.058559313416481018e-03,3.009049687534570694e-03,1.834326796233654022e-02,-1.564203388988971710e-02,-1.902171783149242401e-02,-4.375372081995010376e-03,-7.814734242856502533e-03,-1.223722100257873535e-02,-6.702831014990806580e-03,-1.801660656929016113e-02,-3.419888764619827271e-02,1.598125696182250977e-02,1.149595156311988831e-02,1.307900063693523407e-02,1.034007500857114792e-02,-3.098253346979618073e-02,1.119441911578178406e-02,-1.093685906380414963e-02,6.526936776936054230e-03,2.187686040997505188e-03,4.534776089712977409e-04,-3.159816376864910126e-03,-1.895889826118946075e-02,1.774020120501518250e-02,2.733900770545005798e-02,3.437478095293045044e-02,1.557921338826417923e-02,1.442333683371543884e-02,1.801660656929016113e-02,-2.209672704339027405e-03,-3.700063331052660942e-03,-1.677278243005275726e-02,-2.061733044683933258e-02,-3.673679009079933167e-02,-1.292823441326618195e-02,4.431909415870904922e-03,2.801745757460594177e-02,8.524593897163867950e-03,-1.825532130897045135e-02,-1.467461418360471725e-02,1.244452502578496933e-02,-1.688585802912712097e-02,-4.522997420281171799e-03,-7.393844425678253174e-03,-4.269207268953323364e-02,-1.599382236599922180e-02,-4.394217859953641891e-03,-1.093685906380414963e-02,-4.986290587112307549e-04,2.140885405242443085e-02,-1.447359193116426468e-02,3.047997690737247467e-02,-9.133942425251007080e-03,-9.642779827117919922e-03,8.826127275824546814e-03,9.014585055410861969e-03,-3.852086141705513000e-02,6.211583316326141357e-02,1.341822557151317596e-02,-2.933666342869400978e-03,-1.185402274131774902e-02,1.884582266211509705e-02,3.020357154309749603e-02,1.096198707818984985e-02,8.003192953765392303e-03,2.610774710774421692e-02,4.133517295122146606e-02,-1.588074676692485809e-02,-4.717737436294555664e-03,-2.057963795959949493e-02,3.568142652511596680e-02,-1.058507058769464493e-02,-1.180376671254634857e-02,-1.133262179791927338e-02,-3.998455591499805450e-03,-2.278774045407772064e-03,-1.510178577154874802e-02,-1.765225455164909363e-02,-1.993888057768344879e-02,3.376543289050459862e-03,7.946655154228210449e-03,-3.480195300653576851e-03,1.159018091857433319e-02,-7.010646164417266846e-03,-2.192397415637969971e-02,-1.835583150386810303e-02,1.422231458127498627e-02,3.867162764072418213e-02,-1.934837736189365387e-02,-1.942690229043364525e-03,1.642099395394325256e-02,1.019559055566787720e-02,-1.260785572230815887e-02,1.550383027642965317e-02,-3.703204216435551643e-03,-5.129204597324132919e-03,9.454321116209030151e-03,-2.047912776470184326e-02,6.677703466266393661e-03,-1.657176017761230469e-02,-4.664340987801551819e-03,4.664340987801551819e-03,-1.682303845882415771e-02,-3.161072731018066406e-02,1.471230573952198029e-02,-1.004482340067625046e-02,-5.383623298257589340e-03,-1.042173989117145538e-02,-4.177490714937448502e-03,7.971783168613910675e-03,1.638330146670341492e-02,-1.243039034307003021e-03,7.462945766746997833e-03,-3.070612810552120209e-02,1.273349393159151077e-02,-2.176064439117908478e-02,2.363266237080097198e-02,-1.476256083697080612e-02,3.238968923687934875e-02,-1.236286014318466187e-02,-1.364437583833932877e-02,6.903853267431259155e-03,-8.650233037769794464e-03,-4.110902175307273865e-02,-1.002597808837890625e-02,-9.611370041966438293e-03,2.804258465766906738e-02,2.021528594195842743e-02,-9.146505966782569885e-03,1.186030451208353043e-02,1.767738163471221924e-02,-3.168610855937004089e-02,-7.682813797146081924e-03,-3.643525764346122742e-03,2.859539538621902466e-02,-3.301788121461868286e-02,3.700063331052660942e-03,-1.438564527779817581e-02,6.583474110811948776e-03,1.926043070852756500e-02,-1.390821766108274460e-02,-4.651777446269989014e-03,1.181633118540048599e-02,-1.768994517624378204e-02,-1.170325558632612228e-02,3.399786353111267090e-02,-1.184145826846361160e-02,-3.310582833364605904e-03,-6.351042538881301880e-03,-1.835583150386810303e-02,-3.912393003702163696e-02,-2.299190498888492584e-03,-1.006366964429616928e-02,3.276660293340682983e-02,4.130376037210226059e-03,-8.323571644723415375e-03,-1.320463977754116058e-02,-4.736583679914474487e-03,2.944973856210708618e-02,1.647438970394432545e-03,-8.216778747737407684e-03,8.254470303654670715e-03,3.005280531942844391e-02,-1.708688028156757355e-02,2.909795008599758148e-02,-2.318036183714866638e-02,3.244622610509395599e-03,-1.355642825365066528e-02,5.914447363466024399e-03,6.803342141211032867e-03,-3.835124894976615906e-03,2.091886289417743683e-02,-2.104450203478336334e-02,-3.147252369672060013e-03,1.180376671254634857e-02,2.133347094058990479e-02,8.392672985792160034e-03,-1.292823441326618195e-02,-2.906968118622899055e-03,6.140597164630889893e-03,1.008251495659351349e-02,1.171582005918025970e-02,-1.078609284013509750e-02,-4.234028235077857971e-02,1.103737019002437592e-02,-4.290565848350524902e-03,-1.393334474414587021e-02,-2.263069152832031250e-03,-2.149680256843566895e-02,2.167269587516784668e-02,2.015246637165546417e-02,-5.779385566711425781e-03,2.382112108170986176e-02,-5.857910029590129852e-03,-2.316779829561710358e-02,-3.784869331866502762e-03,3.973327577114105225e-03,-2.826873399317264557e-02,-6.030663382261991501e-03,8.725616149604320526e-03,4.001596476882696152e-03,-2.356984280049800873e-02,1.274605840444564819e-02,5.490416195243597031e-03,-3.354556486010551453e-02,-9.776271181181073189e-04,5.141768604516983032e-03,-2.303901826962828636e-03,3.455067425966262817e-02,-2.064245752990245819e-02,-1.338053401559591293e-02,1.672566751949489117e-03,-2.016502991318702698e-02,-2.270293422043323517e-02,-3.176149353384971619e-02,4.771134350448846817e-03,4.324488341808319092e-02,2.828443888574838638e-03,-1.274605840444564819e-02,-1.085519418120384216e-02,-1.260785572230815887e-02,-5.367290228605270386e-02,-8.851255290210247040e-03,-1.111903507262468338e-02,-3.156675258651375771e-03,2.122118166880682111e-04,2.096911892294883728e-02,-3.213212825357913971e-03,-3.841406898573040962e-03,9.372656233608722687e-03,2.628364041447639465e-02,-1.760199852287769318e-02,-1.835583150386810303e-02,1.613202504813671112e-02,-1.564203388988971710e-02,-1.809198968112468719e-02,1.354386471211910248e-02,-1.811711862683296204e-02,-1.294079795479774475e-02,1.287797931581735611e-02,1.718110870569944382e-03,2.824360691010951996e-02,1.142685022205114365e-02,9.027149528264999390e-03,-1.521486137062311172e-02,-6.741308025084435940e-04,1.632048189640045166e-02,-1.433538924902677536e-02,-5.839064251631498337e-03,1.771507319062948227e-03,-2.691183425486087799e-02,-4.183772485703229904e-03,1.101852487772703171e-02,1.571741700172424316e-02,-3.181174769997596741e-02,-3.659230656921863556e-03,1.078609284013509750e-02,-6.753086578100919724e-03,6.296663923421874642e-05,7.670249789953231812e-03,-1.958395121619105339e-03,2.129578031599521637e-03,-2.630876936018466949e-02,3.367120400071144104e-02,4.975297022610902786e-03,-3.630961850285530090e-02,1.276804483495652676e-03,-1.933581382036209106e-02,-1.110018976032733917e-02,4.893632140010595322e-03,1.551639381796121597e-02,5.364777520298957825e-03,1.436051726341247559e-02,7.607430685311555862e-03,-9.711881168186664581e-03,8.367544971406459808e-03,-7.883835583925247192e-03,-7.921527139842510223e-03,-1.497614756226539612e-02,1.390821766108274460e-02,-7.783324923366308212e-03,-9.517140686511993408e-03,-8.983175270259380341e-03,1.481281686574220657e-02,4.967758804559707642e-02,-2.552980743348598480e-02,-5.028693936765193939e-03,1.806686259806156158e-02,3.608975093811750412e-03,-2.079322375357151031e-02,-1.604407653212547302e-02,-1.903428137302398682e-02,-7.400126662105321884e-03,-1.234401389956474304e-02,1.047513680532574654e-03,2.222236711531877518e-03,-2.394675835967063904e-02,-2.114501409232616425e-02,3.075010143220424652e-03,-2.452469803392887115e-02,1.869505643844604492e-02,2.102691233158111572e-01,-2.202448435127735138e-02,3.445644630119204521e-03,2.275319024920463562e-02,-2.449956955388188362e-03,9.045994840562343597e-03,3.221379220485687256e-02,-2.563031855970621109e-03,-1.643355749547481537e-02,-2.504923846572637558e-03,-2.575595863163471222e-02,-7.877553813159465790e-03,1.478768885135650635e-02,-4.778201400768011808e-04,1.755174249410629272e-02,-5.138627812266349792e-02,-4.098966252058744431e-03,-2.536647766828536987e-02,-1.962478272616863251e-02,-4.239053651690483093e-02,1.947401650249958038e-02,-1.902171783149242401e-02,2.414778061211109161e-02,-1.785327680408954620e-02,1.913479156792163849e-02,2.916391007602214813e-03,-6.972954608500003815e-03,8.461774326860904694e-03,3.264096379280090332e-02,-3.225776599720120430e-03,-8.807281032204627991e-03,1.027097366750240326e-02,1.630791835486888885e-02,6.702831014990806580e-03,-1.472486928105354309e-02,1.402129232883453369e-02,4.729045182466506958e-02,4.837094340473413467e-03,1.125095598399639130e-02,-8.084857836365699768e-03,1.184145826846361160e-02,-2.363266237080097198e-02,-1.456153951585292816e-02,-1.201735343784093857e-02,-8.323571644723415375e-03,1.510178577154874802e-02,-4.331398289650678635e-03,-2.032836154103279114e-02,-2.296677604317665100e-02,1.746379584074020386e-02,-3.291736915707588196e-02,3.222635714337229729e-03,1.076724659651517868e-02,1.967503875494003296e-02,1.794122345745563507e-02,-6.740522570908069611e-03,1.620740815997123718e-02,1.458666659891605377e-02,-1.091801375150680542e-02,5.342790856957435608e-03,6.671421229839324951e-03,3.917418420314788818e-02,-4.516715649515390396e-03,1.262041926383972168e-02,3.036925918422639370e-04,1.987606100738048553e-02,-1.983837038278579712e-02,-2.826873399317264557e-02,2.534763189032673836e-03,-1.741353981196880341e-02,-1.223093923181295395e-02,-2.081835269927978516e-02,8.474338799715042114e-03,2.040374465286731720e-02,2.132718916982412338e-03,-1.765225455164909363e-02,8.311008103191852570e-03,6.979236379265785217e-03,-7.802170701324939728e-03,2.309241518378257751e-02,-8.598406566306948662e-04,1.379671273753046989e-03,-2.374573610723018646e-03,5.799016798846423626e-04,1.164514804258942604e-03,-1.737584918737411499e-02,8.229342289268970490e-03,1.917248405516147614e-02,-4.701404646039009094e-02,-1.608176901936531067e-02,6.790778134018182755e-03,-1.905940845608711243e-02,-3.071869025006890297e-03,-1.618227921426296234e-02,-8.015756495296955109e-03,1.482538040727376938e-02,9.623933583498001099e-03,4.720878787338733673e-03,-1.485050842165946960e-02,1.855685375630855560e-02,1.202206476591527462e-03,5.763680674135684967e-03,1.032122876495122910e-02,6.357324309647083282e-03,-2.236370928585529327e-03,1.054737903177738190e-02,2.610774710774421692e-02,2.343164011836051941e-02,1.116929110139608383e-02,3.291737055405974388e-03,1.742610335350036621e-02,-2.585646882653236389e-02,4.560688976198434830e-03,-1.469974219799041748e-02,1.712457090616226196e-02,-1.589331030845642090e-02,-1.136403158307075500e-02,-2.618313021957874298e-02,2.944973856210708618e-02,1.726277358829975128e-02,-7.902681827545166016e-03,-2.286626584827899933e-02,-8.307867101393640041e-04,3.595783188939094543e-02,-3.414862975478172302e-02,2.401271834969520569e-03,-3.784241154789924622e-02,8.367544971406459808e-03,-5.308240186423063278e-03,-2.972614392638206482e-02,-3.170809708535671234e-03,-1.638330146670341492e-02,2.490161359310150146e-02,6.190852727741003036e-03,8.003192953765392303e-03,2.198679372668266296e-02,-1.811711862683296204e-02,2.820591442286968231e-03,-1.672252640128135681e-02,-4.017301369458436966e-03,-1.649637706577777863e-02,-8.135113865137100220e-03,1.156505290418863297e-02,1.790353097021579742e-02,-1.198594365268945694e-02,-3.706345101818442345e-03,3.947571665048599243e-02,1.216183789074420929e-02,-2.008964680135250092e-02,-1.990118809044361115e-02,-7.701659575104713440e-03,-1.457410305738449097e-02,8.763307705521583557e-03,-2.806457225233316422e-03,3.384709730744361877e-02,-1.431026123464107513e-02,-1.824275590479373932e-02,-2.510263584554195404e-02,1.928555965423583984e-02,2.939948439598083496e-02,-4.927554354071617126e-02,6.646293681114912033e-03,1.058507058769464493e-02,-1.546613872051239014e-02,-1.772763766348361969e-02,9.909762302413582802e-04,-1.564957201480865479e-01,3.376543289050459862e-03,1.683560200035572052e-02,-2.104450203478336334e-02,1.275234017521142960e-02,-7.607430685311555862e-03,2.525340206921100616e-02,-1.513947732746601105e-03,2.694952767342329025e-03,1.644612103700637817e-02,2.426085621118545532e-02,2.144654653966426849e-02,-3.879726678133010864e-02,4.129885564907453954e-05,-1.107506174594163895e-02,1.782500767149031162e-03,-3.867162764072418213e-02,1.866992935538291931e-02,2.924871630966663361e-02,1.416577724739909172e-03,-6.627447903156280518e-03,8.147677406668663025e-03,8.135113865137100220e-03,-1.216183789074420929e-02,1.458666659891605377e-02,-1.041231676936149597e-03,-1.814224570989608765e-02,6.002394482493400574e-03,-1.453641150146722794e-02,-4.127235151827335358e-03,-6.709112785756587982e-03,1.603151299059391022e-02,2.414778061211109161e-02,-5.361636634916067123e-03,-1.187915075570344925e-02,-5.873614922165870667e-03,-8.744461461901664734e-03,6.102905608713626862e-03,9.931748732924461365e-03,2.397188730537891388e-02,3.909879922866821289e-02,-3.819420002400875092e-03,4.903054796159267426e-03,5.977266933768987656e-03,8.468056097626686096e-03,2.683645114302635193e-02,1.451128348708152771e-02,-8.543440140783786774e-03,1.722508296370506287e-02,-1.555408630520105362e-02,3.024754580110311508e-03,-1.375745050609111786e-02,-4.073838703334331512e-03,1.604250632226467133e-03,1.353130117058753967e-02,1.423487812280654907e-02,-7.356152869760990143e-03,2.460950287058949471e-03,5.424456205219030380e-03,-1.517873955890536308e-03,-8.844972588121891022e-03,-3.561860416084527969e-03,1.968760229647159576e-02,-3.017844446003437042e-02,2.056707441806793213e-02,-8.989457972347736359e-03,-1.420975010842084885e-02,-1.334284245967864990e-02,-1.761456206440925598e-02,1.843121461570262909e-02,-1.178492140024900436e-02,-1.276019262149930000e-03,-1.894005225040018559e-03,-1.476256083697080612e-02,1.742610335350036621e-02,3.087573917582631111e-03,-1.305387355387210846e-02,2.000170014798641205e-02,1.123211067169904709e-02,-9.215607307851314545e-03,-2.325574494898319244e-02,2.407239750027656555e-02,2.329029608517885208e-03,2.531622163951396942e-02,-5.578363779932260513e-03,2.836924605071544647e-02,3.588244691491127014e-02,-3.718909109011292458e-03,-1.889607869088649750e-02,9.196761995553970337e-03,8.160240948200225830e-03,-2.492674253880977631e-02,-1.851916126906871796e-02,-4.991001915186643600e-03,2.688670717179775238e-02,-4.488446749746799469e-03,4.089543595910072327e-03,1.264554727822542191e-02,-5.515544209629297256e-03,1.139544136822223663e-02,-6.853597704321146011e-03,-6.065999041311442852e-04,-7.368716876953840256e-03,1.383283361792564392e-02,2.365778945386409760e-02,-8.298443630337715149e-03,9.617651812732219696e-03,2.056707441806793213e-02,1.482538040727376938e-02,1.828044839203357697e-02,-1.064789015799760818e-02,1.290310639888048172e-02,9.900338947772979736e-03,3.379684314131736755e-02,6.131174508482217789e-03,1.903428137302398682e-02,-1.089916750788688660e-02,-8.731897920370101929e-03,1.977555081248283386e-02,-6.137456279247999191e-03,5.211498215794563293e-02,4.925041925162076950e-03,9.027149528264999390e-03,4.271720070391893387e-03,-1.760199852287769318e-02,-4.070697724819183350e-02,-9.508346021175384521e-02,-9.793546050786972046e-03,2.319606719538569450e-03,9.177915751934051514e-03,3.462605923414230347e-02,1.692354865372180939e-02,3.382432623766362667e-04,1.179120317101478577e-02,-2.897231094539165497e-02,8.838690817356109619e-03,6.564628332853317261e-03,-1.722508296370506287e-02,8.411519229412078857e-03,3.882239572703838348e-03,2.059220336377620697e-02,-5.895601585507392883e-03,-5.873614572919905186e-04,-3.158245934173464775e-03,-1.540331915020942688e-02,3.753459779545664787e-03,-2.029066905379295349e-02,1.557921338826417923e-02,7.230514194816350937e-03,-2.990203909575939178e-02,9.963158518075942993e-03,1.616971567273139954e-02,-3.646038472652435303e-02,-3.700063331052660942e-03,2.816822379827499390e-02,1.100596040487289429e-02,-1.068558171391487122e-02,-2.259928267449140549e-03,-1.788782654330134392e-03,-9.894057177007198334e-03,-2.296677604317665100e-02,-7.016927935183048248e-03,-4.409922659397125244e-02,1.453484059311449528e-03,1.895889826118946075e-02,-8.989457972347736359e-03,6.520654540508985519e-03,-1.003854162991046906e-02,-1.287797931581735611e-03,-1.910966448485851288e-02,1.931696897372603416e-03,-2.279088273644447327e-02,-8.147677406668663025e-03,1.931068673729896545e-02,4.022955149412155151e-02,-2.771592326462268829e-02,-4.103363677859306335e-02,-5.678874440491199493e-03,-3.972699493169784546e-02,-1.012020651251077652e-02,8.464915445074439049e-04,-1.305387355387210846e-02,3.649807767942547798e-03,-1.130749378353357315e-02,-3.794292360544204712e-02,4.510237340582534671e-05,-8.618823252618312836e-03,-1.030238345265388489e-02,1.621997170150279999e-02,-1.282301149331033230e-03,7.261923979967832565e-03,-5.399328190833330154e-03,3.087573917582631111e-03,-2.218781597912311554e-02,2.691183425486087799e-02,-9.523422457277774811e-03,1.074840128421783447e-02,-5.675733555108308792e-03,-1.487563643604516983e-02,8.210496976971626282e-03,-3.422401472926139832e-02,-5.104077281430363655e-04,-1.529024448245763779e-02,-1.998913660645484924e-02,3.133432194590568542e-02,-3.198764473199844360e-02,-1.565459743142127991e-02,-3.357069194316864014e-02,4.577964427880942822e-04,-2.862994559109210968e-03,2.929897233843803406e-02,2.567743416875600815e-03,4.771134350448846817e-03,-1.618227921426296234e-02,-1.564988517202436924e-03,-9.843801148235797882e-03,-2.020272240042686462e-02,9.749572724103927612e-03,3.495271876454353333e-02,-6.316491868346929550e-03,2.329029608517885208e-03,5.861050914973020554e-03,5.239138845354318619e-03,-6.395015865564346313e-03,-8.474338799715042114e-03,4.972156137228012085e-03,-9.077404625713825226e-03,-1.091173104941844940e-02,-6.689010560512542725e-02,2.364522591233253479e-02,-1.864480040967464447e-02,-2.585646882653236389e-02,-1.023328211158514023e-02,-2.179833501577377319e-02,2.184859104454517365e-02,-2.556749992072582245e-02,-2.040374465286731720e-02,-2.564288303256034851e-02,-5.942716263234615326e-03,3.065587207674980164e-02,1.537819113582372665e-02,-4.494728986173868179e-03,-6.671421229839324951e-03,2.078929828712716699e-04,2.167269587516784668e-02,1.545357517898082733e-03,-9.473167359828948975e-03,6.084059830754995346e-03,-2.737355884164571762e-03,4.309411626309156418e-03,9.705598466098308563e-03,-2.676106756553053856e-03,-1.544101070612668991e-02,1.281515927985310555e-03,-3.419888764619827271e-02,1.076096482574939728e-02,-2.071784064173698425e-02,-1.736328564584255219e-02,1.132005732506513596e-02,-4.188798367977142334e-02,3.894803347066044807e-03,2.238883823156356812e-02,-3.960763569921255112e-03,-1.174094807356595993e-02,2.686158008873462677e-02,2.160987630486488342e-02,2.413521707057952881e-02,5.080834031105041504e-02,-2.751490101218223572e-02,-1.702406071126461029e-02,1.398360077291727066e-02,9.290990419685840607e-03,-5.078949499875307083e-03,1.711200736463069916e-02,-1.683560200035572052e-03,1.030238345265388489e-02,8.568567223846912384e-03,1.527768000960350037e-02,1.345591712743043900e-02,1.216811966150999069e-02,-3.370654012542217970e-04,1.224193256348371506e-03,3.298019059002399445e-03,-3.284198790788650513e-02,2.424829266965389252e-02,8.386390982195734978e-04,1.343079004436731339e-02,-4.573253169655799866e-02,4.653661698102951050e-02,6.168866064399480820e-03,1.555408630520105362e-02,-5.138627719134092331e-03,-1.988234231248497963e-03,6.589755881577730179e-03,1.681047491729259491e-02,7.801385363563895226e-04,-1.526511646807193756e-02,-1.696124114096164703e-02,-2.225377596914768219e-03,4.767992999404668808e-03,1.933267340064048767e-03,3.718908876180648804e-02,1.987606100738048553e-02,5.829641129821538925e-03,3.276032162830233574e-03,-2.149680256843566895e-02,-2.382112108170986176e-02,-4.680046113207936287e-04,1.418462302535772324e-02,3.464490408077836037e-03,5.343576194718480110e-04,8.725616149604320526e-03,8.464915445074439049e-04,2.965076081454753876e-02,-5.009847809560596943e-04,-2.088117226958274841e-02,2.008650684729218483e-03,1.490076351910829544e-02,-1.183517649769783020e-02,1.055366080254316330e-02,8.047166280448436737e-03,6.215980742126703262e-03,-1.688585802912712097e-02,8.122549392282962799e-03,-1.077352836728096008e-02,1.199222542345523834e-02,2.258986048400402069e-02,3.975212201476097107e-02,-2.201820258051156998e-03,3.363979281857609749e-03,-4.815107677131891251e-03,-2.476341091096401215e-02,-8.713051676750183105e-03,1.877043955028057098e-02,-5.211498215794563293e-02,-1.529024448245763779e-02,-1.403385587036609650e-02,-6.272518076002597809e-03,7.777043152600526810e-03,1.240683346986770630e-02,6.211269064806401730e-04,3.624679986387491226e-03,-2.657260978594422340e-03,-1.137031358666718006e-03,3.123380988836288452e-02,4.004737362265586853e-03,-1.023956388235092163e-02,2.603236399590969086e-02,3.236455842852592468e-02,1.299105398356914520e-02,2.590672485530376434e-02,-7.396985311061143875e-04,7.821016944944858551e-03,1.287797931581735611e-02,2.374573610723018646e-03,4.752288572490215302e-03,1.039661187678575516e-02,-2.149680256843566895e-02,1.034007500857114792e-02,1.569699961692094803e-03,-1.816737279295921326e-02,-1.130121201276779175e-02,-1.791609637439250946e-02,3.289224207401275635e-02,5.380482412874698639e-03,3.641013056039810181e-02,-2.221294306218624115e-02,4.580791294574737549e-02,-7.331025321036577225e-03,-2.796720154583454132e-02,4.014160484075546265e-03,2.932410128414630890e-02,3.178662061691284180e-02,-1.111903507262468338e-02,1.665970683097839355e-02,-2.167269587516784668e-02,-1.311669312417507172e-02,-8.920356631278991699e-03,-9.127660654485225677e-03,4.864578077103942633e-04,-9.868929162621498108e-03,-2.152192965149879456e-02,7.481791544705629349e-03,1.914735697209835052e-02,-1.237542368471622467e-02,7.871272042393684387e-03,1.590587384998798370e-02,2.899743989109992981e-02,3.349550388520583510e-05,-1.000713184475898743e-02,-1.010136120021343231e-02,-2.221294306218624115e-02,-2.271549776196479797e-02,3.651064261794090271e-02,-1.104365196079015732e-02,2.517487853765487671e-03,-3.090715035796165466e-02,-1.774648320861160755e-03,3.725190879777073860e-03,-1.143941469490528107e-02,-5.440161097794771194e-03,6.030663498677313328e-04,-4.678789526224136353e-02,-5.430737975984811783e-03,-4.452639818191528320e-02,-3.414234844967722893e-03,1.579908188432455063e-03,-3.055536001920700073e-02,-6.715395022183656693e-03,-2.169782482087612152e-02,-4.412435367703437805e-02,4.741609096527099609e-02,1.964991167187690735e-02,-1.963734813034534454e-02,7.243077736347913742e-03,-1.304130908101797104e-02
-1.270054001361131668e-02,-1.938944682478904724e-02,2.847784897312521935e-03,-2.429163642227649689e-02,-2.845849655568599701e-02,1.913143694400787354e-02,-5.137623287737369537e-03,-1.379063166677951813e-02,2.341440180316567421e-03,5.069895647466182709e-03,4.015279933810234070e-03,4.118483979254961014e-03,-1.513228379189968109e-02,-2.207275107502937317e-02,9.926932863891124725e-03,1.052035577595233917e-02,2.337570115923881531e-02,-4.231363069266080856e-03,3.537961514666676521e-03,7.817701436579227448e-03,1.281664427369832993e-02,9.127101860940456390e-03,1.244253013283014297e-02,-6.172887980937957764e-03,-1.781558617949485779e-02,1.497747749090194702e-02,1.719636283814907074e-02,-2.025378122925758362e-02,1.513228379189968109e-02,-3.372190147638320923e-02,-1.708025857806205750e-02,2.530110068619251251e-03,-4.321666806936264038e-02,-2.440774068236351013e-02,-2.105361223220825195e-02,-1.145564205944538116e-02,-1.245542988181114197e-02,-5.679443944245576859e-03,2.082140371203422546e-02,8.893280173651874065e-04,3.637940390035510063e-03,-2.034408412873744965e-02,1.438405457884073257e-02,-2.073109894990921021e-02,-2.274357713758945465e-02,3.854023525491356850e-03,-3.751464560627937317e-02,-1.553219929337501526e-02,-1.639653183519840240e-02,3.101279586553573608e-02,1.394543796777725220e-02,1.150079350918531418e-02,-1.410024333745241165e-02,-2.848429791629314423e-02,9.997885674238204956e-03,-1.763498038053512573e-02,-1.946685090661048889e-02,-1.213291753083467484e-02,-2.380141802132129669e-02,-1.842191070318222046e-02,5.253727547824382782e-03,4.566776100546121597e-03,-2.029248327016830444e-02,1.931204460561275482e-02,-4.279740154743194580e-03,1.095252204686403275e-02,-2.998075634241104126e-02,1.905403472483158112e-02,-2.686931693460792303e-04,-1.624172553420066833e-02,2.008607424795627594e-02,1.559670176357030869e-02,-4.660304693970829248e-04,4.908236223855055869e-05,9.901131503283977509e-03,-9.327059611678123474e-03,-2.230495959520339966e-02,-1.225547213107347488e-02,-1.443565636873245239e-02,-9.385111625306308270e-04,-8.636883459985256195e-03,-3.127080574631690979e-02,-1.785428822040557861e-02,-1.357575820293277502e-04,1.589341275393962860e-02,2.612350694835186005e-02,-2.097620815038681030e-02,2.928412891924381256e-02,-9.217405691742897034e-03,-3.312847763299942017e-02,3.588918223977088928e-02,1.683514937758445740e-02,2.270487602800130844e-03,2.105361223220825195e-02,-1.932494528591632843e-02,-1.314560696482658386e-02,-1.728666573762893677e-02,2.289838343858718872e-02,1.077191554941236973e-03,-2.763286605477333069e-02,9.054536931216716766e-04,1.274569146335124969e-02,4.886063397862017155e-04,5.279528442770242691e-03,-1.248768158257007599e-02,-1.259088516235351562e-02,5.640742368996143341e-03,-9.855980053544044495e-03,2.992915362119674683e-02,-1.044940296560525894e-02,-4.728032276034355164e-03,3.493454679846763611e-02,8.746537379920482635e-03,-3.142561018466949463e-02,8.656233549118041992e-03,-3.441852703690528870e-02,7.611293345689773560e-03,1.168140023946762085e-02,-1.040102564729750156e-03,-3.392830723896622658e-03,-2.866490557789802551e-02,9.649571962654590607e-03,8.565930649638175964e-03,-3.111599944531917572e-02,5.992281250655651093e-03,1.776398532092571259e-02,-1.980226300656795502e-02,-1.871862262487411499e-02,-2.678143233060836792e-02,5.731046199798583984e-03,3.625039756298065186e-02,1.038490049540996552e-02,-1.419054693542420864e-03,-5.927778780460357666e-03,6.805012235417962074e-04,1.879602484405040741e-02,-1.526128873229026794e-02,-4.250714089721441269e-03,-8.765888400375843048e-03,-9.178703650832176208e-03,2.126001939177513123e-02,5.560114514082670212e-03,-1.146209239959716797e-02,1.791556598618626595e-03,2.494633663445711136e-03,-7.462131325155496597e-04,1.687385141849517822e-02,1.210711710155010223e-02,8.856191299855709076e-03,4.737707786262035370e-03,1.202326361089944839e-02,6.875965278595685959e-03,1.969905942678451538e-02,-3.674061596393585205e-02,-3.589563304558396339e-03,1.490007434040307999e-02,-1.424214895814657211e-02,1.745437271893024445e-02,-6.985619198530912399e-03,-7.127524819225072861e-03,1.047520432621240616e-02,-2.268875017762184143e-03,6.650206632912158966e-03,-1.227482315152883530e-02,-7.256529759615659714e-03,4.793825000524520874e-02,8.443376049399375916e-03,-1.835095812566578388e-03,-1.461626403033733368e-02,1.363582536578178406e-02,4.589351825416088104e-03,3.841768205165863037e-02,-2.195664681494235992e-02,2.618801034986972809e-02,-2.144062705338001251e-02,1.171365194022655487e-02,3.586338367313146591e-03,-1.220387034118175507e-02,-1.320365909487009048e-02,3.101279586553573608e-02,-2.368531376123428345e-02,2.620091103017330170e-02,2.341440320014953613e-02,4.576451610773801804e-03,-1.326171122491359711e-02,1.588051207363605499e-02,2.625251188874244690e-02,4.831236321479082108e-03,-3.292852081358432770e-03,-2.176958834752440453e-03,1.025589555501937866e-02,2.275647781789302826e-02,3.104182193055748940e-03,-1.345521863549947739e-02,-6.320211887359619141e-01,-1.479687076061964035e-02,-3.039357252418994904e-02,-1.077836565673351288e-02,3.648260608315467834e-02,2.951633743941783905e-02,1.068806182593107224e-02,2.248556725680828094e-02,-2.278227917850017548e-02,-4.202337004244327545e-03,-1.971196010708808899e-02,3.343809023499488831e-02,9.165803901851177216e-03,-2.345310524106025696e-02,-1.628042757511138916e-02,-1.982806436717510223e-02,-7.933806045912206173e-04,-2.565908990800380707e-02,-1.546769682317972183e-02,-9.423813782632350922e-03,-2.583969570696353912e-02,2.310479059815406799e-02,-1.094607170671224594e-02,-1.060420926660299301e-02,9.327059611678123474e-03,1.931204460561275482e-02,8.952945470809936523e-03,-6.024532485753297806e-03,-9.327059611678123474e-03,3.057417925447225571e-03,-3.893370181322097778e-02,2.284678071737289429e-02,-6.127736065536737442e-03,1.642233319580554962e-02,3.036777116358280182e-02,4.202337004244327545e-03,-2.516886964440345764e-02,3.692122548818588257e-02,1.213453011587262154e-03,2.008607424795627594e-02,-2.943893522024154663e-02,9.248044225387275219e-04,2.027958258986473083e-02,-3.550216928124427795e-02,-7.237179204821586609e-03,4.048176109790802002e-02,1.754467561841011047e-02,-1.621592603623867035e-02,1.152982003986835480e-03,-1.348101999610662460e-02,6.875965278595685959e-03,-1.294564921408891678e-02,1.621431321837007999e-03,7.746748626232147217e-03,4.992492496967315674e-03,3.129660710692405701e-02,1.074611395597457886e-02,-1.529998984187841415e-02,2.375304000452160835e-03,2.547848224639892578e-02,-7.454068399965763092e-04,2.058919332921504974e-02,2.865523099899291992e-03,5.340805742889642715e-03,-7.785450201481580734e-03,2.302738837897777557e-02,-4.663529805839061737e-03,1.006238814443349838e-02,2.529787458479404449e-02,5.411758553236722946e-03,-5.607684724964201450e-04,-1.765755587257444859e-03,9.133552201092243195e-03,-1.004303712397813797e-02,1.833160780370235443e-02,2.072142437100410461e-03,-8.714285679161548615e-03,-1.313915662467479706e-02,-1.309400517493486404e-02,-6.865483592264354229e-04,-1.511938311159610748e-02,-1.156529597938060760e-02,1.057034474797546864e-03,-1.180395483970642090e-02,2.845849655568599701e-02,6.538939778693020344e-04,-2.444644272327423096e-02,-1.505488064140081406e-02,1.017526723444461823e-03,-5.963254719972610474e-03,-1.173300202935934067e-02,4.097197949886322021e-02,2.549138292670249939e-02,-1.268118899315595627e-02,1.870572194457054138e-02,2.358211018145084381e-02,-3.654066007584333420e-03,1.928624324500560760e-02,2.534947730600833893e-02,-1.137178856879472733e-02,-1.541609410196542740e-02,-2.230495959520339966e-02,2.070529758930206299e-02,5.349675193428993225e-04,4.570001270622014999e-03,2.119551785290241241e-02,-9.146452881395816803e-03,1.251348294317722321e-02,1.818970218300819397e-02,-4.355207830667495728e-02,-5.985830910503864288e-03,-1.023009419441223145e-02,3.634715219959616661e-03,-1.137178856879472733e-02,-2.171153761446475983e-02,-2.571069076657295227e-02,1.715766079723834991e-02,1.824130304157733917e-02,-7.753198966383934021e-03,-4.352627694606781006e-02,3.560537239536643028e-03,2.367241308093070984e-02,-2.796827815473079681e-02,-1.048165373504161835e-02,9.217405691742897034e-03,1.969905942678451538e-02,-1.429375074803829193e-02,-2.075690031051635742e-02,-3.075478598475456238e-02,-6.050333380699157715e-03,-3.238024935126304626e-02,-3.292852081358432770e-03,3.465073555707931519e-02,-1.038490049540996552e-02,3.137401118874549866e-02,2.010865136981010437e-03,1.644813455641269684e-02,-9.468965232372283936e-03,1.866701990365982056e-02,-2.967114374041557312e-02,-1.649973541498184204e-02,1.170720160007476807e-02,1.951845176517963409e-02,-6.372845731675624847e-03,-3.812097012996673584e-03,-3.534736484289169312e-02,-1.976356282830238342e-02,-2.483345754444599152e-02,-2.951633743941783905e-02,2.500116452574729919e-02,2.190504409372806549e-02,-3.463783534243702888e-03,-2.421423420310020447e-02,-4.702231381088495255e-03,2.594612538814544678e-03,-1.071386318653821945e-02,-1.015914138406515121e-02,-1.462916377931833267e-02,-1.629332825541496277e-02,-2.518177032470703125e-02,1.625462621450424194e-02,1.176525373011827469e-02,-1.071386318653821945e-02,3.666966455057263374e-03,1.098477374762296677e-02,4.592576995491981506e-03,-8.591731078922748566e-03,-1.268763933330774307e-02,-1.060259644873440266e-03,-1.613852195441722870e-02,3.067093202844262123e-03,6.517976522445678711e-03,8.328883559443056583e-04,2.654922381043434143e-02,1.135243754833936691e-02,-1.881860080175101757e-03,-2.149222791194915771e-02,4.244263749569654465e-03,-8.049909956753253937e-03,2.156963199377059937e-02,-1.361808739602565765e-03,3.044517477974295616e-03,-3.000655770301818848e-02,-1.210066676139831543e-02,6.959818303585052490e-03,-3.460558364167809486e-03,5.754831363447010517e-05,1.835740730166435242e-02,1.754467608407139778e-03,-2.839721972122788429e-03,-1.457756198942661285e-02,1.636750646866858006e-03,1.300370134413242340e-02,2.993318485096096992e-04,-6.511526182293891907e-03,1.164269912987947464e-02,1.385513413697481155e-02,-6.656656507402658463e-03,1.824130304157733917e-02,1.919594034552574158e-02,2.193084510508924723e-04,-7.495189085602760315e-03,3.831447660923004150e-02,-9.907581843435764313e-03,1.762207970023155212e-02,-1.786718890070915222e-02,5.414983723312616348e-03,-7.456487510353326797e-03,1.600951701402664185e-02,-5.921328440308570862e-03,1.345521863549947739e-02,-5.186000093817710876e-02,-1.376483123749494553e-02,1.038490049540996552e-02,7.533890660852193832e-03,6.972718983888626099e-03,1.523548737168312073e-02,9.862430393695831299e-03,-1.586761139333248138e-02,-1.046875398606061935e-02,1.156529597938060760e-02,4.753833170980215073e-03,-6.195463705807924271e-03,2.841334557160735130e-03,-5.851665511727333069e-02,1.844771206378936768e-02,2.175023779273033142e-02,-1.131212338805198669e-03,1.035909913480281830e-02,-2.350470609962940216e-02,-8.630433119833469391e-03,8.327270857989788055e-03,-1.196521148085594177e-02,2.665242739021778107e-02,7.533890660852193832e-03,-2.430453710258007050e-02,2.084720320999622345e-02,-1.294564921408891678e-02,1.495167613029479980e-02,-3.508935123682022095e-02,2.807148173451423645e-02,1.875732280313968658e-02,1.704155653715133667e-02,-1.332621369510889053e-02,1.446145772933959961e-02,8.752987720072269440e-03,1.267473865300416946e-02,3.973353188484907150e-03,-3.632780164480209351e-02,2.038278616964817047e-02,-2.597837708890438080e-03,1.438405457884073257e-02,-2.430131193250417709e-03,6.024532485753297806e-03,-3.089669160544872284e-03,-3.849508613348007202e-02,-2.461414970457553864e-02,1.754467561841011047e-02,1.945395022630691528e-02,2.243396453559398651e-02,1.522258669137954712e-02,-1.171365194022655487e-02,2.334989979863166809e-02,1.542899478226900101e-02,1.170075125992298126e-02,-5.431109573692083359e-03,-1.211356744170188904e-02,-2.634281665086746216e-02,-2.773606963455677032e-02,-1.393253728747367859e-02,-5.147298332303762436e-03,5.969705060124397278e-03,2.638151682913303375e-02,-9.398012422025203705e-03,4.776409361511468887e-03,-2.980015007779002190e-03,7.275880780071020126e-03,5.244052037596702576e-03,2.654922381043434143e-02,-7.720947731286287308e-03,2.091493224725127220e-03,-2.920672670006752014e-02,1.020429376512765884e-02,1.041070185601711273e-02,-1.455176156014204025e-02,1.828000508248806000e-02,-2.693623863160610199e-02,1.688675209879875183e-02,-2.827789075672626495e-02,1.732536777853965759e-02,-6.575222359970211983e-04,1.344231795519590378e-02,1.588051207363605499e-02,-1.351972110569477081e-02,-2.137612365186214447e-02,-1.924754306674003601e-02,1.726086623966693878e-02,-1.035063323797658086e-04,2.840689569711685181e-02,4.750608000904321671e-03,-5.940678995102643967e-03,-4.262324422597885132e-02,-1.539190649054944515e-03,-3.421857021749019623e-03,2.696203999221324921e-02,2.052469179034233093e-02,-1.469850423745810986e-03,-5.043288110755383968e-04,-3.926588979084044695e-04,-2.665242739021778107e-02,-2.395622432231903076e-02,-5.747171584516763687e-03,-2.062789537012577057e-02,-1.210066676139831543e-02,-5.824574735015630722e-03,-1.254573371261358261e-02,-9.333509951829910278e-03,-3.189648035913705826e-03,1.050745509564876556e-02,-4.350692965090274811e-03,1.818970195017755032e-03,-2.402072586119174957e-02,5.218251142650842667e-03,3.256085515022277832e-02,1.049068421125411987e-01,7.772549521178007126e-03,1.446145772933959961e-02,2.092460729181766510e-02,-1.021074410527944565e-02,1.345521863549947739e-02,5.718145519495010376e-03,-2.732325345277786255e-02,-1.344231795519590378e-02,-1.617722399532794952e-02,-3.526996076107025146e-02,1.256508473306894302e-02,1.080416701734066010e-02,-7.346833124756813049e-03,3.508935123682022095e-02,3.000655770301818848e-02,-1.440985593944787979e-02,8.765888400375843048e-03,-1.243607979267835617e-02,-9.398012422025203705e-03,-1.311980560421943665e-02,1.987966708838939667e-02,-1.628042757511138916e-02,1.776398532092571259e-02,1.262313686311244965e-02,-9.610870853066444397e-03,1.727376691997051239e-02,2.796827815473079681e-02,7.250079419463872910e-03,-1.422924827784299850e-02,3.220286685973405838e-03,1.579020917415618896e-02,1.096542226150631905e-03,1.165559981018304825e-02,-1.218452025204896927e-02,8.520778268575668335e-03,2.331119962036609650e-02,3.062578104436397552e-02,1.848641224205493927e-02,4.463572055101394653e-03,2.165993489325046539e-02,9.585069492459297180e-03,3.625039709731936455e-03,-2.693623863160610199e-02,2.732325345277786255e-02,-1.200391259044408798e-02,-1.424214895814657211e-02,1.172655262053012848e-02,-3.263825783506035805e-03,-3.243185207247734070e-02,2.198244817554950714e-02,-2.987755276262760162e-02,-3.712763264775276184e-02,-1.288114674389362335e-02,1.884762756526470184e-02,1.437115389853715897e-02,-9.462514892220497131e-03,1.101702451705932617e-02,-2.933573164045810699e-02,2.262424677610397339e-03,-2.683303505182266235e-02,-1.564830355346202850e-02,1.101057417690753937e-02,-3.114180080592632294e-02,-3.787586092948913574e-02,-4.176536109298467636e-03,-2.287258207798004150e-02,6.192239001393318176e-03,-1.622882671654224396e-02,-1.639975700527429581e-03,-3.492809599265456200e-03,-1.235222630202770233e-02,-1.652553677558898926e-02,3.333488479256629944e-02,5.044094473123550415e-02,6.169662810862064362e-03,1.932494528591632843e-02,6.166437640786170959e-03,1.150079350918531418e-02,-9.662472642958164215e-03,2.078270167112350464e-02,-1.468076650053262711e-02,1.947975135408341885e-03,-2.765866741538047791e-02,5.237602163106203079e-03,3.057417832314968109e-02,2.025378169491887093e-03,-9.081950411200523376e-03,-2.576229348778724670e-02,1.379063166677951813e-02,2.224045805633068085e-02,-5.737496074289083481e-03,3.450883086770772934e-03,-6.650206632912158966e-03,-4.676430486142635345e-03,8.585280738770961761e-03,2.169863693416118622e-02,-2.323379553854465485e-02,-1.784138754010200500e-02,-4.253939259797334671e-03,-9.075500071048736572e-03,-1.882182620465755463e-02,-8.178915828466415405e-03,7.694945088587701321e-05,1.459046266973018646e-02,1.506778132170438766e-02,-9.494765661656856537e-03,-1.471946761012077332e-02,-2.301448769867420197e-02,-1.951200189068913460e-03,2.925832755863666534e-02,-3.720503300428390503e-02,1.135888788849115372e-02,-2.049889042973518372e-02,-1.398413907736539841e-02,3.357354551553726196e-03,2.694994618650525808e-04,4.690621048212051392e-02,2.469155192375183105e-02,-1.788008958101272583e-02,8.602011075709015131e-05,-2.794247679412364960e-02,1.640943251550197601e-02,2.967114327475428581e-03,-1.821550168097019196e-02,1.674484647810459137e-02,-9.043248370289802551e-03,-1.233610091730952263e-03,2.257587015628814697e-02,-1.564185367897152901e-03,-1.488394918851554394e-03,3.101279586553573608e-02,-4.602252505719661713e-03,6.501850672066211700e-03,-1.053970679640769958e-02,1.788331428542733192e-03,-2.967114327475428581e-03,1.870572194457054138e-02,-1.253283303231000900e-02,-5.550439003854990005e-03,-6.595379207283258438e-03,-9.978534653782844543e-03,-4.008829593658447266e-03,-1.490007434040307999e-02,-1.131373643875122070e-02,-3.506355360150337219e-02,2.654922381043434143e-02,1.728666573762893677e-02,6.946918088942766190e-03,1.264248788356781006e-02,-3.467653691768646240e-02,6.540552247315645218e-03,-3.786296118050813675e-03,-5.918103270232677460e-03,2.004737220704555511e-02,4.547425545752048492e-03,7.635481888428330421e-04,-1.211356744170188904e-02,2.848429791629314423e-02,1.577730849385261536e-02,1.455176156014204025e-02,1.642233319580554962e-02,5.843925289809703827e-03,5.318230018019676208e-03,3.412181511521339417e-03,-1.350682042539119720e-02,-9.843079373240470886e-03,-1.652553677558898926e-02,-3.023876622319221497e-02,1.004626275971531868e-03,-8.578830747865140438e-04,2.298868633806705475e-02,7.108174264430999756e-03,-3.189003095030784607e-02,-1.139113958925008774e-02,7.075923029333353043e-03,-1.362292561680078506e-02,-1.026234589517116547e-02,-1.490007434040307999e-02,-4.218462482094764709e-02,-2.765866741538047791e-02,3.692767350003123283e-03,-1.440985593944787979e-02,7.959607057273387909e-03,4.831236321479082108e-03,-1.135888788849115372e-02,1.851221360266208649e-02,-1.602241769433021545e-02,-1.298435032367706299e-02,1.830580644309520721e-02,2.013767696917057037e-02,-4.316506534814834595e-02,6.197398900985717773e-02,8.095062337815761566e-03,-2.194374613463878632e-02,-2.072142437100410461e-03,1.954425312578678131e-02,2.494956180453300476e-02,8.024109527468681335e-03,2.649762108922004700e-02,2.943893522024154663e-02,2.572359144687652588e-02,-1.555799972265958786e-02,1.390028628520667553e-03,-1.584181003272533417e-02,2.096330747008323669e-02,-1.186200696974992752e-02,-1.862831786274909973e-02,-1.851221360266208649e-02,-1.846061274409294128e-02,-1.291984785348176956e-02,-8.877154905349016190e-04,-4.035275429487228394e-02,-2.598160132765769958e-02,2.024088054895401001e-02,3.360579488798975945e-03,-9.223856031894683838e-03,3.410891443490982056e-02,-1.389383617788553238e-02,-1.101057417690753937e-02,-4.350692965090274811e-03,-3.075156128033995628e-03,2.796827815473079681e-02,-6.798562128096818924e-03,1.050100475549697876e-02,3.622459620237350464e-02,5.056994967162609100e-03,-2.640731818974018097e-02,1.785428822040557861e-02,-4.611928015947341919e-03,6.411547306925058365e-03,9.236755780875682831e-03,-4.344242624938488007e-03,1.443565636873245239e-02,-1.704155653715133667e-02,-1.058485824614763260e-02,5.485936533659696579e-03,-1.417764648795127869e-02,-2.012477628886699677e-02,8.707835339009761810e-03,-1.384223345667123795e-02,-1.578698400408029556e-03,-1.136856386438012123e-03,6.953367963433265686e-03,8.269218727946281433e-03,1.477106940001249313e-02,4.376493860036134720e-03,1.541609410196542740e-03,-3.692122548818588257e-02,-1.298112561926245689e-03,-2.051179111003875732e-02,2.115681581199169159e-02,-4.315216559916734695e-03,2.900031767785549164e-02,4.958628560416400433e-04,4.962660023011267185e-04,4.595802165567874908e-03,-9.797927923500537872e-03,-3.563117235898971558e-02,-9.256106801331043243e-03,-9.010997600853443146e-03,3.576017916202545166e-02,3.204483538866043091e-02,-1.944104954600334167e-02,4.176536109298467636e-03,1.012689061462879181e-02,-3.199323266744613647e-02,-1.833160780370235443e-02,9.694723412394523621e-03,2.897451817989349365e-02,-3.287046775221824646e-02,1.164269912987947464e-02,-1.775108464062213898e-02,-7.252498180605471134e-04,2.642021887004375458e-02,-2.568489126861095428e-02,-1.407444290816783905e-02,1.023654453456401825e-02,-1.053970679640769958e-02,-7.978958077728748322e-03,2.941313385963439941e-02,-1.453886087983846664e-02,-5.024743732064962387e-03,-1.400994043797254562e-02,-2.534947730600833893e-02,-4.342307522892951965e-02,-9.391562081873416901e-03,-2.807148173451423645e-02,3.276726230978965759e-02,6.869514938443899155e-03,-3.165782243013381958e-02,-1.400994043797254562e-02,-1.579504692927002907e-03,2.141482569277286530e-02,3.279951401054859161e-03,-2.236946299672126770e-02,8.527228608727455139e-03,3.062578104436397552e-02,-2.082140371203422546e-02,2.511726878583431244e-02,-2.567199058830738068e-02,4.724807105958461761e-03,-8.630433119833469391e-03,1.473236829042434692e-02,1.914433762431144714e-02,-1.760917901992797852e-02,1.784138754010200500e-02,-2.142772637307643890e-02,-4.589351825416088104e-03,5.821349332109093666e-04,1.234577596187591553e-02,1.080416701734066010e-02,-7.288780994713306427e-03,-2.633314114063978195e-03,-8.211166597902774811e-03,2.591709978878498077e-02,1.631912961602210999e-02,-9.759225882589817047e-03,-4.252003878355026245e-02,1.198456250131130219e-02,5.605265963822603226e-03,-1.284889504313468933e-02,-5.011843051761388779e-03,-1.989256776869297028e-02,2.138902433216571808e-02,1.838320866227149963e-02,1.398413907736539841e-02,3.129660710692405701e-02,-6.527651567012071609e-03,-2.107941359281539917e-02,-1.234577596187591553e-02,2.376916585490107536e-03,-4.324246570467948914e-02,-1.003013644367456436e-02,2.220175601541996002e-02,1.783493789844214916e-03,-1.222967170178890228e-02,8.101512677967548370e-03,-2.484958386048674583e-03,-2.319509349763393402e-02,1.184910722076892853e-02,-6.208364386111497879e-03,9.314158931374549866e-03,2.369821444153785706e-02,-2.171153761446475983e-02,-1.856381632387638092e-02,-1.037199981510639191e-02,-2.216305397450923920e-02,-1.309400517493486404e-02,-3.096119314432144165e-02,8.733636699616909027e-03,4.329406842589378357e-02,5.150523502379655838e-03,-2.205985039472579956e-02,-2.034408412873744965e-02,-1.226192247122526169e-02,-5.660738423466682434e-02,-6.917892023921012878e-04,7.398435380309820175e-03,1.429375074803829193e-02,1.099122408777475357e-02,3.127080574631690979e-02,6.992069538682699203e-03,-1.804457046091556549e-03,1.293274853378534317e-02,3.026456758379936218e-02,-1.468076650053262711e-02,-1.738987118005752563e-02,-1.455337391234934330e-03,-2.527207508683204651e-02,-1.541609410196542740e-02,6.940467748790979385e-03,-2.261457219719886780e-02,-1.911853812634944916e-02,1.505488064140081406e-02,1.444855704903602600e-02,1.276504248380661011e-02,-2.626863773912191391e-03,1.668034307658672333e-02,-1.923464238643646240e-02,6.792111787945032120e-03,1.321010943502187729e-02,-1.248768158257007599e-02,-9.004547260701656342e-03,8.619144791737198830e-04,-2.794247679412364960e-02,1.207486540079116821e-02,6.882415618747472763e-03,-1.902823336422443390e-03,-4.053336381912231445e-02,-1.982806436717510223e-02,1.137823890894651413e-02,-4.974754410795867443e-04,-8.985196240246295929e-03,-7.264592568390071392e-04,-3.576662857085466385e-03,2.285000635311007500e-03,-2.887131273746490479e-02,3.689542412757873535e-02,1.513389637693762779e-03,-4.231363162398338318e-02,-8.024109527468681335e-03,-1.217161957174539566e-02,-1.148144248872995377e-02,8.482077158987522125e-03,2.008607424795627594e-02,9.662472642958164215e-03,9.746326133608818054e-03,1.430665142834186554e-02,-1.289404742419719696e-02,1.120408158749341965e-02,-5.244052037596702576e-03,-1.646103523671627045e-02,-2.180184051394462585e-02,7.667733007110655308e-04,1.567410421557724476e-03,9.820503182709217072e-04,-6.369620561599731445e-03,2.614930830895900726e-02,5.562694370746612549e-02,-2.902611903846263885e-02,6.218039896339178085e-03,2.541398070752620697e-02,2.625251188874244690e-03,-2.061499468982219696e-02,-1.438405457884073257e-02,-1.296096888836473227e-04,-1.004303712397813797e-02,-1.235867664217948914e-02,-1.163624878972768784e-02,4.237007233314216137e-04,-6.837263703346252441e-03,-1.166849955916404724e-02,-8.727186359465122223e-03,-2.621381171047687531e-02,1.549349725246429443e-02,2.008349448442459106e-01,-2.311769127845764160e-02,4.440996330231428146e-03,1.702865585684776306e-02,9.817278943955898285e-03,2.439806470647454262e-03,3.083218820393085480e-02,1.644813455641269684e-02,-1.141048967838287354e-02,8.127313107252120972e-03,-2.778767235577106476e-02,-1.941524818539619446e-02,-5.360156763345003128e-03,1.652876264415681362e-03,-8.391773328185081482e-03,-3.632780164480209351e-02,-1.939912326633930206e-03,-3.209643810987472534e-02,-2.413683012127876282e-02,-2.776187099516391754e-02,6.530876737087965012e-03,-5.179549567401409149e-03,1.575150713324546814e-02,-1.864121854305267334e-02,7.772549521178007126e-03,-1.460336335003376007e-02,7.849953137338161469e-03,1.639653183519840240e-02,3.318008035421371460e-02,8.985196240246295929e-03,-6.701808422803878784e-03,-1.710928510874509811e-03,1.046230364590883255e-02,8.830390870571136475e-03,-1.541609410196542740e-02,1.281664427369832993e-02,4.471312463283538818e-02,1.980226300656795502e-02,1.529998984187841415e-02,-1.128148473799228668e-02,2.616220898926258087e-02,-7.301681675016880035e-03,-4.582901950925588608e-03,-4.228137899190187454e-03,-3.557312069460749626e-03,2.213725447654724121e-02,-1.074611395597457886e-02,-2.153092995285987854e-02,-3.023876622319221497e-02,1.825420372188091278e-02,-3.248345106840133667e-02,-1.298435032367706299e-02,1.864121854305267334e-02,-3.078381298109889030e-03,1.959263114258646965e-03,6.779211573302745819e-03,2.305318973958492279e-02,1.426795031875371933e-02,-2.783282427117228508e-03,-5.102146882563829422e-03,4.057206679135560989e-03,4.053336381912231445e-02,-1.115247979760169983e-02,2.360790967941284180e-02,9.243206121027469635e-03,1.999577134847640991e-02,-2.985175140202045441e-02,-1.284889504313468933e-02,-3.528286004438996315e-03,2.947763772681355476e-03,-1.630622893571853638e-02,-2.652342244982719421e-02,2.586549846455454826e-03,1.504197996109724045e-02,-6.792111787945032120e-03,-1.652553677558898926e-02,6.869514938443899155e-03,8.630433119833469391e-03,-4.440996330231428146e-03,1.809939742088317871e-02,3.908850718289613724e-03,-6.727609317749738693e-03,4.618377890437841415e-03,1.741567160934209824e-03,7.941868971101939678e-04,-2.451094426214694977e-02,7.501639425754547119e-03,4.187501594424247742e-02,-5.028614029288291931e-02,-6.108385510742664337e-03,1.728666573762893677e-02,-1.527418941259384155e-02,6.421222817152738571e-03,-5.873757763765752316e-04,3.392830723896622658e-03,-5.979380570352077484e-03,7.540340535342693329e-03,1.105572655797004700e-02,-7.495189085602760315e-03,9.307708591222763062e-03,1.307787955738604069e-03,1.061872229911386967e-03,1.622882671654224396e-02,1.683514937758445740e-02,-2.484958386048674583e-03,3.921751398593187332e-03,2.747805975377559662e-02,1.932494528591632843e-02,-2.094718161970376968e-03,-9.501216001808643341e-03,4.528074525296688080e-03,-2.876810915768146515e-02,9.946283884346485138e-03,-7.314581889659166336e-03,3.302527358755469322e-03,-2.042148821055889130e-02,-1.664164126850664616e-03,-2.191794477403163910e-02,4.342307522892951965e-02,2.739743096753954887e-03,-9.010997600853443146e-03,-1.856381632387638092e-02,-2.668790519237518311e-03,3.274146094918251038e-02,-2.791667729616165161e-02,4.019311163574457169e-04,-2.930993027985095978e-02,8.559480309486389160e-03,-3.776620607823133469e-03,-3.088379092514514923e-02,5.295654293149709702e-03,-6.595379207283258438e-03,1.710605993866920471e-02,5.652030231431126595e-04,2.076980099081993103e-02,9.533467702567577362e-03,-1.590631343424320221e-02,5.824574735015630722e-03,-9.359311312437057495e-03,-9.759225882589817047e-03,-5.595590919256210327e-03,-4.370043461676687002e-04,-1.947975135408341885e-03,3.619879484176635742e-02,-5.108597222715616226e-03,-3.547636792063713074e-03,4.551295563578605652e-02,-2.739743096753954887e-03,-1.656423881649971008e-02,-1.444855704903602600e-02,-1.668034307658672333e-02,-1.638363115489482880e-02,9.307708591222763062e-03,-1.625462621450424194e-02,2.843269705772399902e-02,-2.341440320014953613e-02,-9.256106801331043243e-03,-2.473025396466255188e-02,1.986676640808582306e-02,4.574516415596008301e-02,-5.474971234798431396e-02,1.439695525914430618e-02,1.558380108326673508e-02,-1.510648243129253387e-02,7.756424020044505596e-04,3.979803528636693954e-03,-1.617206335067749023e-01,6.927567068487405777e-03,1.816390082240104675e-02,-2.247266657650470734e-02,2.665242739021778107e-02,-6.630855612456798553e-03,3.052257746458053589e-02,7.856402546167373657e-03,-9.570556576363742352e-04,1.136533822864294052e-02,9.881781414151191711e-03,1.776398532092571259e-02,-5.320165306329727173e-02,6.576230225618928671e-05,-6.166437640786170959e-03,2.231786027550697327e-02,-4.556455835700035095e-02,1.784138754010200500e-02,3.588918223977088928e-02,-3.036454552784562111e-03,-8.488527499139308929e-03,1.544834580272436142e-03,2.004737220704555511e-02,-2.488183556124567986e-03,7.667733007110655308e-04,4.624022112693637609e-04,-7.933805696666240692e-03,9.217405691742897034e-03,1.728666713461279869e-03,-1.023009419441223145e-02,-1.634493097662925720e-02,1.669324375689029694e-02,4.254584014415740967e-02,3.553683927748352289e-04,-2.015057764947414398e-02,-2.563328854739665985e-02,-4.131384193897247314e-03,-2.873585792258381844e-03,1.228127349168062210e-02,1.842191070318222046e-02,2.768446691334247589e-02,9.436713531613349915e-03,1.226192247122526169e-02,-7.404885720461606979e-03,1.508068107068538666e-02,2.724585123360157013e-02,3.183842822909355164e-02,-2.047308906912803650e-02,1.984096504747867584e-02,-1.244253013283014297e-02,9.275457821786403656e-03,-2.119551785290241241e-02,-2.031828276813030243e-03,-4.463572055101394653e-03,3.425081958994269371e-03,1.297789998352527618e-02,1.067516161128878593e-03,2.413683012127876282e-02,2.343052765354514122e-03,1.350682042539119720e-02,-1.682224869728088379e-02,-2.925832755863666534e-02,-1.100573688745498657e-03,-2.600740268826484680e-02,2.112456364557147026e-03,-1.935074664652347565e-02,-1.857671700417995453e-02,-2.765866741538047791e-02,-1.142984069883823395e-02,1.390673592686653137e-02,-1.120408158749341965e-02,1.186200696974992752e-02,2.239848952740430832e-03,-6.324468646198511124e-03,2.292418479919433594e-02,-6.779211573302745819e-03,-4.112033639103174210e-03,4.218462854623794556e-03,1.363582536578178406e-02,5.224701482802629471e-03,-3.096119314432144165e-02,9.165803901851177216e-03,-6.714709103107452393e-03,2.967114327475428581e-03,6.953367963433265686e-03,3.764365240931510925e-02,2.235656231641769409e-02,-1.188780833035707474e-02,-1.475816871970891953e-02,3.947552293539047241e-03,5.179549567401409149e-03,-1.635783165693283081e-02,-6.434123031795024872e-03,-1.555799972265958786e-02,1.259088516235351562e-02,-1.751242554746568203e-03,-2.207597717642784119e-03,1.304240338504314423e-02,3.702442860230803490e-03,1.751887612044811249e-02,1.044940296560525894e-02,-1.206841506063938141e-02,-1.501617860049009323e-02,9.610870853066444397e-03,7.669345941394567490e-03,-4.689330700784921646e-03,4.370043519884347916e-03,2.760706469416618347e-02,1.937654800713062286e-02,2.938733249902725220e-02,-1.018494274467229843e-02,-1.148144248872995377e-03,1.798329316079616547e-02,3.397991135716438293e-02,7.920905016362667084e-03,2.271777577698230743e-02,-3.067738376557826996e-02,-6.143861915916204453e-03,2.279517985880374908e-02,-2.282097935676574707e-02,5.882626771926879883e-02,-3.821772290393710136e-03,-1.598371565341949463e-02,3.570212749764323235e-03,-2.025378122925758362e-02,-4.022375121712684631e-02,-9.494765847921371460e-02,-2.520757168531417847e-02,1.161044742912054062e-02,6.169662810862064362e-03,4.125579074025154114e-02,3.018716350197792053e-02,-1.086221914738416672e-02,-2.688141074031591415e-03,-3.052257746458053589e-02,2.923252806067466736e-02,3.647615667432546616e-03,-1.624172553420066833e-02,5.779422819614410400e-03,7.183964480645954609e-04,2.696203999221324921e-02,-9.680412040324881673e-05,1.433245278894901276e-02,4.647404421120882034e-03,-2.154383063316345215e-02,3.049355000257492065e-03,-3.367029875516891479e-02,2.629121392965316772e-02,-5.281140911392867565e-04,-2.594290114939212799e-02,1.509358175098896027e-02,9.410913102328777313e-03,-3.434112295508384705e-02,2.568811643868684769e-03,2.142772637307643890e-02,1.039780117571353912e-02,-1.162334810942411423e-02,-9.256106801331043243e-03,1.010270207189023495e-03,-5.818124394863843918e-03,-7.366184145212173462e-03,-1.446145772933959961e-02,-4.744802787899971008e-02,-6.405096966773271561e-03,1.985386572778224945e-02,1.896373112685978413e-03,4.318441729992628098e-03,3.647615667432546616e-03,-2.807470737025141716e-03,-2.572359144687652588e-02,2.094718161970376968e-03,-2.409812994301319122e-02,2.673628041520714760e-03,1.539029367268085480e-02,3.570857644081115723e-02,-2.701364085078239441e-02,-3.493454679846763611e-02,-2.186634391546249390e-02,-3.534736484289169312e-02,-1.216516923159360886e-02,4.779634531587362289e-03,-1.311335526406764984e-02,-7.570979651063680649e-04,-7.372634485363960266e-03,-3.477974236011505127e-02,-1.563429395901039243e-05,1.101057417690753937e-02,4.992492496967315674e-03,-1.137823890894651413e-02,5.818124394863843918e-03,5.180356092751026154e-04,-1.183620654046535492e-02,-1.612562127411365509e-02,-2.227915823459625244e-02,1.826710440218448639e-02,-1.668034307658672333e-02,2.164703421294689178e-02,-2.072142437100410461e-03,-7.063022349029779434e-03,1.364872604608535767e-02,-4.218462482094764709e-02,-8.043460547924041748e-03,-6.150312256067991257e-03,-2.145352773368358612e-02,3.101279586553573608e-02,-1.994416862726211548e-02,-1.121698226779699326e-02,-3.978513553738594055e-02,6.305118091404438019e-03,2.852622419595718384e-03,4.848007112741470337e-02,-7.353283464908599854e-03,6.434123031795024872e-03,-8.585280738770961761e-03,4.531299695372581482e-03,-6.101935170590877533e-03,-1.397285144776105881e-03,6.550227757543325424e-03,1.936364732682704926e-02,4.208787344396114349e-03,1.043327734805643559e-03,1.652553677558898926e-02,2.369821444153785706e-02,3.737112856470048428e-04,-1.164269866421818733e-03,4.969916772097349167e-03,-1.204906497150659561e-02,-2.355953445658087730e-03,-6.878545135259628296e-02,2.709104493260383606e-02,-2.894871681928634644e-02,-1.437115389853715897e-02,-2.983239945024251938e-03,-2.967114374041557312e-02,5.750396754592657089e-03,-1.439695525914430618e-02,-4.112033639103174210e-03,-1.491297502070665359e-02,-2.065692096948623657e-03,1.857671700417995453e-02,1.309400517493486404e-02,-2.675240626558661461e-03,-8.830390870571136475e-03,3.408956341445446014e-03,1.095252204686403275e-02,1.691255159676074982e-02,-1.059775892645120621e-02,2.187924459576606750e-02,6.043883040547370911e-03,4.099132958799600601e-03,-7.585492450743913651e-03,7.192027289420366287e-03,-1.524838805198669434e-02,2.003447338938713074e-02,-1.637073047459125519e-02,4.534524865448474884e-03,-2.083430252969264984e-02,-1.080416701734066010e-02,-2.786507364362478256e-03,-3.271566331386566162e-02,8.553029969334602356e-03,-6.517976522445678711e-03,8.804589509963989258e-03,-2.500116452574729919e-02,1.842191070318222046e-02,2.251136861741542816e-02,3.676641732454299927e-02,5.500772222876548767e-02,-4.798985086381435394e-03,-2.436904050409793854e-02,2.150512859225273132e-02,1.059775892645120621e-02,1.748017384670674801e-03,2.196954749524593353e-02,-2.126001939177513123e-02,6.327693816274404526e-03,6.759860552847385406e-03,3.183197695761919022e-03,2.874230779707431793e-02,1.294564921408891678e-02,-3.850798588246107101e-03,-2.493021078407764435e-03,1.583334524184465408e-04,-4.099778085947036743e-02,2.838109433650970459e-02,1.486137323081493378e-02,-8.178915828466415405e-03,-3.034196980297565460e-02,4.667399823665618896e-02,3.300914773717522621e-03,2.064079605042934418e-02,-6.959818303585052490e-03,-2.380544901825487614e-04,-7.791900541633367538e-03,1.843481138348579407e-02,-2.967114327475428581e-03,-1.190715935081243515e-02,-2.046341309323906898e-03,-4.657079465687274933e-03,5.656868219375610352e-03,1.784138754010200500e-02,3.356709331274032593e-02,2.613640762865543365e-02,1.040908857248723507e-03,3.586338367313146591e-03,-2.492376044392585754e-02,-8.972295559942722321e-03,1.250058226287364960e-02,9.114201180636882782e-03,9.997885674238204956e-03,-1.182814361527562141e-03,1.346811931580305099e-02,-9.726975113153457642e-03,1.946685090661048889e-02,-2.934863092377781868e-03,-2.430453710258007050e-02,8.701385930180549622e-03,-5.889883614145219326e-04,-6.298667751252651215e-03,1.649973541498184204e-02,5.221476312726736069e-03,7.250079419463872910e-03,-1.282309461385011673e-02,-2.235011197626590729e-03,-2.120519289746880531e-03,1.914433762431144714e-02,9.572168812155723572e-03,2.861330285668373108e-02,1.589986262843012810e-03,-1.044295262545347214e-02,-1.217484474182128906e-03,-2.586549706757068634e-02,-8.314370177686214447e-03,1.304885279387235641e-02,-4.030115529894828796e-02,-1.047520432621240616e-02,-2.377561666071414948e-02,-1.519678626209497452e-02,7.527440320700407028e-03,8.171658846549689770e-04,-6.514751352369785309e-03,4.392619244754314423e-03,-6.559902802109718323e-03,-1.696415361948311329e-03,2.434323914349079132e-02,2.269681281177327037e-04,-1.468076650053262711e-02,3.465073555707931519e-02,2.783927321434020996e-02,3.418631851673126221e-02,8.275669068098068237e-03,-4.386168904602527618e-03,-3.786296118050813675e-03,9.094851091504096985e-03,7.063022349029779434e-03,-6.492175161838531494e-03,2.807148173451423645e-02,-1.231997553259134293e-02,1.158464699983596802e-02,-3.373480169102549553e-03,-1.333911437541246414e-02,-9.984984993934631348e-03,-2.106006257236003876e-03,2.688463591039180756e-02,2.376271598041057587e-02,3.627619892358779907e-02,-1.065581105649471283e-02,5.371767282485961914e-02,4.115258809179067612e-03,-1.346811931580305099e-02,1.523548737168312073e-02,1.157174631953239441e-02,2.691043727099895477e-02,-8.004758507013320923e-03,2.853590063750743866e-02,-3.431532299146056175e-03,-3.447657916694879532e-03,-8.249263191828504205e-05,-1.032684836536645889e-02,1.809939742088317871e-02,-2.221465669572353363e-02,-2.773606963455677032e-02,1.425504963845014572e-02,2.982595004141330719e-02,-1.993126794695854187e-02,6.682457868009805679e-03,1.081061642616987228e-02,3.214804083108901978e-02,-2.468832768499851227e-03,1.591598847880959511e-03,-1.133308745920658112e-02,-1.884762756526470184e-02,-1.758337765932083130e-02,2.195664681494235992e-02,-1.201681327074766159e-02,3.325103316456079483e-03,-1.864121854305267334e-02,3.034841967746615410e-03,1.348101999610662460e-02,-2.520757168531417847e-02,-1.262313686311244965e-02,6.356720346957445145e-03,-4.703521355986595154e-02,6.153537426143884659e-03,-4.440351203083992004e-02,1.972486078739166260e-02,5.979380570352077484e-03,-1.806069724261760712e-02,-7.926751277409493923e-05,-1.009463891386985779e-02,-4.350047558546066284e-02,2.863910421729087830e-02,2.825208939611911774e-02,-2.113101445138454437e-02,1.582891121506690979e-02,-3.141271183267235756e-03
-1.526940800249576569e-02,-2.373955957591533661e-02,-5.241628969088196754e-05,-7.358363363891839981e-03,-5.629630293697118759e-03,2.299408242106437683e-02,-2.028209157288074493e-02,-1.685033179819583893e-02,-9.421275928616523743e-03,-1.777574978768825531e-02,6.516489665955305099e-03,-8.245223201811313629e-03,-1.515373028814792633e-02,-9.466261602938175201e-03,6.574328523129224777e-03,2.146457135677337646e-02,1.753154210746288300e-02,-1.153560006059706211e-03,-6.243362557142972946e-03,-2.300693653523921967e-03,1.499949395656585693e-02,9.106376208364963531e-03,1.117410836741328239e-03,-2.948486618697643280e-02,-9.234907105565071106e-03,-5.202266853302717209e-03,1.377845555543899536e-02,-3.087299503386020660e-02,6.722138263285160065e-03,-1.673465408384799957e-02,-8.298241882584989071e-04,1.307153794914484024e-02,-2.855944819748401642e-02,-2.403517812490463257e-02,-6.889227777719497681e-03,-2.335396781563758850e-02,-1.069372612982988358e-02,-3.945882432162761688e-03,2.083477191627025604e-02,-5.726027768105268478e-03,1.584779471158981323e-02,-1.039168052375316620e-02,1.754439435899257660e-02,2.230001846328377724e-03,1.331574562937021255e-02,1.852122507989406586e-02,-2.131033502519130707e-02,-1.876543276011943817e-02,-2.408337779343128204e-03,1.781430840492248535e-02,8.200237527489662170e-03,2.565787406638264656e-03,-5.957382731139659882e-03,-3.786504641175270081e-02,3.253424802096560597e-05,-2.272416837513446808e-02,-1.967799849808216095e-02,-6.386352470144629478e-04,-3.399628214538097382e-03,-1.163842435926198959e-02,1.181836705654859543e-02,8.688652887940406799e-03,-1.245459262281656265e-02,2.835379913449287415e-02,-4.967698827385902405e-03,3.534585004672408104e-03,-2.961339615285396576e-02,3.656689077615737915e-03,4.450363921932876110e-04,-2.406088449060916901e-02,1.570641063153743744e-02,3.344359993934631348e-02,-9.406816097907721996e-04,7.911044172942638397e-03,1.745442301034927368e-02,-3.123287856578826904e-02,-1.306511182337999344e-02,-4.145104321651160717e-04,-1.876543276011943817e-02,2.374598523601889610e-03,-1.470387447625398636e-02,-2.361102774739265442e-02,-7.795366924256086349e-03,-1.937595312483608723e-03,2.056485973298549652e-03,2.625875361263751984e-02,-1.949805766344070435e-02,2.727414481341838837e-02,1.624302472919225693e-03,-2.128462865948677063e-02,5.231186002492904663e-02,1.269880030304193497e-02,-6.118045654147863388e-03,2.894503809511661530e-02,-1.827701739966869354e-02,-6.779977120459079742e-03,-2.107897959649562836e-02,1.616911962628364563e-02,1.980974338948726654e-03,-3.205547481775283813e-02,1.474243309348821640e-02,7.377643138170242310e-03,1.011534035205841064e-02,-5.844918545335531235e-03,-1.503805257380008698e-02,-2.427938580513000488e-02,7.499746978282928467e-03,-7.345510646700859070e-03,1.502520032227039337e-02,-7.069170009344816208e-03,-2.057771198451519012e-02,1.654185913503170013e-02,1.877828687429428101e-02,-4.531980678439140320e-02,1.267952099442481995e-02,-1.131709851324558258e-02,-9.599611803423613310e-05,2.647725492715835571e-02,1.075799204409122467e-02,-1.654185913503170013e-02,-2.873939089477062225e-02,8.682226762175559998e-03,1.956232264637947083e-02,-1.732589304447174072e-02,1.523888204246759415e-03,3.740233555436134338e-02,-3.375207632780075073e-02,-1.773719117045402527e-02,-3.156705945730209351e-02,-4.289701115339994431e-03,5.501099675893783569e-02,5.690682213753461838e-03,1.472957991063594818e-02,-8.174531161785125732e-03,-4.909859970211982727e-03,3.943311795592308044e-02,-1.219753175973892212e-02,-1.862405054271221161e-02,-3.524302691221237183e-02,-5.362929776310920715e-03,1.566785201430320740e-02,9.639777243137359619e-03,-1.535937935113906860e-02,-3.579570678994059563e-03,2.015356160700321198e-02,-9.633351117372512817e-03,1.974226534366607666e-02,1.039168052375316620e-02,1.236462127417325974e-02,-2.874260302633047104e-03,9.768308140337467194e-03,6.979199126362800598e-03,2.709420211613178253e-02,-1.598917692899703979e-02,2.212007716298103333e-02,1.037882734090089798e-02,-1.206900179386138916e-02,3.303230507299304008e-03,-5.138001404702663422e-03,-8.187384344637393951e-03,1.254456397145986557e-02,-9.453408420085906982e-03,6.281921640038490295e-03,5.870624445378780365e-03,-1.809707656502723694e-02,4.146389663219451904e-02,6.619313731789588928e-03,-1.359851285815238953e-02,-2.781397104263305664e-02,-9.969136444851756096e-04,-3.955522086471319199e-03,4.853306710720062256e-02,-8.997125551104545593e-03,3.262100741267204285e-02,5.150854587554931641e-03,2.149027772247791290e-02,-3.584792430046945810e-04,-2.375241182744503021e-02,-1.853407919406890869e-02,4.046136140823364258e-02,-2.686284668743610382e-02,1.350854150950908661e-02,2.187586948275566101e-02,2.440470270812511444e-03,5.494673270732164383e-03,1.855657203122973442e-03,1.521799527108669281e-02,-8.161677978932857513e-03,9.999662637710571289e-03,-1.858549192547798157e-02,2.859800588339567184e-03,1.709453947842121124e-02,3.544224891811609268e-03,-2.372670546174049377e-02,-6.272282004356384277e-01,1.142635010182857513e-02,-3.711957111954689026e-02,-3.043599054217338562e-02,2.979333885014057159e-02,1.985794119536876678e-02,1.173482276499271393e-02,2.111754007637500763e-02,-3.575714677572250366e-02,1.218628603965044022e-03,-5.719601176679134369e-03,3.945882245898246765e-02,-1.159343961626291275e-02,-2.765973471105098724e-02,-1.766007207334041595e-02,-1.858549192547798157e-02,6.551835685968399048e-03,-2.296837605535984039e-02,-1.214611995965242386e-02,-2.673431532457470894e-03,-9.665483608841896057e-03,6.728564854711294174e-03,-1.844410784542560577e-03,-1.543649751693010330e-02,1.046237163245677948e-02,2.061627060174942017e-02,-3.009217325598001480e-03,-2.699137665331363678e-03,-1.945949718356132507e-02,1.207542791962623596e-02,-4.364891350269317627e-02,2.526907064020633698e-02,-3.798072459176182747e-03,-1.499949395656585693e-02,3.519161418080329895e-02,-7.653983309864997864e-03,-3.470319882035255432e-02,2.382953092455863953e-02,4.765263292938470840e-03,1.494808215647935867e-02,-2.485777251422405243e-02,2.040419494733214378e-03,9.716895408928394318e-03,-2.332826144993305206e-02,-1.983223482966423035e-02,2.855944819748401642e-02,1.172196958214044571e-02,-1.202401611953973770e-02,5.064096301794052124e-03,7.012938149273395538e-04,1.010248716920614243e-02,-7.679689442738890648e-04,3.900093433912843466e-04,-7.004905026406049728e-03,-1.641172100789844990e-03,1.183764729648828506e-02,1.398410368710756302e-02,-2.673431672155857086e-02,5.501099862158298492e-03,1.371419057250022888e-02,9.909691289067268372e-03,8.354473859071731567e-03,-1.209470722824335098e-02,-2.506342157721519470e-02,-1.466531492769718170e-02,2.951057255268096924e-02,-7.506173569709062576e-03,-7.705395575612783432e-03,2.176019176840782166e-02,8.527989499270915985e-03,3.569931024685502052e-03,-1.257027033716440201e-02,-7.795366924256086349e-03,5.442457622848451138e-04,9.427702054381370544e-03,6.600034423172473907e-03,-7.300524972379207611e-03,-6.779977120459079742e-03,-5.896330811083316803e-03,2.663149125874042511e-02,-6.240149494260549545e-03,-1.177338138222694397e-02,-1.786572113633155823e-02,-2.965838182717561722e-03,1.508946530520915985e-02,2.168949926272034645e-03,-3.894470259547233582e-02,-6.655463366769254208e-04,1.092508155852556229e-02,-4.122611600905656815e-03,5.616777110844850540e-03,2.783967740833759308e-02,1.818704791367053986e-02,-7.801793515682220459e-03,1.172196958214044571e-02,1.769863255321979523e-02,-7.724674884229898453e-03,2.560967579483985901e-03,1.497378759086132050e-02,1.241603307425975800e-02,-5.787079688161611557e-03,-2.966480888426303864e-02,2.232572436332702637e-02,1.867706887423992157e-04,1.825131289660930634e-02,-3.332149703055620193e-03,-6.163031328469514847e-03,6.461864337325096130e-03,4.080838989466428757e-03,-3.413766622543334961e-02,-1.078369747847318649e-02,3.907323349267244339e-03,1.184407342225313187e-02,-1.192119158804416656e-02,-1.209470722824335098e-02,-2.727414481341838837e-02,2.041062153875827789e-02,2.273702248930931091e-02,9.875751129584386945e-05,-3.454896435141563416e-02,1.756046200171113014e-03,2.389379590749740601e-02,-2.783967740833759308e-02,-1.311009749770164490e-02,1.654185913503170013e-02,1.772433705627918243e-02,-1.242888625711202621e-02,-2.613022364675998688e-02,-2.332826144993305206e-02,-1.194047089666128159e-02,-3.089548787102103233e-03,2.991544315591454506e-03,2.212007716298103333e-02,-7.429055403918027878e-03,3.053881600499153137e-02,6.683579180389642715e-03,1.048165187239646912e-02,-1.561643928289413452e-02,1.685033179819583893e-02,-2.167022041976451874e-02,-2.202689182013273239e-03,2.768544107675552368e-02,-1.316632959060370922e-03,-4.636732861399650574e-03,1.338001154363155365e-02,-6.477930396795272827e-02,-1.755724847316741943e-02,-3.331506997346878052e-02,-2.424082718789577484e-02,8.894301019608974457e-03,2.476780116558074951e-02,-6.175884045660495758e-03,-1.831557787954807281e-02,-2.734483685344457626e-03,5.905970465391874313e-03,-2.696567028760910034e-02,-3.361872513778507710e-04,-5.285811144858598709e-03,5.272958427667617798e-03,-3.457466885447502136e-02,1.907390728592872620e-02,2.062912471592426300e-02,-1.289159618318080902e-02,-3.569931024685502052e-03,-1.652900502085685730e-02,-5.706748459488153458e-03,5.321960779838263988e-04,7.885337807238101959e-03,-1.714595034718513489e-02,-2.240284346044063568e-02,-9.980383329093456268e-03,1.816495641833171248e-04,-2.420226857066154480e-02,3.506308421492576599e-02,-4.402165301144123077e-03,4.527482204139232635e-03,-1.492237579077482224e-02,-3.807712113484740257e-03,-9.999662637710571289e-03,1.870116777718067169e-02,-2.316117286682128906e-02,-6.336546968668699265e-03,-3.002469427883625031e-02,-6.487570237368345261e-03,1.759580709040164948e-02,-1.735159941017627716e-02,1.226822379976511002e-02,1.176052843220531940e-03,-1.954946853220462799e-02,4.482496529817581177e-03,-1.810992881655693054e-02,1.535937935113906860e-02,8.688652887940406799e-03,-4.986978136003017426e-03,-1.413834001868963242e-02,6.696432363241910934e-03,1.881764910649508238e-04,1.249315217137336731e-02,1.398410368710756302e-02,1.904820092022418976e-02,6.056993734091520309e-03,-3.293590620160102844e-03,2.953627891838550568e-02,8.707932196557521820e-03,2.138745225965976715e-02,-1.841840147972106934e-02,4.623880144208669662e-03,-1.231963559985160828e-02,1.597632467746734619e-02,-1.093793474137783051e-02,8.611534722149372101e-03,-5.166920647025108337e-02,-1.730018667876720428e-02,1.284018345177173615e-02,-1.937595312483608723e-03,2.618806203827261925e-03,1.042381301522254944e-02,1.529511343687772751e-02,-5.745307542383670807e-03,-1.183122023940086365e-02,1.447251904755830765e-02,-3.370708785951137543e-03,-5.276171490550041199e-03,1.314222998917102814e-02,-2.095044963061809540e-02,2.215863578021526337e-02,4.048706591129302979e-02,6.927786860615015030e-03,1.400981005281209946e-02,-3.048740327358245850e-02,7.647557067684829235e-04,2.117537893354892731e-03,-3.743446897715330124e-03,1.773719117045402527e-02,8.932860568165779114e-03,-2.706849575042724609e-02,7.763234432786703110e-03,-1.938237994909286499e-02,1.529511343687772751e-02,-1.917673088610172272e-02,3.514020144939422607e-02,-7.564011961221694946e-03,2.573177963495254517e-02,-1.282090414315462112e-02,9.845426306128501892e-03,1.600203104317188263e-02,1.606629602611064911e-02,-3.033316694200038910e-03,-1.670894771814346313e-02,2.194013446569442749e-02,-2.442076988518238068e-02,1.691459678113460541e-02,-2.254422567784786224e-02,-1.155166653916239738e-03,1.510231848806142807e-02,-1.618197374045848846e-02,-4.974125418812036514e-03,-5.860984791070222855e-03,2.503771521151065826e-02,2.304549515247344971e-02,5.658549256622791290e-03,5.237612640485167503e-04,2.289125882089138031e-02,1.431828271597623825e-02,1.744157075881958008e-02,-7.975309155881404877e-03,-1.043666619807481766e-02,-1.013461966067552567e-02,-2.474209666252136230e-02,-1.593776606023311615e-02,9.318451397120952606e-03,-5.507526453584432602e-03,2.111754007637500763e-02,-3.269491251558065414e-03,-9.588365443050861359e-03,-9.022831916809082031e-03,-1.221038546646013856e-04,1.498664077371358871e-02,1.480669807642698288e-02,5.404701922088861465e-03,-2.233215142041444778e-03,-3.110434859991073608e-02,1.303297933191061020e-02,2.101471461355686188e-02,4.273634694982320070e-04,9.826146997511386871e-03,-2.556469105184078217e-02,2.620734274387359619e-02,-3.711957111954689026e-02,-5.546085536479949951e-03,-1.242246013134717941e-02,2.430509217083454132e-02,3.357213363051414490e-02,-3.724167356267571449e-03,-3.843057900667190552e-02,-1.283375732600688934e-02,3.868764033541083336e-03,-3.730593947693705559e-03,1.435684226453304291e-02,8.868595585227012634e-03,-6.996871670708060265e-04,-2.589886821806430817e-02,3.727380651980638504e-03,1.234534196555614471e-02,3.048740327358245850e-02,8.328767493367195129e-03,-1.764280168572440743e-04,1.053145737387239933e-03,-3.945882432162761688e-03,-2.315153134986758232e-03,-5.372569430619478226e-03,1.262168213725090027e-02,-2.240284346044063568e-02,7.608997635543346405e-03,7.703789160586893559e-04,-1.631050370633602142e-02,-1.183764729648828506e-02,1.021816395223140717e-02,9.633351117372512817e-03,-1.667038910090923309e-02,-2.480234543327242136e-04,-5.790293216705322266e-03,5.176560487598180771e-03,1.393269188702106476e-02,9.788873046636581421e-02,1.528226118534803391e-02,6.522916257381439209e-03,3.769554605241864920e-04,-6.066633388400077820e-03,1.814848743379116058e-02,-3.939455840736627579e-03,-2.129748277366161346e-02,-1.841840147972106934e-02,-6.028074305504560471e-03,-1.306511182337999344e-02,-6.185524165630340576e-03,7.615424226969480515e-03,-2.461356483399868011e-02,1.118856854736804962e-02,2.470353618264198303e-02,-4.880940541625022888e-03,6.914933677762746811e-03,-1.069372612982988358e-02,-9.633351117372512817e-03,-1.273253932595252991e-03,2.472924254834651947e-02,-1.843125559389591217e-02,2.424082718789577484e-02,2.143886499106884003e-02,-1.191476546227931976e-02,3.110434859991073608e-02,2.364958822727203369e-02,6.580754648894071579e-03,-2.457500621676445007e-02,-9.202774614095687866e-03,8.470151573419570923e-03,-4.649586044251918793e-03,5.530019290745258331e-03,-3.534585004672408104e-03,-6.378319580107927322e-03,4.903433378785848618e-03,3.472890704870223999e-02,9.941823780536651611e-03,-1.330289337784051895e-02,2.894503809511661530e-02,1.230035629123449326e-02,-1.083511020988225937e-02,-1.768577843904495239e-02,2.956198528409004211e-02,1.435684226453304291e-02,-1.006392762064933777e-02,1.499949395656585693e-02,9.691189974546432495e-03,-2.879080176353454590e-02,3.200406208634376526e-02,-2.291696518659591675e-02,-3.547438234090805054e-02,-2.020497433841228485e-02,5.872230976819992065e-04,8.213090710341930389e-03,-1.204972155392169952e-03,-3.855911083519458771e-03,-2.140030730515718460e-03,-1.047522481530904770e-02,-3.007610514760017395e-02,-2.323829010128974915e-02,2.122036367654800415e-02,-2.123321592807769775e-02,-2.817385643720626831e-02,-1.560358703136444092e-02,-1.832843013107776642e-02,-6.786403246223926544e-03,-1.780145615339279175e-02,-8.746491745114326477e-03,-1.093150768429040909e-02,-1.510231848806142807e-02,-2.364958822727203369e-02,1.799425110220909119e-02,4.166954383254051208e-02,9.832573123276233673e-03,1.135565806180238724e-02,9.267039597034454346e-03,6.108405534178018570e-03,6.420091725885868073e-03,4.010147415101528168e-03,-4.129038192331790924e-03,7.570438552647829056e-03,-1.732589304447174072e-02,-2.566751465201377869e-02,1.818704791367053986e-02,4.874514415860176086e-03,-9.324878454208374023e-03,-3.640622599050402641e-03,3.131321165710687637e-03,1.384272053837776184e-02,1.377845555543899536e-02,1.255099009722471237e-02,-3.596279770135879517e-02,6.869948003441095352e-03,1.616911962628364563e-02,1.633621007204055786e-02,-3.349501267075538635e-02,-1.282090414315462112e-02,9.543379768729209900e-03,4.318620543926954269e-03,-1.971655897796154022e-02,4.736343864351511002e-03,-6.538982503116130829e-03,1.529511343687772751e-02,3.614274039864540100e-02,-1.574496924877166748e-02,4.925926215946674347e-03,-1.640047505497932434e-02,-2.350820414721965790e-02,1.685033179819583893e-02,-3.141282126307487488e-02,8.213090710341930389e-03,-1.623338460922241211e-02,-3.475461155176162720e-02,1.817419379949569702e-02,2.509555313736200333e-03,3.400913625955581665e-02,1.539793796837329865e-02,-3.334077820181846619e-02,-1.331574562937021255e-02,-2.832809276878833771e-02,1.735159941017627716e-02,-1.596186542883515358e-03,-2.098900824785232544e-02,1.766007207334041595e-02,7.486893795430660248e-03,7.197700440883636475e-03,1.361136604100465775e-02,1.056519616395235062e-02,1.028885599225759506e-02,2.915068715810775757e-02,-1.017317827790975571e-02,3.875190624967217445e-03,-5.748520605266094208e-03,-1.867546327412128448e-02,-1.427972409874200821e-02,1.598917692899703979e-02,-2.224860712885856628e-02,-1.804566383361816406e-02,-9.620497934520244598e-03,-6.314054131507873535e-03,-9.710469283163547516e-03,-7.557585835456848145e-03,-4.656012635678052902e-03,-4.035853594541549683e-02,1.054591685533523560e-02,9.517673403024673462e-03,1.534652616828680038e-02,1.805851608514785767e-02,-2.678572945296764374e-02,2.294267155230045319e-02,-1.014747284352779388e-02,1.203044224530458450e-02,-2.679858123883605003e-03,-1.604058966040611267e-02,-2.098258351907134056e-03,-2.267275750637054443e-02,1.705597899854183197e-02,8.875021710991859436e-03,1.749298349022865295e-02,2.323829010128974915e-02,1.472957991063594818e-02,1.105361152440309525e-02,-2.889362722635269165e-02,-6.779977120459079742e-03,1.813483104342594743e-04,-2.584745734930038452e-02,-3.269812464714050293e-02,1.800710521638393402e-02,5.334010347723960876e-03,4.115542396903038025e-02,4.508202429860830307e-03,-3.760798647999763489e-02,-4.353966098278760910e-03,-6.747844163328409195e-03,1.884338075797131751e-06,2.861407352611422539e-03,7.191273849457502365e-03,-4.377744346857070923e-02,-7.043464109301567078e-03,2.371385227888822556e-03,-1.197260338813066483e-02,1.262810826301574707e-02,-1.267309393733739853e-02,-1.965229399502277374e-02,2.379097044467926025e-02,2.430027234368026257e-04,-3.123288042843341827e-03,1.706883311271667480e-02,1.499949395656585693e-02,-2.015356160700321198e-02,4.490850865840911865e-02,1.288516912609338760e-02,-2.294267155230045319e-02,4.055133089423179626e-03,1.687603816390037537e-02,2.907356992363929749e-02,-6.850668694823980331e-03,3.280095010995864868e-02,3.909893706440925598e-02,9.434129111468791962e-03,-2.250566706061363220e-02,1.097649335861206055e-02,-1.966514624655246735e-02,1.837984286248683929e-02,-1.172839570790529251e-02,-3.884830279275774956e-03,2.769829472526907921e-03,-9.414849802851676941e-03,-6.857095286250114441e-03,-1.403551641851663589e-02,-2.548757195472717285e-02,-3.521732240915298462e-02,3.328936547040939331e-02,-1.645188778638839722e-02,-8.193811401724815369e-03,4.179807379841804504e-02,9.382716962136328220e-04,-1.785286888480186462e-02,-1.203686930239200592e-02,4.668865818530321121e-03,2.204295806586742401e-02,5.600710865110158920e-03,1.596347242593765259e-02,1.967799849808216095e-02,2.495095832273364067e-03,-1.721021533012390137e-02,-2.146457089111208916e-03,-1.604058966040611267e-02,4.742770455777645111e-03,2.291696518659591675e-02,-3.672755323350429535e-03,1.589920558035373688e-02,-5.979875568300485611e-03,-2.312261238694190979e-02,4.871300887316465378e-03,-1.676036044955253601e-02,-1.553932111710309982e-02,1.813563518226146698e-02,7.345510646700859070e-03,-4.189286555629223585e-04,1.384272053837776184e-02,1.439540088176727295e-02,1.704312674701213837e-02,1.028885599225759506e-02,1.425401773303747177e-02,1.077084522694349289e-02,-3.974159061908721924e-02,-5.976662039756774902e-03,-9.350583888590335846e-03,3.258244832977652550e-03,7.596144918352365494e-03,2.709420211613178253e-02,2.588280243799090385e-03,1.079012453556060791e-02,1.003822125494480133e-02,-1.319846254773437977e-03,-2.868797816336154938e-02,-1.018603146076202393e-02,-1.865296973846852779e-03,2.564180828630924225e-02,1.954946853220462799e-02,-1.876543276011943817e-02,1.474243309348821640e-02,1.334145199507474899e-02,-2.665719762444496155e-02,8.907154202461242676e-03,-5.671402323059737682e-04,2.140030637383460999e-02,-2.168307267129421234e-02,-1.119499467313289642e-02,-5.941316019743680954e-03,9.414849802851676941e-03,1.547505613416433334e-02,-7.486893795430660248e-03,-8.752917870879173279e-03,1.273093279451131821e-02,-2.652866765856742859e-02,-2.521765790879726410e-02,2.141315862536430359e-02,-1.490952260792255402e-02,-4.758836701512336731e-03,-2.110468596220016479e-02,-5.963808856904506683e-03,-2.609166502952575684e-02,-1.045594550669193268e-02,-1.790427975356578827e-02,2.582175098359584808e-02,-2.705564256757497787e-03,-2.819956280291080475e-02,-1.705597899854183197e-02,-7.814646698534488678e-03,3.133570402860641479e-02,2.148063853383064270e-03,-7.679689675569534302e-03,1.589920558035373688e-02,4.326332360506057739e-02,-2.474209666252136230e-02,2.057771198451519012e-02,-1.556502748280763626e-02,3.470320021733641624e-03,-1.335430517792701721e-02,2.069338969886302948e-02,2.442076988518238068e-02,-2.150312997400760651e-02,2.776256017386913300e-02,-2.086047828197479248e-02,-1.604058966040611267e-02,2.174733765423297882e-02,-3.288770793005824089e-03,3.100152499973773956e-02,1.812278106808662415e-02,-1.474243309348821640e-02,-8.984272368252277374e-03,3.048740327358245850e-02,1.090098172426223755e-03,-1.745442301034927368e-02,-4.421444609761238098e-02,6.889227777719497681e-03,4.170810338109731674e-03,-3.067055949941277504e-03,8.990699425339698792e-03,-2.745408564805984497e-02,1.249957829713821411e-02,1.985794119536876678e-02,1.704312674701213837e-02,2.438221126794815063e-02,-9.170642122626304626e-03,-2.745408564805984497e-02,-7.402545888908207417e-04,-9.054964408278465271e-03,-3.169558942317962646e-02,2.935312222689390182e-03,4.442009329795837402e-02,8.470151573419570923e-03,-1.483240444213151932e-02,1.167698390781879425e-02,1.535937935113906860e-02,-2.427617320790886879e-03,8.296635001897811890e-03,1.133637875318527222e-02,5.327583756297826767e-03,4.067986272275447845e-03,-2.181160263717174530e-02,-1.007678080350160599e-02,7.435481995344161987e-03,-1.288516912609338760e-02,-1.071300636976957321e-02,-2.897074446082115173e-02,-3.910536412149667740e-03,3.519161418080329895e-02,1.294300798326730728e-02,-3.668256849050521851e-02,-1.539793796837329865e-02,6.420091725885868073e-03,-6.770979613065719604e-02,-5.019110627472400665e-03,-1.385557372123003006e-02,3.048740327358245850e-02,1.375274918973445892e-02,2.845662273466587067e-02,1.467816811054944992e-02,5.976662039756774902e-03,1.790427975356578827e-02,5.272958427667617798e-03,-2.384238317608833313e-02,-1.005750149488449097e-02,1.274378597736358643e-02,-1.448537223041057587e-02,-2.375241182744503021e-02,1.843125559389591217e-02,-2.569322101771831512e-02,-1.855978555977344513e-02,3.886758163571357727e-02,-5.793506279587745667e-03,-3.772366326302289963e-03,8.418738842010498047e-03,6.095552816987037659e-03,-2.011500298976898193e-02,-1.787857338786125183e-02,-3.733807243406772614e-03,8.005031850188970566e-04,8.393033407628536224e-03,1.471672672778367996e-02,-2.370099909603595734e-02,1.866260915994644165e-02,1.217825245112180710e-02,-1.040292670950293541e-03,-2.133604139089584351e-02,-5.726027768105268478e-03,6.902080960571765900e-03,4.135464783757925034e-03,-2.294267155230045319e-02,-1.672179996967315674e-02,5.510739516466856003e-03,3.926602657884359360e-03,-1.996076665818691254e-02,3.082158230245113373e-02,1.511517167091369629e-02,-3.156705945730209351e-02,-9.639777243137359619e-03,-1.277591846883296967e-02,1.382986735552549362e-02,2.402232587337493896e-02,2.346964552998542786e-02,-1.552646886557340622e-02,-4.668865818530321121e-03,1.646474003791809082e-02,-2.007644250988960266e-02,6.869948003441095352e-03,-2.868797816336154938e-02,-7.576865144073963165e-03,-2.349535189568996429e-02,7.430661935359239578e-04,-5.883477628231048584e-03,-2.111111301928758621e-03,-3.113005496561527252e-02,3.010181151330471039e-02,5.408557876944541931e-02,-2.595028094947338104e-02,7.756004342809319496e-04,1.417689956724643707e-02,2.395484829321503639e-03,-1.025029644370079041e-02,-1.389413233846426010e-02,-1.701742038130760193e-02,-1.795569248497486115e-02,-2.262134477496147156e-02,-1.257187686860561371e-03,-1.030813530087471008e-02,-2.431794628500938416e-02,-2.321579726412892342e-03,1.445966679602861404e-02,-8.714359253644943237e-03,2.056485973298549652e-02,2.065740078687667847e-01,-2.969051524996757507e-02,-2.249281387776136398e-03,2.201725170016288757e-02,-3.987654577940702438e-03,-5.944529548287391663e-03,3.064163960516452789e-02,7.743954658508300781e-03,1.429900294169783592e-03,-5.764586851000785828e-03,-4.053847864270210266e-02,4.418231546878814697e-03,-1.070657931268215179e-02,2.307120012119412422e-03,-1.080940384417772293e-02,-3.735092654824256897e-02,-2.120751142501831055e-02,-2.371385321021080017e-02,-4.547404497861862183e-02,-2.722273208200931549e-02,1.706883311271667480e-02,-1.176695525646209717e-02,-1.823524595238268375e-03,-1.270522642880678177e-02,4.832741804420948029e-03,-5.639269948005676270e-03,1.484525762498378754e-02,1.373989600688219070e-02,1.859834417700767517e-02,-8.651700336486101151e-04,-4.562828224152326584e-03,-1.086884876713156700e-03,1.193404477089643478e-02,1.306511182337999344e-02,-2.223575301468372345e-02,1.107931789010763168e-02,2.263419702649116516e-02,5.758160259574651718e-03,-8.206663653254508972e-03,-7.641130592674016953e-03,1.611770875751972198e-02,9.466261602938175201e-03,-2.227431349456310272e-02,-9.067817591130733490e-03,-1.539954449981451035e-03,2.458785846829414368e-02,-2.461356483399868011e-02,-1.073228544555604458e-03,-2.125892229378223419e-02,2.082191873341798782e-03,-3.889328986406326294e-02,-1.992220617830753326e-02,2.487062662839889526e-02,-6.394385825842618942e-03,-1.252367743290960789e-03,-1.397125143557786942e-02,2.349535189568996429e-02,7.718248758465051651e-03,-1.088652200996875763e-02,8.817182853817939758e-03,-6.500423420220613480e-03,1.611770875751972198e-02,-1.826416514813899994e-02,3.568002954125404358e-02,4.398951772600412369e-03,2.681143395602703094e-02,-4.205513745546340942e-02,-2.470996230840682983e-03,-1.140064373612403870e-02,7.017758209258317947e-03,-1.005107443779706955e-02,-1.089937519282102585e-02,1.976154511794447899e-03,1.864975690841674805e-02,-1.876543392427265644e-03,-2.485455945134162903e-03,1.604058966040611267e-02,7.075596600770950317e-03,6.124472245573997498e-03,7.467614486813545227e-03,-9.953069966286420822e-04,-6.050567142665386200e-03,1.762151345610618591e-02,-2.267356030642986298e-04,-1.046879868954420090e-02,-1.609200239181518555e-02,7.673263084143400192e-03,3.128429129719734192e-02,-2.907356992363929749e-02,4.082124307751655579e-02,1.809707656502723694e-02,-8.431592024862766266e-03,1.180551387369632721e-02,3.389988560229539871e-03,-1.676036044955253601e-02,5.494673270732164383e-03,2.501522190868854523e-03,1.989007461816072464e-03,-9.144935756921768188e-03,1.299441978335380554e-02,-5.202266853302717209e-03,2.424404025077819824e-03,8.637241087853908539e-03,2.128462865948677063e-02,-1.871402189135551453e-02,-6.291561294347047806e-03,1.620768010616302490e-02,3.102723136544227600e-02,2.048452850431203842e-03,-1.979367621243000031e-02,-9.517673403024673462e-03,-2.989616431295871735e-02,9.350583888590335846e-03,5.166920833289623260e-03,2.250566706061363220e-02,4.697784781455993652e-03,6.012008059769868851e-03,-1.670894771814346313e-02,3.598850220441818237e-02,4.026615351904183626e-04,-1.568070426583290100e-02,-1.178623456507921219e-02,3.036529989913105965e-03,2.217148803174495697e-02,-1.767292618751525879e-02,1.041095983237028122e-02,-1.417689956724643707e-02,4.575680941343307495e-03,2.249281387776136398e-03,-3.925317525863647461e-02,3.241536021232604980e-02,-2.475494891405105591e-02,-9.973956272006034851e-03,5.677829030901193619e-03,8.058854378759860992e-03,1.989650167524814606e-02,-1.595061831176280975e-02,-1.258954964578151703e-02,-1.589920558035373688e-02,-1.611770875751972198e-02,-1.357280649244785309e-02,-4.742770455777645111e-03,-1.143920235335826874e-03,3.663115575909614563e-02,6.889227777719497681e-03,-1.587350107729434967e-02,4.452291876077651978e-02,-1.660612411797046661e-02,1.080297771841287613e-02,-1.759580709040164948e-02,-2.185016311705112457e-02,-1.216539926826953888e-02,-2.642905572429299355e-03,1.371258404105901718e-03,2.071909606456756592e-02,-1.548790931701660156e-02,-1.772433705627918243e-02,-2.609166502952575684e-02,6.889227777719497681e-03,4.783900454640388489e-02,-6.138610467314720154e-02,5.735667888075113297e-03,1.651615276932716370e-02,-3.424049168825149536e-02,4.331473261117935181e-03,3.050587838515639305e-04,-1.605087220668792725e-01,1.846981421113014221e-02,2.106612734496593475e-02,-2.454929985105991364e-02,1.070657931268215179e-02,3.116861451417207718e-03,3.994723781943321228e-02,1.508946530520915985e-02,5.594284273684024811e-03,1.492237579077482224e-02,1.858870498836040497e-03,1.872687414288520813e-02,-3.156705945730209351e-02,1.083511020988225937e-02,-2.173769753426313400e-03,1.516658347100019455e-02,-5.056384578347206116e-02,1.789142750203609467e-02,2.681143395602703094e-02,-6.921360269188880920e-03,-7.410579128190875053e-04,-1.139100408181548119e-03,2.699137665331363678e-02,-1.857263850979506969e-03,3.695248160511255264e-04,5.591071210801601410e-03,-2.735126204788684845e-02,6.526932702399790287e-04,-3.688821569085121155e-02,-9.832573123276233673e-03,-7.904618047177791595e-03,1.237747445702552795e-02,4.950989782810211182e-02,-9.440555237233638763e-03,-1.719093648716807365e-03,-1.335430517792701721e-02,-1.762151345610618591e-02,1.118214218877255917e-03,-4.887367133051156998e-03,1.430542953312397003e-02,2.645155042409896851e-02,1.873972825706005096e-02,2.574463188648223877e-02,-1.062303502112627029e-02,1.205614861100912094e-02,1.888111047446727753e-02,2.789109013974666595e-02,4.067986272275447845e-03,1.686318404972553253e-02,1.759580709040164948e-02,2.799391373991966248e-02,-5.089802667498588562e-03,5.417555104941129684e-03,-7.004905026406049728e-03,-5.995941814035177231e-03,-8.732032147236168385e-04,-5.790293216705322266e-03,1.849552057683467865e-02,1.107289083302021027e-02,-2.173448540270328522e-02,-7.358363363891839981e-03,-3.389988560229539871e-03,1.553932111710309982e-02,-3.560291230678558350e-02,1.288516912609338760e-02,-2.658008038997650146e-02,-1.760866120457649231e-02,-2.533333562314510345e-02,-2.162523334845900536e-03,1.370133738964796066e-02,-1.677321270108222961e-02,1.300727296620607376e-02,-1.828987151384353638e-02,-9.543379768729209900e-03,1.497378759086132050e-02,1.292372867465019226e-02,-5.941316019743680954e-03,2.172163128852844238e-02,2.280128747224807739e-02,6.895654369145631790e-03,-2.395806089043617249e-02,1.245459262281656265e-02,2.180999726988375187e-04,-1.098291948437690735e-02,3.537798300385475159e-03,2.602740004658699036e-02,4.636732861399650574e-03,-1.868831552565097809e-02,-2.742838114500045776e-02,-9.183494374155998230e-03,8.796296897344291210e-04,-1.367563102394342422e-02,3.659902140498161316e-03,-1.095721404999494553e-02,2.512768656015396118e-02,7.904618047177791595e-03,-8.932860800996422768e-04,8.399459533393383026e-03,5.579021526500582695e-04,-8.720785379409790039e-03,1.843125559389591217e-02,-1.743193133734166622e-03,-8.322341367602348328e-03,3.926602657884359360e-03,8.887874893844127655e-03,8.862168528139591217e-03,1.953661628067493439e-02,1.233248878270387650e-02,2.727414481341838837e-02,5.224759224802255630e-03,-1.920243725180625916e-02,-1.876543276011943817e-02,1.377845555543899536e-02,3.313512727618217468e-02,-8.932860800996422768e-04,1.201116293668746948e-02,-5.864197737537324429e-04,-8.585828356444835663e-03,2.873939089477062225e-02,-7.641130592674016953e-03,6.513918936252593994e-02,3.380348673090338707e-03,-3.244106471538543701e-02,1.748012937605381012e-02,-1.961373351514339447e-02,-2.799391373991966248e-02,-9.871131926774978638e-02,-2.164451405405998230e-02,1.722306944429874420e-02,3.382919356226921082e-02,2.007644250988960266e-02,1.799425110220909119e-02,-8.193811401724815369e-03,-1.364992465823888779e-02,-2.747979201376438141e-02,3.210688754916191101e-02,2.627160772681236267e-02,-1.655471138656139374e-02,8.489430882036685944e-03,-1.519228983670473099e-02,3.215829655528068542e-02,-2.454126661177724600e-04,1.326433382928371429e-02,-6.127685308456420898e-03,-1.592491194605827332e-02,4.940386279486119747e-04,-2.760832384228706360e-02,2.737696841359138489e-02,1.340571697801351547e-02,-4.362320527434349060e-02,-1.032259548082947731e-03,-7.030610926449298859e-03,-1.978082396090030670e-02,1.240318082273006439e-02,1.871402189135551453e-02,1.344427652657032013e-02,-5.343650002032518387e-03,-1.461390312761068344e-02,-9.099950082600116730e-03,-1.525655481964349747e-02,-1.550076249986886978e-02,-7.152714766561985016e-03,-6.226010993123054504e-02,-5.109081976115703583e-03,7.467614486813545227e-03,-1.264417544007301331e-03,9.067817591130733490e-03,7.673263084143400192e-03,-1.406122185289859772e-02,-5.799932871013879776e-03,-5.706748459488153458e-03,-1.282733026891946793e-02,-4.909859970211982727e-03,2.475494891405105591e-02,1.377845555543899536e-02,-1.366277784109115601e-02,-2.393235452473163605e-02,-1.028885599225759506e-02,-2.208151668310165405e-02,-2.515339292585849762e-02,1.451589865610003471e-03,-1.546220295131206512e-02,1.254456397145986557e-02,-2.106291474774479866e-03,-2.971622161567211151e-02,1.606629602611064911e-02,9.401996619999408722e-03,2.432035544188693166e-04,-1.709453947842121124e-02,2.235143072903156281e-02,6.882801186293363571e-03,-8.219516836106777191e-03,-1.064231432974338531e-02,-4.110401123762130737e-02,7.641130592674016953e-03,-1.412548776715993881e-02,1.094436086714267731e-02,-1.400981005281209946e-02,-7.551159244030714035e-03,5.729241296648979187e-03,-4.938136786222457886e-02,-5.317944101989269257e-03,-1.570641063153743744e-02,-7.467614486813545227e-03,5.439405143260955811e-02,-2.548757195472717285e-02,-4.511415958404541016e-02,-2.607881091535091400e-02,2.569322101771831512e-02,3.945882432162761688e-03,3.778792917728424072e-02,5.803145933896303177e-03,9.427702054381370544e-03,-5.401488859206438065e-03,-3.715330967679619789e-04,-8.135972544550895691e-03,2.175376517698168755e-03,1.678606681525707245e-02,-7.859632372856140137e-03,-8.740064688026905060e-03,1.416404638439416885e-02,-1.791391987353563309e-03,4.813462495803833008e-03,-7.557585835456848145e-03,7.210553623735904694e-03,7.756807841360569000e-03,-1.751868985593318939e-02,-7.878911681473255157e-03,-6.986910849809646606e-02,2.948486618697643280e-02,-3.943311795592308044e-02,-1.262810826301574707e-02,-5.064096301794052124e-03,-3.578285500407218933e-02,5.289024673402309418e-03,-3.319296753033995628e-03,-6.968755624257028103e-04,-2.105327509343624115e-02,1.151953474618494511e-03,1.443396043032407761e-02,1.700456812977790833e-02,-3.942668903619050980e-03,-2.507627382874488831e-02,-1.416404638439416885e-02,8.984272368252277374e-03,2.403517812490463257e-02,-9.106376208364963531e-03,2.783967740833759308e-02,1.175410207360982895e-02,-1.229874906130135059e-03,-6.645020097494125366e-03,3.377778083086013794e-02,-1.618197374045848846e-02,2.471639029681682587e-02,-9.132082574069499969e-03,1.925384998321533203e-02,1.594579807715490460e-04,5.623203702270984650e-03,-2.866227179765701294e-03,-3.442043066024780273e-02,1.255741715431213379e-02,1.065516751259565353e-02,8.913581259548664093e-03,-2.060341835021972656e-02,-8.810756728053092957e-03,1.537223160266876221e-02,3.064163960516452789e-02,4.688787832856178284e-02,-6.992051843553781509e-03,-2.956198528409004211e-02,5.138001404702663422e-03,5.607137456536293030e-03,3.364282427355647087e-03,-6.577541586011648178e-03,-1.960088126361370087e-02,2.429223991930484772e-02,1.366277784109115601e-02,8.932860568165779114e-03,2.969051524996757507e-02,1.180551387369632721e-02,2.178589813411235809e-03,-1.268594712018966675e-02,-1.845696009695529938e-02,-2.963910251855850220e-02,3.657974302768707275e-02,6.632166914641857147e-03,-1.429257728159427643e-02,-1.948520354926586151e-02,3.077016957104206085e-02,1.908675953745841980e-02,2.178991417167708278e-04,8.380180224776268005e-03,1.219110563397407532e-02,1.947235129773616791e-02,1.283375732600688934e-02,4.164383746683597565e-03,-3.531371941789984703e-03,-1.454963721334934235e-02,-2.740267477929592133e-02,6.751861074008047581e-04,1.582208834588527679e-02,3.305801004171371460e-02,1.792998611927032471e-02,-9.209200739860534668e-03,2.934107324108481407e-04,-2.267275750637054443e-02,-2.439506351947784424e-02,1.275663916021585464e-02,8.489430882036685944e-03,7.216980215162038803e-03,-1.701742038130760193e-02,1.000608876347541809e-02,-5.375782493501901627e-03,2.115609869360923767e-02,-1.717165671288967133e-02,-1.458819676190614700e-02,-3.333756467327475548e-04,-1.868510269559919834e-03,8.733638562262058258e-03,1.191476546227931976e-02,1.987079530954360962e-02,-1.297514047473669052e-02,1.286106999032199383e-03,3.451040480285882950e-03,4.231862258166074753e-03,5.401488859206438065e-03,3.226112341508269310e-03,3.735092654824256897e-02,-6.707678548991680145e-04,5.507526453584432602e-03,1.263453532010316849e-02,-3.819922357797622681e-02,-1.559073384851217270e-02,1.438254769891500473e-02,-5.470252409577369690e-02,-2.442076988518238068e-02,-3.020463697612285614e-02,-3.107864223420619965e-02,1.614341326057910919e-02,1.115000899881124496e-02,-2.583460323512554169e-02,-3.855911083519458771e-03,-6.612887606024742126e-03,1.818704791367053986e-02,9.729748591780662537e-03,6.246576085686683655e-03,-1.243531331419944763e-02,3.930458799004554749e-02,9.324878454208374023e-03,1.712024584412574768e-02,-1.434920995961874723e-04,-3.079587593674659729e-02,1.115643605589866638e-02,-3.579570678994059563e-03,8.142398670315742493e-03,-2.402232587337493896e-02,1.638762280344963074e-02,5.787882837466895580e-04,2.597598731517791748e-02,-2.637443132698535919e-02,-1.167055778205394745e-02,-9.633351117372512817e-03,1.014747284352779388e-02,2.565466053783893585e-02,8.810756728053092957e-03,4.398309066891670227e-02,-1.003179512917995453e-02,5.439405143260955811e-02,9.196347557008266449e-03,-1.072585955262184143e-02,1.029528211802244186e-02,-9.430915815755724907e-04,3.249247744679450989e-02,2.056485973298549652e-03,1.966514624655246735e-02,-1.877828687429428101e-02,4.133054753765463829e-04,1.245459262281656265e-02,-1.886825822293758392e-02,1.780145615339279175e-02,-7.107729557901620865e-03,-2.562895603477954865e-02,-9.054964408278465271e-03,-2.904786262661218643e-03,-7.840352132916450500e-03,2.135210670530796051e-03,-2.140833967132493854e-04,4.053847864270210266e-02,-3.425334347411990166e-03,1.642618142068386078e-02,-3.422121051698923111e-03,-2.052629925310611725e-02,-1.904820092022418976e-02,1.605344377458095551e-02,-1.000930205918848515e-03,3.236394748091697693e-02,-9.999662637710571289e-03,-6.073059979826211929e-03,1.366277784109115601e-02,-2.781397104263305664e-02,-2.280128747224807739e-02,2.034635655581951141e-02,-2.732555568218231201e-02,2.438221126794815063e-02,-2.866227179765701294e-02,-4.913073498755693436e-03,1.379130873829126358e-02,7.033020956441760063e-04,1.861119642853736877e-02,-5.841705016791820526e-03,-2.362388186156749725e-02,3.976729512214660645e-02,2.520480565726757050e-02,-8.161677978932857513e-03,2.191442809998989105e-02,-1.124640740454196930e-02
-1.366607466479763389e-04,-1.798715814948081970e-02,4.516312386840581894e-03,-2.324534393846988678e-02,-2.206094935536384583e-02,2.596554346382617950e-02,-8.895964361727237701e-03,2.103599486872553825e-03,-5.785305052995681763e-03,-1.210423838347196579e-02,7.151912432163953781e-03,-3.654048079624772072e-03,-1.796112768352031708e-02,-2.464774297550320625e-03,1.166171766817569733e-02,6.201794836670160294e-03,3.545370325446128845e-02,6.956683006137609482e-03,-1.678974926471710205e-02,5.424130242317914963e-03,1.031463313847780228e-02,1.563138701021671295e-02,3.271723398938775063e-03,-2.457290515303611755e-02,-2.897533355280756950e-03,-1.091984473168849945e-02,3.855785587802529335e-03,-3.857737779617309570e-02,7.360157556831836700e-03,-1.289166416972875595e-02,3.702855668962001801e-03,-2.290694508701562881e-03,-1.438191719353199005e-02,-4.038000013679265976e-03,-2.609569579362869263e-03,-2.570523694157600403e-02,-8.323290385305881500e-03,-1.170727144926786423e-02,3.652095794677734375e-02,1.617803052067756653e-02,2.186165365856140852e-04,-6.084657274186611176e-03,-5.547775886952877045e-03,7.910868152976036072e-04,-2.458591945469379425e-02,1.311943214386701584e-02,-3.563591837882995605e-02,-1.608692295849323273e-02,-1.969216391444206238e-02,1.724528521299362183e-02,2.819116041064262390e-02,-1.148601062595844269e-02,-1.274198852479457855e-02,-2.640806324779987335e-02,8.089015260338783264e-03,2.863368019461631775e-03,7.269050460308790207e-03,-3.307515522465109825e-03,-1.328212395310401917e-02,-8.694226853549480438e-03,6.930652540177106857e-03,-7.919816300272941589e-03,-1.653757761232554913e-03,1.685482636094093323e-02,-1.203916128724813461e-02,-1.322680851444602013e-03,-2.157938294112682343e-02,4.077045712620019913e-03,1.276151090860366821e-02,-2.881589531898498535e-02,1.732337661087512970e-02,2.785276249051094055e-02,-8.694226853549480438e-03,9.175793384201824665e-04,3.696347773075103760e-02,-2.899811044335365295e-02,-2.540588378906250000e-02,1.749257557094097137e-02,-2.004357613623142242e-02,9.065163321793079376e-03,-5.772289820015430450e-03,-2.366183325648307800e-02,5.564044695347547531e-03,5.987042561173439026e-03,7.028267253190279007e-03,2.362278662621974945e-02,-3.813485801219940186e-02,3.386583551764488220e-02,5.173585377633571625e-03,-2.660329267382621765e-02,4.805252328515052795e-02,2.230824157595634460e-02,2.305011264979839325e-02,2.764451690018177032e-02,-6.559716071933507919e-03,-1.870300062000751495e-02,-5.502222105860710144e-03,1.807826571166515350e-02,4.314575344324111938e-03,1.262485049664974213e-02,-7.021759636700153351e-03,5.059701856225728989e-03,-7.002236787229776382e-03,-3.660555928945541382e-03,-2.131907641887664795e-02,-4.990069568157196045e-02,-2.349263289943337440e-03,4.487027879804372787e-03,2.046006731688976288e-02,-1.436890196055173874e-02,-1.076366100460290909e-02,5.378576926887035370e-03,9.899770375341176987e-04,-2.892001718282699585e-02,-1.942534931004047394e-03,-1.527997385710477829e-02,-9.175793267786502838e-03,9.618313983082771301e-03,-2.363580279052257538e-02,-1.315847784280776978e-02,-4.282036796212196350e-02,1.097353291697800159e-03,3.872054629027843475e-03,-1.522791199386119843e-02,1.545567996799945831e-03,4.854710400104522705e-02,-8.661688305437564850e-03,-2.498939447104930878e-02,-1.216280646622180939e-02,-1.586566306650638580e-02,5.659056827425956726e-02,3.286365827079862356e-04,1.731036230921745300e-02,-8.843902498483657837e-03,-3.029313404113054276e-03,2.858161926269531250e-02,-2.273774519562721252e-02,-1.759669929742813110e-02,-7.880769670009613037e-03,4.095755284652113914e-04,9.787512943148612976e-03,1.918456703424453735e-02,-2.289392985403537750e-02,-7.177943363785743713e-03,7.711571175605058670e-03,-8.915486745536327362e-03,2.977902814745903015e-02,8.765811100602149963e-03,5.010894034057855606e-03,-1.400447357445955276e-02,3.167601069435477257e-03,-8.570581674575805664e-03,1.587867736816406250e-02,1.226692926138639450e-02,1.116062793880701065e-02,1.448603998869657516e-02,-1.367909088730812073e-02,2.560111321508884430e-02,-3.351442283019423485e-03,-7.581417914479970932e-03,7.199093233793973923e-04,-2.488527260720729828e-02,7.353649940341711044e-03,-2.369193098274990916e-04,-1.699799485504627228e-02,3.602637723088264465e-02,7.047790102660655975e-03,-2.170953713357448578e-02,-2.203491888940334320e-02,-1.953597925603389740e-02,4.910025745630264282e-03,4.524121806025505066e-02,-2.551000798121094704e-03,3.196560218930244446e-02,-6.728915031999349594e-03,9.507684037089347839e-03,7.561895065009593964e-03,-9.956711903214454651e-03,-6.266871467232704163e-03,7.444757036864757538e-03,-2.565317600965499878e-02,1.586566306650638580e-02,1.511077489703893661e-02,-9.162778034806251526e-03,1.235152874141931534e-02,9.611805900931358337e-03,3.367711324244737625e-03,-2.428656816482543945e-02,9.802154818316921592e-05,-8.225675672292709351e-03,-6.068388000130653381e-03,1.686784066259860992e-02,-7.041282486170530319e-03,-2.206094935536384583e-02,-6.368130445480346680e-01,4.034745972603559494e-03,-1.844269409775733948e-02,-4.654274880886077881e-02,4.229975491762161255e-02,3.979430999606847763e-03,3.391789644956588745e-02,-5.420876666903495789e-03,-5.367513746023178101e-02,-1.753162220120429993e-02,-1.334069203585386276e-02,1.829952560365200043e-02,1.216280646622180939e-02,-2.858161926269531250e-02,-8.980563841760158539e-03,-7.164928130805492401e-03,1.084826048463582993e-02,-1.465523894876241684e-02,-1.090032141655683517e-02,1.395078492350876331e-03,-3.390488214790821075e-03,-8.264721836894750595e-04,-9.663867764174938202e-03,-5.230527603998780251e-04,1.054240041412413120e-03,2.180064283311367035e-02,1.669864170253276825e-02,-1.807826571166515350e-02,-7.841723971068859100e-03,1.405653450638055801e-02,-4.654274880886077881e-02,2.091560326516628265e-02,-1.527997385710477829e-02,-9.149762801826000214e-03,3.446454182267189026e-02,-2.658376935869455338e-03,-2.774864062666893005e-02,1.520188152790069580e-02,2.845472190529108047e-03,1.296975649893283844e-02,-9.130239486694335938e-03,-4.672496113926172256e-03,1.071810722351074219e-02,-1.950994879007339478e-02,-1.008686516433954239e-02,2.842543646693229675e-02,2.567920647561550140e-02,7.848232053220272064e-03,-1.444699335843324661e-02,-6.234333384782075882e-03,1.091333758085966110e-02,-7.470787968486547470e-03,3.553179558366537094e-03,7.509833667427301407e-03,7.106359116733074188e-03,2.101972512900829315e-02,4.011318460106849670e-02,-1.244263630360364914e-02,-1.073763053864240646e-02,7.412218954414129257e-03,2.725405804812908173e-02,1.409558020532131195e-02,-2.829528413712978363e-02,-1.874204538762569427e-02,-9.579268284142017365e-03,2.470305748283863068e-02,-1.062700059264898300e-02,-2.886795625090599060e-02,8.661688305437564850e-03,4.596031212713569403e-04,2.572150668129324913e-03,-1.210423768498003483e-03,-7.425234187394380569e-03,3.494610544294118881e-03,6.253856234252452850e-03,2.517160959541797638e-02,1.804247265681624413e-03,-1.068556960672140121e-02,8.746287785470485687e-03,2.951872162520885468e-02,-2.523343078792095184e-03,-6.621538661420345306e-03,-8.720257319509983063e-03,-6.091164890676736832e-03,2.491130307316780090e-02,-4.347113426774740219e-03,-3.550576418638229370e-02,-4.421951249241828918e-03,-1.010313397273421288e-03,-6.344963330775499344e-03,4.232578724622726440e-02,2.398721501231193542e-02,-7.679032627493143082e-03,-2.621283382177352905e-02,8.525027893483638763e-03,5.352545995265245438e-04,-1.707608625292778015e-02,8.427413180470466614e-03,1.639929041266441345e-02,1.386130508035421371e-02,5.987042561173439026e-03,-1.875506155192852020e-02,2.655123174190521240e-02,1.033415552228689194e-02,2.155335247516632080e-02,-7.900292985141277313e-03,-3.738647792488336563e-03,-7.698555476963520050e-03,-5.346038378775119781e-03,-1.543615758419036865e-02,2.042102068662643433e-02,-7.893784902989864349e-03,-4.604165907949209213e-03,-6.374247837811708450e-03,-2.839940600097179413e-02,-3.079422190785408020e-02,3.568797931075096130e-02,2.025182172656059265e-02,9.533714503049850464e-03,-4.419999197125434875e-02,-3.516167344059795141e-04,1.118015125393867493e-02,-2.560111321508884430e-02,-1.723227091133594513e-02,1.978327147662639618e-02,1.005432661622762680e-02,1.503878302173689008e-04,-4.021730646491050720e-02,-1.875506155192852020e-02,-6.885098759084939957e-03,1.293396344408392906e-03,-7.516341283917427063e-03,1.397844217717647552e-02,7.705063093453645706e-03,2.691566012799739838e-02,1.203265413641929626e-02,1.906742900609970093e-02,-1.321704685688018799e-02,2.139716967940330505e-02,-3.180941566824913025e-02,-1.621219562366604805e-03,4.724557511508464813e-03,1.278103422373533249e-02,-7.633479312062263489e-03,3.022154979407787323e-02,-5.088986083865165710e-02,-6.032595876604318619e-03,-4.599610343575477600e-02,-4.279433935880661011e-02,-5.183347035199403763e-03,1.995247043669223785e-02,-6.289648357778787613e-03,-3.029964119195938110e-02,6.387263070791959763e-03,2.095464803278446198e-02,-2.398721501231193542e-02,-2.598181134089827538e-03,8.115045726299285889e-03,1.897632144391536713e-02,-2.108480222523212433e-02,1.539711095392704010e-02,2.673344686627388000e-02,-4.265767522156238556e-03,-2.234728634357452393e-02,-1.409558020532131195e-02,-1.050335448235273361e-02,-1.240521669387817383e-03,2.582725428510457277e-04,-7.698555476963520050e-03,-2.962284535169601440e-02,6.299410015344619751e-03,3.096016822382807732e-03,-2.931047789752483368e-02,2.511954680085182190e-02,-7.145404815673828125e-03,-4.587896633893251419e-03,-2.920635417103767395e-02,-1.270944997668266296e-02,4.861218389123678207e-03,1.140466541983187199e-03,9.525579516775906086e-04,-3.203393192961812019e-03,-3.014345653355121613e-02,5.173585377633571625e-03,2.316725067794322968e-02,-1.250120531767606735e-02,9.208331815898418427e-03,-5.075970664620399475e-03,-2.432561293244361877e-02,2.420847676694393158e-02,6.748437881469726562e-03,1.268341951072216034e-02,7.392696104943752289e-03,8.967548608779907227e-03,1.168124028481543064e-03,7.594433147460222244e-03,-9.769616881385445595e-04,1.047081686556339264e-02,1.969216391444206238e-02,-4.571627650875598192e-04,1.848174026235938072e-03,-9.032624773681163788e-03,3.204369172453880310e-02,-1.357659464702010155e-03,2.612172625958919525e-02,-1.986136287450790405e-02,4.090060945600271225e-03,-1.112158223986625671e-02,3.568797931075096130e-02,9.468637406826019287e-03,-1.788303628563880920e-02,-5.151459574699401855e-02,-1.931471936404705048e-02,9.462130255997180939e-03,7.783154956996440887e-03,1.600069575943052769e-03,1.559234131127595901e-02,8.629150688648223877e-03,2.087330212816596031e-03,-1.364004425704479218e-02,2.061625011265277863e-02,5.297231022268533707e-03,9.676882997155189514e-03,-1.827024039812386036e-03,-7.223496679216623306e-03,1.875506155192852020e-02,1.268341951072216034e-02,2.187873609364032745e-02,1.094587519764900208e-02,-7.828708738088607788e-03,1.010638754814863205e-02,7.672525011003017426e-03,7.024200167506933212e-04,1.533203478902578354e-02,-3.767932066693902016e-03,-7.158420514315366745e-03,1.736242324113845825e-02,-1.885918341577053070e-02,-1.657825079746544361e-03,-8.284244686365127563e-03,2.178762853145599365e-02,7.659509778022766113e-03,1.091333758085966110e-02,-6.292902398854494095e-03,-7.542371749877929688e-03,2.985711954534053802e-02,1.211074553430080414e-02,-2.881589531898498535e-02,-3.327038604766130447e-03,2.092861756682395935e-02,-1.442096289247274399e-02,8.134568110108375549e-03,-2.764451690018177032e-02,-7.991400547325611115e-03,2.459893468767404556e-03,-1.308038644492626190e-02,-1.136236544698476791e-02,6.878591142594814301e-03,2.176159806549549103e-02,1.395241171121597290e-02,1.816937141120433807e-02,-8.887016156222671270e-05,2.229522541165351868e-02,7.158420514315366745e-03,1.347898039966821671e-03,2.300455933436751366e-03,-1.002829615026712418e-02,-3.128880262374877930e-02,-1.973120868206024170e-02,-1.183742377907037735e-02,2.145899226889014244e-03,-8.043461479246616364e-03,-1.740797655656933784e-03,2.141018398106098175e-03,3.660555928945541382e-03,2.175183733925223351e-03,-8.993579074740409851e-03,9.787512943148612976e-03,1.833857223391532898e-02,6.092792027629911900e-04,-5.736497696489095688e-03,-1.867697015404701233e-02,6.406786385923624039e-03,1.413462590426206589e-02,1.953923376277089119e-03,2.479416551068425179e-03,-3.326713293790817261e-02,2.422149106860160828e-02,-2.630394138395786285e-02,2.468841557856649160e-04,2.874756464734673500e-03,3.498515114188194275e-02,1.305435597896575928e-02,8.030446246266365051e-03,-1.876807585358619690e-02,-2.502844110131263733e-02,9.387292084284126759e-04,-9.299438446760177612e-03,1.647738181054592133e-02,1.326910778880119324e-02,-5.118270404636859894e-03,-1.727131567895412445e-02,-9.963219985365867615e-03,8.824380114674568176e-03,2.316725067794322968e-02,1.852078549563884735e-02,-7.214345532702282071e-05,-4.991371184587478638e-03,-1.138188876211643219e-02,-9.735452011227607727e-03,-4.984863568097352982e-03,6.741930264979600906e-03,-1.943185739219188690e-02,1.401748880743980408e-02,-1.220836024731397629e-02,-1.199360750615596771e-02,-1.921059750020503998e-02,3.993564678239636123e-05,1.110205892473459244e-02,-3.193956986069679260e-02,-3.494610544294118881e-03,-5.603090859949588776e-03,-1.851427834481000900e-03,2.064228057861328125e-02,9.167984127998352051e-02,1.190900802612304688e-02,1.559234131127595901e-02,-1.062700059264898300e-02,1.745353080332279205e-02,1.770082116127014160e-02,-1.710211671888828278e-02,-8.238690905272960663e-03,-2.243513939902186394e-03,-3.146451199427247047e-03,4.213706590235233307e-03,-8.485982194542884827e-03,5.333023145794868469e-03,-1.009337231516838074e-02,-6.413294002413749695e-03,2.116289362311363220e-02,-1.798715814948081970e-02,-2.368786372244358063e-03,-4.584643058478832245e-03,7.464279886335134506e-03,-7.171435747295618057e-03,5.264692939817905426e-03,2.904040971770882607e-03,3.556433366611599922e-03,2.884192578494548798e-02,-1.779192872345447540e-02,4.102425649762153625e-02,3.123674355447292328e-02,5.765782203525304794e-03,-2.449481189250946045e-02,-1.999151520431041718e-02,2.370413159951567650e-03,1.182440854609012604e-02,3.644286654889583588e-03,-2.946666069328784943e-02,-1.215304597280919552e-03,-5.349292419850826263e-03,2.480717934668064117e-02,5.925219506025314331e-03,-5.928473547101020813e-03,2.617378719151020050e-02,1.276801899075508118e-02,2.535951789468526840e-04,-1.412161067128181458e-02,3.659905120730400085e-02,7.613955996930599213e-03,-2.774864062666893005e-02,5.814589560031890869e-03,6.774468813091516495e-03,-3.386583551764488220e-02,3.292873501777648926e-02,-3.235606104135513306e-02,-1.784398965537548065e-02,-1.101745944470167160e-02,-6.403532344847917557e-03,-3.842770121991634369e-03,-1.144045684486627579e-02,-9.735452011227607727e-03,1.163243316113948822e-03,9.606925304979085922e-04,-2.790482342243194580e-02,-2.623886428773403168e-02,2.643409371376037598e-02,-4.646465647965669632e-03,-3.730187565088272095e-02,7.874262519180774689e-04,-2.379198558628559113e-02,7.581417914479970932e-03,-1.824746467173099518e-02,3.741901600733399391e-03,-4.289846122264862061e-02,1.036018691956996918e-02,-5.300485063344240189e-03,6.820022128522396088e-03,4.503297060728073120e-02,1.227994449436664581e-02,3.449056996032595634e-03,1.501966733485460281e-02,-2.171929692849516869e-03,1.314546260982751846e-02,-9.266900829970836639e-03,-6.354724988341331482e-03,1.206519175320863724e-02,-1.720623858273029327e-02,-2.746230363845825195e-02,2.860764972865581512e-02,1.667586504481732845e-03,3.406757256016135216e-03,-3.491763491183519363e-04,1.262485049664974213e-03,2.907620184123516083e-02,-1.353592262603342533e-03,2.297202125191688538e-02,-3.217384591698646545e-02,1.525394339114427567e-02,7.197466213256120682e-03,2.351866476237773895e-02,-3.246018290519714355e-02,-2.051212824881076813e-02,7.737601641565561295e-03,5.720228422433137894e-03,-1.945788739249110222e-03,-4.270648350939154625e-04,-1.354893762618303299e-02,1.770082116127014160e-02,3.006536513566970825e-02,-3.357949852943420410e-02,1.187646994367241859e-03,-3.050788678228855133e-02,-2.894604951143264771e-02,2.691566012799739838e-02,-4.284640029072761536e-02,8.824380114674568176e-03,-2.282559871673583984e-03,-2.593951299786567688e-02,2.954475209116935730e-02,-5.567298736423254013e-03,2.303709834814071655e-02,1.842967793345451355e-02,-2.377897128462791443e-02,-1.929519698023796082e-03,-3.891577571630477905e-02,1.744051463901996613e-02,-2.474535722285509109e-03,-3.024758026003837585e-02,1.718020811676979065e-02,-8.707242086529731750e-03,6.061880383640527725e-03,1.953597925603389740e-02,2.839940600097179413e-02,-6.214810535311698914e-03,2.502844110131263733e-02,-3.113912884145975113e-03,-1.114761270582675934e-02,-1.835158653557300568e-02,-1.113459747284650803e-02,-1.400447357445955276e-02,1.619104482233524323e-02,-2.847749739885330200e-02,-4.825426265597343445e-03,-1.106952130794525146e-02,-1.608204212971031666e-03,1.844269409775733948e-02,-1.586566306650638580e-02,8.603119291365146637e-03,-5.190505459904670715e-02,1.818238757550716400e-02,1.689387112855911255e-02,-3.200139151886105537e-03,4.386159405112266541e-02,-1.147950347512960434e-02,1.109555177390575409e-02,-2.398721501231193542e-02,7.893784902989864349e-03,1.369861303828656673e-03,-1.134935021400451660e-02,-8.512012660503387451e-03,-6.976205855607986450e-03,1.754463650286197662e-02,1.863792352378368378e-02,2.428656816482543945e-02,3.102849796414375305e-02,2.197960391640663147e-03,2.452084422111511230e-02,2.923563821241259575e-03,-6.602015811949968338e-03,-1.241335179656744003e-03,-2.504145540297031403e-02,-3.261636570096015930e-02,1.787002012133598328e-02,5.996803753077983856e-03,1.902838237583637238e-02,-1.225066022016108036e-03,-4.565770551562309265e-02,2.157938294112682343e-02,3.170529380440711975e-02,1.221486832946538925e-02,-1.221486832946538925e-02,-3.410011064261198044e-03,-4.256006330251693726e-02,-1.466825418174266815e-02,1.498062163591384888e-02,-6.367740221321582794e-03,2.039499022066593170e-02,-8.453443646430969238e-03,-1.624310575425624847e-02,1.952296495437622070e-02,8.082507178187370300e-03,3.976176958531141281e-03,2.086354047060012817e-02,1.800017245113849640e-02,-2.362278662621974945e-02,5.320658534765243530e-02,1.327561587095260620e-02,-1.880712248384952545e-02,-1.965311728417873383e-02,6.556462030857801437e-03,3.696348052471876144e-03,-1.004131138324737549e-02,3.672920539975166321e-02,2.566619031131267548e-02,1.459016185253858566e-02,-1.720623858273029327e-02,1.676371879875659943e-02,-1.569646410644054413e-02,9.728943929076194763e-03,-2.022579126060009003e-02,-4.269021563231945038e-03,-7.418726570904254913e-03,-1.330815441906452179e-02,-2.003056183457374573e-02,-7.965369150042533875e-03,-3.324110060930252075e-02,-2.424752153456211090e-02,3.628668189048767090e-02,5.677928682416677475e-03,-2.495034784078598022e-02,2.881589531898498535e-02,1.551424898207187653e-02,-1.447302475571632385e-02,-2.964887581765651703e-02,-1.701751723885536194e-03,1.042526308447122574e-02,-2.313471399247646332e-03,1.409558020532131195e-02,1.108253654092550278e-02,7.965369150042533875e-03,-2.398721501231193542e-02,-4.516312386840581894e-03,1.669864170253276825e-02,-4.400801553856581450e-04,5.102001596242189407e-03,1.448603998869657516e-02,-5.795879987999796867e-04,-6.387263070791959763e-03,-1.168124005198478699e-02,9.930681437253952026e-03,-1.841666363179683685e-02,-1.844269409775733948e-02,1.439493242651224136e-02,-1.138026127591729164e-03,2.987013664096593857e-03,7.151912432163953781e-03,1.854681596159934998e-02,-6.032595876604318619e-03,1.616501435637474060e-02,1.457714708521962166e-03,1.168124005198478699e-02,-4.198738932609558105e-02,-1.033415552228689194e-02,-2.242537774145603180e-02,1.824746467173099518e-02,-1.425176393240690231e-02,2.194381132721900940e-02,4.939309787005186081e-03,1.399145810864865780e-03,-4.786380100995302200e-03,1.352290716022253036e-02,-2.990918233990669250e-02,8.160599507391452789e-03,-6.776095833629369736e-04,3.368362039327621460e-02,1.026257127523422241e-02,-2.957078441977500916e-02,1.725545298540964723e-04,1.611295342445373535e-02,-9.201823733747005463e-03,1.194154657423496246e-02,5.749512929469347000e-03,2.207396551966667175e-02,-1.404351927340030670e-02,4.285290837287902832e-03,-3.178338706493377686e-02,-3.709363285452127457e-03,2.383103221654891968e-02,-1.331466156989336014e-02,-1.563138701021671295e-02,-4.060776438564062119e-03,-3.584416210651397705e-02,-1.008686516433954239e-02,1.128427311778068542e-02,-1.233200635761022568e-02,1.707608625292778015e-02,-1.185043901205062866e-02,4.620434716343879700e-03,-2.242537774145603180e-02,3.087882185354828835e-03,-7.932831533253192902e-03,4.789634142071008682e-03,-1.021701842546463013e-03,-3.277254849672317505e-02,-2.286789938807487488e-02,3.732139943167567253e-03,4.550152271986007690e-02,1.414601458236575127e-03,-3.148077987134456635e-03,2.418244443833827972e-02,3.579210117459297180e-02,3.174108685925602913e-03,2.010865323245525360e-02,-1.621707528829574585e-02,6.348217371851205826e-03,-2.865971252322196960e-02,7.418726570904254913e-03,2.055117487907409668e-02,-8.394874632358551025e-03,1.582661643624305725e-02,1.405653450638055801e-02,-2.342755720019340515e-02,9.019609540700912476e-03,-6.331948097795248032e-03,5.120222643017768860e-02,2.022579126060009003e-02,-8.798349648714065552e-03,5.476191639900207520e-03,2.138415351510047913e-02,7.971877232193946838e-03,-1.560535654425621033e-02,-4.373143985867500305e-02,1.229295972734689713e-02,2.838964341208338737e-03,1.509775966405868530e-02,2.790482342243194580e-02,-2.785276249051094055e-02,2.763719530776143074e-04,9.253885596990585327e-03,-9.624821133911609650e-03,1.945788785815238953e-02,-2.010865323245525360e-02,-1.773986779153347015e-02,-1.380436238832771778e-03,-1.369210612028837204e-02,-2.524970099329948425e-02,-1.064814976416528225e-03,2.096766419708728790e-02,-1.020888332277536392e-03,-7.210481446236371994e-03,2.661630883812904358e-02,5.007640458643436432e-03,-1.451206975616514683e-03,-1.323006208986043930e-02,1.103698275983333588e-02,-1.356195285916328430e-02,1.809128001332283020e-02,-1.046430878341197968e-02,1.159013342112302780e-02,-1.548008411191403866e-03,-5.196362268179655075e-03,-1.563138701021671295e-02,-5.098747555166482925e-03,-2.319328114390373230e-02,2.806100808084011078e-02,1.006083469837903976e-02,-2.847749739885330200e-02,-3.430835530161857605e-02,-4.584643058478832245e-03,-5.060352385044097900e-02,-9.963219985365867615e-03,-3.950146492570638657e-03,3.464675322175025940e-02,1.767479069530963898e-02,2.212602645158767700e-02,9.891635738313198090e-03,2.577031264081597328e-03,2.735818177461624146e-02,4.477266687899827957e-03,-3.639080747961997986e-02,-1.729734614491462708e-02,8.238690905272960663e-03,-3.387234406545758247e-03,-1.239057444036006927e-02,5.892681423574686050e-03,-3.631271421909332275e-02,-2.082449570298194885e-02,2.962284535169601440e-02,-2.687661442905664444e-03,-1.352290716022253036e-02,6.344963330775499344e-03,-1.761947525665163994e-03,-1.995247043669223785e-02,-4.288544412702322006e-03,3.194851742591708899e-04,5.176839418709278107e-03,3.699601860716938972e-03,1.145347207784652710e-02,1.587054342962801456e-03,9.833066724240779877e-03,7.125881966203451157e-03,6.657330784946680069e-03,-1.596978493034839630e-02,-6.133464630693197250e-03,1.574852503836154938e-02,1.681577973067760468e-02,-2.113686315715312958e-02,-2.787879295647144318e-02,-9.917666204273700714e-03,-8.830887265503406525e-03,-4.490281920880079269e-03,1.508474349975585938e-02,4.727811086922883987e-03,-2.488527260720729828e-02,-1.439493242651224136e-02,2.611196599900722504e-03,7.978384383022785187e-03,-4.301559645682573318e-03,3.745806217193603516e-02,-9.351500310003757477e-03,-1.410859543830156326e-02,5.492460448294878006e-03,-3.217384591698646545e-02,7.581417914479970932e-03,-9.852589108049869537e-03,2.412713132798671722e-03,-2.506748586893081665e-02,2.332994248718023300e-03,-1.267691142857074738e-02,-1.098492089658975601e-02,-1.993945427238941193e-02,3.316300734877586365e-02,3.711966425180435181e-02,-2.547096088528633118e-02,-7.119374349713325500e-03,-1.305598299950361252e-03,1.054240111261606216e-02,3.794776275753974915e-04,-6.475116591900587082e-03,-7.119374349713325500e-03,-1.702402532100677490e-02,-3.787455148994922638e-03,1.033415552228689194e-02,-8.271229453384876251e-03,-2.530176192522048950e-02,-8.549431804567575455e-04,9.826558642089366913e-03,5.736497696489095688e-03,6.257110275328159332e-03,1.703443676233291626e-01,-1.037320215255022049e-02,-5.079224705696105957e-03,3.344934433698654175e-02,1.896330527961254120e-02,4.558612126857042313e-03,7.724586408585309982e-03,5.049940198659896851e-03,6.429562810808420181e-03,1.249469723552465439e-02,-1.658150367438793182e-02,1.030161790549755096e-02,-1.147299539297819138e-02,4.155137576162815094e-03,-7.666017394512891769e-03,-1.624310575425624847e-02,-3.571400791406631470e-02,-1.962708681821823120e-02,-1.641230471432209015e-02,-2.959681488573551178e-02,-5.303738638758659363e-03,-1.130379643291234970e-02,-6.436070427298545837e-03,-2.959681488573551178e-02,7.379680406302213669e-03,6.455593742430210114e-03,-6.260363850742578506e-03,-1.132331974804401398e-02,8.746287785470485687e-03,6.031782831996679306e-04,-1.375718228518962860e-02,-9.969727136194705963e-03,1.504569780081510544e-02,7.177943363785743713e-03,-3.469881415367126465e-02,1.810754998587071896e-03,3.006536513566970825e-02,-1.517585106194019318e-02,1.738845370709896088e-02,6.178204785101115704e-04,2.710438333451747894e-03,2.403927780687808990e-02,-1.335370726883411407e-02,-2.366183325648307800e-02,-1.478539220988750458e-02,3.277254849672317505e-02,-1.499363686889410019e-02,3.221289254724979401e-03,3.680078778415918350e-03,1.793509721755981445e-02,-5.435193330049514771e-02,-2.427355200052261353e-02,2.670741453766822815e-02,1.257929671555757523e-02,-1.278103422373533249e-02,-4.978355951607227325e-03,1.109555177390575409e-02,1.036669407039880753e-02,-3.813485801219940186e-02,6.520670372992753983e-03,1.201313082128763199e-02,5.983788520097732544e-03,-9.728943696245551109e-04,4.880741238594055176e-02,-4.939309787005186081e-03,1.582661643624305725e-02,-2.120194025337696075e-02,7.490310817956924438e-03,-3.439295571297407150e-03,-6.878591142594814301e-03,9.442606940865516663e-03,-1.154457964003086090e-02,1.616501435637474060e-02,1.874204538762569427e-02,-8.245198987424373627e-03,-3.445803187787532806e-03,2.199587412178516388e-02,7.666017394512891769e-03,8.199645206332206726e-03,-4.366636276245117188e-03,6.497893482446670532e-03,2.694169059395790100e-03,2.217483473941683769e-03,-6.741930264979600906e-03,-1.775288209319114685e-02,-3.206972405314445496e-02,7.392696104943752289e-03,3.654699027538299561e-02,-2.360977232456207275e-02,3.566194698214530945e-02,2.305011264979839325e-02,-1.367421005852520466e-03,1.311943214386701584e-02,9.546729736030101776e-03,-2.323232777416706085e-02,-1.425989903509616852e-03,6.081403233110904694e-03,1.479840744286775589e-02,-2.938856929540634155e-02,2.912826277315616608e-02,-1.859887689352035522e-02,-5.092239938676357269e-03,8.830887265503406525e-03,1.867697015404701233e-02,-2.381801605224609375e-02,-1.276801899075508118e-02,1.080921478569507599e-02,1.108904369175434113e-02,-3.393742023035883904e-03,-2.255553193390369415e-02,-5.570552311837673187e-03,-3.477690741419792175e-02,9.234362281858921051e-03,6.722407415509223938e-03,6.585746537894010544e-03,-2.534731524065136909e-03,4.747334402054548264e-03,-7.857993477955460548e-04,5.388338118791580200e-02,1.201963890343904495e-02,-1.417041872628033161e-03,9.810290066525340080e-04,-2.842218149453401566e-03,2.873780392110347748e-02,-1.283309515565633774e-02,1.158362533897161484e-02,-2.224316447973251343e-02,5.056447815150022507e-03,-2.554254606366157532e-03,-3.881165385246276855e-02,2.806100808084011078e-02,-5.987042561173439026e-03,-7.269050460308790207e-03,3.177362494170665741e-03,1.013241894543170929e-02,1.595676876604557037e-02,-3.792661055922508240e-02,-5.811335984617471695e-03,-2.198285795748233795e-02,-1.452508568763732910e-02,-2.052514255046844482e-02,-1.643833518028259277e-02,1.123872026801109314e-02,6.312425248324871063e-03,7.958861999213695526e-03,-2.967490628361701965e-02,2.998727373778820038e-02,-1.914552040398120880e-02,-1.259882003068923950e-02,-8.681211620569229126e-03,-1.073112245649099350e-02,1.106301322579383850e-02,3.081374568864703178e-03,-5.466429982334375381e-03,2.423450723290443420e-02,-2.303709834814071655e-02,-2.092861756682395935e-02,-2.518462389707565308e-02,-5.001132842153310776e-03,3.870753198862075806e-02,-6.018279120326042175e-02,2.474535722285509109e-03,2.195682749152183533e-02,-2.370087802410125732e-02,1.382225845009088516e-02,-6.813514512032270432e-03,-1.628475487232208252e-01,9.351500310003757477e-03,1.375718228518962860e-02,2.162168268114328384e-03,4.975101910531520844e-03,-1.713140169158577919e-03,3.063803911209106445e-02,1.708910241723060608e-02,-1.991342380642890930e-02,-4.301559645682573318e-03,1.934502142830751836e-05,2.782022347673773766e-03,-1.935376599431037903e-02,3.803724190220236778e-03,1.354893762618303299e-02,1.313895545899868011e-02,-3.316300734877586365e-02,1.216280646622180939e-02,4.092013463377952576e-02,-6.918450817465782166e-04,2.001103945076465607e-03,1.103698275983333588e-02,2.573126740753650665e-02,-1.268992666155099869e-02,1.019749511033296585e-02,-2.074314979836344719e-03,-7.529356516897678375e-03,9.006594307720661163e-03,-2.167049050331115723e-02,-1.340576913207769394e-02,-2.697422867640852928e-03,2.575729787349700928e-02,4.685511440038681030e-02,-2.230824157595634460e-02,3.966415766626596451e-03,-1.293721795082092285e-02,-5.010894034057855606e-03,3.982684575021266937e-03,1.104674418456852436e-03,2.079846523702144623e-02,3.076819144189357758e-02,1.917155086994171143e-02,1.138188876211643219e-02,-1.187647040933370590e-02,1.294209854677319527e-03,7.073821034282445908e-03,2.390912361443042755e-02,3.318903967738151550e-03,2.229522541165351868e-02,2.591673517599701881e-03,3.706760331988334656e-02,-2.470305748283863068e-02,2.388309314846992493e-02,4.020510532427579165e-04,-2.580935880541801453e-02,-6.995729054324328899e-04,-4.942563828080892563e-03,1.430382486432790756e-02,-1.861189305782318115e-02,-8.115045726299285889e-03,1.460317708551883698e-02,-3.608494531363248825e-03,9.078178554773330688e-03,-3.128880262374877930e-02,2.390912361443042755e-02,-2.139716967940330505e-02,-4.093314986675977707e-03,-1.702402532100677490e-02,-2.316725207492709160e-03,7.288573309779167175e-03,-9.084685705602169037e-03,-7.047790102660655975e-03,6.283140741288661957e-03,-6.201794836670160294e-03,3.095040656626224518e-02,-1.207983470521867275e-03,-3.768338938243687153e-04,2.519764006137847900e-02,1.842967793345451355e-02,1.268179272301495075e-03,-1.708910241723060608e-02,1.180488616228103638e-02,-1.820841804146766663e-02,-7.125881966203451157e-03,3.510066308081150055e-04,1.603486202657222748e-02,1.003480330109596252e-02,-2.532779239118099213e-02,-2.542052534408867359e-04,-2.406205283477902412e-03,-5.901629338040947914e-04,-1.286563370376825333e-02,1.814334094524383545e-02,-2.064228057861328125e-02,1.164870243519544601e-02,1.256628148257732391e-02,-2.991894260048866272e-03,1.451207045465707779e-02,8.876441046595573425e-03,4.099822603166103363e-03,2.578332833945751190e-02,-2.355771139264106750e-02,-1.361401379108428955e-02,7.262542843818664551e-03,6.641061976552009583e-03,-1.534505002200603485e-02,5.508729722350835800e-03,5.043432582169771194e-03,3.454263135790824890e-02,-8.733272552490234375e-03,2.204468008130788803e-03,-1.803921908140182495e-02,1.049033924937248230e-02,3.167926520109176636e-02,7.041282486170530319e-03,3.412614017724990845e-02,-1.060747727751731873e-02,-1.343179959803819656e-02,4.464251175522804260e-02,-1.071160007268190384e-02,6.070340424776077271e-02,-8.141076192259788513e-03,-2.016071416437625885e-02,1.885918341577053070e-02,-1.914552040398120880e-02,1.125620910897850990e-04,-1.224480345845222473e-01,-2.803497761487960815e-02,2.728008851408958435e-02,3.188750892877578735e-02,2.656424790620803833e-02,1.082223001867532730e-02,-6.751691689714789391e-04,4.612300253938883543e-04,-9.859097190201282501e-03,3.230400010943412781e-02,2.000453136861324310e-02,-1.781470491550862789e-03,-2.178762853145599365e-02,3.660555928945541382e-03,2.416943013668060303e-02,-4.510618164204061031e-04,-9.318961761891841888e-03,-2.664884552359580994e-03,-2.014769986271858215e-02,-2.163795288652181625e-03,-2.165747620165348053e-02,1.848173886537551880e-02,4.434966947883367538e-03,-7.171435747295618057e-03,7.008744403719902039e-03,-6.946921348571777344e-04,-3.084628470242023468e-02,1.746654510498046875e-02,2.954475209116935730e-02,-1.236454467289149761e-03,-1.765201333910226822e-03,-1.809128001332283020e-02,-7.002236787229776382e-03,-2.070735767483711243e-02,-1.405653450638055801e-02,7.828708738088607788e-03,-4.818267747759819031e-02,-1.641230471432209015e-02,-8.544551208615303040e-03,-8.206152357161045074e-03,-1.095889043062925339e-02,-6.780976429581642151e-03,-1.157711818814277649e-02,1.350989099591970444e-02,5.895935464650392532e-03,-1.569646410644054413e-02,-1.677673496305942535e-02,2.013468369841575623e-02,1.457714661955833435e-02,-9.520699270069599152e-03,-3.178338706493377686e-02,5.836553173139691353e-04,-1.774962875060737133e-03,-1.081572193652391434e-02,2.311844378709793091e-03,-2.174858190119266510e-02,1.421271823346614838e-02,-3.989192191511392593e-03,-2.795688435435295105e-02,2.135812304913997650e-02,-9.696405380964279175e-03,2.419220749288797379e-03,-1.227994449436664581e-02,2.824322134256362915e-02,7.269050460308790207e-03,-1.589169353246688843e-02,2.886144910007715225e-03,-3.214781358838081360e-02,2.004357613623142242e-02,-1.317149307578802109e-02,2.001754567027091980e-02,5.430637858808040619e-03,-4.649719223380088806e-03,-5.474564386531710625e-04,-4.175311326980590820e-02,3.982684575021266937e-03,-1.718020811676979065e-02,-4.508503153920173645e-02,3.628668189048767090e-02,-1.488951407372951508e-02,-4.888550192117691040e-02,-1.646436750888824463e-02,9.963219985365867615e-03,1.451207045465707779e-02,4.341907426714897156e-02,6.937160156667232513e-03,1.569646410644054413e-02,-1.154457964003086090e-02,1.239708252251148224e-02,-1.032114028930664062e-02,1.149902585893869400e-02,2.601760439574718475e-02,1.505871303379535675e-02,-9.403561241924762726e-03,-2.548397704958915710e-02,-1.159013342112302780e-02,7.340634707361459732e-03,-7.835216820240020752e-03,-5.180093459784984589e-03,-4.906771704554557800e-03,-2.284186892211437225e-02,-7.060805335640907288e-03,-3.982684761285781860e-02,3.628668189048767090e-02,-2.847749739885330200e-02,-2.809680067002773285e-03,2.129304595291614532e-02,-3.326713293790817261e-02,5.359053611755371094e-03,-4.419999197125434875e-02,1.496760640293359756e-02,5.195955600356683135e-05,3.278231015428900719e-04,2.704581432044506073e-02,8.720257319509983063e-03,-8.232183754444122314e-03,-3.543418133631348610e-03,-2.059021964669227600e-02,2.967490628361701965e-02,1.604787632822990417e-02,6.426309235394001007e-03,4.883344098925590515e-02,-2.648615511134266853e-03,1.733639277517795563e-02,-2.594927500467747450e-04,3.842119500041007996e-02,-2.850352786481380463e-02,2.704581432044506073e-02,4.445541708264499903e-04,2.147526107728481293e-02,-6.983526982367038727e-04,-1.141442637890577316e-02,-4.412190057337284088e-03,-1.915853656828403473e-02,6.172510795295238495e-03,1.630818285048007965e-02,-7.034774869680404663e-03,-1.185694709420204163e-02,-7.561895065009593964e-03,3.607843816280364990e-02,2.668138407170772552e-02,2.821719087660312653e-02,-2.712065121158957481e-03,-1.317149307578802109e-02,1.229946780949831009e-02,-2.145899226889014244e-03,-5.769035778939723969e-03,-1.399145834147930145e-02,-4.203945025801658630e-02,1.555329468101263046e-02,5.782051477581262589e-03,1.945788785815238953e-02,-1.365305949002504349e-02,1.260532718151807785e-02,7.516341283917427063e-03,-2.305011264979839325e-02,-1.535806525498628616e-02,-2.001754567027091980e-02,2.096766419708728790e-02,-1.737543847411870956e-03,-9.794020093977451324e-03,-1.577455550432205200e-02,1.403050404042005539e-02,-5.743005312979221344e-04,1.522791199386119843e-02,3.445803187787532806e-03,-1.332442276179790497e-03,8.134568110108375549e-03,2.709787525236606598e-02,4.093314986675977707e-03,1.151854917407035828e-02,-1.131030451506376266e-02,-2.832131460309028625e-02,1.967548741959035397e-04,4.724557511508464813e-03,2.688962966203689575e-02,2.528874576091766357e-02,-7.731094025075435638e-03,-1.203916152007877827e-03,7.028267253190279007e-03,-1.397844217717647552e-02,2.289392985403537750e-02,2.756642550230026245e-02,-6.149733904749155045e-03,-1.270944997668266296e-02,-2.570523647591471672e-03,2.782673202455043793e-02,1.449905522167682648e-02,-2.178762853145599365e-02,-1.096539851278066635e-02,9.826558642089366913e-03,1.263786572962999344e-02,-3.242439124733209610e-03,-2.529850928112864494e-03,7.230004295706748962e-03,-4.578134976327419281e-03,8.284244686365127563e-03,5.668167490512132645e-03,1.053589303046464920e-02,6.995729170739650726e-03,8.544551208615303040e-03,3.214781358838081360e-02,-2.008262276649475098e-02,-2.821068279445171356e-03,-1.251422055065631866e-02,-2.051212824881076813e-02,-1.393939647823572159e-02,2.897207997739315033e-02,-5.307643115520477295e-02,-1.552726421505212784e-02,-2.059021964669227600e-02,-5.277708172798156738e-03,2.064228057861328125e-02,-5.336276954039931297e-04,-2.008262276649475098e-02,-4.445541708264499903e-04,-1.262485049664974213e-03,-7.731094025075435638e-03,2.446878142654895782e-02,3.995700273662805557e-03,9.689898230135440826e-03,4.435617476701736450e-02,2.798291668295860291e-02,1.358798332512378693e-02,5.694197956472635269e-03,-1.457714661955833435e-02,1.408256497234106064e-02,-8.386740228161215782e-04,-1.016495656222105026e-02,-2.495034784078598022e-02,-5.495714489370584488e-03,2.096766419708728790e-02,8.414397947490215302e-03,-2.353167906403541565e-02,-1.388733554631471634e-02,-3.868800820782780647e-03,1.227994449436664581e-02,-1.631794497370719910e-03,-1.530600432306528091e-02,1.993945427238941193e-02,-8.778826333582401276e-03,3.547973558306694031e-02,1.638627424836158752e-02,-2.038522856310009956e-03,1.711513288319110870e-02,-7.288573309779167175e-03,2.026483789086341858e-02,8.856918662786483765e-03,5.632375366985797882e-03,-3.032567165791988373e-02,-1.503268256783485413e-02,6.208302918821573257e-03,-1.960105635225772858e-02,3.139292821288108826e-02,-3.389186784625053406e-02,-3.847325593233108521e-02,-1.750559196807444096e-03,-1.726155402138829231e-03,1.623009145259857178e-02,8.856918662786483765e-03,-5.599836818873882294e-03,1.078318431973457336e-02,-2.059021964669227600e-02,-4.044507630169391632e-03,-3.945265780203044415e-04,-3.134086728096008301e-02,-3.061200864613056183e-02,1.546218805015087128e-02,-3.192004747688770294e-03,9.110717102885246277e-03,-4.771412536501884460e-02,-2.708811312913894653e-03,1.598280109465122223e-02,-6.903320550918579102e-02,-3.027361072599887848e-02,2.345358766615390778e-02,-2.108480222523212433e-02,1.841666363179683685e-02,-2.036895975470542908e-02,1.272897329181432724e-02,1.513680536299943924e-02,-1.013892609626054764e-02,1.045129355043172836e-02,-1.987437717616558075e-02,-8.603119291365146637e-03,4.380953311920166016e-02,-4.652973264455795288e-03,3.514133626595139503e-03,5.066209472715854645e-03,-2.483321167528629303e-02
1.276088878512382507e-02,-4.266860429197549820e-03,-3.393642371520400047e-03,-3.199153020977973938e-02,-1.237720251083374023e-02,3.008632548153400421e-02,-1.506962440907955170e-02,-6.129063665866851807e-03,-5.113617051392793655e-03,-8.732179179787635803e-03,-1.299283758271485567e-04,3.314258996397256851e-03,-1.391856465488672256e-02,-6.449905224144458771e-03,-3.800482489168643951e-03,-3.365527372807264328e-03,5.199615657329559326e-02,1.375979743897914886e-02,7.290046662092208862e-03,1.951509714126586914e-02,1.872126245871186256e-03,1.304534636437892914e-02,-1.258227601647377014e-02,-5.550226196646690369e-03,1.272781286388635635e-02,1.305857673287391663e-02,5.629609338939189911e-03,-3.760129213333129883e-02,-2.869380870833992958e-03,-1.285350322723388672e-02,5.950450897216796875e-03,-2.366949804127216339e-02,1.242847065441310406e-03,-1.368041429668664932e-02,-3.315582126379013062e-02,-1.102106831967830658e-02,-1.099460758268833160e-02,-1.174213457852602005e-02,2.181721664965152740e-02,-1.284688804298639297e-02,-1.155690662562847137e-02,3.595408517867326736e-03,-9.029867360368371010e-04,-1.329672709107398987e-02,-1.423609815537929535e-02,1.405087020248174667e-02,-1.690205885097384453e-03,-3.307643532752990723e-02,-2.410610765218734741e-02,1.492408849298954010e-02,1.571792177855968475e-02,-1.065061241388320923e-02,-2.351073175668716431e-02,-2.651407197117805481e-02,3.800482489168643951e-03,1.176198106259107590e-02,1.221843529492616653e-02,1.977970823645591736e-02,-6.886513903737068176e-03,6.780669558793306351e-03,-4.723315127193927765e-03,-8.831408806145191193e-03,-5.689146928489208221e-03,1.252935361117124557e-02,-7.614195812493562698e-03,-7.786192931234836578e-03,-2.409287542104721069e-02,-7.204047869890928268e-03,1.953163649886846542e-03,-3.262659534811973572e-02,1.845665089786052704e-02,2.168491110205650330e-02,-1.327688153833150864e-02,6.826976314187049866e-03,3.511394560337066650e-02,-4.082955420017242432e-02,-1.678959839046001434e-02,2.251843735575675964e-02,-3.127707913517951965e-02,-1.277577364817261696e-03,-1.373333670198917389e-02,-3.043032065033912659e-02,7.911883294582366943e-03,-5.118578555993735790e-04,1.088876277208328247e-02,1.286011841148138046e-02,-1.784804463386535645e-02,2.329904213547706604e-02,-2.243905514478683472e-02,-1.611484028398990631e-02,2.847219631075859070e-02,3.048324398696422577e-02,2.403995394706726074e-02,1.898587495088577271e-02,-2.556808525696396828e-03,-1.647206582129001617e-02,6.238216068595647812e-03,1.922402530908584595e-02,-5.493996199220418930e-03,-8.103726431727409363e-03,-9.592166170477867126e-03,1.708067208528518677e-02,-2.205536700785160065e-02,-1.703436486423015594e-03,-2.700360305607318878e-02,-2.900141850113868713e-02,1.603380194865167141e-03,1.898587495088577271e-02,1.213243696838617325e-02,-1.103429868817329407e-02,4.098170436918735504e-03,2.705652453005313873e-02,1.595607213675975800e-02,-1.907848753035068512e-02,1.112029794603586197e-02,-9.175403043627738953e-03,5.871067289263010025e-03,-1.592961139976978302e-02,-2.533655054867267609e-02,-3.846789477393031120e-03,-5.550226196646690369e-03,-1.317103672772645950e-02,1.177521073259413242e-03,-1.895941235125064850e-02,-6.946051871636882424e-05,2.857804112136363983e-02,-8.136803284287452698e-03,-3.456487553194165230e-03,-3.535870928317308426e-03,-2.995401993393898010e-02,3.511394560337066650e-02,2.066615782678127289e-02,1.962094195187091827e-02,9.909700602293014526e-03,-1.725266873836517334e-02,2.111599780619144440e-02,-1.165613625198602676e-02,4.806006327271461487e-03,-9.612012654542922974e-03,-7.071741856634616852e-03,3.016571048647165298e-03,1.499024126678705215e-02,-1.109383627772331238e-02,1.426255889236927032e-02,1.630006730556488037e-02,1.402440853416919708e-02,3.903019428253173828e-02,1.298580877482891083e-02,-2.857804065570235252e-03,-1.506962440907955170e-02,2.079846337437629700e-02,-5.957066081464290619e-03,2.442364022135734558e-02,7.508351001888513565e-03,1.366718299686908722e-02,-7.204047869890928268e-03,2.718883100897073746e-03,1.150398422032594681e-02,-7.931729778647422791e-03,-7.342969067394733429e-03,-1.039923168718814850e-02,-9.479706175625324249e-03,3.476994857192039490e-02,4.144477657973766327e-03,-1.483147405087947845e-02,3.095954470336437225e-02,3.965864889323711395e-03,-2.623622864484786987e-02,-1.448747888207435608e-02,-2.340488694608211517e-02,-4.994541872292757034e-03,4.061786457896232605e-02,-1.162305939942598343e-02,4.220553115010261536e-02,-2.589223347604274750e-02,4.978003562428057194e-04,1.221843529492616653e-02,1.025369483977556229e-02,-1.436840370297431946e-02,2.586163755040615797e-04,-6.430059205740690231e-03,1.618099212646484375e-02,1.729236170649528503e-02,3.258028998970985413e-03,2.852842677384614944e-03,-3.549101529642939568e-03,1.714682392776012421e-02,-1.231766492128372192e-02,2.197929192334413528e-03,-1.296596322208642960e-02,2.456917613744735718e-02,2.231997996568679810e-02,-1.563853956758975983e-02,-9.645088575780391693e-03,-6.473455429077148438e-01,4.888697061687707901e-03,-8.619719184935092926e-03,-3.180630132555961609e-02,2.804881706833839417e-02,4.875466693192720413e-03,2.319319732487201691e-02,-8.408030495047569275e-03,-2.921310812234878540e-02,1.659114100039005280e-02,5.900836084038019180e-03,1.191413216292858124e-02,1.289981044828891754e-02,-5.252538248896598816e-02,-1.693513616919517517e-02,-1.436840370297431946e-02,6.932821124792098999e-03,4.531471990048885345e-03,1.434690435416996479e-03,-1.260873768478631973e-02,1.090860832482576370e-02,6.019911263138055801e-03,-1.609995495527982712e-03,-4.696853924542665482e-03,1.029504113830626011e-03,2.509840019047260284e-02,1.051169168204069138e-02,-1.415671501308679581e-02,4.812621336895972490e-04,3.738960251212120056e-02,-4.823867604136466980e-02,3.908311575651168823e-02,-2.823073882609605789e-03,4.306552000343799591e-03,4.302582889795303345e-02,-2.007739618420600891e-03,-3.019217029213905334e-02,5.904143676161766052e-03,3.085369989275932312e-02,9.658319177106022835e-04,-2.190983109176158905e-02,-6.129063665866851807e-03,-4.333013202995061874e-03,-5.242615006864070892e-03,-1.010154373943805695e-02,7.389275822788476944e-03,1.096153073012828827e-02,1.430225092917680740e-02,2.234644070267677307e-02,-7.768828072585165501e-04,8.196340873837471008e-03,2.925610868260264397e-03,-1.424932852387428284e-02,-2.207852201536297798e-03,-6.420136429369449615e-03,1.966063305735588074e-02,3.966526314616203308e-02,-1.686898246407508850e-02,-9.936161339282989502e-03,-6.774053908884525299e-03,2.677868306636810303e-02,7.772962562739849091e-03,-3.095954470336437225e-02,-1.084245555102825165e-02,-1.541361957788467407e-02,8.335261605679988861e-03,-5.216153804212808609e-03,1.352164708077907562e-02,5.771838128566741943e-03,7.944960147142410278e-03,-4.928389098495244980e-03,6.764131132513284683e-03,-2.135414630174636841e-02,-2.606423106044530869e-03,3.681407310068607330e-03,2.976879291236400604e-02,1.813911832869052887e-02,-2.077200263738632202e-02,-5.269076209515333176e-03,-1.122614275664091110e-02,1.419640611857175827e-02,-1.039923168718814850e-02,-3.013924881815910339e-02,-2.237290143966674805e-02,2.463532984256744385e-02,-1.431548129767179489e-02,-1.162305939942598343e-02,-9.592166170477867126e-03,-9.731087833642959595e-03,-1.114675868302583694e-02,1.002216059714555740e-02,8.950483985245227814e-03,-1.467270683497190475e-02,-1.242350973188877106e-02,1.540038827806711197e-02,-9.029867360368371010e-04,-2.279628068208694458e-02,6.896436680108308792e-04,2.622299827635288239e-02,1.817880943417549133e-02,-3.654946107417345047e-03,-4.514933563768863678e-03,3.326166421175003052e-02,1.120629627257585526e-02,2.812820114195346832e-02,8.057420141994953156e-03,1.304534636437892914e-02,-1.708067208528518677e-02,8.447721600532531738e-03,-3.220321983098983765e-02,1.954155787825584412e-02,-3.797588287852704525e-04,8.606488816440105438e-03,-1.058445964008569717e-02,-9.989083744585514069e-03,-3.429364785552024841e-02,1.648529618978500366e-02,3.008632548153400421e-02,8.110342547297477722e-03,-3.791882470250129700e-02,1.235198142239823937e-04,3.625177592039108276e-02,-2.197598479688167572e-02,2.644461113959550858e-03,3.135646134614944458e-02,6.162140052765607834e-03,-1.447424851357936859e-02,-3.850097209215164185e-02,-3.420103574171662331e-03,-1.689544320106506348e-02,-4.260244779288768768e-03,-2.136737853288650513e-02,2.219428773969411850e-03,-6.387886969605460763e-05,6.033142097294330597e-03,6.516057997941970825e-03,3.170045465230941772e-02,-1.962094195187091827e-02,4.286706075072288513e-02,-2.816458465531468391e-03,-7.442198228091001511e-03,-3.853404894471168518e-03,1.064399722963571548e-02,-2.291535586118698120e-02,8.970329537987709045e-03,-3.934772685170173645e-02,1.710671931505203247e-04,-4.104124382138252258e-02,-2.990109845995903015e-02,-1.242020167410373688e-03,1.918433234095573425e-02,8.017728105187416077e-03,-1.872126199305057526e-02,-8.361723273992538452e-03,1.418317575007677078e-02,-1.389210298657417297e-02,3.939403686672449112e-03,1.502993237227201462e-02,1.005523651838302612e-02,-2.454271540045738220e-02,-8.930637501180171967e-03,3.307643532752990723e-02,2.990109845995903015e-03,-1.033638603985309601e-03,-4.501703195273876190e-03,-4.207322746515274048e-02,-9.989084210246801376e-04,3.492871765047311783e-03,-7.528197020292282104e-03,-1.742466725409030914e-02,-8.044188842177391052e-03,2.415902912616729736e-02,-9.168787859380245209e-03,4.716699942946434021e-03,-3.817020682618021965e-03,-2.094399929046630859e-02,-3.140938282012939453e-02,-2.470809733495116234e-03,2.571692923083901405e-03,1.151059940457344055e-02,1.147752348333597183e-02,9.916315786540508270e-03,-1.860218681395053864e-02,4.911850672215223312e-03,3.368504345417022705e-02,4.726622719317674637e-03,4.075016826391220093e-03,6.926205940544605255e-03,-6.267984863370656967e-03,1.499024126678705215e-02,2.826050668954849243e-02,1.672013895586133003e-03,-1.018754206597805023e-02,3.363873576745390892e-03,-4.197399597615003586e-03,3.230906277894973755e-02,1.921079494059085846e-02,1.607514801435172558e-03,3.034763038158416748e-03,2.078523300588130951e-02,1.018092688173055649e-02,-1.461978442966938019e-02,3.881850466132164001e-02,-2.177752554416656494e-02,3.207091242074966431e-02,-3.357919678092002869e-02,2.041477710008621216e-02,-7.858960889279842377e-03,3.744252398610115051e-02,5.282307043671607971e-03,-4.614162724465131760e-03,-3.834220394492149353e-02,2.455925336107611656e-03,2.188006183132529259e-03,9.029867127537727356e-03,-1.452717091888189316e-02,-6.776534719392657280e-04,1.381271984428167343e-02,-1.488439645618200302e-02,-2.770482376217842102e-02,2.588231000117957592e-04,-5.318691022694110870e-03,9.724472649395465851e-03,5.288922227919101715e-03,-1.078291796147823334e-02,1.943571306765079498e-02,2.562762238085269928e-02,3.106538951396942139e-02,-4.650546703487634659e-03,-1.983263157308101654e-02,-1.319749839603900909e-02,7.600964978337287903e-03,7.845730520784854889e-03,3.196506947278976440e-02,-2.267389791086316109e-03,1.488439622335135937e-03,1.378625817596912384e-02,-2.345780842006206512e-02,1.435517333447933197e-02,-2.122184075415134430e-02,-1.499024126678705215e-02,1.880064606666564941e-02,1.329672709107398987e-02,-4.733237903565168381e-03,1.176859624683856964e-02,2.487348020076751709e-02,1.258889120072126389e-02,-2.206859737634658813e-02,3.615254536271095276e-03,2.090430818498134613e-02,-6.473058369010686874e-03,-3.329143393784761429e-03,-1.188105624169111252e-02,-1.794065907597541809e-02,7.753116544336080551e-03,-1.015446614474058151e-02,-2.033539302647113800e-02,1.424932852387428284e-02,1.453709322959184647e-03,3.133000060915946960e-02,1.538715790957212448e-02,-1.012138929218053818e-02,5.507226567715406418e-03,-7.137895096093416214e-03,1.106076035648584366e-02,-1.504316274076700211e-02,-5.267422529868781567e-04,-2.295504696667194366e-02,-2.775774523615837097e-02,-1.115337386727333069e-02,-7.223893888294696808e-03,-3.936096094548702240e-03,4.925081506371498108e-03,9.188634343445301056e-03,1.277412008494138718e-02,3.357258392497897148e-03,-8.632949902676045895e-04,2.471471391618251801e-02,1.079118694178760052e-03,-7.818442536517977715e-04,-1.410379260778427124e-02,-3.437303379178047180e-02,1.454040128737688065e-02,2.102007623761892319e-03,6.575595587491989136e-03,-1.325703598558902740e-02,-2.855158038437366486e-02,7.362814620137214661e-03,-1.488439645618200302e-02,8.130188100039958954e-03,-8.090496063232421875e-03,1.022061891853809357e-02,-2.619653753936290741e-02,1.314457599073648453e-02,-5.345152225345373154e-03,-1.906525716185569763e-02,8.381568826735019684e-03,-2.026923932135105133e-02,1.487116608768701553e-02,1.439486537128686905e-02,8.229417726397514343e-03,2.217774977907538414e-03,-2.993417438119649887e-03,2.101015299558639526e-02,2.306089177727699280e-02,2.688452787697315216e-02,9.608704713173210621e-04,-1.962879759958013892e-04,-9.625242673791944981e-04,-8.500644005835056305e-03,-1.026692613959312439e-02,6.966724322410300374e-05,-2.091753855347633362e-02,1.452882424928247929e-03,-1.493731886148452759e-02,-1.346872467547655106e-02,-1.934310048818588257e-02,-7.417390588670969009e-04,1.557238586246967316e-02,-1.272119767963886261e-02,1.282704155892133713e-02,-1.672013895586133003e-03,-2.394733950495719910e-02,6.608671974390745163e-03,1.028280258178710938e-01,2.099692262709140778e-02,-7.607580046169459820e-04,-1.241689454764127731e-02,1.516223791986703873e-02,1.361426152288913727e-02,-1.406410057097673416e-02,-2.632884308695793152e-03,1.963417232036590576e-02,-1.042569242417812347e-02,-8.302185684442520142e-03,-2.276981808245182037e-02,3.966526314616203308e-02,-1.927694678306579590e-02,4.928389098495244980e-03,4.789467900991439819e-03,-2.831343002617359161e-02,-6.066218484193086624e-03,8.044188842177391052e-03,-3.120761830359697342e-03,4.170938394963741302e-03,2.327258139848709106e-02,3.671484533697366714e-03,3.813713090494275093e-03,8.765256032347679138e-03,-2.245228551328182220e-02,2.278304845094680786e-02,3.180630132555961609e-02,-1.992855221033096313e-03,-1.541361957788467407e-02,-3.032447583973407745e-02,-9.583897190168499947e-04,-2.948764245957136154e-03,8.097111247479915619e-03,-2.942479774355888367e-02,3.575562732294201851e-03,3.313845372758805752e-04,2.279628068208694458e-02,-7.276815827935934067e-03,2.145833859685808420e-04,1.458009332418441772e-02,-1.181490346789360046e-02,1.153044588863849640e-02,-1.890649087727069855e-02,5.242615006864070892e-03,2.351734554395079613e-03,-1.759666390717029572e-02,4.121324047446250916e-03,-3.535870928317308426e-03,-4.188799858093261719e-02,3.424072638154029846e-02,-1.705421134829521179e-02,-9.552475064992904663e-03,-3.969172481447458267e-03,-1.455363165587186813e-02,-1.674990728497505188e-02,-5.067309830337762833e-03,1.254258491098880768e-02,-7.978036068379878998e-03,-1.934971543960273266e-03,-1.661760173738002777e-02,-2.041477710008621216e-02,8.910791948437690735e-03,4.822544287890195847e-03,-3.199153020977973938e-02,-6.727747153490781784e-03,-1.684252172708511353e-02,1.075645722448825836e-02,-2.966294810175895691e-02,2.950418042019009590e-03,-1.764958724379539490e-02,-1.118810498155653477e-03,-1.530777476727962494e-02,-1.778189279139041901e-02,3.664869070053100586e-02,3.294413164258003235e-02,1.645883545279502869e-02,-2.259782142937183380e-02,-5.361690185964107513e-03,3.959249239414930344e-03,1.170078874565660954e-03,-6.099294871091842651e-03,1.760989427566528320e-02,-4.114708676934242249e-02,-2.799920272082090378e-03,2.545562572777271271e-02,-1.266827457584440708e-03,-2.537624165415763855e-02,-1.135183311998844147e-02,1.202659215778112411e-02,2.553500793874263763e-02,-3.929894010070711374e-04,6.826976314187049866e-03,-1.112029794603586197e-02,1.812588796019554138e-02,-8.262493647634983063e-03,1.330995839089155197e-02,-1.207289868034422398e-03,-9.459860622882843018e-03,4.177554044872522354e-03,9.410246275365352631e-04,1.230443455278873444e-02,-1.559884753078222275e-02,-2.138060890138149261e-02,2.590546570718288422e-02,-8.823139360174536705e-04,-3.717791289091110229e-02,1.000231411308050156e-02,-1.903879642486572266e-02,5.077233072370290756e-03,3.503455966711044312e-02,-1.291965600103139877e-02,3.011278808116912842e-02,-2.140706963837146759e-02,-1.249627768993377686e-02,3.646346181631088257e-02,-4.779545124620199203e-03,2.921310812234878540e-02,1.291965600103139877e-02,-1.154367625713348389e-02,-8.738794364035129547e-03,-4.381966218352317810e-02,2.239936217665672302e-02,2.142030000686645508e-02,-4.387258365750312805e-02,3.387026954442262650e-03,2.502232324331998825e-03,-5.511360941454768181e-04,1.223828177899122238e-02,1.456686295568943024e-02,-9.790625423192977905e-03,1.563853956758975983e-02,-3.344027791172266006e-03,-8.831408806145191193e-03,-2.714913897216320038e-02,-1.156352180987596512e-02,-8.123572915792465210e-03,3.437303379178047180e-02,-2.435748837888240814e-02,-6.086064036935567856e-03,-5.325306206941604614e-03,-1.669698581099510193e-02,9.526013396680355072e-03,-6.826976314187049866e-03,5.315383430570363998e-03,-6.345383822917938232e-02,7.217278238385915756e-03,-4.342935979366302490e-03,1.693100057309493423e-04,3.810405358672142029e-02,8.150033652782440186e-03,4.806006327271461487e-03,-2.446333132684230804e-02,-8.970329537987709045e-03,3.499486949294805527e-03,-2.068931004032492638e-03,-4.958157893270254135e-03,6.522673182189464569e-03,1.427579019218683243e-02,3.817020682618021965e-03,3.050970472395420074e-02,2.106969011947512627e-03,-5.487975158757762983e-06,2.995401993393898010e-02,-1.163629069924354553e-02,9.393707849085330963e-03,3.433334175497293472e-03,1.969701843336224556e-03,-4.490457102656364441e-02,2.270366623997688293e-02,1.061092037707567215e-02,-8.062381530180573463e-04,3.167399391531944275e-02,-2.767836116254329681e-02,2.495286427438259125e-02,3.011278808116912842e-02,8.672641590237617493e-03,1.465947646647691727e-02,-1.256904564797878265e-02,-3.101246617734432220e-02,-1.554592512547969818e-02,1.372010540217161179e-02,-9.731087833642959595e-03,1.415671501308679581e-02,-2.205536700785160065e-02,-1.530777476727962494e-02,3.453179821372032166e-02,5.532033974304795265e-04,-1.266827527433633804e-02,-5.331921391189098358e-03,1.968709565699100494e-02,-9.301093406975269318e-03,1.845665089786052704e-02,2.123507205396890640e-03,5.632916931062936783e-03,-3.283828496932983398e-02,1.349518634378910065e-02,-1.042569242417812347e-02,-1.448747934773564339e-03,5.351767409592866898e-03,1.832434535026550293e-02,1.418979139998555183e-03,-1.566500030457973480e-02,-1.439486537128686905e-02,-2.093076892197132111e-02,1.453709322959184647e-03,-2.050738967955112457e-02,3.087685210630297661e-03,-1.280719600617885590e-02,-1.600899547338485718e-02,-1.540038827806711197e-02,-1.112691313028335571e-02,-2.516455203294754028e-02,-1.942248269915580750e-02,2.443687058985233307e-02,1.418317575007677078e-02,-3.585485741496086121e-02,2.673899196088314056e-02,2.391426358371973038e-03,-2.574669755995273590e-02,-7.792808581143617630e-03,8.745409548282623291e-03,1.841695979237556458e-02,1.833757571876049042e-02,-3.229914000257849693e-03,3.122415579855442047e-02,2.570039127022027969e-03,-2.257136069238185883e-02,-4.925081506371498108e-03,2.947771921753883362e-02,-1.207289937883615494e-02,-1.072338037192821503e-02,2.605100162327289581e-02,-2.151291444897651672e-02,2.550193341448903084e-03,-8.619719184935092926e-03,7.250354625284671783e-03,-1.301888562738895416e-02,-2.198921516537666321e-02,2.267389791086316109e-03,-9.790625423192977905e-03,-1.038600131869316101e-02,-8.877715095877647400e-03,7.462044246494770050e-03,-8.024343289434909821e-03,3.233552351593971252e-02,-1.086230203509330750e-02,7.852345705032348633e-03,-3.302351385354995728e-02,-1.676975283771753311e-03,-2.450302429497241974e-02,-9.671550244092941284e-03,-2.003108896315097809e-02,1.881387643516063690e-02,4.567855969071388245e-03,-6.979127880185842514e-03,-1.158998347818851471e-02,2.101015299558639526e-02,-1.160321384668350220e-02,2.169814147055149078e-02,-1.315119117498397827e-02,2.302119880914688110e-02,-9.830316528677940369e-03,-2.142030000686645508e-02,1.966394018381834030e-03,3.207091242074966431e-02,-8.242648094892501831e-03,-2.573346719145774841e-03,-3.133000060915946960e-02,1.866834051907062531e-02,-2.765190042555332184e-02,-1.977970823645591736e-02,-1.436840370297431946e-02,2.885919064283370972e-03,1.002877578139305115e-02,-1.083584036678075790e-02,-4.118016455322504044e-03,1.259550731629133224e-02,-1.024707965552806854e-02,-1.925048604607582092e-02,-1.337528374278917909e-04,7.852345705032348633e-03,8.044188842177391052e-03,8.983559906482696533e-03,-1.049846131354570389e-02,-1.663083210587501526e-02,-1.791089074686169624e-03,4.713392350822687149e-03,-9.406938217580318451e-03,-1.447424851357936859e-02,-3.479640930891036987e-02,-1.477855164557695389e-02,1.820527017116546631e-02,3.215029463171958923e-02,-4.531471640802919865e-04,-7.872192189097404480e-03,2.046769857406616211e-02,1.749081909656524658e-02,2.995071234181523323e-03,2.709621563553810120e-02,1.961432630196213722e-03,-2.052062191069126129e-02,-2.828696742653846741e-02,-8.699102909304201603e-04,1.843019016087055206e-02,-1.971355639398097992e-02,2.841927483677864075e-02,-6.195216439664363861e-03,-3.466410562396049500e-02,-1.394171733409166336e-03,-1.856249570846557617e-02,5.683854967355728149e-02,1.332980394363403320e-02,6.673170719295740128e-04,-9.750933386385440826e-03,2.857804112136363983e-02,-1.003869809210300446e-03,-1.284192665480077267e-03,-4.331690073013305664e-02,8.288955315947532654e-03,-6.912975106388330460e-03,2.704329416155815125e-02,3.093308396637439728e-02,-3.185922279953956604e-02,9.770778939127922058e-03,1.159659866243600845e-02,-3.463102970272302628e-03,8.996790857054293156e-04,9.473090991377830505e-03,-3.800482489168643951e-03,8.090496063232421875e-03,-2.662653103470802307e-03,-1.971355639398097992e-02,-4.799390677362680435e-03,2.175106480717658997e-02,-2.738728933036327362e-02,-1.516223791986703873e-02,1.865511015057563782e-02,7.918498478829860687e-03,-8.672641590237617493e-03,-2.311381325125694275e-02,9.426784701645374298e-03,-1.416994538158178329e-02,1.678959839046001434e-02,-2.492309547960758209e-03,9.757548570632934570e-03,3.021532436832785606e-03,-6.645055953413248062e-03,-9.797240607440471649e-03,-1.086891721934080124e-02,-1.126583386212587357e-02,2.062646485865116119e-02,2.587900310754776001e-02,-3.595408517867326736e-03,-2.426487393677234650e-02,4.941619466990232468e-03,-5.609763413667678833e-02,-3.086031414568424225e-03,-4.901927895843982697e-03,2.331227250397205353e-02,4.458703566342592239e-03,3.738960251212120056e-02,4.620778374373912811e-03,1.645883545279502869e-02,1.713359355926513672e-02,9.737703017890453339e-03,-3.514040634036064148e-02,-2.910726331174373627e-02,4.279263957869261503e-04,-1.497535617090761662e-03,-1.932987011969089508e-02,-7.314027170650660992e-04,-1.495054922997951508e-02,-1.753051206469535828e-02,2.865742519497871399e-02,4.518241155892610550e-03,-1.841695979237556458e-02,2.673899196088314056e-02,-8.475836948491632938e-04,-3.217675536870956421e-02,-8.884331211447715759e-03,-3.800482489168643951e-03,7.058511488139629364e-03,8.937252685427665710e-03,1.196540077216923237e-03,-2.298150770366191864e-02,7.045281119644641876e-03,3.140607615932822227e-03,1.289981044828891754e-02,-1.751727983355522156e-02,3.595408517867326736e-03,2.974233217537403107e-02,2.263751253485679626e-02,3.051301231607794762e-03,-5.328613799065351486e-03,-1.975324749946594238e-02,1.151059987023472786e-03,1.150233088992536068e-03,1.032646372914314270e-02,2.403995394706726074e-02,-9.096019901335239410e-03,-9.135711938142776489e-03,-1.196043938398361206e-02,-1.045215409249067307e-02,-1.549300272017717361e-02,2.556147053837776184e-02,8.150033652782440186e-03,2.009724266827106476e-02,-1.313796080648899078e-02,-2.049415931105613708e-02,1.946548232808709145e-03,-9.145634830929338932e-04,-2.689114306122064590e-03,-3.029801510274410248e-02,9.320939891040325165e-03,-1.873449422419071198e-02,-1.285350322723388672e-02,4.524753239820711315e-05,1.341580227017402649e-02,3.207091242074966431e-02,-2.145999111235141754e-02,-1.079118694178760052e-03,-6.925378693267703056e-04,1.516223791986703873e-02,-1.196705456823110580e-02,-1.555915549397468567e-02,-1.962094195187091827e-02,-2.110276557505130768e-02,1.532100513577461243e-02,9.519398212432861328e-03,1.295273285359144211e-02,-9.294478222727775574e-03,-1.345549430698156357e-02,3.476333338767290115e-03,-3.754175500944256783e-03,-3.430026350542902946e-03,1.872390955686569214e-01,-6.009988486766815186e-03,1.822511665523052216e-03,2.198921516537666321e-02,3.601362556219100952e-02,-3.423411166295409203e-03,1.516223791986703873e-02,-1.018092688173055649e-02,-1.034630928188562393e-02,1.289319526404142380e-02,-1.913141086697578430e-02,-4.892005119472742081e-03,-4.506333544850349426e-02,1.970115263247862458e-04,1.074984204024076462e-02,-1.595607213675975800e-02,-2.916018664836883545e-02,-1.812588796019554138e-02,-1.554592512547969818e-02,-3.627823665738105774e-02,2.665960695594549179e-03,1.006350619718432426e-03,-8.672641590237617493e-03,-1.599576510488986969e-02,2.802235633134841919e-02,1.263519842177629471e-02,-1.109383627772331238e-02,-3.218337194994091988e-03,-8.500643889419734478e-04,2.022954821586608887e-02,-1.843019016087055206e-02,-1.966063305735588074e-02,1.809281064197421074e-03,-1.176198106259107590e-02,-3.606654703617095947e-02,2.287566289305686951e-02,4.265537112951278687e-02,-7.905268110334873199e-03,3.714483696967363358e-03,-4.822544287890195847e-03,-1.331657357513904572e-02,2.397380024194717407e-02,-1.028015650808811188e-02,-2.658022381365299225e-02,-6.241523660719394684e-03,3.646346181631088257e-02,4.907716065645217896e-04,-2.775113098323345184e-03,-2.116891928017139435e-02,2.112922817468643188e-02,-5.472165718674659729e-02,-1.558561716228723526e-02,3.043032065033912659e-02,3.178645623847842216e-03,-2.138060890138149261e-02,-1.153706107288599014e-02,-2.439717948436737061e-02,8.434491232037544250e-03,-4.254952818155288696e-02,6.671517156064510345e-03,-1.980710112547967583e-05,-4.071709234267473221e-03,-1.779512315988540649e-02,5.726192519068717957e-02,-3.922865260392427444e-03,3.622531145811080933e-02,-7.799423765391111374e-03,7.362814620137214661e-03,-6.833591498434543610e-03,-3.048324398696422577e-02,-6.965897511690855026e-03,-4.283398389816284180e-03,1.198690012097358704e-02,2.712267823517322540e-02,3.744252491742372513e-03,-9.552475064992904663e-03,3.456487553194165230e-03,-1.394502539187669754e-02,1.313796080648899078e-02,-6.893129087984561920e-03,-4.352859221398830414e-03,1.952832750976085663e-02,2.039162209257483482e-03,-1.669698581099510193e-02,-1.690867356956005096e-02,-4.770945012569427490e-02,-1.700128777883946896e-03,2.615684643387794495e-02,-5.775145720690488815e-03,2.446333132684230804e-02,1.750404946506023407e-02,-1.042569242417812347e-02,2.687460510060191154e-03,-3.210481663700193167e-04,5.474150180816650391e-03,-7.710944046266376972e-04,-4.207322839647531509e-03,2.529685758054256439e-02,-9.221710264682769775e-03,6.479674018919467926e-03,-1.501670200377702713e-02,1.496708719059824944e-03,1.051169168204069138e-02,3.076108638197183609e-03,-2.725498378276824951e-02,-2.148314611986279488e-03,-8.077265694737434387e-03,1.578407548367977142e-02,2.366618951782584190e-03,-5.414612591266632080e-03,-8.540336042642593384e-03,-3.088016062974929810e-02,1.579730585217475891e-02,1.575761474668979645e-02,1.328349672257900238e-02,2.282274188473820686e-03,1.295769354328513145e-03,1.363576040603220463e-03,5.286937579512596130e-02,-1.112029794603586197e-02,-8.219494484364986420e-04,-5.401382222771644592e-03,9.056327864527702332e-03,2.839281223714351654e-02,2.723844489082694054e-03,1.280884956941008568e-03,-1.231766492128372192e-02,-8.677396544953808188e-05,-5.255845841020345688e-03,-2.668606862425804138e-02,3.032447583973407745e-02,-1.700128801167011261e-02,2.735421294346451759e-03,-3.104223636910319328e-03,1.780835352838039398e-02,2.900141850113868713e-02,-1.011477410793304443e-02,1.193397864699363708e-02,-3.998279571533203125e-02,6.304368842393159866e-03,-1.956471242010593414e-03,1.670359983108937740e-03,2.183044794946908951e-03,-8.348492905497550964e-03,4.127939231693744659e-03,-3.222968056797981262e-02,5.209538619965314865e-03,-1.689544320106506348e-02,-2.733767498284578323e-03,-2.794958883896470070e-03,-1.977970823645591736e-02,8.613104000687599182e-03,9.506167843937873840e-03,2.344457805156707764e-02,2.366949804127216339e-02,-1.158998347818851471e-02,-1.293288636952638626e-02,-3.342043235898017883e-02,-5.302152596414089203e-03,1.591638103127479553e-02,-6.789930909872055054e-02,1.786127570085227489e-03,2.099692262709140778e-02,-3.344689309597015381e-02,-1.320411358028650284e-02,-8.057420141994953156e-03,-1.674461513757705688e-01,-3.390334779396653175e-03,2.865742519497871399e-02,-2.138060890138149261e-02,3.212383389472961426e-02,-2.442364022135734558e-02,1.159659866243600845e-02,5.004464648663997650e-03,-1.302550081163644791e-02,5.348459817469120026e-03,1.302550081163644791e-02,-1.269473601132631302e-02,-9.651703760027885437e-03,-4.514933563768863678e-03,-1.387887261807918549e-02,1.280058058910071850e-03,-3.521978855133056641e-02,7.599311065860092640e-04,2.308735251426696777e-02,1.745112799108028412e-02,2.087784744799137115e-02,-8.924022316932678223e-03,-9.277940262109041214e-04,-1.596930250525474548e-02,2.050738967955112457e-02,-1.365395262837409973e-02,3.795521042775362730e-04,1.091522350907325745e-02,-2.405318431556224823e-02,-1.771573908627033234e-02,-1.758012571372091770e-03,1.524162199348211288e-02,2.926603145897388458e-02,-1.243012491613626480e-02,1.942248269915580750e-02,1.042569242417812347e-02,-4.362781997770071030e-03,-4.313167184591293335e-03,-1.274765841662883759e-02,1.508285477757453918e-02,2.926603145897388458e-02,1.289981044828891754e-02,2.892534248530864716e-03,6.535904016345739365e-03,1.076307240873575211e-02,7.250354625284671783e-03,6.109217647463083267e-03,-1.735851354897022247e-02,2.252505393698811531e-03,7.161048706620931625e-04,1.632652804255485535e-02,-2.791651152074337006e-02,3.495517745614051819e-02,-1.237058732658624649e-02,-2.882611472159624100e-03,2.839281223714351654e-02,-2.136737806722521782e-03,-6.734362337738275528e-03,-9.889854118227958679e-03,-1.753051206469535828e-02,2.133430098183453083e-04,-1.337611116468906403e-02,1.571792177855968475e-02,8.814870379865169525e-04,2.487348020076751709e-02,-2.836635150015354156e-02,-2.295504696667194366e-02,-1.857572607696056366e-02,-2.353388350456953049e-03,1.171567384153604507e-02,-4.240399226546287537e-03,-2.730790525674819946e-02,-4.872159101068973541e-03,-2.274335734546184540e-02,2.886911295354366302e-02,-5.341844633221626282e-03,-1.960771158337593079e-02,3.479640930891036987e-02,-1.801011967472732067e-03,-4.643931519240140915e-03,-7.071741856634616852e-03,1.757020317018032074e-02,-2.246551588177680969e-02,-1.604868657886981964e-02,-1.258889120072126389e-02,-8.553566411137580872e-03,1.098799239844083786e-02,-1.374656707048416138e-02,-2.186352387070655823e-03,-9.572320617735385895e-03,-4.495087545365095139e-03,-2.353719249367713928e-02,2.261105179786682129e-02,-2.910726331174373627e-02,2.073230966925621033e-02,6.731054745614528656e-03,-5.917374510318040848e-03,9.029867127537727356e-03,9.314324706792831421e-03,-1.147752348333597183e-02,-7.727482588961720467e-04,-9.870008565485477448e-03,-2.595838718116283417e-02,6.985743530094623566e-03,3.429364785552024841e-02,-3.312605200335383415e-03,5.784241948276758194e-04,1.178182661533355713e-02,3.125061839818954468e-02,-3.326166421175003052e-02,2.022954821586608887e-02,-1.915787160396575928e-02,2.389772562310099602e-03,2.405318431556224823e-02,1.731882244348526001e-02,2.990109845995903015e-02,2.250851597636938095e-03,-1.586842001415789127e-03,2.575992792844772339e-02,2.371580572798848152e-03,5.273706838488578796e-02,-1.760989427566528320e-02,4.131246823817491531e-03,2.925610868260264397e-03,-1.921079494059085846e-02,-2.344457805156707764e-02,-1.180167272686958313e-01,-1.603545621037483215e-02,3.387026954442262650e-03,3.170045465230941772e-02,5.215492472052574158e-02,3.095954470336437225e-02,-4.329705610871315002e-03,9.142327122390270233e-03,-2.026923932135105133e-02,1.107399072498083115e-02,2.712267823517322540e-02,-1.258558360859751701e-03,-1.362749189138412476e-02,6.244831252843141556e-03,-2.624615328386425972e-03,-1.387887261807918549e-02,-1.610160991549491882e-02,-1.346872467547655106e-02,-2.773128449916839600e-02,1.488439645618200302e-02,4.253629595041275024e-03,1.348857115954160690e-02,-1.149736903607845306e-02,-4.673700314015150070e-03,1.316442154347896576e-02,1.504977815784513950e-03,-2.147322148084640503e-02,1.174213457852602005e-02,2.656699344515800476e-02,1.992855221033096313e-03,-6.284522823989391327e-03,-3.106538951396942139e-02,-4.925081506371498108e-03,-1.244997046887874603e-02,-8.580027148127555847e-03,5.682531744241714478e-03,-2.295504696667194366e-02,-1.203982252627611160e-02,-5.973604507744312286e-03,1.189924776554107666e-03,-1.748089678585529327e-03,1.287996396422386169e-02,8.937252685427665710e-03,-1.389210345223546028e-03,-6.258061621338129044e-03,-8.163264021277427673e-03,-2.078523300588130951e-02,2.478086575865745544e-02,2.389441803097724915e-02,-5.589917767792940140e-03,-1.513577718287706375e-02,-1.045876927673816681e-02,-5.212846212089061737e-03,-1.385075738653540611e-03,2.926603145897388458e-02,3.296066774055361748e-03,-3.599129850044846535e-04,7.779577746987342834e-03,-2.630238234996795654e-02,8.798331953585147858e-03,-9.717856533825397491e-03,1.201336178928613663e-02,1.882049255073070526e-03,1.349518634378910065e-02,2.214798144996166229e-02,-3.330383624415844679e-04,1.061753649264574051e-02,-1.786127500236034393e-02,2.352396212518215179e-02,-2.237290143966674805e-02,1.603545621037483215e-02,1.594284176826477051e-02,5.824760533869266510e-03,4.015479236841201782e-03,-3.948003426194190979e-02,7.005589082837104797e-03,-1.362749189138412476e-02,-2.111599780619144440e-02,3.069493360817432404e-02,-8.897561579942703247e-03,-4.059140384197235107e-02,-2.363311359658837318e-03,-1.282704155892133713e-02,-3.876558272168040276e-03,2.823404595255851746e-02,3.889788873493671417e-03,2.315350621938705444e-02,-1.394998747855424881e-03,1.659114100039005280e-02,-1.499024126678705215e-02,7.587734609842300415e-03,3.278536349534988403e-02,2.575992792844772339e-02,-4.974695853888988495e-03,-2.639499679207801819e-02,-1.055799890309572220e-02,6.800515111535787582e-03,-1.348195504397153854e-02,1.850626664236187935e-03,-1.898587448522448540e-03,-3.315582126379013062e-02,4.736545495688915253e-03,-3.966526314616203308e-02,2.024277858436107635e-02,-8.778486400842666626e-03,8.930637501180171967e-03,2.451625466346740723e-02,-1.467270683497190475e-02,-2.882611472159624100e-03,-2.163198962807655334e-02,-1.461151521652936935e-03,1.340918708592653275e-02,-2.180398628115653992e-02,2.344457805156707764e-02,-9.876623749732971191e-03,-1.567823067307472229e-02,5.642840173095464706e-03,-1.510931644588708878e-02,2.221413515508174896e-02,1.442132610827684402e-02,2.269043587148189545e-02,3.757483139634132385e-02,-2.234313171356916428e-03,3.217675536870956421e-02,-1.263519842177629471e-02,3.135646134614944458e-02,-2.246551588177680969e-02,3.334104642271995544e-02,7.812654599547386169e-03,-8.546951226890087128e-03,-1.611484028398990631e-02,-5.593225359916687012e-03,5.874374881386756897e-03,-1.921079494059085846e-02,1.618099212646484375e-02,2.265074290335178375e-02,1.747758872807025909e-02,-1.260212250053882599e-02,-3.372142789885401726e-03,4.014156386256217957e-02,1.438163407146930695e-02,6.313630193471908569e-02,-7.938344497233629227e-04,-1.522839162498712540e-02,2.123507298529148102e-02,-3.542486345395445824e-03,4.058478865772485733e-03,-3.969172481447458267e-03,-3.114477172493934631e-02,1.836403831839561462e-02,2.992755919694900513e-02,-4.111400805413722992e-03,1.024046447128057480e-02,2.292858622968196869e-02,-1.489762682467699051e-02,-2.396056987345218658e-02,-1.919756270945072174e-02,-3.146230429410934448e-02,9.737703017890453339e-03,-1.538715790957212448e-02,-1.947540603578090668e-02,-2.722852304577827454e-02,2.049415931105613708e-02,7.594349794089794159e-03,8.091322961263358593e-04,1.811265572905540466e-02,1.409056223928928375e-02,4.147785250097513199e-03,1.543015707284212112e-03,7.382660638540983200e-03,1.409056223928928375e-02,-1.459332369267940521e-02,-3.615254536271095276e-03,-1.252273842692375183e-02,3.262659534811973572e-02,8.454336784780025482e-03,1.123937312513589859e-02,-1.004200614988803864e-02,1.853603497147560120e-02,1.624714583158493042e-02,-1.935633085668087006e-02,1.127906516194343567e-02,2.470148168504238129e-02,1.113022095523774624e-03,-2.684483490884304047e-02,3.608639119192957878e-03,1.758343353867530823e-02,-2.956206444650888443e-04,-2.086461521685123444e-02,5.414612591266632080e-03,-2.145006787031888962e-03,1.408229232765734196e-03,1.147752348333597183e-02,1.028677169233560562e-02,4.423973441589623690e-04,-7.475274614989757538e-03,3.152184421196579933e-03,7.235470693558454514e-04,-8.566796779632568359e-03,2.005755156278610229e-02,6.069526076316833496e-03,1.813911832869052887e-02,-8.308800868690013885e-03,7.270200643688440323e-03,-9.416448301635682583e-05,2.341811778023838997e-03,-2.287566289305686951e-02,1.549300272017717361e-02,-5.424535647034645081e-02,-1.940925233066082001e-02,-2.976879291236400604e-02,1.547977235168218613e-02,1.160321384668350220e-02,7.217278238385915756e-03,-1.832434558309614658e-03,3.105877432972192764e-03,-8.566796779632568359e-03,1.265504490584135056e-02,1.409056223928928375e-02,-1.418152241967618465e-03,1.598253473639488220e-02,4.704792425036430359e-02,1.931663788855075836e-02,2.384149469435214996e-02,3.668176708742976189e-03,-2.091753855347633362e-02,2.299473807215690613e-02,-4.673700314015150070e-03,1.410379260778427124e-02,-3.548439964652061462e-02,5.923989694565534592e-03,1.537392754107713699e-02,1.088876277208328247e-02,-2.775774523615837097e-02,-1.077630277723073959e-02,1.766281668096780777e-03,1.315780635923147202e-02,4.650546703487634659e-03,-2.208182960748672485e-02,2.000462822616100311e-02,-1.228458806872367859e-02,2.274335734546184540e-02,1.037938613444566727e-02,-9.301093406975269318e-03,2.065292745828628540e-02,-1.716005429625511169e-02,4.254456725902855396e-04,8.540336042642593384e-03,2.776766894385218620e-03,-1.524162199348211288e-02,-2.701683342456817627e-02,3.502794541418552399e-03,-1.074984204024076462e-02,3.892435133457183838e-02,-1.440809573978185654e-02,-2.553500793874263763e-02,4.161015618592500687e-03,-4.465318750590085983e-03,7.051896303892135620e-03,2.247874625027179718e-02,-7.713424973189830780e-03,7.839115336537361145e-03,-8.513874374330043793e-03,4.160395474173128605e-05,4.002248868346214294e-03,-2.852511778473854065e-02,-9.261402301490306854e-03,5.609763786196708679e-03,2.444348530843853951e-03,6.162140052765607834e-03,-3.061554953455924988e-02,5.229384638369083405e-03,2.512486092746257782e-02,-5.525087937712669373e-02,-1.962094195187091827e-02,-5.116924643516540527e-03,-3.611946851015090942e-02,1.809281064197421074e-03,-2.106307446956634521e-02,1.723943836987018585e-02,1.314457599073648453e-02,5.632916931062936783e-03,1.021235017105937004e-03,-2.646114863455295563e-02,5.188866052776575089e-04,4.466642066836357117e-02,-9.281247854232788086e-03,-1.841695979237556458e-02,2.812820114195346832e-02,-1.677636802196502686e-02
-5.588755477219820023e-03,-1.766983792185783386e-02,7.790792267769575119e-03,-3.333174064755439758e-02,-2.070684131467714906e-04,4.313046857714653015e-02,-2.074867300689220428e-02,5.843094084411859512e-03,-2.571831457316875458e-03,-1.853994466364383698e-02,-1.198737882077693939e-02,-1.112396642565727234e-02,-1.706745661795139313e-02,-4.822393413633108139e-03,-4.725343082100152969e-03,8.701056241989135742e-03,4.428168386220932007e-02,1.053497195243835449e-02,1.030071265995502472e-02,1.710761524736881256e-02,-2.831503661582246423e-05,6.043887697160243988e-03,9.838887490332126617e-03,6.298226304352283478e-03,-4.942869301885366440e-03,-1.394846290349960327e-02,4.146388266235589981e-03,-3.271597251296043396e-02,-7.857723161578178406e-03,-2.428264170885086060e-02,4.122962243854999542e-03,-1.202753745019435883e-02,5.655686836689710617e-03,-2.185973152518272400e-02,-3.276951983571052551e-02,4.879284650087356567e-03,-3.972366917878389359e-03,-4.260171204805374146e-03,1.134483888745307922e-02,-2.374719083309173584e-02,3.664483549073338509e-03,-3.701295703649520874e-03,9.484151378273963928e-03,-1.898168958723545074e-02,-7.262035738676786423e-03,8.118755184113979340e-03,4.039298277348279953e-03,-2.580867335200309753e-02,-2.204713970422744751e-02,1.104364916682243347e-02,5.310991313308477402e-03,5.478319246321916580e-03,-3.523258492350578308e-02,-1.851317100226879120e-02,9.858966805040836334e-03,1.631782762706279755e-02,-2.091600181302055717e-04,2.040063217282295227e-02,8.353014476597309113e-03,-1.212124153971672058e-02,1.521011698059737682e-03,1.662571169435977936e-02,6.973394774831831455e-04,1.760290749371051788e-02,1.459100283682346344e-03,2.233829000033438206e-04,-1.402878016233444214e-02,-2.369364723563194275e-03,-1.468470599502325058e-02,-2.355978451669216156e-02,2.319835498929023743e-02,1.835253648459911346e-02,2.205383265390992165e-03,3.356599947437644005e-03,3.673184663057327271e-02,-2.588899061083793640e-02,-5.578715819865465164e-03,1.042118854820728302e-02,-3.321461146697402000e-03,5.652340129017829895e-03,-1.080938987433910370e-02,-1.139169093221426010e-02,2.924056898336857557e-04,-1.113777107093483210e-04,9.792035445570945740e-03,1.167949568480253220e-02,1.210116222500801086e-02,1.103695575147867203e-02,-1.463116146624088287e-02,-2.011951990425586700e-02,1.692020893096923828e-02,1.860687509179115295e-02,1.487211417406797409e-02,1.890137232840061188e-02,-1.313859596848487854e-02,-1.045465469360351562e-02,-7.529760710895061493e-03,2.452359348535537720e-02,5.682459101080894470e-03,-1.087632123380899429e-02,8.647511713206768036e-03,1.724147796630859375e-02,-2.883396297693252563e-02,-2.337572397664189339e-03,-4.262179136276245117e-02,-3.833819553256034851e-02,-1.139169093221426010e-02,2.521633170545101166e-03,1.149208750575780869e-02,-2.392121218144893646e-02,-9.785342030227184296e-03,4.388009756803512573e-02,1.645169034600257874e-02,-3.052062913775444031e-02,2.590237557888031006e-02,-2.056126669049263000e-02,-1.034087128937244415e-02,-1.654539443552494049e-02,-1.623751036822795868e-02,-1.182674430310726166e-02,2.059807768091559410e-03,-7.877802476286888123e-03,1.309843733906745911e-02,-1.326576527208089828e-02,-1.078261714428663254e-02,2.904814295470714569e-02,-2.303772047162055969e-02,-9.316823445260524750e-03,-1.641153171658515930e-02,-8.332935161888599396e-03,3.207343444228172302e-02,1.441698148846626282e-02,5.926758050918579102e-03,1.501768943853676319e-03,1.717454753816127777e-02,2.272314392030239105e-03,9.966056793928146362e-03,3.697948995977640152e-03,-8.707749657332897186e-03,-1.709423027932643890e-02,4.558015149086713791e-03,1.772338338196277618e-02,-1.142850378528237343e-03,1.904862187802791595e-02,-8.854998275637626648e-03,2.404168806970119476e-02,4.998422414064407349e-02,2.626380510628223419e-02,2.275660866871476173e-03,-2.762585412710905075e-03,1.258306670933961868e-02,1.770330360159277916e-03,2.385428175330162048e-02,-8.261820767074823380e-04,1.688005030155181885e-02,1.315616536885499954e-04,-1.748243160545825958e-02,6.207869388163089752e-03,-2.131089568138122559e-02,-8.734522387385368347e-03,1.456423010677099228e-02,8.266003802418708801e-03,3.702634200453758240e-02,8.982167579233646393e-03,-2.098293276503682137e-03,4.026581346988677979e-02,-8.721136488020420074e-03,-2.167232334613800049e-02,-1.799110881984233856e-02,-2.749533951282501221e-02,6.786824204027652740e-03,4.039967432618141174e-02,-5.090118385851383209e-03,3.488454595208168030e-02,-1.214132085442543030e-02,-6.043887697160243988e-03,2.489840844646096230e-03,3.260888159275054932e-02,-2.003920264542102814e-02,2.228809054940938950e-03,-3.841851139441132545e-03,4.594827070832252502e-03,2.364010177552700043e-02,-4.491083789616823196e-03,-1.018023677170276642e-02,-3.544007427990436554e-03,2.888750843703746796e-02,-9.403834119439125061e-03,2.734139794483780861e-03,-9.109336882829666138e-03,2.354639768600463867e-02,2.495195344090461731e-02,-1.354018319398164749e-02,-2.575512789189815521e-02,-6.348291039466857910e-01,1.618898473680019379e-03,-7.161638932302594185e-04,-4.725343082100152969e-03,3.070803731679916382e-02,2.011951990425586700e-02,-9.243199601769447327e-03,-3.483769251033663750e-03,-1.445714011788368225e-02,2.128412388265132904e-02,-1.496581733226776123e-02,-4.139694850891828537e-03,1.976143801584839821e-03,-2.926232293248176575e-02,-5.391308572143316269e-03,-1.449729874730110168e-02,2.389444038271903992e-03,-7.088014855980873108e-03,-1.702729798853397369e-02,-8.868385106325149536e-03,9.450686164200305939e-03,3.172539174556732178e-03,1.541091012768447399e-03,4.993068054318428040e-03,1.284409873187541962e-02,1.409571152180433273e-02,6.371850613504648209e-03,-1.463116146624088287e-02,-1.179997157305479050e-02,3.145766630768775940e-02,-5.094803497195243835e-02,1.793756335973739624e-02,1.090978644788265228e-02,-5.384615622460842133e-03,3.571449220180511475e-02,-1.075584441423416138e-02,-3.799015283584594727e-02,3.657790366560220718e-03,2.861978299915790558e-02,6.867141462862491608e-03,-1.941004954278469086e-02,-1.291102916002273560e-02,-1.144523639231920242e-02,1.154563273303210735e-03,4.718650132417678833e-03,2.049433439970016479e-02,8.058517239987850189e-03,2.379404380917549133e-03,3.975713625550270081e-02,-4.845819436013698578e-03,1.714777387678623199e-02,-1.378782838582992554e-02,-1.930296048521995544e-02,-6.191136315464973450e-03,-9.745183400809764862e-03,3.487115725874900818e-03,1.750920340418815613e-02,-1.295118778944015503e-02,-1.184682361781597137e-02,7.437730091623961926e-04,1.380121428519487381e-02,4.919443745166063309e-03,-3.191279992461204529e-02,-1.020700857043266296e-02,-2.467084303498268127e-02,3.868623636662960052e-03,-1.678634621202945709e-02,6.428742315620183945e-03,-1.679554989095777273e-04,5.133623257279396057e-03,5.384615622460842133e-03,-1.175981294363737106e-02,-2.230147831141948700e-02,-3.301381599158048630e-03,2.606301195919513702e-02,2.467084303498268127e-02,4.025911912322044373e-03,-1.614380627870559692e-02,-2.787015400826931000e-02,-6.676387507468461990e-03,1.899507641792297363e-02,1.124444301240146160e-03,-4.663766548037528992e-02,-2.918200567364692688e-02,9.966056793928146362e-03,-3.607592079788446426e-03,-1.963761635124683380e-02,-3.151120990514755249e-02,-4.681837745010852814e-03,-8.667591027915477753e-03,1.625089719891548157e-02,1.653200760483741760e-02,-1.572883315384387970e-02,-6.264760624617338181e-03,1.380121428519487381e-02,1.060859579592943192e-02,-1.312520913779735565e-02,-7.328967098146677017e-03,9.196347557008266449e-03,1.223502401262521744e-02,5.007290747016668320e-04,-1.032079197466373444e-02,2.575512789189815521e-02,1.525194849818944931e-03,2.202036604285240173e-02,1.182005088776350021e-02,-9.531003423035144806e-03,1.042118854820728302e-02,7.944733835756778717e-03,-3.052062913775444031e-02,1.117751095443964005e-02,1.416264288127422333e-02,7.287135231308639050e-04,-2.056461293250322342e-03,-1.131137367337942123e-03,-2.915523387491703033e-02,4.641679115593433380e-03,2.655830234289169312e-02,4.630802723113447428e-04,-1.507290732115507126e-02,2.136444114148616791e-02,2.211407013237476349e-02,-2.795047126710414886e-02,-6.258067674934864044e-03,4.675144795328378677e-03,3.169192466884851456e-03,-1.292441599071025848e-02,-2.464406937360763550e-02,-1.706745661795139313e-02,-1.068891305476427078e-02,2.331883274018764496e-02,-1.319883391261100769e-02,5.136969964951276779e-03,2.782664960250258446e-03,2.132428251206874847e-02,-3.557393560186028481e-03,2.765597403049468994e-02,-1.947697997093200684e-02,2.993163466453552246e-02,-4.906894173473119736e-04,-1.465793419629335403e-02,-2.207391150295734406e-02,1.337787485681474209e-03,-2.222116105258464813e-02,5.163742695003747940e-03,-3.145766630768775940e-02,5.307644605636596680e-03,-2.187311835587024689e-02,-3.295692428946495056e-02,1.454917131923139095e-03,2.662523277103900909e-02,-1.645670970901846886e-03,-2.690634503960609436e-02,-4.990557790733873844e-04,2.438973076641559601e-02,-1.356695499271154404e-02,9.109336882829666138e-03,3.453650278970599174e-03,7.262035738676786423e-03,-2.641105279326438904e-02,1.622245064936578274e-03,2.315819635987281799e-02,-6.214562337845563889e-03,-5.869866814464330673e-03,5.193861667066812515e-03,-2.090930938720703125e-02,9.999522008001804352e-03,8.527035824954509735e-03,-1.037433650344610214e-02,-1.716116070747375488e-02,-4.012525547295808792e-03,2.045417577028274536e-02,-1.465793419629335403e-02,1.638475991785526276e-02,1.488550007343292236e-02,-1.336532441200688481e-04,-3.244824707508087158e-02,-9.972749976441264153e-04,-2.232155762612819672e-03,2.483147662132978439e-03,3.590859239920973778e-03,2.899459749460220337e-02,-1.267007738351821899e-02,-1.178658567368984222e-02,2.021322399377822876e-02,-1.976143801584839821e-03,-8.774681016802787781e-03,1.132475957274436951e-02,-4.256824497133493423e-03,2.093273447826504707e-03,9.979442693293094635e-03,5.575369577854871750e-03,-1.600994355976581573e-02,-1.074915193021297455e-02,-1.195349468616768718e-04,4.768178984522819519e-02,1.918248273432254791e-02,1.720131933689117432e-02,-3.070469014346599579e-03,2.974422834813594818e-02,1.935650408267974854e-02,-1.175981294363737106e-02,4.053353890776634216e-02,-2.307787910103797913e-02,5.364536307752132416e-03,-4.417459666728973389e-02,1.750920340418815613e-02,-1.385475974529981613e-03,4.299660772085189819e-02,-9.939284063875675201e-04,-1.393507700413465500e-02,-3.796337917447090149e-02,-2.126739127561450005e-03,-3.533967537805438042e-03,9.939284063875675201e-03,-1.311182323843240738e-02,-2.459721872583031654e-03,6.003729067742824554e-03,-2.243533916771411896e-02,-2.661184780299663544e-02,-2.042447595158591866e-04,-2.402830170467495918e-03,7.931347936391830444e-03,-3.594205714762210846e-03,-2.258258871734142303e-02,2.048094943165779114e-02,3.608930483460426331e-02,3.239470347762107849e-02,-7.121480070054531097e-03,-2.164555154740810394e-02,-1.773677021265029907e-02,-1.797102857381105423e-03,-1.415594946593046188e-03,3.258211165666580200e-02,-1.233207411132752895e-03,6.837022490799427032e-03,2.640435937792062759e-03,-2.418893761932849884e-02,5.930104758590459824e-03,-1.738872751593589783e-02,-1.070899330079555511e-02,-1.680809888057410717e-03,1.491227280348539352e-02,-6.780131254345178604e-03,2.236840873956680298e-02,2.950327470898628235e-02,2.540708519518375397e-02,-7.322273682802915573e-03,-3.784959670156240463e-03,-9.194674203172326088e-04,-5.110197700560092926e-03,7.469522301107645035e-03,-7.730554323643445969e-03,-5.384615622460842133e-03,2.120380662381649017e-02,-3.127025812864303589e-02,-1.669264212250709534e-02,2.797724306583404541e-02,2.263613417744636536e-02,4.120285063982009888e-02,1.618396490812301636e-02,1.021370198577642441e-02,1.864034100435674191e-03,5.093464627861976624e-03,4.691877402365207672e-03,-2.622364647686481476e-02,3.724721493199467659e-03,-2.969068288803100586e-02,-2.483147755265235901e-02,2.213749568909406662e-03,-1.180666498839855194e-02,-9.618014097213745117e-03,1.509968005120754242e-02,9.203040972352027893e-03,7.262035738676786423e-03,-8.192379958927631378e-03,-6.927379872649908066e-04,1.290433667600154877e-02,-1.263326499611139297e-03,9.062484838068485260e-03,-1.464454736560583115e-02,-3.611607849597930908e-02,1.578237861394882202e-02,9.577855467796325684e-03,9.771956130862236023e-03,-9.751876816153526306e-03,-2.220777422189712524e-02,2.166897756978869438e-03,-2.947650291025638580e-02,-1.169288158416748047e-02,-1.262489822693169117e-03,9.109336882829666138e-03,-2.006597444415092468e-02,8.647511713206768036e-03,-1.421618834137916565e-02,-2.861978299915790558e-02,2.189989015460014343e-02,-2.337237633764743805e-02,2.133766748011112213e-02,-8.908543735742568970e-03,-1.259645260870456696e-02,-6.900607142597436905e-03,1.894153095781803131e-02,1.714777387678623199e-02,3.975713625550270081e-02,4.157766327261924744e-02,4.691877402365207672e-03,2.786011435091495514e-03,-1.793756266124546528e-03,-4.705263767391443253e-03,-7.496295031160116196e-03,3.343213815242052078e-03,-1.764306612312793732e-02,6.294880062341690063e-03,5.418080836534500122e-03,2.108332933858036995e-03,-5.505091510713100433e-03,1.946359500288963318e-02,-8.274370338767766953e-04,-2.698666229844093323e-02,7.703781593590974808e-03,2.836209721863269806e-03,-2.539369836449623108e-02,1.433666422963142395e-02,8.770664781332015991e-02,2.153846248984336853e-02,-6.575990701094269753e-04,1.723478548228740692e-03,1.020700857043266296e-02,3.774920105934143066e-02,-2.509920112788677216e-02,-3.520581405609846115e-03,3.210020437836647034e-02,-4.153081215918064117e-03,5.334416870027780533e-03,-3.220729529857635498e-02,2.586221694946289062e-02,-1.082946918904781342e-02,1.692020893096923828e-02,8.600659668445587158e-03,-3.453650325536727905e-02,-4.012525547295808792e-03,1.900846138596534729e-02,6.462207995355129242e-03,1.686666347086429596e-02,2.346608042716979980e-02,4.698570817708969116e-03,2.835205942392349243e-02,9.956016438081860542e-04,-1.888798549771308899e-02,3.485777229070663452e-02,3.469713777303695679e-02,-5.682459101080894470e-03,-1.823206059634685516e-02,-1.758952066302299500e-02,1.664913725107908249e-03,-6.736625917255878448e-03,2.232825011014938354e-02,-1.258976012468338013e-02,1.484534144401550293e-02,1.345317251980304718e-02,2.167232334613800049e-02,-5.953530780971050262e-03,-1.766983792185783386e-02,1.840608194470405579e-02,-7.355739362537860870e-03,3.704642178490757942e-03,-2.056126669049263000e-02,6.913993507623672485e-03,-1.682650484144687653e-02,-1.700052618980407715e-02,4.581441171467304230e-03,-7.409284356981515884e-03,-2.638428099453449249e-02,3.185925260186195374e-02,-1.629105582833290100e-02,-2.073528803884983063e-02,3.547353902831673622e-03,-8.346321061253547668e-03,2.175264060497283936e-03,1.508043787907809019e-04,6.150977686047554016e-03,3.480422776192426682e-03,1.914232410490512848e-02,-1.860687509179115295e-02,-2.264951914548873901e-02,2.675909548997879028e-02,-4.122962243854999542e-03,-2.116364799439907074e-02,-2.541712485253810883e-03,-3.825787827372550964e-02,2.554094791412353516e-02,-7.723860908299684525e-03,-1.360711362212896347e-02,-2.800652582664042711e-04,-3.331500804051756859e-03,-1.833914965391159058e-02,-4.333795513957738876e-04,3.242147713899612427e-02,3.143089264631271362e-02,1.953052543103694916e-02,-1.145862229168415070e-02,-7.951427251100540161e-03,1.147200819104909897e-02,-6.820289883762598038e-03,-9.745183400809764862e-03,1.650690799579024315e-03,-3.654443845152854919e-02,-2.926148590631783009e-04,3.113639727234840393e-02,-8.888464421033859253e-03,-2.738824859261512756e-02,-4.139694850891828537e-03,1.048811990767717361e-02,2.141798660159111023e-02,-7.817564532160758972e-03,2.034708671271800995e-02,-1.899507641792297363e-02,1.658555306494235992e-02,-7.188411429524421692e-03,2.501888386905193329e-02,8.767987601459026337e-03,-1.362719293683767319e-02,-2.239518053829669952e-02,1.025386061519384384e-02,2.401157049462199211e-03,-2.218769397586584091e-03,-2.977100014686584473e-02,1.264330465346574783e-02,2.476454526185989380e-02,-3.078835457563400269e-02,2.291724458336830139e-02,-1.745565794408321381e-02,2.090930938720703125e-02,3.967681899666786194e-02,-1.756274886429309845e-02,3.357269242405891418e-02,-2.128412388265132904e-02,-1.898168958723545074e-02,3.148443996906280518e-02,3.794999327510595322e-03,2.026676945388317108e-02,3.161830082535743713e-02,-1.447052694857120514e-02,-6.228785496205091476e-04,-4.781565442681312561e-02,1.974470540881156921e-02,2.088253572583198547e-02,-2.856623753905296326e-02,-2.442989032715559006e-03,-5.187168135307729244e-04,-2.344265580177307129e-03,2.525983750820159912e-02,1.539417728781700134e-02,5.126930307596921921e-03,-1.197231933474540710e-03,-1.143854297697544098e-02,1.086293440312147141e-02,-2.998518012464046478e-02,-1.744227297604084015e-02,-2.345269359648227692e-02,2.504565753042697906e-02,-2.558110654354095459e-02,5.063345655798912048e-03,-2.197016729041934013e-03,4.682569851865991950e-05,-8.312855847179889679e-03,3.483769251033663750e-03,1.708084344863891602e-02,-5.386623367667198181e-02,8.158913813531398773e-03,4.822393413633108139e-03,5.450710305012762547e-04,3.116316907107830048e-02,1.205431018024682999e-02,-6.032175151631236076e-04,-2.368026040494441986e-02,-4.805660340934991837e-03,1.986518129706382751e-02,-5.046613048762083054e-03,-2.665200643241405487e-02,-7.871109992265701294e-03,1.584930904209613800e-02,7.221877109259366989e-03,3.389396145939826965e-02,-2.396137081086635590e-02,1.471147872507572174e-02,2.293063141405582428e-02,-1.052158512175083160e-02,1.200745813548564911e-02,-7.713821250945329666e-04,-6.826982833445072174e-03,-1.394846290349960327e-02,1.497920416295528412e-02,9.470765478909015656e-03,-7.502987980842590332e-03,2.931586839258670807e-02,-4.313716199249029160e-03,2.979777194559574127e-02,1.068222057074308395e-02,-5.883252713829278946e-03,-1.427307957783341408e-03,-3.325644356664270163e-04,-4.677152633666992188e-02,7.651073392480611801e-04,3.170865820720791817e-04,8.132141083478927612e-03,-6.833676248788833618e-03,-1.902184821665287018e-02,-6.753358524292707443e-03,3.400105237960815430e-02,-7.336287671932950616e-05,-1.181335770525038242e-03,9.905817918479442596e-03,1.086962781846523285e-02,3.434407408349215984e-04,3.252856433391571045e-02,2.153846248984336853e-02,2.370703220367431641e-02,-1.441698148846626282e-02,1.445714011788368225e-02,1.026055403053760529e-02,1.456423010677099228e-02,1.278385985642671585e-02,9.216426871716976166e-03,-3.818425349891185760e-03,-1.054835785180330276e-02,-2.231486327946186066e-02,-2.334560453891754150e-02,3.150786506012082100e-03,-1.689343713223934174e-02,1.618396490812301636e-02,7.636850699782371521e-03,2.829516772180795670e-03,-2.886073663830757141e-02,-1.218147948384284973e-02,-3.674941544886678457e-04,-9.162882342934608459e-03,2.590237557888031006e-02,1.091647986322641373e-02,-2.760242857038974762e-02,2.590237557888031006e-02,-2.333221770823001862e-02,-3.159152716398239136e-02,-1.528541441075503826e-03,-2.076205983757972717e-02,1.851317100226879120e-02,-1.800449448637664318e-03,2.396137220785021782e-03,1.212124153971672058e-02,9.497538208961486816e-03,-1.046804059296846390e-02,-1.138499844819307327e-02,2.074867300689220428e-02,-1.721470616757869720e-02,2.324186032637953758e-03,2.412200719118118286e-02,-1.965100131928920746e-02,-8.326241746544837952e-03,-1.345986500382423401e-02,5.541903898119926453e-03,8.876750944182276726e-04,-2.683941274881362915e-02,9.256585501134395599e-03,9.356982074677944183e-03,-9.410527534782886505e-03,-3.257876494899392128e-03,1.056174375116825104e-02,8.647511713206768036e-03,2.599607966840267181e-02,-2.245541894808411598e-03,-1.900846255011856556e-03,-1.997227221727371216e-02,2.240522066131234169e-03,-2.390782721340656281e-02,1.437682285904884338e-02,-8.861691690981388092e-03,-2.996844705194234848e-03,8.781374432146549225e-03,-6.820289883762598038e-03,-1.206769607961177826e-02,1.113567966967821121e-03,1.103026233613491058e-02,1.409571152180433273e-02,-1.792417652904987335e-02,4.340488463640213013e-03,-4.998924559913575649e-04,-1.882105506956577301e-02,8.895156905055046082e-03,1.491227280348539352e-02,-3.493808954954147339e-02,-1.311182323843240738e-02,-3.343883156776428223e-02,1.432327833026647568e-02,-2.861978299915790558e-02,-1.303150597959756851e-02,-1.139169093221426010e-02,1.267676986753940582e-02,1.617057994008064270e-02,-5.632260814309120178e-03,-5.153703037649393082e-03,6.030501797795295715e-03,-2.571496926248073578e-02,-2.160539291799068451e-02,1.285079121589660645e-02,6.432089023292064667e-03,1.987856812775135040e-02,-8.747908286750316620e-03,-1.740211248397827148e-02,-1.304489187896251678e-02,-1.571544632315635681e-02,1.894153095781803131e-02,9.663192904554307461e-04,-8.687670342624187469e-03,-3.748147562146186829e-02,-1.783047243952751160e-02,6.248028017580509186e-03,1.726825162768363953e-02,-8.714443072676658630e-03,3.667830023914575577e-03,2.325190044939517975e-02,2.752211131155490875e-02,-6.555911619216203690e-03,2.837883122265338898e-02,2.647965739015489817e-04,-6.221255753189325333e-03,-4.471004381775856018e-02,5.993689410388469696e-03,-3.812987124547362328e-04,-2.116364799439907074e-02,3.226084262132644653e-02,-1.783047243952751160e-02,-2.875364571809768677e-02,1.396352308802306652e-03,-2.730793086811900139e-03,3.940909355878829956e-02,1.354018319398164749e-02,-1.134483888745307922e-02,5.053305998444557190e-03,8.292776532471179962e-03,1.635798625648021698e-02,-1.043457444757223129e-02,-4.267533496022224426e-02,-1.364057976752519608e-02,-1.267676986753940582e-02,6.646268535405397415e-03,4.112253338098526001e-02,-3.764211013913154602e-02,-5.267485976219177246e-03,1.999904401600360870e-02,2.424582839012145996e-03,9.464072063565254211e-03,-1.591624133288860321e-02,-7.723860908299684525e-03,-3.530621062964200974e-03,3.902089316397905350e-03,6.324999034404754639e-03,-7.509681396186351776e-03,3.164507448673248291e-02,-1.242912467569112778e-02,-7.094707805663347244e-03,1.864703372120857239e-02,1.528708729892969131e-02,-9.671559557318687439e-03,-7.563226390630006790e-03,4.976334981620311737e-03,-4.086149856448173523e-03,-7.935530738905072212e-04,-2.202036604285240173e-02,1.619735173881053925e-02,-9.562795748934149742e-04,9.236506302841007710e-04,-1.170626748353242874e-02,-1.376105565577745438e-02,-1.080269645899534225e-02,2.313142456114292145e-02,1.188698224723339081e-02,-1.160587090998888016e-02,-2.920877747237682343e-02,-7.101400755345821381e-03,-3.469713777303695679e-02,-1.239565946161746979e-02,-1.639814488589763641e-02,1.804465241730213165e-02,1.746904477477073669e-02,2.274322323501110077e-02,1.222833152860403061e-02,1.107711438089609146e-02,6.381890270859003067e-03,8.826552657410502434e-04,-2.414877898991107941e-02,-2.080221846699714661e-02,-8.660897612571716309e-03,-7.757326588034629822e-03,-9.919204749166965485e-03,1.350002456456422806e-02,-9.203040972352027893e-03,-3.924845904111862183e-02,3.924845904111862183e-02,-1.515322457998991013e-02,-1.162093016318976879e-03,1.675957441329956055e-02,-2.809437457472085953e-03,-1.639814488589763641e-02,-2.765597403049468994e-02,3.159152809530496597e-03,2.069512940943241119e-02,1.317875459790229797e-02,2.454702043905854225e-03,-2.322512865066528320e-02,1.078261714428663254e-02,-1.170459436252713203e-03,9.443992748856544495e-03,-1.788401789963245392e-02,1.495243143290281296e-02,9.531003423035144806e-03,9.109336882829666138e-03,-2.263948088511824608e-03,6.033848039805889130e-03,-1.264999806880950928e-02,8.339628577232360840e-03,2.961705904453992844e-03,9.529330418445169926e-04,8.031744509935379028e-03,-1.104364916682243347e-02,-1.306497119367122650e-02,-1.853994466364383698e-02,-1.030740607529878616e-02,3.051644598599523306e-04,2.843237668275833130e-02,-1.991872675716876984e-02,1.776354201138019562e-02,-3.160826163366436958e-03,-1.256298739463090897e-02,-1.143184956163167953e-02,-4.273557569831609726e-03,4.360568244010210037e-03,-1.837930828332901001e-02,1.816512830555438995e-02,-1.092317234724760056e-02,-1.820528693497180939e-02,7.128173485398292542e-03,1.868719235062599182e-02,2.645121142268180847e-02,-1.043457444757223129e-02,-1.020031608641147614e-02,-1.033417787402868271e-02,7.516374345868825912e-03,-9.584548883140087128e-03,-2.082899026572704315e-02,-1.517999731004238129e-02,-5.053305998444557190e-03,-2.412870060652494431e-03,1.949036680161952972e-02,-1.540756318718194962e-02,-1.398862153291702271e-02,-3.598221763968467712e-02,3.828465007245540619e-03,-1.736195385456085205e-02,-5.695845466107130051e-03,2.274590134620666504e-01,-3.450303571298718452e-03,-1.137161161750555038e-02,2.022661082446575165e-02,1.084285555407404900e-03,3.410144941881299019e-03,1.587608270347118378e-02,7.556532975286245346e-03,-1.572883315384387970e-02,5.043266341090202332e-03,-2.034708671271800995e-02,1.152053358964622021e-03,-3.587512671947479248e-02,-2.606133930385112762e-04,1.611703447997570038e-02,-1.488550007343292236e-02,-1.343978568911552429e-02,-2.698666229844093323e-02,-2.157862111926078796e-02,-4.800305888056755066e-02,1.032748539000749588e-02,1.931634545326232910e-02,-1.299803983420133591e-02,-2.369364723563194275e-02,3.772242739796638489e-02,2.709375135600566864e-02,-6.535832304507493973e-03,4.357221536338329315e-03,1.352010387927293777e-02,7.650236599147319794e-03,-1.874073781073093414e-02,-5.076732020825147629e-03,4.119615536183118820e-03,-7.195104379206895828e-03,-3.734761103987693787e-02,6.227948702871799469e-03,4.580771550536155701e-02,2.138451905921101570e-03,-1.032413798384368420e-03,-9.363675490021705627e-03,6.110819056630134583e-03,2.740163542330265045e-02,-5.730984412366524339e-05,-1.918248273432254791e-02,-1.021370198577642441e-02,3.258211165666580200e-02,1.756944111548364162e-03,-1.665248349308967590e-02,-3.916814178228378296e-02,5.859827157109975815e-03,-4.516517743468284607e-02,-1.204761676490306854e-02,2.974422834813594818e-02,1.741549931466579437e-02,-3.707988886162638664e-03,-2.021322399377822876e-02,-1.120428368449211121e-02,1.915571093559265137e-02,-2.765597403049468994e-02,2.153846248984336853e-02,2.767605241388082504e-03,-3.681216388940811157e-03,-1.479179598391056061e-02,5.035904049873352051e-02,1.580915041267871857e-02,2.681264095008373260e-02,1.223502401262521744e-02,2.903141081333160400e-03,1.127121504396200180e-02,-2.904814295470714569e-02,-7.569919340312480927e-03,-2.453698031604290009e-02,2.504900330677628517e-03,4.762824624776840210e-02,-6.934072822332382202e-03,7.449442986398935318e-03,1.613042131066322327e-02,-4.504470154643058777e-03,9.182961657643318176e-03,6.935746059753000736e-04,-3.446957096457481384e-03,-7.663622964173555374e-03,-6.355118006467819214e-03,-8.004971779882907867e-03,-1.368743181228637695e-02,-2.441650442779064178e-02,-6.338384933769702911e-03,1.223502401262521744e-02,-2.752545755356550217e-03,2.480470389127731323e-02,9.363675490021705627e-03,-2.401491627097129822e-02,-1.422957424074411392e-02,-1.155609061243012547e-04,-4.902710672467947006e-03,-1.385475974529981613e-02,-2.800401672720909119e-02,3.459004685282707214e-02,-2.243533916771411896e-02,2.052110806107521057e-02,-1.425634697079658508e-02,-1.311433297814801335e-04,2.456375211477279663e-02,8.366400375962257385e-03,-2.106994390487670898e-02,7.268728688359260559e-03,1.112396642565727234e-02,2.596930786967277527e-02,-5.478319246321916580e-03,5.672419443726539612e-03,-2.172586880624294281e-02,-2.837883122265338898e-02,1.251613534986972809e-02,4.230052232742309570e-03,9.892432019114494324e-03,-4.383993800729513168e-04,-4.949562717229127884e-03,-1.020700857043266296e-02,3.774920105934143066e-02,-1.060859579592943192e-02,1.701391302049160004e-02,-2.036047354340553284e-02,-7.529760710895061493e-03,3.057417459785938263e-02,1.362886629067361355e-03,9.470765478909015656e-03,-1.815174333751201630e-02,-5.003107711672782898e-03,-2.469761483371257782e-02,-1.681311801075935364e-02,3.740115836262702942e-02,-5.517640965990722179e-04,7.683702278882265091e-03,-2.056126669049263000e-02,7.703781593590974808e-03,1.480518281459808350e-02,5.920065101236104965e-03,-1.263661123812198639e-02,-3.935554996132850647e-02,-1.285079121589660645e-02,8.747908286750316620e-03,-1.386814564466476440e-02,1.697375439107418060e-02,-1.339293457567691803e-02,1.198068540543317795e-02,-2.773629128932952881e-02,9.952669963240623474e-03,-3.674523206427693367e-03,1.258306670933961868e-02,1.276712748222053051e-03,-9.899125434458255768e-03,8.529545739293098450e-04,2.014629356563091278e-02,2.378734946250915527e-02,3.911459818482398987e-02,-2.402830170467495918e-03,-1.754936203360557556e-02,-2.744179405272006989e-02,-1.655877940356731415e-02,-1.535234507173299789e-03,-7.539130747318267822e-02,2.911507384851574898e-03,1.669264212250709534e-02,-2.287708595395088196e-02,-1.095663849264383316e-02,-1.859348826110363007e-02,-1.702729910612106323e-01,5.672419443726539612e-03,2.701343409717082977e-02,-2.548740245401859283e-02,2.787015400826931000e-02,-3.140412271022796631e-02,1.127790845930576324e-02,-5.655686836689710617e-03,2.038055099546909332e-03,-6.659654900431632996e-03,-7.416814332827925682e-04,3.670758160296827555e-04,-1.117751095443964005e-02,-2.339245518669486046e-03,-2.770951949059963226e-02,1.260983943939208984e-02,-3.761533647775650024e-02,2.953339368104934692e-03,1.606348901987075806e-02,1.800449378788471222e-02,2.682602778077125549e-02,-1.685327664017677307e-02,9.243199601769447327e-03,-1.390830427408218384e-02,2.445666305720806122e-02,-8.948702365159988403e-03,-1.268346328288316727e-02,1.206769607961177826e-02,-3.052062913775444031e-02,-3.491131588816642761e-02,-3.047043224796652794e-03,1.426973287016153336e-02,3.464359045028686523e-02,-9.075871668756008148e-03,3.670507296919822693e-02,9.303437545895576477e-03,-2.001243084669113159e-02,-5.575369577854871750e-03,-2.191327698528766632e-02,5.843094084411859512e-03,3.011904284358024597e-02,3.143089264631271362e-02,1.271023601293563843e-02,-4.079456906765699387e-03,2.377396449446678162e-02,2.859301120042800903e-02,4.564708098769187927e-03,-1.666587032377719879e-02,2.519290521740913391e-02,2.232155762612819672e-03,1.635798625648021698e-02,-1.583592407405376434e-02,2.603623829782009125e-02,1.496581733226776123e-02,-4.491083789616823196e-03,1.184013020247220993e-02,-3.371659433469176292e-03,4.005832597613334656e-03,-2.928909473121166229e-02,-4.424152895808219910e-03,-1.397523563355207443e-02,-4.504470154643058777e-03,1.179327815771102905e-02,9.618014097213745117e-03,1.654539443552494049e-02,-2.469761483371257782e-02,-1.748243160545825958e-02,-1.599655859172344208e-02,-1.935650408267974854e-02,2.123057842254638672e-02,1.000621472485363483e-03,-2.580867335200309753e-02,-3.497155383229255676e-03,-3.252856433391571045e-02,2.066835574805736542e-02,-8.199072442948818207e-03,-2.634412236511707306e-02,2.602285332977771759e-02,-1.877420349046587944e-03,-1.665750402025878429e-03,-2.113687433302402496e-02,2.045417577028274536e-02,-2.744179405272006989e-02,-1.995888538658618927e-02,-2.022661082446575165e-02,1.294449530541896820e-02,1.091647986322641373e-02,-1.174642611294984818e-02,5.458239931613206863e-03,-1.021370198577642441e-02,1.114404574036598206e-02,-2.995840832591056824e-02,4.681837745010852814e-03,-2.765597403049468994e-02,1.651862077414989471e-02,5.160395987331867218e-03,2.700674114748835564e-03,1.637137308716773987e-02,1.106038223952054977e-03,-1.614380627870559692e-02,-6.672204472124576569e-04,-3.825118299573659897e-03,-2.290385775268077850e-02,-2.613663673400878906e-03,3.022613190114498138e-02,-1.358703430742025375e-02,1.777692884206771851e-02,4.521202761679887772e-03,4.104221612215042114e-02,-1.357364840805530548e-02,2.496534027159214020e-02,9.658172726631164551e-03,1.358034182339906693e-02,9.470765478909015656e-03,2.392121218144893646e-02,2.210068330168724060e-02,5.197207909077405930e-03,1.193048781715333462e-03,8.741215802729129791e-03,9.671559557318687439e-03,5.525840446352958679e-02,-2.226131968200206757e-02,1.575560495257377625e-02,-6.766744889318943024e-03,-1.931634545326232910e-02,-3.459004685282707214e-02,-1.113735288381576538e-01,-3.239470347762107849e-02,3.378687426447868347e-02,3.694602474570274353e-02,3.116316907107830048e-02,4.149734508246183395e-03,2.859635744243860245e-03,1.745565794408321381e-02,-2.473777346312999725e-02,6.669694557785987854e-03,1.427307957783341408e-03,-1.120428368449211121e-02,-1.064206194132566452e-02,-2.451355336233973503e-03,-1.005306746810674667e-02,-1.188028883188962936e-02,-1.183343678712844849e-02,-1.373428292572498322e-02,-3.483099862933158875e-02,2.007936127483844757e-02,1.045465469360351562e-02,9.136109612882137299e-03,-2.536692656576633453e-02,-1.451068557798862457e-02,8.419945836067199707e-03,1.292608911171555519e-03,-1.501936279237270355e-02,1.475163735449314117e-02,2.422909624874591827e-02,1.151216775178909302e-02,-2.670555002987384796e-02,-5.792895797640085220e-03,-6.291533354669809341e-03,1.033417787402868271e-02,-3.667830023914575577e-03,-1.697375439107418060e-02,-2.070851437747478485e-02,-4.082803614437580109e-03,-9.336902876384556293e-04,-1.894153095781803131e-02,6.321652326732873917e-03,8.138834498822689056e-03,-1.627264893613755703e-03,-2.287708595395088196e-02,6.184443365782499313e-03,-5.605488549917936325e-03,-2.421570941805839539e-02,1.912893913686275482e-02,2.726777270436286926e-02,1.060859579592943192e-02,-1.856671646237373352e-02,2.709040418267250061e-03,-1.459100283682346344e-02,-1.155232638120651245e-02,1.356026250869035721e-02,-4.795620683580636978e-03,4.377300851047039032e-03,1.146531570702791214e-02,-2.231486327946186066e-02,3.962327167391777039e-02,-1.430989149957895279e-02,3.493808908388018608e-03,-8.962088264524936676e-03,1.215470675379037857e-02,-2.538366010412573814e-03,-1.039441581815481186e-02,1.558158453553915024e-02,-2.181957289576530457e-02,1.670602895319461823e-02,-1.476502418518066406e-02,5.518477875739336014e-03,1.410909835249185562e-02,-7.998279295861721039e-03,1.768322475254535675e-02,-3.035999462008476257e-02,1.939666271209716797e-02,-1.638475991785526276e-02,-1.789740473031997681e-02,6.693120580166578293e-03,-2.090930938720703125e-02,-4.139025881886482239e-02,-1.223502401262521744e-02,-6.110819056630134583e-03,-1.911555230617523193e-02,6.837022490799427032e-03,1.108380779623985291e-02,-2.101639751344919205e-03,-2.908160910010337830e-03,1.753597520291805267e-02,-2.686618641018867493e-02,-2.007936127483844757e-03,2.487163618206977844e-02,1.930296048521995544e-02,4.480207571759819984e-04,-1.401539426296949387e-02,-1.055505126714706421e-02,-4.002485889941453934e-03,-1.481856871396303177e-02,-8.975474163889884949e-03,9.879046119749546051e-03,-1.906200684607028961e-02,-2.735812915489077568e-03,-3.678539022803306580e-02,9.203040972352027893e-03,-2.495195344090461731e-02,-5.635607521981000900e-03,1.590285450220108032e-02,-1.368743181228637695e-02,-3.617631737142801285e-03,-2.066835574805736542e-02,-2.942295745015144348e-02,-1.402878016233444214e-02,-4.436200112104415894e-02,1.304489187896251678e-02,-1.928957365453243256e-02,-1.908878050744533539e-02,1.194722019135951996e-02,2.186977071687579155e-03,2.716068364679813385e-02,1.374766975641250610e-02,3.694602521136403084e-03,3.081512637436389923e-02,2.078883163630962372e-02,3.496486321091651917e-02,1.026724651455879211e-02,1.424296014010906219e-02,-1.797772198915481567e-02,3.070803731679916382e-02,1.280393917113542557e-02,3.780567203648388386e-05,-2.979777194559574127e-02,7.274585659615695477e-04,6.432089023292064667e-03,-3.975713625550270081e-03,1.245589740574359894e-02,2.341253496706485748e-02,2.233828883618116379e-03,-1.369412429630756378e-02,-1.045465469360351562e-02,3.635703027248382568e-02,1.513983868062496185e-02,6.088062375783920288e-02,-1.115241204388439655e-03,-1.702729798853397369e-02,1.738872751593589783e-02,-1.259645260870456696e-02,-2.822823589667677879e-03,3.013995883520692587e-04,-1.922264136373996735e-02,4.899364337325096130e-02,2.667877823114395142e-02,-1.571544632315635681e-02,-1.790409791283309460e-03,3.903427720069885254e-02,1.827221945859491825e-03,-2.915523387491703033e-02,-1.841946691274642944e-02,-2.677248232066631317e-02,1.109719369560480118e-02,3.436917439103126526e-03,5.819668527692556381e-03,-3.199311718344688416e-02,1.295118778944015503e-02,2.326528728008270264e-02,5.411387886852025986e-03,9.992828592658042908e-03,2.562126517295837402e-02,-7.021083496510982513e-03,6.586030591279268265e-03,3.046708554029464722e-02,1.405555289238691330e-02,-1.109050028026103973e-02,-3.861930454149842262e-03,5.116890650242567062e-03,9.885738603770732880e-03,-1.121934270486235619e-03,-8.038437925279140472e-03,-7.128173485398292542e-03,2.303772047162055969e-02,1.468470599502325058e-02,-1.173973362892866135e-02,1.171965431421995163e-02,2.787015400826931000e-02,-2.052110806107521057e-02,-1.969115994870662689e-02,5.729311145842075348e-03,9.999522008001804352e-03,2.909834263846278191e-03,-7.790792267769575119e-03,-2.889754716306924820e-03,-1.022039540112018585e-02,8.814839646220207214e-03,1.305827777832746506e-02,1.214801333844661713e-02,-6.428742315620183945e-03,-1.485036103986203671e-03,-5.401348229497671127e-03,1.870057918131351471e-02,-1.449729874730110168e-02,1.105034165084362030e-02,3.117320826277136803e-03,2.101639844477176666e-02,-8.921929635107517242e-03,4.685184452682733536e-03,1.334608253091573715e-02,1.163933705538511276e-02,-2.835205942392349243e-02,2.214084193110466003e-02,-2.525983750820159912e-02,-2.123057842254638672e-02,-3.282306343317031860e-02,9.698331356048583984e-03,1.625089719891548157e-02,1.132475957274436951e-02,2.691973000764846802e-02,9.972749277949333191e-03,-1.499259006232023239e-02,6.171057000756263733e-03,5.141153233125805855e-04,1.468470599502325058e-02,-1.179997157305479050e-02,4.139025881886482239e-02,1.300473324954509735e-02,-1.850647851824760437e-03,2.155184745788574219e-02,-1.708084344863891602e-02,2.119041979312896729e-02,6.509059574455022812e-03,3.037003334611654282e-03,-3.223406895995140076e-02,1.113735232502222061e-02,-4.497777204960584641e-03,2.101639844477176666e-02,-2.015967853367328644e-02,-9.805421344935894012e-03,-1.621073856949806213e-02,1.115073915570974350e-02,6.927379872649908066e-03,-1.584930904209613800e-02,4.195247963070869446e-02,-1.396184973418712616e-02,3.212697803974151611e-02,-7.680355920456349850e-04,-2.990486286580562592e-02,3.440263913944363594e-03,8.261820767074823380e-04,5.434813909232616425e-03,3.912128973752260208e-03,-1.552804000675678253e-02,-9.778649546205997467e-03,-2.198020741343498230e-02,2.018645219504833221e-02,-8.553807623684406281e-03,3.932877629995346069e-02,-2.461729757487773895e-02,-2.646459825336933136e-02,-4.778888076543807983e-03,-5.431467201560735703e-03,1.655877940356731415e-02,8.982167579233646393e-03,-9.932590648531913757e-03,1.764306612312793732e-02,4.450925160199403763e-03,-3.523927880451083183e-03,-6.244681309908628464e-03,-2.803078852593898773e-02,-2.286369912326335907e-02,4.491083789616823196e-03,-8.948702365159988403e-03,1.124444231390953064e-02,-2.931586839258670807e-02,-8.614046499133110046e-03,2.503227069973945618e-02,-4.248793050646781921e-02,-3.758856654167175293e-02,-6.227948702871799469e-03,-1.327915117144584656e-02,-4.343835171312093735e-03,-1.283071190118789673e-02,1.663909852504730225e-02,-2.211407013237476349e-02,-4.792274441570043564e-03,9.892432019114494324e-03,-2.832528576254844666e-02,-9.343596175312995911e-03,2.381412312388420105e-02,-1.631448103580623865e-04,-2.169909700751304626e-02,1.961084268987178802e-02,-2.127073705196380615e-02
-2.051719091832637787e-02,-3.709700703620910645e-02,-7.653769105672836304e-03,-1.862885802984237671e-02,-1.720926165580749512e-02,2.382511831820011139e-02,-1.560217142105102539e-02,6.271001417189836502e-03,-1.295047160238027573e-02,-2.154840715229511261e-02,5.202118773013353348e-04,1.400847360491752625e-02,-4.004334285855293274e-02,-1.616465300321578979e-02,1.033225376158952713e-02,4.858100786805152893e-03,2.426706813275814056e-02,1.991453208029270172e-02,-2.299478836357593536e-02,-8.745251223444938660e-03,-8.611327037215232849e-03,6.197343114763498306e-03,3.109720349311828613e-02,5.407190416008234024e-03,-7.205123081803321838e-03,1.010458264499902725e-02,5.437323357909917831e-03,-3.294535726308822632e-02,-1.027868408709764481e-02,-6.528805475682020187e-03,-1.407543569803237915e-02,-1.441024616360664368e-02,-2.718661539256572723e-02,-1.005101297050714493e-02,-2.156179957091808319e-02,-4.663910716772079468e-03,1.194604020565748215e-02,-1.088803913444280624e-02,5.022158380597829819e-03,-2.366440929472446442e-02,8.624719455838203430e-03,-1.609769091010093689e-02,4.041163250803947449e-03,4.881537519395351410e-03,-1.282324432395398617e-03,2.030291222035884857e-02,-7.827870547771453857e-03,-3.053472191095352173e-02,-1.824047788977622986e-02,-1.849493384361267090e-02,1.045278552919626236e-02,9.421568363904953003e-03,-2.239212952554225922e-02,-1.978060789406299591e-02,1.643250137567520142e-02,2.937962533906102180e-03,4.314871039241552353e-04,-4.901626612991094589e-03,1.798602193593978882e-02,-1.105544436722993851e-02,1.406204327940940857e-02,2.120020426809787750e-02,-1.287681329995393753e-02,8.698377758264541626e-03,2.005515154451131821e-03,-1.967011950910091400e-03,-2.553934790194034576e-02,4.724176600575447083e-03,-1.722265407443046570e-02,-1.455756276845932007e-02,3.640060126781463623e-02,1.696819812059402466e-02,1.087464671581983566e-02,-1.718519706628285348e-05,2.038326673209667206e-02,-2.999902516603469849e-02,6.672773975878953934e-03,-1.266253460198640823e-02,-9.468441829085350037e-03,-7.010933011770248413e-03,-6.528805475682020187e-03,-1.214692648500204086e-02,-1.261566113680601120e-02,6.281045731157064438e-03,6.957363337278366089e-03,3.107041819021105766e-03,-2.509405137971043587e-03,2.272693999111652374e-02,1.108892541378736496e-02,-2.655717171728610992e-02,2.898120135068893433e-02,9.950569830834865570e-03,1.174515392631292343e-02,2.758838981389999390e-02,-1.820030063390731812e-02,-1.810655370354652405e-02,-2.263319306075572968e-02,1.264914218336343765e-02,1.108892541378736496e-02,-2.820444107055664062e-02,1.055992487818002701e-02,2.713639521971344948e-03,-8.845694363117218018e-03,-5.926146637648344040e-03,-3.910587355494499207e-02,-3.629346191883087158e-02,-5.980553105473518372e-04,-1.495933532714843750e-02,1.690123602747917175e-02,-3.420089837163686752e-03,-3.373216139152646065e-03,6.128372251987457275e-02,9.495226666331291199e-03,-1.628518477082252502e-02,1.289020571857690811e-02,-1.147060934454202652e-02,-1.212014164775609970e-02,3.602561540901660919e-03,1.806302927434444427e-03,-9.876911528408527374e-03,-7.593503221869468689e-03,1.386115700006484985e-02,1.707533746957778931e-02,-1.358661148697137833e-02,2.496347390115261078e-02,2.429385297000408173e-02,-2.777588367462158203e-02,-7.238604128360748291e-03,-1.438346132636070251e-02,-8.202858269214630127e-03,3.208824247121810913e-02,-1.481536659412086010e-03,1.064697559922933578e-02,1.907080784440040588e-02,9.957266040146350861e-03,1.886992156505584717e-02,1.047957036644220352e-02,2.470901934430003166e-03,-2.132073603570461273e-02,-2.946332842111587524e-02,9.535403922200202942e-03,1.404865086078643799e-02,-2.169572282582521439e-03,-1.196947647258639336e-03,3.478681668639183044e-03,6.127032916992902756e-03,3.865052759647369385e-02,3.157933056354522705e-02,-5.115905310958623886e-03,-6.789957638829946518e-03,1.165140699595212936e-02,1.582984253764152527e-02,2.539203129708766937e-02,-1.957972161471843719e-02,2.823122590780258179e-02,-7.754212245345115662e-03,-1.001083571463823318e-02,1.974043063819408417e-02,-9.361302480101585388e-03,-2.315549738705158234e-02,5.223044659942388535e-03,1.362678874284029007e-02,2.203053422272205353e-02,1.232772413641214371e-02,9.073365479707717896e-03,3.830232471227645874e-02,3.867061808705329895e-03,4.650518298149108887e-03,-1.157105248421430588e-02,-1.369375176727771759e-02,9.173808619379997253e-03,2.208410389721393585e-02,-3.112398833036422729e-02,4.143615439534187317e-02,2.924570115283131599e-03,1.095500122755765915e-02,-1.921812538057565689e-03,1.466470211744308472e-02,-3.822197020053863525e-02,1.288350950926542282e-02,-4.197185114026069641e-02,7.935009896755218506e-03,1.249512936919927597e-02,1.536110788583755493e-02,1.193599542602896690e-03,-1.284333225339651108e-02,1.419596746563911438e-02,8.135896176099777222e-03,-4.232005216181278229e-03,-2.537864027544856071e-03,1.712555997073650360e-03,7.004236802458763123e-03,4.007682204246520996e-03,-1.097508985549211502e-02,-6.368364691734313965e-01,-1.712890714406967163e-02,8.222946897149085999e-03,-7.325654849410057068e-03,5.225722864270210266e-02,1.581645011901855469e-02,1.305761095136404037e-02,1.248843385837972164e-03,-1.299064885824918747e-02,-7.566718268208205700e-04,-9.522011503577232361e-03,5.947072058916091919e-04,-1.000413950532674789e-02,-1.828065514564514160e-02,-8.082326501607894897e-03,-1.905741542577743530e-02,-5.648253951221704483e-03,-1.366696599870920181e-02,-2.480276487767696381e-02,-1.403525844216346741e-02,-9.388087317347526550e-03,4.439587704837322235e-03,-6.843527778983116150e-03,-1.765121147036552429e-02,2.225820533931255341e-02,2.587415836751461029e-02,-3.873758018016815186e-03,-4.921715240925550461e-03,-8.256427943706512451e-03,-4.657214507460594177e-03,-2.989188581705093384e-02,1.645928621292114258e-02,-7.988579571247100830e-03,-1.065367180854082108e-02,3.728450089693069458e-02,-1.520039886236190796e-02,-2.616879157721996307e-02,3.090970963239669800e-02,2.421349845826625824e-02,2.276711724698543549e-02,-2.024934254586696625e-02,8.564453572034835815e-03,-2.670637150004040450e-05,-1.532093062996864319e-02,-1.854850351810455322e-02,2.085200138390064240e-02,1.225406583398580551e-02,-9.120238944888114929e-03,4.237362369894981384e-02,-1.707533746957778931e-02,1.730300858616828918e-02,1.141034346073865891e-02,-8.932745084166526794e-03,-1.068254860001616180e-04,1.539291464723646641e-03,-3.269424894824624062e-03,1.852171868085861206e-02,-2.817765623331069946e-02,8.323390036821365356e-03,-1.133668515831232071e-02,4.386018030345439911e-03,1.390133425593376160e-02,-2.741428837180137634e-02,-2.261980064213275909e-02,-6.622552406042814255e-03,1.507986709475517273e-02,-1.046617794781923294e-02,-1.128981169313192368e-02,2.642324753105640411e-02,1.801280677318572998e-02,9.689416736364364624e-03,3.080256981775164604e-03,1.580933603690937161e-04,9.167112410068511963e-03,2.895441651344299316e-02,2.670448832213878632e-02,-1.678070425987243652e-02,-3.024008870124816895e-02,-3.294535679742693901e-03,1.994131691753864288e-02,2.239212952554225922e-02,-2.195017971098423004e-02,-2.615539915859699249e-02,-1.506647467613220215e-02,9.234074503183364868e-03,-2.573019126430153847e-03,-3.361497819423675537e-02,-2.662413381040096283e-02,1.478523388504981995e-02,-7.238604128360748291e-03,-1.252861041575670242e-02,3.125791251659393311e-02,-6.970755755901336670e-03,-1.445042341947555542e-02,9.468441829085350037e-03,1.469148695468902588e-02,-1.238129381090402603e-02,8.082326501607894897e-03,2.107967250049114227e-02,-1.742354035377502441e-02,1.988774724304676056e-02,4.834664054214954376e-03,1.751728728413581848e-02,4.442935809493064880e-03,2.182964794337749481e-02,2.997224032878875732e-02,-2.517775259912014008e-02,2.051719091832637787e-02,2.078503929078578949e-02,-3.340069949626922607e-02,3.415067447349429131e-03,6.840179674327373505e-03,5.788874346762895584e-03,3.645249817054718733e-04,-2.683506580069661140e-03,-1.960650645196437836e-02,-5.115905310958623886e-03,8.102415129542350769e-03,-1.072733011096715927e-02,-9.783164598047733307e-03,-3.502118401229381561e-03,2.962403744459152222e-02,-1.960650645196437836e-02,-2.465544827282428741e-02,-6.632596720010042191e-03,2.441438473761081696e-02,-1.957972161471843719e-02,-3.591847419738769531e-02,-1.746371760964393616e-02,-6.923882290720939636e-03,9.930481202900409698e-03,-3.796751610934734344e-03,9.441656991839408875e-03,-4.309011623263359070e-03,3.353462368249893188e-02,-8.845694363117218018e-03,2.168233133852481842e-02,-1.806637644767761230e-02,1.126972306519746780e-02,-1.509325951337814331e-02,-2.409296669065952301e-02,-2.659651217982172966e-04,-9.282622486352920532e-04,-7.191730663180351257e-03,1.270940806716680527e-02,-7.707338780164718628e-03,-9.555492550134658813e-03,-1.648607105016708374e-02,-3.407032042741775513e-02,1.569591835141181946e-02,1.679409667849540710e-02,-2.165554650127887726e-02,-3.615953773260116577e-02,-1.093156402930617332e-03,4.154998809099197388e-03,-1.842797175049781799e-02,-1.171167287975549698e-02,-1.730300858616828918e-02,1.107553299516439438e-02,-2.407957427203655243e-02,2.576701901853084564e-02,-1.208666013553738594e-03,-2.232516743242740631e-02,-1.098178606480360031e-02,-1.210674922913312912e-02,-7.285477593541145325e-03,-1.475844904780387878e-02,-1.606253557838499546e-03,-4.106116667389869690e-02,-1.501290500164031982e-02,1.387454941868782043e-02,3.026687353849411011e-02,8.822258096188306808e-04,5.537766497582197189e-03,8.597934618592262268e-03,2.082521654665470123e-02,-2.197696454823017120e-02,-2.480276487767696381e-02,-2.267337031662464142e-02,3.080256981775164604e-03,5.618121009320020676e-03,-4.292271099984645844e-03,-2.394565008580684662e-02,-1.732979342341423035e-02,1.402186602354049683e-02,-7.352439686655998230e-03,-2.401261217892169952e-02,8.859086781740188599e-03,-5.296702962368726730e-03,1.589680463075637817e-02,-1.396829634904861450e-02,1.183220464736223221e-02,-1.021172199398279190e-02,1.303082611411809921e-02,-1.003762055188417435e-02,3.514171391725540161e-02,-1.582984253764152527e-02,2.457509376108646393e-02,7.948402315378189087e-03,1.683427393436431885e-02,8.484099060297012329e-03,3.155589336529374123e-03,2.631610818207263947e-02,-1.769138872623443604e-02,3.444530814886093140e-02,-1.707533746957778931e-02,1.853511109948158264e-02,-2.235195226967334747e-02,1.758424937725067139e-02,2.825801027938723564e-03,1.441024616360664368e-02,-3.950764611363410950e-02,-1.002422813326120377e-02,-1.588341221213340759e-02,1.501290500164031982e-02,9.575581178069114685e-03,4.148302599787712097e-03,-3.773314878344535828e-03,-1.850832626223564148e-02,-3.010616451501846313e-02,-5.423930939286947250e-03,1.418257504701614380e-02,8.551061153411865234e-03,-2.165554650127887726e-02,-1.576288044452667236e-02,2.216445840895175934e-02,1.330537069588899612e-02,4.288922995328903198e-03,9.059973061084747314e-03,-5.387101788073778152e-03,-1.672713458538055420e-02,-1.557538658380508423e-02,-3.063516458496451378e-03,1.964668370783329010e-02,-8.812213316559791565e-03,-2.892763167619705200e-02,2.020581625401973724e-03,-1.084786187857389450e-02,9.615758433938026428e-03,-1.636553928256034851e-02,4.831315949559211731e-03,-7.726799958618357778e-05,1.045948173850774765e-02,-1.143043208867311478e-02,1.766460388898849487e-02,5.641557741910219193e-03,1.703516021370887756e-02,1.764451619237661362e-03,-2.649020962417125702e-02,1.021841820329427719e-02,-1.623161509633064270e-02,1.160453353077173233e-02,-1.495933532714843750e-02,-4.392714239656925201e-03,1.790566742420196533e-02,-1.573609537445008755e-03,5.079076159745454788e-03,2.683841250836849213e-02,3.889159113168716431e-02,3.562384098768234253e-02,1.227415446192026138e-02,8.798820897936820984e-03,2.023595012724399567e-02,1.051305141299962997e-02,1.577627286314964294e-02,4.583556205034255981e-03,2.139439340680837631e-03,-1.588341221213340759e-02,-2.192339487373828888e-02,-1.212014164775609970e-02,5.885969381779432297e-03,-1.303752232342958450e-02,-1.395322964526712894e-03,1.886657439172267914e-03,-2.251266129314899445e-02,-7.361646858043968678e-04,9.950569830834865570e-03,1.290359813719987869e-02,1.831413712352514267e-03,7.459579035639762878e-03,7.111376151442527771e-03,-3.998977318406105042e-02,1.019163336604833603e-02,-7.805270724929869175e-04,-8.289908990263938904e-03,-2.475924091413617134e-03,-1.566913351416587830e-02,2.858968218788504601e-05,-3.249001502990722656e-02,-7.546629756689071655e-03,-2.745446516200900078e-03,3.540956228971481323e-02,-3.599213436245918274e-03,8.651504293084144592e-03,-1.319153513759374619e-02,2.509405137971043587e-03,2.508400566875934601e-02,-2.424028329551219940e-02,1.376741006970405579e-02,-1.346775447018444538e-03,-3.423102945089340210e-02,-4.051207564771175385e-03,-1.178533118218183517e-02,-1.877617463469505310e-02,4.325752332806587219e-02,1.368705555796623230e-02,5.470804404467344284e-03,1.384776458144187927e-02,2.646677428856492043e-03,-2.249926887452602386e-02,-1.351964939385652542e-02,9.307732805609703064e-03,-1.870921254158020020e-02,-1.355982664972543716e-02,3.339735092595219612e-03,-6.100248079746961594e-03,-5.246481392532587051e-03,1.507986709475517273e-02,1.932526379823684692e-02,-1.732979342341423035e-02,-1.270606066100299358e-03,-2.640985511243343353e-02,-1.450399309396743774e-02,8.350174874067306519e-03,1.014609858393669128e-01,2.093235589563846588e-02,1.039251964539289474e-02,-7.211819291114807129e-03,-1.242147106677293777e-02,3.476672619581222534e-02,-4.747613333165645599e-03,-1.203978713601827621e-02,3.185722278431057930e-03,7.031021639704704285e-03,-1.898375805467367172e-03,4.486461170017719269e-03,4.493157379329204559e-03,-5.503448192030191422e-04,2.410635910928249359e-02,2.868656814098358154e-02,-3.846303373575210571e-02,-1.959311403334140778e-02,1.439685374498367310e-02,-8.591238409280776978e-03,2.276711724698543549e-02,-6.565634626895189285e-03,-5.474152509123086929e-03,2.454830892384052277e-02,-9.332843910669907928e-05,-2.703929878771305084e-02,3.763270378112792969e-02,1.118936855345964432e-02,-2.310192678123712540e-03,-3.562384098768234253e-02,-1.739340834319591522e-03,-3.565732389688491821e-03,3.100345609709620476e-03,1.205987576395273209e-02,-1.983417756855487823e-02,3.609257750213146210e-03,1.121615339070558548e-02,2.796337753534317017e-02,4.121517762541770935e-03,-7.560022175312042236e-03,2.454830892384052277e-02,9.495226666331291199e-03,-2.278385683894157410e-03,-2.670448832213878632e-02,1.049965899437665939e-02,-2.358405478298664093e-02,-2.019577287137508392e-02,4.288922995328903198e-03,-1.995470840483903885e-03,-9.455049410462379456e-03,4.786451533436775208e-02,-2.890084683895111084e-02,-1.984756998717784882e-02,-8.391189039684832096e-04,5.062335636466741562e-03,-5.976368207484483719e-03,1.840118691325187683e-02,1.655303314328193665e-02,-6.518761161714792252e-03,1.524057611823081970e-02,-4.473068751394748688e-03,-1.613786816596984863e-02,-1.275628153234720230e-02,-1.915116235613822937e-02,-2.074486203491687775e-02,-7.365832105278968811e-03,-3.444530814886093140e-02,2.793659269809722900e-02,-3.800099715590476990e-03,-1.415579020977020264e-02,3.287839470431208611e-03,-2.044018357992172241e-03,-7.178338244557380676e-03,6.997540593147277832e-03,1.730300858616828918e-02,1.279645878821611404e-02,1.285002846270799637e-02,-5.048943217843770981e-03,3.174003958702087402e-02,-7.037717849016189575e-03,2.313540782779455185e-03,-6.153817754238843918e-03,-7.379224523901939392e-03,-1.505308225750923157e-02,-1.085455808788537979e-02,-3.405023133382201195e-03,9.006403386592864990e-03,-7.499756291508674622e-03,-3.254358423873782158e-03,1.395490393042564392e-02,6.224127952009439468e-03,8.182769641280174255e-03,1.576288044452667236e-02,-1.294377539306879044e-02,-3.445200622081756592e-03,8.042149245738983154e-03,2.536524645984172821e-02,-2.675805799663066864e-02,-1.282993983477354050e-02,-8.196162059903144836e-03,-2.291778102517127991e-03,-1.197952125221490860e-02,1.972034107893705368e-03,-5.758741404861211777e-03,2.278385683894157410e-03,1.765121147036552429e-02,-8.818909525871276855e-03,3.018317045643925667e-03,-1.143712829798460007e-02,1.083112088963389397e-03,1.936544105410575867e-02,-1.653964072465896606e-02,8.256427943706512451e-03,-2.983161946758627892e-03,-9.742986410856246948e-03,2.852585911750793457e-02,2.856352366507053375e-04,4.207899048924446106e-02,2.308853529393672943e-02,-9.562188759446144104e-03,-2.536189975216984749e-03,-1.104874815791845322e-02,3.082935512065887451e-02,1.294377539306879044e-02,-9.316103532910346985e-04,9.796557016670703888e-03,1.860207319259643555e-02,-2.817765623331069946e-02,7.004236802458763123e-03,5.711867939680814743e-03,-4.088036715984344482e-03,1.970025338232517242e-02,-1.023850683122873306e-02,9.495226666331291199e-03,-1.631196960806846619e-02,-4.302315413951873779e-03,-3.435156308114528656e-03,2.259301580488681793e-02,-2.019577287137508392e-02,1.803959161043167114e-02,-2.543220855295658112e-02,4.165043123066425323e-03,-2.551256306469440460e-02,-1.950271427631378174e-03,8.464010432362556458e-03,-5.255186185240745544e-02,1.459774002432823181e-02,-1.436337246559560299e-03,-7.700642454437911510e-04,3.773984313011169434e-02,-1.901723910123109818e-03,1.529414579272270203e-02,-2.568666450679302216e-02,7.968490943312644958e-03,2.188321761786937714e-02,-1.191925536841154099e-02,-2.741428837180137634e-02,-2.785623818635940552e-02,2.591433562338352203e-02,2.355726994574069977e-02,2.489651180803775787e-02,-9.836734272539615631e-03,2.714643813669681549e-02,7.754212245345115662e-03,-1.100857090204954147e-02,1.837440207600593567e-02,7.841262966394424438e-03,-1.524057611823081970e-02,-5.330184008926153183e-03,1.094160880893468857e-02,1.152417901903390884e-02,8.812213316559791565e-03,1.791905984282493591e-02,-6.856920197606086731e-03,-1.730970572680234909e-03,-1.753067970275878906e-02,3.232595743611454964e-03,-6.682818289846181870e-03,-1.407543569803237915e-02,-4.331109300255775452e-02,-6.548894103616476059e-03,-8.798820897936820984e-03,-1.235450897365808487e-02,-2.817765623331069946e-02,-6.759824696928262711e-03,-2.555274032056331635e-02,3.554348647594451904e-02,-7.171642035245895386e-03,2.232767874374985695e-04,9.990747086703777313e-03,2.421349845826625824e-02,-3.736485540866851807e-02,6.358721852302551270e-02,5.973020102828741074e-03,-9.240770712494850159e-03,1.239468622952699661e-02,6.260957103222608566e-03,2.101271040737628937e-02,-3.224225481972098351e-03,1.655303314328193665e-02,9.180504828691482544e-03,3.104363381862640381e-02,-1.273619290441274643e-02,-8.812213316559791565e-03,-1.488232868723571301e-03,2.879370748996734619e-02,-1.759764179587364197e-02,-1.916455477476119995e-02,1.108222920447587967e-02,-1.801280677318572998e-02,-2.584737353026866913e-02,-3.281143261119723320e-03,-9.294340386986732483e-03,-3.468637168407440186e-02,1.692885853117331862e-04,-1.407543569803237915e-02,-9.421568363904953003e-03,1.487898081541061401e-02,-1.833422482013702393e-02,-1.122954580932855606e-02,2.328607253730297089e-03,3.733137622475624084e-03,8.772036060690879822e-03,3.990941680967807770e-03,2.532506920397281647e-02,1.738336309790611267e-02,-3.205810906365513802e-03,-1.611108332872390747e-02,-1.246164832264184952e-02,2.820444107055664062e-02,-3.120434237644076347e-03,-1.341251004487276077e-02,1.043939311057329178e-02,-3.406697185710072517e-03,-1.959311403334140778e-02,-1.506647467613220215e-02,-4.165043123066425323e-03,5.947072058916091919e-04,-2.523132227361202240e-02,-3.535599447786808014e-03,-5.608076462522149086e-04,-1.177863497287034988e-02,-1.031886134296655655e-02,1.692802086472511292e-02,1.870921254158020020e-02,1.886657439172267914e-03,8.986314758658409119e-03,-6.227476056665182114e-03,-2.710626088082790375e-02,-9.903696365654468536e-03,-2.553934790194034576e-02,4.439587704837322235e-03,-1.924490928649902344e-02,2.943654358386993408e-02,1.131659653037786484e-02,-1.388626755215227604e-03,3.689612261950969696e-03,-2.924904972314834595e-02,-1.419596746563911438e-02,-3.505047934595495462e-04,-4.175087437033653259e-03,5.959627684205770493e-03,-7.586807012557983398e-03,-1.083446945995092392e-02,-5.356968846172094345e-03,1.477184146642684937e-02,-1.568252593278884888e-02,4.081340506672859192e-03,-7.010933011770248413e-03,2.327602915465831757e-02,-2.157519198954105377e-02,7.131464779376983643e-03,1.828065514564514160e-02,3.701665252447128296e-02,1.570931077003479004e-02,1.853176392614841461e-03,1.325180102139711380e-02,2.173590101301670074e-02,-2.732053957879543304e-02,-2.539203129708766937e-02,1.378080248832702637e-02,-1.137016620486974716e-02,5.367013160139322281e-03,-1.908420026302337646e-02,-7.660465314984321594e-03,-1.940561830997467041e-02,-4.178435541689395905e-03,1.445042341947555542e-02,2.290104143321514130e-02,1.885652914643287659e-02,-2.260640822350978851e-02,-3.460601717233657837e-02,1.450399309396743774e-02,2.197696454823017120e-02,-7.546629756689071655e-03,-7.446186617016792297e-03,2.181625552475452423e-02,3.688272833824157715e-02,-3.800099715590476990e-03,3.211502730846405029e-02,-2.464205585420131683e-02,-1.553520932793617249e-02,-2.745446562767028809e-02,1.200630608946084976e-02,1.256209146231412888e-02,-2.799016237258911133e-02,4.175757244229316711e-02,-2.343673817813396454e-02,-2.911512553691864014e-02,8.484099060297012329e-03,-8.524276316165924072e-03,1.672713458538055420e-02,1.371384039521217346e-02,-1.161122974008321762e-02,3.425111994147300720e-03,1.094830501824617386e-02,2.532506920397281647e-02,-1.948597282171249390e-02,-3.265072405338287354e-02,-8.296605199575424194e-03,-3.670360601972788572e-04,-4.461350617930293083e-04,3.393639624118804932e-02,-1.970025338232517242e-02,2.609848277643322945e-03,1.968686096370220184e-02,2.097253315150737762e-02,1.051305141299962997e-02,-6.592419464141130447e-03,-3.203467279672622681e-02,-1.009788643568754196e-02,4.412802867591381073e-03,-6.609159987419843674e-03,2.006184868514537811e-02,3.744520992040634155e-02,3.261054633185267448e-03,-1.520039886236190796e-02,1.074741873890161514e-02,-1.161122974008321762e-02,1.137309591285884380e-04,8.081489359028637409e-04,-3.553176939021795988e-04,1.266923081129789352e-02,1.241477485746145248e-02,-1.259557250887155533e-02,3.863713704049587250e-03,-1.490576565265655518e-02,1.038582343608140945e-02,-2.520453743636608124e-02,-1.005101297050714493e-02,-1.604412123560905457e-02,3.120434284210205078e-02,3.018317045643925667e-03,-1.991453208029270172e-02,-1.908420026302337646e-02,-8.102415129542350769e-03,-3.479351103305816650e-02,-6.334615405648946762e-03,-4.245397634804248810e-03,2.849907428026199341e-02,6.502020638436079025e-03,3.873088210821151733e-02,1.580305770039558411e-02,-8.378633647225797176e-04,-5.618121009320020676e-03,-4.098081029951572418e-03,-2.836515009403228760e-02,-1.597715914249420166e-02,6.436732946895062923e-04,-9.856822900474071503e-03,9.809949435293674469e-03,6.106944289058446884e-03,-3.257036954164505005e-02,-1.731640100479125977e-02,4.698061570525169373e-02,-2.823122590780258179e-02,1.516022160649299622e-02,1.161792548373341560e-03,-8.664896711707115173e-03,4.288922995328903198e-03,-2.304835803806781769e-02,8.604630827903747559e-03,3.190074861049652100e-02,-1.594535191543400288e-03,2.430724445730447769e-03,-2.335638366639614105e-02,1.955293677747249603e-02,6.220779847353696823e-03,9.850126691162586212e-03,9.659284260123968124e-04,-9.260859340429306030e-03,-3.133826656267046928e-03,-1.923151686787605286e-02,1.367366220802068710e-02,4.255441948771476746e-03,-1.001753192394971848e-02,1.415579020977020264e-02,1.715569198131561279e-02,1.799941435456275940e-02,-1.537450030446052551e-02,-2.911512553691864014e-02,-1.227080705575644970e-03,-1.078926958143711090e-03,4.892419092357158661e-04,2.780266851186752319e-02,3.270429372787475586e-02,-3.152576088905334473e-02,-2.012881077826023102e-02,1.242984202690422535e-03,7.001725607551634312e-04,3.098671557381749153e-03,-1.314466167241334915e-02,6.773217115551233292e-03,-2.225820533931255341e-02,2.280059736222028732e-03,-9.247466921806335449e-03,-8.758643642067909241e-03,-3.149897605180740356e-02,2.556613273918628693e-02,3.401675075292587280e-02,-2.555274032056331635e-02,5.909406114369630814e-03,-1.688282121904194355e-03,1.724943891167640686e-02,-2.065781038254499435e-03,-3.482029587030410767e-02,-2.697233669459819794e-02,6.421666126698255539e-03,-2.742768079042434692e-02,3.947416320443153381e-03,-6.127032916992902756e-03,-3.508814424276351929e-02,-1.751728728413581848e-02,-4.017726518213748932e-03,-9.542100131511688232e-03,1.510665193200111389e-02,1.831011921167373657e-01,4.446283914148807526e-03,-1.759429462254047394e-03,5.402502790093421936e-02,4.791138693690299988e-03,1.627179235219955444e-02,1.716908439993858337e-02,1.255539525300264359e-02,-2.042344398796558380e-02,2.045022882521152496e-02,-2.434742264449596405e-02,-1.270940806716680527e-02,3.435156308114528656e-03,-1.463959109969437122e-03,1.082777325063943863e-02,-4.807879403233528137e-02,-1.727622374892234802e-02,-2.738750353455543518e-02,-2.860621362924575806e-02,-3.883802145719528198e-02,2.592772804200649261e-02,9.508619084954261780e-03,-5.819007288664579391e-03,-4.440927132964134216e-02,2.437420655041933060e-03,1.183220464736223221e-02,2.295461110770702362e-02,1.601733639836311340e-02,7.717382977716624737e-04,1.278976257890462875e-02,-7.807781919836997986e-03,-4.757657647132873535e-03,1.562895625829696655e-02,-1.085455808788537979e-02,-2.303496561944484711e-02,1.546824723482131958e-02,1.356652285903692245e-02,-1.700000488199293613e-03,-7.479667663574218750e-03,1.911768224090337753e-03,1.356652285903692245e-02,-4.884885624051094055e-03,9.406083700014278293e-05,-8.356871083378791809e-03,2.398917451500892639e-03,3.840946406126022339e-02,-2.708617364987730980e-03,-2.227159775793552399e-02,-2.674466557800769806e-02,1.700837537646293640e-02,-3.835589438676834106e-02,-1.022087690216721967e-05,3.227573633193969727e-02,9.796557016670703888e-03,6.575678940862417221e-03,1.431649923324584961e-02,-9.227378293871879578e-03,-9.234074503183364868e-03,-1.652624830603599548e-02,1.051305141299962997e-02,3.388282610103487968e-03,1.872260496020317078e-02,-8.979618549346923828e-03,1.446381583809852600e-02,1.076750736683607101e-02,2.140109054744243622e-02,-1.798602193593978882e-02,1.146726077422499657e-03,8.316693827509880066e-03,-2.256623096764087677e-02,-2.079843170940876007e-02,-4.031118936836719513e-03,1.100857090204954147e-02,1.609769091010093689e-02,-1.698159053921699524e-02,1.002422813326120377e-02,2.248587645590305328e-02,1.380758732557296753e-02,2.481615729629993439e-02,6.591582787223160267e-04,-2.291443385183811188e-02,-8.202858269214630127e-03,-1.679409667849540710e-02,3.857017494738101959e-03,4.098081029951572418e-03,-1.345938420854508877e-03,-2.159527968615293503e-03,2.282068692147731781e-02,-2.761517465114593506e-02,4.797165468335151672e-02,2.061093784868717194e-02,-1.228085067123174667e-02,-4.838012158870697021e-03,1.513343653641641140e-03,-2.769552916288375854e-02,-1.352634560316801071e-02,-2.147809602320194244e-03,1.635214686393737793e-02,-2.790980786085128784e-02,6.766520906239748001e-03,-1.200630608946084976e-02,5.675038788467645645e-03,3.471315652132034302e-02,1.212014164775609970e-02,-3.128469735383987427e-02,-4.322404041886329651e-03,8.885871618986129761e-03,2.012881077826023102e-02,-4.938455531373620033e-04,-2.738750353455543518e-02,-2.071807719767093658e-02,-3.096327930688858032e-02,2.137430571019649506e-02,-3.215855220332741737e-03,-7.660465314984321594e-03,9.642543271183967590e-03,-5.460760090500116348e-03,-2.965082228183746338e-02,4.215934500098228455e-02,-1.759429462254047394e-03,-1.142373587936162949e-02,-3.476672619581222534e-02,-3.283821791410446167e-02,1.294377539306879044e-02,2.537864027544856071e-03,5.661646369844675064e-03,-1.807976886630058289e-02,1.162462215870618820e-02,-4.955196287482976913e-03,-2.833836525678634644e-02,3.203467279672622681e-02,-1.828065514564514160e-02,8.926048874855041504e-03,-8.785428479313850403e-03,-8.664896711707115173e-03,7.593503221869468689e-03,-1.696819812059402466e-02,-2.495008148252964020e-02,-3.007937967777252197e-02,-2.745446562767028809e-02,-2.054397575557231903e-02,7.667161407880485058e-04,3.257036954164505005e-02,1.219379995018243790e-02,-3.381586400792002678e-03,-1.588341221213340759e-02,2.697233669459819794e-02,6.897097453474998474e-03,4.114821553230285645e-03,-1.692802086472511292e-02,-2.373137138783931732e-02,-1.260896492749452591e-02,2.274033240973949432e-02,-1.340079237706959248e-03,4.577529802918434143e-02,-4.386018030345439911e-03,-2.787297824397683144e-03,-3.846303373575210571e-02,4.436239600181579590e-03,1.016484852880239487e-02,-6.551572680473327637e-02,-1.608660022611729801e-05,1.106214057654142380e-02,-1.878956705331802368e-02,2.539203129708766937e-02,-1.058001350611448288e-02,-1.706730276346206665e-01,1.077420357614755630e-02,1.778513565659523010e-02,-2.710626088082790375e-02,2.059754543006420135e-02,-2.045022882521152496e-02,1.813333854079246521e-02,4.700739867985248566e-03,-9.937177412211894989e-03,-8.557757362723350525e-03,7.499756291508674622e-03,-3.545643761754035950e-03,-2.528489194810390472e-02,-8.370263502001762390e-03,-1.672713458538055420e-02,-4.309011623263359070e-03,-6.401577591896057129e-02,4.794486798346042633e-03,4.261468723416328430e-02,-1.704133319435641170e-05,6.451799068599939346e-03,9.856822900474071503e-03,2.066450752317905426e-02,-2.839193493127822876e-02,-2.020581625401973724e-03,1.874939072877168655e-03,-1.668695732951164246e-02,3.243644535541534424e-02,-2.876692265272140503e-02,-2.211088873445987701e-02,-2.745446562767028809e-02,2.244569920003414154e-02,3.082935512065887451e-02,-1.497440156526863575e-03,2.359744720160961151e-02,8.566965116187930107e-04,-2.892763167619705200e-02,-2.016898803412914276e-02,2.412990033917594701e-05,6.086855661123991013e-03,3.524885326623916626e-02,2.983831614255905151e-02,-1.323840860277414322e-02,-1.910094171762466431e-03,1.165140699595212936e-02,2.667770348489284515e-02,9.086757898330688477e-03,-1.538036012789234519e-04,1.408715383149683475e-03,1.118267234414815903e-02,1.418257504701614380e-02,-1.807976886630058289e-02,-1.891679596155881882e-03,2.109306491911411285e-02,-1.643250137567520142e-02,5.926146637648344040e-03,-1.262905355542898178e-02,1.064027938991785049e-02,-1.775835081934928894e-02,1.268262322992086411e-02,2.094239927828311920e-03,-1.987435482442378998e-02,2.718661539256572723e-02,-7.667161524295806885e-03,-1.227415446192026138e-02,4.225309006869792938e-03,1.531758229248225689e-03,-2.465544827282428741e-02,-1.901723816990852356e-02,1.585662737488746643e-02,2.422354184091091156e-03,-1.032555755227804184e-02,1.622157054953277111e-03,-2.445456199347972870e-02,1.494594290852546692e-02,-3.285328566562384367e-04,-2.663752622902393341e-02,2.632950060069561005e-02,-6.562286522239446640e-03,1.443870482034981251e-03,-1.330537069588899612e-02,2.445456199347972870e-02,-2.647681720554828644e-02,-1.412900537252426147e-02,-2.447465201839804649e-03,2.456170134246349335e-02,1.043269690126180649e-02,-1.882974430918693542e-02,1.993796788156032562e-03,1.321162376552820206e-02,2.148144505918025970e-02,-2.319567464292049408e-02,1.731640100479125977e-02,-1.264914218336343765e-02,3.249001502990722656e-02,2.042344398796558380e-02,-1.141703967005014420e-02,5.002069752663373947e-03,-2.284747175872325897e-02,-2.353048510849475861e-02,1.988774631172418594e-03,-1.154426764696836472e-02,-4.695383086800575256e-02,1.081438083201646805e-02,1.994131691753864288e-02,1.818690821528434753e-02,3.373216139152646065e-03,5.209652241319417953e-03,5.456072464585304260e-02,-4.783605691045522690e-04,-1.404530252330005169e-03,9.990747086703777313e-03,3.257036954164505005e-02,3.157933056354522705e-02,5.949583370238542557e-03,5.125949624925851822e-03,2.075825445353984833e-02,-4.165043123066425323e-03,3.342748433351516724e-02,-5.494241137057542801e-03,5.056978389620780945e-02,-3.763270378112792969e-02,1.487898081541061401e-02,-1.161122974008321762e-02,-7.352439686655998230e-03,-3.455244749784469604e-02,-9.669328480958938599e-02,-1.382097974419593811e-02,3.436495363712310791e-02,4.210577532649040222e-02,1.735657826066017151e-02,1.860207319259643555e-02,6.120336707681417465e-03,-5.072379950433969498e-03,-1.970025338232517242e-02,2.116002701222896576e-02,-1.811994612216949463e-02,-1.216701511293649673e-02,8.162681013345718384e-03,2.571345074102282524e-03,2.422354184091091156e-03,-1.872260496020317078e-02,-3.554348647594451904e-02,-2.221802808344364166e-02,-1.003762055188417435e-02,3.642738796770572662e-03,-9.622454643249511719e-03,-6.796654197387397289e-04,-4.248745739459991455e-03,-1.494594290852546692e-02,-4.148302599787712097e-03,8.283212780952453613e-03,-8.510883897542953491e-03,1.229424308985471725e-02,1.718247681856155396e-02,1.428804011084139347e-03,-8.905960246920585632e-03,-6.619204301387071609e-03,-2.541212132200598717e-03,1.262235804460942745e-03,-1.483880355954170227e-02,-1.984756998717784882e-02,-2.801694720983505249e-02,-2.336977608501911163e-02,3.321320563554763794e-02,3.066864563152194023e-03,2.046362124383449554e-02,1.995470840483903885e-03,-5.872576963156461716e-03,1.755746454000473022e-02,2.906155539676547050e-03,-6.421666126698255539e-03,-1.967346854507923126e-02,2.286086417734622955e-02,3.125791251659393311e-02,5.644905846565961838e-03,-3.977549448609352112e-02,1.057164277881383896e-03,-1.471827179193496704e-02,-1.479862630367279053e-02,1.268262322992086411e-02,4.975075353286229074e-05,-5.531070288270711899e-03,1.931856852024793625e-03,-1.573609560728073120e-02,3.171325474977493286e-02,1.082777325063943863e-02,-9.542100131511688232e-03,-8.490795269608497620e-03,2.407957427203655243e-02,1.086125429719686508e-02,-1.475844904780387878e-02,-9.294340386986732483e-03,-4.020405188202857971e-02,3.905230015516281128e-02,-2.354387752711772919e-02,3.766618669033050537e-03,-1.482541114091873169e-02,8.780406787991523743e-04,1.074741873890161514e-02,-4.633777961134910583e-02,3.954112529754638672e-03,-8.993010967969894409e-03,-1.617804542183876038e-02,1.414239779114723206e-02,-2.032969705760478973e-02,-3.310606628656387329e-02,-2.023595012724399567e-02,2.061093784868717194e-02,-1.043269690126180649e-02,8.684985339641571045e-03,3.359823720529675484e-03,-2.015559561550617218e-02,5.802266765385866165e-03,5.413886625319719315e-03,3.548991866409778595e-03,-7.432794198393821716e-03,3.230252116918563843e-02,1.234781276434659958e-02,7.780997082591056824e-03,5.517677869647741318e-03,3.522207029163837433e-03,-3.800099715590476990e-03,-6.910489872097969055e-03,-1.118936855345964432e-02,2.949011325836181641e-02,-1.375401765108108521e-02,1.797262951731681824e-02,-3.717736154794692993e-02,1.719586923718452454e-02,-2.280729450285434723e-02,-1.116258371621370316e-02,2.039665915071964264e-02,-6.622552406042814255e-03,7.017629221081733704e-03,-5.263221915811300278e-03,-3.760591894388198853e-02,-9.575581178069114685e-03,-1.750389486551284790e-02,6.140425335615873337e-03,-2.157853916287422180e-03,-1.079429220408201218e-02,3.026687307283282280e-03,-7.774300873279571533e-03,2.839193493127822876e-02,1.704855263233184814e-02,6.505368743091821671e-03,2.607504464685916901e-02,1.513343676924705505e-02,2.144126780331134796e-02,-2.833836525678634644e-02,1.140364725142717361e-02,-2.110645733773708344e-02,2.121359668672084808e-02,-5.055639427155256271e-03,4.641813412308692932e-02,-2.932940423488616943e-02,-5.156082566827535629e-03,-6.200691219419240952e-03,-1.011127838864922523e-03,1.657981798052787781e-02,2.367780171334743500e-02,1.123624201864004135e-02,-1.414239779114723206e-02,6.957363337278366089e-03,3.661487996578216553e-02,2.612861432135105133e-02,5.924807488918304443e-02,-1.988774631172418594e-03,-2.780266851186752319e-02,3.053472191095352173e-02,1.065367180854082108e-02,-9.602366015315055847e-03,2.251266129314899445e-02,-2.086539380252361298e-02,2.801694720983505249e-02,6.840179674327373505e-03,-1.437006890773773193e-02,5.819007288664579391e-03,3.345426917076110840e-02,-6.709603127092123032e-03,-2.812408655881881714e-02,-4.590252414345741272e-03,-1.781192049384117126e-02,2.496347390115261078e-02,2.094239927828311920e-03,-8.678289130330085754e-03,-3.500778973102569580e-02,2.627593092620372772e-02,2.272693999111652374e-02,-1.268262322992086411e-02,-4.228657111525535583e-03,1.601733639836311340e-02,1.242147176526486874e-03,-1.447720825672149658e-02,1.837440207600593567e-02,8.812213316559791565e-03,-3.243644535541534424e-02,-1.842797175049781799e-02,2.067789994180202484e-02,8.403744548559188843e-03,-3.205810906365513802e-03,1.188577432185411453e-02,6.066767033189535141e-03,-1.123624201864004135e-02,-9.803253225982189178e-03,-1.009119022637605667e-02,2.548577822744846344e-02,1.838779449462890625e-02,1.494594290852546692e-02,-8.256427943706512451e-03,1.266923081129789352e-02,4.938455764204263687e-03,1.367701101116836071e-03,-4.670606926083564758e-03,3.525555133819580078e-03,6.039144936949014664e-04,-6.177254486829042435e-03,2.815087139606475830e-02,7.935009896755218506e-03,2.599469013512134552e-02,1.454417034983634949e-02,-7.660465314984321594e-03,2.645003236830234528e-02,4.737569019198417664e-03,8.772036060690879822e-03,5.236437078565359116e-03,1.724943891167640686e-02,-1.605416531674563885e-03,1.423614472150802612e-02,1.537450030446052551e-02,3.736485727131366730e-03,-2.511079050600528717e-02,1.991453208029270172e-02,-2.150822989642620087e-02,-3.425781428813934326e-02,-1.845475658774375916e-02,-4.479764960706233978e-03,6.150469649583101273e-03,-7.928313687443733215e-03,6.036634091287851334e-03,1.344599109143018723e-02,-1.540128514170646667e-02,4.707436077296733856e-03,1.864894758909940720e-03,9.260859340429306030e-03,-1.643250137567520142e-02,1.858868077397346497e-02,1.940561830997467041e-02,1.645928621292114258e-02,1.177193876355886459e-02,-2.259301580488681793e-02,3.334712982177734375e-02,2.075825445353984833e-02,-2.209749538451433182e-03,-3.731128573417663574e-02,3.769966773688793182e-03,-1.153087522834539413e-02,2.954368293285369873e-02,-4.362581297755241394e-03,-1.949936524033546448e-02,-1.844136416912078857e-02,1.203309092670679092e-02,2.134752087295055389e-02,1.006942708045244217e-03,4.518603160977363586e-02,-9.535403922200202942e-03,5.316791310906410217e-02,-5.279962439090013504e-03,4.047859460115432739e-03,-3.783359192311763763e-03,-2.239212952554225922e-02,1.767799630761146545e-02,2.971443580463528633e-03,3.860365599393844604e-03,2.059754543006420135e-02,-4.238701425492763519e-03,1.627179235219955444e-02,-1.751728728413581848e-02,1.878956705331802368e-02,-1.565574109554290771e-02,-5.043585970997810364e-02,2.974791685119271278e-03,-2.634289301931858063e-02,2.213767357170581818e-02,-1.272280048578977585e-02,1.090143155306577682e-02,1.584323495626449585e-02,-6.341311614960432053e-03,-5.608076695352792740e-03,-1.171836908906698227e-02,-3.897194750607013702e-03,-1.810655370354652405e-02,3.733137622475624084e-03,4.483113065361976624e-03,7.325654849410057068e-03,-2.324924431741237640e-02,1.833422482013702393e-02,2.295461110770702362e-02,-4.422177746891975403e-02,-3.532920777797698975e-02,-8.731858804821968079e-03,-9.160416200757026672e-03,-2.181290648877620697e-03,-2.682502008974552155e-02,1.328360871411859989e-03,1.716908439993858337e-02,-3.061507642269134521e-02,2.948006847873330116e-03,-2.599469013512134552e-02,-2.694555185735225677e-02,1.608429849147796631e-02,-1.453077793121337891e-02,-9.280947968363761902e-03,5.169474985450506210e-03,-3.101684898138046265e-02
-1.772915385663509369e-02,-2.676383964717388153e-02,-6.218434311449527740e-03,2.561481378506869078e-04,-2.312224358320236206e-02,1.328111439943313599e-02,-3.354930318892002106e-03,1.066017337143421173e-02,7.201286964118480682e-03,-1.712432131171226501e-02,-2.998961135745048523e-03,2.167316526174545288e-02,-2.281982637941837311e-02,-9.292999282479286194e-03,4.082619678229093552e-03,-7.292642258107662201e-04,3.560951352119445801e-02,5.493895150721073151e-03,-2.476033195853233337e-02,9.904132224619388580e-03,-9.538712911307811737e-03,8.725969120860099792e-03,1.696051098406314850e-02,4.372435156255960464e-03,-2.467212639749050140e-02,2.542816661298274994e-02,1.886321417987346649e-02,-3.107327036559581757e-02,-3.685698146000504494e-03,-2.019888535141944885e-02,-9.349702857434749603e-03,-1.102559268474578857e-02,-1.096258964389562607e-02,-2.603299915790557861e-02,-1.164932642132043839e-02,-1.636827923357486725e-02,1.706131733953952789e-02,2.709145657718181610e-03,1.954365149140357971e-02,8.228242397308349609e-03,-6.212133914232254028e-03,-7.963628508150577545e-03,1.367173530161380768e-02,6.105028092861175537e-03,-5.456093233078718185e-03,1.301649957895278931e-02,-2.143375203013420105e-02,-2.940998040139675140e-02,-9.450508281588554382e-03,-1.318345894105732441e-03,2.551637217402458191e-02,1.461678557097911835e-02,-1.660769246518611908e-02,-2.608340233564376831e-02,-4.281080327928066254e-03,8.896077983081340790e-03,-8.297545835375785828e-03,-7.113082334399223328e-03,1.028845272958278656e-02,-1.748974062502384186e-02,-2.925719891209155321e-04,1.566264219582080841e-02,-1.081768143922090530e-02,2.511315047740936279e-02,-1.852299645543098450e-02,-1.609106548130512238e-02,-2.287022955715656281e-02,2.021148614585399628e-02,-1.979566365480422974e-02,-4.035367164760828018e-03,2.111873589456081390e-02,1.120830234140157700e-02,-4.013315774500370026e-03,9.759224951267242432e-03,4.576566070318222046e-02,-1.077987998723983765e-02,-1.713692210614681244e-02,-3.978664055466651917e-03,-1.310470420867204666e-02,-1.464198715984821320e-02,-3.072990104556083679e-03,-1.701091416180133820e-02,6.999676115810871124e-03,-9.154392406344413757e-03,2.668823488056659698e-02,7.396597880870103836e-03,-1.415056083351373672e-02,1.438997406512498856e-02,-2.066511195152997971e-03,-3.664277121424674988e-02,3.162769973278045654e-02,1.243686862289905548e-02,1.241796743124723434e-02,2.362626977264881134e-02,-1.032625511288642883e-02,4.020403721369802952e-04,-3.233333677053451538e-02,1.099409069865942001e-02,1.305430196225643158e-02,-2.187477611005306244e-02,2.357901772484183311e-03,1.585322781465947628e-03,-1.563744060695171356e-02,-1.130280736833810806e-02,-1.143511477857828140e-02,-2.877994813024997711e-02,5.430892109870910645e-03,-5.021370016038417816e-03,3.757521882653236389e-02,-3.761302214115858078e-03,5.052871536463499069e-03,3.180411085486412048e-02,8.461355231702327728e-03,-3.548350930213928223e-02,2.076591551303863525e-02,-1.170602906495332718e-02,-3.254124894738197327e-03,7.598208729177713394e-03,-1.438052277080714703e-03,4.753605462610721588e-03,-2.101792953908443451e-02,1.028215233236551285e-02,-5.267083179205656052e-03,-1.169342827051877975e-02,7.302092388272285461e-03,3.306417912244796753e-02,-1.934204064309597015e-02,-8.933880366384983063e-03,-7.358795497566461563e-03,2.103053033351898193e-02,4.269109666347503662e-02,-4.766206257045269012e-03,3.616394475102424622e-02,9.948235005140304565e-03,-1.622337265871465206e-03,9.809627197682857513e-03,1.202104613184928894e-02,1.321811042726039886e-02,-1.943024434149265289e-02,-1.475539337843656540e-02,2.100532874464988708e-02,2.167316526174545288e-02,1.691640936769545078e-03,3.746732545550912619e-04,1.755274459719657898e-02,-1.669589802622795105e-02,3.394622355699539185e-02,1.302910037338733673e-02,3.918810747563838959e-03,-1.214075274765491486e-02,-6.237335619516670704e-04,1.914042979478836060e-02,2.608340233564376831e-02,-1.096258964389562607e-02,1.737633347511291504e-02,9.689920581877231598e-03,-4.879612475633621216e-03,3.124967962503433228e-02,1.730073057115077972e-02,-1.842219009995460510e-02,7.667512167245149612e-03,-5.348987411707639694e-03,7.585607934743165970e-03,-1.876240782439708710e-02,-5.018219817429780960e-03,3.807924687862396240e-02,-3.855807241052389145e-03,2.568963216617703438e-03,-4.196025431156158447e-02,7.198136881925165653e-04,2.842712774872779846e-02,2.757028304040431976e-02,-1.944284513592720032e-02,2.749467827379703522e-02,-4.939465783536434174e-03,1.050896476954221725e-02,-2.871379256248474121e-03,1.723772659897804260e-02,-2.486113645136356354e-02,1.800636760890483856e-02,-3.243414312601089478e-02,3.621434792876243591e-02,1.709911972284317017e-02,3.354930318892002106e-03,-3.273025853559374809e-03,1.355832908302545547e-02,5.704956594854593277e-03,-2.715446054935455322e-03,4.605547524988651276e-03,-4.117271397262811661e-03,7.976228371262550354e-03,9.103989228606224060e-03,8.889777585864067078e-03,1.408913289196789265e-03,-6.556384563446044922e-01,4.690601956099271774e-03,-7.106781937181949615e-03,-1.246207021176815033e-02,1.674630120396614075e-02,4.977267701178789139e-03,1.871200650930404663e-02,1.037980779074132442e-03,-1.054676715284585953e-02,7.150884252041578293e-03,2.701270161196589470e-03,2.251741103827953339e-02,5.081223323941230774e-03,-2.865394018590450287e-02,-5.897116847336292267e-03,-2.996441163122653961e-02,-1.384499482810497284e-03,-1.219115499407052994e-02,-8.322747424244880676e-03,-2.555417455732822418e-02,-9.979736991226673126e-03,-1.334411744028329849e-02,1.691010966897010803e-02,-1.117680128663778305e-02,2.646142244338989258e-02,1.282748952507972717e-02,1.746453903615474701e-02,-5.638803355395793915e-03,1.352052669972181320e-02,-1.736373268067836761e-02,-3.155209496617317200e-02,2.724266424775123596e-02,6.930372677743434906e-03,1.762834750115871429e-02,3.550871089100837708e-02,-4.479540977627038956e-03,-1.189503911882638931e-02,2.307184040546417236e-02,1.950584910809993744e-02,1.442777551710605621e-02,-1.781735755503177643e-02,1.760314591228961945e-02,3.019437426701188087e-03,-6.564952898770570755e-03,-1.369693595916032791e-02,1.911522820591926575e-02,1.489400118589401245e-02,-2.342938532819971442e-04,3.450065478682518005e-02,1.224785856902599335e-02,1.058456860482692719e-02,-2.022408694028854370e-02,3.144262882415205240e-04,1.219115499407052994e-02,-1.656989008188247681e-02,-7.554105948656797409e-03,2.704105339944362640e-02,-7.913225330412387848e-03,-8.511757478117942810e-03,-2.935957862064242363e-03,-3.651046194136142731e-03,9.595415554940700531e-03,-2.126994356513023376e-02,-2.537776529788970947e-02,-1.021442469209432602e-03,3.789653768762946129e-03,-6.577553693205118179e-03,-8.379450067877769470e-03,2.351286448538303375e-02,3.061964549124240875e-02,8.152638562023639679e-03,6.772864144295454025e-03,-4.722103942185640335e-03,1.674630120396614075e-02,2.407989464700222015e-02,2.867914177477359772e-02,-1.047116331756114960e-02,-2.767108753323554993e-02,2.047610003501176834e-03,4.835510160773992538e-03,2.332385443150997162e-02,-2.283242717385292053e-02,-1.367173530161380768e-02,-4.177124705165624619e-03,1.408755779266357422e-02,1.520901732146739960e-02,-3.518109023571014404e-02,-8.776372298598289490e-03,2.268121950328350067e-02,6.416894961148500443e-03,-1.323858625255525112e-03,2.186217531561851501e-02,7.144584320485591888e-03,2.970609813928604126e-03,1.451598014682531357e-02,8.072308846749365330e-04,-9.116590023040771484e-03,-4.545694217085838318e-03,1.927903667092323303e-02,-7.409198209643363953e-03,3.085590898990631104e-03,4.542544018477201462e-03,2.250481024384498596e-02,-2.715446054935455322e-03,-4.355109122116118670e-04,5.727007985115051270e-03,-1.886321417987346649e-02,2.808375982567667961e-03,1.275818608701229095e-02,-2.877994813024997711e-02,-1.454118173569440842e-02,9.614316746592521667e-03,-1.296609733253717422e-02,1.099409069865942001e-02,-1.002383884042501450e-02,-2.905716188251972198e-02,-2.843027759809046984e-04,6.357041653245687485e-03,5.975871346890926361e-03,-2.482333406805992126e-02,4.759905859827995300e-03,3.014082089066505432e-02,-2.678903937339782715e-02,-1.610366627573966980e-02,-3.925111144781112671e-03,2.004767768085002899e-02,-1.080508064478635788e-02,-3.016602247953414917e-02,-2.220239304006099701e-02,-8.341648615896701813e-03,-3.191121621057391167e-03,-6.831929786130785942e-04,1.751494221389293671e-02,1.007266691885888577e-03,3.707119449973106384e-02,-4.835510160773992538e-03,2.671343646943569183e-02,9.242597036063671112e-03,2.179917134344577789e-02,-2.709145657718181610e-02,-1.669589802622795105e-02,-6.810666061937808990e-03,-5.245031788945198059e-03,5.033970810472965240e-03,9.091388434171676636e-03,-1.363393291831016541e-02,-7.094181608408689499e-03,-3.550871089100837708e-02,-2.336165681481361389e-02,-2.253946149721741676e-03,2.235360257327556610e-02,-9.223695844411849976e-03,-3.593713045120239258e-02,2.135814866051077843e-03,8.070734329521656036e-03,-1.194544229656457901e-02,-7.491102907806634903e-03,-2.420590072870254517e-02,1.049636397510766983e-02,-2.963679283857345581e-02,-2.872954355552792549e-03,7.138283923268318176e-03,-2.041309699416160583e-02,-9.790726006031036377e-03,-1.226045936346054077e-02,-7.995129562914371490e-03,-1.480579562485218048e-02,4.183425102382898331e-03,-1.848519407212734222e-02,-2.241660468280315399e-02,4.955216310918331146e-03,2.258041314780712128e-02,-2.352546527981758118e-02,7.522604428231716156e-03,1.847259327769279480e-02,2.989510772749781609e-03,-4.709503147751092911e-03,-3.054404258728027344e-02,-1.120830234140157700e-02,7.100481539964675903e-03,-2.060210704803466797e-02,-8.511757478117942810e-03,-2.470992878079414368e-02,-5.783711094409227371e-03,1.687230728566646576e-02,-1.716212183237075806e-02,-7.182386238127946854e-03,-1.272668479941785336e-03,2.843027759809046984e-04,2.803650684654712677e-03,-1.258177682757377625e-02,1.133430935442447662e-02,-6.999676115810871124e-03,6.558652501553297043e-03,-3.016287228092551231e-03,4.070018976926803589e-02,1.331891585141420364e-02,1.515861507505178452e-02,9.589115157723426819e-03,2.106833271682262421e-02,-1.193914189934730530e-02,8.599962107837200165e-03,2.719226107001304626e-02,-6.665758322924375534e-03,2.933437749743461609e-02,-1.438997406512498856e-02,9.192193858325481415e-03,-1.437737327069044113e-02,2.516355365514755249e-02,-4.038516897708177567e-03,1.616666838526725769e-02,-3.550871089100837708e-02,-2.356326673179864883e-03,-1.597765833139419556e-02,6.429495755583047867e-03,1.158002298325300217e-02,9.740323759615421295e-03,3.858957439661026001e-03,-1.909002661705017090e-02,-2.837672643363475800e-02,-1.742043648846447468e-03,2.409249544143676758e-02,-4.722103942185640335e-03,-1.127130631357431412e-02,-2.576838620007038116e-02,2.532736212015151978e-02,4.539393819868564606e-03,7.875422947108745575e-03,-7.918738410808146000e-04,2.031859243288636208e-03,-8.045532740652561188e-03,-2.603299915790557861e-02,1.004274003207683563e-02,2.177396975457668304e-02,2.203858457505702972e-02,-1.104449387639760971e-02,1.096258964389562607e-02,-3.409743309020996094e-02,-9.828528389334678650e-03,-1.648168638348579407e-02,5.912867840379476547e-03,1.074207760393619537e-02,2.673863805830478668e-02,3.301377408206462860e-03,2.562662819400429726e-03,8.209341205656528473e-03,2.188737690448760986e-02,-8.990583010017871857e-03,-3.243414312601089478e-02,3.172850608825683594e-02,-1.730073057115077972e-02,8.625163696706295013e-03,-8.801572956144809723e-03,1.937354099936783314e-03,1.602806150913238525e-02,-1.646908558905124664e-02,-3.269875887781381607e-03,2.646142244338989258e-02,2.822551690042018890e-02,3.969213366508483887e-02,8.719668723642826080e-03,9.393804706633090973e-03,3.334139287471771240e-02,4.476390779018402100e-03,2.923357114195823669e-02,1.597765833139419556e-02,6.026274058967828751e-03,-1.658249087631702423e-02,-3.601273521780967712e-02,-2.426890470087528229e-02,-1.094368845224380493e-02,-7.711614482104778290e-03,1.849779486656188965e-02,-8.845675736665725708e-03,-2.186217531561851501e-02,1.231716200709342957e-02,1.466718874871730804e-02,1.090588606894016266e-02,-1.253767404705286026e-03,5.796311423182487488e-03,-3.840056480839848518e-03,-2.263081632554531097e-02,6.791765335947275162e-03,-5.024520214647054672e-03,-4.791407380253076553e-03,-1.108859572559595108e-02,-3.901169821619987488e-02,9.015784598886966705e-03,-4.206106066703796387e-02,-5.248181987553834915e-03,3.310828004032373428e-03,2.258041314780712128e-02,9.664719924330711365e-03,-4.923714790493249893e-03,-1.467978954315185547e-02,1.321811042726039886e-02,9.954535402357578278e-03,-1.645648479461669922e-02,2.299623563885688782e-02,-7.780918385833501816e-03,-8.442454040050506592e-03,-1.420096307992935181e-02,-1.348272524774074554e-02,-3.833756083622574806e-03,3.805404528975486755e-02,2.937532961368560791e-03,1.440257392823696136e-02,8.045532740652561188e-03,-2.329156413907185197e-04,-1.227306015789508820e-02,-1.162412483245134354e-02,-8.253443986177444458e-03,-3.034243173897266388e-02,-2.245440706610679626e-02,1.152961980551481247e-02,-2.610702940728515387e-04,-1.866160333156585693e-02,-6.489349063485860825e-03,-5.150526762008666992e-03,-3.467706590890884399e-02,2.309074159711599350e-03,-2.142115123569965363e-02,-5.582100246101617813e-03,1.403715461492538452e-02,1.134060993790626526e-01,-8.562160655856132507e-03,1.249829656444489956e-03,7.062679622322320938e-03,8.426703279837965965e-04,4.742895066738128662e-02,-1.565004140138626099e-02,-1.277078688144683838e-02,-9.469409473240375519e-03,-1.528462208807468414e-02,-1.318030897527933121e-02,-3.462036140263080597e-03,-2.490208949893712997e-03,-5.352137610316276550e-03,2.555417455732822418e-02,1.352052669972181320e-02,-2.213939093053340912e-02,-1.112009771168231964e-02,7.390297483652830124e-03,-4.025916568934917450e-03,8.669266477227210999e-03,-7.308392785489559174e-03,-5.200929474085569382e-03,2.013588324189186096e-02,1.085548382252454758e-02,-1.103189308196306229e-02,3.077085502445697784e-02,2.416810020804405212e-02,3.065114840865135193e-03,-6.133379880338907242e-03,-2.584713976830244064e-03,-8.448754437267780304e-03,-2.359476871788501740e-03,-4.438588861376047134e-03,-1.638088002800941467e-02,9.623767109587788582e-04,-1.143511477857828140e-02,3.470226749777793884e-02,1.552403438836336136e-02,-1.282748952507972717e-02,3.041803464293479919e-02,1.280228793621063232e-02,-1.792446360923349857e-03,-3.031723015010356903e-02,-4.526793491095304489e-03,-1.675890013575553894e-02,-2.430670708417892456e-02,8.190440014004707336e-03,-9.551313705742359161e-03,-5.125325638800859451e-03,4.571525752544403076e-02,-3.117407672107219696e-02,-1.805677078664302826e-02,-8.952781558036804199e-03,-5.144226364791393280e-03,6.133379880338907242e-03,2.701585181057453156e-02,3.247824497520923615e-03,-6.564952898770570755e-03,9.639518335461616516e-03,-1.418836321681737900e-02,-1.732593216001987457e-02,-1.193126663565635681e-03,-1.178163383156061172e-02,-3.694518655538558960e-02,-1.068104320438578725e-04,-3.124967962503433228e-02,7.919525727629661560e-03,-2.207638695836067200e-02,-6.728761829435825348e-03,-1.264477986842393875e-02,-3.424864262342453003e-02,-3.351780120283365250e-03,1.674630120396614075e-02,2.809951081871986389e-02,6.388543639332056046e-03,2.297103404998779297e-02,3.295077243819832802e-03,9.305600076913833618e-03,1.416316162794828415e-02,2.698119962587952614e-03,-1.132170855998992920e-02,-1.450337935239076614e-02,-2.440751157701015472e-02,-1.071687601506710052e-02,1.542322896420955658e-02,-2.337425714358687401e-03,-1.691010966897010803e-02,-2.807430922985076904e-02,8.203040808439254761e-03,-2.287022955715656281e-02,-1.858599949628114700e-03,1.381034217774868011e-02,-1.945544593036174774e-02,5.267083179205656052e-03,7.352495100349187851e-03,1.239591627381742001e-03,-3.560951352119445801e-02,-1.788036152720451355e-02,-2.852478297427296638e-03,-1.013724505901336670e-02,-3.291927045211195946e-03,-1.291569438762962818e-03,-1.762834750115871429e-02,7.604508660733699799e-03,3.598753362894058228e-02,3.638445632532238960e-03,1.077357959002256393e-02,-2.100532874464988708e-02,-1.176903303712606430e-02,2.132034674286842346e-02,-3.248454630374908447e-02,1.709911972284317017e-02,-1.055306755006313324e-02,-3.833756083622574806e-03,1.882541179656982422e-02,8.833074942231178284e-03,3.571031987667083740e-02,2.279462479054927826e-02,-6.465722690336406231e-04,1.794021460227668285e-03,-3.898649662733078003e-02,1.432697009295225143e-02,1.470499020069837570e-02,-1.169342827051877975e-02,-2.291748300194740295e-03,7.283191662281751633e-03,-2.425630390644073486e-02,2.386568300426006317e-02,1.481839641928672791e-02,1.619186997413635254e-02,2.940998040139675140e-02,-2.179917134344577789e-02,2.882404951378703117e-03,-2.492414042353630066e-02,-1.114529930055141449e-02,-6.772864144295454025e-03,2.247960865497589111e-02,-1.389854680746793747e-02,-1.464198715984821320e-02,5.276533775031566620e-03,-1.447817869484424591e-02,-9.689920581877231598e-03,-6.728761829435825348e-03,4.589796531945466995e-03,-3.707119449973106384e-02,-7.528904825448989868e-03,7.220188155770301819e-03,-4.983568098396062851e-03,3.820525482296943665e-02,1.545158098451793194e-03,2.062730863690376282e-02,-2.807430922985076904e-02,1.251247245818376541e-02,-4.558295011520385742e-03,-5.046571139246225357e-03,-2.128254435956478119e-02,-9.248897433280944824e-03,1.311730500310659409e-02,2.784749679267406464e-02,2.809951081871986389e-02,1.038925815373659134e-02,1.470499020069837570e-02,2.653702720999717712e-02,-1.456165802665054798e-03,9.362303651869297028e-03,-4.145622719079256058e-03,-2.337425574660301208e-02,-2.588179148733615875e-02,1.291569415479898453e-02,9.437907487154006958e-03,2.036269567906856537e-02,2.229059860110282898e-02,1.570359454490244389e-03,-7.969928905367851257e-03,2.208268735557794571e-03,-6.873669568449258804e-03,-5.030820611864328384e-03,-9.658419527113437653e-03,-3.533229976892471313e-02,-8.675566874444484711e-03,-6.590154487639665604e-03,-8.026631549000740051e-03,-1.829618401825428009e-02,-1.234866445884108543e-03,-1.290309336036443710e-02,4.548844695091247559e-02,-2.140855044126510620e-02,-2.453194465488195419e-04,9.519811719655990601e-03,1.447817869484424591e-02,-4.314471781253814697e-02,2.058950625360012054e-02,1.158632244914770126e-02,4.211776424199342728e-03,1.268258225172758102e-02,1.188243925571441650e-02,2.726786583662033081e-02,1.347012445330619812e-02,1.924123428761959076e-02,4.203585907816886902e-02,2.169836685061454773e-02,-1.153749530203640461e-03,-5.956970155239105225e-03,-1.887581497430801392e-02,3.712159395217895508e-02,1.837178692221641541e-02,-8.039232343435287476e-03,6.073526572436094284e-03,-1.518381666392087936e-02,-2.298363484442234039e-02,-2.694024890661239624e-02,-2.838302636519074440e-03,-2.032489329576492310e-02,-5.799461621791124344e-03,-1.674630120396614075e-02,-1.370953675359487534e-02,5.575799848884344101e-03,6.851618527434766293e-04,-6.171181797981262207e-03,1.127760624513030052e-03,-9.860029676929116249e-04,3.376981616020202637e-02,-1.415607403032481670e-04,1.236126478761434555e-02,1.586425304412841797e-02,-5.131626036018133163e-03,-1.355832908302545547e-02,2.376802731305360794e-03,-4.035367164760828018e-03,-9.274099022150039673e-03,7.654911372810602188e-03,-9.639518335461616516e-03,1.806937158107757568e-02,-1.716212183237075806e-02,-1.431436929851770401e-02,-2.474457956850528717e-03,-2.424370311200618744e-02,-1.175643224269151688e-02,1.244946941733360291e-02,-3.339179558679461479e-03,-3.411633428186178207e-03,-1.969485916197299957e-02,1.527202129364013672e-02,-1.258492702618241310e-03,3.959132730960845947e-02,-2.520135603845119476e-03,-1.341184601187705994e-03,-2.028709091246128082e-02,-5.667154677212238312e-03,-2.613380551338195801e-02,1.610524137504398823e-03,-5.411990918219089508e-03,3.339179605245590210e-02,1.776695437729358673e-02,-5.686055868864059448e-03,5.150526762008666992e-03,-1.566264219582080841e-02,-2.716706134378910065e-02,8.984282612800598145e-03,-2.413029782474040985e-02,1.284639071673154831e-02,1.845999248325824738e-02,-1.872460730373859406e-02,-1.805047038942575455e-03,2.518875338137149811e-02,-2.651182562112808228e-02,9.456808678805828094e-03,5.780560895800590515e-03,2.270642109215259552e-02,-1.752754300832748413e-02,2.353176474571228027e-03,1.454118173569440842e-02,2.115653827786445618e-02,1.200214494019746780e-02,1.203364692628383636e-03,7.541505619883537292e-03,1.202104613184928894e-02,-2.171096764504909515e-02,-1.310470420867204666e-02,1.726292772218585014e-03,-6.552352104336023331e-03,-1.602806150913238525e-02,-1.818277686834335327e-02,-5.985322059132158756e-04,-8.429853245615959167e-03,7.333594374358654022e-03,8.694467134773731232e-03,2.526435814797878265e-02,3.395882667973637581e-03,-2.508794888854026794e-02,-2.418069913983345032e-02,1.265738066285848618e-02,2.827592007815837860e-02,3.017862327396869659e-03,2.070291340351104736e-02,2.988880686461925507e-02,4.027176648378372192e-02,-1.164932642132043839e-02,1.335671823471784592e-02,-2.830112166702747345e-02,-2.415549941360950470e-02,-2.331125363707542419e-02,5.469481693580746651e-04,2.757028304040431976e-02,-3.492907807230949402e-02,2.331125363707542419e-02,-1.263217907398939133e-02,-3.795323893427848816e-02,8.959081955254077911e-03,9.174868464469909668e-04,2.746947668492794037e-02,8.732269518077373505e-03,-3.321538493037223816e-02,-1.174383144825696945e-02,4.323607427068054676e-04,2.055170573294162750e-02,-1.643128320574760437e-02,-3.319018334150314331e-02,-3.298227209597826004e-03,-1.060977019369602203e-02,5.849864333868026733e-03,1.222895737737417221e-02,-2.797350473701953888e-02,3.789653768762946129e-03,1.688490808010101318e-02,-1.192339113913476467e-03,2.012328244745731354e-02,-1.106969546526670456e-02,-2.249220944941043854e-02,-3.263575490564107895e-03,-1.158632244914770126e-02,-3.732950659468770027e-03,1.275818608701229095e-02,2.415549941360950470e-02,-1.768820104189217091e-03,-1.737318350933492184e-03,5.884516518563032150e-03,-1.883801259100437164e-02,-7.131983526051044464e-03,1.844424172304570675e-03,-4.262179136276245117e-03,2.945408457890152931e-03,2.814991399645805359e-02,-2.618420682847499847e-02,9.916733019053936005e-03,-8.247143588960170746e-03,2.408304484561085701e-03,-1.789296232163906097e-02,-1.027585286647081375e-02,-2.031229250133037567e-02,3.193011507391929626e-02,9.866330772638320923e-03,-1.383554376661777496e-02,-4.649649839848279953e-03,-7.604508660733699799e-03,-5.448532849550247192e-02,-2.299623563885688782e-02,-7.938426919281482697e-03,1.784255914390087128e-02,-1.505780965089797974e-02,2.095492742955684662e-02,3.959132730960845947e-02,4.114121198654174805e-03,-4.388186149299144745e-03,1.396312611177563667e-03,-2.585658989846706390e-02,-1.110119652003049850e-02,1.692271046340465546e-02,-2.973759919404983521e-02,7.355645648203790188e-04,1.900182105600833893e-02,-2.273162268102169037e-02,-1.253767404705286026e-02,3.384542092680931091e-02,-1.029475312680006027e-02,9.009484201669692993e-04,9.992336854338645935e-03,6.297188345342874527e-03,-4.167674109339714050e-03,-5.512796342372894287e-03,-6.127079483121633530e-03,1.417576242238283157e-02,-3.310828004032373428e-03,9.652119129896163940e-03,-3.117407672107219696e-02,1.348272524774074554e-02,3.817611432168632746e-04,9.998637251555919647e-03,8.114836178719997406e-03,4.678001627326011658e-03,1.100039109587669373e-02,-1.306690275669097900e-02,5.487595219165086746e-03,7.522604428231716156e-03,-7.068980019539594650e-03,4.189725033938884735e-03,4.696902353316545486e-03,1.822057925164699554e-02,-1.411275845021009445e-02,-3.029202856123447418e-02,-9.941934607923030853e-03,-1.034515630453824997e-02,-1.190133951604366302e-02,2.157235890626907349e-02,2.323564887046813965e-02,-1.775435544550418854e-02,-1.673370040953159332e-02,-1.957830274477601051e-03,-9.330801665782928467e-03,-2.649292349815368652e-03,-1.388594694435596466e-02,-1.443565124645829201e-03,-1.254397444427013397e-02,-1.202577142976224422e-03,-1.217855513095855713e-02,1.359613053500652313e-02,-2.168576605618000031e-02,2.345300978049635887e-03,3.099766559898853302e-02,-2.724266424775123596e-02,-1.546103134751319885e-02,1.324331201612949371e-02,-5.248181987553834915e-03,-4.277930129319429398e-03,-3.674357384443283081e-02,-2.031229250133037567e-02,-4.756755661219358444e-03,-7.138283923268318176e-03,1.042076013982295990e-02,2.612671814858913422e-04,-4.072539135813713074e-02,-2.424370311200618744e-02,3.606943879276514053e-03,-6.684659514576196671e-03,1.871200650930404663e-02,2.296347469091415405e-01,-7.302092388272285461e-03,7.428099401295185089e-03,3.780203312635421753e-02,1.308107865042984486e-03,2.241660468280315399e-02,8.001429960131645203e-03,1.096258964389562607e-02,-9.803326800465583801e-03,2.449571713805198669e-02,-2.731826901435852051e-02,-8.788972161710262299e-03,2.749467827379703522e-02,-1.800321741029620171e-03,2.334905602037906647e-02,-5.191479250788688660e-02,-9.570214897394180298e-03,-2.618420682847499847e-02,-4.455599561333656311e-02,-3.840686380863189697e-02,2.797350473701953888e-02,-9.316625655628740788e-04,4.681151825934648514e-03,-3.082125633955001831e-02,1.167137757875025272e-03,5.119025241583585739e-03,7.352495100349187851e-03,1.716212183237075806e-02,3.417303785681724548e-02,6.520850583910942078e-03,-1.176903303712606430e-02,2.449256600812077522e-03,-1.309289073105901480e-04,-4.649649839848279953e-03,-8.795272558927536011e-03,7.988829165697097778e-03,1.143511477857828140e-02,-1.568784378468990326e-02,-2.022408647462725639e-03,-1.478059496730566025e-02,7.440700195729732513e-03,-2.332385443150997162e-02,-2.095492742955684662e-02,-1.559963822364807129e-02,2.220869297161698341e-03,3.114887513220310211e-02,-1.989647001028060913e-02,-2.728046616539359093e-03,-2.719226107001304626e-02,5.537997931241989136e-03,-4.432918503880500793e-02,-1.358353067189455032e-02,1.465458795428276062e-02,9.475709870457649231e-03,9.702521376311779022e-03,4.693752154707908630e-03,9.891531430184841156e-03,2.428780542686581612e-03,-1.278338767588138580e-02,9.299299679696559906e-03,6.949273403733968735e-03,1.533502433449029922e-02,3.236799093428999186e-04,3.681917861104011536e-02,1.840958930552005768e-02,2.794830314815044403e-02,-3.865887969732284546e-02,1.794021460227668285e-03,1.169500406831502914e-03,-2.352546527981758118e-02,-7.157184649258852005e-03,-7.402897812426090240e-03,1.086178421974182129e-02,1.945544593036174774e-02,1.590047962963581085e-03,7.724215276539325714e-03,-1.238016528077423573e-03,9.513511322438716888e-04,2.837672643363475800e-02,7.554105948656797409e-03,5.059959366917610168e-04,-2.870434336364269257e-02,4.385035950690507889e-03,7.131983526051044464e-03,-8.670841343700885773e-04,-1.806937158107757568e-02,1.449077855795621872e-03,1.520901732146739960e-02,-1.374733913689851761e-02,1.822057925164699554e-02,1.838438771665096283e-02,-1.679670251905918121e-02,-5.037121009081602097e-03,1.650688797235488892e-02,-2.600779756903648376e-02,9.343402460217475891e-03,1.777955517172813416e-02,2.147155441343784332e-02,-1.441517472267150879e-02,1.152331940829753876e-02,-1.006164122372865677e-02,2.421850152313709259e-02,6.596454419195652008e-03,9.734023362398147583e-03,-1.403715461492538452e-02,-5.591550841927528381e-03,1.522161811590194702e-02,1.484359800815582275e-02,-5.547448061406612396e-03,-2.231580018997192383e-02,4.835510160773992538e-03,-2.561717666685581207e-02,2.703239151742309332e-04,-1.561223901808261871e-02,1.559963822364807129e-02,-1.828673295676708221e-03,1.101929228752851486e-02,-3.162769973278045654e-02,4.478280618786811829e-02,-8.203040808439254761e-03,-2.270642109215259552e-02,-1.649428717792034149e-02,3.282082616351544857e-04,1.475539337843656540e-02,-3.101341659203171730e-03,-4.822909366339445114e-03,-1.401195302605628967e-02,1.054676715284585953e-02,-7.705314084887504578e-03,-3.631515055894851685e-02,1.324331201612949371e-02,-1.474279258400201797e-02,1.410015765577554703e-02,5.308035179041326046e-04,-2.887130249291658401e-03,1.341972127556800842e-02,-4.243908077478408813e-02,-1.092321239411830902e-03,-2.923357114195823669e-02,-1.539802737534046173e-02,-2.759548276662826538e-02,-2.731196815147995949e-03,2.111873589456081390e-02,1.038925815373659134e-02,-1.510821189731359482e-02,-8.354249410331249237e-03,2.395388856530189514e-02,7.850222289562225342e-03,2.258041314780712128e-02,-2.207638695836067200e-02,-2.235360257327556610e-02,-2.187477611005306244e-02,1.583905145525932312e-02,-2.417755080386996269e-03,3.903689980506896973e-02,-9.891531430184841156e-03,-2.504384610801935196e-03,-3.220733255147933960e-02,2.482333406805992126e-02,1.460418477654457092e-02,-4.513562843203544617e-02,-1.623912248760461807e-03,1.267628185451030731e-02,-1.969485916197299957e-02,-1.281331409700214863e-03,4.032216966152191162e-03,-1.576596796512603760e-01,1.635567843914031982e-02,2.546596899628639221e-02,-2.037529461085796356e-02,3.921330720186233521e-02,-1.106339506804943085e-02,7.617109455168247223e-03,-1.759054511785507202e-02,-1.050896476954221725e-02,-4.356684163212776184e-03,1.733853295445442200e-02,6.042025052011013031e-03,-3.147649392485618591e-02,-8.458204683847725391e-04,-1.748974062502384186e-02,-9.979736991226673126e-03,-4.692492261528968811e-02,2.705995459109544754e-03,3.067004866898059845e-02,2.901305910199880600e-03,4.545694217085838318e-03,1.674630120396614075e-02,7.257990073412656784e-03,-3.495427966117858887e-02,1.489400118589401245e-02,7.686413358896970749e-03,-3.281216323375701904e-02,1.673370040953159332e-02,-3.855807334184646606e-02,-1.489400118589401245e-02,-2.050130255520343781e-02,1.581384986639022827e-02,3.150169178843498230e-02,-1.515861507505178452e-02,1.829618401825428009e-02,6.501949392259120941e-03,-2.230319939553737640e-02,-1.583905145525932312e-02,1.471129129640758038e-03,4.829209763556718826e-03,1.512081269174814224e-02,8.347949013113975525e-03,7.237514364533126354e-04,-1.615406759083271027e-02,9.946660138666629791e-04,1.980826444923877716e-02,-5.928618833422660828e-03,-9.765525348484516144e-03,4.690601956099271774e-03,1.246207021176815033e-02,2.103053033351898193e-02,-2.711665816605091095e-02,6.016823463141918182e-03,5.493895150721073151e-03,-6.426345556974411011e-03,6.357041653245687485e-03,-2.850273251533508301e-02,1.804416999220848083e-02,2.064936095848679543e-03,1.524681970477104187e-02,-1.154222059994935989e-02,7.736816070973873138e-03,1.319133443757891655e-04,-1.284009031951427460e-02,4.290530458092689514e-03,-7.812419906258583069e-03,-4.788257647305727005e-03,-1.788036152720451355e-02,-1.917823031544685364e-02,5.657704081386327744e-03,-6.423195358365774155e-03,-1.388594694435596466e-02,-4.860711283981800079e-03,-2.084152027964591980e-02,2.472252957522869110e-02,1.961925439536571503e-02,-1.915303058922290802e-02,3.268615901470184326e-02,-1.404975540935993195e-02,-6.539751775562763214e-03,-1.164302602410316467e-02,3.334139287471771240e-02,-2.339945733547210693e-02,-8.927579969167709351e-03,-5.119025241583585739e-03,1.417576242238283157e-02,1.304170116782188416e-02,-1.475539337843656540e-02,-8.505457080900669098e-03,1.207144930958747864e-02,-1.048218808136880398e-03,-1.581384986639022827e-02,1.141621358692646027e-02,-1.053416635841131210e-02,3.699558973312377930e-02,2.346246130764484406e-02,3.647896228358149529e-03,1.237386558204889297e-02,-2.603299915790557861e-02,-2.000987529754638672e-02,2.411769703030586243e-02,-1.488140039145946503e-02,-3.293817117810249329e-02,4.186575300991535187e-03,2.332385443150997162e-02,1.869940571486949921e-02,2.312224358320236206e-02,1.799376681447029114e-02,3.394622355699539185e-02,-2.687094500288367271e-03,6.477535935118794441e-04,-1.072947680950164795e-02,8.077033795416355133e-03,3.623954951763153076e-02,1.421356387436389923e-02,1.350792590528726578e-02,1.095628924667835236e-02,-8.146338164806365967e-03,2.416810020804405212e-02,3.041488584131002426e-03,5.050351470708847046e-02,-2.023668773472309113e-02,2.768998965620994568e-03,-1.274558529257774353e-02,-1.786776073276996613e-02,-2.691504731774330139e-02,-1.002005860209465027e-01,-4.523643292486667633e-03,8.077033795416355133e-03,2.570538222789764404e-02,2.556677535176277161e-02,1.949324831366539001e-02,7.327293977141380310e-03,-5.537997931241989136e-03,-2.087932266294956207e-02,3.777052974328398705e-03,-9.589115157723426819e-03,2.149990526959300041e-03,-1.256130053661763668e-03,1.022544968873262405e-02,2.155975997447967529e-02,-1.890101656317710876e-02,-2.069031260907649994e-02,1.029475312680006027e-02,-5.509646143764257431e-03,-4.035367164760828018e-03,-5.331661668606102467e-04,-4.999318625777959824e-03,-1.086020842194557190e-03,-4.104670602828264236e-03,1.233606319874525070e-02,2.266546944156289101e-03,-2.110613510012626648e-02,2.439491078257560730e-02,1.207144930958747864e-02,6.993376184254884720e-03,-3.805404528975486755e-03,-8.385750465095043182e-03,-6.539751775562763214e-03,9.456808678805828094e-03,-1.397415157407522202e-02,-5.632502958178520203e-03,-2.794830314815044403e-02,-2.628501318395137787e-02,2.935957908630371094e-02,2.507534809410572052e-03,2.154715918004512787e-02,2.943833358585834503e-03,1.919634523801505566e-04,7.521029328927397728e-04,4.230677615851163864e-03,-2.943833358585834503e-03,-1.105079427361488342e-02,2.251741103827953339e-02,4.498441889882087708e-02,-5.660854279994964600e-03,-4.125461727380752563e-02,7.207587361335754395e-03,-3.051884099841117859e-02,-8.026631549000740051e-03,2.123214071616530418e-03,-9.343402460217475891e-03,3.843206679448485374e-03,1.112009771168231964e-02,-2.488633804023265839e-02,6.001072470098733902e-03,2.100532874464988708e-02,-1.081295660696923733e-03,-9.456808678805828094e-03,1.074207760393619537e-02,-1.109489612281322479e-02,-3.487237496301531792e-03,-5.657704081386327744e-03,-1.980826444923877716e-02,7.113082334399223328e-03,-3.077085502445697784e-02,1.148551702499389648e-02,-1.113899890333414078e-02,-8.744870312511920929e-03,4.630749113857746124e-03,-3.099766559898853302e-02,-9.935634210705757141e-03,-1.275818608701229095e-02,-1.753069227561354637e-03,2.168576605618000031e-02,-1.668329723179340363e-02,-4.470720514655113220e-02,-2.244180627167224884e-02,7.308392785489559174e-03,2.950133522972464561e-03,2.295843511819839478e-02,1.669589802622795105e-02,-4.397636279463768005e-03,-1.602806150913238525e-02,2.794830314815044403e-02,-1.241796743124723434e-02,-1.028845272958278656e-02,1.339451968669891357e-02,3.114887513220310211e-02,-6.205833517014980316e-03,-2.149990526959300041e-03,1.811977475881576538e-02,-1.169342827051877975e-02,-1.759054511785507202e-02,-1.493180287070572376e-03,2.133294753730297089e-02,-7.018577307462692261e-03,-5.928618833422660828e-03,-6.239855289459228516e-02,9.526112116873264313e-03,-2.003507688641548157e-02,-8.599962107837200165e-03,2.512260107323527336e-03,-1.034515630453824997e-02,4.643349442631006241e-03,-6.300338543951511383e-03,-1.201474573463201523e-02,-2.226539701223373413e-02,-1.079878024756908417e-02,-4.240127746015787125e-03,7.478502113372087479e-03,-8.826774545013904572e-03,-8.108535781502723694e-03,-1.857339777052402496e-02,2.832632325589656830e-02,1.379774138331413269e-02,-2.095492742955684662e-02,8.763771504163742065e-03,9.450508281588554382e-03,9.740323759615421295e-03,-1.195174269378185272e-02,1.412535924464464188e-02,-1.915303058922290802e-02,1.861120015382766724e-02,-1.364653371274471283e-02,2.250481024384498596e-02,-3.039913484826683998e-03,-1.480579562485218048e-02,5.742758512496948242e-03,-1.268258225172758102e-02,7.793519180268049240e-03,2.900675870478153229e-02,7.768317591398954391e-03,-2.443271316587924957e-02,1.103346818126738071e-03,3.109847195446491241e-02,-1.410685217706486583e-04,5.151157081127166748e-02,-1.617926917970180511e-02,-1.001123804599046707e-02,3.167810291051864624e-02,2.434450946748256683e-02,6.205833517014980316e-03,3.029202856123447418e-02,7.428099401295185089e-03,1.738893426954746246e-02,5.871915724128484726e-03,3.298227209597826004e-03,9.223695844411849976e-03,2.736867219209671021e-02,1.223525777459144592e-02,-2.578098513185977936e-02,9.623767109587788582e-04,-1.593985781073570251e-02,9.500910528004169464e-03,-1.064127217978239059e-02,-7.831321097910404205e-03,-3.361860662698745728e-02,3.460146114230155945e-02,3.764452412724494934e-03,-1.359613053500652313e-02,-5.339537281543016434e-03,1.543582975864410400e-02,1.757794432342052460e-02,2.677644079085439444e-04,8.341648615896701813e-03,-6.404294166713953018e-03,-2.440751157701015472e-02,-2.603299915790557861e-02,1.590047962963581085e-03,1.121460273861885071e-02,5.956970155239105225e-03,2.288283035159111023e-02,3.898334762197919190e-05,5.875065922737121582e-03,-1.941764354705810547e-02,-1.185723766684532166e-02,1.466718874871730804e-02,3.649156168103218079e-02,7.308392669074237347e-04,-1.058456860482692719e-02,1.742673665285110474e-02,2.660318044945597649e-03,1.573824696242809296e-02,4.885912872850894928e-03,-2.787899924442172050e-03,-1.132170855998992920e-02,5.949882324784994125e-04,1.416316162794828415e-02,1.670849882066249847e-02,1.260067708790302277e-02,7.138283923268318176e-03,-1.718732342123985291e-02,2.216459251940250397e-02,8.354249410331249237e-03,6.552352104336023331e-03,1.077357959002256393e-02,1.969485916197299957e-02,-2.000987529754638672e-02,5.667154677212238312e-03,2.275682426989078522e-02,8.738569915294647217e-03,-2.395388856530189514e-02,2.445791475474834442e-02,-2.905716188251972198e-02,-2.913276664912700653e-02,-1.152961980551481247e-02,7.591908331960439682e-03,5.096973851323127747e-03,-9.867905173450708389e-04,2.041309699416160583e-02,1.495700422674417496e-02,-2.595739625394344330e-02,1.452858094125986099e-02,3.417303785681724548e-02,1.625487394630908966e-02,-1.062867138534784317e-02,2.118173800408840179e-02,2.341205812990665436e-02,2.046350017189979553e-02,-1.471916679292917252e-03,-2.392868697643280029e-02,1.803156919777393341e-02,1.751494221389293671e-02,-5.396239925175905228e-03,-2.860353700816631317e-02,-1.322283642366528511e-03,-8.606262505054473877e-03,1.229826081544160843e-02,-9.677320718765258789e-03,-2.678903937339782715e-02,-1.218485552817583084e-02,2.376487851142883301e-02,3.560951352119445801e-02,3.354930318892002106e-03,3.329098969697952271e-02,-1.339451968669891357e-02,2.459652163088321686e-02,-1.098149083554744720e-02,-2.359476871788501740e-03,-6.316089536994695663e-03,3.606943879276514053e-03,2.867914177477359772e-02,-6.199533119797706604e-03,2.032489329576492310e-02,-1.023805048316717148e-02,-2.787269838154315948e-02,8.070734329521656036e-03,-1.343232207000255585e-02,6.886270362883806229e-03,-1.699831336736679077e-02,-2.835152484476566315e-02,6.779164541512727737e-03,-2.052650414407253265e-02,-2.634329139254987240e-04,-1.260067801922559738e-03,6.076676771044731140e-03,1.255657523870468140e-02,-1.373473834246397018e-02,-1.330631505697965622e-02,-9.771825745701789856e-03,-2.729306742548942566e-02,-2.212679013609886169e-02,2.003507688641548157e-03,5.200929474085569382e-03,2.205118536949157715e-03,-3.001481294631958008e-02,2.264341711997985840e-02,7.736816070973873138e-03,-3.591192886233329773e-02,-2.110613510012626648e-02,1.159262377768754959e-03,-2.724266424775123596e-02,-2.589045325294137001e-04,-2.268121950328350067e-02,-4.495291505008935928e-03,1.446557790040969849e-02,-7.554105948656797409e-03,1.147291716188192368e-02,-3.124967962503433228e-02,-1.488140039145946503e-02,2.547856979072093964e-02,-3.881008597090840340e-03,-1.153592020273208618e-02,4.136172588914632797e-03,-1.785515993833541870e-02
-2.911395393311977386e-03,-2.646057121455669403e-02,7.357557304203510284e-03,-1.105298195034265518e-02,-2.179967612028121948e-02,2.849804982542991638e-02,-7.364215329289436340e-03,-1.039379741996526718e-02,-1.211000635521486402e-04,-1.164558157324790955e-02,1.608674973249435425e-02,1.246456708759069443e-02,-1.817749440670013428e-02,-3.099495777860283852e-03,1.641966961324214935e-02,7.763721048831939697e-03,1.173214055597782135e-02,1.305716671049594879e-02,-8.252282859757542610e-04,-2.089080167934298515e-03,-2.413678215816617012e-03,2.004185318946838379e-02,4.774088971316814423e-03,2.259702159790322185e-04,-2.815181203186511993e-02,1.649957150220870972e-02,2.542185783386230469e-02,-2.712641470134258270e-02,-1.897650398313999176e-02,-2.801864221692085266e-02,2.033482305705547333e-02,-1.299724075943231583e-02,-1.555407512933015823e-02,-2.092076465487480164e-02,-3.473033383488655090e-02,-2.466279827058315277e-02,1.023399550467729568e-02,-1.165889855474233627e-02,3.592218970879912376e-03,2.733282512053847313e-03,3.722474502865225077e-04,-9.180300403386354446e-04,1.902977190911769867e-02,-2.784885233268141747e-03,-4.527727607637643814e-03,2.491581812500953674e-02,-2.644725516438484192e-02,-1.151241268962621689e-02,-1.555407512933015823e-02,2.318462729454040527e-02,3.576904535293579102e-02,1.265766192227602005e-02,-1.328355353325605392e-02,-3.078854642808437347e-02,-1.458194572478532791e-02,1.533934148028492928e-03,-2.618091739714145660e-02,9.142014198005199432e-03,1.099971402436494827e-02,-1.514125335961580276e-02,7.417482789605855942e-03,1.367640029639005661e-02,-9.807856753468513489e-03,1.047369930893182755e-02,-5.233520176261663437e-03,-1.276419591158628464e-02,-1.167887356132268906e-02,1.009416859596967697e-02,-2.340435516089200974e-03,-1.536763925105333328e-02,1.817749440670013428e-02,1.709550037048757076e-03,6.292209494858980179e-03,3.287596162408590317e-03,4.032340645790100098e-02,-2.647388912737369537e-02,-1.147246267646551132e-02,-8.070007897913455963e-03,-1.536763925105333328e-02,-1.486492925323545933e-03,3.825263818725943565e-03,-1.329021155834197998e-02,-6.635118275880813599e-03,-2.138685435056686401e-02,1.089317910373210907e-02,2.269190549850463867e-02,2.578474115580320358e-03,1.512793637812137604e-02,9.068771265447139740e-03,-2.483591623604297638e-02,2.897745557129383087e-02,1.219157222658395767e-02,8.842385374009609222e-03,2.801531460136175156e-03,-2.467611432075500488e-02,-7.524017710238695145e-03,-2.427660860121250153e-02,1.136925653554499149e-03,5.216874182224273682e-03,-2.550175972282886505e-02,7.803671527653932571e-03,4.684200510382652283e-03,-2.422334253787994385e-02,-3.781984094530344009e-03,-1.514125335961580276e-02,-1.447541080415248871e-02,1.877675205469131470e-02,-9.679681970737874508e-04,2.025492116808891296e-02,-8.382954634726047516e-03,-1.964234746992588043e-03,3.025587275624275208e-02,1.880338601768016815e-02,-3.419765830039978027e-02,1.404927205294370651e-02,-1.587367989122867584e-02,1.474008313380181789e-03,1.470179762691259384e-02,-2.217254787683486938e-02,-3.815276315435767174e-03,-1.388947013765573502e-02,8.564396412111818790e-04,6.585179828107357025e-03,-1.066679321229457855e-02,1.795110851526260376e-02,3.038904070854187012e-02,-4.041662439703941345e-03,-7.478240877389907837e-04,-6.575192674063146114e-04,2.505231648683547974e-03,3.302577510476112366e-02,-3.955102991312742233e-03,2.648720517754554749e-02,-2.704984217416495085e-04,3.718729130923748016e-03,1.089317910373210907e-02,-1.015409454703330994e-02,3.475696546956896782e-03,-5.549795459955930710e-03,-8.243127726018428802e-03,1.657947339117527008e-02,1.760486885905265808e-02,-7.930180989205837250e-03,6.446185288950800896e-04,1.811091043055057526e-02,2.754922490566968918e-03,2.905735746026039124e-02,1.811091043055057526e-02,-2.739941002801060677e-03,-1.827071234583854675e-02,-5.270141642540693283e-03,1.848378218710422516e-02,2.622086927294731140e-02,-2.045467495918273926e-02,1.159231364727020264e-02,9.574811905622482300e-03,-1.509797293692827225e-03,2.440977841615676880e-02,2.839151397347450256e-02,-3.985065966844558716e-03,6.275563500821590424e-03,1.268429565243422985e-03,1.107961498200893402e-02,-5.989251192659139633e-03,1.257609575986862183e-03,3.699419647455215454e-02,9.934366680681705475e-03,-6.009226664900779724e-03,-3.470369800925254822e-02,-1.729858294129371643e-02,1.867021806538105011e-02,3.092171438038349152e-02,-1.721868105232715607e-02,2.373061887919902802e-02,-1.044040638953447342e-02,3.149433992803096771e-03,1.040378585457801819e-03,4.414534196257591248e-03,-3.800627589225769043e-02,9.514885954558849335e-03,-4.724816605448722839e-02,2.732616662979125977e-02,2.683344297111034393e-02,-2.560163615271449089e-03,3.312565386295318604e-03,1.922952570021152496e-02,6.346309091895818710e-04,-1.502140145748853683e-02,4.194806329905986786e-03,1.458194572478532791e-03,-4.084942396730184555e-03,6.944735068827867508e-03,-1.736516691744327545e-02,-3.084181435406208038e-02,-6.468790769577026367e-01,-2.878103172406554222e-03,-7.736255065537989140e-04,-3.668790915980935097e-03,1.784457266330718994e-02,1.781793870031833649e-02,2.012175321578979492e-02,1.430229190737009048e-02,-4.122895374894142151e-02,3.249310329556465149e-02,-1.224483922123908997e-02,3.550270944833755493e-02,-1.909302663989365101e-03,-1.885665394365787506e-02,-4.834014922380447388e-03,-2.793874219059944153e-02,1.727194897830486298e-02,-2.068106085062026978e-02,6.372110452502965927e-03,-2.648387569934129715e-03,2.506896154955029488e-03,2.100732410326600075e-03,1.302387472242116928e-02,-2.936364384368062019e-03,1.360981632024049759e-02,9.914391674101352692e-03,1.913630776107311249e-02,-1.974888145923614502e-02,3.765338100492954254e-03,-3.695424646139144897e-03,-4.013697057962417603e-02,1.708551310002803802e-02,-2.590126357972621918e-03,1.468848064541816711e-02,3.409112244844436646e-02,-1.809759251773357391e-02,-1.696566119790077209e-02,3.675449267029762268e-02,2.977646701037883759e-02,2.495243912562727928e-03,-2.054789289832115173e-02,-1.734519144520163536e-03,-1.894321292638778687e-03,-1.000095065683126450e-02,-4.427851177752017975e-03,1.780462265014648438e-02,6.192333064973354340e-03,-3.560175246093422174e-04,2.169314026832580566e-02,2.163987420499324799e-02,1.402263808995485306e-02,-2.688671089708805084e-02,3.012936329469084740e-03,8.336345665156841278e-03,9.867782704532146454e-03,-1.233472838066518307e-03,2.945686131715774536e-02,-2.277180552482604980e-02,-1.191191840916872025e-02,9.288500063121318817e-03,1.893655396997928619e-02,4.298011772334575653e-03,-1.821744441986083984e-02,-1.098639704287052155e-02,-5.779510829597711563e-03,7.823646999895572662e-03,-6.858175620436668396e-03,-5.060401279479265213e-03,1.208503730595111847e-02,3.270617127418518066e-02,-9.321791585534811020e-04,1.592694781720638275e-02,-1.106629893183708191e-02,1.097807427868247032e-03,2.349091507494449615e-02,2.611433342099189758e-02,8.209834806621074677e-03,-3.928469493985176086e-03,7.765385671518743038e-04,-2.403690712526440620e-03,1.237800810486078262e-02,-1.415580697357654572e-02,-1.355654839426279068e-02,8.922286331653594971e-03,1.575382798910140991e-02,-3.377484856173396111e-03,-2.508893609046936035e-02,-4.048320930451154709e-03,1.773803867399692535e-02,6.891467608511447906e-03,-5.113668739795684814e-03,2.394368872046470642e-02,1.008751057088375092e-02,-7.184437941759824753e-03,2.341101504862308502e-02,1.739512896165251732e-03,-2.330447919666767120e-02,-1.141919475048780441e-02,2.543517388403415680e-03,1.084657013416290283e-02,1.867021806538105011e-02,-4.524398129433393478e-03,3.270617127418518066e-02,-1.639636611798778176e-04,1.801103353500366211e-03,2.333777258172631264e-03,-8.422904647886753082e-03,1.925615780055522919e-02,5.896033253520727158e-03,-4.277370870113372803e-02,-2.097403164952993393e-03,1.889660395681858063e-02,4.361266735941171646e-03,2.208931837230920792e-03,-1.003424264490604401e-02,-3.512983769178390503e-02,2.257205359637737274e-02,8.223151788115501404e-03,1.217825524508953094e-02,-4.274707287549972534e-02,2.307809330523014069e-02,3.832587972283363342e-02,-2.682012692093849182e-02,-9.494910947978496552e-03,4.640920553356409073e-03,2.089413069188594818e-02,-1.439550984650850296e-02,-1.649957150220870972e-02,-3.851481305900961161e-04,-1.145248673856258392e-02,-3.046228317543864250e-03,-4.504423122853040695e-03,4.531056620180606842e-03,5.393322557210922241e-03,3.313231095671653748e-02,-8.223152253776788712e-04,7.410824298858642578e-03,-6.258917506784200668e-03,3.688766062259674072e-02,-2.484923414885997772e-02,-1.645962148904800415e-02,-8.070007897913455963e-03,-4.517739638686180115e-03,1.408922206610441208e-02,8.922286331653594971e-03,-2.743270248174667358e-02,-2.109055407345294952e-03,-3.829924762248992920e-02,-4.125558584928512573e-02,4.700846504420042038e-03,4.533054307103157043e-02,-9.148673154413700104e-03,-2.590126357972621918e-02,-1.095310505479574203e-02,1.307547790929675102e-03,-1.072671916335821152e-02,-1.304384972900152206e-02,-1.372966729104518890e-02,-3.615523455664515495e-03,-1.329021155834197998e-02,-1.475506462156772614e-02,1.480666804127395153e-03,1.090316727641038597e-04,-5.456577520817518234e-03,7.843622006475925446e-03,-1.067345123738050461e-02,-1.789784058928489685e-02,-2.487586811184883118e-02,-2.607438340783119202e-02,-2.512888796627521515e-02,-8.369637653231620789e-03,2.507562004029750824e-02,-8.476171642541885376e-03,2.652715519070625305e-02,-2.350423252210021019e-03,-5.446589551866054535e-03,-2.145343832671642303e-02,-2.042804099619388580e-02,-4.078283905982971191e-03,1.831066235899925232e-02,1.021402049809694290e-02,1.526443404145538807e-03,-2.772567234933376312e-02,-4.607628565281629562e-03,1.627318561077117920e-02,-2.704651281237602234e-02,2.660039812326431274e-03,1.496813446283340454e-02,-1.301055774092674255e-02,9.887757711112499237e-03,5.932654719799757004e-03,-9.122039191424846649e-03,-6.791591295041143894e-04,-7.424141513183712959e-04,-1.118614990264177322e-02,2.745933458209037781e-02,1.127936784178018570e-02,1.578046195209026337e-02,-7.883572019636631012e-03,2.233234979212284088e-02,-1.456862874329090118e-02,4.015028942376375198e-03,2.929705940186977386e-02,-1.091315504163503647e-02,5.097688362002372742e-02,-2.354418300092220306e-02,8.329686708748340607e-03,-1.233139913529157639e-02,3.097498230636119843e-02,-1.712546311318874359e-02,3.718729130923748016e-03,-2.600779943168163300e-02,-1.827071234583854675e-02,1.704556122422218323e-02,2.197279594838619232e-03,7.623894140124320984e-03,8.236468769609928131e-03,1.354989036917686462e-02,8.176542818546295166e-03,-5.176923703402280807e-03,1.129934377968311310e-02,8.216493763029575348e-03,-7.390849292278289795e-03,-1.717873103916645050e-02,-4.197469726204872131e-02,4.204793833196163177e-03,6.924759596586227417e-03,1.159231364727020264e-02,-9.634737856686115265e-03,1.249286578968167305e-03,-1.089983806014060974e-02,-1.232474017888307571e-02,-1.842718455009162426e-03,1.703224517405033112e-02,1.131265982985496521e-02,-9.142014198005199432e-03,-1.982545247301459312e-03,-2.667364105582237244e-02,-2.333777258172631264e-03,-2.361076697707176208e-02,3.364168107509613037e-03,1.865690015256404877e-02,-5.370018072426319122e-03,1.688575930893421173e-02,3.131123259663581848e-03,2.191952802240848541e-02,1.843051426112651825e-02,-5.879387259483337402e-03,-2.828497998416423798e-02,1.829734630882740021e-02,-3.334538266062736511e-02,-1.230476517230272293e-02,-3.587558120489120483e-02,7.870255969464778900e-03,2.696661278605461121e-02,-3.403785824775695801e-02,-8.209834806621074677e-03,5.340055096894502640e-03,2.370398491621017456e-02,3.755350410938262939e-02,-3.162750741466879845e-03,1.238466612994670868e-02,1.139921974390745163e-02,5.469894036650657654e-03,3.028250671923160553e-02,4.657566547393798828e-03,8.156567811965942383e-03,-2.410349063575267792e-02,-1.093978807330131531e-02,-8.496147580444812775e-03,-1.986873336136341095e-02,-9.161989204585552216e-03,1.014743652194738388e-02,1.544754114001989365e-02,2.205602591857314110e-03,-4.104917403310537338e-03,2.215922996401786804e-02,6.764957681298255920e-03,2.294492535293102264e-02,1.044706534594297409e-02,-1.619328372180461884e-02,-3.273280709981918335e-02,4.394559189677238464e-03,3.709989832714200020e-04,-7.836963981389999390e-03,-4.241415299475193024e-03,-3.622182086110115051e-02,2.090744674205780029e-03,-2.956339716911315918e-02,2.495576813817024231e-02,-1.207837834954261780e-02,1.371635124087333679e-02,1.229144819080829620e-02,-3.995053470134735107e-03,-2.580804564058780670e-02,-8.562731556594371796e-03,1.329021155834197998e-02,5.030438303947448730e-03,1.050033234059810638e-02,-5.386664066463708878e-03,-5.832778289914131165e-03,-1.877675205469131470e-02,-4.371254704892635345e-03,9.415009990334510803e-03,5.417292565107345581e-02,1.731189899146556854e-02,7.464091759175062180e-03,-1.031223218888044357e-03,2.105726161971688271e-03,-1.912298984825611115e-02,4.261390306055545807e-03,-3.007942344993352890e-03,-2.391705475747585297e-02,-3.901835763826966286e-03,7.743745576590299606e-03,1.309045869857072830e-02,-1.721868105232715607e-02,4.031674936413764954e-03,7.171121425926685333e-03,-2.550175972282886505e-02,2.130695246160030365e-02,-1.837724633514881134e-02,-1.861695013940334320e-02,8.323028683662414551e-03,8.831731975078582764e-02,-9.421668364666402340e-04,7.184437941759824753e-03,-8.309711702167987823e-03,5.100351758301258087e-03,2.932369336485862732e-02,-6.951393093913793564e-03,-2.453628694638609886e-03,1.502140145748853683e-02,-2.199942804872989655e-02,-3.465709043666720390e-03,-1.062850700691342354e-03,1.867021806538105011e-02,-1.151241268962621689e-02,2.556834369897842407e-02,1.890992000699043274e-02,-3.523637354373931885e-02,-1.306382566690444946e-02,-1.736183767206966877e-03,-2.327118767425417900e-03,4.960524849593639374e-03,2.998370910063385963e-04,-1.950917881913483143e-03,1.333016250282526016e-02,1.872348412871360779e-02,7.530676200985908508e-03,2.804527617990970612e-02,2.266527153551578522e-02,-4.840673413127660751e-03,-3.608865197747945786e-03,-2.745933458209037781e-02,6.645105779170989990e-03,1.134428777731955051e-03,4.737467970699071884e-03,-2.213259786367416382e-02,-2.340435516089200974e-03,5.959288217127323151e-03,4.192142933607101440e-02,2.369066886603832245e-02,-1.969561353325843811e-02,3.193379566073417664e-02,2.743270248174667358e-02,4.194806329905986786e-03,-1.317701861262321472e-02,1.528940279968082905e-03,-1.977551542222499847e-02,-1.085322909057140350e-02,2.636735327541828156e-02,-3.895177273079752922e-03,-1.302387472242116928e-02,3.225339949131011963e-02,-3.829924762248992920e-02,-1.614001579582691193e-02,-1.965566352009773254e-02,-1.205174531787633896e-02,-3.019594587385654449e-03,2.911062352359294891e-02,8.849043399095535278e-03,-1.052030827850103378e-02,3.354180371388792992e-03,-1.379625219851732254e-02,-1.775135472416877747e-02,-1.010415609925985336e-03,-9.361742064356803894e-03,-3.899172320961952209e-02,1.731189899146556854e-02,-1.956244558095932007e-02,1.570056006312370300e-02,-3.483686596155166626e-02,-4.907257389277219772e-03,-1.902977190911769867e-02,-1.464020693674683571e-03,-1.759155280888080597e-02,7.803671527653932571e-03,4.477123543620109558e-02,4.993816837668418884e-03,5.676305387169122696e-03,-5.353372078388929367e-03,4.907257389277219772e-03,2.162655629217624664e-02,1.647293753921985626e-02,-1.689907722175121307e-02,-1.198516041040420532e-02,-2.045467495918273926e-02,-1.269761193543672562e-02,4.317321255803108215e-02,-9.446637122891843319e-04,-1.641301205381751060e-03,-9.947683662176132202e-03,-1.742842141538858414e-03,9.068771265447139740e-03,-1.240464113652706146e-02,-1.665937341749668121e-02,-1.555407512933015823e-02,1.933605968952178955e-02,1.111956592649221420e-02,-2.295491285622119904e-03,-1.775135472416877747e-02,-5.726243369281291962e-03,-7.057928014546632767e-03,-1.213830430060625076e-02,-9.208598174154758453e-03,7.370873820036649704e-03,-5.699609871953725815e-03,9.901074692606925964e-03,4.698183014988899231e-02,-6.312184501439332962e-03,2.544849179685115814e-02,-9.301816113293170929e-03,-8.862360380589962006e-03,2.562160976231098175e-02,-2.969656512141227722e-02,1.330352853983640671e-02,-3.014933876693248749e-02,-2.004185318946838379e-02,2.430324256420135498e-02,-4.840673413127660751e-03,4.423855990171432495e-02,3.054884262382984161e-02,-1.564729399979114532e-02,-2.040140703320503235e-02,-2.191952802240848541e-02,1.502140145748853683e-02,8.163225837051868439e-03,-1.969561353325843811e-02,7.590601686388254166e-03,3.725387388840317726e-03,7.830305024981498718e-03,1.291068177670240402e-02,1.303719170391559601e-02,1.165223959833383560e-02,2.603443339467048645e-02,-8.442879654467105865e-03,-8.156567811965942383e-03,-1.394273713231086731e-02,-1.173879951238632202e-02,-4.401217214763164520e-03,2.401027269661426544e-02,-3.766003996133804321e-02,-1.668600738048553467e-02,-4.933891352266073227e-03,-2.261200360953807831e-02,-1.456862874329090118e-02,-1.291733980178833008e-02,-1.679254136979579926e-02,-4.562351107597351074e-02,-6.215637549757957458e-03,7.027757237665355206e-05,-6.115761119872331619e-03,4.184152930974960327e-02,-2.334442920982837677e-02,2.647388912737369537e-02,-1.336345449090003967e-02,-7.636378286406397820e-04,6.438694894313812256e-03,-5.133643746376037598e-03,-2.146675437688827515e-02,-2.985636703670024872e-02,2.241225168108940125e-02,7.517359219491481781e-03,2.060115896165370941e-02,2.923047635704278946e-03,3.110815025866031647e-02,1.402263808995485306e-02,-3.056216053664684296e-03,5.083705764263868332e-03,2.605107845738530159e-03,-2.214591391384601593e-02,-2.377056889235973358e-02,7.497383747249841690e-03,-4.278036765754222870e-03,3.014933876693248749e-02,1.074003614485263824e-02,-1.280414685606956482e-02,1.016075350344181061e-02,3.030914068222045898e-02,6.738323718309402466e-03,-1.229810714721679688e-02,-1.506135240197181702e-02,-3.600874915719032288e-02,-3.482355037704110146e-03,4.278036765754222870e-03,1.336345449090003967e-02,-7.763721048831939697e-03,-1.412917301058769226e-02,-8.129933848977088928e-03,2.468943223357200623e-02,-1.809759251773357391e-02,-1.424902491271495819e-02,3.685436910018324852e-03,1.564729399979114532e-02,-4.466469958424568176e-02,1.314372662454843521e-02,5.220203194767236710e-03,5.809473805129528046e-03,1.237134914845228195e-02,9.927708655595779419e-03,3.046894259750843048e-02,2.069104928523302078e-03,2.676685899496078491e-02,3.523637354373931885e-02,6.185674574226140976e-03,-6.891467608511447906e-03,-2.574146166443824768e-02,-3.084181435406208038e-02,2.783220633864402771e-02,4.887282382696866989e-03,-1.083325408399105072e-02,-1.803100854158401489e-02,-1.089317910373210907e-02,-2.000190131366252899e-02,-2.542185783386230469e-02,-3.339864686131477356e-02,-1.992200128734111786e-02,2.385047078132629395e-02,2.611766336485743523e-03,-2.126700244843959808e-02,1.258441898971796036e-02,-1.123608788475394249e-03,-1.311043463647365570e-02,1.704556122422218323e-02,1.479501556605100632e-02,2.246551774442195892e-02,-2.336690231459215283e-04,7.797013036906719208e-03,2.302482537925243378e-02,4.847331903874874115e-03,-1.672595739364624023e-02,-2.181299217045307159e-02,3.951773978769779205e-03,-9.454960003495216370e-03,1.814420218579471111e-03,4.670883528888225555e-03,1.219823025166988373e-02,-1.253781002014875412e-02,-9.787881746888160706e-03,-7.430799771100282669e-03,-2.634071931242942810e-02,-4.450489580631256104e-02,1.451536174863576889e-02,2.040140703320503235e-02,-1.821078592911362648e-03,8.649291470646858215e-03,1.698938140179961920e-04,-1.066679321229457855e-02,2.780557237565517426e-02,-1.201637205667793751e-04,1.335013750940561295e-02,-3.654142469167709351e-02,-1.068011019378900528e-02,-2.919052541255950928e-02,1.731189899146556854e-02,8.968895301222801208e-03,1.981546543538570404e-02,1.068011019378900528e-02,-5.995909683406352997e-03,-8.369637653231620789e-03,-1.064681820571422577e-02,-1.512793637812137604e-02,-3.938456997275352478e-03,-2.016170322895050049e-02,1.603348180651664734e-02,2.086749672889709473e-02,-3.454389795660972595e-02,1.692571118474006653e-02,3.667459264397621155e-02,-3.073527850210666656e-02,2.866450930014252663e-03,3.364168107509613037e-03,2.062779292464256287e-02,-3.459716588258743286e-02,8.780795033089816570e-04,2.002853527665138245e-02,-1.214496325701475143e-02,1.952249556779861450e-02,6.448682397603988647e-03,4.624274559319019318e-03,1.974222250282764435e-03,-2.579472959041595459e-02,-1.583372987806797028e-02,1.415580697357654572e-02,-7.672791980439797044e-05,2.460287185385823250e-03,-1.395605411380529404e-02,-2.543517388403415680e-02,-2.140017040073871613e-02,-6.471154629252851009e-04,-1.732521504163742065e-02,1.229144819080829620e-02,-7.057928014546632767e-03,-2.069437690079212189e-02,-2.179967612028121948e-02,2.050794102251529694e-02,2.579472959041595459e-02,-2.346428111195564270e-02,-2.119042910635471344e-03,3.339864686131477356e-02,4.695519804954528809e-02,-3.975078463554382324e-03,2.654047310352325439e-02,-2.339769713580608368e-02,-2.132027037441730499e-02,-1.683249324560165405e-02,8.116616867482662201e-03,3.528964146971702576e-02,-1.957576349377632141e-02,1.914962381124496460e-02,-1.491486653685569763e-02,-2.229239977896213531e-02,-6.135736592113971710e-03,-1.979216234758496284e-03,2.366403490304946899e-02,1.792447455227375031e-02,-2.703319676220417023e-02,-1.371635124087333679e-02,-8.522780844941735268e-04,2.533529885113239288e-03,-1.633976958692073822e-02,-3.638162091374397278e-02,1.384951919317245483e-02,-5.879387259483337402e-03,9.288500063121318817e-03,-1.062018447555601597e-03,-4.887282103300094604e-02,1.164558157324790955e-02,8.795776404440402985e-03,8.682583458721637726e-03,1.346333045512437820e-02,2.505231648683547974e-03,-4.640920553356409073e-03,2.481927163898944855e-03,1.774469623342156410e-03,-4.810710437595844269e-03,-2.282174304127693176e-03,2.110720053315162659e-02,-8.316369727253913879e-03,1.989203738048672676e-03,4.940549843013286591e-03,-1.356320735067129135e-02,-1.407590601593255997e-02,1.661942340433597565e-02,-3.024588571861386299e-03,-2.858960360754281282e-04,1.847046427428722382e-02,-2.387710474431514740e-02,1.519452035427093506e-02,6.858175620436668396e-03,-5.206886678934097290e-03,-3.821934759616851807e-02,-1.399600412696599960e-02,-4.960524849593639374e-03,2.361076697707176208e-02,8.962237276136875153e-03,-1.231142319738864899e-02,-6.308855488896369934e-03,-7.284314371645450592e-03,-3.949776291847229004e-02,-2.836488001048564911e-02,-2.373061887919902802e-02,1.237800810486078262e-02,7.037953007966279984e-03,1.657947339117527008e-02,1.781793870031833649e-02,6.898126099258661270e-03,-7.732093217782676220e-04,-6.159041076898574829e-03,-2.030818909406661987e-02,-1.693902723491191864e-02,1.813754253089427948e-02,-3.680776059627532959e-02,-1.777798868715763092e-03,1.051364932209253311e-02,-2.222581580281257629e-02,1.062018447555601597e-03,2.839151397347450256e-02,-2.037477307021617889e-02,6.215637549757957458e-03,7.737087085843086243e-03,1.957576349377632141e-02,7.270997390151023865e-03,-2.554170973598957062e-02,-1.317035965621471405e-02,1.362979132682085037e-02,-2.014838717877864838e-02,3.011271590366959572e-03,-2.419670857489109039e-02,1.930942642502486706e-03,1.660610549151897430e-02,1.257776003330945969e-02,-2.447636239230632782e-02,-6.771615706384181976e-03,1.219157222658395767e-02,6.535241845995187759e-03,-2.065442688763141632e-02,3.968419972807168961e-03,-1.015409454703330994e-02,1.530604902654886246e-03,-5.007133819162845612e-03,3.342528268694877625e-02,1.748501881957054138e-02,-2.982973307371139526e-02,-6.189004052430391312e-03,-1.459526270627975464e-02,-1.456862874329090118e-02,7.450774777680635452e-03,1.731189899146556854e-02,1.105963997542858124e-02,-1.315704360604286194e-02,1.128602679818868637e-02,-1.213164627552032471e-02,1.087320409715175629e-02,-1.446209382265806198e-02,1.893655396997928619e-02,-8.089983835816383362e-03,9.042138233780860901e-03,-2.974983304738998413e-02,-2.878103172406554222e-03,-9.561494924128055573e-03,2.054789289832115173e-02,2.801864221692085266e-02,-4.804051946848630905e-03,-3.452392062172293663e-03,-6.695044226944446564e-03,5.010463297367095947e-03,-2.873109420761466026e-03,-3.694092854857444763e-02,-1.886996999382972717e-02,-1.396937109529972076e-02,-5.476552527397871017e-03,1.913630776107311249e-02,-9.727955795824527740e-03,-3.406449034810066223e-02,-1.568724401295185089e-02,-1.174545753747224808e-02,-1.803100854158401489e-02,-3.875202033668756485e-03,2.262798398733139038e-01,-3.608865290880203247e-02,-2.713307272642850876e-03,2.233234979212284088e-02,1.064681820571422577e-02,2.764909993857145309e-03,1.799105852842330933e-02,7.677161600440740585e-03,-4.747455473989248276e-03,1.400932110846042633e-02,-3.355845063924789429e-02,-5.519832484424114227e-03,-5.406639073044061661e-03,-1.679587177932262421e-03,-8.913963683880865574e-04,-4.945876449346542358e-02,-1.590031385421752930e-02,-3.638162091374397278e-02,-2.436982654035091400e-02,-3.992390260100364685e-02,1.780462265014648438e-02,7.007989916019141674e-04,-3.489013528451323509e-03,-2.203937992453575134e-02,6.744982209056615829e-03,1.729858294129371643e-02,1.347664743661880493e-02,1.388947013765573502e-02,2.369066886603832245e-02,-1.862693694420158863e-03,-1.855036616325378418e-02,-1.640635356307029724e-02,5.739560350775718689e-03,-7.670503109693527222e-03,-1.628650166094303131e-02,3.017930081114172935e-03,3.371825441718101501e-02,-1.254280330613255501e-03,-1.007419358938932419e-02,-1.243127509951591492e-02,-1.813754253089427948e-02,-9.488251991569995880e-03,-4.677542019635438919e-03,-2.357081696391105652e-02,9.714638814330101013e-03,1.735184900462627411e-02,-1.395605411380529404e-02,-1.074669416993856430e-02,-1.083325408399105072e-02,-6.195662543177604675e-03,-4.082944989204406738e-02,-1.016075350344181061e-02,1.704556122422218323e-02,7.357557304203510284e-03,-1.109959091991186142e-02,-5.053742788732051849e-03,1.624655164778232574e-02,5.523161496967077255e-03,-2.431656047701835632e-02,-7.270165369845926762e-04,-2.711642533540725708e-03,9.215257130563259125e-03,-6.425377796404063702e-04,4.937886446714401245e-02,3.588889725506305695e-03,1.093313004821538925e-02,-1.735184900462627411e-02,1.021402049809694290e-02,3.372491104528307915e-03,-2.345096506178379059e-02,-1.376961823552846909e-02,-1.033387240022420883e-02,8.477004594169557095e-04,2.499571815133094788e-02,-1.554075814783573151e-02,1.157733262516558170e-03,-2.493007013981696218e-05,6.558546330779790878e-03,1.883001998066902161e-02,1.285075582563877106e-02,-3.722058376297354698e-03,-1.078664511442184448e-02,3.728716820478439331e-02,2.365071699023246765e-02,-4.824027419090270996e-03,-3.555597737431526184e-02,1.881670206785202026e-02,9.834490716457366943e-03,-6.063326145522296429e-04,1.947588636539876461e-03,7.270997390151023865e-03,-5.509844981133937836e-03,2.458622679114341736e-03,-9.461618959903717041e-03,-2.839151397347450256e-02,-1.315704360604286194e-02,-1.407590601593255997e-02,-1.459859195165336132e-03,-1.953581161797046661e-02,-7.091220002621412277e-03,-1.784457266330718994e-02,3.177399188280105591e-02,1.371635124087333679e-02,-3.124464768916368484e-03,-1.133929379284381866e-02,-1.629648962989449501e-03,2.004185318946838379e-02,2.354418300092220306e-02,-1.023399550467729568e-02,-1.475506462156772614e-02,-2.178635820746421814e-02,-1.220488920807838440e-02,5.473223514854907990e-03,1.411585602909326553e-02,1.653952151536941528e-02,8.942261338233947754e-03,7.378364680334925652e-04,-2.020165510475635529e-02,5.683629587292671204e-02,1.665937341749668121e-02,-4.624274559319019318e-03,1.337677147239446640e-02,-3.975078463554382324e-03,1.188528444617986679e-02,-1.003424264490604401e-02,-7.603918667882680893e-03,-1.383620221167802811e-02,2.395367482677102089e-03,-2.884761663153767586e-03,-2.592789754271507263e-02,2.057452686131000519e-02,-1.688575930893421173e-02,7.517359219491481781e-03,-8.635974489152431488e-03,-3.014600835740566254e-03,1.504803542047739029e-02,-2.391705475747585297e-02,-1.204508636146783829e-02,-2.540854178369045258e-02,-1.141919475048780441e-02,-1.140587776899337769e-02,2.728288760408759117e-03,1.647293753921985626e-02,9.230238501913845539e-04,-1.905640587210655212e-02,-1.418244000524282455e-02,2.708313520997762680e-03,-6.215637549757957458e-03,3.209359571337699890e-02,-2.112051658332347870e-02,-1.183867547661066055e-02,-1.133929379284381866e-02,3.575572976842522621e-03,7.087058620527386665e-04,3.542280942201614380e-02,-6.045847665518522263e-03,3.274279413744807243e-03,-1.491486653685569763e-02,5.027109291404485703e-03,2.650052309036254883e-02,-4.538381099700927734e-02,2.563492627814412117e-03,2.532863989472389221e-02,-1.530105527490377426e-02,-1.900979666970670223e-03,-1.064015924930572510e-02,-1.692837327718734741e-01,1.985541731119155884e-02,7.337581831961870193e-03,-2.458289638161659241e-02,5.475886911153793335e-02,-1.523447129875421524e-02,1.885665394365787506e-02,8.043374866247177124e-03,-7.464091759175062180e-03,-8.083324879407882690e-03,2.785884030163288116e-02,3.429087810218334198e-03,-2.932369336485862732e-02,-1.443546079099178314e-02,-1.648625545203685760e-02,-9.368401020765304565e-03,-3.931132704019546509e-02,-4.163594858255237341e-04,1.199181936681270599e-02,2.919052541255950928e-02,1.960239559412002563e-02,3.069532802328467369e-03,1.532768923789262772e-02,-1.812422648072242737e-02,1.374298427253961563e-02,2.218586392700672150e-02,-1.077332813292741776e-02,1.026062946766614914e-02,-2.849804982542991638e-02,-1.063350122421979904e-02,-1.142585370689630508e-02,2.235898375511169434e-02,3.246646746993064880e-02,-4.680871032178401947e-03,2.421002462506294250e-02,-3.275943920016288757e-03,-1.651288825087249279e-03,-5.634690169245004654e-04,1.152572967112064362e-02,-7.903547957539558411e-03,2.202606201171875000e-02,-5.343384109437465668e-03,1.249120105057954788e-02,-2.729953266680240631e-02,-8.830733131617307663e-04,3.366498649120330811e-02,4.467801656574010849e-03,-3.865214297547936440e-03,2.548844181001186371e-02,1.403595507144927979e-02,1.435555890202522278e-02,-1.259107701480388641e-02,2.317131031304597855e-03,4.311328753829002380e-03,-2.688671089708805084e-02,1.420907396823167801e-02,-1.112622395157814026e-02,1.596689783036708832e-02,-5.020450800657272339e-03,9.148673154413700104e-03,-1.243793405592441559e-02,-6.192333064973354340e-03,8.236468769609928131e-03,-1.885665394365787506e-02,1.482164859771728516e-02,-2.807191014289855957e-02,4.900598898530006409e-03,-3.568914532661437988e-02,-7.017977535724639893e-03,1.442214380949735641e-02,-1.639303751289844513e-02,-2.676685899496078491e-02,-1.222486421465873718e-02,-3.451726213097572327e-02,2.395700477063655853e-02,1.424902491271495819e-02,-3.086844831705093384e-02,1.166555657982826233e-02,-1.313040964305400848e-02,7.404166273772716522e-03,-1.370303425937891006e-02,2.743270248174667358e-02,-2.186626009643077850e-02,-2.406353875994682312e-02,-7.137828972190618515e-03,1.317701861262321472e-02,2.174640819430351257e-02,-1.880338601768016815e-02,-5.846095271408557892e-03,1.709882915019989014e-02,9.901074692606925964e-03,-8.362978696823120117e-03,3.076191246509552002e-02,-1.680585928261280060e-02,3.201369568705558777e-02,1.439550984650850296e-02,2.525206888094544411e-03,3.758679609745740891e-03,-4.883952904492616653e-03,-1.700561121106147766e-02,7.310948334634304047e-03,-1.079330313950777054e-02,-2.964329719543457031e-02,7.297631353139877319e-03,1.257110200822353363e-02,-5.406639073044061661e-03,2.825834602117538452e-02,1.512793637812137604e-02,2.090744674205780029e-02,-1.412917301058769226e-02,-2.406353875994682312e-02,1.532269525341689587e-03,-1.153904665261507034e-02,3.443736210465431213e-02,5.732901860028505325e-03,2.179967612028121948e-02,-3.835251554846763611e-03,-1.595357991755008698e-02,2.213259786367416382e-02,-9.980975650250911713e-03,4.445163160562515259e-02,-3.593467408791184425e-04,2.038809098303318024e-02,-1.053362432867288589e-02,-1.873680204153060913e-02,-2.307809330523014069e-02,-1.175078451633453369e-01,-3.768667345866560936e-03,1.900313794612884521e-02,1.536763925105333328e-02,1.732521504163742065e-02,6.248929537832736969e-03,-6.588509306311607361e-03,-1.861029188148677349e-03,-2.542185783386230469e-02,1.632645167410373688e-02,6.691714748740196228e-03,-1.575549249537289143e-03,9.015504270792007446e-03,1.013411954045295715e-02,1.953581161797046661e-02,-1.704140013316646218e-04,1.315704360604286194e-02,9.321792051196098328e-03,-3.070864640176296234e-02,5.886045750230550766e-03,-8.589365519583225250e-03,9.741272777318954468e-03,-3.344192868098616600e-03,-1.952249556779861450e-02,1.675259135663509369e-02,1.993531733751296997e-02,-1.685912720859050751e-02,3.188052773475646973e-02,1.824407838284969330e-02,8.372966549359261990e-04,-8.675924502313137054e-03,2.192285610362887383e-03,-1.576714403927326202e-02,-4.617616068571805954e-03,-6.741653196513652802e-03,-3.412441583350300789e-03,-2.823171205818653107e-02,-1.159231364727020264e-02,-9.271853487007319927e-04,1.275087986141443253e-02,5.513173993676900864e-03,3.289260715246200562e-02,2.377056982368230820e-03,1.404927205294370651e-02,-7.184437941759824753e-03,-1.988204941153526306e-02,-1.905640587210655212e-02,2.993626892566680908e-02,3.883191943168640137e-02,-8.283077739179134369e-03,-3.430419415235519409e-02,-1.488823350518941879e-02,-1.149243768304586411e-02,-1.208503730595111847e-02,-1.685413299128413200e-03,-8.975554257631301880e-03,8.096641860902309418e-03,6.445353385061025620e-03,-4.463806748390197754e-02,1.648625545203685760e-02,-2.060115896165370941e-02,1.935936394147574902e-03,-2.686673542484641075e-03,5.223532672971487045e-03,-1.085322909057140350e-02,-3.175235469825565815e-04,-3.572243731468915939e-03,-1.482164859771728516e-02,5.433273036032915115e-03,-2.275848947465419769e-02,6.501949857920408249e-03,1.301055774092674255e-02,-6.179016083478927612e-03,1.567392796277999878e-02,-2.905735746026039124e-02,-4.887282382696866989e-03,-1.562066003680229187e-02,-1.044040638953447342e-02,1.403470669174566865e-04,-1.619328372180461884e-02,-3.686102852225303650e-02,-1.064015924930572510e-02,9.734613820910453796e-03,5.576428957283496857e-03,2.900408953428268433e-02,2.991296350955963135e-03,1.236469112336635590e-02,-4.304670263081789017e-03,-1.807761727832257748e-03,1.395605411380529404e-02,-1.113954093307256699e-02,1.871016807854175568e-02,1.364976633340120316e-02,-1.036217086948454380e-03,-1.210501231253147125e-02,2.390373684465885162e-02,-4.787405952811241150e-03,-1.559402607381343842e-02,-3.061209805309772491e-03,2.540188375860452652e-03,1.646294957026839256e-03,9.804527508094906807e-04,-3.622182086110115051e-02,5.473223514854907990e-03,-3.001616895198822021e-02,-8.895652368664741516e-03,7.357557304203510284e-03,-2.133358642458915710e-02,3.841909812763333321e-03,1.198516110889613628e-04,-9.941024705767631531e-03,-2.044135704636573792e-02,4.228098550811409950e-04,9.108722209930419922e-03,-8.962237276136875153e-03,-4.584324080497026443e-03,-2.057452686131000519e-02,-1.828402839601039886e-02,1.045372337102890015e-02,3.081518039107322693e-02,-2.684676088392734528e-02,1.272424589842557907e-02,8.549414575099945068e-03,2.160658128559589386e-03,-1.841719634830951691e-02,4.453153163194656372e-02,-2.480928227305412292e-02,3.017597086727619171e-02,-1.823076047003269196e-02,3.262627124786376953e-02,-9.501568973064422607e-03,-1.112788915634155273e-03,9.541519917547702789e-03,-2.484923414885997772e-02,1.752496883273124695e-02,5.246837157756090164e-03,1.590031385421752930e-02,8.169884793460369110e-03,9.038808639161288738e-04,2.394368872046470642e-02,1.616664975881576538e-02,6.099115312099456787e-02,-7.424141280353069305e-03,-2.305145934224128723e-02,2.267858758568763733e-02,-8.930609328672289848e-04,6.395414937287569046e-03,1.637971960008144379e-02,-1.821744441986083984e-02,3.009607084095478058e-02,1.093313004821538925e-02,-3.585560712963342667e-03,9.454960003495216370e-03,3.742033615708351135e-02,9.701321832835674286e-03,-1.374298427253961563e-02,-7.643869146704673767e-03,-1.990868337452411652e-02,1.867021806538105011e-02,-1.215828023850917816e-02,1.957576349377632141e-02,-3.638162091374397278e-02,4.343954846262931824e-02,5.336725618690252304e-03,-9.028821252286434174e-03,-2.290497347712516785e-02,-2.655046060681343079e-03,7.863597013056278229e-03,-6.801578681915998459e-03,2.181299217045307159e-02,-8.895652368664741516e-03,-1.432892587035894394e-02,-2.153333835303783417e-02,-1.186031498946249485e-03,2.512888796627521515e-02,1.160563062876462936e-02,1.118614990264177322e-02,-3.722058376297354698e-03,8.070007897913455963e-03,-9.634737856686115265e-03,-5.373347084969282150e-03,-3.189384471625089645e-03,2.974983304738998413e-02,4.760772455483675003e-03,-1.773803867399692535e-02,2.772567234933376312e-02,1.135261077433824539e-02,2.833158941939473152e-03,1.064681820571422577e-02,-2.640730515122413635e-02,1.133929379284381866e-02,7.557309698313474655e-03,1.849709823727607727e-02,1.374298427253961563e-02,1.873680204153060913e-02,1.711214659735560417e-03,3.738704370334744453e-03,1.253781002014875412e-02,-1.447541080415248871e-02,1.594026386737823486e-02,1.275087986141443253e-02,3.385142236948013306e-02,-1.460857968777418137e-02,-7.911038701422512531e-04,1.167221460491418839e-02,1.563397608697414398e-02,-1.568890875205397606e-03,1.791115663945674896e-02,-4.620945453643798828e-02,-2.815181203186511993e-02,-1.851041428744792938e-02,4.501093644648790359e-03,-2.833158941939473152e-03,-1.238466612994670868e-02,1.769475871697068214e-03,-2.002520719543099403e-03,-9.571482660248875618e-04,1.712546311318874359e-02,2.491581812500953674e-02,-1.005421858280897141e-03,1.418244000524282455e-02,4.053647816181182861e-02,1.002092659473419189e-02,2.297155745327472687e-02,7.231046911329030991e-03,-2.964329719543457031e-02,3.588889725506305695e-03,7.084561977535486221e-03,1.062684226781129837e-02,-1.349662244319915771e-02,1.719204708933830261e-02,-3.665461670607328415e-03,8.493650238960981369e-04,-1.968229748308658600e-02,-1.576714403927326202e-02,-1.689907722175121307e-02,2.222581580281257629e-02,3.688766155391931534e-03,-1.007419358938932419e-02,2.523542195558547974e-02,2.935948141384869814e-04,2.342433109879493713e-02,-6.132407113909721375e-03,-2.567487768828868866e-02,-5.989251192659139633e-03,5.103681236505508423e-03,2.146675437688827515e-02,4.188563907518982887e-04,1.049367431551218033e-02,-2.218586392700672150e-02,-7.530676200985908508e-03,1.936269365251064301e-02,-1.635308563709259033e-02,1.268429495394229889e-02,-2.889755368232727051e-02,-2.868448570370674133e-02,1.468848064541816711e-02,-1.566061004996299744e-02,-1.552744209766387939e-02,2.198944101110100746e-03,-1.280414685606956482e-02,2.769903838634490967e-02,1.004755962640047073e-02,3.762008855119347572e-03,-5.603062920272350311e-03,-2.435651049017906189e-02,-3.369161859154701233e-02,4.281365778297185898e-03,1.621991768479347229e-02,2.132775989593937993e-04,-2.921715937554836273e-02,2.707314677536487579e-02,1.566061004996299744e-02,-2.980309911072254181e-02,-1.574051193892955780e-02,5.343384109437465668e-03,-2.927042543888092041e-02,-9.481593966484069824e-03,-8.310544071719050407e-04,-1.440882682800292969e-02,2.385379979386925697e-03,-1.786121865734457970e-03,2.306477539241313934e-02,-2.724626660346984863e-02,-1.119946688413619995e-02,3.036240674555301666e-02,-1.070008520036935806e-02,-7.510700728744268417e-03,2.201274596154689789e-02,-2.614096738398075104e-02
-1.854052767157554626e-02,-2.371675148606300354e-02,-1.245162077248096466e-02,-6.121503654867410660e-03,-1.901968731544911861e-03,2.519008517265319824e-02,-1.171495392918586731e-02,3.209062851965427399e-03,7.014630362391471863e-03,-1.873610354959964752e-02,1.811026223003864288e-02,1.792772673070430756e-02,-2.517704665660858154e-02,6.603922229260206223e-03,7.014630362391471863e-03,3.634439082816243172e-03,2.967527508735656738e-02,9.889585897326469421e-03,-2.286925911903381348e-02,-2.774560078978538513e-02,-3.280773758888244629e-03,1.651958376169204712e-02,2.299964241683483124e-02,2.265412593260407448e-03,-2.298660390079021454e-02,-3.102718910668045282e-04,5.717314779758453369e-03,-3.783728182315826416e-02,-8.194600231945514679e-03,-3.043149970471858978e-02,1.174755021929740906e-02,-1.487675309181213379e-02,-1.380760874599218369e-02,-3.155279904603958130e-02,-4.453898966312408447e-02,-2.389928884804248810e-02,9.110544342547655106e-04,-5.274010822176933289e-03,7.568759843707084656e-03,-5.068656988441944122e-03,-2.260523382574319839e-03,1.970094069838523865e-02,1.382064726203680038e-02,2.826061565428972244e-03,-6.150839850306510925e-03,1.327955536544322968e-02,-1.238642912358045578e-02,-2.577681094408035278e-02,-1.206046994775533676e-02,1.301226951181888580e-02,3.650736995041370392e-03,-8.344541303813457489e-03,-2.865828573703765869e-02,-1.546347886323928833e-02,-2.328974660485982895e-03,-1.104347966611385345e-02,1.139551494270563126e-02,1.981828548014163971e-02,1.792772673070430756e-02,-3.024896234273910522e-02,1.063929032534360886e-02,3.522961214184761047e-02,-1.102392189204692841e-02,1.006560306996107101e-02,-2.645480446517467499e-02,-1.313613378442823887e-03,-2.369067445397377014e-02,1.159108988940715790e-02,-4.527565557509660721e-03,8.057290688157081604e-05,5.371798761188983917e-03,1.817545481026172638e-02,1.865787431597709656e-02,-7.738258689641952515e-03,3.906288370490074158e-02,-2.635049819946289062e-02,-1.298619247972965240e-02,-4.690545145422220230e-03,-8.272830396890640259e-03,4.625353496521711349e-03,-1.050890702754259109e-02,-8.729172870516777039e-03,-1.009168010205030441e-02,-1.032473985105752945e-03,2.135681174695491791e-02,-3.543170634657144547e-03,-6.949438713490962982e-03,1.624577865004539490e-02,-1.974005624651908875e-02,-1.164324302226305008e-02,1.009168010205030441e-02,1.312961429357528687e-02,6.701710168272256851e-03,2.732837386429309845e-02,-1.419875863939523697e-02,-1.769955502822995186e-03,-2.667645551264286041e-02,1.628489419817924500e-02,-1.016339100897312164e-02,-1.817545481026172638e-02,7.382963667623698711e-04,-7.052930304780602455e-04,-1.672819815576076508e-02,-7.379704155027866364e-03,-1.962271146476268768e-02,-2.834536507725715637e-02,4.100559744983911514e-03,1.308398041874170303e-02,3.418654203414916992e-02,-3.616837412118911743e-02,-3.494276665151119232e-03,3.163102641701698303e-02,2.013120613992214203e-02,-3.345639631152153015e-02,2.442082203924655914e-02,3.127573290839791298e-03,6.657705525867640972e-04,1.266023423522710800e-02,-1.003952696919441223e-02,-9.896105155348777771e-03,-4.377624951303005219e-03,4.521046765148639679e-03,7.536164019256830215e-03,7.256654789671301842e-04,-1.078271213918924332e-02,3.432344645261764526e-03,-1.817545481026172638e-02,-2.319195773452520370e-03,1.668908260762691498e-02,-8.963863365352153778e-03,4.185309261083602905e-02,2.604409586638212204e-03,2.569857984781265259e-02,-2.318217977881431580e-02,8.481443859636783600e-03,1.505928952246904373e-02,-1.666300557553768158e-02,1.741923019289970398e-02,-2.174796164035797119e-02,-2.493583597242832184e-03,1.142159104347229004e-02,5.091474391520023346e-03,6.238848436623811722e-03,-1.919896458275616169e-03,1.974005624651908875e-02,-4.002772271633148193e-03,3.486453741788864136e-02,5.837919656187295914e-03,1.443344913423061371e-02,-2.163061685860157013e-02,1.184533722698688507e-02,1.542436331510543823e-02,4.130548238754272461e-02,-8.422771468758583069e-03,2.242595516145229340e-02,1.164976228028535843e-02,4.119302611798048019e-04,2.060058712959289551e-02,8.624865673482418060e-03,-2.416005544364452362e-02,-1.407326548360288143e-03,2.410790137946605682e-02,1.529398001730442047e-02,-2.871695673093199730e-03,-7.907756604254245758e-03,4.133155569434165955e-02,1.290796231478452682e-02,-1.168887689709663391e-02,-4.049710184335708618e-02,-1.392495352774858475e-02,1.992259360849857330e-02,3.228294476866722107e-02,-2.824105694890022278e-02,3.246548026800155640e-02,-1.214521937072277069e-02,1.245162077248096466e-02,1.309538842178881168e-03,1.077619288116693497e-02,-4.083609953522682190e-02,8.220677264034748077e-03,-3.525568917393684387e-02,-1.244347193278372288e-03,3.212648630142211914e-02,-1.281017530709505081e-02,-8.168524131178855896e-03,2.615818229969590902e-04,1.116082444787025452e-02,-1.688465825282037258e-03,-6.605756061617285013e-05,-8.859556168317794800e-03,1.556778512895107269e-02,9.687490761280059814e-03,-2.469462715089321136e-02,1.275150291621685028e-02,-6.517087221145629883e-01,1.264719571918249130e-02,-1.078271213918924332e-02,-2.053539454936981201e-02,1.860572025179862976e-02,1.857964321970939636e-02,1.934890635311603546e-02,3.579026088118553162e-03,-2.504666335880756378e-02,2.374282851815223694e-02,-2.703827107325196266e-03,1.348164957016706467e-02,7.712996448390185833e-04,-2.507274039089679718e-02,4.192643100395798683e-04,-1.719757914543151855e-02,9.596223011612892151e-03,-2.482501044869422913e-02,-1.593285985291004181e-02,-5.446769297122955322e-03,-7.588317617774009705e-03,8.448848500847816467e-03,1.526790298521518707e-02,-1.762784458696842194e-02,-3.888686653226613998e-03,6.346414797008037567e-03,9.061650373041629791e-03,-7.412299979478120804e-03,1.249725464731454849e-02,1.473333127796649933e-02,-1.710630953311920166e-02,1.264719571918249130e-02,-1.886648684740066528e-02,1.796684041619300842e-02,3.830666095018386841e-02,-4.537344444543123245e-03,-2.616796083748340607e-02,3.267409652471542358e-02,2.093958482146263123e-02,1.708023436367511749e-02,-2.693722397089004517e-02,-9.257226251065731049e-03,-4.433037713170051575e-03,3.826754633337259293e-03,-7.777373306453227997e-03,2.675468660891056061e-02,1.942713558673858643e-02,-3.911504056304693222e-03,2.813675068318843842e-02,1.318828761577606201e-02,1.029377430677413940e-02,-2.524223737418651581e-02,-2.372979000210762024e-02,6.568066775798797607e-03,7.907756604254245758e-03,-5.580412223935127258e-03,2.740660309791564941e-02,-2.136985026299953461e-02,-5.009984597563743591e-03,6.418125703930854797e-03,1.205395068973302841e-02,1.177362632006406784e-02,-3.069226630032062531e-02,-2.672860957682132721e-02,-9.035574272274971008e-03,1.017642952501773834e-02,-2.193049900233745575e-02,-8.996459073387086391e-04,2.831928804516792297e-02,2.058754861354827881e-02,1.242554374039173126e-02,1.545044034719467163e-02,-1.853889843914657831e-04,1.028725504875183105e-02,1.091961469501256943e-02,2.565946616232395172e-02,5.469586234539747238e-03,-1.611539535224437714e-02,-5.603229161351919174e-03,5.368539132177829742e-03,-1.164487330242991447e-03,-1.043719612061977386e-02,-3.885427117347717285e-02,1.345557346940040588e-02,2.508577890694141388e-02,3.199284197762608528e-03,-1.689769700169563293e-02,1.491260773036628962e-04,1.908813789486885071e-02,4.309173207730054855e-03,-1.241902448236942291e-02,3.288270905613899231e-02,1.711282879114151001e-03,-1.110215205699205399e-02,1.981828548014163971e-02,-1.580084557645022869e-03,9.759201668202877045e-03,-1.931305043399333954e-03,1.941409707069396973e-02,4.461559001356363297e-04,4.612314980477094650e-03,-2.503362484276294708e-03,3.168318048119544983e-02,-3.787639550864696503e-03,5.362019874155521393e-03,6.786459125578403473e-03,-2.941450849175453186e-02,1.455079391598701477e-02,1.529561006464064121e-03,-2.071793191134929657e-02,-9.694010019302368164e-03,2.056799130514264107e-03,7.184128742665052414e-03,1.235383329913020134e-03,8.540116832591593266e-04,-2.548996731638908386e-02,8.761768229305744171e-03,-9.395758388563990593e-04,1.176058780401945114e-02,-2.050931937992572784e-02,2.512489259243011475e-02,1.714542508125305176e-02,-1.156501285731792450e-02,-1.713238656520843506e-02,1.307094190269708633e-02,1.432914286851882935e-02,-2.164365537464618683e-02,-1.372937858104705811e-02,-1.988347852602601051e-03,-1.599642098881304264e-03,-1.280365604907274246e-02,-1.327303610742092133e-02,4.090781323611736298e-03,-4.289615899324417114e-03,5.078435875475406647e-03,-1.745834574103355408e-02,1.434218045324087143e-02,-1.620666496455669403e-02,-8.311945712193846703e-04,-1.605020463466644287e-02,-1.563297770917415619e-02,1.080226991325616837e-02,-8.311945945024490356e-03,1.552378089400008321e-04,1.160412840545177460e-02,-4.438253119587898254e-02,1.577639835886657238e-03,-2.354725264012813568e-02,-4.007987678050994873e-02,-1.100925379432737827e-03,2.455120533704757690e-02,-1.985740102827548981e-02,-2.026158943772315979e-02,-2.009535208344459534e-03,8.826960809528827667e-03,1.091146608814597130e-03,-1.238642912358045578e-02,-6.962476763874292374e-03,1.555474661290645599e-02,-1.914029195904731750e-02,1.070448197424411774e-02,1.555474661290645599e-02,-1.508536655455827713e-02,-1.614147238433361053e-02,-7.457933854311704636e-03,-7.562240585684776306e-03,-2.435563132166862488e-02,-1.206046994775533676e-02,-1.438129600137472153e-02,-3.632483258843421936e-02,1.062625180929899216e-02,1.917940750718116760e-02,-1.083486527204513550e-02,1.869698800146579742e-02,4.191828425973653793e-03,1.569816842675209045e-02,-1.396406907588243484e-02,-2.478915499523282051e-03,3.123091300949454308e-04,1.794076524674892426e-02,-5.697757471352815628e-03,-1.831887662410736084e-02,-2.803244441747665405e-02,3.856498224195092916e-04,2.693722397089004517e-02,-2.140896394848823547e-02,-5.704276263713836670e-03,3.530132118612527847e-03,-2.537262253463268280e-02,-5.207189242355525494e-04,-1.588070578873157501e-02,-1.000693067908287048e-02,1.307094190269708633e-02,2.531068865209817886e-03,4.517787136137485504e-03,2.653303369879722595e-02,1.080226991325616837e-02,8.409732952713966370e-03,1.073707826435565948e-02,2.993604354560375214e-02,2.821172121912240982e-03,-4.550382960587739944e-03,4.091433063149452209e-02,-9.042093530297279358e-03,3.134418278932571411e-02,-9.987372905015945435e-03,-2.123620593920350075e-03,-2.419917099177837372e-02,3.483846038579940796e-02,-1.174755021929740906e-02,6.463760044425725937e-03,-1.033288892358541489e-02,-4.605795722454786301e-03,9.159438312053680420e-03,1.607628166675567627e-02,2.052235603332519531e-02,7.405780721455812454e-03,1.294707786291837692e-02,-5.723834037780761719e-03,-2.569857984781265259e-02,4.582978785037994385e-03,7.014630362391471863e-03,-7.699143607169389725e-03,-8.155485615134239197e-03,-1.103696040809154510e-02,5.652123130857944489e-03,1.718454062938690186e-02,-1.366581651382148266e-03,-1.274498365819454193e-02,-7.562240585684776306e-03,-1.266675349324941635e-02,-2.818890474736690521e-02,1.100436411798000336e-02,5.704276263713836670e-03,2.899728156626224518e-02,-1.258200407028198242e-02,-1.252496149390935898e-03,-2.440778352320194244e-02,-3.448642557486891747e-03,-1.140203420072793961e-02,4.230943508446216583e-03,6.023715715855360031e-03,1.757569052278995514e-02,2.773908199742436409e-03,1.464776723878458142e-04,3.145501017570495605e-03,2.298660390079021454e-02,-2.376238582655787468e-03,-2.615492232143878937e-02,1.112170889973640442e-02,-1.721061766147613525e-02,-4.221164621412754059e-03,-2.455120533704757690e-02,3.640958108007907867e-03,1.817545481026172638e-02,-4.626005142927169800e-02,1.657173782587051392e-02,1.638920046389102936e-02,2.598542347550392151e-02,3.945403546094894409e-02,1.940105855464935303e-02,1.344253495335578918e-02,3.848919644951820374e-02,1.409445237368345261e-02,1.651958376169204712e-02,1.129120774567127228e-02,-1.218270481331273913e-04,-2.751091029495000839e-03,-3.337816521525382996e-02,-4.412665148265659809e-04,-1.456383243203163147e-02,-1.614310196600854397e-03,3.389969840645790100e-02,3.135722363367676735e-03,1.723669283092021942e-02,-1.211262401193380356e-02,8.338022045791149139e-03,-1.317524909973144531e-02,5.863996222615242004e-03,2.060058712959289551e-02,-1.219737250357866287e-02,-2.363852225244045258e-02,3.983214963227510452e-03,1.100925379432737827e-03,-8.579231798648834229e-03,2.594630932435393333e-03,-2.990996651351451874e-02,1.131891389377415180e-03,-4.633828252553939819e-02,1.731492392718791962e-02,-1.670212112367153168e-02,1.852748915553092957e-02,8.866075426340103149e-03,-5.476105492562055588e-03,-6.906248745508491993e-04,-9.935219772160053253e-03,2.912766486406326294e-02,-2.136985026299953461e-02,1.462902408093214035e-02,-1.183881796896457672e-02,-1.268631126731634140e-02,-3.882167628034949303e-03,-4.869822412729263306e-03,1.000041142106056213e-02,3.950618952512741089e-02,1.123253535479307175e-02,-2.343642758205533028e-03,1.668908260762691498e-02,-2.907551126554608345e-03,-1.551563199609518051e-02,7.985986769199371338e-03,1.541132479906082153e-02,-2.211303450167179108e-02,-8.077255450189113617e-03,2.410790137946605682e-02,6.799497641623020172e-03,-2.151327207684516907e-02,-1.494194474071264267e-02,7.293324597412720323e-05,2.412094036117196083e-03,-7.924869714770466089e-05,-9.667933918535709381e-03,1.063929032534360886e-02,2.125250361859798431e-02,8.944305777549743652e-02,5.202299915254116058e-03,3.088458208367228508e-03,1.561993919312953949e-02,2.568197669461369514e-05,3.387362509965896606e-02,-1.796684041619300842e-02,-3.376931650564074516e-03,3.199284197762608528e-03,-2.902335859835147858e-02,-7.451415061950683594e-03,-2.427740022540092468e-02,1.119993906468153000e-02,-2.438170649111270905e-02,1.631097123026847839e-02,1.890560239553451538e-02,-2.335167862474918365e-02,-1.103696040809154510e-02,-6.727786734700202942e-03,1.729210605844855309e-03,-1.863179728388786316e-02,-8.839998394250869751e-03,-1.006560306996107101e-02,1.412052847445011139e-02,2.516400814056396484e-02,-9.694010019302368164e-03,3.637698665261268616e-02,3.489061444997787476e-02,-8.417882490903139114e-04,-2.306157490238547325e-03,-2.302571944892406464e-02,5.407654214650392532e-03,5.822436651214957237e-04,1.788861118257045746e-02,-1.023510191589593887e-02,-1.492890622466802597e-02,4.289615899324417114e-03,4.620789736509323120e-02,1.603716611862182617e-02,-1.421179715543985367e-02,2.577681094408035278e-02,2.847574837505817413e-02,7.673066575080156326e-03,-1.758872903883457184e-02,-6.545249838382005692e-03,-2.904943563044071198e-02,-1.130424626171588898e-02,3.170925751328468323e-02,-1.237990986555814743e-02,-3.987126424908638000e-02,1.741923019289970398e-02,-3.322170674800872803e-02,7.827082299627363682e-04,-1.022858265787363052e-02,-1.240598596632480621e-02,1.443344913423061371e-02,-2.420243108645081520e-03,1.179970335215330124e-02,1.611865591257810593e-03,1.442041061818599701e-02,-2.992300549522042274e-03,-1.953144185245037079e-02,8.279349654912948608e-03,-2.196961315348744392e-03,-3.744613006711006165e-02,-3.064011456444859505e-03,-2.894512936472892761e-02,2.735445089638233185e-02,-3.507314994931221008e-02,-8.328243857249617577e-04,-1.144766807556152344e-02,-7.614394184201955795e-03,-2.678076364099979401e-02,-8.124519372358918190e-04,4.519090801477432251e-02,1.431610435247421265e-02,1.418572105467319489e-02,1.005582395009696484e-03,5.062137730419635773e-03,-1.626737357582896948e-04,1.391028519719839096e-03,-1.599805057048797607e-02,-1.241902448236942291e-02,-1.172799244523048401e-02,8.157115080393850803e-04,2.521616220474243164e-02,-4.416739568114280701e-03,-9.420204907655715942e-03,-5.679829628206789494e-04,7.425338029861450195e-03,-1.260156184434890747e-02,-4.289615899324417114e-03,-2.113841939717531204e-03,-2.331256307661533356e-02,5.300902412272989750e-04,6.336636375635862350e-03,3.389969933778047562e-03,-2.223038114607334137e-02,-4.149453714489936829e-03,-1.283625140786170959e-02,-3.349225153215229511e-04,-5.479365121573209763e-03,-9.009497240185737610e-03,-1.466813962906599045e-02,1.367722544819116592e-02,3.504707291722297668e-02,8.761768229305744171e-03,2.803244441747665405e-02,-2.967527508735656738e-02,-1.730188541114330292e-02,1.747138425707817078e-02,-1.571120694279670715e-02,2.340383082628250122e-02,-1.631097123026847839e-02,-2.980566024780273438e-02,4.078394547104835510e-02,3.790899179875850677e-03,4.506052285432815552e-02,3.392577543854713440e-02,-9.993892163038253784e-03,-1.790164969861507416e-02,-1.320784445852041245e-02,1.743226870894432068e-02,4.302654415369033813e-03,-3.551645576953887939e-02,7.862122729420661926e-03,-1.139551494270563126e-02,-1.813633926212787628e-02,5.199040751904249191e-03,1.701504178345203400e-02,-3.295442089438438416e-03,2.320825681090354919e-02,-1.028073579072952271e-02,9.615779854357242584e-03,-2.077008597552776337e-02,-1.110215205699205399e-02,1.827405649237334728e-04,1.527116284705698490e-03,-1.954448036849498749e-02,-6.372491829097270966e-03,3.520353464409708977e-03,-2.923197299242019653e-02,-4.723140969872474670e-03,-1.718454062938690186e-02,1.189097203314304352e-02,-3.877604007720947266e-02,-7.664102595299482346e-04,-8.585751056671142578e-03,-1.699874410405755043e-03,3.468200191855430603e-02,1.281669456511735916e-02,1.818849332630634308e-02,-3.116164728999137878e-02,-2.917981892824172974e-02,-2.240965841338038445e-03,-1.058061793446540833e-02,-2.096565999090671539e-02,-1.994866877794265747e-02,1.310353819280862808e-02,1.235383283346891403e-02,3.543822467327117920e-02,7.972948253154754639e-03,2.178707718849182129e-02,1.933586783707141876e-02,-9.107285179197788239e-03,1.387280039489269257e-02,-3.375709347892552614e-04,-2.036589756608009338e-02,-4.805934429168701172e-02,-2.513141138479113579e-03,5.166444461792707443e-04,8.461887016892433167e-03,1.627185568213462830e-02,-7.594836875796318054e-03,5.169704090803861618e-03,4.847005009651184082e-03,-6.951068062335252762e-04,5.371798761188983917e-03,-5.867255851626396179e-03,-2.813675068318843842e-02,1.369026303291320801e-02,8.957344107329845428e-03,2.297356538474559784e-02,-1.267327275127172470e-02,-9.648376144468784332e-03,-5.078435875475406647e-03,2.899728156626224518e-02,-1.524182688444852829e-02,-7.073302753269672394e-03,2.033981960266828537e-03,9.368051774799823761e-03,-2.226949483156204224e-02,3.030111640691757202e-02,-4.306728660594671965e-04,4.113598261028528214e-03,-1.134988013654947281e-02,9.687490761280059814e-03,1.857964321970939636e-02,-4.547123331576585770e-03,3.387362509965896606e-02,1.964878849685192108e-02,5.707535892724990845e-03,-1.903598569333553314e-02,-1.680642738938331604e-02,-3.170925751328468323e-02,1.208654697984457016e-02,1.546347886323928833e-02,3.790899179875850677e-03,-6.695190910249948502e-03,-3.056188300251960754e-02,-1.016991026699542999e-02,-3.050973080098628998e-02,-1.739315316081047058e-02,-2.576377242803573608e-02,1.718454062938690186e-02,-1.929675228893756866e-02,-3.374323993921279907e-02,1.418572105467319489e-02,3.205803455784916878e-03,-1.598501205444335938e-02,1.771911233663558960e-02,-3.429085016250610352e-03,3.220471367239952087e-02,-1.598012284375727177e-03,3.663775278255343437e-03,5.785766057670116425e-03,6.163878366351127625e-03,-1.067840587347745895e-02,-8.866075426340103149e-03,-9.993892163038253784e-03,-1.204091310501098633e-02,-6.058756262063980103e-04,-1.264719571918249130e-02,1.169376657344400883e-03,-4.628613125532865524e-03,-1.342949643731117249e-02,-8.761768229305744171e-03,-1.679339073598384857e-02,-3.142241388559341431e-02,2.307787351310253143e-02,1.348164957016706467e-02,4.323026514612138271e-04,-4.713362082839012146e-03,-1.138247642666101456e-02,8.678649319335818291e-04,1.718454062938690186e-02,-2.002689987421035767e-02,-1.618384732864797115e-03,-1.217781566083431244e-02,-1.947928965091705322e-02,-1.552867051213979721e-02,-1.118038222193717957e-02,-7.288435474038124084e-03,2.155238576233386993e-02,-2.517704665660858154e-02,-1.069144345819950104e-02,-4.938273690640926361e-03,-8.181562647223472595e-03,-4.837226588279008865e-03,3.070530481636524200e-03,-4.451291263103485107e-02,-3.696371102705597878e-03,2.551604434847831726e-02,-2.777167782187461853e-02,1.580247469246387482e-02,3.538607060909271240e-02,-3.337816521525382996e-02,-2.191746048629283905e-02,-6.962476763874292374e-03,2.421220950782299042e-02,-1.050890702754259109e-02,-1.237990986555814743e-02,-4.446076229214668274e-03,4.609055351465940475e-03,5.619527306407690048e-03,1.021554414182901382e-02,3.601843025535345078e-03,-6.366379966493695974e-05,-1.315569132566452026e-02,-2.045716531574726105e-02,1.410749088972806931e-02,-8.383656851947307587e-03,3.793343785218894482e-04,-2.161757834255695343e-02,-2.387647051364183426e-03,-1.289492473006248474e-02,1.150634046643972397e-02,4.901603097096085548e-04,1.016339100897312164e-02,-1.011775620281696320e-02,-3.436908125877380371e-02,-1.104347966611385345e-02,1.202135533094406128e-02,1.165628153830766678e-02,-8.201119489967823029e-03,-3.275884373579174280e-04,2.007905393838882446e-02,3.019681014120578766e-02,-3.552949288859963417e-03,2.258241549134254456e-02,-7.079822011291980743e-03,-2.010512910783290863e-02,-6.923361681401729584e-03,-4.149453714489936829e-03,1.714542508125305176e-02,-1.957055740058422089e-02,1.498105935752391815e-02,-2.883104374632239342e-03,-3.095303475856781006e-02,2.005297690629959106e-02,7.073302753269672394e-03,1.976613327860832214e-02,1.327955536544322968e-02,-3.721144050359725952e-02,-2.940146951004862785e-03,-9.544068947434425354e-03,1.460294798016548157e-02,-1.209958549588918686e-02,-1.711934804916381836e-02,4.341871317592449486e-05,-8.494482375681400299e-03,1.438129600137472153e-02,2.468158863484859467e-02,-3.517745807766914368e-02,3.814734736806713045e-05,1.282973308116197586e-02,-9.817874990403652191e-03,1.958359591662883759e-02,-2.637657523155212402e-02,5.492403171956539154e-03,2.346902387216687202e-03,1.983458409085869789e-03,-2.189138345420360565e-02,-5.322904791682958603e-03,1.619362644851207733e-02,-1.170843467116355896e-02,1.127816969528794289e-03,2.548996591940522194e-03,-1.284277066588401794e-02,3.152020275592803955e-03,2.887993585318326950e-03,7.229763083159923553e-03,2.477285685017704964e-03,2.567250281572341919e-02,-2.691114693880081177e-02,2.256937697529792786e-02,1.658477634191513062e-02,-1.460294798016548157e-02,-2.412093989551067352e-02,-1.461598649621009827e-02,-3.474719356745481491e-03,3.989733755588531494e-02,1.674123667180538177e-02,3.517093835398554802e-03,-7.666547782719135284e-03,9.941739030182361603e-03,-3.841096907854080200e-02,-6.515913642942905426e-03,-2.095914212986826897e-03,1.189749129116535187e-02,6.046533118933439255e-03,1.950536668300628662e-02,8.866075426340103149e-03,5.384836811572313309e-03,-3.256327006965875626e-03,-2.529439050704240799e-03,-1.202135533094406128e-02,-2.654933137819170952e-03,6.838612724095582962e-03,-3.037934750318527222e-02,-1.230167970061302185e-02,1.294055860489606857e-02,-1.142811030149459839e-02,-1.015687175095081329e-02,3.452553972601890564e-02,-2.082223817706108093e-02,1.034592743963003159e-02,1.143462955951690674e-02,-7.777373306453227997e-03,-1.371634006500244141e-02,-6.962476763874292374e-03,-3.287293016910552979e-03,2.131769619882106781e-02,-2.446319675073027611e-03,1.033288892358541489e-02,-3.176141157746315002e-02,3.094977466389536858e-03,-1.520271133631467819e-02,2.936235629022121429e-02,-1.210610475391149521e-02,3.461680840700864792e-03,1.704111881554126740e-02,1.159108988940715790e-02,-8.755249902606010437e-03,1.286232843995094299e-02,-3.225360997021198273e-03,9.517992846667766571e-03,-1.919896458275616169e-03,1.321436371654272079e-02,5.322904791682958603e-03,-2.036589756608009338e-02,2.529439143836498260e-02,-1.461598649621009827e-02,-1.325999852269887924e-02,-7.696698885411024094e-04,3.097910992801189423e-02,-4.661208949983119965e-03,-1.336430478841066360e-02,9.817874990403652191e-03,-2.475981973111629486e-02,1.701504224911332130e-03,-2.817912492901086807e-03,7.718700915575027466e-03,-1.185837574303150177e-02,4.172270651906728745e-03,-8.331502787768840790e-03,9.726606309413909912e-03,-4.582978785037994385e-03,6.571326404809951782e-03,3.275232389569282532e-02,3.281996177975088358e-04,-2.480545314028859138e-03,-1.104347966611385345e-02,1.515055820345878601e-02,-6.382270250469446182e-03,-3.530784323811531067e-02,-1.757569052278995514e-02,-4.136415198445320129e-03,-9.192033670842647552e-03,2.632442116737365723e-02,-2.262152964249253273e-03,-2.316914126276969910e-02,-1.303182728588581085e-02,5.309866275638341904e-03,-2.322129532694816589e-02,-1.143462955951690674e-02,2.321868687868118286e-01,-4.292223602533340454e-02,-6.982034537941217422e-03,2.625922858715057373e-02,6.238848436623811722e-03,2.379498258233070374e-02,9.511473588645458221e-03,2.760869916528463364e-03,1.688465848565101624e-02,7.229763083159923553e-03,-3.663775324821472168e-02,-5.404394585639238358e-03,-2.461639791727066040e-02,-1.610439503565430641e-04,3.386710537597537041e-03,-4.852872341871261597e-02,-2.160453982651233673e-02,-1.829279959201812744e-02,-1.941409707069396973e-02,-4.096648469567298889e-02,2.157846279442310333e-02,-6.688671652227640152e-03,1.123253535479307175e-02,-2.109604328870773315e-02,8.540117181837558746e-03,2.019639872014522552e-02,4.768775310367345810e-03,-1.675427542068064213e-03,1.644135452806949615e-02,1.494194474071264267e-02,-1.281017553992569447e-03,-5.798804573714733124e-03,1.067514647729694843e-03,-1.495498325675725937e-02,-8.813922293484210968e-03,4.540604073554277420e-03,2.751091122627258301e-02,-7.255839649587869644e-03,-1.317524909973144531e-02,-6.486577447503805161e-03,1.572424545884132385e-02,-9.426724165678024292e-03,-1.108911354094743729e-02,-1.213870011270046234e-02,5.450028926134109497e-03,2.800636738538742065e-02,-1.701504178345203400e-02,-6.708228960633277893e-03,8.377137593924999237e-03,2.084831520915031433e-02,-2.469462715089321136e-02,-1.482459995895624161e-02,6.825574208050966263e-03,2.946666255593299866e-02,-6.079128943383693695e-04,-2.408182621002197266e-02,1.190400961786508560e-02,2.289859578013420105e-03,-2.604409586638212204e-03,6.646296940743923187e-03,-1.157805137336254120e-02,4.990426823496818542e-03,-5.270751658827066422e-03,2.380801923573017120e-02,1.269608968868851662e-03,3.444731235504150391e-02,-2.380801923573017120e-02,-2.734793117269873619e-03,-4.094040486961603165e-03,-1.234079431742429733e-02,-1.331867091357707977e-02,-2.348206192255020142e-02,2.399055752903223038e-03,2.402967214584350586e-02,-7.823008112609386444e-03,-1.767999678850173950e-02,-2.694048220291733742e-03,4.921975545585155487e-03,1.668908260762691498e-02,1.529398001730442047e-02,7.566315471194684505e-04,-2.023551240563392639e-02,1.751049980521202087e-02,-1.477407640777528286e-03,1.254940871149301529e-03,-3.550912078935652971e-04,1.061973255127668381e-02,1.133032329380512238e-02,-5.759689491242170334e-03,2.232164889574050903e-02,6.786459125578403473e-03,-6.971440743654966354e-04,-1.678035221993923187e-02,-1.217129640281200409e-02,-1.602412760257720947e-02,-4.230943508446216583e-03,-1.406837534159421921e-02,-3.134092548862099648e-03,-3.018377115949988365e-03,-8.611828088760375977e-03,-1.812330074608325958e-02,1.963574998080730438e-02,1.110215205699205399e-02,-9.498435072600841522e-03,7.901237346231937408e-03,3.233509836718440056e-03,3.144849091768264771e-02,3.676813468337059021e-02,-1.245814003050327301e-02,-1.415964402258396149e-02,5.671680439263582230e-03,-6.030234973877668381e-03,-7.086341269314289093e-03,3.406267846003174782e-03,4.837226588279008865e-03,-4.950496950186789036e-04,3.696371102705597878e-03,-1.681946590542793274e-02,5.648211389780044556e-02,6.444202736020088196e-03,2.927108667790889740e-03,5.661902017891407013e-03,-1.572424545884132385e-02,2.180011570453643799e-02,1.091309543699026108e-02,-5.606488790363073349e-03,-2.571161836385726929e-02,1.340342033654451370e-02,1.997474581003189087e-02,-3.230902180075645447e-02,1.850141398608684540e-02,-2.675468660891056061e-02,-1.241087564267218113e-03,1.460294798016548157e-02,2.783686853945255280e-03,1.988347806036472321e-02,-7.145013660192489624e-03,-5.150146782398223877e-03,-2.286925911903381348e-02,-4.343399195931851864e-04,-9.935219772160053253e-03,1.012427546083927155e-02,2.576377242803573608e-02,5.518480204045772552e-03,-1.251029316335916519e-02,-2.498147077858448029e-02,5.176223348826169968e-03,2.036223013419657946e-04,2.790206111967563629e-02,-2.071793191134929657e-02,4.609055351465940475e-03,2.625596942380070686e-03,1.056757941842079163e-02,6.755493232049047947e-04,1.762784458696842194e-02,1.591982133686542511e-02,-4.550382960587739944e-03,-2.575073391199111938e-02,1.473333127796649933e-02,2.237380295991897583e-02,-4.138370975852012634e-02,-1.181926112622022629e-02,1.483763754367828369e-02,-7.914275862276554108e-03,4.775294102728366852e-03,-9.113804437220096588e-03,-1.644917726516723633e-01,2.371675148606300354e-02,2.266064658761024475e-02,-2.164365537464618683e-02,3.512530401349067688e-02,-2.047020383179187775e-02,2.212607301771640778e-02,1.901968731544911861e-03,2.581592649221420288e-03,-2.800636738538742065e-02,5.215338431298732758e-03,3.973436076194047928e-03,-3.971480205655097961e-02,6.975515279918909073e-03,-1.219737250357866287e-02,-1.899687014520168304e-02,-3.538607060909271240e-02,3.011857857927680016e-03,1.337734330445528030e-02,2.332560159265995026e-02,6.395308766514062881e-03,3.481238381937146187e-03,1.283462159335613251e-03,-3.329993784427642822e-02,2.774560078978538513e-02,1.891864091157913208e-02,-1.363810990005731583e-02,8.709615096449851990e-03,-2.491628006100654602e-02,-1.342949643731117249e-02,-1.516359671950340271e-02,2.327344752848148346e-02,4.268754646182060242e-02,-2.666341885924339294e-02,2.928412519395351410e-02,-8.383656851947307587e-03,-1.758872903883457184e-02,-1.322088297456502914e-02,-1.668908260762691498e-02,-6.277963519096374512e-03,9.276783093810081482e-03,1.578943803906440735e-02,-8.396695367991924286e-03,-2.808459848165512085e-02,3.432344645261764526e-03,1.980524696409702301e-02,1.391191501170396805e-02,7.764335256069898605e-03,2.663082210347056389e-03,6.385529879480600357e-03,1.474636979401111603e-02,-2.597238495945930481e-02,-2.907551126554608345e-03,3.142241388559341431e-03,-1.921852305531501770e-02,1.555637689307332039e-03,-9.765720926225185394e-03,1.661085337400436401e-02,-2.233468741178512573e-02,-1.372285885736346245e-03,-4.237462417222559452e-04,1.405696733854711056e-03,1.868394948542118073e-02,-1.236035209149122238e-02,1.821457035839557648e-02,-2.050931937992572784e-02,-8.885633200407028198e-03,-1.599805057048797607e-02,-2.095262147486209869e-02,1.854052767157554626e-02,-4.827447701245546341e-03,-2.496843226253986359e-02,1.843296224251389503e-03,-2.698937617242336273e-02,2.358636818826198578e-02,6.033494602888822556e-03,-2.933627925813198090e-02,2.294748835265636444e-02,3.569247201085090637e-03,-1.225604582577943802e-02,-1.671515963971614838e-02,4.133155569434165955e-02,-2.020943723618984222e-02,-3.363893367350101471e-03,3.187875729054212570e-03,1.503321342170238495e-02,1.851445250213146210e-02,-1.111519057303667068e-02,-9.791797958314418793e-03,1.625881716609001160e-02,1.572424545884132385e-02,-5.710795521736145020e-03,5.515220575034618378e-03,-6.167137529700994492e-03,2.605061605572700500e-02,1.988347806036472321e-02,8.657461963593959808e-03,1.149982120841741562e-02,-2.048324234783649445e-02,-2.538565918803215027e-02,1.012427546083927155e-02,-4.361326806247234344e-03,-2.902335859835147858e-02,1.159760914742946625e-02,3.499492257833480835e-02,1.498105935752391815e-02,2.296052686870098114e-02,3.243940696120262146e-02,2.213911153376102448e-02,7.187388255260884762e-04,-3.750561736524105072e-04,-1.316058100201189518e-03,1.090657617896795273e-02,2.758914045989513397e-02,2.873651497066020966e-02,1.831887662410736084e-02,-9.491915814578533173e-03,-3.680073190480470657e-03,8.057697676122188568e-03,1.327955536544322968e-02,4.339161515235900879e-02,1.318176835775375366e-02,1.614147238433361053e-02,-1.376849319785833359e-02,-2.127858065068721771e-02,-1.809722371399402618e-02,-1.370590925216674805e-01,-1.743226870894432068e-02,1.108911354094743729e-02,2.829321101307868958e-02,1.200831681489944458e-02,9.465839713811874390e-03,-1.464206259697675705e-02,-4.814409185200929642e-03,-3.903680667281150818e-02,2.310394868254661560e-02,3.313369816169142723e-03,-1.151285972446203232e-02,-1.931305043399333954e-03,1.153893675655126572e-02,1.073707826435565948e-02,-4.928494803607463837e-03,-1.616754941642284393e-02,-9.557107463479042053e-03,-3.290878608822822571e-02,1.936194486916065216e-02,-1.727580837905406952e-02,4.416739568114280701e-03,2.058428945019841194e-03,-4.556902218610048294e-03,6.701710168272256851e-03,2.038871403783559799e-03,-1.152589824050664902e-02,3.494276851415634155e-02,1.576336100697517395e-02,8.696576580405235291e-03,-2.414701692759990692e-02,-3.295442089438438416e-03,-7.190648000687360764e-03,1.647721044719219208e-03,-1.964878849685192108e-02,-4.648170433938503265e-03,-2.902335859835147858e-02,-1.308398041874170303e-02,2.267368324100971222e-02,-2.573443576693534851e-03,1.588070578873157501e-02,1.912725344300270081e-02,4.237462300807237625e-03,-2.664712024852633476e-03,-5.062137730419635773e-03,-1.944017410278320312e-02,3.248177934437990189e-03,3.924542292952537537e-02,2.931020222604274750e-02,3.098237095400691032e-03,-3.734182193875312805e-02,-2.003015950322151184e-03,-1.947928965091705322e-02,-6.820684648118913174e-04,5.124070215970277786e-03,-1.331867091357707977e-02,7.979467511177062988e-03,1.959663443267345428e-02,-2.938843145966529846e-02,1.449864078313112259e-02,4.718760828836821020e-05,1.140040345489978790e-03,2.139918506145477295e-03,1.928371377289295197e-02,-1.011775620281696320e-02,8.613457321189343929e-04,1.593937864527106285e-03,-2.117427438497543335e-02,7.457933854311704636e-03,-2.790206111967563629e-02,3.673553932458162308e-03,2.221408300101757050e-03,-1.804507151246070862e-02,1.794076524674892426e-02,-2.889297530055046082e-02,6.434423848986625671e-03,-2.672860957682132721e-02,-1.857964321970939636e-02,3.191787004470825195e-02,-2.345598489046096802e-02,-3.050973080098628998e-02,-1.258852332830429077e-02,9.296340867877006531e-03,-2.208369784057140350e-03,4.761603847146034241e-02,1.251681242138147354e-02,6.512654013931751251e-03,-4.944792948663234711e-03,1.103370101191103458e-03,-9.244187735021114349e-03,-1.371634006500244141e-02,1.653262227773666382e-02,3.413439169526100159e-02,-1.486371457576751709e-02,1.206046994775533676e-02,8.305426687002182007e-03,-1.396406907588243484e-02,-2.461639791727066040e-02,-1.445952616631984711e-02,8.735692128539085388e-03,-5.006724968552589417e-03,-1.073707826435565948e-02,-4.764211550354957581e-02,1.964878849685192108e-02,-4.198347683995962143e-03,-9.257226251065731049e-03,-1.417268253862857819e-02,-2.030070498585700989e-02,1.461598649621009827e-02,-9.868398774415254593e-04,-1.239946763962507248e-02,-7.125456351786851883e-03,-2.362548373639583588e-02,1.857964321970939636e-02,-2.053539501503109932e-03,6.427904590964317322e-03,-1.992259360849857330e-02,-2.316914126276969910e-02,4.504748620092868805e-03,3.631179453805088997e-03,-1.825368404388427734e-02,2.099173702299594879e-02,1.421179715543985367e-02,6.838612724095582962e-03,-8.155485615134239197e-03,2.409486286342144012e-02,-1.923155970871448517e-02,9.791797958314418793e-03,-5.749910604208707809e-03,8.611828088760375977e-03,-3.241658909246325493e-03,-8.553154766559600830e-03,8.924747817218303680e-03,-1.337734330445528030e-02,2.289533615112304688e-02,1.551563199609518051e-02,1.841014437377452850e-02,1.162857515737414360e-03,6.103575578890740871e-04,3.241332992911338806e-02,9.322417899966239929e-03,7.254535704851150513e-02,-3.360633738338947296e-03,-2.837144210934638977e-02,3.836533287540078163e-03,-3.908244427293539047e-03,-1.021554414182901382e-02,1.384672336280345917e-02,-4.681581049226224422e-04,2.923197299242019653e-02,1.795380190014839172e-02,-5.697757471352815628e-03,-4.449335858225822449e-03,3.452553972601890564e-02,-2.568554133176803589e-03,-2.348206192255020142e-02,-1.620666496455669403e-02,-2.371675148606300354e-02,3.507314994931221008e-02,-1.006560306996107101e-02,2.606365457177162170e-02,-4.344376921653747559e-02,2.195657417178153992e-02,5.723834037780761719e-03,-4.716621711850166321e-03,-3.027503937482833862e-02,7.242801133543252945e-03,7.053745444864034653e-03,1.715846359729766846e-02,4.491710104048252106e-03,8.220677264034748077e-03,-1.003952696919441223e-02,-1.323392149060964584e-02,7.881680503487586975e-03,9.302860125899314880e-03,2.571161836385726929e-02,9.720087051391601562e-03,-1.341645792126655579e-02,3.032719343900680542e-02,-8.931267075240612030e-03,-9.961296804249286652e-03,1.024814043194055557e-02,7.105898577719926834e-03,2.198591129854321480e-03,-2.105692960321903229e-02,3.564683720469474792e-02,3.222916275262832642e-04,-1.410749088972806931e-02,-2.993930131196975708e-03,-1.958359591662883759e-02,-1.715846359729766846e-02,-1.602412760257720947e-02,1.134988013654947281e-02,1.541132479906082153e-02,1.054802164435386658e-02,-8.924747817218303680e-03,2.397425938397645950e-03,1.226256415247917175e-02,-1.503321342170238495e-02,1.296663563698530197e-02,1.180622261017560959e-02,2.024855092167854309e-02,-7.529644761234521866e-03,-2.723384648561477661e-03,1.342949643731117249e-02,1.538524869829416275e-03,-4.775294102728366852e-03,2.236076444387435913e-02,-3.288270905613899231e-02,-2.185226790606975555e-02,-2.003993839025497437e-02,5.283789709210395813e-03,5.058878101408481598e-03,-7.321031298488378525e-03,1.129120774567127228e-02,3.406268078833818436e-04,1.258200407028198242e-02,1.354684215039014816e-02,1.447256468236446381e-02,1.060017570853233337e-02,-1.653262227773666382e-02,3.176141157746315002e-02,1.127164997160434723e-02,6.760382559150457382e-03,1.153241749852895737e-02,-3.064011409878730774e-02,1.125861238688230515e-02,-1.329096383415162563e-03,2.335167862474918365e-02,-2.302571944892406464e-02,8.455367758870124817e-03,1.822760887444019318e-02,-8.867093856679275632e-05,-9.048611856997013092e-03,-3.026526188477873802e-03,-6.470279302448034286e-03,1.728884689509868622e-02,2.104389108717441559e-02,-1.932282932102680206e-02,1.546347886323928833e-02,-1.169539615511894226e-02,2.601150050759315491e-02,6.858170032501220703e-03,-1.546347886323928833e-02,8.621606393717229366e-04,1.236035209149122238e-02,2.442082203924655914e-02,7.138494402170181274e-04,2.003993839025497437e-02,-1.069144345819950104e-02,-1.221041101962327957e-02,3.395185247063636780e-02,-2.148719504475593567e-02,1.256896555423736572e-02,-2.668949402868747711e-02,-4.331338778138160706e-02,9.167587268166244030e-04,-6.962476763874292374e-03,2.013120613992214203e-02,-5.316385533660650253e-03,-1.419875863939523697e-02,2.126554213464260101e-02,2.619403786957263947e-02,3.042824100703001022e-03,-1.319480594247579575e-02,-2.199568971991539001e-02,-4.584282636642456055e-02,4.423258826136589050e-03,1.950536668300628662e-02,-8.553154766559600830e-03,-2.487716451287269592e-02,2.703827107325196266e-03,3.575114533305168152e-02,-4.500837251543998718e-02,-1.163672376424074173e-02,4.511267878115177155e-03,-3.296094015240669250e-02,-4.993686452507972717e-03,7.203686051070690155e-03,2.614188473671674728e-03,-4.240721929818391800e-03,-2.917981892824172974e-02,1.352076511830091476e-02,-2.964919991791248322e-02,3.438863903284072876e-03,2.590719424188137054e-02,-7.829526439309120178e-03,-6.740824785083532333e-03,1.992259360849857330e-02,-3.820235282182693481e-02
-2.577250078320503235e-02,-1.480947062373161316e-02,-1.982190646231174469e-02,1.417956594377756119e-02,-2.483434416353702545e-02,3.881287574768066406e-02,-2.935089729726314545e-02,1.068828348070383072e-02,-1.887034811079502106e-02,-2.181884087622165680e-02,1.097643189132213593e-02,1.392492372542619705e-02,-1.384450960904359818e-02,-5.089499056339263916e-03,8.094950579106807709e-03,-2.831222373060882092e-04,2.013015933334827423e-02,1.212232280522584915e-02,-9.133623912930488586e-03,-1.247078087180852890e-02,-5.823271814733743668e-03,-1.677792402915656567e-03,1.072848960757255554e-02,-3.069112077355384827e-03,-2.186239726142957807e-04,1.365017797797918320e-02,8.838774636387825012e-03,-3.934896364808082581e-02,1.108364947140216827e-02,4.171445965766906738e-03,-6.041057873517274857e-03,-7.454993901774287224e-04,-1.538576744496822357e-02,-4.428098723292350769e-02,-4.063557833433151245e-02,-1.805281266570091248e-02,-5.481514614075422287e-03,3.685615025460720062e-03,1.526514720171689987e-02,-1.589505188167095184e-02,4.854959901422262192e-03,4.798000678420066833e-03,9.730023331940174103e-03,7.491849828511476517e-03,-2.723334357142448425e-02,8.195467293262481689e-03,-2.004974521696567535e-02,-1.980850473046302795e-02,-7.170196156948804855e-03,2.768901921808719635e-02,2.251575700938701630e-02,-6.737974472343921661e-03,-1.594866067171096802e-02,-5.240274127572774887e-03,-1.688681729137897491e-02,-1.656516455113887787e-02,-9.398318361490964890e-04,5.069395992904901505e-03,1.710125245153903961e-02,-2.240853942930698395e-02,7.712986785918474197e-03,4.009949043393135071e-02,-1.755692996084690094e-02,-1.012538932263851166e-02,-1.610948704183101654e-02,5.243625026196241379e-03,-1.503730937838554382e-02,-9.977964684367179871e-03,1.244397647678852081e-02,-1.952705904841423035e-02,2.102810889482498169e-02,1.975489594042301178e-02,1.573925139382481575e-03,1.777471625246107578e-03,3.527468442916870117e-02,-2.470032125711441040e-02,-3.879947355017066002e-03,5.374296568334102631e-03,-1.852189004421234131e-02,-9.589299559593200684e-03,-8.711453527212142944e-03,-9.126923047006130219e-03,-8.309386670589447021e-03,1.139860227704048157e-02,2.096109651029109955e-02,-4.359077196568250656e-03,-2.354772947728633881e-02,3.393446281552314758e-02,-1.106731506297364831e-04,-2.122914232313632965e-02,1.842807419598102570e-02,1.671258918941020966e-02,1.023930869996547699e-02,3.672212734818458557e-02,-1.538576744496822357e-02,-1.157283131033182144e-02,-2.701890841126441956e-02,3.597160056233406067e-02,-1.830745488405227661e-02,-2.664741441549267620e-05,-1.320120226591825485e-02,-1.762394048273563385e-02,-1.159963570535182953e-02,-1.105014327913522720e-02,-4.843568056821823120e-02,-2.667045034468173981e-02,-4.080876169609837234e-05,8.282582275569438934e-03,4.023351147770881653e-02,-3.098597005009651184e-02,-5.749559495598077774e-03,1.527854893356561661e-02,1.883014221675693989e-03,-2.703231014311313629e-02,3.160247206687927246e-02,1.404721871949732304e-03,-1.214912720024585724e-02,6.181781645864248276e-03,-2.851995825767517090e-02,-2.109511941671371460e-02,-2.102810889482498169e-02,-3.678913926705718040e-03,-1.484297681599855423e-03,-2.630188828334212303e-03,7.505252491682767868e-03,2.358793653547763824e-02,-3.504684660583734512e-03,-1.883014105260372162e-02,-1.864251121878623962e-02,-2.161110518500208855e-03,1.282593980431556702e-02,-2.496166387572884560e-03,2.330648899078369141e-02,-7.659377995878458023e-03,1.248418260365724564e-02,2.010335400700569153e-02,-2.051882445812225342e-02,1.088931690901517868e-02,-2.303844317793846130e-02,-8.543925359845161438e-03,-4.995683673769235611e-03,1.903117448091506958e-02,-6.483331788331270218e-03,5.243625026196241379e-03,1.021920517086982727e-02,-1.598886772990226746e-02,2.929728850722312927e-02,1.648475043475627899e-02,-1.650150283239781857e-03,-2.184564433991909027e-02,-1.566386315971612930e-03,5.163211375474929810e-03,3.334476426243782043e-02,-2.774262800812721252e-02,1.850848831236362457e-02,1.042693946510553360e-02,-1.901777274906635284e-02,4.787278920412063599e-02,-1.606593024916946888e-03,-1.849508658051490784e-02,1.533718430437147617e-03,6.734623573720455170e-03,-4.751092754304409027e-03,-2.206008136272430420e-02,5.436281790025532246e-04,3.160247206687927246e-02,1.543937623500823975e-02,-1.735589653253555298e-02,-2.156419865787029266e-02,-1.610948704183101654e-02,1.734249293804168701e-02,3.589119017124176025e-02,-1.060787029564380646e-02,2.483434416353702545e-02,8.271692786365747452e-04,2.082707546651363373e-02,-2.332826697966083884e-04,6.908852607011795044e-03,-2.002294175326824188e-02,2.135981339961290359e-03,-4.832846298813819885e-02,2.318586781620979309e-02,1.407234836369752884e-02,-1.661877334117889404e-02,2.159016439691185951e-04,-7.197001017630100250e-03,1.880333758890628815e-02,-1.650988007895648479e-03,2.536373212933540344e-03,-3.436333313584327698e-02,-1.745641231536865234e-03,6.543641909956932068e-03,-2.476733177900314331e-02,1.045374432578682899e-03,-6.321566700935363770e-01,1.687341555953025818e-02,-2.298483438789844513e-02,-4.999034106731414795e-03,2.381577342748641968e-02,1.044034212827682495e-02,2.100130356848239899e-02,3.134448081254959106e-03,-3.508705273270606995e-02,1.654338557273149490e-03,-2.827871777117252350e-02,2.130955643951892853e-02,1.545277796685695648e-02,-3.026224859058856964e-02,-5.102901253849267960e-03,-1.546618063002824783e-02,-7.398034445941448212e-03,-7.505252491682767868e-03,-6.861945148557424545e-03,3.146174829453229904e-03,-2.859702100977301598e-03,-1.086968495656037703e-05,7.756543927825987339e-04,-4.700834397226572037e-03,-6.108069326728582382e-03,-4.168095532804727554e-03,1.675279438495635986e-02,8.222271688282489777e-03,3.705718321725726128e-03,2.067965082824230194e-02,-3.433652967214584351e-02,3.219217061996459961e-02,-2.868078462779521942e-02,3.672212827950716019e-03,4.500471055507659912e-02,-5.649042781442403793e-03,-2.017036452889442444e-02,3.058390319347381592e-02,7.002668455243110657e-03,1.946004666388034821e-02,-1.218933425843715668e-02,8.644442074000835419e-03,-8.349592797458171844e-03,-2.731375768780708313e-02,-1.267851516604423523e-02,9.019704535603523254e-03,2.264977991580963135e-02,-2.215389721095561981e-02,4.221704229712486267e-02,9.984665550291538239e-03,1.127128023654222488e-02,-3.741904348134994507e-02,2.410308370599523187e-04,2.267658337950706482e-02,5.139757413417100906e-03,1.182747352868318558e-02,3.109318763017654419e-02,-1.998273469507694244e-02,-6.419671233743429184e-03,1.612289063632488251e-02,-1.235686149448156357e-02,1.235016062855720520e-02,-2.013015933334827423e-02,-1.623010821640491486e-02,3.950309008359909058e-03,1.767754927277565002e-02,3.849792294204235077e-03,-7.109886500984430313e-03,1.523834280669689178e-02,1.542597357183694839e-02,-9.495484642684459686e-03,1.971804071217775345e-03,-4.871712997555732727e-03,8.182065561413764954e-03,2.806428261101245880e-02,1.805281266570091248e-02,2.372195757925510406e-02,-2.025077864527702332e-02,1.941983960568904877e-02,-2.114202827215194702e-03,-4.804701544344425201e-03,-1.588165014982223511e-02,-2.415082976222038269e-02,5.350842606276273727e-03,1.671258918941020966e-02,-2.606734866276383400e-03,-1.596206240355968475e-02,-1.388471666723489761e-02,1.773115806281566620e-02,-4.978930577635765076e-03,4.611206823028624058e-04,4.087682068347930908e-02,1.279243454337120056e-02,-1.629711873829364777e-02,-1.088931690901517868e-02,1.074189227074384689e-02,4.198250360786914825e-03,3.358600288629531860e-02,1.842807419598102570e-02,-3.156226594001054764e-03,1.547958236187696457e-02,-1.212232280522584915e-02,3.532829508185386658e-02,-1.551978942006826401e-02,9.093416854739189148e-03,-2.946816617622971535e-03,-4.210982471704483032e-02,7.759894710034132004e-03,3.561644349247217178e-03,-3.157566860318183899e-02,5.488215945661067963e-03,-7.223805412650108337e-03,-8.885682560503482819e-03,4.868362098932266235e-03,-1.121767144650220871e-02,-3.412209451198577881e-02,1.539916917681694031e-02,1.113055739551782608e-02,7.815178832970559597e-04,-1.874972879886627197e-02,-3.146174829453229904e-03,2.047861739993095398e-02,-1.168674975633621216e-02,-3.382724523544311523e-02,1.359656825661659241e-02,2.026418037712574005e-02,-2.019716985523700714e-02,-2.795706503093242645e-02,-1.249758526682853699e-02,1.511772256344556808e-02,-1.174706034362316132e-02,-1.431358791887760162e-02,2.390958927571773529e-02,7.545459084212779999e-03,3.385404869914054871e-02,1.029961835592985153e-02,1.112385559827089310e-02,-1.892395690083503723e-02,-1.683655893430113792e-03,-1.913839392364025116e-02,-1.868271641433238983e-02,1.232335623353719711e-02,-3.071792609989643097e-02,5.984936142340302467e-04,2.787665091454982758e-02,-3.959020599722862244e-02,-6.516837165690958500e-04,-1.014549285173416138e-02,-3.704378008842468262e-02,1.056766323745250702e-02,2.687148377299308777e-02,-1.094292569905519485e-02,-2.435186319053173065e-02,-2.436526492238044739e-02,-6.563744973391294479e-03,-2.428485266864299774e-02,-1.121767144650220871e-02,-1.777136512100696564e-02,1.346924714744091034e-02,-3.283547982573509216e-02,2.868078462779521942e-02,1.535896304994821548e-02,-1.321460492908954620e-02,-3.204809734597802162e-03,-4.392582923173904419e-03,-5.856777075678110123e-03,-3.005451522767543793e-03,-6.617354229092597961e-03,1.336035435087978840e-03,-1.519813574850559235e-02,1.362337265163660049e-02,1.446101255714893341e-02,-2.267658337950706482e-02,-4.034073092043399811e-03,-2.279720455408096313e-02,2.238173503428697586e-03,-5.752909928560256958e-03,-7.552159950137138367e-03,-2.429155400022864342e-03,1.424657739698886871e-02,1.627031527459621429e-02,2.169487066566944122e-03,-2.945811487734317780e-02,3.250042209401726723e-03,9.006302803754806519e-03,-5.246975459158420563e-03,-2.632282848935574293e-04,5.427905824035406113e-03,-1.640433631837368011e-02,1.037333067506551743e-02,-7.981031201779842377e-03,-7.806802634149789810e-03,8.416604250669479370e-03,2.172837499529123306e-03,1.066147908568382263e-02,1.279243454337120056e-02,8.999601937830448151e-03,4.540007561445236206e-03,2.357453294098377228e-02,1.853529177606105804e-02,-1.411255449056625366e-02,5.803168285638093948e-03,4.227065294981002808e-02,-3.665511496365070343e-03,4.564801603555679321e-02,-5.005735438317060471e-03,-2.916033372457604855e-05,-8.852177299559116364e-03,3.224578127264976501e-02,1.702921581454575062e-03,1.510431990027427673e-02,-1.881673932075500488e-02,-2.326628193259239197e-02,1.731568947434425354e-02,2.140337042510509491e-02,2.114202827215194702e-03,1.190788671374320984e-02,1.003827527165412903e-02,8.275880478322505951e-03,-3.031585738062858582e-02,-9.498834842815995216e-04,-2.766221575438976288e-02,7.692883722484111786e-03,-1.172025594860315323e-02,-2.711272425949573517e-02,6.774830166250467300e-03,6.148275919258594513e-03,4.201601259410381317e-03,-7.331022992730140686e-03,-9.636207483708858490e-03,-8.637741208076477051e-03,-1.525174453854560852e-02,-8.476914837956428528e-03,2.543744444847106934e-02,1.108364947140216827e-02,-1.541257183998823166e-02,-1.589840278029441833e-03,-3.125401586294174194e-02,-6.734623573720455170e-03,-2.393639460206031799e-02,-2.511244034394621849e-03,7.645975798368453979e-03,7.981031201779842377e-03,-8.188766427338123322e-03,1.003827527165412903e-02,2.594672888517379761e-02,1.281253807246685028e-02,-2.583951130509376526e-02,-2.846634946763515472e-02,3.042307682335376740e-02,-1.226304564625024796e-02,1.535896304994821548e-02,-2.742097526788711548e-02,-2.941790735349059105e-03,2.133635990321636200e-02,-3.859844058752059937e-02,2.214049361646175385e-02,4.550059325993061066e-03,1.899096928536891937e-02,3.401487693190574646e-02,1.722187362611293793e-02,1.192128937691450119e-02,4.280674085021018982e-02,2.873439528048038483e-02,4.429439082741737366e-03,1.856209710240364075e-02,-9.475381113588809967e-03,-9.020333527587354183e-05,-2.331989072263240814e-02,1.322130579501390457e-02,6.935657002031803131e-03,-1.139190047979354858e-03,2.806428261101245880e-02,6.714520510286092758e-03,1.272542309015989304e-02,4.858310800045728683e-03,1.562700793147087097e-02,-6.479143630713224411e-04,2.675086259841918945e-02,-1.208881661295890808e-02,-7.773296907544136047e-03,-1.228314917534589767e-02,1.491668913513422012e-02,-1.951700658537447453e-03,-6.308474257821217179e-05,-3.262606915086507797e-04,-2.659003622829914093e-02,6.493383552879095078e-03,-3.640047460794448853e-02,1.826054649427533150e-03,-1.486308034509420395e-02,3.007461875677108765e-02,9.649610146880149841e-03,5.615537054836750031e-03,-1.499710232019424438e-02,6.843516603112220764e-04,3.034266270697116852e-02,-1.192799024283885956e-02,6.299050990492105484e-03,-7.857060991227626801e-04,-2.268998511135578156e-02,-3.134448081254959106e-03,-4.362428095191717148e-03,-2.467686776071786880e-03,5.379657447338104248e-02,5.558577366173267365e-03,-1.876313053071498871e-02,-2.377221593633294106e-03,6.121471524238586426e-03,-4.034073092043399811e-03,2.047861739993095398e-02,3.042307682335376740e-02,-1.140027772635221481e-03,2.037139842286705971e-03,-4.292066209018230438e-03,4.402634687721729279e-03,-1.677959971129894257e-02,-7.123288698494434357e-03,1.576102897524833679e-02,-1.826724782586097717e-02,-1.044704299420118332e-02,-3.479220345616340637e-02,-1.921545597724616528e-03,-3.606039099395275116e-04,9.306512773036956787e-02,-3.447725204750895500e-03,1.141870487481355667e-02,1.643868017708882689e-04,9.515587240457534790e-03,2.396319806575775146e-02,-1.731568947434425354e-02,-1.446101255714893341e-02,6.516837514936923981e-03,-1.558680087327957153e-02,-8.865579031407833099e-03,-2.380237169563770294e-02,-4.958827514201402664e-03,-2.050542086362838745e-02,-3.345533274114131927e-03,7.686182390898466110e-03,-1.138519961386919022e-02,-1.337543129920959473e-02,-4.529955796897411346e-03,-5.133056547492742538e-03,3.715770086273550987e-03,-9.247543290257453918e-03,-8.731557056307792664e-03,2.774262800812721252e-03,9.294451214373111725e-03,5.605485290288925171e-03,1.139860227704048157e-02,2.504877932369709015e-02,6.453176494687795639e-03,4.821454640477895737e-03,4.160975513514131308e-04,5.407802294939756393e-03,-2.114872820675373077e-02,2.591992542147636414e-02,-7.344425655901432037e-03,-4.017320461571216583e-03,1.912499032914638519e-02,3.661490976810455322e-02,7.954226806759834290e-03,-2.369515411555767059e-02,3.776750341057777405e-02,7.679481524974107742e-03,8.731557056307792664e-03,-1.119756791740655899e-02,1.060787029564380646e-02,-2.035799622535705566e-02,-9.951160289347171783e-03,2.948492020368576050e-02,-2.313225902616977692e-02,-2.593332715332508087e-02,2.910965681076049805e-02,-2.784984745085239410e-02,3.541122132446616888e-04,8.962745196186006069e-04,-1.991572231054306030e-02,1.813322491943836212e-02,-8.731557056307792664e-03,2.677096752449870110e-03,1.811982318758964539e-02,1.987551711499691010e-02,-1.405894570052623749e-02,-2.551785856485366821e-02,1.454142667353153229e-02,-1.058106590062379837e-02,-3.669532388448715210e-02,-1.104344241321086884e-02,-1.235016062855720520e-02,8.161962032318115234e-03,-2.291782386600971222e-02,2.424129517748951912e-03,-2.243199385702610016e-03,5.766312126070261002e-03,-8.242375217378139496e-03,3.835719823837280273e-02,3.897370398044586182e-02,2.045181207358837128e-02,1.904457807540893555e-02,-2.516939863562583923e-02,9.227439761161804199e-03,-8.155261166393756866e-03,-7.907319813966751099e-03,-2.889522165060043335e-02,-7.552159950137138367e-03,-8.811970241367816925e-03,-3.551592677831649780e-02,3.007461875677108765e-02,-1.511772256344556808e-02,-1.711465604603290558e-02,6.232039886526763439e-04,8.024589042179286480e-04,-4.663978237658739090e-03,-9.864046238362789154e-03,5.525071639567613602e-03,-2.809108793735504150e-02,-8.175363764166831970e-03,1.521153841167688370e-02,-4.610369447618722916e-03,-3.093236126005649567e-02,8.744958788156509399e-03,-2.801067382097244263e-02,1.293985918164253235e-02,-1.453305012546479702e-03,-1.008518226444721222e-02,-2.287761680781841278e-02,3.963711205869913101e-03,1.431358791887760162e-02,-6.798284128308296204e-03,9.756827726960182190e-03,-3.034266270697116852e-02,-1.335532870143651962e-02,3.511385992169380188e-02,-2.105491235852241516e-02,-1.199918988277204335e-04,-3.615923225879669189e-02,-2.080027014017105103e-02,2.038480155169963837e-02,-3.307001665234565735e-03,4.470986127853393555e-02,3.656129911541938782e-02,-1.419296767562627792e-02,-1.074859313666820526e-02,-3.103957884013652802e-02,2.412402443587779999e-02,1.880333758890628815e-02,-3.047668561339378357e-02,5.427905824035406113e-03,3.675563260912895203e-03,-1.319450139999389648e-02,1.467544864863157272e-02,2.744778059422969818e-02,9.770230390131473541e-03,1.153262425214052200e-02,5.246975459158420563e-03,1.616309769451618195e-02,-2.502197585999965668e-02,-1.551978942006826401e-02,-1.648475043475627899e-02,1.584144309163093567e-02,-1.178726647049188614e-02,7.478447631001472473e-03,-1.279243454337120056e-02,-3.187051787972450256e-02,2.108758053509518504e-04,-2.307865023612976074e-02,-2.407041564583778381e-02,-4.966868832707405090e-02,1.419296767562627792e-02,-2.769237151369452477e-03,8.530523627996444702e-03,9.415070526301860809e-03,-1.679467735812067986e-03,3.157566860318183899e-02,-7.424838840961456299e-03,-2.481088973581790924e-03,-1.435379497706890106e-02,-2.026418037712574005e-02,-1.182747352868318558e-02,-4.154693335294723511e-03,4.942074418067932129e-03,3.321073949337005615e-02,3.814276307821273804e-02,3.082514274865388870e-03,1.281923893839120865e-02,-3.712419420480728149e-03,-1.924561150372028351e-02,1.142540667206048965e-02,3.900050651282072067e-03,-1.632392406463623047e-02,-4.626451805233955383e-02,1.454980229027569294e-03,5.474813282489776611e-03,8.631040342152118683e-03,4.858310567215085030e-04,-5.947242490947246552e-03,-2.641915809363126755e-03,2.287761680781841278e-02,9.596001356840133667e-03,-6.634106859564781189e-03,-4.395933356136083603e-03,-3.272826224565505981e-02,2.335339551791548729e-03,1.529195159673690796e-02,2.857356704771518707e-02,-8.550626225769519806e-03,-1.551978942006826401e-02,-1.132488995790481567e-02,2.222090773284435272e-02,-1.593525893986225128e-02,-8.664545603096485138e-03,7.438241038471460342e-03,5.097038228996098042e-04,-9.636207483708858490e-03,3.586438298225402832e-02,-2.450933912768959999e-03,-5.840024445205926895e-03,6.759752868674695492e-04,1.722396700643002987e-05,1.531875599175691605e-02,1.285944599658250809e-02,9.193933568894863129e-03,1.844147779047489166e-02,1.062797289341688156e-02,-2.622817642986774445e-02,-2.090172893076669425e-05,-2.924367971718311310e-02,2.455289661884307861e-02,2.212709188461303711e-02,2.593332668766379356e-03,-3.085864940658211708e-03,-1.605587825179100037e-02,-6.838491186499595642e-03,-1.891055516898632050e-02,-1.286614686250686646e-02,-3.468498587608337402e-02,6.868646014481782913e-03,-3.232619538903236389e-02,-1.773115806281566620e-02,1.793219149112701416e-02,-8.135157637298107147e-03,-2.360133826732635498e-02,2.290442213416099548e-02,-1.424657739698886871e-02,3.404168039560317993e-02,-3.082514274865388870e-03,1.683320850133895874e-02,2.758180163800716400e-02,1.519813574850559235e-02,-2.980657294392585754e-02,7.467558607459068298e-04,-1.589505188167095184e-02,-1.510431990027427673e-02,-1.266511343419551849e-02,3.551592584699392319e-03,9.870747104287147522e-03,-7.083081640303134918e-03,-1.778476685285568237e-02,-1.314759347587823868e-02,-2.768901921808719635e-02,-1.404554396867752075e-02,2.758180163800716400e-02,1.301357150077819824e-02,-5.042591132223606110e-03,-8.168662898242473602e-03,1.474246033467352390e-03,-5.370946135371923447e-03,3.189732320606708527e-03,-1.320120226591825485e-02,-4.570162389427423477e-03,-2.299823798239231110e-02,-5.974046885967254639e-03,-2.758180163800716400e-02,3.310352331027388573e-03,-1.490328647196292877e-02,2.124254405498504639e-02,8.778464980423450470e-03,-1.035992894321680069e-02,-5.799817852675914764e-03,-1.068828348070383072e-02,-1.518473401665687561e-02,5.769662559032440186e-03,-1.581463962793350220e-02,4.677380435168743134e-03,1.323470845818519592e-02,-2.466011419892311096e-02,9.636207483708858490e-03,2.575909718871116638e-02,-2.105491235852241516e-02,-1.397853251546621323e-02,-5.612186621874570847e-03,2.634879574179649353e-02,-7.833607494831085205e-03,5.203836917644366622e-05,5.846725311130285263e-03,3.409193828701972961e-03,1.332182250916957855e-02,6.258844397962093353e-03,1.645962125621736050e-03,-8.597534149885177612e-03,-1.534556038677692413e-02,-7.800101302564144135e-03,2.161780744791030884e-02,-1.009188406169414520e-02,9.220738895237445831e-03,-8.282582275569438934e-03,-2.504877932369709015e-02,-1.476926449686288834e-02,8.939291350543498993e-03,-1.872292347252368927e-02,9.669713675975799561e-03,-1.011198759078979492e-02,-1.269861869513988495e-02,-2.027088310569524765e-03,1.743966015055775642e-03,1.448781695216894150e-02,2.797716762870550156e-03,1.585484482347965240e-02,2.740757353603839874e-02,3.744584694504737854e-02,-1.024600956588983536e-02,2.833232656121253967e-02,-6.744675338268280029e-03,-7.163495291024446487e-03,-1.828064955770969391e-02,2.603384433314204216e-03,3.575716540217399597e-02,-2.247554995119571686e-02,2.531682327389717102e-02,-1.951365545392036438e-02,-2.499517053365707397e-02,2.030438743531703949e-02,2.455959795042872429e-03,2.650962397456169128e-02,-2.819495508447289467e-03,-1.971468888223171234e-02,-7.270713336765766144e-03,2.784984745085239410e-02,5.436281790025532246e-04,-2.763541042804718018e-02,-2.715293131768703461e-02,2.549105323851108551e-02,-1.424657739698886871e-02,2.534362860023975372e-02,1.488988474011421204e-02,-1.920540444552898407e-02,-3.229938913136720657e-03,7.961766095831990242e-04,-3.910102415829896927e-03,1.952705904841423035e-02,-1.487648207694292068e-02,3.032255917787551880e-03,2.219745423644781113e-03,1.963427662849426270e-02,-2.457970194518566132e-02,4.312169272452592850e-03,-3.134448081254959106e-03,-7.585665676742792130e-03,1.861235592514276505e-03,8.564028888940811157e-03,-9.770230390131473541e-03,-5.086148623377084732e-03,1.659196801483631134e-02,1.155105186626315117e-03,-1.096973009407520294e-02,2.801067382097244263e-02,-2.378896996378898621e-02,3.893349552527070045e-03,7.438241038471460342e-03,2.692174166440963745e-03,-2.758180163800716400e-02,-1.450121961534023285e-02,-6.617354229092597961e-03,4.484388232231140137e-02,2.315906435251235962e-02,-1.713810954242944717e-03,-2.179538598284125328e-03,1.019910164177417755e-02,-5.612856522202491760e-02,-1.551978942006826401e-02,-1.222954015247523785e-03,2.382917515933513641e-02,1.397853251546621323e-02,2.527661807835102081e-02,5.836674012243747711e-03,6.319154519587755203e-03,1.127128023654222488e-02,-9.388266131281852722e-03,3.879947355017066002e-03,2.375546377152204514e-03,1.310738734900951385e-02,-2.220750600099563599e-02,-7.833607494831085205e-03,1.627031527459621429e-02,-1.849508658051490784e-02,-2.250235527753829956e-02,3.932216018438339233e-02,-1.562700793147087097e-02,1.003157347440719604e-02,-3.853142959997057915e-03,2.732380991801619530e-03,-2.274359390139579773e-02,4.235106520354747772e-03,3.514736425131559372e-03,7.016070652753114700e-03,6.362711545079946518e-03,1.661877334117889404e-02,-2.507558465003967285e-02,-2.149383537471294403e-03,-5.501618143171072006e-03,1.003827527165412903e-02,-2.693849429488182068e-02,1.778476685285568237e-02,1.058776676654815674e-02,6.181781645864248276e-03,-1.214242633432149887e-02,2.080027014017105103e-02,-1.932602375745773315e-02,-1.617649942636489868e-02,-2.684467844665050507e-02,2.037139981985092163e-02,2.100130356848239899e-02,-1.841467246413230896e-02,1.572082377970218658e-02,-1.133159082382917404e-02,2.928388537839055061e-03,-7.733090315014123917e-03,2.006314694881439209e-02,-2.266318164765834808e-02,2.338690217584371567e-03,-9.709919802844524384e-03,-1.458163280040025711e-02,1.870952174067497253e-02,2.273406607855577022e-05,1.550638768821954727e-02,-1.342904102057218552e-02,9.220738895237445831e-03,-1.539916917681694031e-02,1.397853251546621323e-02,5.280481185764074326e-03,2.708591893315315247e-02,2.790345624089241028e-02,-1.645794510841369629e-02,1.716826483607292175e-02,4.338974133133888245e-03,1.252438966184854507e-02,-2.287761680781841278e-02,-9.964562952518463135e-03,-1.679300144314765930e-02,-2.262297458946704865e-02,-9.750126861035823822e-03,2.539723645895719528e-03,-4.044124856591224670e-03,-2.900243923068046570e-02,-4.727638792246580124e-03,6.935657002031803131e-03,-2.113532647490501404e-02,1.066147908568382263e-02,2.223699092864990234e-01,-2.137656696140766144e-02,-2.516269916668534279e-03,1.990232057869434357e-02,3.171304240822792053e-03,3.957010339945554733e-03,1.720847189426422119e-02,1.616309769451618195e-02,-1.545445411466062069e-03,1.635072869248688221e-03,-1.517133135348558426e-02,6.737974472343921661e-03,3.997216932475566864e-03,1.872962457127869129e-03,1.588165014982223511e-02,-3.993866220116615295e-02,2.000283682718873024e-03,-1.884354464709758759e-02,-2.669725380837917328e-02,-3.409528732299804688e-02,2.038480155169963837e-02,-2.117553353309631348e-02,-1.044704299420118332e-02,-2.846634946763515472e-02,1.766414754092693329e-02,1.442415639758110046e-03,7.585665676742792130e-03,1.192799024283885956e-02,1.585484482347965240e-02,1.430018618702888489e-02,-2.084047719836235046e-02,4.747742321342229843e-03,-1.023930869996547699e-02,-2.405701437965035439e-03,-3.164602909237146378e-03,-3.110994119197130203e-03,4.382531344890594482e-02,-4.392582923173904419e-03,-1.873632706701755524e-02,-1.730563701130449772e-03,4.761144518852233887e-03,-3.642057767137885094e-03,-5.796466954052448273e-03,-1.747651584446430206e-02,2.280055545270442963e-03,2.136316522955894470e-02,-2.321267314255237579e-02,-1.958401873707771301e-03,-5.675847176462411880e-03,5.045942030847072601e-03,-2.118893526494503021e-02,-2.386938221752643585e-02,1.444761082530021667e-02,1.514452695846557617e-02,6.439774297177791595e-03,-2.071985788643360138e-02,1.824044436216354370e-02,8.972797542810440063e-03,-8.557328023016452789e-03,1.797239854931831360e-02,-1.172695681452751160e-02,4.282014444470405579e-03,4.328922368586063385e-03,2.220750600099563599e-02,-1.021250430494546890e-02,2.098790183663368225e-02,-1.917859911918640137e-02,-1.865591295063495636e-02,-8.168662898242473602e-03,-1.115066092461347580e-02,-5.796466954052448273e-03,-2.114872820675373077e-02,-1.564040966331958771e-02,1.510431990027427673e-02,-1.174035854637622833e-02,-2.074666135013103485e-02,-5.759610794484615326e-03,7.471746765077114105e-03,4.523254930973052979e-03,6.741324905306100845e-03,1.921880617737770081e-02,-3.283547982573509216e-02,1.016559638082981110e-02,-1.282593980431556702e-02,7.525355555117130280e-03,-1.134499255567789078e-02,2.104151062667369843e-02,2.439207024872303009e-02,-1.680640503764152527e-02,2.721994183957576752e-02,1.134499255567789078e-02,8.175363764166831970e-03,-2.478073537349700928e-02,-7.203701883554458618e-03,-1.669918559491634369e-02,-1.891055516898632050e-02,-8.168662898242473602e-03,-1.272542309015989304e-02,-1.952705904841423035e-02,-1.423149951733648777e-03,-1.684661023318767548e-02,1.778476685285568237e-02,-7.331022992730140686e-03,-1.042023883201181889e-03,-1.651155576109886169e-02,-3.564994782209396362e-03,3.690975904464721680e-02,1.192799024283885956e-02,-1.359656825661659241e-02,-2.185904793441295624e-02,1.459503546357154846e-02,-3.117360174655914307e-02,-4.593616351485252380e-03,-1.552146510221064091e-03,8.208869956433773041e-03,-4.476347006857395172e-03,6.637457292526960373e-03,-1.852189004421234131e-02,3.441694378852844238e-02,9.656311012804508209e-03,-1.760718761943280697e-03,1.232335623353719711e-02,-1.347594894468784332e-02,8.302684873342514038e-03,-6.453176494687795639e-03,-2.157760038971900940e-02,-3.412209451198577881e-02,3.826338332146406174e-03,5.923788528889417648e-03,-8.704752661287784576e-03,2.291782386600971222e-02,-1.355636212974786758e-02,1.141870487481355667e-02,-3.923504613339900970e-03,-9.167129173874855042e-03,2.676426619291305542e-02,3.400817513465881348e-03,-6.071213167160749435e-03,-1.844147779047489166e-02,-1.982190646231174469e-02,-5.193366669118404388e-03,1.370378676801919937e-02,-5.675847176462411880e-03,1.372389029711484909e-02,-1.239706855267286301e-02,-1.350945420563220978e-02,1.569401845335960388e-02,-1.004497613757848740e-02,-3.305326448753476143e-03,-1.438059937208890915e-02,-5.364244803786277771e-03,4.670679103583097458e-03,2.605059649795293808e-03,1.750332117080688477e-02,3.259423747658729553e-02,1.509091816842556000e-02,-1.679300144314765930e-02,8.753335569053888321e-04,-1.589505188167095184e-02,1.909818686544895172e-02,-5.049962550401687622e-02,-1.001817174255847931e-03,2.416423149406909943e-02,-7.702097645960748196e-04,-7.243908476084470749e-03,-1.007178053259849548e-02,-1.696186959743499756e-01,1.742290705442428589e-02,1.262490637600421906e-02,-1.356976386159658432e-02,3.725821524858474731e-02,-2.259617112576961517e-02,1.423317473381757736e-02,3.960360772907733917e-03,-2.460650540888309479e-02,-2.100130356848239899e-02,1.425997912883758545e-02,5.300584249198436737e-03,-3.050348907709121704e-02,5.950592923909425735e-03,1.832755748182535172e-03,-1.042023859918117523e-02,-5.296563729643821716e-02,1.240376941859722137e-02,2.369515411555767059e-02,1.100323628634214401e-02,1.039343420416116714e-02,-1.312748994678258896e-02,2.306524850428104401e-02,-3.886648640036582947e-02,1.263160724192857742e-02,1.676619797945022583e-02,-2.014356106519699097e-02,1.842807419598102570e-02,-1.645794510841369629e-02,-1.025271043181419373e-02,2.754159504547715187e-03,2.405701391398906708e-02,4.119847342371940613e-02,-4.578203707933425903e-02,2.937770262360572815e-02,4.379180725663900375e-03,-2.492815954610705376e-03,-3.846441861242055893e-03,-2.550445497035980225e-02,1.016894704662263393e-03,1.710125245153903961e-02,1.265171077102422714e-02,7.645975798368453979e-03,-2.415082976222038269e-02,6.299050990492105484e-03,4.259230569005012512e-02,2.262297458946704865e-02,-5.340791307389736176e-03,1.976829767227172852e-02,-8.403202518820762634e-03,2.035799622535705566e-02,-1.746311411261558533e-02,6.051109638065099716e-03,4.499800968915224075e-03,-8.188766427338123322e-03,8.081548847258090973e-03,-2.724423247855156660e-04,1.506411377340555191e-02,-2.527661807835102081e-02,9.522289037704467773e-03,-1.899096928536891937e-02,1.285274419933557510e-02,1.415276154875755310e-02,-2.211369015276432037e-02,1.338883396238088608e-02,-4.543357994407415390e-03,1.184757705777883530e-02,-1.637753285467624664e-02,-8.249076083302497864e-03,3.556953370571136475e-02,-4.523254930973052979e-03,-2.356113120913505554e-02,3.008801955729722977e-03,-3.567675128579139709e-02,2.961894124746322632e-02,-2.431165613234043121e-02,-2.768901921808719635e-02,8.282582275569438934e-03,1.335532870143651962e-02,-4.010619129985570908e-03,-2.614776231348514557e-02,2.857356704771518707e-02,-2.703231014311313629e-02,-2.173842675983905792e-02,6.359361112117767334e-03,2.050542086362838745e-02,1.656851498410105705e-03,-1.277233101427555084e-02,2.027758397161960602e-02,5.803168285638093948e-03,1.639679830987006426e-04,-2.677766792476177216e-02,1.025271019898355007e-03,-2.227451652288436890e-02,3.404168039560317993e-02,9.843942709267139435e-03,2.199642127379775047e-03,1.900437101721763611e-02,-2.094769477844238281e-02,5.545174935832619667e-04,2.951172366738319397e-02,-8.945992216467857361e-03,-2.988698706030845642e-02,1.518473401665687561e-02,2.841274067759513855e-02,4.405985120683908463e-03,1.904457807540893555e-02,1.570742018520832062e-02,2.140337042510509491e-02,1.519813574850559235e-02,1.956726424396038055e-02,-9.589299559593200684e-03,5.575330462306737900e-03,2.964574657380580902e-02,1.250428613275289536e-02,1.999613642692565918e-02,1.876313122920691967e-03,4.178147297352552414e-03,7.197001017630100250e-03,9.207336232066154480e-03,6.754726916551589966e-02,-1.439400203526020050e-02,4.268612246960401535e-03,7.666079327464103699e-03,-1.901777274906635284e-02,-1.029291749000549316e-02,-1.347728818655014038e-01,-2.868078462779521942e-02,7.585665676742792130e-03,-3.059060312807559967e-03,1.691362261772155762e-02,1.178056560456752777e-02,-1.192799024283885956e-02,-3.742574481293559074e-03,-3.179010376334190369e-02,2.069305256009101868e-02,7.790050003677606583e-04,-1.057436410337686539e-02,9.227439761161804199e-03,-5.042591132223606110e-03,2.239513583481311798e-02,-1.127798203378915787e-02,1.238366588950157166e-02,-2.129615284502506256e-02,-1.297336444258689880e-02,3.067436860874295235e-03,-1.013879198580980301e-02,2.293122559785842896e-02,-1.356306299567222595e-02,-2.864727983251214027e-03,2.421784028410911560e-02,1.373729202896356583e-02,-1.621670648455619812e-02,4.484388232231140137e-02,4.677380435168743134e-03,1.333522517234086990e-02,-1.676619797945022583e-02,-6.118120625615119934e-03,-1.119924359954893589e-03,-8.409903384745121002e-03,-1.555999647825956345e-02,-2.419103635475039482e-03,-3.712419420480728149e-02,-2.995399758219718933e-03,2.376216463744640350e-02,-1.620330289006233215e-02,1.797239854931831360e-02,5.370946135371923447e-03,-2.708591893315315247e-02,3.390765748918056488e-03,-4.513203166425228119e-03,-1.456823106855154037e-02,-2.965244697406888008e-03,1.816003024578094482e-02,1.710125245153903961e-02,-2.224771305918693542e-03,-4.602327942848205566e-02,-1.115066092461347580e-02,-1.779817044734954834e-02,-5.602134857326745987e-03,4.928672220557928085e-03,-4.342324566096067429e-03,9.810436517000198364e-03,2.334669604897499084e-02,-1.526514720171689987e-02,1.439400203526020050e-02,-1.245067734271287918e-02,-9.354760870337486267e-03,-4.295416641980409622e-03,1.822704076766967773e-02,-1.326151285320520401e-02,-1.329501811414957047e-02,1.786518096923828125e-02,-1.442080643028020859e-02,-7.317620795220136642e-03,-2.259617112576961517e-02,1.588165014982223511e-02,5.896984133869409561e-03,-1.320790406316518784e-02,6.580498069524765015e-03,-2.533022686839103699e-02,-1.597378985024988651e-03,-2.114872820675373077e-02,-9.455277584493160248e-03,3.034266270697116852e-02,-9.073314256966114044e-03,-3.942937776446342468e-02,-2.302504144608974457e-02,-9.562495164573192596e-03,8.972797542810440063e-03,6.197194010019302368e-02,-1.525174453854560852e-02,-3.203134518116712570e-03,2.399000339210033417e-02,1.995592936873435974e-02,-8.349592797458171844e-03,-6.366061978042125702e-03,9.234140627086162567e-03,3.597160056233406067e-02,-1.873632706701755524e-02,5.685898475348949432e-03,9.080015122890472412e-03,8.590833283960819244e-03,-1.250428613275289536e-02,-1.679300144314765930e-02,1.094292569905519485e-02,-1.052075531333684921e-02,-1.159293390810489655e-02,-4.781917855143547058e-02,2.835913188755512238e-02,-6.875347346067428589e-03,-1.590845361351966858e-02,-2.048866823315620422e-03,-2.897563390433788300e-02,2.078686840832233429e-02,3.085864940658211708e-03,1.332684885710477829e-03,-3.859844058752059937e-03,-8.651143871247768402e-03,1.888375170528888702e-02,2.987023442983627319e-03,9.508886374533176422e-03,-1.476926449686288834e-02,-7.444942370057106018e-03,2.062604203820228577e-02,2.354772947728633881e-02,-2.120233699679374695e-02,2.504877932369709015e-02,1.381770521402359009e-02,-7.317620795220136642e-03,-1.428175834007561207e-03,1.602907478809356689e-02,-3.288908675312995911e-02,1.228314917534589767e-02,-7.679481524974107742e-03,7.960928604006767273e-03,-1.348600024357438087e-03,-8.155261166393756866e-03,1.751672290265560150e-02,-1.125117763876914978e-02,1.830745488405227661e-02,2.991379052400588989e-02,2.163120917975902557e-02,-1.220273599028587341e-02,1.877988339401781559e-03,3.766028210520744324e-02,1.420637010596692562e-03,6.390186399221420288e-02,3.889999119564890862e-03,-1.604247651994228363e-02,1.306047942489385605e-02,6.614003330469131470e-03,-4.255210049450397491e-03,3.149525448679924011e-02,-1.183417439460754395e-02,2.609415352344512939e-02,1.490328647196292877e-02,3.990515600889921188e-03,7.793400436639785767e-03,2.286421507596969604e-02,-1.663552597165107727e-03,-2.305184677243232727e-02,-1.284101745113730431e-03,-2.581270597875118256e-02,4.087682068347930908e-02,-4.479697439819574356e-03,4.640524275600910187e-03,-2.862717583775520325e-02,2.660343796014785767e-02,5.984098650515079498e-03,-7.873813621699810028e-03,-2.527661807835102081e-02,2.087398199364542961e-03,9.756827726960182190e-03,5.927138961851596832e-03,1.367698237299919128e-02,9.636207483708858490e-03,-1.648056204430758953e-04,-2.254256047308444977e-02,1.588165014982223511e-02,9.763529524207115173e-03,1.319450139999389648e-02,9.910953231155872345e-03,-2.444567903876304626e-02,1.641773991286754608e-02,8.852177299559116364e-03,3.457776969298720360e-03,-1.687006442807614803e-03,1.598886772990226746e-02,3.786131739616394043e-03,-3.246021643280982971e-02,1.920540444552898407e-02,8.389799855649471283e-03,-8.450109511613845825e-03,-8.128455840051174164e-03,-6.610652897506952286e-03,-1.125787850469350815e-02,-2.957915421575307846e-05,2.120903925970196724e-03,9.254244156181812286e-03,3.251382336020469666e-02,-2.383922692388296127e-03,1.109872711822390556e-03,5.931536725256592035e-05,-7.592367008328437805e-03,2.404361218214035034e-02,1.893065869808197021e-03,3.237980231642723083e-02,1.354463514871895313e-03,-4.536657128483057022e-03,1.274552661925554276e-02,2.194616245105862617e-04,1.330171944573521614e-03,2.122914232313632965e-02,-1.523834280669689178e-02,-3.358600288629531860e-02,-2.817150019109249115e-02,2.868078462779521942e-02,-1.668997283559292555e-04,-1.608268357813358307e-02,1.350275240838527679e-03,-1.326821371912956238e-02,6.724571809172630310e-03,8.342891931533813477e-03,2.266318164765834808e-02,1.001147087663412094e-02,-2.384257875382900238e-02,4.449542239308357239e-02,9.998068213462829590e-03,2.017036452889442444e-02,-3.268470289185643196e-03,-3.441694378852844238e-02,3.642727807164192200e-02,2.866403199732303619e-03,6.111419759690761566e-03,-1.468885131180286407e-02,1.530535332858562469e-02,8.610936813056468964e-03,1.016559638082981110e-02,2.038815291598439217e-03,-9.770230390131473541e-03,-2.950167283415794373e-03,8.383098989725112915e-03,2.143017575144767761e-02,-1.794559508562088013e-02,2.755499817430973053e-02,3.940257243812084198e-03,1.881673932075500488e-02,-7.418137509375810623e-03,-1.719506829977035522e-02,1.956726424396038055e-03,2.535954408813267946e-04,3.897370398044586182e-02,3.156226594001054764e-03,1.684661023318767548e-02,-1.738269999623298645e-02,-2.542404271662235260e-02,2.700550667941570282e-02,-1.103674154728651047e-02,2.006314694881439209e-02,-1.483627501875162125e-02,-3.747265413403511047e-02,-2.531682327389717102e-02,-3.806235035881400108e-03,6.195183843374252319e-03,1.498369965702295303e-02,2.341370657086372375e-02,2.902924269437789917e-02,7.578964345157146454e-03,-8.751660585403442383e-03,-2.137656556442379951e-03,-3.372002765536308289e-02,-4.353046417236328125e-02,1.726208068430423737e-02,2.104151062667369843e-02,-5.672496277838945389e-03,-3.996546939015388489e-02,2.015696279704570770e-02,1.856209710240364075e-03,-4.103764891624450684e-02,-1.641773991286754608e-02,3.471179166808724403e-03,-2.354772947728633881e-02,-1.644454337656497955e-02,1.775076498233829625e-06,2.207348309457302094e-02,3.191407537087798119e-03,-1.891055516898632050e-02,1.604247651994228363e-02,-3.573036193847656250e-02,-6.513486616313457489e-03,1.102333888411521912e-02,-1.308728381991386414e-02,4.218353889882564545e-03,1.470225304365158081e-02,-3.235299885272979736e-02
-6.169018335640430450e-03,-2.064863219857215881e-02,2.266235416755080223e-03,1.109144766815006733e-03,-6.961721461266279221e-03,1.617369614541530609e-02,-1.993264257907867432e-02,8.157168515026569366e-03,-2.545918803662061691e-03,-2.045684866607189178e-02,-1.438372186385095119e-03,6.795509718358516693e-03,-1.105309091508388519e-02,-2.900717314332723618e-03,8.937085978686809540e-03,-6.853044498711824417e-03,1.474171690642833710e-02,2.528977952897548676e-02,-3.266703104600310326e-03,1.002385560423135757e-02,-8.687768131494522095e-03,-2.183768711984157562e-02,8.054884150624275208e-03,3.324237884953618050e-03,-4.331098461989313364e-04,7.997349835932254791e-03,5.529742222279310226e-03,-2.953457646071910858e-02,1.369330286979675293e-02,-6.859437096863985062e-03,-1.929336600005626678e-02,1.091884355992078781e-02,-1.246589235961437225e-02,-1.292617153376340866e-02,-2.805145457386970520e-02,-2.741217799484729767e-02,5.181336309760808945e-03,-8.861970854923129082e-04,1.296452805399894714e-02,-7.466749753803014755e-03,-6.108287256211042404e-03,1.299329567700624466e-03,1.338645070791244507e-02,-5.724721122533082962e-03,-2.535370737314224243e-02,1.015810389071702957e-02,3.707803785800933838e-03,-1.893537119030952454e-02,-5.484992638230323792e-03,6.968114059418439865e-03,3.037841990590095520e-02,1.096359267830848694e-02,-2.109612524509429932e-02,-1.828330941498279572e-02,-2.869073115289211273e-02,-7.927029393613338470e-03,-1.697279163636267185e-03,-7.095969282090663910e-03,1.847509178332984447e-03,-2.536649256944656372e-02,2.883137203752994537e-03,2.505964040756225586e-02,5.949267069809138775e-04,1.590519957244396210e-02,-1.400015596300363541e-02,-1.495907083153724670e-03,-2.782131545245647430e-02,1.724448404274880886e-03,2.736103488132357597e-03,-1.126405224204063416e-02,1.949793472886085510e-02,3.656661882996559143e-02,1.697918400168418884e-02,-4.960786085575819016e-03,2.403679676353931427e-02,-1.211429014801979065e-02,5.066266283392906189e-03,-1.133437268435955048e-02,-1.166679710149765015e-02,1.252342760562896729e-02,7.927029393613338470e-03,-3.012271039187908173e-02,-4.663522355258464813e-03,2.611444564536213875e-03,2.505964040756225586e-02,-7.645747158676385880e-03,-2.101941220462322235e-02,2.245139144361019135e-02,-1.193049829453229904e-03,-2.848616242408752441e-02,3.122226521372795105e-02,1.668511703610420227e-02,1.623762398958206177e-02,2.277103066444396973e-02,-2.707975357770919800e-02,-1.676183007657527924e-02,-9.915178641676902771e-03,6.085912697017192841e-03,1.400015596300363541e-02,-6.082716397941112518e-03,8.943478576838970184e-03,-3.414136299397796392e-04,-3.145240619778633118e-02,-6.114679854363203049e-03,-3.973742946982383728e-02,-2.109612524509429932e-02,-3.941139671951532364e-03,-8.579091168940067291e-03,4.063241556286811829e-02,-1.512528304010629654e-02,-8.054884150624275208e-03,5.009371042251586914e-02,4.925625864416360855e-03,-2.364044636487960815e-02,1.846230588853359222e-02,-2.909986861050128937e-02,7.311725057661533356e-04,-1.849906402640044689e-04,-2.828159369528293610e-02,1.425586640834808350e-03,-7.696889340877532959e-03,-4.957589320838451385e-03,2.290208125486969948e-03,3.726982278749346733e-03,2.777017280459403992e-02,1.970569835975766182e-03,-2.266874536871910095e-02,-8.713339455425739288e-03,-1.342480722814798355e-02,7.044827565550804138e-03,2.422858029603958130e-02,2.146370941773056984e-03,3.352366015315055847e-02,-9.518827311694622040e-03,5.229282192885875702e-03,1.378280203789472580e-02,8.329773321747779846e-03,-2.013721037656068802e-03,-1.925500854849815369e-02,-2.583955787122249603e-02,7.044827565550804138e-03,1.802759803831577301e-02,9.371793828904628754e-03,7.588212378323078156e-03,1.502299867570400238e-02,3.832462709397077560e-03,1.976642943918704987e-02,1.447322033345699310e-02,1.713261124677956104e-03,1.730841235257685184e-03,3.276292234659194946e-03,7.696889340877532959e-03,2.682404406368732452e-02,-1.755453273653984070e-02,2.296600956469774246e-03,3.007796127349138260e-03,-4.705075174570083618e-03,5.753488838672637939e-02,-2.266235416755080223e-03,-1.866687461733818054e-02,5.520152859389781952e-03,3.458485938608646393e-03,8.604662492871284485e-03,-1.368051767349243164e-02,-1.830887980759143829e-02,3.856116160750389099e-02,9.780931286513805389e-03,-8.898729458451271057e-03,-3.055741824209690094e-02,-5.021517165005207062e-03,1.446043513715267181e-02,2.445871941745281219e-02,-1.384672988206148148e-02,2.568613179028034210e-02,9.320652112364768982e-03,2.430529333651065826e-02,-8.387307636439800262e-03,1.345037855207920074e-02,-3.687347099184989929e-02,-3.384969197213649750e-03,-2.730989269912242889e-02,1.429422292858362198e-02,1.206314843147993088e-02,-5.894129630178213120e-03,3.036563517525792122e-03,6.335230544209480286e-03,1.217182539403438568e-02,-1.967693120241165161e-02,-1.516683609224855900e-03,-2.415186725556850433e-02,-1.065034698694944382e-02,4.417400807142257690e-03,-1.437093596905469894e-02,3.237935714423656464e-03,-6.550282835960388184e-01,-6.507834885269403458e-03,-3.086107550188899040e-03,-1.071427483111619949e-02,1.264488976448774338e-02,-2.483589341863989830e-03,1.197364926338195801e-02,1.008139085024595261e-02,-3.293552622199058533e-02,1.804038323462009430e-02,-6.274498999118804932e-03,3.130856901407241821e-03,-6.865830160677433014e-03,-1.953629031777381897e-02,-1.433577621355652809e-03,-1.985592953860759735e-02,7.422000635415315628e-03,-3.082911018282175064e-03,-5.967646371573209763e-03,-1.461386121809482574e-02,-7.025649305433034897e-03,-7.108754944056272507e-03,9.007406421005725861e-03,7.203847635537385941e-04,-5.258049350231885910e-04,1.740110665559768677e-02,2.364044636487960815e-02,-1.198004186153411865e-02,-9.093708940781652927e-04,2.403679676353931427e-02,-3.393279761075973511e-02,2.945786342024803162e-02,-4.685896914452314377e-03,2.253449783893302083e-04,3.559491783380508423e-02,7.395630236715078354e-04,-2.084041573107242584e-02,1.867965981364250183e-02,2.295002713799476624e-02,1.711982488632202148e-02,-2.312902547419071198e-02,1.481523388065397739e-03,-4.484524950385093689e-03,-6.405550986528396606e-03,8.585483767092227936e-03,1.109144743531942368e-02,2.871630154550075531e-02,-4.705075174570083618e-03,3.160583227872848511e-02,1.378280203789472580e-02,1.910158246755599976e-02,-1.338645070791244507e-02,-8.636625483632087708e-03,1.374444551765918732e-02,6.309659220278263092e-03,1.503578387200832367e-02,2.587791346013545990e-02,-1.930615119636058807e-02,-4.532470833510160446e-03,-6.916173151694238186e-04,-1.498464215546846390e-02,1.229968015104532242e-02,-2.232353575527667999e-02,-1.890979893505573273e-02,-5.411475896835327148e-03,1.783581450581550598e-02,-5.571295041590929031e-03,-1.097637787461280823e-02,2.408793941140174866e-02,1.038185041397809982e-02,-1.552642905153334141e-03,-1.164282439276576042e-03,-5.469010677188634872e-03,1.015810389071702957e-02,2.002214081585407257e-02,9.390972554683685303e-03,8.323380723595619202e-03,-1.222296711057424545e-02,3.226748201996088028e-03,1.541935000568628311e-02,2.050479408353567123e-03,-1.949793472886085510e-02,-2.825602330267429352e-02,9.934357367455959320e-03,1.708146929740905762e-02,-1.564949005842208862e-02,-3.331909328699111938e-02,-1.503578387200832367e-02,6.073127035051584244e-03,3.704607486724853516e-03,2.907109912484884262e-03,2.412629686295986176e-02,5.290013272315263748e-03,-8.643019013106822968e-03,4.823341500014066696e-03,-3.758945968002080917e-03,-3.119669388979673386e-03,2.479114383459091187e-02,2.843501977622509003e-02,8.809230290353298187e-03,2.128790877759456635e-02,-7.300538010895252228e-03,1.924222335219383240e-02,-1.888422854244709015e-02,1.655726134777069092e-02,5.670382641255855560e-03,-2.989257127046585083e-02,4.407811909914016724e-03,6.520620547235012054e-03,-3.429079428315162659e-02,7.575426716357469559e-03,-1.144944224506616592e-02,1.300128642469644547e-03,2.130069397389888763e-02,-1.797965262085199356e-03,-3.260310366749763489e-02,2.075091563165187836e-02,1.240835711359977722e-02,1.977921649813652039e-02,-2.523863688111305237e-02,4.727449733763933182e-03,7.313323672860860825e-03,-1.428143773227930069e-02,1.989748096093535423e-03,8.790052495896816254e-03,2.823045104742050171e-02,-1.851344853639602661e-02,-2.651719003915786743e-02,-2.233632281422615051e-02,-8.495985530316829681e-03,-3.191587980836629868e-03,-1.396179944276809692e-02,2.328245155513286591e-02,-1.280950382351875305e-03,3.955843299627304077e-02,1.121930312365293503e-02,1.033070869743824005e-02,-1.917829550802707672e-02,-3.784517059102654457e-03,-3.620862215757369995e-02,-3.536477684974670410e-02,-9.812895208597183228e-03,-1.333530806005001068e-02,-1.788695715367794037e-02,1.913993991911411285e-02,-2.692632749676704407e-02,-1.148140616714954376e-02,-4.201325401663780212e-02,-4.073470085859298706e-02,1.195447146892547607e-02,3.247524797916412354e-02,-3.089303849264979362e-03,-3.091541305184364319e-02,4.139315336942672729e-03,-1.127683836966753006e-02,-2.963685989379882812e-02,-5.999610293656587601e-03,-2.090434171259403229e-02,-4.615576472133398056e-03,-2.966243028640747070e-02,1.667233183979988098e-02,2.388337068259716034e-02,-5.510563496500253677e-03,-1.227410975843667984e-02,2.594184130430221558e-02,-6.482264026999473572e-03,-2.695189788937568665e-02,-1.045217155478894711e-03,-6.872222758829593658e-03,-2.240024879574775696e-02,6.610119249671697617e-03,2.480392903089523315e-02,-3.298667073249816895e-02,1.568784564733505249e-02,1.214625407010316849e-02,-9.595540352165699005e-03,-1.024760305881500244e-02,-1.165401097387075424e-02,6.041163112968206406e-03,-1.789974281564354897e-03,1.056084875017404556e-02,7.907850667834281921e-03,-1.350152026861906052e-02,-1.619926653802394867e-02,1.406408380717039108e-02,-1.979200169444084167e-02,1.393622835166752338e-03,1.364216115325689316e-02,-1.206954102963209152e-02,-6.956127472221851349e-04,4.315116442739963531e-03,-5.635222420096397400e-03,5.817416589707136154e-03,2.481991192325949669e-03,9.723396040499210358e-03,9.359008632600307465e-03,4.043424036353826523e-03,1.299649197608232498e-02,3.092500148341059685e-03,9.953535161912441254e-03,1.456271950155496597e-02,6.942543201148509979e-03,4.832930490374565125e-02,-2.838387712836265564e-02,1.913993991911411285e-02,-2.309066802263259888e-02,1.086130831390619278e-02,-4.120137076824903488e-03,2.725875191390514374e-02,5.679972004145383835e-03,-3.570359433069825172e-03,-2.679847180843353271e-02,-2.255367673933506012e-02,3.506431821733713150e-03,1.563670486211776733e-02,1.132158748805522919e-02,4.308723844587802887e-03,5.363530013710260391e-03,-5.874951370060443878e-03,-8.425665087997913361e-03,-9.154439903795719147e-03,-1.246589235961437225e-02,1.205036230385303497e-02,-6.105090957134962082e-03,-3.531363606452941895e-02,1.864130422472953796e-02,8.547127246856689453e-03,-6.868227501399815083e-04,-1.788695715367794037e-02,-2.119841054081916809e-02,-1.088687963783740997e-02,-1.454993430525064468e-02,8.304201997816562653e-03,2.661947533488273621e-02,1.485678646713495255e-02,-1.472893171012401581e-02,1.429422292858362198e-02,-2.014999650418758392e-02,1.093162875622510910e-02,-2.879301458597183228e-02,1.859016157686710358e-02,2.955055795609951019e-03,2.555827610194683075e-02,1.933172158896923065e-02,1.256178412586450577e-02,2.915100939571857452e-02,3.283324092626571655e-02,-2.856287546455860138e-02,-2.261760458350181580e-02,4.068356007337570190e-02,-2.761674672365188599e-02,-6.955328863114118576e-03,-2.621033787727355957e-02,-2.005730057135224342e-03,1.521478127688169479e-02,-2.713089622557163239e-02,1.471614558249711990e-02,1.663397625088691711e-02,1.928058080375194550e-02,2.802588231861591339e-02,5.638419184833765030e-03,-5.967646371573209763e-03,2.564777433872222900e-02,1.581570133566856384e-02,2.334957476705312729e-03,-5.820612888783216476e-03,7.428393233567476273e-03,-7.441178895533084869e-03,-2.403679676353931427e-02,-5.190925206989049911e-03,-1.333530806005001068e-02,-6.117876619100570679e-03,2.167147397994995117e-02,8.643019013106822968e-03,-1.900249510072171688e-03,5.718328524380922318e-03,1.098277047276496887e-02,-2.779574319720268250e-02,2.335916459560394287e-02,-8.941880660131573677e-04,-1.442207861691713333e-02,-2.193997055292129517e-02,1.279192324727773666e-02,-5.974038969725370407e-03,3.637483576312661171e-03,-1.131519488990306854e-02,-2.612083964049816132e-02,1.293256413191556931e-02,-2.021392434835433960e-02,8.547127246856689453e-03,-1.929336600005626678e-02,1.596912741661071777e-02,4.244796000421047211e-03,6.801902316510677338e-03,-7.402822375297546387e-03,-1.478326972573995590e-03,3.343416145071387291e-03,-1.793809980154037476e-02,2.534092217683792114e-02,2.911904593929648399e-03,-3.579948679544031620e-04,1.926779374480247498e-02,-1.508692651987075806e-02,2.341030724346637726e-02,6.663818657398223877e-02,2.384501509368419647e-02,5.014325142838060856e-04,-2.753683598712086678e-03,7.659331895411014557e-04,-1.382115855813026428e-02,-1.873080246150493622e-02,1.034349389374256134e-02,-1.926779374480247498e-02,1.203757710754871368e-02,1.149419229477643967e-02,3.820676283794455230e-05,-1.727325096726417542e-02,8.738909848034381866e-03,8.227488957345485687e-03,-3.298667073249816895e-02,-1.073185470886528492e-03,-2.003492601215839386e-02,-1.596912741661071777e-02,1.206314843147993088e-02,9.185124933719635010e-02,3.305059624835848808e-03,3.689904138445854187e-02,4.033835139125585556e-03,2.537927776575088501e-02,1.896094158291816711e-02,-1.876915805041790009e-02,-8.137989789247512817e-03,-9.096904657781124115e-03,-1.370608899742364883e-02,-1.919108070433139801e-02,-1.591798476874828339e-02,-5.737506784498691559e-03,-1.705589704215526581e-02,9.461292997002601624e-03,1.435815077275037766e-02,-2.475598361343145370e-03,-9.966321289539337158e-03,1.485678646713495255e-02,3.547984641045331955e-03,1.726046577095985413e-02,1.159647665917873383e-02,-2.007328346371650696e-02,1.112980395555496216e-02,3.877611597999930382e-04,-9.932758985087275505e-04,3.073641471564769745e-02,2.939073834568262100e-03,-7.370858453214168549e-03,1.860294723883271217e-03,-2.016278170049190521e-02,5.769470706582069397e-03,-1.101473439484834671e-02,1.644538831897079945e-03,-4.289545584470033646e-03,-7.575426716357469559e-03,3.330630715936422348e-03,3.830545023083686829e-02,1.077180914580821991e-02,-1.498464215546846390e-02,3.380494192242622375e-02,5.395493935793638229e-03,-8.440447709290310740e-05,-1.743946410715579987e-02,1.061838306486606598e-02,-1.360380463302135468e-02,-1.371887419372797012e-02,1.755453273653984070e-02,-2.184727462008595467e-03,-2.684961445629596710e-02,4.907086491584777832e-02,-2.700304053723812103e-02,1.142706838436424732e-03,-5.309191532433032990e-03,-2.730989269912242889e-02,2.007328346371650696e-02,5.721524823457002640e-03,8.924300782382488251e-03,1.011974737048149109e-02,1.648054830729961395e-02,5.235674791038036346e-03,-3.700132668018341064e-02,1.044577825814485550e-02,1.430381205864250660e-03,-4.428907856345176697e-02,-8.662196807563304901e-03,-9.486863389611244202e-03,3.331909328699111938e-02,-2.179932966828346252e-02,-7.319716271013021469e-03,-1.138551533222198486e-02,-8.180741860996931791e-05,-5.568098742514848709e-03,1.475450210273265839e-02,4.531192034482955933e-02,1.235082279890775681e-02,1.674904488027095795e-02,-9.378186427056789398e-03,1.605862565338611603e-02,2.948663022834807634e-04,5.817416589707136154e-03,-2.306509763002395630e-02,1.972167985513806343e-03,-7.664925418794155121e-03,-2.296281233429908752e-02,3.741046413779258728e-02,-9.339829906821250916e-03,-1.175629533827304840e-02,-1.618648134171962738e-02,1.042819858412258327e-04,4.590005613863468170e-03,-2.076050499454140663e-03,-4.775395616888999939e-03,-4.070913046598434448e-02,3.349808976054191589e-03,1.221018191426992416e-02,4.398222547024488449e-03,-8.035706356167793274e-03,-1.185857970267534256e-02,-1.479285862296819687e-02,1.115537527948617935e-02,1.009417604655027390e-02,-1.687690033577382565e-03,-1.269603148102760315e-02,1.428143773227930069e-02,1.134076528251171112e-02,4.641147796064615250e-03,1.766960322856903076e-02,-9.819287806749343872e-03,2.256646053865551949e-03,1.258096192032098770e-02,-1.708146929740905762e-02,1.479285862296819687e-02,-2.851173281669616699e-02,-1.156451273709535599e-02,6.245731841772794724e-03,4.887268878519535065e-03,4.561877250671386719e-02,3.193825483322143555e-02,-2.425415068864822388e-02,-6.680439691990613937e-03,-3.874015808105468750e-02,1.430700905621051788e-02,1.043299306184053421e-02,-2.909986861050128937e-02,1.311795413494110107e-02,-1.337366458028554916e-02,-1.369330286979675293e-02,4.490917490329593420e-04,1.210150495171546936e-02,7.370858453214168549e-03,1.862851902842521667e-02,7.818352431058883667e-03,1.420472469180822372e-02,-3.191268444061279297e-02,-1.467778906226158142e-02,-3.749356837943196297e-03,2.159476093947887421e-02,-1.196725666522979736e-02,-1.788376132026314735e-03,-5.910111591219902039e-03,1.368850818835198879e-03,-2.208061143755912781e-02,-2.641490660607814789e-02,-1.040102913975715637e-02,-3.799859806895256042e-02,2.824004041031002998e-03,-1.821938157081604004e-02,1.690247096121311188e-02,9.001013822853565216e-03,3.660856964415870607e-05,2.751446142792701721e-02,-2.545599080622196198e-02,2.488383790478110313e-03,-2.171942032873630524e-03,-2.793638501316308975e-03,-6.063537672162055969e-03,-1.874358765780925751e-02,-5.609651561826467514e-03,1.727325096726417542e-02,1.879473030567169189e-02,2.498292736709117889e-02,4.567630589008331299e-03,-1.258575706742703915e-03,-1.118094660341739655e-02,2.162033319473266602e-02,-6.277695763856172562e-03,-2.451625419780611992e-03,-4.418679326772689819e-02,9.550791233777999878e-03,7.920635864138603210e-03,1.581570133566856384e-02,-4.375847987830638885e-03,-2.387058548629283905e-02,2.008926589041948318e-03,2.983823185786604881e-03,1.302525983192026615e-03,-2.980626886710524559e-03,-1.229009125381708145e-03,-2.848616242408752441e-02,-1.821938157081604004e-02,2.835830673575401306e-02,9.915178641676902771e-03,-8.150775916874408722e-03,8.770873770117759705e-03,-2.525142207741737366e-02,2.103219740092754364e-02,-4.596398212015628815e-03,-5.302798934280872345e-03,-3.883604891598224640e-03,3.720589447766542435e-03,-2.156919054687023163e-02,2.397287078201770782e-02,2.029063738882541656e-02,7.581819780170917511e-03,-2.309066802263259888e-02,1.830887980759143829e-02,5.155765451490879059e-03,1.461386121809482574e-02,2.499571302905678749e-03,1.896094158291816711e-02,6.616512313485145569e-03,-3.162820590659976006e-03,-3.854837501421570778e-03,-1.449879165738821030e-02,1.467778906226158142e-02,2.011163905262947083e-02,-2.029702998697757721e-03,1.765681803226470947e-02,-2.036735042929649353e-02,-2.173540182411670685e-03,2.750487299636006355e-03,2.764871111139655113e-03,-2.343587763607501984e-02,5.238871090114116669e-03,-3.301224112510681152e-02,2.565097063779830933e-03,9.525219909846782684e-03,-1.697918400168418884e-02,-2.318016625940799713e-02,-1.265128236263990402e-02,-2.942270133644342422e-03,6.514227949082851410e-03,-1.768238842487335205e-02,2.544320560991764069e-02,2.274545840919017792e-02,-9.231152944266796112e-03,-3.288438543677330017e-02,1.799563411623239517e-03,9.693030151538550854e-04,-9.972713887691497803e-03,2.251531928777694702e-02,7.396429311484098434e-03,-1.076381886377930641e-03,-1.587962917983531952e-02,-3.122226521372795105e-02,1.940843462944030762e-02,-5.002338904887437820e-03,-8.585483767092227936e-03,2.061027474701404572e-02,1.356544811278581619e-02,-1.085491571575403214e-02,-1.495907083153724670e-02,-9.608326479792594910e-03,-9.359008632600307465e-03,1.159008312970399857e-02,-1.255539152771234512e-02,1.431979425251483917e-02,-2.429250814020633698e-02,-8.988227695226669312e-03,-1.472893171012401581e-02,8.368129841983318329e-03,-2.218289487063884735e-02,2.828159369528293610e-02,1.476728823035955429e-02,5.945271812379360199e-03,-4.582813708111643791e-04,-8.099633269011974335e-03,-1.775910146534442902e-02,6.833866238594055176e-03,-1.742667891085147858e-02,7.965385913848876953e-03,-1.837919990066438913e-04,-2.509799599647521973e-02,1.167958229780197144e-02,2.475278638303279877e-02,-9.435721673071384430e-03,8.547127246856689453e-03,-4.669914953410625458e-03,1.795088499784469604e-02,5.750292446464300156e-03,-7.920635864138603210e-03,1.747781969606876373e-02,-6.859437096863985062e-03,1.451157685369253159e-02,-5.782256368547677994e-03,7.326108869165182114e-03,-2.555507933720946312e-03,-1.144944224506616592e-02,-2.560941874980926514e-02,1.316909678280353546e-02,6.162625737488269806e-03,2.374272979795932770e-02,-5.961253773421049118e-03,-1.424308121204376221e-02,-1.384672988206148148e-02,-1.632152852835133672e-04,1.954787730937823653e-04,5.210103932768106461e-03,-6.718796212226152420e-03,-2.341030724346637726e-02,-2.922772243618965149e-02,1.017728261649608612e-02,9.301473386585712433e-03,-1.838559284806251526e-02,1.944679208099842072e-02,2.412629686295986176e-02,2.568613179028034210e-02,-2.780852839350700378e-03,2.725875191390514374e-02,-1.669790223240852356e-02,-1.345037855207920074e-02,-2.902315370738506317e-02,1.385951507836580276e-02,3.792188316583633423e-02,-3.262867406010627747e-02,1.873080246150493622e-02,1.882669399492442608e-03,-3.204054012894630432e-02,2.295002713799476624e-02,7.998947403393685818e-04,4.850830137729644775e-02,9.774537757039070129e-03,-2.633819356560707092e-02,3.516020951792597771e-03,1.553441956639289856e-02,3.902783151715993881e-03,-1.221018191426992416e-02,-4.671832919120788574e-02,2.536649256944656372e-02,-1.778467372059822083e-02,2.754003368318080902e-02,2.357651852071285248e-02,-2.861401811242103577e-02,7.300538010895252228e-03,1.610976830124855042e-02,1.519080833531916142e-03,2.314181067049503326e-02,-2.933000773191452026e-02,2.806423930451273918e-03,1.329695223830640316e-03,8.777266368269920349e-03,5.641615483909845352e-03,-7.767209783196449280e-03,2.468886040151119232e-02,-1.383394375443458557e-02,-4.084976855665445328e-03,-3.925157710909843445e-03,-3.201376966899260879e-05,-1.440929342061281204e-02,-5.986824631690979004e-03,-1.713261194527149200e-02,-2.394729852676391602e-02,2.298838458955287933e-02,-2.585234306752681732e-02,-5.750292446464300156e-03,8.150775916874408722e-03,4.484524950385093689e-03,-2.805145457386970520e-02,-3.145240619778633118e-02,5.424261558800935745e-03,3.436750546097755432e-02,7.850315421819686890e-03,-8.796445094048976898e-03,-4.513292107731103897e-03,-5.408279597759246826e-03,-5.451750382781028748e-02,-2.733546495437622070e-02,1.722850254736840725e-03,2.280938625335693359e-02,6.053948774933815002e-03,1.567506045103073120e-02,9.352616034448146820e-03,-3.296269569545984268e-04,-1.144944224506616592e-02,7.338894531130790710e-03,-1.419193856418132782e-02,-7.997349835932254791e-03,7.191861048340797424e-03,-2.989257127046585083e-02,3.269899403676390648e-03,1.184579450637102127e-02,-1.949793472886085510e-02,-1.315631065517663956e-02,2.119841054081916809e-02,-7.351680193096399307e-03,1.407686900347471237e-02,1.971528865396976471e-02,-4.084976855665445328e-03,-1.536820735782384872e-02,-1.287343096919357777e-03,1.605383236892521381e-03,4.855305422097444534e-03,-3.774927929043769836e-03,5.261245649307966232e-03,-2.606969699263572693e-02,1.314352545887231827e-02,8.706945925951004028e-03,2.055913396179676056e-02,-1.671068929135799408e-02,1.869244500994682312e-02,6.169018335640430450e-03,9.819287806749343872e-03,1.692804321646690369e-02,2.261760458350181580e-02,-2.654276229441165924e-02,-1.888422854244709015e-02,-8.758088573813438416e-03,1.731160841882228851e-02,2.876744372770190239e-03,-5.539331119507551193e-03,9.819287806749343872e-03,-6.384774460457265377e-04,-1.490792911499738693e-02,-5.219093509367667139e-05,2.764231711626052856e-02,-3.101769648492336273e-02,-8.042098954319953918e-03,1.555999089032411575e-02,-2.413908205926418304e-02,-3.826070111244916916e-03,-5.986824631690979004e-03,2.043127827346324921e-02,1.004942692816257477e-02,1.228689495474100113e-02,-2.534092217683792114e-02,4.657129757106304169e-03,-7.741638924926519394e-03,1.713261194527149200e-02,1.696639880537986755e-02,-1.529149431735277176e-02,5.855773109942674637e-03,-9.211975149810314178e-03,1.676183007657527924e-02,-2.433086559176445007e-02,-1.502299867570400238e-02,-1.645497791469097137e-02,-1.506135519593954086e-02,2.175138331949710846e-03,1.441568601876497269e-03,5.961253773421049118e-04,-4.129726439714431763e-02,-9.525219909846782684e-03,7.179075386375188828e-03,-2.085320092737674713e-02,-1.860294723883271217e-03,1.983291506767272949e-01,-2.932681003585457802e-03,-1.890660380013287067e-03,1.305402722209692001e-02,2.103219740092754364e-03,1.291338633745908737e-02,-2.012122888118028641e-03,1.371248159557580948e-03,-1.641662046313285828e-02,1.839837804436683655e-02,-1.599469967186450958e-02,1.766001456417143345e-03,1.737553626298904419e-02,1.968771975953131914e-04,3.963514417409896851e-02,-3.971185907721519470e-02,-1.621205359697341919e-02,-4.188539832830429077e-02,-3.689904138445854187e-02,-5.147454515099525452e-02,1.729882322251796722e-02,7.754424121230840683e-03,-7.243003230541944504e-03,-6.993685383349657059e-03,3.569720312952995300e-02,8.981835097074508667e-03,-4.468542989343404770e-03,1.844952069222927094e-02,2.989257127046585083e-02,5.493782809935510159e-04,-1.502299867570400238e-02,-1.015171129256486893e-02,6.341623142361640930e-03,4.538863431662321091e-03,-5.996413994580507278e-03,4.347080364823341370e-03,4.295938462018966675e-02,-8.949871407821774483e-04,-6.479067727923393250e-03,1.523875398561358452e-03,7.901458069682121277e-03,-1.600748486816883087e-02,-2.715646661818027496e-02,-1.385951507836580276e-02,-1.553441956639289856e-02,2.035456523299217224e-02,-2.025227993726730347e-02,1.799563411623239517e-03,-1.369330286979675293e-02,1.324580982327461243e-02,-1.516363956034183502e-02,-1.760567538440227509e-02,3.111998178064823151e-02,2.236189320683479309e-02,2.236189320683479309e-02,-9.295080788433551788e-03,1.552163437008857727e-02,1.991985738277435303e-02,-4.350276663899421692e-03,4.548452328890562057e-03,-3.040399216115474701e-02,1.206314843147993088e-02,2.968800254166126251e-02,1.336087938398122787e-02,9.828876936808228493e-04,9.320652112364768982e-03,-1.593077182769775391e-02,-2.057191915810108185e-02,2.114726789295673370e-02,-1.543213520199060440e-02,2.267833566293120384e-03,-5.868558771908283234e-03,-8.240274153649806976e-03,7.716067600995302200e-03,7.211039308458566666e-03,-1.140469312667846680e-02,2.835830673575401306e-02,3.589537693187594414e-03,3.592733992263674736e-03,5.977235734462738037e-03,6.101894658058881760e-03,-2.204225398600101471e-02,2.718203887343406677e-02,-1.983035728335380554e-02,5.248460453003644943e-03,-1.934450864791870117e-02,1.252342760562896729e-02,-6.832267972640693188e-04,-3.689904138445854187e-02,2.436922118067741394e-02,1.196086406707763672e-02,-6.878615356981754303e-03,-1.892258599400520325e-02,-7.658532820641994476e-03,-1.513806823641061783e-02,-4.558041691780090332e-03,3.998674917966127396e-03,-3.368987236171960831e-03,-2.126233652234077454e-02,1.015171129256486893e-02,-1.116816140711307526e-02,-6.948935799300670624e-03,1.241475064307451248e-02,1.089167431928217411e-03,-2.975832205265760422e-03,-3.829266410320997238e-03,2.260481752455234528e-02,9.748967364430427551e-03,-4.056209698319435120e-03,-2.554549090564250946e-02,2.985421335324645042e-03,-2.575005777180194855e-02,8.866765536367893219e-03,-7.447571493685245514e-03,1.943400688469409943e-02,1.111062616109848022e-02,3.739767707884311676e-03,-2.387058548629283905e-02,4.871287196874618530e-02,-1.647735247388482094e-03,1.024760305881500244e-02,1.681297319009900093e-03,-1.183300837874412537e-02,3.229625150561332703e-02,8.483199402689933777e-03,-5.331566091626882553e-03,-4.674389958381652832e-02,1.562391873449087143e-02,-1.794768846593797207e-03,-1.571341790258884430e-02,4.382240585982799530e-03,4.075387958437204361e-03,5.341155454516410828e-03,1.850066334009170532e-02,4.791377577930688858e-03,1.371887419372797012e-02,-1.201839838176965714e-02,-2.242582105100154877e-02,-7.549855858087539673e-03,-4.339409247040748596e-02,-5.929289851337671280e-03,5.916504189372062683e-03,1.064395438879728317e-02,5.443439818918704987e-03,-9.704217314720153809e-03,-1.111701875925064087e-02,3.296109661459922791e-02,-7.537070196121931076e-03,3.509628120809793472e-03,-1.405129861086606979e-02,-4.622768319677561522e-04,-7.671318482607603073e-03,1.120012439787387848e-02,1.099555660039186478e-02,3.866344317793846130e-02,-1.759289018809795380e-02,3.677837667055428028e-04,-2.046963386237621307e-02,-2.466328814625740051e-02,4.201325401663780212e-02,-3.114555217325687408e-02,1.400015596300363541e-02,1.861573196947574615e-02,-2.922772243618965149e-02,-1.213346887379884720e-02,-1.687690056860446930e-02,-1.597679853439331055e-01,1.428143773227930069e-02,1.749060675501823425e-02,-1.765681803226470947e-02,2.581398561596870422e-02,-1.411522552371025085e-02,2.825602330267429352e-02,2.734505338594317436e-03,-1.907601207494735718e-02,-3.106883959844708443e-03,1.907601207494735718e-02,9.915178641676902771e-03,-1.875637285411357880e-02,1.540656480938196182e-02,-2.907429635524749756e-02,-1.271521020680665970e-02,-5.001699551939964294e-02,1.536820735782384872e-02,3.071084432303905487e-02,-4.673111252486705780e-03,1.006221305578947067e-02,-4.091369919478893280e-03,1.598191261291503906e-02,-3.874015808105468750e-02,1.850066334009170532e-02,1.209511235356330872e-02,-2.741217799484729767e-02,-5.584080703556537628e-03,-1.008778344839811325e-02,-2.315459586679935455e-02,-1.162843964993953705e-02,2.851173281669616699e-02,2.748889103531837463e-02,-3.257753327488899231e-02,1.805316843092441559e-02,7.300538010895252228e-03,-2.343587763607501984e-02,-1.550884824246168137e-02,-2.654276229441165924e-02,2.383222989737987518e-02,2.789802849292755127e-02,-9.211975149810314178e-03,5.884540267288684845e-03,3.889997722581028938e-03,-5.759881343692541122e-03,4.178311303257942200e-02,1.625040918588638306e-02,-9.160832501947879791e-03,8.259452879428863525e-03,-1.463943254202604294e-02,1.662118919193744659e-02,-2.061027474701404572e-02,-1.254899799823760986e-02,8.419271558523178101e-03,-2.136462181806564331e-02,2.050799131393432617e-02,6.789116654545068741e-03,1.851344853639602661e-02,-1.455952296964824200e-03,-9.624108497519046068e-05,-1.971528865396976471e-02,1.463943254202604294e-02,1.938286423683166504e-02,-4.593201912939548492e-03,1.804357976652681828e-03,-1.060559786856174469e-02,4.518885980360209942e-04,4.452561028301715851e-03,6.363997701555490494e-03,3.585062921047210693e-02,-1.492071431130170822e-02,-1.750339195132255554e-02,5.405083298683166504e-03,-3.101769648492336273e-02,2.092991396784782410e-02,3.298666793853044510e-03,1.559035619720816612e-03,2.810259722173213959e-02,2.169704623520374298e-02,-1.059920527040958405e-02,-3.276292234659194946e-03,2.956014685332775116e-02,-2.546877786517143250e-02,4.203243181109428406e-03,-1.049052830785512924e-02,2.669618837535381317e-02,1.633990742266178131e-02,-9.525220375508069992e-04,-9.512434713542461395e-03,4.564434289932250977e-03,-1.405129861086606979e-02,-2.702861092984676361e-02,8.137989789247512817e-03,-5.913308123126626015e-04,2.869073115289211273e-02,2.178654447197914124e-02,-3.663054434582591057e-03,2.443314902484416962e-02,-3.498121351003646851e-02,3.535998403094708920e-04,2.682404406368732452e-02,-2.082762867212295532e-02,-3.971185907721519470e-02,-5.388901263359002769e-05,2.310345321893692017e-02,-1.888422854244709015e-02,2.370437420904636383e-02,2.390894293785095215e-02,3.209168091416358948e-02,-4.104155115783214569e-03,6.322444882243871689e-03,9.493256919085979462e-03,1.140309497714042664e-03,3.255195915699005127e-02,2.245139144361019135e-02,7.211039308458566666e-03,1.392344292253255844e-02,-3.444422036409378052e-02,4.882474604528397322e-04,8.879550732672214508e-03,5.119326338171958923e-02,-2.029063738882541656e-02,1.359101943671703339e-02,8.700553327798843384e-03,-1.541935000568628311e-02,-2.039292082190513611e-02,-1.261164695024490356e-01,-1.564949005842208862e-02,2.984142862260341644e-02,3.701411187648773193e-03,1.729882322251796722e-02,-5.539331119507551193e-03,-9.493256919085979462e-03,3.111678408458828926e-03,-4.889186844229698181e-02,3.002042509615421295e-02,-1.801161677576601505e-03,-1.710064709186553955e-03,8.368129841983318329e-03,-1.384672988206148148e-02,2.225960791110992432e-02,-4.468542989343404770e-03,1.028595957905054092e-02,-1.235082279890775681e-02,-3.278210014104843140e-02,-9.544398635625839233e-03,-1.882030069828033447e-02,2.059748955070972443e-02,-1.784860156476497650e-02,3.726982278749346733e-03,2.062306180596351624e-02,2.271988801658153534e-02,-2.362766116857528687e-02,1.841116324067115784e-02,1.605862565338611603e-02,2.165549201890826225e-03,-1.285585109144449234e-02,-5.597664858214557171e-04,2.930683258455246687e-04,2.806823467835783958e-04,-8.847586810588836670e-03,-1.325859501957893372e-02,-3.848444670438766479e-02,-1.384672988206148148e-02,1.812988333404064178e-02,-1.922943815588951111e-02,-7.895065471529960632e-03,2.187604270875453949e-02,-8.398495265282690525e-04,1.665954664349555969e-02,6.146643776446580887e-03,-1.163483317941427231e-02,-1.419193926267325878e-03,9.608326479792594910e-03,4.037670418620109558e-02,-1.524035260081291199e-02,-4.820144921541213989e-02,-8.572698570787906647e-03,-1.475450210273265839e-02,-2.113448269665241241e-02,-3.726982278749346733e-03,-8.687768131494522095e-03,4.030638374388217926e-03,5.974038969725370407e-03,-3.725703805685043335e-02,8.591876365244388580e-03,-2.800031192600727081e-02,-1.133437268435955048e-02,-1.365654519759118557e-03,8.432057686150074005e-03,9.665860794484615326e-03,-1.749060675501823425e-02,-1.861892873421311378e-03,-1.968971639871597290e-02,1.038824394345283508e-02,-4.960785806179046631e-02,1.420472469180822372e-02,9.122475981712341309e-03,-2.225960791110992432e-02,1.646776311099529266e-02,-4.137397557497024536e-02,-1.789974234998226166e-02,-1.368051767349243164e-02,-1.128323096781969070e-02,3.106883913278579712e-02,-1.364216115325689316e-02,-4.487721249461174011e-02,-1.913993991911411285e-02,5.596865899860858917e-03,-1.128323096781969070e-02,2.268153056502342224e-02,-6.101095350459218025e-04,-4.395026247948408127e-03,1.417915336787700653e-02,7.000077981501817703e-03,-1.086770091205835342e-02,-5.788648966699838638e-03,1.810431107878684998e-02,2.438200637698173523e-02,-2.038013562560081482e-02,-1.334809418767690659e-02,2.021392434835433960e-02,-2.552311634644865990e-03,-1.758010499179363251e-02,-2.000935561954975128e-02,1.575177349150180817e-02,-1.915272511541843414e-02,-1.770796021446585655e-03,-4.503063857555389404e-02,1.131519488990306854e-02,-6.236142478883266449e-03,-1.805316843092441559e-02,-5.229282192885875702e-03,-3.605519607663154602e-02,1.031153090298175812e-02,-8.336165919899940491e-03,-1.105948444455862045e-02,-1.021563913673162460e-02,9.998684254242107272e-05,2.330802194774150848e-02,3.480860730633139610e-03,-1.700475579127669334e-03,-4.848912358283996582e-03,-1.446043513715267181e-02,1.515085343271493912e-02,1.229328755289316177e-02,-9.359008632600307465e-03,3.239853307604789734e-02,2.053356170654296875e-02,1.636547967791557312e-02,-1.357823330909013748e-02,1.018367521464824677e-02,-1.322023849934339523e-02,-1.098756561987102032e-03,-9.582755155861377716e-03,2.057191915810108185e-02,-2.891128184273838997e-03,-5.171746946871280670e-03,1.011335477232933044e-02,-9.921572171151638031e-03,1.566227525472640991e-02,1.719653792679309845e-02,3.893194021657109261e-03,-1.534263696521520615e-02,-1.088687963783740997e-02,4.053013026714324951e-02,-1.197045319713652134e-03,5.574491247534751892e-02,-1.408965513110160828e-02,-1.367252669297158718e-03,9.045762941241264343e-03,5.731114186346530914e-03,-1.745224930346012115e-03,1.737553626298904419e-02,-4.986356943845748901e-03,2.522585168480873108e-02,1.333530806005001068e-02,1.282388716936111450e-02,1.342480722814798355e-02,2.518749609589576721e-02,-3.704607486724853516e-03,-1.701754145324230194e-02,-1.718375273048877716e-02,-1.484400127083063126e-02,3.482778370380401611e-02,-4.494113847613334656e-03,3.538395510986447334e-03,-1.506135519593954086e-02,2.349980548024177551e-02,-2.013721037656068802e-03,-1.341202203184366226e-02,-1.014352092170156538e-04,1.559834741055965424e-02,-2.351259067654609680e-02,1.247228495776653290e-02,2.726514358073472977e-03,-1.019646041095256805e-02,1.328416634351015091e-02,-2.945786342024803162e-02,7.690496742725372314e-03,1.928058080375194550e-02,1.653169095516204834e-02,-3.314249333925545216e-04,-1.974085904657840729e-02,1.828330918215215206e-03,-1.842714613303542137e-03,7.824745029211044312e-03,-1.861892873421311378e-03,3.971185907721519470e-02,-1.062477566301822662e-02,-4.059405997395515442e-03,1.043938565999269485e-02,1.806595548987388611e-02,3.608715953305363655e-03,-3.835659241303801537e-03,-9.045762941241264343e-03,-2.651719003915786743e-02,2.940671984106302261e-03,9.013799019157886505e-03,3.400951158255338669e-03,8.687768131494522095e-03,1.802759827114641666e-03,1.021244213916361332e-03,-1.828330918215215206e-03,-1.556238858029246330e-04,9.026584215462207794e-03,4.423793405294418335e-03,2.158197574317455292e-02,3.102488990407437086e-04,-6.232946179807186127e-03,1.190972141921520233e-02,-1.549606304615736008e-02,-2.200709423050284386e-03,2.179932966828346252e-02,-2.751446142792701721e-02,-4.497949779033660889e-02,-2.636376395821571350e-02,-1.796367019414901733e-02,3.161222441121935844e-03,-1.224853843450546265e-02,6.332034245133399963e-03,-4.922429099678993225e-03,-4.567630589008331299e-03,2.902315463870763779e-03,3.122226521372795105e-02,1.012613996863365173e-02,-3.375380067154765129e-03,3.457207605242729187e-02,8.502378128468990326e-03,1.327138114720582962e-02,6.069930735975503922e-03,-1.559834741055965424e-02,1.508692651987075806e-02,1.040102913975715637e-02,7.083184085786342621e-03,-1.347594894468784332e-02,-5.280424375087022781e-03,-1.054167002439498901e-02,2.052077651023864746e-02,6.821080576628446579e-03,-2.507242560386657715e-02,-7.191861048340797424e-03,1.538099348545074463e-02,1.655726134777069092e-02,6.929757539182901382e-03,2.173540182411670685e-02,-2.048242092132568359e-02,2.603133954107761383e-02,-2.761674672365188599e-02,-9.525219909846782684e-03,2.290208125486969948e-03,-8.796445094048976898e-03,3.605519607663154602e-02,-8.462422993034124374e-04,2.705418318510055542e-02,-2.851173281669616699e-02,-1.297092065215110779e-02,2.945466665551066399e-03,-6.021984852850437164e-03,2.531534992158412933e-02,-3.848444670438766479e-02,-4.165525734424591064e-02,-7.422000635415315628e-03,-7.051220163702964783e-03,9.876822121441364288e-03,1.746503449976444244e-02,1.637826487421989441e-02,4.886629804968833923e-02,-4.756217356771230698e-03,-8.106026798486709595e-03,-3.114874940365552902e-03,-1.555999089032411575e-02,-1.920386776328086853e-02,1.141108572483062744e-02,2.687518484890460968e-02,1.333530806005001068e-02,-1.913993991911411285e-02,2.105776965618133545e-02,-1.506135519593954086e-02,-3.487892821431159973e-02,-3.142683580517768860e-02,-1.754814060404896736e-03,-2.271988801658153534e-02,-6.015592254698276520e-03,-4.653932992368936539e-03,2.571170218288898468e-02,-3.567163133993744850e-03,-1.194168534129858017e-02,1.811709627509117126e-02,-3.669447451829910278e-02,-1.811709627509117126e-02,3.804973885416984558e-02,-3.563966602087020874e-03,-1.065993565134704113e-03,-2.253449754789471626e-03,-3.418850898742675781e-02
-1.828982867300510406e-02,-2.275699004530906677e-02,1.799826713977381587e-04,7.236799225211143494e-03,1.537979394197463989e-02,1.645191200077533722e-02,-2.174868807196617126e-02,-7.881347090005874634e-03,7.932400330901145935e-03,-6.228497251868247986e-03,-6.694358307868242264e-03,4.151267930865287781e-03,-1.038933824747800827e-02,-1.493307761847972870e-02,1.609453931450843811e-02,4.524595104157924652e-03,7.606935221701860428e-03,1.865996606647968292e-02,4.671372938901185989e-03,-1.231659855693578720e-02,8.495580987073481083e-04,-1.209962181746959686e-02,2.305373549461364746e-03,4.798208537977188826e-04,-6.231688428670167923e-03,-4.842082271352410316e-04,2.063827961683273315e-02,-3.354198858141899109e-02,-1.139125786721706390e-02,3.391850739717483521e-03,-1.490755099803209305e-02,-3.458858234807848930e-03,-1.933642104268074036e-02,-7.281471043825149536e-03,-3.726887702941894531e-02,-2.256553992629051208e-02,-9.266166016459465027e-03,-2.973453374579548836e-04,1.924707740545272827e-02,-2.700717374682426453e-02,-4.390580113977193832e-03,-1.091263350099325180e-02,1.581374742090702057e-02,-8.162139914929866791e-03,-2.192737348377704620e-02,2.400779351592063904e-02,-1.530321408063173294e-02,-2.033196017146110535e-02,-1.124447956681251526e-02,-3.570537315681576729e-03,1.913220807909965515e-02,1.717942208051681519e-02,-1.729429140686988831e-02,-1.882588863372802734e-02,-1.243146788328886032e-02,-9.132151491940021515e-03,1.189580798381939530e-04,4.742369055747985840e-04,-1.230862108059227467e-03,-2.787507884204387665e-02,3.966200165450572968e-03,2.472254075109958649e-02,-7.230417802929878235e-03,1.689862832427024841e-02,-2.496504224836826324e-02,-1.252081152051687241e-02,-5.149997305124998093e-03,-7.179364562034606934e-03,-5.264867097139358521e-03,-1.678375899791717529e-02,2.063827961683273315e-02,2.202947996556758881e-02,1.003834698349237442e-02,1.312068756669759750e-02,1.412898860871791840e-02,-2.116157487034797668e-02,1.112322881817817688e-02,-2.144236862659454346e-02,-1.945129036903381348e-02,1.858338527381420135e-02,-6.033856887370347977e-03,-2.102117799222469330e-02,-1.420556847006082535e-02,8.187666535377502441e-03,1.040210109204053879e-02,2.649983158335089684e-03,3.825005842372775078e-04,2.238685265183448792e-02,-2.155404770746827126e-03,-2.026814408600330353e-02,2.795165777206420898e-02,1.289732940495014191e-02,1.945129036903381348e-02,2.818139828741550446e-02,-2.784955129027366638e-02,-3.694979473948478699e-03,-2.916417317464947701e-03,1.040848251432180405e-02,1.954063400626182556e-02,-2.216987684369087219e-02,3.749223658815026283e-03,1.492031477391719818e-02,-1.917049847543239594e-02,-3.111057914793491364e-03,-2.746665291488170624e-02,6.145535968244075775e-03,1.628917991183698177e-03,9.451234713196754456e-03,3.218907862901687622e-02,-3.372067585587501526e-02,-3.363133408129215240e-03,5.590331554412841797e-02,2.900463296100497246e-03,-1.698797196149826050e-02,1.254633814096450806e-02,-2.460766956210136414e-02,-5.051081534475088120e-03,-9.387417696416378021e-03,-3.075958788394927979e-02,1.215067505836486816e-02,-6.892189849168062210e-03,-5.603095050901174545e-03,-4.285282921046018600e-03,1.552018988877534866e-02,6.104055326431989670e-03,-1.809199806302785873e-03,-3.553306683897972107e-02,-7.251158240251243114e-04,-4.929830320179462433e-03,6.904155598022043705e-04,3.361856937408447266e-02,-2.619670238345861435e-03,3.474174067378044128e-02,-1.144231110811233521e-02,1.147422008216381073e-02,2.393121458590030670e-02,1.800903677940368652e-02,7.536737248301506042e-03,-1.469057518988847733e-02,-4.645846411585807800e-02,1.400773762725293636e-03,2.708375267684459686e-02,1.603391370736062527e-03,1.003834698349237442e-02,1.522663421928882599e-02,5.028746090829372406e-03,2.011498436331748962e-02,1.970655657351016998e-02,-4.262947011739015579e-03,-3.717315383255481720e-03,9.068334475159645081e-03,1.534150354564189911e-02,3.458858281373977661e-02,-3.420568257570266724e-02,1.609453931450843811e-02,5.127661395817995071e-03,-8.813068270683288574e-03,4.587135091423988342e-02,9.221494197845458984e-03,-1.049782615154981613e-02,6.866663228720426559e-03,6.244451738893985748e-03,8.921557106077671051e-03,-1.127160154283046722e-03,-9.291692636907100677e-03,2.797718532383441925e-02,1.331213675439357758e-02,-6.518862675875425339e-03,-2.818139828741550446e-02,-1.765166409313678741e-02,-1.284308498725295067e-03,1.670717820525169373e-02,-1.515005435794591904e-02,1.529045030474662781e-02,-4.403343424201011658e-03,1.089987065643072128e-02,-5.567995831370353699e-03,3.121906705200672150e-02,-3.481832146644592285e-02,-1.331213675439357758e-02,-2.601163461804389954e-02,1.317174080759286880e-02,2.259106561541557312e-02,1.549466326832771301e-02,-6.956006400287151337e-03,9.325196733698248863e-04,-1.433479716069996357e-03,-1.350358687341213226e-02,-2.413861919194459915e-03,-9.668210521340370178e-03,3.337606787681579590e-03,5.974826635792851448e-04,7.823911495506763458e-03,1.295476453378796577e-03,-6.481721401214599609e-01,-3.174874582327902317e-04,-1.854509674012660980e-02,-8.379115723073482513e-03,1.296752784401178360e-02,1.832811906933784485e-02,-1.007504179142415524e-03,1.242508646100759506e-02,-2.739007212221622467e-02,6.828373298048973083e-03,-1.036381162703037262e-02,6.720682722516357899e-04,-3.532247152179479599e-03,-1.308239717036485672e-02,8.008980192244052887e-03,-2.358660474419593811e-02,7.683515083044767380e-03,-4.454396665096282959e-03,4.578839056193828583e-03,-8.710961788892745972e-03,-1.021065190434455872e-02,7.185745984315872192e-03,8.806686848402023315e-03,-1.754955737851560116e-03,2.010222058743238449e-03,1.691139116883277893e-02,9.138532914221286774e-03,-1.038295589387416840e-02,6.129581946879625320e-03,1.220172829926013947e-02,-5.105325579643249512e-02,4.319105669856071472e-02,1.664017094299197197e-03,7.517592050135135651e-03,4.030654579401016235e-02,4.734391986858099699e-04,-1.096368674188852310e-02,1.961721479892730713e-02,1.569887623190879822e-02,1.940023712813854218e-02,-1.453741546720266342e-02,-1.010216306895017624e-02,3.382278373464941978e-03,-8.991754613816738129e-03,1.393753942102193832e-02,7.268707733601331711e-03,2.634348161518573761e-02,-1.402688212692737579e-02,2.588400244712829590e-02,2.994273602962493896e-02,2.058722637593746185e-02,-1.978313736617565155e-02,-2.813034504652023315e-02,1.968103088438510895e-02,1.735013065626844764e-04,2.533518010750412941e-03,2.631795406341552734e-02,-2.239961735904216766e-02,-1.057440601289272308e-02,1.089348923414945602e-02,3.150943201035261154e-03,1.536703016608953476e-02,-1.988524384796619415e-02,-2.131473459303379059e-02,-1.139764022082090378e-02,2.945772930979728699e-02,-1.216343883424997330e-02,2.327709458768367767e-03,2.105946838855743408e-02,8.774778805673122406e-03,5.992376245558261871e-03,-2.436197595670819283e-03,-2.949920948594808578e-03,3.253049682825803757e-03,1.929813064634799957e-02,1.448636222630739212e-02,9.808607399463653564e-03,-2.267083618789911270e-03,-5.028746090829372406e-03,5.165951326489448547e-03,-1.368227321654558182e-02,-1.945129036903381348e-02,-2.519478276371955872e-02,-8.398260921239852905e-03,2.710928022861480713e-02,3.506720531731843948e-03,-3.208697214722633362e-02,-3.227523062378168106e-03,-3.324843477457761765e-03,-2.412266470491886139e-02,-2.437792951241135597e-03,2.746665291488170624e-02,1.224640011787414551e-02,2.500811824575066566e-04,2.066380530595779419e-02,7.543118670582771301e-03,9.859660640358924866e-03,7.377195637673139572e-03,3.252092376351356506e-02,-3.292935201898217201e-03,7.881347090005874634e-03,4.473541863262653351e-03,2.291014976799488068e-02,-1.665612496435642242e-02,8.116670069284737110e-04,9.763935580849647522e-03,-1.206133235245943069e-02,1.063822209835052490e-02,2.088397275656461716e-03,-3.739651292562484741e-02,6.924097891896963120e-03,-3.134989179670810699e-03,-5.593522451817989349e-03,-7.345287594944238663e-03,-9.004518389701843262e-03,-2.644558809697628021e-02,2.039577625691890717e-02,-2.988210879266262054e-03,5.845597945153713226e-03,-2.137855254113674164e-02,4.109787289053201675e-03,8.315299637615680695e-03,-1.508623734116554260e-02,1.042762771248817444e-02,1.502242125570774078e-02,2.966194227337837219e-02,-3.275066614151000977e-02,-2.329304814338684082e-02,-8.462077006697654724e-03,1.407953095622360706e-03,-8.028124459087848663e-03,-1.118066348135471344e-02,7.951544597744941711e-03,4.556503146886825562e-03,3.292934969067573547e-02,1.272502448409795761e-02,1.348922844044864178e-03,-1.980866305530071259e-02,6.167871877551078796e-03,-2.971299551427364349e-02,-3.435884416103363037e-02,-7.868583314120769501e-03,1.107855699956417084e-02,-1.062944793375208974e-04,9.329983033239841461e-03,-3.737098351120948792e-02,-1.255271956324577332e-02,-3.522674739360809326e-02,-3.211249783635139465e-02,1.691139116883277893e-02,3.430778905749320984e-02,-1.913220807909965515e-02,-4.793900996446609497e-02,-3.682216163724660873e-03,-2.090630866587162018e-02,-1.474162843078374863e-02,-2.321327803656458855e-03,-1.582651026546955109e-02,8.927938528358936310e-03,-3.716677054762840271e-02,2.721138671040534973e-02,2.690506726503372192e-02,-6.416756194084882736e-03,-1.161461602896451950e-02,2.642006054520606995e-02,-3.433331614360213280e-03,-2.899825014173984528e-02,4.968120250850915909e-03,5.181905813515186310e-03,-2.158276550471782684e-02,2.187632024288177490e-02,2.163381781429052353e-03,-3.280171751976013184e-02,3.040221519768238068e-02,2.329304814338684082e-02,-1.644872128963470459e-03,-1.706455089151859283e-02,-1.516281720250844955e-02,-4.843677859753370285e-03,1.397582888603210449e-02,1.758146565407514572e-03,3.121906705200672150e-02,-1.923431456089019775e-02,-7.172982674092054367e-03,-2.571807941421866417e-03,-1.545637380331754684e-02,7.619698531925678253e-03,2.511820197105407715e-02,-8.551420643925666809e-03,-9.521432220935821533e-03,1.211238559335470200e-02,-1.668165251612663269e-02,-5.456316750496625900e-03,-1.559676975011825562e-02,1.081052701920270920e-02,2.210606075823307037e-02,1.794522069394588470e-02,2.590952813625335693e-02,-2.063827961683273315e-02,1.114237308502197266e-02,2.956302603706717491e-03,3.162749484181404114e-02,4.862822964787483215e-02,-2.118710242211818695e-02,1.899181120097637177e-02,-2.892167121171951294e-02,1.135296840220689774e-02,1.098283194005489349e-02,2.357384189963340759e-02,-3.283362602815032005e-03,-1.409069914370775223e-02,-3.172960132360458374e-02,-1.747297681868076324e-02,-1.421833224594593048e-02,1.612006686627864838e-02,2.313988842070102692e-02,4.448015242815017700e-03,1.269311644136905670e-02,4.945784457959234715e-04,4.164031415712088346e-04,-1.961721479892730713e-02,-8.551420643925666809e-03,-1.965550472959876060e-03,-2.710928022861480713e-02,-2.325475960969924927e-02,1.410346198827028275e-02,2.965875202789902687e-03,-8.602473884820938110e-03,1.806008978746831417e-03,-2.532241493463516235e-02,-3.007036820054054260e-02,1.132744131609797478e-03,1.014045346528291702e-02,1.085519883781671524e-02,2.469701319932937622e-02,-4.846868570894002914e-03,2.889614365994930267e-02,-3.246987238526344299e-02,8.615237660706043243e-03,-2.818139828741550446e-02,-3.334415843710303307e-03,8.947083726525306702e-03,2.231027372181415558e-02,-8.442932739853858948e-03,1.433320250362157822e-02,2.121262811124324799e-02,2.205500751733779907e-02,-1.175501290708780289e-02,-1.350358687341213226e-02,4.885796830058097839e-02,-1.563506014645099640e-02,-1.651253784075379372e-03,-1.537979394197463989e-02,-3.292536130174994469e-04,1.812390610575675964e-02,-2.685401402413845062e-02,7.166601251810789108e-03,7.728186901658773422e-03,8.091941475868225098e-03,2.393121458590030670e-02,2.158276550471782684e-02,-1.031913980841636658e-02,1.587756350636482239e-02,6.949624512344598770e-03,1.253357436507940292e-02,-1.340148039162158966e-02,2.495228080078959465e-03,-2.381634525954723358e-02,-2.206777036190032959e-02,3.797085955739021301e-03,-1.183159276843070984e-02,-1.243785023689270020e-02,4.888349398970603943e-02,7.606935221701860428e-03,9.610775858163833618e-03,1.896628551185131073e-02,5.443553440272808075e-03,-1.645191200077533722e-02,2.833455801010131836e-02,-2.528731711208820343e-03,-7.287852466106414795e-03,-3.936206176877021790e-02,8.200429379940032959e-03,-3.844948485493659973e-03,-1.284308498725295067e-03,-3.264217637479305267e-03,-3.032563440501689911e-02,-9.164059534668922424e-03,-4.181261733174324036e-02,3.106271615251898766e-03,-3.343988209962844849e-02,3.774750279262661934e-03,-1.310792379081249237e-02,-1.319726742804050446e-02,1.068289391696453094e-02,-4.518213216215372086e-03,3.249539807438850403e-02,-3.822612576186656952e-03,1.948958076536655426e-02,-7.957926951348781586e-03,-6.314649712294340134e-03,-8.240314782597124577e-04,-1.597966998815536499e-02,1.512452773749828339e-02,4.587135091423988342e-02,2.838561125099658966e-02,-6.126390653662383556e-04,8.513130247592926025e-03,1.213791221380233765e-02,-8.340826258063316345e-03,-9.712882339954376221e-03,2.228474617004394531e-02,-1.206133235245943069e-02,1.195922587066888809e-02,1.060152775608003139e-03,-2.949920948594808578e-03,-1.777929626405239105e-02,-4.189557861536741257e-03,7.338905707001686096e-03,-2.662427350878715515e-02,-1.266360050067305565e-04,-2.085525542497634888e-02,-2.211882360279560089e-02,2.219540439546108246e-02,8.571842312812805176e-02,5.954086314886808395e-03,1.291647460311651230e-02,1.248252112418413162e-02,1.948958076536655426e-02,3.851968422532081604e-02,-2.239961735904216766e-02,7.453775499016046524e-03,-1.160823460668325424e-02,-7.383577525615692139e-03,-2.289738692343235016e-02,-1.581055577844381332e-03,-3.978963475674390793e-03,-3.050432167947292328e-02,1.121895294636487961e-02,1.896628551185131073e-02,-3.081064112484455109e-02,-3.081064112484455109e-02,-4.199928080197423697e-04,5.682865623384714127e-03,-2.030643261969089508e-02,2.664980106055736542e-02,-4.901112522929906845e-03,2.927585272118449211e-03,3.991028643213212490e-05,-1.084881741553544998e-02,2.639453485608100891e-02,2.254001237452030182e-02,-6.282741669565439224e-03,-1.283351238816976547e-02,-2.081696502864360809e-02,2.698164619505405426e-02,1.206133235245943069e-02,8.174902759492397308e-03,-1.428214926272630692e-02,5.536087788641452789e-03,-5.252103786915540695e-03,4.714768379926681519e-02,6.461428012698888779e-03,-1.520110759884119034e-02,3.032563440501689911e-02,4.055543337017297745e-03,1.697520725429058075e-02,-2.751770615577697754e-02,-7.460157386958599091e-03,6.820395938120782375e-04,5.223386455327272415e-03,1.498413085937500000e-02,-4.195939749479293823e-03,-3.640097379684448242e-02,5.268696323037147522e-02,-1.828982867300510406e-02,-4.144886508584022522e-03,3.591676359064877033e-04,-1.457570493221282959e-02,-4.658609628677368164e-03,1.199751533567905426e-02,1.566058769822120667e-02,2.817501546815037727e-03,1.573716662824153900e-02,-1.275693252682685852e-02,-4.398238286375999451e-02,3.495951532386243343e-04,-1.131148776039481163e-03,-1.697520725429058075e-02,3.749223658815026283e-03,-1.909391768276691437e-02,1.733258180320262909e-02,-1.574992947280406952e-02,-2.181729068979620934e-04,1.167843234725296497e-03,-9.598012082278728485e-03,-2.846219204366207123e-02,1.382266916334629059e-02,4.990455880761146545e-02,4.582029767334461212e-03,2.431411482393741608e-02,6.853899918496608734e-03,1.125086192041635513e-02,1.419918728061020374e-03,3.350370097905397415e-03,-2.342068217694759369e-02,5.555232521146535873e-03,-5.248913075774908066e-03,-2.030643261969089508e-02,2.739007212221622467e-02,-1.061907783150672913e-02,-2.271869964897632599e-02,-8.270627819001674652e-03,5.224981578066945076e-04,1.262291800230741501e-02,5.536087788641452789e-03,1.769314403645694256e-03,-3.160196542739868164e-02,-4.365053493529558182e-03,6.598633714020252228e-03,-3.372307110112160444e-04,9.355509653687477112e-03,7.396340835839509964e-03,-6.719884928315877914e-03,-7.753713522106409073e-03,-2.093183575198054314e-03,3.675834508612751961e-03,-3.190828487277030945e-02,1.007025502622127533e-02,1.518834382295608521e-02,-3.324843477457761765e-03,3.846862912178039551e-02,-9.757554158568382263e-03,-9.355509653687477112e-03,-4.933818709105253220e-04,-1.474162843078374863e-02,6.873044651001691818e-03,-2.118710242211818695e-02,-2.051064558327198029e-02,1.349082309752702713e-02,-1.096368674188852310e-02,4.722426459193229675e-02,2.759428508579730988e-02,-3.132994752377271652e-04,1.424705027602612972e-03,-4.227209836244583130e-02,1.774100773036479950e-02,-2.883711422327905893e-04,-3.374620154500007629e-02,1.488202437758445740e-02,-8.404642343521118164e-03,-2.097012475132942200e-02,6.356130354106426239e-03,2.619032189249992371e-02,5.810498725622892380e-03,1.746021397411823273e-02,4.007680807262659073e-03,5.950895138084888458e-03,-2.543728612363338470e-02,-1.239317841827869415e-02,-6.285932380706071854e-03,1.583927311003208160e-02,-1.238679699599742889e-02,1.748574082739651203e-03,-1.477991789579391479e-02,-3.573728026822209358e-03,-2.963641658425331116e-02,-3.264855965971946716e-02,-2.500014146789908409e-03,-4.145524650812149048e-02,-6.078528705984354019e-03,-3.234224021434783936e-02,1.109770219773054123e-02,1.733258180320262909e-02,1.324193901382386684e-03,3.428226336836814880e-02,-2.927904389798641205e-02,-1.493307761847972870e-03,-2.268679207190871239e-03,-1.871101930737495422e-02,-1.484373491257429123e-02,-8.194047957658767700e-03,1.580098271369934082e-02,5.599904339760541916e-03,1.623493619263172150e-02,3.513102186843752861e-03,1.167045556940138340e-03,-1.310792379081249237e-02,5.000028293579816818e-03,5.516942590475082397e-03,4.689022171078249812e-05,-1.232936140149831772e-02,-4.589688032865524292e-02,7.945163175463676453e-03,1.687948359176516533e-03,-7.983453571796417236e-03,2.336962893605232239e-02,-2.359936758875846863e-02,1.102750375866889954e-02,-1.927260425873100758e-03,9.269356960430741310e-04,1.159547083079814911e-02,7.619698531925678253e-03,-1.481820829212665558e-02,-1.715389452874660492e-02,1.318450365215539932e-02,3.640735521912574768e-03,-1.292923744767904282e-02,-5.085383309051394463e-04,-1.831535622477531433e-02,3.257197886705398560e-02,4.020444117486476898e-03,-4.655418917536735535e-03,-1.633704267442226410e-02,1.563506014645099640e-02,-2.366318553686141968e-02,1.111206016503274441e-03,1.469057518988847733e-02,5.242531187832355499e-03,-1.747297681868076324e-02,2.756875939667224884e-02,4.989658482372760773e-04,8.896030485630035400e-03,1.483097113668918610e-02,2.930456958711147308e-02,1.507347449660301208e-02,9.687355719506740570e-03,-2.510543912649154663e-02,-2.225922048091888428e-02,1.338871661573648453e-02,-4.789433907717466354e-03,-1.022979617118835449e-02,1.035104785114526749e-02,-2.943220362067222595e-02,-1.488202437758445740e-02,5.412442842498421669e-04,4.195939691271632910e-04,-2.777297236025333405e-02,1.960445009171962738e-02,-1.603072322905063629e-02,5.675686406902968884e-04,-5.095753353089094162e-03,-1.119342632591724396e-02,-1.322279404848814011e-02,2.075314894318580627e-02,-1.781758666038513184e-02,1.638809591531753540e-02,-2.276975288987159729e-02,1.610730215907096863e-02,1.280798576772212982e-02,-1.083605363965034485e-02,-3.578833490610122681e-02,8.251482620835304260e-03,1.085519883781671524e-02,-8.194047957658767700e-03,1.429491210728883743e-02,1.574992947280406952e-02,-1.582650933414697647e-03,-1.435872912406921387e-02,-1.405240874737501144e-02,1.994905993342399597e-02,-1.174224913120269775e-02,-2.311436273157596588e-02,1.495860423892736435e-02,8.270627819001674652e-03,-1.754955761134624481e-02,-3.308889223262667656e-03,-1.641362160444259644e-02,1.323555689305067062e-02,1.596690714359283447e-02,-8.934319950640201569e-03,-8.851358667016029358e-03,-2.713480591773986816e-02,-1.786863990128040314e-02,-3.793257102370262146e-02,-5.256889853626489639e-04,-1.475439127534627914e-02,2.194013819098472595e-02,9.591630659997463226e-03,-7.873369613662362099e-04,3.246668027713894844e-03,-1.132105942815542221e-02,2.053617313504219055e-02,2.037025056779384613e-02,-1.440978236496448517e-02,9.476761333644390106e-03,1.082329079508781433e-02,-2.545004896819591522e-02,1.085519883781671524e-02,2.866640500724315643e-02,-2.476082928478717804e-02,-1.573716662824153900e-02,1.718261162750422955e-03,1.744745112955570221e-02,-2.610097872093319893e-03,-1.139764022082090378e-02,1.026170514523983002e-02,1.269152038730680943e-03,1.349082309752702713e-02,1.299943588674068451e-02,-3.296125913038849831e-03,-5.743491463363170624e-03,-1.654125563800334930e-02,-3.147433325648307800e-02,1.007025502622127533e-02,1.818772219121456146e-02,2.477359399199485779e-02,-1.873654499650001526e-02,-4.980883561074733734e-03,-5.695628933608531952e-03,-4.706472158432006836e-03,9.420921560376882553e-04,1.768995448946952820e-02,-6.719884928315877914e-03,-2.555215544998645782e-02,-3.308251127600669861e-02,1.005749218165874481e-02,1.572440378367900848e-02,-2.904930338263511658e-02,1.266120746731758118e-02,3.343988442793488503e-03,1.453741546720266342e-02,-1.017874339595437050e-03,2.108499594032764435e-02,-1.354187633842229843e-02,-3.857073560357093811e-02,-1.749850437045097351e-02,1.206771377474069595e-02,1.226554531604051590e-02,-1.100835856050252914e-02,7.887728512287139893e-03,-7.217654492706060410e-03,-3.617123141884803772e-02,1.638809591531753540e-02,5.548851098865270615e-03,3.402699530124664307e-02,8.774778805673122406e-03,-2.708375267684459686e-02,-2.174549736082553864e-03,9.872423484921455383e-03,6.407184060662984848e-03,-1.231021713465452194e-02,-3.846862912178039551e-02,2.818139828741550446e-02,5.469080060720443726e-03,1.341424323618412018e-02,2.076591178774833679e-02,-1.673270575702190399e-02,1.971932128071784973e-02,1.757508330047130585e-02,9.968148544430732727e-03,1.872378215193748474e-02,-2.864087745547294617e-02,1.110408362001180649e-02,5.485034547746181488e-03,9.010899811983108521e-03,-2.129878150299191475e-03,-5.051081534475088120e-03,3.714124439284205437e-03,-2.029366977512836456e-02,-1.291009224951267242e-02,4.141695331782102585e-03,-1.840469986200332642e-02,-8.723725564777851105e-03,1.295476406812667847e-02,-1.941300183534622192e-02,-2.450556308031082153e-02,8.672672323882579803e-03,-1.923431456089019775e-02,-4.151267930865287781e-03,1.141678448766469955e-02,1.590308919548988342e-02,-2.275699004530906677e-02,-3.992364928126335144e-02,-3.624781267717480659e-03,2.523307316005229950e-02,9.885187260806560516e-03,-2.088078297674655914e-02,4.767097998410463333e-03,-1.541808340698480606e-02,-5.672016739845275879e-02,-2.551386505365371704e-02,6.193398497998714447e-03,4.859631881117820740e-03,6.199779920279979706e-03,2.604992501437664032e-02,1.170395966619253159e-02,7.144464325392618775e-05,-1.771548017859458923e-02,-1.080893212929368019e-03,-1.700073480606079102e-02,-1.174224913120269775e-02,-8.519512601196765900e-03,-3.772835806012153625e-02,7.166601251810789108e-03,1.308239717036485672e-02,6.027474999427795410e-03,-8.557802066206932068e-03,2.593505568802356720e-02,-6.429519504308700562e-03,1.025532279163599014e-02,8.640764281153678894e-03,1.091263373382389545e-03,-1.715389452874660492e-02,-7.492065429687500000e-03,-8.532275445759296417e-03,6.515671964734792709e-03,1.893756794743239880e-03,3.988535609096288681e-03,-3.905574232339859009e-02,1.222725491970777512e-02,4.964929074048995972e-03,6.321031600236892700e-03,-2.853877097368240356e-02,3.034478053450584412e-03,2.372700162231922150e-02,6.053002085536718369e-03,1.196560729295015335e-02,1.406517252326011658e-02,-2.792613208293914795e-02,-1.173586770892143250e-02,9.660233627073466778e-04,1.669441536068916321e-02,6.333794910460710526e-03,-2.158595481887459755e-03,1.734534464776515961e-02,4.811769351363182068e-03,-8.583328686654567719e-03,1.319726742804050446e-02,2.139131538569927216e-02,-1.176139432936906815e-02,4.441633354872465134e-03,6.314649712294340134e-03,-2.470977604389190674e-02,-1.498891739174723625e-03,1.680928468704223633e-02,1.988524384796619415e-02,4.132123198360204697e-03,4.017253406345844269e-03,-6.167871877551078796e-03,-6.008330266922712326e-03,-8.883266709744930267e-03,1.620940864086151123e-02,8.806686848402023315e-03,7.823911495506763458e-03,3.067981684580445290e-03,-1.201666053384542465e-02,9.489524178206920624e-03,6.790083367377519608e-03,-2.163381874561309814e-02,2.239961642771959305e-03,-1.058078743517398834e-02,7.578217773698270321e-04,8.513130247592926025e-03,1.309516094624996185e-02,-3.731993213295936584e-02,-2.112328447401523590e-02,1.490755099803209305e-02,-3.091274760663509369e-02,4.307618830353021622e-03,2.105436325073242188e-01,8.302535861730575562e-03,-8.334443904459476471e-03,1.275055110454559326e-02,1.498413085937500000e-02,1.182521041482686996e-02,1.909391768276691437e-02,1.566058769822120667e-02,-1.327384728938341141e-02,2.403332106769084930e-02,-4.680945537984371185e-03,-4.977692849934101105e-03,7.058112882077693939e-03,8.407833520323038101e-04,2.792613208293914795e-02,-4.005128145217895508e-02,-1.739639788866043091e-02,-4.505449905991554260e-02,-3.203592076897621155e-02,-6.299971789121627808e-02,1.739639788866043091e-02,1.664336211979389191e-02,5.548851098865270615e-03,-2.825797721743583679e-02,3.178065270185470581e-02,1.377161592245101929e-02,1.092539727687835693e-02,6.008330266922712326e-03,2.321646921336650848e-02,5.516942590475082397e-03,-1.360569335520267487e-02,-8.953465148806571960e-03,3.631162922829389572e-03,-4.246992990374565125e-03,-2.550110220909118652e-02,1.502242125570774078e-02,3.862179070711135864e-02,-8.493985980749130249e-03,-1.678375899791717529e-02,1.156994421035051346e-02,6.745411548763513565e-03,-2.044682949781417847e-02,-1.996182464063167572e-02,-1.555848028510808945e-02,9.708096040412783623e-04,2.710928022861480713e-02,-6.075337529182434082e-03,-3.679025452584028244e-03,-9.125770069658756256e-03,1.781758666038513184e-02,-2.339515462517738342e-02,-1.232936140149831772e-02,2.287185937166213989e-02,2.619032189249992371e-02,9.604394435882568359e-03,-1.563506014645099640e-02,1.515643554739654064e-03,1.574992947280406952e-02,-1.184435561299324036e-02,4.088249115739017725e-04,-2.756875939667224884e-02,6.732648238539695740e-03,2.002564072608947754e-02,3.035116195678710938e-02,1.250166632235050201e-02,1.846851594746112823e-02,-1.560953352600336075e-02,-1.905562914907932281e-02,1.523939706385135651e-02,-2.128920890390872955e-02,3.934291657060384750e-03,-7.951544597744941711e-03,3.994917497038841248e-03,-1.774100703187286854e-03,4.613938275724649429e-03,-1.923431456089019775e-02,4.178709164261817932e-02,5.918987095355987549e-03,3.761986969038844109e-03,1.141678448766469955e-02,-1.098921336233615875e-02,-3.405252099037170410e-02,2.858982421457767487e-02,-5.054272711277008057e-03,1.936194859445095062e-02,-1.831535622477531433e-02,7.358050905168056488e-03,6.388038862496614456e-03,-2.463319711387157440e-02,5.567995831370353699e-03,8.998136618174612522e-04,3.462048945948481560e-03,-1.516281720250844955e-02,-4.144886508584022522e-03,-1.948958076536655426e-02,-2.268040925264358521e-02,-1.465228479355573654e-02,-5.162760615348815918e-03,-1.037019304931163788e-02,1.438425574451684952e-02,-1.647743955254554749e-02,-3.318461822345852852e-03,2.551386505365371704e-02,4.173603840172290802e-03,1.523620681837201118e-03,7.383577525615692139e-03,1.120619010180234909e-02,1.905562914907932281e-02,-4.253374412655830383e-03,-1.657635439187288284e-03,-1.000643894076347351e-02,8.506748825311660767e-03,-1.483735279180109501e-03,-1.200389675796031952e-02,1.687310077250003815e-02,3.991726785898208618e-03,7.172982674092054367e-03,-1.392477564513683319e-02,4.620319977402687073e-02,1.724642817862331867e-03,1.093177869915962219e-02,-1.254793372936546803e-03,-4.374626092612743378e-03,2.616479434072971344e-02,-1.410346198827028275e-02,3.573728026822209358e-03,-3.045326843857765198e-02,1.151889096945524216e-02,3.793895244598388672e-03,-1.771548017859458923e-02,-2.916417317464947701e-03,-9.827752364799380302e-04,4.170413129031658173e-03,3.098932653665542603e-02,9.087479673326015472e-03,1.662421738728880882e-03,-8.659908547997474670e-03,-7.275089155882596970e-03,-4.428870044648647308e-03,-2.784955129027366638e-02,4.301236942410469055e-03,1.127000618726015091e-02,5.571186542510986328e-03,-4.327561182435601950e-04,-2.440345659852027893e-02,-1.697520725429058075e-02,2.148065902292728424e-02,-6.834754720330238342e-03,1.502242125570774078e-02,-2.178697846829891205e-02,-1.697520841844379902e-03,4.974501673132181168e-03,6.250833161175251007e-03,7.147456053644418716e-03,2.795165777206420898e-02,-3.490766510367393494e-03,1.406517252326011658e-02,-1.421833224594593048e-02,-1.943852752447128296e-02,2.869193069636821747e-02,-4.199130460619926453e-02,3.401423338800668716e-03,3.162749484181404114e-02,-1.374608930200338364e-02,-1.218896545469760895e-02,-2.310159988701343536e-02,-1.591840535402297974e-01,1.389924902468919754e-02,8.481222204864025116e-03,1.123809814453125000e-02,4.426317289471626282e-02,-2.171039767563343048e-02,2.667532674968242645e-02,9.910713881254196167e-03,-9.719263762235641479e-03,1.183797419071197510e-02,1.317174080759286880e-02,-1.176618025056086481e-04,-1.594137959182262421e-02,1.262291800230741501e-02,-2.233579941093921661e-02,2.959493547677993774e-03,-6.596080958843231201e-02,-5.261676385998725891e-03,2.446727454662322998e-02,1.038295589387416840e-02,1.809838041663169861e-02,1.812390633858740330e-03,8.545039221644401550e-03,-4.829638078808784485e-02,1.503518410027027130e-02,1.868549175560474396e-02,-4.132123198360204697e-03,3.045646008104085922e-03,4.416106734424829483e-03,-3.093827329576015472e-02,-1.797074638307094574e-02,6.531625986099243164e-03,1.706455089151859283e-02,-1.725600101053714752e-02,2.482464723289012909e-02,2.006393112242221832e-02,-2.463319711387157440e-02,-2.400779351592063904e-02,-2.113604918122291565e-02,2.066380530595779419e-02,3.170407190918922424e-02,-3.880047472193837166e-03,-6.161489989608526230e-03,-2.657322026789188385e-02,-1.813986105844378471e-03,2.342068217694759369e-02,1.130191516131162643e-02,-6.285932380706071854e-03,1.549466326832771301e-02,-2.144236862659454346e-02,7.855820469558238983e-03,-1.883865147829055786e-02,-6.075337529182434082e-03,-1.546754152514040470e-03,-1.044677291065454483e-02,1.369503606110811234e-02,-1.269949832931160927e-03,2.312712557613849640e-02,-2.772191911935806274e-02,-1.183797419071197510e-02,-1.308239717036485672e-02,6.148726679384708405e-03,2.158276550471782684e-02,8.793924003839492798e-03,-4.396962001919746399e-03,-1.153165474534034729e-02,-5.421217996627092361e-03,-1.029361318796873093e-02,-6.681594997644424438e-03,3.566069900989532471e-02,-2.396950498223304749e-02,-2.912588417530059814e-02,2.806333824992179871e-03,-1.749850437045097351e-02,1.640085875988006592e-02,-7.841461338102817535e-04,-9.374654851853847504e-03,2.125091850757598877e-02,2.257511252537369728e-03,-5.414836108684539795e-03,-6.783701479434967041e-03,2.565426193177700043e-02,-6.809228099882602692e-03,2.722175559028983116e-04,-4.116168711334466934e-03,1.544361002743244171e-02,1.391201280057430267e-02,5.089371465146541595e-03,1.962997764348983765e-02,5.322302225977182388e-03,-1.051697134971618652e-02,-2.851324528455734253e-02,-5.446744617074728012e-03,-8.187666535377502441e-03,2.208053320646286011e-02,2.209329791367053986e-02,-1.888571714516729116e-04,2.010222058743238449e-03,-2.532241493463516235e-02,-5.232959054410457611e-03,1.594137959182262421e-02,-2.685401402413845062e-02,-4.553950577974319458e-02,5.264867097139358521e-03,2.853877097368240356e-02,-1.158908940851688385e-02,1.686033792793750763e-02,2.703269943594932556e-02,4.765821620821952820e-02,3.835375886410474777e-03,-1.202304195612668991e-02,1.925984211266040802e-02,7.894109934568405151e-03,2.802823856472969055e-02,1.941300183534622192e-02,-3.685407107695937157e-03,-3.599254647269845009e-03,-1.890246942639350891e-02,1.748574152588844299e-02,-8.819450624287128448e-03,6.274445354938507080e-02,6.783701479434967041e-03,4.942593630403280258e-03,8.902411907911300659e-03,-1.940023712813854218e-02,-1.746021397411823273e-02,-1.185456663370132446e-01,-2.739007212221622467e-02,2.194013819098472595e-02,1.290371082723140717e-02,2.463319711387157440e-02,6.301886402070522308e-03,-1.941619208082556725e-03,-3.430140670388936996e-03,-4.747952893376350403e-02,1.540532056242227554e-02,-2.689868444576859474e-03,-3.050432167947292328e-02,1.209323992952704430e-03,-6.180635187774896622e-03,2.317817881703376770e-02,-1.369503606110811234e-02,8.679053746163845062e-03,-1.686352887190878391e-03,-5.472909286618232727e-02,6.777320057153701782e-03,-2.185717690736055374e-03,1.696244440972805023e-02,-2.131473459303379059e-02,-2.889614365994930267e-02,8.896030485630035400e-03,2.566702477633953094e-02,-1.682204753160476685e-02,2.199119143187999725e-02,2.587123773992061615e-02,8.016956853680312634e-04,-2.856429852545261383e-02,1.438266015611588955e-03,3.643926233053207397e-03,4.537358414381742477e-03,-1.620940864086151123e-02,1.293083303608000278e-03,-2.933009713888168335e-02,-1.226554531604051590e-02,2.109775878489017487e-02,-1.041486486792564392e-02,-6.490145344287157059e-03,2.010221965610980988e-02,-2.078824909403920174e-03,7.485684007406234741e-03,-8.168521337211132050e-03,-1.369503606110811234e-02,-1.061907783150672913e-02,2.925351634621620178e-02,4.219551756978034973e-02,-1.707731559872627258e-02,-2.268040925264358521e-02,1.194646209478378296e-02,-4.460778553038835526e-03,-1.941300183534622192e-02,7.549500558525323868e-03,-9.929858148097991943e-03,-3.627972211688756943e-03,1.065098587423563004e-02,-2.693059295415878296e-02,5.659732269123196602e-04,-1.822601258754730225e-02,7.581408601254224777e-03,3.021714743226766586e-03,1.104026660323143005e-02,-2.196885412558913231e-03,-3.262303024530410767e-02,1.210919464938342571e-03,-1.892799511551856995e-02,1.649020239710807800e-02,-4.418659582734107971e-02,3.816230921074748039e-03,2.496504224836826324e-02,-1.489478815346956253e-02,2.333133853971958160e-02,-1.359292957931756973e-02,-9.151296690106391907e-03,-1.979590021073818207e-02,-9.113006293773651123e-03,1.983419060707092285e-02,-1.410346198827028275e-02,-3.734545782208442688e-02,-1.945129036903381348e-02,1.641362160444259644e-02,-6.439092103391885757e-03,4.406534135341644287e-03,5.047890823334455490e-03,-6.349748931825160980e-03,1.596690714359283447e-02,-7.632461842149496078e-03,4.179985262453556061e-03,-2.373976446688175201e-02,2.910035662353038788e-02,2.746665291488170624e-02,-1.349082309752702713e-02,-1.599243283271789551e-02,3.503529820591211319e-03,-1.261015422642230988e-02,2.329304814338684082e-03,-3.032563440501689911e-02,4.524595104157924652e-03,-2.413542754948139191e-02,-3.186042420566082001e-03,-3.844310343265533447e-02,2.989806467667222023e-03,-7.581408601254224777e-03,-2.225922048091888428e-02,7.792003452777862549e-03,-3.055537492036819458e-02,-1.560953352600336075e-02,-2.137855254113674164e-02,-1.655401848256587982e-02,-1.731981709599494934e-02,-1.650296524167060852e-02,3.772835806012153625e-02,3.305698512122035027e-03,-3.685407107695937157e-03,-6.796464789658784866e-03,2.035748679190874100e-03,1.075947377830743790e-02,1.400135550647974014e-02,5.960467737168073654e-03,4.490134119987487793e-02,2.833455801010131836e-02,1.839193515479564667e-02,4.234229680150747299e-03,1.322279404848814011e-02,-1.005110982805490494e-02,-5.781781394034624100e-03,-1.287818420678377151e-02,1.243146788328886032e-02,4.511831793934106827e-03,-3.181256121024489403e-03,1.289732940495014191e-02,-5.673293024301528931e-03,2.012774720788002014e-02,3.099889960139989853e-03,1.657954603433609009e-02,-3.503529820591211319e-03,-1.148060150444507599e-02,2.670085430145263672e-02,-2.830264857038855553e-03,6.274445354938507080e-02,-1.335042715072631836e-02,8.091941475868225098e-03,2.590952906757593155e-03,1.275693252682685852e-02,-1.026170514523983002e-02,8.583328686654567719e-03,-2.488846331834793091e-02,2.388016134500503540e-02,2.293567545711994171e-02,-6.981533020734786987e-03,2.168487198650836945e-02,2.700717374682426453e-02,2.196566388010978699e-02,-2.075314894318580627e-02,-1.204856857657432556e-02,-1.661783456802368164e-02,2.761981263756752014e-02,9.757554158568382263e-03,9.261380182579159737e-04,-3.056813729926943779e-03,4.566713795065879822e-02,4.537358414381742477e-03,-2.414819039404392242e-02,-1.766123576089739799e-03,2.787507884204387665e-02,-3.826441615819931030e-02,4.917067009955644608e-03,9.591630659997463226e-03,-7.634057546965777874e-04,8.876885287463665009e-03,-8.047269657254219055e-03,-1.053771120496094227e-03,1.240594126284122467e-02,6.247642450034618378e-03,-1.028084941208362579e-02,-2.983424812555313110e-03,3.401423338800668716e-03,-1.448636222630739212e-02,-7.000677753239870071e-03,-8.060033433139324188e-03,3.280171751976013184e-02,-2.266764640808105469e-02,-3.299316857010126114e-03,1.956616155803203583e-02,7.957926951348781586e-03,8.111086674034595490e-03,-3.395041683688759804e-03,-1.731981709599494934e-02,-4.014062229543924332e-03,-4.160840529948472977e-03,8.277009241282939911e-03,1.715389452874660492e-02,1.434596534818410873e-02,-1.296274131163954735e-03,2.811119891703128815e-03,-6.164680700749158859e-03,-3.122225869446992874e-03,3.075958788394927979e-02,2.301225624978542328e-02,9.814988821744918823e-03,-5.622239783406257629e-03,9.617157280445098877e-03,1.285903900861740112e-02,-7.313379086554050446e-03,-4.323572851717472076e-03,2.377805486321449280e-02,-4.012786224484443665e-02,-2.818139828741550446e-02,-1.760061085224151611e-02,3.449285635724663734e-03,-1.720494776964187622e-02,-2.157000079751014709e-02,-7.951544597744941711e-03,-6.281943933572620153e-05,7.070876192301511765e-03,1.106579322367906570e-02,2.751770615577697754e-02,-8.136613178066909313e-04,-1.994267804548144341e-03,3.292934969067573547e-02,8.283390663564205170e-03,2.958536334335803986e-02,-1.120778499171137810e-03,-1.409069914370775223e-02,2.054893597960472107e-02,-1.812390633858740330e-03,-1.217620167881250381e-02,-1.167843304574489594e-02,3.969390876591205597e-03,-3.701361268758773804e-02,1.074671093374490738e-02,1.283351238816976547e-02,-2.670085430145263672e-02,1.817176933400332928e-03,1.420556847006082535e-02,5.740300752222537994e-03,5.226577166467905045e-03,2.214435115456581116e-02,-2.790060453116893768e-02,1.537979394197463989e-02,-1.082329079508781433e-02,-1.500965747982263565e-02,6.372084841132164001e-03,8.532275445759296417e-03,2.629242837429046631e-02,1.629715668968856335e-03,2.621584758162498474e-02,-1.061907783150672913e-02,-2.032557735219597816e-03,1.407793536782264709e-02,-7.338905707001686096e-03,1.991077139973640442e-02,-1.957892440259456635e-02,-2.933009713888168335e-02,1.734215300530195236e-03,9.457616135478019714e-03,1.270587928593158722e-02,1.544560509501025081e-04,1.909391768276691437e-02,2.495227940380573273e-02,-5.874315276741981506e-03,-1.293561886996030807e-02,-5.162760615348815918e-03,-1.743468828499317169e-02,-2.104670554399490356e-02,1.471610181033611298e-02,1.688586547970771790e-02,1.717942208051681519e-02,-1.960445009171962738e-02,3.428226336836814880e-02,-1.049144472926855087e-02,-3.081064112484455109e-02,-1.549466326832771301e-02,7.696278393268585205e-03,-1.412898860871791840e-02,4.712854046374559402e-03,-1.449912507086992264e-02,1.837917231023311615e-02,-1.012768968939781189e-02,-1.862167567014694214e-02,1.550742704421281815e-02,-2.086801826953887939e-02,-3.267408534884452820e-02,3.834099695086479187e-02,1.312228268943727016e-04,-1.747297681868076324e-02,3.130202880129218102e-03,-2.670085430145263672e-02
-1.860655657947063446e-02,-2.367486245930194855e-02,-9.474043734371662140e-03,-5.170764867216348648e-03,5.601092707365751266e-03,2.345628477632999420e-02,-2.803278714418411255e-02,3.524590050801634789e-03,5.775273311883211136e-03,-2.385245822370052338e-02,-9.959015995264053345e-03,1.792349666357040405e-02,6.656420882791280746e-03,-1.078551914542913437e-02,1.212431676685810089e-02,5.307376850396394730e-03,2.663934417068958282e-02,3.136612102389335632e-02,6.598360836505889893e-03,-2.221311442553997040e-02,-1.295765023678541183e-02,-2.091529965400695801e-02,-1.290983613580465317e-02,-1.000683102756738663e-02,-2.327868901193141937e-02,1.263661216944456100e-02,2.062841504812240601e-02,-5.251366272568702698e-02,-1.941598369739949703e-03,-8.790983818471431732e-03,4.648223984986543655e-03,-9.043715894222259521e-03,-2.491803281009197235e-02,-1.348360627889633179e-02,-5.270491912961006165e-02,-6.089481059461832047e-03,8.055840153247117996e-04,-1.310109253972768784e-02,2.177595719695091248e-02,-1.460382528603076935e-02,1.668032817542552948e-02,-1.614754088222980499e-02,2.657103817909955978e-03,-1.321038231253623962e-02,-4.073770344257354736e-02,2.640710398554801941e-02,-1.558743137866258621e-02,-3.244535531848669052e-03,-2.464480884373188019e-02,3.111338708549737930e-03,-2.006489085033535957e-03,1.980874314904212952e-02,-2.551912516355514526e-02,-2.800546400249004364e-02,-6.881830748170614243e-03,-1.454917993396520615e-02,1.087773242034018040e-03,2.338797785341739655e-02,-9.672131389379501343e-03,3.265027422457933426e-03,1.170081924647092819e-02,4.188524559140205383e-02,5.925546400249004364e-03,1.922131143510341644e-02,-2.163934335112571716e-02,8.838797919452190399e-03,-3.647540928795933723e-03,-9.310109540820121765e-03,-1.830601133406162262e-02,-1.704918034374713898e-02,3.560109436511993408e-02,2.147541008889675140e-02,-1.124316919595003128e-02,-3.099385183304548264e-03,3.822404518723487854e-02,-2.646174840629100800e-02,1.097677554935216904e-02,-2.385245822370052338e-02,-9.118852205574512482e-03,-9.487705305218696594e-03,-3.430669428780674934e-03,-2.710382454097270966e-02,-3.240437060594558716e-02,7.137977983802556992e-03,1.265027280896902084e-02,8.647540584206581116e-03,1.420764997601509094e-02,3.393442556262016296e-02,3.924180287867784500e-03,-1.499999966472387314e-02,1.286202203482389450e-02,3.726775944232940674e-02,1.219945400953292847e-02,2.986338734626770020e-02,-2.241803333163261414e-02,-3.368852287530899048e-02,-9.829235263168811798e-03,3.612021729350090027e-02,1.365437172353267670e-02,-1.789617538452148438e-02,-1.592896133661270142e-02,-1.225409843027591705e-02,-3.584699332714080811e-02,4.556010942906141281e-03,-4.300546273589134216e-02,-2.447062870487570763e-03,-4.836065694689750671e-03,1.073087472468614578e-02,2.002732269465923309e-02,-3.737704828381538391e-02,-1.828893437050282955e-03,4.827868938446044922e-02,1.426229532808065414e-02,-1.536885276436805725e-02,2.050546370446681976e-02,-2.833333425223827362e-02,4.402322228997945786e-03,-9.692623279988765717e-03,-1.689890772104263306e-02,8.155738003551959991e-03,6.188524421304464340e-03,1.104508154094219208e-02,5.864711420144885778e-05,-4.675546661019325256e-03,2.009904477745294571e-03,1.057377085089683533e-02,-2.049180213361978531e-03,1.230874285101890564e-02,-1.646174862980842590e-02,-2.544398885220289230e-03,1.680327951908111572e-02,-1.466017798520624638e-03,1.286202203482389450e-02,-1.314207632094621658e-02,-4.249914491083472967e-04,1.889344304800033569e-02,7.028688676655292511e-03,-1.826502755284309387e-02,-4.713114758487790823e-04,-1.870218664407730103e-02,4.238388035446405411e-03,2.133879810571670532e-02,-6.437841337174177170e-03,-8.237704634666442871e-03,-9.200819768011569977e-03,1.215847022831439972e-02,3.215505508705973625e-03,-1.453551929444074631e-02,-1.733606494963169098e-02,-1.349726784974336624e-02,9.596994146704673767e-03,-3.921191964764147997e-04,1.288934424519538879e-02,-2.991803362965583801e-02,1.695355214178562164e-02,2.333333343267440796e-02,-1.133879739791154861e-02,3.844262287020683289e-02,-3.309426130726933479e-03,6.598360836505889893e-03,-1.973403414012864232e-04,2.832991769537329674e-03,2.128415368497371674e-02,2.932035597041249275e-03,1.306694000959396362e-02,2.573770470917224884e-02,1.166666671633720398e-02,-5.894808564335107803e-03,-1.949453540146350861e-02,-2.345628477632999420e-02,9.323770180344581604e-03,3.076502680778503418e-02,-1.014344301074743271e-02,2.790983580052852631e-02,-2.779200731310993433e-04,1.515027321875095367e-02,-2.875256177503615618e-04,2.230874262750148773e-02,-2.777322381734848022e-02,-2.377049066126346588e-03,-2.874317020177841187e-02,1.589822350069880486e-03,3.956284001469612122e-02,2.672472735866904259e-03,-1.441256795078516006e-02,-1.971311494708061218e-02,9.426229633390903473e-03,-3.249658504500985146e-03,-1.260928995907306671e-02,7.233606651425361633e-03,-1.967213116586208344e-03,2.215847000479698181e-02,-3.272284811828285456e-04,-1.269808784127235413e-02,-6.185792088508605957e-01,-4.017247410956770182e-04,1.765710418112576008e-03,-1.637978106737136841e-02,2.843237598426640034e-04,1.542349718511104584e-02,-6.444672122597694397e-03,2.778688445687294006e-02,-2.256830595433712006e-02,4.948770627379417419e-03,-2.224043756723403931e-02,3.434426337480545044e-02,4.624316934496164322e-03,-4.562841728329658508e-03,-4.484289791435003281e-03,-7.670764811336994171e-03,4.702868871390819550e-03,-3.243169561028480530e-02,-1.628415286540985107e-02,4.351092968136072159e-03,2.043843851424753666e-04,1.887978054583072662e-02,-7.882514037191867828e-03,-2.165300538763403893e-03,-6.038251332938671112e-03,6.290983408689498901e-03,1.310792379081249237e-02,3.514344338327646255e-03,-9.303278289735317230e-03,2.271857857704162598e-02,-3.002732247114181519e-02,4.079234972596168518e-02,-6.127049215137958527e-03,-3.174521960318088531e-03,4.784153029322624207e-02,9.371584281325340271e-03,-2.136697439709678292e-04,2.724043652415275574e-02,1.181010901927947998e-02,4.875341546721756458e-04,-2.702185884118080139e-02,-1.993169449269771576e-02,6.342213135212659836e-03,-2.786885248497128487e-03,-8.046448230743408203e-03,-1.012295112013816833e-02,2.476776018738746643e-02,4.607240669429302216e-03,2.340163849294185638e-02,-2.365095540881156921e-03,-8.599726483225822449e-03,-7.090163882821798325e-03,-1.706284098327159882e-02,1.562841609120368958e-02,9.110314422287046909e-04,-1.401639357209205627e-02,2.136611938476562500e-02,-1.254098396748304367e-02,-2.452185750007629395e-02,1.978142000734806061e-02,2.846994623541831970e-02,2.427595667541027069e-02,-1.983606629073619843e-02,-1.693989150226116180e-02,-3.056694054976105690e-03,2.129781432449817657e-02,-4.713114816695451736e-03,1.595628447830677032e-02,7.602458819746971130e-03,-3.510928945615887642e-03,9.511612006463110447e-04,4.870218690484762192e-03,6.642759777605533600e-03,1.115437131375074387e-02,3.540983423590660095e-02,1.778688468039035797e-02,2.714480832219123840e-02,-1.476775947958230972e-02,-1.479508168995380402e-02,1.069842954166233540e-03,-1.242486294358968735e-02,1.425887923687696457e-03,-2.543715760111808777e-02,-1.596994511783123016e-02,2.184426225721836090e-02,-1.335382554680109024e-02,-3.868852555751800537e-02,-1.691256836056709290e-02,1.792349666357040405e-02,-3.459016233682632446e-02,-8.688524365425109863e-03,1.152322441339492798e-02,1.696721278131008148e-02,-3.401639312505722046e-02,-4.928278736770153046e-03,2.344603883102536201e-03,9.426229633390903473e-03,1.113387942314147949e-02,2.131147496402263641e-02,5.942622665315866470e-04,-1.907103881239891052e-02,-9.685792028903961182e-03,9.125683456659317017e-03,-1.918032765388488770e-02,3.240437060594558716e-02,3.326502628624439240e-03,-5.484972614794969559e-03,1.338797807693481445e-02,1.704918034374713898e-02,-3.745901584625244141e-02,1.592896133661270142e-02,9.105191566050052643e-03,1.098019070923328400e-03,-1.648907177150249481e-02,2.362021803855895996e-02,-3.306011110544204712e-02,1.189207658171653748e-02,-1.709016412496566772e-02,-4.385245963931083679e-03,-1.916666701436042786e-02,-1.445355173200368881e-02,2.178961783647537231e-02,-3.117486275732517242e-02,-1.561475452035665512e-02,1.252049207687377930e-02,4.612021893262863159e-02,-2.381147630512714386e-02,-2.437158487737178802e-02,-6.427595857530832291e-03,5.280054640024900436e-03,-1.852459087967872620e-02,-1.036202162504196167e-02,2.072404325008392334e-02,5.344945471733808517e-03,5.051912739872932434e-02,-2.873975317925214767e-03,2.061475440859794617e-02,-1.224726811051368713e-02,9.904371574521064758e-03,-1.596994511783123016e-02,-2.277322486042976379e-02,9.207650087773799896e-03,1.841530017554759979e-02,7.008196786046028137e-03,-1.029713079333305359e-03,-5.491803213953971863e-02,1.232923474162817001e-02,-3.180328011512756348e-02,-3.308743238449096680e-02,4.740437027066946030e-03,1.792349666357040405e-02,-3.368852287530899048e-02,-3.685792535543441772e-02,3.917349502444267273e-03,-3.121584653854370117e-03,-2.469945326447486877e-02,2.118852548301219940e-02,-6.383196916431188583e-03,1.782786846160888672e-02,-2.330601029098033905e-02,1.744535565376281738e-02,3.835382405668497086e-03,-1.343579217791557312e-02,1.874999958090484142e-03,1.648907177150249481e-02,-1.215163897722959518e-02,8.570269710617139935e-05,-2.527322433888912201e-02,9.159835986793041229e-03,1.453210366889834404e-03,-6.820355076342821121e-03,-1.977459061890840530e-03,-2.310109324753284454e-02,-1.878415350802242756e-03,9.678961709141731262e-03,-4.610655829310417175e-03,7.923496887087821960e-03,9.877049364149570465e-03,-4.706284031271934509e-03,1.816939935088157654e-02,1.639344170689582825e-02,1.422472647391259670e-03,-7.670764811336994171e-03,2.053278684616088867e-02,1.331284176558256149e-02,2.460723975673317909e-03,1.400273200124502182e-02,1.482240483164787292e-02,-1.338797807693481445e-02,-1.825478160753846169e-03,1.942623034119606018e-02,-1.624316908419132233e-02,4.569672048091888428e-03,1.243169419467449188e-02,1.647540926933288574e-02,2.243169397115707397e-02,2.491803281009197235e-02,1.894808746874332428e-02,3.435792401432991028e-03,1.047131139785051346e-02,9.895833209156990051e-04,1.204235013574361801e-02,2.013661153614521027e-02,-2.290983684360980988e-02,4.696038085967302322e-03,-3.128415346145629883e-02,1.262295059859752655e-02,3.014002693817019463e-03,4.040983691811561584e-02,-1.340163964778184891e-02,-6.215847097337245941e-03,-4.191256687045097351e-02,-1.784153096377849579e-02,3.575819777324795723e-03,1.146174874156713486e-02,1.390027347952127457e-02,-7.520491722971200943e-03,2.025956287980079651e-02,-3.650956321507692337e-03,1.757172169163823128e-03,6.581284105777740479e-03,1.036202162504196167e-02,1.583333313465118408e-02,-1.418032776564359665e-02,-1.785519160330295563e-02,2.237021923065185547e-03,-3.924180287867784500e-03,-1.360143418423831463e-03,-6.079235114157199860e-03,-2.308743260800838470e-02,-2.606557309627532959e-02,2.156762406229972839e-03,-1.394808758050203323e-02,1.747267693281173706e-02,2.359289675951004028e-02,-1.294398866593837738e-02,-5.112704820930957794e-03,-2.586065605282783508e-02,2.263661287724971771e-02,-2.341530099511146545e-02,9.398907423019409180e-03,2.457650192081928253e-02,-2.571038343012332916e-02,2.156762406229972839e-03,3.368852287530899048e-02,5.426912568509578705e-03,2.674863301217556000e-02,2.030396135523915291e-03,-3.200136590749025345e-03,2.617486380040645599e-02,1.486338768154382706e-02,1.678620232269167900e-03,-3.412568196654319763e-02,-1.758196763694286346e-02,1.374658429995179176e-03,-2.244535461068153381e-02,7.226775866001844406e-03,2.435792423784732819e-02,4.237705096602439880e-02,2.359289675951004028e-02,1.698087342083454132e-02,-2.178961783647537231e-02,1.520491763949394226e-02,-7.445355295203626156e-04,2.606557309627532959e-02,-1.831967197358608246e-02,-6.267076358199119568e-03,-3.508196771144866943e-02,-3.980874270200729370e-02,1.528688520193099976e-02,-7.076502777636051178e-03,6.482240278273820877e-03,2.214480936527252197e-02,-5.273223854601383209e-03,1.601092889904975891e-02,1.782786846160888672e-02,3.159153042361140251e-03,5.870901513844728470e-03,3.519125655293464661e-02,-8.797814138233661652e-03,-2.849726751446723938e-02,-1.740437187254428864e-02,9.945355355739593506e-03,-5.669398698955774307e-03,8.700478356331586838e-04,-4.617486149072647095e-03,-3.491803258657455444e-02,-8.837089990265667439e-04,-2.681693993508815765e-02,-1.150102471001446247e-03,-2.885929076001048088e-03,-3.423838876187801361e-03,-1.551912538707256317e-02,-1.532786898314952850e-02,-2.012295089662075043e-02,-7.117486558854579926e-03,5.133879929780960083e-02,1.815232215449213982e-03,1.403688569553196430e-03,-1.401639357209205627e-02,7.438524626195430756e-03,-7.650273386389017105e-03,-2.228483557701110840e-03,4.754098132252693176e-03,5.131147429347038269e-02,3.240437060594558716e-02,7.363387849181890488e-03,-3.917349502444267273e-03,8.087432011961936951e-03,-2.061475440859794617e-02,2.807377139106392860e-03,1.142076496034860611e-02,-2.556010894477367401e-02,4.053961951285600662e-03,-1.047131139785051346e-02,-3.143784124404191971e-03,4.118852317333221436e-03,8.585211471654474735e-04,3.877049311995506287e-02,9.234972298145294189e-03,1.878415234386920929e-02,-2.684426307678222656e-02,-7.732240483164787292e-03,4.005464538931846619e-02,8.431693911552429199e-02,-6.369535345584154129e-03,-4.832650069147348404e-03,5.689890589565038681e-03,-4.026639275252819061e-03,1.286885235458612442e-02,-1.851092837750911713e-02,-3.571038320660591125e-02,1.238388009369373322e-02,-1.927595585584640503e-02,-1.886953599750995636e-03,-7.903005927801132202e-03,9.972677566111087799e-03,-1.024590153247117996e-02,6.004098337143659592e-03,1.265027280896902084e-02,-1.431693974882364273e-02,-2.534152939915657043e-03,-9.750683093443512917e-04,-2.846994623541831970e-02,-2.280054613947868347e-02,2.666666731238365173e-02,-1.750341500155627728e-03,1.907103881239891052e-02,1.666666753590106964e-02,-2.733948174864053726e-03,3.125683218240737915e-02,2.478142082691192627e-02,3.633879823610186577e-03,-1.125683076679706573e-02,8.777322247624397278e-03,2.646174840629100800e-02,-7.411202415823936462e-03,3.008196689188480377e-02,-2.758196741342544556e-02,2.670765109360218048e-02,1.239754073321819305e-02,3.994535654783248901e-02,-2.761270385235548019e-03,-9.842895902693271637e-03,1.400273200124502182e-02,2.176229469478130341e-02,1.484972704201936722e-02,-1.953551918268203735e-02,3.709016367793083191e-03,-1.009562797844409943e-02,-2.321038208901882172e-02,1.215847022831439972e-02,-1.021857932209968567e-02,-2.415300533175468445e-02,3.262295201420783997e-02,-1.116120256483554840e-02,-1.934426277875900269e-02,-1.035519130527973175e-02,-1.083333324640989304e-02,-5.761612206697463989e-03,1.261612027883529663e-02,1.196038257330656052e-02,-1.211065612733364105e-02,2.027322351932525635e-02,-1.823770441114902496e-02,-4.661202058196067810e-02,-4.778005648404359818e-03,-8.620218373835086823e-03,-1.736338809132575989e-02,-2.394808828830718994e-02,-2.841529995203018188e-02,-1.127049140632152557e-02,-3.246243111789226532e-03,1.770833390764892101e-03,1.719945296645164490e-02,-1.098872977308928967e-03,-3.418032824993133545e-02,1.487704925239086151e-02,5.803278833627700806e-02,6.806693971157073975e-03,1.173497270792722702e-02,3.106215735897421837e-03,-2.456284128129482269e-02,-7.073941524140536785e-04,-2.052595606073737144e-03,-1.948087476193904877e-02,1.527322363108396530e-02,-3.887038910761475563e-04,-1.948087476193904877e-02,2.547814138233661652e-02,-1.482240483164787292e-02,-1.702185720205307007e-02,1.234631170518696308e-03,2.686133841052651405e-03,-7.588797714561223984e-03,-7.008196786046028137e-03,1.341530028730630875e-02,-1.288934424519538879e-02,1.501366123557090759e-02,1.267759595066308975e-02,9.494535624980926514e-03,1.020491775125265121e-02,8.524590171873569489e-03,-1.725409924983978271e-02,-1.206967234611511230e-02,2.546106465160846710e-03,-5.519125610589981079e-03,-3.218579292297363281e-02,1.420764997601509094e-02,4.032189317513257265e-04,-8.012294769287109375e-03,2.780054695904254913e-02,-1.232240442186594009e-02,-1.448087394237518311e-02,1.394125726073980331e-02,-1.196208992041647434e-03,1.409836020320653915e-02,-2.972677536308765411e-02,-2.733606472611427307e-02,1.684426143765449524e-02,-6.839139387011528015e-04,2.866120263934135437e-02,2.819672040641307831e-02,5.071721505373716354e-03,1.187158469110727310e-02,-5.000000074505805969e-02,2.483606524765491486e-02,-1.374999992549419403e-02,-4.221311584115028381e-02,2.378415316343307495e-02,1.146857906132936478e-02,-7.035518996417522430e-03,-1.037397538311779499e-03,1.868852414190769196e-02,-1.579576521180570126e-03,1.923497207462787628e-02,1.711748726665973663e-02,-5.146857816725969315e-03,-5.502732098102569580e-02,-9.590163826942443848e-03,-2.185792289674282074e-02,-1.459016371518373489e-02,-1.543715875595808029e-02,6.425034371204674244e-05,-2.230874262750148773e-02,-1.128415297716856003e-02,-1.092213112860918045e-02,-1.167349703609943390e-02,8.306010626256465912e-03,-3.969945386052131653e-02,1.209016423672437668e-02,-1.453551929444074631e-02,-2.645150292664766312e-03,3.598360717296600342e-02,-1.603825204074382782e-02,4.710382595658302307e-02,-3.573770448565483093e-02,-8.135246112942695618e-03,1.105874311178922653e-02,-2.129781432449817657e-02,-1.484972704201936722e-02,1.293032802641391754e-02,3.923497349023818970e-02,3.800546377897262573e-02,1.633879728615283966e-02,3.831967245787382126e-03,3.531420836225152016e-03,7.588797714561223984e-03,3.923326439689844847e-04,-1.685792393982410431e-02,4.316939972341060638e-03,-1.385928969830274582e-02,-2.297814190387725830e-02,1.959016360342502594e-02,1.696721278131008148e-02,9.726775810122489929e-03,2.127049118280410767e-02,-1.092213112860918045e-02,2.580601163208484650e-02,3.461748734116554260e-02,4.863387905061244965e-03,4.429644905030727386e-03,-1.411202177405357361e-02,-3.756830468773841858e-02,1.020491775125265121e-02,3.944672062061727047e-04,5.450819618999958038e-03,-8.101092651486396790e-03,-3.297472605481743813e-03,-5.799180362373590469e-03,1.551912538707256317e-02,-1.576502807438373566e-02,3.674863371998071671e-03,-3.695355262607336044e-03,1.823770441114902496e-02,-1.550546474754810333e-02,1.051912549883127213e-02,-2.103825099766254425e-02,1.276639383286237717e-02,-6.311475299298763275e-03,2.928961813449859619e-02,-3.488729475066065788e-03,1.205601077526807785e-02,2.663934417068958282e-02,5.269808694720268250e-03,2.359289675951004028e-02,-1.509562879800796509e-02,-3.133879601955413818e-02,-1.937158405780792236e-02,3.265027329325675964e-02,-1.910433820739854127e-05,-2.378415316343307495e-02,-1.666666707023978233e-03,2.443647477775812149e-03,-1.449453551322221756e-02,-5.461065564304590225e-03,-1.081967167556285858e-02,-3.344262391328811646e-02,1.952185854315757751e-02,1.211577909998595715e-03,-5.799180362373590469e-03,3.060963063035160303e-04,-9.187158197164535522e-03,-2.069672197103500366e-02,2.206284180283546448e-02,-3.153005614876747131e-02,2.042349660769104958e-03,-2.933743176981806755e-03,1.361338794231414795e-02,2.595628425478935242e-02,-9.883879683911800385e-03,-2.769125625491142273e-02,5.396174732595682144e-03,3.256830573081970215e-02,-2.735655754804611206e-03,1.139344274997711182e-02,2.934426255524158478e-02,-2.641734899953007698e-03,-1.053961738944053650e-02,-7.527322508394718170e-03,2.333333343267440796e-02,-2.039617486298084259e-02,-3.647540882229804993e-02,8.872950449585914612e-03,6.031420547515153885e-03,-1.713114790618419647e-02,2.021858002990484238e-03,-3.551912494003772736e-03,2.231898950412869453e-03,8.551912382245063782e-03,-2.833333425223827362e-02,-3.008879721164703369e-03,-4.092896357178688049e-02,-2.504098415374755859e-02,-2.103825099766254425e-02,2.272882498800754547e-03,-1.237704884260892868e-02,-1.279883901588618755e-03,-1.695696730166673660e-03,-3.360655624419450760e-03,-1.051229517906904221e-02,-1.897541061043739319e-02,2.288251370191574097e-02,1.271174848079681396e-02,-1.699453592300415039e-02,1.987705007195472717e-02,-1.935792341828346252e-02,-2.400273270905017853e-02,1.364071015268564224e-02,8.886612020432949066e-03,-1.841530017554759979e-02,-8.490436710417270660e-03,-1.380464434623718262e-02,2.169398963451385498e-02,-2.390710450708866119e-02,4.879610787611454725e-04,-1.693989150226116180e-02,2.137978188693523407e-02,-1.206454937346279621e-03,-7.493169512599706650e-03,-9.870219044387340546e-03,-3.408469958230853081e-03,-4.993169568479061127e-03,-7.923496887087821960e-03,1.023224089294672012e-02,-1.072404347360134125e-02,5.911885295063257217e-03,6.241461960598826408e-04,-5.283469799906015396e-03,-3.196721151471138000e-02,9.419399313628673553e-03,5.195526173338294029e-04,7.493169512599706650e-03,-1.851092907600104809e-03,-3.931694105267524719e-02,-3.715847060084342957e-02,3.838797798380255699e-03,3.543715924024581909e-02,7.950820028781890869e-03,-2.051912620663642883e-02,6.362705025821924210e-03,3.426229581236839294e-02,-7.192622870206832886e-03,3.254098445177078247e-02,-1.397540979087352753e-02,-1.581967249512672424e-02,-2.127049118280410767e-02,2.785519137978553772e-02,1.056010928004980087e-02,-9.193989448249340057e-03,2.366120181977748871e-02,-2.785519137978553772e-02,-2.290983684360980988e-02,1.504098344594240189e-02,5.017076618969440460e-03,1.187158469110727310e-02,6.243169307708740234e-03,-5.758196581155061722e-03,1.877049170434474945e-02,3.104508155956864357e-03,1.450819708406925201e-02,-2.021857909858226776e-02,-3.625683113932609558e-02,1.978142000734806061e-02,5.170764867216348648e-03,2.027322351932525635e-02,4.346994683146476746e-02,-1.976775936782360077e-02,2.282786928117275238e-02,1.312329201027750969e-03,2.653005532920360565e-02,6.065573543310165405e-03,-7.001366000622510910e-03,1.897541061043739319e-02,4.172131046652793884e-02,-5.006830673664808273e-03,-1.595628447830677032e-02,-1.506830565631389618e-02,-1.373804640024900436e-03,-4.051912575960159302e-02,4.168801242485642433e-04,-1.459016371518373489e-02,-1.659836061298847198e-02,-8.804644457995891571e-03,1.141393464058637619e-02,2.294654987053945661e-04,1.109289657324552536e-02,1.344262249767780304e-02,-1.656420761719346046e-03,6.461748853325843811e-03,2.397540956735610962e-03,2.544398885220289230e-03,-2.601092867553234100e-02,-2.423497289419174194e-02,-1.276468625292181969e-03,3.344262391328811646e-02,8.224043995141983032e-03,-1.609289646148681641e-02,-8.004610426723957062e-04,2.330942545086145401e-03,-7.087431848049163818e-02,-1.579234935343265533e-02,2.075136639177799225e-02,-6.816939916461706161e-03,4.144808650016784668e-02,1.810109242796897888e-02,1.002049166709184647e-02,4.516393318772315979e-02,-2.046448178589344025e-02,5.771858152002096176e-03,-1.467213127762079239e-02,-3.207650408148765564e-02,-8.094262331724166870e-03,-2.521857991814613342e-02,-1.860655657947063446e-02,1.038934383541345596e-02,-1.564207673072814941e-02,-1.349043752998113632e-02,2.232240512967109680e-02,-8.080600760877132416e-03,-1.960382424294948578e-02,2.345628477632999420e-02,6.615437101572751999e-03,-1.928961835801601410e-02,4.036885220557451248e-03,-3.732923418283462524e-03,-6.769125815480947495e-03,-2.013661153614521027e-02,-1.256830617785453796e-02,-1.629781350493431091e-02,-1.889088161988183856e-04,-3.442622954025864601e-03,4.105191212147474289e-03,-4.609289765357971191e-02,4.149590153247117996e-03,1.323087420314550400e-02,2.867144765332341194e-03,-2.188524603843688965e-02,1.273053232580423355e-03,-4.347677808254957199e-03,-4.802766488865017891e-04,-1.005464512854814529e-02,2.607923559844493866e-02,1.096311490982770920e-02,-2.378415316343307495e-02,3.575819777324795723e-03,-3.968579228967428207e-03,2.298497362062335014e-03,-8.203552104532718658e-03,1.384562812745571136e-02,3.736338810995221138e-03,1.508709043264389038e-03,1.067622937262058258e-02,-1.204918045550584793e-02,1.412568334490060806e-02,-8.135246112942695618e-03,7.486338727176189423e-03,-3.139344230294227600e-02,-4.614070989191532135e-03,-3.049863502383232117e-03,-1.320355199277400970e-02,-1.059426274150609970e-02,2.586065605282783508e-02,2.997267805039882660e-02,1.355191227048635483e-02,1.679474022239446640e-03,-4.511612001806497574e-03,-1.163763692602515221e-03,-1.216530054807662964e-02,-3.999999910593032837e-02,-1.442622952163219452e-02,-3.448087349534034729e-02,1.706796465441584587e-03,2.675887895748019218e-03,-4.050546325743198395e-03,-1.547814253717660904e-02,-4.068306088447570801e-02,-2.018442610278725624e-03,-3.743169456720352173e-02,-8.497267961502075195e-03,1.927868872880935669e-01,-2.058743126690387726e-02,-2.199453534558415413e-03,1.998633891344070435e-02,1.342896185815334320e-02,-1.205601147376000881e-03,2.407103776931762695e-02,1.423497311770915985e-02,-3.678278764709830284e-03,3.390710428357124329e-02,-1.773224025964736938e-02,-2.209016308188438416e-02,-1.640710420906543732e-02,4.299863241612911224e-03,1.584699377417564392e-02,-3.344262391328811646e-02,-1.912568323314189911e-02,-3.081967122852802277e-02,-1.889344304800033569e-02,-2.904371544718742371e-02,2.321038208901882172e-02,1.778688468039035797e-02,-1.605191268026828766e-02,-1.949453540146350861e-02,4.136611893773078918e-02,2.077868767082691193e-02,1.408469956368207932e-02,2.786885248497128487e-03,1.894808746874332428e-02,2.983265090733766556e-03,-3.275956213474273682e-02,-6.352459080517292023e-03,-8.948087692260742188e-03,-2.702185884118080139e-02,-1.669398881494998932e-02,3.930263846996240318e-05,5.978142097592353821e-02,-4.443306010216474533e-03,-6.434426177293062210e-03,2.442622929811477661e-02,4.955600947141647339e-03,1.247950829565525055e-02,1.170081924647092819e-02,-4.323770292103290558e-03,8.285518735647201538e-03,1.919398829340934753e-02,-9.631147608160972595e-03,-1.797814294695854187e-02,5.276639480143785477e-03,1.831967197358608246e-02,-1.573770493268966675e-02,-1.144808717072010040e-02,4.125683009624481201e-02,2.475409768521785736e-02,5.818818463012576103e-04,-4.842896014451980591e-03,5.512295290827751160e-03,2.102459035813808441e-02,-1.927595585584640503e-02,3.722677705809473991e-03,-3.368852287530899048e-02,1.741803251206874847e-02,-5.556693766266107559e-03,4.259562864899635315e-02,-4.153005313128232956e-03,1.702185720205307007e-02,-3.386270487681031227e-03,-6.796448025852441788e-03,1.744364737533032894e-03,-5.143442656844854355e-03,-1.015027333050966263e-02,-1.282103825360536575e-02,-4.853141959756612778e-03,-6.413934286683797836e-03,-5.266393534839153290e-03,-5.659153219312429428e-03,1.206284109503030777e-02,-4.443306010216474533e-03,9.795081801712512970e-03,2.038251422345638275e-02,-1.743510947562754154e-03,-2.959016337990760803e-02,2.662226790562272072e-03,1.621413975954055786e-03,2.674180315807461739e-03,-3.434426337480545044e-02,1.524590142071247101e-02,9.262295439839363098e-03,-1.013661175966262817e-02,1.276639383286237717e-02,1.890710368752479553e-02,-2.156762406229972839e-03,-6.058743223547935486e-03,-1.081284135580062866e-02,7.745901588350534439e-03,8.224043995141983032e-03,-3.268442582339048386e-03,-2.621243242174386978e-03,-3.150273114442825317e-02,1.479508168995380402e-02,-3.371584787964820862e-02,2.396174892783164978e-02,2.418032847344875336e-02,-1.543715875595808029e-02,-1.494535524398088455e-02,2.708333311602473259e-03,1.732240431010723114e-02,1.685792393982410431e-02,1.201502699404954910e-02,-9.719945490360260010e-03,-1.710382476449012756e-02,-9.788251481950283051e-03,8.265027776360511780e-03,-2.066939882934093475e-02,1.965847052633762360e-02,-1.699453592300415039e-02,-1.137295085936784744e-02,1.614796783542260528e-04,3.366120159626007080e-02,5.109289661049842834e-03,2.723702229559421539e-03,9.453551843762397766e-03,1.463114749640226364e-02,1.269125659018754959e-02,-9.863387793302536011e-03,3.398224012926220894e-03,-1.971311494708061218e-02,-6.215847097337245941e-03,2.880806103348731995e-03,-1.436987658962607384e-03,1.875683106482028961e-02,-4.429644905030727386e-03,7.629781495779752731e-03,-3.126707626506686211e-03,-8.879781700670719147e-03,6.738387979567050934e-03,-8.750000037252902985e-03,-1.311475411057472229e-03,-1.010245922952890396e-02,7.855190895497798920e-03,-7.096994668245315552e-03,2.213114686310291290e-02,-9.571379632689058781e-04,1.014344301074743271e-02,-2.817622851580381393e-03,-7.711748592555522919e-03,7.943988777697086334e-03,-1.546448096632957458e-02,1.780054718255996704e-02,-1.999999955296516418e-02,-2.598360739648342133e-02,1.637978106737136841e-02,6.717896088957786560e-03,-1.710382476449012756e-02,1.278688479214906693e-02,1.215163897722959518e-02,-1.402834663167595863e-03,-2.088797837495803833e-02,-2.976434538140892982e-03,2.362021803855895996e-02,-4.565573856234550476e-02,-3.521174890920519829e-03,3.939890861511230469e-02,-7.390710525214672089e-03,-9.357923641800880432e-03,-1.957650296390056610e-02,-1.737704873085021973e-01,1.919398829340934753e-02,2.315573766827583313e-02,2.636611927300691605e-03,5.961748585104942322e-02,1.647028722800314426e-03,6.410519126802682877e-03,2.218579314649105072e-02,-6.489071063697338104e-03,-3.510928945615887642e-03,7.151639554649591446e-03,3.691939869895577431e-03,-2.064549131318926811e-03,-1.430327910929918289e-02,-2.172131091356277466e-02,-6.277322303503751755e-03,-4.005464538931846619e-02,9.378415532410144806e-03,4.341530054807662964e-02,1.953551918268203735e-02,2.901639416813850403e-02,-1.457650307565927505e-02,7.554644718766212463e-03,-2.311475388705730438e-02,1.255464460700750351e-02,2.169398963451385498e-02,7.411202415823936462e-03,1.452185772359371185e-02,-8.620218373835086823e-03,-2.774590253829956055e-02,-4.060109332203865051e-02,1.896174810826778412e-02,2.665300481021404266e-02,-3.234972804784774780e-02,1.523224078118801117e-02,2.157103829085826874e-02,3.982240334153175354e-03,-1.333034451818093657e-04,-4.593579098582267761e-03,6.355874240398406982e-03,3.333333507180213928e-02,1.938524655997753143e-02,1.196721289306879044e-02,-2.219945378601551056e-02,1.912568346597254276e-03,3.084699437022209167e-02,2.665300481021404266e-02,-3.076502680778503418e-02,2.913251286372542381e-03,-3.051912598311901093e-02,1.127732265740633011e-02,1.140710338950157166e-02,-4.717383999377489090e-04,7.505122921429574490e-04,-2.002732269465923309e-02,1.781420782208442688e-02,-1.819672062993049622e-02,5.092212930321693420e-03,-2.213114686310291290e-02,-1.706284098327159882e-02,-9.228141978383064270e-03,9.153005667030811310e-03,2.042349800467491150e-02,9.084699559025466442e-04,-3.787568304687738419e-03,-1.030054688453674316e-02,5.741120316088199615e-03,-4.023224115371704102e-03,3.389685880392789841e-03,4.166666790843009949e-02,-3.959016501903533936e-02,-3.245901688933372498e-02,-1.578722731210291386e-03,-2.540983632206916809e-02,2.096994593739509583e-02,-9.310109540820121765e-03,-6.523224059492349625e-03,2.415300533175468445e-02,-4.036885220557451248e-03,1.942623034119606018e-02,-1.501366123557090759e-02,2.590163983404636383e-02,-4.149590153247117996e-03,-1.198087446391582489e-02,-3.043715842068195343e-02,-7.554644718766212463e-03,-6.550546269863843918e-03,7.028688676655292511e-03,4.583333153277635574e-03,-1.241461723111569881e-03,-6.844262126833200455e-03,-1.838797889649868011e-02,-2.288251370191574097e-02,-3.040983527898788452e-02,7.125170668587088585e-04,2.614754065871238708e-02,1.019808743149042130e-02,-1.036885287612676620e-02,-2.239071018993854523e-02,-1.003244542516767979e-03,-2.870560158044099808e-03,-1.127049140632152557e-02,-1.542349718511104584e-02,1.674863323569297791e-02,2.040983550250530243e-02,-8.158299024216830730e-04,-1.476775947958230972e-02,2.049180306494235992e-02,3.049180284142494202e-02,3.425546456128358841e-03,-2.151639387011528015e-02,1.169398892670869827e-02,9.193989448249340057e-03,1.510928943753242493e-02,-1.714480854570865631e-02,2.339480910450220108e-03,-1.913934387266635895e-02,-5.047813989222049713e-03,-1.220628432929515839e-02,-2.012295089662075043e-02,6.803278625011444092e-02,1.291666645556688309e-02,-8.203552104532718658e-03,-1.632513664662837982e-02,-1.640710420906543732e-02,-1.788251288235187531e-02,-1.194535493850708008e-01,-4.218579083681106567e-02,3.112021833658218384e-02,8.934426121413707733e-03,2.454918064177036285e-02,7.424863521009683609e-03,-1.121584698557853699e-02,-1.406250055879354477e-03,-3.013661131262779236e-02,3.109289705753326416e-02,8.990778587758541107e-04,-1.866120286285877228e-02,2.266051946207880974e-03,-9.118852205574512482e-03,-1.120901666581630707e-02,-1.793715916574001312e-02,5.126365926116704941e-03,-1.058060117065906525e-02,-4.901639372110366821e-02,3.256830573081970215e-02,-1.268442627042531967e-02,6.653005257248878479e-03,4.132513888180255890e-03,-3.161202371120452881e-02,1.057377085089683533e-02,-4.108606372028589249e-03,-2.020491845905780792e-02,1.160519104450941086e-02,2.887978218495845795e-02,-8.032786659896373749e-03,6.318306084722280502e-03,1.463114749640226364e-02,2.257513580843806267e-03,-9.617486037313938141e-03,-1.431864802725613117e-03,-2.051912620663642883e-02,-1.896174810826778412e-02,4.637978039681911469e-03,7.616120390594005585e-03,-8.517759852111339569e-03,-1.079918071627616882e-02,1.534152962267398834e-02,5.464481073431670666e-04,-5.020491662435233593e-04,-1.000683102756738663e-02,-1.995901577174663544e-02,-1.497267745435237885e-02,2.001366205513477325e-02,3.363388031721115112e-02,-1.090163923799991608e-02,-3.327868878841400146e-02,-8.620218373835086823e-03,-2.523224055767059326e-02,-2.442622929811477661e-02,4.674863442778587341e-02,-7.916666567325592041e-03,-6.140710320323705673e-03,2.098360657691955566e-02,-8.224043995141983032e-03,6.512978114187717438e-03,-2.140710316598415375e-02,-3.606557380408048630e-03,-3.139344230294227600e-02,2.699453569948673248e-02,1.303961779922246933e-02,-1.621413975954055786e-03,2.158469893038272858e-02,-2.498633787035942078e-02,2.887978218495845795e-02,-2.665300481021404266e-02,-2.132855122908949852e-03,9.699453599750995636e-03,4.515027161687612534e-03,2.661202102899551392e-02,-1.179986284114420414e-03,-4.583333153277635574e-03,-2.102459035813808441e-02,-2.303278632462024689e-02,1.283469982445240021e-02,-2.887978218495845795e-02,-3.161202371120452881e-02,-1.948087476193904877e-02,1.368852425366640091e-02,-1.566939800977706909e-02,2.293715812265872955e-02,1.467725378461182117e-03,9.665300603955984116e-04,2.566939964890480042e-02,-8.060109103098511696e-04,-9.281079401262104511e-04,6.215847097337245941e-03,1.588797755539417267e-02,1.449453551322221756e-02,-1.573770493268966675e-02,-1.459016371518373489e-02,7.773224264383316040e-03,1.610314240679144859e-03,1.752732321619987488e-02,-1.577868871390819550e-02,6.911714444868266582e-04,-2.715847082436084747e-02,-8.169398643076419830e-03,-3.423497453331947327e-02,2.374316938221454620e-02,-4.687499895226210356e-04,-2.068305946886539459e-02,1.372267771512269974e-02,-9.439890272915363312e-03,2.653261472005397081e-04,-7.083333563059568405e-03,-2.077868767082691193e-02,1.168032828718423843e-02,-1.494535524398088455e-02,3.543715924024581909e-02,-6.130464375019073486e-03,-5.099043715745210648e-03,-3.985655959695577621e-03,9.829235263168811798e-03,5.160518921911716461e-03,6.106557324528694153e-03,-2.489753998816013336e-03,3.398907184600830078e-02,1.300546433776617050e-02,2.044057473540306091e-03,1.814207620918750763e-02,1.483606547117233276e-02,2.921789651736617088e-03,1.857923530042171478e-02,8.005464449524879456e-03,1.812841556966304779e-02,6.441256962716579437e-03,-2.226775977760553360e-03,7.172130979597568512e-03,-4.153005313128232956e-03,2.040983550250530243e-02,-7.862022146582603455e-03,-9.520150488242506981e-04,-1.837431639432907104e-02,-6.738387979567050934e-03,1.678961701691150665e-02,-2.530737780034542084e-03,6.453552097082138062e-02,-1.010582127491943538e-05,-8.688524365425109863e-03,1.127732265740633011e-02,-9.795081801712512970e-03,-7.964480668306350708e-03,6.250000093132257462e-03,-1.465846970677375793e-02,2.871584706008434296e-02,3.196721151471138000e-02,-2.777066256385296583e-04,1.986338756978511810e-02,2.587431669235229492e-02,-1.380464434623718262e-02,-2.073770575225353241e-02,-9.549180045723915100e-03,7.278859266079962254e-04,7.650273386389017105e-03,7.313012029044330120e-04,1.319672167301177979e-02,-3.387978300452232361e-02,4.210382327437400818e-02,-3.247950924560427666e-03,1.640198053792119026e-03,-2.581967227160930634e-02,1.789617538452148438e-02,-6.150956265628337860e-03,-1.217896211892366409e-02,3.191256895661354065e-02,1.142759528011083603e-02,-1.631147600710391998e-02,-1.813524635508656502e-03,8.838797919452190399e-03,1.272541005164384842e-02,-3.370901569724082947e-03,2.148224040865898132e-03,-7.855190895497798920e-03,1.657274551689624786e-03,-1.418032776564359665e-02,-2.142076566815376282e-02,-3.760245861485600471e-03,3.163934499025344849e-02,-2.509562857449054718e-02,-1.818647491745650768e-03,9.528688155114650726e-03,1.635245978832244873e-02,-1.586065627634525299e-02,2.271857857704162598e-02,-4.091530106961727142e-03,1.707650348544120789e-02,1.297131180763244629e-02,-3.756830701604485512e-03,3.300546482205390930e-02,1.674863323569297791e-02,-1.232923474162817001e-02,1.908469945192337036e-02,4.894125740975141525e-03,-9.781421162188053131e-03,1.886611990630626678e-02,2.736338786780834198e-02,8.019126020371913910e-03,-6.594945210963487625e-03,-9.562841732986271381e-04,5.471311509609222412e-03,-2.163934335112571716e-02,-2.996926195919513702e-03,3.786885365843772888e-02,-3.797814249992370605e-02,-2.530054561793804169e-02,-2.170765027403831482e-02,1.502732280641794205e-02,-1.244535483419895172e-02,-1.019808743149042130e-02,-1.183060090988874435e-02,-5.628415383398532867e-03,-1.182377059012651443e-02,2.756830677390098572e-02,1.023907121270895004e-02,-9.112021885812282562e-03,-1.452185772359371185e-02,2.961748652160167694e-02,1.442622952163219452e-02,1.353825163096189499e-02,1.263661216944456100e-02,-2.116120234131813049e-02,1.957650296390056610e-02,-2.918374259024858475e-03,-1.415300555527210236e-02,-1.556010916829109192e-02,-1.224043685942888260e-02,-2.113387919962406158e-02,-2.377049066126346588e-03,1.347336103208363056e-03,-2.822404354810714722e-02,-5.717213265597820282e-03,7.663934491574764252e-03,-1.239754073321819305e-02,-1.982240378856658936e-02,4.254098236560821533e-02,-4.911202006042003632e-03,3.718579187989234924e-02,1.908469945192337036e-02,-3.404371440410614014e-02,1.054644770920276642e-02,6.741803139448165894e-03,5.648907274007797241e-03,9.549180045723915100e-03,-6.728142034262418747e-03,1.040983572602272034e-02,-1.332650240510702133e-02,8.012294769287109375e-03,3.688524477183818817e-03,9.815573692321777344e-03,1.468579191714525223e-02,-4.021858051419258118e-02,-4.589309974107891321e-04,5.505464505404233932e-03,3.202185779809951782e-02,-1.934426277875900269e-02,1.836065575480461121e-02,1.640710420906543732e-02,1.871584728360176086e-02,-1.528688520193099976e-02,-2.313866047188639641e-03,-2.222677506506443024e-02,-2.368852496147155762e-02,2.487704902887344360e-02,2.890710346400737762e-02,2.657103817909955978e-03,-4.256830736994743347e-02,3.024590201675891876e-02,1.748633943498134613e-02,-3.475409746170043945e-02,-1.187841501086950302e-02,-1.490778638981282711e-03,-2.150273136794567108e-02,3.883196739479899406e-03,1.525956299155950546e-02,2.259562909603118896e-02,-1.581967249512672424e-02,6.245730910450220108e-04,1.149590127170085907e-02,-2.591530047357082367e-02,-2.184426225721836090e-02,1.021857932209968567e-02,-1.437628088751807809e-04,1.547558058518916368e-04,-1.037568319588899612e-02,-3.491803258657455444e-02
-2.370613813400268555e-02,-2.750954031944274902e-02,9.749474935233592987e-03,-3.380485577508807182e-04,-2.064517932012677193e-03,2.581624500453472137e-02,-2.029349654912948608e-02,6.626646965742111206e-03,-3.159949928522109985e-02,-1.210706308484077454e-02,-1.945661730132997036e-03,2.401874586939811707e-02,6.812258157879114151e-03,-8.840956725180149078e-04,7.730545476078987122e-03,2.382010919973254204e-03,2.476119063794612885e-02,1.232198160141706467e-02,1.117575075477361679e-02,-1.633867388591170311e-03,5.548799410462379456e-03,2.339678583666682243e-03,3.096777014434337616e-03,-1.320770476013422012e-02,-1.094129402190446854e-02,1.094129402190446854e-02,9.821114130318164825e-03,-3.610626980662345886e-02,-6.193554028868675232e-03,-1.478377263993024826e-02,9.059131145477294922e-03,1.180096715688705444e-02,-3.016671165823936462e-02,-3.271967917680740356e-02,-3.519449755549430847e-02,-3.665333613753318787e-02,-5.050579551607370377e-03,-2.004601433873176575e-02,2.308092080056667328e-02,-2.414899878203868866e-02,-1.106503512710332870e-02,-5.216652993112802505e-03,1.053099613636732101e-02,-8.375300094485282898e-03,-1.974643021821975708e-02,2.595952339470386505e-02,-1.096083223819732666e-02,-2.071030624210834503e-02,-2.141367644071578979e-02,1.116272527724504471e-02,4.188952594995498657e-02,9.860190562903881073e-03,-3.842478245496749878e-02,-1.544806547462940216e-02,-4.155086819082498550e-03,-2.103594131767749786e-02,6.753643974661827087e-03,3.131294250488281250e-02,-2.777655841782689095e-03,-8.779086172580718994e-03,2.104896679520606995e-02,1.639891602098941803e-02,3.005599603056907654e-03,9.501992724835872650e-03,-2.239057794213294983e-02,1.409342885017395020e-02,-2.253385633230209351e-02,-1.929054409265518188e-02,-9.580145590007305145e-03,-6.590827368199825287e-03,2.011114172637462616e-02,2.000693790614604950e-02,-2.468303777277469635e-03,-8.010590448975563049e-03,3.344909846782684326e-02,-8.323199115693569183e-03,-3.334489651024341583e-03,4.718433134257793427e-03,-3.523357212543487549e-03,3.643841715529561043e-03,-3.702455898746848106e-03,-1.283648237586021423e-02,-3.126084106042981148e-03,9.404302574694156647e-03,1.624261215329170227e-02,1.904306188225746155e-02,6.382421590387821198e-03,1.994181051850318909e-02,-1.297324895858764648e-02,-9.404302574694156647e-03,3.940168302506208420e-03,1.460141781717538834e-02,-1.763632521033287048e-02,1.844389550387859344e-02,2.626236295327544212e-03,5.708766911993734539e-05,-4.249520599842071533e-03,3.428272157907485962e-02,-9.560607373714447021e-03,-1.703715883195400238e-02,-2.280738763511180878e-02,6.166689563542604446e-04,-1.040074229240417480e-02,-1.235454436391592026e-02,-2.722298167645931244e-02,-1.487495005130767822e-02,1.645264565013349056e-03,3.959706518799066544e-03,1.335098408162593842e-02,-3.383985906839370728e-02,-5.096168257296085358e-03,2.758769132196903229e-02,1.101293321698904037e-02,-2.284646406769752502e-02,2.150485292077064514e-02,-3.779956698417663574e-02,3.598253009840846062e-03,-6.345787551254034042e-04,-6.877385079860687256e-03,-2.186956256628036499e-02,-1.226336695253849030e-02,7.827421650290489197e-04,1.505730487406253815e-02,-1.471864618360996246e-02,-1.291463524103164673e-02,5.154782440513372421e-03,-2.383639104664325714e-03,-8.753035217523574829e-03,-2.478724159300327301e-02,1.384757575578987598e-03,1.479679811745882034e-02,1.744094491004943848e-02,1.297324895858764648e-02,-1.699808239936828613e-02,8.863750845193862915e-03,1.172932796180248260e-02,-2.611582633107900620e-03,3.552664304152131081e-03,-4.965914878994226456e-03,-3.142365720123052597e-03,-2.719041891396045685e-03,1.828759163618087769e-02,-2.220822265371680260e-03,-1.599512994289398193e-02,5.968866869807243347e-03,1.737581752240657806e-02,2.555573731660842896e-02,8.095255121588706970e-03,1.135810557752847672e-02,-2.033257111907005310e-02,1.101944595575332642e-02,-1.837876997888088226e-02,2.341957949101924896e-02,-1.793590746819972992e-02,9.077041177079081535e-04,3.032301552593708038e-02,1.258900109678506851e-02,2.147880196571350098e-02,-4.584923386573791504e-03,4.490489605814218521e-03,2.531802456360310316e-04,-5.268753971904516220e-03,3.602812066674232483e-02,4.106241744011640549e-03,4.930095281451940536e-03,2.956754527986049652e-02,-6.007942836731672287e-03,-6.590827368199825287e-03,-1.512243133038282394e-02,-1.436696108430624008e-02,8.192945271730422974e-03,2.494354546070098877e-02,-2.761374227702617645e-03,1.376779563724994659e-02,3.998782485723495483e-03,2.008509077131748199e-02,2.290833508595824242e-03,1.960315182805061340e-02,-2.582927048206329346e-02,-7.496089208871126175e-03,-3.602812066674232483e-02,8.420889265835285187e-03,2.412294782698154449e-02,1.284299511462450027e-02,-1.738884299993515015e-02,-9.560607373714447021e-03,2.391454391181468964e-02,-2.574134850874543190e-03,1.098688319325447083e-02,-5.825588013976812363e-03,1.045284327119588852e-02,2.216914668679237366e-02,-8.199458010494709015e-03,7.971514016389846802e-03,-6.681483387947082520e-01,1.860019937157630920e-02,1.712833531200885773e-03,8.401351049542427063e-03,7.893362082540988922e-03,1.015326008200645447e-02,2.035211073234677315e-03,1.393712498247623444e-02,-6.805745419114828110e-03,1.277786865830421448e-02,-1.221126597374677658e-02,1.055704616010189056e-02,-1.081755384802818298e-02,-2.121829614043235779e-02,-1.333144586533308029e-02,-1.578672416508197784e-02,1.548388507217168808e-03,-2.379731461405754089e-02,1.582580036483705044e-03,-3.132596844807267189e-03,9.109604288823902607e-04,-4.913813434541225433e-03,-3.655238833744078875e-04,-5.718942848034203053e-04,8.837699890136718750e-03,-8.336224593222141266e-03,2.252083085477352142e-02,-1.622958667576313019e-02,-3.360540373250842094e-03,1.254992466419935226e-02,-3.774746507406234741e-02,1.308396458625793457e-02,-1.077196467667818069e-02,1.193122100085020065e-02,4.722991958260536194e-02,2.610280178487300873e-02,5.591131746768951416e-03,3.019276261329650879e-02,1.828759163618087769e-02,2.506077475845813751e-02,-1.383292209357023239e-02,-1.155348587781190872e-02,3.686174051836133003e-03,-4.457925911992788315e-03,-2.592044649645686150e-03,1.865230128169059753e-02,1.656824536621570587e-02,-1.906992692966014147e-04,4.995221737772226334e-03,-2.421412616968154907e-02,-4.933351650834083557e-03,1.887047663331031799e-03,-1.023141294717788696e-02,1.548714190721511841e-02,-1.862625125795602798e-03,3.800146048888564110e-03,1.621656119823455811e-02,-9.599682874977588654e-03,-2.860692562535405159e-03,2.659776620566844940e-02,4.058210761286318302e-04,2.644146047532558441e-02,-2.549060992896556854e-02,-2.595301019027829170e-03,-7.144404575228691101e-03,1.587790250778198242e-02,-1.641194149851799011e-02,6.975075230002403259e-03,1.899095997214317322e-02,9.762500412762165070e-03,8.551142178475856781e-03,2.134854905307292938e-02,-1.233500707894563675e-02,2.470908872783184052e-02,1.787078008055686951e-02,2.849946729838848114e-02,1.986365951597690582e-02,1.737256068736314774e-03,-9.736449457705020905e-03,-7.561215665191411972e-03,6.134939845651388168e-03,1.274042064324021339e-03,-1.667244918644428253e-02,-1.550016645342111588e-02,3.693989291787147522e-02,-1.542201451957225800e-02,-1.521360874176025391e-02,2.914422191679477692e-03,1.032258966006338596e-03,-7.131379097700119019e-03,-1.317514199763536453e-02,1.619051024317741394e-02,7.652393076568841934e-03,-1.944684796035289764e-02,1.650311797857284546e-02,-1.153394766151905060e-02,1.225196989253163338e-03,3.245917335152626038e-02,2.487841993570327759e-02,7.502601947635412216e-03,9.860190562903881073e-03,-1.527873612940311432e-02,1.526571065187454224e-02,-8.824674412608146667e-03,1.482284907251596451e-02,8.713959716260433197e-03,-1.404132787138223648e-02,5.281779449433088303e-03,1.444511301815509796e-02,-8.726984262466430664e-03,-5.408776924014091492e-03,-1.459653372876346111e-03,9.418956469744443893e-04,-1.432788558304309845e-02,2.313627861440181732e-03,-3.407431766390800476e-02,1.075242646038532257e-02,1.417320920154452324e-03,-3.316579852253198624e-03,-1.787078008055686951e-02,7.899874821305274963e-03,3.100033290684223175e-02,-5.545543041080236435e-03,-2.608977630734443665e-02,7.261632941663265228e-03,4.790723696351051331e-02,-5.148269701749086380e-03,-1.434091106057167053e-02,-2.418807521462440491e-02,-9.352201595902442932e-03,-1.606025733053684235e-02,-1.434091106057167053e-02,2.321117371320724487e-02,-5.620438605546951294e-03,1.145579572767019272e-02,-1.129949092864990234e-02,2.276831306517124176e-02,-2.154392935335636139e-02,1.084360387176275253e-02,-3.574156016111373901e-02,-3.738275496289134026e-03,1.743768807500600815e-03,4.767278209328651428e-03,-2.730113454163074493e-02,5.434827413409948349e-03,-2.417504973709583282e-02,1.038120407611131668e-02,-1.492705103009939194e-02,-3.707014769315719604e-02,1.553273061290383339e-03,1.134508009999990463e-02,-2.902048081159591675e-02,-2.060610428452491760e-02,-4.929280839860439301e-04,3.806658554822206497e-03,-2.668568631634116173e-03,1.497915294021368027e-02,-1.358543988317251205e-02,6.509418599307537079e-03,-1.354636438190937042e-02,2.443555742502212524e-02,1.761027425527572632e-02,-3.173300996422767639e-03,-1.110411155968904495e-02,3.487537615001201630e-03,-1.992878504097461700e-02,1.417158078402280807e-02,1.763632521033287048e-02,-5.773486569523811340e-03,-9.254511445760726929e-03,-3.979244735091924667e-03,1.437998656183481216e-02,-8.865378913469612598e-04,5.099424626678228378e-03,-6.183784920722246170e-03,-1.426275819540023804e-02,5.376213230192661285e-03,8.004077710211277008e-03,-1.349426247179508209e-02,9.860190562903881073e-03,7.932438515126705170e-03,2.276179846376180649e-03,-3.196420893073081970e-02,8.785598911345005035e-03,2.560783922672271729e-02,-2.158951712772250175e-03,9.866703301668167114e-03,1.411947980523109436e-02,-1.258900109678506851e-02,1.647706888616085052e-02,1.787078008055686951e-02,-1.908213831484317780e-02,-7.470038253813982010e-03,-7.880336605012416840e-03,-4.822636023163795471e-03,8.707446977496147156e-03,1.340308506041765213e-02,4.226726014167070389e-03,4.943120293319225311e-03,3.865924105048179626e-02,1.772750169038772583e-02,-5.356675479561090469e-03,3.819032758474349976e-02,-1.120180077850818634e-02,1.189214456826448441e-02,-1.878255419433116913e-02,3.663379698991775513e-03,2.906281268224120140e-03,3.493398800492286682e-02,1.368964277207851410e-02,3.292157314717769623e-03,-3.964916616678237915e-02,-1.320119295269250870e-02,-9.827626869082450867e-03,-8.323199115693569183e-03,3.225076571106910706e-02,2.336422214284539223e-03,8.375300094485282898e-03,-4.431875422596931458e-03,-5.558568052947521210e-03,-1.759724877774715424e-02,-7.509114220738410950e-03,1.787078008055686951e-02,-1.188563182950019836e-02,-4.949633032083511353e-02,-1.169676426798105240e-02,1.238059531897306442e-02,7.587266620248556137e-03,-1.395015046000480652e-02,-8.655345067381858826e-03,-2.410992421209812164e-02,1.366033568046987057e-03,2.893256023526191711e-03,4.274920001626014709e-02,-4.516540095210075378e-03,-2.089266106486320496e-02,2.025442011654376984e-02,-3.774746507406234741e-02,2.395361848175525665e-02,-2.917678467929363251e-02,7.072765380144119263e-03,3.516844473779201508e-03,3.225076571106910706e-02,-7.111841347068548203e-03,3.005599603056907654e-03,7.741942536085844040e-04,1.108457334339618683e-02,-7.580753881484270096e-03,-1.045935600996017456e-02,3.326674550771713257e-02,2.380382735282182693e-03,6.975075230002403259e-03,-5.164551548659801483e-03,-1.561739481985569000e-02,1.484889909625053406e-02,-4.095170274376869202e-02,2.461791271343827248e-03,3.073982708156108856e-02,3.331884741783142090e-02,1.846994645893573761e-02,-5.026971339248120785e-04,-1.872394117526710033e-03,8.355761878192424774e-03,-9.488967247307300568e-03,1.146230846643447876e-02,8.896314539015293121e-03,-3.803402185440063477e-03,-2.421412616968154907e-02,-2.655868977308273315e-02,1.055053342133760452e-02,-7.626342587172985077e-03,-6.975075230002403259e-03,1.843087002635002136e-02,-9.964392520487308502e-03,-6.378351245075464249e-04,2.528546145185828209e-03,1.581277512013912201e-02,-2.020231820642948151e-02,4.822636023163795471e-03,2.061261795461177826e-03,-2.753559127449989319e-02,-2.305486984550952911e-02,1.243269722908735275e-02,-9.879727847874164581e-03,-1.566094870213419199e-04,-1.460141781717538834e-02,-4.412337206304073334e-03,1.742791943252086639e-02,-3.850293532013893127e-02,1.331028033746406436e-04,1.849599764682352543e-03,5.499954335391521454e-03,-3.546151565387845039e-03,-1.431486010551452637e-02,-7.665418554097414017e-03,7.815210148692131042e-03,2.500867284834384918e-02,-4.050883930176496506e-03,6.662466563284397125e-03,-3.337746020406484604e-03,7.411424536257982254e-03,-2.499564737081527710e-02,3.015368478372693062e-03,1.297324895858764648e-02,5.098121985793113708e-02,9.274049662053585052e-03,-3.181441919878125191e-03,-1.699808239936828613e-02,3.248196793720126152e-03,8.242604671977460384e-04,-1.282996963709592819e-02,1.004254538565874100e-02,-3.290203586220741272e-02,4.080190788954496384e-03,2.039769850671291351e-02,-1.300906878896057606e-03,-2.040095394477248192e-03,9.632246568799018860e-03,2.633725851774215698e-02,-6.846449687145650387e-04,2.164813131093978882e-02,-2.792635187506675720e-02,3.548899258021265268e-06,2.052795141935348511e-02,1.142062693834304810e-01,2.114991191774606705e-03,5.262241698801517487e-03,-4.806354176253080368e-03,6.105632986873388290e-03,1.312304008752107620e-02,-2.564691379666328430e-02,-2.469606325030326843e-02,1.221126597374677658e-02,-2.143972739577293396e-02,4.037858452647924423e-03,-1.888675801455974579e-02,7.958489470183849335e-03,-1.101944595575332642e-02,3.558525815606117249e-02,2.147554652765393257e-03,-9.026567451655864716e-03,1.638589054346084595e-02,-5.303759826347231865e-04,-1.552621740847826004e-02,-1.190517004579305649e-02,1.624261215329170227e-02,-1.535688806325197220e-02,1.793590746819972992e-02,2.401874586939811707e-02,-1.362451631575822830e-02,2.974990010261535645e-02,2.969779819250106812e-02,1.448418945074081421e-02,-1.156651135534048080e-02,4.939863923937082291e-03,8.453452028334140778e-03,1.116923801600933075e-02,2.090568654239177704e-02,-1.246525999158620834e-02,-8.779086172580718994e-03,-4.060245992150157690e-04,2.943729236721992493e-02,1.602118089795112610e-02,-5.659514572471380234e-03,9.287075139582157135e-03,2.619398012757301331e-02,1.197680924087762833e-02,-3.902395069599151611e-02,3.270991146564483643e-03,-1.966827921569347382e-02,-3.149529546499252319e-02,1.292114704847335815e-02,1.386385760270059109e-03,-8.583705872297286987e-03,5.715523660182952881e-02,-3.167765215039253235e-02,-5.552055779844522476e-03,3.215633332729339600e-03,-8.271097205579280853e-03,5.656258203089237213e-03,9.501992724835872650e-03,5.900483578443527222e-03,-1.036329427734017372e-03,1.721951365470886230e-02,-9.879727847874164581e-03,-4.704756662249565125e-02,9.189384989440441132e-03,-2.968151587992906570e-03,-1.774052716791629791e-02,-2.589439600706100464e-02,-3.576761111617088318e-02,-4.125779494643211365e-03,-2.972384914755821228e-02,2.164813131093978882e-02,1.422368269413709641e-02,-3.956450149416923523e-03,-2.056702785193920135e-02,4.680985293816775084e-04,3.123478963971138000e-02,2.065820619463920593e-02,5.460877902805805206e-03,-3.748044604435563087e-03,-9.614336886443197727e-04,1.638589054346084595e-02,-2.401874586939811707e-02,-2.461791224777698517e-02,5.363187752664089203e-03,-1.630611019209027290e-03,-1.181399263441562653e-02,2.730113454163074493e-02,-1.253038737922906876e-02,-6.916461046785116196e-03,1.223080419003963470e-02,2.355960197746753693e-03,7.658905815333127975e-03,-7.561215665191411972e-03,8.798624388873577118e-03,-2.974664326757192612e-03,2.533430699259042740e-03,-8.245047181844711304e-03,-1.503613893873989582e-03,7.574241142719984055e-03,3.500562859699130058e-03,-1.734976656734943390e-02,1.370266824960708618e-02,3.800146048888564110e-03,-1.297324895858764648e-02,-2.594649791717529297e-02,2.722298167645931244e-02,1.690690405666828156e-02,-1.137113105505704880e-02,2.077543362975120544e-02,-2.168720774352550507e-02,-1.677665114402770996e-02,1.471864618360996246e-02,-2.077543409541249275e-03,3.731762757524847984e-03,-2.941124141216278076e-02,-2.123132161796092987e-02,1.073940098285675049e-02,2.384941652417182922e-02,3.613232076168060303e-02,3.871133923530578613e-02,1.209403760731220245e-02,-5.763717461377382278e-03,-2.883812598884105682e-02,1.912121474742889404e-02,-3.158647334203124046e-03,-2.758769132196903229e-02,1.458839233964681625e-02,1.003603264689445496e-02,-5.630207713693380356e-03,3.748044604435563087e-03,1.662034727632999420e-02,-8.407863788306713104e-03,1.913424022495746613e-02,3.500562859699130058e-03,-8.355761878192424774e-03,-5.923929437994956970e-02,7.737058214843273163e-03,-2.485236898064613342e-02,7.183480542153120041e-03,-9.202409535646438599e-03,3.923886921256780624e-03,2.868833485990762711e-03,-3.386591002345085144e-02,-2.304184436798095703e-02,-1.921239122748374939e-02,-1.625726581551134586e-03,-3.186000511050224304e-02,8.583705872297286987e-03,-3.162555024027824402e-02,-3.373565617948770523e-03,2.756164036691188812e-02,1.622958667576313019e-02,1.985063403844833374e-02,-3.545500338077545166e-02,-1.129297912120819092e-02,-5.197114776819944382e-03,-3.011460974812507629e-02,-1.531781163066625595e-02,7.502601947635412216e-03,-1.573462225496768951e-02,2.100989036262035370e-02,1.352031342685222626e-02,-1.474469620734453201e-02,8.088742382824420929e-03,6.587570998817682266e-03,-7.470038253813982010e-03,-5.197114776819944382e-03,4.047627560794353485e-03,-1.467794179916381836e-03,-4.066514223814010620e-02,2.593672834336757660e-03,1.949894987046718597e-02,2.300276793539524078e-02,1.695900596678256989e-02,2.145112375728785992e-04,7.776134181767702103e-03,3.735670447349548340e-02,-2.837898209691047668e-03,1.675060018897056580e-02,-1.203542388975620270e-02,-3.548105433583259583e-02,1.529176160693168640e-02,4.666331689804792404e-03,6.476855371147394180e-03,2.134529175236821175e-03,1.604723185300827026e-02,-1.940777176059782505e-03,3.522054851055145264e-02,-1.978550665080547333e-02,-8.694421499967575073e-03,-9.026567451655864716e-03,1.705018430948257446e-02,-1.775355264544487000e-02,3.373565897345542908e-02,-8.160381577908992767e-03,1.593570195836946368e-04,-7.867311127483844757e-03,1.465351879596710205e-02,6.916461046785116196e-03,4.581667017191648483e-03,1.204030821099877357e-03,2.446323633193969727e-04,5.669283680617809296e-03,-1.294068526476621628e-02,-1.150789670646190643e-02,1.302535092690959573e-04,5.236190743744373322e-03,-6.981587968766689301e-03,-1.943382248282432556e-02,2.150811022147536278e-03,-8.518579415977001190e-03,-9.182872250676155090e-03,-1.393712498247623444e-02,-2.297671698033809662e-02,-2.284646406769752502e-02,1.353333890438079834e-02,-5.903739947825670242e-03,-1.258248835802078247e-02,9.720167727209627628e-04,-2.400572039186954498e-02,-9.599682874977588654e-03,-6.043762434273958206e-03,-2.967174723744392395e-02,2.056702785193920135e-02,1.192470826208591461e-02,1.461444329470396042e-02,8.505553938448429108e-03,-1.750281429849565029e-03,-3.373565897345542908e-02,-2.041072398424148560e-02,2.386244200170040131e-02,-2.929075621068477631e-03,1.363754179328680038e-02,3.332861466333270073e-03,-1.608630758710205555e-03,-2.751605352386832237e-04,-1.324678119271993637e-02,7.906387560069561005e-03,-2.482631802558898926e-02,-3.563736006617546082e-02,2.990620397031307220e-02,6.040506414137780666e-04,8.486015722155570984e-03,-6.587570998817682266e-03,-8.842991519486531615e-05,2.474816516041755676e-03,1.905608735978603363e-02,-3.212051466107368469e-02,-3.790376940742135048e-03,-3.113058768212795258e-02,-1.745396852493286133e-02,-3.617790993303060532e-03,1.234151981770992279e-02,-2.548084128648042679e-03,1.577369868755340576e-02,1.414553076028823853e-02,-1.085662934929132462e-02,-1.568252220749855042e-02,-2.601162530481815338e-02,1.246525999158620834e-02,1.357241533696651459e-02,-2.387546747922897339e-02,1.089570578187704086e-02,-2.607675082981586456e-02,-8.863750845193862915e-03,-5.249216221272945404e-03,2.839526347815990448e-02,-2.868182212114334106e-02,-9.345688857138156891e-03,-1.191819552332162857e-02,1.530478615313768387e-02,-1.344216149300336838e-02,-3.951891139149665833e-02,1.515011070296168327e-03,2.196074090898036957e-02,1.030630897730588913e-03,-5.659514572471380234e-03,-7.430962286889553070e-03,5.177576560527086258e-03,1.555226836353540421e-02,-8.192945271730422974e-03,-4.436759918462485075e-04,5.402264185249805450e-03,7.203018758445978165e-03,-2.132249809801578522e-02,-2.824872732162475586e-03,-8.173407055437564850e-03,-1.049191970378160477e-02,8.433914743363857269e-03,2.132249809801578522e-02,1.187260635197162628e-02,-4.582318291068077087e-02,-1.415855530649423599e-02,-1.633378863334655762e-02,3.360540419816970825e-02,-1.189865730702877045e-02,-5.428314674645662308e-03,-7.196506019681692123e-03,3.626257553696632385e-02,-1.337703503668308258e-02,2.287068309669848531e-05,-2.482631802558898926e-02,6.646185182034969330e-03,-1.903003640472888947e-02,2.054097689688205719e-02,-8.935390040278434753e-03,-2.740533649921417236e-02,1.609933376312255859e-02,-1.977248117327690125e-02,-1.781868003308773041e-02,3.407431766390800476e-02,1.077196467667818069e-02,2.104896679520606995e-02,-6.121914833784103394e-03,-9.241485968232154846e-03,1.349426247179508209e-02,6.916461046785116196e-03,-2.922562882304191589e-03,-2.024139463901519775e-02,-3.902395069599151611e-02,2.017626725137233734e-02,-1.475772168487310410e-02,1.685480400919914246e-02,2.344563108636066318e-04,-3.292808681726455688e-02,8.114793337881565094e-03,8.004077710211277008e-03,-4.904858651570975780e-04,4.910557065159082413e-03,-1.055053342133760452e-02,-9.287075139582157135e-03,3.071377612650394440e-02,-7.984539493918418884e-03,-1.303186267614364624e-02,-1.574764773249626160e-02,1.650149119086563587e-03,-3.957101330161094666e-02,6.683632964268326759e-04,1.744094491004943848e-02,-2.844736538827419281e-02,2.768204922176664695e-06,4.799841437488794327e-03,2.129644714295864105e-02,-2.445509424433112144e-03,6.727593485265970230e-03,-8.564167656004428864e-03,1.252387464046478271e-02,6.349858362227678299e-03,-4.601204767823219299e-03,-3.152134642004966736e-02,-1.797498390078544617e-02,-9.000517427921295166e-03,3.376170620322227478e-02,1.189214456826448441e-02,-1.065473631024360657e-02,-2.673453185707330704e-03,1.210706308484077454e-02,-3.602812066674232483e-02,-2.154067391529679298e-03,5.578106269240379333e-03,1.626866310834884644e-02,1.770145073533058167e-02,7.137891836464405060e-03,4.663075320422649384e-03,2.384941652417182922e-02,8.531604893505573273e-03,8.212483488023281097e-03,-1.392409950494766235e-02,-1.961617730557918549e-02,1.072149141691625118e-03,-2.091871201992034912e-02,-2.051492594182491302e-02,1.195727195590734482e-02,-2.296369336545467377e-02,-1.085662934929132462e-02,3.154739737510681152e-02,1.724556460976600647e-02,-8.030128665268421173e-03,2.959359623491764069e-02,-1.499543432146310806e-03,-2.366706170141696930e-02,1.339006051421165466e-02,-1.835271902382373810e-02,-8.088742382824420929e-03,-1.494007650762796402e-02,-1.298627443611621857e-02,-1.362451631575822830e-02,6.929486524313688278e-03,-1.887373253703117371e-02,5.548799410462379456e-03,-1.534386258572340012e-02,6.613621488213539124e-03,1.733674108982086182e-02,8.954928256571292877e-03,-8.767688996158540249e-04,8.472990244626998901e-03,-8.232021704316139221e-03,2.950241789221763611e-03,-1.322073023766279221e-02,3.087007999420166016e-02,-8.499041199684143066e-03,-1.245874725282192230e-02,3.611278254538774490e-03,1.204193662852048874e-02,-2.051492594182491302e-02,7.355252746492624283e-04,1.510940678417682648e-02,-2.955126343294978142e-03,5.275266710668802261e-03,8.446939289569854736e-03,-2.502169832587242126e-02,-2.719041891396045685e-03,-7.079277653247117996e-03,-8.095255121588706970e-03,-1.732371561229228973e-02,8.590218611061573029e-03,-1.833969354629516602e-02,-6.431266665458679199e-03,-1.477074716240167618e-02,5.600900389254093170e-03,3.073982708156108856e-02,-1.336400955915451050e-02,2.797194058075547218e-03,-1.109597040340304375e-03,-2.039769850671291351e-02,-7.886849343776702881e-03,-2.951544336974620819e-02,9.834138909354805946e-04,-2.338050305843353271e-02,3.458230523392558098e-03,1.869137771427631378e-02,5.197114776819944382e-03,-1.624261215329170227e-02,-1.563042029738426208e-02,3.096777014434337616e-03,-2.349773235619068146e-02,-2.335445396602153778e-02,2.248696535825729370e-01,-2.167418226599693298e-02,-1.164466328918933868e-02,1.320119295269250870e-02,1.695900596678256989e-02,1.606025733053684235e-02,7.886849343776702881e-03,-2.784168580546975136e-03,-1.488797552883625031e-02,2.714483067393302917e-02,-2.875997312366962433e-02,-1.336400955915451050e-02,-2.317209728062152863e-02,-2.557853236794471741e-03,-2.738579874858260155e-03,-1.684177853167057037e-02,-2.469606325030326843e-02,-3.561130911111831665e-02,-4.321811348199844360e-02,-2.870787121355533600e-02,1.169676426798105240e-02,1.099990867078304291e-02,-8.251558989286422729e-03,-2.555573731660842896e-02,3.581971302628517151e-02,-2.979548880830407143e-03,-4.028089344501495361e-03,-5.519492086023092270e-03,2.136157453060150146e-02,7.189993280917406082e-03,-1.718043722212314606e-02,2.787424949929118156e-03,-7.274657953530550003e-03,-1.621656119823455811e-02,-9.365227073431015015e-03,3.217261517420411110e-03,3.115663863718509674e-02,-1.089570578187704086e-02,5.004990845918655396e-03,1.062217354774475098e-02,-5.399007815867662430e-03,1.361149083822965622e-02,2.412294782698154449e-02,-6.170759908854961395e-03,-8.179919794201850891e-03,2.321117371320724487e-02,9.729936718940734863e-03,1.558157498948276043e-03,-1.510940678417682648e-02,4.132292233407497406e-03,-3.482978790998458862e-02,-2.044980041682720184e-02,1.559134386479854584e-02,2.855156734585762024e-02,-4.327367423684336245e-05,-1.193122100085020065e-02,1.006208267062902451e-02,2.233847603201866150e-02,-1.635983958840370178e-02,-1.688410993665456772e-03,-1.424973364919424057e-02,1.951197534799575806e-02,-2.681593876332044601e-03,3.212051466107368469e-02,1.520058419555425644e-02,3.688779100775718689e-02,-1.667244918644428253e-02,6.207393598742783070e-04,1.072637550532817841e-02,-8.538116700947284698e-03,2.411318011581897736e-03,-7.424449548125267029e-03,-7.457013241946697235e-03,6.232629995793104172e-03,-5.512979347258806229e-03,-1.359846536070108414e-02,1.607328280806541443e-02,-4.373261239379644394e-03,6.864359602332115173e-03,1.591697894036769867e-02,-1.646404340863227844e-02,-2.550363540649414062e-02,-7.450500503182411194e-03,-1.717718085274100304e-03,3.787527675740420818e-04,-3.951891139149665833e-02,2.584229409694671631e-02,-1.594302803277969360e-02,-1.104549691081047058e-02,1.731069013476371765e-02,5.158038809895515442e-03,-2.277401072205975652e-04,-1.495310198515653610e-02,-1.179445441812276840e-02,-3.490793984383344650e-03,7.750083226710557938e-03,-1.624098396860063076e-03,1.432788558304309845e-02,-8.772573433816432953e-03,-2.849295269697904587e-03,-1.194424647837877274e-02,8.583705872297286987e-03,2.487841993570327759e-02,4.454670008271932602e-03,-5.893970839679241180e-03,6.620134226977825165e-03,2.405782230198383331e-02,3.318859264254570007e-02,6.525700446218252182e-03,7.668674807064235210e-04,2.675081370398402214e-03,-2.610280178487300873e-02,1.314909104257822037e-02,-1.896491087973117828e-02,2.288554050028324127e-02,-2.482631802558898926e-02,4.646793939173221588e-03,-1.471864618360996246e-02,4.702151566743850708e-02,-4.545847419649362564e-03,-6.688517518341541290e-03,3.894579829648137093e-03,6.493137218058109283e-03,3.105243481695652008e-02,-1.483587361872196198e-02,-2.696247585117816925e-02,-3.829453140497207642e-02,-2.401548903435468674e-03,1.014674827456474304e-02,-2.295066788792610168e-02,9.247998706996440887e-03,-4.291852936148643494e-03,-1.046098419465124607e-03,3.494050120934844017e-03,3.467999398708343506e-03,1.572159864008426666e-02,1.189214456826448441e-02,-5.675796419382095337e-03,-2.128342166543006897e-02,2.784168580546975136e-03,-6.193554028868675232e-03,2.465047640725970268e-03,2.831711061298847198e-02,1.322073023766279221e-02,-8.578414417570456862e-05,-4.825892392545938492e-03,1.704692724160850048e-03,-1.222429145127534866e-02,2.124760299921035767e-03,-4.096472635865211487e-03,2.276179846376180649e-03,-1.873045414686203003e-02,5.548799410462379456e-03,-7.978026755154132843e-03,3.993572294712066650e-02,-5.079886410385370255e-03,-3.383985906839370728e-02,-1.362451631575822830e-02,4.715176764875650406e-03,2.018929272890090942e-02,-3.889369592070579529e-02,-1.268669124692678452e-02,3.141714632511138916e-02,-8.433914743363857269e-03,-2.391780028119683266e-03,4.256033338606357574e-03,-1.662034690380096436e-01,1.832666806876659393e-02,1.919936574995517731e-02,-2.520405314862728119e-02,3.654913231730461121e-02,4.412337439134716988e-04,1.190517004579305649e-02,-1.585022313520312309e-03,-1.099339593201875687e-02,-9.163334034383296967e-03,5.278523080050945282e-03,1.763632521033287048e-02,-1.159907411783933640e-02,-9.059131145477294922e-03,-1.681572757661342621e-02,-1.543503999710083008e-02,-3.993572294712066650e-02,7.945463992655277252e-03,4.439039528369903564e-02,4.650049842894077301e-03,2.663684077560901642e-02,-1.844389550387859344e-02,2.125737257301807404e-02,-5.569639801979064941e-02,1.282996963709592819e-02,2.777004614472389221e-02,8.805137127637863159e-03,8.700934238731861115e-03,-1.323375571519136429e-02,-2.046282589435577393e-02,-1.232198160141706467e-02,2.018929272890090942e-02,5.262241512537002563e-02,-2.519102767109870911e-02,1.325329393148422241e-02,2.162208221852779388e-02,-1.532106776721775532e-03,-1.668547280132770538e-02,-1.365056727081537247e-02,9.287075139582157135e-03,2.166115678846836090e-02,2.110106684267520905e-02,8.863750845193862915e-03,-1.243269722908735275e-02,-1.379384566098451614e-02,4.790072795003652573e-03,1.530478615313768387e-02,-5.858151242136955261e-03,-5.415289197117090225e-03,-2.640238590538501740e-02,-5.978635977953672409e-03,-2.051492594182491302e-02,8.251558989286422729e-03,8.049666881561279297e-03,8.499041199684143066e-03,1.319468021392822266e-02,-2.005903981626033783e-02,1.444999827072024345e-03,-5.985148251056671143e-03,-5.115706473588943481e-03,-1.560436934232711792e-02,9.449891746044158936e-03,-4.812866915017366409e-03,5.607413128018379211e-03,-2.787424949929118156e-03,-1.281043235212564468e-02,4.685869906097650528e-03,-2.824872732162475586e-03,-2.004601433873176575e-02,2.563389018177986145e-02,-1.981155760586261749e-02,-3.040116839110851288e-02,9.410815546289086342e-04,-1.856112480163574219e-02,2.331537753343582153e-02,-7.965001277625560760e-03,-1.925146766006946564e-02,1.819641515612602234e-02,7.235581986606121063e-03,-8.870263583958148956e-03,-2.717087976634502411e-02,3.089613094925880432e-02,-1.062217354774475098e-02,-2.010788535699248314e-03,-5.819075275212526321e-03,6.584314629435539246e-03,5.991660989820957184e-03,-1.654219441115856171e-02,5.858151242136955261e-03,-3.072354476898908615e-03,1.388827920891344547e-03,-1.410645432770252228e-02,-7.306407205760478973e-04,-1.129297912120819092e-02,1.827456615865230560e-02,1.104549691081047058e-02,-2.338050398975610733e-03,-4.200675524771213531e-03,-1.624261215329170227e-02,-1.949894987046718597e-02,7.932438515126705170e-03,-5.659514572471380234e-03,-1.815733872354030609e-02,1.995483599603176117e-02,-1.147859031334519386e-03,-4.148574080318212509e-03,-5.070117767900228500e-03,2.474816516041755676e-02,3.097428381443023682e-02,-1.436696108430624008e-02,-6.960421451367437840e-04,-6.574545521289110184e-03,1.916029118001461029e-02,4.910557065159082413e-03,2.447137609124183655e-03,-1.774052716791629791e-02,3.770838957279920578e-03,-5.317599046975374222e-03,3.488188982009887695e-02,3.665414988063275814e-04,5.027785152196884155e-02,-1.099339593201875687e-02,-1.133205462247133255e-02,-6.682004779577255249e-03,3.497306490316987038e-03,-5.978635977953672409e-03,-1.155609041452407837e-01,-3.467348217964172363e-02,8.922364562749862671e-03,2.091871201992034912e-02,1.358543988317251205e-02,9.957880713045597076e-03,9.059131145477294922e-03,3.135852981358766556e-03,-3.524659946560859680e-02,7.255120202898979187e-03,2.917678561061620712e-03,-5.594388116151094437e-03,-1.374174468219280243e-02,-1.216567680239677429e-02,1.213962677866220474e-02,-3.865924105048179626e-02,6.206579506397247314e-03,-9.651784785091876984e-03,-2.650658786296844482e-02,2.719693072140216827e-02,-1.763306790962815285e-03,-8.974466472864151001e-03,-2.974664326757192612e-03,-2.314604818820953369e-02,-8.772573433816432953e-03,-4.291852936148643494e-03,-1.430183462798595428e-02,2.198679186403751373e-02,2.422715164721012115e-02,8.127818815410137177e-03,-5.014759954065084457e-03,2.217565895989537239e-03,-1.071986369788646698e-02,-1.458025188185274601e-03,1.470439929107669741e-05,-1.675060018897056580e-02,-8.290635421872138977e-03,7.268145680427551270e-03,2.033257111907005310e-02,-2.597254887223243713e-02,8.642319589853286743e-03,8.876776322722434998e-03,-5.978635977953672409e-03,-1.763632521033287048e-02,3.007227787747979164e-03,-9.729936718940734863e-03,-8.544629439711570740e-03,2.627213113009929657e-02,4.162902012467384338e-02,5.724641494452953339e-03,-2.737928554415702820e-02,-1.651614345610141754e-02,-2.743138745427131653e-02,-2.153090387582778931e-02,3.165160119533538818e-02,-2.405782230198383331e-02,1.729766465723514557e-02,1.684177853167057037e-02,-2.119224518537521362e-02,-1.348327205050736666e-04,-1.529176160693168640e-02,6.623390596359968185e-03,-1.176189165562391281e-02,1.987668499350547791e-02,4.623999353498220444e-03,-2.255013823742046952e-04,9.358714334666728973e-03,-2.013719081878662109e-02,1.293417252600193024e-02,-1.871742866933345795e-02,-1.844389550387859344e-02,-4.510027356445789337e-03,-1.325980667024850845e-02,3.144319728016853333e-02,-1.862625032663345337e-02,1.346495584584772587e-03,-9.860190562903881073e-03,-6.870872341096401215e-03,-3.822940401732921600e-03,-2.335445396602153778e-02,-2.943729236721992493e-02,-1.290812250226736069e-02,1.344216149300336838e-02,1.070520957000553608e-03,2.956754527986049652e-02,6.528956815600395203e-03,-4.614230245351791382e-03,-7.912900298833847046e-03,3.337746020406484604e-03,-1.445813849568367004e-02,-1.362451631575822830e-02,9.059131145477294922e-03,1.075893919914960861e-02,5.690449615940451622e-04,7.756595965474843979e-03,1.576067321002483368e-02,-1.602118089795112610e-02,-1.479679811745882034e-02,-3.003971418365836143e-03,3.301926190033555031e-03,-2.875997312366962433e-02,-1.329888310283422470e-02,-3.527265042066574097e-02,2.309394627809524536e-02,8.746522478759288788e-03,-7.203018758445978165e-03,1.341611053794622421e-02,-2.180443704128265381e-02,-2.297346247360110283e-03,-1.159907411783933640e-02,-1.677665114402770996e-02,-4.376517608761787415e-03,-2.663684077560901642e-02,2.967174723744392395e-02,-1.163815055042505264e-02,-3.236799500882625580e-03,-2.051492594182491302e-02,8.297148160636425018e-03,1.088268030434846878e-02,1.585185155272483826e-02,4.679357167333364487e-03,3.522054851055145264e-02,2.763979323208332062e-02,-3.214005148038268089e-03,1.764934882521629333e-02,8.570680394768714905e-03,3.982907801400870085e-04,1.594302803277969360e-02,-2.043677493929862976e-02,6.942511536180973053e-03,-6.994612980633974075e-03,-4.653306212276220322e-03,9.912291541695594788e-03,-3.881554352119565010e-03,2.377126365900039673e-02,1.319468021392822266e-02,1.077033695764839649e-03,-2.172628417611122131e-02,-2.706016413867473602e-03,3.029696457087993622e-02,1.117575075477361679e-02,6.648138910531997681e-02,-1.781868003308773041e-02,-6.434523034840822220e-03,2.482631802558898926e-02,-3.155391197651624680e-03,-1.445813919417560101e-03,1.479679811745882034e-02,1.005394267849624157e-03,3.136504441499710083e-02,2.091871201992034912e-02,2.114991191774606705e-03,-7.057093898765742779e-05,2.951544336974620819e-02,-5.581362638622522354e-03,-1.656824536621570587e-02,-1.585185155272483826e-02,7.092303130775690079e-03,4.278827458620071411e-03,-1.335098408162593842e-02,5.929790902882814407e-03,-3.133899345993995667e-02,3.076587803661823273e-02,-6.486624479293823242e-03,-5.304574035108089447e-03,-6.818770896643400192e-03,1.311652734875679016e-02,-7.216044235974550247e-03,-5.669283680617809296e-03,2.199981734156608582e-02,3.256337484344840050e-03,-1.585185155272483826e-02,-9.033080190420150757e-03,9.801575914025306702e-03,6.092607509344816208e-03,2.769189514219760895e-02,1.917331479489803314e-02,8.466477738693356514e-04,-1.167722698301076889e-02,-1.224382966756820679e-02,-1.483587361872196198e-02,8.414376527070999146e-03,1.925146766006946564e-02,-9.905778802931308746e-03,1.473167072981595993e-02,1.602118089795112610e-02,1.886070705950260162e-02,5.799537058919668198e-03,1.529176160693168640e-02,5.542286671698093414e-03,-1.555715221911668777e-03,4.991965368390083313e-03,-2.215937711298465729e-03,2.188258804380893707e-03,3.520100843161344528e-03,1.090221852064132690e-02,2.854179823771119118e-03,3.725250065326690674e-02,1.460141781717538834e-02,-6.079582031816244125e-03,1.508335582911968231e-02,8.967953734099864960e-03,-5.548799410462379456e-03,1.310350280255079269e-02,1.201588544063270092e-03,-1.103247143328189850e-02,-1.192470826208591461e-02,2.875997312366962433e-02,-1.111062336713075638e-02,6.297756917774677277e-03,-8.946787565946578979e-04,-3.739700332516804338e-05,-8.075716905295848846e-03,-1.359846536070108414e-02,2.657171525061130524e-02,6.857846863567829132e-03,-1.564344577491283417e-02,2.265108376741409302e-02,1.724556460976600647e-02,5.519492086023092270e-03,-1.975945569574832916e-02,1.262156479060649872e-02,7.027176674455404282e-03,2.659776620566844940e-02,8.863750845193862915e-03,-1.598210446536540985e-02,2.435740455985069275e-02,-1.197680924087762833e-02,1.805639127269387245e-03,-1.991576142609119415e-02,-2.452429180266335607e-05,-1.092175580561161041e-02,3.124455921351909637e-03,-7.294196169823408127e-03,-2.606372535228729248e-02,-8.499041199684143066e-03,8.590218611061573029e-03,1.156651135534048080e-02,-1.094129402190446854e-03,2.930703759193420410e-02,-2.808265574276447296e-02,3.342304751276969910e-02,1.784472912549972534e-02,-1.678967662155628204e-02,-1.839179545640945435e-02,3.787771984934806824e-02,2.569901570677757263e-02,4.513283725827932358e-03,1.600815542042255402e-02,-6.056787911802530289e-03,-1.948592439293861389e-02,-1.799126504920423031e-03,-1.724556460976600647e-02,2.098383940756320953e-02,-2.599859982728958130e-02,-2.084056101739406586e-02,-1.101944595575332642e-02,2.513892715796828270e-03,2.077543362975120544e-02,2.158951712772250175e-03,4.519796464592218399e-03,2.313302271068096161e-02,-1.349426247179508209e-02,-1.445813849568367004e-02,-1.508335582911968231e-02,-5.197114869952201843e-02,-2.338050305843353271e-02,1.638589054346084595e-02,9.072156623005867004e-03,-8.420889265835285187e-03,-4.006597772240638733e-02,9.313125163316726685e-03,3.063562326133251190e-02,-3.245917335152626038e-02,-9.557351004332304001e-04,1.254341192543506622e-02,-2.386244200170040131e-02,4.741227719932794571e-03,1.599512994289398193e-02,2.498262189328670502e-02,-1.366359274834394455e-02,-5.773486569523811340e-03,3.305833786725997925e-02,-3.172975406050682068e-02,-6.688517518341541290e-03,2.117921970784664154e-02,4.304878413677215576e-03,3.152134828269481659e-03,-1.085988595150411129e-03,-1.621656119823455811e-02
-3.864074125885963440e-03,-2.838142216205596924e-02,1.428495720028877258e-02,-6.546711083501577377e-03,-1.176725048571825027e-02,3.767135739326477051e-02,-2.481354959309101105e-02,-3.514018654823303223e-02,1.762058236636221409e-03,-2.897382341325283051e-02,1.619679853320121765e-02,9.565939195454120636e-03,-1.747584715485572815e-02,7.546388544142246246e-03,6.876571103930473328e-03,7.196333259344100952e-03,1.899724267423152924e-02,-1.883231219835579395e-03,2.214774256572127342e-03,-1.157875824719667435e-02,-7.472338620573282242e-03,1.090557500720024109e-02,-4.695456009358167648e-03,5.553765222430229187e-03,-1.204998698085546494e-03,-8.663873188197612762e-03,4.587746690958738327e-03,-3.522096946835517883e-02,-7.007841952145099640e-03,-1.787975803017616272e-02,1.878182403743267059e-02,2.743896469473838806e-02,-1.766433939337730408e-02,-3.061639145016670227e-02,-5.217173136770725250e-03,-4.340688139200210571e-02,-1.074401102960109711e-02,-1.833752170205116272e-02,7.694488856941461563e-03,-1.930690743029117584e-02,2.011136151850223541e-03,1.207691431045532227e-02,-9.693844243884086609e-03,-1.303283497691154480e-02,-6.277437321841716766e-03,3.438285551965236664e-03,-1.031317375600337982e-02,-1.470233127474784851e-02,-1.703154668211936951e-02,7.256919518113136292e-03,2.945851720869541168e-02,9.634940652176737785e-04,-4.865771532058715820e-02,-3.414387628436088562e-02,5.858801523572765291e-05,4.092956427484750748e-03,-1.625065319240093231e-02,1.660070940852165222e-02,1.027278229594230652e-02,-8.354209363460540771e-03,2.537902258336544037e-02,-3.320478368550539017e-03,-3.185841487720608711e-03,1.611601561307907104e-02,-1.024585496634244919e-02,-1.410319702699780464e-03,-8.710996247828006744e-03,-2.354459837079048157e-03,7.021305616945028305e-03,-5.634547211229801178e-03,1.598137989640235901e-02,1.696422696113586426e-02,9.639989584684371948e-03,-1.672019832767546177e-03,4.553414136171340942e-02,-2.738511003553867340e-02,7.499265950173139572e-03,8.704264648258686066e-03,-2.033014595508575439e-02,1.314054429531097412e-02,-4.995022434741258621e-03,-3.479013219475746155e-02,-8.576359599828720093e-03,3.091595834121108055e-03,1.498506776988506317e-02,3.379381820559501648e-02,4.924338310956954956e-03,1.968389004468917847e-02,-2.528477832674980164e-02,-9.660185314714908600e-03,3.481705859303474426e-02,2.521745860576629639e-02,-1.796053908765316010e-02,3.102030232548713684e-02,9.949654340744018555e-03,-1.494467724114656448e-02,-1.203652378171682358e-02,2.978164516389369965e-02,-7.909907959401607513e-03,-1.688344590365886688e-02,5.153220612555742264e-03,-1.995316334068775177e-02,-9.572671726346015930e-03,-1.590059697628021240e-02,-3.524789586663246155e-02,-6.516417488455772400e-03,1.312708109617233276e-02,2.583342138677835464e-04,1.455423049628734589e-02,-5.284491460770368576e-03,-1.583327911794185638e-02,2.664460800588130951e-02,-9.407741599716246128e-04,-2.669846266508102417e-02,-2.020897343754768372e-02,-3.516711294651031494e-02,-5.360224749892950058e-04,-3.330576000735163689e-03,-1.588713377714157104e-02,-1.195574179291725159e-02,3.584702964872121811e-03,2.361191669479012489e-03,1.645260863006114960e-02,-9.249542839825153351e-03,-4.446377977728843689e-03,2.392494678497314453e-02,-4.742578603327274323e-03,-1.001024059951305389e-02,-1.563132368028163910e-02,-2.610269701108336449e-03,-2.477315720170736313e-03,2.119182050228118896e-02,3.763096639886498451e-03,-1.219135615974664688e-02,7.310774177312850952e-03,4.910874646157026291e-03,-1.344347745180130005e-02,-2.352776937186717987e-03,-1.424456574022769928e-02,-4.022945463657379150e-02,-9.067784063518047333e-03,2.160919457674026489e-02,-1.591406203806400299e-02,-2.050517313182353973e-02,3.897733287885785103e-03,1.804132200777530670e-02,4.766140133142471313e-03,-6.159630138427019119e-03,2.033014595508575439e-02,-1.619679853320121765e-02,3.573258966207504272e-02,-2.687349170446395874e-02,1.887607015669345856e-02,-3.565180674195289612e-02,-1.167300436645746231e-02,1.995316334068775177e-02,1.532165985554456711e-02,6.307730916887521744e-03,-4.665162879973649979e-03,-3.352454630658030510e-03,9.071149397641420364e-04,1.431188452988862991e-02,2.983549982309341431e-02,8.051276206970214844e-03,3.220510482788085938e-02,2.722354605793952942e-02,-4.565026611089706421e-04,-5.688401870429515839e-03,-3.742901142686605453e-03,1.460808562114834785e-03,-7.438679225742816925e-03,1.720657385885715485e-02,-1.985891722142696381e-02,3.155884891748428345e-02,-2.817273605614900589e-03,1.408300176262855530e-02,4.826726857572793961e-03,9.976581670343875885e-03,-2.515014074742794037e-02,-5.018583964556455612e-03,-4.189895093441009521e-02,2.857664600014686584e-03,2.372299134731292725e-02,8.939879015088081360e-03,-4.776237998157739639e-03,-1.347713638097047806e-02,1.619679853320121765e-02,1.009102258831262589e-02,3.123572096228599548e-03,-8.259963244199752808e-03,1.723350142128765583e-03,1.267604809254407883e-02,-1.952232560142874718e-03,-4.729114938527345657e-03,-6.479796767234802246e-01,-8.771582506597042084e-03,-6.062860484234988689e-04,-1.018526870757341385e-02,3.190890327095985413e-02,1.666802726686000824e-02,1.942807994782924652e-02,1.916890381835401058e-03,-2.512321434915065765e-02,4.443012177944183350e-03,-2.252472564578056335e-02,3.406309336423873901e-02,-5.597522016614675522e-03,-1.837791316211223602e-02,-1.526780519634485245e-02,4.026479728054255247e-04,1.567171514034271240e-02,-2.500203996896743774e-02,6.960718892514705658e-03,-1.984545402228832245e-02,-1.945500820875167847e-02,1.514663174748420715e-02,-4.560819361358880997e-03,1.140373107045888901e-02,1.225867401808500290e-02,-1.196247339248657227e-02,1.734121143817901611e-02,-1.112772524356842041e-02,-3.652021288871765137e-03,5.540301557630300522e-03,-3.584029898047447205e-02,1.093081897124648094e-03,-2.802126982714980841e-04,-6.388512905687093735e-03,3.209739550948143005e-02,-1.354445517063140869e-02,-2.166304923593997955e-02,1.707193814218044281e-02,1.983199082314968109e-02,2.816600352525711060e-02,6.546711083501577377e-03,-1.743545569479465485e-02,1.736813806928694248e-03,-1.124889869242906570e-02,1.118831243366003036e-02,1.662763580679893494e-02,1.184129994362592697e-02,-1.298571284860372543e-02,-4.197299946099519730e-03,-7.357897236943244934e-03,2.360181882977485657e-02,1.050839666277170181e-02,-3.409001976251602173e-02,-7.236724253743886948e-03,-1.930143771460279822e-04,7.485802285373210907e-03,2.435578405857086182e-02,-2.506935968995094299e-02,-6.812618579715490341e-03,9.296665899455547333e-03,2.349410951137542725e-02,8.300354704260826111e-03,4.586063441820442677e-04,-1.503892242908477783e-02,-3.490457311272621155e-03,1.937422528862953186e-02,-9.889068081974983215e-03,2.572907879948616028e-02,3.554409742355346680e-02,7.108819205313920975e-03,-3.830414963886141777e-03,6.550076883286237717e-03,-1.055551972240209579e-02,-4.793067462742328644e-03,2.011472731828689575e-02,1.642568036913871765e-02,1.462154835462570190e-02,-1.837791316211223602e-02,-1.844523102045059204e-02,-1.330884080380201340e-02,2.085522934794425964e-02,-6.364951375871896744e-03,-2.143416740000247955e-02,-1.775858364999294281e-02,4.125269502401351929e-02,8.494736393913626671e-04,-1.258180197328329086e-02,-5.987968295812606812e-03,1.104694325476884842e-02,6.597199826501309872e-04,-1.320113148540258408e-02,1.603523455560207367e-02,2.807175740599632263e-03,-3.767135739326477051e-02,1.777204871177673340e-02,-1.102338195778429508e-03,-2.381723746657371521e-02,-4.513696301728487015e-03,2.493472211062908173e-02,-6.418806035071611404e-03,2.398216631263494492e-03,-1.767780259251594543e-02,3.861381486058235168e-02,5.932431085966527462e-04,3.934085369110107422e-02,2.251126058399677277e-02,-9.878970449790358543e-04,-9.845311287790536880e-04,1.871450571343302727e-03,-2.111103944480419159e-02,-9.335163667856249958e-06,3.298599971458315849e-03,-1.147104892879724503e-02,-2.057249285280704498e-02,5.516740027815103531e-03,-2.268628962337970734e-02,1.849908567965030670e-02,-1.423783367499709129e-03,-1.661080634221434593e-03,-4.181816801428794861e-02,8.118594996631145477e-03,5.170050542801618576e-03,-1.596791669726371765e-02,-9.815017692744731903e-03,-5.322358338162302971e-04,3.344376385211944580e-02,2.377684600651264191e-02,-2.570215240120887756e-02,-3.320478368550539017e-03,-3.715973813086748123e-03,-1.518702320754528046e-02,-3.355147317051887512e-02,3.005091845989227295e-02,-1.246062945574522018e-02,4.318472929298877716e-03,-1.572556979954242706e-02,2.409997396171092987e-02,-2.222852408885955811e-02,2.613298967480659485e-02,-3.282443434000015259e-02,-1.274336595088243484e-02,-6.553442683070898056e-03,7.409227546304464340e-04,-6.018261890858411789e-03,-3.456797916442155838e-03,-3.562488034367561340e-02,1.135997357778251171e-03,-2.088215760886669159e-02,-2.591757103800773621e-02,1.048146933317184448e-02,-7.131539168767631054e-04,-2.093601226806640625e-02,-1.905109733343124390e-02,7.479070220142602921e-03,2.186500467360019684e-02,-3.441314771771430969e-02,5.466251168400049210e-03,-2.859347499907016754e-03,1.005568075925111771e-03,-1.932037062942981720e-02,1.240677479654550552e-02,2.916231565177440643e-02,-7.566584274172782898e-03,1.266258396208286285e-02,2.053210139274597168e-02,-2.696773596107959747e-02,1.322805881500244141e-02,2.321137301623821259e-02,3.981881309300661087e-03,-3.287829086184501648e-02,-8.141314610838890076e-04,1.046800613403320312e-02,1.985891722142696381e-02,1.818942278623580933e-02,-1.416378375142812729e-02,-1.029970962554216385e-02,-1.975120790302753448e-02,8.939879015088081360e-03,-1.194900926202535629e-02,3.702510148286819458e-03,-1.607562601566314697e-02,1.200791331939399242e-03,-3.441314771771430969e-02,-2.367923501878976822e-03,3.325527161359786987e-02,-9.310130029916763306e-03,1.898377947509288788e-02,3.023940883576869965e-02,-1.777204871177673340e-02,-4.749310668557882309e-03,1.802449231036007404e-03,-2.956622652709484100e-02,-4.587746690958738327e-03,6.297633051872253418e-03,-1.061610598117113113e-02,2.510974882170557976e-03,-4.523794166743755341e-03,3.377698827534914017e-03,-2.282092580571770668e-03,1.025931909680366516e-02,2.366913668811321259e-02,-1.083825714886188507e-03,4.305682703852653503e-02,-8.091667667031288147e-03,7.229992188513278961e-03,-2.819293178617954254e-02,6.344755645841360092e-03,-3.463529748842120171e-03,4.305682703852653503e-02,1.096616126596927643e-02,2.918251091614365578e-03,-5.180821195244789124e-02,-1.762394793331623077e-02,-1.259526610374450684e-02,2.201310545206069946e-02,1.555054262280464172e-02,9.740967303514480591e-03,1.882221549749374390e-02,-1.831059460528194904e-03,-9.868872351944446564e-03,-9.868872351944446564e-03,-1.964013325050473213e-03,2.556751482188701630e-02,-6.667884066700935364e-03,-3.282443434000015259e-02,-1.806824840605258942e-02,6.014896091073751450e-03,-6.942206528037786484e-04,1.136838924139738083e-03,-7.263651583343744278e-03,-4.745944868773221970e-03,-3.145113959908485413e-02,8.387868292629718781e-03,3.742901235818862915e-02,-1.459967024857178330e-04,-1.993970014154911041e-02,1.580635271966457367e-02,-2.582332491874694824e-02,3.266287222504615784e-02,-4.502252116799354553e-02,1.256833877414464951e-02,4.941167775541543961e-03,4.165660217404365540e-02,-6.661152001470327377e-03,8.340745232999324799e-03,3.239359706640243530e-02,7.324237842112779617e-03,-1.157875824719667435e-02,1.231084577739238739e-03,3.462856635451316833e-02,-3.409001976251602173e-02,1.054205559194087982e-02,-2.043785527348518372e-02,-1.138353534042835236e-02,2.478662133216857910e-02,-3.050868213176727295e-02,-1.808171346783638000e-02,1.054878812283277512e-02,5.514720454812049866e-02,3.901772573590278625e-02,-1.198266912251710892e-02,8.179181255400180817e-03,2.144763059914112091e-02,4.951265640556812286e-03,3.067024610936641693e-02,-4.392523318529129028e-03,1.555054262280464172e-02,-3.150499612092971802e-02,-2.918924205005168915e-02,1.927997916936874390e-02,6.159630138427019119e-03,-7.324237842112779617e-03,1.963003538548946381e-02,1.501199509948492050e-02,-3.564507467672228813e-03,-1.332903653383255005e-02,9.155297651886940002e-03,7.249346235767006874e-04,-1.021219603717327118e-02,6.267339922487735748e-03,-1.384065579622983932e-02,-3.479013219475746155e-02,2.773516625165939331e-02,1.662973954807966948e-04,-6.933791562914848328e-03,-4.057950899004936218e-02,-1.765087433159351349e-02,-5.910552572458982468e-03,-2.380377426743507385e-02,1.081806141883134842e-02,-3.507286775857210159e-03,1.198266912251710892e-02,1.392143778502941132e-02,9.283202700316905975e-03,-2.773516625165939331e-02,-1.872796937823295593e-02,3.309370949864387512e-02,-1.537551451474428177e-02,1.358484569936990738e-02,1.965696224942803383e-03,-2.418412361294031143e-03,-1.829713210463523865e-02,-8.461077231913805008e-04,-1.274336595088243484e-02,3.678275272250175476e-02,7.862784899771213531e-03,-4.082859028130769730e-03,-1.672188192605972290e-02,-1.674880832433700562e-02,-9.996777400374412537e-03,-1.573903299868106842e-02,1.519712037406861782e-03,-3.680968284606933594e-02,-3.153865458443760872e-03,1.688344590365886688e-02,-4.486768972128629684e-03,-3.101693699136376381e-03,1.567171514034271240e-02,3.794062882661819458e-02,5.456994986161589622e-04,1.130275335162878036e-02,-1.454076636582612991e-02,-1.884914189577102661e-02,2.290170826017856598e-02,1.063630133867263794e-01,-7.611182518303394318e-04,-1.075074262917041779e-02,-1.219135615974664688e-02,-5.483080632984638214e-03,1.312034949660301208e-02,-5.510007962584495544e-03,-2.629455365240573883e-02,2.261896990239620209e-02,1.105493793147616088e-04,3.396211424842476845e-03,-6.038457155227661133e-03,2.062634751200675964e-02,-1.188169117085635662e-03,2.249779738485813141e-02,1.681612804532051086e-02,-5.809574853628873825e-03,-8.246500045061111450e-03,2.115143090486526489e-02,3.145450493320822716e-03,-1.498506776988506317e-02,-5.321516655385494232e-03,-9.007196873426437378e-03,2.082830108702182770e-02,1.747584715485572815e-02,1.689690980128943920e-03,3.349761664867401123e-02,3.433236619457602501e-03,1.977813616394996643e-02,-9.444766677916049957e-03,1.722003705799579620e-02,-1.992623554542660713e-03,-7.654097862541675568e-03,2.900075167417526245e-02,-2.625416219234466553e-02,-1.608908921480178833e-02,6.422171834856271744e-03,3.395538404583930969e-02,6.657786201685667038e-03,-3.249794011935591698e-03,1.555054262280464172e-02,2.703505568206310272e-02,4.368961788713932037e-03,-2.354796417057514191e-02,-3.749632975086569786e-03,-1.315400842577219009e-02,-1.657378114759922028e-02,6.853009574115276337e-03,5.533569492399692535e-03,-2.187846787273883820e-02,4.335302859544754028e-02,-1.332230400294065475e-02,-9.458229877054691315e-03,-1.914534345269203186e-02,2.605220675468444824e-02,1.583327911794185638e-02,1.752970181405544281e-02,-4.171634791418910027e-04,-2.902767807245254517e-02,-1.511507725808769464e-04,-1.629104465246200562e-02,-4.601883515715599060e-02,-8.389551076106727123e-04,7.943566888570785522e-03,-2.077444642782211304e-02,-1.969735324382781982e-02,-4.324531555175781250e-02,5.122927483171224594e-03,-2.501550503075122833e-02,-1.389451045542955399e-02,-2.270311815664172173e-03,9.828480891883373260e-03,-2.346718125045299530e-02,1.064303331077098846e-02,2.385762892663478851e-02,1.486389525234699249e-02,-3.941490314900875092e-03,-2.034360915422439575e-02,2.963691018521785736e-03,2.587717957794666290e-02,-1.394836511462926865e-02,-1.310015376657247543e-02,3.982301859650760889e-04,4.540623631328344345e-03,-3.018555417656898499e-02,2.039746381342411041e-02,4.661796614527702332e-03,-6.610663607716560364e-03,1.457442645914852619e-03,1.262219343334436417e-02,1.598137989640235901e-02,6.674615666270256042e-03,7.714684586971998215e-03,-1.361850555986166000e-02,7.559852208942174911e-03,-1.491774991154670715e-02,6.502953823655843735e-03,-6.728470325469970703e-03,-9.094711393117904663e-03,1.545629650354385376e-02,2.549682976678013802e-03,-9.727504104375839233e-03,6.772227585315704346e-03,-1.114118937402963638e-02,4.031023755669593811e-02,1.882221549749374390e-02,2.076771575957536697e-03,1.244716532528400421e-02,-2.878533303737640381e-02,-1.712579280138015747e-02,3.554409602656960487e-03,-4.109786357730627060e-03,9.464962407946586609e-03,-7.250187918543815613e-03,-2.310366183519363403e-02,3.126264736056327820e-02,-1.173359062522649765e-02,2.509628608822822571e-02,2.294209785759449005e-02,1.595445163547992706e-02,1.783936633728444576e-03,-1.564478874206542969e-02,2.190539613366127014e-02,1.542432000860571861e-03,4.766140133142471313e-03,1.478311326354742050e-02,1.376660540699958801e-02,-4.661796614527702332e-03,2.108747838065028191e-03,-5.045511294156312943e-03,2.137358067557215691e-03,1.674880832433700562e-02,-6.533247418701648712e-03,-9.384180419147014618e-03,-4.523793980479240417e-02,-3.143767593428492546e-03,-2.688695490360260010e-02,4.167427541688084602e-04,7.546388544142246246e-03,4.776237998157739639e-03,-2.773516578599810600e-03,9.483474423177540302e-04,-1.153163611888885498e-02,-1.901070587337017059e-02,8.040337124839425087e-04,-3.088566474616527557e-02,-3.423138754442334175e-03,-1.786629483103752136e-02,-7.835857570171356201e-03,3.540945798158645630e-02,3.614996094256639481e-03,1.450037583708763123e-02,-2.617337927222251892e-02,-3.456797916442155838e-03,-5.089268554002046585e-03,-2.284785360097885132e-02,-2.007433585822582245e-02,-1.952232606709003448e-02,7.457612809957936406e-05,1.059591025114059448e-02,4.685358144342899323e-03,-4.463207442313432693e-03,1.427149306982755661e-02,4.331936594098806381e-03,-1.133641228079795837e-02,4.375693853944540024e-03,2.409997396171092987e-03,4.995022434741258621e-03,-3.384767472743988037e-02,3.198968619108200073e-02,2.733125584200024605e-03,2.496165037155151367e-02,6.805886514484882355e-03,-5.274394061416387558e-03,-1.349060051143169403e-02,2.883918769657611847e-02,-4.301643464714288712e-03,-3.503920976072549820e-03,-5.634547211229801178e-03,-2.516360394656658173e-02,1.520048640668392181e-02,-2.101679332554340363e-02,4.052565433084964752e-03,2.360181882977485657e-02,-5.998066160827875137e-03,-1.001024059951305389e-02,1.185476407408714294e-02,-4.591112490743398666e-03,1.576596125960350037e-02,1.501199509948492050e-02,3.648655489087104797e-02,-2.206696011126041412e-02,4.232978820800781250e-02,-1.717964746057987213e-02,-1.376660540699958801e-02,-2.438271231949329376e-02,-1.825674064457416534e-02,-2.448705490678548813e-03,-8.037813007831573486e-03,1.894338801503181458e-02,6.832813960500061512e-04,1.386758312582969666e-02,-1.677573658525943756e-02,1.827020384371280670e-02,2.049844246357679367e-03,4.079492762684822083e-03,-2.066673710942268372e-02,3.285136073827743530e-03,-1.103348005563020706e-02,-2.011472731828689575e-02,-4.163641016930341721e-03,-8.017617277801036835e-03,-2.723701111972332001e-02,-1.860679686069488525e-02,6.274071522057056427e-03,5.961040966212749481e-03,-1.147104892879724503e-02,1.190861873328685760e-02,-4.063336551189422607e-02,-2.567522414028644562e-02,-1.462154835462570190e-02,-6.927059497684240341e-03,1.340981852263212204e-02,1.532165985554456711e-02,2.294209785759449005e-02,2.414036542177200317e-02,-8.320549502968788147e-03,-2.684656344354152679e-02,-1.027278229594230652e-02,4.136713687330484390e-03,-6.588784744963049889e-04,-1.239331066608428955e-02,1.606216095387935638e-02,2.295556245371699333e-03,9.229348041117191315e-03,-1.198266865685582161e-03,-1.464847568422555923e-02,-2.391148358583450317e-02,-3.403616696596145630e-02,3.174734115600585938e-02,1.561786048114299774e-02,4.234325140714645386e-03,-6.715006660670042038e-03,4.076126962900161743e-03,1.054205559194087982e-02,1.437920238822698593e-02,-1.657378114759922028e-02,-1.222501508891582489e-02,-3.726744651794433594e-02,-1.770472899079322815e-02,-5.486446898430585861e-03,1.122870296239852905e-02,-3.350771497935056686e-03,2.175729535520076752e-02,7.162673864513635635e-03,-1.029970962554216385e-02,-1.668149046599864960e-02,-1.238657906651496887e-02,9.209152311086654663e-03,-9.370716288685798645e-03,-1.334249973297119141e-02,2.023589983582496643e-02,-1.279048901051282883e-02,-1.143065840005874634e-02,1.864718738943338394e-03,2.135338447988033295e-02,-2.889304235577583313e-02,6.836180109530687332e-03,1.085508614778518677e-03,2.117835730314254761e-02,-1.314727682620286942e-02,-2.559444308280944824e-02,-2.738174516707658768e-03,1.265585236251354218e-02,2.169334329664707184e-03,-1.108733471482992172e-02,1.941461674869060516e-02,3.786657936871051788e-03,9.384180419147014618e-03,-1.437920238822698593e-02,1.002370472997426987e-02,4.506964702159166336e-03,-8.414795622229576111e-03,-3.266287222504615784e-02,3.601532429456710815e-03,-1.101328432559967041e-02,-2.436924725770950317e-03,6.458355346694588661e-04,8.434991352260112762e-03,1.123543549329042435e-02,-2.420768328011035919e-02,5.341712385416030884e-03,-8.657141588628292084e-03,3.306677937507629395e-02,-2.611952461302280426e-02,-3.255516290664672852e-02,-1.290493085980415344e-02,2.306327223777770996e-02,-1.396182924509048462e-02,1.736813783645629883e-02,-1.713925600051879883e-02,4.318472929298877716e-03,-2.453081123530864716e-02,7.788734976202249527e-03,1.058244705200195312e-02,-6.257242057472467422e-03,1.709886454045772552e-02,-1.263565663248300552e-02,-1.615640707314014435e-02,1.934729889035224915e-02,2.260214183479547501e-03,6.139434874057769775e-03,1.673534512519836426e-02,3.386113792657852173e-03,-4.299960564821958542e-04,2.485394105315208435e-02,-9.485157206654548645e-03,-2.572907879948616028e-02,-2.571561560034751892e-02,7.256919518113136292e-03,-9.584451909177005291e-04,1.326844934374094009e-02,1.625065319240093231e-02,-4.755369201302528381e-02,1.311361696571111679e-02,-1.532165985554456711e-02,4.220861475914716721e-03,2.117835730314254761e-02,-1.235292013734579086e-02,-2.323829941451549530e-02,-5.584058351814746857e-03,-2.675904892385005951e-03,-1.218462362885475159e-02,-2.735818363726139069e-02,1.467540301382541656e-02,-1.257507037371397018e-02,5.910552572458982468e-03,1.643914543092250824e-02,1.895011984743177891e-03,-1.221828348934650421e-02,-7.351165637373924255e-03,1.856640540063381195e-02,1.965696178376674652e-02,-4.813263192772865295e-03,-8.307086303830146790e-03,2.287141513079404831e-03,8.145522326231002808e-03,-1.060264278203248978e-02,-2.830064110457897186e-02,-6.462562829256057739e-03,-2.120528556406497955e-02,2.824678644537925720e-02,9.209152311086654663e-03,-2.816600352525711060e-02,4.560819361358880997e-03,1.724696531891822815e-02,-2.714276500046253204e-02,-2.342679165303707123e-02,-4.069395363330841064e-03,1.511970441788434982e-02,1.510624121874570847e-02,2.580986171960830688e-02,1.171339582651853561e-02,6.203387398272752762e-03,1.548322383314371109e-02,1.163261383771896362e-02,-1.528126839548349380e-02,-2.524438686668872833e-02,1.732774637639522552e-02,-3.161270543932914734e-02,-2.096293866634368896e-02,9.047588333487510681e-03,-5.767837539315223694e-02,-1.207691431045532227e-02,9.438035078346729279e-03,3.373806976014748216e-05,1.056225132197141647e-02,9.727504104375839233e-03,-3.153865458443760872e-03,-8.791778236627578735e-03,-1.039395574480295181e-02,-3.155884891748428345e-02,5.220539402216672897e-03,4.501915536820888519e-04,-1.358989538857713342e-04,-1.553707849234342575e-02,1.699115522205829620e-02,7.660829927772283554e-03,-1.983199082314968109e-02,-4.228434772812761366e-05,-3.182475687935948372e-03,1.242023799568414688e-02,1.621026173233985901e-02,-5.893722642213106155e-03,-4.177104681730270386e-03,-3.476993413642048836e-03,1.528126839548349380e-02,-1.021219603717327118e-02,2.649650909006595612e-02,1.568517833948135376e-02,-8.221255266107618809e-04,2.821985818445682526e-02,-1.091230660676956177e-02,1.194900926202535629e-02,-3.965051844716072083e-03,1.068342477083206177e-02,-6.240412592887878418e-03,1.581981591880321503e-02,6.681347731500864029e-03,-1.635836251080036163e-02,7.546388544142246246e-03,3.907830920070409775e-03,9.720771573483943939e-03,-1.757009327411651611e-02,1.413685642182826996e-02,-3.018555417656898499e-02,-1.211057417094707489e-02,-6.479392759501934052e-03,3.142421320080757141e-02,5.423167347908020020e-02,-4.292218759655952454e-02,1.191535033285617828e-02,1.280731870792806149e-03,9.956385940313339233e-03,-9.518817067146301270e-03,-8.327282033860683441e-03,2.755003981292247772e-03,-1.255487464368343353e-02,-9.747698903083801270e-03,-6.435635499656200409e-03,7.357897236943244934e-03,-1.346367318183183670e-02,8.704264648258686066e-03,3.988612908869981766e-03,2.473949920386075974e-03,-1.091230660676956177e-02,1.943077296018600464e-01,-2.490779571235179901e-02,3.111791331321001053e-03,1.118157990276813507e-02,2.506935968995094299e-02,3.763096639886498451e-03,1.571210660040378571e-02,2.803136780858039856e-02,9.283202700316905975e-03,3.827048931270837784e-03,-3.489784151315689087e-02,1.316747255623340607e-02,-3.869459778070449829e-02,-5.621083546429872513e-03,-3.430543839931488037e-02,-2.543287724256515503e-02,-3.756364807486534119e-02,-2.865069545805454254e-02,-2.251126058399677277e-02,-1.478311326354742050e-02,2.583342138677835464e-03,1.188169140368700027e-02,-1.221155095845460892e-02,-3.112801164388656616e-02,1.483696792274713516e-02,-3.015862777829170227e-03,1.793361268937587738e-02,-1.689690980128943920e-03,-2.172700129449367523e-03,3.174734115600585938e-02,-1.874143257737159729e-02,6.408708170056343079e-03,-6.661152001470327377e-03,3.557102382183074951e-02,-1.668149046599864960e-02,1.195574179291725159e-02,3.958319872617721558e-02,-7.384824566543102264e-03,3.153192251920700073e-02,8.212840184569358826e-03,5.796111188828945160e-03,1.439266651868820190e-02,1.043434627354145050e-02,-2.618684433400630951e-02,-1.513316854834556580e-02,4.130654782056808472e-02,-5.661474540829658508e-03,-1.239331066608428955e-02,-4.207397811114788055e-03,8.710996247828006744e-03,-4.771525785326957703e-02,-3.479013219475746155e-02,3.535560518503189087e-02,-3.678948618471622467e-03,7.088623940944671631e-03,1.307322643697261810e-02,2.607913501560688019e-02,1.766433939337730408e-02,-1.326844934374094009e-02,-2.224871888756752014e-03,-6.879936903715133667e-03,-3.490457311272621155e-03,5.052243359386920929e-03,1.926651597023010254e-02,-6.459197029471397400e-03,2.940466254949569702e-02,-6.321194581687450409e-03,-1.684305444359779358e-02,1.869767555035650730e-03,-1.040068734437227249e-02,-1.972428057342767715e-03,-8.562896400690078735e-03,1.681612804532051086e-02,1.723350211977958679e-02,-1.134314481168985367e-02,4.641601350158452988e-03,3.381064860150218010e-03,3.012496745213866234e-03,-6.546711083501577377e-03,6.617395207285881042e-03,3.968417644500732422e-03,-9.761163033545017242e-03,1.908475649543106556e-03,-5.907186307013034821e-03,1.105367578566074371e-02,-2.707544714212417603e-02,2.023589983582496643e-02,9.162029251456260681e-03,-2.335947193205356598e-02,3.950746613554656506e-04,2.314405329525470734e-02,-4.776237998157739639e-03,2.948544453829526901e-03,-1.322132721543312073e-02,4.574283026158809662e-03,1.409646589308977127e-02,-1.326844934374094009e-02,2.033014595508575439e-02,9.155297651886940002e-03,7.997421547770500183e-03,-3.338570240885019302e-04,6.115873344242572784e-03,1.352425944060087204e-02,1.145464048022404313e-04,-1.638529077172279358e-02,-5.836502183228731155e-03,1.425466383807361126e-03,4.370308294892311096e-02,-5.126293282955884933e-03,-1.221828348934650421e-02,1.630450785160064697e-02,-4.439645912498235703e-03,7.088623940944671631e-03,-9.660185314714908600e-03,2.821985818445682526e-02,-2.330561727285385132e-02,-9.508719085715711117e-04,-1.099308859556913376e-02,3.804833814501762390e-02,-3.480359446257352829e-03,3.709241980686783791e-03,4.540623631328344345e-03,-1.387599739246070385e-03,3.487091138958930969e-02,1.248755678534507751e-02,-2.269975282251834869e-02,-4.195280373096466064e-02,1.714093843474984169e-03,-1.635836251080036163e-02,-2.348064631223678589e-02,2.194578759372234344e-03,-4.931070376187562943e-03,1.680266298353672028e-02,1.322132721543312073e-02,-2.963691018521785736e-03,1.793361268937587738e-02,1.897031441330909729e-02,2.229920821264386177e-03,-1.580635271966457367e-02,1.144412159919738770e-02,3.456797916442155838e-03,-3.641923423856496811e-03,1.918573305010795593e-02,6.317828316241502762e-03,-6.748666055500507355e-04,5.207075271755456924e-03,-5.217173136770725250e-03,-1.494467724114656448e-02,-1.048820093274116516e-02,-2.284785360097885132e-02,2.356142736971378326e-02,-2.175729535520076752e-02,3.062985604628920555e-03,-2.711583673954010010e-02,5.032720789313316345e-02,-7.930103689432144165e-03,-3.301292657852172852e-02,-3.120879456400871277e-02,7.378092966973781586e-03,1.750277541577816010e-02,-6.139434874057769775e-02,1.255487441085278988e-03,2.197271399199962616e-02,-8.058007806539535522e-03,1.417051535099744797e-03,-9.848676621913909912e-03,-1.722273081541061401e-01,2.524438686668872833e-02,1.231252867728471756e-02,-1.855294033885002136e-02,3.891001641750335693e-02,-1.711569377221167088e-03,1.337615866214036942e-02,2.945851720869541168e-02,-6.735202390700578690e-03,-8.172449655830860138e-03,8.610018528997898102e-03,1.145758572965860367e-02,-1.627758145332336426e-02,-4.294911865144968033e-03,-1.305976230651140213e-02,7.553120609372854233e-03,-3.457471355795860291e-02,8.953342214226722717e-03,3.037404641509056091e-02,1.752970181405544281e-02,2.147455886006355286e-02,-1.573903299868106842e-02,1.029970962554216385e-02,-3.449393063783645630e-02,-6.644322536885738373e-03,1.662763580679893494e-02,1.314727682620286942e-02,-1.066996133886277676e-03,-1.468886714428663254e-02,-1.763741113245487213e-02,-1.147778145968914032e-02,-1.202979218214750290e-02,6.193289533257484436e-02,-2.424807474017143250e-02,1.401568390429019928e-02,4.604576155543327332e-03,5.459519568830728531e-03,-1.064303331077098846e-02,-1.312708109617233276e-02,1.034010108560323715e-02,2.980857156217098236e-02,1.311361696571111679e-02,-1.328191347420215607e-02,5.410713492892682552e-04,-1.812210306525230408e-02,4.092956706881523132e-02,2.047824673354625702e-02,-1.807866283343173563e-05,1.144412159919738770e-02,-1.639875397086143494e-02,2.839152002707123756e-03,-1.911841519176959991e-02,-6.738568190485239029e-03,8.320549502968788147e-03,-3.672216786071658134e-03,4.880581516772508621e-03,-2.366913668811321259e-02,1.565151964314281940e-03,6.533247418701648712e-03,-1.246062945574522018e-02,-3.177426755428314209e-02,-1.178071368485689163e-02,1.209711004048585892e-02,-2.613298967480659485e-02,-4.446377977728843689e-03,-1.194227766245603561e-02,1.514663221314549446e-03,-1.732774637639522552e-02,-2.322483574971556664e-03,1.656031794846057892e-02,-2.758370013907551765e-03,2.657392527908086777e-03,-4.109786357730627060e-03,-9.586134925484657288e-03,2.080137468874454498e-02,3.668850753456354141e-03,-1.855294033885002136e-02,2.629455365240573883e-02,2.551366016268730164e-02,-1.654685474932193756e-02,-2.279399894177913666e-02,3.750979155302047729e-02,-1.058917865157127380e-02,-4.924338310956954956e-03,1.754316501319408417e-02,9.922727011144161224e-03,1.785282976925373077e-02,-4.443012177944183350e-03,-9.788090363144874573e-03,-1.342328172177076340e-02,1.316074002534151077e-02,-4.671894479542970657e-03,-7.849321700632572174e-03,-2.597142569720745087e-02,3.853303194046020508e-02,9.236079640686511993e-03,9.639989584684371948e-03,-5.793586606159806252e-04,1.137007214128971100e-02,-2.856991440057754517e-02,1.839474309235811234e-03,-1.705847308039665222e-02,-3.460163995623588562e-02,5.435958039015531540e-03,1.716618239879608154e-02,4.227593075484037399e-03,6.284169387072324753e-03,1.459462102502584457e-02,2.599835209548473358e-02,-4.015540238469839096e-03,1.351752784103155136e-02,-1.965906558325514197e-04,3.255516290664672852e-02,2.597142569720745087e-02,1.707362011075019836e-03,9.909262880682945251e-03,-6.873204838484525681e-03,-2.428846620023250580e-02,4.537257924675941467e-02,-2.171690389513969421e-02,3.083181008696556091e-02,-1.451383903622627258e-02,-5.698499735444784164e-03,1.163934543728828430e-02,-3.678948618471622467e-03,-3.901099320501089096e-03,-1.130948513746261597e-01,-1.204998698085546494e-02,1.367236021906137466e-02,2.164958603680133820e-02,1.664109900593757629e-02,6.508844089694321156e-04,5.062341224402189255e-03,8.343269582837820053e-04,-1.143738999962806702e-02,-1.119504403322935104e-02,1.238657906651496887e-02,-2.051863819360733032e-02,-1.008429098874330521e-02,-1.910495199263095856e-02,2.084176614880561829e-02,-3.115493990480899811e-02,1.796053908765316010e-02,-8.037813007831573486e-03,-1.074401102960109711e-02,1.786629483103752136e-02,-1.591406203806400299e-02,-9.087978862226009369e-03,-3.308697603642940521e-03,-9.256275370717048645e-03,-7.028037216514348984e-03,5.345078185200691223e-03,-5.045511294156312943e-03,6.974182557314634323e-03,9.848676621913909912e-03,6.590467877686023712e-03,-6.866473238915205002e-03,1.336269546300172806e-02,1.715271919965744019e-02,-1.783936657011508942e-02,3.355820430442690849e-03,-9.289934299886226654e-03,1.350574661046266556e-03,2.342679165303707123e-02,1.445998437702655792e-02,-2.430192939937114716e-02,2.007433585822582245e-02,-7.775271311402320862e-03,-2.327869087457656860e-02,-1.793361268937587738e-02,7.081891875714063644e-03,-5.230636801570653915e-03,-2.078791148960590363e-02,1.635836251080036163e-02,8.455186150968074799e-03,-9.613062255084514618e-03,-8.919683285057544708e-03,-3.290521726012229919e-02,8.980269543826580048e-03,-4.052565619349479675e-02,2.391148358583450317e-02,1.031653955578804016e-03,8.899487555027008057e-03,-7.304042577743530273e-03,-3.050868213176727295e-02,5.903820507228374481e-03,-2.531170472502708435e-02,-5.234003067016601562e-03,-7.176137529313564301e-03,1.629104465246200562e-02,7.768539246171712875e-03,-1.691037230193614960e-02,-1.560439728200435638e-02,-3.336298093199729919e-02,2.280746214091777802e-02,-9.458229877054691315e-03,-4.308375529944896698e-03,5.876893177628517151e-03,-2.234969660639762878e-02,2.454427629709243774e-02,-2.750628441572189331e-02,1.691373880021274090e-03,-2.583342138677835464e-03,-1.092577073723077774e-02,8.535969071090221405e-03,-5.361234396696090698e-02,-1.396182924509048462e-02,-1.682959124445915222e-02,1.159895397722721100e-02,-7.317506242543458939e-03,4.001403599977493286e-02,8.811973966658115387e-03,2.527131326496601105e-02,5.183514207601547241e-03,-5.260930396616458893e-03,-1.246062945574522018e-02,1.734121143817901611e-02,2.070712856948375702e-02,1.361850555986166000e-02,-1.697769202291965485e-02,-5.038779694586992264e-03,4.943692474626004696e-04,-1.219135615974664688e-02,-7.277115248143672943e-03,1.974110957235097885e-03,-1.876836083829402924e-02,-3.390152752399444580e-02,-1.722003705799579620e-02,-4.499559476971626282e-02,1.265585236251354218e-02,3.746266942471265793e-03,-2.116489410400390625e-02,2.427500300109386444e-02,-2.232277020812034607e-02,-1.325498614460229874e-02,-1.767780259251594543e-02,-2.183807827532291412e-02,1.359157823026180267e-02,-3.924660850316286087e-03,-8.776632021181285381e-04,8.441722951829433441e-03,5.082536488771438599e-03,4.591112490743398666e-03,-1.710727927275002003e-03,-6.933791562914848328e-03,4.338668659329414368e-03,3.800121601670980453e-03,3.718666359782218933e-02,1.412002719007432461e-03,1.145758572965860367e-02,1.217116042971611023e-02,1.114118960686028004e-03,-1.141046267002820969e-02,3.592107817530632019e-02,3.434919519349932671e-03,1.646607182919979095e-02,3.874171990901231766e-03,-1.156529504805803299e-02,1.183120300993323326e-03,-1.006409525871276855e-02,1.084498874843120575e-02,7.364629302173852921e-03,7.936835289001464844e-03,-2.187846787273883820e-02,8.911268669180572033e-04,2.027629129588603973e-02,2.501550503075122833e-02,4.047179967164993286e-02,-6.664518266916275024e-03,-7.674293592572212219e-03,2.786980383098125458e-02,-2.386436099186539650e-03,-1.251448411494493484e-02,-1.256160717457532883e-02,-1.255487464368343353e-02,1.239331066608428955e-02,2.329215407371520996e-02,2.261896990239620209e-02,-2.096293866634368896e-02,2.770823799073696136e-02,-3.118523163720965385e-03,-6.819350179284811020e-03,-2.000701799988746643e-02,-2.478662133216857910e-02,3.400923684239387512e-02,1.518702320754528046e-02,-8.360940963029861450e-03,-9.074515663087368011e-03,3.818297758698463440e-02,1.221155095845460892e-02,-6.455831229686737061e-03,3.695778315886855125e-03,2.314405329525470734e-02,-1.996662653982639313e-02,-7.613706868141889572e-03,1.179417781531810760e-02,-3.167329123243689537e-03,5.755720194429159164e-03,-1.403587870299816132e-03,3.659426420927047729e-02,6.405342370271682739e-03,1.940115354955196381e-02,-1.340981852263212204e-02,1.427149306982755661e-02,-1.245389785617589951e-02,-1.278375741094350815e-02,-4.668528679758310318e-03,1.275683008134365082e-02,2.271321602165699005e-02,-5.961040966212749481e-03,-9.653453715145587921e-03,8.111862465739250183e-03,-1.186149567365646362e-02,2.054556459188461304e-02,2.760052867233753204e-02,1.396182924509048462e-02,-8.798509836196899414e-03,9.841945022344589233e-03,3.827048931270837784e-03,-4.116517957299947739e-03,1.421763841062784195e-02,-1.027951389551162720e-02,-1.890299655497074127e-02,2.181115001440048218e-02,1.626580022275447845e-03,-5.876893177628517151e-03,3.012496745213866234e-03,1.658724434673786163e-02,-4.938433266943320632e-05,5.479714833199977875e-03,4.405986983329057693e-03,-3.611630294471979141e-03,-1.540244184434413910e-02,9.572671726346015930e-03,-9.464962407946586609e-03,-4.069395363330841064e-03,-2.404611930251121521e-02,9.296665899455547333e-03,1.425802987068891525e-02,-6.731836590915918350e-03,1.654685474932193756e-02,-6.252193124964833260e-04,-1.204325538128614426e-02,1.284434366971254349e-02,1.855294033885002136e-02,-4.570916760712862015e-03,-2.124567516148090363e-02,3.002399019896984100e-02,2.962008118629455566e-02,2.854298613965511322e-02,-1.287800353020429611e-02,-2.209388650953769684e-02,1.443305704742670059e-02,-1.215096469968557358e-02,-1.831059460528194904e-03,-2.026282809674739838e-02,6.647688336670398712e-03,1.463501248508691788e-02,1.478311326354742050e-02,-9.996777400374412537e-03,-4.510330501943826675e-03,-1.062283758074045181e-02,-9.074515663087368011e-03,-1.642568036913871765e-02,-1.263565663248300552e-02,2.827371284365653992e-02,-3.187524620443582535e-03,5.062340945005416870e-02,2.630801685154438019e-02,-9.417839348316192627e-03,-6.711640860885381699e-03,2.599835209548473358e-02,3.330576000735163689e-03,7.782002910971641541e-03,1.305303070694208145e-02,-1.577942445874214172e-02,-7.553120609372854233e-03,-3.872909583151340485e-04,2.647294662892818451e-03,3.147806599736213684e-02,-2.220159582793712616e-02,-5.140430480241775513e-02,-1.254814304411411285e-02,-8.394599892199039459e-03,-1.730081997811794281e-02,-1.514663174748420715e-02,2.303970977663993835e-03,4.456475749611854553e-02,2.115479670464992523e-03,1.178071368485689163e-02,-1.855294033885002136e-02,-5.458173155784606934e-02,-1.813556812703609467e-02,-4.769505932927131653e-03,6.664518266916275024e-03,4.666004097089171410e-04,-6.080194562673568726e-02,2.325849607586860657e-03,2.159573137760162354e-02,-2.237662486732006073e-02,-1.941461674869060516e-02,9.101442992687225342e-03,-1.905109733343124390e-02,-4.076126962900161743e-03,-1.489082258194684982e-02,6.815984379500150681e-03,2.389801852405071259e-02,-8.542700670659542084e-03,2.341332659125328064e-02,-2.590410597622394562e-02,1.530651352368295193e-03,4.157582297921180725e-02,8.145522326231002808e-03,-5.998066160827875137e-03,8.246500045061111450e-03,-1.099308859556913376e-02
-3.520421218127012253e-03,-2.890104427933692932e-02,1.849456131458282471e-02,-8.891616016626358032e-03,4.123075399547815323e-03,3.359054774045944214e-02,-1.954838261008262634e-02,-1.269195787608623505e-02,1.139444112777709961e-02,-2.560785412788391113e-02,3.563232719898223877e-03,1.584683544933795929e-02,-6.718109827488660812e-03,7.047428749501705170e-03,1.875801570713520050e-02,-7.752171717584133148e-03,2.555516175925731659e-02,3.520421218127012253e-03,8.562296628952026367e-03,-1.289490173803642392e-04,-7.179156411439180374e-03,8.931133896112442017e-03,-4.882155626546591520e-04,-9.477803483605384827e-03,-9.286798536777496338e-03,-4.837697837501764297e-03,6.230717524886131287e-03,-1.853407919406890869e-02,-1.267219893634319305e-02,-2.247273549437522888e-02,7.027669809758663177e-03,9.899332188069820404e-03,-5.835534539073705673e-03,-2.687243930995464325e-02,-2.211377723142504692e-03,-3.435456752777099609e-02,8.259323425590991974e-03,-1.023359131067991257e-03,1.366015616804361343e-02,-1.600490882992744446e-02,8.430569432675838470e-03,1.375236548483371735e-02,-9.003584273159503937e-03,6.471120286732912064e-04,-2.012798376381397247e-02,1.265243999660015106e-02,5.710393190383911133e-03,-1.256681699305772781e-02,-2.502825111150741577e-02,2.207755297422409058e-02,3.274749219417572021e-02,2.339812228456139565e-03,-3.519762679934501648e-02,-1.346915122121572495e-02,-2.019384689629077911e-02,-1.108488067984580994e-02,-2.136622369289398193e-02,3.185174241662025452e-02,8.944306522607803345e-03,-1.451638620346784592e-02,7.277952041476964951e-03,5.776257254183292389e-03,-1.392361149191856384e-02,7.304297760128974915e-03,-6.457947660237550735e-03,-4.831111058592796326e-03,-7.508475799113512039e-03,-6.365738343447446823e-03,8.996997959911823273e-03,-1.272818306460976601e-03,2.448816783726215363e-02,1.791496016085147858e-02,1.273806300014257431e-02,9.774191305041313171e-03,5.627404898405075073e-02,-2.874297089874744415e-02,4.803942574653774500e-04,1.442417688667774200e-02,-2.076027728617191315e-02,9.234108030796051025e-03,-1.315959170460700989e-02,-1.312665920704603195e-02,-1.054479740560054779e-02,1.252729911357164383e-02,3.062667790800333023e-03,1.578097231686115265e-02,-1.051845215260982513e-02,2.035192027688026428e-02,-1.707190275192260742e-02,-2.218293398618698120e-02,2.680657431483268738e-02,3.027101233601570129e-02,-1.014302857220172882e-02,2.995486557483673096e-02,-1.954508945345878601e-03,-2.206438034772872925e-02,-7.442611735314130783e-03,3.287921845912933350e-02,-1.654499210417270660e-02,8.471733890473842621e-04,1.421341300010681152e-02,8.180286735296249390e-03,-1.940348185598850250e-02,-9.464630857110023499e-03,-4.336474090814590454e-02,-3.219423443078994751e-02,-7.501889020204544067e-03,-3.202628344297409058e-03,2.362864557653665543e-03,-1.405533961951732635e-02,8.344946429133415222e-03,1.985135488212108612e-02,4.024279303848743439e-03,-1.425293087959289551e-02,-9.998127818107604980e-03,-2.012798376381397247e-02,1.484405831433832645e-03,-2.299058978678658605e-04,-9.029929526150226593e-03,-1.271171774715185165e-02,4.175766371190547943e-03,1.328473258763551712e-02,1.964388415217399597e-03,-2.581861801445484161e-02,-1.229677535593509674e-02,2.953333780169487000e-02,-1.532105670776218176e-05,-1.326497364789247513e-02,-2.169554308056831360e-02,-1.191476546227931976e-02,4.962838720530271530e-03,1.452955882996320724e-02,1.555703487247228622e-02,9.431699290871620178e-03,2.860136330127716064e-03,2.758047543466091156e-03,-2.149795182049274445e-02,7.780164014548063278e-04,-7.613857742398977280e-03,-3.443360701203346252e-02,-4.057211335748434067e-03,1.805985905230045319e-02,-9.161657653748989105e-03,-8.799406699836254120e-03,9.286798536777496338e-03,3.414380550384521484e-02,2.209072560071945190e-02,-1.786226779222488403e-02,5.358021706342697144e-03,-1.335059665143489838e-02,4.083557054400444031e-02,-1.691382937133312225e-02,1.865263469517230988e-02,-2.606889978051185608e-02,-1.564924418926239014e-02,2.855855226516723633e-02,9.570012800395488739e-03,2.588448114693164825e-02,5.631356616504490376e-04,1.351525634527206421e-02,-1.056455727666616440e-02,1.269854512065649033e-02,3.019197471439838409e-02,2.018726198002696037e-03,3.925483673810958862e-03,4.531430825591087341e-02,1.190817914903163910e-02,-1.907416246831417084e-02,-9.411940351128578186e-03,8.305427618324756622e-03,-7.844381034374237061e-03,1.657133735716342926e-02,-1.927175372838973999e-02,2.311820164322853088e-02,-6.863010115921497345e-03,9.273625910282135010e-03,-5.229587201029062271e-03,1.058431621640920639e-02,-3.006024844944477081e-02,-2.015432808548212051e-03,-1.499060541391372681e-02,8.331773802638053894e-03,1.687431149184703827e-02,-7.297711446881294250e-03,-5.934330169111490250e-03,-3.856985270977020264e-02,3.615923691540956497e-03,1.479301415383815765e-02,1.890291646122932434e-02,-1.233629323542118073e-02,1.113098580390214920e-02,2.564737200736999512e-02,1.097291242331266403e-02,1.549117080867290497e-02,-6.537906527519226074e-01,-2.599974395707249641e-03,-1.831014268100261688e-02,-2.426423132419586182e-02,1.759881339967250824e-02,1.795447804033756256e-02,1.481935940682888031e-02,2.922707004472613335e-03,-2.174823358654975891e-02,1.483253203332424164e-02,-1.732218451797962189e-02,2.847951650619506836e-02,2.749814419075846672e-03,-2.234100736677646637e-02,-1.691382937133312225e-02,-1.662402786314487457e-02,1.031427457928657532e-02,-1.226384378969669342e-02,9.227521717548370361e-03,-1.227701641619205475e-02,-3.006024844944477081e-02,8.279082365334033966e-03,-2.977044787257909775e-03,6.161560304462909698e-03,2.834778837859630585e-02,-5.907984916120767593e-03,3.351151198148727417e-02,-3.417015075683593750e-02,1.012326963245868683e-02,6.010073702782392502e-03,-2.750473096966743469e-02,6.889355834573507309e-03,8.080667466856539249e-04,3.984760958701372147e-03,4.349646717309951782e-02,-1.350208371877670288e-02,-1.397136249579489231e-03,1.051186583936214447e-02,1.748025789856910706e-02,2.327627502381801605e-02,-7.837794721126556396e-03,-1.012326963245868683e-02,-1.126271300017833710e-02,-1.939030922949314117e-02,1.091692829504609108e-03,1.423975825309753418e-02,4.192232154309749603e-03,-1.441100426018238068e-02,9.919091127812862396e-03,-1.261292211711406708e-02,1.948251761496067047e-02,4.788299556821584702e-03,-3.021832183003425598e-02,-9.965196251869201660e-03,7.284538820385932922e-03,1.105194911360740662e-02,1.928492635488510132e-02,-2.353972941637039185e-02,-2.779453294351696968e-03,3.288251347839832306e-03,5.051754880696535110e-03,-9.273625910282135010e-03,-2.054951153695583344e-02,-1.537261623889207840e-02,-2.109288936480879784e-03,2.019384689629077911e-02,-1.323204208165407181e-02,-7.271365728229284286e-03,2.634552866220474243e-02,2.537074312567710876e-02,7.501889020204544067e-03,2.083931304514408112e-02,-9.846641682088375092e-03,1.312336651608347893e-03,1.665037311613559723e-02,1.033403351902961731e-02,3.344235476106405258e-03,-1.128247287124395370e-02,-8.726956322789192200e-03,-7.225261069834232330e-03,1.558338012546300888e-02,-9.194589219987392426e-03,-3.764776140451431274e-02,-3.754237899556756020e-03,3.978174924850463867e-02,-3.984760958701372147e-03,-2.165602520108222961e-02,-2.047047577798366547e-02,1.150970230810344219e-03,-8.088077418506145477e-03,-1.434514019638299942e-02,1.950886286795139313e-02,6.942046806216239929e-03,-1.957472786307334900e-02,1.576779782772064209e-02,8.404223248362541199e-03,-2.490969747304916382e-02,-8.718723547644913197e-04,2.639821916818618774e-02,-1.226384378969669342e-02,-1.487699104472994804e-03,-1.935079135000705719e-02,3.891234472393989563e-02,6.431601941585540771e-03,2.240687236189842224e-02,2.066806703805923462e-02,7.337641000049188733e-05,-3.135117935016751289e-03,8.582055568695068359e-03,-2.272301912307739258e-02,2.227843739092350006e-03,-4.534724168479442596e-03,1.182914245873689651e-02,-2.164285071194171906e-02,6.513931788504123688e-03,-2.264398150146007538e-02,1.575462520122528076e-02,1.775688678026199341e-02,4.116488620638847351e-03,-3.037639334797859192e-02,-3.546766703948378563e-03,-6.214251741766929626e-03,-1.497743278741836548e-02,-1.125612668693065643e-02,1.210577040910720825e-02,4.217918962240219116e-02,4.903561435639858246e-03,-1.949569024145603180e-02,2.866722876206040382e-03,-7.231847383081912994e-03,-2.046718262135982513e-03,-2.992852032184600830e-02,7.620444055646657944e-03,1.532980473712086678e-03,7.989281788468360901e-03,-3.040274046361446381e-02,2.710954844951629639e-02,-1.261292211711406708e-02,1.339670084416866302e-02,-1.949569024145603180e-02,-8.265909273177385330e-04,-1.090046204626560211e-02,-9.622704237699508667e-03,-2.507765078917145729e-03,2.376037416979670525e-03,-2.629283815622329712e-02,6.372324423864483833e-04,-2.829509787261486053e-02,-2.745204046368598938e-02,3.029735758900642395e-02,3.503955202177166939e-03,-1.033403351902961731e-02,-3.127214312553405762e-02,3.447559356573037803e-05,2.713589370250701904e-02,-9.405354037880897522e-03,-9.879573248326778412e-03,-1.384457480162382126e-02,1.077696797437965870e-03,-2.716223895549774170e-02,3.833274357020854950e-03,3.153559565544128418e-02,-3.843154059723019600e-03,7.488716393709182739e-03,2.120815031230449677e-02,-2.675388380885124207e-02,1.270513143390417099e-02,3.258941695094108582e-02,-1.398947555571794510e-02,-2.622697316110134125e-02,-5.025409627705812454e-03,1.468763221055269241e-02,8.027153089642524719e-04,4.044038429856300354e-02,-7.567753084003925323e-03,6.158267147839069366e-03,-1.613663695752620697e-02,6.339392624795436859e-03,4.475446417927742004e-03,7.732412777841091156e-03,-3.612630534917116165e-03,1.049210689961910248e-02,-3.538204357028007507e-02,1.113921869546175003e-03,2.447499521076679230e-02,-1.070945709943771362e-02,7.870726287364959717e-03,8.456914685666561127e-03,-5.223000887781381607e-03,-6.217544898390769958e-03,4.969425499439239502e-03,-2.181409671902656555e-02,3.477609716355800629e-03,-2.501178532838821411e-03,-1.637374609708786011e-02,1.072262972593307495e-02,-1.387256779707968235e-04,1.170400064438581467e-02,-1.100584492087364197e-02,2.932257391512393951e-02,1.979866437613964081e-02,-1.902147196233272552e-02,4.080922529101371765e-02,-1.981183700263500214e-02,-1.893584849312901497e-03,-2.963871881365776062e-02,9.866400621831417084e-03,-2.196558518335223198e-03,5.933012813329696655e-02,2.397443167865276337e-02,9.313556074630469084e-05,-6.201737374067306519e-02,-1.171058695763349533e-02,-5.904691759496927261e-03,1.720363087952136993e-02,3.063984960317611694e-02,8.542537689208984375e-03,2.152429707348346710e-02,-7.554580457508563995e-03,6.675298325717449188e-03,-1.433196756988763809e-02,-7.567753084003925323e-03,1.974597387015819550e-02,-1.551751606166362762e-02,-2.642456442117691040e-02,-9.072741377167403698e-04,1.004423294216394424e-02,6.922287400811910629e-03,-1.256023067981004715e-02,-8.496432565152645111e-03,-1.193452440202236176e-02,-2.033874765038490295e-02,-6.339392624795436859e-03,2.496238797903060913e-02,1.870532520115375519e-02,7.034256123006343842e-03,1.063700672239065170e-02,-2.892738953232765198e-02,3.635682910680770874e-02,-2.570006251335144043e-02,9.220935404300689697e-03,1.684796623885631561e-02,4.020327702164649963e-02,-2.376366592943668365e-02,8.298841305077075958e-03,2.995486557483673096e-02,2.130036056041717529e-02,5.078100599348545074e-03,-3.144997404888272285e-03,3.527666255831718445e-02,-2.307868376374244690e-02,7.870726287364959717e-03,-1.302786357700824738e-02,-8.226390928030014038e-03,3.563232719898223877e-03,-2.485700696706771851e-02,-2.346069365739822388e-02,3.393303975462913513e-02,2.128718607127666473e-02,4.626274853944778442e-02,-1.310690026730298996e-02,-3.250379581004381180e-03,1.534627005457878113e-02,-4.946372937411069870e-03,1.597856357693672180e-02,-1.989087462425231934e-02,1.978549174964427948e-02,-1.070287078619003296e-02,-2.141891419887542725e-02,-1.169082801789045334e-02,-7.291125133633613586e-03,-7.119879126548767090e-03,8.746715262532234192e-03,1.297517307102680206e-02,2.070758491754531860e-02,-3.118240274488925934e-04,2.030252246186137199e-03,-9.332903660833835602e-03,1.985135488212108612e-02,1.207942515611648560e-02,-2.407981269061565399e-02,-3.746334090828895569e-02,1.662402786314487457e-02,2.348045120015740395e-03,-3.856326686218380928e-03,-2.110276743769645691e-02,-1.097949873656034470e-02,6.724696140736341476e-03,-8.746715262532234192e-03,-8.476673625409603119e-03,-1.950886286795139313e-02,-2.514351392164826393e-03,1.221115235239267349e-02,-8.232977241277694702e-03,-7.106706500053405762e-03,-6.240596994757652283e-03,1.719045639038085938e-02,-1.188183296471834183e-02,2.608207240700721741e-02,-1.075556222349405289e-02,-7.119879126548767090e-03,-3.150925040245056152e-02,-1.878436096012592316e-02,-1.802034117281436920e-02,3.303729370236396790e-02,8.476673625409603119e-03,-2.027288451790809631e-02,-1.137468218803405762e-02,-3.168049734085798264e-03,-1.603125408291816711e-02,-1.802034117281436920e-02,4.561584137263707817e-05,-3.445995226502418518e-02,-1.128905918449163437e-02,1.074897591024637222e-02,3.711426397785544395e-03,-5.071514286100864410e-03,1.603125408291816711e-02,3.232596442103385925e-02,-2.567042363807559013e-03,2.028605667874217033e-03,-4.046673327684402466e-02,-2.082614041864871979e-02,1.317935064435005188e-02,8.572834730148315430e-02,2.132341265678405762e-03,1.194769702851772308e-02,-2.338165603578090668e-02,1.359429303556680679e-02,1.890291646122932434e-02,1.045588171109557152e-03,-2.442230470478534698e-02,1.762515865266323090e-02,-1.589952595531940460e-02,1.653181947767734528e-02,-1.455590408295392990e-02,2.597669139504432678e-02,-2.049682103097438812e-02,7.541407365351915359e-03,1.421341300010681152e-02,-8.944306522607803345e-03,4.653278738260269165e-03,2.645090967416763306e-02,1.266561262309551239e-02,-1.857359707355499268e-02,-1.443734951317310333e-02,2.573628909885883331e-03,8.358119055628776550e-03,5.865173414349555969e-03,-1.161837764084339142e-02,3.182539716362953186e-02,1.282368600368499756e-02,1.580731756985187531e-02,-3.938656300306320190e-03,7.973638712428510189e-04,-9.418526664376258850e-03,7.080360664986073971e-04,7.475543767213821411e-03,-8.786234073340892792e-03,-9.793950244784355164e-03,-8.423983119428157806e-03,3.799025341868400574e-02,-7.007910404354333878e-03,-2.723468933254480362e-03,1.780957728624343872e-02,2.110276743769645691e-02,6.922287400811910629e-03,-1.311348658055067062e-02,8.272496052086353302e-03,4.132954636588692665e-04,-1.202014740556478500e-02,1.127094612456858158e-03,4.050625022500753403e-03,-3.032370284199714661e-02,1.973280124366283417e-02,-1.908404170535504818e-03,-1.447686739265918732e-02,-1.599173620343208313e-02,2.522584283724427223e-03,1.964059099555015564e-02,2.185361646115779877e-02,8.628160692751407623e-03,-1.605759933590888977e-02,1.342304702848196030e-02,-1.675575599074363708e-02,-3.943925723433494568e-02,1.773054152727127075e-02,7.636086666025221348e-04,-2.818971499800682068e-02,-1.637374609708786011e-02,-3.604068234562873840e-02,5.901398137211799622e-03,-2.363193966448307037e-02,-1.273806300014257431e-02,-2.479114197194576263e-02,-2.154981921194121242e-04,-1.683479174971580505e-02,7.185742724686861038e-03,1.707190275192260742e-02,2.480431459844112396e-02,8.522778749465942383e-03,-5.384367424994707108e-03,1.931127160787582397e-02,1.979866437613964081e-02,-1.987440744414925575e-03,-5.315210204571485519e-03,5.367901641875505447e-03,-3.945654607377946377e-04,-6.382204126566648483e-03,3.304717130959033966e-03,5.285571794956922531e-03,-1.811255142092704773e-02,-6.882769521325826645e-03,1.098608504980802536e-02,2.390856621786952019e-03,1.471397746354341507e-02,1.996991038322448730e-02,-2.286791801452636719e-02,2.848610281944274902e-03,1.165789645165205002e-02,-4.811352118849754333e-03,-2.048364840447902679e-02,-3.722622990608215332e-02,-7.383334450423717499e-03,7.930004037916660309e-03,3.031382337212562561e-03,6.816905457526445389e-03,-4.567656200379133224e-03,3.164098039269447327e-02,2.309185639023780823e-02,1.957802101969718933e-03,1.438465807586908340e-02,-3.609337285161018372e-02,-1.941336086019873619e-03,6.530398037284612656e-03,-1.755929552018642426e-02,2.307868376374244690e-02,-1.080825272947549820e-02,-2.842682600021362305e-02,2.326310239732265472e-02,8.608401753008365631e-03,3.040274046361446381e-02,1.928492635488510132e-02,2.409298531711101532e-02,7.147253927541896701e-05,-2.040461264550685883e-02,3.409111499786376953e-02,1.372602023184299469e-02,-2.321041002869606018e-02,2.567371726036071777e-02,-7.923417724668979645e-03,-6.961805745959281921e-03,3.606044221669435501e-03,1.028134208172559738e-02,2.048364840447902679e-02,1.048552058637142181e-02,-1.450321357697248459e-02,-3.533594077453017235e-03,-4.808058962225914001e-02,-1.554386131465435028e-02,-1.487205084413290024e-02,-5.684047937393188477e-03,2.961813588626682758e-04,5.855293478816747665e-03,1.944299973547458649e-02,-9.148485027253627777e-03,-1.859994232654571533e-02,-2.166919782757759094e-02,7.034256123006343842e-03,-3.965001925826072693e-02,8.924547582864761353e-03,-2.330262027680873871e-02,-2.135305106639862061e-02,4.844942688941955566e-02,-3.422860463615506887e-04,8.246150799095630646e-03,-2.091834880411624908e-02,-5.410712677985429764e-03,5.700513720512390137e-03,-2.455403283238410950e-02,-1.499060541391372681e-02,-2.814031671732664108e-03,6.981565151363611221e-03,7.467310642823576927e-04,1.712459325790405273e-02,-5.832241382449865341e-03,2.094469591975212097e-02,1.638691872358322144e-02,-1.555703487247228622e-02,1.014302857220172882e-02,-5.295451264828443527e-03,-3.793756011873483658e-03,-8.048558607697486877e-03,3.280018270015716553e-02,1.155251450836658478e-02,1.697969250380992889e-02,2.642456442117691040e-02,9.069448336958885193e-03,4.300907719880342484e-03,3.164098039269447327e-02,-2.670119330286979675e-02,6.543570663779973984e-03,4.291027784347534180e-03,-3.229961916804313660e-02,3.474316559731960297e-03,-6.882769521325826645e-03,-3.029735758900642395e-03,1.031427457928657532e-02,-8.746715262532234192e-03,-2.517315186560153961e-02,2.149795182049274445e-02,-1.525406073778867722e-02,1.398947555571794510e-02,1.613663695752620697e-02,2.487017959356307983e-02,-2.411933057010173798e-02,4.270610213279724121e-02,-1.819158717989921570e-02,1.870944106485694647e-04,-1.462176814675331116e-02,-5.351435393095016479e-03,5.167016759514808655e-03,8.292254991829395294e-03,1.187524665147066116e-02,1.954508945345878601e-03,2.216317690908908844e-03,-2.572640776634216309e-02,5.055048037320375443e-03,-1.394995767623186111e-02,1.881070807576179504e-02,-9.029929526150226593e-03,1.803022110834717751e-03,1.308714132755994797e-02,-1.429244875907897949e-02,-2.832144312560558319e-02,-2.614793740212917328e-02,-2.267032675445079803e-02,-7.198915816843509674e-03,-4.854163620620965958e-03,-1.783262938261032104e-03,-1.939030922949314117e-02,2.047047577798366547e-02,-4.236361011862754822e-02,-3.258941695094108582e-02,-1.957472786307334900e-02,-2.553869737312197685e-03,1.021547894924879074e-02,1.647912710905075073e-02,3.245769068598747253e-02,1.261292211711406708e-02,-5.084686912596225739e-03,-3.079792298376560211e-02,-2.040461264550685883e-02,2.529582416173070669e-04,5.519388243556022644e-03,-1.662402786314487457e-02,1.470080483704805374e-02,-1.298340619541704655e-03,-2.071417169645428658e-03,8.410809561610221863e-03,-1.044600177556276321e-02,-1.866580732166767120e-02,-2.330262027680873871e-02,2.575275488197803497e-02,2.799212466925382614e-03,1.676892861723899841e-02,-1.848138868808746338e-02,1.152616925537586212e-03,9.048042120411992073e-04,3.245769068598747253e-02,-9.905918501317501068e-03,-3.434798214584589005e-03,-2.866393513977527618e-02,-3.256965894252061844e-03,-5.691045953426510096e-05,3.941949456930160522e-03,-1.394995767623186111e-02,2.638504654169082642e-02,8.232977241277694702e-03,-7.214146899059414864e-05,-1.744074001908302307e-02,-1.595221832394599915e-02,-1.179620996117591858e-02,-1.722338958643376827e-03,-1.168424170464277267e-02,1.935079135000705719e-02,-1.443734951317310333e-02,4.864043090492486954e-03,2.807445358484983444e-03,3.978174645453691483e-03,-2.023336663842201233e-02,-6.092403549700975418e-03,-1.486052409745752811e-03,1.898195408284664154e-02,-2.961237356066703796e-02,-2.546295337378978729e-02,-1.379188429564237595e-02,1.103219017386436462e-02,-4.023867950309067965e-04,1.063042040914297104e-02,1.367332879453897476e-02,-1.484405831433832645e-03,4.508378449827432632e-03,-2.588448114693164825e-02,1.054479740560054779e-02,-2.204791409894824028e-03,-9.945437312126159668e-03,-1.784909516572952271e-02,8.200045675039291382e-03,-2.043095789849758148e-02,5.816598422825336456e-04,2.551564387977123260e-02,2.473186468705534935e-03,1.097291242331266403e-02,-2.506777085363864899e-02,8.654505945742130280e-03,6.250476464629173279e-03,4.568314552307128906e-02,-2.311820164322853088e-02,-3.312950255349278450e-03,-4.305847396608442068e-04,7.363575045019388199e-03,-4.659865517169237137e-03,4.051942378282546997e-02,6.573209539055824280e-03,-1.136150956153869629e-02,-2.789991535246372223e-02,6.164853461086750031e-03,-1.075226929970085621e-03,1.710401120362803340e-04,2.525218948721885681e-02,-7.930004037916660309e-03,-3.298460319638252258e-02,2.444864995777606964e-02,1.420023944228887558e-02,1.225725747644901276e-02,1.617615483701229095e-02,8.611694793216884136e-04,3.061020979657769203e-03,9.220935404300689697e-03,-5.595131777226924896e-03,-1.705873012542724609e-02,-2.166919782757759094e-02,8.743422222323715687e-04,-1.893584885692689568e-05,5.832241382449865341e-03,2.427740395069122314e-02,-4.586756601929664612e-02,9.668809361755847931e-03,-1.952862250618636608e-03,4.801472648978233337e-03,2.010163851082324982e-02,-2.211707085371017456e-02,-1.285003125667572021e-02,2.264068927615880966e-03,-2.035191981121897697e-03,-4.765247460454702377e-03,-2.898008190095424652e-02,1.435831282287836075e-02,-1.398947555571794510e-02,7.673135260120034218e-04,2.151112444698810577e-02,-3.671908052638173103e-03,-1.542530674487352371e-02,-2.972104819491505623e-03,4.864043090492486954e-03,4.844284150749444962e-03,3.164756577461957932e-03,-1.221115235239267349e-02,1.720363087952136993e-02,3.329416038468480110e-03,-1.705873012542724609e-02,-1.470080483704805374e-02,-2.882200852036476135e-02,-1.175669208168983459e-02,3.150925040245056152e-02,8.496432565152645111e-03,-1.600490882992744446e-02,4.979304969310760498e-03,-1.252235844731330872e-03,-2.555516175925731659e-02,-1.589952595531940460e-02,-3.698665241245180368e-04,1.215846091508865356e-02,1.173693314194679260e-02,8.048558607697486877e-03,5.891518667340278625e-03,2.118180505931377411e-02,1.526723336428403854e-02,1.438465807586908340e-02,-2.036509290337562561e-02,-2.363193966448307037e-02,1.124295406043529510e-02,-3.343247622251510620e-02,-2.257811836898326874e-02,2.107642218470573425e-02,-3.077157773077487946e-02,-1.986452750861644745e-02,7.073774468153715134e-03,-6.257062777876853943e-03,6.089110393077135086e-03,1.333742402493953705e-02,-1.111781317740678787e-02,-2.198534272611141205e-02,-8.338360115885734558e-03,-1.683479174971580505e-02,6.688470952212810516e-03,1.374083920381963253e-03,-3.477609716355800629e-03,-1.560149248689413071e-03,1.325838733464479446e-02,-5.575372371822595596e-03,-2.213024301454424858e-03,-5.549027118831872940e-03,1.492474228143692017e-02,2.708320319652557373e-02,1.293400768190622330e-03,-3.016562899574637413e-03,-2.934233285486698151e-03,6.395377218723297119e-03,1.376553904265165329e-02,-1.202673371881246567e-02,2.855855226516723633e-02,3.046201600227504969e-04,-1.430562231689691544e-02,3.447971073910593987e-03,-9.800536558032035828e-03,3.675201209262013435e-03,-4.964485415257513523e-04,1.384457480162382126e-02,7.725825998932123184e-03,6.830078084021806717e-03,1.694017462432384491e-02,-1.173034682869911194e-02,2.089200355112552643e-02,1.397136249579489231e-03,8.710490074008703232e-04,-1.026816945523023605e-02,7.850967347621917725e-03,-3.132483363151550293e-02,-3.889258718118071556e-03,-4.468860104680061340e-03,2.800529636442661285e-02,2.855855226516723633e-02,-4.823866114020347595e-02,1.241378640770562924e-06,1.183078857138752937e-03,1.744074001908302307e-02,-1.586000807583332062e-02,-2.097104117274284363e-02,8.438802324235439301e-04,-1.880412106402218342e-03,4.873922560364007950e-03,-1.728266663849353790e-02,1.429244875907897949e-02,2.272301819175481796e-03,3.665321739390492439e-03,6.701643578708171844e-03,-5.621477030217647552e-03,-1.468763221055269241e-02,2.185624986886978149e-01,-2.278888225555419922e-02,6.527104880660772324e-03,2.945759333670139313e-03,8.740128949284553528e-03,-1.061724778264760971e-02,2.145843207836151123e-02,2.637187391519546509e-02,1.681174035184085369e-03,-4.673038143664598465e-03,-4.281148314476013184e-02,-1.340328715741634369e-02,-3.751603141427040100e-02,-2.005759160965681076e-04,-1.159203238785266876e-02,-2.616111002862453461e-02,-1.162496395409107208e-02,-3.741065040230751038e-02,-2.555516175925731659e-02,-3.248403593897819519e-02,1.505646947771310806e-02,5.512801930308341980e-03,4.692797374445945024e-04,-2.405346743762493134e-02,1.833648793399333954e-02,6.457947660237550735e-03,5.400833208113908768e-03,-2.455403283238410950e-02,2.591082639992237091e-02,1.335059665143489838e-02,-1.251412555575370789e-02,1.163155119866132736e-02,-1.538578886538743973e-02,7.934532186482101679e-05,-1.254047174006700516e-02,1.375236548483371735e-02,3.672566637396812439e-02,-7.350402418524026871e-03,1.423975825309753418e-02,8.259323425590991974e-03,1.079508010298013687e-02,1.549117080867290497e-02,-7.422029157169163227e-04,-2.541026286780834198e-02,1.367497607134282589e-03,3.272114694118499756e-02,-2.082614041864871979e-02,-1.624201796948909760e-02,-1.121002249419689178e-02,1.480618678033351898e-02,-4.115171357989311218e-02,-2.077344991266727448e-02,3.780583292245864868e-02,6.751041859388351440e-03,-4.330546129494905472e-03,6.013366859406232834e-03,4.778420086950063705e-03,2.990217506885528564e-02,-2.400077693164348602e-02,-1.832331530749797821e-02,-6.204371806234121323e-03,-1.411132398061454296e-03,-1.728925271891057491e-03,1.919271796941757202e-02,-2.738288370892405510e-03,2.929622679948806763e-02,4.505085293203592300e-03,-8.917961269617080688e-03,1.387256779707968235e-03,-2.879895502701401711e-03,1.845833612605929375e-03,-1.161837764084339142e-02,1.633422821760177612e-02,1.226384378969669342e-02,4.574242513626813889e-03,-4.956252407282590866e-03,1.506634871475398540e-03,-2.172188833355903625e-02,-4.762777534779161215e-04,3.144997404888272285e-03,1.538578886538743973e-02,-7.745585404336452484e-03,-3.237206721678376198e-03,-1.477984152734279633e-02,7.324056699872016907e-03,-1.182914245873689651e-02,1.763833127915859222e-02,3.876085858792066574e-03,-1.974597387015819550e-02,1.697969250380992889e-02,2.761011384427547455e-02,-1.553068868815898895e-02,4.119781777262687683e-03,-2.428728388622403145e-03,-1.107170805335044861e-02,2.803164161741733551e-02,6.457947660237550735e-03,3.585626557469367981e-02,1.038672495633363724e-02,1.612346246838569641e-02,-4.801472648978233337e-03,-4.139541182667016983e-03,8.871857076883316040e-03,-7.185742724686861038e-03,-1.369967497885227203e-02,1.694346778094768524e-03,-2.273948397487401962e-03,3.079792298376560211e-02,1.901817857287824154e-03,-6.777387112379074097e-03,1.779640465974807739e-02,-2.479772781953215599e-03,1.695334725081920624e-02,1.770090195350348949e-03,1.242191623896360397e-02,-1.148665044456720352e-02,1.949569093994796276e-03,-5.993607919663190842e-03,2.170871570706367493e-02,8.595228195190429688e-03,3.308010520413517952e-03,5.466697271913290024e-03,-1.609711721539497375e-02,3.348516672849655151e-02,-2.346398541703820229e-03,-2.688561193645000458e-02,-2.747838571667671204e-02,4.778420086950063705e-03,-1.079508010298013687e-02,1.287637744098901749e-03,9.899332188069820404e-03,-9.168243966996669769e-03,2.339482866227626801e-02,6.830078084021806717e-03,-1.336376927793025970e-02,5.684047937393188477e-03,8.990411646664142609e-03,-6.154151051305234432e-04,-2.290743775665760040e-02,-7.179156411439180374e-03,-1.134833600372076035e-02,-9.681981988251209259e-03,1.113757211714982986e-02,4.314080346375703812e-03,1.018254645168781281e-02,-1.101243123412132263e-02,1.910050865262746811e-03,-1.827062480151653290e-02,-4.475446417927742004e-03,-7.752171717584133148e-03,1.284344494342803955e-02,-2.288109064102172852e-02,9.102379903197288513e-03,-2.355290204286575317e-02,3.785852342844009399e-02,9.688568301498889923e-03,-2.086565829813480377e-02,-2.845317125320434570e-02,2.705685794353485107e-02,1.917954534292221069e-02,-4.289051890373229980e-02,8.055144920945167542e-03,1.550434343516826630e-02,-2.743228105828166008e-03,9.392180480062961578e-03,-4.445808008313179016e-04,-1.671360284090042114e-01,1.294224057346582413e-02,2.776818722486495972e-02,-1.831014268100261688e-02,2.102373167872428894e-02,-5.358021706342697144e-03,1.121660880744457245e-02,1.506964210420846939e-02,-8.746715262532234192e-03,-9.135312400758266449e-03,1.540390076115727425e-03,2.204791409894824028e-03,-2.226197160780429840e-02,1.331272535026073456e-03,-1.140102744102478027e-02,2.049682103097438812e-02,-4.286417365074157715e-02,1.417389418929815292e-02,4.779078811407089233e-02,1.688748411834239960e-02,1.871849782764911652e-02,-2.002260088920593262e-02,1.514867879450321198e-02,-2.963871881365776062e-02,6.629193667322397232e-03,3.285287320613861084e-02,-3.191102063283324242e-03,8.002454414963722229e-03,-3.878061845898628235e-02,-1.296858675777912140e-02,-1.773054152727127075e-02,2.751461230218410492e-03,4.455028846859931946e-02,-3.129848837852478027e-02,1.741439476609230042e-02,6.480999756604433060e-03,-4.040745552629232407e-03,-1.646595448255538940e-02,-2.231466211378574371e-02,2.583179064095020294e-02,1.607077196240425110e-02,1.439783163368701935e-02,5.970555357635021210e-03,4.330546129494905472e-03,-1.032086089253425598e-02,2.101055905222892761e-02,8.094663731753826141e-03,-3.349175211042165756e-03,1.705873012542724609e-02,-1.340987440198659897e-02,-9.089207276701927185e-03,-2.713589370250701904e-02,9.509089286439120770e-04,-1.210577040910720825e-02,-3.813515184447169304e-03,1.857359707355499268e-02,-9.616117924451828003e-03,-3.067607525736093521e-03,4.225164186209440231e-03,-2.029922977089881897e-02,-1.975914649665355682e-02,-5.647822748869657516e-03,2.658263780176639557e-02,-4.613101854920387268e-02,9.313144721090793610e-03,-2.127401344478130341e-02,-1.030110195279121399e-02,-3.331062849611043930e-03,4.001227207481861115e-03,7.613857742398977280e-03,-1.182255614548921585e-02,-1.355477422475814819e-02,1.585671445354819298e-03,-3.222057968378067017e-02,1.531992480158805847e-02,6.530398037284612656e-03,-8.825751952826976776e-03,3.119310550391674042e-02,1.264585368335247040e-02,-2.000942826271057129e-02,-2.027288451790809631e-02,3.946560248732566833e-02,-2.855196595191955566e-03,1.379188429564237595e-02,-4.366771318018436432e-03,1.904781721532344818e-02,1.817841455340385437e-02,-6.342685781419277191e-03,-6.681884638965129852e-03,-2.530487999320030212e-02,-8.819165639579296112e-03,-2.636199351400136948e-03,1.175669254735112190e-03,-2.442230470478534698e-02,3.833274543285369873e-02,4.705970175564289093e-03,9.978368878364562988e-03,1.013479544781148434e-03,-1.938042929396033287e-03,-1.854725182056427002e-02,7.363575045019388199e-03,-2.206438034772872925e-02,-1.704555749893188477e-02,9.082620963454246521e-03,7.205502130091190338e-03,1.033403351902961731e-02,3.901772573590278625e-02,8.107836358249187469e-03,1.202014740556478500e-02,-2.077344991266727448e-02,2.411933057010173798e-02,-1.036037877202033997e-02,2.007529325783252716e-02,3.511859104037284851e-02,3.638976195361465216e-04,3.121945075690746307e-02,-1.277099456638097763e-02,-5.512801930308341980e-03,2.060220390558242798e-02,-5.651115905493497849e-03,3.806928917765617371e-02,-1.396313030272722244e-02,1.047234749421477318e-03,2.453427296131849289e-03,-1.281051337718963623e-02,-1.513550616800785065e-02,-1.234024539589881897e-01,-1.941665448248386383e-02,2.753107808530330658e-03,1.737487688660621643e-02,2.724127657711505890e-02,1.278416719287633896e-02,8.726956322789192200e-03,-4.063797648996114731e-03,-3.559939563274383545e-03,1.033238717354834080e-03,-1.074897591024637222e-02,-2.942795492708683014e-02,-1.410803012549877167e-02,-2.484383247792720795e-02,5.134084727615118027e-03,-3.706815838813781738e-02,1.170400064438581467e-02,-1.215846091508865356e-02,-9.049689397215843201e-03,3.037639334797859192e-02,-1.198062859475612640e-02,-1.049869321286678314e-02,1.307396800257265568e-03,-6.095696706324815750e-03,-7.350402418524026871e-03,5.606657941825687885e-04,-1.417389418929815292e-02,-5.499628838151693344e-03,9.563426487147808075e-03,1.373260631226003170e-03,-2.443547733128070831e-02,4.607174079865217209e-03,4.175766371190547943e-03,-2.102373167872428894e-02,-2.098421379923820496e-02,-2.508094348013401031e-02,-1.368650235235691071e-02,1.924540847539901733e-02,-4.363478219602257013e-04,-1.402899343520402908e-02,1.658450998365879059e-02,-1.717728376388549805e-02,-1.435831282287836075e-02,-1.534627005457878113e-02,1.089387573301792145e-02,-2.629613038152456284e-03,-1.763833127915859222e-02,1.215846091508865356e-02,1.867239363491535187e-03,-6.662125699222087860e-03,2.165273064747452736e-03,-2.232783474028110504e-02,1.526723336428403854e-02,-2.882200852036476135e-02,1.668989285826683044e-02,-2.143867313861846924e-03,9.425112977623939514e-03,-1.325180102139711380e-02,-2.664850279688835144e-02,-4.636812955141067505e-03,-3.575088083744049072e-02,-3.013928420841693878e-02,-3.454557387158274651e-03,5.914571229368448257e-03,1.553068868815898895e-02,-1.521454285830259323e-02,-1.184231508523225784e-02,-1.534627005457878113e-02,1.890291646122932434e-02,1.273147668689489365e-02,1.012985594570636749e-02,8.601815439760684967e-03,-1.567558944225311279e-02,1.363381091505289078e-02,-3.074523247778415680e-02,-3.148290561512112617e-03,3.800342557951807976e-03,2.972104819491505623e-03,1.874484308063983917e-02,-5.643212050199508667e-02,-1.268537156283855438e-02,-1.122319512069225311e-02,9.379007853567600250e-03,-7.785103749483823776e-03,2.908546291291713715e-02,2.497556060552597046e-02,1.455590408295392990e-02,-8.397636935114860535e-03,-6.599554792046546936e-03,-1.207942515611648560e-02,2.185361646115779877e-02,1.252729911357164383e-02,3.129848837852478027e-02,-3.843154059723019600e-03,-1.141420006752014160e-02,1.414754893630743027e-02,-8.371291682124137878e-03,-1.177645102143287659e-02,-1.069628447294235229e-02,1.188841927796602249e-02,-2.982313744723796844e-02,-1.957472786307334900e-02,-3.878061845898628235e-02,1.131540443748235703e-02,-2.889775205403566360e-03,-1.691382937133312225e-02,1.721680350601673126e-02,-1.368650235235691071e-02,1.370790763758122921e-03,-1.812572404742240906e-02,-2.657605102285742760e-03,2.537074312567710876e-02,3.105479059740900993e-03,1.024841051548719406e-02,5.759791005402803421e-03,4.781713243573904037e-03,8.443742059171199799e-03,1.505646947771310806e-02,9.905918501317501068e-03,1.501695159822702408e-02,9.214348159730434418e-03,3.211519867181777954e-02,-9.589772671461105347e-03,-2.716882620006799698e-03,1.398947555571794510e-02,1.449004095047712326e-02,-8.074904792010784149e-03,4.130978882312774658e-02,3.352468600496649742e-03,1.248119398951530457e-02,2.965518506243824959e-03,-1.356794685125350952e-02,3.882672172039747238e-03,-1.562289800494909286e-02,3.902431344613432884e-03,2.945430018007755280e-02,1.537920208647847176e-03,-1.467445958405733109e-02,-2.858901571016758680e-04,2.469893358647823334e-02,1.328473258763551712e-02,5.168992653489112854e-02,-7.706067059189081192e-03,-7.113292813301086426e-03,3.006024844944477081e-02,-7.600685115903615952e-03,-5.302037578076124191e-03,-8.766474202275276184e-03,-7.627030368894338608e-03,6.589675322175025940e-03,2.842682600021362305e-02,1.932444423437118530e-02,-1.914002560079097748e-02,3.316901996731758118e-02,5.325090140104293823e-03,-1.094656717032194138e-02,-3.672566637396812439e-02,-2.710954844951629639e-02,2.832144312560558319e-02,8.147354237735271454e-03,-2.937526442110538483e-02,-3.585626557469367981e-02,2.974410168826580048e-02,7.238433696329593658e-03,-1.398947555571794510e-02,1.658450998365879059e-02,2.537074312567710876e-02,-2.481419360265135765e-03,-4.422755446285009384e-03,-4.284441471099853516e-03,-7.561166770756244659e-03,1.323862839490175247e-02,-2.952345879748463631e-03,2.407981269061565399e-02,1.213540905155241489e-03,7.495302706956863403e-03,4.356891848146915436e-03,8.430569432675838470e-03,1.016278751194477081e-02,-1.297517307102680206e-02,-2.617428265511989594e-02,3.095599636435508728e-02,3.356420248746871948e-02,-7.995868101716041565e-03,-1.001953380182385445e-03,1.083459891378879547e-02,1.047893427312374115e-02,1.451638620346784592e-02,2.024653926491737366e-02,1.553068868815898895e-02,-9.879573248326778412e-03,2.825557952746748924e-03,1.728925271891057491e-03,1.516514457762241364e-03,1.650547422468662262e-02,-1.123636774718761444e-02,-1.004423294216394424e-02,3.467071428894996643e-02,2.842023968696594238e-03,1.109805423766374588e-02,7.436025422066450119e-03,2.331579290330410004e-02,-6.214251741766929626e-03,7.436025422066450119e-03,-3.107125870883464813e-03,5.170309916138648987e-03,-2.014115639030933380e-02,-3.523714374750852585e-03,-2.008846588432788849e-02,-9.701740927994251251e-03,-2.406664006412029266e-02,-6.471120286732912064e-03,-1.205966528505086899e-02,-8.832338266074657440e-03,2.969141118228435516e-02,-5.911278072744607925e-03,-1.808620616793632507e-02,2.759694121778011322e-03,1.467445958405733109e-02,-1.071604341268539429e-02,-2.745204046368598938e-02,2.530487999320030212e-02,3.440726175904273987e-02,3.567184507846832275e-02,-5.031995940953493118e-03,-1.524088811129331589e-02,1.417389418929815292e-02,-1.554386131465435028e-02,8.516192436218261719e-03,-2.652994729578495026e-02,1.338352821767330170e-02,2.601620927453041077e-02,2.116863243281841278e-02,-2.334213815629482269e-02,-5.288864951580762863e-03,-1.138785481452941895e-02,-6.576502695679664612e-03,-3.434798214584589005e-03,-7.567753084003925323e-03,1.771736703813076019e-02,1.964388415217399597e-03,4.621005803346633911e-02,2.294695563614368439e-02,-8.895474820747040212e-06,-1.641326397657394409e-02,2.929622679948806763e-02,1.016937382519245148e-02,-4.989184439182281494e-03,-1.649230159819126129e-02,-4.783360054716467857e-04,-1.401582080870866776e-02,-2.758376859128475189e-02,6.067704525776207447e-04,2.531805261969566345e-02,-2.282840013504028320e-02,-5.574713647365570068e-02,-3.212919400539249182e-04,-1.474032271653413773e-02,-2.587130852043628693e-02,-2.164285071194171906e-02,-5.400833208113908768e-03,4.157324507832527161e-02,2.385587617754936218e-02,-1.167765539139509201e-02,-2.401394955813884735e-02,-4.686869680881500244e-02,-2.436961419880390167e-02,-1.099267136305570602e-02,-5.914571229368448257e-03,4.185645841062068939e-03,-6.502076238393783569e-02,-7.014496717602014542e-03,2.053633891046047211e-02,-2.847951650619506836e-02,-2.016750164330005646e-02,9.220935404300689697e-03,-1.587318070232868195e-02,-8.167114108800888062e-03,-7.547993678599596024e-03,8.871857076883316040e-03,1.534627005457878113e-02,-3.530300920829176903e-03,1.521454285830259323e-02,-2.598986402153968811e-02,-1.063700672239065170e-02,1.227043010294437408e-02,1.141420006752014160e-02,1.493462128564715385e-03,-1.722338958643376827e-03,3.721305867657065392e-03
-1.233984716236591339e-02,-3.795486688613891602e-02,-2.495061606168746948e-02,-6.544053554534912109e-03,-1.075301878154277802e-02,4.280565679073333740e-02,-1.322356797754764557e-02,6.576306186616420746e-03,-3.699373919516801834e-03,-9.308101609349250793e-03,5.189444404095411301e-03,1.713258400559425354e-02,2.123834099620580673e-03,-1.831948012113571167e-02,2.340248972177505493e-02,-1.950637623667716980e-02,3.111731447279453278e-02,3.138178493827581406e-03,-4.444409161806106567e-03,2.668903209269046783e-03,-2.281871857121586800e-03,1.366704120300710201e-03,1.211407873779535294e-02,-1.739060506224632263e-02,-1.878391765058040619e-02,5.782891996204853058e-03,1.250594737939536572e-03,-1.576507277786731720e-02,-8.172810077667236328e-03,-1.770023070275783539e-02,-7.566461339592933655e-03,1.024342793971300125e-02,-1.373961009085178375e-02,-3.349110484123229980e-02,-2.255102246999740601e-02,-3.542626276612281799e-02,5.657107103615999222e-03,-1.208666362799704075e-03,2.871772088110446930e-02,2.120608842233195901e-04,-1.062400825321674347e-02,3.557462478056550026e-03,1.272042747586965561e-02,7.463253103196620941e-03,-3.289765864610671997e-02,2.456035930663347244e-03,-1.277203205972909927e-02,-2.043525129556655884e-02,-1.107877003960311413e-03,1.363640185445547104e-02,2.113190665841102600e-02,-1.163028925657272339e-02,-2.938857488334178925e-02,-1.515066134743392467e-03,-1.660364121198654175e-02,-2.715669339522719383e-03,-2.791462931782007217e-03,2.173825539648532867e-02,-1.462978217750787735e-02,-1.292039360851049423e-02,1.771313138306140900e-02,2.805976662784814835e-03,-7.972843945026397705e-03,2.158344350755214691e-02,-1.120455563068389893e-02,-1.206247415393590927e-02,-1.163028925657272339e-02,-1.064336020499467850e-02,-3.709049662575125694e-03,5.051564075984060764e-04,1.448787003755569458e-02,9.224245324730873108e-03,2.739858813583850861e-03,9.462914429605007172e-03,4.296047240495681763e-02,-3.772264719009399414e-02,-1.896453206427395344e-03,3.242999548092484474e-03,-1.099813822656869888e-02,9.198443032801151276e-03,-1.666814647614955902e-02,-3.297506272792816162e-02,4.926585243083536625e-04,1.597149111330509186e-02,4.541167058050632477e-03,3.709049662575125694e-03,-1.678425632417201996e-02,6.450521294027566910e-03,-1.922255381941795349e-02,-2.506672590970993042e-02,2.549245953559875488e-02,2.523443847894668579e-02,-9.230695664882659912e-03,2.138992771506309509e-02,-1.353319361805915833e-02,-7.720467401668429375e-04,-2.300255745649337769e-02,2.882092818617820740e-02,6.198950577527284622e-03,-1.848719269037246704e-02,5.386185366660356522e-03,4.047702066600322723e-03,-1.350739132612943649e-02,-6.582756992429494858e-03,-2.771143801510334015e-02,-3.989002108573913574e-02,-1.455237530171871185e-02,-1.669394783675670624e-02,2.750502154231071472e-02,-1.466848514974117279e-02,-6.732731708325445652e-04,1.999661512672901154e-02,-1.688746362924575806e-02,-1.653913594782352448e-02,-2.478612819686532021e-03,-3.529725223779678345e-02,-9.617727249860763550e-03,1.522323000244796276e-03,-2.421525679528713226e-02,-1.999661512672901154e-02,-1.079817209392786026e-02,1.909354329109191895e-02,6.327961105853319168e-03,-1.861620321869850159e-02,2.551181009039282799e-03,1.085622701793909073e-02,-1.146257575601339340e-02,-1.941606774926185608e-02,2.438297029584646225e-03,-5.844172090291976929e-03,2.874352224171161652e-02,1.159803662449121475e-02,2.967239730060100555e-02,-1.275590504519641399e-03,1.357189659029245377e-02,1.462978217750787735e-02,-3.590118139982223511e-04,-6.676289252936840057e-03,-1.714548468589782715e-02,-1.285588834434747696e-02,-3.860636847093701363e-03,1.491360459476709366e-02,9.185542352497577667e-03,1.235274830833077431e-03,1.326227188110351562e-02,5.418437533080577850e-03,3.287185728549957275e-02,-5.024956073611974716e-03,1.261076889932155609e-02,-1.968699134886264801e-02,2.124801650643348694e-02,-1.567476615309715271e-02,3.307827189564704895e-02,-9.185542352497577667e-03,-8.411479182541370392e-03,1.585538126528263092e-02,1.141097210347652435e-02,2.457648515701293945e-02,8.024448528885841370e-03,1.250756066292524338e-02,2.785012591630220413e-03,1.326227188110351562e-02,2.882092818617820740e-02,-1.222373731434345245e-02,2.740181423723697662e-02,4.507623985409736633e-02,5.276526324450969696e-03,-1.250111032277345657e-02,-1.939026638865470886e-02,-1.439272542484104633e-03,6.231203209608793259e-03,1.944187097251415253e-02,-1.955798082053661346e-02,1.984180323779582977e-02,-1.522323023527860641e-02,2.193177118897438049e-02,-1.253981329500675201e-02,1.082397438585758209e-02,-3.591649979352951050e-02,6.611783988773822784e-03,-3.119472041726112366e-02,3.524564579129219055e-02,2.249941788613796234e-02,-8.837213739752769470e-03,8.366325870156288147e-03,-9.488716721534729004e-03,1.248820871114730835e-02,5.492618773132562637e-03,4.263794515281915665e-03,-2.665879401320125908e-05,8.474371861666440964e-04,2.936277166008949280e-02,-1.012086775153875351e-02,2.618911676108837128e-03,-6.584692001342773438e-01,-6.276356987655162811e-03,-2.006112132221460342e-03,-1.530063617974519730e-02,7.753526326268911362e-03,1.975472114281728864e-04,1.322356797754764557e-02,5.792567972093820572e-03,-8.514688350260257721e-03,1.377831306308507919e-02,-1.450077164918184280e-02,1.390732359141111374e-02,7.431000471115112305e-03,-1.591988652944564819e-02,6.220721406862139702e-04,-2.011272497475147247e-02,-3.686472773551940918e-03,-2.585368789732456207e-02,-9.006540058180689812e-04,-1.580377668142318726e-02,-2.629232406616210938e-02,9.088784456253051758e-03,1.458624145016074181e-03,-6.121544633060693741e-03,2.660194970667362213e-02,8.482435718178749084e-03,2.317027188837528229e-02,-2.571177668869495392e-02,4.405705723911523819e-03,1.559413503855466843e-03,-2.892413735389709473e-02,1.273332908749580383e-02,2.150593718397431076e-05,2.609235700219869614e-03,3.702599182724952698e-02,-6.180405616760253906e-04,-1.144967507570981979e-02,-8.998477132990956306e-04,1.564896479249000549e-02,3.377492725849151611e-02,-1.635852083563804626e-02,-7.224583532661199570e-03,-9.591924957931041718e-03,-3.181719454005360603e-03,-1.287524029612541199e-02,2.222849614918231964e-02,2.278324030339717865e-02,-1.466687186621129513e-03,2.884672954678535461e-02,-1.859040185809135437e-02,7.469703443348407745e-03,2.728570485487580299e-03,-1.701647415757179260e-02,-4.860467743128538132e-03,-3.143016481772065163e-03,1.243015378713607788e-02,3.947718814015388489e-02,-4.960450809448957443e-03,-4.121882840991020203e-03,1.508131809532642365e-02,9.972505271434783936e-03,6.186049897223711014e-03,-1.870651170611381531e-02,-2.412494830787181854e-02,-1.324937026947736740e-02,2.101579867303371429e-02,8.869466837495565414e-04,-1.944187097251415253e-02,1.982890255749225616e-02,1.187540963292121887e-02,1.033373456448316574e-02,2.154474146664142609e-02,-1.223018765449523926e-02,3.067867830395698547e-02,9.050081484019756317e-03,1.777763664722442627e-02,-1.080462243407964706e-02,-2.087388560175895691e-02,-1.629401557147502899e-02,-7.308440282940864563e-03,1.450077164918184280e-02,-3.418776323087513447e-04,-1.875811628997325897e-02,-1.319776661694049835e-02,1.509421970695257187e-02,-1.329613616690039635e-03,-2.277033962309360504e-02,-1.773893367499113083e-03,6.669838912785053253e-03,-7.476153783500194550e-03,-1.504261512309312820e-02,9.933802299201488495e-03,5.547448061406612396e-03,-6.644036620855331421e-03,2.307996526360511780e-02,-1.714225974865257740e-03,-1.239145081490278244e-02,-3.292991081252694130e-03,1.229469291865825653e-02,-1.209472678601741791e-02,2.089968882501125336e-02,-6.979464087635278702e-03,2.838229387998580933e-02,9.211343713104724884e-03,4.847566597163677216e-03,8.772708475589752197e-03,-1.911934465169906616e-02,1.145773800089955330e-03,3.499407786875963211e-03,-2.020303159952163696e-02,4.160586278885602951e-03,1.943219453096389771e-03,-4.328299779444932938e-03,-1.444916706532239914e-02,-2.009337302297353745e-03,-2.900154329836368561e-02,9.611276909708976746e-03,5.305553786456584930e-03,1.392022427171468735e-02,-3.217519819736480713e-02,1.244305539876222610e-02,5.057208705693483353e-03,-1.370090711861848831e-02,-3.463929751887917519e-03,9.778990410268306732e-03,3.648414835333824158e-02,-4.605671856552362442e-03,-3.893534466624259949e-02,-1.395892817527055740e-02,-1.368800550699234009e-02,-2.177695930004119873e-02,-1.510712038725614548e-02,9.462914429605007172e-03,-8.708203677088022232e-04,-3.999323118478059769e-03,-1.074011810123920441e-02,2.083518356084823608e-02,-5.318454466760158539e-03,1.568766683340072632e-02,-2.193177118897438049e-02,-2.810814650729298592e-03,-1.050789933651685715e-02,-2.173825632780790329e-03,-2.685997076332569122e-02,1.859040185809135437e-02,-3.256222978234291077e-02,-3.889664309099316597e-03,-3.276864811778068542e-02,-3.852251172065734863e-02,-1.355899497866630554e-02,1.318486500531435013e-02,-1.567476615309715271e-02,-4.216060787439346313e-02,-7.282638456672430038e-03,5.434563849121332169e-03,2.231880323961377144e-03,-1.137871947139501572e-02,-1.670685014687478542e-03,3.838059958070516586e-03,-3.062707372009754181e-02,-1.463462016545236111e-03,1.321066729724407196e-02,-1.922255381941795349e-02,-5.947380326688289642e-03,-2.591496799141168594e-03,-1.437176112085580826e-02,4.886269569396972656e-03,2.771143801510334015e-02,-8.050250820815563202e-03,-2.840809524059295654e-02,4.089630208909511566e-03,1.475879270583391190e-02,-9.714485146105289459e-03,2.354440279304981232e-02,1.959668286144733429e-02,-7.179430220276117325e-03,-1.048854738473892212e-02,-5.444239825010299683e-03,5.144290626049041748e-03,2.040944807231426239e-02,-1.714548468589782715e-02,-2.234460599720478058e-02,-1.844849064946174622e-02,-8.030898869037628174e-03,6.740794517099857330e-03,-1.114650070667266846e-02,-9.153289720416069031e-03,1.141097210347652435e-02,-7.431000471115112305e-03,1.909354235976934433e-03,9.127487428486347198e-03,8.695302531123161316e-03,-4.802412819117307663e-03,-1.103039085865020752e-02,2.986591309309005737e-03,2.062876708805561066e-02,2.820490393787622452e-03,1.147547736763954163e-02,1.838398538529872894e-02,1.425565127283334732e-02,-3.909016028046607971e-03,-1.613920368254184723e-02,4.634054377675056458e-02,-2.371211536228656769e-02,9.443562477827072144e-03,-3.088509477674961090e-02,2.109320368617773056e-03,-1.604889705777168274e-02,2.959499135613441467e-02,1.282363571226596832e-02,1.495714532211422920e-03,-5.132034793496131897e-02,-1.277203205972909927e-02,-7.263286970555782318e-03,1.539094373583793640e-02,3.527145087718963623e-02,-6.298934109508991241e-03,3.017231356352567673e-03,-2.049975655972957611e-02,-2.053845860064029694e-02,-4.073503892868757248e-03,1.527483388781547546e-02,1.439756341278553009e-02,-2.222849614918231964e-02,-2.853710576891899109e-02,1.175284944474697113e-02,3.204618766903877258e-02,1.828077621757984161e-02,3.979165339842438698e-04,1.521032862365245819e-02,-7.824482396245002747e-03,2.583433641120791435e-03,3.551011905074119568e-03,3.034325130283832550e-02,3.180106868967413902e-03,-1.935156248509883881e-02,1.372670941054821014e-02,-2.987881377339363098e-02,1.670685037970542908e-02,-3.896114602684974670e-02,5.876424722373485565e-03,1.519097713753581047e-03,3.697438538074493408e-02,-1.847429201006889343e-02,-4.231541883200407028e-03,1.621660962700843811e-02,1.389442291110754013e-02,-3.144629066810011864e-03,1.465074601583182812e-03,4.814669117331504822e-02,-1.452657394111156464e-02,4.779836162924766541e-03,-1.411374006420373917e-02,-7.566461339592933655e-03,3.438127692788839340e-03,-1.911934465169906616e-02,-1.882262155413627625e-02,2.310576662421226501e-02,3.426516801118850708e-02,3.700019046664237976e-02,-1.630691811442375183e-02,-2.254457212984561920e-03,1.982890255749225616e-02,-1.032728422433137894e-02,3.576813964173197746e-03,-1.040469016879796982e-02,1.017247140407562256e-02,-9.778990410268306732e-03,-2.111900597810745239e-02,-8.953323587775230408e-03,-1.469106180593371391e-03,-1.544254738837480545e-02,2.148023620247840881e-02,-6.979464087635278702e-03,1.171575859189033508e-03,-3.467155154794454575e-03,2.416365221142768860e-02,-3.093669936060905457e-02,4.487143887672573328e-04,1.864200644195079803e-02,-6.595657672733068466e-03,-2.242201194167137146e-02,1.733577577397227287e-03,6.011885590851306915e-03,-1.446206867694854736e-02,-3.016263619065284729e-02,-1.005636248737573624e-02,9.391958825290203094e-03,-1.055950298905372620e-02,-8.134107105433940887e-03,-8.637247607111930847e-03,2.430556342005729675e-02,1.936446502804756165e-02,-1.422984991222620010e-02,-6.785948295146226883e-03,2.283484442159533501e-03,1.713258400559425354e-02,-8.933971635997295380e-03,2.691157348453998566e-02,5.134614650160074234e-03,-2.775336615741252899e-03,-1.647463068366050720e-02,1.121745631098747253e-02,-2.747922018170356750e-02,3.426516801118850708e-02,4.641150124371051788e-03,-3.537707671057432890e-04,4.763709846884012222e-03,-1.292039360851049423e-02,-8.527589030563831329e-03,-3.168496116995811462e-02,4.244443029165267944e-03,-3.096250072121620178e-02,-2.685997076332569122e-02,1.045790733769536018e-03,-7.598713971674442291e-03,-6.134445779025554657e-03,2.341539133340120316e-03,2.391853183507919312e-02,-1.923867966979742050e-03,6.376340053975582123e-03,-5.168157443404197693e-02,-8.972674608230590820e-03,1.060465630143880844e-02,1.227147132158279419e-01,1.493940688669681549e-02,6.179599091410636902e-03,-1.146257575601339340e-02,2.912410302087664604e-03,4.763064906001091003e-02,-1.767442794516682625e-03,-1.656493917107582092e-02,-1.531353686004877090e-02,6.445481994887813926e-05,6.811750121414661407e-03,-1.838398538529872894e-02,6.082841195166110992e-03,-2.874352224171161652e-02,1.037243753671646118e-02,2.573757991194725037e-02,-3.112376434728503227e-03,3.976746462285518646e-03,1.390732359141111374e-02,4.763709846884012222e-03,-1.192056294530630112e-02,-2.297675609588623047e-02,-1.202377118170261383e-02,7.469703443348407745e-03,2.740181423723697662e-02,-1.084332633763551712e-02,3.049806319177150726e-02,1.651333458721637726e-02,1.012086775153875351e-02,-1.469912473112344742e-03,2.025463618338108063e-02,1.003701053559780121e-02,9.830594062805175781e-03,-7.663219235837459564e-03,-1.860330253839492798e-02,2.639875747263431549e-03,1.019182382151484489e-03,4.076729342341423035e-02,1.461688056588172913e-02,-1.327517256140708923e-02,8.314721286296844482e-03,2.009982429444789886e-02,-1.223986386321485043e-03,-2.447327785193920135e-02,1.224308926612138748e-02,-5.050757899880409241e-03,-8.508237078785896301e-03,-1.012086775153875351e-02,2.662452636286616325e-03,-2.590529248118400574e-02,3.934817761182785034e-02,7.030060078250244260e-05,-8.030898869037628174e-03,-3.289765864610671997e-02,-1.109489612281322479e-02,1.594568789005279541e-02,1.457817759364843369e-02,6.324735935777425766e-03,2.381854923442006111e-03,4.728232044726610184e-03,-5.918353330343961716e-03,-2.310576662421226501e-02,1.846139132976531982e-02,-6.463421974331140518e-03,-2.291225083172321320e-02,-8.063151501119136810e-03,-3.439417853951454163e-02,1.190766226500272751e-02,-1.803565770387649536e-02,-1.068206317722797394e-02,-3.300086781382560730e-02,-8.263117633759975433e-03,-8.314721286296844482e-03,-2.054491080343723297e-03,3.163335472345352173e-02,1.742930896580219269e-02,4.608897492289543152e-03,1.488780230283737183e-02,2.346699498593807220e-02,5.289427470415830612e-03,-2.644713735207915306e-03,2.248006640002131462e-03,8.050250820815563202e-03,-1.197378034703433514e-03,-2.755662612617015839e-02,1.692616753280162811e-02,-6.669838912785053253e-03,-2.914022887125611305e-03,-2.390563115477561951e-02,7.656768430024385452e-03,9.501617401838302612e-03,1.375251077115535736e-02,1.922255265526473522e-03,-1.439756341278553009e-02,8.353425189852714539e-03,1.353319361805915833e-02,-1.300586271099746227e-03,-8.437281474471092224e-03,-2.747922018170356750e-02,-1.028858125209808350e-02,-9.474203106947243214e-04,4.725006874650716782e-03,2.314447052776813507e-02,-8.340523578226566315e-03,3.767104446887969971e-02,3.612291812896728516e-02,5.937704816460609436e-03,2.493771538138389587e-02,-1.493940688669681549e-02,-4.263794515281915665e-03,6.386016029864549637e-03,-3.049806319177150726e-02,9.643529541790485382e-03,-1.272687781602144241e-02,-2.825328335165977478e-02,2.833068929612636566e-02,1.731319911777973175e-02,2.604720368981361389e-02,3.460059687495231628e-02,3.815483301877975464e-03,-3.769523173104971647e-04,-2.745341882109642029e-02,1.781633868813514709e-02,3.525209845975041389e-03,-1.791954785585403442e-02,1.326227188110351562e-02,6.066715344786643982e-03,-9.579024277627468109e-03,1.298489887267351151e-02,1.035308651626110077e-02,4.983027465641498566e-03,6.798849441111087799e-03,-2.136735012754797935e-03,7.450351957231760025e-03,-3.411035612225532532e-02,-6.144121289253234863e-03,-8.724330109544098377e-04,2.075455151498317719e-03,-5.247498862445354462e-03,6.418268661946058273e-03,2.944662934169173241e-03,-1.216568239033222198e-02,-8.147007785737514496e-03,-1.521032862365245819e-02,-2.273163571953773499e-02,-3.989002108573913574e-02,4.025125410407781601e-03,-2.166084945201873779e-02,-4.063828382641077042e-04,4.461180418729782104e-02,-2.195757441222667694e-02,1.735190115869045258e-02,-2.737601101398468018e-02,-5.557124037295579910e-03,1.452657394111156464e-02,-2.221559546887874603e-02,-2.431846410036087036e-02,-2.109320368617773056e-03,1.442336477339267731e-02,1.359769888222217560e-02,1.690036617219448090e-02,-1.252046134322881699e-02,2.376371994614601135e-02,7.979294285178184509e-03,9.764476562850177288e-04,-1.345578674226999283e-02,-3.144629066810011864e-03,-1.537804212421178818e-02,-2.585368789732456207e-02,1.168834418058395386e-02,1.628111489117145538e-02,2.129962109029293060e-02,3.245902061462402344e-02,1.559736020863056183e-02,-6.453746464103460312e-03,1.731319911777973175e-02,-2.838229294866323471e-03,-1.681005768477916718e-02,-2.997879637405276299e-03,-4.956580325961112976e-02,-1.094653457403182983e-02,-4.789512138813734055e-03,-4.283146001398563385e-03,-4.286371171474456787e-03,-2.101257210597395897e-03,-1.104329247027635574e-02,3.547786548733711243e-02,-6.560179870575666428e-03,3.867087420076131821e-03,1.802275516092777252e-02,2.033204212784767151e-02,-4.316688701510429382e-02,2.735020965337753296e-02,-2.026753686368465424e-02,-1.810983754694461823e-03,-1.104329247027635574e-02,-1.563243422424420714e-04,2.084808424115180969e-02,-2.148023573681712151e-03,1.790664717555046082e-02,8.940421976149082184e-03,1.241725310683250427e-02,-1.321066729724407196e-02,-8.753357455134391785e-03,-1.930318423546850681e-03,3.078188747167587280e-02,-5.615178495645523071e-03,-1.435886044055223465e-02,4.124302067793905735e-04,-9.520969353616237640e-03,-9.727385826408863068e-03,-2.598269842565059662e-02,-2.271873503923416138e-02,-3.632933646440505981e-02,-4.063828382641077042e-03,-2.088356297463178635e-03,-1.176575012505054474e-02,1.493940688669681549e-02,-2.902734465897083282e-02,-1.608759909868240356e-02,-2.515703253448009491e-02,-1.048209704458713531e-02,1.084332633763551712e-02,9.269398637115955353e-03,1.531353686004877090e-02,8.624346926808357239e-03,-4.825796058867126703e-04,-1.679715700447559357e-02,-6.940760649740695953e-03,-4.183162935078144073e-03,1.462978217750787735e-02,-6.334411911666393280e-03,1.555865723639726639e-02,1.169479452073574066e-02,1.657783985137939453e-03,-5.850622430443763733e-03,3.299441654235124588e-03,-1.196571625769138336e-02,-1.524903159588575363e-02,1.976439729332923889e-02,-1.014344394207000732e-03,1.678143453318625689e-04,-2.491191215813159943e-02,3.576813964173197746e-03,-1.181735470890998840e-02,1.763572543859481812e-02,-2.346699498593807220e-02,9.804791770875453949e-03,-1.527483388781547546e-02,-3.434902522712945938e-03,-1.253981329500675201e-02,5.321680218912661076e-04,-2.056426182389259338e-02,3.439417853951454163e-02,1.847429201006889343e-02,-9.262948296964168549e-03,1.233662129379808903e-03,8.527589030563831329e-03,-6.018336396664381027e-03,8.463083766400814056e-03,-1.586828194558620453e-02,1.777763664722442627e-02,1.377831306308507919e-02,1.067561283707618713e-02,9.385508485138416290e-03,1.731319911777973175e-02,-2.217689156532287598e-02,-1.397344167344272137e-03,-1.406213641166687012e-02,2.282194420695304871e-02,-9.804791770875453949e-03,-1.452657394111156464e-02,-4.141234792768955231e-03,-4.412156529724597931e-03,1.091428194195032120e-02,-3.389748744666576385e-03,1.303005311638116837e-02,6.447295658290386200e-03,-9.617727249860763550e-03,-1.271397713571786880e-02,8.604994975030422211e-03,1.841623801738023758e-03,-4.631474148482084274e-03,-2.186726592481136322e-02,1.226405380293726921e-03,-1.588118262588977814e-02,8.992026560008525848e-03,2.501512132585048676e-02,1.843558996915817261e-02,-1.353319361805915833e-02,-2.830488607287406921e-02,-1.350739132612943649e-02,1.299134921282529831e-02,3.070447966456413269e-02,-1.979019865393638611e-02,4.934648517519235611e-03,1.443626638501882553e-02,2.820167876780033112e-02,5.589376669377088547e-03,3.323308378458023071e-02,-1.024342793971300125e-02,1.147547736763954163e-02,-1.726159453392028809e-02,4.410543770063668489e-04,1.978697255253791809e-03,-2.324767783284187317e-02,1.284298766404390335e-02,-1.270107645541429520e-02,-4.205739870667457581e-02,3.369752317667007446e-02,1.690036617219448090e-02,2.884672954678535461e-02,1.705517806112766266e-02,-1.662944257259368896e-02,1.131421420723199844e-02,-2.159311901777982712e-03,9.998307563364505768e-03,-2.239943481981754303e-03,-2.747922018170356750e-02,-9.378453250974416733e-05,-2.213818766176700592e-02,-2.775336615741252899e-03,3.679377213120460510e-02,-2.556986548006534576e-02,2.017400460317730904e-03,1.292684394866228104e-02,-3.647769801318645477e-03,1.573927141726016998e-02,-3.328469023108482361e-02,-1.152063068002462387e-02,3.309117397293448448e-03,-2.672128379344940186e-03,-8.885592687875032425e-04,-2.306706272065639496e-02,3.149467054754495621e-03,-1.208182610571384430e-02,-1.677135471254587173e-03,2.169955335557460785e-02,-1.817756891250610352e-02,-9.624177590012550354e-03,2.362503291806206107e-04,1.292684394866228104e-02,1.379121374338865280e-02,1.355899497866630554e-02,-1.259786821901798248e-02,1.235274784266948700e-02,1.188831031322479248e-02,-1.817756891250610352e-02,-1.019827369600534439e-02,-3.005942888557910919e-02,-8.082502521574497223e-03,2.843389660120010376e-02,1.646173000335693359e-02,-1.653913594782352448e-02,4.721781238913536072e-03,-2.233170345425605774e-02,-4.603091999888420105e-02,-1.306230481714010239e-02,-7.824482396245002747e-03,8.585643954575061798e-03,2.078680321574211121e-03,4.995928611606359482e-03,1.780343800783157349e-02,1.132066454738378525e-02,2.188016846776008606e-02,-5.308778956532478333e-03,-2.954338677227497101e-02,-2.662775106728076935e-02,2.167375013232231140e-02,-1.856460049748420715e-02,3.012393368408083916e-03,2.244781330227851868e-02,-3.916756436228752136e-02,-1.806145906448364258e-02,1.982890255749225616e-02,-1.946444739587605000e-03,1.184315700083971024e-02,5.141065455973148346e-03,6.918183644302189350e-04,-9.959604591131210327e-03,-4.858048632740974426e-04,-3.754203207790851593e-03,-3.054321743547916412e-03,2.135122567415237427e-02,-2.824118710123002529e-04,1.731964875943958759e-03,1.091428194195032120e-02,3.850961104035377502e-03,6.089292000979185104e-03,-9.345192229375243187e-04,7.514857221394777298e-03,2.359600551426410675e-02,1.717128790915012360e-02,-1.513292267918586731e-02,8.185711689293384552e-03,-1.140452176332473755e-02,4.189613275229930878e-03,-3.886438906192779541e-03,3.305247053503990173e-02,-1.066754921339452267e-03,-1.266882382333278656e-02,8.992026560008525848e-03,-8.579192683100700378e-03,-1.493940688669681549e-02,1.346868835389614105e-02,3.601970896124839783e-02,7.250385824590921402e-03,-2.753082476556301117e-02,1.857750117778778076e-03,2.436684444546699524e-03,-3.799356985837221146e-03,1.256561558693647385e-02,-8.837213739752769470e-03,-2.613751217722892761e-02,1.892582885921001434e-02,-2.220269292593002319e-02,-1.556994509883224964e-03,-1.917094923555850983e-02,1.070786546915769577e-02,2.667935565114021301e-02,-1.802275516092777252e-02,3.499407786875963211e-03,2.783399773761630058e-03,1.462706040911143646e-05,-5.866748746484518051e-03,-2.959499135613441467e-02,-9.585474617779254913e-03,-5.889325868338346481e-03,1.941606774926185608e-02,4.544392228126525879e-03,-5.089461337774991989e-03,-1.194636523723602295e-02,-1.408793777227401733e-02,1.092073228210210800e-02,-6.909112562425434589e-05,-5.353932501748204231e-04,2.175631821155548096e-01,-1.570056751370429993e-02,-1.215923228301107883e-03,8.469534106552600861e-03,9.811243042349815369e-03,1.549415197223424911e-02,1.134001649916172028e-02,1.384281832724809647e-02,8.508237078785896301e-03,2.237040735781192780e-02,-4.239282384514808655e-02,-9.211343713104724884e-03,-2.523766364902257919e-03,-1.854524831287562847e-03,9.056531824171543121e-03,-3.656155243515968323e-02,-2.564727142453193665e-02,-4.907556623220443726e-02,-2.104160003364086151e-02,-3.867732360959053040e-02,1.639722473919391632e-02,7.218133192509412766e-03,1.548125036060810089e-02,-1.435886044055223465e-02,2.346699498593807220e-02,6.289258133620023727e-03,5.640980787575244904e-03,-6.714992690831422806e-03,4.030285775661468506e-02,8.759807795286178589e-03,-1.785504259169101715e-02,1.133356522768735886e-02,-1.403633411973714828e-02,-1.896453276276588440e-02,6.269906647503376007e-03,3.912241198122501373e-03,4.866272956132888794e-02,-3.470380324870347977e-03,1.495230756700038910e-02,2.854355610907077789e-03,1.141742221079766750e-03,-1.859040185809135437e-02,-8.037349209189414978e-03,-1.201087050139904022e-02,7.540659047663211823e-03,2.402174100279808044e-02,-2.502802200615406036e-02,-7.572911679744720459e-03,-1.549415197223424911e-02,1.019827369600534439e-02,-4.342490807175636292e-02,-2.096419408917427063e-02,4.858532547950744629e-02,1.577797532081604004e-02,-1.313487417064607143e-03,-1.752929063513875008e-03,5.136227700859308243e-04,2.830488607287406921e-02,-2.353150025010108948e-02,-3.505858127027750015e-03,-1.226889155805110931e-02,4.389579407870769501e-03,3.020456526428461075e-03,1.690036617219448090e-02,1.651333458721637726e-02,1.346868835389614105e-02,-3.305247053503990173e-02,-7.228614995256066322e-04,-1.040952862240374088e-03,-4.392805043607950211e-03,-1.691326685249805450e-02,-1.197216752916574478e-02,5.102362018078565598e-03,9.788665920495986938e-04,-9.649979881942272186e-03,-6.115093827247619629e-03,8.727555163204669952e-03,-2.181566320359706879e-02,5.234597716480493546e-03,1.371380779892206192e-02,1.571347005665302277e-02,-1.673265174031257629e-02,1.420404762029647827e-02,-2.264132909476757050e-02,8.076052181422710419e-03,-1.800985448062419891e-02,2.553116343915462494e-02,-5.931254010647535324e-03,-2.660194970667362213e-02,1.625531353056430817e-02,2.616331353783607483e-02,-1.829367876052856445e-02,-5.724837537854909897e-03,-1.373961009085178375e-02,-9.050081484019756317e-03,1.487490162253379822e-02,1.908064074814319611e-02,2.972400188446044922e-02,-4.557293374091386795e-03,2.234460599720478058e-02,-8.198612369596958160e-03,-1.673910184763371944e-03,-2.664065221324563026e-03,-8.498561801388859749e-04,-8.050250820815563202e-03,4.305722657591104507e-03,7.959943264722824097e-03,3.607131540775299072e-02,-2.320575062185525894e-03,-2.017723023891448975e-02,6.524702068418264389e-03,-2.634392865002155304e-02,7.357625872828066349e-04,-4.479080671444535255e-04,4.441183991730213165e-03,-1.166899316012859344e-02,-7.289088680408895016e-04,-1.303005311638116837e-02,4.448279365897178650e-02,2.314124489203095436e-03,-1.326227188110351562e-02,-1.664234511554241180e-02,-7.869635708630084991e-03,2.511832863092422485e-02,-3.634868655353784561e-03,-1.093363296240568161e-02,-1.696487143635749817e-02,8.727555163204669952e-03,1.522323023527860641e-02,-2.228010073304176331e-02,2.133832313120365143e-02,-3.725175978615880013e-03,1.049016020260751247e-03,2.680191537365317345e-03,-5.489393603056669235e-03,7.463253103196620941e-03,-4.612122720573097467e-04,-5.182993598282337189e-03,-3.710339590907096863e-02,5.863523576408624649e-03,-2.550536021590232849e-02,-2.351214876398444176e-03,1.533933915197849274e-02,1.055950298905372620e-02,-6.192500237375497818e-03,-7.668057223781943321e-04,1.144322473555803299e-02,-1.068851351737976074e-02,4.663726780563592911e-03,-1.373961009085178375e-02,-1.301392680034041405e-03,-1.203022152185440063e-02,-5.507132154889404774e-04,-1.455237530171871185e-02,3.607131540775299072e-02,-6.160247605293989182e-03,-1.713258400559425354e-02,-3.067867830395698547e-02,3.653575107455253601e-02,4.863692913204431534e-03,-4.265084490180015564e-02,1.753251627087593079e-02,1.798405312001705170e-02,-1.187540963292121887e-02,3.338144626468420029e-03,4.776610992848873138e-03,-1.628627628087997437e-01,1.115295104682445526e-02,2.998202294111251831e-02,-2.037074603140354156e-02,2.234460599720478058e-02,-3.072060644626617432e-03,1.258496660739183426e-02,-4.499238450080156326e-03,-1.536514144390821457e-02,-5.524871405214071274e-03,1.741640642285346985e-02,-4.121882840991020203e-03,-1.751961559057235718e-02,2.481837989762425423e-03,-1.034018490463495255e-02,2.718894742429256439e-03,-3.573588654398918152e-02,6.934310309588909149e-03,4.605672135949134827e-02,9.379058144986629486e-03,1.588118262588977814e-02,3.084961790591478348e-03,1.057885494083166122e-02,-3.503923118114471436e-02,1.848719269037246704e-02,2.869191765785217285e-02,-5.390216829255223274e-04,6.031237076967954636e-03,-3.423936665058135986e-02,-1.032728422433137894e-02,-1.156578399240970612e-02,1.577797532081604004e-02,4.396675154566764832e-02,-2.286064624786376953e-02,1.610050164163112640e-02,8.140557445585727692e-03,-7.650318089872598648e-03,-8.675950579345226288e-03,-1.154643297195434570e-02,2.389273047447204590e-02,3.036905266344547272e-02,-1.540061901323497295e-03,1.043371739797294140e-03,5.608728155493736267e-03,-2.003531903028488159e-02,2.080938033759593964e-02,1.936768996529281139e-03,4.886270035058259964e-04,9.591924957931041718e-03,-2.824118710123002529e-04,-1.094975974410772324e-03,-2.028043754398822784e-02,-8.159909397363662720e-03,2.133509842678904533e-03,1.925480552017688751e-03,1.590698584914207458e-02,-1.044984441250562668e-02,-1.227211672812700272e-03,7.695471867918968201e-03,1.505551673471927643e-02,-2.390563115477561951e-02,5.344256758689880371e-03,1.238500047475099564e-02,-1.959668286144733429e-02,1.779053732752799988e-02,-1.764862611889839172e-02,-1.620370894670486450e-02,4.179937765002250671e-03,-1.061755791306495667e-02,1.481039635837078094e-02,-1.989340782165527344e-02,-3.225260600447654724e-02,5.702260881662368774e-03,-1.422984991222620010e-02,2.397013641893863678e-02,1.083042472600936890e-02,-1.390732359141111374e-02,3.903855383396148682e-02,7.553560193628072739e-03,5.576475523412227631e-03,-1.652623526751995087e-02,5.691939964890480042e-02,-1.671975106000900269e-02,1.065626088529825211e-02,5.347481928765773773e-03,-1.173994876444339752e-02,8.256667293608188629e-03,-2.636973001062870026e-02,-8.514688350260257721e-03,-3.838059958070516586e-03,-5.270075984299182892e-03,-7.766427472233772278e-03,1.166737987659871578e-03,-1.209472678601741791e-02,3.227840736508369446e-02,2.513123117387294769e-02,-5.547448061406612396e-03,2.030301606282591820e-03,-1.415244303643703461e-02,-6.492449436336755753e-03,1.497810985893011093e-02,-2.198337577283382416e-02,-2.455068379640579224e-02,5.164448521099984646e-04,3.282025083899497986e-02,4.057377576828002930e-03,4.876593872904777527e-02,1.929995976388454437e-02,1.572637073695659637e-02,-1.922255381941795349e-02,2.496351720765233040e-03,-1.491360459476709366e-02,1.509421970695257187e-02,3.349110484123229980e-02,1.301715150475502014e-02,2.189306914806365967e-02,9.308101609349250793e-03,-5.811919458210468292e-03,2.897574007511138916e-02,6.592432502657175064e-03,4.123173281550407410e-02,-1.871941238641738892e-02,-1.982890255749225616e-02,-1.126905996352434158e-02,-9.585474617779254913e-03,-1.350739132612943649e-02,-1.107425466179847717e-01,-2.482160553336143494e-02,-4.912071861326694489e-03,1.844849064946174622e-02,2.336378768086433411e-02,1.291394326835870743e-02,1.518452633172273636e-02,-1.418308354914188385e-03,-3.787745907902717590e-02,-9.617727249860763550e-03,-1.172382268123328686e-03,-1.235919818282127380e-02,-5.837721750140190125e-03,-5.998984444886445999e-03,1.310100872069597244e-02,-3.519404307007789612e-02,-9.830594062805175781e-03,-6.173148751258850098e-03,-5.747414194047451019e-03,2.046105265617370605e-02,-1.580377668142318726e-02,-1.261076889932155609e-03,5.566799547523260117e-03,-1.126905996352434158e-02,1.626821421086788177e-02,-4.528265912085771561e-03,-1.695196889340877533e-02,1.781633868813514709e-02,1.224308926612138748e-02,5.105587653815746307e-03,-3.547786734998226166e-03,-4.172680783085525036e-04,3.512308700010180473e-03,-1.846461673267185688e-03,-5.715161561965942383e-03,-6.434394977986812592e-03,-2.843389660120010376e-02,4.636312078218907118e-04,3.186557441949844360e-02,-2.347989752888679504e-02,7.031068089418113232e-04,8.037349209189414978e-03,-1.408793777227401733e-02,-1.722289132885634899e-03,-9.474203106947243214e-04,-2.223817165940999985e-03,-1.545544900000095367e-02,1.626821421086788177e-02,4.177357628941535950e-02,3.402649890631437302e-03,-2.781464718282222748e-02,-8.237315341830253601e-03,-1.509421970695257187e-02,-2.030624076724052429e-02,5.279751494526863098e-03,-5.953831132501363754e-03,1.601019315421581268e-02,-7.585812825709581375e-03,-3.519404307007789612e-02,6.734344176948070526e-03,-1.349449064582586288e-02,-1.905483938753604889e-02,6.176373921334743500e-03,1.419114693999290466e-02,-2.972077578306198120e-03,-2.928536618128418922e-03,7.649914914509281516e-05,-4.608897492289543152e-03,1.656493917107582092e-02,1.764862611889839172e-02,2.554406411945819855e-02,-7.366495206952095032e-03,-1.490070391446352005e-02,1.820337027311325073e-02,-3.343950212001800537e-02,-1.362350024282932281e-02,-1.273977919481694698e-03,-5.150740966200828552e-03,1.842268742620944977e-02,-4.306367784738540649e-02,-3.318148106336593628e-02,-1.175929978489875793e-02,2.206078171730041504e-02,2.164149889722466469e-03,4.265084490180015564e-02,1.212697941809892654e-02,6.244104355573654175e-03,-1.261721923947334290e-02,-4.331524949520826340e-03,-1.183670666068792343e-02,8.540489710867404938e-03,2.070617396384477615e-03,2.382822521030902863e-02,-8.669500239193439484e-03,3.038195427507162094e-03,5.473267287015914917e-03,-5.986083764582872391e-03,-6.831102073192596436e-03,-1.272687781602144241e-02,1.086912769824266434e-02,-1.993210986256599426e-02,-5.815144628286361694e-03,-4.639214649796485901e-02,1.479749567806720734e-02,-1.297199819236993790e-02,-1.183025538921356201e-02,1.330097485333681107e-02,-1.958378218114376068e-02,-1.020472403615713120e-02,-1.460397988557815552e-02,1.088525401428341866e-03,-6.250555161386728287e-03,9.437112137675285339e-03,1.980309933423995972e-02,1.415244303643703461e-02,2.113190665841102600e-02,4.357327241450548172e-03,1.115295104682445526e-02,8.966224268078804016e-04,1.293329522013664246e-02,-3.014005953446030617e-03,2.420235611498355865e-02,-7.379396352916955948e-03,-1.833560643717646599e-03,1.212052907794713974e-02,1.924835518002510071e-02,-1.975149661302566528e-02,2.742761559784412384e-02,-1.479749567806720734e-02,7.231034338474273682e-03,1.156578399240970612e-02,-1.127551123499870300e-02,2.587949112057685852e-02,-2.111900597810745239e-02,5.540997721254825592e-03,2.204788103699684143e-02,7.360044401139020920e-03,-1.642302609980106354e-02,-1.646495540626347065e-03,2.866611629724502563e-02,-1.612630323506891727e-03,5.501004308462142944e-02,-9.604825638234615326e-03,-2.000951580703258514e-02,2.216399088501930237e-02,5.402311217039823532e-03,-2.143185585737228394e-03,4.367002751678228378e-03,-1.558445859700441360e-02,3.702599182724952698e-02,1.161738857626914978e-02,6.392466370016336441e-03,-1.301715150475502014e-02,3.782585635781288147e-02,5.431338679045438766e-03,-1.830657944083213806e-02,-2.051265724003314972e-02,5.637755617499351501e-03,1.044339407235383987e-02,-1.535223983228206635e-02,-1.674555242061614990e-02,-4.954000189900398254e-02,3.271704167127609253e-02,-1.273977942764759064e-02,-9.250047616660594940e-03,1.128196157515048981e-02,1.724869385361671448e-02,-4.079954698681831360e-03,-1.291394326835870743e-02,8.824313059449195862e-03,-2.193177118897438049e-02,1.401053182780742645e-02,-1.940316706895828247e-02,1.695196889340877533e-02,1.512002106755971909e-02,2.959499135613441467e-02,1.669394783675670624e-02,9.146839380264282227e-03,-8.982350700534880161e-04,2.908781752921640873e-04,-3.973520919680595398e-02,2.474419958889484406e-02,3.983841836452484131e-02,-1.052725035697221756e-02,-1.505551673471927643e-02,9.978956542909145355e-03,1.216568239033222198e-02,1.082397438585758209e-02,1.182380504906177521e-02,1.506841741502285004e-02,-1.424275059252977371e-02,1.035308651626110077e-02,4.092855844646692276e-03,4.847566597163677216e-03,3.661315888166427612e-02,-1.259141694754362106e-02,-1.209472678601741791e-02,2.773724123835563660e-02,1.012731809169054031e-02,1.477169338613748550e-02,8.766258135437965393e-03,2.314447052776813507e-02,-2.941437624394893646e-02,1.042404212057590485e-02,6.228784332051873207e-04,6.889156531542539597e-03,-2.087388560175895691e-02,-2.820490393787622452e-03,-3.607131540775299072e-02,-2.220269292593002319e-02,-1.893872953951358795e-02,-4.134884875384159386e-05,-8.366325870156288147e-03,8.540489710867404938e-03,3.986421972513198853e-02,6.844002753496170044e-03,-2.367341332137584686e-02,6.476323120296001434e-03,4.419897124171257019e-02,1.048209727741777897e-03,-1.656493917107582092e-02,3.467800095677375793e-02,3.062707372009754181e-02,7.979294285178184509e-03,1.005636248737573624e-02,-1.285588834434747696e-02,2.608590759336948395e-02,-2.951113507151603699e-03,-2.468937076628208160e-03,-6.002210080623626709e-03,-3.234936390072107315e-03,1.550705265253782272e-02,1.226244028657674789e-02,-2.155764214694499969e-02,-7.431000471115112305e-03,-1.057885494083166122e-02,9.288750588893890381e-03,1.753251627087593079e-02,-5.341031588613986969e-03,3.140113502740859985e-02,-3.091089800000190735e-02,2.387982979416847229e-02,-6.034462712705135345e-03,-1.372670941054821014e-02,-7.953492924571037292e-03,1.491360459476709366e-02,1.757122017443180084e-02,-4.544392228126525879e-03,-2.867256756871938705e-03,-1.860330253839492798e-02,-2.351859956979751587e-02,-1.042404212057590485e-02,-2.083518356084823608e-02,2.164794877171516418e-02,-1.115295104682445526e-02,-2.378952130675315857e-02,-1.075946912169456482e-02,-1.537804212421178818e-02,-2.225429750978946686e-03,8.005096577107906342e-03,7.037518545985221863e-03,2.678256295621395111e-02,2.238330803811550140e-02,-2.113190665841102600e-02,-1.810016296803951263e-02,-2.069327235221862793e-02,-2.853710576891899109e-02,2.367341192439198494e-03,-1.501681283116340637e-02,-7.379396352916955948e-03,-4.618573188781738281e-02,4.454084672033786774e-03,1.168189384043216705e-02,-4.396675154566764832e-02,-1.917094923555850983e-02,4.237992223352193832e-03,-1.739060506224632263e-02,5.039469688199460506e-04,-2.180276066064834595e-02,5.128164310008287430e-03,2.216399088501930237e-02,-6.169923581182956696e-03,-1.525548286736011505e-03,-2.566017396748065948e-02,-3.467800095677375793e-02,1.937736570835113525e-02,-2.609235700219869614e-03,-1.003056019544601440e-02,8.179260417819023132e-03,-6.182824727147817612e-03
-3.463021013885736465e-03,-3.384637087583541870e-02,-3.335807844996452332e-02,-2.981153503060340881e-02,-2.426042035222053528e-02,5.587092787027359009e-02,-1.601085066795349121e-02,4.295045509934425354e-03,-8.191746659576892853e-03,-2.819246053695678711e-02,8.725013583898544312e-03,1.177684124559164047e-02,-6.360650528222322464e-03,-1.432752609252929688e-02,-6.874642800539731979e-03,-4.921473097056150436e-03,2.896344847977161407e-02,6.000856403261423111e-03,-1.678183861076831818e-02,-1.513063907623291016e-03,3.366647521033883095e-03,8.988434448838233948e-03,-9.361078962683677673e-03,-1.049186103045940399e-02,-8.181708108168095350e-05,4.886136390268802643e-03,5.297329742461442947e-03,-1.073600724339485168e-02,-1.881210692226886749e-02,2.414155984297394753e-03,-2.315222627657931298e-05,-6.589537952095270157e-04,-2.947743982076644897e-02,-2.486436255276203156e-02,-2.770416811108589172e-02,-1.743717864155769348e-02,4.012349992990493774e-03,-5.438677500933408737e-03,2.496716007590293884e-02,4.282195586711168289e-03,-8.435892872512340546e-03,-9.708023630082607269e-03,2.760136872529983521e-02,9.412477957084774971e-04,-2.351513318717479706e-02,-2.351513365283608437e-03,-3.970587998628616333e-02,-1.431467663496732712e-02,-1.214306056499481201e-02,8.956310339272022247e-03,1.096730399876832962e-02,1.329151098616421223e-03,-2.305253967642784119e-02,2.235864987596869469e-03,-1.574100367724895477e-02,-1.223300863057374954e-02,-1.225228328257799149e-02,2.600478241220116615e-03,-1.400628127157688141e-02,-4.857223946601152420e-03,9.033408947288990021e-03,-4.462092649191617966e-03,-7.966876029968261719e-03,1.058823429048061371e-02,-1.440462470054626465e-02,-1.954454556107521057e-02,-9.900770150125026703e-03,-1.261207833886146545e-02,-3.658980363979935646e-03,-1.959594339132308960e-02,3.173900395631790161e-02,1.142989657819271088e-02,3.382709575816988945e-03,3.255817806348204613e-03,2.214020490646362305e-02,-3.011992946267127991e-02,2.231046324595808983e-03,1.006781775504350662e-02,-8.108223788440227509e-03,5.155981983989477158e-03,-1.666619069874286652e-02,-2.742147259414196014e-02,1.015134155750274658e-02,1.186036504805088043e-02,9.708023630082607269e-03,-4.140847828239202499e-03,-1.159051898866891861e-02,8.538691326975822449e-03,-1.173829194158315659e-02,-1.986579038202762604e-02,4.217304289340972900e-02,2.336093597114086151e-02,1.008709310553967953e-03,7.729154545813798904e-03,-1.374125480651855469e-03,1.071673259139060974e-02,-6.434537004679441452e-03,7.170188240706920624e-03,3.983438014984130859e-03,-2.976013533771038055e-02,-4.311107564717531204e-03,-2.288870513439178467e-03,-3.286978602409362793e-02,-1.787728397175669670e-03,-3.176470473408699036e-02,-3.294688463211059570e-02,-1.374928560107946396e-02,3.597943810746073723e-03,3.420616686344146729e-02,-2.785193966701626778e-03,-4.620406252797693014e-05,2.571244910359382629e-02,3.249393077567219734e-03,-4.674756899476051331e-02,3.176470473408699036e-02,-2.282124385237693787e-02,-2.084237523376941681e-02,7.067389669828116894e-04,-1.674328930675983429e-02,-1.382638420909643173e-02,-1.531696133315563202e-02,1.611364819109439850e-02,-2.773950342088937759e-03,9.862220846116542816e-03,1.716733165085315704e-02,1.234223227947950363e-02,-4.969659727066755295e-03,-2.898914739489555359e-02,-3.739291569218039513e-03,4.458880517631769180e-03,3.816390410065650940e-02,1.297187246382236481e-02,2.595659531652927399e-02,1.040833722800016403e-02,7.536407560110092163e-03,1.912050135433673859e-02,-6.636921316385269165e-03,-2.383236278546974063e-04,-2.614934183657169342e-02,-1.709023304283618927e-02,6.881067529320716858e-03,1.374928560107946396e-02,5.008209496736526489e-03,1.096248510293662548e-03,5.544688552618026733e-03,-3.774628508836030960e-03,3.721302002668380737e-02,-7.350085303187370300e-03,2.031553350389003754e-02,-1.187321450561285019e-02,8.217446506023406982e-03,-1.349228899925947189e-02,3.078811988234519958e-02,-2.311357762664556503e-03,6.714020390063524246e-03,7.298686075955629349e-03,5.380853544920682907e-03,1.635779440402984619e-02,7.073814515024423599e-03,-1.985294045880436897e-03,4.847586620599031448e-03,8.847086690366268158e-03,3.078811988234519958e-02,-1.887635514140129089e-02,3.443746268749237061e-02,3.854939714074134827e-02,-1.042118761688470840e-02,-7.587806321680545807e-03,-2.149771526455879211e-02,3.268667729571461678e-03,1.434037648141384125e-02,1.081953104585409164e-02,-2.368218079209327698e-02,1.665334030985832214e-02,-2.178041078150272369e-02,2.568674832582473755e-02,-1.269560214132070541e-02,1.825956441462039948e-02,-2.472301386296749115e-02,5.583237856626510620e-03,-2.480011247098445892e-02,2.654768526554107666e-02,9.990719147026538849e-03,9.091232903301715851e-03,1.263777725398540497e-02,8.892061188817024231e-03,1.611364819109439850e-02,4.115148447453975677e-03,4.330382216721773148e-03,-6.850549252703785896e-04,4.561678972095251083e-03,3.225299762561917305e-03,-1.729582995176315308e-02,-4.998572170734405518e-03,-6.579097509384155273e-01,3.385922173038125038e-03,-7.208737544715404510e-03,-1.877355761826038361e-02,1.035211957059800625e-03,7.677755318582057953e-03,1.485436782240867615e-02,-5.078883375972509384e-03,-2.772986702620983124e-02,-2.414155984297394753e-03,-1.774557307362556458e-02,1.545830909162759781e-02,1.635940046980977058e-03,-7.536407560110092163e-03,-1.667903922498226166e-02,-1.466162130236625671e-02,-1.250285468995571136e-02,-3.397487103939056396e-02,-1.273415144532918930e-02,-6.803968921303749084e-03,-2.368218079209327698e-02,4.519917070865631104e-03,1.466162130236625671e-02,-1.054968498647212982e-02,1.262492779642343521e-02,9.836520999670028687e-03,7.472158409655094147e-03,-2.169046178460121155e-02,-1.066533382982015610e-03,2.346373349428176880e-02,-2.302684076130390167e-02,2.834665775299072266e-02,-6.962984916754066944e-04,1.304254680871963501e-02,3.209879994392395020e-02,2.014848589897155762e-02,-2.618789114058017731e-02,3.051827428862452507e-03,2.052113041281700134e-02,2.698457799851894379e-03,-2.190890721976757050e-02,-1.197601296007633209e-02,-8.043974637985229492e-03,-7.709879428148269653e-03,-8.178897202014923096e-03,1.742432825267314911e-02,2.143346518278121948e-02,4.471729975193738937e-03,1.851656101644039154e-02,-1.455882284790277481e-02,2.663120860233902931e-03,-9.290404617786407471e-03,-3.173900395631790161e-02,1.113435160368680954e-02,3.642918076366186142e-03,7.382209878414869308e-03,4.083666205406188965e-02,-9.283980354666709900e-03,-1.044688653200864792e-02,2.057252824306488037e-02,-1.111507648602128029e-03,4.407481290400028229e-03,-2.262849733233451843e-02,-3.248429298400878906e-02,-1.540690939873456955e-02,1.598514989018440247e-02,5.120645277202129364e-03,-3.967375494539737701e-03,1.657624170184135437e-02,4.658052232116460800e-03,-3.491932991892099380e-03,1.264420244842767715e-02,-1.453312300145626068e-02,2.571244910359382629e-02,-6.874642567709088326e-04,2.486436255276203156e-02,-1.336379162967205048e-02,-1.705168373882770538e-02,-2.306539006531238556e-02,6.360650877468287945e-04,7.414334453642368317e-03,-5.233080592006444931e-03,-9.425328113138675690e-03,-1.048543676733970642e-02,1.443032454699277878e-02,1.491861697286367416e-02,-2.726727351546287537e-02,-4.751213360577821732e-03,1.315176952630281448e-02,-2.897629747167229652e-03,-2.298507839441299438e-03,2.546830289065837860e-02,7.504282984882593155e-03,-2.312963828444480896e-02,4.214734304696321487e-03,7.793403230607509613e-03,-1.039548777043819427e-02,1.083880569785833359e-02,1.556110661476850510e-02,-1.580525375902652740e-02,9.900770150125026703e-03,2.187035791575908661e-02,2.351513318717479706e-02,1.737292855978012085e-02,2.292404137551784515e-02,1.878640614449977875e-02,-2.888634987175464630e-02,5.355153698474168777e-03,3.957738168537616730e-03,-3.739291802048683167e-02,5.085308104753494263e-03,6.399200297892093658e-03,-3.802737628575414419e-04,-1.543260924518108368e-02,-1.329954247921705246e-02,-2.693318016827106476e-02,1.152626983821392059e-02,-1.019631605595350266e-02,5.175256635993719101e-03,-3.772700950503349304e-02,8.468017913401126862e-03,2.312963828444480896e-02,-6.264277268201112747e-03,-1.069103274494409561e-02,-5.119841807754710317e-05,8.480867370963096619e-03,9.720873087644577026e-03,-4.582238569855690002e-02,-1.939034648239612579e-02,-2.244859933853149414e-02,-6.649771239608526230e-03,-1.101870276033878326e-02,1.828526519238948822e-02,-9.438177570700645447e-03,2.257709763944149017e-02,1.288192346692085266e-02,2.196030691266059875e-02,-1.648629270493984222e-02,1.512421388179063797e-02,-3.461736068129539490e-02,-1.253497973084449768e-02,-1.072958204895257950e-02,9.206880815327167511e-03,-3.086521849036216736e-02,2.517275698482990265e-02,-3.785550966858863831e-02,-1.619074679911136627e-02,-3.988577798008918762e-02,-3.587663918733596802e-02,-8.249571546912193298e-03,7.909051142632961273e-03,-1.628069579601287842e-02,-4.625927656888961792e-02,-7.716304622590541840e-03,2.802862552925944328e-03,-6.312463898211717606e-03,-1.133994758129119873e-02,1.310679502785205841e-02,1.035051327198743820e-02,-2.229440212249755859e-02,-5.547900684177875519e-03,8.410193957388401031e-03,-2.288549207150936127e-02,-6.495573557913303375e-03,-1.004854310303926468e-02,-1.136564742773771286e-02,4.613078199326992035e-03,1.547597697935998440e-03,-7.497857790440320969e-03,-1.864505931735038757e-02,8.892061188817024231e-03,1.589520275592803955e-02,-1.217518467456102371e-02,1.067175809293985367e-02,3.340947907418012619e-03,-5.963110015727579594e-04,-1.376213505864143372e-02,-2.665048465132713318e-02,-8.911335840821266174e-03,8.911335840821266174e-03,-6.733295042067766190e-03,-7.523557636886835098e-03,-1.638349331915378571e-02,-1.355653814971446991e-02,-1.111507648602128029e-03,-5.775984842330217361e-03,3.851727349683642387e-03,1.135922223329544067e-02,-6.158266216516494751e-03,-7.819103077054023743e-03,1.972444169223308563e-02,-4.860436543822288513e-03,3.331310581415891647e-03,-8.268846198916435242e-03,1.598193775862455368e-03,1.939034648239612579e-02,4.786550067365169525e-03,1.768132485449314117e-02,1.870930753648281097e-02,-1.012724824249744415e-03,-1.700028404593467712e-02,-6.029768381267786026e-03,5.566533282399177551e-02,-3.739291569218039513e-03,1.509851403534412384e-02,-2.994003333151340485e-02,1.130782347172498703e-02,-7.986150681972503662e-03,2.582809701561927795e-02,4.301470238715410233e-03,-3.337735310196876526e-03,-5.412335321307182312e-02,-1.250927988439798355e-02,-1.655054092407226562e-02,-6.617646664381027222e-03,2.004568651318550110e-02,7.452883874066174030e-04,-7.870501838624477386e-03,-1.561250630766153336e-02,-2.360508218407630920e-02,1.009351760149002075e-02,4.484579898416996002e-03,-2.587628317996859550e-03,-2.324528619647026062e-02,-1.883780583739280701e-02,-9.194031357765197754e-03,3.099371679127216339e-02,1.295259781181812286e-02,6.964591331779956818e-03,1.446887385100126266e-02,-1.187321450561285019e-02,-9.624499827623367310e-03,7.247286848723888397e-03,2.546830289065837860e-02,-2.378819044679403305e-03,-2.446601726114749908e-02,3.226905828341841698e-03,-2.607224322855472565e-02,6.613631267100572586e-04,-2.665048465132713318e-02,2.824385836720466614e-02,1.421187818050384521e-02,2.187035791575908661e-02,3.315248293802142143e-03,1.261890429304912686e-04,1.279840059578418732e-02,2.037978172302246094e-02,-5.278055090457201004e-03,4.044474568217992783e-03,4.556538909673690796e-02,-1.383923366665840149e-02,-7.247286848723888397e-03,-2.323243767023086548e-02,1.632727682590484619e-03,7.465733680874109268e-03,-2.934894151985645294e-02,-1.057538483291864395e-02,1.816961541771888733e-02,4.070816561579704285e-02,3.245859220623970032e-02,-6.926042027771472931e-03,-6.701170466840267181e-03,1.404483057558536530e-02,-7.735579274594783783e-03,1.881210692226886749e-02,1.377498451620340347e-02,1.137207262217998505e-02,-2.623929083347320557e-02,-1.739862747490406036e-02,-1.825956441462039948e-02,-4.850799217820167542e-03,-2.333844779059290886e-03,1.610079780220985413e-02,-1.747572794556617737e-02,-2.622965257614850998e-03,-1.182824000716209412e-02,1.775842346251010895e-02,-2.139491587877273560e-02,4.134423099458217621e-03,2.099657244980335236e-02,-1.281125005334615707e-02,-3.053112328052520752e-02,5.930182524025440216e-03,8.024699985980987549e-03,-1.282570650801062584e-03,-2.036693133413791656e-02,-3.153340891003608704e-02,-4.841161891818046570e-03,-1.764277368783950806e-02,-1.366094336844980717e-03,-4.738363437354564667e-03,2.102227136492729187e-02,-5.525413900613784790e-03,-3.201206214725971222e-03,-1.590805128216743469e-02,-2.258352236822247505e-03,1.520131248980760574e-02,-5.666761659085750580e-03,2.237150073051452637e-02,3.633280750364065170e-03,-5.421009263955056667e-04,-1.945459656417369843e-02,5.355153698474168777e-03,-8.185322396457195282e-03,3.389777243137359619e-02,-1.048864913173019886e-03,1.459737215191125870e-02,4.049694689456373453e-04,-2.118931896984577179e-02,-6.900342181324958801e-03,-1.702598482370376587e-02,4.690176807343959808e-03,-2.125356905162334442e-02,-3.507995279505848885e-03,4.757638089358806610e-03,-7.260136771947145462e-03,-1.548400800675153732e-02,1.945459656417369843e-02,2.596944384276866913e-02,-4.038049373775720596e-03,1.112792640924453735e-02,-3.762421384453773499e-02,-2.565141301602125168e-03,1.962164416909217834e-02,1.146202087402343750e-01,7.729154545813798904e-03,5.557538010179996490e-03,-2.899236045777797699e-03,8.725013583898544312e-03,4.474300146102905273e-02,-6.000856403261423111e-03,-1.211093552410602570e-02,-1.035693846642971039e-02,3.530482295900583267e-03,-1.766847446560859680e-02,-2.172901108860969543e-02,1.957024447619915009e-02,-1.037621311843395233e-02,2.030268311500549316e-02,2.120216935873031616e-02,-5.518988706171512604e-03,-2.287264214828610420e-03,-1.728298026137053967e-03,3.395559499040246010e-03,6.636921316385269165e-03,4.292636003810912371e-04,-5.750285461544990540e-03,6.155054084956645966e-03,1.462307199835777283e-02,-4.452455323189496994e-03,2.963163703680038452e-02,1.683323644101619720e-02,-1.766847446560859680e-03,-1.522701233625411987e-02,1.792547106742858887e-02,7.440033834427595139e-03,-1.537157222628593445e-03,8.808537386357784271e-03,-1.445602439343929291e-02,-6.225727964192628860e-03,-6.537335459142923355e-03,5.443175137042999268e-02,2.142061479389667511e-02,7.478583138436079025e-03,1.304254680871963501e-02,5.589662585407495499e-03,6.521273404359817505e-03,-2.532695420086383820e-02,6.428112275898456573e-03,-1.382638420909643173e-02,-2.457524242345243692e-04,-9.271129965782165527e-03,-2.778769005089998245e-03,-8.834237232804298401e-03,5.530553683638572693e-02,-1.117290090769529343e-02,4.410693421959877014e-03,-3.263849020004272461e-02,-1.486721821129322052e-02,4.683752078562974930e-03,-5.184893961995840073e-03,1.093517895787954330e-02,-2.642239909619092941e-03,-1.275342609733343124e-02,-1.831096410751342773e-02,-2.273129485547542572e-02,5.885208025574684143e-03,-1.552255731076002121e-02,-1.188606489449739456e-02,-2.267989516258239746e-02,-3.209879994392395020e-02,1.389063335955142975e-02,-2.238435111939907074e-02,-2.115076966583728790e-02,-1.493146736174821854e-02,-2.162621170282363892e-02,-9.406053461134433746e-03,-1.262492779642343521e-02,3.811250627040863037e-02,2.360508218407630920e-02,5.278055090457201004e-03,1.619877875782549381e-03,9.033408947288990021e-03,-1.141222775913774967e-03,2.407329593552276492e-04,6.508423481136560440e-03,1.484151836484670639e-02,-2.100942283868789673e-02,-2.909194491803646088e-02,2.202455699443817139e-02,-1.460660860175266862e-04,-1.066533382982015610e-02,-3.490005433559417725e-02,4.866861738264560699e-03,1.762992516160011292e-02,1.277912594377994537e-02,1.484151836484670639e-02,1.300239120610058308e-03,-4.093865863978862762e-04,5.223443266004323959e-03,1.094160415232181549e-02,-1.639634370803833008e-02,-2.978583425283432007e-02,3.761778818443417549e-03,-1.789334579370915890e-03,1.218160986900329590e-02,2.051149262115359306e-03,-6.861792877316474915e-03,3.353797644376754761e-02,3.597943857312202454e-02,6.688320543617010117e-03,8.249571546912193298e-03,-1.470017060637474060e-02,-6.765419151633977890e-03,2.575099840760231018e-02,-2.796116285026073456e-02,-9.592374786734580994e-03,-1.128212362527847290e-02,-1.872215792536735535e-02,1.769417338073253632e-02,7.902626879513263702e-03,2.045688033103942871e-02,3.315248340368270874e-02,1.656017848290503025e-03,-3.479083301499485970e-03,-3.919188678264617920e-02,1.904340274631977081e-02,2.091947384178638458e-02,-1.836236380040645599e-02,-9.958595037460327148e-04,2.144310390576720238e-03,-9.084807708859443665e-03,1.635779440402984619e-02,-5.782409571111202240e-04,3.193175187334418297e-03,1.470017060637474060e-02,-1.349228899925947189e-02,-1.175756659358739853e-02,-3.803540766239166260e-02,-1.885708072222769260e-03,-7.028840482234954834e-03,-8.757138624787330627e-03,-1.293332315981388092e-02,-2.826955867931246758e-03,1.103797741234302521e-02,-3.707167226821184158e-03,-1.685893721878528595e-02,-2.749857120215892792e-02,-2.955453842878341675e-02,-4.268703237175941467e-02,1.590162632055580616e-03,-1.204026211053133011e-02,8.133922703564167023e-03,3.261278942227363586e-02,-4.593803314492106438e-04,1.521416287869215012e-02,-2.772986702620983124e-02,-8.949885144829750061e-03,1.244503073394298553e-02,-8.018274791538715363e-03,-1.227798312902450562e-02,-8.024699985980987549e-03,5.085308104753494263e-03,2.095802314579486847e-02,3.690462559461593628e-02,1.990112708881497383e-03,6.765419151633977890e-03,3.642918076366186142e-03,3.357010136824101210e-04,-1.891490444540977478e-02,-4.124785773456096649e-03,-1.050471141934394836e-02,-2.126641757786273956e-02,9.842946194112300873e-03,1.770702376961708069e-02,1.368503645062446594e-02,1.392918266355991364e-02,-4.105511121451854706e-03,-1.170616690069437027e-02,9.399628266692161560e-03,8.956310339272022247e-03,-2.402912452816963196e-02,3.732866840437054634e-03,-4.939462989568710327e-02,-1.185393985360860825e-02,-1.030553877353668213e-02,-2.465555211529135704e-03,-1.200813800096511841e-02,-1.950599625706672668e-02,-1.998143829405307770e-02,2.662478387355804443e-02,-7.202312350273132324e-03,-3.312035696581006050e-03,1.685893721878528595e-02,2.410622313618659973e-02,-3.412906825542449951e-02,3.402626886963844299e-02,-1.181539054960012436e-02,-6.765419151633977890e-03,6.032980978488922119e-03,4.150485154241323471e-03,1.899200305342674255e-02,6.402412429451942444e-03,2.390062622725963593e-02,1.268917694687843323e-02,1.554825715720653534e-02,1.009351760149002075e-02,-9.759422391653060913e-03,-9.926469996571540833e-03,3.137921169400215149e-02,-6.669045891612768173e-03,-4.455667920410633087e-03,-1.864505931735038757e-02,-1.057538483291864395e-02,2.055967925116419792e-03,-1.711593195796012878e-02,-1.418617833405733109e-02,-2.551970072090625763e-02,-3.826027736067771912e-03,-4.726316838059574366e-04,-7.157338317483663559e-03,3.169081872329115868e-03,-1.088378019630908966e-02,-1.623090240173041821e-03,-3.996287472546100616e-03,-1.362881856039166451e-03,2.811536192893981934e-02,-9.181181900203227997e-03,4.423543345183134079e-03,1.319674402475357056e-02,2.489648526534438133e-03,-2.981153503060340881e-02,4.301470238715410233e-03,-1.351798884570598602e-02,1.770702376961708069e-02,-2.330632414668798447e-03,2.602084353566169739e-02,-1.689748652279376984e-02,-2.709701424464583397e-03,-5.708523560315370560e-03,5.477226804941892624e-03,-1.363363675773143768e-02,-1.444317493587732315e-02,3.037692606449127197e-02,1.693603582680225372e-02,3.565819235518574715e-03,-1.855511032044887543e-02,4.083023872226476669e-03,-5.936607252806425095e-03,9.267918067052960396e-04,-2.731867320835590363e-02,-4.429968539625406265e-03,-1.981439068913459778e-02,-9.348229505121707916e-03,-9.618074633181095123e-03,-4.513491876423358917e-03,-5.689248908311128616e-03,2.446601726114749908e-02,8.699313737452030182e-03,-1.481581851840019226e-02,-8.776413276791572571e-03,-4.259708337485790253e-03,-6.662621162831783295e-03,2.089377306401729584e-02,-1.171259209513664246e-02,2.022558450698852539e-02,9.817246347665786743e-03,1.557235023938119411e-03,3.761778818443417549e-03,2.248714864253997803e-02,-2.695887908339500427e-02,3.449367941357195377e-04,-9.039834141731262207e-03,1.861935853958129883e-02,1.016419101506471634e-02,-1.404483057558536530e-02,2.566747367382049561e-03,-2.247108612209558487e-03,2.580239810049533844e-02,-2.564819902181625366e-02,1.532981079071760178e-02,1.126284897327423096e-02,-2.904054708778858185e-02,-1.238078158348798752e-02,5.377640947699546814e-03,-1.129497401416301727e-02,-1.195673830807209015e-02,-5.518988706171512604e-03,2.073636278510093689e-03,-1.346659008413553238e-02,2.714520087465643883e-03,5.731010343879461288e-03,2.654768526554107666e-02,1.532338559627532959e-03,-1.421187818050384521e-02,-1.604939997196197510e-02,8.532267063856124878e-03,1.720588095486164093e-02,-4.063749220222234726e-03,7.414334453642368317e-03,1.350513938814401627e-02,2.025128342211246490e-02,1.275985036045312881e-02,3.438606485724449158e-02,-1.806681789457798004e-02,1.019631605595350266e-02,-2.414477244019508362e-02,8.099389378912746906e-04,-1.284979935735464096e-02,-1.283694989979267120e-02,1.665334030985832214e-02,-2.022558450698852539e-02,-3.479725494980812073e-02,2.474871277809143066e-02,2.237150073051452637e-02,3.448886051774024963e-02,1.213663537055253983e-02,-2.253854833543300629e-02,1.160336844623088837e-02,8.551541715860366821e-03,1.782909617759287357e-03,-1.873500831425189972e-02,-2.754996903240680695e-02,1.906910166144371033e-02,-2.090662345290184021e-02,1.419902872294187546e-02,2.267989516258239746e-02,-1.991718821227550507e-02,5.464377347379922867e-03,8.121073246002197266e-03,7.671330124139785767e-03,1.023486535996198654e-02,-1.837521232664585114e-02,-7.459308486431837082e-03,2.441461896523833275e-03,1.584540936164557934e-03,-1.042761188000440598e-02,-1.253497973084449768e-02,-3.090376732870936394e-03,2.451099222525954247e-03,7.786978501826524734e-03,2.428612112998962402e-02,-9.142632596194744110e-03,-1.425042748451232910e-02,-1.291404850780963898e-02,1.086450554430484772e-02,3.055682219564914703e-02,1.036978792399168015e-02,-2.066247723996639252e-02,1.008066721260547638e-02,1.810536719858646393e-02,-1.360793784260749817e-02,-2.883495017886161804e-02,-2.364363148808479309e-02,-2.312963828444480896e-02,2.567389979958534241e-02,-8.191746659576892853e-03,-2.165191248059272766e-02,1.734722964465618134e-02,2.927345049101859331e-04,-4.669617116451263428e-02,-1.948029547929763794e-02,-1.041476242244243622e-02,3.748928895220160484e-03,5.175256635993719101e-03,2.370787970721721649e-02,1.208523660898208618e-02,1.631924510002136230e-02,2.798686362802982330e-02,-1.187321450561285019e-02,-2.156196348369121552e-02,-2.631638944149017334e-02,1.887635514140129089e-02,-4.430610686540603638e-02,-1.507281512022018433e-02,-7.748429197818040848e-03,-3.703312203288078308e-02,-9.290404617786407471e-03,2.963163703680038452e-02,-1.042761188000440598e-02,2.423472143709659576e-02,8.153197355568408966e-03,7.099514361470937729e-03,-1.585665158927440643e-02,1.387778297066688538e-02,4.760850686579942703e-03,-2.300114138051867485e-03,1.345373969525098801e-02,4.773700609803199768e-03,-1.452027354389429092e-02,-3.302398370578885078e-03,5.869145970791578293e-03,1.226513367146253586e-02,1.203865627758204937e-03,8.943459950387477875e-03,1.437571365386247635e-03,7.529982365667819977e-03,-8.885635994374752045e-03,-4.682145663537085056e-04,-1.453312300145626068e-02,1.026698946952819824e-02,-2.050828002393245697e-02,2.875785157084465027e-02,1.736007817089557648e-02,-1.472587045282125473e-02,1.828526519238948822e-02,7.428790559060871601e-04,-1.909480243921279907e-02,1.363363675773143768e-02,4.055396839976310730e-02,8.487292565405368805e-03,-3.456595912575721741e-02,9.123357944190502167e-03,7.459308486431837082e-03,1.710308343172073364e-02,-8.195762638933956623e-04,8.247965015470981598e-04,-3.572244197130203247e-02,2.341233380138874054e-02,-2.148486487567424774e-02,-6.630496587604284286e-03,3.003640566021203995e-03,7.748429197818040848e-03,3.040262497961521149e-02,-1.604939997196197510e-02,4.693389404565095901e-03,-5.705310963094234467e-03,-1.759137585759162903e-02,-9.920044802129268646e-03,-1.653769239783287048e-02,-1.241933088749647141e-02,-1.204026211053133011e-02,1.173186674714088440e-02,8.333095349371433258e-03,-1.166119333356618881e-02,-4.039976745843887329e-02,-1.942889578640460968e-02,9.142632596194744110e-03,-7.677755318582057953e-03,5.139919929206371307e-03,2.134094685316085815e-01,-1.364648714661598206e-02,2.728976076468825340e-03,2.667618356645107269e-02,4.757638089358806610e-03,1.520131248980760574e-02,2.814106177538633347e-03,1.201456226408481598e-02,-2.468767808750271797e-03,1.928754895925521851e-02,-3.690462559461593628e-02,-3.816390410065650940e-03,1.158409379422664642e-02,-1.440783729776740074e-03,9.772272780537605286e-03,-3.366647288203239441e-02,-9.997144341468811035e-03,-2.453026734292507172e-02,-2.433752082288265228e-02,-3.492575511336326599e-02,1.297829765826463699e-02,2.198600769042968750e-02,9.142632596194744110e-03,-1.534266024827957153e-02,1.283694989979267120e-02,1.687178574502468109e-02,-1.781303435564041138e-03,-5.888420622795820236e-03,2.796116285026073456e-02,-1.672080135904252529e-03,-6.132566835731267929e-03,4.667689558118581772e-03,-1.526716747321188450e-03,-9.438177570700645447e-03,-2.394881332293152809e-03,-7.300292490981519222e-04,3.166190534830093384e-02,7.915476337075233459e-03,1.162906829267740250e-02,1.157766953110694885e-02,-5.280464538373053074e-04,-1.369788590818643570e-02,-9.393203072249889374e-03,-6.688320543617010117e-03,2.904054708778858185e-03,3.356367722153663635e-02,-1.310679502785205841e-02,-1.448814873583614826e-03,-2.163906209170818329e-02,1.205953676253557205e-02,-3.752141445875167847e-02,-2.133066765964031219e-02,3.862649574875831604e-02,1.043403707444667816e-02,1.327384263277053833e-02,1.699385931715369225e-03,-4.555253777652978897e-03,2.806396223604679108e-02,-3.197029978036880493e-02,1.314534433186054230e-02,7.343459583353251219e-05,4.073386546224355698e-03,8.243146352469921112e-03,2.465876564383506775e-02,7.298686075955629349e-03,1.220730971544981003e-02,-2.988863363862037659e-02,-4.076598677784204483e-03,-1.481742510804906487e-04,-1.640919409692287445e-02,4.021987318992614746e-03,-1.818246580660343170e-02,1.051113568246364594e-02,-1.632727682590484619e-03,-4.208309110254049301e-03,-1.380068436264991760e-02,2.806396223604679108e-02,-1.667261472903192043e-03,9.714447893202304840e-03,6.945316679775714874e-03,1.054326072335243225e-02,-1.374928560107946396e-02,1.467447075992822647e-02,3.552969545125961304e-03,-1.239363197237253189e-02,-2.630353905260562897e-02,2.382352761924266815e-02,5.043546203523874283e-03,-3.310108184814453125e-02,-3.443746129050850868e-03,2.563535049557685852e-02,-7.452883757650852203e-03,-9.650199674069881439e-03,-4.491005092859268188e-03,-3.260636702179908752e-03,1.054326072335243225e-02,4.889348521828651428e-03,2.842375636100769043e-02,-1.328669302165508270e-02,8.384494110941886902e-03,-6.049043033272027969e-03,2.016133442521095276e-02,-1.302327122539281845e-02,8.635065518319606781e-03,3.681467613205313683e-03,-1.536354189738631248e-03,9.528126567602157593e-03,4.335522279143333435e-02,2.073636278510093689e-03,-1.637064479291439056e-02,6.752569694072008133e-03,-4.068246483802795410e-02,-6.299613974988460541e-03,-7.073814515024423599e-03,2.205025590956211090e-02,-1.801541820168495178e-02,-3.101620357483625412e-03,-2.659908495843410492e-02,5.504854023456573486e-02,9.213306009769439697e-03,-6.460236851125955582e-03,-2.680468186736106873e-02,6.415262352675199509e-03,2.886064909398555756e-02,7.305110804736614227e-03,-1.002926845103502274e-02,-1.762992516160011292e-02,6.951741408556699753e-03,2.050828002393245697e-02,-3.212449699640274048e-02,1.949314586818218231e-02,-2.465555211529135704e-03,-7.504282984882593155e-03,-6.521273404359817505e-03,-1.615219749510288239e-02,2.138206548988819122e-02,-1.138010411523282528e-03,9.277555160224437714e-03,-1.013206690549850464e-02,1.982081448659300804e-03,-3.523414954543113708e-02,-1.705168373882770538e-02,2.780696563422679901e-02,9.849371388554573059e-03,-1.180254109203815460e-02,9.309679269790649414e-03,8.416618220508098602e-03,2.692033071070909500e-03,1.845231279730796814e-02,-9.842946194112300873e-03,-1.927469857037067413e-02,-1.182824000716209412e-02,2.842375636100769043e-02,-1.611364819109439850e-02,4.163334891200065613e-02,-2.545866416767239571e-03,-1.953169517219066620e-02,-2.919474430382251740e-02,2.752427011728286743e-02,2.402912452816963196e-02,-4.471730068325996399e-02,3.045402467250823975e-02,3.194460272789001465e-02,-1.473871991038322449e-02,4.979297518730163574e-04,1.108937710523605347e-02,-1.621130704879760742e-01,5.114220082759857178e-03,7.786978501826524734e-03,-1.010315492749214172e-03,2.703597769141197205e-02,1.629515201784670353e-03,1.255425438284873962e-02,-6.245002616196870804e-03,-3.189320117235183716e-02,-8.577241562306880951e-03,2.345088310539722443e-02,5.441890098154544830e-03,-2.203740645200014114e-03,7.427183911204338074e-03,-8.680039085447788239e-03,9.613255970180034637e-04,-3.790690749883651733e-02,-6.951741408556699753e-03,4.140205308794975281e-02,7.523557636886835098e-03,1.400628127157688141e-02,-6.855368148535490036e-03,1.245788019150495529e-02,-2.343803457915782928e-02,2.118931896984577179e-02,3.441176190972328186e-02,-1.872215792536735535e-02,7.966876029968261719e-03,-3.551684692502021790e-02,-1.982724107801914215e-02,-3.151413286104798317e-03,1.847801171243190765e-02,4.173614829778671265e-02,-6.919616833329200745e-03,1.262492779642343521e-02,1.659230329096317291e-03,-8.718589320778846741e-03,-3.284730017185211182e-03,5.264402134343981743e-04,4.947172710672020912e-04,2.467161417007446289e-02,-8.660764433443546295e-03,-9.139419998973608017e-04,1.845552469603717327e-03,2.783587900921702385e-03,4.160765185952186584e-02,1.522701233625411987e-02,-1.186678931117057800e-02,6.868217606097459793e-03,3.324885619804263115e-03,1.702598482370376587e-02,-4.153055325150489807e-02,-6.261064670979976654e-03,3.197029978036880493e-02,-3.453383687883615494e-03,1.347943954169750214e-02,-5.464377347379922867e-03,-4.420331213623285294e-03,-1.080668158829212189e-02,1.721873134374618530e-02,-1.804111897945404053e-02,-4.050899296998977661e-03,1.152626983821392059e-02,-2.857795357704162598e-02,3.150770813226699829e-02,-1.675613783299922943e-02,-1.664048992097377777e-02,-5.464377347379922867e-03,-1.103797741234302521e-02,3.461736068129539490e-02,-1.679468713700771332e-02,-1.218803506344556808e-02,2.624571556225419044e-03,-3.305610967800021172e-03,1.146844588220119476e-02,1.592090167105197906e-02,1.579119852976873517e-04,2.234580181539058685e-02,-8.872786536812782288e-03,1.780982129275798798e-02,-1.072958204895257950e-02,4.214734211564064026e-02,-1.750142686069011688e-02,-4.619502928107976913e-03,-5.682823713868856430e-03,8.328276453539729118e-04,4.217946436256170273e-03,-2.055967971682548523e-02,-3.883851924911141396e-03,8.095373399555683136e-03,-1.342804078012704849e-02,-1.986579038202762604e-02,-4.227584227919578552e-03,-3.469445742666721344e-03,3.472015634179115295e-02,3.335807844996452332e-02,-1.237435638904571533e-02,1.954775769263505936e-03,-1.770702376961708069e-02,-5.335879046469926834e-03,1.437892578542232513e-02,-1.356938853859901428e-02,-3.546544536948204041e-02,1.584380306303501129e-02,1.868360862135887146e-02,1.027983985841274261e-02,2.760136872529983521e-02,2.122786827385425568e-02,6.081167608499526978e-03,-1.259922794997692108e-02,4.847586620599031448e-03,-1.184751465916633606e-02,5.624999757856130600e-03,3.988577798008918762e-02,1.431467663496732712e-02,2.415762282907962799e-02,1.993003860116004944e-02,-9.817246347665786743e-03,3.011992946267127991e-02,-6.527698133140802383e-03,5.705310776829719543e-02,-2.229440212249755859e-02,-6.983865983784198761e-03,-1.277751871384680271e-03,-1.116005051881074905e-02,-6.020131055265665054e-03,-1.031067892909049988e-01,-2.555503742769360542e-03,-4.002712666988372803e-03,9.425328113138675690e-03,3.310108184814453125e-02,1.719303242862224579e-02,2.958023734390735626e-02,3.932038787752389908e-03,-2.754996903240680695e-02,-3.993075340986251831e-03,-3.437321283854544163e-04,-4.638777580112218857e-03,1.628069579601287842e-02,-6.881067529320716858e-03,1.139134727418422699e-02,-1.389063335955142975e-02,2.329026116058230400e-03,-3.382709575816988945e-03,5.421009263955056667e-04,-4.854814906138926744e-04,-9.258280508220195770e-03,1.697779749520123005e-03,1.112792640924453735e-02,-2.514705806970596313e-02,1.430182717740535736e-02,1.040833722800016403e-02,-2.336093597114086151e-02,1.611364819109439850e-02,2.719017490744590759e-02,2.391347661614418030e-02,1.683323644101619720e-02,-2.687214408069849014e-03,-1.187602538266219199e-04,-8.821386843919754028e-03,-6.322101224213838577e-03,-1.132709812372922897e-02,-2.584094740450382233e-02,1.783552207052707672e-02,2.151056379079818726e-02,-1.358223799616098404e-02,-2.828562166541814804e-03,1.270202640444040298e-02,-2.311357762664556503e-03,1.161300577223300934e-03,2.127926796674728394e-02,-6.556610111147165298e-03,-1.693603582680225372e-02,2.197315730154514313e-02,3.482295572757720947e-02,1.372358575463294983e-02,-3.942318633198738098e-02,6.829668302088975906e-03,-2.140776626765727997e-02,-1.895345374941825867e-02,1.526716747321188450e-03,-6.110079586505889893e-03,1.144274603575468063e-02,6.918814033269882202e-04,-4.682466760277748108e-02,5.371216218918561935e-03,-1.371073629707098007e-02,-1.572815515100955963e-02,1.200171280652284622e-02,1.151984557509422302e-02,9.508851915597915649e-03,-3.732866840437054634e-03,-1.468089525587856770e-03,-1.576670445501804352e-02,1.766847446560859680e-02,8.371644653379917145e-03,-5.364791024476289749e-03,-1.305539626628160477e-02,-1.574100367724895477e-02,5.705310963094234467e-03,-3.425756469368934631e-02,-2.657338604331016541e-02,-1.994288899004459381e-02,-2.336093597114086151e-02,1.407053042203187943e-02,-1.769417338073253632e-02,-3.973158076405525208e-02,-8.166047744452953339e-03,2.152341417968273163e-03,5.920545198023319244e-03,3.980867937207221985e-02,-7.831952534615993500e-03,7.491433061659336090e-03,2.269595861434936523e-03,-1.239202567376196384e-03,-1.290762331336736679e-02,-4.291832912713289261e-03,2.142061479389667511e-02,1.905625313520431519e-02,-8.027108851820230484e-04,9.806003654375672340e-04,-2.043118141591548920e-02,-4.388206638395786285e-03,-9.084807708859443665e-03,9.393203072249889374e-03,8.949885144829750061e-03,-1.788691990077495575e-02,-3.667332604527473450e-02,-5.237578228116035461e-02,8.121073246002197266e-03,-4.622715525329113007e-03,-1.756567507982254028e-02,5.525413900613784790e-03,-2.229440212249755859e-02,-1.918474957346916199e-02,-1.124357432126998901e-02,-7.529179129051044583e-05,-2.462021633982658386e-02,-2.296901540830731392e-03,1.780982129275798798e-02,1.387778297066688538e-02,1.098657865077257156e-02,4.201884381473064423e-03,1.550970785319805145e-02,-7.401484530419111252e-03,1.646059378981590271e-02,6.893917452543973923e-03,2.852655388414859772e-02,-6.155054084956645966e-03,5.406552925705909729e-03,1.063963398337364197e-02,2.291119284927845001e-02,-2.649628557264804840e-02,2.657338604331016541e-02,-1.571530476212501526e-02,1.856796070933341980e-02,6.906767375767230988e-03,1.085165515542030334e-02,1.168046798557043076e-02,-8.031124249100685120e-03,1.503426488488912582e-02,2.325813658535480499e-02,5.525413900613784790e-03,-3.050542436540126801e-02,-1.048543676733970642e-02,2.870645187795162201e-02,5.561553916777484119e-05,2.940034121274948120e-02,-1.831096410751342773e-02,-2.824385836720466614e-02,1.655054092407226562e-02,-9.907195344567298889e-03,-2.243896247819066048e-03,8.795687928795814514e-03,-7.022415287792682648e-03,3.225299715995788574e-02,-6.032980978488922119e-03,-7.902626879513263702e-03,9.046258404850959778e-03,3.767561167478561401e-02,-9.579525329172611237e-03,-3.461736068129539490e-02,-1.899200305342674255e-02,2.791618928313255310e-03,1.043403707444667816e-02,7.308323401957750320e-04,6.733295042067766190e-03,-3.651912882924079895e-02,2.172901108860969543e-02,-6.983865983784198761e-03,2.264777198433876038e-03,3.241361817345023155e-03,8.024699985980987549e-03,-3.075920743867754936e-03,-8.455168455839157104e-03,1.604939997196197510e-02,-8.288120850920677185e-03,4.870073869824409485e-03,-2.316818758845329285e-02,1.287549920380115509e-02,2.135636657476425171e-02,2.826955914497375488e-02,1.640919409692287445e-02,-5.618574563413858414e-03,-1.005496829748153687e-02,-1.669188961386680603e-02,-1.581810228526592255e-02,1.133352331817150116e-02,3.587663918733596802e-02,-2.059822902083396912e-02,-2.970873564481735229e-02,2.283409424126148224e-02,3.127641230821609497e-02,1.381353475153446198e-02,6.232152692973613739e-03,1.548400847241282463e-03,-8.763562887907028198e-03,1.099942810833454132e-02,3.665405325591564178e-03,5.441890098154544830e-03,2.563535049557685852e-02,-7.639205548912286758e-03,-7.928325794637203217e-03,1.147487107664346695e-02,3.871002001687884331e-03,1.773272268474102020e-02,7.658480666577816010e-03,2.009708620607852936e-02,-1.969874277710914612e-02,1.470498973503708839e-03,-1.137849781662225723e-02,-6.200028117746114731e-03,-3.307538479566574097e-02,9.709629812277853489e-04,-4.374071583151817322e-02,-1.588235236704349518e-02,-1.191818900406360626e-02,1.927469857037067413e-02,1.775842346251010895e-02,1.379747176542878151e-03,2.719017490744590759e-02,6.399200297892093658e-03,-8.133922703564167023e-03,1.351798884570598602e-02,4.674756899476051331e-02,2.596944384276866913e-02,-2.544260350987315178e-03,1.671758852899074554e-02,2.914334461092948914e-02,3.848514985293149948e-03,1.863220892846584320e-02,-8.802112191915512085e-03,3.047972358763217926e-02,-4.205096978694200516e-03,-4.593803081661462784e-03,-1.471302006393671036e-02,6.180753465741872787e-03,2.553897676989436150e-03,1.199528761208057404e-02,8.424649713560938835e-04,-1.058823429048061371e-02,-1.346659008413553238e-02,1.195673830807209015e-02,2.088092453777790070e-02,-5.139919929206371307e-03,3.752141445875167847e-02,-1.128212362527847290e-02,3.747001662850379944e-02,-9.573100134730339050e-03,-1.930682337842881680e-03,-6.540548056364059448e-03,1.541975885629653931e-02,2.824385836720466614e-02,7.742004003375768661e-03,9.020559489727020264e-03,-1.954454556107521057e-02,-2.291119284927845001e-02,-2.197315730154514313e-02,-1.218803506344556808e-02,1.878640614449977875e-02,-1.267311512492597103e-03,-1.801541820168495178e-02,-2.255139872431755066e-02,-2.590840915217995644e-03,1.850371062755584717e-02,1.315176952630281448e-02,9.412477724254131317e-03,3.543974831700325012e-02,1.543260924518108368e-02,-6.797543726861476898e-03,-2.084237523376941681e-02,-2.796116285026073456e-02,-1.644774340093135834e-02,2.174186147749423981e-02,-3.318460658192634583e-03,3.142177592962980270e-04,-4.345802217721939087e-02,7.234436925500631332e-03,-1.007103011943399906e-03,-3.605653718113899231e-02,-2.305253967642784119e-02,-4.214734304696321487e-03,-2.708737738430500031e-02,8.043974637985229492e-03,-2.148486487567424774e-02,6.222515366971492767e-03,2.432467043399810791e-02,-3.754711523652076721e-02,4.185822326689958572e-03,-1.575385406613349915e-02,-3.053112328052520752e-02,2.336093597114086151e-02,-8.879211731255054474e-03,9.524913621135056019e-04,-1.575706643052399158e-03,-2.115076966583728790e-02
-6.340229418128728867e-03,-2.781520038843154907e-02,-7.435420062392950058e-03,-3.198484331369400024e-02,-1.069460157305002213e-02,2.739295922219753265e-02,-1.901409216225147247e-02,1.078036986291408539e-02,-6.327034439891576767e-03,-4.404513165354728699e-02,1.147970836609601974e-02,1.252211816608905792e-02,-6.475478876382112503e-03,-9.302522055804729462e-03,3.016722155734896660e-03,-9.295924566686153412e-03,2.390946075320243835e-02,3.227843204513192177e-03,-1.696885563433170319e-02,-1.888543949462473392e-03,-6.828447338193655014e-03,1.749665848910808563e-02,-2.024123258888721466e-02,-5.093295592814683914e-03,2.513660350814461708e-03,1.748346351087093353e-02,1.422428246587514877e-02,-9.638996794819831848e-03,-5.845414474606513977e-03,-1.074573257938027382e-03,-1.228460762649774551e-02,-1.208008360117673874e-02,-2.009608596563339233e-02,-3.085006587207317352e-02,-3.462385386228561401e-02,-4.918461199849843979e-03,-9.162324713543057442e-04,-7.702620350755751133e-04,1.869740895926952362e-02,9.954028064385056496e-04,-6.960397586226463318e-03,-8.491025306284427643e-03,1.857865415513515472e-02,-4.159744828939437866e-03,-1.880297064781188965e-02,7.217701524496078491e-03,-4.153807088732719421e-02,-2.997919172048568726e-02,-5.921286065131425858e-03,-1.580933923833072186e-03,2.458241023123264313e-02,-4.614974837750196457e-03,-1.451457384973764420e-02,-9.229949675500392914e-03,-1.827516709454357624e-03,-2.734017930924892426e-02,-9.909494780004024506e-03,-7.395835127681493759e-03,-9.460862725973129272e-03,-6.914215162396430969e-03,-7.620151154696941376e-03,1.739109866321086884e-02,-9.342106990516185760e-03,6.406204774975776672e-03,-4.071997478604316711e-02,-8.966048248112201691e-03,-3.513186471536755562e-03,9.025425650179386139e-03,-7.455212995409965515e-03,-9.018828161060810089e-03,3.950602933764457703e-02,4.723833873867988586e-03,2.483311668038368225e-02,-1.066821161657571793e-02,6.861434783786535263e-03,-1.074078399688005447e-02,1.657300442457199097e-02,-6.934007629752159119e-03,-3.850320354104042053e-02,1.256170403212308884e-02,-1.547781378030776978e-02,-2.262954041361808777e-02,-6.788861937820911407e-03,6.069730967283248901e-03,5.591409746557474136e-03,-1.384162530303001404e-02,-2.280107513070106506e-02,1.952869817614555359e-02,-3.968416247516870499e-03,-4.374164622277021408e-03,3.979632258415222168e-02,1.888214051723480225e-02,1.096510048955678940e-02,3.905739868059754372e-03,-1.471249945461750031e-02,1.342185714747756720e-04,-1.909326203167438507e-02,1.142197943408973515e-04,3.238976642023772001e-04,-2.313095144927501678e-02,-1.571532525122165680e-02,2.105932682752609253e-02,-3.008475340902805328e-02,-9.955678135156631470e-03,-3.346268832683563232e-02,-2.913470752537250519e-02,-1.376245450228452682e-02,3.539576660841703415e-03,3.135148063302040100e-02,-5.756347905844449997e-03,-1.134116016328334808e-02,2.162671461701393127e-02,7.851065136492252350e-03,-1.956828497350215912e-02,2.847495488822460175e-02,-7.890650071203708649e-03,-3.813374321907758713e-03,8.009405806660652161e-03,-1.727234199643135071e-02,7.277904078364372253e-04,-5.126283504068851471e-03,1.163804903626441956e-02,-7.138531189411878586e-03,1.947591826319694519e-02,8.919864892959594727e-03,2.131003327667713165e-02,1.155599238700233400e-04,-1.159846410155296326e-02,-1.646744273602962494e-02,-1.129497680813074112e-02,2.720822766423225403e-02,1.342597999610006809e-03,9.065010584890842438e-03,1.679732091724872589e-02,2.206215262413024902e-02,2.157393470406532288e-02,-3.736842796206474304e-02,8.550403639674186707e-03,-3.359464183449745178e-02,-1.091891806572675705e-02,4.393957089632749557e-03,4.852485843002796173e-03,-2.565121091902256012e-02,1.359091885387897491e-02,1.396203064359724522e-03,1.007443387061357498e-02,2.934582903981208801e-02,3.661631199065595865e-04,5.475952755659818649e-03,-7.527785841375589371e-03,1.206029113382101059e-02,-1.289817783981561661e-02,4.093109816312789917e-02,-1.001505553722381592e-02,2.400182746350765228e-02,1.422428246587514877e-02,-3.911100211553275585e-04,1.357772387564182281e-02,1.201410870999097824e-02,1.781334052793681622e-03,-1.662578433752059937e-02,-3.915636334568262100e-03,2.313095144927501678e-02,3.888936771545559168e-05,1.822238788008689880e-02,4.533825069665908813e-02,-1.686329580843448639e-02,-3.064554184675216675e-03,-1.487084012478590012e-02,6.634644814766943455e-04,1.753624342381954193e-02,2.193020097911357880e-02,-1.186236552894115448e-02,2.499145641922950745e-02,-3.767191665247082710e-03,1.512154657393693924e-02,-1.720636710524559021e-02,8.022600784897804260e-03,-4.248811677098274231e-02,5.756347905844449997e-03,-1.859184913337230682e-02,2.157393470406532288e-02,7.956624962389469147e-03,6.234669126570224762e-03,1.905367709696292877e-02,1.085953973233699799e-02,1.580769009888172150e-02,7.723237504251301289e-04,-7.052763365209102631e-03,-1.868421398103237152e-02,1.908336533233523369e-03,2.901265397667884827e-03,-1.987177133560180664e-02,-1.091232057660818100e-02,-6.422302722930908203e-01,-1.029215171001851559e-03,-4.358495643828064203e-04,-2.008289098739624023e-02,-1.277942210435867310e-02,5.010826513171195984e-03,3.158899024128913879e-02,5.957572720944881439e-03,-3.932129964232444763e-02,-2.482322044670581818e-03,-2.046554908156394958e-02,1.473888941109180450e-02,-1.204049866646528244e-02,-2.409419231116771698e-02,-1.023937202990055084e-02,-1.107066124677658081e-02,-9.421277791261672974e-03,-2.128364332020282745e-02,-2.232605405151844025e-02,5.716762505471706390e-03,-3.074450604617595673e-02,-1.326928962953388691e-03,2.123086340725421906e-02,9.417979163117706776e-04,4.958046600222587585e-03,1.023937202990055084e-02,1.810363121330738068e-02,-2.438448369503021240e-02,7.418101886287331581e-04,2.934582903981208801e-02,-2.836939319968223572e-02,3.288210555911064148e-02,-1.442220807075500488e-02,7.864260114729404449e-03,3.372659161686897278e-02,1.165784150362014771e-02,-2.810549177229404449e-02,2.974168024957180023e-02,2.264273539185523987e-02,9.315717034041881561e-03,-2.318373322486877441e-02,-1.284539792686700821e-02,1.377235050313174725e-03,-8.194136433303356171e-03,-8.246917277574539185e-03,2.731378935277462006e-02,2.807910181581974030e-02,1.513309194706380367e-03,2.844856493175029755e-02,6.548052188009023666e-04,2.769314683973789215e-03,-5.993858911097049713e-03,-3.673506528139114380e-02,2.117808163166046143e-02,3.177371993660926819e-02,7.204506546258926392e-03,2.749851904809474945e-02,-6.934007629752159119e-03,-8.227123878896236420e-03,2.450323849916458130e-02,-4.199330229312181473e-03,3.453396493569016457e-05,-1.685010083019733429e-02,-3.533639013767242432e-02,-1.675773411989212036e-02,5.129582248628139496e-03,-5.710165016353130341e-03,1.365689467638731003e-02,1.279261708259582520e-02,4.941552411764860153e-03,-1.641136477701365948e-03,1.826197281479835510e-02,9.434472769498825073e-03,1.087933219969272614e-02,6.026846822351217270e-03,1.715358719229698181e-02,1.434303727000951767e-02,-5.146075971424579620e-03,-3.536278009414672852e-02,-5.053710658103227615e-03,-2.091418020427227020e-03,-6.462283898144960403e-03,-1.130817271769046783e-02,-5.066905636340379715e-03,2.132322825491428375e-02,2.088119275867938995e-03,-1.149950083345174789e-02,-1.481806021183729172e-02,1.636188291013240814e-02,8.609781041741371155e-03,-1.148795476183295250e-03,2.383029088377952576e-02,3.313611261546611786e-03,-2.617571502923965454e-03,5.076801870018243790e-03,2.084820531308650970e-02,-1.285199541598558426e-02,5.037216935306787491e-03,2.650889009237289429e-02,-1.471249945461750031e-02,-8.218052680604159832e-04,1.584727503359317780e-02,2.802632190287113190e-02,-3.562668105587363243e-03,1.216585189104080200e-02,-2.017195802181959152e-03,-4.354372248053550720e-02,2.645610831677913666e-03,1.510835159569978714e-02,-7.062000036239624023e-02,4.265305586159229279e-03,-2.205225639045238495e-03,1.754943840205669403e-02,-1.047688350081443787e-02,-3.404327109456062317e-02,-3.048060461878776550e-02,1.109045371413230896e-02,-1.415830664336681366e-02,1.707111834548413754e-03,-4.370206221938133240e-02,8.735134266316890717e-03,2.627137862145900726e-02,-5.024021491408348083e-03,-2.280107513070106506e-02,3.975013736635446548e-03,3.008475340902805328e-02,-1.616395637392997742e-02,-4.921760037541389465e-02,-2.924026735126972198e-02,-1.434303727000951767e-02,-1.588685996830463409e-02,-1.074573257938027382e-03,1.563615351915359497e-02,-8.662560954689979553e-03,1.736470870673656464e-02,9.711569175124168396e-03,-1.745047629810869694e-03,-2.152115479111671448e-02,2.067667059600353241e-02,-3.011114336550235748e-02,-1.159516512416303158e-03,-6.919163279235363007e-04,1.827516779303550720e-02,-3.235430270433425903e-02,5.660683847963809967e-03,-3.533639013767242432e-02,2.582934452220797539e-03,-2.971529029309749603e-02,-3.499331697821617126e-02,-3.414223669096827507e-03,1.352494396269321442e-02,-1.985857635736465454e-02,-3.404327109456062317e-02,-1.451457384973764420e-02,6.557948421686887741e-03,-7.735607796348631382e-04,-4.731668377644382417e-05,1.886894577182829380e-03,1.240130077349022031e-04,-1.356452889740467072e-02,-6.036743288859724998e-04,1.432984229177236557e-02,-1.296415366232395172e-02,-1.634868793189525604e-02,-2.736656926572322845e-02,-9.744556620717048645e-03,-5.030619446188211441e-03,7.191311451606452465e-04,-1.996413618326187134e-02,-2.305178157985210419e-02,-4.548999480903148651e-03,3.457107581198215485e-03,-1.611117646098136902e-02,2.900275774300098419e-02,2.053482225164771080e-03,2.823744341731071472e-02,-1.442220807075500488e-02,-2.384348586201667786e-02,-2.310456149280071259e-02,7.659736555069684982e-03,-1.715358695946633816e-03,-8.708744309842586517e-03,-2.032040245831012726e-02,4.021196626126766205e-03,-4.832693375647068024e-03,-1.403955090790987015e-02,1.132796518504619598e-02,2.591511048376560211e-02,2.612623153254389763e-03,5.139478482306003571e-03,8.570196107029914856e-03,9.968873113393783569e-03,1.745707355439662933e-02,-1.934396848082542419e-02,1.095850300043821335e-02,2.162671461701393127e-02,1.768139004707336426e-02,1.908006705343723297e-02,7.672931533306837082e-03,6.752575282007455826e-03,3.188258036971092224e-03,-1.551739871501922607e-02,5.272748693823814392e-02,-1.946272328495979309e-03,1.999052613973617554e-02,-3.691320074722170830e-03,8.253514766693115234e-03,9.879806311801075935e-04,2.661444991827011108e-02,-6.145602557808160782e-03,1.323630101978778839e-03,-4.256728664040565491e-02,-7.620151154696941376e-03,1.860504387877881527e-03,6.049938034266233444e-03,2.386987581849098206e-02,1.170237548649311066e-03,-6.762471981346607208e-03,-1.450137887150049210e-02,-2.702349610626697540e-02,-5.647488404065370560e-03,-1.377564948052167892e-02,5.558421835303306580e-03,-7.263884413987398148e-03,-1.016679871827363968e-02,-1.506876666098833084e-02,8.260112255811691284e-03,2.760408073663711548e-02,-2.352433075429871678e-04,5.027320701628923416e-03,-2.724781399592757225e-03,-1.867101900279521942e-02,-4.443438723683357239e-03,2.371153607964515686e-02,8.616378530859947205e-03,-5.604604724794626236e-03,4.981137812137603760e-03,-1.707441732287406921e-02,9.295924566686153412e-03,-1.342598069459199905e-02,1.243635080754756927e-02,2.894997596740722656e-02,2.435809373855590820e-02,1.834114268422126770e-02,-4.364268388599157333e-03,8.266709744930267334e-03,3.298766911029815674e-02,-5.142777226865291595e-03,-4.433542490005493164e-03,4.940233007073402405e-02,-1.541183795779943466e-02,6.778965471312403679e-04,-1.715358719229698181e-02,1.268045883625745773e-02,2.037318237125873566e-02,-3.736842796206474304e-02,-1.647733966819941998e-03,1.803765632212162018e-02,1.914604194462299347e-02,1.995094120502471924e-02,4.391483089420944452e-04,5.439666099846363068e-03,-1.447333954274654388e-03,-3.810075577348470688e-03,2.149476483464241028e-02,1.845989935100078583e-02,6.874629762023687363e-03,-9.902897290885448456e-03,-1.039111521095037460e-03,-2.224688231945037842e-02,-7.046165876090526581e-03,-4.700742661952972412e-03,9.987016674131155014e-04,2.573037985712289810e-03,-1.068800454959273338e-03,-1.133456267416477203e-02,4.139952361583709717e-03,-2.049193903803825378e-02,2.537411451339721680e-02,3.407625947147607803e-03,-3.443912416696548462e-02,-3.797540068626403809e-02,1.786282169632613659e-03,1.227141264826059341e-02,-1.110364869236946106e-02,3.353196429088711739e-03,-3.826569393277168274e-02,6.341878906823694706e-04,-1.332701742649078369e-02,1.017339620739221573e-02,7.236669771373271942e-04,1.372286933474242687e-03,3.839764511212706566e-03,-1.132796518504619598e-02,-1.745707355439662933e-02,-2.191700600087642670e-02,1.624642638489603996e-03,-1.773087074980139732e-03,1.413191668689250946e-02,-2.192030427977442741e-03,8.444842882454395294e-03,-1.739109866321086884e-02,-6.511765532195568085e-03,-8.440719102509319782e-04,4.042968526482582092e-02,1.132301636971533298e-03,4.839290864765644073e-03,-5.287922918796539307e-03,-1.463332958519458771e-02,-1.147311087697744370e-02,-5.162569694221019745e-03,3.549472894519567490e-03,-2.293302677571773529e-02,2.034679241478443146e-02,1.733831875026226044e-02,-8.431647904217243195e-03,-1.056924834847450256e-02,2.022803761065006256e-02,2.462199516594409943e-02,-9.117791429162025452e-03,1.226728927576914430e-04,-3.515165671706199646e-02,-1.356452889740467072e-02,3.849660744890570641e-03,1.102051958441734314e-01,1.182937715202569962e-02,9.243144653737545013e-03,5.033918190747499466e-03,7.989613339304924011e-03,3.351546823978424072e-02,-8.893474936485290527e-03,-1.761541469022631645e-03,5.050411913543939590e-03,4.519310314208269119e-03,3.147023497149348259e-03,-1.787931472063064575e-02,1.235058251768350601e-02,-1.517432648688554764e-02,3.245986625552177429e-02,3.591697290539741516e-02,-2.945138886570930481e-02,-1.606499426998198032e-03,1.490630238549783826e-04,-1.161825656890869141e-02,-9.236547164618968964e-03,5.993858911097049713e-03,1.448818389326334000e-02,3.631942206993699074e-03,1.259469147771596909e-02,-8.642768487334251404e-03,3.523083031177520752e-02,1.915923692286014557e-02,-6.511765532195568085e-03,-8.108369074761867523e-03,1.735151372849941254e-02,5.640890914946794510e-03,-9.361900389194488525e-03,1.003484800457954407e-02,-1.894811540842056274e-02,-4.997631534934043884e-03,1.085953973233699799e-02,4.536464065313339233e-02,3.261820599436759949e-02,4.222421441227197647e-03,9.790739975869655609e-03,-1.589180901646614075e-03,4.288396798074245453e-03,-1.818280294537544250e-02,1.144672092050313950e-02,-1.070779655128717422e-02,6.495271809399127960e-03,5.835518240928649902e-03,2.469126833602786064e-03,-1.525349728763103485e-02,4.452015459537506104e-02,-3.116674721240997314e-02,3.278974210843443871e-03,-2.728739753365516663e-02,-1.134116016328334808e-02,5.522135645151138306e-03,-1.195473037660121918e-02,1.357772387564182281e-02,7.117089116945862770e-04,-6.709691602736711502e-03,-2.682557143270969391e-02,-2.683876641094684601e-02,1.987506868317723274e-03,-9.731361642479896545e-03,-5.334105808287858963e-03,-1.566254533827304840e-02,-3.620726242661476135e-02,4.704041406512260437e-03,-2.884441614151000977e-02,-2.410738728940486908e-02,-7.442017551511526108e-03,-1.987177133560180664e-02,-1.120261196047067642e-02,-3.747398965060710907e-03,3.889905661344528198e-02,3.267098590731620789e-02,8.702146820724010468e-03,-1.017999369651079178e-02,4.258707631379365921e-03,1.344577316194772720e-02,4.324682988226413727e-03,-7.059360854327678680e-03,-1.890193321742117405e-03,-2.141559310257434845e-02,-1.194153539836406708e-02,1.142033003270626068e-02,-1.058904104866087437e-03,-1.173701230436563492e-02,-2.492548152804374695e-02,1.222522929310798645e-02,8.114966563880443573e-03,-4.647137538995593786e-04,-3.796880599111318588e-03,-9.421277791261672974e-03,-1.122240442782640457e-02,7.917040027678012848e-03,1.411872170865535736e-02,-1.964745484292507172e-02,-2.388307079672813416e-02,2.149146515876054764e-03,9.276132099330425262e-03,7.930235005915164948e-03,2.162341494113206863e-03,-3.057956695556640625e-03,1.745707355439662933e-02,2.442406862974166870e-02,-1.260788645595312119e-02,2.610973780974745750e-03,-1.604520156979560852e-02,-5.162569694221019745e-03,2.072945050895214081e-02,-3.380576148629188538e-02,3.740801475942134857e-03,-2.134961821138858795e-02,-2.247119881212711334e-02,1.699524559080600739e-02,8.108369074761867523e-03,3.581141307950019836e-02,2.025442756712436676e-02,-1.505557168275117874e-02,-1.054945588111877441e-02,-3.647116571664810181e-02,2.760408073663711548e-02,2.529494278132915497e-02,-1.703483052551746368e-02,-1.405274588614702225e-02,4.552298225462436676e-03,-9.190363809466362000e-03,6.736081559211015701e-03,-5.795933306217193604e-03,1.122405403293669224e-03,-3.274025861173868179e-03,-4.383236228022724390e-04,-8.255163556896150112e-04,-2.776242047548294067e-02,6.135706324130296707e-03,-1.761541515588760376e-02,1.035812776535749435e-02,-2.289344184100627899e-02,7.059360854327678680e-03,3.330434858798980713e-02,-6.478777620941400528e-03,-1.450137887150049210e-02,-2.871246635913848877e-02,-1.809043623507022858e-02,-5.029959604144096375e-02,-2.937964163720607758e-04,-3.100840747356414795e-02,1.141373254358768463e-02,2.834300324320793152e-02,-1.263427641242742538e-02,9.685179218649864197e-03,-2.521907212212681770e-03,-1.394718606024980545e-02,8.504220284521579742e-03,-6.795459426939487457e-03,-2.181144617497920990e-02,-2.054471895098686218e-02,2.183783613145351410e-02,2.418655715882778168e-02,3.636560589075088501e-02,7.125336211174726486e-03,2.690474130213260651e-02,8.543806150555610657e-03,-3.856258234009146690e-03,-1.935716345906257629e-02,1.235388102941215038e-03,-5.924584809690713882e-03,-4.346454888582229614e-02,-2.065028063952922821e-03,2.167949452996253967e-02,1.605839654803276062e-02,-7.488200208172202110e-04,-2.224688231945037842e-02,-1.433314173482358456e-03,-2.670351648703217506e-03,-1.035812776535749435e-03,-4.581986926496028900e-03,-4.522609058767557144e-03,-5.357197299599647522e-02,-1.654661446809768677e-02,-2.185432938858866692e-03,1.275303214788436890e-02,-1.028555445373058319e-02,-1.799807138741016388e-02,-3.370020166039466858e-02,9.381692856550216675e-03,-3.450510092079639435e-03,-4.700742661952972412e-03,1.447498798370361328e-02,1.307631097733974457e-02,-1.919882185757160187e-02,4.510073736310005188e-02,1.270025153644382954e-03,4.255408886820077896e-03,1.559656951576471329e-02,8.609781041741371155e-03,2.080862037837505341e-02,8.787914179265499115e-03,1.286519039422273636e-02,1.736470870673656464e-02,1.641466282308101654e-02,-9.764349088072776794e-03,-1.732512190937995911e-02,-1.845989935100078583e-02,1.747026853263378143e-02,-1.171886920928955078e-03,-1.670495420694351196e-02,-2.146837301552295685e-02,-8.411855436861515045e-03,-4.506115335971117020e-03,-1.505557168275117874e-02,-1.838072761893272400e-02,-6.386412307620048523e-03,2.987033221870660782e-03,-1.570213004015386105e-03,-2.091418020427227020e-02,2.734677633270621300e-03,-1.392079517245292664e-02,-1.748346374370157719e-03,3.645137185230851173e-03,1.517432648688554764e-02,2.145517803728580475e-02,-1.378884445875883102e-02,3.981611225754022598e-03,7.402432616800069809e-03,1.721956185065209866e-03,-4.090470820665359497e-02,-2.643961459398269653e-03,-2.086469903588294983e-03,1.369647961109876633e-02,1.974311890080571175e-03,1.634868793189525604e-02,-1.221863180398941040e-02,-2.071625553071498871e-02,2.708287443965673447e-03,6.287449505180120468e-03,-2.873885631561279297e-02,-5.000930279493331909e-03,2.960973046720027924e-02,1.735151372849941254e-02,1.909326203167438507e-02,-9.130986407399177551e-03,-1.480321516282856464e-03,-5.182362627238035202e-03,5.522135645151138306e-03,-9.408082813024520874e-03,-1.264747139066457748e-02,-2.513660304248332977e-02,-5.861908663064241409e-03,1.567738829180598259e-03,1.816960796713829041e-02,6.439192686229944229e-03,2.210173755884170532e-02,2.779210917651653290e-03,-1.517432648688554764e-02,-9.394887834787368774e-03,-1.075397990643978119e-02,-8.359074592590332031e-03,1.720636710524559021e-02,-2.499145641922950745e-02,1.097169797867536545e-02,4.410451278090476990e-03,1.360411383211612701e-02,2.919408492743968964e-03,2.621859870851039886e-02,-2.416016720235347748e-02,-2.038637921214103699e-02,7.851065136492252350e-03,2.100654691457748413e-02,-9.856714867055416107e-03,-2.984724193811416626e-02,1.025256700813770294e-02,1.409233175218105316e-02,8.194136433303356171e-03,-4.713937640190124512e-03,1.053626090288162231e-02,1.942313835024833679e-02,-3.504609689116477966e-02,-4.080574493855237961e-03,1.311589684337377548e-02,-1.688968576490879059e-02,-9.942483156919479370e-03,8.754926733672618866e-03,-4.301591776311397552e-03,-2.509701810777187347e-02,-1.220543682575225830e-02,-3.922233823686838150e-03,2.276149019598960876e-02,1.397357601672410965e-02,-1.711400225758552551e-02,-9.942483156919479370e-03,3.615448251366615295e-03,3.491414710879325867e-02,-1.745707355439662933e-02,1.658619940280914307e-02,2.865968458354473114e-02,2.860690467059612274e-02,3.028267761692404747e-03,4.898008704185485840e-02,-2.439767867326736450e-02,1.584727503359317780e-02,-2.196978591382503510e-02,6.736081559211015701e-03,-9.559825994074344635e-03,-1.332041993737220764e-02,2.311775647103786469e-02,-2.078223042190074921e-02,-3.251264616847038269e-02,1.396038103848695755e-02,4.304890520870685577e-03,6.571143399924039841e-03,2.488919533789157867e-03,-2.521907212212681770e-03,-2.514979802072048187e-02,-4.196031484752893448e-03,2.200937084853649139e-02,-2.821105346083641052e-02,-2.924026735126972198e-02,1.479167025536298752e-02,-1.160506159067153931e-02,1.948911324143409729e-02,1.827516779303550720e-02,-2.438448369503021240e-02,3.585759317502379417e-03,2.815827354788780212e-02,1.723275706171989441e-02,2.251408295705914497e-04,-3.108056625933386385e-05,-1.378884445875883102e-02,-4.911863710731267929e-03,1.060883421450853348e-02,-2.881802618503570557e-02,6.769069470465183258e-03,5.508940201252698898e-03,-6.953800097107887268e-03,-2.963942009955644608e-03,1.405274588614702225e-02,-1.185576803982257843e-02,-2.196978591382503510e-02,8.418452925980091095e-03,1.442220807075500488e-02,1.252871565520763397e-02,8.946255780756473541e-03,-1.082655228674411774e-02,1.483125519007444382e-02,1.824877783656120300e-02,-1.385482028126716614e-02,-1.432984229177236557e-02,-2.834300324320793152e-02,-1.710080727934837341e-02,3.578502312302589417e-02,-2.153434976935386658e-02,-1.154568325728178024e-02,2.181144617497920990e-02,-1.989156240597367287e-03,-3.063894622027873993e-02,-1.360411383211612701e-02,-1.951550319790840149e-02,1.952869817614555359e-02,8.266709744930267334e-03,2.449004352092742920e-02,4.476426634937524796e-03,2.652208553627133369e-03,1.517432648688554764e-02,-1.113003864884376526e-02,-1.281900703907012939e-02,-2.650889009237289429e-02,1.175020728260278702e-02,-1.985857635736465454e-02,-1.761541515588760376e-02,1.329403021372854710e-03,-3.715730831027030945e-02,1.105086877942085266e-03,3.422800451517105103e-02,-1.913284696638584137e-02,2.423933707177639008e-02,1.320826169103384018e-02,1.823558285832405090e-02,-1.122900191694498062e-02,1.989156240597367287e-03,1.733831875026226044e-02,6.587637122720479965e-03,1.270849839784204960e-03,-5.929532926529645920e-04,-4.124777764081954956e-02,-4.760120529681444168e-03,-3.546174149960279465e-03,1.516113150864839554e-02,-1.388121023774147034e-02,1.102612819522619247e-03,-7.461810484528541565e-03,-1.000186055898666382e-02,3.401028458029031754e-03,-1.351174805313348770e-02,-1.225821673870086670e-02,7.356249727308750153e-03,-1.925160177052021027e-02,3.884627670049667358e-02,3.219596296548843384e-02,-1.737790368497371674e-02,1.538544800132513046e-02,2.282746508717536926e-02,-9.790739975869655609e-03,-2.142549026757478714e-03,3.626004233956336975e-02,1.170402392745018005e-02,-2.297261171042919159e-02,7.052763365209102631e-03,2.307487418875098228e-03,2.926665917038917542e-02,-3.783685388043522835e-03,1.084634475409984589e-02,-3.245986625552177429e-02,2.813188172876834869e-02,-4.642024636268615723e-02,-3.715236089192330837e-04,6.197558250278234482e-04,1.776385935954749584e-03,3.032226301729679108e-02,-3.612809255719184875e-02,6.541454233229160309e-03,-6.135706324130296707e-03,-2.711586188524961472e-03,-3.013753332197666168e-02,-1.815641112625598907e-02,-2.266912534832954407e-02,-7.158323656767606735e-03,-8.365672081708908081e-03,1.196132786571979523e-02,-5.522135645151138306e-03,-4.019217193126678467e-02,-1.865782402455806732e-02,-1.462013367563486099e-02,-2.084820531308650970e-02,2.040287246927618980e-03,1.829364001750946045e-01,-2.386987581849098206e-02,-7.540980819612741470e-03,3.747399151325225830e-02,3.935428801923990250e-03,-1.440901309251785278e-02,2.702349610626697540e-02,8.042393252253532410e-03,-1.869740895926952362e-02,1.070779655128717422e-02,-2.913470752537250519e-02,-8.147954009473323822e-03,4.539102781563997269e-03,5.471829208545386791e-04,1.001505553722381592e-02,-3.180010989308357239e-02,-1.027895696461200714e-02,-7.494797930121421814e-03,-1.145991589874029160e-02,-6.709691602736711502e-03,-1.196132786571979523e-02,1.685010083019733429e-02,-9.685179218649864197e-03,-1.207348611205816269e-02,1.700844056904315948e-02,8.154551498591899872e-03,1.259304233826696873e-03,-1.686329580843448639e-02,2.850134484469890594e-02,2.188731683418154716e-03,6.966995541006326675e-03,9.566423483192920685e-03,-1.004804298281669617e-02,-2.332887798547744751e-02,-2.518938295543193817e-02,-2.802302362397313118e-03,9.599410928785800934e-03,3.721008775755763054e-03,1.352494396269321442e-02,4.021196626126766205e-03,-9.546631015837192535e-03,-1.367008965462446213e-02,-9.559825994074344635e-03,1.353813894093036652e-02,-3.819971811026334763e-03,2.346082963049411774e-02,-3.156919730827212334e-03,-7.930235005915164948e-03,-3.457107394933700562e-02,1.245614327490329742e-02,-2.402821741998195648e-02,-1.696885563433170319e-02,5.127602815628051758e-02,1.464652456343173981e-02,-4.654559772461652756e-03,-5.805829539895057678e-03,9.606008417904376984e-03,2.879163622856140137e-02,-1.851267926394939423e-02,1.132796518504619598e-02,-1.199926366098225117e-03,5.528733134269714355e-03,-5.248337984085083008e-03,4.071997478604316711e-02,-7.950027938932180405e-04,1.685010083019733429e-02,-3.111396729946136475e-02,-7.026372943073511124e-03,7.996210828423500061e-03,-2.302539162337779999e-02,6.393009796738624573e-03,-1.667856425046920776e-02,4.354372154921293259e-03,1.553059369325637817e-02,3.277324838563799858e-03,-1.487084012478590012e-02,2.342124283313751221e-02,-9.442719747312366962e-04,5.819024518132209778e-03,1.021298207342624664e-02,-3.529680427163839340e-03,-8.042393252253532410e-03,-3.420821158215403557e-03,-4.021196626126766205e-03,-2.873885631561279297e-02,-1.975301466882228851e-02,3.232791274785995483e-02,1.596603170037269592e-02,-4.240894317626953125e-02,7.336457259953022003e-03,1.417150162160396576e-02,-2.764366567134857178e-03,-1.083974726498126984e-02,5.278026583255268633e-05,-5.413276143372058868e-03,-1.347546232864260674e-03,8.431647904217243195e-03,2.022803761065006256e-02,-1.878977566957473755e-02,4.760120529681444168e-03,-9.170571342110633850e-03,3.040143474936485291e-02,-8.682354353368282318e-03,5.409977398812770844e-03,-1.045709010213613510e-02,-6.815251894295215607e-03,1.655980944633483887e-02,3.209040313959121704e-02,5.274727940559387207e-03,-1.339959073811769485e-02,-4.754347610287368298e-04,-2.020164765417575836e-02,5.202155094593763351e-03,-4.809601698070764542e-03,1.550420373678207397e-02,1.064182166010141373e-02,4.443438723683357239e-03,-1.675773411989212036e-02,5.175105109810829163e-02,9.096349240280687809e-04,5.736555438488721848e-03,-1.369647961109876633e-02,2.032040385529398918e-03,1.541183795779943466e-02,1.186896301805973053e-02,-1.068800408393144608e-02,-8.081978186964988708e-03,-5.733256693929433823e-03,2.990002185106277466e-02,-2.412058226764202118e-02,8.886877447366714478e-03,-1.345237065106630325e-02,-1.017999369651079178e-02,-5.621098447591066360e-03,-3.290849551558494568e-02,3.019031323492527008e-02,1.187556050717830658e-02,-3.525556821841746569e-04,1.371049875160679221e-04,3.879349678754806519e-03,-1.797168143093585968e-02,-1.893492043018341064e-02,2.591511048376560211e-02,5.654086358845233917e-03,-1.488403510302305222e-02,2.414697315543889999e-03,1.757582835853099823e-02,9.441070258617401123e-03,1.405274588614702225e-02,4.646622255677357316e-05,-1.710080727934837341e-02,-1.562295947223901749e-02,3.021670319139957428e-02,-3.961818758398294449e-03,4.824116453528404236e-02,1.175020728260278702e-02,-8.405257947742938995e-03,-2.243161387741565704e-02,1.944952830672264099e-02,1.570213027298450470e-02,-6.776986271142959595e-02,2.049193903803825378e-02,2.839578315615653992e-02,-2.501784637570381165e-02,-2.469951577950268984e-04,-5.040515679866075516e-03,-1.663634032011032104e-01,1.196792535483837128e-02,-1.475208438932895660e-02,-1.020638458430767059e-02,3.034865297377109528e-02,-4.997631534934043884e-03,1.691607572138309479e-02,-6.218175403773784637e-03,-2.297261171042919159e-02,-9.361900389194488525e-03,3.950602933764457703e-02,-1.019318937323987484e-03,-1.325444504618644714e-02,2.545328438282012939e-02,-1.146651338785886765e-02,2.317383623449131846e-04,-3.689340874552726746e-02,7.732309401035308838e-03,2.332228003069758415e-03,1.176999974995851517e-02,-3.680186637211591005e-04,-2.589531941339373589e-03,3.737502731382846832e-03,-1.954189315438270569e-02,3.649755567312240601e-02,3.143065050244331360e-02,-1.927799358963966370e-02,1.597922667860984802e-02,-1.888214051723480225e-02,-2.628457359969615936e-02,1.083974726498126984e-02,1.959467492997646332e-02,5.647488683462142944e-02,7.270481903105974197e-03,1.231759507209062576e-02,1.516113150864839554e-02,-9.302522055804729462e-03,-1.162485405802726746e-02,5.789335817098617554e-03,5.588111001998186111e-03,1.964745484292507172e-02,-1.523205544799566269e-03,6.828447338193655014e-03,3.325156867504119873e-03,1.943179813679307699e-05,2.770964056253433228e-02,8.708744309842586517e-03,-1.853906898759305477e-03,1.203390117734670639e-02,-8.180941455066204071e-03,4.862382076680660248e-03,-2.471436001360416412e-02,-3.165166592225432396e-03,1.933077350258827209e-02,8.266709744930267334e-03,2.194339595735073090e-02,-1.360411383211612701e-02,-1.467291451990604401e-02,-7.837870158255100250e-03,8.906669914722442627e-03,-1.622993312776088715e-02,-1.295095775276422501e-02,1.094530802220106125e-02,-1.135435514152050018e-02,3.760594129562377930e-02,-1.752304844558238983e-02,-1.425067242234945297e-02,-1.616395637392997742e-02,-4.977839067578315735e-03,2.778881043195724487e-02,-1.732512190937995911e-02,-1.103767380118370056e-02,-3.556070616468787193e-03,-1.762861013412475586e-02,2.193020097911357880e-02,1.508196163922548294e-02,-1.717997714877128601e-02,2.231285721063613892e-02,-1.698205061256885529e-02,5.682125920429825783e-04,-2.855412475764751434e-02,2.661444991827011108e-02,-4.260048081050626934e-05,-5.103192292153835297e-03,-6.287449505180120468e-03,1.119931344874203205e-03,3.011774038895964622e-03,-2.653528004884719849e-02,-2.229966223239898682e-03,-2.098015695810317993e-02,-3.135477658361196518e-03,-2.401502244174480438e-02,2.187742106616497040e-02,-4.651261027902364731e-03,3.971715271472930908e-02,2.319692820310592651e-02,-2.450323849916458130e-02,-8.022600784897804260e-03,-1.604520156979560852e-02,-1.085953973233699799e-02,-1.009422587230801582e-03,1.725255046039819717e-03,-3.391132131218910217e-02,1.533266808837652206e-02,1.385482028126716614e-02,1.448818389326334000e-02,1.051646843552589417e-02,1.062862668186426163e-02,-3.440613625571131706e-03,-1.906687207520008087e-02,-2.472425578162074089e-03,-2.026762254536151886e-02,4.113561939448118210e-03,4.122138768434524536e-02,1.165784150362014771e-02,2.868607454001903534e-02,1.091891806572675705e-02,-1.736470870673656464e-02,2.807910181581974030e-02,-1.050987094640731812e-02,7.072556018829345703e-02,-1.900089718401432037e-02,-6.519187591038644314e-04,-5.030619446188211441e-03,-1.951550319790840149e-02,2.703339327126741409e-03,-1.190722808241844177e-01,7.712516468018293381e-03,7.402432616800069809e-03,8.721939288079738617e-03,2.632415853440761566e-02,2.990002185106277466e-02,2.504423633217811584e-02,-3.948623780161142349e-03,-1.604520156979560852e-02,-8.900072425603866577e-03,7.323262398131191730e-04,-1.285859290510416031e-02,1.215265691280364990e-02,-1.016844878904521465e-03,1.178319472819566727e-02,-8.787914179265499115e-03,-1.498959586024284363e-02,-8.095173165202140808e-03,1.147970836609601974e-02,4.486322868615388870e-03,2.797354245558381081e-03,8.411855436861515045e-03,1.473888941109180450e-02,-2.789437212049961090e-02,2.578316070139408112e-02,1.093211304396390915e-02,-2.559842914342880249e-02,2.559842914342880249e-02,2.383029088377952576e-02,2.995280176401138306e-02,1.312249433249235153e-02,5.294520407915115356e-03,-1.928129117004573345e-03,-2.186422608792781830e-02,-5.898194853216409683e-03,-2.653528004884719849e-02,-1.952869817614555359e-02,9.310768800787627697e-04,1.062202919274568558e-02,9.508695220574736595e-04,6.696496624499559402e-03,1.948911324143409729e-02,-1.350515056401491165e-02,-6.980190519243478775e-03,3.182649984955787659e-02,-1.743068359792232513e-02,-4.169641062617301941e-03,2.152115479111671448e-02,3.713091835379600525e-02,4.512712825089693069e-03,-2.728739753365516663e-02,-1.330722495913505554e-02,-1.768139004707336426e-02,-2.218090742826461792e-02,4.057483281940221786e-03,-1.690288074314594269e-02,5.578214302659034729e-03,5.007527768611907959e-03,-2.476713992655277252e-02,-1.893492066301405430e-03,-2.971529029309749603e-02,5.317612085491418839e-03,2.248439379036426544e-02,1.376245450228452682e-02,8.827500045299530029e-03,-2.542689442634582520e-02,-7.151726167649030685e-03,-2.398863248527050018e-02,2.091418020427227020e-02,-5.693671293556690216e-03,3.740801475942134857e-03,1.231759507209062576e-02,-1.188875548541545868e-02,6.013651844114065170e-03,-2.960973046720027924e-02,-1.183597464114427567e-02,-4.594522342085838318e-02,-1.535905804485082626e-02,1.794529147446155548e-02,-2.627137862145900726e-02,-3.021670319139957428e-02,-1.816960796713829041e-02,1.213286444544792175e-02,-6.323735695332288742e-03,4.032412543892860413e-02,-2.492218278348445892e-03,5.179063882678747177e-03,-3.549472894519567490e-03,1.147311087697744370e-02,-2.677279151976108551e-02,-1.983218640089035034e-02,2.542689442634582520e-02,2.521577291190624237e-02,5.861908663064241409e-03,2.987033221870660782e-03,-6.089523434638977051e-03,9.401485323905944824e-03,-1.948911324143409729e-02,1.304332353174686432e-02,3.247635904699563980e-03,-1.191514544188976288e-02,-1.582088507711887360e-02,-4.407152161002159119e-02,2.353999949991703033e-02,-2.808899851515889168e-03,7.263884413987398148e-03,8.260112255811691284e-03,-1.696885563433170319e-02,7.507992908358573914e-03,-1.847309432923793793e-02,-7.771894335746765137e-03,-8.444842882454395294e-03,-9.909494780004024506e-03,2.054471895098686218e-02,1.365689467638731003e-02,1.318187173455953598e-02,4.598480649292469025e-03,-9.757751598954200745e-03,4.202628973871469498e-03,3.013753332197666168e-02,6.425997707992792130e-03,3.114035725593566895e-02,6.458985153585672379e-03,6.059834267944097519e-03,-1.928129117004573345e-03,2.534772269427776337e-02,-1.951550319790840149e-02,2.055791392922401428e-02,-8.966048248112201691e-03,2.090098522603511810e-02,8.552052895538508892e-04,1.975301466882228851e-02,6.270955316722393036e-03,-1.973981969058513641e-02,1.504237670451402664e-02,2.784159034490585327e-02,-7.316664792597293854e-03,-3.472941741347312927e-02,-2.624168992042541504e-03,1.178979221731424332e-02,5.792634561657905579e-03,4.591883346438407898e-02,-2.322331815958023071e-02,-2.815827354788780212e-02,9.540033526718616486e-03,-2.017525769770145416e-02,-5.941078998148441315e-03,6.148901302367448807e-03,-2.276149112731218338e-03,3.757955133914947510e-02,-1.407913677394390106e-02,-1.142033003270626068e-02,3.058616444468498230e-02,2.474074997007846832e-02,4.004702903330326080e-03,-3.061255440115928650e-02,-7.376042194664478302e-03,9.912793757393956184e-04,2.776242047548294067e-02,-7.540980819612741470e-03,3.824507584795355797e-04,-4.019217193126678467e-02,1.367008965462446213e-02,-9.487252682447433472e-03,1.384162530303001404e-02,2.678598510101437569e-03,-1.024596951901912689e-02,-3.079398768022656441e-03,-1.107725873589515686e-02,2.219410240650177002e-02,2.498815767467021942e-03,-1.455415878444910049e-02,-1.381523534655570984e-02,1.634868793189525604e-02,-6.835044827312231064e-03,2.121766842901706696e-02,2.042596414685249329e-02,-1.582088507711887360e-02,-1.363215385936200619e-03,-3.267098590731620789e-02,-5.663982592523097992e-03,1.211966853588819504e-02,1.980579458177089691e-02,-5.261532962322235107e-03,-4.203948378562927246e-02,4.011300206184387207e-02,2.734017930924892426e-02,-8.985840715467929840e-03,-1.077377237379550934e-02,1.739109866321086884e-02,1.930438354611396790e-02,1.407913677394390106e-02,8.669159375131130219e-03,1.483125519007444382e-02,4.156446084380149841e-02,-6.290748249739408493e-03,-5.007527768611907959e-03,7.343054749071598053e-03,-1.193493790924549103e-02,7.184714078903198242e-03,1.927799358963966370e-02,2.199617587029933929e-02,-1.902728714048862457e-02,-1.027235947549343109e-02,-4.898668848909437656e-04,-1.702163554728031158e-02,-2.958334051072597504e-02,1.487084012478590012e-02,-5.879721790552139282e-02,-3.845042362809181213e-02,-2.252397872507572174e-02,8.405257947742938995e-03,2.995280176401138306e-02,1.116962451487779617e-02,5.215350072830915451e-03,-8.213928900659084320e-03,2.025442756712436676e-02,3.623365238308906555e-02,3.961158916354179382e-02,1.785292476415634155e-02,6.808654405176639557e-03,2.570399083197116852e-02,1.262767892330884933e-02,1.636188291013240814e-02,9.823727421462535858e-03,7.859311881475150585e-04,3.280293568968772888e-02,1.436942815780639648e-02,3.506588982418179512e-03,-1.834114268422126770e-02,7.943429984152317047e-03,-3.542875405400991440e-03,2.028081752359867096e-02,-1.316867675632238388e-02,2.591181313619017601e-03,-4.690846428275108337e-03,1.084634475409984589e-02,2.566440589725971222e-02,-1.030534692108631134e-02,4.525908082723617554e-02,-2.331568300724029541e-02,3.404327109456062317e-02,1.240336243063211441e-02,-8.062185719609260559e-03,2.591593656688928604e-04,2.385668084025382996e-02,2.156073972582817078e-02,-1.304662204347550869e-03,-9.579618461430072784e-03,-8.814305067062377930e-03,-1.270025223493576050e-02,-2.245800383388996124e-02,-1.960786990821361542e-02,1.752304844558238983e-02,6.082925945520401001e-03,-1.801126636564731598e-02,-6.986788008362054825e-03,8.009405806660652161e-03,2.511021308600902557e-02,1.335340738296508789e-02,1.083974726498126984e-02,2.288024686276912689e-02,1.394718606024980545e-02,-1.061543170362710953e-02,-2.080862037837505341e-02,-1.283220294862985611e-02,-2.393585070967674255e-02,7.290274370461702347e-03,8.438245393335819244e-03,6.894422229379415512e-03,-2.562481909990310669e-02,1.423747744411230087e-02,-7.112141232937574387e-03,-3.834486380219459534e-02,-1.220543682575225830e-02,5.825622007250785828e-03,-3.116674721240997314e-02,5.680476315319538116e-03,-2.818466350436210632e-02,7.343054749071598053e-03,2.236563898622989655e-02,-2.736656926572322845e-02,-1.665052492171525955e-03,-3.251264616847038269e-02,-1.962106488645076752e-02,2.677279151976108551e-02,6.462283898144960403e-03,7.837870158255100250e-03,1.956168562173843384e-03,-1.091891806572675705e-02
-1.779856346547603607e-02,-3.660101071000099182e-02,-1.172609278000891209e-03,-2.284510806202888489e-02,-8.098889142274856567e-03,2.846142277121543884e-02,-1.246713474392890930e-02,9.136686101555824280e-03,-1.649114303290843964e-03,-3.619403019547462463e-02,-6.384488660842180252e-04,3.847311437129974365e-02,-1.142933685332536697e-02,-2.213967777788639069e-02,2.032183669507503510e-02,-1.233825739473104477e-02,1.485474687069654465e-02,-2.131554298102855682e-03,2.255343832075595856e-03,-1.092739589512348175e-02,-2.140711434185504913e-02,1.579079963266849518e-02,-1.381694898009300232e-02,-1.246035099029541016e-02,-1.775786653161048889e-02,3.706903662532567978e-03,9.224865585565567017e-03,-9.129903279244899750e-03,8.059039246290922165e-04,-2.033540233969688416e-02,-1.979276351630687714e-02,-1.248070038855075836e-02,-2.394395135343074799e-02,-4.737239703536033630e-02,-3.288393095135688782e-02,-1.684894599020481110e-02,-1.554152462631464005e-03,-1.094774436205625534e-02,3.985006362199783325e-03,-4.785398952662944794e-03,-1.793422363698482513e-02,-1.032370980829000473e-02,1.881601288914680481e-02,1.269266824238002300e-03,-8.648311719298362732e-03,-4.269891884177923203e-03,-2.673854306340217590e-02,-3.540720418095588684e-02,-5.724843125790357590e-03,1.095452811568975449e-02,3.613976761698722839e-02,-9.129903279244899750e-03,-9.123120456933975220e-03,-1.945361308753490448e-02,1.876174844801425934e-02,-6.674461532384157181e-03,5.758757703006267548e-03,1.175492070615291595e-02,-1.958927325904369354e-02,-1.892453990876674652e-02,-4.039270337671041489e-03,2.356410399079322815e-02,-5.141505971550941467e-03,-4.489491111598908901e-04,-2.194975316524505615e-02,-9.808202274143695831e-03,-6.457405630499124527e-03,2.631799876689910889e-02,-2.500209771096706390e-02,1.540586468763649464e-03,2.190905623137950897e-02,3.467803355306386948e-03,2.171913161873817444e-02,1.929082162678241730e-02,1.214833371341228485e-02,-1.371520478278398514e-02,1.121228095144033432e-02,-2.416100725531578064e-02,-1.998268626630306244e-02,1.237217243760824203e-02,-2.033201046288013458e-03,-1.390512846410274506e-02,-1.869391836225986481e-02,-2.989602508023381233e-03,1.402722205966711044e-02,-1.319969724863767624e-02,-2.078307978808879852e-02,2.156990580260753632e-02,3.689946141093969345e-03,-2.006408199667930603e-02,2.407961152493953705e-02,2.378115989267826080e-02,7.637646049261093140e-03,3.546146675944328308e-02,-2.580249123275279999e-02,-1.253496389836072922e-02,-2.388968877494335175e-02,2.249239198863506317e-02,5.280557088553905487e-03,-1.290124561637639999e-02,-1.569583639502525330e-02,2.066098526120185852e-02,-3.578026778995990753e-03,-1.668615452945232391e-02,-4.856620356440544128e-02,-9.597930125892162323e-03,-1.839885837398469448e-03,-2.662323182448744774e-03,2.951956912875175476e-02,-1.492257602512836456e-02,8.865366689860820770e-03,2.970949374139308929e-02,1.248748321086168289e-02,-1.798848807811737061e-02,2.292650379240512848e-02,-9.814985096454620361e-03,2.389308065176010132e-03,3.520371392369270325e-03,-2.311642654240131378e-02,5.121157155372202396e-04,-2.796287415549159050e-03,1.116480026394128799e-02,1.061537861824035645e-02,5.650230217725038528e-03,1.848364598117768764e-03,2.498853206634521484e-02,7.854701951146125793e-03,-1.545164920389652252e-02,-5.243250634521245956e-03,-1.096809376031160355e-02,1.239252183586359024e-02,2.483930625021457672e-02,7.251015398651361465e-03,1.673702616244554520e-03,1.043223775923252106e-02,3.722504526376724243e-02,-1.163960993289947510e-02,1.311151869595050812e-02,-1.545164920389652252e-02,-1.125297881662845612e-02,-2.701325574889779091e-03,2.041679807007312775e-02,-2.981802076101303101e-02,2.194297034293413162e-03,1.981989480555057526e-02,-7.244232576340436935e-03,2.603311277925968170e-02,1.973849907517433167e-02,-1.232469175010919571e-02,-2.509706094861030579e-02,1.649622991681098938e-02,-1.946717873215675354e-02,4.381811246275901794e-02,-2.650792151689529419e-02,5.470480769872665405e-03,2.544977515935897827e-02,-3.215136937797069550e-03,1.347101666033267975e-02,4.856620449572801590e-03,5.197465652599930763e-04,-2.536837942898273468e-02,3.601767355576157570e-03,2.924825064837932587e-02,3.628899343311786652e-03,1.592645794153213501e-02,5.016698688268661499e-02,-3.274488030001521111e-03,-1.619777828454971313e-02,-1.248748321086168289e-02,-5.541702266782522202e-03,1.926369033753871918e-02,3.717078268527984619e-02,-2.903119474649429321e-02,3.011647239327430725e-02,-2.106118248775601387e-03,2.463581785559654236e-02,-4.395376890897750854e-03,1.146325189620256424e-02,-2.568039670586585999e-02,-7.963228970766067505e-03,-2.791878394782543182e-02,1.828693971037864685e-02,2.884127013385295868e-02,5.487438291311264038e-03,-4.141015000641345978e-03,-4.914275836199522018e-03,7.643580902367830276e-04,1.778838923200964928e-03,4.707394633442163467e-03,-3.006220795214176178e-02,1.008630543947219849e-02,1.899236999452114105e-02,-1.603498682379722595e-02,1.939934911206364632e-03,-6.381436586380004883e-01,-1.021687756292521954e-03,-6.511669605970382690e-03,-1.614351384341716766e-02,-1.331500802189111710e-02,5.965638905763626099e-03,1.300977356731891632e-02,1.202624011784791946e-02,-3.293819725513458252e-02,2.395751886069774628e-02,-1.564157381653785706e-02,9.313044138252735138e-03,-3.686130803544074297e-04,-4.056227579712867737e-02,-7.406176300719380379e-04,-1.271810475736856461e-02,-4.578517749905586243e-03,-1.169387344270944595e-02,-1.093417871743440628e-02,-1.773073337972164154e-02,-2.875987440347671509e-02,1.390512846410274506e-02,9.998125955462455750e-03,5.456914659589529037e-03,9.733589366078376770e-03,1.911446452140808105e-02,1.489544473588466644e-02,-2.725405059754848480e-02,-4.873577971011400223e-03,1.072390563786029816e-02,-4.346539452672004700e-02,1.912803016602993011e-02,-2.275014668703079224e-02,1.088669802993535995e-02,2.451372332870960236e-02,-4.629390314221382141e-04,-7.651211693882942200e-03,2.424240298569202423e-02,1.466821413487195969e-03,3.131027892231941223e-02,-3.000794537365436554e-02,-6.891516968607902527e-03,-5.629881285130977631e-03,-8.187067694962024689e-03,-1.218224875628948212e-02,3.098469413816928864e-02,3.361649438738822937e-02,3.632290754467248917e-03,2.989941649138927460e-02,2.504279650747776031e-02,-4.564951639622449875e-03,-1.351849734783172607e-02,-2.508349344134330750e-02,2.611450850963592529e-02,1.526172552257776260e-02,9.962515905499458313e-04,1.485474687069654465e-02,-1.239252183586359024e-02,-4.161363933235406876e-03,2.051175944507122040e-02,1.476148026995360851e-03,7.908965460956096649e-03,-8.912848308682441711e-03,-2.250595763325691223e-02,-1.444776728749275208e-02,1.372198760509490967e-02,-1.720166020095348358e-02,1.617064699530601501e-02,3.017073683440685272e-02,9.367308579385280609e-03,6.558302557095885277e-04,8.804320357739925385e-03,8.376991376280784607e-03,8.343077264726161957e-03,1.690320856869220734e-02,1.855825819075107574e-02,1.022874750196933746e-02,-2.043036371469497681e-02,-9.129903279244899750e-03,4.032487049698829651e-03,3.025213256478309631e-03,-2.405248023569583893e-02,-2.356410399079322815e-02,-1.442063506692647934e-02,5.283948499709367752e-03,-1.376946829259395599e-02,-4.073184914886951447e-03,-2.591101825237274170e-02,1.397295761853456497e-02,-1.901950128376483917e-02,-1.484118029475212097e-02,1.301655638962984085e-02,1.824624091386795044e-02,5.877460353076457977e-03,-7.590164896100759506e-03,3.367754165083169937e-03,-3.225311404094099998e-03,-1.083921641111373901e-02,2.401178143918514252e-02,3.676380263641476631e-03,9.760721586644649506e-03,2.140033058822154999e-03,4.531036689877510071e-02,-8.214199915528297424e-03,1.645553112030029297e-02,2.156990580260753632e-03,-3.581418469548225403e-02,1.589763087395112962e-06,1.626560837030410767e-02,-4.753518849611282349e-02,3.249051980674266815e-03,1.359141431748867035e-03,1.823267526924610138e-02,-4.322036111261695623e-04,-1.636056974530220032e-02,-3.120175004005432129e-02,9.937079623341560364e-03,5.960551789030432701e-04,2.904815133661031723e-03,-1.933151856064796448e-02,-3.018430201336741447e-03,3.575991839170455933e-02,-5.134722683578729630e-03,-2.249239198863506317e-02,1.542451791465282440e-02,3.188005089759826660e-02,-1.854469254612922668e-02,-2.859708294272422791e-02,-2.460868470370769501e-02,-1.570940390229225159e-02,-7.440939079970121384e-03,4.507296252995729446e-03,9.414789266884326935e-03,-6.104690488427877426e-03,6.986478809267282486e-03,-9.369003819301724434e-04,3.991789184510707855e-03,-1.798848807811737061e-02,1.733732037246227264e-02,-2.745754085481166840e-02,9.170601144433021545e-03,9.516534395515918732e-03,2.970949281007051468e-03,-3.407773748040199280e-02,5.395867861807346344e-03,-3.122888319194316864e-02,8.851801045238971710e-03,-2.081021107733249664e-02,-2.894979901611804962e-02,3.778124926611781120e-03,2.587032131850719452e-02,-2.436449751257896423e-02,-4.067080467939376831e-02,-2.690133638679981232e-02,5.168637726455926895e-03,-6.806729827076196671e-03,1.119193248450756073e-02,9.753938764333724976e-03,8.492302149534225464e-03,-2.428310178220272064e-02,5.989379715174436569e-03,1.353884674608707428e-02,-2.634513005614280701e-02,-1.576366648077964783e-02,-1.160569489002227783e-02,-1.748654618859291077e-02,4.364853724837303162e-03,-1.005239039659500122e-02,-9.584363549947738647e-03,-2.922111749649047852e-02,1.039153989404439926e-02,-2.981123747304081917e-03,-1.863965392112731934e-02,2.676567621529102325e-02,1.948413671925663948e-03,2.101370133459568024e-02,-1.467838883399963379e-02,-1.882957853376865387e-02,-1.702530309557914734e-02,1.566870510578155518e-02,5.551876500248908997e-03,-9.692891500890254974e-03,-2.030826918780803680e-02,7.725824601948261261e-03,2.026757225394248962e-02,-2.791878394782543182e-02,9.733589366078376770e-03,2.325208671391010284e-02,-7.567272405140101910e-04,8.614396676421165466e-03,3.998572006821632385e-03,9.136686101555824280e-03,4.995671566575765610e-03,4.927841480821371078e-03,7.108572870492935181e-03,2.908545732498168945e-02,2.192262187600135803e-02,-2.833593869581818581e-03,1.579079963266849518e-02,7.995448540896177292e-04,1.312508434057235718e-02,-1.895167119801044464e-02,5.003133043646812439e-02,-2.028113789856433868e-02,1.331500802189111710e-02,2.842072397470474243e-03,1.084600016474723816e-02,-2.428310224786400795e-03,3.174439072608947754e-02,-5.029586609452962875e-03,9.930295869708061218e-03,-2.531411685049533844e-02,-2.429666742682456970e-02,7.000044919550418854e-03,2.329278551042079926e-02,2.079664543271064758e-02,1.416288129985332489e-02,-4.259717185050249100e-03,-5.975813604891300201e-03,-2.444589324295520782e-02,-7.474854122847318649e-03,-1.349814888089895248e-02,3.155446797609329224e-02,-1.218903157860040665e-02,-2.165130153298377991e-02,1.923655718564987183e-02,-1.707617542706429958e-03,1.591289229691028595e-02,-7.088223937898874283e-03,-6.369227077811956406e-03,-9.713240899145603180e-03,-1.406791992485523224e-02,3.537328913807868958e-03,2.041679807007312775e-02,1.767647080123424530e-02,-1.706600189208984375e-02,-2.358784433454275131e-03,-1.731018908321857452e-02,3.188005066476762295e-04,-1.005239039659500122e-02,-1.355241239070892334e-02,2.832576259970664978e-02,1.690320856869220734e-02,4.178321454674005508e-03,-3.652639687061309814e-03,2.639939449727535248e-02,2.710482478141784668e-02,-2.586014568805694580e-03,-1.069677434861660004e-02,2.303503081202507019e-02,-4.771832842379808426e-03,2.161060459911823273e-02,-2.146137878298759460e-02,-6.101299077272415161e-03,1.668615452945232391e-02,-2.878700569272041321e-02,-3.978223074227571487e-03,1.066285930573940277e-02,-1.738141058012843132e-03,2.729474939405918121e-02,1.716096326708793640e-02,1.941291615366935730e-02,8.811103180050849915e-03,8.295595645904541016e-03,2.832576259970664978e-02,-1.022874750196933746e-02,-6.766031961888074875e-03,-1.824624091386795044e-02,-9.204516187310218811e-03,6.036860286258161068e-04,2.370654838159680367e-03,8.193851448595523834e-03,1.867441751528531313e-04,-5.551876500248908997e-03,1.682181283831596375e-02,1.183631643652915955e-02,-2.547012409195303917e-03,-5.694319494068622589e-03,3.619403019547462463e-02,-1.778838923200964928e-03,-1.420357916504144669e-02,-2.433736622333526611e-02,7.922531105577945709e-03,-4.520862363278865814e-03,-6.650721188634634018e-03,-8.295595645904541016e-03,-1.958927325904369354e-02,-4.975322633981704712e-03,-9.177384898066520691e-03,7.576599251478910446e-03,1.160569489002227783e-02,1.737801916897296906e-02,6.891516968607902527e-03,-7.861484773457050323e-03,-3.839171957224607468e-03,-7.786871865391731262e-03,1.834120228886604309e-02,-9.197733364999294281e-03,2.239743061363697052e-02,-3.294836962595582008e-03,-3.565308870747685432e-04,-2.829863131046295166e-02,-9.862466715276241302e-03,-4.941407591104507446e-03,3.120175004005432129e-02,1.816484518349170685e-02,4.955821787007153034e-04,7.217100821435451508e-03,-4.893926903605461121e-03,-1.657762564718723297e-02,9.055290371179580688e-03,1.471908669918775558e-02,-3.022499941289424896e-02,-4.212236497551202774e-03,1.387799624353647232e-02,-8.466018480248749256e-04,-1.415948965586721897e-03,-4.292360245017334819e-06,1.006595604121685028e-02,-9.265563450753688812e-03,9.984560310840606689e-03,-1.962997019290924072e-02,-6.498103961348533630e-03,6.711767986416816711e-03,9.599286317825317383e-02,7.610513828694820404e-03,2.502923132851719856e-03,5.060109775513410568e-03,-9.970994666218757629e-03,2.677924185991287231e-02,-2.101370133459568024e-02,-4.076576326042413712e-03,-1.515998155809938908e-03,-5.623097997158765793e-03,1.142255403101444244e-02,-1.311830151826143265e-02,-2.631799783557653427e-03,-1.897880434989929199e-02,2.490713633596897125e-02,3.714364767074584961e-02,-2.660288475453853607e-02,-1.961640454828739166e-02,1.173457130789756775e-02,-1.851756125688552856e-02,-2.437806315720081329e-02,-3.835780546069145203e-03,7.851310074329376221e-04,1.897880434989929199e-02,8.777188137173652649e-03,-1.241287030279636383e-02,4.590727016329765320e-02,4.601579904556274414e-02,7.305279374122619629e-03,-4.595475271344184875e-03,1.996912062168121338e-02,-2.477486850693821907e-03,-1.446133293211460114e-02,2.463581785559654236e-02,-2.957383356988430023e-02,-6.728725507855415344e-03,6.664286833256483078e-03,3.556999564170837402e-02,3.901575505733489990e-02,-1.516846008598804474e-03,-3.074389882385730743e-03,1.622490957379341125e-02,5.121157038956880569e-03,-2.336061559617519379e-02,2.877683145925402641e-03,-1.107662171125411987e-02,7.895399816334247589e-03,8.317640749737620354e-04,-5.419608205556869507e-03,-5.209335591644048691e-03,3.293819725513458252e-02,-4.202740266919136047e-02,-5.704494193196296692e-03,-2.713195793330669403e-02,5.256816511973738670e-04,1.680824719369411469e-02,1.580436481162905693e-03,1.058824639767408371e-02,-3.098130458965897560e-03,1.001169253140687943e-02,-1.337605528533458710e-02,-2.426953613758087158e-02,2.401178237050771713e-03,-7.020393852144479752e-03,-1.838190108537673950e-02,6.945780944079160690e-03,-3.519015014171600342e-02,-3.243964631110429764e-03,8.800928480923175812e-04,5.952073261141777039e-03,8.750055916607379913e-03,-1.660475693643093109e-02,-2.421527169644832611e-02,-3.921415554941631854e-05,3.296532854437828064e-02,1.881601288914680481e-02,1.290124561637639999e-02,2.017939230427145958e-03,1.703886874020099640e-02,1.680824719369411469e-02,5.582400131970643997e-03,-2.177339605987071991e-02,-1.832763664424419403e-02,-1.296229287981987000e-02,-1.256209611892700195e-02,2.506992779672145844e-02,-1.068999152630567551e-02,-1.428497582674026489e-02,-1.041188836097717285e-03,-7.732607889920473099e-03,-3.230398753657937050e-03,-4.449640866369009018e-03,-1.128011103719472885e-02,-9.903164580464363098e-03,2.071524970233440399e-02,2.667071297764778137e-02,9.007809683680534363e-03,-2.124432288110256195e-02,-2.357088727876543999e-03,-6.369227077811956406e-03,-5.721451248973608017e-03,-6.043643224984407425e-03,1.714739762246608734e-02,-1.697103865444660187e-02,1.925012283027172089e-02,1.092061307281255722e-02,-7.291713263839483261e-03,2.679280750453472137e-02,-1.771716773509979248e-02,-5.599357653409242630e-03,2.000981755554676056e-02,-2.979088947176933289e-02,2.153599169105291367e-03,-2.170556597411632538e-02,-2.835289575159549713e-02,3.017073683440685272e-02,-1.467838883399963379e-02,2.984515205025672913e-02,2.401178143918514252e-02,-2.830202225595712662e-03,6.888973293825984001e-04,-2.696916460990905762e-02,1.956214196979999542e-02,8.397340774536132812e-03,-2.705056034028530121e-02,3.713686717674136162e-03,1.967066898941993713e-02,-1.995555497705936432e-02,2.835289575159549713e-02,1.347779948264360428e-02,9.313044138252735138e-03,6.040251813828945160e-03,-4.690437112003564835e-03,2.684707194566726685e-02,-2.721335366368293762e-02,-2.535142237320542336e-03,-1.726949028670787811e-02,6.651568692177534103e-04,-1.840903237462043762e-02,3.298228606581687927e-03,6.938998121768236160e-03,-9.903164580464363098e-03,2.962470520287752151e-03,-7.895399816334247589e-03,-8.750055916607379913e-03,-4.514757543802261353e-02,3.081172937527298927e-03,-5.918158218264579773e-03,1.661832327954471111e-03,4.745379462838172913e-02,-1.007273886352777481e-02,1.976563036441802979e-02,-9.750546887516975403e-04,-4.537819884717464447e-03,9.876032359898090363e-03,-2.070168405771255493e-02,-1.929082162678241730e-02,-5.837610224261879921e-04,1.994198933243751526e-02,1.341675315052270889e-02,3.025213256478309631e-02,3.235485870391130447e-03,1.882957853376865387e-02,1.075103785842657089e-02,-2.268909942358732224e-03,-3.001472679898142815e-03,1.304368861019611359e-02,5.389085039496421814e-03,-4.373671486973762512e-02,-4.147797822952270508e-03,1.261635962873697281e-02,1.982328714802861214e-03,2.904815133661031723e-03,-9.903163881972432137e-04,1.965710334479808807e-02,1.992503181099891663e-03,-1.863965392112731934e-02,-3.666205797344446182e-03,-3.139167279005050659e-02,-3.920567780733108521e-02,2.601276384666562080e-03,-1.114106038585305214e-03,-2.000981941819190979e-03,-9.394439868628978729e-03,-1.421714574098587036e-02,-3.489169850945472717e-02,1.025587972253561020e-02,-1.792065799236297607e-02,1.369485538452863693e-02,1.077138725668191910e-02,1.379660051316022873e-02,-1.565513946115970612e-02,5.041117593646049500e-02,-1.040510553866624832e-02,-1.061537768691778183e-03,1.098844222724437714e-02,1.102235727012157440e-02,8.180284872651100159e-03,-6.770270993001759052e-04,9.089205414056777954e-03,1.088669802993535995e-02,4.015529528260231018e-03,-2.390325441956520081e-02,-2.838002704083919525e-02,-1.794778928160667419e-02,1.683537848293781281e-02,5.043152719736099243e-03,-1.762220636010169983e-02,1.455629523843526840e-02,-4.247846954967826605e-04,-1.307081989943981171e-02,-2.458155341446399689e-02,-2.372689731419086456e-02,-1.238573808223009109e-02,-3.889620420522987843e-04,-6.023294292390346527e-03,-3.451184928417205811e-02,1.201267447322607040e-02,-1.092061307281255722e-02,-1.144290249794721603e-02,9.184167720377445221e-03,8.831451646983623505e-03,1.096809376031160355e-02,5.354321910999715328e-04,1.348119112662971020e-03,3.280253708362579346e-02,8.655094541609287262e-03,-2.905832603573799133e-02,-1.906020008027553558e-02,4.164755344390869141e-03,1.697443076409399509e-03,-1.307081989943981171e-02,2.439162880182266235e-02,-1.123263034969568253e-02,-2.043036371469497681e-02,-7.452809368260204792e-04,-1.037797308526933193e-03,-4.493052139878273010e-02,-2.599241584539413452e-02,2.055245684459805489e-03,-1.340318657457828522e-02,1.758150756359100342e-02,-8.627962321043014526e-03,7.149270735681056976e-03,-7.942880503833293915e-03,1.518032979220151901e-02,-2.606024406850337982e-02,-9.041724726557731628e-03,-3.166299313306808472e-02,-1.109697017818689346e-02,-1.424427703022956848e-02,4.958365112543106079e-03,8.716140873730182648e-03,3.008934110403060913e-02,2.352001611143350601e-03,-6.850819103419780731e-03,-1.219581440091133118e-02,-7.454505190253257751e-03,-9.991343133151531219e-03,8.092106319963932037e-03,-2.683350630104541779e-02,3.001472679898142815e-03,-1.647418481297791004e-03,-9.272346273064613342e-03,-1.550760935060679913e-03,1.456986088305711746e-02,-1.915516145527362823e-02,-2.075594663619995117e-02,-4.381811246275901794e-03,2.467651478946208954e-02,-1.830050535500049591e-02,-1.083921641111373901e-02,-4.239368252456188202e-03,3.046918846666812897e-02,-2.703021280467510223e-03,-2.718494943110272288e-05,1.527020474895834923e-03,4.008746705949306488e-03,-1.020161621272563934e-02,-1.294703106395900249e-03,6.599848624318838120e-03,-4.469989798963069916e-03,8.037841878831386566e-03,7.359543349593877792e-03,-3.808648558333516121e-03,-3.041492402553558350e-02,-1.254174672067165375e-02,5.785889923572540283e-03,2.184122614562511444e-02,-2.843768335878849030e-03,-2.664358168840408325e-02,-4.836271516978740692e-03,-5.193226388655602932e-04,3.293819725513458252e-02,-5.945289973169565201e-03,5.782498512417078018e-03,2.444589324295520782e-02,3.483743220567703247e-02,-4.052835982292890549e-03,2.778312377631664276e-02,-1.987415924668312073e-02,-4.866794683039188385e-03,-3.757775947451591492e-02,1.337605528533458710e-02,4.113882780075073242e-03,-2.557186968624591827e-02,1.621134392917156219e-02,-2.369976416230201721e-02,-4.512044414877891541e-02,1.686251163482666016e-02,-6.979695986956357956e-03,2.940002013929188251e-04,-1.006595604121685028e-02,-1.000490877777338028e-02,-3.787621110677719116e-02,-2.835289575159549713e-02,3.505448997020721436e-02,-8.064974099397659302e-03,-1.085956580936908722e-02,7.312062662094831467e-03,-2.044392935931682587e-02,2.458155341446399689e-02,2.916685305535793304e-02,-3.863590583205223083e-02,-2.787808654829859734e-03,2.333348244428634644e-02,1.047971891239285469e-03,9.962515905499458313e-04,-1.981904642889276147e-04,-2.376759424805641174e-02,-4.971931222826242447e-03,2.246865304186940193e-03,-1.835476979613304138e-02,1.736445236019790173e-03,2.017261087894439697e-02,-2.380829304456710815e-02,3.873086767271161079e-03,1.079173572361469269e-02,-1.370163820683956146e-02,-9.177384898066520691e-03,1.470552105456590652e-02,8.234549313783645630e-03,2.935677766799926758e-02,1.007952168583869934e-02,-1.039832271635532379e-02,2.100013568997383118e-02,-9.826855966821312904e-04,-6.681244354695081711e-03,-1.199741265736520290e-03,-2.238386496901512146e-02,-1.092909136787056923e-03,3.497309237718582153e-02,-8.451604284346103668e-03,-5.266990978270769119e-03,-4.225802142173051834e-03,-4.876969382166862488e-03,-3.236842527985572815e-02,-3.260922152549028397e-03,-2.165130153298377991e-02,1.736445166170597076e-02,2.695559896528720856e-02,-8.499933173879981041e-04,2.193618752062320709e-02,1.652336120605468750e-02,3.152394201606512070e-03,-3.193092299625277519e-03,-7.501986343413591385e-03,-2.074238099157810211e-02,2.022687345743179321e-02,-1.821910962462425232e-02,-4.653130657970905304e-03,1.668615452945232391e-02,-2.435093186795711517e-02,-1.340318657457828522e-02,2.375402860343456268e-02,-1.187023147940635681e-02,1.657762564718723297e-02,8.553349412977695465e-03,1.522102765738964081e-02,-2.013191208243370056e-02,-1.881601288914680481e-02,2.846142277121543884e-02,1.260957680642604828e-02,-4.531037062406539917e-03,-1.560087502002716064e-02,-3.790334239602088928e-02,3.547503380104899406e-03,-1.123263034969568253e-02,1.566870510578155518e-02,-1.100879162549972534e-02,-5.687536671757698059e-03,1.939934864640235901e-02,-1.972493343055248260e-02,2.211254555732011795e-03,8.003927068784832954e-04,9.577580727636814117e-03,9.123120456933975220e-03,8.600830100476741791e-03,3.817466273903846741e-02,1.022196467965841293e-02,-1.677094143815338612e-03,1.336248940788209438e-03,8.824668824672698975e-03,-1.341675315052270889e-02,-7.257798686623573303e-03,3.478316962718963623e-02,-2.857334213331341743e-03,-1.745941489934921265e-02,9.157035499811172485e-03,9.216386824846267700e-04,1.835476979613304138e-02,-4.035878460854291916e-03,-1.601633382961153984e-03,-2.821723558008670807e-02,3.120175097137689590e-03,-3.388781473040580750e-02,1.735088601708412170e-02,-5.351778585463762283e-03,2.412031032145023346e-02,2.435093186795711517e-02,-3.790334239602088928e-02,1.413405407220125198e-03,1.549913082271814346e-03,5.507787223905324936e-03,-1.560087502002716064e-02,-1.527529209852218628e-02,-2.448659203946590424e-02,6.623588968068361282e-03,-2.352340705692768097e-02,-8.960328996181488037e-03,2.075594617053866386e-03,-2.421527169644832611e-02,-3.033352829515933990e-02,-1.220259815454483032e-02,-2.859708294272422791e-02,9.781070984899997711e-03,2.123889625072479248e-01,-2.892266586422920227e-02,-1.260957680642604828e-02,2.970949374139308929e-02,-5.280557088553905487e-03,-1.953501021489500999e-03,3.103895857930183411e-02,8.105671964585781097e-03,-1.121228095144033432e-02,-5.901200929656624794e-04,-2.954670041799545288e-02,2.726761624217033386e-03,-4.137623589485883713e-03,-2.760676667094230652e-03,2.350984141230583191e-02,-3.041492402553558350e-02,-1.398652419447898865e-02,-2.110866270959377289e-02,-7.325628539547324181e-04,-1.623847708106040955e-02,1.393904327414929867e-03,7.162836845964193344e-03,-1.979276351630687714e-02,-1.895167119801044464e-02,2.862421423196792603e-02,1.062216144055128098e-02,1.349136605858802795e-02,-5.531527567654848099e-03,1.825980655848979950e-02,2.150207571685314178e-02,6.274265237152576447e-03,6.600696360692381859e-04,-4.405551590025424957e-03,-1.117836590856313705e-02,-1.406791992485523224e-02,2.272301353514194489e-03,2.452728897333145142e-02,9.377482929266989231e-04,4.948190879076719284e-03,8.919631130993366241e-03,2.187513979151844978e-03,4.144406411796808243e-03,-1.107662171125411987e-02,-1.109697017818689346e-02,-1.106305513530969620e-02,5.060109868645668030e-02,-1.342353597283363342e-02,-2.139354869723320007e-02,-3.608550131320953369e-02,2.462225034832954407e-02,-2.764746360480785370e-02,5.324646364897489548e-03,3.641108796000480652e-02,5.626489408314228058e-03,9.048507548868656158e-03,-1.280289259739220142e-03,1.640126854181289673e-02,9.502967819571495056e-03,-1.522102765738964081e-02,6.864385213702917099e-03,6.277656648308038712e-03,6.626980379223823547e-03,-9.536882862448692322e-03,3.890722617506980896e-02,-1.366772339679300785e-03,2.714552357792854309e-02,-2.268231660127639771e-02,-1.420357916504144669e-02,-4.999062977731227875e-03,-2.965522930026054382e-02,6.846580072306096554e-05,-1.946717873215675354e-02,2.474095439538359642e-03,1.671328581869602203e-02,-6.884734146296977997e-03,6.253916304558515549e-03,2.357088727876543999e-03,-1.288768020458519459e-03,2.403891459107398987e-02,1.854469254612922668e-02,4.965147934854030609e-03,-1.857182383537292480e-02,-5.344995763152837753e-03,-1.197197590954601765e-03,-8.166719228029251099e-03,-3.011647239327430725e-02,1.972493343055248260e-02,6.392967188730835915e-04,-2.162417024374008179e-02,3.196144476532936096e-02,1.726949028670787811e-02,-2.770172804594039917e-02,-1.051363348960876465e-02,-2.730153268203139305e-03,-1.709313318133354187e-02,-2.121379831805825233e-03,-2.914989599958062172e-03,1.065607648342847824e-02,-3.210049588233232498e-03,-2.024722285568714142e-03,-2.740327641367912292e-02,1.602142117917537689e-02,7.908965460956096649e-03,4.718416894320398569e-04,-4.938016179949045181e-03,3.376656968612223864e-04,1.355919521301984787e-02,3.367075696587562561e-02,3.035387722775340080e-03,-3.103895857930183411e-02,2.357767149806022644e-02,-1.705243438482284546e-02,2.760676667094230652e-03,-1.071712281554937363e-02,1.589763094671070576e-03,-2.077290555462241173e-03,-2.289258874952793121e-03,-2.500209771096706390e-02,3.676380217075347900e-02,-2.615690173115581274e-04,-3.696729196235537529e-03,2.051854273304343224e-03,1.629613223485648632e-03,1.496327389031648636e-02,-1.934847678057849407e-03,-1.577723398804664612e-02,-1.702530309557914734e-02,-1.159891206771135330e-02,-7.963228970766067505e-03,-1.108340453356504440e-02,5.426391493529081345e-03,-9.984560310840606689e-03,-4.413182323332875967e-04,-1.381694898009300232e-02,-6.752465851604938507e-03,1.927725598216056824e-02,7.278147619217634201e-03,2.067116089165210724e-03,-1.755437627434730530e-02,2.679280703887343407e-03,-8.173502050340175629e-03,1.096809376031160355e-02,8.655094541609287262e-03,-8.811103180050849915e-03,-2.908545732498168945e-02,-4.242759663611650467e-03,2.711839042603969574e-02,-6.759248673915863037e-03,1.128689385950565338e-02,-4.649739246815443039e-03,-1.232469175010919571e-02,-6.362443789839744568e-03,1.721522770822048187e-02,-1.277236919850111008e-02,4.286849126219749451e-02,4.585300572216510773e-03,-1.361345965415239334e-02,-2.378115989267826080e-02,1.987415924668312073e-02,-6.182694807648658752e-03,-8.069044351577758789e-02,4.453032277524471283e-03,1.994198933243751526e-02,-1.636056974530220032e-02,9.170601144433021545e-03,-4.320763982832431793e-03,-1.731018871068954468e-01,2.413387596607208252e-02,2.648757304996252060e-03,-1.903306879103183746e-02,3.907001763582229614e-02,-1.926369033753871918e-02,1.190414652228355408e-02,1.005239039659500122e-02,-2.067455090582370758e-02,5.958856083452701569e-03,2.827150002121925354e-02,-4.680262412875890732e-03,-1.752724498510360718e-02,-6.704984698444604874e-03,-2.504279650747776031e-02,-4.263108596205711365e-03,-4.625998809933662415e-02,5.572225898504257202e-03,1.522102765738964081e-02,2.292650379240512848e-02,2.032183669507503510e-02,-2.536837942898273468e-03,-1.091382931917905807e-02,-2.625016868114471436e-02,3.291106224060058594e-02,2.606024406850337982e-02,-8.770405314862728119e-03,2.043036371469497681e-02,-2.489357069134712219e-02,-1.698460429906845093e-02,-1.393225975334644318e-02,1.824624091386795044e-02,5.420964956283569336e-02,-1.127332821488380432e-02,2.131215296685695648e-02,2.224820479750633240e-02,-1.246035099029541016e-02,-2.346914261579513550e-02,2.022687345743179321e-02,-1.291481126099824905e-02,2.359123714268207550e-02,1.633343845605850220e-02,-1.801561936736106873e-02,-2.669784612953662872e-02,6.898300256580114365e-03,1.551947928965091705e-02,3.327056299895048141e-03,7.563033141195774078e-03,1.192449498921632767e-02,-2.010478079319000244e-02,8.661877363920211792e-03,-3.456611186265945435e-02,8.451604284346103668e-03,3.081172937527298927e-03,2.316390862688422203e-03,1.384408120065927505e-02,-2.030826918780803680e-02,-5.938507150858640671e-03,-2.177339605987071991e-02,1.195162720978260040e-02,-1.294194348156452179e-02,-3.313490189611911774e-03,2.506992779672145844e-02,3.423713846132159233e-03,1.853112690150737762e-02,-3.641108796000480652e-02,-7.902182638645172119e-03,-2.733544632792472839e-02,-1.248070038855075836e-02,2.367263287305831909e-02,-2.573466114699840546e-02,-1.071712281554937363e-02,-1.951169251697137952e-04,-1.703886874020099640e-02,3.871730342507362366e-02,7.339194416999816895e-03,-2.234316617250442505e-02,1.395939197391271591e-02,-1.306573278270661831e-03,7.397697772830724716e-04,-1.610281690955162048e-02,3.426766023039817810e-02,-8.295595645904541016e-03,-6.335312034934759140e-03,6.637155078351497650e-03,1.530242338776588440e-02,6.277656648308038712e-03,-2.856995165348052979e-02,2.654862031340599060e-02,5.083850584924221039e-03,-8.139587007462978363e-03,-1.646909862756729126e-02,8.227765560150146484e-03,-1.865322003141045570e-03,3.513588383793830872e-02,1.270453911274671555e-02,-6.799946539103984833e-03,-9.170601144433021545e-03,-1.690320856869220734e-02,-1.960283890366554260e-02,1.231112517416477203e-03,-1.805631816387176514e-02,-1.806988380849361420e-02,1.877531409263610840e-02,1.505823619663715363e-02,1.242982805706560612e-03,6.538801826536655426e-03,2.824436686933040619e-02,1.097487658262252808e-02,-1.125297881662845612e-02,8.248114958405494690e-03,-1.203980576246976852e-02,4.758267197757959366e-03,2.970949374139308929e-02,2.519202232360839844e-02,9.021375328302383423e-03,-1.123941317200660706e-02,-3.666205797344446182e-03,2.867847867310047150e-02,-1.387121342122554779e-02,6.603918224573135376e-02,-2.753893611952662468e-03,3.257530508562922478e-03,-1.547878142446279526e-02,-1.896523870527744293e-02,-9.062074124813079834e-03,-1.275202035903930664e-01,1.721522770822048187e-02,3.632290754467248917e-03,2.905832603573799133e-02,2.737614512443542480e-02,1.627917401492595673e-02,-5.185595247894525528e-03,2.992993919178843498e-03,-3.557677846401929855e-03,-8.783970959484577179e-03,-1.793422363698482513e-02,-9.945557685568928719e-04,-8.926413953304290771e-03,-6.253916304558515549e-03,2.192601328715682030e-03,-9.950645267963409424e-03,-2.165130153298377991e-02,-1.834120228886604309e-02,-1.986059173941612244e-02,1.602142117917537689e-02,-7.563033141195774078e-03,1.043223775923252106e-02,-8.343077264726161957e-03,-3.101182729005813599e-02,1.816484518349170685e-02,1.289446279406547546e-02,-2.805444411933422089e-02,2.862421423196792603e-02,6.944085471332073212e-04,-5.443349014967679977e-03,-2.619929611682891846e-03,1.413575001060962677e-02,8.017493411898612976e-03,-1.812414824962615967e-02,-1.285376492887735367e-02,-1.149716693907976151e-02,-1.357954461127519608e-02,-3.017073683440685272e-02,3.687233105301856995e-02,-9.903164580464363098e-03,2.171913161873817444e-02,1.957570761442184448e-02,-2.679280750453472137e-02,-7.149270735681056976e-03,1.892453990876674652e-02,-4.252934362739324570e-03,4.354679025709629059e-03,1.589932665228843689e-02,3.874443471431732178e-02,3.415235085412859917e-03,-2.563969977200031281e-02,-1.421714574098587036e-02,-1.433923933655023575e-02,-8.899281732738018036e-03,2.835289575159549713e-02,-1.741871610283851624e-02,3.143915440887212753e-03,8.370208553969860077e-03,-1.409505214542150497e-02,1.725592464208602905e-02,7.956446148455142975e-03,5.311080720275640488e-03,-1.157856266945600510e-02,1.789352484047412872e-02,3.740818472579121590e-03,-3.025213256478309631e-02,6.620197556912899017e-03,-3.225989639759063721e-02,2.897693030536174774e-02,-1.293516065925359726e-02,1.383051555603742599e-02,5.606140475720167160e-03,-7.762283203192055225e-04,2.028113789856433868e-02,-1.684894599020481110e-02,-1.284698210656642914e-02,-2.018617652356624603e-02,-7.739390712231397629e-03,1.140898838639259338e-02,-2.517845667898654938e-02,-2.218037471175193787e-02,-1.591289229691028595e-02,1.349814818240702152e-03,6.501495372503995895e-03,2.654862031340599060e-02,-7.033959962427616119e-03,1.391360652633011341e-03,-1.445624628104269505e-03,1.750011183321475983e-02,-1.432567369192838669e-02,-2.120362408459186554e-02,2.169200032949447632e-02,2.802731096744537354e-02,-3.293819725513458252e-02,1.428497582674026489e-02,1.066964212805032730e-02,-6.186086218804121017e-03,-2.127145417034626007e-02,1.501753833144903183e-02,1.122584752738475800e-02,-3.234129399061203003e-02,5.463697947561740875e-03,-4.943442717194557190e-02,2.591101825237274170e-02,-3.535294160246849060e-02,8.973894640803337097e-03,1.843616552650928497e-02,7.264581508934497833e-03,1.823267526924610138e-02,-2.582623157650232315e-03,-1.255700946785509586e-03,2.742871292866766453e-04,-1.169387344270944595e-02,1.465125661343336105e-02,-4.361462313681840897e-03,-5.894417874515056610e-03,-1.258922833949327469e-02,-1.728305593132972717e-02,1.056789699941873550e-02,2.726761624217033386e-02,9.970994666218757629e-03,3.413200378417968750e-02,2.407961152493953705e-02,1.202624011784791946e-02,-1.269097253680229187e-02,2.846142277121543884e-02,-1.663189008831977844e-02,2.089160680770874023e-02,4.731134977191686630e-03,1.840903237462043762e-02,-2.898032078519463539e-03,3.496631048619747162e-03,1.057468075305223465e-02,-9.374091401696205139e-03,1.922299154102802277e-02,1.335400971584022045e-03,-1.194484438747167587e-02,-1.566870510578155518e-02,6.294614169746637344e-03,2.913972176611423492e-02,4.059619270265102386e-03,4.305841773748397827e-02,-1.545673701912164688e-03,-2.116292715072631836e-02,2.079664543271064758e-02,6.179303396493196487e-03,-2.862421562895178795e-03,5.012629088014364243e-03,-8.404123596847057343e-03,2.734901197254657745e-02,-3.218528348952531815e-03,-1.043902058154344559e-02,2.585675567388534546e-02,2.501566521823406219e-02,2.536837942898273468e-03,-1.444776728749275208e-02,-7.827569730579853058e-03,-1.119871530681848526e-02,4.783364012837409973e-02,-5.005846265703439713e-03,6.718550808727741241e-03,-5.358561500906944275e-02,2.543620951473712921e-02,-2.365567488595843315e-03,2.168860752135515213e-03,-1.132080890238285065e-02,-1.437993720173835754e-02,5.952073261141777039e-03,-1.106983888894319534e-02,5.813021678477525711e-03,1.159212831407785416e-02,-2.300789952278137207e-02,-1.511249970644712448e-02,1.182953361421823502e-02,-7.176402490586042404e-03,1.371520478278398514e-02,1.427140925079584122e-02,-3.150020167231559753e-02,1.131911296397447586e-03,-1.174813788384199142e-02,-1.336248870939016342e-02,2.012852113693952560e-03,2.391682006418704987e-02,-3.625507699325680733e-03,-1.888384297490119934e-02,2.654862031340599060e-02,-1.760185696184635162e-03,-1.031014416366815567e-02,7.105180993676185608e-04,-1.105627277866005898e-03,9.943862445652484894e-03,3.147307084873318672e-03,-6.437056697905063629e-03,1.463769096881151199e-02,3.304672241210937500e-02,-1.138185616582632065e-02,-5.806238856166601181e-03,2.040323242545127869e-02,-7.624079938977956772e-03,1.149716693907976151e-02,1.910089701414108276e-02,4.120666068047285080e-03,-5.266990978270769119e-03,8.559284615330398083e-04,1.250104885548353195e-02,-2.959079109132289886e-03,-8.512651547789573669e-03,2.376759424805641174e-02,-4.107778146862983704e-02,-5.252746865153312683e-02,-2.409317716956138611e-02,2.231603488326072693e-02,9.557232260704040527e-03,-1.362024247646331787e-02,8.553349412977695465e-03,-7.196751423180103302e-03,1.325396075844764709e-02,2.802731096744537354e-02,1.471060793846845627e-03,1.558730937540531158e-02,-1.447489950805902481e-02,3.301959112286567688e-02,4.415725823491811752e-03,3.483743220567703247e-02,8.702575229108333588e-03,-1.368807256221771240e-02,3.255834802985191345e-02,1.305725425481796265e-02,4.137623589485883713e-03,7.624079938977956772e-03,1.040510553866624832e-02,-1.938239205628633499e-03,2.517845667898654938e-02,-1.112410239875316620e-02,-5.304297432303428650e-03,-1.281306706368923187e-02,-7.264581508934497833e-03,3.052345104515552521e-02,-2.121718972921371460e-02,5.141505971550941467e-02,-2.079664543271064758e-02,3.315525129437446594e-02,1.720166020095348358e-02,-2.450015768408775330e-02,3.501718165352940559e-04,2.924825064837932587e-02,3.149002790451049805e-03,-4.141015000641345978e-03,-7.334107067435979843e-04,-1.868035271763801575e-02,-3.385135496500879526e-04,-9.826855966821312904e-04,-9.842117317020893097e-03,9.102771990001201630e-03,2.914989599958062172e-03,-4.357392340898513794e-02,-9.665759862400591373e-04,2.134521928383037448e-04,2.401178143918514252e-02,2.314695157110691071e-03,2.022687345743179321e-02,1.419001352041959763e-02,4.497969639487564564e-04,-5.199161358177661896e-03,-2.783738821744918823e-02,-9.408006444573402405e-03,-2.927538193762302399e-02,2.015904337167739868e-02,-1.927725598216056824e-02,-6.405685562640428543e-04,-3.030639700591564178e-02,2.170556597411632538e-02,7.468071300536394119e-03,-4.609719663858413696e-02,-2.033540233969688416e-02,1.283341553062200546e-02,-2.638582885265350342e-02,-1.388477906584739685e-02,-2.851568721234798431e-02,1.395811996189877391e-04,2.051175944507122040e-02,-3.109322302043437958e-02,7.791959214955568314e-04,-2.995368093252182007e-02,2.051854273304343224e-03,4.723673686385154724e-02,3.964657429605722427e-03,8.973894640803337097e-03,3.622116288170218468e-03,-1.794778928160667419e-02
-3.130104858428239822e-03,-4.059671238064765930e-02,-9.903418831527233124e-03,-2.964051440358161926e-03,5.986221949569880962e-04,2.028507180511951447e-02,-8.169822394847869873e-03,-1.763486070558428764e-03,6.967596709728240967e-03,-3.424683585762977600e-02,-1.397504657506942749e-02,3.055380843579769135e-02,-8.282738737761974335e-03,-2.443059347569942474e-04,1.469239685684442520e-02,-1.573355053551495075e-03,3.448595106601715088e-02,5.443227477371692657e-03,4.529934376478195190e-03,-6.582353264093399048e-03,-2.086957916617393494e-02,8.375728502869606018e-03,2.214486896991729736e-02,-8.196391165256500244e-03,-5.612601991742849350e-03,3.088591620326042175e-03,1.248056627810001373e-02,-2.035149373114109039e-02,-1.963414251804351807e-02,-1.284588407725095749e-02,-1.297872606664896011e-02,-1.299201045185327530e-02,-1.911273575387895107e-03,-2.909253910183906555e-02,-2.438990958034992218e-02,-2.667480334639549255e-02,5.506327841430902481e-03,-1.915591023862361908e-02,3.736199345439672470e-03,-1.331083290278911591e-02,-6.572389975190162659e-03,1.995753118535503745e-04,1.028202101588249207e-02,-1.522376760840415955e-02,-4.064985085278749466e-03,3.702988848090171814e-03,-1.153738424181938171e-02,-2.442976273596286774e-02,-2.098913863301277161e-02,1.233443990349769592e-02,3.586751595139503479e-02,3.586751408874988556e-03,-3.655829653143882751e-02,-1.485180761665105820e-02,-1.351673970930278301e-03,3.138407599180936813e-03,-5.184184294193983078e-03,1.947473175823688507e-02,5.051341839134693146e-03,-1.074696984142065048e-02,8.674624375998973846e-03,1.017574686557054520e-02,3.015527967363595963e-03,1.931532099843025208e-02,-1.487837638705968857e-02,-5.057983566075563431e-03,-1.279274653643369675e-02,1.036172616295516491e-03,-1.447984855622053146e-02,2.342015877366065979e-02,2.359285391867160797e-02,2.275594510138034821e-02,1.552930567413568497e-02,1.212189160287380219e-02,3.956054151058197021e-02,-6.532537285238504410e-03,-8.759311749599874020e-04,-8.282738737761974335e-03,-7.133650127798318863e-03,6.522573996335268021e-03,1.658872584812343121e-03,-1.405475195497274399e-02,-1.540974713861942291e-02,1.351009681820869446e-02,2.684749849140644073e-02,-1.785073080100119114e-03,-1.989982835948467255e-02,2.132124453783035278e-02,-5.177542101591825485e-03,-3.212135285139083862e-02,1.424073148518800735e-02,1.943487860262393951e-02,1.681289752013981342e-03,3.185566514730453491e-02,-2.203859575092792511e-02,-3.952068742364645004e-03,-2.194560505449771881e-02,4.492738097906112671e-02,-5.688986275345087051e-03,-4.453549627214670181e-03,6.774974986910820007e-03,7.082173833623528481e-04,-2.298177778720855713e-02,-8.442150428891181946e-03,-4.466169700026512146e-02,-1.903635077178478241e-02,5.758728832006454468e-03,-1.501952181570231915e-03,1.602082327008247375e-02,-2.411093935370445251e-02,5.579391028732061386e-03,1.591454818844795227e-02,5.257247481495141983e-03,-3.544241935014724731e-02,7.352840621024370193e-03,-1.587469689548015594e-02,-1.010268367826938629e-02,1.491158735007047653e-03,-2.355300076305866241e-02,-1.915591023862361908e-02,-1.113221328705549240e-02,1.839870586991310120e-02,6.887891329824924469e-03,-1.406803634017705917e-02,-6.662058643996715546e-03,4.390449263155460358e-03,1.494479738175868988e-02,-3.953397274017333984e-02,-5.728838965296745300e-03,-1.277281995862722397e-02,3.629925195127725601e-03,1.437357440590858459e-02,1.287245191633701324e-02,1.471896469593048096e-02,5.267210770398378372e-03,4.177901428192853928e-03,5.093685467727482319e-04,1.267983019351959229e-02,3.377524204552173615e-03,-2.895969711244106293e-02,-1.738370629027485847e-04,1.821272633969783783e-02,-2.347329631447792053e-02,-1.958100683987140656e-02,2.672794088721275330e-02,9.921685559675097466e-04,3.166968747973442078e-02,2.401130739599466324e-03,-5.300421733409166336e-03,-2.040463127195835114e-02,4.418346285820007324e-02,-2.662166580557823181e-02,3.222762420773506165e-02,-2.063046209514141083e-02,1.318463217467069626e-02,1.322448533028364182e-02,-1.874741865321993828e-03,9.863566607236862183e-03,1.672488823533058167e-02,-5.131047219038009644e-03,3.968674223870038986e-03,1.341046486049890518e-02,2.190575189888477325e-02,-1.088645495474338531e-02,1.547616813331842422e-02,4.665433615446090698e-02,8.940310217440128326e-03,-1.441342663019895554e-02,-1.971384882926940918e-02,-1.287245191633701324e-02,2.361942268908023834e-02,2.391167543828487396e-02,-3.315752372145652771e-02,2.433677203953266144e-02,6.253567524254322052e-03,3.265272080898284912e-02,-1.502782455645501614e-03,5.493043456226587296e-03,-7.053944282233715057e-03,2.867740578949451447e-03,-2.965047769248485565e-02,4.201148636639118195e-03,3.185566514730453491e-02,7.970558479428291321e-03,-1.813302189111709595e-02,-2.957077324390411377e-02,-5.194147583097219467e-03,5.243963561952114105e-03,3.683062270283699036e-03,-8.794182911515235901e-03,1.258019823580980301e-02,2.526667155325412750e-02,2.439323114231228828e-03,4.453549627214670181e-03,-6.550736427307128906e-01,2.985638566315174103e-03,-4.928462207317352295e-03,-1.449313294142484665e-02,1.450641732662916183e-02,7.186787202954292297e-03,1.222816575318574905e-02,2.303159330040216446e-03,-2.866744250059127808e-02,5.353558808565139771e-03,-1.151081547141075134e-02,2.534637600183486938e-02,9.697512723505496979e-03,-1.647248864173889160e-02,-5.346916615962982178e-03,-1.355659216642379761e-02,-1.240086089819669724e-02,1.654306106502190232e-04,-2.842832589522004128e-03,4.822188057005405426e-03,-2.039134688675403595e-02,1.987325958907604218e-02,3.849115688353776932e-03,1.591454818844795227e-02,1.696400530636310577e-02,3.586751408874988556e-03,2.077659033238887787e-02,-1.498465053737163544e-02,-1.325935707427561283e-03,-5.210752598941326141e-03,-2.582461014389991760e-02,2.271609148010611534e-03,-1.251377724111080170e-02,2.295520901679992676e-02,2.853460051119327545e-02,-2.004263456910848618e-03,-8.216317743062973022e-03,8.149896748363971710e-03,1.341046486049890518e-02,2.784381806850433350e-02,-1.416102610528469086e-02,5.903195124119520187e-04,-1.044475357048213482e-03,-9.272417053580284119e-03,-7.572030648589134216e-03,9.312269277870655060e-03,1.624665595591068268e-02,4.134727176278829575e-03,1.547616813331842422e-02,1.616694964468479156e-02,4.041737411171197891e-03,-6.628848146647214890e-03,-2.996930107474327087e-02,3.131765406578779221e-03,-1.385548803955316544e-02,-1.123848743736743927e-02,4.187200218439102173e-02,-1.162373181432485580e-02,-3.712951904162764549e-03,1.705699600279331207e-02,-1.158387865871191025e-02,-9.976482950150966644e-03,-2.456260472536087036e-02,-2.040463127195835114e-02,-2.521353401243686676e-02,2.537294477224349976e-02,-1.351009681820869446e-02,2.169320359826087952e-02,3.549555316567420959e-02,1.764150336384773254e-02,-3.943766059819608927e-04,8.096759207546710968e-03,1.824925886467099190e-03,1.252706162631511688e-02,1.418759487569332123e-02,-1.092630717903375626e-02,8.892154437489807606e-04,-2.547921985387802124e-02,-1.883708685636520386e-02,-1.083331741392612457e-02,1.256027258932590485e-02,-1.388205680996179581e-02,-5.558136478066444397e-02,2.402791287750005722e-03,2.312790416181087494e-02,-2.034153090789914131e-03,-2.460245788097381592e-02,-2.189246751368045807e-02,1.133811939507722855e-02,-1.493151299655437469e-02,-5.874965805560350418e-03,1.983340643346309662e-02,8.614845573902130127e-03,5.011488683521747589e-03,6.848038174211978912e-03,-1.263997796922922134e-02,-2.113526500761508942e-02,-2.292864024639129639e-02,2.695377357304096222e-02,-1.359644439071416855e-02,1.729611307382583618e-02,4.317386075854301453e-03,2.933165617287158966e-02,2.582128799986094236e-04,3.097890503704547882e-02,1.349017024040222168e-02,-2.012566104531288147e-02,8.229602128267288208e-03,8.435508236289024353e-03,-2.505412325263023376e-02,-2.027510898187756538e-03,7.884210906922817230e-03,9.398616850376129150e-03,-1.770792528986930847e-02,-1.388205680996179581e-03,-2.784381806850433350e-02,9.285700507462024689e-03,2.671797759830951691e-03,5.841755308210849762e-03,-1.014917809516191483e-02,-2.259985543787479401e-03,2.198545821011066437e-02,-1.074032764881849289e-02,-1.794704236090183258e-02,-5.542859435081481934e-03,3.570810332894325256e-02,-2.547257812693715096e-03,-2.298177778720855713e-02,-1.473224908113479614e-02,-1.894336193799972534e-02,7.705911411903798580e-05,-1.602082327008247375e-02,-5.914818961173295975e-03,-1.361637096852064133e-02,9.936629794538021088e-03,-9.657660499215126038e-03,1.351673901081085205e-02,-3.855757880955934525e-03,1.097944471985101700e-02,-3.780701756477355957e-02,-1.362965535372495651e-02,-1.062076911330223083e-02,8.460415992885828018e-04,-9.710797108709812164e-03,4.852077458053827286e-03,-2.367256022989749908e-02,-1.255363039672374725e-02,-2.991616353392601013e-02,-2.671465650200843811e-02,-7.479040883481502533e-03,-2.706668805330991745e-03,-9.073153138160705566e-03,-3.836495429277420044e-02,-1.034179981797933578e-02,1.915591023862361908e-02,-7.445830386132001877e-03,-6.220357026904821396e-03,1.097280252724885941e-02,1.381563488394021988e-02,-3.687711805105209351e-02,1.253370381891727448e-02,3.265272080898284912e-02,-1.934188976883888245e-02,1.919576199725270271e-03,1.710349111817777157e-03,-2.388510853052139282e-02,1.643263548612594604e-02,8.349160663783550262e-03,-4.576429259032011032e-03,-3.137743473052978516e-02,1.745552383363246918e-02,1.281931530684232712e-02,1.350843696855008602e-03,2.895969711244106293e-02,-5.114441737532615662e-03,6.220357026904821396e-03,-2.078987471759319305e-02,-3.987355157732963562e-04,-4.247643519192934036e-03,1.035508420318365097e-02,-4.490081220865249634e-03,1.554258912801742554e-02,-3.044753521680831909e-02,-1.785073080100119114e-03,4.357238858938217163e-02,-2.286222018301486969e-02,8.143254555761814117e-03,2.138766646385192871e-02,2.120500663295388222e-03,1.183960121124982834e-03,8.086796151474118233e-04,-1.459940709173679352e-02,-3.155012847855687141e-03,8.687908761203289032e-03,2.304819878190755844e-03,3.342321142554283142e-02,1.461269147694110870e-02,1.082667522132396698e-02,-1.869760220870375633e-03,3.473835298791527748e-03,1.287909410893917084e-02,-1.647248864173889160e-02,4.575100541114807129e-02,-1.931532099843025208e-02,-2.171977190300822258e-03,-2.100242301821708679e-02,1.586141251027584076e-02,9.896777570247650146e-03,5.653782933950424194e-02,1.109236106276512146e-02,-3.746162634342908859e-03,-3.849779814481735229e-02,-6.994165480136871338e-03,-4.370523151010274887e-03,6.960954517126083374e-03,3.060694597661495209e-02,1.099272910505533218e-02,-2.020868705585598946e-03,-9.252490475773811340e-03,-3.266268642619252205e-03,-8.362444117665290833e-03,-4.676061216741800308e-03,1.378906704485416412e-02,2.432680921629071236e-03,-2.593088522553443909e-02,4.573108162730932236e-03,1.362965535372495651e-02,2.651871414855122566e-03,-5.722196772694587708e-03,-7.405977696180343628e-03,-8.940310217440128326e-03,-2.481500618159770966e-02,1.974041759967803955e-02,2.094928547739982605e-02,2.938479371368885040e-02,-1.777434535324573517e-02,-7.246566470712423325e-03,-1.695072092115879059e-02,1.145103573799133301e-02,-1.867767609655857086e-02,-9.139574132859706879e-03,3.204164654016494751e-02,3.783358633518218994e-02,-8.183106780052185059e-03,6.107440683990716934e-03,1.536989398300647736e-02,1.365622412413358688e-02,8.422223851084709167e-03,-7.027375977486371994e-03,2.582461014389991760e-02,-3.795978613197803497e-03,4.583071451634168625e-03,-1.036836858838796616e-02,-6.535858381539583206e-03,1.048792712390422821e-02,-1.401489879935979843e-02,-1.400161441415548325e-02,1.250713504850864410e-02,1.078018080443143845e-02,4.136719927191734314e-02,-2.082308521494269371e-03,1.479867100715637207e-02,2.073673717677593231e-02,-1.315972418524324894e-03,1.182299572974443436e-02,-6.319988984614610672e-03,1.080010738223791122e-02,-1.514406129717826843e-02,-2.672794088721275330e-02,-2.109541185200214386e-02,7.658378686755895615e-03,1.677138381637632847e-03,1.250713504850864410e-02,-6.476079113781452179e-03,1.285916846245527267e-02,1.584812812507152557e-02,-2.319764811545610428e-03,-1.985997520387172699e-02,1.362965535372495651e-02,7.711515761911869049e-03,-2.925194986164569855e-02,-3.392801061272621155e-02,1.505107153207063675e-02,-6.941028404980897903e-03,1.981016015633940697e-03,-1.918247714638710022e-02,-4.579750355333089828e-03,3.138407599180936813e-03,-1.960757374763488770e-02,3.530293237417936325e-03,1.554258912801742554e-02,2.802979759871959686e-02,-4.118122160434722900e-03,2.467552199959754944e-03,-1.802674680948257446e-02,3.995242528617382050e-03,1.862453855574131012e-02,-1.762821897864341736e-02,3.730221465229988098e-02,-7.366124540567398071e-03,-2.522349823266267776e-03,-2.048433572053909302e-02,-1.529018860310316086e-02,-1.874409802258014679e-02,3.576124086976051331e-02,9.059868752956390381e-03,-1.224809233099222183e-02,1.040157955139875412e-02,5.911497864872217178e-03,-1.817287318408489227e-02,-1.151081547141075134e-02,1.377578265964984894e-02,-3.674427419900894165e-02,-1.432043686509132385e-02,1.206875406205654144e-02,1.518391445279121399e-02,-8.296023122966289520e-03,-7.264832383953034878e-04,2.369912713766098022e-02,-2.481500618159770966e-02,8.488644845783710480e-03,-1.341710705310106277e-02,2.090611029416322708e-03,6.834754254668951035e-03,9.198024868965148926e-02,1.490494515746831894e-02,2.128803404048085213e-03,-1.563557982444763184e-02,6.313346792012453079e-03,3.084606304764747620e-02,-1.327762287110090256e-02,-2.127142855897545815e-03,3.580109216272830963e-03,-1.515734568238258362e-02,-1.052113715559244156e-02,-7.372766733169555664e-03,8.548424579203128815e-03,-1.720312237739562988e-02,3.140399977564811707e-02,-1.081007067114114761e-03,-1.768135651946067810e-02,-1.368279289454221725e-02,9.717439301311969757e-03,3.103536320850253105e-03,-1.382891926914453506e-02,-9.272417053580284119e-03,-2.328067319467663765e-03,1.924889907240867615e-02,-2.185261575505137444e-03,1.224643201567232609e-04,2.763126976788043976e-02,4.543218389153480530e-02,1.041486300528049469e-02,-5.010658642277121544e-04,7.658378686755895615e-03,-7.744726259261369705e-03,6.167219951748847961e-03,1.833228580653667450e-02,-2.024521864950656891e-02,4.031774122267961502e-03,6.067587994039058685e-03,3.071321919560432434e-02,7.180145010352134705e-03,-4.591374017763882875e-04,2.841172041371464729e-03,1.877066493034362793e-02,1.786733604967594147e-02,-3.028812259435653687e-02,1.382891926914453506e-02,-4.267570096999406815e-03,-7.014091592282056808e-03,-6.559105589985847473e-03,-1.047464273869991302e-02,-1.590126380324363708e-02,4.250964522361755371e-02,-2.518696524202823639e-02,-1.156395208090543747e-02,-2.690063603222370148e-02,5.712233949452638626e-03,2.538622915744781494e-02,1.087981276214122772e-02,8.747688494622707367e-03,-2.133452892303466797e-02,3.488447889685630798e-02,-2.000610157847404480e-02,-1.676474139094352722e-02,7.658378686755895615e-03,8.834036067128181458e-03,-3.767417371273040771e-02,-5.383448209613561630e-03,-3.546898812055587769e-02,-6.119064637459814548e-04,-1.011596713215112686e-02,2.753163920715451241e-03,-6.980881094932556152e-03,-2.097585424780845642e-02,-2.431020326912403107e-02,-2.759805880486965179e-03,1.253370381891727448e-02,1.697728969156742096e-02,1.213019364513456821e-03,-1.265326165594160557e-03,1.458612270653247833e-02,8.528498001396656036e-03,-8.362444117665290833e-03,-9.146216325461864471e-03,-1.139125693589448929e-02,-1.046135835349559784e-02,-1.624665595591068268e-02,1.754851266741752625e-02,6.084193009883165359e-03,-2.218472212553024292e-02,-4.566465970128774643e-03,-1.750866137444972992e-02,-1.139789912849664688e-02,1.417431049048900604e-02,5.924781784415245056e-03,-6.559105589985847473e-03,6.260209716856479645e-03,1.673817262053489685e-02,4.038416314870119095e-03,-2.646225504577159882e-02,-1.406803634017705917e-02,-1.032851543277502060e-02,-1.090970239602029324e-03,-2.230427972972393036e-02,9.312269277870655060e-03,-1.497136615216732025e-02,3.198850899934768677e-02,1.904631382785737514e-03,-2.065703039988875389e-03,9.006731212139129639e-03,-2.991616353392601013e-02,-8.501929230988025665e-03,1.730939745903015137e-02,-1.786733628250658512e-03,1.065398007631301880e-02,-1.648577302694320679e-02,-1.475881785154342651e-02,3.060694597661495209e-02,-1.048128493130207062e-02,2.553235739469528198e-02,1.801346242427825928e-02,3.026155382394790649e-02,1.522708800621330738e-03,-3.273242712020874023e-02,2.747185900807380676e-02,2.401130739599466324e-03,-2.342015877366065979e-02,1.740238629281520844e-02,-9.365406818687915802e-03,-3.164311870932579041e-02,1.265326235443353653e-02,2.450946904718875885e-02,1.188277453184127808e-02,-3.530293237417936325e-03,-2.988959429785609245e-03,1.505273277871310711e-03,-3.687711805105209351e-02,-1.637949794530868530e-02,-9.876850992441177368e-03,-1.320123847108334303e-04,7.817789912223815918e-03,-1.752194575965404510e-02,-9.838658152148127556e-04,7.386051118373870850e-03,-7.645094301551580429e-03,-2.330059930682182312e-02,9.425185620784759521e-03,-3.751476481556892395e-02,2.023193426430225372e-02,-4.373844247311353683e-03,-1.408962300047278404e-03,4.875325039029121399e-02,-6.100798491388559341e-03,9.624449536204338074e-03,-1.810645312070846558e-02,2.434341469779610634e-03,3.792657516896724701e-03,-2.016551420092582703e-02,-3.363575786352157593e-02,7.299703545868396759e-03,1.336397044360637665e-02,1.672488823533058167e-02,3.217449039220809937e-02,3.264608094468712807e-03,1.616694964468479156e-02,8.614845573902130127e-03,-1.849169656634330750e-02,1.368279289454221725e-02,1.260012481361627579e-02,5.155955441296100616e-04,-2.489471249282360077e-02,8.017053827643394470e-03,3.132429718971252441e-02,-1.830478322517592460e-05,2.247697487473487854e-02,-1.628152676858007908e-03,7.339556235820055008e-03,2.359285391867160797e-02,-1.173000596463680267e-02,-1.105915009975433350e-02,-1.264662016183137894e-02,-2.193232066929340363e-02,2.246369048953056335e-02,-1.097944471985101700e-02,-9.478323161602020264e-03,-6.223678123205900192e-03,-8.834036067128181458e-03,-1.980683766305446625e-02,2.320761047303676605e-02,-8.435508236289024353e-03,-1.611547311767935753e-03,8.966878987848758698e-03,2.553235739469528198e-02,-1.378906704485416412e-02,4.670747369527816772e-02,-1.167686842381954193e-02,-1.775109907612204552e-03,-1.283924188464879990e-02,1.503778714686632156e-02,2.829548344016075134e-02,-1.376581960357725620e-03,1.306839520111680031e-03,-1.511749345809221268e-02,1.386877242475748062e-02,-9.199352934956550598e-03,-6.273494102060794830e-03,-1.436029002070426941e-02,2.466887980699539185e-02,2.567184157669544220e-03,-6.379768252372741699e-03,1.390862464904785156e-02,-1.562229543924331665e-02,-3.193537145853042603e-02,-2.563863061368465424e-02,-2.384525490924715996e-03,-1.809316873550415039e-02,-1.313149556517601013e-02,1.001301454380154610e-03,-2.601058967411518097e-02,1.576842181384563446e-02,-1.346360240131616592e-02,-8.269454352557659149e-03,-6.213714834302663803e-03,1.365622412413358688e-02,1.591454818844795227e-02,-6.417960394173860550e-04,1.067390665411949158e-02,2.342015877366065979e-02,9.750650264322757721e-03,-3.116488456726074219e-02,-1.770792528986930847e-02,-2.334709512069821358e-03,9.398616966791450977e-04,-6.236962042748928070e-03,1.906291954219341278e-02,1.143277040682733059e-03,-9.574011346558108926e-05,-9.597880765795707703e-03,4.284175112843513489e-03,-2.197217382490634918e-02,-2.222457528114318848e-02,9.026657789945602417e-03,-8.847320452332496643e-03,1.891679316759109497e-02,-1.893007755279541016e-02,4.204469732940196991e-03,-3.789336420595645905e-03,7.173502817749977112e-03,-2.713975310325622559e-02,-1.471896469593048096e-02,-2.377883344888687134e-02,-2.253011241555213928e-02,-2.485485933721065521e-02,-5.114441737532615662e-03,-1.126505620777606964e-02,3.501732274889945984e-02,1.280270982533693314e-03,-5.738802254199981689e-03,-1.025545224547386169e-02,-1.031523104757070541e-02,-1.474553346633911133e-02,6.439547054469585419e-03,-1.349681243300437927e-02,-3.463872009888291359e-03,-9.504891000688076019e-03,-1.262669358402490616e-02,-9.385332465171813965e-03,6.436225958168506622e-03,-2.165335044264793396e-02,1.296046073548495770e-03,9.677587077021598816e-03,1.829243265092372894e-02,-1.671160571277141571e-02,-4.257606808096170425e-03,-8.169822394847869873e-03,2.342015877366065979e-02,7.784578949213027954e-03,-1.858136500231921673e-03,1.173664815723896027e-02,-1.146805661846883595e-04,-1.234108209609985352e-02,-2.678107656538486481e-02,-2.090611029416322708e-03,8.767614490352571011e-04,-6.600618944503366947e-04,-6.711874622851610184e-03,6.486042402684688568e-03,-1.989982835948467255e-02,-9.677587077021598816e-03,1.356987655162811279e-02,8.873888291418552399e-03,1.285252626985311508e-02,-4.274876415729522705e-02,-9.358764626085758209e-03,-1.552598434500396252e-03,3.289183974266052246e-02,2.489139093086123466e-03,-1.493649440817534924e-03,1.518391445279121399e-02,1.093294937163591385e-02,1.793375704437494278e-03,3.833838924765586853e-02,-1.843855902552604675e-02,-1.718983799219131470e-02,-3.451251983642578125e-02,1.582155935466289520e-02,3.922179341316223145e-03,-5.782806547358632088e-04,2.100242301821708679e-02,-2.514711208641529083e-02,-4.516649991273880005e-02,3.775388002395629883e-02,1.149753108620643616e-02,1.989982835948467255e-02,7.498967461287975311e-03,-7.479040883481502533e-03,8.946952410042285919e-03,-2.299506217241287231e-02,1.449313294142484665e-02,-5.101157817989587784e-03,-1.819944195449352264e-02,-1.588798128068447113e-02,-2.268952317535877228e-02,1.487837638705968857e-02,3.538928180932998657e-02,-4.893923178315162659e-02,-4.951709415763616562e-03,2.622313797473907471e-02,-6.104119587689638138e-03,1.540974713861942291e-02,-1.450641732662916183e-02,-2.741872146725654602e-02,-8.986804634332656860e-03,-7.060586474835872650e-03,-7.326271850615739822e-03,-2.035149373114109039e-02,1.097280252724885941e-02,-1.639278233051300049e-02,6.486042402684688568e-03,1.279274653643369675e-02,-1.418759487569332123e-02,-1.786733604967594147e-02,-7.346198428422212601e-03,4.682703409343957901e-03,2.405780367553234100e-02,1.838542148470878601e-02,-1.291230507194995880e-02,2.986302599310874939e-02,3.719594096764922142e-03,-1.145767793059349060e-02,-1.373592950403690338e-02,-2.802979759871959686e-02,-4.343954380601644516e-03,2.217143774032592773e-02,1.249385066330432892e-02,-1.755183446221053600e-03,-4.974957089871168137e-03,-3.958710934966802597e-03,-1.438685879111289978e-02,-1.519719883799552917e-02,-1.074696984142065048e-02,1.170343719422817230e-02,2.797998313326388597e-04,8.016223437152802944e-04,1.792047359049320221e-02,2.225114405155181885e-02,2.344672754406929016e-02,-2.698366297408938408e-03,-3.549555316567420959e-02,-1.637949794530868530e-02,-1.110066310502588749e-03,-3.265272080898284912e-02,-9.212637320160865784e-03,1.495808176696300507e-02,-1.915591023862361908e-02,-2.627627551555633545e-02,1.165694184601306915e-02,-1.107907667756080627e-02,2.295520901679992676e-02,2.122825570404529572e-02,2.960730576887726784e-03,-2.609029598534107208e-02,-1.544959936290979385e-02,4.078269004821777344e-03,8.342518471181392670e-03,-4.111479967832565308e-03,-5.841755308210849762e-03,-1.021559908986091614e-02,-8.362444117665290833e-03,-1.174993161112070084e-02,1.853154972195625305e-02,-1.335068605840206146e-02,-1.856475952081382275e-03,3.499075397849082947e-02,-6.489363033324480057e-03,2.489139093086123466e-03,3.150861593894660473e-04,-6.124046165496110916e-03,1.871752925217151642e-02,-1.733596553094685078e-03,3.055380843579769135e-02,1.421416271477937698e-02,-1.147760450839996338e-02,-1.830571703612804413e-02,7.525535766035318375e-03,-1.793375797569751740e-02,-1.235436648130416870e-02,2.078987471759319305e-02,-2.100242301821708679e-02,-7.459114771336317062e-03,6.737613002769649029e-04,-5.868324078619480133e-03,2.585449954494833946e-03,-2.877703867852687836e-03,-2.098913770169019699e-03,-2.660838142037391663e-02,-9.797145612537860870e-04,-2.858773805201053619e-02,1.426730025559663773e-02,-1.479867100715637207e-02,3.145713731646537781e-02,3.145713731646537781e-02,-4.952373728156089783e-02,-1.365622412413358688e-02,8.707835339009761810e-03,2.241719746962189674e-03,-1.109900325536727905e-02,-2.096256986260414124e-02,-1.159716304391622543e-02,-9.943271987140178680e-03,3.613319946452975273e-03,-1.498465053737163544e-02,4.524952673818916082e-04,-1.184956356883049011e-02,-2.080315910279750824e-02,1.252706162631511688e-02,-1.306507457047700882e-02,4.928462207317352295e-03,2.124419659376144409e-01,-1.855811849236488342e-02,-1.163701619952917099e-02,2.477515302598476410e-02,1.151745766401290894e-02,7.293061353266239166e-03,1.827914826571941376e-02,9.139574132859706879e-03,4.320707172155380249e-03,-8.701193146407604218e-04,-3.610663115978240967e-02,-5.874135531485080719e-04,-2.773754484951496124e-02,2.526085881981998682e-04,6.934386212378740311e-03,-1.571528427302837372e-02,-2.023193426430225372e-02,-2.749842777848243713e-02,-8.143254555761814117e-03,-2.887999080121517181e-02,2.331388369202613831e-02,-5.287137348204851151e-03,-9.989767335355281830e-03,-2.067031525075435638e-02,3.387487307190895081e-02,5.745444213971495628e-04,-7.047302555292844772e-03,-1.258684042841196060e-02,1.693743653595447540e-02,1.269975677132606506e-02,7.917421869933605194e-03,1.637949794530868530e-02,-2.281572436913847923e-03,-9.006731212139129639e-03,-4.317386075854301453e-03,1.178314257413148880e-02,2.678107656538486481e-02,-3.026321646757423878e-04,1.487837638705968857e-02,1.079346518963575363e-03,1.144439354538917542e-02,9.624449536204338074e-03,8.070190437138080597e-03,-1.900978200137615204e-02,-2.601058967411518097e-02,5.032079294323921204e-02,-1.681787893176078796e-02,-2.547921985387802124e-02,-1.000969298183917999e-02,2.520024962723255157e-02,-5.369499698281288147e-02,-1.220491831190884113e-03,3.281213343143463135e-02,5.376806017011404037e-03,8.422223851084709167e-03,-1.672987127676606178e-03,1.013589370995759964e-02,1.595440134406089783e-02,-2.380540221929550171e-02,5.936405505053699017e-04,-8.920383639633655548e-03,-2.990619977936148643e-03,-8.535140077583491802e-04,2.330059930682182312e-02,-5.788618233054876328e-03,3.103204257786273956e-02,-1.939502544701099396e-02,-2.025850350037217140e-03,1.089309714734554291e-02,-2.166663482785224915e-02,1.151081547141075134e-02,-1.895664632320404053e-02,1.583484373986721039e-02,2.563863061368465424e-03,-1.424073148518800735e-02,1.517727272585034370e-03,-1.374921388924121857e-02,-2.554563991725444794e-02,1.774777658283710480e-02,1.660533063113689423e-02,2.270280756056308746e-02,-1.602082327008247375e-02,1.004954613745212555e-02,-4.652813542634248734e-03,-2.800073998514562845e-04,-1.301857922226190567e-02,2.383197098970413208e-02,-1.255362993106245995e-03,-7.625167723745107651e-03,1.591454818844795227e-02,2.230427972972393036e-02,-3.228076174855232239e-02,-3.394129686057567596e-03,1.931199920363724232e-03,-1.245399843901395798e-02,2.049762010574340820e-02,-1.758504542522132397e-03,2.000610157847404480e-02,9.843640029430389404e-03,6.755048409104347229e-03,-1.457283832132816315e-02,-2.228435361757874489e-03,8.435508236289024353e-03,6.681985221803188324e-03,-2.974014729261398315e-03,5.439906381070613861e-03,2.160353586077690125e-03,4.274876415729522705e-02,1.281267311424016953e-02,-1.861125417053699493e-02,3.594721853733062744e-02,-1.433372125029563904e-02,-7.963916286826133728e-03,-8.242886513471603394e-03,1.338389702141284943e-02,-3.262615203857421875e-02,1.179642695933580399e-02,-2.917224541306495667e-02,3.172282502055168152e-02,-7.675813976675271988e-04,2.289875177666544914e-03,6.755048409104347229e-03,-5.886589642614126205e-04,3.735535219311714172e-02,3.975315950810909271e-03,-2.016551420092582703e-02,-3.509702533483505249e-02,-8.840678259730339050e-03,-9.385332465171813965e-03,-2.007252350449562073e-02,2.543936669826507568e-02,-1.254532719030976295e-03,-2.045776695013046265e-03,9.338838048279285431e-03,1.578170619904994965e-02,1.466582808643579483e-02,1.188941649161279202e-03,6.349878385663032532e-03,-1.317134872078895569e-02,-1.653890940360724926e-03,-6.535858381539583206e-03,-6.874606944620609283e-03,2.700690925121307373e-02,7.173502817749977112e-03,-1.648577302694320679e-02,-5.605959799140691757e-03,1.057427469640970230e-02,-1.555587351322174072e-02,9.850282222032546997e-03,-7.671662606298923492e-03,8.900457061827182770e-03,-8.382370695471763611e-03,7.352840621024370193e-03,-2.951763570308685303e-02,3.825868293642997742e-02,-2.095592673867940903e-03,-3.081949427723884583e-02,-2.917224541306495667e-02,9.916703216731548309e-03,8.641414344310760498e-03,-6.004487723112106323e-02,-4.363880958408117294e-03,1.105915056541562080e-03,7.193429395556449890e-03,1.236764993518590927e-02,-6.867964752018451691e-03,-1.691883951425552368e-01,2.893312834203243256e-02,2.816264145076274872e-02,-1.826586388051509857e-02,3.448595106601715088e-02,-5.967956036329269409e-03,1.748209260404109955e-02,2.084301039576530457e-02,-9.225921705365180969e-03,-1.430715341120958328e-02,5.054662469774484634e-03,4.171259235590696335e-03,-2.173305675387382507e-02,-1.481195539236068726e-02,-1.291230507194995880e-02,5.566106643527746201e-03,-4.168602079153060913e-02,8.893814869225025177e-03,4.038416594266891479e-02,3.081949427723884583e-02,1.853154972195625305e-02,-6.569068878889083862e-03,4.410375840961933136e-03,-3.796642646193504333e-02,1.758836582303047180e-02,1.987325958907604218e-02,-7.293061353266239166e-03,3.183241933584213257e-03,-3.576124086976051331e-02,2.146238985005766153e-04,-1.622008718550205231e-02,8.661340922117233276e-03,4.434287548065185547e-02,-2.250354364514350891e-02,1.685773208737373352e-02,6.343236193060874939e-03,-2.000610157847404480e-02,-3.557525947690010071e-02,-7.286419160664081573e-03,-3.865720937028527260e-03,1.417431049048900604e-02,1.428058464080095291e-02,-2.607701160013675690e-02,-2.067031525075435638e-02,-3.908894956111907959e-03,2.492128126323223114e-02,-5.194147583097219467e-03,7.332914043217897415e-03,1.494479738175868988e-02,-2.444304712116718292e-02,1.272632554173469543e-02,-3.934799134731292725e-02,-1.189771923236548901e-03,3.297818591818213463e-03,-1.381563488394021988e-02,-2.511880666133947670e-06,-1.748209260404109955e-02,9.584597311913967133e-03,-2.344672754406929016e-02,1.984337111935019493e-03,-1.021559908986091614e-02,-9.597880998626351357e-04,3.334350511431694031e-02,-1.121856179088354111e-02,1.726954430341720581e-02,-3.055380843579769135e-02,-1.152409985661506653e-02,9.577955119311809540e-03,-2.638254873454570770e-02,8.482002653181552887e-03,-2.067031525075435638e-02,-7.651736494153738022e-03,4.620952313416637480e-05,-1.789390482008457184e-02,2.538622915744781494e-02,4.164617042988538742e-03,-8.428866043686866760e-03,2.538622915744781494e-02,1.263333577662706375e-02,-4.098195582628250122e-03,-1.410788856446743011e-02,3.111174702644348145e-02,-1.451970078051090240e-02,1.937842112965881824e-03,1.634794753044843674e-03,1.442671101540327072e-02,2.647553943097591400e-02,1.964410534128546715e-03,2.547921985387802124e-02,-2.671797759830951691e-03,-9.983125142753124237e-03,-1.410788856446743011e-02,6.725159008055925369e-03,-1.310492679476737976e-02,2.591760084033012390e-02,2.473529987037181854e-02,2.768108621239662170e-03,-3.882326418533921242e-03,-1.628650911152362823e-02,-2.651539258658885956e-02,8.003769442439079285e-03,-1.012925151735544205e-02,-3.273242712020874023e-02,7.917421869933605194e-03,7.266492582857608795e-03,1.239421870559453964e-02,-1.746880821883678436e-03,6.708553526550531387e-03,1.989982835948467255e-02,-2.501427009701728821e-02,2.824234589934349060e-02,-1.263665617443621159e-03,1.914262585341930389e-02,2.646225504577159882e-02,2.925194986164569855e-02,2.508069202303886414e-02,8.063963468885049224e-05,-1.182299572974443436e-02,2.514711208641529083e-02,-1.934188976883888245e-02,3.809927031397819519e-02,-5.874965805560350418e-03,9.186068549752235413e-03,-2.087290165945887566e-03,-1.499793492257595062e-02,-6.595637183636426926e-03,-1.296544224023818970e-01,-7.791221141815185547e-03,-1.947805285453796387e-03,3.105861134827136993e-02,2.586446329951286316e-02,8.993446826934814453e-03,5.283816251903772354e-03,8.807467296719551086e-03,-4.632887430489063263e-03,-1.915591023862361908e-02,-8.953594602644443512e-03,-1.928875222802162170e-02,-1.313813775777816772e-02,-2.278251387178897858e-02,8.687908761203289032e-03,-1.242078747600317001e-02,-1.652562431991100311e-02,-2.530652470886707306e-02,-1.318463217467069626e-02,1.972713321447372437e-02,-1.068719103932380676e-02,4.453549627214670181e-03,-1.243407186120748520e-02,9.830355411395430565e-04,9.855263633653521538e-04,1.098608691245317459e-02,-9.989767335355281830e-03,2.274266071617603302e-02,6.934386212378740311e-03,3.500403603538870811e-03,-6.921101827174425125e-03,-3.477156162261962891e-03,1.002961955964565277e-02,-7.412619423121213913e-03,-1.672488823533058167e-02,-2.009909227490425110e-02,-1.733596553094685078e-03,-1.147428411059081554e-03,1.570199988782405853e-02,-1.806659996509552002e-02,2.167991921305656433e-02,-3.420698223635554314e-03,-1.095951814204454422e-02,-3.702988615259528160e-04,1.703042723238468170e-02,-1.245399843901395798e-02,1.134974299930036068e-03,1.299201045185327530e-02,1.711013354361057281e-02,2.080647973343729973e-03,-2.165335044264793396e-02,-1.604739204049110413e-02,-1.070711761713027954e-02,-1.076855696737766266e-03,8.654698729515075684e-03,-1.833228580653667450e-02,1.297872606664896011e-02,-7.518893573433160782e-03,-3.034126013517379761e-02,-2.889327588491141796e-04,-7.498967461287975311e-03,4.888609517365694046e-03,-5.655775777995586395e-03,1.942159421741962433e-02,2.086957916617393494e-02,-1.679131016135215759e-02,-1.761493459343910217e-02,-2.850803174078464508e-02,3.198850899934768677e-02,-1.888026134110987186e-03,-8.667982183396816254e-03,-3.526972141116857529e-03,-1.097280252724885941e-02,1.976698637008666992e-02,-2.853460051119327545e-02,-1.539646275341510773e-02,4.742482677102088928e-03,-6.376447156071662903e-03,1.014917809516191483e-02,-2.611686475574970245e-02,-1.204218622297048569e-02,-1.295880042016506195e-02,1.546288374811410904e-02,4.928462207317352295e-03,4.599012434482574463e-02,1.084328046999871731e-03,1.337725482881069183e-02,9.929988300427794456e-04,4.792298655956983566e-03,-1.014917809516191483e-02,-2.812942955642938614e-03,2.283565141260623932e-02,3.921514749526977539e-02,-2.275594510138034821e-02,-8.654698729515075684e-03,2.895969711244106293e-02,-2.561206184327602386e-02,1.674647559411823750e-03,1.261340919882059097e-02,2.758145332336425781e-03,-3.894946351647377014e-02,3.729557385668158531e-03,-4.705286398530006409e-02,1.970056444406509399e-02,-1.278610434383153915e-02,-1.196621669805608690e-04,5.944708362221717834e-03,-1.423907087882980704e-04,3.316914953757077456e-04,4.895251709967851639e-03,6.343236193060874939e-03,8.296023122966289520e-03,-3.088591620326042175e-03,1.632636040449142456e-02,4.337312187999486923e-03,1.540974713861942291e-03,-7.180145010352134705e-03,-9.876850992441177368e-03,1.000305078923702240e-02,2.050758339464664459e-03,1.987325958907604218e-02,3.246674314141273499e-02,1.521048322319984436e-02,3.689704462885856628e-03,-1.222982653416693211e-03,7.312987465411424637e-03,-1.782748289406299591e-02,2.178619429469108582e-02,-1.297706621699035168e-03,9.604522958397865295e-03,5.277174059301614761e-03,-1.319127436727285385e-02,1.343703363090753555e-02,-9.159500710666179657e-03,3.719594096764922142e-03,1.951458491384983063e-02,-4.901893436908721924e-03,-6.189636769704520702e-04,1.896328758448362350e-03,2.845489419996738434e-02,1.458612270653247833e-02,5.483744293451309204e-02,2.203527372330427170e-03,-2.399138174951076508e-02,2.195888943970203400e-02,7.040660129860043526e-04,1.453796750865876675e-03,1.570034073665738106e-03,-2.598734339699149132e-03,6.994165480136871338e-03,8.030338212847709656e-03,7.445830386132001877e-03,-5.084552336484193802e-03,2.733901701867580414e-02,3.394129686057567596e-03,-1.527690421789884567e-02,-1.535660959780216217e-02,-2.048433572053909302e-02,4.290817305445671082e-02,2.650210866704583168e-03,-1.416102610528469086e-02,-3.786015510559082031e-02,2.456260472536087036e-02,4.177901428192853928e-03,9.352122433483600616e-03,-2.155371941626071930e-03,1.218167040497064590e-02,9.637733921408653259e-03,-4.441925848368555307e-04,-2.239727042615413666e-02,1.053442154079675674e-02,-4.417018033564090729e-03,-4.679382313042879105e-03,2.001938596367835999e-02,-8.262812159955501556e-03,-1.689592463662847877e-04,1.035508420318365097e-02,-1.107243448495864868e-02,1.268647238612174988e-02,-5.054662469774484634e-03,-1.345696020871400833e-02,2.097585424780845642e-02,3.403428569436073303e-02,-1.433372125029563904e-02,2.914235519710928202e-04,1.744223944842815399e-02,-5.061304662376642227e-03,2.078987471759319305e-02,1.659204624593257904e-02,5.556143820285797119e-03,-2.361942268908023834e-02,1.853154855780303478e-03,-1.134476158767938614e-02,-3.669778117910027504e-03,2.250354364514350891e-02,-1.849169656634330750e-02,-1.920904591679573059e-02,1.736253313720226288e-02,5.041378550231456757e-03,-2.598734339699149132e-03,2.566519938409328461e-02,5.363521631807088852e-03,-1.578170619904994965e-02,9.325553663074970245e-03,3.261286998167634010e-03,-5.954671651124954224e-03,-6.426263134926557541e-03,-5.984561052173376083e-03,-2.432348765432834625e-02,-1.575513742864131927e-02,-1.818283693864941597e-03,-9.132932173088192940e-04,9.597880765795707703e-03,-2.040463127195835114e-02,4.630894586443901062e-02,-7.588636362925171852e-04,-8.428866043686866760e-03,1.423076842911541462e-03,1.527690421789884567e-02,5.237321369349956512e-03,-2.372569590806961060e-02,2.787038683891296387e-02,2.389839105308055878e-02,3.576124086976051331e-02,-9.152858518064022064e-03,-1.232779771089553833e-02,3.241360560059547424e-02,7.493155426345765591e-04,6.492684129625558853e-03,-6.210393738001585007e-03,1.300529483705759048e-02,1.101265568286180496e-02,3.387487307190895081e-02,-1.529018860310316086e-02,-7.087155245244503021e-03,-1.814630627632141113e-02,-1.479867100715637207e-02,2.949106693267822266e-02,-1.301857875660061836e-03,2.462902665138244629e-02,-1.010434352792799473e-03,4.397091642022132874e-02,1.240086089819669724e-02,-1.980683766305446625e-02,-1.093294937163591385e-02,3.081949427723884583e-02,5.144331604242324829e-03,-3.819226054474711418e-03,6.967596709728240967e-03,-1.924889907240867615e-02,-2.059061080217361450e-02,1.114549767225980759e-02,6.263530813157558441e-03,3.647859022021293640e-02,-2.219800651073455811e-02,-5.125069245696067810e-02,7.233282085508108139e-03,-1.967399567365646362e-02,1.621510600671172142e-03,-3.097890503704547882e-02,-4.177901428192853928e-03,1.964742690324783325e-02,1.192262768745422363e-02,-2.293196273967623711e-03,-1.764150336384773254e-02,-4.575100541114807129e-02,-2.716632187366485596e-02,5.240642465651035309e-03,-8.907099254429340363e-03,2.043493441306054592e-04,-4.779678210616111755e-02,1.206211186945438385e-02,2.075002156198024750e-02,-4.864697530865669250e-02,-3.969338163733482361e-02,4.500044509768486023e-03,-1.571694505400955677e-03,-2.152050845324993134e-02,-3.825868247076869011e-03,6.432905327528715134e-03,3.352948278188705444e-02,-2.922538295388221741e-02,2.092271670699119568e-02,-3.480477258563041687e-02,1.103922352194786072e-02,2.818921022117137909e-02,-1.824925886467099190e-03,9.989767335355281830e-03,-5.014809779822826385e-03,2.623642329126596451e-03
1.322052627801895142e-02,-2.013156004250049591e-02,7.492522709071636200e-03,-1.538607291877269745e-02,1.457065111026167870e-03,3.309810161590576172e-02,6.890981923788785934e-03,-1.656241901218891144e-02,-2.076986245810985565e-03,-4.504870995879173279e-02,1.049354206770658493e-02,1.354803144931793213e-02,-1.412952132523059845e-02,-3.181481501087546349e-03,-6.713026086799800396e-04,2.390121482312679291e-02,2.951559424400329590e-02,-7.131598424166440964e-03,-8.294576779007911682e-03,-1.632514409720897675e-03,-2.322615124285221100e-03,1.693671010434627533e-02,3.360607102513313293e-02,-2.721971366554498672e-03,3.442149143666028976e-03,-7.205119822174310684e-03,1.271255873143672943e-02,-3.208216652274131775e-02,-1.287965290248394012e-02,2.620043698698282242e-03,-1.846061274409294128e-02,1.462412159889936447e-02,4.628520924597978592e-03,-1.428993232548236847e-02,-9.684803895652294159e-03,-1.638863980770111084e-02,-5.487387534230947495e-03,-9.631333872675895691e-03,2.646778710186481476e-02,-1.477116439491510391e-02,-4.591760225594043732e-03,-4.658597987145185471e-03,-5.106411408632993698e-03,-8.307944983243942261e-03,-7.559360470622777939e-03,-1.137580163776874542e-02,-3.459526970982551575e-02,-2.450275421142578125e-02,-2.871353924274444580e-02,-9.641359793022274971e-04,2.057269029319286346e-02,1.784570515155792236e-03,-4.071761667728424072e-02,-2.406162582337856293e-02,-5.791499745100736618e-03,7.826711982488632202e-03,-2.039891108870506287e-02,1.669609360396862030e-02,5.096385721117258072e-03,2.150507876649498940e-03,2.874027378857135773e-02,1.788580790162086487e-02,2.312589623034000397e-02,1.161641813814640045e-02,-1.256551500409841537e-02,-8.341363631188869476e-03,-1.695007830858230591e-02,4.270938690751791000e-03,-9.638017974793910980e-03,4.371195100247859955e-03,1.276602875441312790e-02,2.694902010262012482e-02,-1.238171127624809742e-03,-3.742919536307454109e-03,2.502408996224403381e-02,-8.715655654668807983e-03,5.537515506148338318e-03,4.885846748948097229e-03,-1.981073804199695587e-02,1.134906616061925888e-02,-4.681991413235664368e-03,-2.237731218338012695e-02,-6.673759315162897110e-03,1.090793684124946594e-02,7.980438880622386932e-03,1.258556637912988663e-02,-1.764519140124320984e-02,2.411509491503238678e-02,-1.228479668498039246e-02,-3.307136893272399902e-02,3.836492449045181274e-02,1.764519140124320984e-02,2.778783440589904785e-03,9.597915224730968475e-03,-1.660252176225185394e-02,-6.530057638883590698e-03,-2.101381868124008179e-02,2.656136080622673035e-02,-4.057266414747573435e-05,2.055263845250010490e-03,1.086783409118652344e-02,-1.147605851292610168e-02,-9.704855270683765411e-03,4.367853514850139618e-03,-6.095611676573753357e-02,-1.760508865118026733e-02,6.540083326399326324e-03,-6.646188558079302311e-04,2.728321030735969543e-02,-2.252435497939586639e-02,-1.504687010310590267e-03,2.940865233540534973e-02,-5.263480357825756073e-03,-3.168113902211189270e-02,6.456536240875720978e-03,-2.538501471281051636e-02,-1.151616126298904419e-02,-9.617966599762439728e-03,-3.812430799007415771e-02,-2.009145729243755341e-02,1.199948237626813352e-04,-3.656030399724841118e-03,6.403065752238035202e-03,-2.140147984027862549e-02,-7.131598424166440964e-03,1.400921307504177094e-02,-4.745487123727798462e-03,-4.544973745942115784e-02,-1.298659387975931168e-02,-2.001125179231166840e-02,2.836598269641399384e-02,6.272732280194759369e-03,1.732436940073966980e-02,-3.288422012701630592e-03,4.885846748948097229e-03,3.162766993045806885e-02,-3.344566002488136292e-02,8.622081950306892395e-03,-8.683698251843452454e-05,-3.168113902211189270e-02,1.408941857516765594e-02,4.213457927107810974e-02,6.720545701682567596e-03,-4.103844054043292999e-03,-5.303583107888698578e-03,3.627958521246910095e-02,2.316599898040294647e-02,7.980438880622386932e-03,-4.808983299881219864e-03,-2.499735541641712189e-02,2.313926257193088531e-02,-1.190382055938243866e-02,3.545079380273818970e-02,-9.417452849447727203e-03,1.777886785566806793e-02,2.233720943331718445e-02,2.349350368604063988e-03,1.819326169788837433e-02,1.134906616061925888e-02,-9.089947561733424664e-04,7.138282060623168945e-03,-1.867449469864368439e-02,-1.017272006720304489e-02,-2.404491649940609932e-03,-6.857563275843858719e-03,4.996797442436218262e-02,4.638546612113714218e-03,-2.355365827679634094e-02,-4.220810253173112869e-03,1.916575245559215546e-03,2.145494893193244934e-02,2.061279304325580597e-02,-1.536434981971979141e-03,3.529038280248641968e-02,-2.703591017052531242e-03,9.337247349321842194e-03,-1.031976379454135895e-02,5.103069823235273361e-03,-2.464645658619701862e-04,2.795492997393012047e-03,-3.283075243234634399e-02,4.996129311621189117e-03,2.903436124324798584e-02,-1.263235323131084442e-02,-1.267245598137378693e-02,1.281281560659408569e-02,1.044007204473018646e-02,-7.906917482614517212e-03,4.354485776275396347e-03,-1.155626401305198669e-02,2.337987907230854034e-02,1.715059205889701843e-02,1.392900757491588593e-02,-1.521229464560747147e-02,-6.228218078613281250e-01,1.820662990212440491e-02,-1.348787732422351837e-02,-1.629506796598434448e-02,3.486262261867523193e-02,2.550532296299934387e-02,3.325851261615753174e-02,-1.923259114846587181e-03,-4.234845936298370361e-02,1.489147264510393143e-02,-2.005135454237461090e-02,2.831251174211502075e-02,8.414885029196739197e-03,-2.593308500945568085e-02,-1.259225048124790192e-02,-1.354803144931793213e-02,-6.650365889072418213e-03,-1.622822880744934082e-02,-4.641888663172721863e-03,-3.615927649661898613e-03,-2.079993858933448792e-02,1.534764072857797146e-03,1.906549674458801746e-03,2.885724185034632683e-03,9.965523146092891693e-03,1.412952132523059845e-02,4.230835940688848495e-03,-1.902205124497413635e-02,-3.104618052020668983e-03,-2.544851042330265045e-03,-4.606464505195617676e-02,2.820557169616222382e-02,1.605779281817376614e-03,-2.999348333105444908e-03,3.114643692970275879e-02,-4.922607447952032089e-03,-8.869382552802562714e-03,9.504342451691627502e-03,2.438244782388210297e-02,1.474442891776561737e-02,-1.994441449642181396e-02,-1.342772413045167923e-02,-1.584056997671723366e-03,-1.610792055726051331e-02,3.133024089038372040e-03,1.638863980770111084e-02,2.769760414958000183e-02,5.216693971306085587e-03,6.857563275843858719e-03,1.376859727315604687e-03,6.366305053234100342e-03,1.091462094336748123e-02,-1.809634733945131302e-03,-2.790480153635144234e-03,1.142927166074514389e-02,-3.970168065279722214e-03,4.087802767753601074e-02,-3.750940039753913879e-02,-1.557321869768202305e-03,2.083669882267713547e-03,-1.118865609169006348e-02,2.242409856989979744e-03,-3.015723638236522675e-02,-1.302001252770423889e-02,-1.158299949020147324e-02,1.273929420858621597e-02,-1.497167814522981644e-02,1.677629910409450531e-02,3.553099930286407471e-02,2.333977632224559784e-02,-1.769531983882188797e-03,5.517464596778154373e-03,2.020173938944935799e-03,-4.969393834471702576e-03,1.564005576074123383e-02,8.120798505842685699e-03,7.860130630433559418e-03,-2.355365827679634094e-02,-2.712279930710792542e-02,-7.445736322551965714e-03,7.947020232677459717e-03,-1.320047490298748016e-02,-2.788474969565868378e-02,-5.330318585038185120e-03,3.079888038337230682e-02,9.905369020998477936e-03,-2.403488941490650177e-02,-2.285854332149028778e-02,7.211803924292325974e-03,-6.307822186499834061e-04,7.365530822426080704e-03,2.775107510387897491e-02,-6.276073865592479706e-03,1.087785931304097176e-03,1.871459744870662689e-02,-1.342772413045167923e-02,-2.522460371255874634e-02,-1.629506796598434448e-02,1.633517071604728699e-02,-6.917717400938272476e-04,4.872479010373353958e-03,-2.100045233964920044e-02,2.587961405515670776e-02,-6.844195537269115448e-03,2.986315079033374786e-02,1.114855334162712097e-02,-2.065289579331874847e-02,-8.013857528567314148e-03,-8.513471111655235291e-04,-3.988882899284362793e-02,2.399478806182742119e-03,-4.194074776023626328e-03,-1.683478243649005890e-03,-2.751045860350131989e-02,-3.223255276679992676e-03,-2.609349600970745087e-02,1.028634514659643173e-02,3.318499075248837471e-03,7.793292868882417679e-03,-3.954127058386802673e-02,5.661165807396173477e-03,1.598761416971683502e-02,-7.165017537772655487e-03,-2.208990976214408875e-03,1.135575026273727417e-02,3.138705343008041382e-02,2.936687960755079985e-04,-3.587855771183967590e-02,-1.765855960547924042e-02,-1.986755058169364929e-03,1.449044514447450638e-02,-2.590635046362876892e-02,1.501178089529275894e-02,-7.693036459386348724e-03,3.988882899284362793e-02,-8.581980131566524506e-03,1.164315268397331238e-02,-9.444188326597213745e-03,3.427444770932197571e-02,-3.063846938312053680e-02,-1.636190526187419891e-02,-3.592534223571419716e-03,2.456290880218148232e-03,-5.176591221243143082e-03,2.129453793168067932e-02,-2.402152307331562042e-02,1.199739333242177963e-02,-3.173461183905601501e-02,-4.277622327208518982e-02,1.259475684491917491e-04,-2.412846311926841736e-03,-7.686352357268333435e-03,-1.789917610585689545e-02,-6.633656565099954605e-03,1.531923469156026840e-02,-2.887395024299621582e-02,5.968620069324970245e-03,-1.351461280137300491e-02,3.746261354535818100e-03,-2.938191778957843781e-02,3.451506420969963074e-02,1.973053254187107086e-02,-6.857563275843858719e-03,-5.635265843011438847e-04,1.049354206770658493e-02,-1.596087776124477386e-02,-4.200758878141641617e-03,6.917717400938272476e-03,-1.712385751307010651e-02,-3.467547520995140076e-02,-3.478910075500607491e-03,1.971716433763504028e-02,-2.738680923357605934e-03,2.213669568300247192e-02,-2.482357621192932129e-02,2.284183399751782417e-03,-2.434234507381916046e-02,9.698172099888324738e-03,-1.346114277839660645e-02,1.376859657466411591e-02,1.954338699579238892e-02,6.703836377710103989e-03,-2.860659919679164886e-02,7.445736322551965714e-03,1.386216934770345688e-02,-1.457065064460039139e-02,2.521457849070429802e-03,4.373868927359580994e-02,-1.066732034087181091e-02,-4.184049088507890701e-03,1.092798821628093719e-02,-1.154957991093397141e-02,1.137580163776874542e-02,1.899531669914722443e-02,1.817989512346684933e-03,3.259013593196868896e-02,-9.791745105758309364e-04,3.799731610342860222e-03,-1.276602875441312790e-02,4.949342459440231323e-03,2.646778710186481476e-02,-1.902205124497413635e-02,4.742813855409622192e-02,-1.589404046535491943e-02,2.455622516572475433e-02,-3.202869743108749390e-02,2.051921933889389038e-02,2.364723011851310730e-02,4.400603845715522766e-02,2.447601966559886932e-02,-1.277939695864915848e-02,-4.472788795828819275e-02,-1.907552219927310944e-02,8.682236075401306152e-03,1.820662990212440491e-02,6.600237451493740082e-03,1.561332121491432190e-02,7.733139209449291229e-03,-1.482463441789150238e-02,-4.037005826830863953e-03,-1.527913194149732590e-02,5.916193913435563445e-05,1.457065064460039139e-02,-5.504096858203411102e-03,-1.449044514447450638e-02,-3.079553833231329918e-03,1.514545641839504242e-02,2.224363572895526886e-02,-1.261564437299966812e-03,-1.106834784150123596e-02,-1.687655691057443619e-03,-1.245857495814561844e-02,1.283286698162555695e-02,3.007703088223934174e-02,2.803847659379243851e-03,-1.251204498112201691e-02,1.177181606180965900e-03,-2.680197730660438538e-02,2.327293902635574341e-02,-2.999682538211345673e-02,3.393691731616854668e-03,4.913918673992156982e-02,1.931613869965076447e-02,-7.298693060874938965e-03,5.691242869943380356e-03,1.003904454410076141e-02,4.835718311369419098e-03,-1.154957991093397141e-02,-1.680303551256656647e-02,4.058394208550453186e-02,-1.914235949516296387e-02,1.882153749465942383e-02,-1.020613964647054672e-02,-2.524799667298793793e-03,8.528509177267551422e-03,-1.198402605950832367e-02,-3.157420083880424500e-02,1.843387819826602936e-02,4.020965099334716797e-02,4.168008267879486084e-02,-7.265273947268724442e-03,-1.424982957541942596e-02,9.163469076156616211e-03,3.092921338975429535e-03,7.285325322300195694e-03,-2.305905800312757492e-04,-1.143762725405395031e-03,-2.796495519578456879e-02,-2.380764111876487732e-02,-1.093467231839895248e-02,-4.347802139818668365e-03,-2.001125179231166840e-02,4.373701813165098429e-04,1.737784035503864288e-02,2.207319950684905052e-03,1.548967091366648674e-03,-1.433003507554531097e-02,-1.001899316906929016e-02,5.530831869691610336e-03,-5.113095510751008987e-03,-4.681991413235664368e-03,-2.525133825838565826e-02,7.499206345528364182e-03,-1.119533926248550415e-02,-5.504096858203411102e-03,-2.170893363654613495e-02,-1.732436940073966980e-02,9.109999053180217743e-03,-2.184260822832584381e-02,7.472471334040164948e-03,-9.343931451439857483e-03,3.259013593196868896e-02,1.294147805310785770e-03,1.293980702757835388e-02,-1.590740866959095001e-02,4.157314077019691467e-03,1.337592490017414093e-03,6.279415916651487350e-03,1.769866235554218292e-02,1.306679937988519669e-02,-1.938297599554061890e-02,-6.276073865592479706e-03,-1.982410624623298645e-02,-1.819326169788837433e-02,5.464662611484527588e-02,1.055369619280099869e-02,2.327627968043088913e-03,-1.481126714497804642e-02,7.806660607457160950e-03,-2.501072362065315247e-02,-2.301895432174205780e-02,2.364388899877667427e-03,-4.392583295702934265e-02,-1.247862633317708969e-02,4.431349225342273712e-03,5.121449939906597137e-04,-8.468355052173137665e-03,-2.953397342935204506e-04,1.645547896623611450e-02,-1.399584580212831497e-02,7.515080505982041359e-04,-1.677629910409450531e-02,3.452174831181764603e-03,1.203081291168928146e-02,6.507332623004913330e-02,1.404931582510471344e-02,2.073310129344463348e-02,-1.328736450523138046e-02,1.976729370653629303e-03,3.299116343259811401e-02,-1.305343210697174072e-02,1.187708601355552673e-02,2.237731218338012695e-02,-1.435676962137222290e-02,1.075253938324749470e-03,2.454620087519288063e-03,1.383543480187654495e-02,-8.000490255653858185e-03,1.319379080086946487e-02,1.262566912919282913e-02,-2.265803143382072449e-02,-1.235163398087024689e-02,2.510429546236991882e-02,5.417207721620798111e-03,-5.518299876712262630e-04,1.670946180820465088e-02,1.422810717485845089e-03,2.184260822832584381e-02,-5.470677744597196579e-03,-1.083441544324159622e-02,1.001230999827384949e-02,3.488935530185699463e-02,1.109508238732814789e-02,-3.797225363086909056e-04,1.053364481776952744e-02,-2.364388899877667427e-03,-7.238538935780525208e-03,9.243674576282501221e-03,-1.509198639541864395e-02,-3.362779098097234964e-04,8.348046801984310150e-03,3.095929138362407684e-02,-2.116879913955926895e-04,1.732771168462932110e-03,1.547964569181203842e-02,2.022513374686241150e-02,-3.226597094908356667e-03,-1.652231626212596893e-02,1.110845059156417847e-02,-2.723642392084002495e-03,-3.579835221171379089e-02,-1.308350823819637299e-03,1.912899129092693329e-02,-3.571814671158790588e-02,3.333871811628341675e-02,-1.834030635654926300e-02,-5.697926506400108337e-03,-1.267914008349180222e-02,2.553205704316496849e-03,2.187268575653433800e-03,-6.125688552856445312e-03,9.791744872927665710e-03,-3.769654547795653343e-03,2.078657038509845734e-03,-1.801948435604572296e-02,-3.053152933716773987e-02,1.872796565294265747e-02,8.301260881125926971e-03,-4.737466573715209961e-02,5.337002221494913101e-03,-4.563688114285469055e-02,-9.950484381988644600e-04,-1.561332121491432190e-02,-6.506664678454399109e-03,-1.836704090237617493e-02,8.194319903850555420e-03,-2.450275421142578125e-02,6.603579502552747726e-03,5.063635483384132385e-02,2.505082637071609497e-02,-2.244080649688839912e-03,-6.289441604167222977e-03,5.981987342238426208e-03,4.042353108525276184e-02,-1.842051185667514801e-02,-1.187040191143751144e-02,2.206985838711261749e-02,-8.080695755779743195e-03,-2.362049557268619537e-02,3.079888038337230682e-02,5.626911297440528870e-04,-1.232489943504333496e-02,-3.037111833691596985e-02,4.805641248822212219e-03,2.035212470218539238e-03,1.829686108976602554e-03,2.117422968149185181e-02,-1.122875884175300598e-02,-1.347451005131006241e-02,1.062053442001342773e-02,3.339218720793724060e-02,-2.951559424400329590e-02,-4.793610423803329468e-02,7.171701174229383469e-03,4.117211326956748962e-03,-8.140849880874156952e-03,9.083263576030731201e-03,-1.162978541105985641e-02,2.841945365071296692e-02,3.355259820818901062e-02,8.116621174849569798e-04,-1.151616126298904419e-02,-3.820451349020004272e-02,-2.890737028792500496e-03,3.146725893020629883e-02,4.357827827334403992e-03,2.374080382287502289e-02,-1.390227209776639938e-02,-1.555985119193792343e-02,3.216237202286720276e-02,-2.300558798015117645e-02,3.740245848894119263e-02,3.820451349020004272e-02,-1.914235949516296387e-02,1.873130677267909050e-03,-3.930065408349037170e-02,3.472894430160522461e-02,-1.953001879155635834e-02,-4.023638367652893066e-02,1.007914729416370392e-02,-6.824144162237644196e-03,-1.932950504124164581e-02,2.539838291704654694e-02,3.288422152400016785e-02,5.091164348414167762e-05,2.439581556245684624e-03,-6.035457830876111984e-03,5.707952193915843964e-03,-3.590529039502143860e-02,-4.087134264409542084e-03,-8.628766052424907684e-03,1.365497242659330368e-02,-1.654905080795288086e-02,1.258556637912988663e-02,-8.341363631188869476e-03,2.732331305742263794e-02,4.411297850310802460e-03,-3.055826388299465179e-02,-1.367502380162477493e-02,-4.865795373916625977e-02,1.948991604149341583e-02,-1.099482644349336624e-03,-3.937167057301849127e-04,4.913918673992156982e-02,-2.577267400920391083e-02,5.223377607762813568e-03,-1.001230999827384949e-02,-1.062721828930079937e-03,-6.790725514292716980e-03,-6.977871526032686234e-03,-4.392583295702934265e-02,-1.471769437193870544e-02,2.062615938484668732e-02,-6.211742293089628220e-04,4.031658917665481567e-02,5.544199608266353607e-03,2.232384122908115387e-02,9.143417701125144958e-03,-9.081592434085905552e-04,7.853447459638118744e-03,4.534948151558637619e-03,-2.372743561863899231e-02,-3.638652339577674866e-02,2.327293902635574341e-02,2.148168347775936127e-02,9.265396511182188988e-04,1.183698326349258423e-02,-2.414183132350444794e-02,2.661483176052570343e-02,2.387448027729988098e-02,1.183865359053015709e-03,-5.494071170687675476e-03,-3.452174831181764603e-03,-2.313926257193088531e-02,2.055932208895683289e-02,-1.158299949020147324e-02,2.023515757173299789e-03,1.046680659055709839e-02,-8.521826006472110748e-03,-1.800611615180969238e-02,1.184366643428802490e-02,-7.799976971000432968e-03,-1.299327798187732697e-02,1.418299134820699692e-02,2.134800888597965240e-02,-2.689555101096630096e-02,5.678543448448181152e-02,-5.540857557207345963e-03,-1.737784035503864288e-02,-2.613359875977039337e-02,-3.365285694599151611e-03,2.799169160425662994e-02,-1.727090030908584595e-02,1.554648391902446747e-02,1.018608827143907547e-02,6.687126588076353073e-03,-2.521123550832271576e-02,-1.533260196447372437e-02,-8.962955325841903687e-03,1.936960779130458832e-02,-1.991767808794975281e-02,-5.387130659073591232e-03,-1.812642440199851990e-02,3.575824899598956108e-03,-3.055826388299465179e-02,-1.006578002125024796e-02,-3.716184198856353760e-02,-5.012838635593652725e-03,1.879480294883251190e-02,1.027966104447841644e-02,-2.561226300895214081e-02,9.604598395526409149e-03,-1.331409905105829239e-02,-2.694902010262012482e-02,-2.152178622782230377e-02,2.839271724224090576e-02,6.834169849753379822e-03,-9.417452849447727203e-03,1.652231626212596893e-02,2.073310129344463348e-02,-1.122875837609171867e-03,-3.146725893020629883e-02,-8.281209506094455719e-03,4.752171225845813751e-03,7.926968857645988464e-03,3.672739723697304726e-03,4.082455858588218689e-02,-3.072869963943958282e-03,4.170681815594434738e-03,6.386356428265571594e-03,9.437504224479198456e-03,-2.954232878983020782e-02,-2.422203682363033295e-02,1.213106978684663773e-02,4.996129311621189117e-03,2.148168347775936127e-02,5.769986091763712466e-05,1.283955108374357224e-02,-4.397930577397346497e-03,2.606676146388053894e-02,-2.212332747876644135e-02,-2.574928104877471924e-03,-1.892847940325737000e-02,-2.809863165020942688e-02,-1.998451724648475647e-02,1.288633700460195541e-02,-2.309915982186794281e-02,2.219016477465629578e-02,-1.350959995761513710e-03,-3.448833012953400612e-03,4.184049088507890701e-03,-8.254474028944969177e-03,-1.179688051342964172e-02,3.303460543975234032e-03,-1.562668941915035248e-02,2.105392143130302429e-02,1.094803959131240845e-02,-2.358039282262325287e-02,-1.383543480187654495e-02,1.616139151155948639e-02,-2.043901383876800537e-02,-3.498961450532078743e-03,4.384562838822603226e-03,2.122770063579082489e-02,-2.271150052547454834e-02,-1.521229464560747147e-02,-1.241847220808267593e-02,2.355365827679634094e-02,1.382206659764051437e-02,8.782492950558662415e-03,-1.812976668588817120e-03,1.032644789665937424e-02,-1.442360784858465195e-02,-3.916697949171066284e-02,1.368839107453823090e-02,1.814647577702999115e-03,-5.367079284042119980e-03,-9.136733599007129669e-03,-3.188165370374917984e-03,-1.681640185415744781e-02,-8.214371278882026672e-03,7.820027880370616913e-03,4.808983299881219864e-03,3.668061271309852600e-02,-3.170787543058395386e-02,-4.788931924849748611e-03,1.285291835665702820e-02,5.592991039156913757e-02,-2.862330758944153786e-03,-7.258590310811996460e-03,9.791744872927665710e-03,3.259013593196868896e-02,-2.340661361813545227e-02,3.569141030311584473e-02,-1.404931582510471344e-02,-9.283777326345443726e-03,-2.911456674337387085e-02,6.636998150497674942e-03,1.120870746672153473e-02,-1.451718062162399292e-02,2.412846311926841736e-02,1.609330065548419952e-04,-2.796495519578456879e-02,1.268582325428724289e-02,2.340995706617832184e-03,2.293874882161617279e-02,4.795615677721798420e-04,-1.789583358913660049e-03,1.116860471665859222e-02,1.338762138038873672e-02,1.871459744870662689e-02,-7.853447459638118744e-03,-3.946106508374214172e-02,1.009251456707715988e-03,-4.508212674409151077e-03,1.129559613764286041e-02,3.464873880147933960e-02,-2.988988533616065979e-02,4.434691276401281357e-03,2.825570059940218925e-03,2.017166279256343842e-02,1.261230185627937317e-02,-1.344109140336513519e-02,-1.850071549415588379e-02,-1.736447215080261230e-02,1.328736450523138046e-02,-3.635979024693369865e-03,-3.749603172764182091e-03,-1.394237484782934189e-02,-1.610792055726051331e-02,-3.722868161275982857e-03,2.344671636819839478e-02,1.144932303577661514e-02,-1.280613150447607040e-02,-2.285854332149028778e-02,1.164983678609132767e-02,1.221795845776796341e-02,1.314700488001108170e-02,-8.254474028944969177e-03,1.871459744870662689e-02,-5.804867018014192581e-03,-8.241106756031513214e-03,-1.740457490086555481e-02,-1.977063529193401337e-02,-1.974390074610710144e-02,2.249762043356895447e-02,1.245189085602760315e-02,-1.779223605990409851e-02,-1.396911032497882843e-02,-3.519012592732906342e-03,-3.555773571133613586e-02,-1.221795845776796341e-02,1.969042979180812836e-02,2.351355552673339844e-02,-1.076089334674179554e-03,1.027297694236040115e-02,1.340098865330219269e-02,2.951559424400329590e-02,7.078127935528755188e-03,7.298693060874938965e-03,-3.438138961791992188e-02,-1.616139151155948639e-02,1.823336444795131683e-02,-2.852639369666576385e-02,-2.055932208895683289e-02,9.985574521124362946e-03,-2.271150052547454834e-02,-3.197522833943367004e-02,3.964821249246597290e-02,-6.904349662363529205e-03,8.227739483118057251e-03,2.351355552673339844e-02,1.546627841889858246e-02,-2.148168347775936127e-02,-1.904878579080104828e-02,-1.561332121491432190e-02,6.506664678454399109e-03,-1.564841135405004025e-03,4.377879202365875244e-03,-2.852639369666576385e-02,-1.780560240149497986e-02,-1.370175927877426147e-02,1.751151680946350098e-02,-1.753825135529041290e-02,-8.936219848692417145e-03,8.348046801984310150e-03,-4.080450627952814102e-03,-1.654236693866550922e-03,-4.528264049440622330e-03,-8.114114403724670410e-03,5.002812948077917099e-03,-9.724906645715236664e-03,1.543954294174909592e-02,9.831847622990608215e-03,-1.475779712200164795e-02,-2.566573396325111389e-02,-2.725313184782862663e-03,-8.916169404983520508e-03,-3.542406018823385239e-03,3.713510930538177490e-02,-1.868786290287971497e-02,2.340661361813545227e-02,7.465787697583436966e-03,-2.599992323666810989e-03,-1.735110580921173096e-02,-6.523374002426862717e-03,1.047349069267511368e-02,-2.443591691553592682e-02,9.223623201251029968e-04,-2.788474969565868378e-02,-1.057374756783246994e-02,-1.779223605990409851e-02,3.432792052626609802e-02,3.906003758311271667e-02,-3.903330489993095398e-02,-1.203081221319735050e-03,8.214371278882026672e-03,1.493157539516687393e-02,-2.847292274236679077e-02,-1.435676962137222290e-02,8.595347404479980469e-03,-2.753719314932823181e-02,-5.136488471180200577e-03,9.470922872424125671e-03,-1.156294718384742737e-03,-3.935412317514419556e-02,-2.464645542204380035e-03,6.259364541620016098e-03,2.118759788572788239e-03,-1.086114998906850815e-02,1.799809634685516357e-01,-2.059942483901977539e-02,4.712068475782871246e-03,5.066308751702308655e-02,3.571814671158790588e-02,-1.681640185415744781e-02,1.350124552845954895e-02,1.608118601143360138e-02,-3.340221475809812546e-03,-7.960387505590915680e-03,-3.069194033741950989e-02,-7.906917482614517212e-03,-5.312272161245346069e-02,4.802299197763204575e-03,2.825570059940218925e-03,-2.235057577490806580e-02,-1.977063529193401337e-02,-2.916803769767284393e-02,-2.348681911826133728e-02,-9.631333872675895691e-03,2.213669568300247192e-02,-5.002812948077917099e-03,-9.350614622235298157e-03,-1.673619635403156281e-02,3.550426661968231201e-02,-1.391898142173886299e-03,-1.048017479479312897e-02,6.102295592427253723e-03,2.043901383876800537e-02,1.158299949020147324e-02,-4.050373565405607224e-03,6.917717400938272476e-03,-2.224029507488012314e-03,-7.024657912552356720e-03,-1.205754745751619339e-02,1.092798821628093719e-02,3.849859908223152161e-02,-2.916803769767284393e-02,1.132233161479234695e-02,3.278396558016538620e-03,-3.273383714258670807e-03,3.571814671158790588e-02,6.988732493482530117e-04,-1.674956455826759338e-02,3.635979024693369865e-03,2.391458116471767426e-02,-1.173004228621721268e-02,-2.673514001071453094e-02,-1.578208641149103642e-03,1.348787732422351837e-02,-6.758642941713333130e-02,-9.003058075904846191e-03,3.480914980173110962e-02,1.104829646646976471e-02,-9.493063407717272639e-05,1.575702219270169735e-03,-8.341363631188869476e-03,2.419530041515827179e-02,-2.126780338585376740e-02,-1.003236137330532074e-02,-1.534597016870975494e-02,1.060048304498195648e-02,-3.313486231490969658e-03,1.550638116896152496e-02,-1.081436406821012497e-02,2.104055508971214294e-02,-2.088014408946037292e-02,9.404085576534271240e-03,1.166320405900478363e-02,-1.226474530994892120e-02,-1.201744470745325089e-02,-2.692228555679321289e-02,2.341998182237148285e-02,2.134800888597965240e-02,-4.327750764787197113e-03,1.109508238732814789e-02,-8.909485302865505219e-03,9.265396511182188988e-04,1.376859657466411591e-02,1.720406301319599152e-02,1.581383496522903442e-02,2.478013280779123306e-03,1.565342396497726440e-02,-4.962710081599652767e-04,-4.956026561558246613e-03,-1.347451005131006241e-02,3.793716430664062500e-02,-1.985084032639861107e-03,-2.630737610161304474e-02,1.517219189554452896e-02,2.498398721218109131e-02,-6.830828264355659485e-03,-7.485839072614908218e-03,-8.856015279889106750e-03,-2.685544826090335846e-02,8.013857528567314148e-03,-1.443697512149810791e-02,1.852745190262794495e-02,-1.054367050528526306e-03,-4.016954451799392700e-03,-1.021950691938400269e-02,-2.138811163604259491e-02,3.799731610342860222e-03,1.340098865330219269e-02,-2.868680469691753387e-02,-1.720406301319599152e-02,2.017166279256343842e-02,4.745487123727798462e-02,1.669609360396862030e-02,-1.492990413680672646e-03,2.490378171205520630e-02,-1.788580790162086487e-02,3.884949837811291218e-04,-7.993807084858417511e-03,2.209659293293952942e-02,-1.834030635654926300e-02,1.293980702757835388e-02,-2.775107510387897491e-02,4.480809345841407776e-02,1.064726896584033966e-02,-4.628520924597978592e-03,-3.679423592984676361e-03,-7.345479447394609451e-03,4.133252426981925964e-02,-4.087134264409542084e-03,-1.685650460422039032e-02,-1.431666687130928040e-02,4.227493889629840851e-03,-1.673619635403156281e-02,-1.021950691938400269e-02,1.514545641839504242e-02,-1.034649927169084549e-02,1.581550575792789459e-03,-9.785060770809650421e-03,1.682977005839347839e-02,1.748478040099143982e-02,2.972613321617245674e-03,-4.692017100751399994e-03,-1.797938160598278046e-02,-2.621380425989627838e-02,2.352692186832427979e-03,-1.531923469156026840e-02,1.709712110459804535e-02,-4.100502002984285355e-03,5.804867018014192581e-03,-7.860130630433559418e-03,9.912053123116493225e-03,-1.904878579080104828e-02,-2.626727335155010223e-03,-9.490974247455596924e-03,1.253878045827150345e-02,-9.216939099133014679e-03,-9.317195974290370941e-03,-1.638863980770111084e-02,4.919265583157539368e-02,1.320715900510549545e-02,-1.357476692646741867e-02,-3.708163648843765259e-02,-1.212438568472862244e-02,1.302669662982225418e-02,-5.753402039408683777e-02,-3.296776907518506050e-03,4.180707503110170364e-03,-1.176346093416213989e-02,1.286628562957048416e-02,-1.256551500409841537e-02,-1.684313714504241943e-01,6.252680905163288116e-03,7.405633572489023209e-03,-2.165546268224716187e-02,2.614696696400642395e-02,-2.339324727654457092e-02,2.539838198572397232e-03,2.362049557268619537e-02,9.998941794037818909e-03,-1.858092099428176880e-02,2.062615938484668732e-02,6.269390229135751724e-03,-9.684803895652294159e-03,-9.257041849195957184e-03,-1.966369524598121643e-02,-8.735707029700279236e-03,-4.467441886663436890e-02,1.771203009411692619e-03,3.435465320944786072e-02,2.261792868375778198e-02,3.953458741307258606e-03,-4.765538498759269714e-03,-5.510780494660139084e-03,-2.067963033914566040e-02,1.570689491927623749e-02,3.402046393603086472e-03,1.104829646646976471e-02,7.405633572489023209e-03,-3.344566002488136292e-02,-1.717732660472393036e-02,-1.727090030908584595e-02,7.693036459386348724e-03,5.077002942562103271e-02,-3.267034143209457397e-02,1.022619102150201797e-02,4.280964378267526627e-03,-3.076212015002965927e-03,2.297550963703542948e-04,5.273506045341491699e-03,2.098708413541316986e-02,2.722973935306072235e-02,1.085446681827306747e-02,-1.690997555851936340e-02,-3.343981225043535233e-04,5.443942733108997345e-03,3.587855771183967590e-02,1.559995394200086594e-02,1.976729370653629303e-03,1.355471555143594742e-02,-8.575296029448509216e-03,1.572026126086711884e-02,-2.128117159008979797e-02,9.591231122612953186e-03,6.964503787457942963e-03,-2.404825761914253235e-02,6.586869712918996811e-03,-1.854081824421882629e-02,1.682642847299575806e-03,-2.138811163604259491e-02,-2.127114450559020042e-03,-2.146831713616847992e-02,-1.107503101229667664e-02,3.229604661464691162e-02,-3.005029633641242981e-02,-2.091815840685740113e-04,-1.898194849491119385e-02,8.492583874613046646e-04,-3.214900381863117218e-03,4.558341111987829208e-03,1.875470019876956940e-02,-1.396911032497882843e-02,1.197065878659486771e-02,8.902801200747489929e-03,-1.337425317615270615e-02,2.804516069591045380e-02,-1.265741768293082714e-03,-1.676293276250362396e-02,2.374080382287502289e-02,2.539838291704654694e-02,-2.605339325964450836e-02,-1.510535366833209991e-02,2.277833782136440277e-02,-2.451612241566181183e-02,1.105497963726520538e-02,1.719069480895996094e-02,1.135575026273727417e-02,2.213669568300247192e-02,-9.323880076408386230e-03,1.402258034795522690e-02,-1.065395306795835495e-02,-1.156963128596544266e-02,-8.635450154542922974e-03,1.700354926288127899e-02,-3.948780149221420288e-02,2.522460371255874634e-02,2.646778710186481476e-02,-2.982639009132981300e-03,-1.112850196659564972e-02,2.685210434719920158e-03,3.656030399724841118e-03,2.394465962424874306e-03,-7.532625459134578705e-03,-2.256445772945880890e-02,1.062053442001342773e-02,5.109753459692001343e-03,-9.900355944409966469e-04,2.158862538635730743e-03,1.087451819330453873e-02,2.194955013692378998e-02,-2.193618193268775940e-02,1.281949970871210098e-02,1.899531669914722443e-02,1.550638116896152496e-02,3.510323911905288696e-02,1.210433430969715118e-02,1.832693815231323242e-02,-1.876806840300559998e-02,-8.668868802487850189e-03,2.645442076027393341e-02,-1.050690934062004089e-02,3.609243780374526978e-02,-4.648572299629449844e-03,-7.335453992709517479e-04,-1.382206659764051437e-02,8.425746345892548561e-04,1.360818557441234589e-02,-1.296119540929794312e-01,-1.636190526187419891e-02,2.176240272819995880e-02,2.820557169616222382e-02,4.282969236373901367e-02,-3.096263390034437180e-03,1.510535366833209991e-02,-2.083461004076525569e-04,-8.782492950558662415e-03,8.688920177519321442e-03,-1.102156098932027817e-02,-1.366833969950675964e-02,1.332078315317630768e-02,-5.313609144650399685e-04,-5.597669631242752075e-03,-1.027297694236040115e-02,5.036232061684131622e-03,-1.073415856808423996e-02,-7.786609232425689697e-03,2.519786823540925980e-03,-2.339324727654457092e-02,1.821999810636043549e-02,-1.887500844895839691e-02,-5.514122545719146729e-03,3.432123456150293350e-03,-2.735338872298598289e-03,-1.375522930175065994e-02,4.635204561054706573e-03,2.495725266635417938e-02,3.851531073451042175e-04,-5.021193064749240875e-04,-1.151616126298904419e-02,1.305343210697174072e-02,-2.217679843306541443e-02,-5.260138772428035736e-03,-2.275160327553749084e-02,-1.349456142634153366e-02,1.384378876537084579e-03,-1.616139151155948639e-02,-1.902205124497413635e-02,1.622488722205162048e-03,-1.784570515155792236e-02,-1.831357018090784550e-03,-5.310267210006713867e-03,6.623630877584218979e-03,-2.464979887008666992e-02,-2.198965288698673248e-02,-2.469658385962247849e-03,1.498504541814327240e-02,-9.203571826219558716e-03,-2.053258754312992096e-02,-3.031764738261699677e-02,-3.018397279083728790e-02,-3.510323911905288696e-02,1.559995394200086594e-02,-2.571920305490493774e-02,-1.976729370653629303e-03,-1.859428919851779938e-02,-3.721531480550765991e-02,2.334311837330460548e-03,-2.704259380698204041e-02,-1.029302831739187241e-03,-9.464239701628684998e-03,1.470432616770267487e-02,1.138248573988676071e-02,-2.041227929294109344e-02,-1.447707787156105042e-02,-3.208216652274131775e-02,1.439687237143516541e-02,-1.449044514447450638e-02,8.221055381000041962e-03,2.116086333990097046e-02,-3.308473387733101845e-03,2.511766366660594940e-02,-2.922150678932666779e-02,-1.735110580921173096e-02,-8.722339407540857792e-04,-2.525133825838565826e-02,1.467759162187576294e-02,-3.146725893020629883e-02,-2.577267400920391083e-02,-1.527913194149732590e-02,1.147605851292610168e-02,-1.276602852158248425e-03,2.666830085217952728e-02,-1.189713738858699799e-02,1.979736983776092529e-02,5.731345620006322861e-03,9.871950373053550720e-03,-1.390227209776639938e-02,1.776549965143203735e-02,1.872796565294265747e-02,3.176134452223777771e-02,1.034649927169084549e-02,-1.789917610585689545e-02,2.264466322958469391e-02,-1.732436940073966980e-02,1.038660202175378799e-02,1.060716621577739716e-02,-1.606781780719757080e-02,-2.463643066585063934e-02,1.067400444298982620e-02,-4.141272976994514465e-02,1.668272726237773895e-02,-4.237519577145576477e-03,-2.002461999654769897e-02,3.125337883830070496e-02,-8.682236075401306152e-03,-6.075560580939054489e-03,-5.539186531677842140e-04,6.703836377710103989e-03,-3.662714036181569099e-03,-3.104618052020668983e-03,3.853201866149902344e-03,2.046574838459491730e-02,1.427656412124633789e-02,-1.598761416971683502e-02,-1.013261731714010239e-02,2.664156630635261536e-02,5.203326698392629623e-03,1.888837665319442749e-02,5.237413942813873291e-02,1.388890482485294342e-02,-2.842279383912682533e-03,9.457555599510669708e-03,1.735110580921173096e-02,-2.652125805616378784e-02,1.098145823925733566e-02,9.029793553054332733e-03,2.212332747876644135e-02,-9.765009395778179169e-03,-2.335314452648162842e-02,-1.494494266808032990e-02,-1.056038029491901398e-02,-8.976322598755359650e-03,3.352586552500724792e-02,1.545291021466255188e-02,1.655907719396054745e-03,5.453968420624732971e-03,3.392689302563667297e-02,3.884615749120712280e-02,4.389910027384757996e-02,9.912053123116493225e-03,-3.125337883830070496e-02,1.286628562957048416e-02,-1.181024778634309769e-02,-1.449044514447450638e-02,-3.400375600904226303e-03,-2.820557169616222382e-02,1.144932303577661514e-02,2.874027378857135773e-02,-7.051392924040555954e-03,9.783389978110790253e-04,2.122770063579082489e-02,-3.759628860279917717e-03,-3.652688348665833473e-03,-2.279170602560043335e-02,-4.125231876969337463e-02,3.165440633893013000e-02,1.383543480187654495e-02,2.071973285637795925e-04,-1.944981329143047333e-02,1.904878579080104828e-02,-1.573195797391235828e-03,1.145600713789463043e-02,7.432368583977222443e-03,1.396911032497882843e-02,-6.603579502552747726e-03,9.006399777717888355e-04,1.271590008400380611e-03,8.348046801984310150e-03,4.885846748948097229e-03,-5.711294244974851608e-03,2.759066410362720490e-02,9.785060770809650421e-03,6.690468639135360718e-03,-3.366956487298011780e-03,8.461671881377696991e-03,-1.106834784150123596e-02,-1.828683540225028992e-02,-9.176836349070072174e-03,1.780560240149497986e-02,2.519786916673183441e-02,4.077108576893806458e-03,-1.612128876149654388e-02,-1.252541318535804749e-02,-5.123121198266744614e-03,2.295211702585220337e-02,2.740351855754852295e-02,7.773241959512233734e-03,1.041834941133856773e-03,6.299467291682958603e-03,6.877614650875329971e-03,1.372849382460117340e-02,2.809863165020942688e-02,4.287648014724254608e-03,-1.336088590323925018e-02,1.122207473963499069e-02,-2.864001784473657608e-03,-6.048825103789567947e-03,1.657578721642494202e-02,-3.001436998602002859e-04,3.054489614441990852e-03,-8.296247688122093678e-04,-6.449852138757705688e-03,-3.455516649410128593e-03,-3.467547520995140076e-02,6.790725514292716980e-03,-3.673408180475234985e-02,-3.428781637921929359e-03,-8.281209506094455719e-03,-4.478135611861944199e-03,-6.429800763726234436e-03,-8.107431232929229736e-03,2.962253428995609283e-02,-4.915923811495304108e-03,-1.598761416971683502e-02,1.011757878586649895e-03,1.384880207479000092e-02,3.816023527178913355e-04,1.062053442001342773e-02,3.930065408349037170e-02,1.406268309801816940e-02,2.108065783977508545e-02,-2.187268575653433800e-03,-8.348046801984310150e-03,1.609455421566963196e-02,3.703234542626887560e-04,4.411297850310802460e-03,-2.471663616597652435e-02,5.631088744848966599e-03,1.172335818409919739e-02,2.527807466685771942e-02,-2.576599130406975746e-03,-1.150947716087102890e-02,-1.249199360609054565e-02,5.032890010625123978e-03,1.980071188881993294e-03,-1.879480294883251190e-02,2.403488941490650177e-02,-9.624649770557880402e-03,4.927286133170127869e-02,1.910225674510002136e-02,-1.364160515367984772e-02,-1.521229464560747147e-02,7.953704334795475006e-03,1.418299134820699692e-02,-3.495619399473071098e-03,-4.829034442082047462e-04,-1.612128876149654388e-02,-1.008583139628171921e-02,-7.926968857645988464e-03,5.604353733360767365e-03,4.012944549322128296e-02,-2.427550591528415680e-02,-5.344354361295700073e-02,1.537270471453666687e-02,-8.361415006220340729e-03,-1.086114998906850815e-02,-1.658915355801582336e-02,-5.002812948077917099e-03,1.977063529193401337e-02,-1.477116439491510391e-02,3.870329237543046474e-04,5.156539846211671829e-03,-2.684208005666732788e-02,-1.068737171590328217e-02,-2.690891735255718231e-02,-2.870685653761029243e-03,8.521826006472110748e-03,-5.523479729890823364e-02,-6.951136048883199692e-03,2.289864607155323029e-02,-4.063741117715835571e-02,-2.054595388472080231e-02,3.398036211729049683e-02,-3.776338417083024979e-03,-6.044647889211773872e-04,-6.048825103789567947e-03,1.812642440199851990e-02,1.653568446636199951e-02,-1.788580790162086487e-02,2.403488941490650177e-02,-2.350018732249736786e-02,1.019945554435253143e-02,2.097371593117713928e-02,1.084026371245272458e-04,-1.309186336584389210e-03,9.611282497644424438e-03,6.065534544177353382e-04
-5.555755458772182465e-03,-2.036329731345176697e-02,-1.667061075568199158e-02,-1.857047155499458313e-02,-1.755364425480365753e-02,3.336798027157783508e-02,1.642978377640247345e-02,-9.004270657896995544e-03,-2.121957391500473022e-02,-1.246281992644071579e-02,-2.820356935262680054e-02,1.014151144772768021e-02,-9.338753297924995422e-03,-8.515926077961921692e-03,5.699582863599061966e-03,-9.138063527643680573e-03,2.044357359409332275e-02,3.953584004193544388e-03,-9.780270047485828400e-03,-1.787474751472473145e-02,2.508619218133389950e-04,-9.646477177739143372e-03,2.964853495359420776e-02,-1.172026898711919785e-02,-2.205912489444017410e-03,-1.370040606707334518e-02,9.900683537125587463e-03,-2.009571157395839691e-02,-1.340606063604354858e-02,-1.464406523155048490e-04,-1.181392371654510498e-02,6.107651628553867340e-03,-1.196778565645217896e-02,-7.512478157877922058e-03,-1.638964563608169556e-02,-2.788246609270572662e-02,-9.579580277204513550e-03,6.595996208488941193e-03,3.890701010823249817e-02,-7.746615912765264511e-03,1.826274790801107883e-03,-5.880203563719987869e-03,-3.585653146728873253e-03,8.771804859861731529e-04,-3.960273414850234985e-02,-2.690912224352359772e-03,-3.042453341186046600e-02,-2.219626307487487793e-02,-3.625790774822235107e-02,8.194822818040847778e-03,1.284413039684295654e-02,8.596201427280902863e-03,-2.860494889318943024e-02,-2.297226153314113617e-02,-3.505377331748604774e-03,-4.836617968976497650e-03,4.674393858294934034e-04,5.264755338430404663e-03,2.123295329511165619e-02,-1.097102835774421692e-02,1.491792220622301102e-02,1.297123357653617859e-02,-5.268100067041814327e-04,1.902536861598491669e-02,-1.735964440740644932e-03,8.362064138054847717e-03,-3.368908166885375977e-02,9.432408027350902557e-03,6.127720698714256287e-03,-1.178047619760036469e-02,1.466371584683656693e-02,2.857819013297557831e-02,2.749446546658873558e-03,1.396799180656671524e-02,8.375443518161773682e-03,-2.306591719388961792e-02,-4.428549204021692276e-03,-2.545203278714325279e-05,-1.297123357653617859e-02,8.440458623226732016e-05,-1.985488459467887878e-02,-1.387433614581823349e-02,-1.903205760754644871e-03,3.187618684023618698e-03,-7.726547308266162872e-03,2.146040089428424835e-02,-1.139247603714466095e-02,2.871198207139968872e-02,-1.279061287641525269e-02,-4.982452094554901123e-02,4.102094098925590515e-02,9.827097877860069275e-03,1.390109490603208542e-02,1.732619665563106537e-02,-3.438480570912361145e-02,-2.346729673445224762e-02,-1.804867945611476898e-02,3.645859891548752785e-03,1.109144184738397598e-02,-8.234960958361625671e-03,7.198064588010311127e-03,-1.467709429562091827e-02,2.289115072926506400e-04,1.301973359659314156e-03,-3.194977343082427979e-02,-3.074563667178153992e-02,-7.057582028210163116e-03,-9.151442907750606537e-03,3.866618499159812927e-02,-2.142026275396347046e-02,3.303015371784567833e-03,2.576853707432746887e-02,2.881567226722836494e-03,-1.624247245490550995e-02,2.689239755272865295e-02,-1.953378133475780487e-02,-1.663047261536121368e-02,-1.840992085635662079e-02,-3.449184074997901917e-02,2.012121694860979915e-04,-2.353419363498687744e-02,-6.201306823641061783e-03,2.010909095406532288e-02,-1.298461295664310455e-02,1.199454441666603088e-02,2.231667563319206238e-02,-6.000617053359746933e-03,-1.175371743738651276e-02,-9.893993847072124481e-03,-3.558894386515021324e-03,5.833375826478004456e-02,2.071115933358669281e-02,1.713888719677925110e-02,4.645962733775377274e-03,2.981912111863493919e-03,2.999639511108398438e-02,-2.707970887422561646e-02,-9.452477097511291504e-03,-8.228271268308162689e-03,-9.117994457483291626e-03,3.488653106614947319e-03,1.843667961657047272e-02,-1.163999270647764206e-02,-1.050275191664695740e-02,1.577419787645339966e-02,9.472546167671680450e-03,3.256522119045257568e-02,-3.055498236790299416e-03,5.619307048618793488e-03,-1.340606063604354858e-02,1.216178573668003082e-02,-3.696032334119081497e-03,2.370812371373176575e-02,9.412338957190513611e-03,1.976122893393039703e-02,4.557324864435940981e-04,-3.373256651684641838e-03,3.318066895008087158e-02,-6.124375853687524796e-03,-1.699171401560306549e-02,2.388205379247665405e-03,-1.467709429562091827e-02,1.318530272692441940e-02,1.674921368248760700e-03,1.445800880901515484e-03,2.523336373269557953e-02,-1.178716495633125305e-02,-5.472134798765182495e-03,-8.535995148122310638e-03,-1.499318052083253860e-03,1.752688549458980560e-02,2.121957391500473022e-02,-2.493567531928420067e-03,2.670508809387683868e-02,-6.943857762962579727e-03,1.642978377640247345e-02,4.858359170611947775e-04,5.953789688646793365e-03,-1.117840688675642014e-02,2.642412204295396805e-03,-2.879225835204124451e-02,5.739720538258552551e-03,1.992178149521350861e-02,-4.908531554974615574e-04,5.594220710918307304e-04,1.202130317687988281e-02,1.086399331688880920e-02,-3.799721831455826759e-03,-8.688184316270053387e-04,4.164307843893766403e-03,9.733442217111587524e-03,3.799721831455826759e-03,1.246281992644071579e-02,-1.957391947507858276e-02,-6.225121617317199707e-01,-5.595893133431673050e-03,-3.572273766621947289e-03,-2.112591825425624847e-02,2.863170765340328217e-02,8.375443518161773682e-03,4.112797603011131287e-02,-9.909046348184347153e-04,-3.542839363217353821e-02,2.216950431466102600e-02,-1.264344062656164169e-02,1.905212737619876862e-02,-1.911902241408824921e-02,-3.136108443140983582e-02,1.179385464638471603e-02,-9.358822368085384369e-03,3.545515239238739014e-03,-2.129985019564628601e-02,-1.043585594743490219e-02,-8.689857088029384613e-03,-7.960684597492218018e-03,4.187721759080886841e-03,1.750012673437595367e-02,-2.742757089436054230e-03,4.164307843893766403e-03,1.949364319443702698e-02,2.364122681319713593e-02,-2.198219299316406250e-02,-9.325373917818069458e-03,-4.819893743842840195e-03,-5.068079754710197449e-02,2.626357041299343109e-02,-1.747336983680725098e-02,-4.145493148826062679e-04,4.321514815092086792e-02,-1.360675040632486343e-02,-2.766839787364006042e-02,1.770081743597984314e-02,2.825708687305450439e-02,4.047239199280738831e-03,-4.187303420621901751e-04,-2.742757089436054230e-03,5.799927748739719391e-03,-1.443626731634140015e-02,8.415581658482551575e-03,2.849791385233402252e-02,1.336592342704534531e-02,-9.753511287271976471e-03,1.261835452169179916e-03,7.659650407731533051e-03,3.906756173819303513e-03,1.616219803690910339e-02,1.882467791438102722e-02,7.519167847931385040e-03,2.202233113348484039e-02,-1.364019885659217834e-02,3.997735679149627686e-02,-4.139555990695953369e-02,-2.267791656777262688e-03,1.088406238704919815e-02,1.379406079649925232e-02,1.359337102621793747e-02,-2.599598467350006104e-02,-1.289095822721719742e-02,-1.012144237756729126e-02,7.024133577942848206e-03,-1.006792485713958740e-02,-1.175371743738651276e-02,1.988164335489273071e-02,2.397570945322513580e-02,7.091030478477478027e-03,-1.565378392115235329e-03,1.800854131579399109e-02,1.031878753565251827e-03,1.601502485573291779e-02,1.438274979591369629e-02,7.318478543311357498e-03,-2.764163911342620850e-02,-6.890340708196163177e-03,-1.450316421687602997e-02,-1.745999045670032501e-02,-2.550094947218894958e-02,-9.131373837590217590e-03,-7.137857843190431595e-03,2.956825867295265198e-02,-1.011475268751382828e-02,-3.853239119052886963e-02,-1.578757725656032562e-02,-3.401269495952874422e-04,1.455668080598115921e-02,1.313847489655017853e-02,3.323418647050857544e-02,-3.236118704080581665e-03,-9.123011841438710690e-04,7.860340410843491554e-04,1.596317975781857967e-03,6.131065543740987778e-03,-4.448618274182081223e-03,2.135336585342884064e-02,2.348067611455917358e-02,2.005557343363761902e-02,-2.580867521464824677e-02,2.548757195472717285e-02,5.117583088576793671e-03,3.826480591669678688e-03,4.381721373647451401e-03,-1.775433495640754700e-02,1.851695403456687927e-02,1.676426641643047333e-02,-2.186178043484687805e-02,2.607291564345359802e-03,1.248957868665456772e-02,-1.087068300694227219e-02,-2.231667563319206238e-02,-1.610868051648139954e-02,-3.216384351253509521e-02,-3.083929186686873436e-03,3.264549747109413147e-02,2.154067717492580414e-02,-4.032521694898605347e-02,-1.022680429741740227e-03,1.541295647621154785e-02,-1.206813100725412369e-02,-7.873719558119773865e-03,4.696134943515062332e-03,-4.482066258788108826e-03,7.713167928159236908e-03,-2.673184685409069061e-02,-1.273709628731012344e-02,-6.016505067236721516e-04,9.793649427592754364e-03,-1.915916055440902710e-02,2.057736739516258240e-02,-7.572685368359088898e-03,2.508619241416454315e-02,-7.987443357706069946e-03,2.047033235430717468e-02,-1.182061340659856796e-02,2.919363789260387421e-02,-2.235681377351284027e-02,1.148947631008923054e-03,-6.458858028054237366e-03,-4.217824898660182953e-03,3.883342491462826729e-03,2.734729461371898651e-02,-1.712550781667232513e-02,3.020377596840262413e-03,-4.597128182649612427e-02,-4.819224774837493896e-02,-1.038233842700719833e-02,4.769721068441867828e-03,3.129084361717104912e-03,-2.006895281374454498e-02,-1.112990663386881351e-03,9.425718337297439575e-03,-2.873874083161354065e-02,-1.048937346786260605e-02,-2.732722554355859756e-03,-1.663214527070522308e-03,-4.444604367017745972e-02,2.892605215311050415e-02,-7.739926222711801529e-03,-1.257654465734958649e-02,-1.707199029624462128e-02,9.365512058138847351e-03,-7.659650407731533051e-03,-2.844439633190631866e-02,-1.411516452208161354e-03,-1.958395354449748993e-03,-2.497915737330913544e-02,-2.147377934306859970e-03,1.744661107659339905e-02,-2.457777783274650574e-02,7.987443357706069946e-03,8.679822203703224659e-04,1.301137171685695648e-02,-2.488550171256065369e-02,6.044100038707256317e-03,-6.846858188509941101e-03,1.486440468579530716e-02,1.117840688675642014e-02,1.050944160670042038e-02,-1.681778393685817719e-02,1.454330142587423325e-02,3.706066869199275970e-03,-1.018833834677934647e-02,-1.573405973613262177e-02,5.960479378700256348e-03,-2.184171229600906372e-03,6.298306398093700409e-03,5.579168908298015594e-03,6.692996248602867126e-03,-8.729995228350162506e-03,-8.288477547466754913e-03,2.377502061426639557e-02,3.045129217207431793e-02,2.378171076998114586e-03,8.268408477306365967e-03,1.766067929565906525e-02,2.806977555155754089e-02,1.692481711506843567e-02,-2.525343326851725578e-03,2.612977847456932068e-02,-1.622909307479858398e-02,3.732825443148612976e-02,-3.363556787371635437e-02,1.683116331696510315e-02,5.493875942192971706e-04,4.546286910772323608e-02,2.599598467350006104e-02,-3.178922086954116821e-02,-4.300107806921005249e-02,-2.179488353431224823e-02,-1.383419893682003021e-02,3.358205035328865051e-02,1.925281621515750885e-02,1.640302501618862152e-02,1.347964722663164139e-02,-6.047444883733987808e-03,-2.190860686823725700e-03,-9.914062917232513428e-03,1.120516564697027206e-02,2.707636216655373573e-03,-2.042434061877429485e-04,-2.203571051359176636e-02,-7.846960797905921936e-03,2.618329413235187531e-02,4.088714718818664551e-02,-1.700843800790607929e-03,1.345288846641778946e-02,-2.408274449408054352e-02,5.293186404742300510e-04,1.712550781667232513e-02,3.588328883051872253e-02,8.649718947708606720e-03,-1.696495525538921356e-02,3.095970489084720612e-02,-2.238357253372669220e-02,2.600936405360698700e-02,-2.261102013289928436e-02,2.558122575283050537e-02,2.247722819447517395e-02,9.653166867792606354e-03,4.261307884007692337e-03,1.033551152795553207e-02,1.186744123697280884e-02,1.141923479735851288e-02,-5.381824448704719543e-03,-1.521226670593023300e-02,4.433900862932205200e-02,-3.066536039113998413e-02,2.365460619330406189e-02,-1.998867839574813843e-02,3.142463741824030876e-03,-5.355065688490867615e-03,-1.819585077464580536e-02,-2.774867229163646698e-02,1.977460831403732300e-02,3.778314962983131409e-02,3.671280667185783386e-02,-9.138063527643680573e-03,-7.900478318333625793e-03,3.302012011408805847e-02,9.873924776911735535e-03,1.205475162714719772e-02,1.645654253661632538e-02,-2.121957391500473022e-02,-3.842535614967346191e-02,-4.278700798749923706e-02,-1.087068300694227219e-02,-5.084135103970766068e-03,-2.285184897482395172e-02,-2.709308639168739319e-03,4.532238468527793884e-03,1.391447498463094234e-03,7.244892418384552002e-03,-2.690912224352359772e-03,-6.582616828382015228e-03,6.502341013401746750e-03,-5.609272513538599014e-03,2.151391841471195221e-02,-3.612411767244338989e-02,4.130859393626451492e-03,-8.622960187494754791e-03,-5.054031498730182648e-03,-2.112591825425624847e-02,-7.559305988252162933e-03,1.791488565504550934e-02,-9.405649267137050629e-03,-2.075464231893420219e-03,-5.167755763977766037e-03,1.680440455675125122e-02,1.182061340659856796e-02,1.543971523642539978e-02,-1.685792021453380585e-02,-1.507847383618354797e-02,1.406164653599262238e-02,-1.530592236667871475e-02,2.133998647332191467e-02,2.021612599492073059e-02,-1.183399278670549393e-02,-5.824177642352879047e-04,-1.637626625597476959e-02,1.080378657206892967e-03,4.690783470869064331e-02,1.440950855612754822e-02,1.545309461653232574e-02,-1.331240590661764145e-02,2.501929644495248795e-03,-1.673750765621662140e-02,-8.168064057826995850e-03,-1.145268324762582779e-02,-2.191529795527458191e-02,4.097411510883830488e-05,-4.495445638895034790e-03,5.569134838879108429e-03,-1.064992509782314301e-02,5.913651548326015472e-03,1.338599249720573425e-02,-1.035557966679334641e-02,-1.204806193709373474e-02,-4.270673170685768127e-02,-1.201461348682641983e-02,8.676477707922458649e-03,1.078371778130531311e-01,1.297792326658964157e-02,1.824936829507350922e-02,-4.435238894075155258e-03,-1.542633585631847382e-02,2.460453659296035767e-02,-2.625687979161739349e-03,-1.022847648710012436e-02,-2.061750553548336029e-02,-1.139749307185411453e-03,-9.853856638073921204e-03,-2.245046943426132202e-02,1.101116556674242020e-02,-4.053928423672914505e-03,5.816651508212089539e-03,3.208356723189353943e-02,-2.178150415420532227e-02,-2.357432991266250610e-02,2.453763969242572784e-02,9.037719108164310455e-03,-4.632583353668451309e-03,8.462408557534217834e-03,-1.684454083442687988e-02,1.077702827751636505e-02,-6.897030398249626160e-03,-1.259661279618740082e-02,-3.823135746642947197e-03,5.993927363306283951e-03,-6.281582638621330261e-03,-2.394895069301128387e-02,-7.679719477891921997e-03,2.061750553548336029e-02,6.505685858428478241e-03,4.729583393782377243e-03,-1.632274873554706573e-02,-7.191374897956848145e-03,5.291514098644256592e-03,2.540729567408561707e-02,1.894509233534336090e-02,4.963721148669719696e-03,1.988164335489273071e-02,1.887819543480873108e-02,7.338547147810459137e-03,-1.687129959464073181e-02,1.204137224704027176e-02,-2.665157057344913483e-02,-3.203004971146583557e-02,1.173824712168425322e-04,8.636339567601680756e-03,-3.160191327333450317e-02,3.989708051085472107e-02,-1.321875117719173431e-02,9.372201748192310333e-03,-1.092921709641814232e-03,4.983790218830108643e-03,-4.281376954168081284e-03,-9.318684227764606476e-03,1.814233325421810150e-02,3.823135746642947197e-03,-6.315030623227357864e-03,-1.395461242645978928e-02,-1.479750871658325195e-02,2.068440057337284088e-02,1.953378086909651756e-03,-4.091390594840049744e-02,-3.993721678853034973e-03,-2.218288369476795197e-02,9.753511287271976471e-03,-2.402922697365283966e-02,1.557016279548406601e-03,-2.988936193287372589e-02,4.288066644221544266e-03,-2.557119121775031090e-03,2.353921008761972189e-04,5.351721122860908508e-02,7.325168116949498653e-04,5.549065768718719482e-03,1.299464725889265537e-03,-3.339808434247970581e-03,1.498481910675764084e-02,-2.654453553259372711e-02,-5.104203708469867706e-03,1.914578117430210114e-02,-1.853033341467380524e-02,-5.316934734582901001e-02,1.610868051648139954e-02,-1.034805391100235283e-04,-5.381824448704719543e-03,-2.847115509212017059e-02,1.226213108748197556e-02,1.241599302738904953e-02,1.564040407538414001e-02,1.399475056678056717e-02,-1.993516087532043457e-02,-1.107806246727705002e-02,1.854371279478073120e-02,3.914783895015716553e-02,-3.684660047292709351e-02,-3.243142738938331604e-02,-4.201101139187812805e-03,-1.695157587528228760e-02,-8.977511897683143616e-03,-4.037204664200544357e-03,-1.420881878584623337e-02,2.047033235430717468e-02,2.922039665281772614e-02,-1.840992085635662079e-02,3.722790861502289772e-03,-3.532135859131813049e-02,1.853033434599637985e-03,3.486646339297294617e-02,-3.186949715018272400e-02,2.897956967353820801e-02,-2.295888215303421021e-02,-1.045592501759529114e-02,3.093294799327850342e-02,-1.444964669644832611e-02,2.373488247394561768e-02,4.297431930899620056e-02,-2.018936723470687866e-02,-1.588123105466365814e-02,-3.574949502944946289e-02,3.074563667178153992e-02,-1.889157481491565704e-02,-3.989708051085472107e-02,-1.444546505808830261e-04,1.048937346786260605e-02,-1.050275191664695740e-02,2.552770823240280151e-02,2.718674205243587494e-02,9.117994457483291626e-03,-3.976997453719377518e-03,-2.440384775400161743e-02,-4.080687183886766434e-03,-2.669170871376991272e-02,1.216847542673349380e-02,-9.686615318059921265e-03,1.497143972665071487e-02,-3.023722395300865173e-02,-4.903514403849840164e-03,-1.640636939555406570e-03,5.405238363891839981e-03,-4.562342073768377304e-03,-3.243142738938331604e-02,1.099778618663549423e-02,-5.303555354475975037e-02,6.529099773615598679e-03,-3.318066941574215889e-03,-1.986826397478580475e-02,4.688107594847679138e-02,-9.900683537125587463e-03,1.121185533702373505e-02,-1.438274979591369629e-02,1.618895679712295532e-02,-8.141305297613143921e-03,-9.592959657311439514e-03,-2.638398483395576477e-02,-1.495806034654378891e-02,1.298461295664310455e-02,6.331754848361015320e-03,3.363556787371635437e-02,-1.051613129675388336e-02,9.485925547778606415e-03,-1.299130264669656754e-02,7.077651098370552063e-03,-1.889826497063040733e-03,1.674921368248760700e-03,-1.602840423583984375e-02,-1.324550900608301163e-02,-5.686203367076814175e-04,2.634384669363498688e-02,8.671460091136395931e-04,1.692481711506843567e-02,-4.827252402901649475e-02,1.010806299746036530e-02,1.978798769414424896e-02,1.261668186634778976e-02,-4.836617968976497650e-03,-4.468686878681182861e-03,-3.015694767236709595e-02,-9.954201057553291321e-03,-1.923274685395881534e-04,-7.786754053086042404e-03,5.890238098800182343e-03,-1.633612811565399170e-02,-5.595893133431673050e-03,1.843667961657047272e-02,8.890546858310699463e-03,-8.903925307095050812e-03,8.944063447415828705e-03,1.103123463690280914e-02,-2.836412191390991211e-02,3.954921662807464600e-02,3.712756326422095299e-03,-3.655894426628947258e-03,-2.645088173449039459e-02,-1.759378239512443542e-03,1.477074995636940002e-02,-6.497323629446327686e-04,1.343281939625740051e-02,2.422991581261157990e-02,1.656357571482658386e-02,-8.067719638347625732e-03,8.168064057826995850e-03,-1.778109371662139893e-02,2.269129641354084015e-02,-8.529305458068847656e-03,-8.281787857413291931e-03,-9.539442136883735657e-03,1.188751030713319778e-02,-9.111304767429828644e-03,-1.585447345860302448e-03,-2.678536251187324524e-02,-2.983584441244602203e-02,3.272577375173568726e-02,3.662584116682410240e-03,1.443762630515266210e-05,1.529254298657178879e-02,-5.589203443378210068e-03,-6.047444883733987808e-03,-3.569597750902175903e-02,4.632583353668451309e-03,2.702619181945919991e-03,-5.676168948411941528e-03,8.449029177427291870e-03,2.690577693283557892e-02,-1.469047367572784424e-02,-3.631142526865005493e-02,-1.174033805727958679e-02,5.893582478165626526e-03,-2.806308679282665253e-03,8.127925917506217957e-03,3.371584042906761169e-02,1.418206025846302509e-03,3.292980836704373360e-03,-4.649307578802108765e-03,3.216049866750836372e-03,-3.438480570912361145e-02,-1.527916360646486282e-02,9.111304767429828644e-03,1.403990550898015499e-03,-4.308135248720645905e-03,-7.646271493285894394e-03,1.952040195465087891e-02,-5.368445068597793579e-03,1.293109543621540070e-02,-1.657695509493350983e-02,3.970307763665914536e-03,-2.847115509212017059e-02,-6.167858373373746872e-03,-2.780218981206417084e-02,2.385529689490795135e-02,-1.956054009497165680e-02,2.022950537502765656e-02,2.067102305591106415e-02,-6.606030510738492012e-04,-1.749343820847570896e-03,8.589511737227439880e-03,-5.498893093317747116e-03,2.408274449408054352e-02,1.162661332637071609e-02,4.332217946648597717e-02,-1.187413092702627182e-02,-4.358976706862449646e-02,-2.223640121519565582e-02,3.023722395300865173e-02,-2.220964245498180389e-02,4.900169558823108673e-03,-3.468584036454558372e-03,2.524674311280250549e-02,-1.626923121511936188e-02,-1.562033547088503838e-03,-9.278546087443828583e-03,-9.766890667378902435e-03,1.796840317547321320e-02,1.394123304635286331e-02,2.761153504252433777e-03,1.750012673437595367e-02,-3.010343015193939209e-02,-2.039005607366561890e-02,1.162661332637071609e-02,-1.816909201443195343e-02,1.378068141639232635e-02,-1.398137118667364120e-02,-1.725929975509643555e-02,-1.582771539688110352e-02,-2.530360594391822815e-03,-6.863581947982311249e-03,1.579593867063522339e-03,1.015489082783460617e-02,-4.072659462690353394e-02,-5.167755763977766037e-03,1.426233630627393723e-02,5.544383078813552856e-02,-1.234909612685441971e-02,6.274892948567867279e-03,1.474399119615554810e-02,1.671074889600276947e-02,-1.463695708662271500e-02,3.459887579083442688e-02,-3.467915207147598267e-02,5.940410308539867401e-03,-2.563474327325820923e-02,-3.264549886807799339e-03,9.051098488271236420e-03,-1.736633479595184326e-02,3.034425713121891022e-02,1.742654130794107914e-03,-1.935985125601291656e-02,1.613543927669525146e-02,5.719651933759450912e-03,3.896052762866020203e-02,1.079709734767675400e-02,-1.106468308717012405e-02,1.332076848484575748e-03,1.952040195465087891e-02,2.290536649525165558e-02,-4.073997493833303452e-03,-3.446508198976516724e-02,1.501157693564891815e-02,1.450316421687602997e-02,5.124272778630256653e-03,1.836978271603584290e-02,-2.574177831411361694e-02,1.656357571482658386e-02,2.831060439348220825e-02,1.744661107659339905e-02,2.408274449408054352e-02,-1.189419999718666077e-02,-6.816754583269357681e-03,-1.234240643680095673e-02,9.619718417525291443e-03,6.776616442948579788e-03,9.967580437660217285e-03,1.408840529620647430e-02,-2.895281091332435608e-02,1.109144184738397598e-02,6.090927403420209885e-03,6.709720008075237274e-03,-3.779652994126081467e-03,-2.133998647332191467e-02,6.274892948567867279e-03,-2.341378014534711838e-03,3.414398059248924255e-02,-1.029537338763475418e-02,2.592908777296543121e-02,-3.609066829085350037e-03,-3.186949715018272400e-02,-2.241033129394054413e-02,-1.087737269699573517e-02,-1.737971417605876923e-02,2.860494889318943024e-02,1.347295753657817841e-02,-1.265682000666856766e-02,-1.408840529620647430e-02,-1.674085156992077827e-03,-4.773735255002975464e-02,-1.931971311569213867e-02,8.823649957776069641e-03,3.235115483403205872e-02,5.863479338586330414e-03,2.655791491270065308e-02,9.967580437660217285e-03,3.203004971146583557e-02,1.482426747679710388e-02,7.545926608145236969e-03,-5.440024286508560181e-02,-1.148613076657056808e-02,2.196881361305713654e-02,-2.336026169359683990e-02,5.610944936051964760e-04,9.539442136883735657e-03,-2.512633055448532104e-02,-1.853033341467380524e-02,4.575721547007560730e-02,-7.907168008387088776e-03,-6.121031008660793304e-03,2.311943471431732178e-02,1.220861356705427170e-02,-1.931971311569213867e-02,-1.581266289576888084e-03,-1.843667961657047272e-02,1.384757831692695618e-02,2.183502167463302612e-02,1.426568138413131237e-03,-5.124272778630256653e-03,-6.224720273166894913e-03,4.686100874096155167e-03,2.298564091324806213e-02,-2.313281409442424774e-02,-4.344928544014692307e-03,1.364688854664564133e-02,4.077342338860034943e-03,-6.218030583113431931e-03,-2.794601721689105034e-03,-1.843667961657047272e-02,-6.395306438207626343e-03,-5.826686043292284012e-03,5.973858293145895004e-03,-5.746410228312015533e-03,7.672193460166454315e-04,-1.842330023646354675e-02,2.654119161888957024e-03,-1.188082061707973480e-02,-6.779961287975311279e-03,2.764163911342620850e-02,-8.114546537399291992e-03,2.472495101392269135e-02,-7.626202423125505447e-03,-6.184582598507404327e-03,-1.338599249720573425e-02,1.469214679673314095e-03,8.763442747294902802e-03,-2.214274555444717407e-02,1.457006018608808517e-02,-1.673750765621662140e-02,-1.264344062656164169e-02,-1.778109371662139893e-02,2.263777889311313629e-02,4.284052550792694092e-02,-4.375031962990760803e-02,-1.569392159581184387e-02,5.371789913624525070e-03,1.265682000666856766e-02,-9.472546167671680450e-03,-1.820923015475273132e-02,3.789687296375632286e-03,-1.800854131579399109e-02,3.266222309321165085e-03,1.887819543480873108e-02,-5.702927592210471630e-04,-2.967529185116291046e-02,-2.323984913527965546e-02,1.187413092702627182e-02,8.000822737812995911e-03,9.505994617938995361e-03,1.440683305263519287e-01,-1.111820060759782791e-02,-5.301548633724451065e-03,4.575721547007560730e-02,2.420315891504287720e-02,-1.028868369758129120e-02,2.737405337393283844e-02,1.285750977694988251e-02,-1.225544139742851257e-02,1.842330023646354675e-02,-1.750012673437595367e-02,-2.284515881910920143e-03,-7.766684982925653458e-03,5.783203523606061935e-03,6.405340973287820816e-03,-2.485874295234680176e-02,-2.178150415420532227e-02,-1.600164547562599182e-02,-2.253074571490287781e-02,-1.035557966679334641e-02,1.436937041580677032e-02,-6.328410003334283829e-03,-3.552204696461558342e-03,-3.004991263151168823e-02,3.269901499152183533e-02,-1.465033646672964096e-02,1.305819954723119736e-02,-3.796376986429095268e-04,3.176246210932731628e-02,4.699479788541793823e-03,-1.042247656732797623e-02,7.191374897956848145e-03,5.389350117184221745e-04,-2.156743593513965607e-02,-1.712550781667232513e-02,3.346498124301433563e-03,3.120053373277187347e-02,-4.011114686727523804e-02,6.005007162457332015e-05,1.535943895578384399e-02,-1.290433760732412338e-02,1.720578223466873169e-02,-1.168180373497307301e-03,-2.152729779481887817e-02,1.293611247092485428e-03,2.667832933366298676e-02,-1.139247603714466095e-02,-1.317861303687095642e-02,1.662378315813839436e-03,2.135336585342884064e-02,-5.100189894437789917e-02,-2.971877576783299446e-03,3.045129217207431793e-02,3.272577375173568726e-02,-4.256290558259934187e-04,-3.017032751813530922e-03,3.396670334041118622e-03,1.641640439629554749e-02,-2.508619241416454315e-02,2.670843154191970825e-03,-1.481757732108235359e-03,-5.562445148825645447e-03,-2.050378127023577690e-03,1.961405761539936066e-02,6.127720698714256287e-03,2.548757195472717285e-02,-1.136571727693080902e-02,-3.321411786600947380e-03,2.634384669363498688e-02,-4.716204013675451279e-03,-3.313049674034118652e-03,-1.840992085635662079e-02,8.816960267722606659e-03,2.138012461364269257e-02,-6.465547718107700348e-03,1.078371796756982803e-02,2.437708899378776550e-02,1.127206254750490189e-02,2.626357041299343109e-02,3.595687448978424072e-03,1.069006230682134628e-02,-2.435032976791262627e-03,2.159419469535350800e-02,-2.016929909586906433e-03,4.261307884007692337e-03,-9.753511287271976471e-03,1.043585594743490219e-02,2.348067611455917358e-02,-2.932743169367313385e-02,2.579529583454132080e-02,-1.796171301975846291e-03,3.130756784230470657e-03,1.097771804779767990e-02,-2.044357359409332275e-02,-2.362784743309020996e-02,-4.545617848634719849e-03,-3.286291030235588551e-04,1.969433389604091644e-02,-9.566200897097587585e-03,1.784798875451087952e-02,2.435032976791262627e-03,3.879997646436095238e-03,2.584881149232387543e-02,1.522940874565392733e-04,-2.621005289256572723e-02,-1.525240484625101089e-02,-9.858873672783374786e-04,7.084340788424015045e-03,1.269026845693588257e-02,-1.434261258691549301e-02,2.898291451856493950e-03,-3.138784319162368774e-02,2.911670599132776260e-03,-1.336592342704534531e-02,-6.027375813573598862e-03,-1.778109371662139893e-02,1.235578581690788269e-02,-9.191581048071384430e-03,5.233982950448989868e-02,-3.160860156640410423e-03,-8.114546537399291992e-03,-1.867750659584999084e-02,-7.753305602818727493e-03,1.850357465445995331e-02,-1.285082008689641953e-02,1.626923121511936188e-02,-8.449029177427291870e-03,8.408891968429088593e-03,1.127206254750490189e-03,-1.313178520649671555e-02,1.319868210703134537e-02,-1.388771552592515945e-02,-8.114546537399291992e-03,-9.345442987978458405e-03,-7.697279797866940498e-04,6.144444458186626434e-03,-1.976122893393039703e-02,-5.181134678423404694e-03,-2.009571157395839691e-02,-1.187413092702627182e-02,-1.161323487758636475e-02,-3.181597962975502014e-02,6.413703085854649544e-04,1.048937346786260605e-02,1.373887062072753906e-03,-2.951474115252494812e-02,2.044357359409332275e-02,-4.926928319036960602e-03,-3.906756173819303513e-03,2.799618989229202271e-03,-7.465650793164968491e-03,1.119847595691680908e-02,-2.483198605477809906e-02,-6.519065238535404205e-03,4.506149142980575562e-02,2.593912184238433838e-03,-2.361446805298328400e-02,-2.825708687305450439e-02,-2.970205154269933701e-03,9.144753217697143555e-03,-6.657540798187255859e-02,-7.318478543311357498e-03,1.006123516708612442e-02,-3.831832110881805420e-02,-7.588572916574776173e-04,-1.614881865680217743e-02,-1.679370105266571045e-01,2.695929445326328278e-02,-1.119680353440344334e-03,-8.107856847345829010e-03,1.506509445607662201e-02,8.466589497402310371e-05,1.216680277138948441e-03,2.041681483387947083e-02,-1.026861462742090225e-02,1.541964593343436718e-03,1.160654518753290176e-02,-1.387266442179679871e-03,-2.013584971427917480e-02,1.896516070701181889e-03,-1.145937293767929077e-02,-2.121957391500473022e-02,-4.800493642687797546e-02,-5.318272858858108521e-03,3.655225411057472229e-02,6.418720353394746780e-03,7.666340097784996033e-03,8.729995228350162506e-03,-9.373873472213745117e-04,-2.136674523353576660e-02,2.629032917320728302e-02,2.020274754613637924e-03,-8.977511897683143616e-03,1.969433389604091644e-02,-1.689805835485458374e-02,-9.599649347364902496e-03,-1.960067823529243469e-02,1.667061075568199158e-02,4.781762510538101196e-02,-3.066536039113998413e-02,1.210157945752143860e-02,1.522564608603715897e-02,-9.934131987392902374e-03,1.191426906734704971e-02,1.060309726744890213e-02,2.115267701447010040e-02,2.978232689201831818e-02,3.128080815076828003e-02,-1.367364730685949326e-02,4.112044989597052336e-04,5.722996778786182404e-03,4.341583698987960815e-03,2.246384881436824799e-02,1.287757884711027145e-02,6.840168498456478119e-03,6.371892988681793213e-03,1.384757831692695618e-02,-7.572685368359088898e-03,-7.472340483218431473e-03,-6.107651628553867340e-03,-7.753305602818727493e-03,5.023927893489599228e-03,-1.894509233534336090e-02,1.121352775953710079e-03,-1.199454441666603088e-02,-6.171203218400478363e-03,6.696340627968311310e-03,8.688184316270053387e-04,3.995059803128242493e-02,-2.831060439348220825e-02,1.887819543480873108e-02,8.408055291511118412e-04,9.673235937952995300e-03,-1.741985231637954712e-02,-1.051613129675388336e-02,2.092522941529750824e-02,-4.920238628983497620e-03,-1.239592395722866058e-02,1.719240285456180573e-02,-9.204960428178310394e-03,2.540729567408561707e-02,-3.756239078938961029e-03,-2.687567379325628281e-03,4.757679998874664307e-02,1.169351022690534592e-02,-2.369474433362483978e-02,-1.531930081546306610e-02,1.683116331696510315e-02,-1.220861356705427170e-02,8.709926158189773560e-03,-9.559511207044124603e-03,1.286419946700334549e-02,-1.922605745494365692e-02,-2.562136389315128326e-02,1.184737216681241989e-02,-6.074203178286552429e-03,2.597257029265165329e-03,-1.479249098338186741e-03,3.946894314140081406e-03,-3.491998091340065002e-02,1.139916572719812393e-02,1.497143972665071487e-02,-3.063860349357128143e-03,2.137552655767649412e-04,-3.786342684179544449e-03,1.580095663666725159e-02,1.261668186634778976e-02,-3.224411979317665100e-02,-2.521998435258865356e-02,1.893171295523643494e-02,2.444398589432239532e-02,-2.125971205532550812e-02,5.231307353824377060e-03,-2.617326099425554276e-03,1.919929869472980499e-02,-3.149487823247909546e-02,6.840168498456478119e-03,-9.747030708240345120e-05,8.616270497441291809e-03,2.873874083161354065e-02,1.632274873554706573e-02,1.034220028668642044e-02,-6.351823918521404266e-03,-8.234960958361625671e-03,3.815776854753494263e-02,-1.632274873554706573e-02,5.619306862354278564e-02,-1.418206095695495605e-02,-2.060412615537643433e-02,-1.051613129675388336e-02,-3.491997951641678810e-03,-3.114032559096813202e-03,-1.284413039684295654e-01,-2.552770823240280151e-02,2.034991979598999023e-02,6.416713446378707886e-02,3.360880911350250244e-02,1.046261470764875412e-02,1.604680088348686695e-03,1.046930439770221710e-02,-2.372150309383869171e-02,1.681778393685817719e-02,1.850357465445995331e-02,-2.950136084109544754e-03,-1.489116344600915909e-02,1.040240749716758728e-02,1.679102517664432526e-02,-1.744661107659339905e-02,-7.425512652844190598e-03,-3.136108443140983582e-02,-1.965419575572013855e-02,8.074409328401088715e-03,-7.465650793164968491e-03,1.582771539688110352e-02,-1.312509551644325256e-02,-4.170997533947229385e-03,1.442288793623447418e-02,5.692893173545598984e-03,-3.047805093228816986e-02,5.361755378544330597e-03,2.753460407257080078e-02,1.533602480776607990e-03,-2.175809117034077644e-03,-1.716564409434795380e-02,-8.348684757947921753e-03,-6.963926833122968674e-03,-2.528688125312328339e-02,-2.253074571490287781e-02,-4.107445850968360901e-02,-4.455307498574256897e-03,8.549374528229236603e-03,-9.566200897097587585e-03,-6.211341358721256256e-03,-1.161323487758636475e-02,-5.866824183613061905e-03,1.014820113778114319e-02,-9.338753297924995422e-03,-6.897030398249626160e-03,-1.894509233534336090e-02,5.676168948411941528e-03,2.774867229163646698e-02,-2.495239954441785812e-03,-2.147378027439117432e-02,-1.911902241408824921e-02,-2.267791703343391418e-02,-3.727473691105842590e-02,-2.108285407302901149e-04,-6.652858108282089233e-03,5.167755763977766037e-03,-8.502546697854995728e-03,-5.865486338734626770e-02,2.318633161485195160e-02,-2.631708793342113495e-02,-2.950136084109544754e-03,-1.466371584683656693e-02,3.489322215318679810e-02,1.462357770651578903e-02,-1.824936829507350922e-02,-2.132660709321498871e-02,-3.612411767244338989e-02,1.646992191672325134e-02,-1.285750977694988251e-02,9.572890587151050568e-03,2.599598467350006104e-02,2.209257334470748901e-03,1.055626943707466125e-02,-4.920907318592071533e-02,7.170469616539776325e-04,-8.020891807973384857e-03,-3.529459983110427856e-02,1.968095451593399048e-02,-1.534605957567691803e-02,-3.112025745213031769e-02,-2.788246609270572662e-02,1.057633850723505020e-02,6.298306398093700409e-03,4.262645915150642395e-02,3.129502583760768175e-04,-2.132660709321498871e-02,-1.266852719709277153e-03,6.037410348653793335e-04,-7.933926768600940704e-03,1.442288793623447418e-02,7.371995598077774048e-03,2.919363789260387421e-02,-3.234028117731213570e-04,-1.452992204576730728e-02,4.318169783800840378e-03,-1.998867839574813843e-02,-2.425667457282543182e-02,3.806411521509289742e-03,-1.143261417746543884e-02,-2.489888109266757965e-02,-2.990273991599678993e-03,-4.944990202784538269e-02,2.627694979310035706e-02,-6.141099613159894943e-03,-2.030978165566921234e-02,1.956054009497165680e-02,-3.703390806913375854e-02,5.100858863443136215e-03,-4.233211278915405273e-02,-2.671679540071636438e-04,1.996860839426517487e-03,-8.315236307680606842e-03,6.713064853101968765e-03,2.991612069308757782e-02,-1.324550900608301163e-02,-1.337930280715227127e-02,-1.566716283559799194e-02,3.414398059248924255e-02,9.720062837004661560e-03,6.405340973287820816e-04,4.457983374595642090e-02,1.990840211510658264e-02,-3.329773899167776108e-03,-1.415530219674110413e-02,3.093294799327850342e-02,-1.419543940573930740e-02,2.338702045381069183e-02,1.111151091754436493e-02,2.123295329511165619e-02,-2.080481499433517456e-02,-1.843667961657047272e-02,-2.418977953493595123e-02,-2.674522623419761658e-02,1.864740275777876377e-03,3.604384139180183411e-02,9.338753297924995422e-03,-1.497143972665071487e-02,4.428549204021692276e-03,5.461431294679641724e-02,1.901198923587799072e-02,4.939638450741767883e-02,-3.685997799038887024e-03,-3.243142738938331604e-02,6.716409698128700256e-03,9.178201667964458466e-03,-9.445787407457828522e-03,-1.148613076657056808e-02,-2.806977555155754089e-02,1.771085197106003761e-03,2.976894902531057596e-04,-2.629032824188470840e-03,6.950547453016042709e-03,1.878453977406024933e-02,6.368548143655061722e-03,-8.261718787252902985e-03,-1.973447017371654510e-02,-2.519322559237480164e-02,3.047805093228816986e-02,-1.012813206762075424e-02,8.228271268308162689e-03,-9.024339728057384491e-03,2.679874189198017120e-02,-6.395306438207626343e-03,1.056295912712812424e-02,1.788812689483165741e-02,1.696495525538921356e-02,3.535480704158544540e-03,5.314928013831377029e-03,5.860134493559598923e-03,1.022847648710012436e-02,-2.722688019275665283e-03,-2.235681377351284027e-02,9.231718257069587708e-03,1.153295859694480896e-02,2.412288263440132141e-02,-1.796840317547321320e-02,1.149951014667749405e-02,1.109813153743743896e-02,1.149282045662403107e-02,-2.603612281382083893e-02,7.646271493285894394e-03,1.899860985577106476e-02,-4.763031844049692154e-03,-2.030978165566921234e-02,-1.342612970620393753e-02,9.258477017283439636e-03,1.215509604662656784e-02,1.383419893682003021e-02,9.519373998045921326e-03,1.616219803690910339e-02,3.869963111355900764e-03,1.427404349669814110e-03,1.671074889600276947e-02,2.222302183508872986e-02,1.305819954723119736e-02,-1.787474751472473145e-02,7.512478157877922058e-03,6.800030358135700226e-03,1.596108922967687249e-04,1.887819543480873108e-02,2.087171189486980438e-02,-2.493567531928420067e-03,5.696238018572330475e-03,9.639787487685680389e-03,9.833787335082888603e-04,-2.461791597306728363e-02,1.783460937440395355e-02,-3.087943047285079956e-02,-1.651507685892283916e-03,-3.620439395308494568e-02,3.406704869121313095e-03,2.479184791445732117e-02,5.023927893489599228e-03,2.660808851942420006e-03,-3.736170241609215736e-03,-8.770132437348365784e-03,2.222636714577674866e-03,4.201100766658782959e-02,-1.926619559526443481e-03,7.318478543311357498e-03,6.229403242468833923e-02,4.759686999022960663e-03,2.943446487188339233e-02,1.239592395722866058e-02,-1.222199294716119766e-02,3.157515451312065125e-02,1.223537232726812363e-02,-1.051613129675388336e-02,-2.259764261543750763e-02,-8.214891888201236725e-03,1.668399013578891754e-02,2.195543609559535980e-02,5.176640115678310394e-05,-1.859723031520843506e-02,-1.077033858746290207e-02,1.502495631575584412e-02,-3.179256804287433624e-03,-1.402150932699441910e-02,2.012247033417224884e-02,-2.230329625308513641e-02,3.834507986903190613e-02,1.127206254750490189e-02,-2.714325906708836555e-03,5.698746535927057266e-04,-2.818015636876225471e-03,1.471723243594169617e-02,6.177892908453941345e-03,-5.783203523606061935e-03,-7.345236837863922119e-03,-1.030206307768821716e-02,-1.505171507596969604e-02,-2.207584865391254425e-02,2.489888109266757965e-02,-2.045695297420024872e-02,-3.181597962975502014e-02,9.679925628006458282e-03,-2.083826344460248947e-03,1.212164759635925293e-02,-1.605516299605369568e-03,-1.535943895578384399e-02,1.791488565504550934e-02,2.130235807271674275e-04,-7.278340402990579605e-03,9.673235937952995300e-03,-1.107137277722358704e-02,-1.143261417746543884e-02,-2.607626095414161682e-02,8.221581578254699707e-03,8.857098408043384552e-03,-3.580301254987716675e-02,1.976122893393039703e-02,1.091082114726305008e-02,-5.876189470291137695e-02,-1.701847277581691742e-02,2.753460407257080078e-02,-3.082256764173507690e-03,1.336592342704534531e-02,-1.922605745494365692e-02,1.091751083731651306e-02,-1.821257523261010647e-03,-1.485102530568838120e-02,-4.023825284093618393e-03,-1.939998753368854523e-02,-2.330674417316913605e-02,1.582771539688110352e-02,-1.168013084679841995e-02,-2.416302077472209930e-02,1.590798981487751007e-02,-1.232233736664056778e-02
-3.100420907139778137e-02,-2.849803492426872253e-02,-1.012158207595348358e-02,-8.132145740091800690e-03,-1.424901746213436127e-02,2.405409887433052063e-02,3.345870878547430038e-03,9.262507781386375427e-03,-1.576047390699386597e-02,-1.053497195243835449e-02,-1.980393938720226288e-02,4.847637377679347992e-03,-1.588965766131877899e-02,-2.200007066130638123e-02,1.772407256066799164e-02,-9.288344532251358032e-03,2.792962454259395599e-02,2.020440995693206787e-02,-2.117329090833663940e-02,-9.874517563730478287e-04,-1.521951402537524700e-03,-1.238876488059759140e-02,1.092898380011320114e-02,-2.372144954279065132e-03,-1.604467816650867462e-02,-1.862836256623268127e-02,6.050463343854062259e-05,-2.490671537816524506e-02,2.511017955839633942e-03,-1.302176807075738907e-02,-2.751623652875423431e-02,-2.863044850528240204e-03,-2.743872441351413727e-02,-2.119912765920162201e-02,-2.100535109639167786e-02,-2.813632041215896606e-02,-3.865433682221919298e-04,1.742977474350482225e-04,1.895132288336753845e-02,2.624054206535220146e-03,-1.212716684676706791e-03,-1.697480492293834686e-02,1.689729467034339905e-02,-5.377292400225996971e-04,-3.413046896457672119e-02,3.836771007627248764e-03,-2.185796760022640228e-02,-4.007294028997421265e-02,-3.134008869528770447e-02,1.804703287780284882e-02,2.112161740660667419e-02,-1.375004416331648827e-03,-2.596602588891983032e-02,-3.407879173755645752e-02,-3.894903697073459625e-03,-8.274248801171779633e-03,-1.815038174390792847e-02,8.022339083254337311e-03,6.071657873690128326e-03,-1.718149892985820770e-02,1.171054784208536148e-02,8.810362778604030609e-03,-2.233594842255115509e-02,1.404232345521450043e-02,-1.436528377234935760e-02,2.249097079038619995e-02,-1.860252581536769867e-03,-5.748697090893983841e-03,9.514416567981243134e-03,-1.732360199093818665e-02,1.906758919358253479e-02,4.043465480208396912e-02,2.302062511444091797e-02,-8.112767711281776428e-03,1.596716791391372681e-02,-3.332952409982681274e-02,-2.968007232993841171e-03,-1.393897552043199539e-02,-1.379687339067459106e-02,-5.367603618651628494e-03,3.179546212777495384e-03,-2.039818651974201202e-02,-7.350581232458353043e-03,-2.793103885778691620e-05,1.629012823104858398e-02,-2.244575647637248039e-03,-1.257608272135257721e-02,1.534708403050899506e-02,8.054635487496852875e-03,-3.015159443020820618e-02,3.322617709636688232e-02,1.884474651888012886e-03,-5.047872662544250488e-03,6.782170850783586502e-03,-3.405295684933662415e-02,-1.698772236704826355e-02,-1.692313142120838165e-02,2.299478836357593536e-02,8.700556121766567230e-03,-1.511455234140157700e-02,3.885860741138458252e-02,-9.572549723088741302e-03,-1.537292031571269035e-03,-3.820622805505990982e-03,-2.945399843156337738e-02,-4.278580844402313232e-02,2.935711061581969261e-03,-1.086439192295074463e-02,2.241346053779125214e-02,-2.338234148919582367e-02,-4.098368808627128601e-03,6.924273073673248291e-02,5.206123460084199905e-03,-2.532010525465011597e-02,2.450624294579029083e-02,-1.753029599785804749e-02,-1.520498096942901611e-02,6.074887234717607498e-03,-2.453208155930042267e-02,6.838688859716057777e-04,-1.968767307698726654e-02,-8.112767711281776428e-03,3.449218347668647766e-03,-2.432538568973541260e-02,2.552679926156997681e-02,2.436414174735546112e-02,-1.986853033304214478e-02,-6.717578507959842682e-03,-2.625023014843463898e-02,4.495610482990741730e-03,4.689386487007141113e-02,2.853356068953871727e-03,2.730954065918922424e-02,-1.056080870330333710e-02,-3.383011498954147100e-04,2.777460403740406036e-02,-1.670351810753345490e-02,-2.692198939621448517e-02,-2.556555345654487610e-02,-9.721111506223678589e-03,-6.304189097136259079e-03,2.543636970221996307e-02,1.371936220675706863e-02,-1.596716791391372681e-02,6.404307205229997635e-03,-9.469202719628810883e-03,2.445456944406032562e-02,-1.756905228830873966e-03,1.583798415958881378e-02,-2.288175281137228012e-03,7.763970643281936646e-03,1.435236539691686630e-02,1.781450212001800537e-02,-5.248108413070440292e-03,9.817999787628650665e-03,3.355559660121798515e-03,-1.643223129212856293e-02,3.128841519355773926e-02,-3.620387287810444832e-03,-1.700064167380332947e-02,-9.850296191871166229e-04,-1.684562116861343384e-02,2.348568849265575409e-02,-1.072228886187076569e-02,6.213760469108819962e-03,3.123674169182777405e-02,-1.917093619704246521e-02,1.461396343074738979e-03,-1.282799150794744492e-02,-6.598083302378654480e-03,1.618678122758865356e-02,3.459553048014640808e-02,-1.045746169984340668e-02,3.317450359463691711e-02,2.066947286948561668e-03,1.722025498747825623e-02,-2.010106295347213745e-02,1.003761310130357742e-02,-3.177931532263755798e-02,-7.776889018714427948e-03,-2.302062511444091797e-02,3.020326793193817139e-02,1.072228886187076569e-02,1.214331574738025665e-02,-1.179451774805784225e-02,-1.136175077408552170e-02,-1.937763066962361336e-03,-3.176316618919372559e-03,-5.913407076150178909e-03,-8.958924561738967896e-03,1.674227230250835419e-02,-3.872296540066599846e-03,1.399064902216196060e-02,-5.558150354772806168e-03,-6.295921206474304199e-01,-6.846762727946043015e-03,-8.797444403171539307e-03,-2.081157639622688293e-02,2.769709378480911255e-02,3.297426737844944000e-03,8.900791406631469727e-03,2.689615078270435333e-02,-2.262015454471111298e-02,2.670883433893322945e-03,-1.262775622308254242e-02,1.039932854473590851e-02,-1.667768135666847229e-02,-2.854971028864383698e-02,5.157679319381713867e-03,-9.817999787628650665e-03,-8.642422966659069061e-03,-1.784033887088298798e-02,-2.918755635619163513e-04,-8.048175834119319916e-03,-1.440403889864683151e-02,5.203701439313590527e-04,1.278277672827243805e-02,-4.999428987503051758e-03,9.640371426939964294e-04,1.871879212558269501e-02,1.842166855931282043e-02,-1.510163396596908569e-02,4.195257090032100677e-03,1.400356832891702652e-02,-3.857440501451492310e-02,5.829437170177698135e-03,-6.320337299257516861e-03,-5.971539765596389771e-03,2.746456302702426910e-02,-9.034820250235497952e-04,-2.720619365572929382e-02,1.543751265853643417e-02,2.229719422757625580e-02,2.504881657660007477e-02,-2.339525893330574036e-02,4.566661547869443893e-03,1.184619124978780746e-02,-4.763667471706867218e-03,-1.356434193439781666e-03,3.090086206793785095e-02,2.415744587779045105e-02,-1.365477032959461212e-02,2.240538597106933594e-04,1.220790762454271317e-02,5.377292400225996971e-04,-6.049050483852624893e-03,-9.662978351116180420e-03,4.443861143954563886e-06,1.489493902772665024e-02,-4.586039111018180847e-03,3.115922957658767700e-02,-2.388615906238555908e-02,-8.655341342091560364e-03,2.966069430112838745e-02,1.467855530790984631e-03,5.261026788502931595e-03,-3.025494143366813660e-02,-2.715452015399932861e-02,-5.971539765596389771e-03,2.267182804644107819e-02,-6.175004877150058746e-03,-4.117746371775865555e-03,2.635357715189456940e-02,2.718035690486431122e-02,1.498536765575408936e-02,-3.302271245047450066e-03,-2.470647916197776794e-03,6.491506472229957581e-03,1.913218013942241669e-02,5.025265738368034363e-03,4.324441310018301010e-03,-1.089022867381572723e-02,-1.248565316200256348e-02,-1.502412278205156326e-02,-1.182681415230035782e-02,-2.420911937952041626e-02,-1.621261797845363617e-02,-5.690564401447772980e-03,5.288801342248916626e-02,7.395796012133359909e-03,-4.141645506024360657e-02,-1.660017110407352448e-02,-6.168545689433813095e-03,2.207435201853513718e-03,7.379647577181458473e-04,3.294197097420692444e-02,1.833123899996280670e-02,2.221968397498130798e-02,7.105131167918443680e-03,-1.081917667761445045e-03,-5.923095624893903732e-03,4.159731324762105942e-03,3.684333711862564087e-02,1.142634265124797821e-02,1.028952188789844513e-02,-2.663778327405452728e-02,1.869295537471771240e-02,-1.297009456902742386e-02,5.125383380800485611e-03,2.105702646076679230e-02,-2.564306557178497314e-02,1.334472838789224625e-02,9.133323095738887787e-03,-1.361601520329713821e-02,6.632801378145813942e-04,2.007199684157967567e-03,1.627721078693866730e-02,-1.197537593543529510e-02,6.685282569378614426e-03,-3.121090494096279144e-02,1.818267744965851307e-03,1.609635166823863983e-02,1.205288618803024292e-02,-3.945285826921463013e-02,1.286674663424491882e-02,5.713171325623989105e-03,-1.322846300899982452e-02,-7.563735358417034149e-03,1.799495657905936241e-04,7.505602203309535980e-03,7.305366918444633484e-03,-3.813517838716506958e-02,-2.711253473535180092e-03,-1.532124634832143784e-02,7.705837953835725784e-03,1.701355911791324615e-02,6.988865323364734650e-03,-1.132945530116558075e-02,3.428548946976661682e-02,-1.028952188789844513e-02,1.539875753223896027e-02,-1.300884969532489777e-02,3.162429481744766235e-02,-2.260723523795604706e-02,-4.996199160814285278e-03,3.594550536945462227e-03,-6.514113396406173706e-03,-1.586382091045379639e-02,2.733537741005420685e-02,-3.064249269664287567e-02,-2.210664795711636543e-03,-2.955734543502330780e-02,-3.048747219145298004e-02,1.455906033515930176e-02,6.378469988703727722e-03,3.953036852180957794e-03,-3.823852539062500000e-02,2.103118784725666046e-02,-8.784526027739048004e-03,-1.402940507978200912e-02,-1.181389577686786652e-02,4.644172266125679016e-03,-6.317107472568750381e-03,-3.676582500338554382e-02,1.955848932266235352e-02,1.738819479942321777e-02,5.671186838299036026e-03,-2.094076015055179596e-02,-7.098671980202198029e-03,3.352330066263675690e-03,-6.491506472229957581e-03,2.193547785282135010e-02,-6.975946947932243347e-03,-2.237470448017120361e-02,1.103233080357313156e-02,1.386146526783704758e-02,-3.136592358350753784e-02,2.252972498536109924e-02,6.058739032596349716e-03,2.849803492426872253e-02,-1.565712504088878632e-02,-1.027660351246595383e-02,-4.889622330665588379e-03,9.876132942736148834e-03,3.329722909256815910e-03,-9.049353189766407013e-03,-2.087616734206676483e-02,-2.321278734598308802e-04,8.474484086036682129e-03,-2.210341766476631165e-02,-1.349167549051344395e-03,-3.019680734723806381e-04,-1.625137217342853546e-02,1.777574606239795685e-02,3.231219947338104248e-03,-2.104087732732295990e-03,7.266611792147159576e-03,9.604846127331256866e-03,9.398151189088821411e-03,2.104410715401172638e-02,2.247805148363113403e-02,1.209164131432771683e-02,2.679280377924442291e-02,3.542231023311614990e-02,1.702647842466831207e-02,-4.097561468370258808e-04,4.232074692845344543e-02,-6.698200944811105728e-03,2.803297340869903564e-02,-2.019149065017700195e-02,4.912229254841804504e-03,-2.997073531150817871e-02,4.128727316856384277e-02,-7.608949672430753708e-03,-1.923552900552749634e-02,-4.929669201374053955e-02,-3.666247799992561340e-02,-2.443196251988410950e-03,1.492077577859163284e-02,2.761958353221416473e-02,8.545535616576671600e-03,7.350581232458353043e-03,-1.569588109850883484e-02,-4.188797902315855026e-03,-3.087502438575029373e-03,-2.473877510055899620e-03,-6.995324511080980301e-03,-1.065769698470830917e-02,-4.929669201374053955e-02,5.810059607028961182e-03,2.968653105199337006e-02,2.314980886876583099e-02,4.847637377679347992e-03,-6.704660132527351379e-03,-3.648161888122558594e-02,-2.121204696595668793e-02,6.071657873690128326e-03,2.201298810541629791e-02,-3.995021339505910873e-03,-2.885975129902362823e-02,1.784033887088298798e-02,-1.869295537471771240e-02,2.180629409849643707e-02,-1.426193676888942719e-02,-4.556972999125719070e-03,-6.591624114662408829e-03,2.417036518454551697e-02,5.209353286772966385e-03,8.487402461469173431e-03,1.512747071683406830e-02,3.363956883549690247e-02,-6.584357470273971558e-04,-1.538583915680646896e-02,3.984040766954421997e-02,-1.684562116861343384e-02,2.264599129557609558e-02,-1.333181001245975494e-02,4.993776674382388592e-04,1.168471109122037888e-02,-3.097837232053279877e-02,2.449655439704656601e-03,1.440403889864683151e-02,3.115922957658767700e-02,1.658725179731845856e-02,3.507351269945502281e-03,-1.097419857978820801e-02,2.888558804988861084e-02,2.542345225811004639e-02,2.316272817552089691e-02,7.957747206091880798e-03,-2.274933829903602600e-02,-2.746456302702426910e-02,-2.038526721298694611e-02,-1.207872293889522552e-02,-2.666362002491950989e-02,-6.827385164797306061e-03,6.365551613271236420e-03,-5.151220131665468216e-03,6.354248034767806530e-04,3.097191220149397850e-03,1.897715963423252106e-02,1.023784838616847992e-02,2.587559632956981659e-02,-4.198486916720867157e-03,-4.773356486111879349e-03,-2.584975957870483398e-02,4.883163142949342728e-03,-4.766897298395633698e-03,-1.077880733646452427e-03,-1.880921982228755951e-02,-2.247805148363113403e-02,2.259431779384613037e-02,-3.511226549744606018e-02,3.617157693952322006e-03,4.033776931464672089e-03,7.350581232458353043e-03,1.050913520157337189e-02,2.367300679907202721e-03,1.520336605608463287e-03,-2.202590741217136383e-02,2.245221473276615143e-02,-2.844636142253875732e-02,1.292487978935241699e-02,-5.755156278610229492e-03,-5.167368333786725998e-03,-5.086628254503011703e-03,2.092784037813544273e-03,-4.242893774062395096e-04,5.102775990962982178e-02,2.296249149367213249e-03,1.050913520157337189e-02,-2.166419103741645813e-02,1.072228886187076569e-02,-2.215509116649627686e-02,-1.490785740315914154e-02,1.701355911791324615e-02,4.364003834780305624e-04,1.546334940940141678e-02,-2.594018913805484772e-02,-1.694533420959487557e-04,-1.091606542468070984e-02,9.107486694119870663e-04,7.253692951053380966e-03,-2.132831327617168427e-02,-5.086628254503011703e-03,-1.306052319705486298e-02,-1.016679685562849045e-02,2.502297982573509216e-02,1.094448566436767578e-01,4.058967903256416321e-02,2.309813536703586578e-02,5.819748621433973312e-03,1.254378631711006165e-02,1.906758919358253479e-02,-1.684562116861343384e-02,-8.648882620036602020e-03,3.478284692391753197e-03,-2.908259397372603416e-03,-1.688437536358833313e-02,2.430277876555919647e-03,1.189786568284034729e-02,9.579008445143699646e-03,8.707015775144100189e-03,3.614573925733566284e-02,-1.807286962866783142e-02,7.111590355634689331e-03,1.324138138443231583e-02,4.198486916720867157e-03,3.184390719980001450e-03,-7.956939516589045525e-04,-9.327099658548831940e-03,5.280404584482312202e-04,1.458489708602428436e-02,-1.922260969877243042e-02,1.720733568072319031e-02,8.778066374361515045e-03,-9.656519396230578423e-04,-2.366654574871063232e-02,-2.130247466266155243e-02,9.759866632521152496e-03,6.640068255364894867e-03,4.421329591423273087e-03,-6.678823381662368774e-03,-8.340455242432653904e-04,-6.870984798297286034e-04,3.870358690619468689e-02,1.738819479942321777e-02,1.526957284659147263e-02,3.788326866924762726e-03,1.731068268418312073e-02,1.514038909226655960e-02,-2.924730442464351654e-02,9.553171694278717041e-03,-1.552794128656387329e-02,-1.660017110407352448e-02,1.388730201870203018e-02,-1.229187753051519394e-02,-3.033245168626308441e-02,2.800713665783405304e-02,-2.522967569530010223e-02,-1.326721813529729843e-02,4.657090641558170319e-03,-9.197915904223918915e-03,2.909228391945362091e-02,-1.339640188962221146e-02,9.378773160278797150e-03,-3.368478268384933472e-03,7.641245611011981964e-03,8.151523768901824951e-03,-3.374291583895683289e-02,2.818799391388893127e-02,8.648882620036602020e-03,-3.451801836490631104e-02,-9.966561570763587952e-03,-1.904175244271755219e-02,6.717578507959842682e-03,-1.790493167936801910e-02,-1.433944702148437500e-02,-1.085147354751825333e-02,-1.061732691596262157e-04,2.034651301801204681e-02,1.471408084034919739e-02,3.555149212479591370e-02,1.013450138270854950e-02,9.197915904223918915e-03,5.503247026354074478e-03,1.745278574526309967e-02,1.340932026505470276e-02,-6.736956536769866943e-03,-1.457197871059179306e-02,-3.885618571075610816e-05,-2.300770767033100128e-02,-4.100306704640388489e-02,3.326493315398693085e-03,-3.037443617358803749e-03,-8.345299400389194489e-03,-2.541053295135498047e-02,1.098065730184316635e-02,6.281582172960042953e-03,4.347048699855804443e-03,-1.929689082317054272e-03,-2.707700990140438080e-02,5.377292400225996971e-04,-2.339849015697836876e-03,2.114745415747165680e-02,-1.856376975774765015e-02,-2.528134919703006744e-02,1.466240733861923218e-03,-9.372314438223838806e-03,-9.811540134251117706e-03,4.973591770976781845e-03,-1.311219669878482819e-02,1.568296179175376892e-02,2.849803492426872253e-02,-2.200168528361245990e-04,1.406816020607948303e-02,-2.376989461481571198e-02,4.670009016990661621e-03,2.634065970778465271e-02,-8.442187681794166565e-03,-1.079980004578828812e-02,-1.895132288336753845e-02,1.861867378465831280e-03,3.033245168626308441e-02,8.965384215116500854e-03,2.550096251070499420e-02,3.955620527267456055e-02,-2.268474735319614410e-02,-1.207872293889522552e-02,-1.427485514432191849e-02,1.247919443994760513e-02,1.501120440661907196e-02,-1.337056513875722885e-02,7.059916853904724121e-03,1.035088440403342247e-03,-2.559139207005500793e-02,1.764656230807304382e-02,1.812454499304294586e-02,-1.771115511655807495e-02,7.512061391025781631e-03,-1.586382091045379639e-02,1.758520025759935379e-03,-3.247690945863723755e-02,-4.650631453841924667e-03,-1.240168418735265732e-02,3.369124233722686768e-02,-2.973820455372333527e-02,6.158857140690088272e-03,-1.306698285043239594e-02,-4.372885450720787048e-03,-3.009991906583309174e-02,-2.720619365572929382e-02,7.124508731067180634e-03,-4.369009658694267273e-02,7.673542015254497528e-03,-1.292487978935241699e-02,-1.613510772585868835e-02,3.260609507560729980e-02,-2.159960009157657623e-02,3.245107084512710571e-02,-7.176182698458433151e-03,9.068731218576431274e-03,4.963903222233057022e-03,-9.966561570763587952e-03,-6.291270721703767776e-03,-2.785211428999900818e-02,3.465366316959261894e-03,1.495953090488910675e-02,1.749154180288314819e-02,-5.206123460084199905e-03,1.980393938720226288e-02,-1.218852959573268890e-02,1.639024587348103523e-03,7.163264323025941849e-03,1.787909492850303650e-02,-3.865837352350354195e-03,-2.251680754125118256e-02,6.275122985243797302e-03,2.517800219357013702e-02,1.295717619359493256e-02,9.772785007953643799e-03,-8.978302590548992157e-03,9.294803254306316376e-03,2.389907836914062500e-02,-8.526157587766647339e-03,-7.066376041620969772e-03,7.518520578742027283e-03,-3.599071875214576721e-02,-5.774533841758966446e-03,1.975226588547229767e-02,5.076939240097999573e-03,-6.265433970838785172e-03,-1.221436634659767151e-02,-2.863044850528240204e-03,4.676468204706907272e-03,-1.550210453569889069e-02,-7.944828830659389496e-03,-2.379573136568069458e-02,1.311219669878482819e-02,-4.208821430802345276e-02,2.209049835801124573e-02,-3.601009724661707878e-03,5.283634178340435028e-03,-4.963903222233057022e-03,7.318285293877124786e-03,2.294311486184597015e-02,-1.185910962522029877e-02,1.653557829558849335e-02,3.296780958771705627e-02,2.285268530249595642e-02,-6.562557537108659744e-03,-3.536417614668607712e-03,-1.729776524007320404e-02,3.356205672025680542e-02,-2.210341766476631165e-02,1.614802516996860504e-02,1.470116246491670609e-02,1.083532581105828285e-03,-1.128424052149057388e-02,-3.336182096973061562e-03,-1.085147354751825333e-02,-4.185568168759346008e-02,1.688437536358833313e-02,-1.256316434592008591e-02,-6.414803210645914078e-04,5.490328650921583176e-03,2.054028911516070366e-03,-3.134008869528770447e-02,-9.249589405953884125e-03,-7.227856200188398361e-03,3.862607758492231369e-03,1.302176807075738907e-02,1.598008535802364349e-02,2.940232492983341217e-02,-8.978302590548992157e-03,-2.526842989027500153e-02,-2.145749703049659729e-02,9.456283412873744965e-03,-2.360841259360313416e-03,6.527031771838665009e-03,1.696188561618328094e-02,-7.690497441217303276e-04,-2.025608345866203308e-02,-3.038412518799304962e-02,6.840303540229797363e-03,-2.044986002147197723e-02,-2.586267888545989990e-02,2.038526721298694611e-02,-9.372314438223838806e-03,-1.283445116132497787e-02,-4.582809749990701675e-03,-1.586382091045379639e-02,5.793911404907703400e-03,1.103879045695066452e-02,-6.417225580662488937e-03,1.660017110407352448e-02,-2.937648817896842957e-02,-1.274402160197496414e-02,-1.473991759121417999e-02,1.669059880077838898e-02,-1.237584650516510010e-02,2.570765651762485504e-02,1.827956549823284149e-02,-1.448477851226925850e-03,3.562254365533590317e-03,2.228427620138972998e-04,9.695274755358695984e-03,1.433944702148437500e-02,1.211747806519269943e-02,1.868003606796264648e-02,-2.911488991230726242e-03,-3.960787877440452576e-02,4.734601359814405441e-03,4.206237569451332092e-02,-7.512061391025781631e-03,8.732852526009082794e-03,-4.178301605861634016e-04,2.159960009157657623e-02,-1.438183535356074572e-04,-7.473306264728307724e-03,1.163949724286794662e-02,4.231287311995401978e-05,1.900299638509750366e-02,-3.584861755371093750e-03,3.042288124561309814e-03,1.333181001245975494e-02,-2.873056754469871521e-02,-1.639347523450851440e-02,9.133323095738887787e-03,-1.030244026333093643e-02,1.032827701419591904e-02,-2.318856492638587952e-02,-5.038184113800525665e-03,-2.772293053567409515e-02,-5.080169066786766052e-03,-9.398151189088821411e-03,3.510580863803625107e-03,-1.414567045867443085e-02,-2.844636142253875732e-02,-2.125080209225416183e-03,1.220790785737335682e-03,1.006990857422351837e-02,-8.564912714064121246e-03,1.980393938720226288e-02,1.834415644407272339e-02,2.937648817896842957e-02,-1.492077577859163284e-02,2.603061683475971222e-02,-1.484326552599668503e-02,7.298907730728387833e-03,-3.725672513246536255e-02,1.484326552599668503e-02,1.542459428310394287e-02,-3.208935633301734924e-02,7.796267047524452209e-03,-8.907251060009002686e-03,-1.742694899439811707e-02,1.576047390699386597e-02,8.842659182846546173e-03,3.831603378057479858e-02,1.117443386465311050e-02,-1.647098548710346222e-02,-1.836999319493770599e-02,2.325315773487091064e-02,1.968767307698726654e-02,1.006990857422351837e-02,-2.552679926156997681e-02,2.697366289794445038e-02,1.265359297394752502e-02,1.514038909226655960e-02,2.135415002703666687e-02,-2.594018913805484772e-02,-1.134883239865303040e-02,1.440403889864683151e-02,1.528249122202396393e-02,9.805081412196159363e-03,-1.799535937607288361e-02,-9.172078222036361694e-03,-1.432652864605188370e-02,-3.965955227613449097e-03,-4.103617102373391390e-04,-4.436669987626373768e-04,2.074698358774185181e-02,-2.108286321163177490e-02,-1.811808440834283829e-03,4.976821597665548325e-03,-2.239731140434741974e-03,-5.002658348530530930e-03,-6.640068255364894867e-03,-8.642422966659069061e-03,3.517040051519870758e-03,2.699949964880943298e-02,-1.592841185629367828e-02,2.656027302145957947e-02,-1.051559392362833023e-02,-2.885975129902362823e-02,-2.362779155373573303e-02,-3.490557149052619934e-02,-1.240814290940761566e-02,3.769595175981521606e-02,2.696720184758305550e-03,-1.101295370608568192e-02,-3.365248674526810646e-03,-1.858960650861263275e-02,-4.146812856197357178e-02,-1.377103663980960846e-02,-1.740111224353313446e-02,2.557847276329994202e-02,2.481628581881523132e-02,2.679280377924442291e-02,-2.683801809325814247e-03,5.793911404907703400e-03,4.770126659423112869e-03,1.098711695522069931e-02,-1.821497268974781036e-02,-1.339640188962221146e-02,2.608229033648967743e-02,-2.073406428098678589e-02,2.995458664372563362e-03,1.521789934486150742e-02,-3.351038321852684021e-02,-1.665184460580348969e-02,4.128727316856384277e-02,-7.117242203094065189e-04,1.067707501351833344e-02,1.190432440489530563e-02,-4.117746371775865555e-03,-1.466240733861923218e-02,7.822103798389434814e-03,-2.043694071471691132e-02,6.814466789364814758e-03,8.416350930929183960e-03,-1.942930370569229126e-02,-1.768531836569309235e-02,1.714274473488330841e-02,-6.904895883053541183e-03,1.759488880634307861e-02,-1.231125462800264359e-02,2.819445217028260231e-03,1.484326552599668503e-02,-3.878755727782845497e-03,-9.165619499981403351e-03,-5.228730849921703339e-03,-1.548918616026639938e-02,-8.648882620036602020e-03,4.852481652051210403e-04,3.338119760155677795e-02,1.680686511099338531e-02,-4.327670671045780182e-03,1.184619124978780746e-02,-8.900791406631469727e-03,4.081413499079644680e-04,4.240471404045820236e-03,1.897715963423252106e-02,-8.287167176604270935e-03,-1.160720083862543106e-02,-6.288041360676288605e-03,-1.253086794167757034e-02,-3.137561492621898651e-03,-7.796267047524452209e-03,-6.045820657163858414e-03,2.386678243055939674e-03,1.245981641113758087e-02,-1.169117074459791183e-02,1.481581362895667553e-03,-2.574641257524490356e-02,2.165127359330654144e-02,3.580986335873603821e-02,-1.506287883967161179e-02,-4.876703955233097076e-03,1.083855517208576202e-02,-3.694668179377913475e-03,2.748393919318914413e-03,-2.225843816995620728e-02,-3.720505163073539734e-02,7.744593080133199692e-03,-9.830918163061141968e-03,-1.654849760234355927e-02,-1.390022039413452148e-02,-1.464948896318674088e-02,-1.838291250169277191e-02,5.219849408604204655e-04,-3.128680109512060881e-04,1.012158207595348358e-02,2.095884531736373901e-01,-1.401648670434951782e-02,4.786274861544370651e-03,3.296780958771705627e-02,7.279530167579650879e-03,4.222708812449127436e-04,2.114745415747165680e-02,1.149093545973300934e-02,-1.861544325947761536e-02,1.765948161482810974e-02,-1.977810263633728027e-02,-4.431018140166997910e-03,1.307990052737295628e-03,6.640068255364894867e-03,6.447099149227142334e-04,-4.412932321429252625e-02,-2.524259313941001892e-02,-3.645578399300575256e-02,-3.201184794306755066e-02,-4.154564067721366882e-02,4.437477327883243561e-03,7.835022173821926117e-03,6.891977507621049881e-03,-2.570765651762485504e-02,2.911812067031860352e-02,-2.979310695081949234e-03,8.106308989226818085e-03,1.174930389970541000e-02,2.963485755026340485e-02,-9.010598296299576759e-04,-3.301948308944702148e-02,-2.919563092291355133e-03,-3.962725400924682617e-03,-8.112767711281776428e-03,-1.524373609572649002e-02,5.374062806367874146e-03,1.733652129769325256e-02,-2.880807779729366302e-02,4.679698031395673752e-03,2.948629437014460564e-03,-2.723203040659427643e-02,-4.876703955233097076e-03,-7.421632762998342514e-03,-5.506476736627519131e-04,-6.049050483852624893e-03,1.581214740872383118e-02,-1.631596498191356659e-02,-4.421329591423273087e-03,1.782742096111178398e-03,5.587216932326555252e-03,-5.999314412474632263e-02,-7.531439419835805893e-03,4.113225266337394714e-02,2.216801047325134277e-02,1.079334039241075516e-02,1.466240733861923218e-02,2.441581524908542633e-02,5.270715802907943726e-03,-1.864128001034259796e-02,8.292011334560811520e-04,-1.495953090488910675e-02,9.662978351116180420e-03,4.337359685450792313e-03,1.021847035735845566e-02,1.141342427581548691e-02,3.371707722544670105e-02,-3.185682371258735657e-02,6.307418923825025558e-03,1.613510772585868835e-02,-9.159159846603870392e-03,-1.171700749546289444e-02,-1.693604886531829834e-02,3.121413290500640869e-03,1.665184460580348969e-02,-5.651808809489011765e-03,-5.248108413070440292e-03,1.168471109122037888e-02,1.037995051592588425e-02,1.123256701976060867e-02,5.595291149802505970e-04,4.983280785381793976e-03,-2.373113855719566345e-02,7.524979766458272934e-03,-1.565712504088878632e-02,-2.179983537644147873e-03,-6.120101548731327057e-03,5.861733108758926392e-03,1.302822679281234741e-02,-4.030547291040420532e-02,2.361487224698066711e-02,1.472699921578168869e-02,-1.271172612905502319e-02,-1.492077577859163284e-02,-2.780690090730786324e-03,-3.110109828412532806e-03,-1.413275208324193954e-02,-1.224666275084018707e-02,2.278486499562859535e-03,-1.012158207595348358e-02,1.116797421127557755e-02,-6.552868988364934921e-03,-4.523970346781425178e-05,2.631482295691967010e-02,1.458489708602428436e-02,-1.884797587990760803e-02,-1.818913593888282776e-02,1.895132288336753845e-02,1.511455234140157700e-02,1.843458600342273712e-02,-5.525854416191577911e-03,1.400356832891702652e-02,-4.327670671045780182e-03,-5.383751820772886276e-03,-1.588965766131877899e-02,-1.540521625429391861e-03,2.168679842725396156e-03,9.404609911143779755e-03,-1.335764676332473755e-02,4.808236286044120789e-02,-1.034119538962841034e-02,2.606937289237976074e-02,-9.882591664791107178e-03,-2.078573778271675110e-02,2.556555345654487610e-02,-1.601884141564369202e-02,7.311826106160879135e-03,6.052279844880104065e-03,-5.948932841420173645e-03,-7.466847077012062073e-03,-2.373113855719566345e-02,5.076939240097999573e-03,-1.441695727407932281e-02,1.171054784208536148e-02,-2.837208099663257599e-03,-4.915459081530570984e-03,1.758520025759935379e-03,-2.305938117206096649e-02,-3.175347670912742615e-02,-1.048975717276334763e-02,-2.728370390832424164e-02,-9.223752655088901520e-03,-8.803904056549072266e-03,-9.462743066251277924e-03,2.184504829347133636e-02,-1.134237367659807205e-02,-1.268588937819004059e-02,2.348568849265575409e-02,-8.855577558279037476e-03,-1.368060708045959473e-02,2.638587495312094688e-03,1.710075885057449341e-03,-2.821060130372643471e-03,-4.024087917059659958e-03,-1.796952262520790100e-02,2.891142480075359344e-02,3.187620313838124275e-03,-2.659579738974571228e-03,-3.141759708523750305e-02,5.958621390163898468e-03,2.029483951628208160e-02,-6.500548869371414185e-02,1.030244026333093643e-02,2.455791831016540527e-02,-2.070822753012180328e-02,1.576854730956256390e-03,-2.415744587779045105e-02,-1.614285856485366821e-01,2.707700990140438080e-02,1.262129656970500946e-02,-1.152969058603048325e-02,2.989322505891323090e-02,-3.978873603045940399e-03,2.839468792080879211e-02,2.136706747114658356e-02,-2.175462059676647186e-02,3.465366316959261894e-03,1.824080944061279297e-02,7.492683827877044678e-03,-3.477638959884643555e-02,1.075458526611328125e-02,3.943347837775945663e-03,-1.195761258713901043e-03,-4.260494932532310486e-02,1.504995953291654587e-02,2.400242537260055542e-02,-4.727334599010646343e-04,1.070291176438331604e-02,1.357726007699966431e-02,1.246627606451511383e-02,-2.860138379037380219e-02,1.631596498191356659e-02,-9.637141600251197815e-03,-3.115922957658767700e-02,-1.652750419452786446e-03,-7.369958795607089996e-03,-1.092252414673566818e-02,-1.755613274872303009e-02,2.032067626714706421e-02,4.934836551547050476e-02,-1.588965766131877899e-02,1.230479590594768524e-02,1.678102836012840271e-02,-1.087731029838323593e-02,5.348226055502891541e-03,1.517107011750340462e-03,2.420589094981551170e-03,2.387324161827564240e-02,1.641931198537349701e-02,-5.751926917582750320e-03,3.169857431203126907e-03,-3.227990353479981422e-03,2.767125703394412994e-02,1.286028791218996048e-02,1.332212123088538647e-03,2.079865708947181702e-02,-1.048975717276334763e-02,-2.262338297441601753e-03,-1.132299564778804779e-02,-7.324744481593370438e-03,-2.792962454259395599e-02,-1.097419857978820801e-02,1.423609908670186996e-02,-3.565484192222356796e-03,3.042288124561309814e-03,-8.455106057226657867e-03,-9.637141600251197815e-03,-1.672935485839843750e-02,-1.578631065785884857e-02,3.710816381499171257e-03,-1.238876488059759140e-02,1.001823507249355316e-02,-7.453928701579570770e-03,-7.195560261607170105e-03,-1.200767233967781067e-02,3.888444509357213974e-03,2.075990103185176849e-02,-1.581214740872383118e-02,-9.172078222036361694e-03,3.276111558079719543e-02,-9.159159846603870392e-03,1.941638626158237457e-02,6.943651009351015091e-03,-1.021201163530349731e-02,1.291842013597488403e-02,6.704660132527351379e-03,-2.865305729210376740e-02,-8.655341342091560364e-03,2.945399843156337738e-02,2.008814364671707153e-03,6.313878111541271210e-03,-8.926628157496452332e-03,1.636763848364353180e-02,8.022339083254337311e-03,-2.736121416091918945e-02,-9.792163036763668060e-03,-1.900420757010579109e-04,2.209049835801124573e-02,-7.344122044742107391e-03,6.407536566257476807e-03,-2.046277746558189392e-02,2.800713665783405304e-02,1.512747071683406830e-02,1.013450138270854950e-02,1.228541787713766098e-02,6.885518319904804230e-03,-1.617224770598113537e-03,-1.324945478700101376e-03,-3.020326793193817139e-02,-4.221739992499351501e-02,3.276111558079719543e-02,1.631596498191356659e-02,-1.703939586877822876e-02,2.105702646076679230e-02,1.862836256623268127e-02,3.193433582782745361e-02,-4.854096565395593643e-03,-2.044986002147197723e-02,-2.020118059590458870e-03,2.070822753012180328e-02,3.715337812900543213e-02,3.015159443020820618e-02,3.221531165763735771e-03,-9.737259242683649063e-04,-9.026746265590190887e-04,1.519206259399652481e-02,1.322523341514170170e-03,6.056155636906623840e-02,-8.855577558279037476e-03,-7.234315387904644012e-03,2.344693290069699287e-03,-2.386032231152057648e-02,-2.626314945518970490e-02,-1.180226877331733704e-01,-3.730839863419532776e-02,4.769480973482131958e-02,4.136478155851364136e-02,2.145749703049659729e-02,-9.753407910466194153e-03,1.064477860927581787e-02,1.599300466477870941e-02,-3.495724499225616455e-02,1.248565316200256348e-02,4.734601359814405441e-03,7.692919578403234482e-03,-5.251337774097919464e-03,6.188731058500707150e-04,1.204642746597528458e-02,-1.785971689969301224e-03,-7.744593080133199692e-03,-5.751926917582750320e-03,-1.718149892985820770e-02,3.261901205405592918e-03,-1.424901746213436127e-02,2.221968257799744606e-03,-1.975226588547229767e-02,-9.230211377143859863e-03,1.644514873623847961e-02,2.308521792292594910e-02,-1.284090988337993622e-02,1.419734396040439606e-02,1.685853931121528149e-03,3.071354469284415245e-03,-2.242637798190116882e-02,1.622553542256355286e-02,-4.214634653180837631e-03,-2.694782614707946777e-02,-1.862836256623268127e-02,-1.315095182508230209e-02,-5.089857801795005798e-02,-1.378395501524209976e-02,3.611990436911582947e-02,-6.891977507621049881e-03,-1.945837051607668400e-03,-6.520572584122419357e-03,-9.824458509683609009e-03,9.197915904223918915e-03,-9.850295260548591614e-03,9.721111506223678589e-03,6.691741757094860077e-03,1.897715963423252106e-02,3.224437683820724487e-02,4.980050958693027496e-03,-4.704888910055160522e-02,1.087085064500570297e-02,6.145938765257596970e-03,-1.106462720781564713e-02,1.574755460023880005e-02,-2.924407366663217545e-03,8.022339083254337311e-03,1.400033826939761639e-03,-4.371593520045280457e-02,1.063186023384332657e-02,-1.817621849477291107e-02,2.090200409293174744e-02,9.230211377143859863e-03,2.225843816995620728e-02,9.869673289358615875e-03,-1.700064167380332947e-02,-1.683270186185836792e-02,-2.847219817340373993e-02,3.524145111441612244e-02,-1.488202065229415894e-02,1.497244928032159805e-02,2.638587495312094688e-03,-1.208518259227275848e-02,1.590257510542869568e-02,-1.901591569185256958e-02,-4.915459081530570984e-03,-2.621147595345973969e-02,-2.906644716858863831e-02,1.030889991670846939e-02,-2.041110396385192871e-02,-6.407536566257476807e-02,-1.972642913460731506e-02,1.538099488243460655e-03,-3.972414415329694748e-04,4.973591864109039307e-02,-2.330160001292824745e-03,-5.428966134786605835e-03,-1.988144963979721069e-02,-1.935179345309734344e-02,1.616094447672367096e-02,-2.872733864933252335e-03,2.887266920879483223e-03,1.096128020435571671e-02,-1.029598154127597809e-02,-1.842489698901772499e-03,2.620824612677097321e-03,-2.255556173622608185e-02,-1.648390479385852814e-02,-2.557847183197736740e-03,1.467532571405172348e-02,-3.231219947338104248e-03,-9.068731218576431274e-03,-5.420569330453872681e-02,2.958318404853343964e-02,-2.491963282227516174e-02,-1.172346621751785278e-02,2.479044906795024872e-02,-2.490671537816524506e-02,1.888673007488250732e-02,-2.870473079383373260e-02,-2.108932239934802055e-03,-4.056383855640888214e-03,-2.428663149476051331e-02,1.618678122758865356e-02,5.480640102177858353e-03,-1.259545981884002686e-02,-1.466240733861923218e-02,9.317410876974463463e-04,3.932367265224456787e-02,2.202590741217136383e-02,5.251337774097919464e-03,2.448040619492530823e-02,7.143886759877204895e-03,1.137466914951801300e-02,-2.385870757279917598e-04,3.159845620393753052e-02,1.285382895730435848e-03,2.498422563076019287e-02,1.936148270033299923e-03,2.769709378480911255e-02,-8.371136151254177094e-03,-1.278116251341998577e-03,-7.893155328929424286e-03,-2.539761550724506378e-02,4.870244767516851425e-03,6.859681103378534317e-03,-5.129521377966739237e-05,-2.501006238162517548e-02,-9.507957845926284790e-03,2.419620193541049957e-02,1.141988392919301987e-02,6.929440796375274658e-02,-9.714651852846145630e-03,-2.870473079383373260e-02,8.823281154036521912e-03,1.145702437497675419e-03,5.664424861606676131e-06,9.746948257088661194e-03,-2.387324161827564240e-02,1.973934657871723175e-02,1.406816020607948303e-02,7.557276170700788498e-03,6.627149879932403564e-03,3.015159443020820618e-02,1.714920275844633579e-03,-1.988225703826174140e-04,-2.380864880979061127e-02,-4.244992882013320923e-02,2.769709378480911255e-02,1.567165949381887913e-03,3.097191220149397850e-03,-3.193433582782745361e-02,2.193547785282135010e-02,8.687637746334075928e-03,-5.703482776880264282e-03,-6.375240627676248550e-03,1.790493167936801910e-02,1.352558657526969910e-02,6.242826581001281738e-03,3.098806133493781090e-03,-1.107754558324813843e-02,4.040236119180917740e-03,-1.933887600898742676e-02,7.460387889295816422e-03,-1.203027903102338314e-03,2.161251753568649292e-02,-1.025399658828973770e-03,1.955848932266235352e-02,2.250388823449611664e-02,8.642422966659069061e-03,-1.014741975814104080e-02,-5.567839369177818298e-03,4.118392616510391235e-02,-1.752060838043689728e-03,-1.561837084591388702e-02,1.027821796014904976e-03,1.414567045867443085e-02,6.200842093676328659e-03,-3.198924008756875992e-03,-8.371136151254177094e-03,-1.261160825379192829e-03,-2.515862463042140007e-03,7.318285293877124786e-03,3.688208991661667824e-03,1.623845472931861877e-02,-3.843230195343494415e-03,3.195694182068109512e-03,1.972642913460731506e-02,-1.543751265853643417e-02,-6.853221915662288666e-03,5.231960210949182510e-03,3.578402474522590637e-02,-1.658402266912162304e-03,-8.390514180064201355e-03,4.615105688571929932e-03,8.216115646064281464e-03,-2.010106295347213745e-02,2.330483123660087585e-02,-1.180097740143537521e-02,-1.437820214778184891e-02,-3.606823086738586426e-02,3.063280368223786354e-03,1.826664619147777557e-02,-8.939547464251518250e-03,2.636972581967711449e-03,-3.597780130803585052e-03,-4.734601359814405441e-03,1.281507313251495361e-02,2.387324161827564240e-02,2.754853107035160065e-03,-7.757511455565690994e-03,6.004481762647628784e-02,7.479765452444553375e-03,8.913709782063961029e-03,1.445571240037679672e-02,-2.644400671124458313e-02,1.140696555376052856e-02,1.999771595001220703e-02,5.739008542150259018e-03,-1.278923638164997101e-02,-1.871879212558269501e-02,1.288612466305494308e-02,1.159428246319293976e-02,-6.242826581001281738e-03,-6.827385164797306061e-03,-7.395796012133359909e-03,1.211101934313774109e-02,1.591549441218376160e-02,-3.849689383059740067e-03,2.331774868071079254e-02,-2.110869996249675751e-02,2.842052467167377472e-02,-5.177056882530450821e-03,-2.986738830804824829e-02,-1.702647842466831207e-02,6.601313129067420959e-03,2.625023014843463898e-02,9.023516438901424408e-03,2.114745415747165680e-02,4.498839844018220901e-03,-1.386146526783704758e-02,-3.043902805075049400e-03,-3.299364447593688965e-02,1.661308854818344116e-02,-3.743758425116539001e-02,-1.285382825881242752e-02,-4.166190512478351593e-03,4.214634653180837631e-03,2.590143308043479919e-02,7.363499607890844345e-03,1.156198675744235516e-03,4.061551392078399658e-02,1.529540959745645523e-02,-1.191724278032779694e-02,-4.453625530004501343e-03,-6.640068255364894867e-03,-2.597894333302974701e-02,-8.700556121766567230e-03,-7.273070979863405228e-03,5.603365134447813034e-03,-3.686917200684547424e-02,8.461565710604190826e-03,1.059956382960081100e-02,-4.268246144056320190e-02,-2.618563920259475708e-02,7.867318578064441681e-03,-8.164442144334316254e-03,1.386146526783704758e-02,-5.910177249461412430e-03,2.643108926713466644e-02,-8.325922302901744843e-03,2.071791794151067734e-03,3.325201570987701416e-02,-2.821383066475391388e-02,-1.778866536915302277e-02,3.444050997495651245e-02,5.005888175219297409e-03,-1.472699921578168869e-02,1.173154101707041264e-03,-1.629012823104858398e-02
-2.342126332223415375e-02,-1.039760094135999680e-02,-1.788920536637306213e-02,5.382091621868312359e-04,-2.016868069767951965e-02,3.071291372179985046e-02,-1.611628197133541107e-02,7.331641972996294498e-04,-2.284806221723556519e-02,-2.004870772361755371e-02,1.995539478957653046e-02,7.524930406361818314e-03,-1.987541466951370239e-02,-2.988643757998943329e-02,-1.327193807810544968e-03,-3.455869387835264206e-03,1.121741160750389099e-02,2.956651151180267334e-02,-2.993975952267646790e-02,-9.384501725435256958e-03,-5.028839688748121262e-03,1.078917761333286762e-03,1.088415551930665970e-02,-7.651567924767732620e-03,-6.281883921474218369e-03,-5.235458724200725555e-03,1.028429344296455383e-02,-2.664718590676784515e-02,-1.716937124729156494e-02,-9.851060807704925537e-03,-2.207824029028415680e-03,-3.007639432325959206e-03,-3.236586600542068481e-02,-1.991540566086769104e-02,-1.996872574090957642e-02,-2.794021926820278168e-02,-1.324361097067594528e-02,-9.977697394788265228e-03,1.353021152317523956e-02,-1.069753151386976242e-02,-8.784639649093151093e-03,-2.292804233729839325e-02,1.819580234587192535e-02,-1.303699240088462830e-02,-2.919326350092887878e-02,4.965520929545164108e-03,-2.159501798450946808e-02,-3.087287582457065582e-02,-3.535184264183044434e-02,-8.127291221171617508e-04,4.092388972640037537e-02,-2.336794137954711914e-02,-2.367453835904598236e-02,-1.770258136093616486e-02,-1.674280315637588501e-02,3.549181157723069191e-03,-1.650285907089710236e-02,1.168397068977355957e-02,1.151067763566970825e-02,-1.535645686089992523e-02,1.751595921814441681e-02,1.494321878999471664e-02,-1.726268418133258820e-02,1.526314485818147659e-02,-1.397010963410139084e-02,1.087082549929618835e-02,7.431618869304656982e-03,-1.846240647137165070e-02,-3.174267709255218506e-03,-8.937938138842582703e-03,2.290138229727745056e-02,3.929759934544563293e-02,1.756927929818630219e-02,-9.777744300663471222e-03,2.855341136455535889e-02,-3.977748751640319824e-02,1.355020701885223389e-02,-3.765797708183526993e-03,-6.495167966932058334e-03,-5.545387044548988342e-03,6.945064291357994080e-03,-3.948422148823738098e-02,-6.891743279993534088e-03,1.365018356591463089e-02,1.936886459589004517e-02,3.865774720907211304e-03,-2.124843001365661621e-02,1.854238845407962799e-02,2.354123443365097046e-02,-3.764464706182479858e-02,5.993283912539482117e-02,1.302366144955158234e-02,-9.677766822278499603e-03,1.830244436860084534e-02,-3.831116110086441040e-02,-1.235048379749059677e-02,-9.151222184300422668e-03,3.561844676733016968e-02,-2.957650925964117050e-03,-1.636955700814723969e-02,2.051526680588722229e-02,-1.782255433499813080e-02,1.005101390182971954e-02,-2.636058488860726357e-03,-2.227486111223697662e-02,-3.172601386904716492e-02,-8.284755051136016846e-03,-1.938219554722309113e-02,4.465636331588029861e-03,-2.347458340227603912e-02,-1.367684453725814819e-02,4.993514344096183777e-02,9.764413698576390743e-04,-2.871337532997131348e-02,3.679151181131601334e-03,-4.378989804536104202e-03,-2.551411278545856476e-02,4.155708011239767075e-03,-2.961983159184455872e-02,-1.775590330362319946e-02,-3.287241607904434204e-02,8.711323142051696777e-03,2.614063583314418793e-02,-2.788689918816089630e-02,2.871337532997131348e-02,3.177933394908905029e-02,-9.557794779539108276e-03,5.423748516477644444e-04,-2.327463030815124512e-02,4.625599365681409836e-03,3.689815476536750793e-02,1.732933521270751953e-02,1.009767036885023117e-02,-4.928862676024436951e-03,1.097080204635858536e-02,1.991540566086769104e-02,-2.075521089136600494e-02,-9.291189722716808319e-03,-2.308800630271434784e-02,-1.642287708818912506e-02,-2.303468436002731323e-02,1.988874375820159912e-02,1.407675165683031082e-02,-1.882232353091239929e-02,1.523648481816053391e-02,-8.456382201984524727e-04,2.395447343587875366e-02,6.668461486697196960e-03,-3.150939708575606346e-03,-1.191725023090839386e-02,1.113076508045196533e-02,-4.255684558302164078e-03,1.084416452795267105e-02,-1.796918734908103943e-02,-7.238329853862524033e-03,6.201902404427528381e-03,-2.131508290767669678e-02,5.089492350816726685e-02,-2.544412855058908463e-03,-1.417006365954875946e-02,1.225717179477214813e-02,-1.108410954475402832e-02,1.786254532635211945e-02,-1.035094540566205978e-02,1.646286807954311371e-02,2.943320944905281067e-02,-1.095747202634811401e-02,-3.352559870108962059e-03,-2.868671528995037079e-02,-2.150170505046844482e-02,2.344792336225509644e-02,3.228588402271270752e-02,-1.790253631770610809e-02,3.108616173267364502e-02,-1.656284555792808533e-03,1.580968499183654785e-02,-4.788895137608051300e-03,-4.758901894092559814e-03,-3.407213836908340454e-02,5.502063781023025513e-03,-2.034197375178337097e-02,1.291701942682266235e-02,3.551180660724639893e-02,8.864621631801128387e-03,-8.924607187509536743e-03,-1.447665970772504807e-02,1.663616113364696503e-02,2.984311431646347046e-03,-1.827578246593475342e-02,2.301135798916220665e-03,9.551129303872585297e-03,1.267707534134387970e-02,2.900997409597039223e-03,-1.651619002223014832e-02,-6.240693330764770508e-01,-5.592043045908212662e-03,-1.439667865633964539e-02,-2.442103251814842224e-02,4.529621452093124390e-02,2.042195387184619904e-02,2.232818119227886200e-02,1.154400315135717392e-02,-3.351226821541786194e-02,-7.838191464543342590e-03,-3.095285780727863312e-02,1.792919635772705078e-02,-1.325694099068641663e-02,-2.251480519771575928e-02,6.865082774311304092e-03,-2.019534073770046234e-02,-1.468994375318288803e-02,-8.484709076583385468e-03,-1.458330173045396805e-02,3.535850904881954193e-03,-1.800917834043502808e-02,-5.991950631141662598e-03,9.857725352048873901e-03,-1.487656775861978531e-02,1.830244436860084534e-02,2.912661293521523476e-03,7.798200938850641251e-03,-2.651388198137283325e-02,-3.799123456701636314e-03,2.259478718042373657e-02,-3.591171279549598694e-02,1.540977787226438522e-02,-1.604963093996047974e-02,-4.394819261506199837e-04,3.633828088641166687e-02,4.505626857280731201e-03,-1.052423845976591110e-02,2.506088465452194214e-02,2.026199176907539368e-02,2.751365117728710175e-02,-2.444436075165867805e-03,8.721945778233930469e-05,1.113076508045196533e-02,-7.724884431809186935e-03,-1.585467485710978508e-03,1.512984279543161392e-02,2.210156805813312531e-02,3.207593224942684174e-03,1.435668766498565674e-02,-2.601066604256629944e-03,2.342792693525552750e-03,-1.410341262817382812e-02,-1.047091744840145111e-02,-5.748673807829618454e-03,1.435668766498565674e-02,8.298085071146488190e-03,3.876439109444618225e-02,-2.831346727907657623e-02,7.978159002959728241e-03,9.257864207029342651e-03,-1.448998972773551941e-02,2.256812527775764465e-02,-1.183060370385646820e-02,-2.054192684590816498e-02,-7.018380798399448395e-03,4.103053361177444458e-02,4.718911368399858475e-03,1.121741160750389099e-02,4.935527686029672623e-03,2.206157706677913666e-02,7.831525988876819611e-03,1.167064066976308823e-02,-8.684663102030754089e-03,1.530313584953546524e-02,1.252377685159444809e-02,2.219487912952899933e-03,-1.430503325536847115e-03,-2.412776648998260498e-02,-2.094183489680290222e-02,5.825322587043046951e-03,1.258376333862543106e-02,-2.095516584813594818e-02,-3.157604718580842018e-03,-8.164783008396625519e-03,4.508293047547340393e-02,2.732702763751149178e-03,-2.706042304635047913e-02,-4.872209392488002777e-03,1.981209497898817062e-03,-1.542310789227485657e-02,-1.897895475849509239e-03,3.020636364817619324e-02,2.430105954408645630e-02,-8.744648657739162445e-03,3.367556259036064148e-03,-7.851521484553813934e-03,-2.080853283405303955e-02,-9.224538691341876984e-03,3.073957376182079315e-02,1.195724122226238251e-02,1.067087147384881973e-02,-7.978159002959728241e-03,6.715117488056421280e-03,-5.811992567032575607e-03,1.547642890363931656e-02,1.379681657999753952e-02,-2.219487912952899933e-02,1.486323773860931396e-02,1.387679856270551682e-02,-1.102412305772304535e-02,1.309031341224908829e-02,7.991489022970199585e-03,1.579635590314865112e-02,-1.923556253314018250e-02,-2.957650925964117050e-03,-2.943320944905281067e-02,1.744930818676948547e-02,6.485170219093561172e-03,6.001948378980159760e-03,-1.892896555364131927e-02,-6.486003403551876545e-04,1.139737013727426529e-02,-5.242123734205961227e-03,-1.944884657859802246e-02,-8.264759555459022522e-03,3.140608593821525574e-02,1.090415101498365402e-02,-4.374990612268447876e-02,-2.084519015625119209e-03,-1.959547959268093109e-02,2.626477216836065054e-04,6.688456982374191284e-03,1.072419248521327972e-02,-5.861980840563774109e-03,1.626291498541831970e-02,-2.748699113726615906e-02,1.696941815316677094e-02,-2.467430755496025085e-02,3.265913203358650208e-02,-1.599630899727344513e-02,-4.892204422503709793e-03,-9.164552204310894012e-03,1.456997171044349670e-02,-2.190161310136318207e-02,2.322130836546421051e-02,-3.615165874361991882e-02,6.685124244540929794e-03,-3.239252790808677673e-02,-2.579404786229133606e-02,9.906047489494085312e-04,-8.591767982579767704e-05,-4.862211644649505615e-03,-3.892435133457183838e-02,2.101181773468852043e-03,-1.463662274181842804e-02,-1.269040536135435104e-02,-2.847259747795760632e-04,-6.758440751582384109e-03,1.771591231226921082e-02,-3.969750553369522095e-02,1.343023497611284256e-02,3.801789507269859314e-02,-3.024302131962031126e-04,3.578340983949601650e-04,4.915532772429287434e-04,-4.035735502839088440e-03,1.120408158749341965e-02,1.422338467091321945e-02,-2.180830202996730804e-02,-3.220590204000473022e-02,-1.185059919953346252e-02,9.191212244331836700e-03,-1.584967598319053650e-02,5.748673807829618454e-03,5.542054772377014160e-03,6.115255877375602722e-03,-1.300366595387458801e-02,-2.779358765110373497e-03,-1.008434034883975983e-02,1.904893852770328522e-02,3.522520652040839195e-03,-1.097080204635858536e-02,-2.460765652358531952e-02,-3.689148696139454842e-03,-7.238329853862524033e-03,-3.183265402913093567e-02,2.026199130341410637e-03,1.918224059045314789e-02,-1.650285907089710236e-02,1.122407708317041397e-02,-1.407675165683031082e-02,4.482299089431762695e-03,1.191725023090839386e-02,2.127842279151082039e-03,-1.011766586452722549e-02,3.609833866357803345e-02,3.652490675449371338e-03,1.242380030453205109e-02,2.626060694456100464e-02,4.199030995368957520e-02,-2.144505269825458527e-03,5.971955601125955582e-03,4.177702590823173523e-02,-1.070419698953628540e-02,2.895331941545009613e-02,-2.108846791088581085e-02,2.266143821179866791e-02,-2.002204768359661102e-02,3.001973964273929596e-02,-8.589684730395674706e-04,-2.274142019450664520e-02,-5.329437181353569031e-02,-1.686277613043785095e-02,1.311697345227003098e-02,-2.591068856418132782e-03,1.770258136093616486e-02,5.268784239888191223e-03,-1.131738908588886261e-02,-1.863569952547550201e-02,-4.192366264760494232e-03,-7.391627877950668335e-03,5.482068285346031189e-03,5.268784239888191223e-03,-1.281037740409374237e-02,-3.145940974354743958e-02,1.354687381535768509e-03,2.719372510910034180e-02,2.538081072270870209e-02,-4.648927133530378342e-03,6.671793758869171143e-03,-1.708939112722873688e-02,-1.518316380679607391e-02,-6.811761762946844101e-03,1.786254532635211945e-02,-1.879566349089145660e-02,-2.687379904091358185e-02,2.303468436002731323e-02,-1.446332968771457672e-02,2.710041403770446777e-02,-3.636494278907775879e-02,1.264374982565641403e-02,3.272578353062272072e-03,1.584967598319053650e-02,-4.362327046692371368e-03,1.018431689590215683e-02,1.139737013727426529e-02,1.874234154820442200e-02,-1.235048379749059677e-02,4.795560147613286972e-03,2.823348529636859894e-02,-1.736932620406150818e-02,2.761029638350009918e-03,-3.036632761359214783e-02,-3.665820928290486336e-03,8.917942643165588379e-03,-2.162167802453041077e-02,-6.618472747504711151e-03,1.203888896270655096e-04,4.121715575456619263e-02,1.379681657999753952e-02,-6.965059787034988403e-03,-5.898639094084501266e-03,2.839344926178455353e-02,4.209029022604227066e-03,1.743597723543643951e-02,3.909097984433174133e-03,1.433002669364213943e-02,-2.599400281906127930e-02,-2.534081973135471344e-02,-8.784639649093151093e-03,-4.805557895451784134e-03,-1.468994375318288803e-02,8.731318637728691101e-03,-1.000435836613178253e-02,-2.138173393905162811e-02,-6.035274360328912735e-03,1.422338467091321945e-02,2.948652952909469604e-02,1.527647487819194794e-02,1.237214601133018732e-04,-2.344792336225509644e-02,-1.488989777863025665e-02,6.878412794321775436e-03,-1.015765592455863953e-02,-4.772232379764318466e-03,-8.671332150697708130e-03,-1.638288609683513641e-02,5.901971366256475449e-03,-3.377887234091758728e-02,1.174395717680454254e-02,-1.685444498434662819e-03,3.382552880793809891e-03,8.737984113395214081e-03,9.624445810914039612e-03,-5.608705803751945496e-03,-2.807352319359779358e-02,2.656720392405986786e-02,-2.024866081774234772e-02,2.206157706677913666e-02,-1.589633175171911716e-03,-7.884847000241279602e-03,-1.679612509906291962e-02,-5.273783463053405285e-04,-1.093747653067111969e-02,3.372555226087570190e-02,-8.224768564105033875e-03,2.407444454729557037e-02,-2.905996143817901611e-02,3.255915362387895584e-03,-1.636955700814723969e-02,-2.562075480818748474e-02,7.851521484553813934e-03,-4.982183687388896942e-03,8.631342090666294098e-03,-1.327693648636341095e-02,-1.734266430139541626e-02,-9.637775830924510956e-03,1.476992573589086533e-02,1.590299792587757111e-02,2.895998535677790642e-03,3.732472250703722239e-04,-1.359019801020622253e-02,-2.467430755496025085e-02,1.526314485818147659e-02,9.320516139268875122e-02,2.559409476816654205e-02,2.070189081132411957e-02,3.759132698178291321e-03,2.310133725404739380e-02,3.447204455733299255e-02,-4.225691780447959900e-02,-1.827578246593475342e-02,6.391858682036399841e-03,-2.431105822324752808e-03,-1.421005465090274811e-02,1.537145290058106184e-04,1.306365244090557098e-02,1.751595921814441681e-02,1.313696894794702530e-02,3.489861637353897095e-02,-1.455664169043302536e-02,1.161731965839862823e-02,1.640954799950122833e-02,-1.555641088634729385e-02,3.535850904881954193e-03,8.218936854973435402e-04,-8.911277167499065399e-03,7.631572429090738297e-03,1.919557154178619385e-02,-7.824861444532871246e-03,2.059524878859519958e-02,2.472762763500213623e-02,-6.305211689323186874e-03,-1.177728269249200821e-02,1.313030370511114597e-03,1.522315386682748795e-02,-6.038606632500886917e-03,5.682022310793399811e-03,-2.335461229085922241e-02,-3.692481433972716331e-03,3.895767731592059135e-03,4.292342811822891235e-02,-4.672255367040634155e-03,1.353687699884176254e-02,-7.919006166048347950e-04,2.314132638275623322e-02,8.424722589552402496e-03,-3.561844676733016968e-02,2.889999933540821075e-02,-8.431388065218925476e-03,-2.524750865995883942e-02,3.529185662046074867e-03,-1.058422494679689407e-02,-1.147068664431571960e-02,3.887103125452995300e-02,-3.535184264183044434e-02,-4.159040376543998718e-02,-1.127073261886835098e-02,-1.138070714659988880e-03,1.748929731547832489e-02,1.710272021591663361e-02,-3.157604718580842018e-03,-8.471379056572914124e-03,5.225460976362228394e-03,-1.239713979884982109e-03,-3.089953772723674774e-02,1.936886459589004517e-02,-2.499423222616314888e-03,-3.367223218083381653e-02,-1.196390669792890549e-02,-2.234151214361190796e-02,1.361685805022716522e-02,-1.223717629909515381e-02,-1.284370291978120804e-02,-1.856904849410057068e-02,7.523263921029865742e-04,-1.387679856270551682e-02,1.992873474955558777e-02,5.052167549729347229e-02,3.374221501871943474e-03,-6.051937118172645569e-03,-1.564972288906574249e-02,1.755595020949840546e-02,2.146171405911445618e-02,-9.737753309309482574e-03,-1.616960205137729645e-02,7.564921397715806961e-03,-9.664436802268028259e-03,-3.460535034537315369e-02,1.838242448866367340e-02,-2.254146523773670197e-02,-6.501832976937294006e-03,-1.746263727545738220e-02,9.685265104053542018e-05,9.971032850444316864e-03,-5.462073255330324173e-03,-4.798892885446548462e-03,-3.508523851633071899e-02,-2.915993798524141312e-03,3.324232995510101318e-03,2.248814515769481659e-02,-2.056858688592910767e-02,-3.364557027816772461e-02,3.702478948980569839e-03,8.791305124759674072e-03,1.591632701456546783e-02,1.708939112722873688e-02,2.362788189202547073e-03,2.291471324861049652e-02,3.121946379542350769e-02,7.464944384992122650e-03,4.822220653295516968e-03,-2.542080171406269073e-02,-8.931272896006703377e-04,1.624958403408527374e-02,-1.930221356451511383e-02,8.431388065218925476e-03,-4.392319824546575546e-03,-1.687610708177089691e-02,2.959317155182361603e-02,-1.771257957443594933e-03,3.655156493186950684e-02,4.420313611626625061e-02,4.139044787734746933e-03,-7.791535463184118271e-03,-1.334358751773834229e-02,2.042195387184619904e-02,-1.109077408909797668e-02,-1.081083901226520538e-02,1.410341262817382812e-02,4.842216148972511292e-03,-1.084416452795267105e-02,2.432771958410739899e-02,8.857956156134605408e-03,-3.265913110226392746e-04,-6.315209320746362209e-04,-1.848906651139259338e-02,1.129072811454534531e-02,-3.145940974354743958e-02,-1.543643791228532791e-02,-4.852213896811008453e-03,1.559640187770128250e-02,-2.252813614904880524e-02,7.391627877950668335e-03,-8.278089575469493866e-03,-1.991207245737314224e-03,-2.929990552365779877e-02,-7.878182455897331238e-03,5.901971366256475449e-03,-4.777564480900764465e-02,1.007767487317323685e-02,1.636289176531136036e-03,-1.289702393114566803e-02,2.648722194135189056e-02,-3.845779225230216980e-03,1.775590330362319946e-02,-1.819580234587192535e-02,1.131072361022233963e-02,4.282345180399715900e-04,-2.404778450727462769e-02,-1.516983285546302795e-02,2.809768484439700842e-04,1.536978688091039658e-02,3.145940974354743958e-02,1.984875276684761047e-02,3.885770216584205627e-03,1.860903948545455933e-02,-1.219052076339721680e-02,-7.418288383632898331e-03,8.118126541376113892e-03,2.107513695955276489e-02,-1.606296002864837646e-02,-1.652951911091804504e-02,1.578302495181560516e-02,2.458099462091922760e-02,4.858878906816244125e-03,2.372785843908786774e-02,3.140608593821525574e-02,-1.178894672193564475e-04,2.199492603540420532e-02,8.564690360799431801e-04,-2.215488813817501068e-02,-4.688918124884366989e-03,-5.444077402353286743e-02,-9.839396225288510323e-04,-8.478043600916862488e-03,2.303468436002731323e-02,1.112409960478544235e-02,-2.346125431358814240e-02,-1.543643791228532791e-02,1.804916933178901672e-02,-2.746033109724521637e-02,-4.488964099436998367e-03,-5.148812197148799896e-03,1.970212161540985107e-02,-3.887103125452995300e-02,1.959547959268093109e-02,-1.231049280613660812e-02,-2.576488768681883812e-04,1.514317281544208527e-02,-1.172646079794503748e-04,1.272373087704181671e-02,-4.515624605119228363e-03,3.804455697536468506e-02,2.583403885364532471e-02,2.148837596178054810e-02,-1.851572841405868530e-02,3.282575868070125580e-03,-5.855315830558538437e-03,5.268117785453796387e-02,-1.486323773860931396e-02,-4.762234631925821304e-03,-8.311416022479534149e-03,1.241713482886552811e-02,-1.279704738408327103e-02,-1.776923425495624542e-02,-8.251429535448551178e-03,-2.675382792949676514e-02,3.556512668728828430e-02,-9.751083329319953918e-03,-6.431849207729101181e-03,5.735343322157859802e-03,-1.698274910449981689e-02,-3.399215638637542725e-02,1.254377234727144241e-02,-8.171447552740573883e-03,1.897999572975095361e-05,1.169063616544008255e-02,1.572970487177371979e-02,3.156604990363121033e-02,-1.484657404944300652e-03,-3.439206629991531372e-02,-5.685355048626661301e-03,8.024815469980239868e-03,4.552282858639955521e-03,-2.059524878859519958e-03,2.112845890223979950e-02,8.604681119322776794e-03,-2.842010930180549622e-02,-1.599630899727344513e-02,7.624907419085502625e-03,-2.683380804955959320e-02,-3.604501485824584961e-02,-2.738951297942548990e-04,-2.526083728298544884e-03,-2.400779351592063904e-02,-1.089748553931713104e-02,4.109052009880542755e-03,1.255710236728191376e-02,-8.381399675272405148e-04,-9.051244705915451050e-03,2.020866982638835907e-02,-4.004409536719322205e-02,-4.392319824546575546e-03,-1.081083901226520538e-02,2.078187093138694763e-02,-1.405009161680936813e-02,3.081955574452877045e-02,2.431439049541950226e-02,-8.624676614999771118e-03,-3.615832421928644180e-03,-1.527647487819194794e-02,-2.286139177158474922e-03,1.299033593386411667e-02,-2.616062993183732033e-03,2.319464832544326782e-02,4.142377525568008423e-03,-1.802250742912292480e-02,1.301033142954111099e-02,2.799354121088981628e-02,-8.378067053854465485e-03,1.858237944543361664e-02,-7.298315875232219696e-03,2.006203867495059967e-02,1.152234151959419250e-03,-1.143736112862825394e-02,9.372837375849485397e-04,1.180977487820200622e-04,8.444718085229396820e-03,1.738265529274940491e-02,1.241713482886552811e-02,4.628932103514671326e-03,1.911225728690624237e-03,-1.299700140953063965e-02,-1.453831209801137447e-03,-7.814863347448408604e-04,1.972878118976950645e-03,-3.383219242095947266e-02,-3.869107225909829140e-03,-2.631392888724803925e-02,-8.171447552740573883e-03,-1.397010963410139084e-02,8.991259150207042694e-03,4.335666075348854065e-03,-2.479427866637706757e-02,-1.963546872138977051e-02,-7.038375828415155411e-03,9.471148252487182617e-03,-1.682278513908386230e-02,1.328360196202993393e-02,2.091517485678195953e-02,1.867569051682949066e-02,-3.695813938975334167e-03,3.025968559086322784e-02,-1.756927929818630219e-02,1.688777003437280655e-03,-2.479427866637706757e-02,1.051090843975543976e-02,2.341126557439565659e-03,-2.431439049541950226e-02,6.261888425797224045e-03,-2.207824029028415680e-03,-1.109077408909797668e-02,3.525853157043457031e-03,1.088082324713468552e-03,3.988413140177726746e-02,2.519418671727180481e-02,3.972416743636131287e-03,2.617729362100362778e-03,1.660950109362602234e-02,1.918224059045314789e-02,-1.387679856270551682e-02,-3.148606792092323303e-02,3.545848652720451355e-02,-8.031480014324188232e-03,8.284755051136016846e-03,3.703145682811737061e-02,-3.319234028458595276e-02,-6.381860584951937199e-04,1.083749905228614807e-02,1.383680757135152817e-02,1.944884657859802246e-02,-2.095516584813594818e-02,-2.331462129950523376e-02,-5.958625115454196930e-03,1.290368940681219101e-02,-7.724884431809186935e-03,-9.177882224321365356e-03,5.765336565673351288e-03,-1.451665069907903671e-02,7.851521484553813934e-03,-5.725345574319362640e-03,-2.519418718293309212e-03,-1.694275811314582825e-02,-1.129072811454534531e-02,6.055269390344619751e-03,2.619395731016993523e-03,1.530313584953546524e-02,-8.158117532730102539e-03,6.395190954208374023e-03,-1.209720876067876816e-02,-2.454100362956523895e-02,-2.644723094999790192e-02,-3.703145682811737061e-02,-1.143736112862825394e-02,3.177933394908905029e-02,1.375682558864355087e-02,-3.348560631275177002e-02,4.355661571025848389e-03,-6.681791506707668304e-03,-3.820451721549034119e-02,-1.122241024859249592e-03,-2.179497154429554939e-03,2.826014533638954163e-02,1.173729170113801956e-02,2.436771057546138763e-02,6.431849207729101181e-03,-6.411020876839756966e-04,1.503653079271316528e-02,-1.249711681157350540e-02,-2.599400281906127930e-02,-2.778025716543197632e-02,8.518034592270851135e-03,-2.662052400410175323e-02,-4.055730998516082764e-03,1.615627296268939972e-02,-4.233689978718757629e-02,-2.158168703317642212e-02,3.124612383544445038e-02,-7.891512475907802582e-03,2.127842279151082039e-03,-5.361263174563646317e-04,2.259478671476244926e-03,-1.959547959268093109e-02,2.444436075165867805e-03,-1.093081105500459671e-02,1.375682558864355087e-02,-5.638699047267436981e-03,-7.458279374986886978e-03,-6.188571918755769730e-03,1.044425647705793381e-02,6.211900152266025543e-03,-8.218104019761085510e-03,-2.620728686451911926e-02,5.158809479326009750e-03,2.152836695313453674e-02,1.061755046248435974e-02,-4.139044787734746933e-03,-1.234381832182407379e-02,-1.075751800090074539e-02,2.591068856418132782e-03,-4.545617848634719849e-03,3.729806095361709595e-02,2.039529383182525635e-02,-2.328795939683914185e-02,1.111743506044149399e-02,-1.808916032314300537e-02,-1.787587627768516541e-02,4.042400512844324112e-03,9.684432297945022583e-03,6.601809989660978317e-03,-3.925760742276906967e-03,1.752928830683231354e-02,-1.290368940681219101e-02,2.464764565229415894e-02,1.076418347656726837e-02,-1.137737464159727097e-02,-7.364967372268438339e-03,1.299033593386411667e-02,-7.211669348180294037e-03,2.784357639029622078e-03,-2.159501798450946808e-02,2.427439950406551361e-02,2.470096759498119354e-02,-2.908662147819995880e-02,1.852905750274658203e-02,5.535389296710491180e-03,3.665820928290486336e-03,5.732010584324598312e-03,-3.724474087357521057e-02,-1.502320077270269394e-02,-1.009767036885023117e-02,-1.795585639774799347e-02,-4.985516425222158432e-03,3.649157937616109848e-03,-1.739598624408245087e-02,-1.884898357093334198e-02,-1.151400967501103878e-03,6.438514217734336853e-03,-3.182599029969424009e-04,1.780922412872314453e-01,-2.180830202996730804e-02,1.802917337045073509e-03,3.676484897732734680e-02,1.057089399546384811e-02,-4.415648058056831360e-03,3.297905623912811279e-02,1.567638292908668518e-02,-1.397010963410139084e-02,2.295470423996448517e-02,-3.308570012450218201e-02,-4.505626857280731201e-03,-5.936130182817578316e-04,-7.739880820736289024e-04,-2.794355154037475586e-03,-4.225691780447959900e-02,-2.422107756137847900e-02,-4.057730361819267273e-02,-3.415212035179138184e-02,-2.579404786229133606e-02,8.544695563614368439e-03,2.244815416634082794e-02,1.394344959408044815e-02,-2.683380804955959320e-02,2.644723094999790192e-02,1.393011957406997681e-02,9.684432297945022583e-03,-5.998615961289033294e-05,2.099515497684478760e-02,1.058422494679689407e-02,-3.025968559086322784e-02,-7.877349271439015865e-04,2.151170279830694199e-03,8.427222492173314095e-04,-1.892896555364131927e-02,1.057755947113037109e-02,2.368786744773387909e-02,-3.164603188633918762e-02,-7.852354901842772961e-04,4.998846445232629776e-03,-1.976877264678478241e-02,1.125781927839852870e-04,-1.249711681157350540e-02,-7.584916427731513977e-03,1.297034043818712234e-02,2.422107756137847900e-02,-4.602271597832441330e-03,-3.644492477178573608e-02,2.776026260107755661e-03,9.897716343402862549e-03,-5.614704638719558716e-02,8.384732529520988464e-03,4.366992413997650146e-02,1.167064066976308823e-02,9.391166269779205322e-03,2.347791567444801331e-03,1.654285006225109100e-02,-2.832679776474833488e-03,-9.244533255696296692e-03,-1.180394273251295090e-02,-1.371683552861213684e-02,1.149068213999271393e-02,-2.102848142385482788e-03,3.271245211362838745e-02,1.251044683158397675e-02,2.574072778224945068e-02,-2.897997945547103882e-02,-5.735343322157859802e-03,6.725114770233631134e-03,-1.544976886361837387e-02,-2.743367105722427368e-02,3.729139687493443489e-03,-5.082160932943224907e-04,1.619626395404338837e-02,-5.562049802392721176e-03,-1.560973189771175385e-02,-7.218334358185529709e-03,1.689610187895596027e-03,1.026429794728755951e-02,3.942423500120639801e-03,1.811582036316394806e-02,-2.179497107863426208e-02,4.132379777729511261e-03,-1.863569952547550201e-02,2.905996283516287804e-03,-2.071521990001201630e-02,3.084621578454971313e-02,5.162142217159271240e-03,-3.361890837550163269e-02,2.743367105722427368e-02,2.483426965773105621e-02,-1.123740710318088531e-02,-1.618293300271034241e-02,-9.404497221112251282e-03,-9.517803788185119629e-03,1.301366370171308517e-03,-8.244764059782028198e-03,2.487426064908504486e-02,-1.706897892290726304e-04,-4.772232379764318466e-03,-9.691097773611545563e-03,1.599630899727344513e-02,5.988618358969688416e-03,1.001102384179830551e-02,-2.166166901588439941e-02,-6.281883688643574715e-04,1.094747451134026051e-03,4.217693582177162170e-02,1.437001768499612808e-02,-1.883565448224544525e-02,1.331692747771739960e-02,-2.395447343587875366e-02,-1.771591231226921082e-02,-1.369017455726861954e-02,1.448998972773551941e-02,3.374221501871943474e-03,-1.179061271250247955e-02,-2.550078369677066803e-02,6.505165994167327881e-02,1.222384627908468246e-02,1.256376784294843674e-02,-1.373016554862260818e-02,-1.914224959909915924e-02,2.400779351592063904e-02,1.534802140668034554e-05,-1.097746752202510834e-02,-4.199551767669618130e-05,5.058832932263612747e-03,4.235689528286457062e-03,-2.396780252456665039e-02,1.035094540566205978e-02,-6.105258129537105560e-03,1.682278513908386230e-02,9.356174850836396217e-04,3.485862398520112038e-03,2.688712999224662781e-02,5.365428514778614044e-03,-5.675357300788164139e-03,-9.424491785466670990e-03,-2.658053301274776459e-02,-5.998616106808185577e-03,8.331410586833953857e-03,4.342331551015377045e-03,2.067522890865802765e-02,-1.022430788725614548e-02,7.185008842498064041e-03,2.631392888724803925e-02,-2.034197375178337097e-02,-4.285677801817655563e-03,7.145018316805362701e-03,1.620959304273128510e-02,-2.412776648998260498e-02,4.938860423862934113e-03,-1.377015653997659683e-02,3.481863439083099365e-02,1.709605567157268524e-03,-5.758671090006828308e-03,-3.753800690174102783e-02,1.288369391113519669e-02,1.293701492249965668e-02,-6.638468056917190552e-02,-1.882898854091763496e-03,3.551180660724639893e-02,-7.531595416367053986e-03,1.087082549929618835e-02,-8.484709076583385468e-03,-1.673213988542556763e-01,1.486323773860931396e-02,2.915993798524141312e-03,1.786254579201340675e-03,3.591171279549598694e-02,-1.004434935748577118e-02,1.563639193773269653e-02,1.946217566728591919e-02,-3.444538637995719910e-02,-6.368530448526144028e-03,2.120843902230262756e-02,1.928888261318206787e-02,-1.620959304273128510e-02,5.408752243965864182e-03,8.048142772167921066e-04,1.428836956620216370e-03,-2.964649349451065063e-02,1.995539478957653046e-02,2.400779351592063904e-02,2.242149412631988525e-02,1.910225860774517059e-02,8.224768564105033875e-03,1.447665970772504807e-02,-1.431669667363166809e-02,7.891512475907802582e-03,9.131226688623428345e-03,-2.422107756137847900e-02,1.075751800090074539e-02,-6.731780245900154114e-03,-1.142403110861778259e-02,-9.344510734081268311e-03,7.444948889315128326e-03,4.881540313363075256e-02,-5.288779735565185547e-03,1.020431239157915115e-02,3.161936998367309570e-02,-5.123817827552556992e-04,4.825553391128778458e-03,-4.662257619202136993e-03,5.855315830558538437e-03,3.649824485182762146e-02,2.128842100501060486e-02,-1.726268418133258820e-02,-1.342356950044631958e-02,1.271373359486460686e-03,2.219487912952899933e-02,5.538722034543752670e-03,8.471379056572914124e-03,5.765336565673351288e-03,-2.186162164434790611e-03,-5.252121482044458389e-03,-1.143069565296173096e-02,-5.878643598407506943e-03,-1.257043331861495972e-02,-2.628726884722709656e-02,-8.264759555459022522e-03,-1.213053427636623383e-02,1.438334770500659943e-02,-1.544643659144639969e-03,-2.343459241092205048e-02,-1.612961106002330780e-02,-1.365018356591463089e-02,1.279038190841674805e-02,-1.986208371818065643e-02,1.041093096137046814e-02,-1.310364343225955963e-02,3.892435226589441299e-03,-2.403445541858673096e-02,7.358302362263202667e-03,2.132841199636459351e-02,-3.695147484540939331e-02,-1.619626395404338837e-02,9.904381819069385529e-03,-2.008869871497154236e-02,1.543643791228532791e-02,6.631803233176469803e-03,-3.265913203358650208e-02,2.123510092496871948e-02,1.888897456228733063e-02,-1.582301594316959381e-02,-8.031480014324188232e-03,2.700710110366344452e-02,-7.278320845216512680e-03,1.527147600427269936e-03,-6.448511965572834015e-03,1.879566349089145660e-02,9.891050867736339569e-03,-1.063754595816135406e-02,-5.602873861789703369e-04,1.672947406768798828e-02,2.012868970632553101e-02,-1.220385078340768814e-02,-2.594401361420750618e-03,-2.378118038177490234e-02,1.586300693452358246e-02,1.783588528633117676e-02,1.796918734908103943e-02,-8.384732529520988464e-03,-1.749596325680613518e-03,-2.552744233980774879e-03,1.926222234033048153e-03,-3.305903822183609009e-02,-3.708477690815925598e-02,9.471148252487182617e-03,3.509190399199724197e-03,-4.045733250677585602e-03,2.783357724547386169e-02,1.137737464159727097e-02,2.192827314138412476e-02,-5.177971906960010529e-04,-2.356789633631706238e-02,2.102181687951087952e-02,2.586070075631141663e-02,3.361890837550163269e-02,1.474326476454734802e-02,2.259478718042373657e-02,7.358302362263202667e-03,8.331410586833953857e-03,1.072419248521327972e-02,-7.344971876591444016e-03,5.582711845636367798e-02,-1.283037289977073669e-02,-7.298315875232219696e-03,-6.277718348428606987e-04,-1.113076508045196533e-02,-3.060960443690419197e-03,-1.377815455198287964e-01,-5.068830680102109909e-03,3.857776522636413574e-02,2.536747977137565613e-02,1.650285907089710236e-02,-1.287702843546867371e-02,1.650285907089710236e-02,9.831065544858574867e-04,-3.609833866357803345e-02,2.905996143817901611e-02,-1.097746752202510834e-02,-1.275039184838533401e-02,8.306416566483676434e-04,4.269015043973922729e-03,-9.771078824996948242e-03,1.016432140022516251e-02,-6.752608460374176502e-04,-1.243046484887599945e-02,-2.974313683807849884e-03,6.335204932838678360e-03,-1.389012858271598816e-02,-2.272392302984371781e-04,-9.751083329319953918e-03,-1.630290597677230835e-02,5.958625115454196930e-03,1.328360196202993393e-02,-1.488989777863025665e-02,7.078366819769144058e-03,1.203722227364778519e-02,-3.197595477104187012e-03,1.729600946418941021e-03,1.411674264818429947e-02,3.359224880114197731e-03,-2.772693522274494171e-02,-7.998154498636722565e-03,5.452075507491827011e-03,-3.807121515274047852e-02,1.025763340294361115e-02,2.999307960271835327e-02,-1.854238845407962799e-02,-2.512753475457429886e-03,-1.887897728011012077e-03,-2.291471324861049652e-02,-2.389448694884777069e-03,-1.976210623979568481e-03,8.864621631801128387e-03,-1.253044232726097107e-02,9.911046363413333893e-03,3.359225019812583923e-02,3.252582857385277748e-03,-3.241918608546257019e-02,5.302109755575656891e-03,-2.818016521632671356e-02,-2.294137328863143921e-02,1.595631800591945648e-02,-1.078417804092168808e-02,-9.871055372059345245e-03,-8.589684730395674706e-04,-3.905765339732170105e-02,8.984593674540519714e-03,-1.819580234587192535e-02,1.989540876820683479e-03,7.504934910684823990e-03,1.983542367815971375e-02,8.478043600916862488e-03,-2.634058892726898193e-02,-2.091517485678195953e-02,-3.855110332369804382e-02,2.794021926820278168e-02,-9.864390827715396881e-03,1.960880868136882782e-02,-8.238099515438079834e-03,-1.670281216502189636e-02,1.217719074338674545e-02,-1.682278513908386230e-02,-1.724935322999954224e-02,-6.621805485337972641e-03,-3.169935196638107300e-02,-1.307698246091604233e-02,-5.630700662732124329e-02,-4.646927863359451294e-02,-8.398062549531459808e-03,9.184547699987888336e-03,1.206388347782194614e-03,3.892435133457183838e-02,-9.281191742047667503e-04,7.165013346821069717e-03,-1.928888261318206787e-02,-3.095285780727863312e-02,1.293035037815570831e-02,1.442333869636058807e-02,4.193698987364768982e-02,6.065267138183116913e-03,-4.632264375686645508e-03,9.911046363413333893e-03,1.323028095066547394e-02,-3.110948950052261353e-03,4.498961847275495529e-03,1.008434034883975983e-02,2.048860676586627960e-02,-1.163064967840909958e-03,-1.135737914592027664e-02,-4.625599458813667297e-02,1.751595921814441681e-02,-2.471429854631423950e-02,-3.471199050545692444e-02,2.376784943044185638e-02,-1.684944517910480499e-02,1.802917337045073509e-03,-1.476992573589086533e-02,3.479197155684232712e-03,2.136173890903592110e-03,-1.365018356591463089e-02,1.071752700954675674e-02,3.279243363067507744e-03,1.009100489318370819e-02,-6.041939370334148407e-03,1.207721326500177383e-02,2.482094056904315948e-02,2.834012731909751892e-02,-2.807685523293912411e-04,3.548514470458030701e-02,-5.288779735565185547e-03,6.035274360328912735e-03,-4.878041218034923077e-04,2.278141118586063385e-02,-1.671614311635494232e-02,3.247250616550445557e-02,-1.486323773860931396e-02,3.404547646641731262e-02,-5.125483963638544083e-03,-1.966213062405586243e-02,2.542746718972921371e-03,-1.642287708818912506e-02,-2.774359891191124916e-03,2.913994342088699341e-02,1.245046034455299377e-02,-2.059524878859519958e-02,4.055730998516082764e-03,1.251711230725049973e-02,4.285677801817655563e-03,4.561614245176315308e-02,-2.496090717613697052e-03,-2.218154817819595337e-02,1.967879245057702065e-03,-3.195929341018199921e-03,1.260375883430242538e-02,6.698454380966722965e-04,-2.882001735270023346e-02,1.528980582952499390e-02,2.291471324861049652e-02,-2.476095454767346382e-03,-4.475634079426527023e-03,4.015073552727699280e-02,7.658232934772968292e-03,-4.928862676024436951e-03,-2.158168703317642212e-02,-3.428542241454124451e-02,2.700710110366344452e-02,6.621805485337972641e-03,1.139737013727426529e-02,-3.399215638637542725e-02,3.580507263541221619e-02,1.010433491319417953e-02,-1.966213062405586243e-02,-8.051475510001182556e-03,1.610295102000236511e-02,9.704427793622016907e-03,-1.120408158749341965e-02,7.264990359544754028e-03,-1.614294201135635376e-02,-2.189494902268052101e-03,-1.886231452226638794e-02,2.586070075631141663e-02,1.032428443431854248e-02,9.531133808195590973e-03,1.752928830683231354e-02,2.016868069767951965e-02,1.719603314995765686e-02,5.901971366256475449e-03,-2.175498008728027344e-02,1.089748553931713104e-02,3.132610395550727844e-02,-1.783588528633117676e-02,-7.404957897961139679e-03,1.377015653997659683e-02,9.004589170217514038e-03,5.105488467961549759e-03,-5.732010584324598312e-03,-3.729139687493443489e-03,-6.411853712052106857e-03,9.217873215675354004e-03,8.164783008396625519e-03,3.452536650002002716e-03,2.504755370318889618e-02,-2.472762763500213623e-02,-4.422313068062067032e-03,2.839344926178455353e-02,4.189033526927232742e-03,-5.230564056546427310e-05,1.782255433499813080e-02,2.464764565229415894e-02,3.782460698857903481e-03,-4.305647053115535527e-06,1.367684453725814819e-02,8.837960660457611084e-03,-2.359455637633800507e-02,2.252813614904880524e-02,-2.532748878002166748e-02,-2.519418671727180481e-02,-2.112845890223979950e-02,1.862903474830091000e-03,2.666051499545574188e-03,-1.261042337864637375e-02,5.868645850569009781e-03,1.106411404907703400e-02,-9.477812796831130981e-03,1.379681657999753952e-02,1.739598624408245087e-02,9.477812796831130981e-03,-3.108616173267364502e-02,3.316568210721015930e-02,1.522315386682748795e-02,1.434335764497518539e-02,-3.209259593859314919e-03,-1.720936223864555359e-02,5.951960105448961258e-03,9.084570221602916718e-03,-3.375887637957930565e-03,-4.005742259323596954e-03,-8.644672110676765442e-03,2.828680723905563354e-02,2.235484123229980469e-02,-1.538311690092086792e-02,-2.391448244452476501e-02,-2.095516584813594818e-02,4.835551138967275620e-03,-6.605142727494239807e-03,1.122241024859249592e-03,4.015073552727699280e-02,-9.524469263851642609e-03,4.716245085000991821e-02,4.482299089431762695e-03,-1.121074706315994263e-02,-2.404778450727462769e-02,3.975749481469392776e-03,1.189725473523139954e-02,1.634289510548114777e-02,2.283473126590251923e-02,1.580968499183654785e-02,-1.319028995931148529e-02,-1.039760094135999680e-02,-1.159732416272163391e-02,2.026199176907539368e-02,-2.316798828542232513e-02,-3.193929791450500488e-02,1.049091294407844543e-02,-9.151222184300422668e-03,-2.862672787159681320e-03,-1.333692297339439392e-02,-5.298777483403682709e-03,3.980414941906929016e-02,2.630059793591499329e-02,1.418339367955923080e-02,-1.770258136093616486e-02,-1.668948307633399963e-02,-3.017970360815525055e-02,-1.179727818816900253e-02,-1.539644785225391388e-02,3.069291822612285614e-03,-4.095055162906646729e-02,2.398113347589969635e-02,4.748904320877045393e-04,-4.566946253180503845e-02,-3.481863439083099365e-02,7.005050312727689743e-03,-1.080417353659868240e-02,6.745110265910625458e-03,-7.404957897961139679e-03,7.571586407721042633e-03,6.677625933662056923e-04,8.024815469980239868e-03,2.375451847910881042e-02,-2.170166000723838806e-02,-3.384219249710440636e-03,2.714040502905845642e-02,-7.798200822435319424e-04,5.462073255330324173e-03,4.162373021245002747e-03,-5.911969114094972610e-03
-6.085165310651063919e-03,-2.025417983531951904e-02,-4.140585660934448242e-03,5.684951320290565491e-04,-2.561370842158794403e-02,3.684198483824729919e-02,-2.598289214074611664e-02,-1.148925069719552994e-02,-3.930532839149236679e-03,-1.211304310709238052e-02,7.689204532653093338e-03,1.733890175819396973e-02,7.689204532653093338e-03,-1.826822571456432343e-02,4.067385569214820862e-03,-1.236765272915363312e-02,2.800703607499599457e-02,2.959834644570946693e-03,-1.618042960762977600e-02,2.885043155401945114e-03,2.050878852605819702e-02,8.351189084351062775e-03,2.864355919882655144e-03,-5.063544958829879761e-03,-1.414355356246232986e-02,2.426746068522334099e-03,5.690520629286766052e-03,-1.057265605777502060e-02,-8.071118965744972229e-03,-2.006322331726551056e-02,8.707642555236816406e-03,-8.083849214017391205e-03,-2.658122405409812927e-02,-1.607858575880527496e-02,-7.561899721622467041e-03,-2.103073894977569580e-02,-6.212470121681690216e-03,2.410833025351166725e-03,2.180729806423187256e-02,-1.299781072884798050e-02,-6.250860315049067140e-05,-2.900956198573112488e-03,1.680422201752662659e-02,2.838895190507173538e-03,-2.311853505671024323e-02,1.006343774497509003e-02,-2.075066789984703064e-02,-3.083320148289203644e-02,-2.468120073899626732e-03,1.307419408112764359e-02,3.640914708375930786e-02,-1.856102794408798218e-02,-1.868833228945732117e-02,-1.140650268644094467e-02,-1.148925069719552994e-02,-1.553913112729787827e-03,-1.614223793148994446e-02,1.963038742542266846e-02,1.092910952866077423e-02,-1.747893728315830231e-02,1.341791637241840363e-02,5.264049861580133438e-03,-2.372641582041978836e-03,2.407332137227058411e-02,-3.294009482488036156e-03,-5.827373359352350235e-03,-6.377966143190860748e-03,-8.249345235526561737e-03,4.399969184305518866e-04,-5.715981591492891312e-03,2.775242738425731659e-02,1.080816984176635742e-02,-5.407267715781927109e-03,9.159574285149574280e-03,2.024144865572452545e-02,-2.632661536335945129e-02,-6.807818135712295771e-05,3.599540796130895615e-03,-1.323969010263681412e-02,-3.905072109773755074e-03,-1.047717779874801636e-02,-3.862424939870834351e-02,1.064585638232529163e-03,7.141794543713331223e-03,1.811546087265014648e-02,2.392055466771125793e-02,-2.609746530652046204e-02,-4.086481407284736633e-03,-1.244403608143329620e-02,-2.352591045200824738e-02,4.236700758337974548e-02,2.604654431343078613e-02,-1.317603792995214462e-02,2.030510082840919495e-02,-1.792450435459613800e-02,-4.166046623140573502e-03,-1.222761720418930054e-02,2.208736725151538849e-02,5.047631915658712387e-03,-8.764929138123989105e-03,2.783199306577444077e-03,-3.408583579584956169e-03,-1.460185088217258453e-02,-6.349322386085987091e-03,-1.668964698910713196e-02,-5.145656317472457886e-02,-6.046973634511232376e-03,-1.825549639761447906e-02,1.674056984484195709e-02,-5.305423866957426071e-03,-2.445523440837860107e-02,2.619930915534496307e-02,-5.343615543097257614e-03,-2.486260980367660522e-02,1.816638186573982239e-02,-1.989772729575634003e-02,-2.063609473407268524e-02,-6.107443477958440781e-03,-2.889817021787166595e-02,-1.680422201752662659e-02,-2.897455170750617981e-02,1.983407512307167053e-02,9.414183907210826874e-03,-2.902547456324100494e-02,-4.089663736522197723e-03,2.120896428823471069e-02,-1.493284292519092560e-02,-2.706498280167579651e-02,-1.568393968045711517e-02,2.830938436090946198e-03,3.197894245386123657e-02,1.061721332371234894e-02,2.211282774806022644e-02,-1.481826882809400558e-02,-4.843944218009710312e-03,2.082705125212669373e-02,-1.066813524812459946e-02,4.201055504381656647e-03,-6.120174191892147064e-03,-2.316945698112249374e-03,1.072542183101177216e-02,2.031783200800418854e-02,-1.238237309735268354e-04,-9.388722479343414307e-03,1.475461572408676147e-02,2.051197225227952003e-03,1.674056984484195709e-02,-6.072434596717357635e-03,8.153866976499557495e-03,-2.087797224521636963e-02,1.103095337748527527e-02,-2.297850092872977257e-03,2.232924662530422211e-02,-4.815300926566123962e-03,-8.383015170693397522e-03,9.293244220316410065e-03,-1.872652396559715271e-02,3.294645994901657104e-02,-1.670237816870212555e-02,-7.822874933481216431e-03,2.078885957598686218e-02,-1.817911304533481598e-02,2.367867715656757355e-02,-2.683583274483680725e-02,-9.522392414510250092e-03,3.177525475621223450e-02,-5.302241072058677673e-03,-8.131588692776858807e-04,-3.373574838042259216e-02,-1.231036614626646042e-02,1.858648844063282013e-02,3.648553043603897095e-02,-1.379983127117156982e-02,5.859199445694684982e-03,-6.753514986485242844e-03,1.418174523860216141e-02,-1.560755819082260132e-02,-3.583627752959728241e-03,-1.615496724843978882e-02,2.203644625842571259e-02,-2.162907086312770844e-02,2.133627049624919891e-02,1.446181535720825195e-02,5.496380850672721863e-03,2.970973728224635124e-03,-2.937556244432926178e-03,7.676474284380674362e-03,-1.026712544262409210e-02,1.196664292365312576e-02,1.098639704287052155e-02,-4.528865218162536621e-03,1.517472136765718460e-02,8.433937095105648041e-03,-2.630115300416946411e-02,-6.570960283279418945e-01,1.235492248088121414e-02,-2.548580596339888871e-05,-5.076275207102298737e-03,1.997410878539085388e-02,1.686787419021129608e-02,2.595743164420127869e-02,1.195391267538070679e-02,-2.448069676756858826e-02,1.353249140083789825e-02,-1.690606586635112762e-02,1.494557317346334457e-02,-3.367209574207663536e-03,-8.682181127369403839e-03,-1.914344611577689648e-03,-2.579193562269210815e-02,-1.665901509113609791e-04,-4.137403331696987152e-03,-1.149561535567045212e-02,6.403427105396986008e-03,-1.421993598341941833e-02,-8.682181127369403839e-03,1.165474671870470047e-02,-9.401452727615833282e-03,2.821072377264499664e-02,-4.802570212632417679e-03,-2.684538019821047783e-03,-3.391397371888160706e-02,-7.631917484104633331e-03,9.070460684597492218e-03,-1.873925328254699707e-02,1.938850805163383484e-02,-2.250110730528831482e-03,1.187752932310104370e-02,4.593154042959213257e-02,9.185034781694412231e-03,-1.069359574466943741e-02,2.529544569551944733e-02,1.852283626794815063e-02,2.599562145769596100e-02,1.932485587894916534e-02,5.038083996623754501e-03,3.714114893227815628e-03,-3.376757493242621422e-03,-5.334067624062299728e-03,2.124715596437454224e-02,1.951581239700317383e-02,-4.453178553376346827e-05,3.080774098634719849e-03,-6.454349029809236526e-03,8.994078263640403748e-03,-2.081432007253170013e-02,7.574630435556173325e-03,-1.348634250462055206e-03,1.218942645937204361e-02,1.006502890959382057e-03,4.358913376927375793e-02,-1.441089343279600143e-02,-8.300267159938812256e-03,2.210009843111038208e-02,5.906938575208187103e-03,1.560755819082260132e-02,-1.229763496667146683e-02,-7.294559851288795471e-03,2.321719657629728317e-03,1.719886623322963715e-02,7.129063829779624939e-03,-1.435161684639751911e-04,6.202922202646732330e-03,2.670852839946746826e-02,1.045808196067810059e-02,5.913303699344396591e-03,-1.357068214565515518e-02,2.260931767523288727e-02,-2.019370906054973602e-03,2.497718483209609985e-02,-4.923509899526834488e-03,-8.376650512218475342e-03,-1.315057650208473206e-02,-4.573422018438577652e-03,1.420243206666782498e-04,-5.900573451071977615e-03,-2.515859436243772507e-03,-1.768262498080730438e-02,3.159702941775321960e-02,-2.281937049701809883e-03,-4.099211841821670532e-02,1.451273728162050247e-02,1.756804995238780975e-02,-3.268548520281910896e-03,7.689204532653093338e-03,1.414355356246232986e-02,1.409263163805007935e-02,-2.321719657629728317e-03,2.175319241359829903e-03,-1.057265605777502060e-02,-2.182002738118171692e-02,-6.600749213248491287e-03,2.454434894025325775e-02,6.139269564300775528e-03,2.395874634385108948e-02,2.102119149640202522e-03,1.584943756461143494e-02,8.612163364887237549e-03,-2.209930244134739041e-04,7.313655689358711243e-03,-2.958561480045318604e-02,-3.863698104396462440e-03,9.229592047631740570e-03,7.137020584195852280e-04,6.944471970200538635e-03,1.340518612414598465e-02,-6.040608510375022888e-03,-1.761897280812263489e-02,-1.868833228945732117e-02,-2.529544569551944733e-02,2.290211804211139679e-02,6.085165310651063919e-03,-3.325835568830370903e-03,-2.184548787772655487e-02,-8.441893733106553555e-04,1.393986586481332779e-02,-4.245612304657697678e-03,-1.198573876172304153e-02,9.522392414510250092e-03,1.558209676295518875e-02,-3.749123774468898773e-03,-3.215717151761054993e-02,-1.237401831895112991e-02,-1.992318779230117798e-02,-1.353249140083789825e-02,7.491882424801588058e-03,2.523815957829356194e-03,-8.109310641884803772e-03,8.166597224771976471e-03,-1.317603792995214462e-02,1.074451766908168793e-02,-2.504720119759440422e-03,3.455049917101860046e-02,-3.399035707116127014e-02,3.640914801508188248e-03,-1.451273681595921516e-03,1.023211632855236530e-03,-1.143832877278327942e-02,2.637753635644912720e-02,-2.519360184669494629e-02,-9.885210543870925903e-03,-4.465849325060844421e-02,-3.890432044863700867e-02,-5.066727753728628159e-03,1.150198094546794891e-02,-3.343737917020916939e-04,-4.328360408544540405e-02,-1.023529935628175735e-02,-6.333409342914819717e-03,3.542253514751791954e-03,-7.332751527428627014e-03,-1.318876817822456360e-02,1.559482701122760773e-02,-2.294030971825122833e-02,1.377436984330415726e-02,3.460142016410827637e-02,-2.027964033186435699e-02,-9.375992231070995331e-03,-4.178777337074279785e-03,-6.400244310498237610e-03,4.824848379939794540e-03,2.064882405102252960e-02,-3.319470444694161415e-03,-2.453161776065826416e-02,-7.867431268095970154e-03,2.493899315595626831e-02,-2.871994301676750183e-02,1.545479241758584976e-02,2.069974690675735474e-02,-1.583670638501644135e-02,-1.726251840591430664e-02,8.489632746204733849e-04,-6.438435986638069153e-03,1.628227345645427704e-02,-7.961517258081585169e-05,-1.182024274021387100e-02,-1.325242035090923309e-02,-1.055992580950260162e-02,1.783538982272148132e-02,-1.022256817668676376e-02,2.735459944233298302e-03,1.915935985743999481e-02,-5.136745050549507141e-03,8.809486404061317444e-03,6.196557078510522842e-03,2.665442414581775665e-03,-7.988370954990386963e-03,-1.443635486066341400e-02,-2.211919287219643593e-03,2.724320814013481140e-02,-7.294559851288795471e-03,2.667033812031149864e-03,2.257112599909305573e-02,3.075681813061237335e-02,8.357554674148559570e-03,-3.863698104396462440e-03,3.770765662193298340e-02,-1.166747696697711945e-02,1.021620351821184158e-02,-3.918439149856567383e-02,1.593855023384094238e-02,-6.451166234910488129e-03,3.521248325705528259e-02,7.192716468125581741e-03,-7.765587419271469116e-03,-4.817210137844085693e-02,-1.735163293778896332e-02,8.338458836078643799e-03,-1.092274393886327744e-02,2.749781869351863861e-02,-4.439752083271741867e-03,4.420656245201826096e-03,-1.393986586481332779e-02,-1.266681868582963943e-02,9.866114705801010132e-04,1.364706549793481827e-02,-1.471960684284567833e-03,-8.179327473044395447e-03,-3.381213173270225525e-02,1.844326965510845184e-03,2.507902868092060089e-02,2.169272303581237793e-02,8.079871186055243015e-04,1.008889824151992798e-02,4.286986310034990311e-03,4.834396298974752426e-03,8.694912306964397430e-03,2.182002738118171692e-02,-5.289510823786258698e-03,-3.701384412124752998e-03,1.103731896728277206e-02,-3.587446734309196472e-02,1.395259611308574677e-02,-3.508517891168594360e-02,2.138719148933887482e-02,-4.687996115535497665e-03,2.036875486373901367e-02,-8.650355041027069092e-03,5.327702034264802933e-03,4.092846531420946121e-03,-4.713457077741622925e-03,-2.866902202367782593e-02,2.622477011755108833e-03,1.744074560701847076e-02,-2.016506716609001160e-02,-4.041924607008695602e-03,-3.083320148289203644e-02,8.421206846833229065e-03,1.821730472147464752e-02,-1.899386383593082428e-02,-5.588676780462265015e-03,1.865014084614813328e-03,3.118965402245521545e-02,2.698859944939613342e-02,2.880269195884466171e-03,-4.598882514983415604e-03,2.719228714704513550e-02,-2.224649768322706223e-03,-4.691178444772958755e-03,4.968066234141588211e-03,-3.481783904135227203e-03,-2.617384865880012512e-02,-1.587489806115627289e-02,-9.414183907210826874e-03,4.980796948075294495e-03,-1.616769842803478241e-02,1.062198658473789692e-03,-1.420720573514699936e-02,-5.416815634816884995e-03,-1.758396392688155174e-03,2.378052100539207458e-02,-2.315354533493518829e-03,-3.130104625597596169e-03,1.202393043786287308e-02,-2.220194227993488312e-02,-1.705883070826530457e-02,-6.664401851594448090e-03,3.554983995854854584e-03,5.938764661550521851e-03,4.213786218315362930e-03,-2.357683330774307251e-02,2.529544569551944733e-02,-1.854829676449298859e-02,5.747807677835226059e-03,3.383122850209474564e-03,2.458254061639308929e-02,1.290233246982097626e-02,7.364577613770961761e-03,-1.205575652420520782e-02,-2.030510082840919495e-02,1.076361350715160370e-02,-3.303557401522994041e-03,1.187752932310104370e-02,3.838237142190337181e-03,1.406717114150524139e-02,1.736117992550134659e-03,-7.771952543407678604e-03,-1.639684662222862244e-02,1.530202664434909821e-02,-1.120281498879194260e-02,3.519975347444415092e-03,1.007298589684069157e-03,-4.067385569214820862e-03,-1.755532063543796539e-02,-9.000442922115325928e-03,5.012623150832951069e-04,-2.604654431343078613e-02,-9.382356889545917511e-03,7.390038575977087021e-03,-3.036217298358678818e-03,-2.775242738425731659e-02,-3.103052265942096710e-03,1.405443996191024780e-02,-7.199081592261791229e-03,5.989686585962772369e-03,-2.204917557537555695e-02,-1.276229787617921829e-02,-1.985953422263264656e-03,1.024039089679718018e-01,-5.688929231837391853e-04,2.614838816225528717e-02,4.493856336921453476e-03,2.314399741590023041e-02,4.539686068892478943e-02,-1.604039408266544342e-02,-2.635207585990428925e-02,-2.001866698265075684e-03,-2.173728076741099358e-03,-1.601493358612060547e-02,-1.019074209034442902e-02,2.006322331726551056e-02,-3.910641535185277462e-04,1.348156947642564774e-02,9.528758004307746887e-03,1.118690124712884426e-03,-1.245199237018823624e-03,1.563301868736743927e-02,-7.046315819025039673e-03,1.546752266585826874e-02,4.181959666311740875e-03,2.426746068522334099e-04,3.796226531267166138e-02,2.650484070181846619e-02,1.722432672977447510e-02,2.371686883270740509e-02,3.057859279215335846e-02,-5.814642645418643951e-03,-2.276208251714706421e-02,9.102286770939826965e-03,1.401624921709299088e-02,-3.669558325782418251e-03,-9.172304533421993256e-03,-3.287644125521183014e-03,1.461458113044500351e-02,5.665059667080640793e-03,3.859878703951835632e-02,1.037533394992351532e-02,1.496626064181327820e-03,1.708429306745529175e-02,2.095435559749603271e-02,-1.393986586481332779e-02,-2.071247622370719910e-02,3.202986717224121094e-02,-9.554218500852584839e-03,-3.213170915842056274e-02,-1.059811748564243317e-02,-5.824190564453601837e-03,-2.511722035706043243e-02,4.022828862071037292e-02,-3.559439629316329956e-02,-2.029237151145935059e-02,-2.482441812753677368e-02,-2.341213257750496268e-04,5.053997039794921875e-03,2.571555087342858315e-03,-1.458911970257759094e-02,-1.394782215356826782e-03,-3.863698104396462440e-03,-1.402897946536540985e-02,-1.279412396252155304e-02,-2.425154671072959900e-03,-5.159023683518171310e-03,-2.795611508190631866e-02,-1.528929639607667923e-02,-2.190914191305637360e-02,5.124014802277088165e-03,-2.003776095807552338e-02,-1.115825772285461426e-02,-1.610404625535011292e-02,-7.230907678604125977e-03,-1.810272969305515289e-02,1.155926752835512161e-02,4.427658021450042725e-02,1.022893376648426056e-02,1.146538066677749157e-03,4.436569288372993469e-03,7.848335430026054382e-03,9.687888436019420624e-03,-1.097366586327552795e-02,9.446009993553161621e-03,1.203029509633779526e-02,-2.022871933877468109e-02,-3.531432896852493286e-02,3.093504533171653748e-02,-7.924718782305717468e-03,-1.229763496667146683e-02,-9.757906198501586914e-03,7.288194727152585983e-03,4.926692228764295578e-03,1.787358149886131287e-02,8.936790749430656433e-03,-2.269843034446239471e-02,3.150791628286242485e-03,2.632661536335945129e-02,5.101736169308423996e-03,-1.345610804855823517e-02,-4.262161627411842346e-02,5.289510823786258698e-03,1.723705790936946869e-02,6.747149862349033356e-03,1.794996485114097595e-02,-6.288853008300065994e-03,2.622477151453495026e-02,4.588061943650245667e-02,-1.461458113044500351e-02,7.651013322174549103e-03,-2.015233598649501801e-02,-6.393879186362028122e-03,2.984022535383701324e-02,-3.376121073961257935e-02,1.923574134707450867e-02,-1.040079537779092789e-02,-3.276823461055755615e-02,2.836349047720432281e-02,1.937577687203884125e-02,1.263499259948730469e-02,2.068701572716236115e-02,6.132904440164566040e-03,3.960370086133480072e-04,-4.610976576805114746e-02,1.629500277340412140e-02,-4.799387883394956589e-03,2.351954579353332520e-03,1.099276170134544373e-02,7.603473204653710127e-05,1.536567881703376770e-02,3.004391305148601532e-02,1.157199870795011520e-02,-1.098639704287052155e-02,1.602766290307044983e-02,-1.432177983224391937e-02,-7.148159667849540710e-03,-2.491353265941143036e-02,-9.356896393001079559e-03,1.418651896528899670e-03,4.220151342451572418e-03,-7.313655689358711243e-03,-1.796269416809082031e-02,-6.460714153945446014e-03,-1.157199870795011520e-02,-2.188367955386638641e-02,-1.653369981795549393e-03,-6.053339224308729172e-03,-3.152064606547355652e-02,4.379282239824533463e-03,-5.362710799090564251e-04,7.682839408516883850e-03,2.329676225781440735e-02,-2.241835929453372955e-02,1.222920953296124935e-03,-8.885868825018405914e-03,1.378710009157657623e-02,-1.321422960609197617e-02,-1.688060536980628967e-02,-2.380598150193691254e-02,-1.850891130743548274e-04,1.719886623322963715e-02,2.246928215026855469e-02,2.976384200155735016e-02,6.600749213248491287e-03,4.910779185593128204e-03,8.071118965744972229e-03,-1.867560110986232758e-02,-2.212555892765522003e-02,1.087659620679914951e-03,-1.717340573668479919e-02,-1.289596781134605408e-02,3.615453839302062988e-03,2.483714930713176727e-02,2.490080147981643677e-02,2.567736059427261353e-02,1.209394726902246475e-02,4.463621589820832014e-04,1.046444755047559738e-02,8.472128771245479584e-03,-2.900001406669616699e-02,-2.240563044324517250e-03,-5.448641628026962280e-02,-1.400351873598992825e-03,-6.288853008300065994e-03,1.210986054502427578e-03,-1.974814338609576225e-03,2.197597641497850418e-03,-1.700790971517562866e-02,3.905708715319633484e-02,-2.033056318759918213e-02,4.894866142421960831e-03,2.008868381381034851e-02,1.500922534614801407e-02,-3.758035227656364441e-02,2.737051248550415039e-02,1.078111818060278893e-03,-1.278139278292655945e-02,2.243745606392621994e-03,1.109460555016994476e-02,2.061063237488269806e-02,9.815193712711334229e-03,2.320764958858489990e-02,1.527656521648168564e-02,9.083190932869911194e-03,-6.957202684134244919e-03,1.313784625381231308e-02,-7.530073635280132294e-03,3.477964922785758972e-02,-8.441893733106553555e-04,-1.812819018959999084e-02,-7.835605181753635406e-03,4.201055504381656647e-03,-2.156541869044303894e-02,-2.516814135015010834e-02,-2.234197780489921570e-02,-2.082705125212669373e-02,7.434595376253128052e-03,-1.535294856876134872e-02,-1.064903941005468369e-02,1.584943756461143494e-02,-7.090872619301080704e-03,-9.770636446774005890e-03,-8.885868825018405914e-03,4.547165299300104380e-04,1.122827548533678055e-02,-2.781607909128069878e-03,1.311238575726747513e-02,-1.766352943377569318e-04,3.103052265942096710e-03,-2.637753635644912720e-02,1.847509643994271755e-03,-1.082726567983627319e-02,5.566398613154888153e-03,4.894866142421960831e-03,3.155565587803721428e-03,9.325070306658744812e-03,-2.320764958858489990e-02,-5.916486494243144989e-03,6.072434596717357635e-03,-7.612821646034717560e-03,-1.371071767061948776e-02,2.096708677709102631e-02,7.300925441086292267e-03,-2.899364801123738289e-03,-1.378710009157657623e-02,-6.218039779923856258e-04,-4.560691304504871368e-03,5.948312580585479736e-03,-2.161633968353271484e-02,1.626954227685928345e-02,-3.073135763406753540e-02,1.792450435459613800e-02,-1.509833894670009613e-02,1.059175189584493637e-02,-1.493284292519092560e-02,2.231651544570922852e-02,1.933758519589900970e-02,8.758564479649066925e-03,2.064882405102252960e-02,-6.976298056542873383e-03,-1.166111137717962265e-02,-4.796205088496208191e-03,-4.586152266710996628e-03,2.002503164112567902e-02,-1.019074209034442902e-02,-1.534021832048892975e-02,1.073815207928419113e-02,1.975769177079200745e-02,-2.001230046153068542e-02,1.476734690368175507e-02,3.376757493242621422e-03,2.069974690675735474e-02,-1.179478131234645844e-02,-9.643332101404666901e-03,-1.623135060071945190e-03,3.574079833924770355e-03,1.643503829836845398e-02,1.713839708827435970e-03,3.516792785376310349e-03,2.227832563221454620e-02,-2.141265198588371277e-02,-1.861194893717765808e-02,-1.924489188240841031e-04,3.876428585499525070e-03,-4.318812396377325058e-03,-2.999299019575119019e-02,-9.210496209561824799e-03,-2.726866863667964935e-02,-7.727396208792924881e-03,1.256497483700513840e-02,8.338458836078643799e-03,1.059214991983026266e-04,-2.104346826672554016e-02,-1.421993598341941833e-02,7.097237743437290192e-03,3.437227383255958557e-02,-9.827923960983753204e-03,8.020197041332721710e-03,1.159109454602003098e-02,1.848464459180831909e-02,-4.137403331696987152e-03,3.648553043603897095e-02,-1.281958445906639099e-02,1.302327215671539307e-02,-8.115675300359725952e-03,-3.392670536413788795e-03,3.710932331159710884e-03,-1.307419408112764359e-02,2.227832563221454620e-02,-8.166597224771976471e-03,-2.240562997758388519e-02,2.174364402890205383e-02,1.396532729268074036e-02,4.386920481920242310e-02,1.779719814658164978e-02,-9.713349863886833191e-03,9.770636446774005890e-03,4.162864293903112411e-03,8.567607030272483826e-03,-1.615496724843978882e-02,-3.533978760242462158e-02,1.171203330159187317e-02,-1.267318427562713623e-02,-3.292020483058877289e-05,2.432793006300926208e-02,-3.551801666617393494e-02,1.322695985436439514e-02,2.430246956646442413e-02,-8.410067530348896980e-04,1.933758519589900970e-02,-7.867431268095970154e-03,-2.777788788080215454e-02,1.251405291259288788e-02,-1.137467566877603531e-02,1.144946785643696785e-03,-1.199051272124052048e-03,1.043898612260818481e-02,-9.598775766789913177e-03,1.745665911585092545e-03,7.752857170999050140e-03,-7.027219980955123901e-03,-1.970676891505718231e-02,-1.005707215517759323e-02,2.280027419328689575e-02,1.275593228638172150e-02,1.001888047903776169e-02,-1.418174523860216141e-02,1.382529176771640778e-02,-1.080816984176635742e-02,-1.875198446214199066e-02,-6.728054024279117584e-03,-2.734505198895931244e-02,-1.874561887234449387e-03,3.055313043296337128e-02,9.032269008457660675e-03,-8.720372803509235382e-03,-6.957202684134244919e-03,3.376757493242621422e-03,-4.282530397176742554e-02,-4.468395374715328217e-03,-2.352591045200824738e-02,8.796755224466323853e-03,9.312340058386325836e-03,2.358956262469291687e-02,1.288323663175106049e-02,1.548025291413068771e-02,1.606585457921028137e-02,1.043898635543882847e-03,-1.901932433247566223e-02,-1.614223793148994446e-02,1.427085790783166885e-02,-2.428973838686943054e-02,-4.304490576032549143e-04,2.039421536028385162e-02,-3.531432896852493286e-02,-4.968066234141588211e-03,2.526998519897460938e-02,1.010481137200258672e-04,3.494514385238289833e-03,1.169930305331945419e-02,7.619187235832214355e-03,-1.023529935628175735e-02,5.725529510527849197e-03,-8.383015170693397522e-03,-9.636966511607170105e-03,1.243130490183830261e-02,1.889201998710632324e-02,5.601407610811293125e-04,8.134771138429641724e-03,8.211153559386730194e-03,-1.464004162698984146e-02,-1.371071767061948776e-02,1.640957780182361603e-02,3.854786604642868042e-02,1.022256817668676376e-02,-2.417516522109508514e-02,-3.510825335979461670e-04,9.364853031001985073e-04,-1.982770860195159912e-03,-1.258407067507505417e-02,2.498991414904594421e-02,1.525110471993684769e-02,-4.272346198558807373e-02,-1.240584440529346466e-02,-7.479151710867881775e-03,-1.235492248088121414e-02,2.468438446521759033e-02,3.302284330129623413e-02,-7.179985754191875458e-03,-1.851010508835315704e-02,2.940738946199417114e-02,-1.625681109726428986e-02,-5.585494451224803925e-03,-7.626347942277789116e-04,-7.116333581507205963e-03,-1.553117483854293823e-02,-1.946170814335346222e-03,-1.778446882963180542e-02,2.414811315247789025e-04,-1.486919075250625610e-02,7.109967991709709167e-03,5.138018354773521423e-02,-4.193417355418205261e-02,1.102458778768777847e-02,2.928008325397968292e-04,4.433386493474245071e-03,-7.523708511143922806e-03,-3.045128658413887024e-02,-1.246949657797813416e-02,-9.083190932869911194e-03,-9.942498058080673218e-03,1.597674190998077393e-02,-1.914662867784500122e-02,-2.655576355755329132e-02,-1.185843441635370255e-02,-3.238313598558306694e-03,2.460800111293792725e-02,-6.613479927182197571e-03,2.309816777706146240e-01,-1.108187530189752579e-02,-1.615496724843978882e-02,1.434724126011133194e-02,-6.281692185439169407e-04,8.962252177298069000e-03,4.554326180368661880e-03,3.825506661087274551e-03,-3.036217298358678818e-03,2.956015430390834808e-02,-4.254523664712905884e-02,-4.726187326014041901e-03,-7.313655689358711243e-03,-2.501537557691335678e-03,-4.369734320789575577e-03,-4.025375097990036011e-02,-2.950923144817352295e-02,-3.587446734309196472e-02,-3.472872450947761536e-02,-2.291484735906124115e-02,2.011414431035518646e-02,1.437270175665616989e-02,6.336592137813568115e-03,-8.497589267790317535e-03,1.903205364942550659e-02,2.198552340269088745e-02,-2.321719657629728317e-03,-1.323969010263681412e-02,3.618000075221061707e-02,-2.369459019973874092e-03,-8.185693062841892242e-03,1.858648844063282013e-02,4.976818454451858997e-04,1.054082997143268585e-02,-1.316330768167972565e-02,-9.153208695352077484e-03,3.587446734309196472e-02,-1.549298316240310669e-02,6.346140056848526001e-03,-1.330334227532148361e-02,-1.128556299954652786e-02,-1.676603034138679504e-02,-9.267782792448997498e-03,-1.536567881703376770e-02,2.972565125674009323e-03,3.658737614750862122e-02,-1.598947122693061829e-02,-1.615496724843978882e-02,-7.816509343683719635e-03,1.258407067507505417e-02,-6.008782610297203064e-02,-2.062336355447769165e-02,2.889817021787166595e-02,1.562028843909502029e-02,8.911330252885818481e-03,-1.103731896728277206e-02,-2.237778098788112402e-04,1.932485587894916534e-02,-2.496445365250110626e-02,2.356728538870811462e-03,-1.241220906376838684e-02,1.292779389768838882e-02,-1.696971803903579712e-02,1.598947122693061829e-02,1.372344791889190674e-02,8.491224609315395355e-03,-3.162249177694320679e-02,9.191400371491909027e-03,7.554739131592214108e-04,-1.239311415702104568e-02,-8.682181127369403839e-03,-1.022893376648426056e-02,1.476734690368175507e-02,2.571555227041244507e-02,-8.032927289605140686e-03,-4.137403331696987152e-03,-3.161930711939930916e-03,9.732445701956748962e-03,3.188983071595430374e-03,2.249474264681339264e-02,-7.695569656789302826e-03,1.724978908896446228e-02,1.900659315288066864e-02,-1.915935985743999481e-02,2.383780665695667267e-03,-1.598947122693061829e-02,3.146972507238388062e-02,6.355687975883483887e-03,-2.551186457276344299e-02,1.722432672977447510e-02,1.887928880751132965e-02,-1.499649509787559509e-02,-4.812118131667375565e-03,-5.846468731760978699e-03,-8.064753375947475433e-03,1.474188547581434250e-02,1.699517853558063507e-02,2.963653765618801117e-02,-6.568923126906156540e-03,1.789904199540615082e-02,-5.486832931637763977e-03,7.173620630055665970e-03,3.284461563453078270e-03,1.648596115410327911e-02,-7.071776781231164932e-03,2.083023311570286751e-03,5.483650602400302887e-03,3.679106011986732483e-02,2.915277844294905663e-03,-3.640914801508188248e-03,6.432866211980581284e-04,-2.902547456324100494e-02,7.288194727152585983e-03,-8.580337278544902802e-03,2.560097724199295044e-02,2.102268263115547597e-05,-6.670766975730657578e-03,-2.571555227041244507e-02,4.389466345310211182e-02,-3.831871785223484039e-03,1.219738274812698364e-03,-1.175659056752920151e-02,-1.141923293471336365e-02,2.777788788080215454e-02,1.802952960133552551e-03,-1.302963774651288986e-02,-3.014575503766536713e-02,-1.009685453027486801e-03,1.493284292519092560e-02,-4.593154042959213257e-02,3.169887512922286987e-02,-7.778318133205175400e-03,5.015805829316377640e-03,-5.652329418808221817e-03,-1.453819777816534042e-02,2.915277890861034393e-02,-4.073750693351030350e-03,2.414811315247789025e-04,-2.188367955386638641e-02,-2.067428454756736755e-02,-7.428229786455631256e-03,-1.166429487057030201e-03,1.299144607037305832e-02,1.919755153357982635e-02,-1.241220906376838684e-02,-4.366551525890827179e-03,2.145084366202354431e-02,-1.251405291259288788e-02,-1.212577335536479950e-03,-1.994864828884601593e-02,4.627526272088289261e-03,-2.463346160948276520e-02,-4.557508509606122971e-03,-1.674056984484195709e-02,3.485602885484695435e-02,-1.889201998710632324e-02,-1.769535429775714874e-02,-2.887270972132682800e-02,1.210667844861745834e-02,1.661326549947261810e-02,-5.041266605257987976e-02,3.010756336152553558e-03,2.375505864620208740e-02,-1.903205364942550659e-02,9.333026828244328499e-04,2.410833025351166725e-03,-1.602002531290054321e-01,9.146844036877155304e-03,1.807726919651031494e-03,-2.526998519897460938e-03,1.866287179291248322e-02,4.169229418039321899e-03,2.100527845323085785e-02,4.417473450303077698e-03,-6.664401851594448090e-03,-1.171999028883874416e-03,1.196027733385562897e-02,6.352505180984735489e-03,-1.606585457921028137e-02,5.779633764177560806e-03,-2.934373682364821434e-03,9.159574285149574280e-03,-2.619930915534496307e-02,6.836262997239828110e-03,2.877086587250232697e-02,8.363919332623481750e-03,1.458911970257759094e-02,-3.841419704258441925e-03,7.638282608240842819e-03,-3.355752304196357727e-02,2.504083700478076935e-02,6.269757170230150223e-03,-3.146972507238388062e-02,-6.965954671613872051e-04,-3.903162479400634766e-02,-1.057265605777502060e-02,-2.915277890861034393e-02,1.974496059119701385e-02,4.980160295963287354e-02,5.467737559229135513e-03,-9.937724098563194275e-04,-3.838237142190337181e-03,-1.076361350715160370e-02,1.423266716301441193e-02,4.108759574592113495e-03,3.075681813061237335e-02,2.785427123308181763e-02,2.090343460440635681e-02,-2.749781822785735130e-03,8.484859019517898560e-03,-4.439752083271741867e-03,1.941396854817867279e-02,1.407990138977766037e-02,-6.931741721928119659e-03,1.534021832048892975e-02,2.639981452375650406e-03,-1.230280759045854211e-04,-3.014575503766536713e-02,-3.545436309650540352e-03,-7.180781685747206211e-04,-2.902547456324100494e-02,3.437227336689829826e-03,-3.204896114766597748e-03,7.103602867573499680e-03,1.124737132340669632e-02,-2.651120536029338837e-03,-2.006322331726551056e-02,1.128556299954652786e-02,2.660668455064296722e-02,-2.981476299464702606e-02,2.795611508190631866e-02,-1.336699444800615311e-02,-1.989772729575634003e-02,-8.198423311114311218e-03,-7.109967991709709167e-03,1.371071767061948776e-02,-9.477836079895496368e-03,-1.100549194961786270e-02,-3.231948474422097206e-03,-2.470984496176242828e-02,2.367867715656757355e-02,-3.709738957695662975e-04,-2.619930915534496307e-02,2.800703607499599457e-02,4.239246714860200882e-03,-2.857990795746445656e-03,-7.536438759416341782e-03,2.537182904779911041e-02,-9.388722479343414307e-03,-4.006915725767612457e-03,-1.731344126164913177e-02,1.076997909694910049e-02,3.500879509374499321e-03,-1.047717779874801636e-02,-8.007466793060302734e-03,3.026669612154364586e-03,6.887184921652078629e-03,-1.525110471993684769e-02,3.098596632480621338e-02,-2.277481369674205780e-02,2.785427123308181763e-02,5.801912397146224976e-03,8.383015170693397522e-03,8.312997408211231232e-03,-1.240584440529346466e-02,6.753514986485242844e-03,2.179456688463687897e-02,-1.298508048057556152e-02,-2.324584126472473145e-02,-3.040991257876157761e-03,1.292938482947647572e-03,-2.620885847136378288e-03,3.444865345954895020e-02,1.429631933569908142e-02,2.022871933877468109e-02,-1.992318779230117798e-02,-1.094820536673069000e-02,-7.494070450775325298e-05,1.390167418867349625e-02,3.096050582826137543e-02,1.747893728315830231e-02,1.814092136919498444e-02,2.400966919958591461e-02,-3.214444033801555634e-03,3.090958483517169952e-02,-4.477943293750286102e-03,5.845832452178001404e-02,-8.166597224771976471e-03,-2.334768511354923248e-02,-1.569667086005210876e-02,-1.207485236227512360e-02,-1.108824089169502258e-02,-1.048990860581398010e-01,-1.670237816870212555e-02,3.066452220082283020e-03,1.927393302321434021e-02,2.252020314335823059e-02,-1.707474468275904655e-03,2.086524292826652527e-02,-1.088057470042258501e-04,-3.424496948719024658e-02,1.584943756461143494e-02,-1.865014061331748962e-02,-2.267296984791755676e-02,-1.633319444954395294e-02,-1.936622895300388336e-03,9.140478447079658508e-03,-2.045786753296852112e-02,-9.356896393001079559e-03,1.779083395376801491e-03,-2.612929325550794601e-03,1.251405291259288788e-02,-4.197872709482908249e-03,1.322695985436439514e-02,7.600091397762298584e-03,-1.666418649256229401e-02,-1.604039408266544342e-02,-1.129192765802145004e-02,-2.968745864927768707e-02,2.431520074605941772e-02,1.680422201752662659e-02,8.363919332623481750e-03,8.268441073596477509e-03,-4.201055504381656647e-03,-5.407267715781927109e-03,-3.355752304196357727e-02,-1.674056984484195709e-02,-5.490015726536512375e-03,-3.332837298512458801e-02,-9.089556522667407990e-03,3.271730989217758179e-02,-1.183297298848628998e-02,-4.990344867110252380e-03,1.275593228638172150e-02,-9.757906198501586914e-03,-1.455092895776033401e-02,-1.090046571334823966e-04,-7.761609158478677273e-04,-1.276229787617921829e-02,2.546094171702861786e-02,2.749781869351863861e-02,2.140310592949390411e-03,-4.460757225751876831e-02,9.535122662782669067e-03,-2.889817021787166595e-02,-2.725912258028984070e-03,5.821007769554853439e-03,-1.652415096759796143e-02,1.600220240652561188e-02,8.160231634974479675e-03,-2.910185791552066803e-02,-3.640914801508188248e-03,-5.856016650795936584e-03,-4.732552915811538696e-03,-6.311131175607442856e-03,1.489465124905109406e-02,3.284461563453078270e-03,-5.034901201725006104e-03,-1.465277280658483505e-02,-4.153316374868154526e-03,6.887184921652078629e-03,-2.808660268783569336e-03,1.371071767061948776e-02,-1.679149083793163300e-02,-2.257112599909305573e-02,1.169930305331945419e-02,-3.982091322541236877e-02,-1.231673080474138260e-02,-9.509662166237831116e-03,-1.374890934675931931e-02,2.005049213767051697e-02,-4.010098427534103394e-02,-3.393943607807159424e-02,-6.400244310498237610e-03,6.479809992015361786e-03,-3.529523266479372978e-03,4.071204736828804016e-02,1.162928529083728790e-02,2.721138298511505127e-03,-1.308692432940006256e-02,-1.074451766908168793e-02,-1.421993598341941833e-02,4.497039131820201874e-03,1.041352562606334686e-02,1.898113265633583069e-02,-1.369798742234706879e-02,1.596082816831767559e-03,-9.452374652028083801e-03,-2.151449583470821381e-02,-3.335383487865328789e-03,-2.011414384469389915e-03,2.244382165372371674e-02,-1.254587899893522263e-02,-1.759351044893264771e-02,-5.769449472427368164e-02,1.814092136919498444e-02,-2.711590379476547241e-03,-1.873925328254699707e-02,5.903756245970726013e-03,-2.594470046460628510e-02,1.156563311815261841e-02,-1.137467566877603531e-02,1.329538645222783089e-03,-2.675945125520229340e-02,5.372258834540843964e-03,7.230907678604125977e-03,-1.300099422223865986e-03,-1.071746577508747578e-03,-2.519041998311877251e-03,1.444908510893583298e-02,2.698859944939613342e-02,1.814092136919498444e-02,-1.242016558535397053e-03,2.025417983531951904e-02,-2.220194227993488312e-02,-5.423180758953094482e-03,3.723662812262773514e-03,1.628227345645427704e-02,-1.302327215671539307e-02,2.488807216286659241e-02,-2.306761406362056732e-02,1.287687197327613831e-02,-7.861065678298473358e-03,-1.179478131234645844e-02,1.051536947488784790e-02,-1.769535429775714874e-02,-2.339224098250269890e-03,4.610976576805114746e-02,-7.638282608240842819e-03,-2.397147752344608307e-02,-1.265408843755722046e-02,2.859263867139816284e-02,1.255861017853021622e-02,2.767604403197765350e-02,-3.455049917101860046e-02,-4.195963218808174133e-02,2.073793858289718628e-02,2.027924347203224897e-04,6.330227013677358627e-03,1.596401073038578033e-02,-9.401452727615833282e-03,2.467165328562259674e-02,4.659352358430624008e-03,2.542911563068628311e-03,-5.830555688589811325e-03,3.276823461055755615e-02,8.529415354132652283e-03,-1.168657280504703522e-02,-1.955400407314300537e-02,-2.637753635644912720e-02,1.682968251407146454e-02,-2.071247622370719910e-02,-8.109310641884803772e-03,-2.948377095162868500e-02,4.779018834233283997e-02,1.622339477762579918e-03,-5.139927845448255539e-03,8.357554674148559570e-03,1.424539741128683090e-02,2.614838816225528717e-02,-1.598469796590507030e-03,-1.057902164757251740e-02,-1.337972562760114670e-02,1.092274393886327744e-02,-2.380598150193691254e-02,1.183933857828378677e-02,2.315672673285007477e-02,2.184548787772655487e-02,2.971291914582252502e-02,6.081982515752315521e-03,7.339116651564836502e-03,-5.057179834693670273e-03,-2.706498280167579651e-02,1.395259611308574677e-02,5.046358704566955566e-02,-1.133648492395877838e-02,-9.522392414510250092e-03,5.089005921036005020e-03,2.478622831404209137e-02,2.877086587250232697e-02,5.191645468585193157e-04,2.722729463130235672e-03,-2.441704459488391876e-02,1.708429306745529175e-02,9.955228306353092194e-03,-3.895524190738797188e-03,2.333495393395423889e-02,-1.005707215517759323e-02,1.580965355969965458e-03,1.480553764849901199e-02,1.978315226733684540e-02,-1.654961262829601765e-03,1.028622034937143326e-02,3.032398223876953125e-02,-2.470984496176242828e-02,7.899257354438304901e-03,-8.290719124488532543e-04,-5.770086310803890228e-03,-2.190914191305637360e-02,1.699517853558063507e-02,-5.519932508468627930e-02,-1.232946105301380157e-02,-1.663872599601745605e-02,-7.873796857893466949e-03,1.184570323675870895e-02,2.361502498388290405e-02,2.122169546782970428e-02,2.145084366202354431e-02,-1.446181535720825195e-02,1.269864477217197418e-02,2.729413099586963654e-02,-4.360186285339295864e-04,-1.058538723737001419e-02,2.403512969613075256e-02,1.528929639607667923e-02,7.950179278850555420e-03,2.127580111846327782e-03,-8.160231634974479675e-03,1.782266050577163696e-02,-6.178256589919328690e-04,-2.081432007253170013e-02,-3.704567207023501396e-03,-1.088455319404602051e-02,3.073135763406753540e-02,2.709044329822063446e-02,-1.630773395299911499e-02,-7.950179278850555420e-03,-2.364048548042774200e-02,5.747807677835226059e-03,1.951581239700317383e-02,-2.480850555002689362e-03,4.193417355418205261e-02,-1.735163293778896332e-02,3.702021017670631409e-02,7.561899721622467041e-03,-2.569963922724127769e-03,-1.723705790936946869e-02,1.037533394992351532e-02,1.992318779230117798e-02,2.124397316947579384e-03,1.518745254725217819e-02,-3.612271277233958244e-03,-3.055313043296337128e-02,-8.020197041332721710e-03,-2.145084366202354431e-02,1.522564329206943512e-02,-2.346225827932357788e-02,-8.815851062536239624e-03,-5.136745050549507141e-03,-1.633319444954395294e-02,-7.307290565222501755e-03,-3.155565587803721428e-03,-1.196664292365312576e-02,3.083320148289203644e-02,1.942988135851919651e-03,9.945681085810065269e-04,-1.868833228945732117e-02,-2.399693801999092102e-02,-1.388894394040107727e-02,-7.937449030578136444e-03,-2.262204699218273163e-02,-1.440134510630741715e-04,-3.470326587557792664e-02,7.173620630055665970e-03,1.147651951760053635e-02,-4.575331509113311768e-02,-3.024759888648986816e-02,1.240584440529346466e-02,-1.350702997297048569e-02,5.400902591645717621e-03,-2.754873968660831451e-02,-1.087818760424852371e-02,3.516792785376310349e-03,-4.694361239671707153e-03,1.470369473099708557e-02,-3.253908455371856689e-02,-1.676603034138679504e-02,1.660053431987762451e-02,-1.027985569089651108e-02,-9.006808511912822723e-03,2.096708677709102631e-02,-4.255160223692655563e-03
-1.936508342623710632e-02,-3.652417659759521484e-02,-7.363745011389255524e-03,3.428058233112096786e-03,-3.359121084213256836e-02,3.371655195951461792e-02,-3.118467703461647034e-02,-1.238362584263086319e-02,-1.838742755353450775e-02,-2.592978300526738167e-03,8.961834013462066650e-03,2.674449468031525612e-03,1.096727978438138962e-02,-1.663266308605670929e-02,8.259928785264492035e-03,-5.176556296646595001e-03,2.644681185483932495e-02,2.204423304647207260e-03,1.171305496245622635e-02,-1.030924264341592789e-02,1.951549015939235687e-02,1.812421344220638275e-02,-1.183212827891111374e-02,-5.665383301675319672e-03,-4.985412117093801498e-03,-1.185719668865203857e-02,1.208280865103006363e-02,-9.926955215632915497e-03,1.247136387974023819e-02,-1.561740599572658539e-02,-3.888684092089533806e-03,-3.240047721192240715e-03,-1.158771477639675140e-02,2.520907670259475708e-03,-1.913006999529898167e-03,-2.442883327603340149e-02,-1.639451645314693451e-02,4.170699976384639740e-03,2.449150197207927704e-02,-1.130413147620856762e-03,9.262651205062866211e-03,-3.377922112122178078e-03,4.534186795353889465e-03,2.139559574425220490e-02,-1.827462203800678253e-02,3.005034755915403366e-03,-1.327354181557893753e-02,-3.659937903285026550e-02,-5.561977624893188477e-03,2.330076880753040314e-02,3.469420596957206726e-02,2.061848528683185577e-03,-8.892897516489028931e-03,-1.306046359241008759e-02,3.496995428577065468e-03,1.187599729746580124e-02,-1.167545281350612640e-02,2.935470826923847198e-02,-1.456454768776893616e-02,-3.123481199145317078e-02,1.779832877218723297e-02,-1.791113428771495819e-02,-7.708430755883455276e-03,3.339066728949546814e-02,1.061005983501672745e-02,-3.080630558542907238e-04,4.382994957268238068e-04,3.271383000537753105e-03,-1.312156673520803452e-03,-3.020702162757515907e-03,3.958247974514961243e-02,3.161709988489747047e-03,6.793446373194456100e-03,1.465228572487831116e-02,2.445390075445175171e-02,-2.742446586489677429e-02,-4.850671160966157913e-03,1.552966795861721039e-02,8.297530934214591980e-03,1.257790345698595047e-02,-7.081729359924793243e-03,-2.080649696290493011e-02,-1.293512340635061264e-02,1.040324801579117775e-03,-1.035624532960355282e-03,9.588535875082015991e-03,-3.123481199145317078e-02,-1.511604525148868561e-02,-1.777325943112373352e-02,-2.837705239653587341e-02,2.014219202101230621e-02,3.406750410795211792e-02,-5.695151630789041519e-04,7.232137490063905716e-03,-2.144573256373405457e-02,3.258848935365676880e-02,-1.342395041137933731e-02,2.078142762184143066e-02,7.598758093081414700e-04,-1.294765714555978775e-02,-7.420148234814405441e-03,-7.106797304004430771e-03,-1.524138543754816055e-02,6.636770907789468765e-03,-1.965336501598358154e-02,-4.687728732824325562e-02,-2.475471794605255127e-02,-1.314820162951946259e-02,2.692310512065887451e-02,-1.039541442878544331e-03,-2.915416285395622253e-02,1.438907068222761154e-02,4.546721000224351883e-03,-2.990620583295822144e-02,1.684574224054813385e-02,-1.308553200215101242e-02,-7.150666322559118271e-03,-6.141676567494869232e-03,4.521652590483427048e-03,-3.000647760927677155e-02,-2.401520870625972748e-02,1.458961609750986099e-02,1.535419188439846039e-02,-1.709642261266708374e-02,-3.305851481854915619e-03,1.410078816115856171e-02,-4.296666756272315979e-02,-3.098413161933422089e-02,-1.878851652145385742e-02,-3.302718047052621841e-03,3.712580725550651550e-02,1.539179403334856033e-02,2.381466515362262726e-02,-2.714871801435947418e-02,-2.149586752057075500e-02,2.795089595019817352e-02,-3.308984916657209396e-03,-3.728875191882252693e-03,-7.056660950183868408e-03,7.526687346398830414e-03,2.343864366412162781e-02,2.109477855265140533e-02,-8.529409766197204590e-03,-1.783592998981475830e-02,4.521652590483427048e-03,3.688139608129858971e-03,5.380234215408563614e-03,6.216880865395069122e-03,4.471516702324151993e-03,-1.177572458982467651e-02,-1.053485553711652756e-02,-6.388440378941595554e-04,3.115960955619812012e-02,-1.079807057976722717e-02,1.117409113794565201e-02,2.282447554171085358e-02,-2.902882359921932220e-02,-1.119250082410871983e-04,-1.788606680929660797e-02,-1.900472911074757576e-03,1.476509217172861099e-02,-1.161904912441968918e-02,4.543587565422058105e-03,-1.190733257681131363e-02,-1.545446366071701050e-02,3.085879236459732056e-02,3.296450944617390633e-03,-2.071249065920710564e-03,-2.617106400430202484e-02,8.134587667882442474e-03,2.266153320670127869e-02,3.835414350032806396e-02,-2.231058105826377869e-02,4.026558250188827515e-03,-1.532912347465753555e-02,1.082313805818557739e-02,-2.774721710011363029e-03,-6.830069469287991524e-05,-4.950943402945995331e-03,1.979123987257480621e-02,-3.128495067358016968e-02,2.357651852071285248e-02,1.690841279923915863e-02,2.708918182179331779e-03,-9.131044149398803711e-03,2.297488413751125336e-02,5.906663369387388229e-03,-1.357435900717973709e-02,7.413881365209817886e-03,-2.030513482168316841e-03,4.441748315002769232e-04,1.694601401686668396e-02,1.638198271393775940e-02,-2.482992224395275116e-02,-6.605937480926513672e-01,6.320286542177200317e-03,-8.422871120274066925e-03,-1.546699833124876022e-02,2.425335533916950226e-02,1.853470341302454472e-03,1.643211953341960907e-02,2.025499939918518066e-02,-1.717162691056728363e-02,1.171305496245622635e-02,-1.203893963247537613e-02,1.695854775607585907e-02,-7.727231830358505249e-03,-1.339888200163841248e-02,-3.205579239875078201e-03,-5.220425315201282501e-03,-9.212515316903591156e-03,-5.267427768558263779e-03,-2.508060261607170105e-02,1.631931215524673462e-02,-1.579288206994533539e-02,-7.583090569823980331e-03,-2.401834353804588318e-03,-2.000431902706623077e-02,2.687296830117702484e-02,-1.306046359241008759e-02,8.222326636314392090e-03,-2.498032897710800171e-02,-1.767298765480518341e-02,-4.631325602531433105e-03,-2.179668471217155457e-02,1.734710298478603363e-02,1.092967763543128967e-02,-2.278687432408332825e-02,3.379175439476966858e-02,-8.548211306333541870e-03,-1.743484102189540863e-02,1.155637949705123901e-02,6.805980578064918518e-03,2.607079036533832550e-02,5.840859841555356979e-03,1.175065711140632629e-02,-2.954898634925484657e-03,-2.093183621764183044e-02,-1.778579503297805786e-02,2.456670626997947693e-02,6.762111559510231018e-03,-9.920688346028327942e-03,-2.257379516959190369e-02,7.783635053783655167e-03,1.428879890590906143e-02,-1.797380484640598297e-02,1.099234819412231445e-02,-1.510351081378757954e-03,-1.371223293244838715e-02,3.296450944617390633e-03,1.644465327262878418e-02,-1.114275585860013962e-02,-3.537731012329459190e-03,3.115960955619812012e-02,4.042225889861583710e-03,1.659506186842918396e-02,-1.185092888772487640e-02,-1.664519682526588440e-02,5.916064139455556870e-03,1.525391917675733566e-02,7.100530434399843216e-03,-8.441671729087829590e-03,1.913947053253650665e-02,1.858797296881675720e-02,-6.561566609889268875e-03,-6.198079790920019150e-03,-1.057245768606662750e-02,5.458571948111057281e-03,1.078553590923547745e-02,-9.792214259505271912e-04,-1.714029116556048393e-03,9.220349020324647427e-04,-6.107208319008350372e-03,-1.895772584248334169e-04,1.294765714555978775e-02,-7.614425849169492722e-03,-5.019880831241607666e-03,4.339909355621784925e-04,3.772744163870811462e-02,-1.497817109338939190e-03,-3.308985009789466858e-02,7.276006974279880524e-03,4.017157945781946182e-03,-2.190949209034442902e-02,1.081687118858098984e-02,1.743484102189540863e-02,1.698361523449420929e-02,-4.176966845989227295e-03,3.807212924584746361e-03,-7.037860341370105743e-03,-1.245256327092647552e-02,-7.044127210974693298e-03,2.965552546083927155e-02,1.179452612996101379e-02,1.136680250056087971e-03,1.484029646962881088e-02,8.485540747642517090e-03,-7.282273843884468079e-03,-5.204757675528526306e-03,6.617969833314418793e-03,-3.033236227929592133e-02,-1.812734641134738922e-03,3.050783835351467133e-02,-4.346176516264677048e-03,6.956388708204030991e-03,1.161904912441968918e-02,6.975189782679080963e-03,-9.682541713118553162e-03,1.061632670462131500e-02,-2.388986945152282715e-02,3.028222545981407166e-02,8.629682473838329315e-03,-8.389969007112085819e-04,-3.258848935365676880e-02,9.544666856527328491e-03,7.764833979308605194e-03,-5.800124257802963257e-03,-2.055581659078598022e-02,-3.108440432697534561e-03,1.269070990383625031e-02,1.369343255646526814e-03,-1.000215951353311539e-02,-3.110947273671627045e-02,-3.471927484497427940e-03,2.755920635536313057e-03,2.303755469620227814e-02,2.390867099165916443e-03,1.008363068103790283e-02,1.312313321977853775e-02,-1.245256327092647552e-02,-7.476551458239555359e-03,4.308574367314577103e-03,2.855253033339977264e-02,-2.850239351391792297e-02,6.022603251039981842e-03,1.209950460179243237e-05,-5.646582227200269699e-03,6.273284088820219040e-03,1.465228572487831116e-02,-2.935470826923847198e-02,-1.136210188269615173e-02,-1.045965123921632767e-02,-3.820373490452766418e-02,-7.395080290734767914e-03,2.105717733502388000e-02,4.145631566643714905e-03,-1.656999252736568451e-02,1.316073536872863770e-02,1.778579503297805786e-02,-1.067899726331233978e-02,-2.239831909537315369e-02,-1.831222325563430786e-02,-3.835414536297321320e-03,-1.220188196748495102e-02,3.246314823627471924e-02,2.565716765820980072e-02,-1.064139511436223984e-02,-4.302307032048702240e-03,-2.373632742092013359e-03,-2.597051858901977539e-02,-4.179317038506269455e-04,3.053290769457817078e-02,-5.179689731448888779e-03,-3.293944150209426880e-02,8.147122338414192200e-03,1.054112240672111511e-02,-2.546915784478187561e-02,1.962829753756523132e-02,1.992911472916603088e-02,7.413881365209817886e-03,-1.811167970299720764e-02,5.721786525100469589e-03,-1.182586140930652618e-02,2.462937682867050171e-02,-5.214157979935407639e-03,-1.010243128985166550e-02,-1.071033254265785217e-02,-1.074166689068078995e-02,1.311059948056936264e-02,1.102368254214525223e-02,4.521652590483427048e-03,9.908153675496578217e-03,-6.260749883949756622e-03,2.070622518658638000e-02,9.638671763241291046e-03,2.835198491811752319e-02,5.167155526578426361e-03,-9.832949377596378326e-03,-6.849849596619606018e-03,2.481738664209842682e-02,-2.436616271734237671e-02,3.026969265192747116e-03,3.374161943793296814e-02,1.900159567594528198e-02,2.002938650548458099e-02,-3.252581926062703133e-03,2.434109337627887726e-02,-4.183233715593814850e-03,1.376236975193023682e-02,-4.810562357306480408e-02,-2.255881372548174113e-05,-1.699615083634853363e-02,1.979123987257480621e-02,1.907679997384548187e-02,-1.598089374601840973e-02,-5.063749849796295166e-02,-1.693348027765750885e-02,2.582011045888066292e-03,-8.535677567124366760e-03,1.574274711310863495e-02,9.361356496810913086e-04,8.899164386093616486e-03,-7.150666322559118271e-03,-1.786099933087825775e-02,4.158165771514177322e-03,3.631736384704709053e-03,5.268211316433735192e-05,-4.684595391154289246e-03,-3.431818634271621704e-02,1.761031709611415863e-02,2.009205706417560577e-02,6.044537760317325592e-03,-3.070838283747434616e-03,1.294765714555978775e-02,2.818590961396694183e-03,2.539395354688167572e-02,-9.283018880523741245e-05,1.675800420343875885e-02,1.651359023526310921e-03,-4.242770373821258545e-03,-4.505985416471958160e-03,-3.559665754437446594e-02,1.986644417047500610e-02,-1.703375205397605896e-02,1.087327487766742706e-02,2.406926214462146163e-04,1.481522805988788605e-02,-1.415092404931783676e-02,1.985077746212482452e-03,-1.367776421830058098e-03,1.388770993798971176e-02,-3.153562918305397034e-02,1.550460048019886017e-02,8.604614064097404480e-03,-1.950295642018318176e-02,-1.160181476734578609e-03,-2.499286457896232605e-02,1.441413909196853638e-02,3.166097030043601990e-02,-1.816181465983390808e-02,-2.093183575198054314e-03,4.183233715593814850e-03,3.752689808607101440e-02,2.920429967343807220e-02,3.191478317603468895e-03,2.173401415348052979e-02,9.901886805891990662e-03,1.873838156461715698e-02,2.658782061189413071e-03,-1.157831400632858276e-03,-9.926955215632915497e-03,-2.025499939918518066e-02,-2.254872769117355347e-02,-9.977091103792190552e-03,-2.561956644058227539e-02,-1.453947927802801132e-02,1.295705791562795639e-03,-1.337381452322006226e-02,6.163611076772212982e-03,-8.090718649327754974e-03,1.806467655114829540e-03,-5.872195120900869370e-03,1.660759560763835907e-03,8.917964994907379150e-03,-2.188755664974451065e-03,-2.318796329200267792e-02,-9.400525130331516266e-03,1.707135513424873352e-02,1.294922432862222195e-03,1.144357305020093918e-02,-2.356398478150367737e-02,2.114491537213325500e-02,-2.105717733502388000e-02,3.110007150098681450e-03,-4.687728825956583023e-03,2.759994380176067352e-02,8.479273878037929535e-03,8.316331543028354645e-03,-5.790723953396081924e-03,-2.747460268437862396e-02,1.214547920972108841e-02,-3.135075327008962631e-03,1.425119675695896149e-02,-5.032414570450782776e-03,7.902708835899829865e-03,1.008363068103790283e-02,-1.174439024180173874e-02,-2.827678062021732330e-02,-7.069195155054330826e-03,1.544192992150783539e-02,4.120563622564077377e-03,4.615657962858676910e-03,-1.448934338986873627e-02,-1.925227604806423187e-02,-1.608116552233695984e-02,-1.619397290050983429e-02,-1.620650663971900940e-02,-1.284738536924123764e-02,1.447680988349020481e-03,2.921996638178825378e-03,-2.797596342861652374e-02,-9.995891712605953217e-03,1.387517526745796204e-02,-2.083783270791172981e-03,-7.125598378479480743e-03,-2.945498097687959671e-03,-5.900396499782800674e-03,1.344901882112026215e-02,1.156139299273490906e-01,4.637592472136020660e-03,1.539336051791906357e-03,2.159614115953445435e-02,1.594329066574573517e-02,4.637592658400535583e-02,-1.665773056447505951e-02,1.363859628327190876e-03,9.541533654555678368e-04,-6.674373056739568710e-03,-1.604356430470943451e-02,-2.322556450963020325e-02,2.070622518658638000e-02,-1.620650663971900940e-02,-4.116646887268871069e-04,5.493040196597576141e-03,1.157518010586500168e-02,6.364156026393175125e-03,-2.202024188591167331e-05,6.473828572779893875e-03,1.416345871984958649e-02,1.189479790627956390e-02,1.149997580796480179e-03,3.632362931966781616e-02,1.010243128985166550e-02,1.887625455856323242e-02,2.574490569531917572e-02,2.942991256713867188e-02,1.621590694412589073e-03,-1.232722215354442596e-02,5.916064139455556870e-03,9.168646298348903656e-03,-3.703807014971971512e-03,-6.787179503589868546e-03,-4.220835864543914795e-03,1.460214983671903610e-02,5.514975171536207199e-03,3.113454021513462067e-02,3.339066728949546814e-02,-5.627781152725219727e-03,2.357651852071285248e-02,1.866317726671695709e-02,-1.441413909196853638e-02,-5.605846643447875977e-03,1.408825442194938660e-02,-2.904762281104922295e-03,-4.050999879837036133e-02,-3.349720500409603119e-03,5.928598344326019287e-03,-1.588062196969985962e-02,2.995634078979492188e-02,-1.128063071519136429e-02,-1.146237459033727646e-02,-3.901218064129352570e-03,-4.183233715593814850e-03,1.868824474513530731e-02,-2.983100153505802155e-02,-4.722197540104389191e-03,1.094847917556762695e-02,6.655571982264518738e-03,-2.350131422281265259e-02,-1.030924264341592789e-02,-3.440592437982559204e-03,-6.213747430592775345e-03,-1.211101072840392590e-03,-1.638198271393775940e-02,-2.787569165229797363e-02,3.299584379419684410e-03,-2.752473950386047363e-02,-1.890132389962673187e-02,-2.870293892920017242e-02,-1.635691523551940918e-02,-2.248605713248252869e-02,1.361196115612983704e-02,3.554651886224746704e-02,2.060595154762268066e-02,3.572199726477265358e-03,-4.151898901909589767e-03,9.720143862068653107e-03,3.757076803594827652e-03,-1.222695037722587585e-02,-1.099078101105988026e-03,1.975677208974957466e-03,-1.590568944811820984e-02,-3.404243662953376770e-02,1.921467483043670654e-02,-9.933222085237503052e-03,5.988135002553462982e-03,1.651359023526310921e-03,6.530231796205043793e-03,2.855253033339977264e-02,8.830226957798004150e-03,2.820157632231712341e-02,-3.476941213011741638e-02,1.623157411813735962e-02,1.306046359241008759e-02,2.935470826923847198e-02,-1.881671836599707603e-03,-1.991658098995685577e-02,1.195120159536600113e-02,2.371439337730407715e-02,-1.008989755064249039e-02,1.792366802692413330e-02,-1.561740599572658539e-02,6.975189782679080963e-03,3.782771527767181396e-02,-9.565034997649490833e-04,1.738470606505870819e-02,-2.368932403624057770e-02,-4.559254739433526993e-03,1.521631702780723572e-02,-2.056835032999515533e-02,1.017136871814727783e-02,-6.968922913074493408e-03,-2.682283334434032440e-02,2.357651852071285248e-02,2.224791049957275391e-02,1.728443242609500885e-02,1.217681448906660080e-02,-5.793073796667158604e-04,-1.123676169663667679e-02,-4.815575852990150452e-02,2.011712454259395599e-02,-3.166410373523831367e-03,3.013181872665882111e-02,9.011970832943916321e-03,4.835003521293401718e-03,3.052037209272384644e-03,1.985391043126583099e-02,1.275964640080928802e-02,-2.652514958754181862e-03,1.034057792276144028e-02,-6.737043149769306183e-03,-1.831222325563430786e-02,-2.574490569531917572e-02,-9.807881899178028107e-03,-5.260377656668424606e-04,1.240869332104921341e-02,-2.352638170123100281e-02,-1.450187712907791138e-02,-6.314019672572612762e-03,1.388927688822150230e-03,-2.405281178653240204e-02,-8.128320798277854919e-03,-3.233780851587653160e-03,-3.178631141781806946e-02,8.673551492393016815e-03,-6.831048522144556046e-04,1.517871487885713577e-02,1.623157411813735962e-02,-4.040972515940666199e-02,-6.163611076772212982e-03,-1.374983508139848709e-02,2.467951364815235138e-02,-1.554220262914896011e-02,-2.401520870625972748e-02,-3.629856184124946594e-02,-2.452910505235195160e-02,1.762285269796848297e-02,1.351168844848871231e-02,2.594545111060142517e-02,5.483639892190694809e-03,8.780091069638729095e-03,8.422871120274066925e-03,-4.010891076177358627e-03,-1.281605008989572525e-02,-4.692428919952362776e-04,-1.311059948056936264e-02,-2.973072789609432220e-02,6.987723987549543381e-03,1.980377361178398132e-02,3.133508609607815742e-03,1.896399445831775665e-02,-2.125772088766098022e-02,1.159398164600133896e-02,3.873016452416777611e-03,-1.447680965065956116e-02,-1.526645384728908539e-02,-5.624647601507604122e-04,-3.654924407601356506e-02,2.151153516024351120e-03,-5.634048487991094589e-03,-1.193240005522966385e-02,-7.959111593663692474e-03,1.351168844848871231e-02,-7.031593006104230881e-03,3.464407101273536682e-02,-3.531464142724871635e-03,2.735552843660116196e-03,-6.085273344069719315e-03,1.264057308435440063e-02,-2.111984789371490479e-02,2.361411973834037781e-02,2.860266529023647308e-02,-1.594955800101161003e-03,-6.201213225722312927e-03,1.621904037892818451e-02,2.360158599913120270e-02,3.252581926062703133e-03,1.385010778903961182e-02,3.148549422621726990e-02,1.511604525148868561e-02,-1.779832877218723297e-02,1.009616442024707794e-02,1.129316445440053940e-02,1.699615083634853363e-02,-1.223948411643505096e-02,-8.711153641343116760e-03,9.287719614803791046e-03,3.261982463300228119e-03,-2.850239351391792297e-02,1.659780245972797275e-04,-2.659722045063972473e-02,-3.752689808607101440e-02,2.355144917964935303e-02,-4.888273309916257858e-03,-1.088580861687660217e-02,1.834982633590698242e-02,8.510609157383441925e-03,-2.372066024690866470e-03,-2.897868677973747253e-02,-1.664519682526588440e-02,1.159398164600133896e-02,-2.276180498301982880e-02,1.285991910845041275e-02,-1.045965123921632767e-02,-4.233370069414377213e-03,-3.910618834197521210e-03,1.826208829879760742e-02,-7.840038277208805084e-03,4.728464409708976746e-03,6.238815374672412872e-03,5.709252320230007172e-03,-9.419326670467853546e-03,2.901628846302628517e-03,-3.951354417949914932e-03,5.298763047903776169e-03,4.161299206316471100e-03,-7.683362811803817749e-03,2.524354495108127594e-02,1.177572458982467651e-02,-7.464017253369092941e-03,-6.245082244277000427e-03,-9.582269005477428436e-03,9.262651205062866211e-03,5.004213191568851471e-03,-2.316289581358432770e-02,2.990620583295822144e-02,-9.005703032016754150e-03,8.159656077623367310e-03,-1.903919689357280731e-02,1.778579503297805786e-02,-8.836493827402591705e-03,2.276180498301982880e-02,-7.551755756139755249e-03,-4.426080849952995777e-04,3.361627832055091858e-02,7.131865248084068298e-03,-3.326532617211341858e-02,3.027752682100981474e-04,-1.257790345698595047e-02,1.680813916027545929e-02,-1.040951535105705261e-02,1.753197982907295227e-03,4.402579274028539658e-03,2.079396322369575500e-02,-1.181959453970193863e-02,1.872584596276283264e-02,3.312118584290146828e-03,1.962829753756523132e-02,-1.415092404931783676e-02,-2.302502095699310303e-02,4.662660881876945496e-03,1.678307168185710907e-02,2.284954488277435303e-02,-5.806391127407550812e-03,-1.114902365952730179e-02,2.237325161695480347e-02,-1.991658098995685577e-02,-1.972856931388378143e-02,2.127652289345860481e-03,-1.753197982907295227e-03,1.134330057539045811e-03,-3.258848935365676880e-02,-1.235855743288993835e-02,-3.456886485219001770e-02,-9.290852467529475689e-04,-4.584323149174451828e-03,-1.541294477647170424e-04,1.015883497893810272e-02,-5.706118885427713394e-03,-3.515796503052115440e-03,2.843658905476331711e-03,3.281410038471221924e-02,2.906329173129051924e-04,1.316073536872863770e-02,-4.562388174235820770e-03,4.728464409708976746e-03,-3.547131549566984177e-03,1.974110305309295654e-02,-3.471927344799041748e-02,9.745211340487003326e-03,-2.084409818053245544e-02,-1.808621891541406512e-04,7.858839817345142365e-03,-2.516834065318107605e-02,6.874917540699243546e-03,-1.086074020713567734e-02,-3.166097030043601990e-02,1.832475699484348297e-02,1.280978322029113770e-02,3.366641700267791748e-02,1.458961609750986099e-02,-2.536888420581817627e-02,1.842502970248460770e-03,1.188853103667497635e-02,5.493040196597576141e-03,-2.074382640421390533e-02,-3.547131642699241638e-02,9.062106721103191376e-03,-1.101114880293607712e-02,-1.206400804221630096e-02,2.920429967343807220e-02,-1.402558386325836182e-02,3.286423906683921814e-02,1.611876860260963440e-02,1.092811115086078644e-03,2.185935527086257935e-02,-1.857543922960758209e-02,-1.845009811222553253e-02,-1.791113428771495819e-02,7.984180003404617310e-03,2.205990022048354149e-03,2.122951904311776161e-03,6.762111559510231018e-03,-8.805158548057079315e-03,-1.361196115612983704e-02,1.714655943214893341e-02,1.475099124945700169e-03,1.486536394804716110e-02,-1.196216908283531666e-03,2.327570132911205292e-02,2.760621020570397377e-03,3.678739070892333984e-03,-8.382135420106351376e-04,-2.235758351162075996e-03,-7.050394080579280853e-03,-2.513073757290840149e-02,1.267817523330450058e-02,-2.953018434345722198e-02,1.221441663801670074e-02,2.159614115953445435e-02,7.589357439428567886e-03,-4.430781118571758270e-03,-5.853394046425819397e-03,1.784533145837485790e-03,-4.045986011624336243e-02,-7.485168753191828728e-04,-1.527898758649826050e-02,2.571983821690082550e-02,6.329687312245368958e-03,1.388770993798971176e-02,3.161083534359931946e-02,7.482818327844142914e-03,2.098197303712368011e-02,6.417425349354743958e-03,-1.816181465983390808e-02,-1.067273039370775223e-02,1.090460922569036484e-02,9.049572981894016266e-03,1.922720856964588165e-02,1.030297577381134033e-02,-2.335090562701225281e-02,-9.162378497421741486e-03,7.075462024658918381e-03,-5.427236668765544891e-03,-7.645760662853717804e-03,6.730776280164718628e-03,1.213294453918933868e-02,-8.604614064097404480e-03,-3.691273042932152748e-03,-1.801140606403350830e-02,2.102584112435579300e-03,1.620650663971900940e-02,2.865280210971832275e-02,-1.188853103667497635e-02,-1.858170493505895138e-03,1.847516559064388275e-02,3.359121037647128105e-03,-1.045338436961174011e-02,-3.735142061486840248e-03,4.459609463810920715e-02,1.069779787212610245e-02,-3.512036427855491638e-02,-1.395037956535816193e-02,-1.569104380905628204e-03,4.158165771514177322e-03,-1.440160535275936127e-02,1.626917533576488495e-02,2.238891785964369774e-03,-3.707567229866981506e-02,1.421829452738165855e-03,-1.426373049616813660e-02,-1.020270399749279022e-02,2.627133578062057495e-02,1.239615958184003830e-02,-2.945498004555702209e-02,-7.294808048754930496e-03,1.316073536872863770e-02,-4.960344173014163971e-03,-9.720143862068653107e-03,-2.927950397133827209e-02,-5.138954147696495056e-03,-1.781086251139640808e-02,-1.512857899069786072e-02,-1.102368254214525223e-02,-3.192261792719364166e-04,-2.737433090806007385e-02,2.209750190377235413e-02,6.527724862098693848e-02,-1.893892511725425720e-02,1.275337953120470047e-02,3.609801875427365303e-03,-1.221441663801670074e-02,-1.048471964895725250e-02,-2.204736508429050446e-02,-1.954055950045585632e-02,-2.576997317373752594e-02,-1.367776421830058098e-03,6.401757709681987762e-03,-1.136836875230073929e-02,-1.944028772413730621e-02,-1.395194674842059612e-03,-6.887451745569705963e-03,2.029260061681270599e-02,1.707135513424873352e-02,2.236071676015853882e-01,-5.941915442235767841e-04,-3.231273964047431946e-02,2.739939838647842407e-02,-7.558022625744342804e-03,1.479016058146953583e-02,1.532912347465753555e-02,3.935686778277158737e-03,-1.646972075104713440e-02,2.289967983961105347e-02,-2.942991256713867188e-02,8.560745045542716980e-03,-4.462115932255983353e-03,7.714698091149330139e-03,-1.480269432067871094e-02,-2.817650884389877319e-02,-4.720317199826240540e-02,-3.537104278802871704e-02,-4.193887859582901001e-02,-2.855253033339977264e-02,2.046807855367660522e-02,-1.724683120846748352e-02,-1.276904717087745667e-03,-5.007346626371145248e-03,2.129532396793365479e-02,3.522063605487346649e-03,-8.416604250669479370e-03,-2.583577763289213181e-03,3.366641700267791748e-02,4.443314857780933380e-03,-1.626917533576488495e-02,3.970155492424964905e-03,-1.770432339981198311e-03,2.035527117550373077e-02,-2.327570132911205292e-02,-1.062259357422590256e-02,1.382503937929868698e-02,-2.346371114253997803e-02,1.926480978727340698e-02,-4.599990323185920715e-03,-1.113648898899555206e-02,-7.833771407604217529e-03,-7.344943936914205551e-03,-2.011712454259395599e-02,-1.712462399154901505e-03,3.599774464964866638e-02,-2.200976386666297913e-02,-2.282447554171085358e-02,1.067899726331233978e-02,1.130021482822485268e-04,-6.512684375047683716e-02,-2.238891785964369774e-03,1.011496502906084061e-02,2.637160755693912506e-02,1.115529052913188934e-02,-1.324847433716058731e-02,9.469462558627128601e-03,2.103210985660552979e-02,-2.059341780841350555e-02,-5.095084663480520248e-03,6.931320764124393463e-03,2.050567977130413055e-02,-3.296450898051261902e-02,6.000668741762638092e-03,7.313608657568693161e-03,1.863810792565345764e-02,-2.405281178653240204e-02,-8.855295367538928986e-03,4.104895982891321182e-03,-1.148117519915103912e-02,-1.529152132570743561e-02,-1.015256717801094055e-02,5.038681905716657639e-03,1.926480978727340698e-02,4.737864714115858078e-03,8.993169292807579041e-03,1.093594450503587723e-02,2.930457144975662231e-02,-2.066548913717269897e-03,1.351168844848871231e-02,-1.742230728268623352e-02,1.638198271393775940e-02,1.591822318732738495e-02,-3.319012373685836792e-02,-2.028946764767169952e-03,-2.460430935025215149e-02,1.584771904163062572e-03,2.531874924898147583e-02,-2.085663191974163055e-02,2.118251845240592957e-02,-1.576938200742006302e-03,-2.978086471557617188e-02,-4.584323149174451828e-03,6.580367684364318848e-03,5.574511829763650894e-03,2.390240319073200226e-02,6.411158479750156403e-03,5.671650636941194534e-03,-1.331114396452903748e-02,1.847516559064388275e-02,7.044127210974693298e-03,-9.908153675496578217e-03,-4.552987869828939438e-03,1.219561509788036346e-02,-8.661017753183841705e-03,1.141380518674850464e-03,-8.197258226573467255e-03,2.116998285055160522e-02,1.475255843251943588e-02,2.965865889564156532e-03,-1.527585438452661037e-03,-3.973288834095001221e-02,7.814969867467880249e-03,-1.521631702780723572e-02,1.903919689357280731e-02,4.333642311394214630e-03,1.167545281350612640e-02,-7.194535341113805771e-03,1.913947053253650665e-02,-1.088580861687660217e-02,1.266564149409532547e-02,-7.031593006104230881e-03,5.458571948111057281e-03,2.273673750460147858e-02,3.110007150098681450e-03,1.873838133178651333e-03,-1.907679997384548187e-02,-2.859326486941426992e-04,7.977913133800029755e-03,-4.427020996809005737e-02,2.677269652485847473e-02,-1.689587719738483429e-02,8.648483781144022942e-04,-3.243181388825178146e-03,-5.088034668006002903e-04,1.866317726671695709e-02,1.043458376079797745e-02,-4.844404291361570358e-03,-2.475471794605255127e-02,-1.116782426834106445e-02,-7.263472769409418106e-03,-1.280351541936397552e-02,4.556121304631233215e-03,1.201387122273445129e-02,6.586635019630193710e-03,-1.307299733161926270e-02,2.714871801435947418e-02,-2.066862210631370544e-02,-6.636770907789468765e-03,-1.692094653844833374e-02,-1.061632670462131500e-02,-4.230236634612083435e-03,-2.441629767417907715e-02,2.054014941677451134e-03,2.279940806329250336e-02,-1.707135513424873352e-02,-3.544624894857406616e-02,-3.120974451303482056e-02,-7.288540713489055634e-03,2.174654975533485413e-02,-4.018411412835121155e-02,-9.040171862579882145e-04,1.061632670462131500e-02,-1.748497784137725830e-02,-5.715519655495882034e-03,3.901218064129352570e-03,-1.567255556583404541e-01,1.173185557126998901e-02,3.475060919299721718e-03,-9.105975739657878876e-03,2.194709330797195435e-02,-8.823960088193416595e-03,2.286207862198352814e-02,2.048061229288578033e-02,-1.951549015939235687e-02,7.940310984849929810e-03,8.491807617247104645e-03,1.240869332104921341e-02,-1.298525929450988770e-02,1.367463078349828720e-02,4.925875458866357803e-03,1.535419188439846039e-02,-2.860266529023647308e-02,5.508707836270332336e-03,1.381250564008951187e-02,5.178122664801776409e-04,1.818688400089740753e-02,1.639451645314693451e-02,1.808661036193370819e-02,-1.799887232482433319e-02,2.981533296406269073e-03,5.552577320486307144e-03,-2.920429967343807220e-02,1.272831205278635025e-02,-2.541902102530002594e-02,-3.995223436504602432e-03,-2.213510498404502869e-02,1.677053794264793396e-02,3.898084536194801331e-02,3.175810910761356354e-03,-1.081687118858098984e-02,-1.064139511436223984e-02,-1.141850464046001434e-02,1.387517526745796204e-02,-1.658252626657485962e-02,2.298741787672042847e-02,3.888057544827461243e-02,2.900375425815582275e-02,7.232137490063905716e-03,2.281194180250167847e-02,-3.144475864246487617e-03,2.664735727012157440e-02,2.056835032999515533e-02,-5.333231296390295029e-03,4.932142328470945358e-03,-1.575528085231781006e-02,2.560076536610722542e-03,-1.610623300075531006e-02,1.096728025004267693e-03,-1.163785066455602646e-02,-1.428879890590906143e-02,1.505337469279766083e-02,-6.818514317274093628e-03,-9.204681264236569405e-04,2.751220483332872391e-03,-2.729912661015987396e-02,-5.627781152725219727e-03,-3.274516435340046883e-03,3.171110525727272034e-02,-2.539395354688167572e-02,2.770021557807922363e-02,-1.341141667217016220e-02,-1.946535520255565643e-02,-1.839996129274368286e-02,-2.321303077042102814e-02,1.153131108731031418e-02,-1.850023493170738220e-02,-4.054760094732046127e-03,-2.690900582820177078e-04,-1.921467483043670654e-02,1.168171968311071396e-02,1.445174124091863632e-02,-3.233780851587653160e-03,8.598347194492816925e-03,9.926955215632915497e-03,-9.174913167953491211e-03,-1.668279990553855896e-02,2.012965828180313110e-02,-1.266564149409532547e-02,-3.387322649359703064e-03,-6.605436094105243683e-03,-4.684595391154289246e-03,3.782144747674465179e-03,-4.913341253995895386e-03,-5.981867667287588120e-03,-9.619871154427528381e-03,3.108440525829792023e-02,2.148020081222057343e-03,2.232311479747295380e-02,-2.569477073848247528e-02,1.520378328859806061e-02,3.224380314350128174e-03,8.454206399619579315e-03,1.608116552233695984e-02,-1.571767963469028473e-02,2.874993951991200447e-03,1.883865334093570709e-02,-1.876344904303550720e-02,-3.043263405561447144e-02,8.892897516489028931e-03,1.243376173079013824e-02,-1.527898758649826050e-02,3.163590282201766968e-02,1.861304044723510742e-02,3.489474952220916748e-02,-1.109261997044086456e-02,-2.295295009389519691e-03,1.099234819412231445e-02,-1.035311259329319000e-02,1.249643228948116302e-02,2.383973263204097748e-02,4.675194621086120605e-03,1.205774117261171341e-02,-1.492803450673818588e-02,3.308985009789466858e-02,-8.040582761168479919e-03,6.327180564403533936e-02,1.096727978438138962e-02,-2.378959581255912781e-02,8.247394114732742310e-03,-9.726410731673240662e-03,-2.970566041767597198e-02,-1.113022193312644958e-01,-2.530621550977230072e-02,6.993990857154130936e-03,3.439338877797126770e-02,2.800103276968002319e-02,5.655982997268438339e-03,6.480095442384481430e-03,7.814969867467880249e-03,-2.481738664209842682e-02,5.978734232485294342e-03,1.735963742248713970e-03,-2.248605713248252869e-02,-2.759994380176067352e-02,-1.570514403283596039e-02,1.905173249542713165e-02,-2.515580691397190094e-02,-1.169425342231988907e-02,-4.841270856559276581e-03,-1.443920750170946121e-02,9.839217178523540497e-03,-8.623415604233741760e-03,1.369969919323921204e-02,6.956388708204030991e-03,-1.629424467682838440e-02,-1.565500907599925995e-02,-9.876818396151065826e-03,-2.378959581255912781e-02,3.406750410795211792e-02,7.840038277208805084e-03,2.216017246246337891e-02,-3.135075327008962631e-03,-5.452304612845182419e-03,-2.984666964039206505e-03,-1.698361523449420929e-02,-9.011970832943916321e-03,-1.626917533576488495e-02,-3.537104278802871704e-02,-1.705881953239440918e-02,1.921467483043670654e-02,-1.007109601050615311e-02,9.356656111776828766e-03,-1.190733257681131363e-02,1.862557418644428253e-02,-3.609801828861236572e-02,-8.479273878037929535e-03,-7.943444070406258106e-04,-1.103621721267700195e-02,3.110947273671627045e-02,2.614599466323852539e-02,1.694601401686668396e-02,-2.897868677973747253e-02,1.876344904303550720e-02,-2.093183621764183044e-02,2.141752978786826134e-03,9.143577888607978821e-03,-1.922720856964588165e-02,2.048061229288578033e-02,1.111768838018178940e-02,-3.431818634271621704e-02,-1.183839514851570129e-02,2.624626643955707550e-02,-1.767298788763582706e-03,-2.133292518556118011e-02,2.400267496705055237e-02,-3.343453630805015564e-03,-5.746854469180107117e-03,-7.558022625744342804e-03,-5.997535306960344315e-03,3.494488820433616638e-02,-1.035311259329319000e-02,1.190106570720672607e-02,-1.244002860039472580e-02,-1.999178342521190643e-02,5.455438513308763504e-03,-3.737648949027061462e-02,-8.076617959886789322e-04,-2.176221692934632301e-03,-5.558844190090894699e-03,3.489474952220916748e-02,-3.131001815199851990e-02,-3.336559981107711792e-02,-1.270324364304542542e-02,1.056619081646203995e-02,-1.386264152824878693e-02,3.870509564876556396e-02,2.566970139741897583e-02,5.552577320486307144e-03,-7.998280343599617481e-04,3.012868342921137810e-03,-1.455201394855976105e-02,-1.347408629953861237e-02,5.890996195375919342e-03,5.361433140933513641e-03,-1.121169328689575195e-02,9.732677601277828217e-03,-1.116155739873647690e-02,-1.007736381143331528e-02,-6.329687312245368958e-03,-1.971603557467460632e-02,6.401757709681987762e-03,2.936097560450434685e-03,-8.491807617247104645e-03,-4.226476326584815979e-02,2.164627611637115479e-02,-1.579288206994533539e-02,-1.663266308605670929e-02,1.088580861687660217e-02,-2.264899946749210358e-02,1.801140606403350830e-02,-3.691273042932152748e-03,-1.015883497893810272e-02,-2.059341780841350555e-02,-1.852530241012573242e-02,1.023403927683830261e-02,8.366467431187629700e-03,-1.796127110719680786e-02,-1.537925936281681061e-02,1.788606680929660797e-02,3.281410038471221924e-02,1.779832877218723297e-02,-1.314820162951946259e-02,2.262393198907375336e-02,-1.951549015939235687e-02,4.985412117093801498e-03,2.479231916368007660e-02,1.570514403283596039e-02,-6.567833945155143738e-03,9.312787093222141266e-03,-1.783592998981475830e-02,3.569066291674971581e-03,-1.537925936281681061e-02,-2.099450677633285522e-02,8.936766535043716431e-03,-1.764792017638683319e-02,5.493040196597576141e-03,3.883043676614761353e-02,-4.800535272806882858e-03,-6.370422895997762680e-03,-2.587024681270122528e-02,1.242749486118555069e-02,1.368716545403003693e-02,1.497817039489746094e-02,-3.148549422621726990e-02,-3.960754722356796265e-02,1.215174607932567596e-02,-7.044127210974693298e-03,1.338634826242923737e-02,8.541944436728954315e-03,-2.224791049957275391e-02,1.910186745226383209e-02,9.156111627817153931e-03,4.173833411186933517e-03,1.109261997044086456e-02,2.657215297222137451e-02,3.050470491871237755e-03,-7.294808048754930496e-03,-1.361196115612983704e-02,-3.319012373685836792e-02,1.578034833073616028e-02,-1.416345871984958649e-02,-6.072739604860544205e-03,-2.845225669443607330e-02,2.150840312242507935e-02,1.823701895773410797e-02,8.667284622788429260e-03,1.406318601220846176e-02,1.109261997044086456e-02,3.065824694931507111e-02,-5.671650287695229053e-04,-1.232095528393983841e-02,2.773154992610216141e-03,-1.406945288181304932e-03,-1.349915470927953720e-02,6.448760628700256348e-03,1.275964640080928802e-02,2.046807855367660522e-02,6.455027498304843903e-03,-9.651206433773040771e-03,-1.062259357422590256e-02,1.664519682526588440e-02,-2.070622518658638000e-02,1.616890355944633484e-02,4.950943589210510254e-02,-9.187446907162666321e-03,-1.688334345817565918e-02,3.249448258429765701e-03,9.080907329916954041e-03,2.917923219501972198e-02,1.906739897094666958e-03,-5.123286508023738861e-03,-3.732008626684546471e-03,1.851903507485985756e-03,-6.724509410560131073e-03,-1.842502970248460770e-03,1.024030614644289017e-02,1.591822365298867226e-03,1.301032770425081253e-02,1.027164049446582794e-02,-1.588062196969985962e-02,-3.155443118885159492e-03,-8.454206399619579315e-03,2.445390075445175171e-02,-9.644939564168453217e-03,9.080907329916954041e-03,-3.180511062964797020e-03,-1.673293486237525940e-02,-8.122053928673267365e-03,1.922720856964588165e-02,-4.128710925579071045e-02,-1.024657301604747772e-02,-2.654708363115787506e-02,2.345117740333080292e-02,5.474239587783813477e-03,3.552145138382911682e-02,-6.624237168580293655e-03,1.954055950045585632e-02,-7.370011880993843079e-03,-3.240047721192240715e-03,2.817650884389877319e-02,5.966200027614831924e-03,-9.800047846511006355e-04,5.379607528448104858e-02,2.152720466256141663e-03,-1.532912347465753555e-02,6.392357405275106430e-03,6.624237168580293655e-03,2.142066508531570435e-02,-1.490296609699726105e-02,-1.719669438898563385e-02,-3.355987602844834328e-03,-1.010869815945625305e-02,7.827504537999629974e-03,3.128495067358016968e-02,-2.299995161592960358e-02,-1.821195147931575775e-02,-9.488264098763465881e-03,5.038681905716657639e-03,1.476665842346847057e-03,1.356809167191386223e-03,3.166097030043601990e-02,-2.782555483281612396e-02,2.050567977130413055e-02,8.968101814389228821e-03,-1.550460048019886017e-02,1.111768838018178940e-02,1.524138543754816055e-02,4.707783088088035583e-02,-5.696718581020832062e-03,6.993990857154130936e-03,-1.280978322029113770e-02,-1.976617239415645599e-02,-1.351168844848871231e-02,-8.892897516489028931e-03,2.244845591485500336e-02,-2.654708363115787506e-02,-2.618046477437019348e-03,-6.376689765602350235e-03,-1.191359944641590118e-02,4.411980044096708298e-03,2.334463875740766525e-03,6.906252820044755936e-03,2.401520870625972748e-02,-1.372476760298013687e-02,1.782966312021017075e-03,-4.929008893668651581e-03,-1.749751158058643341e-02,-1.247763074934482574e-02,5.138954147696495056e-03,-3.629856184124946594e-02,1.544232218293473125e-04,-4.233996570110321045e-02,7.037860341370105743e-03,8.278729394078254700e-03,-4.805548489093780518e-02,-1.111768838018178940e-02,2.985606901347637177e-02,-9.356656111776828766e-03,4.885139875113964081e-03,-1.363702863454818726e-02,-1.902666315436363220e-02,1.299779303371906281e-02,-1.117409113794565201e-02,5.364566575735807419e-03,-3.960754722356796265e-02,-1.788606680929660797e-02,3.690019622445106506e-02,-1.616890425793826580e-03,-1.368716545403003693e-02,2.277434058487415314e-02,-1.669533364474773407e-02
