-2.184743061661720276e-02,-3.999414667487144470e-02,-9.740808978676795959e-03,-8.452166803181171417e-03,-5.987226963043212891e-03,1.592628844082355499e-02,-2.491373755037784576e-02,-1.007122918963432312e-02,-2.949006622657179832e-03,-1.690433360636234283e-02,-8.787131082499399781e-05,1.486894092522561550e-03,-1.091710664331912994e-02,9.656551410444080830e-04,5.187608301639556885e-03,5.286734551191329956e-03,3.050445951521396637e-02,2.048609778285026550e-03,1.221235655248165131e-02,-2.166239544749259949e-02,-1.187037094496190548e-03,-2.994439564645290375e-04,1.541083119809627533e-02,-1.663999632000923157e-02,-2.379030548036098480e-02,1.073041930794715881e-03,4.903446417301893234e-03,-3.814379125833511353e-02,-5.564288236200809479e-03,-5.534550175070762634e-03,7.083398522809147835e-04,-7.302302401512861252e-03,-6.324256304651498795e-03,-3.187901154160499573e-02,-4.221457615494728088e-02,-1.646817848086357117e-02,-2.059183083474636078e-02,-1.074528787285089493e-02,7.289085537195205688e-03,-4.472577571868896484e-02,-1.271459646522998810e-02,5.977314431220293045e-03,1.671929843723773956e-02,-1.033556647598743439e-02,-2.794039249420166016e-02,6.126003805547952652e-03,2.970484085381031036e-03,-2.689626254141330719e-02,-1.284015644341707230e-02,3.355424385517835617e-03,2.458331547677516937e-02,-2.894487231969833374e-03,-4.041708633303642273e-02,-3.283062204718589783e-02,2.071739174425601959e-03,-5.617155693471431732e-03,3.436377644538879395e-02,2.764962241053581238e-02,1.293597859330475330e-03,-1.531831361353397369e-02,1.096171326935291290e-03,1.229165773838758469e-02,1.490198308601975441e-03,-1.602541451575234532e-04,-8.863541297614574432e-04,-3.462811233475804329e-03,-1.646817848086357117e-02,-1.070563774555921555e-02,-8.690070360898971558e-03,-1.356047391891479492e-02,2.020854316651821136e-02,-1.767751818988472223e-04,2.039357833564281464e-02,2.373743802309036255e-02,3.880463168025016785e-02,-2.815186232328414917e-02,-2.092225290834903717e-02,-2.499303780496120453e-02,-1.153829786926507950e-02,6.978489924222230911e-03,-1.734709832817316055e-03,-1.575281727127730846e-03,-1.342169754207134247e-02,4.857187450397759676e-04,1.645496115088462830e-02,5.835233256220817566e-03,2.170865423977375031e-03,2.287834323942661285e-02,-3.819665685296058655e-02,-2.245540544390678406e-02,1.554299984127283096e-02,2.709451504051685333e-02,-5.332993343472480774e-03,2.260079048573970795e-02,-2.328806556761264801e-02,7.760761072859168053e-04,-1.340187247842550278e-02,2.931494265794754028e-02,-6.453120615333318710e-03,-2.413394302129745483e-02,9.866368025541305542e-03,-7.335344329476356506e-03,-5.405686330050230026e-03,-2.818490378558635712e-03,-4.604746028780937195e-02,-1.505397725850343704e-02,1.213966403156518936e-02,8.789196610450744629e-03,2.935789758339524269e-03,-4.261108115315437317e-02,1.566917853779159486e-05,3.618769720196723938e-02,-1.156473226728849113e-04,-2.063148096203804016e-02,2.504590526223182678e-02,-2.648654021322727203e-02,-2.056870143860578537e-03,-3.491888195276260376e-02,-3.246055170893669128e-02,-1.328292116522789001e-02,-2.635106677189469337e-03,2.575218095444142818e-04,8.802413009107112885e-03,-1.112857647240161896e-02,-5.002572666853666306e-03,1.579411886632442474e-02,-5.590721964836120605e-03,-2.963214740157127380e-02,9.549164213240146637e-03,-2.014245837926864624e-02,4.155373573303222656e-02,-1.422131620347499847e-02,7.289085537195205688e-03,-1.464425493031740189e-02,2.944050356745719910e-03,2.460975013673305511e-02,-8.690070360898971558e-03,6.096265744417905807e-03,-1.817315071821212769e-02,-1.428740005940198898e-02,-3.256298135966062546e-03,2.794039249420166016e-02,-2.836333215236663818e-02,4.526766482740640640e-03,2.183421328663825989e-02,8.108529262244701385e-03,2.131875790655612946e-02,9.456646628677845001e-03,2.352596959099173546e-03,-2.047288045287132263e-02,2.521772496402263641e-02,3.494201228022575378e-04,2.199281565845012665e-02,2.471548505127429962e-03,9.859760291874408722e-03,-2.139475429430603981e-03,1.123431138694286346e-02,9.575597941875457764e-03,1.689111627638339996e-02,-1.706293597817420959e-02,2.172517590224742889e-03,9.225351735949516296e-03,1.936266571283340454e-02,-4.566417075693607330e-03,1.482929103076457977e-02,3.642560169100761414e-02,4.077394027262926102e-03,-2.984361723065376282e-02,-1.915119588375091553e-02,3.700714325532317162e-03,-1.894963905215263367e-03,2.003672346472740173e-02,-2.290477789938449860e-02,2.199281565845012665e-02,2.393899485468864441e-03,3.357076644897460938e-02,2.208863850682973862e-03,6.628243718296289444e-03,-2.232323773205280304e-02,-3.327338490635156631e-03,-1.748587563633918762e-02,2.064469829201698303e-02,3.478671237826347351e-02,-8.399299345910549164e-03,1.387767842970788479e-03,-2.221750281751155853e-02,9.932452812790870667e-03,-1.858287304639816284e-02,3.773406846448779106e-03,-1.285337377339601517e-02,1.211983896791934967e-02,1.197445392608642578e-02,1.606671721674501896e-03,-1.927014812827110291e-02,-6.360999345779418945e-01,5.356123205274343491e-03,-4.536679014563560486e-03,-6.515900604426860809e-03,1.978560350835323334e-02,6.069832015782594681e-03,2.257435768842697144e-02,7.526988629251718521e-03,-1.578090339899063110e-02,5.108307115733623505e-03,-1.487720175646245480e-03,2.396212518215179443e-02,2.113372087478637695e-02,-3.264558687806129456e-02,-1.617740839719772339e-02,-1.723475567996501923e-02,4.275646526366472244e-03,-1.781629584729671478e-02,-2.892835065722465515e-03,2.676409436389803886e-03,5.498203914612531662e-03,1.296571642160415649e-02,-4.844796785619109869e-04,1.543891732580959797e-03,-1.397019624710083008e-02,1.366620883345603943e-02,1.805750303901731968e-03,-2.815186232328414917e-02,-1.687790080904960632e-02,3.232838213443756104e-02,-3.682210668921470642e-02,2.138484083116054535e-02,2.567370422184467316e-03,1.753874123096466064e-02,3.663707152009010315e-02,6.467989296652376652e-04,-7.348561193794012070e-03,1.287319883704185486e-02,2.704164758324623108e-02,1.560908369719982147e-02,-2.353918552398681641e-02,1.992851175600662827e-04,1.331596286036074162e-03,7.513771764934062958e-03,6.271388847380876541e-03,7.566638756543397903e-03,3.105956502258777618e-02,1.538109383545815945e-03,2.817829512059688568e-02,1.568838581442832947e-02,8.227480575442314148e-03,-9.615249000489711761e-03,-1.122109405696392059e-02,2.435863018035888672e-02,-1.188854407519102097e-02,6.631547585129737854e-03,2.585213258862495422e-02,-4.526766482740640640e-03,-1.343491394072771072e-02,9.013882838189601898e-03,8.300173096358776093e-03,1.802776567637920380e-02,-1.272120513021945953e-02,-2.852193266153335571e-02,-1.666643097996711731e-02,1.735370606184005737e-02,-3.353772219270467758e-03,1.995742321014404297e-02,7.104049436748027802e-03,6.952056195586919785e-03,1.681842491962015629e-03,1.358029898256063461e-03,-5.871579516679048538e-03,-5.729498807340860367e-03,1.330274622887372971e-02,1.124091912060976028e-02,1.681181602180004120e-02,-2.751745283603668213e-02,4.599459003657102585e-03,2.131214831024408340e-03,7.731849327683448792e-03,-4.738235846161842346e-03,-5.672666430473327637e-02,-8.809021674096584320e-03,1.137308776378631592e-02,3.518982790410518646e-03,-2.549527771770954132e-02,-3.169397264719009399e-02,-6.149133201688528061e-03,6.852929946035146713e-03,8.128354325890541077e-03,1.541083119809627533e-02,2.212498523294925690e-02,2.583891618996858597e-03,1.369264256209135056e-02,-8.564510382711887360e-03,-1.383802760392427444e-02,7.771499920636415482e-03,2.412072755396366119e-02,2.569353021681308746e-02,6.396948825567960739e-03,6.664589978754520416e-03,2.413394302129745483e-02,-1.377855194732546806e-03,1.211983896791934967e-02,2.385639026761054993e-02,-1.155151519924402237e-02,8.300173096358776093e-03,-1.028269901871681213e-02,-2.480800263583660126e-02,-3.250515728723257780e-04,-3.274471266195178032e-03,-1.870182342827320099e-02,-8.875105530023574829e-03,-1.937588304281234741e-02,-3.600266203284263611e-02,2.125267311930656433e-02,2.151701040565967560e-02,2.870696969330310822e-02,-1.932301558554172516e-02,8.822238072752952576e-03,3.098026476800441742e-02,-2.071078307926654816e-02,-2.599751763045787811e-02,1.176959276199340820e-02,6.800062488764524460e-03,-4.639109596610069275e-03,-2.886557020246982574e-02,-8.319998160004615784e-03,-1.346134766936302185e-02,1.821280084550380707e-02,-2.072400040924549103e-02,-4.328513983637094498e-03,2.730928827077150345e-03,1.929658115841448307e-03,-1.925693079829216003e-02,2.686982788145542145e-02,-1.726118847727775574e-02,2.668479271233081818e-02,-2.393569052219390869e-02,-1.626992598176002502e-02,1.833836082369089127e-03,-1.588663831353187561e-02,-2.820472978055477142e-02,1.571481861174106598e-02,-4.102506116032600403e-02,2.360857324674725533e-03,-2.371100522577762604e-02,-2.408107556402683258e-02,1.630627200938761234e-03,1.772377826273441315e-02,-3.195170313119888306e-03,-2.192673273384571075e-02,-2.702843165025115013e-03,1.019018143415451050e-02,1.620714552700519562e-03,6.086353212594985962e-03,7.368386257439851761e-03,9.919235482811927795e-03,-3.552685678005218506e-02,1.835818588733673096e-02,1.077833026647567749e-02,-1.136647909879684448e-02,-6.472945678979158401e-03,2.398855751380324364e-03,-3.814379125833511353e-02,-6.866146810352802277e-03,-1.711580343544483185e-02,-1.004479546099901199e-02,-1.584698632359504700e-02,1.741979084908962250e-02,1.345473993569612503e-02,-1.191497780382633209e-02,1.362655870616436005e-02,-9.416996501386165619e-03,-5.788974463939666748e-03,-1.263529621064662933e-02,6.112786941230297089e-03,2.117337286472320557e-02,4.655630793422460556e-03,-9.205526672303676605e-03,8.954406715929508209e-03,-1.112196780741214752e-02,9.780459105968475342e-03,2.209855057299137115e-02,1.432374701835215092e-03,6.985098123550415039e-03,1.909832842648029327e-02,-1.348778139799833298e-02,5.319776944816112518e-03,-5.111611448228359222e-03,7.804541848599910736e-03,-1.328292116522789001e-02,7.143700029700994492e-03,1.130039524286985397e-02,4.900803044438362122e-02,2.061826549470424652e-02,7.381603121757507324e-03,1.936266548000276089e-03,2.828403003513813019e-02,1.777664572000503540e-02,-7.348561193794012070e-03,4.128939658403396606e-02,-1.999707333743572235e-02,1.921728067100048065e-02,-3.055732697248458862e-02,2.303694561123847961e-02,-7.599681150168180466e-03,1.913797855377197266e-02,5.703065078705549240e-03,1.880755834281444550e-02,-4.525444656610488892e-02,-1.547691598534584045e-02,1.583377085626125336e-02,3.352120285853743553e-03,1.679364242590963840e-03,9.093183092772960663e-03,1.201410405337810516e-02,7.996185682713985443e-03,7.936710491776466370e-03,-1.526544615626335144e-02,-4.057568963617086411e-03,2.521772496402263641e-02,1.769404043443500996e-03,-3.949190676212310791e-02,1.669286377727985382e-02,4.210884124040603638e-02,1.759160868823528290e-02,1.215948956087231636e-03,-1.593950577080249786e-02,-5.627068225294351578e-03,-2.544241026043891907e-03,2.307659573853015900e-02,1.480285730212926865e-02,3.367650136351585388e-02,-2.205890044569969177e-02,5.594026297330856323e-03,-2.434541285037994385e-02,4.503637086600065231e-03,-1.619062386453151703e-02,-1.278068125247955322e-02,2.369778789579868317e-02,7.223001215606927872e-03,-1.086423918604850769e-02,1.317057758569717407e-02,1.859608851373195648e-02,1.599237136542797089e-02,-2.056539803743362427e-02,4.668847657740116119e-03,1.295910868793725967e-02,-2.531024254858493805e-02,8.868496865034103394e-03,-2.097512036561965942e-02,-6.205304991453886032e-03,2.105442062020301819e-02,-2.624863758683204651e-02,1.092867227271199226e-03,9.972102940082550049e-03,1.311110146343708038e-02,4.565095528960227966e-02,-1.231148280203342438e-02,-4.008005838841199875e-03,1.113518513739109039e-02,7.718632463365793228e-03,1.075189653784036636e-02,-1.010261941701173782e-03,-3.548720618709921837e-03,-1.611627987585961819e-03,-3.013438731431961060e-02,-8.557901717722415924e-03,-5.081873852759599686e-03,9.826717898249626160e-03,2.661870792508125305e-02,1.089067291468381882e-02,3.016082011163234711e-02,-4.424335900694131851e-03,3.249689703807234764e-03,-1.949483412317931652e-03,-2.611977281048893929e-03,-1.038182526826858521e-02,3.386814380064606667e-03,-2.390925772488117218e-02,2.621890045702457428e-03,5.580809433013200760e-03,-9.734200313687324524e-03,-2.335415035486221313e-02,-4.966226406395435333e-03,-2.456679474562406540e-03,-2.297086268663406372e-02,1.012409664690494537e-02,-1.245026011019945145e-02,1.916441321372985840e-02,1.630957610905170441e-02,-3.181953448802232742e-03,-8.452166803181171417e-03,1.309788506478071213e-02,1.389089506119489670e-02,-2.153022587299346924e-02,1.138630509376525879e-02,-7.718632463365793228e-03,-5.415598861873149872e-03,-1.397019624710083008e-02,6.621635053306818008e-03,-1.442493812646716833e-04,5.368679016828536987e-02,3.261915221810340881e-02,-3.195831179618835449e-02,1.626992598176002502e-02,1.218427089042961597e-03,-5.736107006669044495e-03,-1.008609891869127750e-03,1.703650318086147308e-02,-3.320069238543510437e-02,-6.628243718296289444e-03,6.106178276240825653e-03,-1.132517703808844090e-03,-1.379837747663259506e-02,-1.068581268191337585e-02,1.109388191252946854e-03,-1.711580343544483185e-02,9.053532965481281281e-03,-6.106178276240825653e-03,-1.451208628714084625e-02,2.454366534948348999e-02,9.188345074653625488e-02,5.418903194367885590e-03,9.621856734156608582e-03,9.298044256865978241e-03,-7.811150513589382172e-03,2.693591266870498657e-02,-9.066750295460224152e-03,-1.379837747663259506e-02,1.346134766936302185e-02,-1.879434101283550262e-02,-4.460682393983006477e-04,-2.511199004948139191e-02,1.689111627638339996e-02,-1.307145133614540100e-02,9.350911714136600494e-04,1.741979084908962250e-02,-2.153022587299346924e-02,-3.172040730714797974e-02,5.233041010797023773e-04,-1.538439746946096420e-02,-1.716867089271545410e-02,1.960056833922863007e-02,9.813501499593257904e-03,1.555621623992919922e-02,1.182906888425350189e-02,-3.499818220734596252e-02,9.463255293667316437e-03,3.811735659837722778e-02,-1.288641523569822311e-02,6.211913190782070160e-03,-1.726118847727775574e-02,-3.907227364834398031e-04,2.171526290476322174e-02,2.328806556761264801e-02,-8.683461695909500122e-03,4.490420222282409668e-03,2.955284714698791504e-02,4.765991121530532837e-02,1.815993338823318481e-02,7.051182445138692856e-03,6.525813136249780655e-03,-5.927751306444406509e-03,1.431383378803730011e-02,-6.767020095139741898e-03,-3.961746580898761749e-03,-2.643367333803325891e-04,-6.813279353082180023e-03,1.897937804460525513e-02,5.518029443919658661e-03,-4.117044620215892792e-03,2.846906520426273346e-02,-4.107792675495147705e-02,-1.677216589450836182e-02,-3.261254401877522469e-03,-1.127396151423454285e-02,1.106910035014152527e-02,1.100301649421453476e-02,1.611132360994815826e-02,1.518614497035741806e-02,4.596155136823654175e-03,-1.145238894969224930e-02,-2.286512777209281921e-02,1.900581084191799164e-02,4.107132088392972946e-03,-2.268009074032306671e-02,-6.320951972156763077e-03,-3.653133660554885864e-02,1.136647909879684448e-02,-2.669801004230976105e-02,-4.232692066580057144e-03,-1.200088765472173691e-02,1.075189653784036636e-02,-1.620384119451045990e-02,-2.434789057588204741e-04,3.629343211650848389e-02,2.545562759041786194e-02,1.923049800097942352e-02,-2.227037027478218079e-02,-2.793708816170692444e-03,1.798811368644237518e-02,2.388943219557404518e-03,-2.709451597183942795e-03,8.095311932265758514e-03,-2.068434841930866241e-02,-1.923049683682620525e-03,2.796682529151439667e-02,-2.481461036950349808e-03,-6.162350066006183624e-03,-1.467068865895271301e-02,1.478963997215032578e-02,2.402160083875060081e-03,-8.901539258658885956e-03,1.586020365357398987e-02,-1.969308592379093170e-02,6.628243718296289444e-03,9.965495206415653229e-03,6.591897457838058472e-03,-8.082095533609390259e-03,-1.437991857528686523e-02,-2.321206964552402496e-03,7.678981870412826538e-03,2.291469136252999306e-03,-1.097823493182659149e-03,-1.474998984485864639e-02,2.032749541103839874e-02,2.090903557837009430e-02,-1.210001390427350998e-02,2.519129030406475067e-02,-2.989648468792438507e-02,-2.332771569490432739e-02,4.451430588960647583e-02,-1.354725752025842667e-02,4.097219556570053101e-03,-1.823923364281654358e-02,-1.893972605466842651e-02,4.398563131690025330e-02,5.317711475072428584e-05,1.634922623634338379e-02,2.398855797946453094e-02,-1.297232508659362793e-02,-4.573025275021791458e-03,-3.108599968254566193e-02,2.393569052219390869e-02,2.519129030406475067e-02,-4.205597564578056335e-02,-9.040316566824913025e-03,6.377123645506799221e-04,-7.454295642673969269e-03,2.100155316293239594e-02,2.042001299560070038e-02,8.703286759555339813e-03,2.265365794301033020e-02,5.227258894592523575e-03,1.204053778201341629e-02,-2.700199745595455170e-02,1.375872641801834106e-02,-5.329689476639032364e-03,2.215885324403643608e-04,-2.609003521502017975e-02,-2.063478576019406319e-03,-6.182175129652023315e-03,-2.012924291193485260e-02,-1.077172160148620605e-02,5.299951415508985519e-03,-5.025702062994241714e-03,-4.150086641311645508e-02,1.749909110367298126e-02,-1.351421512663364410e-02,-5.389165133237838745e-03,2.772892266511917114e-02,-7.606289349496364594e-03,2.646010741591453552e-02,3.446290036663413048e-03,-1.517292857170104980e-02,-7.546813692897558212e-03,-1.609810627996921539e-02,-1.771056093275547028e-02,-1.098319143056869507e-02,8.168005384504795074e-03,1.024965662509202957e-02,2.102798782289028168e-02,4.272342193871736526e-03,1.575446873903274536e-02,2.431898005306720734e-02,-1.673251576721668243e-02,2.266687527298927307e-02,-1.718188822269439697e-02,-1.311110146343708038e-02,-3.383510187268257141e-02,-1.083119772374629974e-02,1.155151519924402237e-02,-8.789196144789457321e-04,3.053089231252670288e-02,-1.934944838285446167e-02,4.403850063681602478e-02,2.130554057657718658e-02,-9.027099236845970154e-03,1.314414385706186295e-02,5.230563227087259293e-03,-3.626700118184089661e-02,-1.618029928067699075e-04,-4.972834605723619461e-03,2.931494265794754028e-02,1.278728898614645004e-02,-1.009105425328016281e-02,-2.379030548036098480e-02,2.820472978055477142e-02,-6.552246864885091782e-03,-2.154344320297241211e-02,1.735742407618090510e-04,3.016082011163234711e-02,-7.626114878803491592e-03,3.592336177825927734e-02,-6.833104416728019714e-03,6.813279353082180023e-03,-3.113886713981628418e-02,1.509362738579511642e-02,2.608673181384801865e-03,-1.727440580725669861e-02,2.225715294480323792e-02,3.466115333139896393e-03,1.600558869540691376e-02,-4.358252044767141342e-03,-2.538954280316829681e-02,-1.666643097996711731e-02,-7.058616611175239086e-04,-3.938204317819327116e-04,2.395551651716232300e-03,-5.458553321659564972e-03,-6.187131511978805065e-04,-1.219253148883581161e-02,-2.536311000585556030e-02,-1.882077567279338837e-02,-3.658420220017433167e-02,2.245540544390678406e-02,-1.319618459092453122e-04,-2.812542766332626343e-02,1.500110980123281479e-02,2.792056649923324585e-03,-2.369778789579868317e-02,3.932008985430002213e-03,-5.798886995762586594e-03,2.486087009310722351e-02,1.755195856094360352e-02,1.977238804101943970e-02,2.772892266511917114e-02,7.083398668328300118e-05,-2.240253798663616180e-02,-1.026948168873786926e-02,1.141934655606746674e-02,-5.071960855275392532e-03,7.216392550617456436e-03,2.245540544390678406e-02,-1.436670124530792236e-02,-6.330864503979682922e-03,-9.113009087741374969e-03,6.859538145363330841e-03,-3.587049618363380432e-02,-4.332479089498519897e-02,1.478963997215032578e-02,2.611977281048893929e-03,-3.283062204718589783e-02,1.095675770193338394e-02,1.977238804101943970e-02,-1.954770088195800781e-02,3.142963722348213196e-02,-4.224101081490516663e-02,-7.989577949047088623e-03,-3.893680125474929810e-02,-2.379030548036098480e-02,-1.044130045920610428e-02,-2.944050356745719910e-03,-4.110435955226421356e-03,1.678538322448730469e-02,2.101477049291133881e-02,-2.503268793225288391e-02,-1.373229362070560455e-02,-1.001836173236370087e-02,-1.322344504296779633e-02,-3.043176606297492981e-03,-4.226744174957275391e-02,1.039504166692495346e-02,-1.171672530472278595e-02,-1.416844874620437622e-02,1.091049890965223312e-02,2.427932806313037872e-02,-3.497175127267837524e-02,-6.522508803755044937e-03,4.423510108608752489e-04,2.788752503693103790e-02,-2.315589785575866699e-02,-2.002350799739360809e-02,-3.325356170535087585e-02,8.012707112357020378e-04,-2.973788185045123100e-03,1.013070531189441681e-02,2.268339507281780243e-03,1.765769347548484802e-02,3.053089138120412827e-03,-2.458331547677516937e-02,6.839713081717491150e-03,1.235113386064767838e-02,-9.674724191427230835e-03,-1.530509628355503082e-02,-6.542333867400884628e-03,-2.295764535665512085e-02,3.003526013344526291e-03,-5.823668325319886208e-04,3.532199654728174210e-03,-1.001175399869680405e-02,-3.190544247627258301e-02,2.230341080576181412e-03,1.763126067817211151e-02,2.653940767049789429e-02,-2.089581824839115143e-02,1.040825899690389633e-02,1.415523234754800797e-02,3.616126626729965210e-02,3.456202801316976547e-03,1.432705111801624298e-02,-2.540936926379799843e-03,-5.498203914612531662e-03,-3.193187713623046875e-02,1.765769347548484802e-02,-1.130865537561476231e-03,-1.699685119092464447e-02,2.191351540386676788e-02,-3.735821519512683153e-04,-1.038182526826858521e-02,4.533375054597854614e-02,5.689848214387893677e-03,5.967401899397373199e-03,1.241721771657466888e-02,2.729276660829782486e-03,-1.455173734575510025e-02,3.611500607803463936e-03,1.545048225671052933e-02,-4.384685307741165161e-03,-1.101623289287090302e-02,9.760634042322635651e-03,-2.572326920926570892e-03,3.502461593598127365e-03,3.063662722706794739e-02,-3.198474273085594177e-02,5.319776828400790691e-04,1.326970383524894714e-02,-2.495338767766952515e-02,1.148543134331703186e-02,7.771499920636415482e-03,-1.861921860836446285e-03,2.057861536741256714e-02,8.079823601292446256e-05,-2.177473856136202812e-03,-2.369778789579868317e-02,6.800062488764524460e-03,-7.645939942449331284e-03,1.310945022851228714e-03,1.050738524645566940e-02,-7.606289349496364594e-03,-3.186909714713692665e-03,-2.408107556402683258e-02,1.034217420965433121e-02,-1.066433498635888100e-03,-1.241060998290777206e-02,-2.348631806671619415e-02,5.075265187770128250e-03,1.649461127817630768e-02,-2.063148096203804016e-02,-4.266394674777984619e-02,-2.735885232686996460e-02,-1.414201501756906509e-02,2.271974273025989532e-02,1.641531102359294891e-02,-3.214995376765727997e-03,-1.920406334102153778e-02,2.795360982418060303e-03,-3.327999264001846313e-02,6.618330720812082291e-03,-2.079999540001153946e-03,2.178134582936763763e-02,2.356562018394470215e-02,-7.438600878231227398e-04,1.512006111443042755e-02,3.547398746013641357e-02,1.671929843723773956e-02,-4.262429662048816681e-03,-2.293121069669723511e-02,-2.542919293045997620e-02,2.555805724114179611e-03,-5.871579516679048538e-03,-7.751674856990575790e-03,5.757253989577293396e-02,-6.330864503979682922e-03,-2.392247505486011505e-02,3.938617184758186340e-02,-4.097219556570053101e-03,4.834057763218879700e-03,3.050445951521396637e-02,3.069610334932804108e-03,-1.888685859739780426e-02,-2.686321968212723732e-03,3.051437204703688622e-03,-1.261381781660020351e-03,-7.857409305870532990e-03,-2.678061602637171745e-03,-2.190029807388782501e-02,7.811150513589382172e-03,-6.509291939437389374e-03,3.058375976979732513e-02,-3.746973117813467979e-03,3.409943776205182076e-03,1.539761479943990707e-02,-2.806925680488348007e-03,-1.411558128893375397e-02,-1.363977510482072830e-02,-1.441956870257854462e-02,-8.149005589075386524e-04,2.618585713207721710e-03,3.819665685296058655e-02,7.289085537195205688e-03,-1.118144392967224121e-02,1.180263515561819077e-02,-3.852707799524068832e-03,-2.421324513852596283e-02,1.958776410901919007e-04,4.541305080056190491e-02,5.343525572243379429e-06,-1.135326270014047623e-02,5.613851360976696014e-03,-1.786916330456733704e-02,-2.461635740473866463e-03,3.585066879168152809e-03,-6.486162543296813965e-03,-2.172847837209701538e-02,5.280126351863145828e-03,-2.088260091841220856e-02,4.460682393983006477e-04,9.833326563239097595e-03,2.409429289400577545e-02,3.166754171252250671e-02,-2.063148096203804016e-02,-1.542404852807521820e-02,-1.350760739296674728e-02,-3.799840633291751146e-04,-8.386082947254180908e-03,-6.667893845587968826e-03,8.941190317273139954e-03,-2.841619774699211121e-02,-1.032234914600849152e-02,3.371945349499583244e-03,3.740364685654640198e-03,-9.496296755969524384e-03,-1.776342839002609253e-02,1.414201501756906509e-02,-3.885750100016593933e-02,1.286659017205238342e-02,2.271181195974349976e-01,-3.201117739081382751e-02,-4.278950858861207962e-03,2.973788231611251831e-02,2.780822478234767914e-02,-9.436821565032005310e-03,4.497028421610593796e-03,7.302302401512861252e-03,-1.449886988848447800e-02,6.268084514886140823e-03,-3.142963722348213196e-02,-2.344666793942451477e-02,-2.240253798663616180e-02,5.217346362769603729e-03,1.196784526109695435e-02,-1.913797855377197266e-02,-1.896616071462631226e-02,-1.346795633435249329e-02,-1.679859869182109833e-02,-2.344666793942451477e-02,1.385124493390321732e-02,-8.683461695909500122e-03,-1.304336590692400932e-03,-3.509070025756955147e-03,1.259564515203237534e-02,2.741171978414058685e-02,-3.081175033003091812e-03,-6.826496217399835587e-03,2.019532583653926849e-02,1.123431138694286346e-02,-9.298044256865978241e-03,-4.060872830450534821e-03,-3.671637177467346191e-02,-1.748587563633918762e-02,-1.488215755671262741e-02,1.701667672023177147e-03,4.279611632227897644e-02,8.822238072752952576e-03,-8.333215489983558655e-03,-9.463255293667316437e-03,-2.294442802667617798e-02,3.431090712547302246e-02,2.965858206152915955e-02,-2.931494265794754028e-02,-9.126225486397743225e-03,1.063294522464275360e-02,-1.899259351193904877e-02,-1.031574048101902008e-02,-1.502754352986812592e-02,1.261794823221862316e-04,-4.099862650036811829e-02,-9.390562772750854492e-03,1.554299984127283096e-02,2.273295819759368896e-02,-1.062303199432790279e-03,-1.084441412240266800e-02,-1.634922623634338379e-02,2.788752503693103790e-02,-2.417359314858913422e-02,-1.093693263828754425e-02,-2.936781011521816254e-02,-6.978489924222230911e-03,-1.451208628714084625e-02,2.841619774699211121e-02,9.978711605072021484e-03,1.712902076542377472e-02,-2.085616812109947205e-02,1.149203907698392868e-02,1.994420588016510010e-02,-2.586534991860389709e-02,-7.117266301065683365e-03,-2.801969274878501892e-02,9.238569065928459167e-03,2.131875790655612946e-02,4.298775922507047653e-03,-7.256869575940072536e-04,-6.542333867400884628e-03,-5.038918927311897278e-03,2.549527771770954132e-02,4.311992786824703217e-03,-1.277283299714326859e-04,-5.769148934632539749e-03,2.593804150819778442e-03,-1.634922623634338379e-02,9.739156230352818966e-04,-2.544241026043891907e-02,3.033264074474573135e-03,-5.476726801134645939e-04,-1.525222975760698318e-02,2.453044801950454712e-02,1.137969642877578735e-02,-7.289085537195205688e-03,-6.565463729202747345e-03,-1.987812295556068420e-02,7.308910600841045380e-03,1.073207147419452667e-02,-3.613483160734176636e-02,-5.494899582117795944e-03,-2.215141803026199341e-02,8.088704198598861694e-03,-1.502754352986812592e-02,-2.545893192291259766e-03,1.133343763649463654e-02,-7.269260007888078690e-03,-2.382995560765266418e-02,-1.719510369002819061e-02,4.381381440907716751e-03,2.196638286113739014e-02,1.338865514844655991e-02,-6.377123761922121048e-03,-4.084002692252397537e-03,-5.640285089612007141e-03,9.524382767267525196e-04,-1.365299243479967117e-02,-3.246385371312499046e-03,9.727591648697853088e-03,-1.665321411564946175e-03,-1.096336636692285538e-02,4.081359133124351501e-02,4.605241410899907351e-04,-1.298554148524999619e-02,6.522508803755044937e-03,-1.912476308643817902e-02,2.348631806671619415e-02,6.003748159855604172e-03,-7.745066192001104355e-03,2.975440351292490959e-03,7.176742423325777054e-03,-8.723111823201179504e-03,3.657759632915258408e-03,2.656584233045578003e-02,1.215949002653360367e-02,-9.773850440979003906e-03,1.116161886602640152e-02,-8.201046846807003021e-03,3.190213814377784729e-03,-3.015090944245457649e-03,-1.408914756029844284e-02,-2.926207706332206726e-02,-1.893972605466842651e-02,-3.666350618004798889e-02,1.703650318086147308e-02,2.952641248703002930e-02,5.346210207790136337e-03,6.380427628755569458e-03,-1.219914015382528305e-02,1.932301558554172516e-02,-1.546369865536689758e-02,-1.491024391725659370e-03,-1.187532767653465271e-02,-1.157134026288986206e-02,2.970484085381031036e-03,-7.460904307663440704e-03,-3.413248108699917793e-03,2.367135509848594666e-02,8.630594238638877869e-03,-3.090096451342105865e-02,-3.201117739081382751e-02,-1.560908369719982147e-02,6.135916337370872498e-03,-5.603938549757003784e-02,5.980618763715028763e-03,2.069756574928760529e-02,-2.036714553833007812e-02,4.546591546386480331e-03,1.168368384242057800e-02,-1.667436063289642334e-01,2.734233159571886063e-03,1.239739265292882919e-02,-2.696234732866287231e-03,2.676409482955932617e-02,-9.754025377333164215e-03,-1.272120513021945953e-02,2.408107556402683258e-02,8.070530602708458900e-04,-1.031574048101902008e-02,2.608673181384801865e-03,-3.380205947905778885e-03,-3.470741212368011475e-02,-1.767751877196133137e-03,-8.861889131367206573e-03,3.248037537559866905e-03,-3.494531661272048950e-02,7.520379964262247086e-03,3.653133660554885864e-02,1.616419106721878052e-02,1.253616902977228165e-02,-1.381159387528896332e-02,1.094354037195444107e-02,-2.219106815755367279e-02,7.903668098151683807e-03,1.165725011378526688e-02,-4.146782681345939636e-03,4.282255191355943680e-03,-1.329613756388425827e-02,-2.052574791014194489e-02,-6.971881259232759476e-03,2.139805816113948822e-02,2.854836732149124146e-02,-8.432341739535331726e-03,1.256260275840759277e-02,8.623985573649406433e-03,4.870404489338397980e-03,-7.381603121757507324e-03,-1.363977510482072830e-02,1.225861627608537674e-02,3.357076644897460938e-02,2.653940767049789429e-02,8.068879134953022003e-03,-6.253215833567082882e-04,1.558264996856451035e-02,1.465747132897377014e-02,2.102798782289028168e-02,1.001836173236370087e-02,-6.542333867400884628e-03,-1.192819513380527496e-02,2.037044847384095192e-03,-1.414201501756906509e-02,-1.780968741513788700e-03,-1.090389024466276169e-02,4.685368388891220093e-03,7.930101826786994934e-03,-1.744622364640235901e-02,1.960056833922863007e-02,-3.031942248344421387e-02,-1.504241256043314934e-03,-2.735885232686996460e-02,-3.667672164738178253e-03,8.082095533609390259e-03,-3.723843721672892570e-03,1.704971864819526672e-02,-2.470226772129535675e-02,-1.120126899331808090e-02,5.220650229603052139e-03,-1.625670865178108215e-02,3.158823773264884949e-02,-1.633601076900959015e-02,-2.049931325018405914e-02,1.071885414421558380e-02,-1.351421512663364410e-02,1.952126808464527130e-02,-2.652619034051895142e-02,-2.902417257428169250e-02,3.095383197069168091e-02,9.231960400938987732e-03,-1.288641523569822311e-02,-2.010280825197696686e-02,3.312139213085174561e-02,-1.180924382060766220e-02,-2.001029066741466522e-02,2.817829512059688568e-02,5.032310727983713150e-03,1.374551001936197281e-02,3.941921517252922058e-03,-4.658934776671230793e-04,-3.773406846448779106e-03,7.018140051513910294e-03,-1.649461127817630768e-02,9.793675504624843597e-03,-3.589692711830139160e-02,6.016965024173259735e-03,1.156473159790039062e-02,-1.059990283101797104e-02,-5.788974463939666748e-03,7.057790644466876984e-03,-3.068949468433856964e-02,7.275868672877550125e-03,-1.447243615984916687e-02,-2.764962241053581238e-02,1.878442941233515739e-03,2.315589785575866699e-02,8.650419302284717560e-03,-4.245908639859408140e-04,2.137162536382675171e-02,2.431898005306720734e-02,-1.155151519924402237e-02,-6.575376261025667191e-03,-2.269991673529148102e-03,1.164403278380632401e-02,1.718188822269439697e-02,2.082973532378673553e-02,3.690140694379806519e-02,3.599522751756012440e-04,-7.890451699495315552e-03,2.544241026043891907e-02,1.650782860815525055e-02,5.820694938302040100e-02,-5.166957271285355091e-04,4.853883292526006699e-03,-2.559110056608915329e-03,-2.282547764480113983e-02,-3.880463168025016785e-02,-1.264586895704269409e-01,-3.407300636172294617e-02,-2.451723208650946617e-03,1.661356352269649506e-02,5.136062577366828918e-02,3.746973117813467979e-03,-9.549164213240146637e-03,1.769734360277652740e-02,-6.426686886698007584e-03,1.450547832064330578e-03,4.140174016356468201e-03,-5.901317577809095383e-03,-9.800284169614315033e-03,-3.340555354952812195e-03,1.213966403156518936e-02,-2.433550078421831131e-03,-1.371907629072666168e-02,-2.301051281392574310e-02,-2.912990748882293701e-02,2.060504816472530365e-02,-1.076511293649673462e-02,2.841619774699211121e-02,-2.075043320655822754e-02,-3.343859687447547913e-02,1.443278510123491287e-02,-1.278068125247955322e-02,-1.850357092916965485e-02,2.379030548036098480e-02,2.846906520426273346e-02,7.817759178578853607e-03,-7.870625704526901245e-03,-1.179602695629000664e-03,-1.724797114729881287e-02,1.210001390427350998e-02,-1.497467607259750366e-02,-1.841105334460735321e-02,-2.987005002796649933e-02,-1.843748614192008972e-02,1.251634396612644196e-02,-3.090096451342105865e-02,-4.219475202262401581e-03,7.341952528804540634e-03,-3.922096453607082367e-03,-1.576768606901168823e-02,-5.686543881893157959e-03,-1.247008517384529114e-02,-1.912476308643817902e-02,2.248183824121952057e-02,2.564066275954246521e-02,8.405908010900020599e-03,-2.527720062062144279e-03,-1.331596262753009796e-02,-9.602031670510768890e-03,6.839713081717491150e-03,1.001836173236370087e-02,-2.174169523641467094e-03,2.729276660829782486e-03,1.184228528290987015e-02,-1.444600243121385574e-02,2.212498523294925690e-02,-2.405464276671409607e-02,8.690070360898971558e-03,3.104304429143667221e-03,6.831452483311295509e-04,4.663065192289650440e-04,1.880094991065561771e-03,8.267131634056568146e-03,-1.489537488669157028e-02,3.047802485525608063e-02,-2.401499263942241669e-02,-1.085763145238161087e-02,1.209340523928403854e-02,-9.496296755969524384e-03,2.495338767766952515e-02,-1.662678085267543793e-02,5.660110153257846832e-03,-3.105956502258777618e-02,-5.491595715284347534e-03,2.175491303205490112e-02,-2.464940026402473450e-02,-1.469547045417129993e-03,-2.508555538952350616e-02,1.998385600745677948e-02,2.958919387310743332e-03,3.449594229459762573e-02,-5.686543881893157959e-03,1.416844874620437622e-02,-6.912405602633953094e-03,8.333215489983558655e-03,-4.331818316131830215e-03,6.396948825567960739e-03,2.229680307209491730e-02,2.297086268663406372e-02,-3.366989083588123322e-03,-1.184228528290987015e-02,-3.753581549972295761e-03,5.352818872779607773e-03,-1.760482601821422577e-02,-1.978560350835323334e-02,3.601588075980544090e-03,-2.767605520784854889e-02,8.756154216825962067e-03,-4.417066648602485657e-02,1.013070531189441681e-02,-8.736329153180122375e-03,-2.320876531302928925e-02,2.030106075108051300e-02,-1.657391339540481567e-02,-5.732802674174308777e-03,-1.350099872797727585e-02,7.811150513589382172e-03,2.716059796512126923e-03,-3.312139213085174561e-02,2.323519811034202576e-02,9.430212900042533875e-03,-2.828403003513813019e-02,-2.314598532393574715e-03,-1.455173734575510025e-02,7.566638756543397903e-03,1.534474734216928482e-02,2.545562759041786194e-02,2.611646987497806549e-02,2.729276660829782486e-03,1.514649484306573868e-02,4.387989640235900879e-03,5.808799527585506439e-03,-2.257435768842697144e-02,9.859760291874408722e-03,4.311992786824703217e-03,9.853151626884937286e-03,-1.313753519207239151e-02,-2.681365702301263809e-03,2.646671608090400696e-03,-2.150379307568073273e-02,2.389604039490222931e-02,2.113372087478637695e-02,1.596593856811523438e-02,-1.743300817906856537e-02,-2.590500051155686378e-03,3.269845247268676758e-02,1.284676510840654373e-02,6.544977426528930664e-02,8.408954272454138845e-06,-2.976431511342525482e-02,-4.252517130225896835e-03,-2.857480011880397797e-02,1.226522400975227356e-02,1.642852835357189178e-02,-2.380352281033992767e-02,1.771056093275547028e-02,4.324549064040184021e-02,-6.558855064213275909e-03,2.947354456409811974e-03,1.448565255850553513e-02,-1.146560534834861755e-02,-1.432705111801624298e-02,-1.468390505760908127e-02,-5.610547028481960297e-03,4.237317666411399841e-02,-1.251634396612644196e-02,2.273295819759368896e-02,-5.056761577725410461e-02,3.703357651829719543e-02,2.013915451243519783e-03,-1.116203129640780389e-04,-6.133438437245786190e-04,7.652548141777515411e-03,9.965495206415653229e-03,-5.019093863666057587e-03,1.630957610905170441e-02,5.591341323452070355e-05,2.960571320727467537e-03,-1.072215847671031952e-03,9.205526672303676605e-03,1.595272123813629150e-02,2.520450763404369354e-02,1.851678825914859772e-02,-1.337543874979019165e-02,-1.370585989207029343e-02,1.878112554550170898e-02,-1.066598668694496155e-02,-2.215472282841801643e-03,1.369264256209135056e-02,8.505034260451793671e-03,-2.460975013673305511e-02,-2.323272055946290493e-04,2.264044061303138733e-02,-2.572326920926570892e-03,2.133197337388992310e-02,1.477807527408003807e-03,6.974978896323591471e-05,2.545893192291259766e-03,-8.452166803181171417e-03,5.990531295537948608e-03,-9.714374900795519352e-04,-4.232692066580057144e-03,7.956535555422306061e-03,-1.367116579785943031e-03,-7.487338036298751831e-03,2.480800263583660126e-02,7.546813692897558212e-03,5.547767039388418198e-03,-2.665835991501808167e-02,2.047288045287132263e-02,6.327560637146234512e-03,-1.664495328441262245e-03,-1.512006111443042755e-02,2.557457797229290009e-02,-1.365299243479967117e-02,-1.878112554550170898e-02,-2.653940767049789429e-02,8.690070360898971558e-03,1.571481861174106598e-02,2.040349208982661366e-04,5.828625056892633438e-03,-1.503415172919631004e-03,9.952277876436710358e-03,3.417873755097389221e-02,-9.906019084155559540e-03,-2.554566599428653717e-04,-4.602763336151838303e-03,4.869082570075988770e-02,-2.093216404318809509e-03,1.285998150706291199e-02,5.805495660752058029e-03,-1.704971864819526672e-02,3.399370238184928894e-02,-4.404510837048292160e-03,2.564066275954246521e-02,-2.201925031840801239e-02,1.159777399152517319e-02,9.383954107761383057e-03,1.375872641801834106e-02,-2.764962241053581238e-02,-2.730598486959934235e-02,1.282033137977123260e-02,7.507163099944591522e-03,1.591307111084461212e-02,-3.031942248344421387e-02,2.569353021681308746e-02,-6.938839331269264221e-03,2.092225290834903717e-02,1.604523882269859314e-02,-2.571996301412582397e-02,4.767973907291889191e-03,-2.836663508787751198e-03,1.863573864102363586e-02,9.392214706167578697e-04,8.214264176785945892e-03,-1.555621623992919922e-02,-1.273442246019840240e-02,2.150379307568073273e-02,-1.370585989207029343e-02,3.629343211650848389e-02,-9.265002794563770294e-03,-2.127910777926445007e-02,1.991777308285236359e-02,1.719510369002819061e-02,2.446436509490013123e-02,5.679935682564973831e-03,6.337473168969154358e-03,2.008959092199802399e-02,-1.436670124530792236e-02,-7.593072485178709030e-03,1.341508887708187103e-02,-1.941553317010402679e-02,-3.061019256711006165e-02,2.375726355239748955e-03,-1.449886988848447800e-02,-3.915487788617610931e-03,-3.872533142566680908e-02,2.355901058763265610e-03,1.159777399152517319e-02,-3.729791194200515747e-02,-3.462811186909675598e-02,2.065791562199592590e-02,-1.665321364998817444e-02,6.780236959457397461e-03,-2.017219783738255501e-03,1.337543874979019165e-02,-3.327338490635156631e-03,-6.773628760129213333e-03,-1.174026838270947337e-04,-2.717381529510021210e-02,-2.274947939440608025e-03,1.280050631612539291e-02,2.578935120254755020e-03,-1.078493893146514893e-02,9.198918007314205170e-03,-2.163596078753471375e-02
-1.523167733103036880e-02,-1.934515126049518585e-02,-2.097476832568645477e-02,-1.027053967118263245e-02,-4.803432151675224304e-03,2.302493527531623840e-02,-1.952913962304592133e-02,-1.645389199256896973e-02,-2.157930471003055573e-02,8.463502861559391022e-03,1.065823156386613846e-02,3.908456489443778992e-02,-1.356263272464275360e-02,-5.460536573082208633e-03,-4.652298521250486374e-03,2.278837747871875763e-02,3.322319313883781433e-02,-1.040196139365434647e-02,1.617790758609771729e-02,-2.566649392247200012e-02,1.398317981511354446e-02,3.019394120201468468e-03,4.655583761632442474e-03,-1.956856623291969299e-02,-2.181586343795061111e-03,-2.396787982434034348e-03,7.766972761601209641e-03,-3.259237110614776611e-02,9.488586336374282837e-03,-1.645389199256896973e-02,1.137611805461347103e-03,1.611548243090510368e-03,-6.623611319810152054e-03,-4.407855495810508728e-02,-2.730925381183624268e-02,-6.820742506533861160e-03,-1.462714187800884247e-02,-3.906485158950090408e-03,1.145825604908168316e-03,-2.704641222953796387e-02,1.151246763765811920e-02,8.259801194071769714e-03,2.008110657334327698e-02,-1.026396919041872025e-02,-1.239298656582832336e-02,-1.333921682089567184e-03,8.062670007348060608e-03,-2.757209539413452148e-02,-1.787323690950870514e-02,-3.310162806883454323e-03,2.412886917591094971e-02,-7.243548316182568669e-05,-2.646816149353981018e-02,-2.980625070631504059e-02,4.133185837417840958e-03,1.508875750005245209e-03,7.550128269940614700e-03,8.857766166329383850e-03,-1.550766173750162125e-02,-9.330880828201770782e-03,1.950285583734512329e-02,9.922274621203541756e-04,1.513803959824144840e-03,1.305009145289659500e-02,-1.730812713503837585e-02,3.801348386332392693e-03,-3.409057110548019409e-02,1.563086872920393944e-03,3.977534361183643341e-04,5.220693536102771759e-03,2.901772595942020416e-02,5.568958818912506104e-03,9.849993512034416199e-03,9.534583427011966705e-03,2.064621634781360626e-02,-2.744067460298538208e-02,-3.390658181160688400e-03,-2.528537251055240631e-02,2.130660694092512131e-03,7.589554414153099060e-03,4.170558822806924582e-04,-1.519225165247917175e-02,-2.334034442901611328e-02,-8.470074273645877838e-03,1.728184334933757782e-02,2.245653886348009109e-03,3.346303710713982582e-03,3.062105923891067505e-02,-1.868804544210433960e-02,-1.293181255459785461e-02,1.174902450293302536e-02,1.060566306114196777e-02,-1.324722263962030411e-02,2.377403341233730316e-02,-2.033080719411373138e-02,-7.182150147855281830e-03,-2.514081075787544250e-02,3.319690749049186707e-02,1.411952893249690533e-03,-3.377516195178031921e-02,8.548926562070846558e-03,5.670810118317604065e-03,3.206668887287378311e-03,-3.172171069309115410e-03,-1.708471216261386871e-02,2.860457170754671097e-04,2.797621535137295723e-03,7.004731800407171249e-03,9.114036336541175842e-03,-2.841318957507610321e-02,-6.561186164617538452e-03,5.159582942724227905e-02,-2.367218257859349251e-03,-2.964854612946510315e-02,2.627103030681610107e-02,-1.645389199256896973e-02,6.127497646957635880e-03,-2.069878578186035156e-02,-1.090793171897530556e-03,-4.376314580440521240e-03,7.136152591556310654e-03,2.682299725711345673e-02,2.443113736808300018e-02,-2.857089415192604065e-02,-2.807149477303028107e-02,3.558876737952232361e-02,-2.445742115378379822e-02,-1.062537636607885361e-02,-1.229442097246646881e-02,-1.229442097246646881e-02,5.237121134996414185e-03,-7.523844018578529358e-03,8.726345375180244446e-03,-3.253980353474617004e-02,-3.136030165478587151e-03,3.064734488725662231e-02,-8.069240488111972809e-03,6.899595260620117188e-03,-2.196042612195014954e-02,-2.146102674305438995e-02,1.797837391495704651e-02,1.695329137146472931e-02,-3.411685675382614136e-02,-1.925315521657466888e-02,2.056736499071121216e-02,1.410145778208971024e-02,1.298438105732202530e-02,2.470712177455425262e-02,7.333283778280019760e-03,-3.161985799670219421e-02,2.013367600739002228e-02,-9.987985715270042419e-03,3.154100477695465088e-02,-1.516596693545579910e-02,1.323408074676990509e-02,5.150054930709302425e-04,1.546823512762784958e-02,1.843834668397903442e-02,-1.623047515749931335e-02,-5.973077844828367233e-03,1.201843749731779099e-02,-9.015470743179321289e-03,1.835949346423149109e-02,7.070442195981740952e-03,2.523280493915081024e-02,3.522079065442085266e-02,1.672987453639507294e-02,-1.201186608523130417e-02,-3.292092587798833847e-03,-3.053892171010375023e-03,6.235919892787933350e-03,1.841206289827823639e-02,-3.918970003724098206e-02,9.895990602672100067e-03,-2.277523465454578400e-02,3.945254161953926086e-02,-6.952163297683000565e-03,5.237121134996414185e-03,-2.652072906494140625e-02,2.853475278243422508e-03,-2.052793838083744049e-02,2.006796561181545258e-02,3.900571167469024658e-02,1.663788035511970520e-02,-1.423287857323884964e-02,-2.886330708861351013e-03,7.155865896493196487e-03,9.094323031604290009e-03,1.833320944570004940e-03,8.870908059179782867e-03,2.585048228502273560e-02,1.600706018507480621e-02,1.717670634388923645e-02,-2.845261478796601295e-03,-6.505858302116394043e-01,8.502929471433162689e-03,4.599730018526315689e-03,-1.768924668431282043e-02,1.917430385947227478e-02,-8.562069386243820190e-03,2.487796917557716370e-02,1.998911239206790924e-02,1.353634800761938095e-02,-2.414201200008392334e-02,-1.172274071723222733e-02,1.436430029571056366e-02,8.752629160881042480e-03,-3.001323901116847992e-03,1.661241840338334441e-04,-2.561392448842525482e-02,-1.168988551944494247e-02,-2.717783302068710327e-02,-1.204472128301858902e-02,-3.860487835481762886e-03,-5.424396134912967682e-03,1.997597143054008484e-02,1.487519824877381325e-03,7.733296370133757591e-04,-4.011621698737144470e-03,4.465023521333932877e-03,-2.408287255093455315e-03,-6.998160970397293568e-04,-1.751840114593505859e-02,-4.304033238440752029e-03,-2.603447251021862030e-02,2.511452697217464447e-02,-1.792251947335898876e-03,3.637729212641716003e-02,3.858516365289688110e-02,4.984136205166578293e-03,-1.048738416284322739e-02,3.020051307976245880e-02,2.999023906886577606e-02,3.979423642158508301e-02,-2.560078352689743042e-02,-1.080279424786567688e-02,9.968272410333156586e-03,1.052681077271699905e-02,1.210386119782924652e-02,2.631045505404472351e-02,2.248610928654670715e-02,1.754468493163585663e-02,6.528330966830253601e-03,7.628981024026870728e-03,8.772342116571962833e-04,2.515066647902131081e-03,-8.338653482496738434e-03,1.604648679494857788e-02,5.942686693742871284e-04,1.407517399638891220e-02,1.379919052124023438e-02,-2.657329849898815155e-02,-1.103935204446315765e-02,-1.039538998156785965e-02,6.840455811470746994e-03,2.541679330170154572e-02,-5.516390316188335419e-03,-2.457570051774382591e-03,-1.418031100183725357e-02,1.771553233265876770e-02,-7.963282405398786068e-04,2.598190307617187500e-02,1.140075968578457832e-03,-1.570479199290275574e-02,-9.698859415948390961e-03,7.234718184918165207e-03,1.243569888174533844e-03,-1.483741495758295059e-02,7.950962171889841557e-04,1.335893012583255768e-02,7.786686066538095474e-03,-2.704641222953796387e-02,-8.548926562070846558e-03,2.109304815530776978e-02,-5.375113338232040405e-03,-1.397003699094057083e-02,-4.037248715758323669e-02,9.974842891097068787e-03,2.590305171906948090e-02,2.795260115817654878e-05,-1.043481659144163132e-02,-2.544307895004749298e-02,-1.247183978557586670e-02,2.743410295806825161e-04,-2.757209539413452148e-02,-1.236670278012752533e-02,5.457251332700252533e-03,-2.577163092792034149e-02,3.372259065508842468e-02,-2.307750284671783447e-02,-2.780865319073200226e-02,1.558651402592658997e-02,-3.462939523160457611e-03,7.241289131343364716e-03,-3.476081648841500282e-03,7.550128269940614700e-03,1.349692232906818390e-02,2.929042326286435127e-03,-2.695770468562841415e-03,2.151359431445598602e-02,7.773543708026409149e-03,-1.648017577826976776e-02,1.986097777262330055e-03,-3.482652828097343445e-02,5.692166159860789776e-04,-2.211566607002168894e-04,-9.587151929736137390e-03,-2.435228601098060608e-02,-1.311580184847116470e-02,-2.464141137897968292e-02,9.022042155265808105e-03,1.755782589316368103e-02,8.180948905646800995e-03,-1.004055328667163849e-02,1.226813718676567078e-02,2.297236584126949310e-02,-1.732126995921134949e-02,-2.972739748656749725e-02,1.488998346030712128e-02,1.709785312414169312e-02,1.284638885408639908e-03,-1.414088439196348190e-02,-4.793575964868068695e-03,-2.757209539413452148e-02,-7.734117563813924789e-03,-2.627103030681610107e-02,6.475762929767370224e-03,-1.085536275058984756e-02,1.921372860670089722e-02,-3.443226590752601624e-02,8.010101504623889923e-03,-2.794007398188114166e-02,4.268549382686614990e-02,-1.641446538269519806e-02,4.185754340142011642e-03,2.193414047360420227e-02,1.659845374524593353e-02,-1.275439467281103134e-02,-8.036385290324687958e-03,-4.452538862824440002e-02,1.107877865433692932e-02,-2.607389912009239197e-02,-4.980850592255592346e-02,1.266897097229957581e-02,-1.095392834395170212e-02,5.092558450996875763e-03,-4.021478444337844849e-02,-7.556699216365814209e-03,-9.232315234839916229e-03,1.824121549725532532e-02,-2.791050588712096214e-03,-3.919627051800489426e-03,7.287286687642335892e-03,-9.639720432460308075e-03,1.081593707203865051e-02,1.479798834770917892e-02,-3.346303710713982582e-03,-1.594134978950023651e-02,4.451881628483533859e-03,-1.958170719444751740e-02,-9.840136626735329628e-04,5.273262038826942444e-03,7.643971184734255075e-05,-1.308294665068387985e-02,1.444808091036975384e-03,4.379600286483764648e-03,-1.044795848429203033e-02,1.758411154150962830e-02,-1.749211549758911133e-02,1.516596693545579910e-02,-2.801892720162868500e-02,-3.012823173776268959e-03,3.367659403011202812e-03,1.764982193708419800e-02,-1.190015859901905060e-02,-1.431173179298639297e-02,-3.054220788180828094e-02,-1.332607492804527283e-02,6.508618127554655075e-03,2.856760984286665916e-03,1.187387481331825256e-02,1.241927128285169601e-02,8.088953793048858643e-03,-2.268652664497494698e-03,-5.036704242229461670e-03,1.436430029571056366e-02,-1.005369611084461212e-02,-3.725781338289380074e-03,1.884575188159942627e-02,2.970111323520541191e-03,-3.228024812415242195e-03,1.851719990372657776e-02,1.337864343076944351e-02,3.096275404095649719e-02,8.312369696795940399e-03,-1.067137345671653748e-02,4.413112252950668335e-02,-2.147416770458221436e-02,1.315522752702236176e-02,-4.449910297989845276e-02,2.199985086917877197e-02,-4.166041035205125809e-03,2.153987810015678406e-02,1.591835170984268188e-03,-7.504131179302930832e-03,-2.909657731652259827e-02,-1.733441092073917389e-02,-5.670810118317604065e-03,-1.390432659536600113e-02,1.531052961945533752e-02,4.668726120144128799e-03,1.997597049921751022e-03,-3.007894847542047501e-03,1.287924405187368393e-02,-2.455927198752760887e-03,-2.025195397436618805e-02,1.219585537910461426e-02,-1.986097777262330055e-03,-2.954340912401676178e-02,2.061993256211280823e-02,2.749324403703212738e-02,-1.318808272480964661e-02,1.466163899749517441e-03,8.566997130401432514e-04,-1.270182617008686066e-02,1.042331685312092304e-03,5.641240160912275314e-03,1.559965591877698898e-02,1.653274334967136383e-02,-4.356601275503635406e-03,4.339516907930374146e-02,-3.138330206274986267e-02,9.179746732115745544e-03,-1.193301379680633545e-02,-3.205026267096400261e-03,1.144675724208354950e-02,1.148289768025279045e-03,-6.794458255171775818e-03,1.420988002792000771e-03,-5.674095358699560165e-03,7.563270628452301025e-03,4.669547488447278738e-04,1.168002840131521225e-03,-1.561279781162738800e-02,6.134068593382835388e-03,2.996395528316497803e-02,-3.069991245865821838e-02,1.291867066174745560e-02,1.500826235860586166e-02,-4.936167597770690918e-02,2.158176939701661468e-04,1.987083442509174347e-02,2.228897809982299805e-02,3.374887630343437195e-02,-1.809665188193321228e-02,-6.958734244108200073e-03,4.304033238440752029e-03,-5.329115781933069229e-03,7.904964499175548553e-03,7.543557323515415192e-03,1.835949346423149109e-02,-1.887532067485153675e-03,-3.193526715040206909e-02,-1.690072193741798401e-02,-9.179746732115745544e-03,1.031653769314289093e-02,2.031766436994075775e-02,-8.818339556455612183e-03,-3.916341811418533325e-03,-1.274782326072454453e-02,1.025739777833223343e-02,-1.025739777833223343e-02,1.460085716098546982e-02,9.043397731147706509e-04,-2.134274691343307495e-02,-2.403687499463558197e-02,4.649012815207242966e-03,1.494255196303129196e-02,-1.665102317929267883e-02,-1.939771883189678192e-02,-1.588878221809864044e-02,-1.460085716098546982e-02,-1.049395557492971420e-02,6.663037464022636414e-03,3.755351062864065170e-03,2.527223154902458191e-02,1.524481922388076782e-02,-1.774181611835956573e-02,-3.781635314226150513e-03,1.117734424769878387e-02,1.575736142694950104e-02,-9.541153907775878906e-03,6.682750768959522247e-03,3.387372707948088646e-03,5.667524412274360657e-03,-1.215642970055341721e-02,5.614956375211477280e-03,8.003530092537403107e-03,1.578364521265029907e-02,1.650645956397056580e-02,-2.171072550117969513e-02,1.891146227717399597e-02,-1.462057000026106834e-03,8.417505770921707153e-03,-5.628098268061876297e-03,-1.889831945300102234e-02,-2.904400974512100220e-02,-6.304915528744459152e-03,-4.928281996399164200e-03,-2.422086335718631744e-02,-2.315635606646537781e-02,-3.630501218140125275e-03,-1.788637973368167877e-02,8.690204122103750706e-04,9.580580517649650574e-03,-2.624566877784673125e-05,-1.264925766736268997e-02,2.886002138257026672e-02,9.630520641803741455e-02,2.628417126834392548e-02,-5.805516615509986877e-03,1.613848097622394562e-02,-6.620325730182230473e-04,1.223528198897838593e-02,-4.566874704323709011e-04,-2.160558849573135376e-02,1.680872775614261627e-02,-2.052793838083744049e-02,-1.157817803323268890e-02,-1.084879226982593536e-02,8.233516477048397064e-03,-4.415740724653005600e-03,2.554493024945259094e-03,2.100105397403240204e-02,-1.032967958599328995e-02,-1.274125184863805771e-02,-1.128905173391103745e-02,-1.279382035136222839e-02,-2.825548499822616577e-02,2.277523465454578400e-02,1.590192317962646484e-02,2.021252736449241638e-02,2.515395171940326691e-02,-2.849204279482364655e-02,3.148843720555305481e-02,3.553619980812072754e-02,2.212798688560724258e-03,8.890621364116668701e-03,-6.617040373384952545e-03,9.541153907775878906e-03,3.959053196012973785e-03,3.135701641440391541e-02,-1.545509323477745056e-02,9.081181138753890991e-03,1.289238594472408295e-02,3.658756613731384277e-02,1.812293566763401031e-02,-9.869706816971302032e-03,1.491626724600791931e-02,1.516596693545579910e-02,1.762353628873825073e-02,-2.043594419956207275e-02,7.563270628452301025e-03,1.255726348608732224e-02,-2.093534357845783234e-02,1.349692232906818390e-02,-7.247860543429851532e-03,-2.184214629232883453e-02,2.817663177847862244e-02,-3.435341268777847290e-02,-2.930685132741928101e-02,-1.308294665068387985e-02,-3.390658181160688400e-03,5.782517604529857635e-03,1.722927391529083252e-02,1.441686786711215973e-02,-2.160230418667197227e-03,-2.570920623838901520e-03,-2.439171075820922852e-02,-2.980625070631504059e-02,1.048081368207931519e-02,5.293796421028673649e-04,-1.113791763782501221e-02,-3.643643343821167946e-03,-3.051592409610748291e-02,6.426480133086442947e-03,-3.143586963415145874e-02,-5.219872109591960907e-04,5.614956375211477280e-03,-1.634546933928504586e-04,-4.031991958618164062e-02,-9.146891534328460693e-03,3.264494240283966064e-02,2.186843007802963257e-02,2.778236940503120422e-02,-8.844623342156410217e-03,2.059611288132146001e-04,8.470074273645877838e-03,2.408287255093455315e-03,-1.187387481331825256e-02,-3.492509247735142708e-03,-1.059909258037805557e-02,4.543876275420188904e-03,4.229123145341873169e-02,-3.848002851009368896e-02,-1.789952069520950317e-02,-2.105362154543399811e-02,1.111820433288812637e-02,-6.318057887256145477e-03,-7.872109301388263702e-03,1.879318244755268097e-02,-4.097045399248600006e-03,1.383861619979143143e-02,-7.123010698705911636e-03,1.226813718676567078e-02,-1.500661950558423996e-03,6.349270115606486797e-04,-6.485619582235813141e-03,-6.229348480701446533e-03,1.301887823501601815e-04,5.759519059211015701e-03,-9.823708795011043549e-03,1.301723625510931015e-02,1.089478936046361923e-02,-2.557449974119663239e-02,1.931886561214923859e-02,-1.672987453639507294e-02,-2.316949702799320221e-02,1.893774606287479401e-02,-1.979198120534420013e-02,1.186073292046785355e-02,-7.543557323515415192e-03,-4.013593122363090515e-02,3.175127878785133362e-02,-4.635870922356843948e-03,1.326693594455718994e-02,2.256496064364910126e-02,-4.888855852186679840e-03,-5.079416092485189438e-03,-2.696756087243556976e-02,2.553507313132286072e-02,8.616279810667037964e-04,-4.336888436228036880e-03,-5.539389327168464661e-03,-3.370945109054446220e-03,-1.716356351971626282e-02,8.818339556455612183e-03,1.506083086133003235e-02,-6.331199780106544495e-03,2.694127522408962250e-02,-4.645727574825286865e-03,4.412455484271049500e-03,-1.956856623291969299e-02,-4.133185837417840958e-03,-2.979967975988984108e-03,-1.408831588923931122e-02,-3.907717182300984859e-04,8.128380402922630310e-03,1.234041899442672729e-02,-2.267009764909744263e-02,-4.819860216230154037e-03,-6.406766828149557114e-03,-1.597584807313978672e-03,-3.703439980745315552e-02,1.880632527172565460e-02,-1.628304459154605865e-02,1.757096871733665466e-02,3.543106466531753540e-02,-5.427681375294923782e-03,6.495475769042968750e-03,-5.529532674700021744e-03,-1.180159300565719604e-02,-5.542674567550420761e-03,8.714845753274857998e-04,-7.477846927940845490e-03,-1.036253478378057480e-02,1.439058408141136169e-02,6.091356743127107620e-03,3.805948048830032349e-02,-1.380740432068705559e-03,1.352320611476898193e-02,1.511339843273162842e-02,3.264165483415126801e-03,2.759838011115789413e-03,-6.971876602619886398e-03,-1.676930114626884460e-02,-2.620531991124153137e-02,5.453965626657009125e-03,2.288037165999412537e-02,-4.327031783759593964e-03,1.746583171188831329e-02,-9.948559105396270752e-03,2.320892363786697388e-02,1.955542340874671936e-02,-5.739806219935417175e-03,-2.615275094285607338e-03,-8.352411532541736960e-05,-4.570817574858665466e-02,-8.831481449306011200e-03,-4.379600286483764648e-03,1.441686786711215973e-02,1.295152585953474045e-02,-1.900345645844936371e-02,-1.862233504652976990e-02,3.196155279874801636e-02,1.019333023577928543e-03,-2.958612050861120224e-03,9.580580517649650574e-03,3.503680229187011719e-02,-1.443001069128513336e-02,4.631271213293075562e-02,-9.449159726500511169e-03,7.267573382705450058e-03,-1.159131992608308792e-02,3.306548669934272766e-02,1.712413877248764038e-02,-9.914061520248651505e-04,3.708696737885475159e-02,1.708471216261386871e-02,1.415402628481388092e-02,-9.771141223609447479e-03,-3.051592409610748291e-02,-9.731714613735675812e-03,-7.149294484406709671e-03,-7.096726447343826294e-03,3.152457764372229576e-03,-2.196042612195014954e-02,-5.775946658104658127e-03,-1.382547430694103241e-02,-7.077013142406940460e-03,-1.941086165606975555e-02,-3.934740647673606873e-02,3.388029709458351135e-02,2.881402382627129555e-03,-3.929483518004417419e-02,1.180816441774368286e-02,-5.355400033295154572e-03,-1.112477574497461319e-02,-1.951599679887294769e-02,-1.684815436601638794e-02,3.183013200759887695e-02,1.233713352121412754e-03,4.169326741248369217e-03,1.561279781162738800e-02,2.304793335497379303e-03,-4.097702354192733765e-02,-8.555497974157333374e-03,-8.463502861559391022e-03,2.542993519455194473e-03,2.198670990765094757e-02,2.920171432197093964e-02,-2.224955148994922638e-02,-2.902758307754993439e-03,9.928845800459384918e-03,3.269093809649348259e-03,-3.556248545646667480e-02,-3.235581517219543457e-02,-5.292974878102540970e-03,-1.607277058064937592e-02,-1.502140425145626068e-02,2.094848453998565674e-02,6.511903367936611176e-03,1.885889330878853798e-03,1.443001069128513336e-02,-2.712526544928550720e-02,1.136790402233600616e-02,-1.467970944941043854e-02,-2.306436002254486084e-02,-1.640132255852222443e-02,-2.079735044389963150e-03,-2.610018290579319000e-02,1.154039404354989529e-03,5.601814016699790955e-03,-2.470712177455425262e-02,-3.347946330904960632e-03,-1.829378306865692139e-02,-4.901998210698366165e-03,-3.070319769904017448e-03,-3.664013370871543884e-02,3.495794907212257385e-02,2.447713399305939674e-03,-1.977883838117122650e-02,1.400946360081434250e-02,9.015470743179321289e-03,-4.413112252950668335e-02,-1.741326414048671722e-02,3.604216966778039932e-03,2.704641222953796387e-02,-3.795434534549713135e-02,-1.583621278405189514e-02,-2.034394815564155579e-02,2.295922487974166870e-02,-6.567757576704025269e-03,6.772280903533101082e-04,-1.264925766736268997e-02,8.930047042667865753e-03,-1.075679715722799301e-02,-2.390545420348644257e-02,1.537624001502990723e-02,2.357690222561359406e-02,1.406203210353851318e-02,-1.382547430694103241e-02,-1.637503877282142639e-02,-1.324065122753381729e-02,-4.507735371589660645e-03,-1.523167733103036880e-02,2.450999058783054352e-02,-9.563947969581931829e-05,-3.395915031433105469e-02,2.380031719803810120e-02,-4.875713959336280823e-03,2.725668624043464661e-02,-1.665102317929267883e-02,2.061664825305342674e-03,6.139817996881902218e-04,2.353747561573982239e-02,-2.613632241263985634e-03,1.709785312414169312e-02,-2.694127522408962250e-02,4.616157617419958115e-03,2.074806718155741692e-03,1.306323334574699402e-02,6.712320260703563690e-03,6.814171560108661652e-03,1.730812713503837585e-02,-2.239411510527133942e-02,-1.771553233265876770e-02,4.276434704661369324e-02,-2.831708698067814112e-04,4.432168323546648026e-03,-7.878680713474750519e-03,-8.437219075858592987e-03,-2.365575544536113739e-02,1.805394073016941547e-03,1.461399905383586884e-02,-1.158474851399660110e-02,-2.930685132741928101e-02,2.114561572670936584e-02,4.977564793080091476e-03,-9.971557883545756340e-04,1.755782589316368103e-02,-3.193526715040206909e-02,-2.280151937156915665e-03,1.536309812217950821e-02,-2.121132612228393555e-02,3.699497086927294731e-03,-1.437744218856096268e-02,-6.275346037000417709e-03,1.243898458778858185e-02,4.609586670994758606e-03,-1.897717267274856567e-02,-2.893887273967266083e-02,6.833884865045547485e-03,-1.851719990372657776e-02,-8.128380402922630310e-03,3.646928817033767700e-03,-6.255632732063531876e-03,1.470270799472928047e-03,-1.010626368224620819e-02,8.003530092537403107e-03,1.675616018474102020e-02,8.102917345240712166e-04,-1.507397275418043137e-02,-6.698357174172997475e-04,3.159028943628072739e-03,-2.588990889489650726e-02,-3.390658274292945862e-02,-4.334259778261184692e-02,-4.883106448687613010e-04,3.043707087635993958e-02,1.566536724567413330e-02,-5.828515160828828812e-03,-2.843947336077690125e-02,1.853034133091568947e-03,-3.330204635858535767e-02,-2.787764882668852806e-03,-2.057301207969430834e-05,1.080936565995216370e-02,1.623047515749931335e-02,7.293857634067535400e-03,9.081181138753890991e-03,1.887203566730022430e-02,1.544195134192705154e-02,1.879318244755268097e-02,-3.456368669867515564e-02,-1.989711821079254150e-02,8.069240488111972809e-03,1.210509290103800595e-04,5.214122589677572250e-03,4.339516907930374146e-02,-2.321220934391021729e-03,-1.820178888738155365e-02,3.587789461016654968e-02,-1.276425085961818695e-03,4.921711049973964691e-03,1.679558493196964264e-02,5.407968536019325256e-03,-8.174377493560314178e-03,-1.246526837348937988e-02,1.180159300565719604e-02,-4.345102061051875353e-04,-1.471913605928421021e-02,-1.170959882438182831e-02,-2.357690222561359406e-02,-4.691724665462970734e-03,-1.105906534940004349e-02,5.266691092401742935e-03,-2.000225521624088287e-02,-4.806717857718467712e-03,2.117189951241016388e-02,1.458771526813507080e-02,-1.839892007410526276e-02,1.145825604908168316e-03,2.828833879902958870e-03,6.774745415896177292e-03,1.287267357110977173e-02,4.712751880288124084e-02,1.558979973196983337e-03,-1.583621278405189514e-02,1.320779602974653244e-02,8.365759276784956455e-04,-1.755782589316368103e-02,8.792055770754814148e-03,3.046335466206073761e-02,1.316179893910884857e-02,-2.550878934562206268e-02,-5.342257674783468246e-03,-1.186073292046785355e-02,-2.316292608156800270e-03,-1.971312798559665680e-03,-9.054897353053092957e-03,-1.742640510201454163e-02,1.135147642344236374e-03,2.492889470886439085e-04,-1.052188221365213394e-03,-2.899472601711750031e-03,1.590192317962646484e-02,3.671898692846298218e-02,-1.586249843239784241e-02,-7.924677804112434387e-03,4.034620244055986404e-03,-7.444991730153560638e-03,-1.106563676148653030e-02,-1.100649684667587280e-02,-1.116420235484838486e-02,-9.666004218161106110e-03,-1.785680884495377541e-03,7.780114654451608658e-03,-6.567757576704025269e-03,-1.126276794821023941e-02,-7.464704569429159164e-03,3.251023590564727783e-03,-1.651960238814353943e-02,4.826431162655353546e-03,2.052268087863922119e-01,-1.265582907944917679e-02,-1.335893012583255768e-02,2.679671347141265869e-02,2.029138058423995972e-02,-7.812970317900180817e-03,2.546936273574829102e-02,1.285953074693679810e-02,-4.813288804143667221e-03,-1.711099594831466675e-02,-4.179183393716812134e-02,-9.429446421563625336e-03,-2.473340556025505066e-02,4.034620244055986404e-03,9.941987693309783936e-03,-3.480024263262748718e-02,-3.014794550836086273e-02,-1.369405351579189301e-02,-1.675616018474102020e-02,-1.305009145289659500e-02,1.575736142694950104e-02,-1.395525294356048107e-03,-3.857202129438519478e-03,-2.817663177847862244e-02,6.620325613766908646e-03,1.937143504619598389e-02,-3.101532347500324249e-03,6.669608410447835922e-03,-7.466347306035459042e-04,2.516709454357624054e-02,-1.247841026633977890e-02,-1.379919052124023438e-02,-1.042167376726865768e-02,-3.035821765661239624e-02,-2.340605482459068298e-02,-1.908230781555175781e-02,3.829603642225265503e-02,-4.156184848397970200e-03,3.840774530544877052e-03,-5.595243070274591446e-03,-7.517273072153329849e-03,7.950961589813232422e-03,1.758411154150962830e-02,-1.127590984106063843e-02,1.154532283544540405e-02,2.772980183362960815e-02,-1.703214272856712341e-02,-1.632247120141983032e-02,-2.104047872126102448e-02,-1.155189331620931625e-02,-2.474654838442802429e-02,3.223918029107153416e-04,2.069878578186035156e-02,1.373348012566566467e-02,-7.109868340194225311e-03,-1.559801283292472363e-03,-8.351795375347137451e-03,1.872747205197811127e-02,-9.948559105396270752e-03,8.325511589646339417e-03,1.504768850281834602e-03,1.226813718676567078e-02,-3.140958398580551147e-02,3.033193387091159821e-02,6.245776079595088959e-03,6.893023848533630371e-03,-4.003079235553741455e-02,-1.347063807770609856e-03,6.203064695000648499e-03,-2.281466126441955566e-02,-9.784283116459846497e-03,-3.427455946803092957e-02,-1.318808272480964661e-02,2.422086335718631744e-02,1.670359075069427490e-02,-2.217069827020168304e-02,8.844623342156410217e-03,8.864336647093296051e-03,-1.182787772268056870e-02,2.009096322581171989e-03,-1.729498431086540222e-02,-8.095525205135345459e-03,-1.661159656941890717e-02,-1.829378306865692139e-02,6.590756122022867203e-03,-1.893774606287479401e-02,1.605962961912155151e-02,-7.418707478791475296e-03,-3.035821765661239624e-02,1.220242679119110107e-02,9.291455149650573730e-03,-2.480568597093224525e-03,7.898394018411636353e-03,-2.047536894679069519e-02,1.318151224404573441e-02,1.640132255852222443e-02,-2.142160013318061829e-02,1.629618555307388306e-02,-6.070000817999243736e-04,7.688120007514953613e-03,-2.838690578937530518e-02,5.181267391890287399e-03,8.220374584197998047e-03,1.379919052124023438e-02,-8.548926562070846558e-03,-1.858291029930114746e-02,9.672575630247592926e-03,4.184440150856971741e-02,2.343233861029148102e-02,9.643005323596298695e-04,3.106789104640483856e-02,2.293294062837958336e-03,6.528330966830253601e-03,8.838052861392498016e-03,5.999362096190452576e-03,-1.832006685435771942e-02,-3.856380935758352280e-04,-3.506308421492576599e-02,1.779438368976116180e-02,1.190015859901905060e-02,-1.711099594831466675e-02,1.634546933928504586e-04,-1.030339486896991730e-02,3.161985799670219421e-02,2.745053265243768692e-03,-1.240612939000129700e-02,-2.165815792977809906e-02,2.017310122027993202e-03,-2.498639049008488655e-03,-1.239298656582832336e-02,2.017310261726379395e-02,-1.736069470643997192e-02,-4.300747532397508621e-03,9.501728229224681854e-03,-3.173813689500093460e-03,-5.723378621041774750e-03,-6.258918438106775284e-03,-7.563270628452301025e-03,-2.883373573422431946e-02,5.601813900284469128e-04,-2.715154923498630524e-02,3.715924685820937157e-03,2.453627437353134155e-02,3.735637990757822990e-03,-1.113791763782501221e-02,2.051808172836899757e-03,2.026509679853916168e-02,-4.570160526782274246e-03,-2.345862239599227905e-02,-3.264494240283966064e-02,-2.148731052875518799e-02,-2.445742115378379822e-02,-1.604648679494857788e-02,-1.354949083179235458e-02,1.507397275418043137e-02,-6.452764384448528290e-03,-2.309064567089080811e-02,-3.777035325765609741e-02,4.806717857718467712e-03,1.145332772284746170e-02,-5.934965983033180237e-02,1.274125184863805771e-02,-4.672011360526084900e-03,-6.705749314278364182e-03,-5.486820824444293976e-03,1.226156577467918396e-02,-1.665365099906921387e-01,8.496358059346675873e-03,4.629299975931644440e-03,-1.400946360081434250e-02,3.180384635925292969e-02,-4.129900597035884857e-03,2.625788748264312744e-02,1.047424226999282837e-02,7.946855039335787296e-04,-2.912614727392792702e-03,9.146891534328460693e-03,9.718572720885276794e-03,-2.954340912401676178e-02,-4.120043944567441940e-03,3.108924720436334610e-04,1.916116103529930115e-02,-2.155302092432975769e-02,3.440598025918006897e-02,3.317062556743621826e-02,1.958170719444751740e-02,1.366776973009109497e-02,-3.821061458438634872e-03,2.169758453965187073e-02,-2.369518019258975983e-02,1.130219362676143646e-02,8.575211279094219208e-03,-8.406828274019062519e-04,-1.979526598006486893e-03,2.186514437198638916e-03,-6.350913085043430328e-03,-1.391746848821640015e-02,1.712413877248764038e-02,4.620757326483726501e-02,1.411460060626268387e-02,7.267573382705450058e-03,2.799264388158917427e-03,2.856760984286665916e-03,-1.419345289468765259e-02,1.316837035119533539e-02,5.927080754190683365e-03,2.674414403736591339e-02,2.880745194852352142e-02,4.849429707974195480e-03,-1.360205933451652527e-02,7.293857634067535400e-03,2.106676436960697174e-02,1.469285227358341217e-02,4.382885526865720749e-03,1.778124272823333740e-02,-1.282667554914951324e-02,-3.515508025884628296e-03,-2.054107934236526489e-02,4.905283451080322266e-03,-2.485168352723121643e-02,2.295922487974166870e-02,-8.174377493560314178e-03,-2.606075629591941833e-02,8.069240488111972809e-03,-1.262954436242580414e-02,-1.105906534940004349e-02,-1.386490091681480408e-02,-9.889419190585613251e-03,-2.096573443850502372e-04,1.402260549366474152e-02,1.549451891332864761e-02,-2.817663177847862244e-02,-1.598077639937400818e-02,-4.570160526782274246e-03,-3.461625427007675171e-02,1.747897453606128693e-02,-2.857089415192604065e-02,-3.600931540131568909e-02,3.340718150138854980e-02,3.055535024031996727e-03,2.005482278764247894e-02,-3.164614364504814148e-02,-1.197244040668010712e-02,3.826975449919700623e-02,1.625676080584526062e-02,-2.038337476551532745e-02,-1.538938283920288086e-02,2.694127522408962250e-02,-4.829716403037309647e-03,7.287286687642335892e-03,1.416716817766427994e-02,2.545621991157531738e-02,1.351006422191858292e-02,-1.243898458778858185e-02,-1.905602402985095978e-03,-1.092107314616441727e-02,8.657348807901144028e-04,-2.126389555633068085e-02,-2.807478187605738640e-03,-2.549564698711037636e-03,2.426028996706008911e-02,2.431285940110683441e-02,-1.287924358621239662e-03,-4.652298521250486374e-03,6.689321715384721756e-03,-1.520375022664666176e-03,-4.146328195929527283e-03,-9.544439963065087795e-04,-2.319578081369400024e-02,-3.052249550819396973e-03,3.572018817067146301e-02,1.088821794837713242e-02,1.016540359705686569e-02,2.583734132349491119e-02,2.146102674305438995e-02,-9.987985715270042419e-03,-8.010101504623889923e-03,-2.496996428817510605e-03,1.845148764550685883e-02,1.871433109045028687e-02,2.018624357879161835e-02,3.374887630343437195e-02,-2.560078352689743042e-02,1.259668916463851929e-02,1.521853543817996979e-02,4.997278098016977310e-03,6.145239248871803284e-02,1.850405707955360413e-02,-8.686918765306472778e-03,5.394826177507638931e-03,-6.613754667341709137e-03,-3.340718150138854980e-02,-1.164914518594741821e-01,-9.974842891097068787e-03,-1.354949083179235458e-02,1.900345645844936371e-02,3.309177234768867493e-02,7.261002436280250549e-03,-3.876915434375405312e-03,6.449478678405284882e-03,-8.358366787433624268e-03,7.484417874366044998e-03,-8.594924584031105042e-03,-2.189471572637557983e-02,-2.013367600739002228e-02,9.357165545225143433e-03,1.646703295409679413e-02,3.198455087840557098e-03,-1.478484645485877991e-02,-1.473227795213460922e-02,-2.930685132741928101e-02,3.067362867295742035e-02,-6.899595260620117188e-03,2.221012488007545471e-02,-1.329321973025798798e-02,-2.221012488007545471e-02,3.673213068395853043e-03,1.230099238455295563e-02,-2.411572821438312531e-02,1.318151224404573441e-02,9.685717523097991943e-03,-1.502304687164723873e-03,1.563908159732818604e-02,7.247860543429851532e-03,-7.471275981515645981e-03,9.725143201649188995e-03,-1.278067845851182938e-02,-1.216957159340381622e-02,-2.815034799277782440e-02,-7.793257012963294983e-03,4.008335992693901062e-03,-3.437969833612442017e-02,2.069878624752163887e-03,1.454828865826129913e-02,-1.640132255852222443e-02,-7.044157944619655609e-03,2.536422573029994965e-02,-9.994556196033954620e-03,-3.807919332757592201e-03,2.264381386339664459e-02,4.200210794806480408e-02,-1.149932481348514557e-02,-3.147529670968651772e-03,-2.772980183362960815e-02,-3.293406590819358826e-02,5.542674567550420761e-03,1.236013136804103851e-02,-2.483854256570339203e-02,-5.578815471380949020e-03,8.207232691347599030e-03,-8.338653482496738434e-03,3.952482249587774277e-03,-2.775608561933040619e-02,6.709035020321607590e-03,1.004055328667163849e-02,5.552531220018863678e-03,4.888855852186679840e-03,-5.030133295804262161e-03,-6.367340683937072754e-03,-3.556248545646667480e-02,2.040965855121612549e-02,-2.956969290971755981e-02,-4.258035682141780853e-03,7.957533001899719238e-03,-2.450999058783054352e-02,2.648130245506763458e-02,-4.612871911376714706e-03,2.320892363786697388e-02,-2.414201200008392334e-02,6.985018495470285416e-03,1.747897453606128693e-02,-2.751952782273292542e-02,-4.708152264356613159e-03,-2.046222798526287079e-02,1.751840114593505859e-02,1.144675724208354950e-02,3.908456489443778992e-02,-2.324506407603621483e-03,8.857766166329383850e-03,-1.981826499104499817e-02,-6.656466517597436905e-03,-1.241269987076520920e-02,4.846144001930952072e-03,1.684815436601638794e-02,1.662473939359188080e-02,-1.085536275058984756e-02,5.429324228316545486e-04,1.617790758609771729e-02,1.628797268494963646e-03,-1.280696224421262741e-02,-1.793894683942198753e-03,-1.723871973808854818e-04,-2.962226234376430511e-02,-4.021478351205587387e-03,-3.382772952318191528e-02,2.991138771176338196e-02,-1.055966597050428391e-02,-1.233384758234024048e-02,-2.176658017560839653e-04,-2.532479912042617798e-02,-4.028049297630786896e-03,-2.389231137931346893e-02,-1.136790402233600616e-02,1.143361441791057587e-02,-5.286403931677341461e-03,3.232952952384948730e-02,1.116420235484838486e-02,-1.580992899835109711e-02,-1.897717267274856567e-02,-9.946916252374649048e-04,-7.201862987130880356e-03,7.996137719601392746e-04,2.218384109437465668e-02,1.149275433272123337e-02,1.332278945483267307e-03,1.991025917232036591e-02,1.140733063220977783e-02,-9.265170432627201080e-03,-3.188269957900047302e-02,2.980625070631504059e-02,-1.011940650641918182e-02,9.074610657989978790e-03,-9.317738935351371765e-03,-2.208743171649985015e-05,8.562069386243820190e-03,-3.027936629951000214e-02,4.865857306867837906e-03,7.536986377090215683e-03,2.899472601711750031e-04,-1.243241317570209503e-02,6.360769737511873245e-03,2.634988166391849518e-02,4.163412749767303467e-02,6.350255757570266724e-02,-2.470712177455425262e-02,-1.908230781555175781e-02,-1.224185340106487274e-02,-2.450999058783054352e-02,2.202613651752471924e-02,2.123760990798473358e-02,-1.267554145306348801e-02,8.292656391859054565e-03,3.206668794155120850e-02,-1.177530921995639801e-02,2.235468849539756775e-02,2.972739748656749725e-02,9.782640263438224792e-04,-1.510025653988122940e-02,1.949956989847123623e-03,-1.657216995954513550e-02,3.154100477695465088e-02,6.211688742041587830e-05,2.121132612228393555e-02,-3.572018817067146301e-02,1.456143148243427277e-02,-6.903702160343527794e-04,7.300428580492734909e-03,8.548926562070846558e-03,-7.310285000130534172e-04,-1.443001069128513336e-02,-3.292092587798833847e-03,2.249925024807453156e-02,5.437537911348044872e-04,-5.355400033295154572e-03,-1.351170707494020462e-03,7.017873693257570267e-03,1.657216995954513550e-02,3.188269957900047302e-02,2.140845730900764465e-02,-3.063748823478817940e-03,-1.824121549725532532e-02,-4.934853408485651016e-03,-2.518023736774921417e-02,-3.761922009289264679e-03,9.350594133138656616e-03,1.764982193708419800e-02,-2.383974380791187286e-02,8.568639867007732391e-03,-5.367720732465386391e-04,3.252666210755705833e-03,9.390020743012428284e-03,-2.815691987052559853e-03,6.774745415896177292e-03,1.032310817390680313e-02,8.305798284709453583e-03,1.573107764124870300e-02,1.167674362659454346e-02,-1.509697060100734234e-03,-2.886002138257026672e-02,-5.698326276615262032e-05,-3.280593082308769226e-03,2.356375940144062042e-02,1.904288306832313538e-02,1.792580448091030121e-02,-2.165815792977809906e-02,1.227470859885215759e-02,1.109849195927381516e-02,7.977246306836605072e-03,-9.245457127690315247e-03,1.642760820686817169e-02,-1.864862069487571716e-02,-2.390216832282021642e-04,-1.816236227750778198e-02,-1.247676787897944450e-03,1.886094687506556511e-04,2.097476832568645477e-02,1.845148764550685883e-02,5.821944214403629303e-03,1.213671639561653137e-02,3.062105923891067505e-02,-5.644525866955518723e-03,1.219585537910461426e-02,-2.316949702799320221e-02,4.675954207777976990e-02,2.019938640296459198e-02,9.712001308798789978e-03,6.689321715384721756e-03,-1.182130631059408188e-02,3.642986342310905457e-02,1.316179893910884857e-02,7.694691419601440430e-03,-2.378717623651027679e-02,1.478484645485877991e-02,3.098903782665729523e-02,8.075811900198459625e-03,-1.669044978916645050e-02,-2.796635963022708893e-02,1.015226170420646667e-02,3.252666210755705833e-03,2.679671347141265869e-02,2.119161421433091164e-03,3.261865675449371338e-02,-2.636302448809146881e-02,4.765320196747779846e-02,4.247521981596946716e-02,-2.602132968604564667e-02,3.468278737273067236e-04,4.327031783759593964e-03,2.967482991516590118e-02,-5.559102166444063187e-03,8.897191844880580902e-03,-6.229348480701446533e-03,-1.165703032165765762e-02,3.932769410312175751e-03,-1.436430029571056366e-02,3.832232207059860229e-02,-1.460085716098546982e-02,-3.834860771894454956e-02,1.065823156386613846e-02,4.892141558229923248e-03,2.828176878392696381e-02,-1.209071930497884750e-02,-8.599852444604039192e-04,2.640245109796524048e-02,-4.836287815123796463e-03,1.989711821079254150e-02,1.747897476889193058e-03,-1.866176165640354156e-02,-3.372259065508842468e-02,1.328007783740758896e-02,-1.988397538661956787e-02,3.965624608099460602e-03,-1.121676992624998093e-02,2.666200743988156319e-03,1.902974024415016174e-02,-1.687443815171718597e-02,-8.121808990836143494e-03,1.083564944565296173e-02,-2.907029353082180023e-02,8.419148507528007030e-04,-1.583621278405189514e-02,-1.727978960843756795e-04,1.007340848445892334e-02,4.744293168187141418e-03,-8.634350262582302094e-03,-1.112477574497461319e-02,3.291681932751089334e-04,1.853034086525440216e-02,8.667205460369586945e-03,-1.771553233265876770e-02,-2.618560567498207092e-03,-2.015995979309082031e-02
-2.776019275188446045e-02,-1.947462558746337891e-03,-3.024215437471866608e-02,-5.962101742625236511e-03,2.414516359567642212e-02,1.394754182547330856e-02,1.718993997201323509e-03,-1.939706504344940186e-02,-1.977475360035896301e-02,9.691787883639335632e-03,-1.245701592415571213e-02,1.679370366036891937e-02,-1.760303787887096405e-02,-8.963386528193950653e-03,-7.331226952373981476e-03,2.686992473900318146e-02,1.277400553226470947e-02,3.598168957978487015e-03,1.753559336066246033e-02,-8.531740866601467133e-03,-2.967562060803174973e-03,-5.479872925207018852e-04,1.890134648419916630e-03,-1.567412354052066803e-02,-1.100021321326494217e-02,-2.490391489118337631e-03,2.668108046054840088e-02,-3.574563190340995789e-02,1.309099514037370682e-02,-1.818306185305118561e-02,-4.066908732056617737e-03,1.125481561757624149e-03,-7.911250926554203033e-03,-2.916304022073745728e-02,-3.350647166371345520e-02,-1.037972234189510345e-02,-2.008499950170516968e-02,1.226817071437835693e-02,1.081136800348758698e-02,-1.291563920676708221e-02,2.767926082015037537e-02,6.525264121592044830e-03,2.975655347108840942e-02,-9.253397583961486816e-03,-1.400149706751108170e-02,-1.552068628370761871e-03,-9.138742461800575256e-03,-2.153168665245175362e-03,-2.034128829836845398e-02,9.158975444734096527e-03,1.477036532014608383e-02,9.737312793731689453e-04,-4.539020825177431107e-03,-3.264318034052848816e-02,-1.617321372032165527e-02,1.112161297351121902e-02,-6.855742540210485458e-03,1.001552212983369827e-02,-1.225468236953020096e-02,-7.435766165144741535e-04,1.896541938185691833e-02,1.243678294122219086e-02,-1.652392558753490448e-02,1.019762177020311356e-02,-1.446012035012245178e-02,1.478385459631681442e-02,-1.649694703519344330e-02,7.965206168591976166e-03,7.412160746753215790e-03,-1.390707492828369141e-02,2.948677539825439453e-02,4.394689574837684631e-02,-4.764960147440433502e-03,2.313349395990371704e-03,1.159372553229331970e-02,-4.758890345692634583e-02,1.734674908220767975e-02,-2.924397401511669159e-02,-1.798072829842567444e-02,-2.291430020704865456e-03,4.206856247037649155e-04,-2.813788317143917084e-02,-2.627641335129737854e-02,-1.218723785132169724e-02,-6.150946486741304398e-03,2.659003017470240593e-03,3.648752346634864807e-03,2.676201425492763519e-02,1.075741183012723923e-02,-5.398939363658428192e-03,3.105149045586585999e-02,2.059757895767688751e-02,2.492077648639678955e-03,2.802997268736362457e-02,-3.841643780469894409e-02,-5.152766592800617218e-03,-1.968033239245414734e-02,2.423958666622638702e-02,1.834492944180965424e-02,-2.115062437951564789e-02,-1.448709797114133835e-02,5.506850779056549072e-03,2.112364582717418671e-02,-8.545229211449623108e-03,6.929931696504354477e-04,-2.011534990742802620e-03,-1.112835761159658432e-02,-6.862487178295850754e-03,2.454983070492744446e-02,-1.799421757459640503e-02,-1.116207987070083618e-02,5.767861381173133850e-02,-1.054158993065357208e-02,-1.431174203753471375e-02,1.853377372026443481e-02,-1.414987538009881973e-02,-1.118905749171972275e-02,2.030082279816269875e-03,1.203042920678853989e-03,3.174954093992710114e-03,-7.081681862473487854e-03,5.766512360423803329e-03,2.357862889766693115e-02,-3.013424389064311981e-02,-4.802054725587368011e-03,1.563365571200847626e-02,-2.919001877307891846e-02,-1.017064414918422699e-02,-1.443314272910356522e-02,-1.285493932664394379e-02,1.598436757922172546e-02,-7.317738141864538193e-03,1.145883556455373764e-02,-1.717139221727848053e-02,8.234984241425991058e-03,2.628990076482295990e-02,6.837195251137018204e-04,-1.980173215270042419e-02,-2.523776516318321228e-02,-2.386189624667167664e-02,6.703992374241352081e-03,1.345519628375768661e-02,-2.937886305153369904e-02,-1.428476441651582718e-02,2.329536154866218567e-02,1.938357576727867126e-02,2.721389289945363998e-03,2.137993462383747101e-02,1.245701592415571213e-02,-1.837190613150596619e-02,2.398329600691795349e-02,-1.371148508042097092e-02,2.784112654626369476e-02,-2.740948088467121124e-02,2.463076449930667877e-02,8.140562102198600769e-03,-1.270487438887357712e-03,2.244555950164794922e-02,-9.125253185629844666e-03,-1.291563967242836952e-03,7.978695444762706757e-03,-6.535381078720092773e-03,1.810212805867195129e-02,1.521549932658672333e-02,2.449587546288967133e-02,2.565592154860496521e-02,1.876308582723140717e-02,-1.392056327313184738e-02,-5.901401862502098083e-03,-3.008028725162148476e-03,1.006947737187147141e-02,3.293993696570396423e-02,-3.981928527355194092e-02,1.023808866739273071e-02,-1.571458950638771057e-02,3.126731142401695251e-02,-1.282121706753969193e-02,8.686862885951995850e-03,-3.569167852401733398e-02,7.567283231765031815e-03,-3.296691551804542542e-02,1.887099631130695343e-02,5.511571839451789856e-02,2.258044853806495667e-02,-1.822352781891822815e-02,-1.121603511273860931e-02,1.120929140597581863e-02,2.314698323607444763e-02,1.296959444880485535e-02,1.289540622383356094e-02,2.182506956160068512e-02,3.002970479428768158e-03,1.455454248934984207e-02,-1.263911649584770203e-02,-6.271807551383972168e-01,2.053013257682323456e-02,-2.263440378010272980e-02,-1.680719293653964996e-02,2.328187227249145508e-02,-8.333622245118021965e-04,2.824579551815986633e-02,2.660014666616916656e-02,1.033588312566280365e-03,-1.364404056221246719e-02,-2.442843094468116760e-02,3.426185250282287598e-02,4.141097888350486755e-03,-1.736023835837841034e-02,1.261213887482881546e-02,-1.794026046991348267e-02,-3.453162964433431625e-03,-1.062252279371023178e-02,-2.008499950170516968e-02,7.931483909487724304e-03,-1.494572125375270844e-02,2.867743931710720062e-02,-6.491541862487792969e-04,-5.567551124840974808e-03,1.513456646353006363e-02,-1.108789071440696716e-02,8.740819059312343597e-03,1.419708598405122757e-03,-9.698532521724700928e-03,-1.927439880091696978e-04,-3.088962286710739136e-02,1.980173215270042419e-02,-2.592570148408412933e-02,1.684765890240669250e-02,3.458558768033981323e-02,-4.407504107803106308e-03,-1.945102028548717499e-02,3.172593563795089722e-02,2.267487160861492157e-02,3.507118672132492065e-02,-2.647874690592288971e-02,6.360867992043495178e-04,9.287119843065738678e-03,-1.029204484075307846e-02,1.454105414450168610e-02,1.935659721493721008e-02,5.675462540239095688e-03,6.724225822836160660e-03,1.780537143349647522e-02,-6.057367427274584770e-04,1.132394652813673019e-02,-2.812439342960715294e-03,-2.227020449936389923e-02,9.462475776672363281e-03,-5.881168413907289505e-03,3.180012572556734085e-03,2.945979684591293335e-02,-3.361438587307929993e-02,5.405684001743793488e-03,-5.925007164478302002e-03,1.254469435662031174e-02,3.458558768033981323e-02,-3.407638054341077805e-03,-8.315918035805225372e-03,-1.195118110626935959e-02,9.280376136302947998e-03,-4.758215975016355515e-03,2.711272612214088440e-02,1.289540622383356094e-02,-4.225403536111116409e-03,-9.921099059283733368e-03,2.209484763443470001e-02,-2.110936748067615554e-06,-5.881168413907289505e-03,-6.687131244689226151e-03,9.590621106326580048e-03,1.429825369268655777e-02,-1.431174203753471375e-02,-7.938228547573089600e-03,2.513997023925185204e-03,-7.992183789610862732e-03,-3.310180455446243286e-02,-1.082485727965831757e-02,5.827212706208229065e-03,2.298511564731597900e-02,-4.835776984691619873e-03,-1.873610727488994598e-02,-2.805694937705993652e-02,2.621908439323306084e-03,-1.334054023027420044e-02,-1.312471739947795868e-02,1.348891854286193848e-02,1.601134613156318665e-02,-2.811090461909770966e-02,2.579081244766712189e-02,-6.516833673231303692e-04,-1.901937462389469147e-02,2.069200016558170319e-02,1.562016736716032028e-02,-3.134487429633736610e-03,-2.615501172840595245e-02,1.087206788361072540e-02,5.722673609852790833e-03,1.451407559216022491e-02,4.292848054319620132e-03,9.145486168563365936e-03,9.307353757321834564e-04,-2.175762504339218140e-02,2.182506956160068512e-02,-5.989079549908638000e-02,8.140562102198600769e-03,-1.137115806341171265e-02,1.399475266225636005e-03,-1.439267583191394806e-02,-2.674177987501025200e-03,-2.647874690592288971e-02,5.584412254393100739e-03,7.648216560482978821e-03,1.663183607161045074e-02,-1.284819468855857849e-02,-1.404196396470069885e-02,5.749651230871677399e-03,-2.240509353578090668e-02,-3.164500370621681213e-02,1.139139104634523392e-02,1.512107718735933304e-02,-7.337971590459346771e-03,-1.749512739479541779e-02,2.642141887918114662e-03,-2.657316811382770538e-02,-2.776019275188446045e-02,-2.222973667085170746e-02,3.617727756500244141e-02,-1.106091309338808060e-02,4.858708381652832031e-02,-7.317738141864538193e-03,6.353280507028102875e-03,-2.228369191288948059e-02,3.917181864380836487e-02,-1.883053034543991089e-02,7.054704241454601288e-03,2.535916678607463837e-02,3.900995105504989624e-02,-1.953195407986640930e-02,-5.597901064902544022e-03,-3.938763961195945740e-02,-2.695085853338241577e-02,-1.477036532014608383e-02,-4.381200671195983887e-02,6.218391470611095428e-03,1.634856872260570526e-02,-3.038378898054361343e-03,-3.280504792928695679e-02,-1.781886070966720581e-02,-9.327586740255355835e-03,-3.043437143787741661e-03,-1.272679399698972702e-02,-3.594796638935804367e-03,-6.791670341044664383e-03,1.753559336066246033e-03,1.634856872260570526e-02,2.202740311622619629e-02,-4.034029552713036537e-04,-1.135092508047819138e-02,1.245701592415571213e-02,-4.579487722367048264e-03,-1.467594318091869354e-02,-1.371822971850633621e-02,-3.151348559185862541e-03,-5.284283775836229324e-03,5.975590553134679794e-03,9.152230806648731232e-03,-1.845283992588520050e-02,1.594390161335468292e-02,-6.828764919191598892e-03,-3.598168957978487015e-03,-2.535916678607463837e-02,-6.491541862487792969e-03,-1.772443763911724091e-02,3.882110491394996643e-02,8.761052042245864868e-03,-9.388286620378494263e-03,-2.546707727015018463e-02,-2.559522166848182678e-03,-4.677282180637121201e-03,-4.697515629231929779e-03,5.554061848670244217e-03,1.869564130902290344e-02,-7.654961198568344116e-03,-3.547585569322109222e-03,2.017942070960998535e-02,-2.031768206506967545e-03,1.224119332619011402e-03,1.499967742711305618e-02,9.125253185629844666e-03,6.719167577102780342e-04,1.158360857516527176e-03,1.419034227728843689e-02,1.152628101408481598e-02,3.280504792928695679e-02,-5.999196320772171021e-03,-5.614762194454669952e-03,3.598843514919281006e-02,-1.406219671480357647e-03,2.765228226780891418e-02,-3.725639358162879944e-02,1.995011046528816223e-02,3.747390001080930233e-04,2.312000654637813568e-02,-3.314901608973741531e-03,-1.847981847822666168e-02,-2.143389172852039337e-02,-2.496798709034919739e-02,1.085183490067720413e-02,-8.680119179189205170e-03,5.003545666113495827e-04,-7.944973185658454895e-03,-1.347542926669120789e-02,-2.148784697055816650e-02,1.195118110626935959e-02,1.042018923908472061e-02,-2.746343798935413361e-02,1.050112303346395493e-02,-6.302697118371725082e-03,-1.660485751926898956e-02,1.897890865802764893e-02,1.232887152582406998e-02,3.578778705559670925e-04,4.077025689184665680e-03,4.815544001758098602e-03,-1.919472962617874146e-02,1.771095022559165955e-02,-1.363729592412710190e-02,9.855340467765927315e-04,-1.004924438893795013e-02,-1.375869661569595337e-02,3.083566762506961823e-02,-3.431580960750579834e-02,4.454715177416801453e-03,-1.717139221727848053e-02,1.340124011039733887e-02,2.282324992120265961e-02,-4.805427044630050659e-03,-7.155871018767356873e-03,1.119580212980508804e-02,1.367101818323135376e-02,1.977475360035896301e-02,4.950433038175106049e-03,-1.224793773144483566e-02,1.245027128607034683e-02,-4.913338460028171539e-03,2.368653938174247742e-02,-2.519729919731616974e-02,1.834492944180965424e-02,2.082351827993988991e-03,-3.871319442987442017e-02,-1.034600008279085159e-02,1.437918655574321747e-02,1.611925661563873291e-02,-2.456669230014085770e-03,2.834358951076865196e-03,-5.972218699753284454e-03,1.961288787424564362e-02,-3.908413928002119064e-03,2.873139642179012299e-02,1.466245390474796295e-02,2.808392792940139771e-02,-1.572807878255844116e-02,-2.225671429187059402e-03,-4.392328846734017134e-04,-1.730628125369548798e-02,-5.904773715883493423e-03,1.459500938653945923e-02,-3.435458929743617773e-04,-1.446012035012245178e-02,-5.331494845449924469e-03,-2.025023801252245903e-03,1.230863761156797409e-02,3.269713744521141052e-02,1.284145005047321320e-02,-2.275580540299415588e-02,-2.476565353572368622e-02,7.499838713556528091e-03,1.168814767152070999e-02,-2.278278209269046783e-02,-1.908681914210319519e-02,-3.353345021605491638e-02,-8.214751258492469788e-03,-2.585825696587562561e-02,-2.816486172378063202e-02,-1.088555715978145599e-02,1.199164800345897675e-02,-3.658869070932269096e-03,-3.304785059299319983e-04,1.646491116844117641e-03,-2.252649283036589622e-03,2.312000654637813568e-02,-4.673910327255725861e-03,4.542393144220113754e-03,1.787281595170497894e-02,5.753023549914360046e-03,-1.083160098642110825e-02,1.168140303343534470e-02,-1.160046923905611038e-02,2.461727522313594818e-02,1.675323583185672760e-02,-6.516833673231303692e-04,7.176104467362165451e-03,-1.447360962629318237e-02,1.626763492822647095e-02,-1.537736691534519196e-02,2.276255050674080849e-03,-9.914354421198368073e-03,4.178192466497421265e-03,-6.717481184750795364e-03,-1.815608330070972443e-02,-2.272882685065269470e-02,-4.377154167741537094e-03,-1.957242004573345184e-02,2.972620306536555290e-03,6.177924573421478271e-03,-3.064682148396968842e-02,-2.670805715024471283e-02,1.498618815094232559e-02,9.296562522649765015e-02,2.606059052050113678e-02,9.415265172719955444e-03,1.959939859807491302e-02,4.109904693905264139e-04,2.073246799409389496e-02,-9.664810262620449066e-03,-1.315843965858221054e-02,-2.117127878591418266e-04,-1.831795088946819305e-02,-2.333582751452922821e-02,2.972620306536555290e-03,2.051664516329765320e-02,-1.281447242945432663e-02,2.104271203279495239e-03,3.512514382600784302e-02,-6.424097344279289246e-03,-4.245636984705924988e-03,-2.593244425952434540e-03,-5.031366366893053055e-03,-2.655968070030212402e-02,1.105416845530271530e-02,-1.147232484072446823e-02,1.651043631136417389e-02,-2.178460359573364258e-03,-4.768332466483116150e-03,2.881232835352420807e-02,3.798479214310646057e-02,1.965335384011268616e-02,-7.562224636785686016e-04,1.992313191294670105e-02,2.382480073720216751e-03,1.263911649584770203e-02,2.740948088467121124e-02,-1.359008532017469406e-02,-1.471641007810831070e-02,8.160795085132122040e-03,4.521485418081283569e-02,4.043303430080413818e-03,-6.683758925646543503e-03,1.027855556458234787e-02,2.252649329602718353e-02,9.219675324857234955e-03,-2.113713510334491730e-02,-1.470292080193758011e-02,-6.056524347513914108e-03,-1.462198700755834579e-02,2.154180221259593964e-02,-2.970259822905063629e-02,-4.157284647226333618e-02,5.373984947800636292e-02,-2.183855883777141571e-02,-4.092537611722946167e-02,-7.275585085153579712e-04,-9.199442341923713684e-03,2.952808572445064783e-04,8.585696108639240265e-03,-4.633443430066108704e-03,-2.643828047439455986e-03,-2.250963123515248299e-03,-2.011197619140148163e-02,-4.478320851922035217e-02,1.102719083428382874e-02,-6.009312812238931656e-03,-1.651043631136417389e-02,-5.210094619542360306e-03,-1.138127525337040424e-03,1.263237185776233673e-02,-1.352938450872898102e-02,-1.234235987067222595e-02,1.546167302876710892e-03,1.193094812333583832e-02,-4.162679985165596008e-02,7.182849105447530746e-03,4.157284647226333618e-02,1.826399564743041992e-02,1.066298969089984894e-02,3.367171157151460648e-03,-3.173267934471368790e-03,5.489989649504423141e-03,1.741419360041618347e-02,-2.275580540299415588e-02,1.176233682781457901e-02,-1.382614113390445709e-02,-1.553923357278108597e-02,3.167197853326797485e-02,-2.688341401517391205e-02,-2.569638937711715698e-02,-1.845283992588520050e-02,6.535381078720092773e-03,-1.898565213195979595e-03,-5.854190327227115631e-03,2.406422980129718781e-02,-6.390375085175037384e-03,1.617321372032165527e-02,7.412160746753215790e-03,1.265260484069585800e-02,-6.866702460683882236e-04,1.192420348525047302e-02,-1.522898860275745392e-02,-2.267487160861492157e-02,1.421731989830732346e-02,1.661086571402847767e-05,-4.592976532876491547e-03,8.511506952345371246e-03,-1.756931538693606853e-03,-3.331762924790382385e-02,7.789850234985351562e-03,-5.574295297265052795e-03,-1.927566342055797577e-02,1.023808866739273071e-02,-1.997708715498447418e-02,1.339407463092356920e-04,-1.626763492822647095e-02,-2.838068455457687378e-02,1.847981847822666168e-02,-1.203885953873395920e-02,2.291767112910747528e-02,2.981050871312618256e-02,-1.532341074198484421e-02,1.202537026256322861e-02,-3.650101274251937866e-02,3.779594972729682922e-02,1.584947854280471802e-02,-2.066502347588539124e-02,1.373846270143985748e-02,3.370543476194143295e-03,-3.739128261804580688e-02,1.617321372032165527e-02,2.925409236922860146e-03,-2.036826685070991516e-02,1.587645709514617920e-02,6.046407390385866165e-03,7.553793955594301224e-03,-1.062252279371023178e-02,-3.909088671207427979e-02,-9.961565956473350525e-03,5.216839257627725601e-03,6.533694977406412363e-05,1.928915269672870636e-02,-1.346193999052047729e-02,1.750861667096614838e-02,-2.537602791562676430e-03,-2.160924673080444336e-02,-9.738998487591743469e-03,-4.551161080598831177e-02,5.901401862502098083e-03,8.504763245582580566e-03,3.145615756511688232e-02,2.951375208795070648e-02,-1.610576920211315155e-02,1.897890865802764893e-02,-1.240306068211793900e-02,2.183855883777141571e-02,8.511506952345371246e-03,-9.475965052843093872e-03,-2.646525762975215912e-02,-1.226817071437835693e-02,2.566941082477569580e-02,2.753425389528274536e-03,3.774199262261390686e-02,9.212930686771869659e-03,4.360292572528123856e-03,9.246652945876121521e-03,-4.758215975016355515e-03,1.157517777755856514e-03,5.921634845435619354e-03,-1.168140303343534470e-02,-1.858772896230220795e-02,3.458558768033981323e-02,1.923519745469093323e-02,-1.386660803109407425e-02,1.129022426903247833e-02,-3.088962286710739136e-03,-2.362246857956051826e-03,6.333047058433294296e-03,1.145209185779094696e-02,-4.309709183871746063e-03,-1.729279384016990662e-02,-3.981928527355194092e-02,-8.963386528193950653e-03,-1.738721504807472229e-02,6.393747404217720032e-03,9.988543577492237091e-03,-2.512985467910766602e-02,-1.381265185773372650e-02,1.725232601165771484e-02,-1.118905749171972275e-02,1.291563920676708221e-02,-6.113852374255657196e-03,3.296691551804542542e-02,-1.729279384016990662e-02,3.218455985188484192e-02,-1.467594318091869354e-02,-7.985439151525497437e-03,8.077543316176161170e-05,9.509687311947345734e-03,4.044567758683115244e-04,2.549405582249164581e-02,3.633914515376091003e-02,1.521549932658672333e-02,8.727329783141613007e-03,-9.995288215577602386e-03,-3.825457021594047546e-02,-1.860121823847293854e-02,2.407771907746791840e-02,-1.721186004579067230e-02,2.974306466057896614e-03,-9.395031258463859558e-03,-2.507589943706989288e-02,-2.038175612688064575e-02,8.133817464113235474e-03,-2.731505967676639557e-02,-4.575441032648086548e-02,3.917181864380836487e-02,1.777839474380016327e-02,-3.825457021594047546e-02,-5.786745809018611908e-03,-8.882452733814716339e-03,4.802054725587368011e-03,6.491541862487792969e-03,-1.251097116619348526e-02,2.004453167319297791e-02,-1.127673592418432236e-02,7.020981982350349426e-03,2.750053303316235542e-03,5.897186347283422947e-04,-4.359618201851844788e-02,-1.862819679081439972e-02,-6.093618925660848618e-03,2.652258612215518951e-03,2.309302799403667450e-02,3.776897117495536804e-02,-1.930264197289943695e-02,4.272614605724811554e-03,9.320842102169990540e-03,8.909430354833602905e-03,-2.981050871312618256e-02,-3.741825744509696960e-02,-2.183518605306744576e-03,-1.969381980597972870e-02,-8.063843706622719765e-04,1.850679516792297363e-02,-6.751203443855047226e-03,1.267283875495195389e-02,-3.513863077387213707e-03,-1.247724983841180801e-03,2.270185016095638275e-02,-2.848859503865242004e-02,-1.456803176552057266e-02,-1.937008649110794067e-02,-1.034600008279085159e-02,-3.847039490938186646e-02,2.005802094936370850e-02,3.932019695639610291e-03,-1.093276776373386383e-02,1.315843965858221054e-02,-4.562626592814922333e-03,-8.012417703866958618e-03,2.750390395522117615e-02,-1.033925544470548630e-02,3.210362419486045837e-02,5.075205583125352859e-03,-3.998115286231040955e-02,3.228909801691770554e-03,1.372497435659170151e-02,-2.214880287647247314e-02,-1.866866275668144226e-02,4.191681277006864548e-03,2.471169829368591309e-02,-8.147306740283966064e-03,-1.767048239707946777e-02,-1.455454248934984207e-02,2.511636540293693542e-02,1.582250185310840607e-02,-3.942136187106370926e-03,-6.967026274651288986e-03,1.019762177020311356e-02,-4.621303454041481018e-02,-2.283673919737339020e-02,2.604710124433040619e-02,5.466383881866931915e-03,4.070955514907836914e-02,6.380258128046989441e-03,-2.488705329596996307e-02,-6.484797224402427673e-03,-3.011401044204831123e-03,-2.093480154871940613e-02,2.407771907746791840e-02,9.239909122698009014e-04,-1.730628125369548798e-02,-1.132226083427667618e-03,-7.189593277871608734e-03,9.550154209136962891e-03,-6.960281636565923691e-03,-1.374183571897447109e-03,-1.535207498818635941e-03,3.415394201874732971e-02,-2.541312202811241150e-02,2.386189624667167664e-02,-2.009848877787590027e-02,7.843805477023124695e-03,-9.813187643885612488e-03,4.380526021122932434e-03,2.043571136891841888e-02,2.706214145291596651e-04,3.810619469732046127e-03,-2.929793111979961395e-02,-1.738721504807472229e-02,3.032308816909790039e-02,-1.797398319467902184e-03,1.841237302869558334e-03,4.289476200938224792e-03,-2.262091636657714844e-02,4.059321363456547260e-04,4.528904333710670471e-03,2.345722913742065430e-02,-2.241858281195163727e-02,-3.547585383057594299e-02,2.808392792940139771e-02,1.638903515413403511e-03,-1.435220893472433090e-02,1.563365571200847626e-02,-1.706348173320293427e-02,-1.075741183012723923e-02,6.552242208272218704e-03,-1.211979333311319351e-02,8.329407311975955963e-03,-1.221421547234058380e-02,-2.136644721031188965e-02,2.040873281657695770e-02,-9.327586740255355835e-03,-3.334460407495498657e-02,-2.875837311148643494e-02,1.810887246392667294e-03,-1.923519745469093323e-02,-5.486617330461740494e-03,6.349908187985420227e-03,-7.654961198568344116e-03,-1.756257191300392151e-02,4.545765463262796402e-03,-4.518787376582622528e-03,-6.353280507028102875e-03,-2.460041549056768417e-03,-1.425778679549694061e-02,4.839149303734302521e-03,7.081681862473487854e-03,-6.150946486741304398e-03,-3.237340226769447327e-02,-4.216635972261428833e-02,-1.173957425635308027e-04,4.016999900341033936e-02,8.457551710307598114e-03,5.318006034940481186e-03,-6.919815205037593842e-03,-5.361844785511493683e-03,-5.605994537472724915e-02,-1.787281711585819721e-03,2.178460359573364258e-03,8.336151018738746643e-03,3.449790878221392632e-03,2.120457962155342102e-02,1.501316577196121216e-02,1.214002631604671478e-02,9.772721678018569946e-03,2.128551341593265533e-02,-2.951375208795070648e-02,-2.009848877787590027e-02,1.276051625609397888e-02,-1.957242004573345184e-02,-2.249277196824550629e-03,1.606530137360095978e-02,-1.151953637599945068e-02,-1.070345658808946609e-02,2.749041467905044556e-02,-2.175762504339218140e-02,1.047414541244506836e-02,8.518251590430736542e-03,1.111486833542585373e-02,5.368589423596858978e-03,-3.871319582685828209e-03,1.460175379179418087e-03,-6.444330792874097824e-03,-8.039395324885845184e-03,4.690771456807851791e-03,-2.387538552284240723e-02,2.084037754684686661e-03,-1.630810275673866272e-02,-3.184649394825100899e-04,-2.252649329602718353e-02,-5.409056320786476135e-03,1.068322360515594482e-02,7.520071696490049362e-03,-2.854255028069019318e-02,2.495449967682361603e-03,-1.187699288129806519e-02,-2.395631931722164154e-02,-1.545829977840185165e-02,3.906390815973281860e-02,6.046407390385866165e-03,-2.642478980123996735e-02,4.839149303734302521e-03,-1.406219671480357647e-03,-5.166255868971347809e-03,3.448104718700051308e-03,-2.583127934485673904e-03,8.742504869587719440e-04,-3.561917401384562254e-04,-1.092602405697107315e-02,-6.070013158023357391e-03,-2.548931297496892512e-05,-7.101915311068296432e-03,1.116207987070083618e-02,-2.731505967676639557e-02,1.972079835832118988e-02,-3.564446698874235153e-03,5.786745809018611908e-03,-2.166320197284221649e-02,1.502665504813194275e-02,2.824579551815986633e-02,-8.835241198539733887e-03,6.454447284340858459e-03,2.170366980135440826e-02,6.238624453544616699e-03,-2.062455564737319946e-02,-8.572207763791084290e-03,-1.721523236483335495e-03,-2.732854895293712616e-02,-1.792677305638790131e-02,-1.106934389099478722e-03,4.505298566073179245e-03,-1.757606118917465210e-02,-2.397655276581645012e-03,-2.913606353104114532e-03,-3.177989274263381958e-02,4.380526021122932434e-03,1.986647844314575195e-01,2.753425389528274536e-03,5.722673609852790833e-03,2.444192022085189819e-02,1.065624505281448364e-02,1.932287472300231457e-03,1.462198700755834579e-02,2.557498961687088013e-02,-7.783105596899986267e-03,-4.417620657477527857e-04,-3.758012503385543823e-02,-7.135637570172548294e-03,-1.841237396001815796e-02,-7.739266729913651943e-04,5.918262992054224014e-03,-6.096991151571273804e-02,-3.345251828432083130e-02,-3.277806937694549561e-02,-3.534096479415893555e-02,-1.699603721499443054e-02,1.756257191300392151e-02,-1.265934947878122330e-02,-8.653140626847743988e-03,-2.338978461921215057e-02,9.685043245553970337e-03,-7.351460400968790054e-03,2.153168665245175362e-03,1.752210408449172974e-02,-3.482880856608971953e-05,1.522898860275745392e-02,-1.981522142887115479e-02,-1.537736691534519196e-02,-5.277539137750864029e-03,-2.073246799409389496e-02,-1.552574522793292999e-02,-1.309773977845907211e-02,3.677079081535339355e-02,-1.187024824321269989e-02,-2.466785954311490059e-03,1.927566342055797577e-02,6.252113729715347290e-03,-3.844341728836297989e-03,2.500845491886138916e-02,-4.768332466483116150e-03,-1.489682355895638466e-03,1.498618815094232559e-02,-4.539020825177431107e-03,-2.792206034064292908e-02,-1.349566224962472916e-02,-8.201261982321739197e-03,-1.981522142887115479e-02,1.144028850831091404e-03,2.365956269204616547e-02,1.218049321323633194e-02,1.594390161335468292e-02,-6.076757796108722687e-03,1.818896271288394928e-04,1.052135601639747620e-02,-8.430574089288711548e-03,4.218659363687038422e-03,-2.599989064037799835e-03,1.566063426434993744e-02,-1.556621119379997253e-02,2.280976064503192902e-02,5.606331396847963333e-04,1.854726299643516541e-02,-2.728808112442493439e-02,4.711004439741373062e-03,-6.862487178295850754e-03,-7.034470792859792709e-03,-1.651043631136417389e-02,-2.873139642179012299e-02,-1.479734294116497040e-02,1.525596622377634048e-02,1.475687604397535324e-02,-1.760303787887096405e-02,1.039995625615119934e-02,7.216571364551782608e-03,-2.074595540761947632e-02,2.170366980135440826e-02,-1.749512739479541779e-02,-2.411818504333496094e-02,-2.490054257214069366e-02,1.123626902699470520e-02,-3.985975403338670731e-03,2.775344997644424438e-03,3.142917901277542114e-02,-6.832979852333664894e-04,-2.664061263203620911e-02,1.626763492822647095e-02,2.070548944175243378e-02,1.996359974145889282e-02,-5.860934965312480927e-03,-6.488169543445110321e-03,-9.550154209136962891e-03,-5.135905463248491287e-03,-1.639746595174074173e-03,-5.449522752314805984e-03,-1.470292080193758011e-02,1.178931444883346558e-02,-2.016593329608440399e-02,6.407236214727163315e-03,8.504763245582580566e-03,7.607749663293361664e-03,-2.094829082489013672e-02,-1.002901047468185425e-02,3.874017298221588135e-02,3.369531780481338501e-02,8.572207763791084290e-03,-2.170366980135440826e-02,6.488169543445110321e-03,-2.198693715035915375e-02,3.996091894805431366e-03,5.887912586331367493e-03,3.714847937226295471e-02,-6.774809211492538452e-03,1.269981637597084045e-02,-3.569167852401733398e-02,2.699132449924945831e-02,1.204560417681932449e-02,1.071694586426019669e-02,3.655496751889586449e-03,-3.898297436535358429e-03,3.358740732073783875e-02,-5.011132918298244476e-03,-4.151214379817247391e-03,-2.970259822905063629e-02,1.583598926663398743e-02,-3.503746585920453072e-03,-1.075066812336444855e-02,5.186488851904869080e-03,-2.603361150249838829e-03,1.833144016563892365e-02,1.874959655106067657e-02,-9.017341770231723785e-03,-1.853377372026443481e-02,2.611791715025901794e-03,-1.115533523261547089e-02,-2.512985467910766602e-02,6.228507962077856064e-03,-6.457819603383541107e-03,1.537736691534519196e-02,1.051461137831211090e-02,6.167807616293430328e-03,3.557702060788869858e-03,8.349640294909477234e-03,3.606936708092689514e-02,6.788298022001981735e-03,-2.303907275199890137e-02,-3.318274021148681641e-02,1.885076286271214485e-03,-1.334728486835956573e-02,-3.151348559185862541e-03,-1.448709797114133835e-02,3.272411599755287170e-02,-1.641601324081420898e-02,-6.093618925660848618e-03,-2.940584160387516022e-02,-7.938228547573089600e-03,5.978962872177362442e-03,-4.429760575294494629e-02,1.292406930588185787e-03,2.035477757453918457e-02,-1.854726299643516541e-02,-1.908681914210319519e-02,7.223315536975860596e-03,-1.708236634731292725e-01,1.437918655574321747e-02,9.287119843065738678e-03,-1.989615522325038910e-02,3.499025478959083557e-02,-1.213328167796134949e-02,2.472518756985664368e-02,2.026035450398921967e-02,-3.861202858388423920e-03,3.500374266877770424e-03,1.021785568445920944e-02,6.744459271430969238e-03,-2.642141887918114662e-03,-1.027855556458234787e-02,-1.472989842295646667e-02,1.089904550462961197e-02,-4.154586791992187500e-02,5.537200719118118286e-03,5.147371068596839905e-02,1.071020122617483139e-02,2.040873281657695770e-02,7.310993503779172897e-03,2.501772833056747913e-04,-1.684765890240669250e-02,5.513595417141914368e-03,9.610854089260101318e-03,-1.366427447646856308e-02,-9.617598727345466614e-03,-1.219398248940706253e-02,-1.056182291358709335e-02,-4.690771456807851791e-03,-3.399207489565014839e-03,5.287655815482139587e-02,-4.724493715912103653e-03,8.990364149212837219e-03,2.388887479901313782e-02,7.047959603369235992e-03,1.189722586423158646e-02,2.166320197284221649e-02,-2.227779186796396971e-04,3.037704341113567352e-02,7.513327524065971375e-03,3.734744095709174871e-04,-2.359211817383766174e-02,-7.513327524065971375e-03,2.744994871318340302e-02,1.182978134602308273e-02,-1.000203285366296768e-02,2.722063660621643066e-02,-1.879006251692771912e-02,6.410608533769845963e-03,1.445000409148633480e-03,-1.199839264154434204e-02,-5.351728294044733047e-03,3.016459289938211441e-03,3.035006579011678696e-03,-2.802997268736362457e-02,5.921634845435619354e-03,-1.025157794356346130e-02,-1.037297770380973816e-02,-1.645648106932640076e-02,-1.630810275673866272e-02,1.217374857515096664e-02,-5.493361968547105789e-03,-6.946792826056480408e-03,-1.764350570738315582e-02,5.420859088189899921e-04,-1.811561733484268188e-02,-1.676672510802745819e-02,2.840766124427318573e-02,-3.016122058033943176e-02,-4.529578611254692078e-02,1.298982836306095123e-02,4.714376758784055710e-03,3.620425611734390259e-02,-2.596616744995117188e-02,-8.302428759634494781e-03,3.383020684123039246e-02,2.028733305633068085e-02,-9.246652945876121521e-03,-1.022460032254457474e-02,3.598843514919281006e-02,-1.572301989654079080e-04,1.661834679543972015e-02,2.282577916048467159e-04,7.840433972887694836e-04,-6.751203443855047226e-03,-9.374798275530338287e-03,2.275580540299415588e-02,-4.684026818722486496e-03,-1.308425096794962883e-03,-3.045797720551490784e-02,8.686862885951995850e-03,-1.472989842295646667e-02,3.744523599743843079e-02,3.455860912799835205e-02,7.358205039054155350e-03,5.281754420138895512e-04,-1.659137010574340820e-02,7.101915311068296432e-03,-9.064553305506706238e-03,-1.682068035006523132e-02,-2.689690329134464264e-02,-3.400893416255712509e-03,2.781414985656738281e-02,4.026442300528287888e-03,3.453163057565689087e-02,1.908681914210319519e-02,2.962166443467140198e-02,-1.525596622377634048e-02,-1.923519745469093323e-02,2.095840638503432274e-03,3.455860912799835205e-02,4.448645189404487610e-02,1.808863878250122070e-02,3.504420816898345947e-02,-7.667606696486473083e-04,1.298308372497558594e-03,2.290418371558189392e-02,6.764692254364490509e-03,5.886564031243324280e-02,9.651320986449718475e-03,-1.187699288129806519e-02,6.690503563731908798e-03,-2.326838299632072449e-02,-2.363258413970470428e-02,-1.262562721967697144e-01,-2.364607341587543488e-02,6.059896666556596756e-03,3.164500370621681213e-02,2.287720516324043274e-02,1.183652598410844803e-02,-2.132935216650366783e-03,1.574156805872917175e-02,-9.718765504658222198e-03,3.747221454977989197e-02,-1.136441342532634735e-02,-1.923519745469093323e-02,1.241654902696609497e-02,-1.369125209748744965e-03,2.182506956160068512e-02,-5.813723895698785782e-03,-4.474948626011610031e-03,-2.183855883777141571e-02,-3.809270635247230530e-02,2.472518756985664368e-02,-1.156000327318906784e-02,3.013087203726172447e-03,-4.684026818722486496e-03,-2.740948088467121124e-02,8.194517344236373901e-03,4.812171682715415955e-03,-6.724225822836160660e-03,4.255753476172685623e-03,1.996359974145889282e-02,3.077159402891993523e-03,1.149255782365798950e-02,6.946792826056480408e-03,3.898297436535358429e-03,-1.350915152579545975e-02,-9.624343365430831909e-03,-3.665613476186990738e-03,-2.169018052518367767e-02,6.451074965298175812e-03,3.372229635715484619e-03,-1.738721504807472229e-02,-9.138742461800575256e-03,1.986917667090892792e-02,-2.545358799397945404e-02,-9.206186980009078979e-03,1.563365571200847626e-02,-2.034128829836845398e-02,1.032576709985733032e-02,1.029878947883844376e-02,3.766106069087982178e-02,-6.761320400983095169e-03,-1.715790480375289917e-02,-2.241858281195163727e-02,-3.345251828432083130e-02,-5.139277782291173935e-03,4.825660493224859238e-03,-3.725639358162879944e-02,-5.402311682701110840e-03,2.540974877774715424e-03,-1.199839264154434204e-02,-1.040669996291399002e-02,-2.511636540293693542e-02,-6.192256696522235870e-04,3.911786247044801712e-03,1.777839474380016327e-02,2.032779902219772339e-02,-1.744117029011249542e-02,-1.239631604403257370e-02,-3.326367214322090149e-02,2.696434780955314636e-02,-2.986446395516395569e-02,-1.000203285366296768e-02,3.942136187106370926e-03,-2.009848877787590027e-02,2.999935485422611237e-02,-6.980515085160732269e-03,9.961565956473350525e-03,-1.477036532014608383e-02,-7.128893397748470306e-03,2.655630698427557945e-03,-1.852028444409370422e-02,-3.666288033127784729e-02,-1.182303670793771744e-02,1.865517348051071167e-02,1.017738878726959229e-02,3.561074286699295044e-02,1.058880053460597992e-02,-6.284992559812963009e-04,-1.116882450878620148e-02,-2.299860492348670959e-02,2.883256238419562578e-04,5.473128519952297211e-03,6.697247736155986786e-03,1.826399564743041992e-02,-9.846909902989864349e-03,-1.086532324552536011e-02,7.128893397748470306e-03,9.448987431824207306e-03,-8.680119179189205170e-03,-2.052001655101776123e-03,8.413712494075298309e-04,-2.544010058045387268e-02,-7.128893397748470306e-03,-3.080868907272815704e-02,4.370409622788429260e-02,-1.849330589175224304e-02,-1.479734294116497040e-02,1.603832282125949860e-02,-2.523776516318321228e-02,-1.363729592412710190e-02,-7.081681862473487854e-03,-9.314098395407199860e-03,2.605047309771180153e-03,-1.297633908689022064e-02,3.115940093994140625e-02,1.641601324081420898e-02,-1.147401053458452225e-03,-3.088962286710739136e-02,-4.414248280227184296e-03,8.025906048715114594e-03,4.218659363687038422e-03,-6.555614061653614044e-03,4.862755071371793747e-03,-1.932287472300231457e-03,7.830317132174968719e-03,-2.269510412588715553e-03,1.567412354052066803e-02,-2.539288951084017754e-03,2.517032064497470856e-02,-1.003575511276721954e-02,1.081811264157295227e-02,9.887376800179481506e-03,-3.625146811828017235e-03,1.815608330070972443e-02,-3.825457021594047546e-02,3.112567821517586708e-03,-5.065088625997304916e-03,2.035477757453918457e-02,-1.873610727488994598e-02,1.091759331757202744e-04,3.113242238759994507e-02,2.498147636651992798e-02,4.472925141453742981e-02,-3.180686756968498230e-02,-2.862348407506942749e-02,-2.102585043758153915e-03,-1.679370366036891937e-02,2.143051940947771072e-03,5.955357570201158524e-03,-2.200042642652988434e-02,1.965335384011268616e-02,1.611925661563873291e-02,1.098503824323415756e-03,4.615907743573188782e-02,4.405480623245239258e-02,-1.943753100931644440e-02,-9.691787883639335632e-03,-1.533690001815557480e-02,-1.039995625615119934e-02,3.771501407027244568e-02,7.803339045494794846e-03,6.953537464141845703e-03,-1.303703896701335907e-02,3.631216660141944885e-02,1.265260484069585800e-02,8.444062434136867523e-03,-1.107440143823623657e-02,-4.480849893298000097e-04,-5.624878685921430588e-03,1.265934947878122330e-02,2.508938871324062347e-02,-4.404974752105772495e-04,-1.033925544470548630e-02,5.763140507042407990e-03,1.360357366502285004e-02,2.266138233244419098e-02,1.346868462860584259e-02,2.235788153484463692e-03,-6.221763323992490768e-03,-9.357936796732246876e-04,-2.054362185299396515e-02,-1.275377254933118820e-02,4.624169669114053249e-04,1.140488032251596451e-02,1.343496236950159073e-02,-1.651043631136417389e-02,2.867743931710720062e-02,2.633711323142051697e-03,-1.311122812330722809e-02,8.106839843094348907e-03,-8.032650686800479889e-03,1.842586137354373932e-02,-1.326129306107759476e-03,7.169359829276800156e-03,4.321849346160888672e-02,2.503543160855770111e-02,-1.691510342061519623e-02,-2.767926082015037537e-02,-1.543638063594698906e-03,3.107509575784206390e-03,1.250422745943069458e-02,2.050315495580434799e-03,4.332640394568443298e-02,5.011132918298244476e-03,-3.621774492785334587e-03,4.249009303748607635e-03,-7.290760055184364319e-03,1.915426342748105526e-03,1.356310676783323288e-02,-1.853377372026443481e-02,-4.161331336945295334e-03,-1.734674908220767975e-02,6.723382393829524517e-04,-1.530992239713668823e-02,-1.145715010352432728e-03,-4.994271788746118546e-03,1.286168303340673447e-02,1.078439038246870041e-02,1.955893076956272125e-02,1.229514926671981812e-02,9.973369305953383446e-04,-1.053484529256820679e-02,5.692323297262191772e-02,7.722405716776847839e-03,1.332705095410346985e-02,8.410340175032615662e-03,-1.897890865802764893e-02,1.294261682778596878e-02,1.686114817857742310e-02,-2.036826685070991516e-02,-2.587174437940120697e-02,9.293864481151103973e-03,1.678021438419818878e-02,2.173064649105072021e-02,-1.057531218975782394e-02,-3.248131647706031799e-02,-2.174413576722145081e-02,1.981522142887115479e-02,2.440145239233970642e-02,4.835776984691619873e-03,3.347949311137199402e-02,-2.388887479901313782e-02,4.491809755563735962e-02,2.169018052518367767e-02,4.611523763742297888e-04,-6.980515085160732269e-03,5.277539021335542202e-04,2.735552564263343811e-02,-3.884386969730257988e-04,1.033925544470548630e-02,5.071833264082670212e-03,-1.394754182547330856e-02,4.582860041409730911e-03,-1.602483540773391724e-02,3.561074286699295044e-02,2.670805901288986206e-03,-4.599720984697341919e-02,-1.858772896230220795e-02,4.228775855153799057e-03,6.461191922426223755e-03,-4.319826140999794006e-03,1.760303857736289501e-03,2.631687931716442108e-02,-2.106969058513641357e-02,2.661363594233989716e-02,-1.752210408449172974e-02,-1.284145005047321320e-02,-1.910030841827392578e-02,1.746814884245395660e-02,-8.666629903018474579e-03,6.023644818924367428e-04,-2.365956269204616547e-02,1.690161414444446564e-02,1.512107718735933304e-02,-3.706754744052886963e-02,-3.473396413028240204e-03,2.849533921107649803e-03,-2.294464968144893646e-02,6.208274513483047485e-03,-9.523176588118076324e-03,1.707697100937366486e-02,6.339791696518659592e-03,2.070548944175243378e-02,2.011534990742802620e-03,-1.256998511962592602e-03,8.275451138615608215e-03,1.444663107395172119e-02,-4.474948626011610031e-03,-8.282195776700973511e-03,-1.382614113390445709e-02,-4.173471406102180481e-02
-2.951571159064769745e-02,-3.293608897365629673e-04,-1.596486382186412811e-02,-1.082574599422514439e-03,1.314021553844213486e-02,1.501916721463203430e-02,-6.514112465083599091e-03,-9.873826988041400909e-03,3.873003879562020302e-03,7.596687413752079010e-03,1.544224191457033157e-02,7.876663468778133392e-03,-6.439452525228261948e-03,-1.029068045318126678e-02,8.585936739109456539e-04,1.589020341634750366e-02,2.633020468056201935e-02,9.718284942209720612e-03,1.141058560460805893e-02,-2.773319603875279427e-03,3.476371057331562042e-04,-4.790703766047954559e-03,1.289134845137596130e-02,7.285602856427431107e-03,-1.447165850549936295e-02,-2.255985885858535767e-02,1.241227798163890839e-02,-3.058584406971931458e-02,-3.216615412384271622e-03,-4.370739217847585678e-03,-6.626103422604501247e-04,-9.985817596316337585e-03,-1.528047863394021988e-02,-2.345578372478485107e-02,-1.998407766222953796e-02,-2.409039624035358429e-02,-1.779404282569885254e-02,1.401125267148017883e-02,1.834155060350894928e-02,1.131725963205099106e-02,1.895127631723880768e-02,1.042755786329507828e-02,1.381215918809175491e-02,1.134214643388986588e-02,-4.088896885514259338e-02,2.059380337595939636e-02,6.738093681633472443e-03,-8.386841975152492523e-03,-2.824648655951023102e-02,1.691056229174137115e-02,1.627594977617263794e-02,-1.085879848687909544e-04,-2.161416225135326385e-02,-1.450898870825767517e-02,-2.745011076331138611e-02,-2.570803649723529816e-02,-7.273159455507993698e-03,6.427009124308824539e-03,1.590420259162783623e-03,-1.645015738904476166e-02,2.126574702560901642e-02,-8.100644685328006744e-03,-1.691056229174137115e-02,1.402369607239961624e-02,-1.856553182005882263e-02,-2.048181369900703430e-02,-1.060176547616720200e-02,1.266736723482608795e-02,5.618188995867967606e-03,-1.442188490182161331e-02,2.812205255031585693e-02,3.765368834137916565e-02,-2.723546233028173447e-03,-2.685282751917839050e-02,7.901550270617008209e-03,-4.847943410277366638e-02,2.147728390991687775e-02,-4.402470216155052185e-02,-9.239214472472667694e-03,-1.589020341634750366e-02,-6.968296132981777191e-03,-2.318202890455722809e-02,-2.608133666217327118e-02,1.613907143473625183e-02,-1.526647945865988731e-03,-1.445921510457992554e-02,-5.571526009589433670e-03,3.031208924949169159e-02,1.399103202857077122e-03,-1.452143210917711258e-02,2.869444899260997772e-02,2.372953668236732483e-02,-1.198920235037803650e-02,2.628043107688426971e-02,-2.971480600535869598e-02,4.600942134857177734e-03,-1.827622298151254654e-03,2.386641502380371094e-02,1.608929783105850220e-02,-3.733015805482864380e-02,1.924991793930530548e-02,-5.139118526130914688e-03,7.963767275214195251e-03,3.425042144954204559e-03,5.848391447216272354e-03,-1.761983521282672882e-02,-9.500524960458278656e-03,5.652408115565776825e-03,6.520334165543317795e-03,-2.804739214479923248e-02,-1.433478109538555145e-02,4.813101887702941895e-02,-8.760144002735614777e-03,-2.165149152278900146e-02,2.752477116882801056e-02,-2.474989555776119232e-02,-2.068090811371803284e-02,-1.958589069545269012e-02,-9.992038831114768982e-03,-2.115375595167279243e-03,-2.191591309383511543e-03,2.139018103480339050e-02,2.026716480031609535e-03,-2.314469777047634125e-02,-3.583695273846387863e-03,-6.787867285311222076e-03,-2.191280387341976166e-02,-1.234383881092071533e-02,-2.533473446965217590e-02,-7.023708167253062129e-05,4.210842028260231018e-02,-6.495447829365730286e-03,1.929969154298305511e-02,-1.443432830274105072e-02,1.626972807571291924e-03,-1.779987505869939923e-04,3.227814286947250366e-02,-7.770894560962915421e-03,-1.669902354478836060e-02,-2.412772551178932190e-02,9.954708628356456757e-03,-1.620751107111573219e-03,3.698796499520540237e-03,-7.067843340337276459e-03,2.297049015760421753e-02,1.326464954763650894e-02,2.070268383249640465e-03,3.869893029332160950e-02,-3.935221116989850998e-03,-2.321935817599296570e-02,1.749540120363235474e-02,1.045866589993238449e-02,2.492410317063331604e-02,-2.431437745690345764e-02,9.369869716465473175e-03,2.044448442757129669e-02,-3.468593815341591835e-03,3.173063322901725769e-02,3.065739292651414871e-03,-1.294112182222306728e-03,3.152843099087476730e-03,5.195113830268383026e-03,1.587776094675064087e-02,1.613907143473625183e-02,2.876910939812660217e-02,2.857001498341560364e-02,1.795580610632896423e-02,-1.588087179698050022e-03,-9.662289172410964966e-03,-1.047110930085182190e-02,-3.804565407335758209e-03,3.494102880358695984e-02,-3.787766769528388977e-02,1.118660438805818558e-02,5.972825456410646439e-03,1.306555513292551041e-02,6.694541778415441513e-03,1.309044193476438522e-02,-3.071027807891368866e-02,2.765542594715952873e-03,-2.517297118902206421e-02,2.007118239998817444e-02,2.501120604574680328e-02,1.840376853942871094e-02,1.170456060208380222e-03,-2.768653444945812225e-03,4.740930162370204926e-03,-3.250834764912724495e-03,3.692574799060821533e-03,5.919941235333681107e-03,1.870241016149520874e-02,1.138569880276918411e-02,2.901797741651535034e-02,5.335101857781410217e-03,-6.458615064620971680e-01,1.587776094675064087e-02,-3.059517592191696167e-03,-2.493654564023017883e-02,1.352596096694469452e-02,2.045692689716815948e-02,1.651859492994844913e-03,1.263003703206777573e-02,-2.121597342193126678e-02,2.474989555776119232e-02,-2.563337609171867371e-02,2.772386372089385986e-02,1.588864834047853947e-03,-2.422727271914482117e-02,-1.307799853384494781e-02,-3.021254204213619232e-02,9.730728343129158020e-03,-4.949356894940137863e-03,-4.793814383447170258e-03,-4.868474788963794708e-03,-1.314021553844213486e-02,5.443981382995843887e-03,1.116793882101774216e-02,-1.566622406244277954e-02,9.830275550484657288e-03,-2.917974023148417473e-03,5.979047156870365143e-03,-8.125531487166881561e-03,-1.216341042891144753e-03,3.238391363993287086e-03,-3.598627448081970215e-02,2.175103873014450073e-02,9.693398140370845795e-03,1.396147906780242920e-02,2.323180250823497772e-02,6.507891230285167694e-03,-1.860286295413970947e-02,6.968296132981777191e-03,3.414465114474296570e-02,1.877707056701183319e-02,-1.612662896513938904e-02,3.040852607227861881e-04,-2.096710493788123131e-03,-6.930965930223464966e-03,-9.904935024678707123e-03,1.905082352459430695e-02,2.242298237979412079e-02,-1.233139541000127792e-02,3.633468598127365112e-02,-3.216615412384271622e-03,-2.023605629801750183e-03,-4.337764531373977661e-02,-2.045692689716815948e-02,-5.891165928915143013e-04,7.422479800879955292e-03,2.039471082389354706e-02,2.839580737054347992e-02,-1.705988310277462006e-02,-6.489226128906011581e-03,1.367528177797794342e-02,3.751680953428149223e-03,2.130307815968990326e-02,-1.770693808794021606e-02,-2.697103889659047127e-03,-8.648153394460678101e-03,-2.777985995635390282e-03,-7.111395243555307388e-03,9.587628766894340515e-03,1.771627110429108143e-03,-1.234228373505175114e-03,-5.988379474729299545e-03,2.349311299622058868e-02,3.003522288054227829e-03,-8.903242647647857666e-03,4.840477369725704193e-03,7.217164151370525360e-03,5.938605871051549911e-03,-1.978498324751853943e-02,-8.940572850406169891e-03,-1.182743906974792480e-02,-1.387437526136636734e-02,-2.483699843287467957e-02,-3.290031477808952332e-02,-4.899583291262388229e-03,1.636305265128612518e-02,-1.102484017610549927e-02,-1.749540120363235474e-02,-2.136529423296451569e-02,7.764672860503196716e-03,1.827622298151254654e-03,-5.499976687133312225e-03,3.675776347517967224e-02,8.251520339399576187e-04,2.812205348163843155e-03,1.080708112567663193e-02,4.666269756853580475e-03,-1.989697478711605072e-02,2.314469777047634125e-02,1.714698597788810730e-02,-6.649434799328446388e-04,-2.167637832462787628e-02,2.008051378652453423e-03,3.579417825676500797e-04,2.227366156876087189e-02,8.368177339434623718e-03,9.444530121982097626e-03,-2.585735730826854706e-02,-9.612515568733215332e-03,1.336419675499200821e-02,-4.758350923657417297e-02,8.934351615607738495e-03,-7.397592999041080475e-03,1.061420887708663940e-02,-3.046685305889695883e-04,1.182743906974792480e-02,-2.807227894663810730e-02,1.305311173200607300e-02,6.003933958709239960e-04,2.650441229343414307e-02,-1.822956092655658722e-02,1.610174216330051422e-02,2.041959762573242188e-02,-4.022324457764625549e-03,-3.471704944968223572e-02,1.224429160356521606e-02,1.592753455042839050e-02,-3.245235234498977661e-02,-2.642975188791751862e-02,4.933802410960197449e-03,5.303993355482816696e-03,-2.395351789891719818e-02,1.497872639447450638e-03,2.767409011721611023e-02,-2.137151546776294708e-03,2.172615192830562592e-02,9.736949577927589417e-04,1.374994218349456787e-02,2.931972965598106384e-03,2.906775102019309998e-02,1.696966821327805519e-03,1.178388670086860657e-02,8.953016251325607300e-03,1.725897751748561859e-02,-8.797474205493927002e-03,-1.395214698277413845e-03,-3.765368834137916565e-02,-4.108805954456329346e-02,-1.688567548990249634e-02,-2.642975188791751862e-02,9.077450260519981384e-03,2.834603376686573029e-02,-9.021455422043800354e-03,-2.695237472653388977e-02,1.226840104209259152e-04,-8.971681818366050720e-03,-1.401436398737132549e-03,-7.478475105017423630e-03,5.070680053904652596e-04,-2.732878783717751503e-03,-3.080982342362403870e-02,1.437211129814386368e-02,1.876462623476982117e-02,6.638546474277973175e-03,-1.517315395176410675e-03,2.274028724059462547e-03,-6.035042461007833481e-03,-3.160620108246803284e-03,-8.946795016527175903e-03,-3.960107453167438507e-03,1.189898815937340260e-03,2.777985995635390282e-03,2.349311299622058868e-02,-9.257879108190536499e-03,3.862427175045013428e-02,1.330197975039482117e-02,-4.056544043123722076e-03,4.896472673863172531e-03,-6.022599060088396072e-03,5.926162702962756157e-04,1.608929783105850220e-02,1.785625889897346497e-02,-2.379797631874680519e-03,-2.122841775417327881e-02,5.885721649974584579e-03,2.428015694022178650e-03,-1.918770186603069305e-02,5.789285525679588318e-03,1.469874987378716469e-03,9.413422085344791412e-03,2.609222428873181343e-04,2.426460385322570801e-02,1.529292203485965729e-02,1.144791487604379654e-03,6.072372663766145706e-03,6.212360691279172897e-03,9.512968361377716064e-03,3.001344762742519379e-02,-4.355185199528932571e-03,4.162312485277652740e-03,2.784829773008823395e-02,6.078594364225864410e-03,-4.974243696779012680e-03,4.648848995566368103e-02,-1.764472201466560364e-02,6.874971091747283936e-03,-2.782341092824935913e-02,-1.437988830730319023e-03,-4.246305674314498901e-03,1.531780883669853210e-02,1.192698534578084946e-02,-2.265940606594085693e-02,-3.643423318862915039e-02,-3.549475921317934990e-03,1.207008492201566696e-03,2.023294568061828613e-02,3.822608292102813721e-02,-5.415983963757753372e-03,3.589916974306106567e-03,-5.985268857330083847e-03,7.116061751730740070e-04,1.627594977617263794e-02,1.635061018168926239e-02,2.032005041837692261e-02,-4.684934858232736588e-03,-4.387538135051727295e-02,1.060176547616720200e-02,1.817978732287883759e-02,1.671146787703037262e-02,-5.951049271970987320e-03,3.543254220858216286e-03,-1.029690168797969818e-02,-4.902694374322891235e-03,9.512968361377716064e-03,-6.661100196652114391e-04,1.202653255313634872e-02,8.640376036055386066e-04,-3.988105338066816330e-03,-2.448858320713043213e-02,8.635709993541240692e-03,-2.323180250823497772e-02,-9.838052210398018360e-05,2.041959762573242188e-02,-1.204519812017679214e-02,-8.679262362420558929e-03,2.237320877611637115e-02,1.878951303660869598e-02,1.295356545597314835e-02,2.505786949768662453e-03,-1.356329116970300674e-02,3.693196922540664673e-02,-1.561644952744245529e-02,2.048492431640625000e-03,-1.564133726060390472e-02,1.637860666960477829e-03,-1.499428041279315948e-02,-2.824648655951023102e-02,-8.760144002735614777e-03,8.050871081650257111e-03,2.109153941273689270e-02,1.318998914211988449e-02,-4.924470093101263046e-03,-1.508138421922922134e-02,1.729630678892135620e-02,3.451795503497123718e-02,2.919218502938747406e-02,-6.644768174737691879e-03,2.429571235552430153e-03,-1.033423189073801041e-02,-9.985817596316337585e-03,-4.220796748995780945e-02,-1.504094339907169342e-03,2.000274369493126869e-03,2.978946641087532043e-02,-2.723546233028173447e-03,1.082574599422514439e-03,-3.519145247992128134e-04,-1.399880927056074142e-02,-1.773182535544037819e-03,2.998856082558631897e-02,1.462097838521003723e-02,-2.812205348163843155e-03,-2.095466293394565582e-02,-1.197675894945859909e-02,-1.470808219164609909e-02,-7.011848036199808121e-03,-3.359714150428771973e-02,-3.486636653542518616e-02,-4.989797715097665787e-03,-2.460057474672794342e-02,-9.195662103593349457e-03,-2.216167002916336060e-02,8.785030804574489594e-03,6.731871981173753738e-03,-1.299089565873146057e-02,5.232444033026695251e-03,-6.072372663766145706e-03,2.382908388972282410e-02,-1.567866653203964233e-02,1.668969169259071350e-03,1.903838128782808781e-03,5.481311585754156113e-03,-2.121597342193126678e-02,1.745807006955146790e-02,-2.020805887877941132e-02,3.835051506757736206e-02,1.534269563853740692e-02,5.627521313726902008e-03,8.119309321045875549e-03,-1.248693838715553284e-02,-1.976009644567966461e-02,-5.328880157321691513e-03,1.656214706599712372e-02,-1.852820254862308502e-02,-1.152879744768142700e-02,1.506816333858296275e-04,-1.061420887708663940e-02,-4.275547340512275696e-02,-1.509382762014865875e-02,1.465830858796834946e-02,8.828582242131233215e-03,1.185232494026422501e-02,-2.311981096863746643e-02,-1.785820350050926208e-04,1.977254077792167664e-02,1.004430130124092102e-01,7.260716054588556290e-03,-3.138844156637787819e-03,1.922503113746643066e-02,-1.116171758621931076e-02,4.320343583822250366e-02,-2.399084903299808502e-02,-1.989697478711605072e-02,-4.992908798158168793e-04,-4.196532070636749268e-03,-3.295008838176727295e-02,-5.988379474729299545e-03,3.468593815341591835e-03,-3.157509199809283018e-04,1.216340996325016022e-02,2.034493722021579742e-02,-7.067843340337276459e-03,-4.983576014637947083e-03,-6.271466612815856934e-03,2.613111166283488274e-03,-2.697726152837276459e-02,8.405507542192935944e-03,-5.192002747207880020e-03,9.394756518304347992e-03,-3.421931294724345207e-03,-1.887661777436733246e-02,7.808224763721227646e-04,3.319895267486572266e-02,1.251804642379283905e-02,-4.638272337615489960e-03,8.113088086247444153e-03,1.682345755398273468e-02,6.775423884391784668e-03,8.299738168716430664e-03,-8.791252039372920990e-03,-1.286646164953708649e-02,-9.033898822963237762e-03,4.193421080708503723e-02,1.051466166973114014e-02,-4.843587987124919891e-03,-6.906079594045877457e-03,2.012095600366592407e-02,1.551690232008695602e-02,-8.641932159662246704e-03,-1.524314843118190765e-02,-7.410036399960517883e-03,-1.709721237421035767e-02,1.589020341634750366e-02,-2.227366156876087189e-02,-1.788114570081233978e-02,3.225325793027877808e-02,-1.244960818439722061e-02,-2.789807133376598358e-02,-1.477029919624328613e-02,-1.727141998708248138e-02,1.223340397700667381e-03,5.988379707559943199e-04,7.770894560962915421e-03,-8.536162786185741425e-03,1.309044193476438522e-02,-2.640486508607864380e-02,-1.605196855962276459e-02,2.197501994669437408e-02,-2.003385219722986221e-03,-2.126574702560901642e-02,-4.523171111941337585e-03,-1.677368395030498505e-02,9.637402370572090149e-03,-1.184610370546579361e-02,-2.660395950078964233e-02,-3.577473573386669159e-03,3.512145718559622765e-03,-1.773182488977909088e-02,1.789359003305435181e-02,3.932110220193862915e-02,1.903838105499744415e-02,7.086508441716432571e-03,5.310215055942535400e-03,1.198920235037803650e-02,-3.854338778182864189e-03,-8.809917606413364410e-03,-1.085063256323337555e-02,5.674184300005435944e-03,-3.424419835209846497e-02,-4.292968288064002991e-02,4.292968288064002991e-02,5.316436756402254105e-03,-4.967399686574935913e-02,-1.199542451649904251e-02,1.186476834118366241e-02,-5.639964714646339417e-03,-6.196806207299232483e-03,3.290031477808952332e-02,9.232992306351661682e-03,1.775671169161796570e-02,9.139667265117168427e-03,-3.817008808255195618e-03,-8.187748491764068604e-03,-2.086755819618701935e-02,-1.601463742554187775e-02,-2.547161094844341278e-02,5.204446148127317429e-03,8.694815915077924728e-04,-1.641282625496387482e-02,-6.878859712742269039e-04,1.034045405685901642e-02,-4.600942134857177734e-03,7.634017616510391235e-03,-8.361955173313617706e-03,7.067843340337276459e-03,4.532503429800271988e-03,-2.369220741093158722e-02,6.371013820171356201e-03,-1.021602004766464233e-02,-3.379623591899871826e-02,3.051118366420269012e-02,-6.563886068761348724e-03,3.270122036337852478e-02,1.962321996688842773e-02,-7.994875311851501465e-03,-1.584042981266975403e-02,-3.680753707885742188e-02,1.227540057152509689e-02,1.812068163417279720e-03,-4.061521217226982117e-02,1.943656988441944122e-02,-7.493251468986272812e-04,-2.884376980364322662e-02,1.552934572100639343e-02,6.497780559584498405e-04,-1.500672381371259689e-02,-5.220000632107257843e-03,1.956100389361381531e-02,-4.720709694083780050e-04,-2.660395950078964233e-02,-2.615599706768989563e-02,-1.093773636966943741e-02,-4.442289005964994431e-03,-7.018069736659526825e-03,1.024712901562452316e-02,-2.518541365861892700e-02,1.459609251469373703e-02,-7.839333266019821167e-03,-2.799761854112148285e-02,-1.932457834482192993e-02,-3.583695366978645325e-02,-1.025957241654396057e-02,3.661466296762228012e-03,1.659947633743286133e-02,2.864467538893222809e-02,-1.811757124960422516e-02,2.573292329907417297e-02,-1.078841555863618851e-02,1.336419675499200821e-02,3.849983587861061096e-02,-2.483699843287467957e-02,-1.408591307699680328e-02,-1.388681866228580475e-02,2.983924001455307007e-02,3.608582075685262680e-03,3.379623591899871826e-02,-7.820668630301952362e-03,7.428701501339673996e-03,1.659947633743286133e-02,-4.222974239382892847e-04,-1.121149118989706039e-02,-1.224429160356521606e-02,-2.988901361823081970e-02,-1.969788037240505219e-02,1.718431711196899414e-02,1.386193186044692993e-02,3.596138674765825272e-03,1.765716448426246643e-02,-1.009158603847026825e-02,1.524314843118190765e-02,1.616395823657512665e-02,-1.695411396212875843e-03,7.534470409154891968e-03,-4.646827001124620438e-04,-3.533921763300895691e-02,-1.842865534126758575e-02,-7.714899256825447083e-03,8.453725604340434074e-04,-6.906079594045877457e-03,-8.393064141273498535e-03,-5.179559811949729919e-04,3.907223418354988098e-02,-1.311532873660326004e-02,1.147280167788267136e-02,-7.055399939417839050e-03,2.066846378147602081e-02,-1.846598461270332336e-02,3.352248296141624451e-02,-3.215837641619145870e-04,3.851616929750889540e-04,-2.687771432101726532e-02,2.226121723651885986e-02,1.944901235401630402e-02,-1.193009666167199612e-03,4.382560774683952332e-02,3.153154253959655762e-02,1.048355270177125931e-02,-3.280076757073402405e-02,-2.143995463848114014e-02,-1.464586518704891205e-02,5.146584659814834595e-02,-1.770693808794021606e-02,4.495173227041959763e-03,-7.746007759124040604e-03,-1.676124148070812225e-02,5.422205664217472076e-03,-2.477478235960006714e-02,-2.351799979805946350e-02,-1.474541239440441132e-02,3.100891783833503723e-02,4.025435540825128555e-03,-1.697277836501598358e-02,1.571599766612052917e-02,-1.774426922202110291e-02,-1.834155060350894928e-02,1.285401824861764908e-02,-4.554279148578643799e-03,2.527251653373241425e-02,-1.009780820459127426e-02,-3.493480617180466652e-03,8.175305090844631195e-03,-9.923600591719150543e-04,-2.707680873572826385e-02,-7.584244012832641602e-03,1.944279065355658531e-03,1.263625826686620712e-02,2.834603376686573029e-02,1.472052559256553650e-02,-5.098677705973386765e-03,-2.793540246784687042e-03,9.139667265117168427e-03,-5.397318862378597260e-03,-1.096262317150831223e-02,-3.446818143129348755e-02,2.273406647145748138e-02,-4.915137775242328644e-03,-1.672080019488930702e-03,1.086307596415281296e-02,-2.093599643558263779e-03,9.942265227437019348e-03,6.601216271519660950e-03,-5.123564507812261581e-03,9.495859267190098763e-04,-3.994327038526535034e-02,-1.095640193670988083e-02,-2.358021773397922516e-02,-2.926684357225894928e-02,-2.978946641087532043e-02,2.040715329349040985e-02,-1.923747546970844269e-02,-6.451895926147699356e-03,1.460853498429059982e-02,3.362825140357017517e-03,-1.248693838715553284e-02,2.110398374497890472e-02,-2.032005041837692261e-02,1.994674839079380035e-02,9.886270388960838318e-03,-1.052088290452957153e-02,2.069335058331489563e-02,1.053332630544900894e-02,-3.357225656509399414e-02,-1.208874955773353577e-02,-1.260515023022890091e-02,2.293316088616847992e-02,-1.360062137246131897e-02,-8.007318712770938873e-03,-2.687771432101726532e-02,1.470808219164609909e-02,1.276691444218158722e-02,-4.121871665120124817e-03,8.473945781588554382e-03,5.851502530276775360e-03,-2.137773670256137848e-02,-6.433230824768543243e-03,2.104176580905914307e-02,-1.019113324582576752e-02,1.367528177797794342e-02,-1.360062137246131897e-02,-1.272958423942327499e-02,-1.988453045487403870e-02,-1.476096687838435173e-03,-2.104487735778093338e-03,2.094221860170364380e-02,1.077130669727921486e-03,-1.895127631723880768e-02,1.117416098713874817e-02,-1.034667529165744781e-02,2.315714210271835327e-02,-1.091284956783056259e-02,9.542522020637989044e-04,-8.685483597218990326e-03,2.141506783664226532e-02,-3.280076757073402405e-02,1.195187214761972427e-02,-1.536758244037628174e-02,-1.610174216330051422e-02,-3.686353098601102829e-03,8.897021412849426270e-03,2.924195677042007446e-02,5.630632396787405014e-03,1.155990548431873322e-02,-3.180529549717903137e-02,-2.395351789891719818e-02,3.665821626782417297e-02,1.620128937065601349e-02,1.057687867432832718e-02,2.600667811930179596e-02,-1.328953634947538376e-02,1.809268444776535034e-02,-1.546712871640920639e-02,1.600219495594501495e-02,-1.362550817430019379e-02,-5.176448822021484375e-02,2.875977661460638046e-03,-3.232791647315025330e-02,-8.218856528401374817e-03,1.681101508438587189e-02,-2.252252958714962006e-02,-1.259892899543046951e-02,3.770346194505691528e-02,-2.788096317090094090e-04,4.171645268797874451e-03,-1.000914839096367359e-03,-1.817978732287883759e-02,2.645463868975639343e-02,-7.658904418349266052e-03,-2.005873806774616241e-02,-7.708677556365728378e-03,-8.106865920126438141e-03,-1.536758244037628174e-02,-7.739786058664321899e-03,3.446818096563220024e-03,-2.395351789891719818e-02,-9.656067937612533569e-03,-5.608856212347745895e-03,2.222699811682105064e-03,5.745733622461557388e-03,1.129237283021211624e-02,-4.012992139905691147e-04,-1.785625936463475227e-03,-2.938194666057825089e-03,-9.743171744048595428e-03,-3.041163645684719086e-02,-5.350656062364578247e-02,-2.338112331926822662e-02,2.949082478880882263e-02,-3.600804775487631559e-04,1.011025160551071167e-02,1.251804642379283905e-02,-7.235829252749681473e-03,-4.036634415388107300e-02,-2.221144363284111023e-02,1.128615159541368484e-02,-3.225947963073849678e-03,-2.955304225906729698e-03,2.307003736495971680e-02,1.285401824861764908e-02,-4.787592682987451553e-03,-4.877807572484016418e-03,1.443432830274105072e-02,-3.394555673003196716e-02,-1.035911869257688522e-02,2.944105118513107300e-02,-4.036634415388107300e-02,-1.206386275589466095e-02,1.786870323121547699e-02,-8.088201284408569336e-03,-1.060798671096563339e-02,2.682794071733951569e-02,-2.529118210077285767e-03,5.515531171113252640e-03,4.961800295859575272e-03,1.011025160551071167e-02,-4.140536766499280930e-03,6.818975787609815598e-03,-8.268630132079124451e-03,-2.585735730826854706e-02,5.636854097247123718e-03,2.326913177967071533e-02,-2.809716574847698212e-02,2.936639077961444855e-02,7.335375994443893433e-03,2.677816711366176605e-02,-7.011848036199808121e-03,2.690260112285614014e-02,1.061420887708663940e-02,7.080286741256713867e-03,-1.127992942929267883e-02,1.014135964214801788e-02,-1.099373213946819305e-02,-2.206212468445301056e-02,-1.149146724492311478e-02,4.691156744956970215e-02,6.993182934820652008e-03,-6.832196959294378757e-04,1.264870166778564453e-02,-1.491962000727653503e-02,-1.279180124402046204e-02,1.501916721463203430e-02,1.251804642379283905e-02,-1.065776031464338303e-02,-1.369550242088735104e-03,-5.313326139003038406e-03,-2.135596238076686859e-03,-3.512145718559622765e-03,-2.050047973170876503e-03,-1.864019222557544708e-02,-2.819671295583248138e-02,5.381764378398656845e-03,4.544946830719709396e-03,4.345852416008710861e-03,-2.657907269895076752e-02,2.015828527510166168e-02,2.730078995227813721e-02,-2.705192193388938904e-02,-1.479207538068294525e-03,-5.269774235785007477e-03,8.330847136676311493e-03,-1.224429160356521606e-02,-2.747499756515026093e-02,8.424172177910804749e-03,1.196120516397058964e-03,-9.027676656842231750e-03,3.152843099087476730e-03,3.434374695643782616e-03,-1.966055110096931458e-02,-8.193969726562500000e-03,-1.070131198503077030e-03,-2.046937122941017151e-02,-9.138111490756273270e-04,2.024787813425064087e-01,-1.668658107519149780e-02,2.306692767888307571e-03,3.504057601094245911e-02,-4.563611932098865509e-03,2.269673720002174377e-02,7.534470409154891968e-03,1.926236227154731750e-02,-2.257230319082736969e-02,6.694541778415441513e-03,-4.748396202921867371e-02,-1.601463742554187775e-02,-1.964810676872730255e-02,8.137974888086318970e-03,1.764472201466560364e-02,-5.893187597393989563e-02,-2.232343517243862152e-02,-4.887762293219566345e-02,-2.381664142012596130e-02,-3.257678449153900146e-02,1.275447104126214981e-02,-4.597831051796674728e-03,2.745011076331138611e-02,-1.494450680911540985e-02,8.523719385266304016e-03,3.689463948830962181e-03,1.109327841550111771e-02,2.359266020357608795e-02,3.217859566211700439e-02,4.803147166967391968e-03,-1.544224191457033157e-02,8.725924417376518250e-04,-1.193320751190185547e-02,-1.498183701187372208e-02,-2.605333924293518066e-03,5.440092645585536957e-04,4.499528557062149048e-02,-1.094240229576826096e-03,2.020805887877941132e-02,2.314469777047634125e-02,1.465986482799053192e-03,-2.710169553756713867e-02,7.534470409154891968e-03,6.134589202702045441e-03,1.144791487604379654e-02,3.540143370628356934e-03,-1.733363792300224304e-02,-1.074486412107944489e-02,1.633816584944725037e-02,-2.832814643625169992e-04,-3.011299483478069305e-02,-9.475638158619403839e-03,1.343885716050863266e-02,1.577821373939514160e-02,2.608133666217327118e-02,3.944553434848785400e-03,6.986961234360933304e-03,1.459609251469373703e-02,-2.690260112285614014e-02,-1.300333905965089798e-02,-8.019762113690376282e-03,1.311532873660326004e-02,-1.381215918809175491e-02,1.521826162934303284e-02,4.355185199528932571e-03,1.552934572100639343e-02,-3.006322123110294342e-02,5.965048330835998058e-04,-2.449791645631194115e-03,-1.430989429354667664e-02,-3.232169663533568382e-03,-1.808024011552333832e-02,-2.288027666509151459e-03,2.282117120921611786e-02,1.775671169161796570e-02,-1.123637799173593521e-02,7.192277349531650543e-03,1.189898830489255488e-04,1.125504262745380402e-02,3.770346194505691528e-02,-4.641382955014705658e-03,-1.541735511273145676e-02,1.710965647362172604e-03,1.271091867238283157e-02,1.808024011552333832e-02,2.261196641484275460e-04,2.533473446965217590e-02,-3.056406741961836815e-03,2.241364913061261177e-03,5.885721649974584579e-03,4.666269815061241388e-04,-1.022846344858407974e-02,-1.779404282569885254e-02,4.814034909941256046e-04,-9.923600591719150543e-03,1.873973943293094635e-02,2.570803649723529816e-02,2.693993039429187775e-03,-2.353044413030147552e-02,1.549201551824808121e-02,-1.569111086428165436e-02,5.493754986673593521e-03,2.247275598347187042e-02,1.002314779907464981e-02,-1.769449561834335327e-02,9.792945347726345062e-03,2.166393585503101349e-02,3.160620108246803284e-02,1.737096719443798065e-02,-1.651237346231937408e-02,1.570355333387851715e-02,-9.058785624802112579e-03,-2.429571235552430153e-03,3.127956297248601913e-03,2.971480600535869598e-02,-2.340912120416760445e-03,-2.124708145856857300e-03,-1.988453045487403870e-02,2.402817830443382263e-02,-9.114780696108937263e-04,1.081330236047506332e-02,-2.260030014440417290e-03,-3.459261264652013779e-03,2.027027681469917297e-02,-1.619195681996643543e-03,3.067294601351022720e-03,-2.361754700541496277e-02,2.528496086597442627e-02,1.703499630093574524e-02,-2.752477116882801056e-02,1.039644889533519745e-02,-3.163730958476662636e-03,1.821711659431457520e-02,2.051914483308792114e-02,3.602749202400445938e-04,-1.529758796095848083e-03,1.146346912719309330e-03,-2.757454477250576019e-02,-2.282117120921611786e-02,-1.081019174307584763e-03,-2.437659353017807007e-02,1.129237283021211624e-02,1.865263655781745911e-02,1.137325540184974670e-02,-2.899308921769261360e-03,5.387986078858375549e-03,1.139192003756761551e-02,1.152879744768142700e-02,-9.774279780685901642e-03,-2.238565124571323395e-02,-8.220411837100982666e-04,5.599523894488811493e-03,8.498832583427429199e-03,-1.023468561470508575e-02,2.804739214479923248e-02,1.294112205505371094e-02,5.001658064429648221e-05,-2.384152822196483612e-02,2.359577221795916557e-03,5.325769539922475815e-03,-3.698174282908439636e-02,7.874330622144043446e-04,2.799761854112148285e-02,-1.021602004766464233e-02,-2.252252958714962006e-02,1.210741512477397919e-02,-1.533025205135345459e-01,1.164700929075479507e-02,2.725101634860038757e-02,1.214474532753229141e-02,1.747051440179347992e-02,-1.096573425456881523e-03,4.360162466764450073e-02,1.421034708619117737e-02,-4.224529489874839783e-03,5.745733622461557388e-03,1.640038378536701202e-02,-3.642801428213715553e-03,-2.642975188791751862e-02,-2.188480459153652191e-03,-1.561644952744245529e-02,-5.922273849137127399e-04,-3.431886062026023865e-02,-5.820394027978181839e-03,4.297945648431777954e-02,7.422479800879955292e-03,-8.041538530960679054e-04,-5.490644369274377823e-03,-2.660395950078964233e-02,-2.010851167142391205e-02,9.419643320143222809e-03,2.608133666217327118e-02,-6.949631031602621078e-03,1.280424464493989944e-02,-1.503161061555147171e-02,2.787318546324968338e-03,-2.767409011721611023e-02,2.427704632282257080e-02,3.857449814677238464e-02,-2.017072960734367371e-02,-9.917378425598144531e-03,9.276544675230979919e-03,-6.433230824768543243e-03,1.118660438805818558e-02,-2.827137336134910583e-02,-4.625828936696052551e-03,5.879499949514865875e-03,-4.152980167418718338e-03,-6.212360691279172897e-03,-7.702455855906009674e-03,-4.289079806767404079e-04,2.869444899260997772e-02,1.056443527340888977e-02,-9.656067937612533569e-03,1.875218376517295837e-02,-2.106043044477701187e-03,9.668511338531970978e-03,-1.643771305680274963e-02,-1.622617617249488831e-02,-3.558030875865370035e-04,-9.407199919223785400e-03,3.780300915241241455e-02,-2.168882265686988831e-02,2.996367402374744415e-02,-1.565377973020076752e-02,-6.489226128906011581e-03,-1.556667592376470566e-02,-1.968543790280818939e-02,1.959833316504955292e-02,-1.911304146051406860e-02,-4.989797715097665787e-03,-1.774426922202110291e-02,1.049910672008991241e-03,-6.035042461007833481e-03,-2.391618862748146057e-02,5.932384170591831207e-03,-1.891394704580307007e-02,-1.931213587522506714e-02,1.483251620084047318e-02,-2.132796309888362885e-02,1.214474532753229141e-02,1.024090684950351715e-02,1.372661063214763999e-04,1.338908355683088303e-02,2.095466293394565582e-02,1.121460227295756340e-03,-6.013266276568174362e-03,3.553831204771995544e-02,-1.821711659431457520e-02,1.778159849345684052e-02,-2.359266020357608795e-02,-1.404858287423849106e-02,-2.314469777047634125e-03,-7.459810003638267517e-03,-7.503361906856298447e-03,-3.285053884610533714e-03,1.042133569717407227e-02,-2.817182615399360657e-02,-2.027027681469917297e-02,-2.285850048065185547e-02,2.008362486958503723e-02,3.277587890625000000e-02,2.029516361653804779e-02,9.075895068235695362e-04,-2.560848928987979889e-02,-1.185232494026422501e-02,-7.337709539569914341e-04,-1.306555513292551041e-02,-2.451347000896930695e-02,2.185058593750000000e-02,1.284157484769821167e-02,-1.712521072477102280e-03,2.839580737054347992e-02,1.069509051740169525e-02,4.317855089902877808e-02,-9.251657873392105103e-03,-2.547161094844341278e-02,-6.937187630683183670e-03,3.471704944968223572e-02,2.550894208252429962e-02,1.428500749170780182e-02,1.560400612652301788e-02,4.454732406884431839e-03,-9.917378425598144531e-03,6.750537082552909851e-03,3.210393711924552917e-03,7.421235740184783936e-02,1.572844013571739197e-02,-2.501120558008551598e-03,-1.110572181642055511e-02,-2.861978858709335327e-02,-3.506546095013618469e-02,-1.140809655189514160e-01,-3.292519971728324890e-02,1.885173097252845764e-02,2.939127758145332336e-02,2.122841775417327881e-02,1.434722449630498886e-02,3.512145718559622765e-03,8.853469043970108032e-03,-2.153950184583663940e-02,1.419790368527173996e-02,5.779952742159366608e-03,-2.173859626054763794e-02,-7.030513137578964233e-03,-7.042956538498401642e-03,3.465482965111732483e-03,-1.528047863394021988e-02,6.688320077955722809e-03,-1.857797615230083466e-02,-3.319895267486572266e-02,1.768205128610134125e-02,2.471664811309892684e-05,2.822159975767135620e-02,5.583969759754836559e-04,-3.225325793027877808e-02,7.378927897661924362e-03,-7.098951842635869980e-03,-2.504853717982769012e-02,9.836496785283088684e-03,2.583247050642967224e-02,-2.074934542179107666e-03,-1.452143210917711258e-02,-1.944901235401630402e-02,-4.594720434397459030e-03,8.480167947709560394e-03,-9.058785624802112579e-03,-2.303270809352397919e-02,-1.734608039259910583e-02,-1.253671199083328247e-02,2.425215952098369598e-02,-1.464586518704891205e-02,3.764124354347586632e-03,8.971681818366050720e-03,-2.324424497783184052e-02,-5.481311585754156113e-03,1.988453045487403870e-02,-1.564133726060390472e-02,2.114131301641464233e-02,1.778159849345684052e-02,1.437211129814386368e-02,-5.997712258249521255e-03,-2.956548519432544708e-02,-2.637997828423976898e-02,-2.066846378147602081e-02,-1.027823705226182938e-02,7.652682717889547348e-03,-1.093151513487100601e-02,3.400155343115329742e-03,1.223807036876678467e-02,-1.880195736885070801e-02,-9.208105504512786865e-03,-1.281668804585933685e-02,-1.040578121319413185e-03,1.256159879267215729e-02,1.081330236047506332e-02,3.277587890625000000e-02,-3.533921670168638229e-03,-9.033898822963237762e-03,-1.417301688343286514e-02,2.891843020915985107e-02,-5.926162470132112503e-03,6.650989875197410583e-03,-6.287798751145601273e-04,-2.079289779067039490e-02,3.210393711924552917e-02,-1.509382762014865875e-02,5.002241116017103195e-03,-1.866507926024496555e-03,-6.831419188529253006e-03,1.116171758621931076e-02,-2.528496086597442627e-02,-2.109153941273689270e-02,-1.113683078438043594e-02,1.808024011552333832e-02,1.144169364124536514e-02,3.118312545120716095e-02,4.436067305505275726e-03,7.161168847233057022e-03,-2.429571235552430153e-03,-1.851575821638107300e-02,-8.343290537595748901e-03,9.699619375169277191e-03,-3.542476624716073275e-04,2.961525879800319672e-02,-7.602909114211797714e-03,-2.550894208252429962e-02,2.284605801105499268e-02,-3.169952658936381340e-03,-1.137325540184974670e-02,-1.064531691372394562e-02,1.193320751190185547e-02,-2.157683111727237701e-02,-1.973520964384078979e-02,-4.735952988266944885e-02,3.713106364011764526e-02,-2.101687900722026825e-02,-6.663433276116847992e-03,-2.552449703216552734e-03,-1.621373184025287628e-02,-1.752028800547122955e-02,-2.050670050084590912e-02,-4.597831051796674728e-03,2.894331701099872589e-02,7.957545109093189240e-03,4.597831051796674728e-03,1.272958423942327499e-02,4.834255669265985489e-03,-2.446369826793670654e-02,-6.371013820171356201e-03,4.908916074782609940e-03,-1.574088446795940399e-02,8.687038789503276348e-04,5.400429479777812958e-03,-1.363795157521963120e-02,8.442837744951248169e-03,-7.864220067858695984e-03,1.740829646587371826e-02,3.975661937147378922e-03,1.091907173395156860e-02,-3.583695366978645325e-02,1.952367275953292847e-02,1.894505578093230724e-03,-9.898713789880275726e-03,4.028546158224344254e-03,-1.493206340819597244e-02,-1.525870291516184807e-03,7.092730142176151276e-03,-2.295804675668478012e-03,-2.929173037409782410e-02,-2.267807256430387497e-03,3.426908701658248901e-02,3.135733306407928467e-02,5.728935077786445618e-02,-2.086755819618701935e-02,-4.103828966617584229e-02,1.694789156317710876e-02,1.467075198888778687e-02,-1.567866653203964233e-02,-2.504853717982769012e-02,-8.455281145870685577e-03,2.085511572659015656e-02,2.861978858709335327e-02,-1.742074033245444298e-03,2.518541365861892700e-02,3.287542611360549927e-02,-5.481311585754156113e-03,-3.073516488075256348e-02,-8.928129449486732483e-03,-1.058932207524776459e-02,3.947041928768157959e-02,-1.170300506055355072e-02,1.232517417520284653e-02,-1.444677170366048813e-02,5.330746620893478394e-02,1.475785579532384872e-02,1.089573954232037067e-03,-5.599523894488811493e-03,5.568415392190217972e-03,6.999404635280370712e-03,3.204172011464834213e-03,2.885310212150216103e-03,2.063113451004028320e-02,2.501120558008551598e-03,7.254494354128837585e-03,2.936639077961444855e-02,1.538002584129571915e-02,2.289582975208759308e-02,7.845555432140827179e-03,-6.862527690827846527e-03,1.457431586459279060e-03,-5.929273553192615509e-03,-3.628491610288619995e-02,2.477789297699928284e-03,9.033898822963237762e-03,-5.440870765596628189e-03,-7.123838644474744797e-03,1.264248043298721313e-02,3.253945615142583847e-03,-6.986961234360933304e-03,-1.035289745777845383e-02,-6.078594364225864410e-03,6.296353414654731750e-03,-3.313051536679267883e-03,-4.009881056845188141e-03,1.862774975597858429e-02,7.851776666939258575e-03,-2.045692689716815948e-02,6.843862589448690414e-03,-1.449654530733823776e-02,-1.775671169161796570e-02,3.076005168259143829e-02,-1.376238558441400528e-02,4.509483277797698975e-02,1.942723640240728855e-03,5.409762263298034668e-03,-4.719154443591833115e-03,-6.787867285311222076e-03,6.276132771745324135e-04,2.020805887877941132e-02,-2.829626016318798065e-02,-1.208874955773353577e-02,-1.374994218349456787e-02,-2.361754700541496277e-02,-6.862527690827846527e-03,-6.470561027526855469e-03,1.343885716050863266e-02,8.585936739109456539e-04,-1.635061018168926239e-02,2.446369826793670654e-02,3.820119658485054970e-03,-2.717324532568454742e-03,-1.114927418529987335e-02,3.299986198544502258e-02,2.687771432101726532e-02,1.992186158895492554e-02,2.861978858709335327e-02,-5.487533286213874817e-03,1.855308935046195984e-02,1.728386431932449341e-02,-2.922640414908528328e-03,-1.521826162934303284e-02,-6.657211575657129288e-03,3.244613064453005791e-03,3.006322123110294342e-02,8.330847136676311493e-03,-1.911304146051406860e-02,-2.555871568620204926e-02,1.138569880276918411e-02,1.341397035866975784e-02,6.924744229763746262e-03,3.633468598127365112e-02,-1.526803523302078247e-02,4.330298304557800293e-02,1.012891624122858047e-02,-1.106217037886381149e-02,-7.994875311851501465e-03,-4.196532070636749268e-03,2.685282751917839050e-02,-4.022324457764625549e-03,1.438455469906330109e-02,-1.112127647502347827e-04,-1.993430405855178833e-02,5.842169746756553650e-03,-6.402122322469949722e-03,1.850331574678421021e-02,-2.431437745690345764e-02,-4.141158983111381531e-02,-8.442837744951248169e-03,-1.025023986585438251e-03,-9.015233255922794342e-03,1.365661621093750000e-03,3.605471225455403328e-03,3.090937063097953796e-02,-5.017795599997043610e-03,1.182899461127817631e-03,2.314469777047634125e-03,-1.400658627972006798e-03,-6.607437971979379654e-03,1.931213587522506714e-02,-2.137773670256137848e-02,-9.917378425598144531e-03,-3.952019289135932922e-02,-9.075895068235695362e-04,1.600530580617487431e-03,-5.044548958539962769e-02,-1.090040616691112518e-02,7.067843340337276459e-03,-2.615599706768989563e-02,8.305960334837436676e-03,-1.742074079811573029e-02,1.413568668067455292e-02,-1.944901235401630402e-02,-2.289582975208759308e-03,6.588772870600223541e-03,4.172422923147678375e-04,-1.510627102106809616e-02,3.715595230460166931e-02,-6.943409331142902374e-03,-4.149869084358215332e-03,3.776567755267024040e-03,-3.255189955234527588e-02
-3.207601979374885559e-02,4.398045595735311508e-03,-3.601369215175509453e-03,5.625710822641849518e-03,6.648492999374866486e-04,6.510544102638959885e-03,-1.861088327132165432e-03,-9.135657921433448792e-03,-1.732118194922804832e-03,5.615915637463331223e-03,6.157916970551013947e-03,-1.047433540225028992e-02,-5.570204928517341614e-03,-1.830070163123309612e-03,-5.517963785678148270e-03,1.806235127151012421e-02,1.521521341055631638e-02,1.994303055107593536e-02,2.598993480205535889e-02,-4.688636399805545807e-03,2.732861321419477463e-03,-1.973406597971916199e-02,-2.326360438019037247e-03,1.489686896093189716e-03,-1.680856570601463318e-02,-7.725148927420377731e-03,1.067676953971385956e-02,-2.477532997727394104e-02,8.560598507756367326e-05,3.940936177968978882e-03,-5.322059616446495056e-03,3.372814506292343140e-03,-1.577680557966232300e-02,-3.539332747459411621e-02,-3.254618868231773376e-02,-1.833661831915378571e-02,-2.127517759799957275e-02,1.746157929301261902e-02,1.358267944306135178e-02,9.481755085289478302e-03,1.597270928323268890e-02,6.059964653104543686e-03,1.718731410801410675e-02,1.172975404188036919e-03,-4.850583896040916443e-02,1.533275563269853592e-02,8.219807059504091740e-04,-1.274029258638620377e-02,-2.435740083456039429e-02,2.187594957649707794e-02,2.430516108870506287e-02,-3.858901327475905418e-04,-1.825825683772563934e-02,-2.787061408162117004e-02,-2.515407837927341461e-02,5.485313013195991516e-03,-1.998221036046743393e-03,1.179995294660329819e-02,-1.776196621358394623e-02,-2.625114098191261292e-02,2.036095969378948212e-02,1.857170276343822479e-02,-9.338092058897018433e-03,9.194429032504558563e-03,-2.259426563978195190e-02,-1.857170276343822479e-02,4.058478400111198425e-03,2.404721919447183609e-03,2.047197194769978523e-03,-4.369965940713882446e-02,1.623391360044479370e-02,3.479255735874176025e-02,8.987097535282373428e-04,-2.485369145870208740e-02,9.742960333824157715e-03,-5.106564983725547791e-02,3.634019754827022552e-03,-3.552393242716789246e-02,-1.003028638660907745e-02,-1.585516706109046936e-02,-1.260315999388694763e-03,-1.605107076466083527e-02,-2.656458690762519836e-02,1.983854919672012329e-02,6.991325062699615955e-04,-2.271180786192417145e-02,3.741767024621367455e-03,2.852362766861915588e-02,9.933967376127839088e-04,-2.407007478177547455e-02,2.380887046456336975e-02,3.387833759188652039e-02,1.259662955999374390e-02,1.755300164222717285e-02,-2.352154441177845001e-02,-6.987244123592972755e-04,-1.656042039394378662e-02,1.623391360044479370e-02,4.211936611682176590e-03,-2.021729573607444763e-02,6.507278885692358017e-03,-1.262927986681461334e-02,3.307513194158673286e-03,2.024341607466340065e-03,-1.409203000366687775e-02,-2.013893425464630127e-02,-1.653430052101612091e-02,-3.252007067203521729e-03,8.783031255006790161e-03,-3.100507892668247223e-02,5.439601838588714600e-03,4.740877449512481689e-02,-5.286144092679023743e-03,-2.246366254985332489e-02,1.547641865909099579e-02,-3.189317509531974792e-02,-4.535178188234567642e-03,-1.068329997360706329e-02,-4.505792632699012756e-03,-1.282518450170755386e-02,-1.076819188892841339e-02,8.750380016863346100e-03,1.027190126478672028e-02,-1.671714335680007935e-02,2.060257364064455032e-03,9.938864968717098236e-03,-3.301636129617691040e-02,1.337371580302715302e-02,-1.401366852223873138e-02,-1.717425417155027390e-03,4.087864235043525696e-02,2.009648829698562622e-03,2.401783503592014313e-02,-5.762843880802392960e-03,9.117700392380356789e-04,-1.892106491141021252e-03,2.395253255963325500e-02,-2.525529591366648674e-03,7.470473647117614746e-03,-1.939450018107891083e-02,8.587126620113849640e-03,-1.019517192617058754e-03,1.417039148509502411e-02,-1.545029785484075546e-02,3.899796307086944580e-02,5.197986960411071777e-03,1.535887643694877625e-02,2.972517162561416626e-02,-2.178452908992767334e-02,-1.400060858577489853e-02,9.207489900290966034e-03,1.435323525220155716e-02,2.071358636021614075e-02,-4.537137597799301147e-02,1.153221726417541504e-02,1.487564668059349060e-02,-1.207258668728172779e-03,3.353876993060112000e-02,9.403393487446010113e-04,9.754388593137264252e-04,3.833188908174633980e-03,2.331257984042167664e-02,1.406591013073921204e-02,2.387417107820510864e-02,7.424762938171625137e-03,2.340400218963623047e-02,2.536304295063018799e-02,-9.540526196360588074e-03,-8.750380016863346100e-03,-1.338677573949098587e-02,4.900865722447633743e-03,3.257231041789054871e-02,-3.267679363489151001e-02,2.376968972384929657e-02,4.404575563967227936e-03,1.495400816202163696e-02,4.345804452896118164e-03,2.468390762805938721e-02,-2.664294838905334473e-02,-2.874891739338636398e-03,-1.141467504203319550e-02,1.172812189906835556e-02,1.414427161216735840e-02,2.369132824242115021e-02,-6.987243890762329102e-03,-2.135353861376643181e-03,8.244295022450387478e-04,9.932334534823894501e-03,1.983854919672012329e-02,-1.324801007285714149e-03,2.055686339735984802e-02,7.640257477760314941e-03,2.891543507575988770e-02,3.441380802541971207e-03,-6.268929243087768555e-01,1.415733154863119125e-02,8.851393067743629217e-05,-1.447077840566635132e-02,1.353043876588344574e-02,3.124016337096691132e-02,1.551927271066233516e-04,1.215258054435253143e-02,-3.724788874387741089e-02,1.895045116543769836e-02,-3.884124010801315308e-02,3.918080776929855347e-02,-1.058534812182188034e-02,-1.845416054129600525e-02,-2.932030474767088890e-03,-2.216327562928199768e-02,1.119918096810579300e-02,1.394836697727441788e-02,-7.581485901027917862e-03,-1.309944968670606613e-02,-1.060493849217891693e-02,1.855864189565181732e-02,2.105315402150154114e-02,-2.636541845276951790e-03,-3.545863088220357895e-03,-1.334106456488370895e-02,2.307749539613723755e-02,-4.215201828628778458e-03,7.914522662758827209e-03,1.232889387756586075e-02,-1.865006424486637115e-02,1.924757147207856178e-03,1.874148659408092499e-02,-1.630084821954369545e-03,2.998637780547142029e-02,3.389139892533421516e-03,-3.562841191887855530e-02,6.908882409334182739e-03,7.986354641616344452e-03,2.915051952004432678e-02,-1.571150310337543488e-02,-9.840913116931915283e-03,1.015435904264450073e-03,-1.356961950659751892e-02,-9.932334534823894501e-03,8.417343720793724060e-03,1.729179546236991882e-02,-2.046544104814529419e-02,2.886319346725940704e-02,6.562785245478153229e-03,6.993773858994245529e-03,-4.249811545014381409e-02,-2.302525378763675690e-02,-3.033247543498873711e-03,3.696056082844734192e-03,-1.243990613147616386e-03,2.404395490884780884e-02,-2.988189458847045898e-02,-6.797870155423879623e-03,3.173645213246345520e-02,4.368660040199756622e-03,9.880093857645988464e-03,-9.579706937074661255e-03,-7.588016334921121597e-03,-1.498012803494930267e-02,1.050698664039373398e-02,4.306623712182044983e-03,9.070356376469135284e-03,2.390029281377792358e-02,-4.744142759591341019e-03,-9.664598852396011353e-03,2.083112858235836029e-02,-1.518256263807415962e-03,-1.458832062780857086e-02,3.238946665078401566e-03,-1.125631970353424549e-03,1.267499104142189026e-02,-1.595964841544628143e-02,5.919566843658685684e-03,-2.631644252687692642e-03,5.410216283053159714e-03,-1.968182623386383057e-02,-2.708699740469455719e-02,-1.417039148509502411e-02,1.479728426784276962e-02,-4.035623278468847275e-03,-3.664711490273475647e-02,-1.121224090456962585e-02,4.590684548020362854e-03,-1.423569303005933762e-02,-2.610013179946690798e-04,2.187594957649707794e-02,6.409327033907175064e-03,-8.469584397971630096e-03,2.427903935313224792e-02,1.411815080791711807e-02,-3.155361115932464600e-02,1.457525976002216339e-02,2.794897556304931641e-02,-6.823990494012832642e-03,-2.272486872971057892e-02,1.241541816852986813e-03,2.534998208284378052e-02,1.648205891251564026e-02,2.047850191593170166e-02,1.319087203592061996e-02,-3.526272624731063843e-02,8.005945011973381042e-03,2.647316455841064453e-02,-2.695639431476593018e-02,4.946576897054910660e-03,-1.406591013073921204e-02,1.367410179227590561e-02,-4.672311246395111084e-03,5.766108632087707520e-03,-3.395669907331466675e-02,1.214605011045932770e-02,8.097366429865360260e-03,1.505849044770002365e-02,-1.970794610679149628e-02,6.448507774621248245e-03,2.354766428470611572e-02,-3.183440538123250008e-03,-2.088337019085884094e-02,2.093561179935932159e-02,1.857170276343822479e-02,-3.150136768817901611e-02,-2.013893425464630127e-02,2.520631998777389526e-03,1.042209472507238388e-02,-1.025231089442968369e-02,8.149608038365840912e-03,3.737848997116088867e-02,-5.162887391634285450e-04,2.972517162561416626e-02,7.072135806083679199e-03,2.188901044428348541e-02,1.887208898551762104e-03,1.692610792815685272e-02,-5.146562471054494381e-04,1.211992930620908737e-02,9.547056630253791809e-03,1.392224710434675217e-02,-1.003681682050228119e-02,1.509767118841409683e-02,-4.908049106597900391e-02,-2.538916282355785370e-02,9.938864968717098236e-03,-3.003861941397190094e-02,1.586822606623172760e-02,2.301219478249549866e-02,-5.788964219391345978e-03,-2.480144985020160675e-02,1.652123988606035709e-03,-1.196320634335279465e-02,-2.536304295063018799e-02,-1.023925095796585083e-02,1.486258581280708313e-02,-1.225053239613771439e-02,-2.337788231670856476e-02,2.204573340713977814e-02,2.000833116471767426e-02,-6.073025055229663849e-03,-2.232000045478343964e-02,1.659470377489924431e-03,-1.810153201222419739e-02,-1.644287817180156708e-02,1.592046767473220825e-02,1.239419542253017426e-02,-1.772278547286987305e-02,1.807214692234992981e-03,8.672018535435199738e-03,-1.454913988709449768e-02,3.312084078788757324e-02,1.488870661705732346e-02,-5.462457425892353058e-03,-4.600479733198881149e-03,1.285620266571640968e-03,-2.940193051472306252e-03,1.542417798191308975e-02,2.672130987048149109e-02,5.803657113574445248e-04,-7.490064017474651337e-03,4.705778264906257391e-04,9.481755085289478302e-03,-1.581598632037639618e-02,5.586530081927776337e-03,-4.675576463341712952e-03,4.097659606486558914e-03,3.816863521933555603e-03,3.074387274682521820e-02,8.456524461507797241e-03,1.764442399144172668e-02,1.334106456488370895e-02,3.237314056605100632e-03,1.716119423508644104e-02,2.558506652712821960e-02,5.628976039588451385e-03,-3.624224569648504257e-03,2.758328802883625031e-02,4.104189574718475342e-03,-6.830520462244749069e-03,4.529301449656486511e-02,-1.842803880572319031e-02,1.180648338049650192e-02,-3.152748942375183105e-02,5.041263997554779053e-03,-6.683592684566974640e-03,1.905493251979351044e-02,-9.436043910682201385e-03,-7.117846515029668808e-03,-5.365158617496490479e-02,-1.688692718744277954e-02,-7.222328800708055496e-03,1.733097620308399200e-02,3.168421238660812378e-02,1.470096525736153126e-03,5.297571769915521145e-04,1.381776481866836548e-02,-5.100035108625888824e-03,2.054380252957344055e-02,1.259662955999374390e-02,3.039777511730790138e-03,-1.254438795149326324e-02,-3.539332747459411621e-02,9.756021201610565186e-03,1.803623139858245850e-02,-7.209268398582935333e-03,-9.233609773218631744e-03,-1.226359233260154724e-02,-1.372634246945381165e-02,-1.892432942986488342e-02,1.799705065786838531e-02,-9.945394471287727356e-03,-7.525979890488088131e-04,5.217577330768108368e-03,-6.099145393818616867e-03,-1.098368596285581589e-02,1.145385578274726868e-02,-2.677355147898197174e-02,-7.568425964564085007e-03,2.742656506597995758e-02,-1.531969569623470306e-02,-1.475810352712869644e-02,3.142300620675086975e-02,3.178869560360908508e-02,2.387417107820510864e-02,7.352931424975395203e-03,-1.916186301968991756e-04,3.594186156988143921e-02,-2.754084300249814987e-03,1.154527813196182251e-02,-1.714813336730003357e-02,1.214605057612061501e-03,-1.202850788831710815e-02,-1.138202473521232605e-02,-8.136547170579433441e-03,2.234612032771110535e-02,1.465362217277288437e-02,2.255508489906787872e-02,9.547056630253791809e-03,4.450286738574504852e-03,6.935002747923135757e-03,3.500152006745338440e-02,4.200182482600212097e-02,-5.397156346589326859e-03,-4.283768124878406525e-03,-1.842803880572319031e-02,-1.560702174901962280e-02,-2.920276112854480743e-02,-1.219176128506660461e-02,-1.164975948631763458e-02,2.792285569012165070e-02,3.519742516800761223e-03,1.497033284977078438e-03,8.521825075149536133e-03,-1.109469868242740631e-02,4.665781278163194656e-03,4.584154486656188965e-02,2.255508489906787872e-02,-1.309291925281286240e-02,-2.030871808528900146e-02,2.856933744624257088e-03,-4.071538802236318588e-03,7.091726176440715790e-03,-2.967293187975883484e-02,-4.147941246628761292e-02,-1.076166145503520966e-02,-3.225886449217796326e-02,-1.036332361400127411e-02,-9.050766006112098694e-03,-1.439078361727297306e-03,8.776500821113586426e-03,4.283768124878406525e-03,-8.195319212973117828e-03,-6.667267531156539917e-03,3.923304751515388489e-02,-2.598993480205535889e-02,2.561445347964763641e-03,3.132424026262015104e-04,-9.063826873898506165e-03,-1.914635486900806427e-02,1.337861292995512486e-03,-6.856641266494989395e-03,3.730012848973274231e-02,1.880678720772266388e-02,6.712978240102529526e-03,-3.398935077711939812e-03,-7.111316546797752380e-03,-1.716119423508644104e-02,-1.103592757135629654e-02,2.614665776491165161e-02,-8.371632546186447144e-03,3.813598537817597389e-03,1.044821552932262421e-02,-8.019004948437213898e-03,-2.797509543597698212e-02,-1.773584447801113129e-02,1.687386818230152130e-02,-2.572872908785939217e-03,1.857823226600885391e-03,-3.607246279716491699e-02,-2.422679960727691650e-02,9.070356376469135284e-03,9.230998158454895020e-02,-1.611637137830257416e-02,-1.334759499877691269e-02,5.328589584678411484e-03,-1.678244583308696747e-02,1.206115819513797760e-02,-3.126628324389457703e-02,-1.264234073460102081e-02,2.633276628330349922e-03,-6.650941912084817886e-03,-2.119681611657142639e-02,1.278600376099348068e-02,7.294160313904285431e-03,-1.611637137830257416e-02,2.816120395436882973e-03,1.262927986681461334e-02,-1.498012803494930267e-02,-6.683592684566974640e-03,-1.098368596285581589e-02,6.004458758980035782e-03,-3.513212502002716064e-02,-1.972100697457790375e-03,-1.995609141886234283e-02,2.215021662414073944e-02,-1.592046767473220825e-02,-1.319740153849124908e-02,1.893739029765129089e-02,2.237224020063877106e-02,7.091726176440715790e-03,5.612650420516729355e-03,1.461444050073623657e-02,2.145802229642868042e-02,1.833661831915378571e-02,2.593769505620002747e-02,-3.063939139246940613e-02,-1.691304892301559448e-02,-7.803510874509811401e-03,3.656875342130661011e-02,3.385874675586819649e-03,-1.495400816202163696e-02,3.366284305229783058e-03,1.737015694379806519e-02,2.157556451857089996e-02,-2.427577506750822067e-03,-7.085195742547512054e-03,3.063041076529771090e-04,-1.870230585336685181e-02,2.348236367106437683e-02,-1.500624883919954300e-02,-2.651234529912471771e-02,3.743072971701622009e-02,-2.136659994721412659e-02,-4.270707815885543823e-02,1.208074856549501419e-03,-3.996442072093486786e-03,-1.569844409823417664e-02,4.094394389539957047e-03,-5.361240357160568237e-03,-1.068983040750026703e-02,1.351737882941961288e-02,-2.504959516227245331e-02,-3.424402698874473572e-02,1.926389709115028381e-02,-6.882761605083942413e-03,-2.551976591348648071e-02,3.500152146443724632e-03,-1.516297180205583572e-02,1.568538323044776917e-02,-1.603964250534772873e-03,-3.142627188935875893e-03,-1.366104092448949814e-02,1.941694645211100578e-04,-2.532386220991611481e-02,2.920276112854480743e-02,3.181481361389160156e-02,2.327339909970760345e-02,-2.634909236803650856e-03,-5.880386102944612503e-03,1.518909260630607605e-02,-2.863055851776152849e-04,-9.403393603861331940e-03,-2.597687579691410065e-02,6.050169467926025391e-03,-1.932919770479202271e-02,-4.098312556743621826e-02,3.463583439588546753e-02,2.396559342741966248e-03,-2.787061408162117004e-02,-1.018700934946537018e-02,2.006057277321815491e-02,-1.105551794171333313e-02,-9.344622492790222168e-03,3.693443909287452698e-02,-1.206115819513797760e-02,1.143426541239023209e-02,5.498373415321111679e-03,7.157027255743741989e-03,-7.346401456743478775e-03,-8.188788779079914093e-03,-1.653430052101612091e-02,-3.434850648045539856e-02,5.870590917766094208e-03,-2.814488019794225693e-03,-2.288159169256687164e-02,2.012587524950504303e-02,-1.070125843398272991e-03,-8.090836927294731140e-03,1.705671101808547974e-02,-8.305514929816126823e-04,-9.729900397360324860e-03,1.908105239272117615e-02,-1.880678720772266388e-02,-3.474031575024127960e-03,-3.283351659774780273e-02,-3.395669907331466675e-02,1.976018771529197693e-02,8.358571678400039673e-03,3.711728379130363464e-02,2.053074352443218231e-02,1.263580983504652977e-03,-3.871063888072967529e-02,-4.249811545014381409e-02,1.511073112487792969e-02,3.269964829087257385e-03,-3.959873691201210022e-02,3.003861941397190094e-02,1.121877133846282959e-02,-2.664294838905334473e-02,1.087920367717742920e-02,1.630901126191020012e-03,-1.632533594965934753e-02,-4.567828960716724396e-03,2.821018174290657043e-02,1.243174308910965919e-03,-4.252423718571662903e-02,-2.264650724828243256e-02,-8.508765138685703278e-03,1.234848424792289734e-02,-1.845416054129600525e-02,1.940755918622016907e-02,-2.938560582697391510e-02,2.134048007428646088e-02,-1.802317053079605103e-02,-2.930724434554576874e-02,-2.396559342741966248e-03,-4.424818977713584900e-02,-7.235389202833175659e-03,2.617277950048446655e-02,1.033067237585783005e-02,1.014782860875129700e-02,-1.440547686070203781e-02,1.626003533601760864e-02,-4.065008834004402161e-03,2.690415456891059875e-02,4.450939595699310303e-02,-3.651651367545127869e-02,-1.692610792815685272e-02,-1.191749516874551773e-02,2.619889937341213226e-02,-3.901755437254905701e-03,1.817989349365234375e-02,-1.396142784506082535e-02,-1.141467504203319550e-02,3.745032008737325668e-03,3.162217559292912483e-03,-1.199585665017366409e-02,-1.759218238294124603e-02,-3.223274275660514832e-02,-2.318197675049304962e-02,1.474504359066486359e-02,1.539805717766284943e-02,5.599590367637574673e-04,2.469696849584579468e-02,-1.402346417307853699e-03,4.848625045269727707e-03,2.541528269648551941e-02,-6.536664441227912903e-03,1.929654739797115326e-03,-1.287742517888545990e-02,-2.726984210312366486e-02,-7.803510874509811401e-03,-2.465778775513172150e-02,-5.593060050159692764e-03,-9.155248291790485382e-03,-9.233609773218631744e-03,-6.823990494012832642e-03,3.050878830254077911e-02,-1.094450522214174271e-02,1.210033893585205078e-02,-1.507155038416385651e-02,2.156250365078449249e-02,-1.752688176929950714e-02,3.056102991104125977e-02,-1.183260325342416763e-02,-6.526869256049394608e-03,-1.181301288306713104e-02,3.225886449217796326e-02,8.763440884649753571e-03,-2.265956718474626541e-03,2.245060168206691742e-02,2.058298327028751373e-02,6.157916970551013947e-03,-2.302525378763675690e-02,-2.350848354399204254e-02,-1.921165548264980316e-02,4.889764636754989624e-02,-1.411815080791711807e-02,6.043639499694108963e-03,7.418232969939708710e-03,-2.058298327028751373e-02,-3.256904659792780876e-03,-1.076819188892841339e-02,-1.687386818230152130e-02,-2.401783503592014313e-02,2.776613272726535797e-02,-1.614249311387538910e-02,-5.880386102944612503e-03,6.712978240102529526e-03,-8.038595318794250488e-03,-1.501930970698595047e-02,5.057589150965213776e-03,-1.477116439491510391e-02,1.739627867937088013e-02,-4.515587817877531052e-03,3.606878817663528025e-05,1.531969569623470306e-02,6.889292038977146149e-03,-2.933336421847343445e-02,-3.431585617363452911e-03,1.343901641666889191e-02,-9.880093857645988464e-03,2.771389111876487732e-02,2.145802229642868042e-02,-1.196320634335279465e-02,-3.976851701736450195e-03,7.424762938171625137e-03,-3.480561776086688042e-03,-2.414843812584877014e-02,-2.854974754154682159e-02,1.467974204570055008e-02,7.712088990956544876e-03,-3.967056516557931900e-03,2.401456935331225395e-03,-8.783031255006790161e-03,1.778808608651161194e-02,6.608495954424142838e-03,4.848624812439084053e-04,-7.098256144672632217e-03,-4.847971722483634949e-02,-1.787950843572616577e-02,-1.820601522922515869e-02,-2.668212912976741791e-02,-3.014310076832771301e-02,2.623808011412620544e-02,3.130383265670388937e-04,-6.079555023461580276e-03,1.112081855535507202e-02,-4.241322167217731476e-03,-1.918553560972213745e-02,2.695639431476593018e-02,-1.445771753787994385e-02,2.067440561950206757e-02,4.691901616752147675e-03,-1.297537703067064285e-02,1.752688176929950714e-02,7.052545435726642609e-03,-2.352154441177845001e-02,-1.120734377764165401e-03,-1.501930970698595047e-02,2.200655266642570496e-02,-1.084002293646335602e-02,2.552874502725899220e-04,-2.063522581011056900e-03,2.886319346725940704e-02,1.714813336730003357e-02,-8.508765138685703278e-03,1.959040295332670212e-03,-9.880093857645988464e-03,-2.865423075854778290e-02,-1.103592757135629654e-02,1.851946115493774414e-02,-3.745032008737325668e-03,3.356489166617393494e-02,-5.295939277857542038e-03,-1.213951967656612396e-02,-2.301219478249549866e-02,1.182607375085353851e-02,-2.275751903653144836e-03,9.808261878788471222e-03,-1.399081316776573658e-03,-1.133631356060504913e-02,-1.166934985667467117e-02,-7.359461393207311630e-03,1.939450018107891083e-02,2.644704363774508238e-04,-5.932627245783805847e-03,-5.743253044784069061e-03,4.132268950343132019e-02,-3.147524967789649963e-02,1.048086583614349365e-02,6.505646742880344391e-04,-2.201961353421211243e-02,-1.658654212951660156e-02,1.945980079472064972e-02,4.544973745942115784e-02,-1.093144528567790985e-02,1.974712684750556946e-02,-2.708699740469455719e-02,-1.353043876588344574e-02,2.719148062169551849e-02,1.542417798191308975e-02,1.720037497580051422e-02,1.752688176929950714e-02,-1.531969569623470306e-02,1.315169129520654678e-02,-1.823540078476071358e-03,2.471002936363220215e-02,-2.177146822214126587e-02,-2.836690470576286316e-02,2.081806957721710205e-02,-2.147108130156993866e-02,9.129128418862819672e-03,1.881984807550907135e-02,-1.603800989687442780e-02,-3.234457108192145824e-04,2.925500273704528809e-02,-7.346401456743478775e-03,-1.005640719085931778e-03,-1.696528866887092590e-02,-8.985465392470359802e-03,1.082696299999952316e-02,8.214909583330154419e-03,-1.811459288001060486e-02,-1.725261472165584564e-02,-1.008905749768018723e-02,-9.116067551076412201e-03,-1.539479242637753487e-03,2.004751237109303474e-03,-1.251173764467239380e-02,-1.450995914638042450e-02,2.173228748142719269e-02,7.091726176440715790e-03,-1.139508467167615891e-02,-1.893738983199000359e-03,-6.386471446603536606e-03,1.163669954985380173e-02,3.702586283907294273e-03,3.382609691470861435e-03,-1.972100697457790375e-02,-3.824046626687049866e-02,-1.231583394110202789e-02,4.085252061486244202e-02,7.086215919116511941e-05,-5.988133139908313751e-03,1.257050875574350357e-02,-2.724698511883616447e-03,-5.062160268425941467e-02,-5.802024621516466141e-03,9.566647000610828400e-03,-3.137729596346616745e-03,1.693916879594326019e-02,2.627726085484027863e-02,2.928112260997295380e-02,1.448383834213018417e-02,-2.924275759141892195e-04,1.716119423508644104e-02,-2.734493697062134743e-03,-1.612943224608898163e-02,2.158862538635730743e-02,-3.084835596382617950e-02,-5.886916071176528931e-03,1.339983567595481873e-02,-6.882761605083942413e-03,-2.832445781677961349e-03,3.332980722188949585e-02,-1.880678720772266388e-02,4.326213966123759747e-04,5.965278018265962601e-03,2.981006400659680367e-03,-1.545029785484075546e-02,-4.375190008431673050e-03,-1.703059114515781403e-02,-1.599882915616035461e-02,1.278600376099348068e-02,1.305373851209878922e-02,-3.445298969745635986e-02,1.653430052101612091e-02,5.442867055535316467e-03,1.592046767473220825e-02,-1.087920367717742920e-02,9.618887677788734436e-03,2.050462178885936737e-03,-2.251263940706849098e-03,-2.765511861070990562e-03,2.287179697304964066e-03,-9.468695148825645447e-03,-1.450995914638042450e-02,-1.242684572935104370e-02,3.043042682111263275e-02,9.951924905180931091e-03,9.011585498228669167e-04,1.257050875574350357e-02,-3.442686796188354492e-02,2.522264549043029547e-04,1.556784100830554962e-02,-1.042862515896558762e-02,2.894482109695672989e-03,-4.336009267717599869e-03,1.025231089442968369e-03,-1.555478014051914215e-02,-1.212645974010229111e-02,-1.693916879594326019e-02,-1.656042039394378662e-02,-2.673437073826789856e-02,1.249214727431535721e-02,-3.323838347569108009e-03,-1.134937349706888199e-02,-2.737432345747947693e-02,2.644704468548297882e-02,3.113568201661109924e-02,-1.939450018107891083e-02,-6.167712155729532242e-03,-3.519742516800761223e-03,1.060493849217891693e-02,-1.541111711412668228e-02,-2.124905772507190704e-02,7.712088990956544876e-03,-2.314279600977897644e-02,-1.525439415127038956e-02,1.491482742130756378e-02,1.037638355046510696e-02,-1.575068384408950806e-02,-2.137966081500053406e-02,-9.716840460896492004e-03,-2.083112858235836029e-02,8.580597117543220520e-03,2.079194784164428711e-01,-1.620779372751712799e-02,-1.221788115799427032e-02,3.850167244672775269e-02,-4.182551056146621704e-03,5.981603171676397324e-03,2.272486872971057892e-02,1.657348126173019409e-02,-1.610331237316131592e-02,1.823213510215282440e-02,-3.095283731818199158e-02,-6.131796166300773621e-03,-1.646899990737438202e-02,4.633130505681037903e-03,2.574178948998451233e-02,-6.718202680349349976e-02,-3.327756375074386597e-02,-4.858420044183731079e-02,-1.868924498558044434e-02,-3.306860104203224182e-02,4.623335320502519608e-03,-1.414427161216735840e-02,2.512795664370059967e-02,-1.187178492546081543e-02,1.662572287023067474e-02,1.508461078628897667e-03,1.106204744428396225e-02,1.342595648020505905e-02,3.319920226931571960e-02,2.845506183803081512e-03,-2.896767668426036835e-02,-1.372634246945381165e-02,1.235501468181610107e-02,3.411995247006416321e-03,-7.940643467009067535e-03,1.761830225586891174e-02,3.954649344086647034e-02,3.067530691623687744e-03,1.258683390915393829e-03,2.339094132184982300e-02,2.557200752198696136e-02,-1.611637137830257416e-02,1.034373324364423752e-02,-8.143077604472637177e-03,-3.953996580094099045e-03,1.645593903958797455e-02,-4.159695468842983246e-03,-1.383082475513219833e-02,3.009085915982723236e-02,3.653610125184059143e-03,-1.235501468181610107e-02,-6.203627679497003555e-03,3.043042682111263275e-02,2.504959516227245331e-02,2.162780612707138062e-02,5.047793965786695480e-03,3.741767024621367455e-03,1.241378579288721085e-02,-2.079194784164428711e-02,-1.743545942008495331e-02,-1.706977188587188721e-02,1.704365015029907227e-02,-6.961123552173376083e-03,7.574955932796001434e-03,-4.659250844269990921e-03,3.844943270087242126e-02,-8.802621625363826752e-03,-3.019534237682819366e-02,4.479672294110059738e-03,-2.390029281377792358e-02,-1.581925083883106709e-03,-2.019117586314678192e-02,2.130456268787384033e-03,1.183913368731737137e-02,2.524550072848796844e-02,-1.283987658098340034e-03,1.772931544110178947e-03,3.451175987720489502e-03,2.117069624364376068e-02,3.416566178202629089e-02,-4.009502474218606949e-03,-2.787061408162117004e-02,1.040250435471534729e-02,1.753341057337820530e-03,2.739391522482037544e-03,-4.296828527003526688e-03,1.251337002031505108e-03,1.888841390609741211e-03,-1.559885917231440544e-03,3.836453892290592194e-03,2.824283204972743988e-03,2.909174887463450432e-03,-1.377858407795429230e-02,2.567975316196680069e-03,-5.758762126788496971e-04,5.420011468231678009e-03,8.574066683650016785e-03,-1.481034513562917709e-02,-3.701280057430267334e-02,1.624697446823120117e-02,-2.652540616691112518e-02,-2.383499173447489738e-03,1.986466906964778900e-02,1.750076003372669220e-02,-1.309944968670606613e-02,-5.232270341366529465e-04,1.127101201564073563e-02,2.938560582697391510e-02,4.770263098180294037e-03,-1.744851842522621155e-02,1.142773544415831566e-03,-7.744739297777414322e-03,-1.018700934946537018e-02,5.044529098086059093e-04,2.353460527956485748e-02,1.613759435713291168e-03,-2.259426563978195190e-02,-1.021313015371561050e-02,3.144912794232368469e-02,-1.375409541651606560e-03,2.322115749120712280e-02,-1.113387942314147949e-02,1.093144528567790985e-02,1.325617264956235886e-02,1.742239855229854584e-02,4.881275526713579893e-04,-1.618167385458946228e-02,2.359990589320659637e-02,1.341289654374122620e-02,-1.032414287328720093e-02,4.682106431573629379e-03,-1.367410179227590561e-02,1.543723791837692261e-02,1.530663482844829559e-02,7.496594451367855072e-03,4.913926124572753906e-03,-7.320280652493238449e-03,-3.327756375074386597e-02,-2.188901044428348541e-02,-4.633130505681037903e-03,-6.471363361924886703e-03,1.716119423508644104e-02,5.037998780608177185e-03,-7.529245223850011826e-03,-1.334106456488370895e-02,-1.884596794843673706e-02,2.376968972384929657e-02,-3.152422374114394188e-03,5.230637732893228531e-03,-2.053074352443218231e-02,-3.970321733504533768e-03,6.337495520710945129e-03,6.020783912390470505e-03,-4.773528315126895905e-03,2.288159169256687164e-02,1.222441159188747406e-02,-1.190443523228168488e-02,4.848625045269727707e-03,-2.282282104715704918e-03,1.149303652346134186e-02,-5.012531206011772156e-02,-4.127045162022113800e-03,3.897184133529663086e-02,-1.801011152565479279e-02,-2.123599685728549957e-02,-5.782434251159429550e-03,-1.627831906080245972e-01,1.571150310337543488e-02,2.949008718132972717e-02,1.671714335680007935e-02,2.256814390420913696e-02,1.321536023169755936e-03,3.178869560360908508e-02,2.482757158577442169e-02,-3.914815839380025864e-03,-6.850111298263072968e-03,1.089226454496383667e-02,-4.339274484664201736e-03,-2.531080134212970734e-02,-8.791193831712007523e-04,-1.508461032062768936e-02,-1.837579905986785889e-02,-4.038235172629356384e-02,-1.678244583308696747e-02,3.541944921016693115e-02,1.696528866887092590e-02,1.389612630009651184e-02,6.102410610765218735e-03,-1.802317053079605103e-02,-2.315585687756538391e-02,2.232000045478343964e-02,1.128407195210456848e-02,6.135061383247375488e-03,2.265956625342369080e-02,-2.451412566006183624e-02,-3.343428950756788254e-03,-3.763969615101814270e-02,1.091838441789150238e-02,2.541528269648551941e-02,-1.794480904936790466e-02,1.140814460813999176e-02,1.879372633993625641e-02,-2.033483795821666718e-02,1.444465760141611099e-02,-1.313863042742013931e-02,-6.360351108014583588e-03,1.014129910618066788e-02,-2.419414930045604706e-03,5.100035108625888824e-03,-2.171922661364078522e-02,9.618887677788734436e-03,3.774417564272880554e-02,1.602495089173316956e-02,-5.890181288123130798e-03,2.473614923655986786e-02,-1.032414287328720093e-02,-6.004458758980035782e-03,-1.794480904936790466e-02,-1.087267417460680008e-02,1.333453506231307983e-02,-1.567232236266136169e-02,2.134048007428646088e-02,-6.161181721836328506e-03,2.951620705425739288e-02,-1.409203000366687775e-02,-1.002375688403844833e-02,-2.961416030302643776e-03,-6.046904716640710831e-03,2.400477416813373566e-02,-8.201848715543746948e-03,-1.624697446823120117e-02,-7.901462726294994354e-03,-2.776939654722809792e-03,-8.561006747186183929e-03,-1.432711537927389145e-02,3.950731363147497177e-03,-2.222857810556888580e-02,-3.014310076832771301e-02,1.380470395088195801e-02,-1.499318890273571014e-02,1.134937349706888199e-02,1.955122314393520355e-02,9.387068566866219044e-04,1.636451669037342072e-02,1.688692718744277954e-02,2.375336363911628723e-03,-1.910064369440078735e-03,2.760940790176391602e-02,-5.227372515946626663e-03,9.873563423752784729e-03,-1.313863042742013931e-02,-1.855864189565181732e-02,3.034879919141530991e-03,-1.931613869965076447e-02,-5.415930063463747501e-04,2.049156278371810913e-02,9.899684228003025055e-03,-3.165809065103530884e-02,-1.686080731451511383e-02,-1.787950843572616577e-02,2.279016934335231781e-02,3.037818521261215210e-02,1.466831425204873085e-03,5.844470579177141190e-03,-7.594546303153038025e-03,-8.234499953687191010e-03,4.518853034824132919e-03,-1.103592757135629654e-02,-1.915941387414932251e-02,1.056575775146484375e-02,1.398754771798849106e-02,-1.512379106134176254e-02,2.847138606011867523e-02,2.836690470576286316e-02,5.976378917694091797e-02,-6.980713922530412674e-03,-2.173228748142719269e-02,1.179342251271009445e-02,2.753104642033576965e-02,1.336718536913394928e-02,1.705671101808547974e-02,1.036985311657190323e-02,-8.645897731184959412e-03,-8.071246556937694550e-03,4.518853034824132919e-03,8.513662614859640598e-04,5.537553876638412476e-02,8.789560757577419281e-03,1.118612010031938553e-02,-1.021966058760881424e-02,-3.635978698730468750e-02,-1.863700337707996368e-02,-1.419912427663803101e-01,-3.643815219402313232e-02,9.246670641005039215e-03,2.674743160605430603e-02,4.345804452896118164e-03,3.989912103861570358e-03,6.112205795943737030e-03,1.744851842522621155e-02,-2.046544104814529419e-02,1.731791719794273376e-02,9.690719656646251678e-03,-2.776613272726535797e-02,9.044236503541469574e-03,-1.095756608992815018e-02,-8.658958598971366882e-03,-2.019117586314678192e-02,8.175727911293506622e-03,-1.409203000366687775e-02,-2.477532997727394104e-02,2.600299566984176636e-02,1.671714335680007935e-02,5.720397923141717911e-03,1.539805717766284943e-02,-1.833661831915378571e-02,-8.045125752687454224e-03,-1.373940333724021912e-02,-2.119681611657142639e-02,8.920163847506046295e-03,2.649928629398345947e-02,6.993773858994245529e-03,-3.093651321250945330e-04,-1.208727899938821793e-02,2.600626088678836823e-03,5.158806452527642250e-04,-3.691056554089300334e-05,-1.401366852223873138e-02,-1.700446940958499908e-02,-1.632533594965934753e-02,3.246782720088958740e-02,-2.621196024119853973e-02,9.429514408111572266e-03,-5.067384336143732071e-03,-1.606413163244724274e-02,-1.484952587634325027e-02,2.218939736485481262e-02,-1.004987675696611404e-02,1.163669954985380173e-02,1.184566412121057510e-02,1.296884752810001373e-02,-7.313750684261322021e-03,-4.464000090956687927e-02,-1.257050875574350357e-02,-1.036985311657190323e-02,-2.148414216935634613e-02,1.642981916666030884e-02,-2.132088877260684967e-03,-1.678244583308696747e-02,1.363492105156183243e-02,-7.202738430351018906e-03,-1.607719063758850098e-02,-1.461444050073623657e-02,-1.333453506231307983e-02,5.514698568731546402e-03,2.245060168206691742e-02,2.326033823192119598e-02,-9.155248291790485382e-03,-1.133631356060504913e-02,-7.346401456743478775e-03,2.354766428470611572e-02,-1.326433615759015083e-03,-6.148121785372495651e-03,1.221788115799427032e-02,-1.969488523900508881e-02,3.246782720088958740e-02,-9.462164714932441711e-03,-2.574505517259240150e-03,-1.227665320038795471e-02,-1.953816227614879608e-02,2.461044350638985634e-04,-1.927695609629154205e-02,-3.003861941397190094e-02,-1.245949696749448776e-02,1.504542957991361618e-02,6.262398790568113327e-03,2.314279600977897644e-02,1.057881768792867661e-02,1.389612630009651184e-02,6.059964653104543686e-03,-2.388723194599151611e-02,-9.821321815252304077e-03,8.783031255006790161e-03,-4.140105098485946655e-03,1.999527215957641602e-02,-9.514406323432922363e-03,-2.217633649706840515e-02,2.878483198583126068e-02,2.845506183803081512e-03,-1.241378579288721085e-02,-2.481451025232672691e-03,-7.588016334921121597e-03,-8.900573477149009705e-03,-1.717425324022769928e-02,-2.619889937341213226e-02,3.521048650145530701e-02,-4.168837890028953552e-02,-7.424762938171625137e-03,1.573762390762567520e-03,-1.782726682722568512e-02,-1.108816824853420258e-02,-2.216327562928199768e-02,-1.458832062780857086e-02,1.116652972996234894e-02,2.361051738262176514e-04,2.589851245284080505e-02,1.016252208501100540e-03,-4.136840347200632095e-03,-7.777390070259571075e-03,7.953703403472900391e-03,1.565926335752010345e-02,-1.027190126478672028e-02,2.943458035588264465e-03,1.678244583308696747e-02,1.044168509542942047e-02,7.731679361313581467e-03,-9.233609773218631744e-03,2.920276112854480743e-02,-2.228408411610871553e-04,1.838232856243848801e-03,-3.484479710459709167e-02,1.654736138880252838e-02,8.260619943030178547e-04,-9.325032122433185577e-03,1.212645974010229111e-02,-1.525439415127038956e-02,1.602495089173316956e-02,2.233305945992469788e-02,1.026537176221609116e-02,-3.188338130712509155e-03,1.422263309359550476e-02,3.225886449217796326e-02,1.517603266984224319e-02,5.365158617496490479e-02,-1.533275563269853592e-02,-1.210686936974525452e-02,2.385131549090147018e-03,1.453607901930809021e-02,-3.675159811973571777e-02,-1.440547686070203781e-02,-2.336482144892215729e-02,3.289555199444293976e-03,4.100924357771873474e-02,-8.051656186580657959e-03,2.285546995699405670e-02,2.766164951026439667e-02,-9.083417244255542755e-03,-3.366937488317489624e-02,-5.563674494624137878e-03,-9.377272799611091614e-03,3.980769962072372437e-02,-3.823393722996115685e-03,1.192402560263872147e-02,-3.087447583675384521e-02,4.905436933040618896e-02,2.591647207736968994e-04,-1.169547066092491150e-02,-2.597687579691410065e-02,4.293563310056924820e-03,9.377272799611091614e-03,4.704962018877267838e-03,2.375662885606288910e-02,8.861392736434936523e-03,-2.254202403128147125e-02,5.766108632087707520e-03,3.093651263043284416e-03,1.191096566617488861e-02,-9.298911318182945251e-03,1.049392577260732651e-02,-2.238530106842517853e-02,-2.016179030761122704e-03,6.750526372343301773e-04,-2.839302457869052887e-02,2.094540745019912720e-03,1.744851842522621155e-02,-2.894155681133270264e-02,-6.458302959799766541e-03,1.816683448851108551e-02,-7.938194903545081615e-04,1.239093020558357239e-03,-7.509654853492975235e-03,1.185219385661184788e-03,6.347290705889463425e-03,-2.470023464411497116e-03,-2.056992426514625549e-02,8.404282853007316589e-03,1.151752425357699394e-03,-1.586822606623172760e-02,7.268039509654045105e-03,-1.321699190884828568e-02,-3.730012848973274231e-02,3.074387274682521820e-02,-1.163016911596059799e-02,4.087864235043525696e-02,9.285851381719112396e-03,-1.392224710434675217e-02,1.559069612994790077e-03,-1.195014640688896179e-02,7.679438218474388123e-03,2.141884155571460724e-02,-4.168837890028953552e-02,-3.043042682111263275e-02,-1.717425324022769928e-02,7.085195742547512054e-03,-3.183440538123250008e-03,-4.509057849645614624e-03,9.377272799611091614e-03,-4.244587384164333344e-03,-8.247559890151023865e-03,-9.460532455705106258e-04,1.588128693401813507e-02,-1.268805097788572311e-02,-2.763552963733673096e-02,3.912856429815292358e-02,2.468390762805938721e-02,1.230930350720882416e-02,2.450106479227542877e-02,-1.574578694999217987e-03,7.881872355937957764e-03,1.764442399144172668e-02,1.260968949645757675e-02,-1.517603266984224319e-02,-2.901012310758233070e-03,-2.787061408162117004e-02,2.525855973362922668e-02,1.820274977944791317e-03,-2.673437073826789856e-02,-2.179758809506893158e-02,1.037638355046510696e-02,7.313750684261322021e-03,-7.881872355937957764e-03,3.777029737830162048e-02,-8.698139339685440063e-03,5.412175506353378296e-02,-2.234938554465770721e-03,-3.696056082844734192e-03,-2.661029808223247528e-03,7.379051763564348221e-03,2.073970623314380646e-02,1.371328253298997879e-02,-9.844177402555942535e-04,9.756021201610565186e-03,-1.297537703067064285e-02,1.166934985667467117e-02,-1.208727899938821793e-02,2.646010555326938629e-02,-2.886319346725940704e-02,-3.863227739930152893e-02,-1.053310651332139969e-02,9.050766006112098694e-03,-3.594839014112949371e-03,1.761503750458359718e-03,1.241378579288721085e-02,3.476643562316894531e-02,1.479891710914671421e-03,-4.655986092984676361e-03,-8.391222916543483734e-03,-7.535775192081928253e-03,-1.031761243939399719e-02,2.118375711143016815e-02,-6.285254377871751785e-03,-8.345511741936206818e-03,-3.413954377174377441e-02,1.768360473215579987e-02,-3.692791098728775978e-03,-4.302052780985832214e-02,-1.080737262964248657e-02,2.951620845124125481e-03,-6.177507340908050537e-03,-4.198876675218343735e-03,-4.466611891984939575e-03,1.197626627981662750e-02,-2.011281438171863556e-02,4.397637530928477645e-05,4.207855381537228823e-04,-1.017394941300153732e-02,-9.958455339074134827e-03,5.106564983725547791e-02,-1.169710303656756878e-03,3.937670961022377014e-03,1.484789303503930569e-03,-4.304664582014083862e-02
-2.718055807054042816e-02,-2.561436558607965708e-04,-8.723750710487365723e-03,8.145167492330074310e-03,5.486898589879274368e-03,1.416886225342750549e-02,-2.820593770593404770e-03,-6.377273704856634140e-03,4.005082417279481888e-03,-2.258082153275609016e-03,1.049164403229951859e-02,6.425489205867052078e-03,3.087384859099984169e-03,2.362548606470227242e-03,1.479405444115400314e-03,5.017603281885385513e-03,1.131451781839132309e-02,1.306955423206090927e-02,5.721546243876218796e-03,-4.271873272955417633e-03,1.281240582466125488e-02,-1.487602014094591141e-02,-1.103165559470653534e-02,-5.544757004827260971e-03,-7.161575835198163986e-03,-3.458642400801181793e-03,1.602032966911792755e-02,-2.661483176052570343e-02,-4.042047366965562105e-04,2.431657165288925171e-03,-7.148718461394309998e-03,-8.633748628199100494e-03,-1.054950244724750519e-02,-1.769179292023181915e-02,-3.070348873734474182e-02,-2.347762510180473328e-02,-2.733484655618667603e-02,8.125881664454936981e-03,1.329455897212028503e-02,1.499173697084188461e-02,2.320761978626251221e-02,-6.528348196297883987e-03,2.451907470822334290e-02,7.965163327753543854e-03,-3.592359647154808044e-02,8.672321215271949768e-03,-2.687198109924793243e-02,-5.528685171157121658e-03,-3.566644713282585144e-02,1.047235820442438126e-02,2.792628854513168335e-02,4.310445860028266907e-03,-2.262903563678264618e-02,-1.442601066082715988e-02,-1.427172217518091202e-02,-1.412305864505469799e-04,-6.936571095138788223e-03,-2.033077413216233253e-03,-1.604604348540306091e-02,-2.049470692873001099e-02,1.533888652920722961e-02,4.731525667011737823e-03,-1.698463410139083862e-02,1.029878295958042145e-02,-1.598175615072250366e-02,-2.599767781794071198e-02,2.995775779709219933e-03,1.791036874055862427e-02,1.154755824245512486e-03,-2.093185856938362122e-02,1.187381520867347717e-02,4.484663531184196472e-02,8.588748052716255188e-03,-2.379905991256237030e-02,-1.728035509586334229e-02,-4.428090900182723999e-02,-2.492729807272553444e-03,-3.327497094869613647e-02,-1.730607077479362488e-02,-1.026021037250757217e-02,-3.352568950504064560e-03,-4.731525667011737823e-03,-1.587889716029167175e-02,1.146880723536014557e-02,5.997980479151010513e-03,-1.990326680243015289e-02,1.096093934029340744e-02,2.959775179624557495e-02,-6.640850566327571869e-03,-3.083206154406070709e-02,1.365456636995077133e-02,3.204065933823585510e-02,3.291496308520436287e-03,2.223045751452445984e-02,-2.336190827190876007e-02,1.939861336722970009e-03,-2.464764937758445740e-02,2.867201715707778931e-02,1.843752153217792511e-02,-1.815465837717056274e-02,7.836589589715003967e-03,-6.435132119804620743e-03,-1.065879035741090775e-02,1.004484947770833969e-03,9.128758683800697327e-03,-2.530337683856487274e-02,-1.438743807375431061e-02,7.039430551230907440e-03,1.753750257194042206e-02,-1.699749194085597992e-02,-4.435805312823504210e-04,2.880059182643890381e-02,-6.852997932583093643e-03,-3.247781097888946533e-02,1.609747298061847687e-02,-3.713219240307807922e-02,-9.286463318858295679e-05,-2.184473536908626556e-02,-1.500459387898445129e-02,-1.512031070888042450e-02,-1.198310311883687973e-02,2.013791352510452271e-03,6.476918701082468033e-03,-2.606196328997612000e-02,5.933693144470453262e-03,1.402743067592382431e-02,-2.880059182643890381e-02,-4.966173321008682251e-03,-1.139809098094701767e-02,4.152942448854446411e-03,2.959775179624557495e-02,5.114033818244934082e-03,2.490479685366153717e-02,-1.063307560980319977e-02,-8.365350659005343914e-04,3.010240383446216583e-03,6.464061327278614044e-03,2.201830968260765076e-03,1.231739576905965805e-02,-8.087309077382087708e-03,9.088579681701958179e-04,1.199756748974323273e-03,-5.692617036402225494e-03,-2.234617434442043304e-02,4.039797186851501465e-02,8.910182863473892212e-03,7.393009029328823090e-03,2.133043855428695679e-02,-1.726749725639820099e-02,4.909922135993838310e-04,4.197943489998579025e-03,1.541603077203035355e-02,1.338456105440855026e-02,-2.512337267398834229e-02,1.531317178159952164e-02,2.541909366846084595e-02,-3.275424474850296974e-03,2.828629501163959503e-02,7.180861663073301315e-03,-8.350885473191738129e-03,-2.076471224427223206e-03,1.150095090270042419e-02,1.271597575396299362e-02,2.498194202780723572e-02,4.307231400161981583e-03,2.608767896890640259e-02,2.266760915517807007e-02,-3.725433722138404846e-03,-1.902896165847778320e-02,-4.336160607635974884e-03,1.218239311128854752e-02,2.635768428444862366e-02,-2.157472819089889526e-02,7.123806863091886044e-04,2.674340736120939255e-03,3.227209299802780151e-02,-7.139878580346703529e-04,2.646054327487945557e-02,-2.224331349134445190e-02,-4.991888068616390228e-03,-1.920896582305431366e-02,1.622604764997959137e-02,2.761770971119403839e-02,3.317211195826530457e-02,-1.623890548944473267e-02,-2.399513497948646545e-03,2.812557853758335114e-03,1.215667836368083954e-02,1.069093402475118637e-02,2.039184793829917908e-02,2.802914753556251526e-02,4.670453257858753204e-03,1.135951932519674301e-02,-8.530889637768268585e-03,-6.315558552742004395e-01,5.792262032628059387e-03,-6.415846291929483414e-03,-1.200881786644458771e-02,1.364170853048563004e-02,3.078063204884529114e-02,-1.925396732985973358e-03,1.233668159693479538e-02,-3.535787016153335571e-02,1.240096893161535263e-02,-2.486622519791126251e-02,3.103778138756752014e-02,-8.788038045167922974e-03,-1.274169050157070160e-02,8.293027989566326141e-03,-2.094471640884876251e-02,6.222985219210386276e-03,-7.155146915465593338e-03,-2.934060245752334595e-02,5.805923137813806534e-04,-1.613604603335261345e-03,4.927601199597120285e-03,1.832180470228195190e-02,1.888431608676910400e-03,1.783965271897614002e-03,6.261557340621948242e-03,7.155146915465593338e-03,-1.270472537726163864e-03,-3.416855819523334503e-03,7.373722735792398453e-03,-2.952060662209987640e-02,7.804445922374725342e-03,2.188330702483654022e-02,6.936571095138788223e-03,2.250046283006668091e-02,5.322966724634170532e-03,-3.301782160997390747e-02,6.640850566327571869e-03,1.739607192575931549e-02,2.363191358745098114e-02,-2.445478737354278564e-02,-1.352599263191223145e-02,-6.685851840302348137e-04,-1.294098049402236938e-02,4.644738510251045227e-03,1.773036457598209381e-02,7.251577451825141907e-03,-2.892916649580001831e-02,2.405620925128459930e-02,1.216953620314598083e-02,1.465744455344974995e-03,-4.466663300991058350e-02,-2.152329869568347931e-02,1.710035139694809914e-03,1.401457376778125763e-02,4.191514570266008377e-03,3.368640691041946411e-02,-1.356456428766250610e-02,-1.130166091024875641e-02,3.252923861145973206e-02,1.423314958810806274e-02,2.288618497550487518e-02,-1.302455365657806396e-02,1.485834131017327309e-03,-1.401457376778125763e-02,9.956454159691929817e-04,-1.873967121355235577e-03,-2.902559703215956688e-03,2.143329754471778870e-02,-2.465005964040756226e-04,-1.398885902017354965e-02,1.746035926043987274e-02,3.144037909805774689e-04,4.731525667011737823e-03,5.618686787784099579e-03,1.063307560980319977e-02,-2.119865035638213158e-03,-1.959468796849250793e-02,1.113451458513736725e-02,-1.182881463319063187e-02,-8.903753943741321564e-03,-1.859181001782417297e-02,-4.628666490316390991e-02,-1.526174228638410568e-02,5.654044914990663528e-03,-1.076807826757431030e-02,-9.533767588436603546e-03,-1.459315698593854904e-02,-9.572339244186878204e-03,5.994766019284725189e-03,1.398885902017354965e-02,3.057491406798362732e-02,1.927325315773487091e-02,6.447989493608474731e-03,1.211167778819799423e-02,9.855202399194240570e-03,-2.792628854513168335e-02,5.416182684712111950e-04,2.187044918537139893e-02,-1.447744015604257584e-02,-1.072950661182403564e-02,-6.660136859863996506e-03,1.116665825247764587e-02,2.428764104843139648e-02,1.764036156237125397e-02,1.739607192575931549e-02,-2.387620508670806885e-02,1.832180470228195190e-02,2.040470577776432037e-02,-3.826364502310752869e-02,1.433600857853889465e-02,-9.072507964447140694e-04,4.815098829567432404e-03,1.857895287685096264e-03,1.090308092534542084e-02,-3.322353959083557129e-02,2.419763989746570587e-02,5.879049189388751984e-03,1.962040364742279053e-02,-2.469907887279987335e-02,1.409171801060438156e-02,2.529051899909973145e-02,5.785833112895488739e-03,-2.748913690447807312e-02,9.231618605554103851e-03,2.472479455173015594e-02,-3.348068892955780029e-02,-1.211810577660799026e-02,-3.471500007435679436e-03,1.077450718730688095e-02,-1.881038583815097809e-02,1.755036041140556335e-02,4.194086045026779175e-02,-8.855538908392190933e-04,4.350946471095085144e-02,1.894860411994159222e-03,3.427784889936447144e-02,4.278302192687988281e-03,3.499786183238029480e-02,1.718071056529879570e-03,1.810322888195514679e-02,-6.923713721334934235e-03,-1.997719518840312958e-03,-9.488766081631183624e-03,5.740832071751356125e-03,-5.873263627290725708e-02,-3.708076104521751404e-02,-1.740892976522445679e-02,-3.476642817258834839e-02,1.157809514552354813e-02,2.424906939268112183e-02,5.817976780235767365e-03,-2.990632876753807068e-02,-1.506888121366500854e-02,-6.730852648615837097e-03,-1.508173812180757523e-02,-1.175809837877750397e-02,6.107268389314413071e-03,-1.305026840418577194e-02,-3.697790205478668213e-02,6.698708981275558472e-03,1.459315698593854904e-02,-2.224331488832831383e-03,-2.023755945265293121e-02,3.870079526677727699e-03,-2.130472287535667419e-02,-3.931152168661355972e-03,-1.100111869163811207e-03,6.534777116030454636e-03,-1.204096153378486633e-02,7.348007988184690475e-03,1.770464889705181122e-02,-1.339741796255111694e-02,3.931795060634613037e-02,2.841486968100070953e-02,2.047542016953229904e-03,4.410090390592813492e-03,7.650156971067190170e-03,-1.710035093128681183e-02,1.119880191981792450e-02,1.503030862659215927e-02,1.620033197104930878e-02,-1.216953620314598083e-02,1.302616088651120663e-03,1.392457168549299240e-02,-1.425564987584948540e-03,1.400171592831611633e-02,3.870079526677727699e-03,5.242607556283473969e-03,-2.602017717435956001e-03,2.689769491553306580e-02,1.697177812457084656e-02,6.097625475376844406e-03,3.251316724345088005e-03,9.508052840828895569e-03,1.482459064573049545e-02,2.394049242138862610e-02,8.608033880591392517e-03,-1.440029591321945190e-03,3.034348040819168091e-02,-2.442907309159636497e-03,-2.828629454597830772e-03,4.790669679641723633e-02,-4.516164306551218033e-03,2.169687533751130104e-03,-5.364110320806503296e-02,-1.063307560980319977e-02,-1.085808034986257553e-02,2.106043323874473572e-02,8.421601727604866028e-03,-1.508173812180757523e-02,-5.621258541941642761e-02,-9.308762848377227783e-03,-2.613268094137310982e-03,1.572460867464542389e-02,3.893223032355308533e-02,1.030521187931299210e-02,7.052287925034761429e-03,5.972265731543302536e-03,-9.565911255776882172e-03,3.622574498876929283e-03,6.332273129373788834e-03,7.836589589715003967e-03,-4.831170663237571716e-03,-4.381804168224334717e-02,6.698708981275558472e-03,7.341579534113407135e-03,4.220443777740001678e-03,-8.863575058057904243e-04,-3.825078485533595085e-03,-1.289597898721694946e-02,-7.026573177427053452e-03,1.468315906822681427e-02,-2.516837324947118759e-03,1.359027903527021408e-02,2.438085852190852165e-03,5.085104610770940781e-03,-1.017663720995187759e-02,7.013715337961912155e-03,-1.325598638504743576e-02,-1.283329911530017853e-03,1.919610798358917236e-02,1.408689655363559723e-03,-2.253903448581695557e-02,2.444193139672279358e-02,2.080328390002250671e-02,3.000918775796890259e-02,2.050756476819515228e-02,-5.104390438646078110e-03,4.919243976473808289e-02,-4.699382465332746506e-03,9.096615016460418701e-03,-2.224331349134445190e-02,-1.949504367075860500e-03,-1.666641444899141788e-03,-1.365456636995077133e-02,-8.942326530814170837e-03,7.090860046446323395e-03,-2.547373762354254723e-03,1.216953620314598083e-02,-6.142626050859689713e-03,2.323976252228021622e-03,4.347410867922008038e-04,4.132370650768280029e-02,3.870079666376113892e-02,-1.093522459268569946e-02,-9.977348148822784424e-03,-1.756321825087070465e-02,-2.260332182049751282e-02,-3.944652527570724487e-02,-8.659463375806808472e-03,4.262230359017848969e-03,3.312068060040473938e-02,-3.397569758817553520e-03,1.550603285431861877e-02,5.464397836476564407e-03,-1.283812057226896286e-02,-5.118855042383074760e-04,3.134635835886001587e-02,2.027613110840320587e-02,-3.071313025429844856e-03,-3.252923861145973206e-02,1.614890247583389282e-02,-5.120462272316217422e-03,1.335884630680084229e-02,-2.518766000866889954e-02,-4.782955348491668701e-02,-7.180861663073301315e-03,-2.239760383963584900e-02,-1.304383948445320129e-02,-1.196381729096174240e-02,3.098635002970695496e-03,6.627993192523717880e-03,1.701034978032112122e-02,4.715453833341598511e-03,7.393009029328823090e-03,4.150370880961418152e-02,-1.864323951303958893e-02,2.616482321172952652e-03,-6.219770759344100952e-03,-4.808670375496149063e-03,-1.603318564593791962e-02,-6.820854265242815018e-03,-1.126951724290847778e-02,4.839527979493141174e-02,2.439050190150737762e-02,-1.058164611458778381e-02,3.834721632301807404e-03,-4.406876396387815475e-03,-8.807323873043060303e-03,-1.093683182261884212e-03,2.400477975606918335e-02,-1.153309457004070282e-02,-6.226199213415384293e-03,1.170023996382951736e-02,-7.939448580145835876e-03,-2.759199589490890503e-02,-1.740892976522445679e-02,1.009306497871875763e-02,2.934703137725591660e-03,4.310445860028266907e-03,-3.985796123743057251e-02,-2.514908835291862488e-02,1.374938990920782089e-03,8.593890815973281860e-02,-5.580114666372537613e-03,4.786169622093439102e-03,1.414314750581979752e-02,-1.084522251039743423e-02,2.751485072076320648e-02,-3.072920255362987518e-02,-6.566920783370733261e-03,-4.635095130652189255e-03,3.519715275615453720e-03,-1.433600857853889465e-02,-4.680096171796321869e-03,1.366742327809333801e-02,-2.256475016474723816e-02,1.636747829616069794e-02,1.776893623173236847e-02,-7.772302720695734024e-03,-8.254455402493476868e-03,-6.852997932583093643e-03,8.845896460115909576e-03,-2.145901322364807129e-02,1.179667096585035324e-02,-2.133043855428695679e-02,1.779465191066265106e-02,-1.814180053770542145e-02,-1.697177812457084656e-02,1.665034145116806030e-02,3.530643880367279053e-02,-7.248363108374178410e-04,-1.662462763488292694e-02,1.062021777033805847e-02,1.873324252665042877e-02,1.911896467208862305e-02,2.193473652005195618e-02,-2.044327743351459503e-02,-4.230086691677570343e-03,-2.563445596024394035e-03,3.723505139350891113e-02,1.816751621663570404e-02,-8.601604960858821869e-03,-6.782282143831253052e-03,9.418050758540630341e-03,2.509765885770320892e-02,-1.510745286941528320e-02,-1.152023673057556152e-02,-2.806129166856408119e-03,-1.784608140587806702e-02,1.397600118070840836e-02,-9.154473431408405304e-03,-3.636074811220169067e-02,3.263209760189056396e-02,-2.243617549538612366e-02,-4.101512953639030457e-02,-1.343599054962396622e-03,-1.293455157428979874e-02,-1.508173812180757523e-02,-4.705810919404029846e-03,-4.709025379270315170e-03,-1.236882526427507401e-02,2.340047992765903473e-02,-2.373477257788181305e-02,-1.699749194085597992e-02,2.887773700058460236e-02,-1.290240790694952011e-02,-1.246525626629590988e-02,-1.935039763338863850e-03,-3.080634772777557373e-02,1.249739993363618851e-02,6.517097936011850834e-04,-6.814425811171531677e-03,-6.962285842746496201e-03,2.278171741636469960e-04,-1.917039416730403900e-02,6.653707940131425858e-03,3.468928486108779907e-02,1.534049399197101593e-03,6.544420029968023300e-03,-5.078675691038370132e-03,7.386580575257539749e-03,-3.265781328082084656e-03,-9.347334504127502441e-03,-2.741199173033237457e-02,6.981572136282920837e-03,-2.093185856938362122e-02,-4.410090669989585876e-02,3.705504536628723145e-02,3.304353682324290276e-03,-1.859181001782417297e-02,-1.230453886091709137e-02,1.433600857853889465e-02,-6.428703665733337402e-03,-1.209881994873285294e-02,2.916059829294681549e-02,-5.216892808675765991e-03,4.480806179344654083e-03,1.121808774769306183e-03,8.183739148080348969e-03,2.727377461269497871e-03,-8.383029140532016754e-03,-3.490786068141460419e-03,-4.371518269181251526e-02,2.323976252228021622e-03,-6.569331162609159946e-04,-1.569889485836029053e-02,3.224637731909751892e-02,1.167452521622180939e-02,-1.292812265455722809e-02,8.781609125435352325e-03,-1.254882942885160446e-02,-3.924723714590072632e-03,1.663748547434806824e-02,-1.841180771589279175e-02,1.860466785728931427e-02,-2.926345914602279663e-02,-1.820608787238597870e-02,2.616482414305210114e-02,-2.788450103253126144e-03,3.108921088278293610e-02,2.936631813645362854e-02,8.184543112292885780e-04,-2.887773700058460236e-02,-3.144921734929084778e-02,2.372191660106182098e-02,1.758250407874584198e-03,-6.058410182595252991e-02,1.188024412840604782e-02,1.645748130977153778e-02,-2.458336204290390015e-02,3.979367669671773911e-03,-9.694484993815422058e-03,8.216686546802520752e-04,1.302455365657806396e-02,2.169044502079486847e-02,-5.281180143356323242e-03,-2.593339048326015472e-02,-4.059726372361183167e-03,-1.326884422451257706e-02,6.904427427798509598e-03,-3.044633939862251282e-02,1.641890965402126312e-02,-2.446764521300792694e-02,7.148718461394309998e-03,-2.075185440480709076e-02,-2.493051253259181976e-02,-8.068023249506950378e-03,-3.651503473520278931e-02,-1.704892143607139587e-02,-4.053297452628612518e-03,2.202473767101764679e-02,2.880059182643890381e-02,-1.487602014094591141e-02,2.503337152302265167e-02,-1.350027695298194885e-02,2.710341475903987885e-02,3.582073748111724854e-02,-4.474377632141113281e-02,-2.838915400207042694e-02,-1.929896883666515350e-02,3.425213322043418884e-02,3.148457501083612442e-03,1.922182366251945496e-02,-1.383456960320472717e-02,-4.599737469106912613e-03,1.478601829148828983e-03,3.784899308811873198e-04,-1.357742212712764740e-02,-8.566247415728867054e-04,-3.029205091297626495e-02,-2.676912210881710052e-02,2.237188862636685371e-03,1.235596835613250732e-02,1.334598846733570099e-02,2.766913920640945435e-02,-1.715178042650222778e-02,1.446458324790000916e-02,1.726749725639820099e-02,-1.759857637807726860e-03,-4.210800863802433014e-03,-6.431917659938335419e-03,-1.127594616264104843e-02,-2.465407829731702805e-03,-2.053327858448028564e-02,2.265475131571292877e-02,3.278638701885938644e-03,-1.111522875726222992e-02,-5.294037517160177231e-03,2.664054743945598602e-02,-9.424479678273200989e-03,8.871610625647008419e-04,-2.619053795933723450e-02,8.730179630219936371e-03,-1.828323304653167725e-02,2.072614058852195740e-02,-3.931152168661355972e-03,-1.268865307793021202e-03,-1.803894154727458954e-02,3.399498388171195984e-02,1.171952672302722931e-02,-1.595604233443737030e-02,3.548644483089447021e-02,3.067777305841445923e-02,2.571481466293334961e-02,-2.570195682346820831e-02,-1.600747182965278625e-02,-1.245239842683076859e-02,2.736056223511695862e-02,-2.154901437461376190e-02,7.373722735792398453e-03,5.850119981914758682e-03,2.102185972034931183e-03,-7.354436907917261124e-03,-2.305333130061626434e-02,-5.456362268887460232e-04,-1.946611516177654266e-02,2.633197046816349030e-02,2.863987348973751068e-03,-5.637973081320524216e-03,1.082432921975851059e-03,-1.623890548944473267e-02,-1.397600118070840836e-02,2.233331650495529175e-02,-1.043378561735153198e-02,8.653035387396812439e-03,-1.769179292023181915e-02,-9.032328613102436066e-03,1.991612277925014496e-02,5.342252552509307861e-03,-1.688177511096000671e-02,-7.508725859224796295e-03,2.030184492468833923e-02,-1.609747298061847687e-02,3.674646839499473572e-02,3.558930382132530212e-02,-3.209530143067240715e-03,1.009949296712875366e-02,4.323303233832120895e-03,-4.217229317873716354e-03,-1.946611516177654266e-02,-3.641217574477195740e-02,4.763669334352016449e-03,9.533767588436603546e-03,-1.105094142258167267e-02,-4.905100911855697632e-03,-4.017939791083335876e-03,1.877181418240070343e-02,-6.480937008745968342e-04,-1.272883266210556030e-02,4.127227701246738434e-03,-4.224944114685058594e-02,-1.854038052260875702e-02,8.646606002002954483e-04,-4.114370327442884445e-03,-1.533888652920722961e-02,3.036919608712196350e-02,1.440029591321945190e-02,-2.174187451601028442e-02,1.282526366412639618e-02,9.218760766088962555e-03,-1.144952140748500824e-02,2.975204028189182281e-02,-1.300526689738035202e-02,2.257760614156723022e-02,-4.786169622093439102e-03,-4.657595884054899216e-03,3.342925803735852242e-03,2.923774346709251404e-02,-3.587216511368751526e-02,-1.254882942885160446e-02,-1.075522135943174362e-02,2.289904281497001648e-02,-5.242607556283473969e-03,3.770434530451893806e-03,-5.126891192048788071e-03,2.313047461211681366e-02,2.496908418834209442e-02,-3.831507405266165733e-03,7.007286767475306988e-04,-8.244812488555908203e-04,-3.972938656806945801e-02,-1.665034145116806030e-02,3.175779432058334351e-02,6.647279486060142517e-03,2.890345081686973572e-02,-2.161330170929431915e-02,-2.440335787832736969e-02,-1.562174968421459198e-02,1.747321523725986481e-02,2.730591921135783195e-03,1.909324899315834045e-02,2.462193369865417480e-03,-1.241382677108049393e-02,5.492523778229951859e-04,-3.042062558233737946e-02,1.902896165847778320e-02,-9.443765506148338318e-03,-4.066154826432466507e-03,-8.897325955331325531e-03,2.669197693467140198e-02,-3.165493533015251160e-02,1.287026423960924149e-02,-1.323027163743972778e-02,-1.828323304653167725e-02,-1.776893623173236847e-02,1.990326680243015289e-02,1.963325962424278259e-02,-6.743710022419691086e-03,1.292169373482465744e-02,-3.144921734929084778e-02,-1.159738097339868546e-02,2.730913273990154266e-02,1.033735554665327072e-02,2.463479153811931610e-02,4.101512953639030457e-03,-1.496602222323417664e-02,-9.699306683614850044e-04,-6.533170235343277454e-04,1.368028111755847931e-02,4.567593801766633987e-03,-4.173514246940612793e-02,2.241045981645584106e-02,-1.044664345681667328e-02,-7.148718461394309998e-03,9.090187028050422668e-03,-1.464458648115396500e-02,8.113023824989795685e-03,2.923774346709251404e-02,1.142380572855472565e-02,1.132737565785646439e-02,-4.326517693698406219e-03,2.957203658297657967e-03,2.401763573288917542e-02,-2.089328598231077194e-03,-2.034041844308376312e-02,-2.316904813051223755e-02,-1.065557589754462242e-03,-1.216310728341341019e-02,-1.396234001731500030e-04,-3.061669995076954365e-04,-1.603318564593791962e-02,-1.319169998168945312e-02,1.338456105440855026e-02,8.080880157649517059e-03,-2.460586372762918472e-03,-1.455297810025513172e-03,-9.925918653607368469e-03,1.802608557045459747e-02,1.362081500701606274e-03,-1.404028851538896561e-02,-1.350027695298194885e-02,-4.260944575071334839e-02,-2.392763458192348480e-02,3.677218407392501831e-02,-2.863987348973751068e-03,-1.416886225342750549e-02,7.328722160309553146e-03,-9.643055498600006104e-03,-4.446091502904891968e-02,-1.553174760192632675e-02,-9.880917146801948547e-03,4.818313289433717728e-03,6.595849990844726562e-03,3.792935237288475037e-02,3.263209760189056396e-02,2.306618914008140564e-02,-1.755839621182531118e-04,5.313323345035314560e-03,-2.808057703077793121e-02,-1.600747182965278625e-02,1.107665617018938065e-02,-3.214351832866668701e-02,-7.927395054139196873e-04,-7.965163327753543854e-03,-1.459315698593854904e-02,-4.332946147769689560e-03,3.651503473520278931e-02,-1.033092662692070007e-02,1.300526689738035202e-02,1.865609735250473022e-02,5.400110967457294464e-03,-2.381191775202751160e-02,-5.175106227397918701e-03,-1.227882411330938339e-02,-1.074879243969917297e-02,1.205381937325000763e-02,1.295383740216493607e-02,-2.952060662209987640e-02,2.279618196189403534e-02,1.707463711500167847e-02,1.061378978192806244e-02,-1.936325430870056152e-02,1.404028851538896561e-02,2.495140652172267437e-04,-5.785833112895488739e-03,-1.685606129467487335e-02,8.196596987545490265e-03,-2.498194202780723572e-02,-9.996633976697921753e-03,-1.125665940344333649e-02,4.921815544366836548e-02,1.454172749072313309e-02,3.516500815749168396e-03,5.609043873846530914e-03,-4.172228742390871048e-03,-4.680096171796321869e-03,1.681748777627944946e-02,-7.251577451825141907e-03,1.575032435357570648e-02,4.295177641324698925e-04,1.792001072317361832e-03,-1.465744432061910629e-02,-8.845896460115909576e-03,-1.312741264700889587e-02,-1.528745703399181366e-02,-2.633197046816349030e-02,-7.907304912805557251e-03,-5.220107268542051315e-03,-2.351619675755500793e-02,-3.705504536628723145e-02,2.490479685366153717e-02,2.702626958489418030e-02,-1.942754164338111877e-02,6.581385387107729912e-04,-9.720199741423130035e-03,1.777536468580365181e-03,1.410457585006952286e-02,-2.084185741841793060e-02,1.031164079904556274e-02,-1.503030862659215927e-02,-3.207923145964741707e-03,-7.324704201892018318e-04,-2.867201808840036392e-03,-2.513623051345348358e-02,-2.666626311838626862e-02,1.534853014163672924e-03,-2.205045334994792938e-02,9.784487076103687286e-03,2.085985690355300903e-01,-1.265168841928243637e-02,-1.756321825087070465e-02,3.134635835886001587e-02,2.003183960914611816e-02,1.117308717221021652e-02,3.031776659190654755e-02,1.474744547158479691e-02,-2.277046814560890198e-02,5.734403617680072784e-03,-4.397233203053474426e-02,-5.210464354604482651e-03,-5.387253593653440475e-03,3.606502665206789970e-03,3.417498618364334106e-02,-5.595543608069419861e-02,-3.224637731909751892e-02,-5.230393260717391968e-02,-7.978021167218685150e-03,-3.119206987321376801e-02,1.152023673057556152e-02,-4.493663553148508072e-03,2.122757956385612488e-02,-1.442601066082715988e-02,1.600747182965278625e-02,-5.744046531617641449e-03,5.583329126238822937e-03,5.727974697947502136e-03,2.633197046816349030e-02,1.452886965125799179e-02,-1.863038353621959686e-02,7.759445346891880035e-03,9.932346642017364502e-03,-6.955857388675212860e-03,-5.117247812449932098e-03,-2.208259655162692070e-03,3.227209299802780151e-02,8.717321790754795074e-03,6.724423728883266449e-03,8.485889062285423279e-03,2.928274450823664665e-03,-1.607175916433334351e-02,1.802608557045459747e-02,-9.128758683800697327e-03,1.420743530616164207e-03,9.090187028050422668e-03,-4.892243538051843643e-03,-8.164453320205211639e-03,2.076471224427223206e-02,1.048521511256694794e-02,-3.836650401353836060e-02,6.004408933222293854e-03,4.253230243921279907e-02,2.504622936248779297e-02,2.075185440480709076e-02,-1.343599054962396622e-02,-5.384039133787155151e-03,1.306955423206090927e-02,-2.823486551642417908e-02,-1.713892444968223572e-02,-1.490173488855361938e-02,8.286599069833755493e-03,-4.136870615184307098e-03,2.386334724724292755e-02,5.110819358378648758e-03,3.312068060040473938e-02,-2.345191128551959991e-02,-1.902896165847778320e-02,-2.820593770593404770e-03,-3.423284739255905151e-03,-7.770695374347269535e-04,-2.532909251749515533e-02,-1.706177927553653717e-02,1.968469098210334778e-02,2.017327211797237396e-02,-1.908039115369319916e-02,1.580175384879112244e-02,1.171952672302722931e-02,5.490112584084272385e-03,2.892916649580001831e-02,-1.424600742757320404e-02,-1.703606359660625458e-02,6.245485506951808929e-03,1.308241207152605057e-02,6.923713721334934235e-03,-1.274811942130327225e-02,5.432254634797573090e-03,-4.982245154678821564e-03,-1.951754465699195862e-02,5.295644514262676239e-04,-3.616145811975002289e-03,-1.564746350049972534e-02,-1.706177927553653717e-02,-5.207249894738197327e-03,4.313659854233264923e-03,-1.058164611458778381e-02,1.410457585006952286e-02,-4.943673033267259598e-03,-4.168371483683586121e-02,1.134023256599903107e-02,-1.773036457598209381e-02,2.730913273990154266e-02,1.416886225342750549e-02,8.035879582166671753e-03,-1.115380041301250458e-02,-1.120522990822792053e-02,1.654748246073722839e-02,9.778058156371116638e-03,6.595849990844726562e-03,-3.016347624361515045e-02,2.295047044754028320e-03,-5.943336524069309235e-03,-8.241597563028335571e-03,-6.788711063563823700e-03,3.160350769758224487e-02,6.151465931907296181e-04,-1.299883890897035599e-02,-1.969754695892333984e-02,2.702626958489418030e-02,1.143023464828729630e-02,2.988061308860778809e-02,-1.036949921399354935e-02,3.042384050786495209e-03,2.237188862636685371e-03,-3.558287397027015686e-03,-7.862304337322711945e-03,-1.589175499975681305e-02,1.742178574204444885e-02,-2.725770231336355209e-03,-2.099614590406417847e-02,1.814180053770542145e-02,-2.106043323874473572e-02,2.469907887279987335e-02,2.800343185663223267e-02,-1.085165143013000488e-02,3.632217412814497948e-03,-3.831507405266165733e-03,-3.124349936842918396e-02,-2.031470276415348053e-02,5.412968341261148453e-03,-5.236179102212190628e-03,4.387590102851390839e-03,-2.304690191522240639e-03,-2.330404939129948616e-03,-1.609747298061847687e-02,-4.741169046610593796e-03,6.213341839611530304e-03,-3.436142113059759140e-03,6.206913385540246964e-03,-2.305333130061626434e-02,-1.380885485559701920e-02,-6.573349237442016602e-03,3.413239901419728994e-04,-1.011877972632646561e-02,3.093492053449153900e-02,8.235169574618339539e-03,-1.433600857853889465e-02,-9.173760190606117249e-03,-8.248026482760906219e-03,1.650569611229002476e-03,-4.538664594292640686e-02,2.322369255125522614e-03,2.484050951898097992e-02,-9.520909748971462250e-03,-3.646360710263252258e-02,-2.067471109330654144e-02,-1.598432809114456177e-01,3.119206987321376801e-02,2.718055807054042816e-02,8.524460718035697937e-03,1.834752038121223450e-02,2.063613850623369217e-03,2.340047992765903473e-02,8.550175465643405914e-03,-3.119528293609619141e-03,6.621564738452434540e-03,4.066154826432466507e-03,-6.271200254559516907e-03,-1.398885902017354965e-02,-1.378314010798931122e-02,-7.926591672003269196e-03,-1.728035509586334229e-02,-4.968101903796195984e-02,-8.884468115866184235e-03,1.918325200676918030e-02,1.960754580795764923e-02,1.985183730721473694e-02,1.713892444968223572e-02,-3.160350769758224487e-02,-2.157472819089889526e-02,3.607788309454917908e-02,9.720199741423130035e-03,-4.950101487338542938e-03,9.630197659134864807e-03,-1.139809098094701767e-02,-1.595604233443737030e-02,-2.343905344605445862e-02,2.562481164932250977e-02,2.241045981645584106e-02,-2.127900905907154083e-02,1.033092662692070007e-02,1.121165882796049118e-02,-4.079012200236320496e-03,3.251316724345088005e-03,-2.449336089193820953e-02,5.461183842271566391e-03,1.130808982998132706e-02,3.722219262272119522e-03,1.407886110246181488e-02,-1.915753632783889771e-02,-1.200238987803459167e-02,2.163901552557945251e-02,1.438743807375431061e-02,-1.464137225411832333e-03,2.364477142691612244e-02,-1.467030122876167297e-02,-7.573012728244066238e-03,-1.134023256599903107e-02,-7.155146915465593338e-03,2.201830968260765076e-03,9.295905008912086487e-03,1.920896582305431366e-02,-6.186999144119909033e-06,1.974897645413875580e-02,-3.762077167630195618e-02,1.287347869947552681e-03,7.058716379106044769e-03,-1.848895102739334106e-02,1.935039833188056946e-02,-9.398764930665493011e-03,-1.026985351927578449e-03,-1.087093725800514221e-02,-1.758250407874584198e-03,-1.441315375268459320e-02,-2.000612579286098480e-02,2.676912210881710052e-02,-1.959468796849250793e-02,-1.144309248775243759e-02,2.104757539927959442e-02,-2.106043323874473572e-02,8.717321790754795074e-03,1.029396196827292442e-03,-6.918892031535506248e-04,2.143329754471778870e-02,1.317884214222431183e-02,1.141094882041215897e-02,2.518444554880261421e-03,2.572767063975334167e-02,3.966510295867919922e-03,-2.528087701648473740e-03,-1.320455688983201981e-02,-1.856609620153903961e-02,-2.368977293372154236e-03,-1.006092131137847900e-02,1.996755227446556091e-02,1.539031602442264557e-02,6.042981520295143127e-03,-2.712912857532501221e-02,-7.225862704217433929e-03,-1.213096361607313156e-02,2.251653466373682022e-03,2.525194734334945679e-02,9.257333353161811829e-03,-5.724760703742504120e-03,-1.413029059767723083e-02,-1.802608557045459747e-02,8.710892871022224426e-03,-2.106043323874473572e-02,-2.931488864123821259e-02,1.572460867464542389e-02,2.939203195273876190e-02,-1.184167154133319855e-02,2.061042375862598419e-02,1.031806878745555878e-02,4.299516975879669189e-02,-1.058164611458778381e-02,-2.354191243648529053e-02,-4.802241455763578415e-03,3.625788912177085876e-02,1.576318033039569855e-02,8.556604385375976562e-03,1.960754627361893654e-03,-1.103165559470653534e-02,-4.159371368587017059e-03,1.384742744266986847e-02,1.186095830053091049e-02,5.626401305198669434e-02,2.459621988236904144e-02,4.962959326803684235e-03,-9.553053416311740875e-03,-2.826058119535446167e-02,-2.643482945859432220e-02,-1.324827224016189575e-01,-4.006367921829223633e-02,1.156523730605840683e-02,4.181228950619697571e-02,3.354979562573134899e-04,7.225862704217433929e-03,6.386917084455490112e-03,3.939509391784667969e-02,-2.133043855428695679e-02,1.054307352751493454e-02,2.719341544434428215e-03,-2.455764822661876678e-02,4.242944531142711639e-03,7.393009029328823090e-03,-1.248454209417104721e-02,-1.252793590538203716e-03,2.968453802168369293e-03,-2.095757424831390381e-02,-1.212453469634056091e-02,1.992898061871528625e-02,1.881038583815097809e-02,1.837323419749736786e-02,-4.882600158452987671e-03,-4.214657843112945557e-02,1.330942468484863639e-04,1.202810462564229965e-02,-1.788465306162834167e-02,5.576900206506252289e-03,2.214045450091362000e-02,2.362548548262566328e-04,-4.230086691677570343e-03,-2.285404130816459656e-03,-1.668891496956348419e-02,1.593032665550708771e-02,3.699718974530696869e-03,-8.106594905257225037e-03,-3.399498388171195984e-02,-2.597196213901042938e-02,3.633503243327140808e-02,-1.668891496956348419e-02,6.219770759344100952e-03,3.580787917599081993e-03,-2.995775779709219933e-03,-1.629033498466014862e-02,4.199229180812835693e-02,-1.743464358150959015e-02,3.439356340095400810e-03,6.329058669507503510e-03,2.516194619238376617e-02,-6.801568437367677689e-03,-4.199229180812835693e-02,-2.115043438971042633e-02,-1.306312531232833862e-02,-7.765873800963163376e-03,1.504316646605730057e-02,1.790393958799540997e-03,-1.095451042056083679e-02,1.517174020409584045e-02,-1.761464774608612061e-02,-4.638309590518474579e-03,-1.051092986017465591e-02,-9.932346642017364502e-03,8.280170150101184845e-03,2.921202965080738068e-02,1.976183429360389709e-02,-1.041449978947639465e-02,-5.367967300117015839e-03,-5.686188116669654846e-03,2.754056639969348907e-02,-2.385048940777778625e-02,6.316201295703649521e-03,-9.932346874848008156e-04,-1.472173072397708893e-02,2.365762926638126373e-02,-1.652176841162145138e-03,4.368303809314966202e-03,-1.191881671547889709e-02,-1.002877764403820038e-02,1.976826228201389313e-03,-1.085165143013000488e-02,-2.526480518281459808e-02,-9.308762848377227783e-03,1.065236143767833710e-02,-6.126554682850837708e-03,4.248087108135223389e-02,5.377610679715871811e-03,8.357314509339630604e-04,1.467030122876167297e-02,-1.317884214222431183e-02,-4.410090390592813492e-03,1.415600534528493881e-02,1.901289098896086216e-03,2.674340642988681793e-02,-1.515888329595327377e-02,-3.018919192254543304e-02,3.183494135737419128e-02,-1.409171801060438156e-02,8.710892871022224426e-03,-9.418050758540630341e-03,-7.425152696669101715e-03,-2.661483176052570343e-02,-1.202167570590972900e-02,-4.698096588253974915e-02,3.358354791998863220e-02,-3.564073145389556885e-02,1.571818022057414055e-03,1.196381729096174240e-02,-7.778731174767017365e-03,-1.116987201385200024e-03,-4.253230243921279907e-02,-1.468315906822681427e-02,1.409171801060438156e-02,-6.197270005941390991e-03,1.704892143607139587e-02,1.770464889705181122e-02,2.288618357852101326e-03,-1.509459596127271652e-02,5.232964642345905304e-03,2.037899009883403778e-02,9.784487076103687286e-03,-5.927264690399169922e-03,1.711642369627952576e-03,-1.354045700281858444e-03,1.273526158183813095e-02,-2.025041496381163597e-03,2.954632230103015900e-02,-8.826609700918197632e-03,3.857222152873873711e-03,-8.948755450546741486e-03,1.866895519196987152e-02,-8.839467540383338928e-03,-7.180861663073301315e-03,-5.840477067977190018e-03,-1.397600118070840836e-02,4.754026420414447784e-03,1.334598846733570099e-02,6.419060286134481430e-03,-5.081890150904655457e-03,1.188667304813861847e-02,3.067777305841445923e-02,2.035327441990375519e-02,4.541236162185668945e-02,-1.161666680127382278e-02,-1.068450510501861572e-02,9.970919229090213776e-03,1.879752986133098602e-02,-1.188667304813861847e-02,-1.063307560980319977e-02,-2.787485904991626740e-02,1.590461283922195435e-02,2.597196213901042938e-02,2.037899103015661240e-03,2.844058349728584290e-02,2.846629917621612549e-02,-5.734403617680072784e-03,-3.715790808200836182e-02,-5.389061698224395514e-05,-1.161184627562761307e-03,3.834078833460807800e-02,-4.821527749300003052e-03,1.879752986133098602e-02,-3.126921504735946655e-02,3.746648505330085754e-02,-1.310651889070868492e-03,-1.319169998168945312e-02,-1.587889716029167175e-02,1.127433846704661846e-03,-5.850120214745402336e-04,-3.513286588713526726e-03,-2.737020608037710190e-03,1.295383740216493607e-02,-1.810322888195514679e-02,9.720199741423130035e-03,2.046135778073221445e-04,3.095420775935053825e-03,3.200288920197635889e-04,1.051092986017465591e-02,-1.755036041140556335e-02,1.811608672142028809e-02,1.623890548944473267e-02,-2.952060662209987640e-02,2.139151096343994141e-03,5.811547860503196716e-03,-2.374763041734695435e-02,-4.809473757632076740e-04,2.399192191660404205e-02,-2.906979352701455355e-04,1.143666356801986694e-02,5.556810647249221802e-04,6.091196555644273758e-03,1.486316230148077011e-02,-1.629033498466014862e-02,-1.296669524163007736e-02,-8.048736490309238434e-03,-1.509459596127271652e-02,-1.915753632783889771e-02,1.346170529723167419e-02,1.405023249390069395e-05,-1.761464774608612061e-02,2.800343185663223267e-02,4.853670950978994370e-03,3.337782993912696838e-02,1.199355028802528977e-04,-7.161575835198163986e-03,-1.474744547158479691e-02,-9.726628661155700684e-03,5.306894890964031219e-03,1.299883890897035599e-02,-2.990632876753807068e-02,-2.395334839820861816e-02,-2.356762625277042389e-02,5.981908645480871201e-03,-1.419939915649592876e-03,6.438748096115887165e-05,1.069736294448375702e-02,-1.655391184613108635e-03,-5.856548901647329330e-03,9.276619181036949158e-03,1.046592928469181061e-02,-7.123003713786602020e-03,-7.290149573236703873e-03,3.762077167630195618e-02,2.135615237057209015e-02,1.137880515307188034e-02,2.539337798953056335e-02,-3.854007693007588387e-03,8.640177547931671143e-03,3.540929779410362244e-02,-2.613268094137310982e-03,2.968453802168369293e-03,-4.082226660102605820e-03,-1.427172217518091202e-02,1.951754465699195862e-02,2.965239575132727623e-03,-3.826364502310752869e-02,-3.121778368949890137e-02,1.035021245479583740e-02,-6.582992617040872574e-03,-2.073899842798709869e-02,3.710647672414779663e-02,-3.054919838905334473e-02,4.595237225294113159e-02,-7.328722160309553146e-03,-1.416886225342750549e-02,-1.861752569675445557e-02,1.433600857853889465e-02,2.187044918537139893e-02,1.359027903527021408e-02,1.150095090270042419e-02,-1.763071981258690357e-03,-9.482338093221187592e-03,1.729321293532848358e-02,2.269332297146320343e-03,2.409478090703487396e-02,-2.396620623767375946e-02,-1.911896467208862305e-02,-1.238168310374021530e-02,1.269668922759592533e-03,2.859165892004966736e-03,4.487235099077224731e-03,1.365456636995077133e-02,3.142350167036056519e-02,9.707341901957988739e-03,-5.975479725748300552e-03,-1.360313687473535538e-02,-1.265811733901500702e-02,-3.018919192254543304e-02,1.536460127681493759e-02,-1.708749309182167053e-02,-3.099840541835874319e-04,-3.386640921235084534e-02,1.024735346436500549e-02,-4.455091431736946106e-03,-3.674646839499473572e-02,-1.791036874055862427e-02,1.953040063381195068e-02,-8.961612358689308167e-03,-7.315864786505699158e-03,-2.217902801930904388e-02,7.238720078021287918e-03,-1.644462347030639648e-02,-1.946611516177654266e-02,1.494030654430389404e-02,-2.028898894786834717e-02,-1.428457908332347870e-02,3.918937593698501587e-02,-1.944682793691754341e-03,-1.164881046861410141e-02,5.146177019923925400e-03,-3.548644483089447021e-02
-1.412841491401195526e-02,-1.294131670147180557e-02,-3.707249416038393974e-03,-1.052171178162097931e-02,-4.722445271909236908e-03,1.049576420336961746e-02,5.637094844132661819e-03,2.060231566429138184e-02,-8.802689611911773682e-03,-3.253816813230514526e-02,-5.513844080269336700e-03,2.843846194446086884e-02,8.238331414759159088e-03,-1.918817684054374695e-02,2.727731131017208099e-03,-4.621898755431175232e-03,2.989152260124683380e-02,1.495873462408781052e-02,2.144723257515579462e-04,-1.687885075807571411e-02,3.927803132683038712e-03,1.168286241590976715e-02,-2.297651208937168121e-02,-7.557210046797990799e-03,-4.333232995122671127e-03,-1.185800880193710327e-02,-6.324703805148601532e-03,-2.631076611578464508e-02,-1.702804816886782646e-03,-5.338698625564575195e-03,-2.573667792603373528e-03,-1.547119813039898872e-03,-7.842632010579109192e-03,-1.476412825286388397e-02,-3.240843117237091064e-02,-3.482154756784439087e-02,-1.264940761029720306e-02,-5.277073010802268982e-03,9.243797510862350464e-03,1.167637575417757034e-02,-2.923959167674183846e-03,8.912966586649417877e-03,1.377812307327985764e-02,1.379109732806682587e-02,-3.054020926356315613e-02,5.617634393274784088e-03,-1.283103972673416138e-02,-1.226019486784934998e-02,-4.323502536863088608e-03,2.160129602998495102e-03,3.030668199062347412e-02,4.521352238953113556e-03,-1.711237803101539612e-02,-1.420625764876604080e-02,1.848759478889405727e-03,-2.070610597729682922e-02,-1.190341636538505554e-02,7.356117013841867447e-03,-2.954771742224693298e-03,-9.803290013223886490e-04,-1.223424728959798813e-02,-2.681917685549706221e-04,2.319057966815307736e-04,1.235101092606782913e-02,-2.182184904813766479e-02,-4.261877387762069702e-03,-1.922709867358207703e-02,1.467331219464540482e-02,-1.691777072846889496e-02,-3.801308944821357727e-02,2.580478973686695099e-02,4.027052223682403564e-02,1.197477243840694427e-02,-2.297651208937168121e-02,5.361402407288551331e-03,-3.035857714712619781e-02,-1.916223019361495972e-02,-1.665829680860042572e-02,-3.215868491679430008e-03,3.441287437453866005e-03,-2.030391944572329521e-03,1.498468220233917236e-03,-1.549065858125686646e-02,3.619676455855369568e-03,-4.566760268062353134e-03,-1.820217259228229523e-02,7.570183835923671722e-03,2.048555202782154083e-02,2.466634381562471390e-03,-2.145858481526374817e-02,1.781295984983444214e-02,1.456952188163995743e-02,1.562039647251367569e-02,2.479283884167671204e-02,-2.118613570928573608e-02,-3.189920913428068161e-03,-2.179590240120887756e-02,4.374748840928077698e-02,-3.289048618171364069e-05,-1.930494233965873718e-02,1.111201755702495575e-02,1.806594780646264553e-03,-2.057636901736259460e-02,-8.166976273059844971e-03,-1.464736461639404297e-02,-1.078118663281202316e-02,1.907141320407390594e-02,-1.481602340936660767e-02,2.219808846712112427e-02,-1.162448059767484665e-02,-8.004804141819477081e-03,1.612637192010879517e-02,7.913988083600997925e-03,-3.848014399409294128e-02,1.070334482938051224e-02,-3.150026872754096985e-02,4.265120718628168106e-03,-7.693434134125709534e-03,-8.614570833742618561e-03,-7.745329290628433228e-03,-1.105363573879003525e-02,6.921496242284774780e-03,1.576310768723487854e-02,-1.830596290528774261e-02,1.726806163787841797e-02,-3.522373270243406296e-03,-1.663234829902648926e-02,-2.926878258585929871e-02,6.507146754302084446e-04,1.333701610565185547e-02,4.060783982276916504e-02,2.851630374789237976e-02,2.929472923278808594e-02,-1.731995726004242897e-03,-1.160502061247825623e-02,2.483175881206989288e-02,-9.224336594343185425e-03,6.778785027563571930e-03,-1.041792239993810654e-02,-9.198389016091823578e-03,9.081625379621982574e-03,2.789356512948870659e-03,-1.309051457792520523e-02,-1.379109732806682587e-02,3.928451612591743469e-02,1.133905816823244095e-02,1.519226282835006714e-02,1.768322288990020752e-02,-1.112499181181192398e-02,8.731334470212459564e-03,-1.639557769522070885e-03,-1.316024805419147015e-03,-1.001573540270328522e-02,-1.276617124676704407e-02,3.121484443545341492e-02,-4.038080107420682907e-03,-5.484653171151876450e-03,1.322673913091421127e-02,1.089146360754966736e-02,-1.707345619797706604e-02,-6.065228488296270370e-03,-6.071715615689754486e-03,1.986281201243400574e-02,-4.469457082450389862e-03,4.608924966305494308e-03,2.477986365556716919e-02,-1.301267184317111969e-02,-8.958375081419944763e-03,-3.979698289185762405e-03,-1.694371923804283142e-02,2.497447095811367035e-02,3.837635368108749390e-02,-1.719021983444690704e-02,5.189500283449888229e-03,5.786292720586061478e-03,2.724487707018852234e-02,4.722445271909236908e-03,1.299969851970672607e-02,-3.718277066946029663e-02,-2.610967494547367096e-03,-1.996660232543945312e-02,2.489662729203701019e-02,2.527286671102046967e-02,1.213045697659254074e-02,-1.741077378392219543e-02,1.779025653377175331e-03,-2.259054454043507576e-03,7.206918671727180481e-03,4.197008442133665085e-03,5.854404880665242672e-04,2.106937207281589508e-02,1.076821330934762955e-02,-5.247882101684808731e-03,1.602258160710334778e-02,-6.434980630874633789e-01,1.017628586851060390e-03,4.222956020385026932e-03,-3.163000568747520447e-02,6.431736983358860016e-03,6.889061536639928818e-03,1.508847251534461975e-02,5.543034989386796951e-03,-3.617081791162490845e-02,1.855246350169181824e-02,1.264292001724243164e-02,1.554255373775959015e-02,-1.329809427261352539e-02,-1.620421558618545532e-02,-1.458249613642692566e-02,-2.118613570928573608e-02,-1.608745078556239605e-03,-8.731334470212459564e-03,-1.080064801499247551e-03,2.847738331183791161e-03,7.239352911710739136e-03,4.226199351251125336e-03,2.335275150835514069e-02,-2.670970978215336800e-03,-1.959036337211728096e-03,3.454261226579546928e-03,3.489229493425227702e-05,2.062826417386531830e-02,1.011303905397653580e-02,-5.247882101684808731e-03,-4.097110405564308167e-02,-7.881553843617439270e-03,1.069685723632574081e-02,9.140007197856903076e-03,3.427664935588836670e-02,1.805946044623851776e-02,-2.090071327984333038e-02,3.713736310601234436e-03,-1.119634695351123810e-02,7.920474745333194733e-03,-2.714108675718307495e-02,1.450465340167284012e-02,1.859138533473014832e-02,-1.184665597975254059e-03,6.726079154759645462e-04,-7.480178028345108032e-04,3.755901008844375610e-03,-3.668976947665214539e-02,3.087752684950828552e-02,7.485854439437389374e-03,3.272628644481301308e-03,-7.161510642617940903e-03,2.093638991937041283e-03,5.436001811176538467e-03,1.489386614412069321e-02,2.091368660330772400e-02,3.528860211372375488e-02,-6.298756226897239685e-03,-1.643774285912513733e-02,1.912330836057662964e-02,1.538686826825141907e-02,1.371325459331274033e-02,-1.556850131601095200e-02,-1.864976715296506882e-03,-9.691392071545124054e-03,4.505337710725143552e-05,-2.521772868931293488e-03,1.571121253073215485e-02,1.397272944450378418e-02,-7.930205320008099079e-04,-6.539581227116286755e-04,2.572694793343544006e-02,-1.300618518143892288e-02,-9.334613569080829620e-03,8.303200826048851013e-03,-1.397272944450378418e-02,2.589560672640800476e-02,-1.673613861203193665e-02,7.738842628896236420e-03,3.214246826246380806e-03,-1.563337072730064392e-02,-4.660820122808218002e-03,-4.699092730879783630e-02,-1.723887166008353233e-03,2.218511328101158142e-02,-9.250284172594547272e-03,-8.348608389496803284e-03,-1.227316819131374359e-02,-2.727082371711730957e-02,1.013249903917312622e-02,1.838380470871925354e-02,3.601513430476188660e-02,1.035305298864841461e-02,2.317436272278428078e-03,8.750795386731624603e-03,3.236950840801000595e-03,-2.393656969070434570e-02,-8.627544157207012177e-03,1.589284464716911316e-02,3.785091917961835861e-03,1.760537922382354736e-02,-1.815027743577957153e-02,1.066442299634218216e-02,2.818547422066330910e-03,6.020631408318877220e-04,7.070694118738174438e-03,-3.700113669037818909e-02,2.029094658792018890e-02,3.650813549757003784e-02,-1.344080641865730286e-02,-2.497446956112980843e-03,-4.764609970152378082e-03,7.369090337306261063e-03,3.600216004997491837e-03,8.179949596524238586e-03,-2.618102915585041046e-02,1.587987132370471954e-02,1.494576130062341690e-02,1.096281968057155609e-02,-4.177547991275787354e-02,1.228614244610071182e-02,8.685925975441932678e-03,1.655450649559497833e-02,-6.681481841951608658e-03,6.561474408954381943e-03,8.497807197272777557e-03,-2.378088608384132385e-02,-1.833190955221652985e-02,-1.743672043085098267e-02,-8.359960629604756832e-04,-2.254837937653064728e-02,1.011952571570873260e-02,2.280785329639911652e-02,6.386328954249620438e-03,5.256963893771171570e-02,-5.630607716739177704e-03,2.590858004987239838e-02,1.349270110949873924e-03,3.240843117237091064e-02,-1.647666329517960548e-03,7.375577464699745178e-03,-2.306084148585796356e-03,-9.347587823867797852e-03,-5.011111497879028320e-03,1.261048577725887299e-02,-4.857372492551803589e-02,-2.087476477026939392e-02,-3.230464085936546326e-02,-2.345654182136058807e-02,-1.019736845046281815e-02,1.456952188163995743e-02,3.040722804144024849e-03,-2.989152260124683380e-02,3.931046463549137115e-03,1.340350601822137833e-03,-7.472880650311708450e-03,-7.135563064366579056e-03,7.116102613508701324e-03,1.215478288941085339e-03,-4.592707753181457520e-02,2.777193440124392509e-04,1.567229069769382477e-02,-1.562039647251367569e-02,-1.821514591574668884e-02,-3.544428944587707520e-02,-1.789080165326595306e-02,5.444920971058309078e-04,-1.289266510866582394e-03,-1.563337072730064392e-02,-1.589284464716911316e-02,-6.876088213175535202e-03,2.249648422002792358e-02,2.719622571021318436e-03,4.130842164158821106e-02,1.000276207923889160e-02,-7.758303079754114151e-03,-2.103045023977756500e-02,9.451377205550670624e-03,-7.155023515224456787e-03,7.187458220869302750e-03,5.397080443799495697e-03,8.011290803551673889e-03,-1.412841491401195526e-02,-1.942170597612857819e-02,1.067739725112915039e-02,7.278274279087781906e-03,-2.448795596137642860e-03,1.509820227511227131e-03,-1.861733198165893555e-02,1.691452809609472752e-03,1.018439419567584991e-02,2.306732907891273499e-02,5.539791658520698547e-03,-1.124824211001396179e-02,3.635893808677792549e-03,1.194882486015558243e-02,2.645347826182842255e-02,-7.129075936973094940e-03,1.322673913091421127e-02,4.143816232681274414e-02,5.046789068728685379e-03,-1.918817684054374695e-02,2.958015166223049164e-02,1.115742605179548264e-03,3.614405868574976921e-04,-2.367709577083587646e-02,-1.187746878713369370e-02,-8.692413568496704102e-03,2.522097155451774597e-02,-9.187037358060479164e-04,-1.632097922265529633e-02,-3.845419734716415405e-02,-9.561654180288314819e-03,2.922337502241134644e-03,-8.043725974857807159e-03,4.047810286283493042e-02,-2.612913399934768677e-02,9.714096086099743843e-04,-4.200251772999763489e-03,-1.868220046162605286e-02,1.198125910013914108e-02,-1.034656632691621780e-02,1.774809136986732483e-02,2.180887572467327118e-02,-4.076352715492248535e-02,4.112679045647382736e-03,1.329809427261352539e-02,2.411495894193649292e-03,4.651089664548635483e-03,-1.782593317329883575e-02,3.451017662882804871e-03,-1.063847541809082031e-02,2.463715337216854095e-02,2.435821807011961937e-03,1.023628935217857361e-02,9.782208129763603210e-03,-1.043738238513469696e-02,-1.901951804757118225e-02,2.919093891978263855e-02,-9.787073358893394470e-04,-5.478166509419679642e-03,4.949485883116722107e-03,1.498468220233917236e-02,-1.351864822208881378e-02,-1.466033863835036755e-03,-1.442518900148570538e-03,2.714108675718307495e-02,7.596131414175033569e-03,-2.261324785649776459e-02,2.405333518981933594e-02,-4.427292384207248688e-03,5.562495905905961990e-03,-1.347972732037305832e-02,-4.148357082158327103e-03,-2.848143631126731634e-04,-2.802330255508422852e-02,4.696497693657875061e-03,-6.953930482268333435e-03,-5.312751047313213348e-03,3.653408214449882507e-02,-1.200720667839050293e-02,-6.830679718405008316e-03,1.151420362293720245e-02,1.462141703814268112e-02,4.636818543076515198e-02,-9.023243561387062073e-03,-1.974604837596416473e-02,-2.096882555633783340e-03,-3.396527841687202454e-02,-3.012504987418651581e-02,-1.560742221772670746e-02,1.226668152958154678e-02,3.194137662649154663e-02,-1.021034177392721176e-02,8.192923851311206818e-03,1.825406774878501892e-02,-1.032710541039705276e-02,-1.686587557196617126e-02,2.799735404551029205e-02,2.575289644300937653e-02,-3.856447525322437286e-03,-2.838656678795814514e-02,1.543876342475414276e-02,1.295429002493619919e-02,2.245756238698959351e-02,-1.798161864280700684e-02,-5.698071420192718506e-02,5.705207120627164841e-03,-1.427112612873315811e-02,9.477324783802032471e-03,-1.103417482227087021e-02,1.238344516605138779e-02,3.287548571825027466e-02,2.525016199797391891e-03,5.886839702725410461e-03,-8.491319604218006134e-03,2.463715337216854095e-02,-2.422199212014675140e-02,-8.134542033076286316e-03,2.685566432774066925e-02,4.589464515447616577e-03,-7.427472621202468872e-03,-2.080989629030227661e-02,1.036602724343538284e-02,2.978773228824138641e-02,3.606702759861946106e-02,-3.163973568007349968e-03,5.650068633258342743e-03,-7.044746540486812592e-03,-2.088773995637893677e-03,-5.676016211509704590e-03,9.801669046282768250e-03,-4.342962987720966339e-03,-1.951252110302448273e-02,4.096461925655603409e-03,5.218691192567348480e-03,-4.867751523852348328e-02,-2.307706046849489212e-03,1.709940284490585327e-02,2.990449545904994011e-03,8.997295983135700226e-03,-1.402462460100650787e-02,1.058658119291067123e-02,6.311730016022920609e-03,9.891187399625778198e-02,1.318781822919845581e-02,9.023243561387062073e-03,1.512739341706037521e-02,-1.102120149880647659e-02,1.358351763337850571e-02,-2.083584479987621307e-02,-4.654333170037716627e-04,-7.031773217022418976e-03,-1.621718890964984894e-02,-1.061901543289422989e-02,-1.501062978059053421e-02,1.598366163671016693e-02,-7.420985493808984756e-03,1.731995679438114166e-02,1.637287437915802002e-02,1.431977725587785244e-03,-5.448975600302219391e-03,3.457504557445645332e-03,1.198125910013914108e-02,-7.180971093475818634e-03,-6.447954103350639343e-03,-1.063847541809082031e-02,1.103417482227087021e-02,-1.479007583111524582e-02,-4.485674202442169189e-03,6.746350321918725967e-03,3.175974264740943909e-02,-1.459546945989131927e-02,-1.479007652960717678e-03,3.040722804144024849e-04,1.691452809609472752e-03,7.070694118738174438e-03,1.251318305730819702e-02,-7.200432009994983673e-03,6.191722583025693893e-03,9.392995387315750122e-03,1.629503071308135986e-02,3.933641314506530762e-02,-1.925304718315601349e-02,1.198125910013914108e-02,9.016756899654865265e-03,1.403759885579347610e-02,-1.872112229466438293e-02,-1.185152120888233185e-02,3.545077517628669739e-03,-1.268832851201295853e-02,2.690755948424339294e-02,-8.676195866428315639e-04,-3.728656098246574402e-02,1.913628354668617249e-02,-1.141690090298652649e-02,-1.957738958299160004e-02,-1.818919926881790161e-02,6.425250321626663208e-03,-6.953930482268333435e-03,-8.438005897914990783e-05,5.549522116780281067e-03,-4.154843743890523911e-03,1.449168007820844650e-02,-4.481133446097373962e-02,-1.752753742039203644e-02,2.685566432774066925e-02,-1.187098212540149689e-02,-2.755624614655971527e-02,-1.466033887118101120e-02,-2.649240009486675262e-02,-1.467331219464540482e-02,-8.134542033076286316e-03,3.538590623065829277e-03,-1.164394197985529900e-03,-6.542013958096504211e-03,-1.431004703044891357e-02,1.414138823747634888e-02,1.683992892503738403e-02,-3.382905619218945503e-03,1.421923097223043442e-02,-1.226830296218395233e-03,8.115081116557121277e-03,7.875067181885242462e-03,5.925760604441165924e-03,-1.569823920726776123e-02,1.568526402115821838e-02,-3.261600807309150696e-02,-1.597068831324577332e-02,2.147155813872814178e-02,-1.995362900197505951e-02,-4.446753300726413727e-03,6.936902645975351334e-04,3.219112055376172066e-03,-5.546278320252895355e-03,-5.932247731834650040e-03,1.704750955104827881e-02,-8.231844753026962280e-03,3.765631234273314476e-03,-1.715778606012463570e-03,2.327490970492362976e-02,9.860050631687045097e-04,-1.116391271352767944e-02,-9.219471830874681473e-04,-2.817898616194725037e-02,-1.380407065153121948e-02,-4.686767701059579849e-03,-1.845516031607985497e-03,2.662213705480098724e-02,2.570100128650665283e-02,-2.579181641340255737e-02,2.682971768081188202e-02,-2.705027116462588310e-03,-7.660999894142150879e-03,3.425070270895957947e-02,-2.210727147758007050e-02,2.291164360940456390e-02,-2.231485210359096527e-02,-1.621718890964984894e-02,-4.407021042425185442e-04,-6.383085623383522034e-03,5.075331404805183411e-02,2.174400724470615387e-02,-1.051684725098311901e-03,-2.625887282192707062e-02,-2.657024189829826355e-02,1.322673913091421127e-02,2.656375523656606674e-03,-3.092942200601100922e-02,-7.518288679420948029e-03,5.432758014649152756e-03,-2.830872498452663422e-02,-7.706407923251390457e-03,-3.989428281784057617e-03,-1.750159077346324921e-02,8.283739909529685974e-03,2.032986842095851898e-02,-7.913988083600997925e-03,-1.510144583880901337e-02,8.238331414759159088e-03,-1.111850421875715256e-02,-7.005825755186378956e-04,-3.204516321420669556e-02,1.287644822150468826e-02,-4.336476325988769531e-03,-2.224998315796256065e-03,-2.498744428157806396e-02,-8.296714164316654205e-03,1.999255083501338959e-02,-2.695945464074611664e-02,4.930025432258844376e-03,-1.982389204204082489e-02,2.492581959813833237e-03,5.234097479842603207e-04,-1.118175103329122066e-03,1.476412825286388397e-02,-3.220085054636001587e-02,1.772214472293853760e-02,1.187098212540149689e-02,-3.287548571825027466e-02,-1.174773182719945908e-02,-1.136500574648380280e-02,2.354735881090164185e-02,1.992768235504627228e-02,3.111105412244796753e-02,-2.472796849906444550e-02,-4.759744915645569563e-04,1.238993182778358459e-02,-5.257612559944391251e-03,3.859690856188535690e-03,-1.360946521162986755e-02,-2.690755948424339294e-02,-4.348801448941230774e-02,3.434800542891025543e-03,2.655726857483386993e-02,7.732355501502752304e-03,2.417009882628917694e-02,-1.620421558618545532e-02,1.311646215617656708e-02,2.472796849906444550e-02,1.774160424247384071e-03,-1.913628220790997148e-04,-4.459727089852094650e-03,-2.958015166223049164e-02,-1.337593700736761093e-02,-4.401344805955886841e-03,1.660640165209770203e-02,-2.541537469369359314e-05,-3.441287437453866005e-03,-1.477710250765085220e-02,2.625887282192707062e-02,-5.448975600302219391e-03,-7.077181246131658554e-03,-2.082286961376667023e-02,-4.999455268261954188e-05,-2.620697719976305962e-03,2.716703526675701141e-02,1.460844371467828751e-02,-3.014369867742061615e-04,-2.319706603884696960e-02,1.741077378392219543e-02,1.394678186625242233e-02,-1.559444889426231384e-02,1.930494233965873718e-02,1.446573249995708466e-02,1.325917337089776993e-02,-8.426451124250888824e-03,-5.533304996788501740e-03,-2.640158310532569885e-02,1.353162247687578201e-02,-6.610126234591007233e-03,1.613934710621833801e-02,-6.619856227189302444e-03,-3.716979641467332840e-03,-7.991830818355083466e-03,-1.244182698428630829e-02,-5.507357418537139893e-03,-1.912330836057662964e-02,2.615508250892162323e-02,-1.346026663668453693e-03,-2.463715337216854095e-02,-1.521983183920383453e-03,-1.323971245437860489e-02,-2.314517088234424591e-02,1.129365060478448868e-02,-1.337593700736761093e-02,2.895741164684295654e-02,9.511380922049283981e-04,-1.304510701447725296e-02,2.994341775774955750e-02,7.221716805361211300e-05,1.186449546366930008e-02,-5.692233331501483917e-03,1.346675306558609009e-02,-1.495873462408781052e-02,4.265769198536872864e-02,2.429983578622341156e-02,-1.068388391286134720e-02,1.873409561812877655e-02,-2.635293058119714260e-04,2.505555748939514160e-03,3.356958040967583656e-04,-2.650537341833114624e-02,2.356033213436603546e-02,8.134542033076286316e-03,-6.201453041285276413e-03,-1.109255664050579071e-02,-1.791675016283988953e-02,-1.551660615950822830e-02,8.569162338972091675e-03,-2.104342356324195862e-02,1.333701610565185547e-02,-4.924836009740829468e-02,-1.319430489093065262e-02,-7.258813828229904175e-03,2.742326585575938225e-03,-2.294732257723808289e-03,3.399122878909111023e-02,9.024865576066076756e-04,3.024505684152245522e-03,7.810198236256837845e-03,-3.434800542891025543e-03,-2.079692296683788300e-02,1.471223402768373489e-02,-1.156609877943992615e-02,2.439065091311931610e-02,7.505314890295267105e-03,-1.225370820611715317e-02,2.069313311949372292e-03,1.423220522701740265e-02,-3.451017662882804871e-02,5.929004400968551636e-03,-1.424517855048179626e-02,2.118613570928573608e-02,-1.074226573109626770e-02,-4.511621780693531036e-03,-4.780827090144157410e-03,1.870814897119998932e-02,3.316090628504753113e-02,5.997116211801767349e-03,-5.907110753469169140e-04,7.920474745333194733e-03,-1.431004703044891357e-02,-1.786485500633716583e-02,7.959396578371524811e-03,3.728656098246574402e-02,-4.469457082450389862e-03,-1.211748365312814713e-02,-1.192287728190422058e-02,-3.269385173916816711e-02,-1.072929240763187408e-02,7.005825638771057129e-03,2.113424055278301239e-02,-9.133520536124706268e-03,-1.463439129292964935e-02,4.437022842466831207e-03,-2.548044733703136444e-02,2.052447386085987091e-02,7.005825638771057129e-03,-2.215673448517918587e-04,1.842272654175758362e-02,3.702708706259727478e-02,-1.956441625952720642e-02,2.804924920201301575e-02,-2.672592736780643463e-02,-6.467415019869804382e-03,-1.479007583111524582e-02,1.240290608257055283e-02,1.227965485304594040e-02,-2.841251529753208160e-02,1.306456699967384338e-02,-2.885362133383750916e-02,-2.276893332600593567e-02,2.463715337216854095e-02,-2.370304241776466370e-02,3.137052804231643677e-02,1.288942154496908188e-02,-3.344633057713508606e-02,7.375577464699745178e-03,2.020661719143390656e-03,2.462418004870414734e-02,-4.187926650047302246e-02,-3.715682402253150940e-02,7.479367312043905258e-03,-9.754638886079192162e-04,-1.398570369929075241e-02,2.240566723048686981e-02,-2.682971768081188202e-02,8.199410513043403625e-03,2.856819890439510345e-02,4.077001009136438370e-03,5.951708182692527771e-03,-8.984322659671306610e-03,-5.458705592900514603e-03,7.206918671727180481e-03,-4.638115875422954559e-03,-1.250020880252122879e-02,-1.077469997107982635e-02,9.535706602036952972e-03,-2.301543392241001129e-02,-1.206558849662542343e-02,-2.557450672611594200e-03,-9.607062675058841705e-03,7.129075936973094940e-03,1.859138533473014832e-02,8.517267182469367981e-03,-1.968117989599704742e-02,5.406810902059078217e-03,-3.079968504607677460e-02,2.457228489220142365e-02,2.948284847661852837e-03,-2.039473690092563629e-02,-2.939851954579353333e-02,-2.675187401473522186e-02,-1.148825604468584061e-02,4.898888245224952698e-02,2.121208235621452332e-03,-1.258453819900751114e-02,-3.824013052508234978e-03,8.205897174775600433e-03,-3.995915129780769348e-02,5.575469695031642914e-03,-6.061985157430171967e-03,2.061529085040092468e-02,6.772297900170087814e-03,2.753029949963092804e-02,2.047257870435714722e-02,-9.827616158872842789e-04,1.550363283604383469e-02,1.142987422645092010e-02,-4.979325458407402039e-02,3.340740920975804329e-03,-7.291248068213462830e-03,-2.667403221130371094e-02,-5.341941956430673599e-03,1.049576420336961746e-02,3.642380470409989357e-03,-8.523754775524139404e-03,3.848014399409294128e-02,-1.143636181950569153e-02,5.403567105531692505e-03,3.938830643892288208e-02,-1.589284464716911316e-02,-3.417285904288291931e-02,-1.800756715238094330e-02,5.241395439952611923e-03,-2.205537632107734680e-02,-6.360381375998258591e-03,1.447870582342147827e-02,-2.016120962798595428e-02,4.379938170313835144e-02,9.973571286536753178e-05,1.537389494478702545e-02,-3.386149182915687561e-02,6.999338511377573013e-03,1.436194218695163727e-02,-1.901951804757118225e-02,8.218871429562568665e-03,7.719381712377071381e-03,-2.243161574006080627e-02,-1.205747947096824646e-03,1.229911576956510544e-02,2.786761708557605743e-02,2.260027453303337097e-02,-6.052254699170589447e-03,-2.886659698560833931e-03,-8.854584884829819202e-04,-5.282749189063906670e-04,-1.370028126984834671e-02,-2.142290584743022919e-03,4.518108908087015152e-03,2.218511421233415604e-03,1.341485884040594101e-02,-1.586689800024032593e-02,-1.594473980367183685e-02,-2.043365687131881714e-02,1.787134213373064995e-03,-1.206558849662542343e-02,-1.038548722863197327e-02,-9.976814500987529755e-03,3.211003262549638748e-03,-3.609297424554824829e-02,2.467607520520687103e-02,3.972562402486801147e-02,-2.025202475488185883e-02,4.106192383915185928e-03,-3.314793342724442482e-03,-3.087752731516957283e-03,6.623100023716688156e-03,-1.868220046162605286e-02,2.939365513157099485e-04,-2.010931447148323059e-02,6.629586685448884964e-03,2.765030600130558014e-03,-9.289206005632877350e-03,-3.212300688028335571e-02,-9.529219940304756165e-03,1.480831997469067574e-04,-1.397272944450378418e-02,1.554255373775959015e-02,2.012488245964050293e-01,-2.158832177519798279e-02,-2.178292721509933472e-02,1.943467929959297180e-02,1.767673529684543610e-03,1.652855798602104187e-02,2.747840434312820435e-02,-1.025575026869773865e-02,-1.861733198165893555e-02,-5.262477789074182510e-04,-2.262622117996215820e-02,-1.005465723574161530e-02,-2.069313265383243561e-02,3.099104855209589005e-03,1.962928473949432373e-02,-4.486323148012161255e-02,-4.623844847083091736e-02,-4.782124608755111694e-02,-1.712535135447978973e-02,-5.251774564385414124e-02,2.379061654210090637e-03,-2.739083254709839821e-03,1.381704490631818771e-02,-4.738662391901016235e-03,1.431004703044891357e-02,-1.556850154884159565e-03,-1.940873079001903534e-02,1.124175544828176498e-02,4.346206411719322205e-02,3.008288564160466194e-03,-2.706324495375156403e-02,6.613369565457105637e-03,3.765631234273314476e-03,-1.110553089529275894e-02,-2.370953094214200974e-03,2.969772613141685724e-04,1.019736845046281815e-02,1.454357523471117020e-02,1.069523626938462257e-03,6.237130612134933472e-03,-6.807164754718542099e-04,-4.343165710452012718e-05,2.921688742935657501e-02,7.907501421868801117e-03,-1.364838611334562302e-02,1.903249323368072510e-02,6.969337118789553642e-04,6.947443820536136627e-03,8.381043560802936554e-03,9.412456303834915161e-03,-4.110084474086761475e-02,-1.113147847354412079e-02,5.417838320136070251e-02,2.488365396857261658e-02,4.368910565972328186e-03,5.315994378179311752e-03,1.643774285912513733e-02,3.762387856841087341e-02,-1.743672043085098267e-02,-9.633010253310203552e-03,-2.275596000254154205e-02,1.485494524240493774e-02,-6.308486335910856724e-04,1.917520351707935333e-02,9.873024187982082367e-03,5.106468498706817627e-02,-4.312474653124809265e-02,-8.212384767830371857e-03,-4.758123308420181274e-03,-1.045035663992166519e-02,-1.355757005512714386e-02,-2.230187878012657166e-02,-7.686947472393512726e-03,5.001381039619445801e-03,1.593176648020744324e-02,-2.306732907891273499e-02,2.053096191957592964e-03,1.868220046162605286e-02,2.557450672611594200e-03,2.245756238698959351e-02,-1.480305008590221405e-02,4.135383293032646179e-03,9.023243561387062073e-03,1.520523615181446075e-02,1.004817057400941849e-02,-2.695945464074611664e-02,-5.319237709045410156e-03,9.381643612869083881e-04,-5.624121055006980896e-03,1.098876725882291794e-02,1.200882834382355213e-03,-2.758219465613365173e-02,-1.023628935217857361e-02,-1.938278414309024811e-02,-1.994714140892028809e-03,1.131311058998107910e-02,9.289206005632877350e-03,1.176557037979364395e-03,-2.568802610039710999e-02,5.377619992941617966e-03,-2.186077088117599487e-02,2.554531581699848175e-02,9.860050864517688751e-03,1.316835731267929077e-02,2.680701203644275665e-03,5.630607716739177704e-03,1.914925687015056610e-02,1.612637192010879517e-02,1.268184185028076172e-02,-2.353438362479209900e-02,7.142049726098775864e-03,-1.829298958182334900e-02,-6.876088213175535202e-03,-3.225598717108368874e-03,1.370028126984834671e-02,6.386328954249620438e-03,-9.341100230813026428e-03,-1.320079155266284943e-02,2.228890359401702881e-02,-4.699741490185260773e-03,5.277073010802268982e-03,-1.065144967287778854e-02,2.473121276125311852e-03,-8.017778396606445312e-03,-1.901951804757118225e-02,3.635893808677792549e-03,3.240194404497742653e-03,8.406990207731723785e-03,-4.638115875422954559e-03,-3.975157439708709717e-02,3.502912819385528564e-02,-4.042620956897735596e-02,1.979794353246688843e-02,4.699092730879783630e-02,-2.083908766508102417e-03,1.621718890964984894e-02,-3.515075659379363060e-04,-1.952549442648887634e-02,-1.959036476910114288e-02,6.561474408954381943e-03,-4.835965577512979507e-03,9.963841177523136139e-03,1.183854788541793823e-02,2.004444599151611328e-02,-9.367047809064388275e-03,-2.252567559480667114e-03,2.388467639684677124e-02,-1.935683563351631165e-02,1.314889639616012573e-02,7.998317480087280273e-03,-1.120932120829820633e-02,-1.729401014745235443e-02,1.317484397441148758e-02,5.886839702725410461e-03,2.646645158529281616e-02,-3.356958040967583656e-04,-2.007687930017709732e-03,-1.556850131601095200e-02,1.130013726651668549e-02,2.528584003448486328e-02,-4.953378066420555115e-02,6.087932735681533813e-03,6.331190466880798340e-03,-1.219532545655965805e-02,-1.434410340152680874e-03,-2.870442345738410950e-03,-1.627427339553833008e-01,9.574628435075283051e-03,2.398846484720706940e-02,-1.714156824164092541e-03,1.142987422645092010e-02,4.252146929502487183e-03,2.511718124151229858e-02,-4.137410141993314028e-04,-2.328788302838802338e-02,-1.834164024330675602e-03,-6.564718205481767654e-03,-2.804924920201301575e-02,-3.235329175367951393e-03,-6.999338511377573013e-03,7.706407923251390457e-03,-4.842452704906463623e-03,-4.078947380185127258e-02,6.713916081935167313e-03,5.458705592900514603e-03,-3.029370913282036781e-03,2.323598787188529968e-02,2.366087865084409714e-03,-1.388191338628530502e-02,-3.279764205217361450e-02,3.876556828618049622e-02,1.205261424183845520e-02,-3.087752684950828552e-02,4.702984821051359177e-03,-1.166340243071317673e-02,-1.372622884809970856e-02,-7.180971093475818634e-03,2.654429525136947632e-02,1.600960828363895416e-02,-2.049852721393108368e-02,3.780550882220268250e-02,1.121580787003040314e-02,8.024265058338642120e-03,2.080665202811360359e-03,-1.198774576187133789e-02,1.462141703814268112e-02,1.233155000954866409e-02,1.440086401998996735e-03,4.242416471242904663e-02,-1.669721677899360657e-02,-1.371325459331274033e-02,1.638584770262241364e-02,3.002125956118106842e-02,1.918817684054374695e-02,3.617081791162490845e-02,5.789536517113447189e-03,7.017988245934247971e-04,-1.515334099531173706e-02,-8.348608389496803284e-03,-1.296077761799097061e-02,2.773788012564182281e-02,6.483632139861583710e-03,-1.058009359985589981e-02,1.094335876405239105e-02,-1.375217642635107040e-02,-8.569162338972091675e-03,8.692413568496704102e-03,1.142500899732112885e-03,1.467331219464540482e-02,-6.113880313932895660e-03,-1.694696256890892982e-03,-2.358627878129482269e-02,4.900834523141384125e-03,-6.126854103058576584e-03,-3.923262283205986023e-02,2.053096191957592964e-03,-3.915477916598320007e-02,2.672592643648386002e-03,1.953846961259841919e-02,-4.038080107420682907e-03,1.581500284373760223e-02,9.094599634408950806e-03,-8.296714164316654205e-03,4.294311627745628357e-02,3.427664935588836670e-02,8.050212636590003967e-03,-5.040302406996488571e-03,2.184779569506645203e-02,8.666465990245342255e-03,-1.044386997818946838e-02,-1.920115202665328979e-02,-9.887417400022968650e-05,-8.634030818939208984e-03,-1.859138533473014832e-02,-5.821970757097005844e-03,2.069313265383243561e-02,1.576310768723487854e-02,-1.613934710621833801e-02,-5.700342007912695408e-04,-2.016120962798595428e-02,1.694371923804283142e-02,2.817898616194725037e-02,9.187037358060479164e-04,9.762747213244438171e-03,3.350471146404743195e-03,-1.099525392055511475e-02,5.880352575331926346e-03,-1.756645925343036652e-02,-1.739780046045780182e-02,-4.790557548403739929e-03,3.201921656727790833e-02,-7.103128824383020401e-03,-2.846116665750741959e-03,1.193585060536861420e-02,3.100726567208766937e-02,-1.961631141602993011e-02,-1.078767422586679459e-02,-4.514865111559629440e-03,2.092665992677211761e-02,7.738842628896236420e-03,5.165174370631575584e-04,-2.066069748252630234e-03,2.987206215038895607e-03,-2.454633638262748718e-02,-8.672952651977539062e-03,-3.710492746904492378e-03,4.535623267292976379e-02,2.900930680334568024e-02,7.725868839770555496e-03,2.236674726009368896e-02,-2.354735881090164185e-02,-2.463715337216854095e-02,-1.181130260229110718e-01,-3.264195844531059265e-02,1.869517564773559570e-02,4.156789928674697876e-02,2.546098548918962479e-03,8.530241437256336212e-03,-7.155023515224456787e-03,3.463991358876228333e-02,-3.124079294502735138e-02,1.204612758010625839e-02,2.157534845173358917e-02,-2.362520061433315277e-02,-1.386894006282091141e-02,-1.054765935987234116e-02,-8.971348404884338379e-03,3.097482956945896149e-03,-5.137605592608451843e-03,-1.433599460870027542e-02,-1.075523998588323593e-02,1.683992892503738403e-02,1.209153607487678528e-02,7.563696708530187607e-03,-5.225178319960832596e-03,-2.724487800151109695e-03,3.528860164806246758e-03,1.136500574648380280e-02,-1.100174058228731155e-02,4.001104831695556641e-02,2.631076611578464508e-02,-8.037238381803035736e-03,7.537749130278825760e-03,-1.161150727421045303e-02,6.052254699170589447e-03,1.930494233965873718e-02,3.819147823378443718e-04,-8.770255371928215027e-03,-2.611616067588329315e-02,-3.445828333497047424e-02,3.679355606436729431e-02,-5.521628260612487793e-02,-3.138025989755988121e-03,1.536092069000005722e-02,9.827616158872842789e-04,3.139647655189037323e-03,2.926878258585929871e-02,-1.279211882501840591e-02,-3.392635844647884369e-03,1.432302128523588181e-02,3.399122878909111023e-02,-2.254837937653064728e-02,-3.482154756784439087e-02,-1.267535425722599030e-02,-1.174124423414468765e-02,-2.632374130189418793e-02,-4.115922376513481140e-03,1.257156487554311752e-02,5.114901345223188400e-03,1.593338791280984879e-03,-3.502912819385528564e-02,2.446849457919597626e-02,4.222956020385026932e-03,3.804552368819713593e-03,1.651558466255664825e-02,1.699561439454555511e-02,-4.826235584914684296e-03,-1.804648712277412415e-02,-1.555552706122398376e-02,-1.646368950605392456e-02,1.655450649559497833e-02,-2.014823444187641144e-02,1.209802273660898209e-02,-1.874707080423831940e-02,-7.888040505349636078e-03,3.746819123625755310e-02,-1.992768235504627228e-02,2.026499807834625244e-02,-1.695669256150722504e-02,-2.403387334197759628e-03,1.534794736653566360e-02,-2.079692296683788300e-02,-3.282358869910240173e-02,-3.142891218885779381e-03,2.123803086578845978e-02,8.867559023201465607e-03,5.044194310903549194e-02,-2.416361123323440552e-03,1.508847251534461975e-02,-3.082887502387166023e-03,-4.128896165639162064e-03,-2.346951514482498169e-02,1.498468220233917236e-03,3.155216202139854431e-02,2.533124759793281555e-03,-1.708642952144145966e-02,-1.917520351707935333e-02,3.562591969966888428e-02,-1.058658119291067123e-02,-8.925940841436386108e-03,-8.543214760720729828e-03,9.665444493293762207e-03,-6.960417609661817551e-03,-1.632097922265529633e-02,-5.314048379659652710e-02,2.516907639801502228e-02,-4.200900718569755554e-02,2.276893332600593567e-02,4.605681635439395905e-03,4.281337838619947433e-03,1.212397031486034393e-02,-3.466586396098136902e-02,-2.317111939191818237e-02,-9.756260551512241364e-03,-1.129527227021753788e-03,1.542579010128974915e-02,4.690011031925678253e-03,-2.044663205742835999e-02,-5.766832269728183746e-03,-1.725508831441402435e-02,1.122878119349479675e-02,1.362243853509426117e-02,3.580755321308970451e-03,6.765811238437891006e-03,1.486791856586933136e-02,2.302840724587440491e-02,-1.449168007820844650e-02,3.100726567208766937e-02,-2.118613570928573608e-02,-4.609735915437340736e-04,-1.773511804640293121e-02,4.521352238953113556e-03,7.206918671727180481e-03,-3.515886608511209488e-03,-9.882349695544689894e-05,-2.176995389163494110e-02,-2.045392902800813317e-04,5.121388006955385208e-03,2.218511328101158142e-02,3.960237372666597366e-03,2.104991115629673004e-03,2.070610597729682922e-02,1.617826707661151886e-02,5.661744996905326843e-02,-8.115081116557121277e-03,-3.072184138000011444e-02,1.853624708019196987e-03,1.269481517374515533e-02,-1.996336039155721664e-03,4.767853301018476486e-03,-8.958375081419944763e-03,3.619676455855369568e-02,1.844867318868637085e-02,4.401344805955886841e-03,3.811687976121902466e-02,2.999531291425228119e-02,-6.418763194233179092e-03,-4.086731374263763428e-02,-1.416733581572771072e-02,-1.833190955221652985e-02,9.509759023785591125e-03,-1.411544065922498703e-02,1.255859062075614929e-02,-2.594750188291072845e-02,1.038548722863197327e-02,-5.055201836512424052e-05,-1.229911576956510544e-02,-1.414138823747634888e-02,-4.193765111267566681e-03,4.291068296879529953e-03,-1.120283361524343491e-02,-1.541281584650278091e-02,1.071145292371511459e-03,-1.520523615181446075e-02,-1.572418585419654846e-02,2.239593770354986191e-03,6.259834859520196915e-03,-1.633881707675755024e-03,2.123803086578845978e-02,-1.835785806179046631e-02,1.921412535011768341e-02,2.510420791804790497e-02,-2.265216968953609467e-02,-9.957353584468364716e-03,2.309327712282538414e-03,-3.833743510767817497e-03,1.379271852783858776e-03,1.619124040007591248e-02,-1.461979583837091923e-03,1.955144293606281281e-02,-2.219808846712112427e-02,-1.085740746930241585e-03,8.679439313709735870e-03,-1.995362900197505951e-02,9.924919344484806061e-03,3.011531895026564598e-03,-1.370028126984834671e-02,-1.992768235504627228e-02,5.801699007861316204e-04,-4.712714813649654388e-03,-1.628205738961696625e-02,1.844867318868637085e-02,1.213856623508036137e-03,2.527286671102046967e-02,9.114060085266828537e-04,-1.840650918893516064e-03,-2.254189224913716316e-03,-1.423220522701740265e-02,-7.161510642617940903e-03,1.034656632691621780e-02,-4.475944116711616516e-02,-2.363817393779754639e-02,-4.589464515447616577e-03,2.776382723823189735e-03,6.152801215648651123e-03,-7.894527167081832886e-03,6.979878060519695282e-03,1.702804816886782646e-03,-8.796202950179576874e-03,1.795242773368954659e-03,-1.664532162249088287e-02,4.565138660836964846e-04,-1.377812307327985764e-02,-2.680701203644275665e-03,1.076172664761543274e-02,7.219892460852861404e-03,2.638860978186130524e-02,-1.102120149880647659e-02,4.784719273447990417e-02,2.465012669563293457e-02,2.004444599151611328e-02,-1.817622594535350800e-02,8.225358091294765472e-03,2.058934234082698822e-02,1.804648712277412415e-02,-8.887019008398056030e-03,-4.553786665201187134e-02,-1.931791566312313080e-02,5.854404997080564499e-03,3.052074927836656570e-03,-1.504955068230628967e-02,3.103321231901645660e-02,-3.666381910443305969e-02,4.224253445863723755e-02,9.555167518556118011e-03,-1.272076275199651718e-02,-1.538686826825141907e-02,1.098228059709072113e-02,2.453336305916309357e-02,-1.063036732375621796e-03,9.010270237922668457e-03,-1.757943257689476013e-02,-1.117688603699207306e-02,1.011303905397653580e-02,-2.580154687166213989e-03,5.737641360610723495e-03,-1.715129800140857697e-02,-4.388371482491493225e-03,-1.816325075924396515e-02,4.472700413316488266e-03,1.318133063614368439e-02,1.577608101069927216e-02,1.209802273660898209e-02,4.221658408641815186e-02,-1.593176648020744324e-02,-3.142080386169254780e-04,-1.722914166748523712e-02,-1.289590820670127869e-02,-2.349546365439891815e-02,1.122229453176259995e-02,-1.543876365758478642e-03,-1.959036476910114288e-02,-1.953846961259841919e-02,1.117039937525987625e-02,7.161510642617940903e-03,-3.668976947665214539e-02,-2.147155813872814178e-02,1.750159077346324921e-02,-2.136776782572269440e-02,-4.873265279456973076e-04,-2.662213705480098724e-02,7.038259878754615784e-03,-5.640338174998760223e-03,-9.581115096807479858e-03,3.201921656727790833e-02,-2.781572192907333374e-02,-6.438224110752344131e-03,3.827256709337234497e-02,-4.514865111559629440e-03,-3.095861291512846947e-03,2.092017326503992081e-03,-1.918817684054374695e-02
-1.816624961793422699e-02,-8.032076992094516754e-03,-1.778994873166084290e-02,-1.943788677453994751e-02,-1.189727103337645531e-03,1.603820174932479858e-02,1.077810069546103477e-03,1.267095841467380524e-02,5.858615506440401077e-03,-2.360314689576625824e-02,9.543769061565399170e-03,3.119404427707195282e-02,-1.426537171937525272e-03,-3.166117519140243530e-02,-3.174227662384510040e-03,5.131965503096580505e-03,1.781589910387992859e-02,-9.446449577808380127e-03,7.732820813544094563e-04,2.828744472935795784e-03,-4.901643376797437668e-03,2.691200003027915955e-02,-1.439513056538999081e-03,-1.446811947971582413e-02,-1.307969912886619568e-02,-1.389718055725097656e-02,9.718943387269973755e-03,-4.660940542817115784e-02,-1.682973280549049377e-02,-1.280071772634983063e-02,-8.648431859910488129e-03,7.876366376876831055e-03,-1.306023541837930679e-02,-1.453299913555383682e-02,-4.118548333644866943e-02,-2.083928324282169342e-02,-2.317494340240955353e-02,-1.112074533011764288e-04,9.355618618428707123e-03,1.374146994203329086e-02,-9.874654002487659454e-03,7.519529666751623154e-03,1.897075399756431580e-02,-4.788103979080915451e-03,-2.418706379830837250e-02,5.988374352455139160e-03,-1.339112035930156708e-02,-1.695949025452136993e-02,-2.272808633279055357e-04,1.191835664212703705e-02,4.271663725376129150e-02,-2.119936281815171242e-03,-3.685153322294354439e-03,-2.497859299182891846e-02,-6.792879663407802582e-03,1.707951771095395088e-03,-1.812732219696044922e-02,2.540679648518562317e-02,1.271231885766610503e-04,-1.890587434172630310e-02,2.176705980673432350e-03,-3.458075225353240967e-03,1.536021241918206215e-03,6.364675238728523254e-03,-2.209794335067272186e-02,3.633249783888459206e-03,-1.066618319600820541e-02,1.362468674778938293e-02,-1.943788677453994751e-02,-2.763864956796169281e-02,2.435574866831302643e-02,2.190330624580383301e-02,7.908806204795837402e-03,-2.532894164323806763e-02,3.147951513528823853e-02,-1.891885139048099518e-02,2.363234292715787888e-03,-1.324189826846122742e-02,-8.797654882073402405e-03,9.186931885778903961e-03,2.698985626921057701e-03,-1.387122832238674164e-02,-3.708510100841522217e-02,7.013469468802213669e-03,-1.107492391020059586e-02,-1.485739648342132568e-02,1.125658676028251648e-02,2.141022123396396637e-02,3.205045359209179878e-03,-1.615498587489128113e-02,2.574416995048522949e-02,1.261905487626791000e-02,1.381932478398084641e-02,2.979264780879020691e-02,-2.740508504211902618e-02,5.771027877926826477e-03,-2.192925848066806793e-02,3.007811866700649261e-02,-1.442919205874204636e-02,-1.353385578840970993e-02,-3.291010623797774315e-03,-1.252822391688823700e-02,8.875510655343532562e-03,4.630771582014858723e-04,-2.046298235654830933e-02,1.641450263559818268e-02,4.687541164457798004e-03,1.714439713396131992e-03,1.123063452541828156e-02,6.244648247957229614e-04,-8.739263750612735748e-03,2.968884073197841644e-02,-2.974723232910037041e-03,-5.517349392175674438e-02,2.414813451468944550e-02,-2.797602303326129913e-02,-1.219085045158863068e-02,-7.895830087363719940e-03,-1.693353988230228424e-02,-2.425194159150123596e-02,8.888485841453075409e-03,4.852983634918928146e-03,1.458490267395973206e-02,-1.781589910387992859e-02,1.086082123219966888e-02,1.562297437340021133e-02,-1.094516459852457047e-02,-1.816624961793422699e-02,-1.238548941910266876e-02,-1.947681419551372528e-02,4.139309749007225037e-02,2.107284963130950928e-02,2.673033811151981354e-02,2.809280529618263245e-03,-3.740300890058279037e-03,3.376327082514762878e-02,-1.902265846729278564e-02,1.662211865186691284e-02,-2.187735401093959808e-02,-2.208496816456317902e-02,-2.454065484926104546e-03,1.220382656902074814e-02,4.707004874944686890e-03,-5.498534068465232849e-03,3.352970629930496216e-02,1.009524427354335785e-02,3.075286513194441795e-03,3.301066905260086060e-02,-8.025589399039745331e-03,-1.722549670375883579e-03,-4.188780148979276419e-04,-1.077647879719734192e-02,8.324034512042999268e-03,-1.358575932681560516e-02,1.991799473762512207e-02,2.065761946141719818e-02,-1.139932125806808472e-02,9.537280537188053131e-03,2.192925848066806793e-02,1.470168586820363998e-02,-1.697246730327606201e-02,-3.860327880829572678e-03,1.871123723685741425e-02,7.675240281969308853e-03,7.013469468802213669e-03,2.940337173640727997e-02,-1.960981637239456177e-03,-1.710222661495208740e-02,-2.178327878937125206e-03,-2.548140706494450569e-03,2.377183362841606140e-02,3.589131683111190796e-02,-8.148860186338424683e-03,1.186645310372114182e-02,1.282018143683671951e-02,2.452443540096282959e-02,-5.826175678521394730e-03,2.177354693412780762e-02,-3.376327082514762878e-02,-1.330028939992189407e-02,-3.386707976460456848e-02,2.599071152508258820e-02,1.815327256917953491e-02,1.373822567984461784e-03,-8.058029226958751678e-03,-1.758233457803726196e-02,6.131108850240707397e-03,-4.531830549240112305e-03,1.503905933350324631e-02,-2.593880891799926758e-02,1.711520180106163025e-02,6.695560179650783539e-03,2.384320105193182826e-04,4.139309749007225037e-03,-6.253342032432556152e-01,1.278936397284269333e-03,1.336516928859055042e-03,-2.722342126071453094e-02,1.056237611919641495e-02,7.854469586163759232e-04,1.394908409565687180e-02,-3.258570795878767967e-03,-2.487478591501712799e-02,1.346897613257169724e-02,-5.482314620167016983e-03,1.352087967097759247e-02,-6.137596908956766129e-03,-3.329613804817199707e-02,-1.602522656321525574e-02,-9.712454862892627716e-03,-1.071808673441410065e-02,-2.717151865363121033e-02,2.857940271496772766e-03,2.885513938963413239e-03,-9.160979650914669037e-03,1.685568317770957947e-02,1.638855226337909698e-02,-5.423923023045063019e-03,9.939533658325672150e-03,2.792412042617797852e-02,-6.333857309073209763e-04,-5.908085731789469719e-04,-7.065373472869396210e-03,8.700335398316383362e-03,-4.162666201591491699e-02,9.965484961867332458e-03,3.980354871600866318e-03,9.128539822995662689e-03,2.544572390615940094e-02,1.359873451292514801e-02,-2.867672219872474670e-02,2.505644783377647400e-02,-9.297226555645465851e-03,2.274673804640769958e-02,-2.517323009669780731e-02,2.890379866585135460e-03,1.333921682089567184e-02,-2.619508188217878342e-03,8.473257534205913544e-03,-5.294164177030324936e-03,-2.029105089604854584e-03,-4.655101336538791656e-03,1.662211865186691284e-02,1.202865224331617355e-02,1.132795400917530060e-02,-3.594322130084037781e-02,-4.953546915203332901e-03,2.492668852210044861e-02,7.344354875385761261e-03,1.003036461770534515e-02,4.492253810167312622e-02,-9.971973486244678497e-03,-1.134741771966218948e-02,2.274673804640769958e-02,1.806244254112243652e-02,4.152285307645797729e-02,6.345211062580347061e-03,2.165351994335651398e-03,-1.463680621236562729e-02,1.081540621817111969e-02,-3.766252659261226654e-03,1.249578408896923065e-02,1.899346243590116501e-03,8.933901786804199219e-03,1.400098763406276703e-02,1.029637083411216736e-02,-9.388057515025138855e-03,-1.007578056305646896e-02,3.347780089825391769e-03,1.084784604609012604e-02,1.391015667468309402e-02,-3.290686383843421936e-02,-1.126956194639205933e-02,6.484702229499816895e-03,-1.485739648342132568e-02,9.790310636162757874e-03,-4.108167439699172974e-02,-1.051696017384529114e-02,1.214543543756008148e-02,-8.272130973637104034e-03,-1.935029868036508560e-03,-9.855190292000770569e-03,-3.025004873052239418e-03,4.739444702863693237e-03,1.288506109267473221e-02,3.254353627562522888e-02,2.203306555747985840e-02,-7.157015497796237469e-04,2.070952393114566803e-02,1.444216817617416382e-02,-2.820958942174911499e-02,-7.266499567776918411e-03,8.966341614723205566e-03,-1.167830266058444977e-02,3.539174562320113182e-03,-2.148807793855667114e-02,-3.724080976098775864e-03,-9.563232772052288055e-03,1.715412922203540802e-02,3.181688860058784485e-02,-3.757818415760993958e-02,1.524667348712682724e-02,1.976228319108486176e-02,-2.466717176139354706e-02,-1.253471150994300842e-02,-1.930812746286392212e-02,1.393610797822475433e-02,1.135390531271696091e-02,2.726559294387698174e-03,-1.915241591632366180e-02,7.947733625769615173e-03,2.984455088153481483e-03,-1.886370358988642693e-03,-3.825293108820915222e-02,3.831132082268595695e-03,2.285054512321949005e-02,1.278125401586294174e-02,-6.351699121296405792e-03,1.080891769379377365e-02,2.221472747623920441e-02,-2.382373809814453125e-02,-1.814029738306999207e-02,-1.273583807051181793e-02,-9.212883305735886097e-04,-1.012930530123412609e-03,1.468708738684654236e-03,2.028131857514381409e-02,-1.008875574916601181e-02,4.333947971463203430e-02,9.478889405727386475e-03,8.499209070578217506e-04,-1.646640710532665253e-02,4.167856648564338684e-02,1.045208144932985306e-02,-2.267537172883749008e-03,1.942490972578525543e-02,-9.193419478833675385e-03,-1.008226815611124039e-02,-2.922819694504141808e-03,-2.898814342916011810e-02,-1.021851506084203720e-02,-2.558845840394496918e-02,-3.415254876017570496e-02,5.814821925014257431e-04,3.376327082514762878e-02,-8.881998248398303986e-03,-6.082449574023485184e-03,-7.616848684847354889e-03,-8.353230659849941730e-04,-3.243973106145858765e-02,-1.724496111273765564e-02,-6.916150450706481934e-03,4.723224788904190063e-03,-1.823112927377223969e-02,1.737472042441368103e-02,1.814029738306999207e-02,4.415047354996204376e-03,4.233384970575571060e-03,-1.734876818954944611e-02,-7.006981875747442245e-03,-1.486550667323172092e-03,-1.910051330924034119e-02,-2.530298940837383270e-02,-1.711520180106163025e-02,2.557872794568538666e-03,2.709366194903850555e-02,1.668699644505977631e-02,2.586095221340656281e-02,-4.350167699158191681e-03,-6.494434084743261337e-03,9.861678117886185646e-04,-5.845639389008283615e-03,-6.604729220271110535e-03,1.198972389101982117e-02,7.013469468802213669e-03,1.407884247601032257e-02,-3.648820891976356506e-02,-1.348195225000381470e-02,7.292451336979866028e-03,-6.014326121658086777e-03,-2.254561288282275200e-03,-2.723315265029668808e-03,-1.906158588826656342e-02,3.607298014685511589e-03,-1.683622016571462154e-03,3.297498682513833046e-03,1.173020619899034500e-02,5.425544804893434048e-04,4.908130969852209091e-03,2.167379425372928381e-04,9.783823043107986450e-03,-1.032232213765382767e-02,-5.209820810705423355e-03,4.575299471616744995e-02,-2.465419471263885498e-03,-2.322684600949287415e-02,3.153141960501670837e-02,-7.571433205157518387e-03,1.819219999015331268e-02,-4.437755327671766281e-03,-2.305816113948822021e-02,-1.565217040479183197e-03,3.552799299359321594e-02,-9.420497342944145203e-03,-1.533750444650650024e-02,-5.234475061297416687e-02,-8.901461958885192871e-03,-6.611216813325881958e-03,-6.536605767905712128e-03,2.157890796661376953e-02,-1.402693893760442734e-02,2.112475223839282990e-02,-4.541562404483556747e-03,-9.757870808243751526e-03,6.468482315540313721e-03,-1.163288764655590057e-02,1.619391329586505890e-02,2.043703012168407440e-02,-3.511276468634605408e-02,1.452002301812171936e-02,1.099706813693046570e-02,-3.162873676046729088e-03,-2.113772742450237274e-02,-2.109880000352859497e-02,1.006929203867912292e-02,-2.372966380789875984e-03,2.181247435510158539e-02,2.462824247777462006e-02,-9.816261939704418182e-03,2.351231686770915985e-02,-7.195132318884134293e-03,-1.690758764743804932e-02,1.924324780702590942e-02,-4.496146459132432938e-03,-1.119819469749927521e-02,9.855190292000770569e-03,7.473303121514618397e-04,-2.831339649856090546e-02,-2.429735846817493439e-03,1.274881418794393539e-02,2.348636463284492493e-02,-2.382373809814453125e-02,-1.611605845391750336e-02,2.643189206719398499e-02,-7.123764604330062866e-03,7.934758439660072327e-03,-1.126307435333728790e-02,-5.647757090628147125e-03,3.623112279456108809e-04,-4.139309749007225037e-02,4.810811951756477356e-03,1.128902658820152283e-02,3.021760843694210052e-03,3.921314701437950134e-02,1.624419470317661762e-03,-7.753095589578151703e-03,5.780759733170270920e-03,-3.720836946740746498e-03,2.373290620744228363e-02,7.817975129000842571e-04,3.425635630264878273e-03,-1.265149470418691635e-02,-8.051540702581405640e-03,-9.037708863615989685e-03,-1.885397173464298248e-02,4.064698237925767899e-03,1.839981414377689362e-02,5.469338502734899521e-03,7.480601780116558075e-03,2.130641415715217590e-02,-2.614642260596156120e-03,7.675240281969308853e-03,2.805387787520885468e-02,2.508240006864070892e-02,1.972335623577237129e-03,-3.519061952829360962e-02,1.254768762737512589e-02,-8.570577017962932587e-03,2.578958636149764061e-03,-1.793268322944641113e-02,-4.938624426722526550e-02,2.132912166416645050e-03,-3.986193984746932983e-02,-7.067806436680257320e-04,-2.547167614102363586e-02,2.314899116754531860e-02,8.291594684123992920e-03,5.216308403760194778e-03,-1.015363540500402451e-02,-1.287857256829738617e-02,1.849064603447914124e-02,-8.758727461099624634e-03,-1.433836109936237335e-02,2.055381238460540771e-02,-1.256715133786201477e-02,-1.252822391688823700e-02,-2.214984782040119171e-02,1.895777881145477295e-02,2.955908142030239105e-02,3.218021243810653687e-02,8.985805325210094452e-03,-2.029429562389850616e-02,-1.136688143014907837e-02,6.656632758677005768e-03,-6.105157081037759781e-03,-1.014065928757190704e-02,2.155620139092206955e-03,-1.028339471668004990e-02,1.448109559714794159e-02,-2.708717482164502144e-03,-3.615083545446395874e-02,-4.158773459494113922e-03,9.459425695240497589e-03,-9.186931885778903961e-03,9.537280420772731304e-04,-6.166792940348386765e-03,1.392313186079263687e-02,1.978823542594909668e-02,8.756131678819656372e-02,1.889289915561676025e-02,4.998962394893169403e-03,3.073664382100105286e-03,-2.531596459448337555e-02,1.387122832238674164e-02,-2.181247435510158539e-02,-1.673890091478824615e-02,6.734488066285848618e-03,-3.506086021661758423e-02,-5.180624779313802719e-03,-4.499390721321105957e-03,1.708924956619739532e-02,-2.343446202576160431e-02,3.522954648360610008e-03,2.513430267572402954e-02,-4.158773459494113922e-03,-1.343004871159791946e-02,8.025589399039745331e-03,3.630005754530429840e-03,-2.054083719849586487e-02,5.375263281166553497e-03,4.054966382682323456e-03,5.219552665948867798e-03,-4.301508422940969467e-03,-1.254120003432035446e-02,1.889289915561676025e-02,4.518205672502517700e-02,-1.061427965760231018e-02,6.481457967311143875e-03,1.052993629127740860e-02,2.117665670812129974e-02,1.810136996209621429e-02,5.975398235023021698e-03,-9.284250438213348389e-03,6.309527438133955002e-03,1.786780357360839844e-02,2.054083719849586487e-02,2.131939120590686798e-02,-1.627176813781261444e-02,2.914385311305522919e-02,2.225365489721298218e-02,2.896867925301194191e-03,-1.941193453967571259e-02,7.448161952197551727e-03,2.347338944673538208e-02,-1.316404249519109726e-02,1.902265846729278564e-02,1.195079647004604340e-02,-3.846054524183273315e-02,2.979264780879020691e-02,-3.555394336581230164e-02,-2.846910804510116577e-02,-1.982067478820681572e-03,-1.224924251437187195e-02,-2.077440358698368073e-02,4.359899554401636124e-03,2.298354869708418846e-03,3.119080094620585442e-03,2.142644254490733147e-03,-2.439467795193195343e-02,-4.019931331276893616e-02,1.258661504834890366e-02,8.265643380582332611e-03,-1.122414693236351013e-02,-1.136688143014907837e-02,-3.420445322990417480e-02,1.010822039097547531e-02,2.295110840350389481e-03,2.981211291626095772e-03,-2.214011503383517265e-03,8.831716841086745262e-04,-2.618535049259662628e-02,1.279422920197248459e-02,3.025978058576583862e-02,2.606856636703014374e-02,4.213110078126192093e-04,3.555394476279616356e-03,8.881998248398303986e-03,2.253912389278411865e-02,1.479251682758331299e-02,-1.470168586820363998e-02,2.833934873342514038e-02,-3.332209214568138123e-02,-2.504347264766693115e-02,3.539823368191719055e-02,-1.012768410146236420e-02,6.883710622787475586e-03,2.507996687199920416e-04,-2.831988502293825150e-03,-2.781706862151622772e-03,-1.973633281886577606e-02,3.666987270116806030e-02,-2.683414518833160400e-02,1.368956640362739563e-03,5.794547032564878464e-04,3.264734521508216858e-02,-2.536786952987313271e-03,-1.394908409565687180e-02,-1.279422920197248459e-02,-2.008668147027492523e-02,-3.307230537757277489e-03,1.242441684007644653e-02,-2.903355751186609268e-03,1.945086196064949036e-02,1.606415398418903351e-02,-2.857291512191295624e-02,2.854696288704872131e-02,-1.359680845780530944e-05,-1.046505663543939590e-02,4.938624426722526550e-02,-2.251317352056503296e-02,1.974930800497531891e-02,-2.831339649856090546e-02,-7.188644260168075562e-03,-6.533361505717039108e-03,-7.246224558912217617e-04,4.245711863040924072e-02,2.268186025321483612e-02,-1.276179030537605286e-02,-2.246451331302523613e-03,-4.546752572059631348e-02,1.947681419551372528e-02,1.592141948640346527e-02,-1.579166017472743988e-02,-1.692056283354759216e-02,-2.012560889124870300e-02,-1.156800799071788788e-02,-1.242441684007644653e-02,8.823606767691671848e-04,-2.291542477905750275e-02,1.388420443981885910e-02,4.525342490524053574e-03,-1.287208497524261475e-02,-1.817922480404376984e-02,-2.064788946881890297e-03,-2.698985487222671509e-02,4.051722120493650436e-03,-1.891885139048099518e-02,8.693847805261611938e-03,-1.033529825508594513e-02,-1.099058054387569427e-02,-1.677782833576202393e-02,-2.974074520170688629e-02,4.856227431446313858e-03,-3.604702651500701904e-02,-4.995718598365783691e-03,-2.557548321783542633e-02,1.462383009493350983e-02,5.644513294100761414e-03,-2.052786201238632202e-02,2.880647964775562286e-02,-1.298237964510917664e-02,1.032394473440945148e-03,2.552358061075210571e-02,-2.050190977752208710e-02,-2.026834338903427124e-02,-1.008875668048858643e-03,2.059922786429524422e-03,7.804999127984046936e-03,2.457633987069129944e-02,3.753276774659752846e-03,1.795863546431064606e-02,2.186437882483005524e-02,-1.215192303061485291e-02,1.142689492553472519e-03,-4.732956644147634506e-03,-2.207199297845363617e-02,-3.978408500552177429e-02,-4.476682806853204966e-04,3.799341246485710144e-02,-3.218021243810653687e-03,1.479251682758331299e-02,-1.089974888600409031e-03,9.310202673077583313e-03,1.415669824928045273e-02,-9.381569921970367432e-03,-7.792023010551929474e-03,1.343004871159791946e-02,-1.679080352187156677e-02,-9.349130094051361084e-03,1.051047258079051971e-02,1.631069555878639221e-02,-5.384995136409997940e-03,-1.583869801834225655e-03,-1.124036614783108234e-03,3.729271516203880310e-02,-1.867230795323848724e-02,-8.414866402745246887e-03,-4.522098228335380554e-03,1.996989734470844269e-02,-1.374146994203329086e-02,2.839125134050846100e-02,4.865959752351045609e-03,1.202216371893882751e-02,-2.526406198740005493e-02,1.236602477729320526e-02,2.150105312466621399e-02,2.615453267935663462e-04,1.699841953814029694e-02,1.891885139048099518e-02,-2.836854429915547371e-03,-2.628915756940841675e-02,-2.499886613804847002e-04,-2.640593983232975006e-02,1.481846906244754791e-02,-6.293307524174451828e-03,1.171723101288080215e-02,-1.170425489544868469e-02,-2.692497568204998970e-03,-6.137596908956766129e-03,-2.070952393114566803e-02,-2.727532573044300079e-02,-2.169569209218025208e-02,2.229258231818675995e-02,8.032076992094516754e-03,-1.520774513483047485e-02,8.933901786804199219e-03,-2.553655579686164856e-02,-7.357330992817878723e-03,2.691200003027915955e-02,-3.519710619002580643e-03,1.481846906244754791e-02,4.525342490524053574e-03,8.071005344390869141e-03,3.246568143367767334e-02,1.438701990991830826e-03,4.207433201372623444e-03,-9.809774346649646759e-03,1.639017369598150253e-03,3.192069474607706070e-03,1.429943274706602097e-02,2.222770266234874725e-02,-3.769496688619256020e-03,-1.006280444562435150e-02,-2.037215046584606171e-03,3.236187621951103210e-02,2.152376109734177589e-03,-3.368541598320007324e-02,1.420860178768634796e-02,1.222977787256240845e-02,1.735525554977357388e-03,4.700516816228628159e-03,-1.270988676697015762e-02,-4.762152209877967834e-03,1.367659028619527817e-02,-2.042405493557453156e-02,9.615136310458183289e-03,-3.991384431719779968e-02,-3.064905665814876556e-02,-2.636701241135597229e-02,8.434330113232135773e-03,-6.410901551134884357e-04,7.928269915282726288e-03,1.590357744134962559e-03,-1.142486726166680455e-04,1.545428764075040817e-02,1.313809072598814964e-03,1.505203428678214550e-03,4.496146459132432938e-03,-3.646225854754447937e-02,1.899670623242855072e-02,1.718008145689964294e-02,-1.003685221076011658e-02,2.412218414247035980e-02,2.281161770224571228e-02,-1.200918853282928467e-02,7.973685860633850098e-03,4.165261518210172653e-03,1.631069555878639221e-02,-8.538137190043926239e-03,-2.343446202576160431e-02,2.616264158859848976e-03,1.229465752840042114e-02,5.008694250136613846e-03,-4.259336739778518677e-03,1.686866022646427155e-02,-6.102724000811576843e-04,-1.754340529441833496e-02,-2.074845135211944580e-02,6.601485074497759342e-04,5.226689204573631287e-02,2.992565045133233070e-03,-5.991618148982524872e-03,-1.038720179349184036e-02,-2.654867433011531830e-02,-1.199621241539716721e-02,-3.308852436020970345e-03,2.813173457980155945e-02,-1.076999027281999588e-02,-3.101238235831260681e-02,3.646225668489933014e-03,-1.559702213853597641e-02,2.431357745081186295e-03,-1.580463722348213196e-02,-2.971479203552007675e-03,1.502608321607112885e-02,5.444684252142906189e-02,-3.656606376171112061e-02,1.021202746778726578e-02,-2.971479296684265137e-02,2.794682746753096581e-03,-2.758674696087837219e-02,3.850596025586128235e-03,3.908338770270347595e-02,-2.637998946011066437e-02,6.818831432610750198e-03,-2.875457704067230225e-02,-1.741364784538745880e-02,-7.140795351006090641e-04,-1.194430887699127197e-02,2.782031334936618805e-02,1.168479118496179581e-02,-2.282459475100040436e-02,-9.232346899807453156e-03,1.890587434172630310e-02,3.158332034945487976e-02,-2.505644783377647400e-02,-4.378065839409828186e-02,1.119819469749927521e-02,-9.504840709269046783e-03,-8.362962864339351654e-03,1.537643186748027802e-02,-2.560143545269966125e-02,8.356474339962005615e-03,1.790673099458217621e-02,6.682584527879953384e-03,2.063166908919811249e-02,-1.672592572867870331e-02,-5.243071354925632477e-04,2.833610400557518005e-03,4.567514173686504364e-03,-3.233592212200164795e-02,-1.828303188085556030e-02,1.760828495025634766e-02,-1.001738850027322769e-02,-1.054291240870952606e-02,-5.312006105668842793e-04,-1.729686371982097626e-02,3.610542044043540955e-03,-1.949627767316997051e-03,6.539849564433097839e-03,-4.249604884535074234e-03,5.654245149344205856e-03,-2.974074520170688629e-02,4.359899554401636124e-03,1.706329756416380405e-03,3.938183188438415527e-03,-3.739652037620544434e-02,-4.035502299666404724e-02,-1.025744248181581497e-02,2.436872571706771851e-02,2.963369246572256088e-03,-1.324189826846122742e-02,-2.153998007997870445e-03,-1.716710440814495087e-02,-4.115952923893928528e-02,-7.902318611741065979e-03,-1.701139472424983978e-02,2.199413627386093140e-02,6.614461075514554977e-03,2.423896640539169312e-02,4.132821690291166306e-03,-8.162647136487066746e-04,1.243090443313121796e-02,1.755638234317302704e-02,-3.568370267748832703e-02,-5.881323013454675674e-03,-9.796798694878816605e-04,-3.677367791533470154e-02,-1.956764608621597290e-02,1.413074694573879242e-02,9.303715080022811890e-03,1.471952768042683601e-03,4.562323540449142456e-02,-1.865933276712894440e-02,-5.475826561450958252e-03,2.904004603624343872e-02,-1.986609026789665222e-02,-2.274673804640769958e-02,-7.065373472869396210e-03,1.072457525879144669e-02,-1.219733897596597672e-02,-1.573975756764411926e-02,2.227960713207721710e-02,-3.155736997723579407e-02,2.290244959294795990e-02,-1.942490972578525543e-02,2.181247435510158539e-02,-5.205927789211273193e-02,-2.081008628010749817e-03,1.330028939992189407e-02,-1.698544248938560486e-02,-4.531830549240112305e-03,2.251317352056503296e-02,-9.057172574102878571e-03,-9.018245036713778973e-04,9.524304419755935669e-03,2.418706379830837250e-02,7.227571681141853333e-03,-1.419562567025423050e-02,1.881504314951598644e-03,-6.650144699960947037e-03,8.122908882796764374e-03,-1.990501768887042999e-02,1.667402125895023346e-02,-1.497093588113784790e-03,7.084837183356285095e-03,6.216263282112777233e-04,-1.038071326911449432e-02,-1.624581776559352875e-02,-2.043703012168407440e-02,1.606415398418903351e-02,-7.908806204795837402e-03,-1.433836109936237335e-02,-1.335219293832778931e-02,3.015597350895404816e-02,-2.701580710709095001e-02,2.722342126071453094e-02,2.696390450000762939e-02,-1.559702213853597641e-02,3.354268148541450500e-03,-5.310383625328540802e-03,7.058885414153337479e-03,2.136156195774674416e-03,-1.668699644505977631e-02,-2.880648011341691017e-03,-1.609010621905326843e-02,-5.469338502734899521e-03,-4.239872563630342484e-03,-1.917188055813312531e-03,-4.564918950200080872e-02,-1.490930002182722092e-02,-6.686639389954507351e-04,-2.592583186924457550e-02,1.151610445231199265e-02,2.063685953617095947e-01,-1.694651506841182709e-02,-2.082630619406700134e-02,3.230997174978256226e-02,1.482495688833296299e-03,-6.909662391990423203e-03,3.786365315318107605e-02,-1.087541924789547920e-03,-3.202450275421142578e-02,-1.470168586820363998e-02,-1.197674870491027832e-02,-2.696390450000762939e-02,-1.878909207880496979e-02,9.011756628751754761e-03,2.353502437472343445e-03,-5.641917884349822998e-02,-4.300210624933242798e-02,-5.013884603977203369e-02,-2.357719652354717255e-02,-3.794150799512863159e-02,1.498715579509735107e-02,3.096372354775667191e-03,-3.093128325417637825e-03,-1.519476994872093201e-02,-6.734488066285848618e-03,-2.189681865274906158e-03,-1.528560090810060501e-02,3.094750223681330681e-03,3.023382835090160370e-02,4.453974775969982147e-03,-4.788104072213172913e-02,5.527730099856853485e-03,1.028988230973482132e-02,-1.834791153669357300e-02,-2.253912389278411865e-02,1.135390601120889187e-03,1.535048056393861771e-02,-2.090740716084837914e-03,1.506501063704490662e-02,7.597384974360466003e-03,4.862715490162372589e-03,-8.194276131689548492e-03,1.618093810975551605e-02,4.256092477589845657e-03,7.947733625769615173e-03,9.751383215188980103e-03,-1.957737607881426811e-03,8.862534537911415100e-03,-5.498534068465232849e-03,8.090469054877758026e-03,-1.855552569031715393e-02,-9.018245153129100800e-03,4.544157534837722778e-02,7.415722124278545380e-03,1.008226815611124039e-02,7.428698241710662842e-03,-5.018426105380058289e-03,3.705914691090583801e-02,2.879026113077998161e-03,-9.654063731431961060e-03,-8.129396475851535797e-03,2.478395402431488037e-02,1.320297014899551868e-03,9.615136310458183289e-03,6.650144699960947037e-03,4.930838942527770996e-02,-2.782031334936618805e-02,-7.404368370771408081e-04,-8.174812421202659607e-03,-1.483144424855709076e-02,-1.306023541837930679e-02,-5.216308403760194778e-03,3.273168811574578285e-03,-7.532505318522453308e-03,-1.132146548479795456e-02,-1.439026463776826859e-02,1.698544248938560486e-02,2.947149565443396568e-03,1.110736373811960220e-02,1.566190086305141449e-02,-2.288947440683841705e-02,-7.415722124278545380e-03,-2.269483543932437897e-02,-2.812119200825691223e-04,3.200179431587457657e-03,-4.014740884304046631e-02,9.271275252103805542e-03,1.789375580847263336e-02,-2.296732924878597260e-02,1.932110264897346497e-02,2.004775404930114746e-02,-1.419562567025423050e-02,-3.103833459317684174e-02,-2.144915051758289337e-02,-1.060779206454753876e-02,-1.446811947971582413e-03,-3.041224787011742592e-03,-4.233384970575571060e-03,-1.767316460609436035e-02,9.109076112508773804e-03,-1.267095841467380524e-02,1.969740353524684906e-02,4.392339382320642471e-03,2.078737877309322357e-02,7.182156201452016830e-03,8.272130973637104034e-03,2.696390450000762939e-02,2.039810270071029663e-02,1.915241591632366180e-02,-2.735318057239055634e-02,-7.915294263511896133e-04,-2.412218414247035980e-02,4.862715490162372589e-03,1.401396375149488449e-02,2.994187176227569580e-03,-4.304752219468355179e-03,-8.687360212206840515e-03,-8.006125688552856445e-03,3.503490984439849854e-02,-8.860101661412045360e-05,1.145122456364333630e-03,1.769587281160056591e-03,8.862534537911415100e-03,1.415669824928045273e-02,6.204098463058471680e-04,3.276412840932607651e-03,6.187878316268324852e-04,2.008668147027492523e-02,-8.693847805261611938e-03,-1.041315309703350067e-02,1.885397173464298248e-02,-1.396206021308898926e-02,3.305608406662940979e-03,1.767316460609436035e-02,8.985805325210094452e-03,1.954169385135173798e-02,2.081333100795745850e-02,-2.099499292671680450e-02,-4.544157534837722778e-02,-5.771027877926826477e-03,-4.265824332833290100e-03,3.746788948774337769e-03,4.187969025224447250e-03,1.285262126475572586e-02,-1.474385731853544712e-03,-4.136065486818552017e-03,2.527703717350959778e-02,-1.948978938162326813e-02,-9.910337394103407860e-04,2.885513938963413239e-03,-1.396206021308898926e-02,-7.032933644950389862e-03,1.151610445231199265e-02,2.786572789773344994e-03,3.493110090494155884e-02,3.149897791445255280e-03,-7.980173453688621521e-03,5.401215050369501114e-03,6.072717718780040741e-03,3.085667081177234650e-02,-5.045026913285255432e-02,1.553214248269796371e-02,-3.335209839860908687e-05,-1.185996551066637039e-02,-1.001090090721845627e-02,1.340409647673368454e-02,-1.624581664800643921e-01,-5.410946905612945557e-03,4.226896911859512329e-03,-1.856850087642669678e-02,1.514286641031503677e-02,-3.153141960501670837e-02,3.347780182957649231e-02,-1.203513983637094498e-02,-2.025536820292472839e-02,-1.331326551735401154e-02,4.554538056254386902e-03,-2.426491864025592804e-02,-1.514286641031503677e-02,2.233475446701049805e-03,-3.555394476279616356e-03,9.018245153129100800e-03,-5.444684252142906189e-02,1.715412922203540802e-02,1.437728852033615112e-02,7.311915047466754913e-03,1.814029738306999207e-02,6.530117709189653397e-03,5.378507077693939209e-03,-2.613344602286815643e-02,2.030727220699191093e-03,3.730569034814834595e-03,-1.930812746286392212e-02,1.772506907582283020e-02,-1.407884247601032257e-02,-3.049334697425365448e-02,-2.552358061075210571e-02,1.778994873166084290e-02,2.626320533454418182e-02,-1.095814071595668793e-02,3.096047788858413696e-02,1.457192655652761459e-02,1.079594250768423080e-02,-8.674384094774723053e-03,4.794592037796974182e-03,2.724937349557876587e-02,3.389303013682365417e-02,1.537643186748027802e-02,2.859886549413204193e-02,-1.785482838749885559e-02,-6.516330759041011333e-04,2.558845840394496918e-02,3.173903375864028931e-02,2.543274872004985809e-02,4.707653820514678955e-02,-5.939714610576629639e-03,3.694885177537798882e-03,-6.948590278625488281e-03,2.197791822254657745e-03,-3.451587399467825890e-03,1.680378057062625885e-02,-4.635637626051902771e-03,-8.726287633180618286e-03,2.334363013505935669e-02,-1.692056283354759216e-02,6.325747352093458176e-03,-1.239197701215744019e-02,-1.410479471087455750e-02,2.961747348308563232e-03,-2.815768588334321976e-03,-1.241630641743540764e-03,-5.793735850602388382e-03,1.202865224331617355e-02,-5.028158193454146385e-04,-3.259544074535369873e-02,1.751745492219924927e-02,-3.075286373496055603e-02,-2.549762837588787079e-02,4.707004874944686890e-03,-2.810578234493732452e-02,-6.646089605055749416e-04,-1.413074694573879242e-02,-8.615992031991481781e-03,2.318791858851909637e-02,7.837438955903053284e-03,1.919134519994258881e-02,-2.686009742319583893e-02,1.592141948640346527e-02,6.270600017160177231e-03,-3.462941094767302275e-04,-1.699841953814029694e-02,-1.182428211905062199e-03,-6.461994256824254990e-03,-2.192925848066806793e-02,-1.148366462439298630e-02,1.766018941998481750e-02,1.402693893760442734e-02,6.397114600986242294e-03,-4.171749111264944077e-03,-1.540238410234451294e-02,2.602963894605636597e-02,1.642747968435287476e-02,3.970623016357421875e-03,1.018607523292303085e-02,1.069862302392721176e-02,-3.931695129722356796e-03,3.328316379338502884e-03,-1.522072125226259232e-02,-1.371551770716905594e-02,1.203513983637094498e-02,1.477954071015119553e-02,-2.531596459448337555e-02,7.571433205157518387e-03,2.102094516158103943e-02,3.910933807492256165e-02,-1.231087720952928066e-03,-1.791970618069171906e-02,2.677899785339832306e-03,2.953313104808330536e-02,1.119819469749927521e-02,2.597773633897304535e-02,1.253471150994300842e-02,4.259336739778518677e-03,-1.929515227675437927e-02,8.881998248398303986e-03,4.376119468361139297e-03,5.766486376523971558e-02,3.215426206588745117e-02,-5.109257530421018600e-03,1.370254252105951309e-02,-1.877611503005027771e-02,-1.344302389770746231e-02,-9.503543376922607422e-02,-4.871149733662605286e-02,1.795863546431064606e-02,1.923027262091636658e-02,3.757818415760993958e-02,1.355980709195137024e-02,6.844783201813697815e-03,1.378039736300706863e-02,-2.468014694750308990e-02,1.999584957957267761e-02,2.582202479243278503e-02,-1.862040534615516663e-02,-8.719799108803272247e-03,-1.009524427354335785e-02,-1.265149470418691635e-02,-1.287046354264020920e-03,1.403991505503654480e-02,-3.259544074535369873e-02,-1.664806902408599854e-02,2.292840182781219482e-02,5.472582299262285233e-03,7.285963278263807297e-03,3.986842930316925049e-03,-1.357278320938348770e-02,2.338255755603313446e-02,-1.561162061989307404e-03,-4.674565047025680542e-03,3.729271516203880310e-02,3.363351151347160339e-02,-3.694885177537798882e-03,1.367659028619527817e-02,-7.078349124640226364e-03,1.542833540588617325e-02,1.011470798403024673e-02,-7.234059739857912064e-03,6.715024355798959732e-03,-3.713700175285339355e-02,-2.521215751767158508e-02,2.438170090317726135e-02,-2.584797702729701996e-02,2.810902660712599754e-03,2.198116108775138855e-02,-1.086730975657701492e-02,1.088028587400913239e-02,2.688604779541492462e-02,-2.113772742450237274e-02,-1.789375580847263336e-02,9.232346899807453156e-03,4.902292042970657349e-02,-1.799756288528442383e-02,-2.698985487222671509e-02,-1.080891769379377365e-02,-1.141878496855497360e-02,-2.209794335067272186e-02,6.277087610214948654e-03,-1.855552569031715393e-02,3.507545916363596916e-04,-1.520774513483047485e-02,-2.865076996386051178e-02,2.465419471263885498e-02,9.997924789786338806e-03,2.812524558976292610e-03,1.024446636438369751e-02,1.690758764743804932e-02,1.601711730472743511e-03,-1.956764608621597290e-02,-1.470168586820363998e-02,-3.365946561098098755e-02,3.360756114125251770e-02,-1.890587434172630310e-02,1.851659826934337616e-02,-1.976228319108486176e-02,1.036124955862760544e-02,4.899697005748748779e-02,-2.250019647181034088e-02,-4.210676997900009155e-03,-1.758233457803726196e-02,-5.394726991653442383e-03,3.461319254711270332e-03,-3.262139111757278442e-02,-3.609893098473548889e-02,-1.828303188085556030e-02,4.603197798132896423e-03,-8.004503324627876282e-04,3.163522481918334961e-02,-1.413074694573879242e-02,1.930812746286392212e-02,-1.496120356023311615e-02,-1.356386201223358512e-04,-1.016661152243614197e-02,-9.323178790509700775e-03,3.342589735984802246e-02,3.607298014685511589e-03,-2.131290268152952194e-03,-2.378481067717075348e-02,3.181688860058784485e-02,-9.076636284589767456e-03,-1.089326106011867523e-02,-1.638855226337909698e-02,5.378507077693939209e-03,-4.054966382682323456e-03,-1.676485314965248108e-02,-4.152285307645797729e-02,6.338723469525575638e-03,-3.456777706742286682e-02,2.209794335067272186e-02,3.316637873649597168e-02,-1.915241591632366180e-02,-8.823606767691671848e-04,-7.506553549319505692e-03,-1.231412123888731003e-02,-3.542418405413627625e-02,-4.136065486818552017e-03,1.769911684095859528e-02,-1.250227168202400208e-02,-7.817975245416164398e-03,-2.056678943336009979e-02,-7.999637164175510406e-03,-3.219643258489668369e-04,1.562297437340021133e-02,4.184725228697061539e-03,1.845171861350536346e-02,1.875016465783119202e-02,1.125658676028251648e-02,-1.317053008824586868e-02,3.625464439392089844e-02,9.342642151750624180e-04,-1.675512059591710567e-03,-8.628968149423599243e-03,2.026834338903427124e-02,2.188059734180569649e-03,2.529001422226428986e-02,7.363818585872650146e-03,-2.224067971110343933e-02,1.104572787880897522e-03,8.191032102331519127e-04,2.004775404930114746e-02,-1.705032214522361755e-02,-3.863571910187602043e-03,2.087821066379547119e-02,1.243739295750856400e-02,7.183454185724258423e-02,8.401383638556580991e-06,-3.851244598627090454e-02,-1.040666550397872925e-02,-2.040459075942635536e-03,-4.239872563630342484e-03,-1.065969560295343399e-02,-1.839981414377689362e-02,5.221499130129814148e-02,2.213687263429164886e-02,-1.604752906132489443e-04,3.713700175285339355e-02,1.849064603447914124e-02,-1.793268322944641113e-02,-2.605559118092060089e-02,-2.496561594307422638e-02,-1.878909207880496979e-02,-2.210767706856131554e-03,-1.875016465783119202e-02,6.293307524174451828e-04,-3.181688860058784485e-02,2.706771157681941986e-02,1.729686371982097626e-02,-1.398801151663064957e-02,-6.792879663407802582e-03,-2.250019647181034088e-02,2.199413720518350601e-03,-7.649288512766361237e-03,1.095165312290191650e-02,-1.681675575673580170e-02,-5.946202669292688370e-03,-2.789816819131374359e-02,1.234656106680631638e-02,9.984948672354221344e-03,1.021851506084203720e-02,6.362242274917662144e-04,-1.335219293832778931e-02,-1.215841062366962433e-02,1.340409647673368454e-02,-1.900968141853809357e-02,6.650144699960947037e-03,-3.229375230148434639e-03,1.052344869822263718e-02,-4.421535413712263107e-03,2.405730448663234711e-02,2.800461152219213545e-05,2.409623190760612488e-02,-7.915293797850608826e-03,5.628293380141258240e-03,3.613785840570926666e-03,-9.602160193026065826e-03,8.200763724744319916e-03,1.858147792518138885e-02,2.349933981895446777e-02,-1.160044781863689423e-02,5.407703109085559845e-03,-7.603872567415237427e-03,-2.739535178989171982e-03,-1.651131606195122004e-05,1.115277968347072601e-02,2.330470271408557892e-02,1.222977787256240845e-02,-4.194457083940505981e-03,-4.165261518210172653e-03,-9.563232772052288055e-03,-3.080476820468902588e-02,1.199621241539716721e-02,-2.976669557392597198e-02,-2.440765313804149628e-02,-7.688215933740139008e-03,4.775128327310085297e-03,-1.221031416207551956e-02,-1.570083014667034149e-02,1.202865224331617355e-02,-1.356791704893112183e-03,-1.637557521462440491e-02,1.435133628547191620e-02,1.834791153669357300e-02,-2.621130272746086121e-02,-1.477954071015119553e-02,2.275971509516239166e-02,6.601484958082437515e-03,1.546726375818252563e-02,4.331352934241294861e-02,-1.277314440812915564e-04,3.763008862733840942e-02,-7.733631879091262817e-03,1.349492743611335754e-02,-1.325487345457077026e-02,9.822750464081764221e-03,-1.337814517319202423e-02,1.714115403592586517e-02,-6.901552551425993443e-04,-5.065788328647613525e-02,-1.368956640362739563e-02,6.766927894204854965e-03,3.752627968788146973e-02,-1.934705488383769989e-02,1.980121061205863953e-02,-4.385851696133613586e-02,4.712843894958496094e-02,1.181454956531524658e-02,-1.202216371893882751e-02,-1.245685666799545288e-02,2.456336468458175659e-02,3.101238235831260681e-02,1.754340529441833496e-02,-2.408650005236268044e-03,-1.358575932681560516e-02,-7.065373472869396210e-03,3.931695222854614258e-02,1.446000998839735985e-03,1.871123723685741425e-02,-1.293696463108062744e-02,-1.544131152331829071e-02,-1.419562567025423050e-02,4.372875671833753586e-03,2.686009742319583893e-02,7.720655761659145355e-03,1.310565136373043060e-02,3.913529217243194580e-02,-1.330028939992189407e-02,2.566631510853767395e-02,-1.134741771966218948e-02,-1.961954869329929352e-02,-2.541977353394031525e-02,1.640152744948863983e-02,6.192744709551334381e-03,-2.197791822254657745e-03,-1.987906731665134430e-02,4.418291151523590088e-03,1.528560090810060501e-02,-3.127190098166465759e-02,-3.062310628592967987e-02,4.664833191782236099e-03,-1.875016465783119202e-02,-1.433836109936237335e-02,-1.746555045247077942e-02,1.078296639025211334e-02,4.046856483910232782e-04,-1.581761240959167480e-02,3.246568143367767334e-02,-2.204604074358940125e-02,-3.794150799512863159e-02,4.593465849757194519e-02,1.316404249519109726e-02,3.338048234581947327e-03,6.277087959460914135e-04,-9.310202673077583313e-03
-3.468809276819229126e-02,-8.592523634433746338e-03,-1.788728870451450348e-02,-8.075780235230922699e-03,7.161540910601615906e-03,2.127924934029579163e-02,-9.096018038690090179e-03,-8.029405958950519562e-03,1.853943103924393654e-04,-4.760006442666053772e-03,1.854978129267692566e-02,1.216335687786340714e-02,-2.256448380649089813e-02,-2.444596216082572937e-02,-1.049387641251087189e-02,1.522407121956348419e-02,1.371358893811702728e-02,-1.763885491527616978e-03,6.903168745338916779e-03,1.514622825197875500e-03,-1.605715486221015453e-03,1.191823463886976242e-02,2.850372809916734695e-03,-9.884383529424667358e-03,1.160189509391784668e-03,-1.698629930615425110e-02,1.239522919058799744e-02,-2.687068469822406769e-02,1.941102184355258942e-02,-4.255849868059158325e-02,-1.358109060674905777e-02,2.797373337671160698e-03,-1.784753985702991486e-02,-1.758254319429397583e-02,-2.378346957266330719e-02,-1.389908604323863983e-02,-2.663218602538108826e-02,-4.617570899426937103e-03,8.314277045428752899e-03,2.091819187626242638e-03,-5.313187371939420700e-03,4.641585983335971832e-04,3.275361284613609314e-02,-8.658773265779018402e-03,-4.520846903324127197e-02,-5.697432905435562134e-03,-2.526745200157165527e-02,-1.417733356356620789e-02,2.118318807333707809e-03,2.330647595226764679e-02,2.000726386904716492e-02,-1.582031324505805969e-02,-1.195798441767692566e-02,-1.448208000510931015e-02,-7.949906401336193085e-03,3.277680138126015663e-03,1.294509787112474442e-02,1.518432144075632095e-02,-1.882802881300449371e-02,-3.179962560534477234e-02,6.114803254604339600e-03,-6.068428512662649155e-03,-3.290930064395070076e-03,1.792703941464424133e-02,-1.281922403723001480e-02,5.740494932979345322e-03,-4.375760909169912338e-03,7.101916242390871048e-03,-1.212360709905624390e-02,-3.439659625291824341e-02,1.892077736556529999e-02,1.044087763875722885e-02,4.826255608350038528e-03,-1.326971873641014099e-02,1.692005060613155365e-02,-4.181650653481483459e-02,-5.856431089341640472e-03,-2.300172857940196991e-02,-8.599149063229560852e-03,4.769944120198488235e-03,-1.879821647889912128e-03,-1.788728870451450348e-02,-2.248498611152172089e-02,1.428333204239606857e-02,4.909067414700984955e-03,-1.999401487410068512e-02,-1.364733930677175522e-02,2.814266830682754517e-02,3.948453348129987717e-03,-3.452909365296363831e-02,3.219712153077125549e-02,1.497232355177402496e-02,6.210864521563053131e-03,3.238261863589286804e-02,-1.949052140116691589e-02,1.536981947720050812e-02,-2.000726386904716492e-02,2.946765348315238953e-02,-1.077212300151586533e-02,-2.045775949954986572e-02,-7.280789315700531006e-03,-1.469407696276903152e-02,1.372683886438608170e-02,3.401897381991147995e-03,-2.536020241677761078e-02,7.295695249922573566e-04,-5.150876939296722412e-03,-2.436315175145864487e-03,2.002051472663879395e-02,2.270692028105258942e-03,-6.916418671607971191e-03,3.397259861230850220e-02,-7.618660572916269302e-03,-2.691043354570865631e-02,7.472912315279245377e-03,-2.305472828447818756e-02,-2.896416001021862030e-02,-1.271985005587339401e-03,-2.289573103189468384e-02,-1.692005060613155365e-02,3.819267498329281807e-03,2.489645779132843018e-02,-5.155017715878784657e-04,-2.901715785264968872e-02,-9.705510921776294708e-03,3.421109914779663086e-02,-2.065650746226310730e-02,-1.432308182120323181e-02,-4.071014467626810074e-03,-2.068631816655397415e-03,4.409548267722129822e-02,5.273438058793544769e-03,1.623105816543102264e-02,-6.836919579654932022e-03,1.045412663370370865e-02,3.985553234815597534e-02,-4.316136706620454788e-03,1.263372600078582764e-02,-1.656230539083480835e-02,-3.296561166644096375e-02,-1.763885491527616978e-03,5.853118840605020523e-03,3.683456685394048691e-03,-1.248797774314880371e-02,2.228623814880847931e-02,1.434958074241876602e-02,1.036137808114290237e-02,1.680080220103263855e-02,5.048190709203481674e-03,-3.022620687261223793e-03,7.340413518249988556e-03,6.684546358883380890e-03,5.580834299325942993e-02,-1.964951865375041962e-02,3.050114028155803680e-02,1.556856650859117508e-02,-2.342572435736656189e-02,1.166648790240287781e-02,8.493149653077125549e-03,8.824395947158336639e-03,-1.503857318311929703e-02,9.387514553964138031e-03,1.461457833647727966e-02,1.538306940346956253e-02,5.054815672338008881e-03,2.758617512881755829e-02,8.526274934411048889e-03,-9.877759031951427460e-03,-9.950633160769939423e-03,1.044750213623046875e-02,2.716218121349811554e-02,2.970615029335021973e-02,-2.393253147602081299e-03,7.684909738600254059e-03,4.836193285882472992e-03,1.115636900067329407e-02,-1.122924312949180603e-02,2.680443413555622101e-02,-8.658773265779018402e-03,8.466650731861591339e-03,-3.733805939555168152e-02,9.268266148865222931e-03,5.856431089341640472e-03,1.322996895760297775e-02,-9.553137235343456268e-03,-1.219648122787475586e-02,1.181886065751314163e-02,-3.789455397054553032e-03,1.715854741632938385e-02,-2.973265014588832855e-02,6.088303402066230774e-03,7.545786444097757339e-03,1.132199168205261230e-02,-1.017753616906702518e-03,-6.266646385192871094e-01,2.956371521577239037e-03,-1.929177343845367432e-02,-1.588656380772590637e-02,7.545786444097757339e-03,-1.492263749241828918e-03,-4.408885724842548370e-03,1.123586762696504593e-02,-2.314747683703899384e-02,4.124014172703027725e-03,-1.359434053301811218e-02,2.632744051516056061e-02,-8.698523044586181641e-03,-5.045540630817413330e-02,-1.442908030003309250e-02,-9.566387161612510681e-03,-2.123950049281120300e-02,-2.822216786444187164e-02,4.200200550258159637e-03,-4.253199789673089981e-03,-4.380398616194725037e-02,-7.029042113572359085e-03,-1.303784642368555069e-02,-1.858953200280666351e-02,2.363441046327352524e-03,1.413758378475904465e-02,6.654734257608652115e-03,2.264067064970731735e-03,-1.586668891832232475e-03,1.976876705884933472e-02,-3.365460410714149475e-02,2.123287413269281387e-03,-3.693394130095839500e-03,1.059987489134073257e-02,3.081913664937019348e-02,-2.379672043025493622e-02,-2.553245052695274353e-02,2.481695823371410370e-02,1.347343553788959980e-03,4.136601462960243225e-02,-1.505182310938835144e-02,1.962633104994893074e-03,2.793067134916782379e-02,-2.512170374393463135e-02,6.084990687668323517e-03,8.334152400493621826e-03,4.978628829121589661e-03,3.630457213148474693e-03,-1.450029783882200718e-03,3.012683242559432983e-03,-7.068791892379522324e-03,-3.331010788679122925e-02,-2.713568136096000671e-02,2.345222420990467072e-02,5.978992208838462830e-03,5.515247583389282227e-03,3.794755414128303528e-02,-1.366058923304080963e-02,-3.762955777347087860e-03,2.965315058827400208e-02,4.968691617250442505e-03,4.131301492452621460e-02,-1.050712633877992630e-02,-6.962792947888374329e-03,-1.372683886438608170e-02,3.098807297646999359e-03,1.924539916217327118e-03,3.501271363347768784e-03,4.995191469788551331e-03,-1.448373543098568916e-03,3.137563169002532959e-02,8.592523634433746338e-03,-5.697432789020240307e-04,-3.044814243912696838e-02,9.725385345518589020e-03,-7.207915186882019043e-03,1.987476646900177002e-02,-9.248390793800354004e-03,-1.415083371102809906e-02,5.677558016031980515e-03,7.386788260191679001e-03,-7.333788555115461349e-03,-2.129250019788742065e-02,3.360491711646318436e-03,3.492658957839012146e-02,2.545626368373632431e-03,-1.515782158821821213e-02,3.166712820529937744e-03,-3.842454869300127029e-03,-7.386788260191679001e-03,1.682730205357074738e-02,5.660333484411239624e-02,9.937383234500885010e-03,1.248135324567556381e-02,5.528497509658336639e-03,1.448208000510931015e-02,-2.065650746226310730e-02,1.242172904312610626e-02,1.513132173568010330e-02,1.517107151448726654e-02,-8.032717742025852203e-04,-2.363772131502628326e-02,1.005000714212656021e-02,-1.389908604323863983e-02,2.035176008939743042e-02,3.460859134793281555e-02,-5.416536331176757812e-02,2.032526023685932159e-02,1.801978796720504761e-02,-4.364498704671859741e-02,3.809330286458134651e-03,-2.257773466408252716e-02,1.701279915869235992e-02,1.661530509591102600e-02,3.188243834301829338e-03,-2.854016423225402832e-02,1.267347577959299088e-02,1.874852925539016724e-02,-5.482123233377933502e-03,-3.238261863589286804e-02,2.437971346080303192e-02,6.942918524146080017e-03,2.944115363061428070e-02,-1.942427083849906921e-02,9.003269486129283905e-03,1.811253651976585388e-02,-4.776568617671728134e-03,-2.390271797776222229e-02,-1.881477795541286469e-02,1.813903637230396271e-02,3.352210624143481255e-03,-6.141302641481161118e-03,2.327997609972953796e-02,-1.490607485175132751e-02,4.748744145035743713e-02,3.380366368219256401e-03,7.068791892379522324e-03,-1.449532993137836456e-02,2.724167890846729279e-02,-1.232235506176948547e-02,-1.709229871630668640e-02,3.219712153077125549e-02,-1.107686944305896759e-02,-1.035475358366966248e-02,4.117389209568500519e-03,-3.569507971405982971e-02,4.157138522714376450e-03,-2.013976313173770905e-02,-2.520120330154895782e-02,2.286923117935657501e-02,1.596606150269508362e-02,-9.261640720069408417e-03,-2.439296245574951172e-02,-7.996280677616596222e-03,-3.574145492166280746e-03,-1.174598652869462967e-02,-1.792703941464424133e-02,-2.339922450482845306e-02,2.066975645720958710e-02,-2.200799062848091125e-02,3.148163110017776489e-02,1.866902969777584076e-02,-1.191161014139652252e-02,-1.298484764993190765e-02,-5.717307794839143753e-03,-2.440621331334114075e-02,-5.240313243120908737e-03,6.561985239386558533e-03,5.333062261343002319e-03,-1.028187945485115051e-02,1.881477795541286469e-02,2.281623147428035736e-02,-2.782467193901538849e-02,2.109375223517417908e-02,1.530356984585523605e-02,-7.393413223326206207e-03,-4.044515080749988556e-03,-2.474408363923430443e-03,-1.110999472439289093e-02,1.379308756440877914e-02,1.497232355177402496e-02,2.018945058807730675e-03,-3.823905065655708313e-02,-3.584082936868071556e-03,-9.824759326875209808e-03,3.022620687261223793e-03,7.459662389010190964e-03,4.548009019345045090e-03,-7.439787499606609344e-03,1.944414572790265083e-03,-1.518432144075632095e-02,1.027525402605533600e-02,2.984527498483657837e-03,6.770670413970947266e-03,3.057401627302169800e-03,-1.599090523086488247e-03,1.503857318311929703e-02,-1.490607485175132751e-02,1.121599320322275162e-02,2.453871071338653564e-02,1.503857318311929703e-02,-1.503857318311929703e-02,4.531446844339370728e-02,-1.351484097540378571e-02,2.227298729121685028e-02,-1.654905453324317932e-02,-2.029876038432121277e-02,-1.341546699404716492e-02,2.176949381828308105e-02,-1.260722707957029343e-02,-6.699452642351388931e-04,-4.740794375538825989e-02,-1.829803548753261566e-02,-5.313187371939420700e-03,-6.651421543210744858e-03,2.856666408479213715e-02,4.807209188584238291e-04,9.685636498034000397e-03,4.627508111298084259e-03,-2.268373407423496246e-02,-1.465764013119041920e-03,1.183211058378219604e-02,-4.264793533366173506e-04,6.025366485118865967e-03,-4.372448474168777466e-02,1.972901821136474609e-02,1.301797199994325638e-02,-7.154915947467088699e-03,6.989292800426483154e-03,-1.293847244232892990e-02,1.709229894913733006e-03,-1.979195512831211090e-03,-2.991566434502601624e-04,1.433633174747228622e-02,-2.746030222624540329e-03,7.671659812331199646e-03,3.906633646693080664e-04,-2.153099700808525085e-02,1.547581795603036880e-02,-1.075887307524681091e-02,-6.711046211421489716e-03,1.654905453324317932e-02,1.397858560085296631e-02,-3.023614361882209778e-02,-9.579637087881565094e-03,9.102642536163330078e-03,8.400401100516319275e-03,-1.268672570586204529e-02,-9.122517891228199005e-03,3.452909365296363831e-02,-2.416771650314331055e-02,-1.416905201040208340e-03,4.733506590127944946e-03,-2.049750834703445435e-02,-6.869215867482125759e-04,-4.067702218890190125e-02,-4.163763485848903656e-03,1.714529842138290405e-02,1.644305698573589325e-02,1.699955016374588013e-02,2.517470344901084900e-02,4.365823697298765182e-03,-3.716581268236041069e-03,-2.411471679806709290e-03,2.411471679806709290e-02,9.168892167508602142e-03,3.128619398921728134e-03,-2.145149745047092438e-02,-1.122261770069599152e-02,-6.104865577071905136e-03,-1.276622526347637177e-02,-1.763554289937019348e-02,1.511807180941104889e-02,-2.141505945473909378e-03,1.067937444895505905e-02,1.323659438639879227e-02,-5.912743043154478073e-03,1.644305698573589325e-02,1.163998804986476898e-02,3.594020148739218712e-03,-8.943644352257251740e-03,-3.694056719541549683e-02,8.771397173404693604e-03,-1.416408363729715347e-02,1.871540443971753120e-03,-1.312397047877311707e-02,-5.522534996271133423e-02,1.037462800741195679e-02,-4.088901728391647339e-02,1.953027024865150452e-02,-1.770179159939289093e-02,9.679011069238185883e-03,1.552881766110658646e-02,-9.811509400606155396e-03,9.347764775156974792e-03,-8.148654364049434662e-03,2.909665741026401520e-02,-9.732010774314403534e-03,-1.008313149213790894e-02,3.461521817371249199e-03,-4.710319451987743378e-03,-1.405808422714471817e-02,2.247504889965057373e-03,-7.777658291161060333e-03,2.457846142351627350e-02,1.525057014077901840e-02,2.721517905592918396e-02,-1.600581221282482147e-02,2.755967667326331139e-03,2.146474784240126610e-03,-1.546256802976131439e-02,1.894727721810340881e-02,1.363408938050270081e-02,-9.003269486129283905e-03,1.114311907440423965e-02,-1.284572388976812363e-02,-4.441347718238830566e-02,-6.002179346978664398e-03,6.558672990649938583e-03,-3.673519240692257881e-03,4.673882387578487396e-03,-3.985553234815597534e-02,2.712243050336837769e-02,3.656956925988197327e-02,8.739597350358963013e-02,2.055382123216986656e-03,-3.468146780505776405e-03,1.351484097540378571e-02,-1.102387066930532455e-02,1.901352591812610626e-02,-4.104801639914512634e-02,-2.122624963521957397e-02,3.550958121195435524e-03,-1.240847911685705185e-02,-1.494582463055849075e-02,-2.933184150606393814e-03,-1.204079599119722843e-03,-2.677793428301811218e-02,1.506507303565740585e-02,6.863419432193040848e-03,-6.797170266509056091e-03,-1.022887974977493286e-02,-2.933184150606393814e-03,-1.542281825095415115e-02,-3.426409512758255005e-02,1.669480279088020325e-02,-3.309148596599698067e-03,1.036800257861614227e-02,1.503857318311929703e-03,-1.615156047046184540e-02,2.341247536242008209e-02,4.065052047371864319e-02,-2.996121067553758621e-03,2.825529314577579498e-03,2.973265014588832855e-02,3.071313910186290741e-02,2.520120330154895782e-02,-1.625590259209275246e-03,-1.017588004469871521e-02,1.333596836775541306e-02,2.846066467463970184e-02,4.412198066711425781e-02,1.170623768121004105e-02,-2.227298729121685028e-02,1.367383915930986404e-02,2.822216786444187164e-02,1.949052140116691589e-02,5.465560592710971832e-03,6.653906311839818954e-04,1.295834779739379883e-02,-2.782467193901538849e-02,1.930502243340015411e-02,-1.939777098596096039e-02,-2.168999426066875458e-02,4.131301492452621460e-02,-3.246211633086204529e-02,-2.938815392553806305e-02,8.546149358153343201e-03,-7.989656180143356323e-03,-4.355886485427618027e-03,-7.280789315700531006e-03,-3.925266209989786148e-03,-6.224114447832107544e-03,6.691171322017908096e-03,-1.649605669081211090e-02,-3.747056052088737488e-02,1.071912422776222229e-02,5.290000233799219131e-03,-1.956008141860365868e-03,-2.024576254189014435e-02,-2.194174192845821381e-02,6.485798861831426620e-03,-8.090686169452965260e-04,-1.440920517779886723e-03,-3.466159105300903320e-02,2.957365289330482483e-02,-1.342209242284297943e-02,2.801017090678215027e-02,4.685144871473312378e-02,3.813305124640464783e-02,3.706643823534250259e-03,-8.720053592696785927e-04,9.917507879436016083e-03,8.241402916610240936e-03,-5.015065893530845642e-03,-1.246147882193326950e-02,2.869916148483753204e-02,-1.668155379593372345e-02,-3.407859802246093750e-02,2.074925601482391357e-02,-1.277284976094961166e-02,-1.689355075359344482e-02,-2.591669559478759766e-02,7.936656475067138672e-03,9.937383001670241356e-04,-2.729467861354351044e-02,3.023614361882209778e-02,-1.389908604323863983e-02,-9.003269486129283905e-03,1.893402636051177979e-02,1.063962467014789581e-02,1.641324488446116447e-03,-2.190199308097362518e-02,-6.936293561011552811e-03,-1.342871692031621933e-02,-1.497232355177402496e-02,-1.329621858894824982e-02,-1.636355742812156677e-02,1.513132173568010330e-02,1.026862952858209610e-02,-6.770670413970947266e-03,3.015664592385292053e-02,8.728334796614944935e-04,-6.065116263926029205e-03,2.229948714375495911e-02,-3.635757043957710266e-02,1.519591547548770905e-03,-1.265360135585069656e-02,2.479376969859004021e-03,1.307097077369689941e-02,-1.505182310938835144e-02,4.361848533153533936e-02,2.782467193901538849e-02,-1.526382006704807281e-02,-1.942427083849906921e-02,-3.728505969047546387e-02,3.582757711410522461e-02,1.160686369985342026e-02,-4.442010074853897095e-03,-5.700745619833469391e-03,-2.175624482333660126e-02,-1.763554289937019348e-02,7.910156622529029846e-03,2.286923117935657501e-02,-3.129613026976585388e-02,2.532045170664787292e-02,9.573012357577681541e-04,-1.296497229486703873e-02,-2.771867439150810242e-02,-1.046737655997276306e-02,-1.419058348983526230e-02,2.798367105424404144e-02,-1.224948093295097351e-02,3.941828850656747818e-03,-2.612869255244731903e-02,-1.988801546394824982e-02,-2.021926268935203552e-02,-2.869916148483753204e-02,-8.155278861522674561e-03,-4.202850535511970520e-02,-1.323328237049281597e-03,2.972933696582913399e-03,-2.222661394625902176e-03,3.324054647237062454e-03,-3.662256896495819092e-02,7.492786739021539688e-03,-1.719829812645912170e-02,-1.194473449140787125e-02,8.526274934411048889e-03,-1.058000046759843826e-02,-1.995426602661609650e-02,-2.443271316587924957e-02,-1.507832296192646027e-02,7.433162536472082138e-03,1.122261770069599152e-02,7.247664965689182281e-03,-7.068791892379522324e-03,6.257238797843456268e-03,-3.698052023537456989e-05,-8.486525155603885651e-03,1.403158530592918396e-02,-9.056268259882926941e-03,-4.250549897551536560e-02,-2.865278860554099083e-03,2.267048321664333344e-02,3.531083464622497559e-03,-2.931528026238083839e-03,1.263372600078582764e-02,-1.646955683827400208e-02,1.052700076252222061e-02,-1.118949335068464279e-02,-1.146111544221639633e-02,-4.117389209568500519e-03,-1.812578737735748291e-02,-1.531681977212429047e-02,-8.122154511511325836e-03,-2.654937561601400375e-03,-2.885153517127037048e-03,-8.243887568823993206e-04,1.264035142958164215e-02,2.362447232007980347e-02,-1.861603185534477234e-02,4.620883148163557053e-03,-1.350159104913473129e-02,1.289209816604852676e-02,-2.859316393733024597e-02,1.938452199101448059e-02,1.146773993968963623e-02,-9.447138756513595581e-03,-1.034150365740060806e-02,1.637680642306804657e-02,1.970251835882663727e-02,3.557583084329962730e-03,1.419058348983526230e-02,1.999401487410068512e-02,6.336737889796495438e-03,-2.567819878458976746e-02,1.483154483139514923e-03,-2.476395852863788605e-02,2.448571287095546722e-02,-1.194473449140787125e-02,1.159361377358436584e-02,-2.866934984922409058e-03,-5.680870730429887772e-03,1.546919345855712891e-03,-2.970615029335021973e-02,-3.219712153077125549e-02,-2.374372072517871857e-02,6.402987055480480194e-03,-7.168165873736143112e-03,-7.519286591559648514e-03,4.521509166806936264e-03,-1.392558589577674866e-02,-3.036864288151264191e-02,1.049387641251087189e-02,-7.890282198786735535e-03,1.383283734321594238e-02,-1.065784366801381111e-03,2.946765348315238953e-02,3.765605762600898743e-02,-5.078002810478210449e-03,-2.999764680862426758e-02,4.090889357030391693e-03,-9.486888535320758820e-03,2.333628712221980095e-03,1.473382674157619476e-02,2.402196824550628662e-02,-9.771759621798992157e-03,-3.309810906648635864e-02,-1.720823463983833790e-03,1.132199168205261230e-02,-1.813903637230396271e-02,-2.316072769463062286e-02,2.043125964701175690e-02,1.290534809231758118e-02,8.513025008141994476e-03,-2.398221753537654877e-03,-1.625755801796913147e-02,3.426409512758255005e-02,-1.436283066868782043e-02,-1.832453534007072449e-02,2.182083699153736234e-04,-2.683093398809432983e-02,-1.960976980626583099e-02,-1.445558015257120132e-02,6.330112926661968231e-03,-2.467120997607707977e-02,8.619023486971855164e-03,9.082768112421035767e-03,-1.544931810349225998e-02,1.800322555936872959e-03,-1.620621536858379841e-03,-2.265723422169685364e-03,7.512661628425121307e-03,-4.388348385691642761e-02,-7.492786739021539688e-03,-4.289636854082345963e-03,-1.854978129267692566e-02,2.146474830806255341e-02,1.917252503335475922e-02,-1.371358893811702728e-02,4.445322789251804352e-03,1.717179827392101288e-02,1.874852925539016724e-02,-1.292522251605987549e-02,-2.145149745047092438e-02,3.801049024332314730e-04,3.044151701033115387e-03,-3.117025829851627350e-03,2.481033327057957649e-03,1.163998804986476898e-02,1.046737655997276306e-02,-3.545658290386199951e-02,-1.295172236859798431e-02,1.165323797613382339e-02,2.866934984922409058e-03,-5.919368006289005280e-03,-1.025537960231304169e-02,-5.435748491436243057e-03,-3.172012791037559509e-02,2.855341415852308273e-03,-3.859017044305801392e-03,3.278011456131935120e-02,-2.312097698450088501e-03,-1.299809664487838745e-02,-4.832052509300410748e-04,-1.138824131339788437e-02,1.750304363667964935e-02,-1.320347003638744354e-02,1.778129115700721741e-02,9.162267670035362244e-03,4.192250594496726990e-02,-3.569507971405982971e-02,1.563481613993644714e-02,-1.865578070282936096e-02,-5.409248638898134232e-03,-9.062893688678741455e-03,-5.879618227481842041e-03,3.778855502605438232e-02,-7.108541205525398254e-03,5.495372693985700607e-03,-2.933515422046184540e-02,-1.910627447068691254e-02,2.312097884714603424e-02,-4.170388448983430862e-03,1.142136566340923309e-02,8.506399579346179962e-03,-2.066975645720958710e-02,-1.183211058378219604e-02,1.764879189431667328e-02,1.782104000449180603e-02,-7.373538333922624588e-03,-2.989164926111698151e-02,4.300899431109428406e-02,-1.896052621304988861e-02,-5.482123233377933502e-03,1.336909271776676178e-02,-2.292223088443279266e-02,1.165323797613382339e-02,3.875579452142119408e-03,-7.539161480963230133e-03,1.947727054357528687e-02,-1.485307514667510986e-02,-4.885879810899496078e-03,-6.187677383422851562e-03,3.892141627147793770e-03,-4.027952626347541809e-02,-1.752954348921775818e-02,8.155278861522674561e-03,-1.800653897225856781e-02,1.175095560029149055e-03,2.216698974370956421e-02,-1.416077138856053352e-04,-1.599256135523319244e-02,9.612762369215488434e-03,5.571559537202119827e-03,1.506507303565740585e-02,9.168892167508602142e-03,-1.563481613993644714e-02,-1.762229250743985176e-03,1.059987489134073257e-02,-4.909067414700984955e-03,-2.957365289330482483e-02,-3.924603760242462158e-02,-8.155278861522674561e-03,2.263073436915874481e-02,8.281152695417404175e-03,-5.478810518980026245e-03,9.811509400606155396e-03,-1.845040824264287949e-03,-6.444723904132843018e-02,9.891008958220481873e-03,-1.299147214740514755e-02,1.752954348921775818e-02,5.511935334652662277e-03,2.138524875044822693e-02,2.109375223517417908e-02,-1.853321911767125130e-03,8.214903646148741245e-04,1.861603185534477234e-02,-9.838009253144264221e-03,-1.811253651976585388e-02,9.871133603155612946e-03,-2.037825994193553925e-02,1.082512270659208298e-02,6.883293855935335159e-03,-8.857521228492259979e-03,-8.691897615790367126e-03,5.069390311837196350e-02,1.037462800741195679e-02,-7.713893428444862366e-04,2.575769647955894470e-02,1.018323018797673285e-05,5.319812335073947906e-03,-1.317697018384933472e-02,2.462814794853329659e-03,9.274890762753784657e-04,-5.164126865565776825e-03,4.713632166385650635e-03,-2.553245052695274353e-02,1.299147214740514755e-02,-5.899493116885423660e-03,2.525420300662517548e-02,-2.192849293351173401e-02,2.623055188450962305e-04,2.830166742205619812e-02,9.168892167508602142e-03,3.736456157639622688e-03,5.965742282569408417e-03,2.843747846782207489e-03,1.280266209505498409e-03,-2.761267498135566711e-02,2.142499759793281555e-02,9.599512442946434021e-03,-2.734767831861972809e-02,1.625755801796913147e-02,-1.297822222113609314e-02,-1.746329478919506073e-02,2.581069618463516235e-02,1.559506636112928391e-02,-5.853118840605020523e-03,2.479376969859004021e-03,-1.235547941178083420e-02,-1.428333204239606857e-02,-2.082875557243824005e-02,6.171114742755889893e-03,4.117389209568500519e-03,-9.261640720069408417e-03,1.747323200106620789e-03,-2.024576254189014435e-02,7.545786444097757339e-03,-2.806317061185836792e-02,2.575769647955894470e-02,2.143824845552444458e-02,-1.499882340431213379e-02,-2.875216072425246239e-03,-2.697999589145183563e-03,1.497232355177402496e-02,-1.358109060674905777e-02,-1.331609301269054413e-02,5.558723569265566766e-05,3.504583844915032387e-03,-1.481332536786794662e-02,8.294402621686458588e-03,-5.810056813061237335e-03,-2.281623147428035736e-02,-1.587331295013427734e-02,2.174630761146545410e-03,-2.212723903357982635e-02,2.057700790464878082e-02,2.044715881347656250e-01,-1.210373267531394958e-02,-1.384608726948499680e-02,2.024576254189014435e-02,-5.326437298208475113e-03,-1.150086428970098495e-02,3.285961225628852844e-02,8.632273413240909576e-03,-2.989164926111698151e-02,1.820528507232666016e-02,-2.324022725224494934e-02,-3.759643295779824257e-03,-1.319684460759162903e-02,2.681437181308865547e-03,-5.584809463471174240e-03,-5.008441209793090820e-02,-3.447609394788742065e-02,-3.784155473113059998e-02,-2.750667557120323181e-02,-2.335947565734386444e-02,1.180561073124408722e-02,9.884383529424667358e-03,-5.134314764291048050e-03,-1.400508545339107513e-02,6.007976480759680271e-04,-8.420275524258613586e-03,6.134677678346633911e-03,5.359562113881111145e-03,2.635394036769866943e-02,-5.846493877470493317e-03,-2.928215637803077698e-02,-1.436283066868782043e-02,1.059987489134073257e-02,-2.691374626010656357e-03,-2.020601183176040649e-02,1.005663163959980011e-02,1.376658771187067032e-02,-1.268010120838880539e-02,1.289872359484434128e-02,2.396565629169344902e-03,-4.422135651111602783e-03,-6.323487963527441025e-03,2.901715924963355064e-03,5.472185555845499039e-03,8.864145725965499878e-03,2.201130380854010582e-03,-1.767529174685478210e-02,-1.754279434680938721e-02,2.683093538507819176e-03,3.991515375673770905e-03,-1.975551806390285492e-02,1.370530808344483376e-03,2.965315058827400208e-02,6.257238797843456268e-03,3.312461078166961670e-02,5.435748491436243057e-03,6.588485091924667358e-03,2.122624963521957397e-02,1.929508522152900696e-03,-6.426174193620681763e-03,-1.287222374230623245e-02,1.400508545339107513e-02,-2.726817876100540161e-02,1.925367978401482105e-04,-9.606137173250317574e-04,2.168999426066875458e-02,-2.583719603717327118e-02,-3.792767878621816635e-03,1.393883582204580307e-02,-2.390271797776222229e-02,3.603957593441009521e-03,5.995554383844137192e-04,-1.560831628739833832e-02,2.737417817115783691e-02,-1.397858560085296631e-02,-6.277113687247037888e-03,1.894727721810340881e-02,-4.508259240537881851e-03,2.480370737612247467e-02,1.897377707064151764e-02,-4.985253792256116867e-03,-2.175624482333660126e-02,-7.029042113572359085e-03,2.987425832543522120e-04,1.250785309821367264e-02,-2.880516089498996735e-02,3.156112879514694214e-02,1.276622526347637177e-02,-2.225973829627037048e-02,3.142863139510154724e-02,1.267347577959299088e-02,-3.835829906165599823e-03,-2.607569284737110138e-02,-5.912743043154478073e-03,6.131365429610013962e-03,-4.697069525718688965e-03,-3.835829906165599823e-03,4.862692672759294510e-03,-8.903895504772663116e-03,1.788728870451450348e-02,-1.165323797613382339e-02,-2.322035143151879311e-03,1.429658196866512299e-02,2.127924934029579163e-02,-4.680507350713014603e-03,2.023251168429851532e-02,2.285598032176494598e-02,3.929903730750083923e-02,-6.055178586393594742e-03,-2.877866104245185852e-02,9.115892462432384491e-03,-9.864509105682373047e-03,3.998140338808298111e-03,-1.423530164174735546e-03,2.431346476078033447e-02,8.354026824235916138e-03,-8.711772970855236053e-03,-2.302822843194007874e-02,1.707904972136020660e-02,1.249460317194461823e-02,-1.445889240130782127e-03,-1.799328811466693878e-02,-3.925266209989786148e-03,-1.192485942738130689e-04,-9.758510626852512360e-03,-2.740067802369594574e-02,-1.558181643486022949e-02,2.353172376751899719e-02,1.882802881300449371e-02,-1.574081555008888245e-02,-4.319448955357074738e-03,7.499411702156066895e-03,2.241873554885387421e-02,2.711249282583594322e-03,1.699955016374588013e-02,2.053725905716419220e-02,3.235612064599990845e-02,-7.711409125477075577e-03,-1.947727054357528687e-02,5.091252736747264862e-03,-8.526274934411048889e-03,3.071313910186290741e-02,-7.221165113151073456e-03,2.102750353515148163e-02,-5.107814911752939224e-03,-1.126236747950315475e-03,2.975914999842643738e-02,-1.304447185248136520e-02,1.126236747950315475e-03,1.611719344509765506e-04,-9.546512737870216370e-03,-3.024276811629533768e-03,2.158068353310227394e-03,7.606238359585404396e-04,5.334387347102165222e-02,9.261640720069408417e-03,-2.086850441992282867e-02,5.813369061797857285e-03,1.441583037376403809e-02,2.025901153683662415e-02,-6.826319545507431030e-02,1.803303696215152740e-02,3.391960263252258301e-02,-2.649968862533569336e-02,-1.544931810349225998e-02,-1.155220787040889263e-03,-1.673720329999923706e-01,1.896052621304988861e-02,1.795353926718235016e-02,-1.309747062623500824e-02,1.910627447068691254e-02,-2.490970678627490997e-02,1.132861711084842682e-02,1.910627447068691254e-02,-4.004102945327758789e-02,-5.329750012606382370e-03,2.598294429481029510e-02,3.580770455300807953e-03,-2.327997609972953796e-02,4.425447899848222733e-03,-3.594020148739218712e-03,2.497595734894275665e-03,-3.426409512758255005e-02,-1.059987582266330719e-03,2.006026357412338257e-02,2.122624963521957397e-02,1.694655045866966248e-02,2.493620663881301880e-02,-7.082041818648576736e-03,-1.485307514667510986e-02,7.665034849196672440e-03,-4.673882387578487396e-03,-5.200563929975032806e-03,3.545658290386199951e-02,1.936133485287427902e-03,-2.117325179278850555e-02,-2.742717787623405457e-02,7.055541966110467911e-03,3.116363286972045898e-02,-1.860278099775314331e-02,6.909793708473443985e-03,2.017951197922229767e-02,4.037890117615461349e-03,2.473745867609977722e-02,-2.333214797545224428e-04,2.854016423225402832e-02,2.116000093519687653e-02,1.491932477802038193e-02,7.910156622529029846e-03,-1.709229894913733006e-03,1.242835354059934616e-02,4.788493737578392029e-02,2.917615696787834167e-02,1.071581151336431503e-03,9.049643762409687042e-03,-1.971576735377311707e-02,-1.001191325485706329e-03,1.162011362612247467e-02,-6.094928365200757980e-03,-1.303784642368555069e-02,6.018741521984338760e-03,1.738379523158073425e-02,-2.208749018609523773e-02,8.274527266621589661e-03,-9.804884903132915497e-03,1.511807180941104889e-02,-1.260060165077447891e-02,-1.657555438578128815e-02,5.690807942301034927e-03,-1.918577402830123901e-02,-7.179759559221565723e-04,4.246574826538562775e-03,-1.713204756379127502e-02,-5.654370877891778946e-03,-2.444596216082572937e-02,9.718760848045349121e-03,-1.523732114583253860e-02,-3.185262531042098999e-02,-2.013976220041513443e-03,-1.395208574831485748e-02,1.311072055250406265e-02,2.146474784240126610e-03,-1.176586188375949860e-02,4.620883148163557053e-03,1.778129115700721741e-02,-3.128619398921728134e-03,-1.117624342441558838e-02,1.534331962466239929e-02,7.246008608490228653e-04,1.077874843031167984e-02,1.538638141937553883e-03,-4.475134890526533127e-03,-2.124115708284080029e-04,-1.540956832468509674e-02,-6.157865282148122787e-03,2.403521724045276642e-02,2.294873073697090149e-02,-1.374008879065513611e-02,-1.260060165077447891e-02,-2.896416001021862030e-02,1.915927417576313019e-02,1.412433385848999023e-02,8.221528492867946625e-03,1.103049516677856445e-02,-7.711409125477075577e-03,-6.773982662707567215e-03,-1.016263011842966080e-02,-2.088175527751445770e-02,-1.851003244519233704e-02,2.536020241677761078e-02,1.567456498742103577e-02,5.356249399483203888e-03,-5.180689040571451187e-03,1.803303696215152740e-02,3.821254894137382507e-02,7.936656475067138672e-03,-5.909430328756570816e-03,1.130211725831031799e-02,2.822216786444187164e-02,3.670206665992736816e-02,1.556856650859117508e-02,3.150812909007072449e-02,2.189536811783909798e-03,-9.910883381962776184e-03,2.824866771697998047e-02,-1.001688186079263687e-02,7.578910887241363525e-02,8.181778714060783386e-03,-1.517107151448726654e-02,1.560997217893600464e-03,-1.972901821136474609e-02,-2.157074585556983948e-02,-1.061047539114952087e-01,-3.020964376628398895e-02,5.959117319434881210e-03,-3.304179990664124489e-03,3.717906400561332703e-02,2.763917483389377594e-02,7.618660572916269302e-03,-1.214348245412111282e-02,-1.938452199101448059e-02,1.465432718396186829e-02,2.606906928122043610e-03,-1.456157863140106201e-02,-4.362510982900857925e-03,8.135404437780380249e-03,-2.073600655421614647e-03,-2.011326327919960022e-02,7.532536517828702927e-03,-3.842454776167869568e-02,-1.207060832530260086e-02,2.695018239319324493e-02,-1.625755801796913147e-02,7.499411702156066895e-03,1.412433385848999023e-02,-3.230312094092369080e-02,-1.886446611024439335e-03,-1.022722339257597923e-03,-2.028551138937473297e-02,4.604320973157882690e-03,1.730429567396640778e-02,2.929871669039130211e-03,1.466757711023092270e-02,1.505182310938835144e-02,3.068663924932479858e-02,5.389374215155839920e-03,-1.858953200280666351e-02,-3.233790048398077488e-04,-5.946530029177665710e-02,-1.878827810287475586e-02,2.824866771697998047e-02,-1.538306940346956253e-02,1.567456498742103577e-02,3.198181046172976494e-03,-2.138524875044822693e-02,-1.984164118766784668e-03,2.081550471484661102e-02,-1.623105816543102264e-02,-4.263137467205524445e-03,1.615156047046184540e-02,2.525420300662517548e-02,5.026659346185624599e-04,-2.424721419811248779e-02,-8.625648915767669678e-03,-5.409248638898134232e-03,-2.195499092340469360e-02,1.304447185248136520e-02,-2.938815392553806305e-02,3.401897381991147995e-03,6.658046622760593891e-04,-2.093475311994552612e-02,-8.111388888210058212e-04,1.909302547574043274e-02,-2.418096642941236496e-03,8.373901247978210449e-03,1.609856076538562775e-02,-7.548270514234900475e-04,-2.578419633209705353e-02,-1.387258712202310562e-02,-2.639368921518325806e-02,1.609856076538562775e-02,-7.863782346248626709e-03,-1.372186932712793350e-03,-1.260391436517238617e-03,-3.146837931126356125e-03,2.395571768283843994e-02,-2.100100368261337280e-02,-1.671964651905000210e-03,-2.427371405065059662e-02,-1.974226720631122589e-02,1.727779582142829895e-02,-1.314218970946967602e-03,-3.497958928346633911e-02,-1.391233596950769424e-02,2.905028406530618668e-03,1.037731926771812141e-04,2.025901153683662415e-02,-5.697432905435562134e-03,9.573012357577681541e-04,-3.058063983917236328e-02,1.090462133288383484e-02,-3.305836115032434464e-03,-1.913277432322502136e-02,1.902677677571773529e-02,2.500245533883571625e-02,-5.200564046390354633e-04,-2.550595067441463470e-02,2.986514940857887268e-02,-1.359434053301811218e-02,2.962996484711766243e-03,-6.177739705890417099e-03,1.783429086208343506e-02,1.128224190324544907e-02,-5.203876178711652756e-03,-4.862692952156066895e-02,8.102280087769031525e-03,-2.742717787623405457e-02,-6.654734257608652115e-03,1.768854260444641113e-02,-3.688756749033927917e-02,-1.276622526347637177e-02,-7.095291744917631149e-03,-2.439627656713128090e-03,-3.193212300539016724e-02,-8.844271302223205566e-03,1.059987489134073257e-02,5.495372693985700607e-03,-7.287414278835058212e-03,-3.527108579874038696e-02,-9.149017743766307831e-03,-4.165419668424874544e-04,3.010364621877670288e-02,1.740698236972093582e-03,1.588656380772590637e-02,1.772829145193099976e-02,6.744170561432838440e-03,-3.012683242559432983e-03,4.035902395844459534e-02,-9.361014701426029205e-03,2.418096549808979034e-02,-1.197785884141921997e-02,1.240185368806123734e-02,1.505182310938835144e-02,-1.514457166194915771e-02,1.896383939310908318e-03,-2.949415333569049835e-02,7.188040297478437424e-03,3.452909365296363831e-02,1.593956165015697479e-02,-2.944115363061428070e-02,1.958326995372772217e-02,2.496270649135112762e-02,2.215373888611793518e-02,4.989891126751899719e-02,-2.020601183176040649e-03,-2.816916815936565399e-02,-3.971640951931476593e-03,-3.630457213148474693e-03,-2.787767164409160614e-02,-1.794028840959072113e-02,-1.764879189431667328e-02,2.125274948775768280e-02,1.880152896046638489e-02,-7.943281903862953186e-03,2.562519907951354980e-02,2.261748351156711578e-02,-1.319022011011838913e-02,-2.094800397753715515e-02,-1.034812815487384796e-02,-1.815228722989559174e-02,2.473745867609977722e-02,6.187677383422851562e-03,5.776931997388601303e-03,-1.858953200280666351e-02,4.335349053144454956e-02,1.110336929559707642e-02,-1.111661922186613083e-02,-2.008676342666149139e-02,3.163400338962674141e-03,6.260551512241363525e-03,3.148908144794404507e-04,1.050712633877992630e-02,-7.055541966110467911e-03,4.823771305382251740e-04,-2.007351443171501160e-02,1.058000046759843826e-02,1.811253651976585388e-02,1.051375176757574081e-02,1.570106483995914459e-02,-1.943752169609069824e-02,-2.390271797776222229e-02,1.356784068048000336e-02,-2.300172857940196991e-02,-7.559035904705524445e-03,1.273972541093826294e-02,3.372085280716419220e-03,1.186275112559087574e-04,2.286923117935657501e-02,3.806017804890871048e-03,1.858953200280666351e-02,-1.345521677285432816e-02,5.316500086337327957e-03,-1.260722707957029343e-02,-1.016925554722547531e-03,-2.718868106603622437e-02,1.051375176757574081e-02,2.436646260321140289e-02,-4.375760909169912338e-03,5.969054996967315674e-03,-2.825529314577579498e-03,-2.288910560309886932e-03,1.220310665667057037e-02,9.745260700583457947e-03,1.400508545339107513e-02,1.743679493665695190e-02,-7.194665260612964630e-03,-8.244922355515882373e-05,-1.159361377358436584e-02,-2.154424600303173065e-02,2.920265682041645050e-02,-4.703694488853216171e-03,-4.398948047310113907e-03,-2.684418484568595886e-02,2.547945082187652588e-02,-2.784123411402106285e-03,-1.639005728065967560e-02,1.568781584501266479e-02,3.340617055073380470e-03,-8.950269781053066254e-03,1.707573654130101204e-03,2.500245533883571625e-02,-1.288547366857528687e-02,-2.512170374393463135e-02,4.889192432165145874e-02,2.265723422169685364e-02,5.376124288886785507e-03,1.627080887556076050e-02,3.600645111873745918e-03,3.752356022596359253e-02,3.491333918645977974e-03,2.328660106286406517e-03,-4.988566506654024124e-03,2.498837711755186319e-04,-1.384608726948499680e-02,1.380633749067783356e-02,-5.538434721529483795e-03,-2.606244385242462158e-02,-2.341247536242008209e-02,1.879821647889912128e-03,3.784155473113059998e-02,-1.323659438639879227e-02,5.268137902021408081e-02,-3.794755414128303528e-02,5.029640719294548035e-02,8.446775376796722412e-03,-1.174598652869462967e-02,-4.448635037988424301e-03,3.444959595799446106e-02,3.285961225628852844e-02,1.294509787112474442e-02,5.660995841026306152e-03,-2.941465377807617188e-02,-1.702605001628398895e-02,2.946765348315238953e-02,-1.149423979222774506e-02,1.215673238039016724e-02,5.121064838021993637e-03,-3.943153470754623413e-02,-1.515782158821821213e-02,1.137499138712882996e-02,2.334622479975223541e-02,1.286062994040548801e-03,1.235547941178083420e-02,3.622507303953170776e-02,-8.751521818339824677e-03,2.407496608793735504e-02,-2.819566801190376282e-02,-1.023550424724817276e-02,-9.539888240396976471e-03,2.170324511826038361e-02,-1.657555438578128815e-02,-1.058662589639425278e-02,-1.449532993137836456e-02,1.222298108041286469e-02,1.588656380772590637e-02,-1.423033233731985092e-02,-8.142028935253620148e-03,6.694483570754528046e-03,-2.602269314229488373e-02,-3.945141099393367767e-03,-1.685380190610885620e-02,1.198448427021503448e-02,-9.400764480233192444e-03,-1.252772752195596695e-02,2.406171709299087524e-02,-1.511807180941104889e-02,-3.376060351729393005e-02,4.703694581985473633e-02,1.804628781974315643e-02,-5.876305978745222092e-03,1.312397047877311707e-02,-1.562156621366739273e-02
-3.289044275879859924e-02,-2.770734252408146858e-03,-4.037640243768692017e-02,1.870660489657893777e-04,-1.454718410968780518e-02,2.487356215715408325e-02,-2.476737834513187408e-02,-1.596739329397678375e-02,2.644641092047095299e-03,-2.764097880572080612e-03,2.225878462195396423e-02,1.461354922503232956e-02,-1.518428791314363480e-02,6.205117679201066494e-04,4.034985322505235672e-03,2.895168494433164597e-03,1.075111236423254013e-02,6.822310853749513626e-03,1.298263203352689743e-03,-2.856344915926456451e-02,7.793726981617510319e-04,3.663342073559761047e-02,1.151430886238813400e-03,-1.795833930373191833e-02,4.350011295173317194e-05,-2.030765637755393982e-02,1.422863267362117767e-02,-4.231425747275352478e-02,2.720960602164268494e-02,-2.999693155288696289e-02,-1.315352134406566620e-02,-9.822004474699497223e-03,-1.295442692935466766e-02,-3.129768371582031250e-02,-3.575740382075309753e-02,-1.286151632666587830e-02,-2.568321302533149719e-02,-2.528502373024821281e-03,2.126331254839897156e-02,-3.299994394183158875e-03,9.589727036654949188e-03,1.185277011245489120e-02,2.431609667837619781e-02,3.500748192891478539e-03,-4.279208183288574219e-02,7.452777586877346039e-03,-4.270581062883138657e-03,-2.285606972873210907e-02,-1.648503914475440979e-02,4.944184329360723495e-03,2.411700226366519928e-02,-1.396317314356565475e-02,-9.052171371877193451e-03,-7.160772103816270828e-03,4.257307853549718857e-03,9.705865522846579552e-04,-5.763791035860776901e-03,1.818398013710975647e-02,-1.061838306486606598e-02,-1.645849272608757019e-02,1.738760154694318771e-03,3.865754930302500725e-03,7.957150228321552277e-03,-1.875845191534608603e-04,-3.603613702580332756e-03,-4.127896390855312347e-03,7.359866518527269363e-03,5.946294404566287994e-03,-2.540116198360919952e-03,-1.608685031533241272e-02,1.466664113104343414e-02,1.655140519142150879e-02,1.947145909070968628e-02,-2.805907651782035828e-02,2.359935641288757324e-02,-4.268589988350868225e-02,-1.140812505036592484e-02,-6.769218947738409042e-03,1.924581883940845728e-04,1.696286723017692566e-02,8.176154457032680511e-03,-1.552938483655452728e-02,-3.127445699647068977e-03,7.412958424538373947e-03,1.899363286793231964e-02,-5.395465996116399765e-03,-1.081747747957706451e-02,2.422318607568740845e-02,6.748479790985584259e-04,-2.496647275984287262e-02,1.237041596323251724e-02,2.229860424995422363e-02,1.633198553463444114e-04,4.042949154973030090e-02,-3.214715421199798584e-02,1.717523485422134399e-02,-3.190824016928672791e-02,5.099478363990783691e-02,-9.616273455321788788e-03,-1.702923141419887543e-02,2.105426276102662086e-03,-1.583466306328773499e-02,1.014553359709680080e-03,3.898937487974762917e-03,-2.006874419748783112e-02,-5.441921297460794449e-03,1.292124483734369278e-02,-1.982651185244321823e-03,1.892726682126522064e-02,-8.063334971666336060e-03,4.222466377541422844e-04,1.308052055537700653e-02,-3.995166625827550888e-03,-1.799815893173217773e-02,6.755946204066276550e-03,-6.400893907994031906e-03,-1.097011659294366837e-02,-1.371098682284355164e-02,-1.686995662748813629e-02,-9.224720415659248829e-04,2.789980173110961914e-02,2.090494148433208466e-02,2.443887293338775635e-03,-1.928563788533210754e-02,-1.965728215873241425e-02,2.037402242422103882e-02,-2.211278304457664490e-02,-6.692899391055107117e-03,-1.236377935856580734e-02,1.124884933233261108e-02,5.380865558981895447e-02,1.200540922582149506e-02,6.656398996710777283e-03,-1.245668996125459671e-02,2.690432779490947723e-02,3.092603944242000580e-02,-2.136949636042118073e-02,1.592757366597652435e-02,-1.977673731744289398e-02,-2.693087421357631683e-02,6.827288307249546051e-04,2.049347944557666779e-02,6.158662028610706329e-03,-1.866512582637369633e-03,7.167408475652337074e-04,6.274800747632980347e-03,-7.980378577485680580e-04,3.703161142766475677e-03,8.415068499743938446e-03,1.401958405040204525e-03,7.426231633871793747e-03,-4.857910331338644028e-03,4.034985601902008057e-02,-1.233723387122154236e-02,4.085422679781913757e-02,7.711600512266159058e-03,-1.730796322226524353e-02,1.637885533273220062e-02,1.641867496073246002e-02,-1.652485877275466919e-02,-1.168685778975486755e-02,9.968006983399391174e-03,-1.335593406111001968e-04,-2.735892776399850845e-03,1.283331075683236122e-03,2.474083192646503448e-02,2.004219777882099152e-02,-3.135077655315399170e-02,-1.120239403098821640e-02,4.881137982010841370e-03,-2.277145395055413246e-04,3.671305999159812927e-02,-8.069970645010471344e-03,1.054538134485483170e-02,5.883247591555118561e-03,1.402953825891017914e-02,-3.525634820107370615e-04,2.448864467442035675e-02,-3.129768371582031250e-02,-4.695316310971975327e-03,-3.594322502613067627e-02,-2.185064135119318962e-03,2.835108153522014618e-02,9.244629181921482086e-03,-5.388829391449689865e-03,1.128203142434358597e-02,5.080232396721839905e-03,-1.799815893173217773e-02,1.882108300924301147e-02,-4.350882396101951599e-02,-1.831670990213751793e-03,1.363798510283231735e-03,-1.114930212497711182e-02,3.130763769149780273e-03,-6.371029615402221680e-01,-3.464247332885861397e-03,-2.507265657186508179e-02,-1.891399500891566277e-03,4.808136727660894394e-03,-3.024579957127571106e-03,-1.024673972278833389e-02,-5.548105109483003616e-03,-1.026664860546588898e-02,9.583090431988239288e-03,1.033633248880505562e-03,2.034747600555419922e-02,-5.962885450571775436e-03,-3.644759953022003174e-02,-9.184901602566242218e-03,-1.393662765622138977e-02,-7.711600512266159058e-03,-1.633903756737709045e-02,-1.929891109466552734e-02,-2.120358403772115707e-03,-3.891637176275253296e-02,-6.201799027621746063e-03,-1.359152980148792267e-02,-2.095803245902061462e-02,-9.914915077388286591e-03,-9.531657560728490353e-04,4.429856780916452408e-03,4.788226913660764694e-03,-2.280297689139842987e-02,2.268351987004280090e-02,-1.149439904838800430e-02,2.101112529635429382e-02,-1.636558212339878082e-02,1.721505261957645416e-02,4.234080016613006592e-02,-5.856701638549566269e-03,-1.473300624638795853e-02,1.164703909307718277e-02,-2.009197138249874115e-03,3.785453364253044128e-02,-1.847598701715469360e-02,-1.482425839640200138e-03,3.408500924706459045e-02,-1.700268499553203583e-02,-1.364462170749902725e-02,-4.144487436860799789e-03,-2.707687672227621078e-03,-1.705577783286571503e-02,-7.114316336810588837e-03,2.430282346904277802e-02,1.321988645941019058e-02,-2.094476111233234406e-02,-3.257188946008682251e-02,2.564339525997638702e-02,-8.441613987088203430e-03,3.752934746444225311e-03,3.105876967310905457e-02,-1.473300624638795853e-02,-7.001496385782957077e-03,1.218459475785493851e-02,2.088834997266530991e-03,3.676614910364151001e-02,-7.592143956571817398e-03,-1.668413355946540833e-02,6.069069262593984604e-03,1.128203142434358597e-02,1.042592432349920273e-02,6.022613961249589920e-03,1.673722639679908752e-02,1.122893951833248138e-02,2.547084540128707886e-02,2.306843735277652740e-02,-2.410704735666513443e-03,-7.492596283555030823e-03,2.111730910837650299e-02,-2.058970741927623749e-03,-1.072622602805495262e-03,-2.127658389508724213e-02,3.818055265583097935e-04,1.271717250347137451e-03,1.653813198208808899e-02,-1.616648770868778229e-02,-3.554503619670867920e-02,-1.232396066188812256e-02,2.203314378857612610e-02,-1.727146329358220100e-03,-1.134839653968811035e-02,-2.415682189166545868e-02,1.559574995189905167e-02,-1.634235493838787079e-03,1.449409220367670059e-02,4.480957612395286560e-02,1.342561747878789902e-02,7.393049076199531555e-03,1.831671036779880524e-02,1.291460823267698288e-02,-3.427083045244216919e-02,8.999079465866088867e-03,3.668651357293128967e-02,9.636182337999343872e-03,-4.595768637955188751e-03,-1.562229543924331665e-02,3.278425708413124084e-02,-1.931218430399894714e-02,2.426300570368766785e-02,1.717523485422134399e-02,-2.755470387637615204e-02,1.232396066188812256e-02,1.830343715846538544e-02,-3.865091502666473389e-02,-7.870876230299472809e-03,-6.161980330944061279e-03,1.907990663312375546e-03,1.429499778896570206e-02,9.622909128665924072e-03,-3.456283733248710632e-02,1.729469187557697296e-02,1.834325678646564484e-02,-6.643125787377357483e-03,-3.888982906937599182e-02,3.007656894624233246e-02,1.387855852954089642e-03,1.607357710599899292e-02,-2.366572059690952301e-02,1.677704416215419769e-02,3.135741222649812698e-03,-3.162701905239373446e-04,-1.280178781598806381e-02,-1.864853501319885254e-02,1.388353575021028519e-02,7.704963907599449158e-03,5.415375344455242157e-03,6.659716833382844925e-03,3.015260290339938365e-06,4.082768037915229797e-02,-3.905573859810829163e-03,2.528502419590950012e-02,-1.018701121211051941e-02,1.314024906605482101e-02,-7.167408242821693420e-03,-4.244035109877586365e-03,1.592757366597652435e-02,-1.405608467757701874e-02,-8.521252311766147614e-03,7.001496385782957077e-03,-5.712689831852912903e-02,-1.462516374886035919e-03,-8.952624164521694183e-03,-3.323553875088691711e-02,3.304971754550933838e-02,3.149014199152588844e-03,-6.344483699649572372e-03,-3.108531609177589417e-02,-6.404212210327386856e-03,-3.616886679083108902e-03,-1.083738729357719421e-02,-1.375080551952123642e-02,-1.744069345295429230e-02,1.676377281546592712e-02,-2.296225354075431824e-02,2.549739181995391846e-02,8.315521292388439178e-03,5.707380827516317368e-03,-1.450902433134615421e-03,-1.245005428791046143e-02,-2.463464811444282532e-02,-1.502501219511032104e-02,1.988292112946510315e-02,-1.301415544003248215e-02,-1.523737981915473938e-02,8.295611478388309479e-03,2.418336644768714905e-02,-3.323553875088691711e-02,2.325425855815410614e-02,-3.263493534177541733e-03,1.089047919958829880e-02,-7.545688189566135406e-03,-4.562586545944213867e-03,-1.598066650331020355e-02,1.457373052835464478e-02,1.811761595308780670e-02,-1.162049267441034317e-02,-3.005002439022064209e-02,1.206513773649930954e-02,1.331943366676568985e-02,-7.618689909577369690e-03,7.585507351905107498e-03,-7.061224430799484253e-03,3.643432632088661194e-03,-5.743881687521934509e-03,-1.436136290431022644e-02,3.908892162144184113e-03,2.560357563197612762e-02,1.397644635289907455e-02,1.319334097206592560e-02,6.135434377938508987e-03,1.355834770947694778e-02,-1.394990086555480957e-02,8.527888916432857513e-03,3.119149990379810333e-02,3.190824016928672791e-02,1.578157208859920502e-02,4.746417328715324402e-02,-2.835108153522014618e-02,1.100329961627721786e-02,-2.263042889535427094e-02,-4.333627410233020782e-03,-1.067147497087717056e-02,3.424428403377532959e-02,-1.039274223148822784e-02,1.552938483655452728e-03,-2.544430084526538849e-02,-1.250314619392156601e-02,-6.802401505410671234e-03,9.083694894798099995e-04,3.586358949542045593e-02,2.454173751175403595e-02,1.016212394461035728e-03,8.653981611132621765e-03,-2.166150137782096863e-02,6.968313828110694885e-03,8.667254820466041565e-03,7.485960144549608231e-03,3.087626537308096886e-03,-1.231732405722141266e-02,8.069970645010471344e-03,2.682469040155410767e-02,9.085353463888168335e-03,-2.723615244030952454e-02,2.866963390260934830e-03,-8.481433615088462830e-03,1.031144522130489349e-03,4.519449081271886826e-03,4.167715087532997131e-03,6.715297349728643894e-04,-9.676001034677028656e-03,-1.235714275389909744e-02,-5.199689418077468872e-03,3.493447974324226379e-02,-8.116426877677440643e-03,-1.321324985474348068e-02,2.365244738757610321e-02,1.680359058082103729e-02,-2.736888267099857330e-02,-9.410541504621505737e-03,1.166031137108802795e-02,1.600721292197704315e-02,-1.068474818021059036e-02,-7.943877950310707092e-03,3.344790637493133545e-02,-1.380389742553234100e-02,1.754687726497650146e-02,-1.335925329476594925e-02,-1.276196911931037903e-02,-5.183098372071981430e-03,-2.200659923255443573e-02,5.103460047394037247e-03,3.354745451360940933e-03,1.745396666228771210e-02,2.260388247668743134e-02,6.536941975355148315e-03,4.940866492688655853e-03,-4.263944458216428757e-03,-6.317108054645359516e-04,3.241261467337608337e-02,-2.394113456830382347e-03,1.825034618377685547e-02,-7.519142236560583115e-03,-3.469556570053100586e-02,-1.628013851586729288e-04,-8.229246363043785095e-03,-1.250978279858827591e-02,2.755470387637615204e-02,6.935131270438432693e-03,3.143041208386421204e-02,-1.886214740807190537e-04,1.769288070499897003e-02,5.173143465071916580e-03,8.375249803066253662e-03,-4.267262760549783707e-03,-6.470576860010623932e-03,-5.850728973746299744e-02,2.350976224988698959e-03,-2.130313031375408173e-02,8.288974873721599579e-03,-8.514615707099437714e-03,-3.259843587875366211e-02,-3.742980072274804115e-03,-2.278970368206501007e-02,-9.714161278679966927e-04,-1.596739329397678375e-02,2.524520456790924072e-02,1.449409220367670059e-02,1.153421867638826370e-02,-6.901948712766170502e-03,-3.020929917693138123e-02,2.747506648302078247e-02,-1.588775590062141418e-02,1.357825752347707748e-02,1.035292353481054306e-02,-1.192577090114355087e-02,-4.456402733922004700e-03,5.103460047394037247e-03,-2.486028894782066345e-02,1.623285375535488129e-02,1.801143214106559753e-02,5.299236625432968140e-03,-7.797874975949525833e-03,-2.772393403574824333e-03,-7.379776332527399063e-03,-4.828046075999736786e-03,2.869617938995361328e-02,3.895619185641407967e-03,-2.716978639364242554e-02,3.815981326624751091e-03,6.317937746644020081e-03,-2.824489772319793701e-02,-2.954564988613128662e-02,-1.954446081072092056e-03,7.061224430799484253e-03,-7.022235076874494553e-04,-1.959091611206531525e-02,2.890854701399803162e-02,2.479392476379871368e-02,1.020426601171493530e-01,4.038303624838590622e-03,1.295774593017995358e-03,2.401081845164299011e-02,3.487475216388702393e-03,2.486028894782066345e-02,-4.380083084106445312e-02,-1.294115372002124786e-02,1.994928717613220215e-02,-1.981655694544315338e-02,-3.713115816935896873e-03,-1.185940671712160110e-02,-2.626390662044286728e-03,-2.800598554313182831e-02,-4.695316310971975327e-03,-2.319453051313757896e-03,-1.487900875508785248e-02,-1.345216389745473862e-02,-8.010242134332656860e-03,-1.475955266505479813e-02,-3.267807513475418091e-02,1.162712927907705307e-02,-6.686262786388397217e-03,1.224432233721017838e-02,4.194261040538549423e-03,-2.509920299053192139e-02,1.807779632508754730e-02,2.768743410706520081e-02,-4.025030881166458130e-03,6.643125787377357483e-03,2.789980173110961914e-02,6.663035135716199875e-03,1.846271380782127380e-02,-6.926835631020367146e-04,-2.908441470935940742e-03,4.711907356977462769e-03,1.972364634275436401e-02,4.138514772057533264e-02,3.273116424679756165e-02,-2.322771213948726654e-02,9.098626673221588135e-03,1.852907799184322357e-02,1.956436969339847565e-02,2.228201366961002350e-03,8.103153668344020844e-03,5.962885450571775436e-03,-1.255623809993267059e-02,2.638668194413185120e-02,-4.732646339107304811e-04,-3.724397718906402588e-02,2.174113877117633820e-02,-1.596739329397678375e-02,-7.784601766616106033e-03,1.299424562603235245e-02,8.580980822443962097e-03,1.116257533431053162e-02,-2.135622315108776093e-02,6.520350929349660873e-03,-1.102320849895477295e-02,1.892726682126522064e-02,-2.576285228133201599e-02,-3.934110701084136963e-02,2.151549793779850006e-02,7.784601766616106033e-03,-6.663035135716199875e-03,-1.956436969339847565e-02,-2.121021971106529236e-02,-8.627435890957713127e-04,-9.403904899954795837e-03,-1.461686799302697182e-03,-1.457373052835464478e-02,1.112939231097698212e-02,-1.718850806355476379e-02,2.582921646535396576e-02,4.733144119381904602e-02,3.243916109204292297e-02,1.045247074216604233e-02,-3.115831641480326653e-03,7.764692418277263641e-03,-5.627742968499660492e-03,1.718850806355476379e-02,-2.101112529635429382e-02,2.285606972873210907e-02,-1.904672384262084961e-02,-2.556375600397586823e-02,2.306843735277652740e-02,-2.417009323835372925e-02,-1.238368917256593704e-02,-2.016165480017662048e-02,1.031974051147699356e-02,6.974950432777404785e-03,5.919748451560735703e-03,2.089166827499866486e-02,-9.987916797399520874e-03,-1.880780979990959167e-02,-6.888675969094038010e-03,-1.999242464080452919e-03,-1.485246326774358749e-02,-1.064492855221033096e-02,-1.126875914633274078e-02,3.437701379880309105e-03,-1.573677523992955685e-03,-1.517101470381021500e-02,-1.095020771026611328e-02,1.320661418139934540e-02,1.696286723017692566e-02,-2.732574474066495895e-03,5.157879367470741272e-02,-1.245005428791046143e-02,-2.823826158419251442e-03,1.971037313342094421e-02,-2.439573407173156738e-02,1.478609815239906311e-02,-1.758669689297676086e-02,-1.176649518311023712e-02,2.914746105670928955e-02,-1.137494295835494995e-02,4.430520161986351013e-02,2.925032749772071838e-03,-2.524520456790924072e-02,-2.848381176590919495e-02,-2.285606972873210907e-02,2.320116572082042694e-02,5.289282184094190598e-03,-4.061531275510787964e-03,-5.717335734516382217e-03,-2.593540027737617493e-02,-1.367116812616586685e-02,-3.253538860008120537e-03,1.799815893173217773e-02,-2.309498190879821777e-02,1.404281146824359894e-02,7.704963907599449158e-03,-1.035292353481054306e-02,-2.888200059533119202e-02,-1.709559559822082520e-02,-1.608685031533241272e-02,9.908278472721576691e-03,-1.770615391433238983e-02,3.613568376749753952e-03,-1.900690607726573944e-02,-1.818398013710975647e-02,-1.951127871870994568e-02,-1.359152980148792267e-02,-5.488376598805189133e-03,-4.130550846457481384e-02,4.273898899555206299e-03,-4.356855060905218124e-03,-8.872985839843750000e-03,5.956249311566352844e-03,-1.714868843555450439e-02,2.053993521258234978e-03,-1.460027601569890976e-02,-1.076438557356595993e-02,2.091821469366550446e-02,-2.537793479859828949e-02,-1.147449016571044922e-02,-2.943946607410907745e-02,-5.193052813410758972e-03,1.176649518311023712e-02,1.357825752347707748e-02,2.714324044063687325e-03,1.110575030907057226e-04,-5.730608478188514709e-03,-4.068167880177497864e-03,-1.318670436739921570e-02,8.189427666366100311e-03,-1.746723987162113190e-02,-4.308408871293067932e-02,-7.943877950310707092e-03,2.017492800951004028e-02,-4.066923575010150671e-04,7.744783069938421249e-03,-5.043732002377510071e-03,9.118536487221717834e-03,-9.822004474699497223e-03,-4.370128270238637924e-03,-1.736105605959892273e-02,-8.375249803066253662e-03,-2.869617938995361328e-02,1.269228523597121239e-03,-3.331517567858099937e-03,1.152094546705484390e-02,-8.445969433523714542e-05,5.385511089116334915e-03,-1.058520004153251648e-02,4.183642938733100891e-02,-6.815674714744091034e-03,6.636489182710647583e-03,-4.008439369499683380e-03,1.288142614066600800e-02,-2.386481501162052155e-02,2.253751829266548157e-02,1.365789491683244705e-02,-6.901948712766170502e-03,-1.643194817006587982e-02,2.411700226366519928e-02,3.360718116164207458e-02,-1.957764383405447006e-03,1.461354922503232956e-02,1.952455192804336548e-02,2.142258733510971069e-02,-1.779906451702117920e-02,1.734819816192612052e-04,-3.262498229742050171e-02,2.415682189166545868e-02,2.336044330149888992e-03,1.211159303784370422e-02,4.519449081271886826e-03,-1.728141866624355316e-02,-5.504968110471963882e-03,-1.637885533273220062e-02,-1.574175246059894562e-02,-3.950038552284240723e-02,1.993601396679878235e-02,-1.426845230162143707e-02,-2.034747600555419922e-02,1.604703068733215332e-02,-2.742197364568710327e-02,-4.549977183341979980e-02,2.212605625391006470e-02,-4.021712578833103180e-03,6.082342471927404404e-03,-3.573749447241425514e-03,2.613449469208717346e-02,2.949255891144275665e-02,-1.137494295835494995e-02,-1.026664860546588898e-02,9.045534767210483551e-03,-1.012728270143270493e-02,5.199689418077468872e-03,-6.928494665771722794e-03,2.034747600555419922e-02,4.323672968894243240e-03,-7.266955915838479996e-03,-2.397431759163737297e-03,-3.117490792647004128e-03,-1.416226848959922791e-02,-2.941292151808738708e-02,4.037640243768692017e-02,1.073120348155498505e-02,-1.512289978563785553e-03,4.711907356977462769e-03,-1.651158556342124939e-02,1.660449616611003876e-02,-1.098338980227708817e-02,1.078429515473544598e-03,-2.102439850568771362e-02,-2.091821469366550446e-02,-3.347445279359817505e-02,-1.077102217823266983e-02,-2.263042889535427094e-02,-2.674505114555358887e-02,1.215141173452138901e-02,5.624424666166305542e-03,-6.795764900743961334e-03,8.620799519121646881e-03,-6.895312573760747910e-03,-2.245787903666496277e-02,8.746893145143985748e-03,-3.740325197577476501e-02,-7.339957170188426971e-03,-2.329407818615436554e-02,-1.540992781519889832e-02,3.107536118477582932e-03,1.685668341815471649e-02,-3.151005133986473083e-02,-8.926077862270176411e-04,-1.134839653968811035e-02,2.484701573848724365e-02,4.267262760549783707e-03,-3.530612215399742126e-03,1.640540175139904022e-02,1.852907799184322357e-02,7.054588291794061661e-03,1.546301972121000290e-02,1.759997010231018066e-02,8.083243854343891144e-03,-1.478609815239906311e-02,-1.222441345453262329e-02,1.274205930531024933e-02,-4.582495894283056259e-03,-8.466708823107182980e-05,1.387026277370750904e-03,3.733025165274739265e-03,-3.557158261537551880e-02,1.211159303784370422e-02,5.757154431194067001e-03,2.516556717455387115e-02,-3.223674604669213295e-03,-1.212486624717712402e-02,-3.666660282760858536e-03,-1.712214201688766479e-02,9.456996805965900421e-03,-1.349861919879913330e-02,1.361807622015476227e-02,-6.941767875105142593e-03,5.354319512844085693e-02,-2.211278304457664490e-02,1.039274223148822784e-02,-2.819180674850940704e-02,-2.509920299053192139e-02,-1.522410660982131958e-02,-9.788821451365947723e-03,2.893509343266487122e-02,-7.904058322310447693e-03,1.839634776115417480e-02,-2.614776790142059326e-02,-1.863526180386543274e-02,1.073452178388834000e-03,-1.387026254087686539e-02,7.525778841227293015e-03,-1.544642844237387180e-03,-2.213932760059833527e-02,-1.329952478408813477e-02,-2.228533104062080383e-02,8.952624164521694183e-03,-6.895312573760747910e-03,-2.539120800793170929e-02,3.076676465570926666e-02,-1.318172668106853962e-03,-3.144036745652556419e-03,9.576453827321529388e-03,-3.005002439022064209e-02,1.093029789626598358e-02,1.112939231097698212e-02,-4.552631638944149017e-03,1.040601544082164764e-02,-1.065820176154375076e-02,-3.369677346199750900e-03,-1.408263016492128372e-02,4.642224404960870743e-03,-2.434264309704303741e-02,-3.371336497366428375e-03,-6.745991297066211700e-03,-1.562229543924331665e-02,-3.361796552781015635e-04,-5.073596257716417313e-03,1.942832255735993385e-03,-1.977673731744289398e-03,-5.599537980742752552e-04,4.725180566310882568e-03,1.490721362642943859e-03,-3.932119812816381454e-03,3.888568026013672352e-04,1.200540922582149506e-02,3.260175290051847696e-04,2.155199879780411720e-03,-6.025932263582944870e-03,-4.106659442186355591e-02,-1.879453845322132111e-02,1.890072226524353027e-02,1.748051308095455170e-02,-4.456402733922004700e-03,1.639212854206562042e-02,1.931218430399894714e-03,-7.464723289012908936e-02,8.315521292388439178e-03,-7.459414191544055939e-03,2.041384018957614899e-02,1.024673972278833389e-02,1.724159903824329376e-02,1.264914870262145996e-02,4.967412445694208145e-03,-1.098520442610606551e-05,1.394990086555480957e-02,-1.168022118508815765e-02,-7.507528644055128098e-04,1.827689073979854584e-02,-3.090944839641451836e-03,2.618758752942085266e-02,-9.515066631138324738e-04,-1.223105005919933319e-02,-1.156408223323523998e-03,5.133987963199615479e-02,-3.187173977494239807e-03,3.874050744343549013e-04,3.482829406857490540e-02,-1.648503914475440979e-02,7.300138007849454880e-03,-5.086869001388549805e-03,-6.307983305305242538e-03,2.478728769347071648e-03,1.858217059634625912e-03,1.413572207093238831e-02,-2.752815745770931244e-02,1.030646823346614838e-02,-1.826693653129041195e-03,9.417178109288215637e-03,-1.648503914475440979e-02,1.401626504957675934e-02,4.183642938733100891e-02,3.427746705710887909e-03,1.329371734755113721e-04,5.856701638549566269e-03,7.751419674605131149e-03,-1.761987921781837940e-03,-1.859544217586517334e-02,1.324643287807703018e-02,1.214477512985467911e-02,-1.915290765464305878e-02,2.949255891144275665e-02,-1.774597167968750000e-02,-1.444100029766559601e-02,2.334716916084289551e-02,9.536635130643844604e-03,-7.379776332527399063e-03,1.384537550620734692e-03,-1.225759554654359818e-02,-3.104217816144227982e-03,-1.049228943884372711e-02,-1.997583359479904175e-02,1.716196164488792419e-02,-1.086725154891610146e-03,5.422011949121952057e-03,-2.527175098657608032e-02,1.296770013868808746e-02,-2.366572059690952301e-02,2.082530409097671509e-02,5.869974847882986069e-03,-5.747199524194002151e-03,1.722832582890987396e-02,4.781590774655342102e-03,1.592757366597652435e-02,-1.018037460744380951e-02,-1.493210066109895706e-02,-4.091395530849695206e-03,8.083243854343891144e-03,-2.032092958688735962e-02,8.793348446488380432e-03,5.909793544560670853e-03,-1.584793627262115479e-02,1.421536039561033249e-02,-5.916430149227380753e-03,-1.607357710599899292e-02,2.061293646693229675e-02,1.654344052076339722e-01,-1.952455192804336548e-02,-4.008439555764198303e-02,3.246570751070976257e-02,4.718543961644172668e-03,-1.277524163015186787e-03,2.880236320197582245e-02,6.271482561714947224e-04,-1.803797855973243713e-02,1.015382818877696991e-02,-4.157760646194219589e-03,4.031667485833168030e-03,-3.036857582628726959e-02,5.720653571188449860e-03,2.253088168799877167e-03,-6.296700984239578247e-02,-4.159751534461975098e-02,-4.656160995364189148e-02,-2.428955025970935822e-02,-2.026783861219882965e-02,1.506483089178800583e-02,1.296770013868808746e-02,-1.199213601648807526e-02,-2.119694650173187256e-02,2.598185557872056961e-03,-2.320116572082042694e-02,-4.545995034277439117e-04,1.070465706288814545e-02,6.158662028610706329e-03,8.076607249677181244e-03,-4.013748839497566223e-02,-2.089166827499866486e-02,3.248561406508088112e-03,1.483919005841016769e-02,-7.704963907599449158e-03,4.051576834172010422e-03,1.648503914475440979e-02,-6.294710095971822739e-03,7.459414191544055939e-03,-1.438459032215178013e-03,7.970423437654972076e-03,-5.040413700044155121e-03,-1.249319058842957020e-03,-1.770283561199903488e-03,1.354507450014352798e-02,5.448557902127504349e-03,-1.077765878289937973e-02,-3.965966030955314636e-02,6.842220667749643326e-03,3.031216561794281006e-03,-3.196133300662040710e-02,-2.443555369973182678e-02,3.143041208386421204e-02,2.349317260086536407e-02,3.604941070079803467e-02,-1.542320102453231812e-02,-1.464175409637391567e-03,2.403736487030982971e-02,-1.992274075746536255e-02,-2.166150137782096863e-02,-1.400299277156591415e-02,3.955347463488578796e-03,-2.013510838150978088e-02,1.548956613987684250e-02,-1.051219925284385681e-02,3.764216601848602295e-02,-2.190041542053222656e-02,7.246216991916298866e-04,1.360480301082134247e-02,-5.757154431194067001e-03,-1.037946902215480804e-02,9.662728756666183472e-03,-4.622314590960741043e-03,1.199213601648807526e-02,1.145623973570764065e-03,4.993958398699760437e-03,2.446210011839866638e-02,1.600721292197704315e-02,3.673960641026496887e-02,1.046574395149946213e-02,3.377973102033138275e-03,-2.439573407173156738e-02,-1.029319502413272858e-02,-5.043732002377510071e-03,1.477282494306564331e-02,-1.916286302730441093e-03,2.050675265491008759e-02,2.594867348670959473e-02,-1.210495643317699432e-02,3.976584225893020630e-02,1.330616138875484467e-02,-1.596739329397678375e-02,-1.798488572239875793e-02,-7.359866518527269363e-03,-5.398783832788467407e-03,2.961533376947045326e-03,-2.334716916084289551e-02,1.858217059634625912e-03,-1.202531903982162476e-02,-1.417719991877675056e-03,-2.298879809677600861e-02,7.233773358166217804e-03,5.521559156477451324e-03,-1.396317314356565475e-02,-3.054444212466478348e-03,5.003912840038537979e-03,2.763434126973152161e-02,4.042949154973030090e-02,-7.724873721599578857e-03,-1.817070692777633667e-02,1.477282494306564331e-02,-5.883247591555118561e-03,1.024508033879101276e-03,4.396674048621207476e-04,-1.022019330412149429e-02,3.852481953799724579e-03,7.273592054843902588e-03,-7.572234142571687698e-03,1.763978786766529083e-02,1.283496990799903870e-02,7.387241930700838566e-04,-1.430827099829912186e-02,1.685668341815471649e-02,1.008082740008831024e-02,-3.441019682213664055e-03,-1.843616738915443420e-02,-1.175322290509939194e-02,1.730464631691575050e-03,1.542320102453231812e-02,-1.047901622951030731e-02,4.545995034277439117e-03,-9.994552470743656158e-03,1.771942712366580963e-02,9.012352675199508667e-03,1.911308988928794861e-02,2.422318607568740845e-02,2.413027547299861908e-02,-2.999693155288696289e-02,-1.741414703428745270e-02,-3.656705608591437340e-03,1.387855852954089642e-03,2.565666846930980682e-02,-1.110948342829942703e-02,7.081134244799613953e-03,-1.357825752347707748e-02,-9.855186799541115761e-04,2.257733605802059174e-02,-6.407530512660741806e-03,-5.358965136110782623e-03,-1.269560400396585464e-02,-1.201868243515491486e-02,3.902255790308117867e-03,-1.448081992566585541e-02,-5.748858675360679626e-04,2.813871391117572784e-02,2.556375600397586823e-02,-2.424973249435424805e-02,1.684009213931858540e-03,2.766088768839836121e-02,1.568866148591041565e-02,-5.354319512844085693e-02,7.485960144549608231e-03,2.361262962222099304e-02,-2.509920299053192139e-02,-1.514446828514337540e-02,8.182791061699390411e-03,-1.676642596721649170e-01,3.631487116217613220e-02,2.147568017244338989e-02,-2.488683536648750305e-02,5.269372463226318359e-02,-1.718850806355476379e-02,3.963311389088630676e-02,1.854235120117664337e-02,-2.288261428475379944e-02,-7.207227405160665512e-03,1.003437209874391556e-02,6.752627901732921600e-03,-3.591667860746383667e-02,-2.075562020763754845e-03,-1.304070116020739079e-03,-1.064326963387429714e-03,-3.368682041764259338e-02,2.266361145302653313e-03,1.850253157317638397e-02,3.233297541737556458e-02,1.276196911931037903e-02,2.681141719222068787e-02,-1.616648770868778229e-02,-2.853690460324287415e-02,-2.463796641677618027e-03,6.692899391055107117e-03,-1.603375747799873352e-02,3.944729268550872803e-02,9.603000245988368988e-03,-1.209831982851028442e-02,-9.145081974565982819e-03,1.284160651266574860e-02,2.720960602164268494e-02,-3.222679346799850464e-02,2.236496843397617340e-02,1.522410660982131958e-02,-3.314926521852612495e-03,1.365789491683244705e-02,-4.575859289616346359e-03,-5.531514063477516174e-03,2.422318607568740845e-02,-2.759120427072048187e-03,-4.937548190355300903e-03,-1.151430886238813400e-02,-6.113865529187023640e-04,4.244698584079742432e-02,1.875471882522106171e-02,6.828947458416223526e-03,1.025337632745504379e-02,-2.512574940919876099e-02,1.091702468693256378e-02,-2.586571732535958290e-03,-1.153421867638826370e-02,3.319903742522001266e-03,6.835584063082933426e-03,1.046574395149946213e-02,-2.328080497682094574e-02,-1.355171110481023788e-02,-2.718305960297584534e-02,-2.455501118674874306e-03,-1.357162091881036758e-02,-2.048020623624324799e-02,1.544974744319915771e-02,-1.882108300924301147e-02,-8.361976593732833862e-03,-5.183098372071981430e-03,-5.607833736576139927e-04,-2.582921646535396576e-02,-2.132967673242092133e-02,7.897422648966312408e-03,-1.647176593542098999e-02,-1.191249862313270569e-02,-6.809038110077381134e-03,-1.400299277156591415e-02,1.607357710599899292e-02,5.747199524194002151e-03,-3.020929917693138123e-02,2.434264309704303741e-02,2.128985710442066193e-02,-3.650069003924727440e-03,-1.471973303705453873e-02,3.071367181837558746e-02,-3.623523050919175148e-03,5.670879967510700226e-03,1.467991434037685394e-02,-1.524733379483222961e-03,7.864239625632762909e-03,-1.811761595308780670e-02,-1.298760995268821716e-02,1.113602891564369202e-02,2.962528914213180542e-02,-6.908585317432880402e-03,-1.943164132535457611e-02,-2.369226701557636261e-02,1.961746253073215485e-02,1.301415544003248215e-02,-3.271789290010929108e-03,-1.147283124737441540e-03,-1.454718410968780518e-02,-1.026664860546588898e-02,4.101350437849760056e-03,-2.131640352308750153e-02,-7.142521790228784084e-04,3.240265883505344391e-03,1.438790839165449142e-02,-9.470270015299320221e-03,-5.750517826527357101e-03,1.241023465991020203e-02,4.656160995364189148e-02,-1.131521444767713547e-02,3.600295400246977806e-03,-6.941767875105142593e-03,6.815674714744091034e-03,3.989857435226440430e-02,9.131809696555137634e-03,2.044038660824298859e-02,-1.793511211872100830e-03,-6.364393047988414764e-03,6.520350929349660873e-03,-5.269372370094060898e-03,4.868528619408607483e-02,1.406935742124915123e-03,-6.536941975355148315e-03,-3.859118558466434479e-03,-2.646631933748722076e-02,-2.324098534882068634e-02,-1.155280023813247681e-01,-2.808562293648719788e-02,6.941767875105142593e-03,2.365244738757610321e-02,1.421536039561033249e-02,1.908654347062110901e-02,-3.835890907794237137e-03,-3.756253048777580261e-03,-2.211278304457664490e-02,1.320661418139934540e-02,3.706479212269186974e-03,-8.050061762332916260e-03,-8.189427666366100311e-03,-7.160772103816270828e-03,6.324574351310729980e-03,-3.368682041764259338e-02,1.453391183167695999e-02,-2.639995515346527100e-02,-8.945987559854984283e-03,2.245787903666496277e-02,-1.171340327709913254e-02,3.981893416494131088e-03,5.186416208744049072e-03,-1.951127871870994568e-02,1.770283561199903488e-03,5.186416208744049072e-03,-2.691096393391489983e-03,1.621958054602146149e-02,1.141476165503263474e-02,-1.503828447312116623e-02,3.079331107437610626e-02,1.006755419075489044e-02,1.578157208859920502e-02,4.326990805566310883e-03,-2.212605625391006470e-02,-1.380389742553234100e-02,-5.017185956239700317e-02,-1.653813198208808899e-02,1.915290765464305878e-02,-2.450191788375377655e-02,1.563556864857673645e-02,-1.228414196521043777e-02,-1.758669619448482990e-03,1.064492855221033096e-02,3.806026652455329895e-03,-2.308171056210994720e-02,3.225333755835890770e-03,1.757342368364334106e-02,1.836980320513248444e-02,9.928188286721706390e-03,-5.176461767405271530e-03,6.263186805881559849e-04,-1.486573601141571999e-03,-2.000237815082073212e-02,6.198481190949678421e-03,-2.106421627104282379e-02,1.139485184103250504e-02,1.093693450093269348e-02,-3.400536999106407166e-02,1.110948342829942703e-02,1.392335444688796997e-02,3.583704121410846710e-03,9.689274593256413937e-04,3.039512038230895996e-02,-3.019602736458182335e-03,-2.083857730031013489e-02,-1.229741424322128296e-02,-3.408500924706459045e-02,9.828641079366207123e-03,-2.010856196284294128e-02,2.308171056210994720e-02,1.280842442065477371e-02,-1.313195331022143364e-03,1.843616738915443420e-02,-2.132967673242092133e-02,-2.930009970441460609e-03,-2.557702921330928802e-02,-1.996256038546562195e-02,1.929891109466552734e-02,-1.082411408424377441e-02,-2.711669541895389557e-02,-2.835108153522014618e-02,5.372237879782915115e-03,-3.253538860008120537e-03,1.665758900344371796e-02,-1.042592432349920273e-02,2.251429017633199692e-03,-1.316513516940176487e-03,1.558247674256563187e-02,-2.697069197893142700e-02,6.822310853749513626e-03,1.391008123755455017e-02,1.620630733668804169e-02,-2.427627705037593842e-02,-3.312935307621955872e-02,1.319997757673263550e-02,-1.372923725284636021e-03,-2.782016247510910034e-02,-2.032092958688735962e-02,9.908278472721576691e-03,1.136830635368824005e-02,-2.195350639522075653e-02,-5.771091207861900330e-02,8.985806256532669067e-03,-2.174113877117633820e-02,-2.247115224599838257e-02,1.953782513737678528e-02,-2.067930065095424652e-02,1.669740676879882812e-02,-8.561071008443832397e-03,-1.441777334548532963e-03,-1.659122295677661896e-02,-2.205969020724296570e-02,6.941767875105142593e-03,1.379062514752149582e-02,-1.698941178619861603e-02,-1.783888414502143860e-02,-9.125173091888427734e-03,-3.353086300194263458e-03,2.336044237017631531e-02,-3.293357789516448975e-03,2.334716916084289551e-02,1.734778285026550293e-02,1.660449616611003876e-02,5.143278976902365685e-04,2.997038513422012329e-02,-1.029983162879943848e-02,2.572303265333175659e-02,-1.173994969576597214e-02,1.836980320513248444e-02,9.237993508577346802e-03,-2.083857730031013489e-02,1.189922541379928589e-02,-2.917400747537612915e-02,1.888744905591011047e-02,1.965728215873241425e-02,1.422863267362117767e-02,-1.633903756737709045e-02,1.672395318746566772e-02,1.509137637913227081e-02,1.057192776352167130e-02,6.349793076515197754e-02,4.861228633671998978e-03,-2.596194669604301453e-02,2.819180674850940704e-02,5.232871975749731064e-03,-2.232515066862106323e-02,-1.018037460744380951e-02,-2.458155713975429535e-02,2.864308841526508331e-02,2.244460768997669220e-02,-1.716196164488792419e-02,1.418881397694349289e-02,3.174896538257598877e-02,-1.673722639679908752e-02,-4.492903128266334534e-03,-2.320116572082042694e-02,-8.554434403777122498e-03,2.763434126973152161e-02,3.321562893688678741e-03,2.949255891144275665e-02,-7.651872001588344574e-03,2.574957907199859619e-02,8.872985839843750000e-03,5.481739994138479233e-03,-1.928563788533210754e-02,5.949612706899642944e-03,1.131521444767713547e-02,-2.540116198360919952e-03,6.928494665771722794e-03,-3.144036745652556419e-03,-2.785666380077600479e-03,-2.715651504695415497e-02,1.081084087491035461e-02,1.523737981915473938e-02,1.389680895954370499e-02,6.603307090699672699e-03,-3.965966030955314636e-02,-1.379062514752149582e-02,8.819893933832645416e-03,-1.659122295677661896e-02,6.113865529187023640e-04,-7.154135499149560928e-03,2.108744578436017036e-03,-1.617976091802120209e-02,1.902017742395401001e-02,-6.769219180569052696e-04,6.231663282960653305e-03,-2.012183517217636108e-02,-1.683013699948787689e-02,1.198715879581868649e-03,-7.685054559260606766e-03,-4.016403481364250183e-02,4.887774586677551270e-03,2.265697531402111053e-02,-1.293451804667711258e-02,-1.033301372081041336e-02,2.614776836708188057e-03,-2.718305960297584534e-02,1.677704416215419769e-02,3.713115816935896873e-03,3.379300236701965332e-02,9.091990068554878235e-03,6.171935237944126129e-03,-5.355646833777427673e-03,-7.107680197805166245e-03,-1.274869590997695923e-02,3.589013591408729553e-02,-3.241261467337608337e-02,-2.192695997655391693e-02,-1.924581825733184814e-02,4.814772866666316986e-03,-2.462137490510940552e-02,-2.661232277750968933e-02,-5.139131681062281132e-04,8.726983331143856049e-03,1.743737608194351196e-03,1.082577276974916458e-03,2.260388247668743134e-02,-1.422863267362117767e-02,-2.125003933906555176e-02,5.643670633435249329e-02,1.903345063328742981e-02,1.550283934921026230e-02,3.169587254524230957e-02,-1.102486741729080677e-03,3.639450669288635254e-02,1.551611162722110748e-02,2.968169748783111572e-03,-1.627267152070999146e-02,1.184613350778818130e-02,-5.319145973771810532e-03,1.154749095439910889e-02,-2.447537332773208618e-02,-3.984548151493072510e-02,-2.954564988613128662e-02,6.868766620755195618e-03,2.389136143028736115e-02,-2.123676612973213196e-02,3.934110701084136963e-02,-3.015620820224285126e-02,6.795764714479446411e-02,6.351120304316282272e-03,-1.335925329476594925e-02,8.023515343666076660e-03,2.417009323835372925e-02,2.797943912446498871e-02,9.928188286721706390e-03,9.775549173355102539e-03,-2.211278304457664490e-02,-1.606030389666557312e-02,2.038729563355445862e-02,-4.635587800294160843e-03,2.560357563197612762e-02,9.822004474699497223e-03,-2.612122148275375366e-02,-1.872817240655422211e-02,2.025456540286540985e-02,2.435591630637645721e-02,9.397269226610660553e-03,9.277812205255031586e-03,2.367899380624294281e-02,1.327961497008800507e-02,2.091821469366550446e-02,-9.549908339977264404e-03,-5.358965136110782623e-03,-1.955109834671020508e-02,8.156245574355125427e-03,1.113602891564369202e-02,-1.331279799342155457e-02,-1.121566724032163620e-02,5.295918323099613190e-03,1.684341020882129669e-02,-3.786117071285843849e-03,-1.518428791314363480e-02,3.198787942528724670e-02,-1.664431579411029816e-02,5.073596257716417313e-03,-3.265152871608734131e-02,4.121259786188602448e-03,5.206326022744178772e-03,-2.661232277750968933e-02,2.519211359322071075e-02,-1.917945407330989838e-02,-1.286151632666587830e-02,4.722525924444198608e-02,3.942074719816446304e-03,1.164040248841047287e-02,2.594867348670959473e-02,-1.975019276142120361e-02
-3.893812745809555054e-02,-1.358850020915269852e-02,-1.155503373593091965e-02,-1.288949628360569477e-03,-4.444772377610206604e-03,2.838608808815479279e-02,-2.092546597123146057e-02,-1.956524141132831573e-02,2.100446727126836777e-03,1.524240797152742743e-04,1.043525338172912598e-02,4.589038435369729996e-03,-3.116149455308914185e-02,-4.829482175409793854e-03,1.110162585973739624e-02,2.071937173604965210e-02,8.216301910579204559e-03,6.172531284391880035e-03,1.651504263281822205e-02,-2.109034173190593719e-02,9.439129382371902466e-03,6.869818083941936493e-03,8.522867574356496334e-04,-2.688846737146377563e-02,-7.762894034385681152e-03,1.889199949800968170e-03,2.601943444460630417e-03,-3.610776364803314209e-02,1.235708477906882763e-03,-3.113401494920253754e-02,1.816379837691783905e-02,8.958242833614349365e-03,-1.758673414587974548e-02,-1.915305294096469879e-02,-4.336228966712951660e-02,-2.177732251584529877e-02,-1.580058038234710693e-02,1.018107030540704727e-02,4.314245656132698059e-03,-1.055204030126333237e-02,1.597919687628746033e-02,-6.248099263757467270e-03,2.415427938103675842e-02,3.290642751380801201e-03,-4.905049875378608704e-02,-2.790863625705242157e-03,-1.193287409842014313e-02,-1.442661788314580917e-02,-8.834585547447204590e-03,2.385200746357440948e-02,2.583051472902297974e-02,-1.102605741471052170e-02,-1.931792870163917542e-02,-4.960008431226015091e-03,-1.246871985495090485e-02,-3.706266870722174644e-03,4.884440451860427856e-03,1.784778758883476257e-02,-1.202905084937810898e-02,-8.683449588716030121e-03,1.231758389621973038e-02,8.655970916152000427e-03,-1.191913383081555367e-03,-1.092988066375255585e-02,1.384955272078514099e-02,1.186417508870363235e-02,-3.469258081167936325e-03,-4.564135160762816668e-04,1.983659807592630386e-03,-2.185976132750511169e-02,1.496246363967657089e-02,1.408312655985355377e-02,1.394573040306568146e-02,-1.325187832117080688e-02,3.410177677869796753e-02,-4.682467877864837646e-02,-1.136954873800277710e-02,-1.515481807291507721e-02,-2.327494323253631592e-02,1.416556444019079208e-02,-9.171206504106521606e-03,-1.109475549310445786e-02,7.934639230370521545e-03,3.039894392713904381e-03,1.141763757914304733e-02,-9.672703221440315247e-03,1.308700302615761757e-03,2.246430516242980957e-02,-2.401688322424888611e-02,-1.902939565479755402e-02,7.618627976626157761e-03,3.383385250344872475e-03,-1.015359070152044296e-02,5.677217617630958557e-02,-1.732568070292472839e-02,1.604789495468139648e-02,-3.412925451993942261e-02,3.423917293548583984e-02,3.402277361601591110e-03,-2.029344253242015839e-02,5.667599849402904510e-03,-1.750429533421993256e-02,6.285883486270904541e-03,9.274254553020000458e-03,-2.907306887209415436e-02,-1.498479046858847141e-03,4.358899313956499100e-03,1.591049879789352417e-02,1.739437878131866455e-02,-1.378085464239120483e-02,1.021541934460401535e-02,2.545954473316669464e-02,1.493111922172829509e-04,-8.594142273068428040e-03,1.169242989271879196e-02,-7.549929898232221603e-03,-1.772413030266761780e-02,2.498896210454404354e-04,-1.146572642028331757e-02,-4.156239796429872513e-03,1.846607029438018799e-02,-5.727710667997598648e-04,3.750491305254399776e-04,5.272585432976484299e-03,-7.749154698103666306e-03,2.871583960950374603e-02,-3.072182647883892059e-02,-3.699396969750523567e-03,-4.393248353153467178e-03,4.733304493129253387e-03,6.781884282827377319e-02,-2.370087197050452232e-03,1.148633565753698349e-02,-2.005986869335174561e-02,3.709701821208000183e-02,1.930418796837329865e-02,-8.408657275140285492e-03,-1.041464414447546005e-02,-2.025222405791282654e-02,-3.388194367289543152e-02,-1.138328853994607925e-02,1.860346645116806030e-02,7.728544995188713074e-03,-2.771971514448523521e-03,2.114186529070138931e-03,9.830709546804428101e-03,1.295647677034139633e-02,2.273909747600555420e-02,-2.680946374312043190e-03,-4.468816332519054413e-03,9.665833786129951477e-03,-3.501889761537313461e-03,2.235438674688339233e-02,-2.254674211144447327e-02,1.886451989412307739e-02,2.212081290781497955e-02,-3.237058222293853760e-02,1.567692495882511139e-02,8.484224788844585419e-03,-2.860592119395732880e-02,-1.013985089957714081e-02,1.242750044912099838e-02,1.842485181987285614e-02,-1.880612690001726151e-04,-2.572746714577078819e-03,2.429167553782463074e-02,8.477355353534221649e-03,-3.286520764231681824e-02,-2.893567271530628204e-02,3.953580278903245926e-03,1.497620344161987305e-02,2.474508434534072876e-02,-1.195348333567380905e-02,2.414054051041603088e-02,1.810883916914463043e-02,1.898817718029022217e-02,3.207346308045089245e-04,1.872712373733520508e-02,-3.129889070987701416e-02,-6.852643564343452454e-03,-3.019971959292888641e-02,1.051769126206636429e-02,3.786643594503402710e-02,2.801168244332075119e-03,-1.630894839763641357e-02,-1.133519969880580902e-02,2.036214061081409454e-02,-1.423426251858472824e-02,2.109034173190593719e-02,-3.036459535360336304e-02,2.229942940175533295e-02,1.037342473864555359e-02,-2.385200746357440948e-02,3.981059417128562927e-03,-6.054233312606811523e-01,-4.802002571523189545e-03,-5.295255780220031738e-02,-3.189312992617487907e-03,-8.772757835686206818e-03,1.204966101795434952e-02,-6.340841762721538544e-03,1.223514601588249207e-02,-5.636685527861118317e-03,2.117277868092060089e-02,-1.100888359360396862e-03,2.107660099864006042e-02,-9.521567262709140778e-03,-3.690466284751892090e-02,1.219392661005258560e-02,-5.148928612470626831e-03,-1.821875758469104767e-02,-2.354973554611206055e-02,4.437902476638555527e-03,9.445999749004840851e-03,-2.519849129021167755e-02,1.606163382530212402e-02,-1.120467297732830048e-02,-1.490750443190336227e-02,5.667599616572260857e-04,3.254576353356242180e-03,6.780510302633047104e-03,1.268168352544307709e-02,-1.470141019672155380e-02,3.168360143899917603e-02,-1.337553560733795166e-02,3.201335296034812927e-02,-2.466264553368091583e-02,1.989499293267726898e-02,4.102655127644538879e-02,-1.507238019257783890e-02,-9.562786668539047241e-03,2.986996807157993317e-02,2.899063052609562874e-03,3.498111292719841003e-02,-2.213455364108085632e-02,-9.703617542982101440e-04,1.536091323941946030e-02,-6.701507605612277985e-03,-7.646107114851474762e-03,-9.624615311622619629e-03,-4.355464596301317215e-03,-2.890819311141967773e-02,1.553952787071466446e-02,1.727072149515151978e-02,1.966141909360885620e-02,-2.416802011430263519e-02,-1.650130189955234528e-02,3.922665957361459732e-03,-2.124147675931453705e-02,-9.325777646154165268e-04,2.959517575800418854e-02,-2.000490948557853699e-02,-1.114627928473055363e-03,2.914520213380455971e-03,5.135188810527324677e-03,2.824869193136692047e-02,-9.542177431285381317e-03,-2.151626907289028168e-02,9.287993423640727997e-03,7.041563279926776886e-03,8.525444194674491882e-03,1.195348333567380905e-02,9.418520145118236542e-03,2.816625311970710754e-02,2.184602059423923492e-02,4.139065276831388474e-03,-6.471368484199047089e-03,-6.254969164729118347e-03,1.079935394227504730e-02,-1.667991839349269867e-02,3.620394039899110794e-03,-2.742431312799453735e-02,1.476152101531624794e-03,8.017077110707759857e-03,1.749227405525743961e-03,-2.111781947314739227e-02,-4.696207493543624878e-02,-7.584278937429189682e-03,2.545954473316669464e-02,-1.455027423799037933e-02,-2.036214061081409454e-02,-9.597135707736015320e-03,1.167182065546512604e-02,-1.610285229980945587e-02,1.867216452956199646e-02,2.797389775514602661e-02,2.363217435777187347e-02,3.050199244171380997e-03,1.235193293541669846e-02,1.732568070292472839e-02,-1.422052271664142609e-02,1.593797840178012848e-02,3.355219215154647827e-02,8.752147667109966278e-03,-5.142058711498975754e-03,-1.244810968637466431e-02,2.500613778829574585e-02,-3.905491437762975693e-03,3.503607213497161865e-02,1.286716852337121964e-02,-4.143874347209930420e-02,4.104716237634420395e-03,7.666716817766427994e-03,-3.028215654194355011e-02,2.530840970575809479e-02,5.616076290607452393e-03,4.090976435691118240e-03,2.608383947517722845e-04,-1.268168352544307709e-02,-3.283772990107536316e-02,1.202218118123710155e-03,1.592423766851425171e-02,-1.427548192441463470e-02,-4.459885880351066589e-02,1.310074236243963242e-02,2.998675452545285225e-03,7.817853242158889771e-03,-2.059571444988250732e-02,-3.433191450312733650e-03,2.588547393679618835e-02,5.478679668158292770e-04,-2.026596292853355408e-02,4.266156814992427826e-03,7.161785033531486988e-04,6.248099263757467270e-03,-1.732052885927259922e-03,1.700966991484165192e-02,-9.816969744861125946e-03,4.429658502340316772e-02,6.598460022360086441e-03,5.059620831161737442e-03,-1.150007545948028564e-02,4.492861032485961914e-02,3.757790429517626762e-03,7.591148838400840759e-03,2.665489353239536285e-02,-1.706462725996971130e-02,-1.373963616788387299e-02,-4.688650835305452347e-03,-5.625006929039955139e-02,-1.343049388378858566e-02,-3.072526073083281517e-03,-3.564061596989631653e-02,3.553069755434989929e-02,-3.915796056389808655e-03,-3.401933982968330383e-02,-9.549046866595745087e-03,-6.543501745909452438e-03,-6.687767803668975830e-03,-2.566563896834850311e-02,-2.430541627109050751e-02,-1.574562303721904755e-02,1.992247253656387329e-02,-3.113401494920253754e-02,1.661122031509876251e-02,3.102409839630126953e-02,-2.221699059009552002e-02,9.851318784058094025e-03,-6.691202521324157715e-03,-3.404681757092475891e-02,-1.742185838520526886e-02,6.464498583227396011e-03,-9.920016862452030182e-03,-1.777908951044082642e-02,-4.183718934655189514e-03,2.403062395751476288e-02,-1.641886495053768158e-02,1.751803606748580933e-02,-1.703714765608310699e-02,5.856519564986228943e-03,-2.892193384468555450e-03,-9.748271666467189789e-03,-1.308700349181890488e-02,1.571814343333244324e-02,1.305265445262193680e-02,1.442661788314580917e-02,-3.643751516938209534e-02,1.864468492567539215e-02,1.754551567137241364e-02,-1.163575449027121067e-03,8.257521316409111023e-03,-4.324550274759531021e-03,-2.764414809644222260e-02,-1.401442801579833031e-03,-2.184602059423923492e-02,9.219295345246791840e-03,1.831493526697158813e-02,1.445409655570983887e-02,-1.294273696839809418e-02,2.206585556268692017e-02,4.391187429428100586e-02,4.269591998308897018e-03,2.852348424494266510e-02,2.811129577457904816e-02,2.442907169461250305e-02,1.913931220769882202e-02,4.333481192588806152e-02,-1.850728876888751984e-02,1.423426251858472824e-02,-1.420678384602069855e-02,7.268267218023538589e-03,-8.381177671253681183e-03,2.304136939346790314e-02,-1.001619454473257065e-02,-7.343835197389125824e-03,-4.105403274297714233e-02,4.097846336662769318e-03,-1.918053254485130310e-02,1.531969383358955383e-02,1.717454567551612854e-02,1.663869991898536682e-02,-7.865941151976585388e-03,1.736689917743206024e-02,-1.100544817745685577e-02,2.283527515828609467e-02,-6.540066562592983246e-03,1.654252223670482635e-02,-3.977624699473381042e-03,-2.809755504131317139e-02,1.815005950629711151e-02,2.514353394508361816e-02,1.099170837551355362e-02,-2.250552363693714142e-02,-4.994357470422983170e-03,-5.681339185684919357e-03,1.391138136386871338e-02,5.581727251410484314e-03,1.064134761691093445e-02,6.395800504833459854e-03,-8.923893794417381287e-03,-9.420237620361149311e-04,-3.827862441539764404e-02,2.018352411687374115e-02,-1.498994231224060059e-02,-1.314883120357990265e-02,1.347171328961849213e-02,1.369841676205396652e-02,-1.749055646359920502e-02,7.048433180898427963e-03,1.856224797666072845e-02,1.846607029438018799e-02,-7.453752215951681137e-03,-1.669365726411342621e-02,1.835615374147891998e-02,-6.914471741765737534e-03,1.021541934460401535e-02,-1.132145989686250687e-02,-4.870701115578413010e-03,1.774130505509674549e-03,-1.768291182816028595e-02,-4.701531725004315376e-04,1.477010827511548996e-02,3.534521209076046944e-03,2.618774585425853729e-02,3.436626400798559189e-03,3.027013553946744651e-05,1.209774892777204514e-02,9.164337068796157837e-03,2.459394745528697968e-02,-2.473134547472000122e-03,1.229697372764348984e-02,-9.576526470482349396e-03,-3.184847533702850342e-02,8.003338240087032318e-03,-2.135139331221580505e-02,-1.031846646219491959e-02,5.124884098768234253e-02,5.001227371394634247e-03,1.907061412930488586e-02,2.928259782493114471e-03,1.924923062324523926e-02,2.808038145303726196e-03,2.139261364936828613e-02,3.388537792488932610e-03,5.725993309170007706e-03,-3.915796056389808655e-02,-2.964326413348317146e-03,-1.211148872971534729e-02,1.238628197461366653e-02,-8.985721506178379059e-03,-3.330487757921218872e-02,6.265273783355951309e-03,-3.989990428090095520e-02,-9.454587125219404697e-04,-8.903283625841140747e-03,1.941410452127456665e-02,1.754551567137241364e-02,1.038716454058885574e-02,1.146400813013315201e-03,-1.481132768094539642e-02,7.618627976626157761e-03,-5.578292068094015121e-03,5.993916420266032219e-04,1.130085089243948460e-03,-7.144610863178968430e-03,-2.625644393265247345e-02,1.677609607577323914e-02,-1.356789004057645798e-02,2.346729859709739685e-02,1.951028220355510712e-02,-2.328868210315704346e-02,-1.994995214045047760e-02,-8.051426149904727936e-03,8.202563039958477020e-03,-1.024461584165692329e-03,1.438539847731590271e-02,-5.956131964921951294e-03,-1.010550186038017273e-02,1.064134761691093445e-02,3.273468231782317162e-03,-1.743559725582599640e-02,-1.650130189955234528e-02,1.738063991069793701e-02,1.189852505922317505e-02,-1.075126510113477707e-02,-4.149369895458221436e-02,6.883557420223951340e-03,2.301388978958129883e-02,7.435891032218933105e-02,-1.164434128440916538e-03,1.485254615545272827e-02,8.800236508250236511e-03,1.542961131781339645e-02,3.484371677041053772e-02,-2.962265536189079285e-02,-3.201335296034812927e-02,4.468816332519054413e-03,-2.177732251584529877e-02,-2.191471867263317108e-03,-1.386329252272844315e-02,-1.683105342090129852e-02,-2.294519171118736267e-02,-1.113597489893436432e-02,1.229697372764348984e-03,-1.047647278755903244e-02,-9.452869184315204620e-03,-1.735316030681133270e-02,-9.803229942917823792e-03,-3.418421372771263123e-02,5.911478307098150253e-03,4.424162674695253372e-03,5.825605709105730057e-03,-8.475637878291308880e-04,-1.174738910049200058e-02,9.322342462837696075e-03,3.935031592845916748e-02,9.301733225584030151e-03,9.981845505535602570e-03,4.173414316028356552e-03,7.330095861107110977e-03,2.043083868920803070e-02,2.414054051041603088e-02,-2.686098776757717133e-02,2.218951098620891571e-02,1.282595004886388779e-02,3.789391741156578064e-02,3.457235870882868767e-03,-1.672113686800003052e-02,1.545708975754678249e-03,1.667991839349269867e-02,2.691594697535037994e-02,-7.494971156120300293e-03,-7.329236832447350025e-04,1.026179059408605099e-03,1.301830541342496872e-02,2.409932203590869904e-02,-1.512733940035104752e-02,-2.628392353653907776e-02,3.217822685837745667e-02,-2.756170928478240967e-02,-2.910054847598075867e-02,3.654743079096078873e-03,6.677463185042142868e-03,1.156190317124128342e-02,6.217185291461646557e-04,-8.625914924778044224e-04,8.587272837758064270e-03,5.636685527861118317e-03,-3.937779739499092102e-02,-3.248050063848495483e-02,1.706462725996971130e-02,3.177290782332420349e-03,-3.143628686666488647e-02,-1.158938277512788773e-02,-2.180480211973190308e-02,-6.303058005869388580e-03,-2.183228172361850739e-02,1.192600373178720474e-02,-9.322342462837696075e-03,1.176799833774566650e-02,-2.466264553368091583e-02,2.109034173190593719e-02,3.407429531216621399e-02,3.201335296034812927e-02,1.117719337344169617e-02,8.488518651574850082e-04,5.629815626889467239e-03,4.997792420908808708e-04,1.237254217267036438e-02,-4.476373270153999329e-02,-1.983659807592630386e-03,-2.106286212801933289e-02,-2.618774585425853729e-02,1.655626110732555389e-02,-3.289268910884857178e-02,-3.632759675383567810e-02,6.454193964600563049e-03,2.569311996921896935e-03,1.482506748288869858e-02,9.933756664395332336e-03,2.687472850084304810e-02,-4.240051656961441040e-02,-2.007360756397247314e-02,7.460622116923332214e-03,-3.067373763769865036e-03,-1.916679181158542633e-02,-7.790373638272285461e-03,-1.665243878960609436e-02,-2.292801626026630402e-03,9.088769555091857910e-03,-1.079248357564210892e-02,-3.747485578060150146e-03,1.906374469399452209e-03,-6.478238385170698166e-03,-5.760342348366975784e-03,4.668728262186050415e-02,-2.580303698778152466e-02,-9.198686107993125916e-03,1.167182065546512604e-02,-1.334118656814098358e-02,1.274351216852664948e-02,-1.273664273321628571e-02,-1.852102950215339661e-02,2.868836000561714172e-02,-6.227490026503801346e-03,2.926542423665523529e-02,1.235880237072706223e-02,-4.036018159240484238e-03,-8.848325349390506744e-03,-2.143383212387561798e-02,2.537710778415203094e-02,2.295893058180809021e-02,-2.555572241544723511e-02,6.498847622424364090e-03,5.310369189828634262e-03,-1.240689121186733246e-02,8.930763229727745056e-03,1.817753911018371582e-02,-1.033907569944858551e-02,-8.896414190530776978e-03,-1.080278889276087284e-03,1.013985089957714081e-02,-3.294764831662178040e-02,-1.841111108660697937e-02,-3.506354987621307373e-02,1.295647677034139633e-02,-2.581677585840225220e-02,-6.241229362785816193e-03,-1.733941957354545593e-02,-2.507483586668968201e-02,-2.301388978958129883e-02,-2.297267131507396698e-02,-9.837578982114791870e-03,-3.635507822036743164e-02,4.461946897208690643e-03,1.059325877577066422e-02,-8.394917473196983337e-03,-1.468767039477825165e-02,-2.150252927094697952e-03,1.533343363553285599e-02,-1.356102060526609421e-02,-7.687326055020093918e-03,7.062172982841730118e-03,-3.220570459961891174e-02,-8.175083436071872711e-03,2.969478722661733627e-03,1.815005950629711151e-02,6.186271086335182190e-03,3.050199151039123535e-02,-7.687326055020093918e-03,9.500958025455474854e-03,-9.686443023383617401e-03,-2.489621937274932861e-02,8.271261118352413177e-03,3.926101140677928925e-03,-2.360469475388526917e-02,-3.605280444025993347e-02,-8.947937749326229095e-04,-2.730752574279904366e-03,5.447765812277793884e-03,1.871338486671447754e-02,1.592423766851425171e-02,7.625497877597808838e-03,1.367780752480030060e-02,3.764660330489277840e-03,8.408657275140285492e-03,-4.637127276510000229e-03,-1.584180071949958801e-02,4.812307655811309814e-03,-5.894303787499666214e-03,1.974385604262351990e-02,-2.741057425737380981e-03,-2.431915514171123505e-02,-1.213209889829158783e-02,4.660484567284584045e-02,-2.550076320767402649e-02,1.302689197473227978e-03,7.598018739372491837e-03,2.132391557097434998e-02,-8.394917473196983337e-03,1.596545614302158356e-02,5.096546374261379242e-04,1.051082182675600052e-02,-1.902939518913626671e-03,2.029344253242015839e-02,2.234064787626266479e-02,8.841455914080142975e-03,2.234064787626266479e-02,1.242063101381063461e-02,1.073065586388111115e-02,-3.531086444854736328e-02,-1.997742988169193268e-02,-1.956524141132831573e-02,1.401442848145961761e-02,-1.713332533836364746e-02,1.540213171392679214e-02,1.784778758883476257e-02,-1.486628595739603043e-02,-5.162667948752641678e-03,-2.934786304831504822e-02,-2.045831829309463501e-02,-3.847097977995872498e-02,2.521223202347755432e-02,-1.721576415002346039e-02,-1.060699857771396637e-02,7.701065856963396072e-03,-2.529466897249221802e-02,-2.220325171947479248e-02,4.215320199728012085e-02,-1.361597888171672821e-02,8.319349959492683411e-03,2.504048636183142662e-03,1.809510029852390289e-02,2.529466897249221802e-02,-9.391041472554206848e-03,-2.044457755982875824e-02,2.481378242373466492e-02,-9.823839180171489716e-03,1.169586554169654846e-03,4.551254212856292725e-03,1.999117061495780945e-02,-1.546567771583795547e-03,-1.344423368573188782e-02,3.403994720429182053e-03,1.140389777719974518e-02,-1.718828454613685608e-02,-3.379950299859046936e-02,2.827616967260837555e-02,4.056627396494150162e-03,2.837234875187277794e-03,4.286766517907381058e-03,-2.305510826408863068e-02,6.048874463886022568e-03,4.036018159240484238e-03,1.435791957192122936e-03,-4.609647672623395920e-03,-3.511850908398628235e-02,-1.786152645945549011e-02,-2.227194979786872864e-02,-1.599293574690818787e-02,-1.402816828340291977e-02,2.124147675931453705e-02,8.154474198818206787e-03,7.192699238657951355e-03,6.337407045066356659e-03,-1.158251333981752396e-02,-1.817753911018371582e-02,1.419304404407739639e-02,-2.926542423665523529e-02,4.860396031290292740e-03,5.351588129997253418e-03,-2.558320201933383942e-02,3.361058421432971954e-03,4.115020856261253357e-03,-1.466019172221422195e-02,-3.668482881039381027e-03,-6.107267923653125763e-03,1.322439964860677719e-02,8.628491312265396118e-03,7.350705098360776901e-03,5.598901771008968353e-03,3.386820200830698013e-03,1.787526533007621765e-02,6.581285502761602402e-03,2.727317623794078827e-03,1.885979727376252413e-04,-1.165808085352182388e-02,-2.260170131921768188e-02,2.188723906874656677e-02,2.320624515414237976e-02,7.714805658906698227e-03,2.617400605231523514e-03,-1.127337105572223663e-02,-1.953776180744171143e-02,-1.823936705477535725e-03,-4.960008431226015091e-03,1.322439964860677719e-02,-7.817853242158889771e-03,-1.514107827097177505e-02,-1.924923062324523926e-02,-1.204279065132141113e-02,1.074439566582441330e-02,-1.321065984666347504e-02,4.379509016871452332e-03,1.204966101795434952e-02,3.767408058047294617e-02,-2.209333516657352448e-02,-1.978507498279213905e-03,-1.755925454199314117e-02,-1.595171727240085602e-02,-1.059325877577066422e-02,-2.885323483496904373e-03,3.619020059704780579e-02,-3.737180959433317184e-03,9.198686107993125916e-03,-2.778154425323009491e-02,-1.553952787071466446e-02,9.274254553020000458e-03,-1.057951990514993668e-02,3.440404683351516724e-02,2.510918537154793739e-03,-2.106286212801933289e-02,-5.609206389635801315e-03,-5.420286208391189575e-03,3.028215654194355011e-02,-2.312380634248256683e-02,-2.165366522967815399e-02,3.316748142242431641e-02,1.808479544706642628e-03,-1.111536566168069839e-02,1.651504263281822205e-02,-1.703714765608310699e-02,1.916679181158542633e-02,9.150597266852855682e-03,9.665833786129951477e-03,9.899407625198364258e-03,-7.659846916794776917e-03,3.278620541095733643e-03,-3.482997650280594826e-03,1.446783635765314102e-02,-2.122773788869380951e-02,-1.944158412516117096e-02,-1.341675408184528351e-02,-1.731194183230400085e-02,-3.919231239706277847e-03,1.228323485702276230e-02,1.014156849123537540e-03,4.426738887559622526e-04,1.349919196218252182e-02,1.472888980060815811e-02,-7.124001160264015198e-03,8.862065151333808899e-04,-5.006379797123372555e-04,-5.921782925724983215e-03,7.536190096288919449e-03,1.325016142800450325e-03,-9.418520145118236542e-03,-5.995976924896240234e-02,-1.872712373733520508e-02,1.791648566722869873e-02,3.555130679160356522e-03,-5.076795350760221481e-03,1.155503373593091965e-02,-5.495854187756776810e-03,-5.188086628913879395e-02,1.258035423234105110e-03,-1.004367414861917496e-02,1.452279463410377502e-02,2.262918092310428619e-02,6.656853482127189636e-03,2.598508726805448532e-03,-4.997792653739452362e-03,4.108150955289602280e-03,-8.937632665038108826e-03,-2.135139331221580505e-02,-9.025223553180694580e-04,5.100839771330356598e-03,-1.022915914654731750e-02,2.106286212801933289e-02,1.291525736451148987e-02,1.020167954266071320e-02,-4.630257375538349152e-03,1.408312655985355377e-02,-1.986751332879066467e-02,-2.047205809503793716e-03,1.647382415831089020e-02,-4.643996711820363998e-03,-1.863094605505466461e-02,-6.035135127604007721e-03,4.108150955289602280e-03,4.709260072559118271e-03,-8.669709786772727966e-03,2.069532638415694237e-03,-3.275529295206069946e-02,1.541587151587009430e-02,-2.312380634248256683e-02,3.847097977995872498e-03,-5.067177861928939819e-02,2.701212465763092041e-02,3.726189211010932922e-02,-1.399381924420595169e-02,-3.737180959433317184e-03,1.581432111561298370e-02,-1.735316030681133270e-02,-3.302664961665868759e-03,-2.728691697120666504e-02,7.137740962207317352e-03,1.193974353373050690e-02,8.030816912651062012e-03,1.919427141547203064e-02,-5.107709672302007675e-03,-1.724324375391006470e-02,-9.590266272425651550e-03,8.903283625841140747e-03,2.315128687769174576e-03,-4.632833588402718306e-04,-9.219295345246791840e-03,-2.488248050212860107e-02,7.137740962207317352e-03,1.464645192027091980e-02,2.794642001390457153e-02,-1.449531596153974533e-02,3.836793359369039536e-03,-1.898817718029022217e-02,1.575936190783977509e-02,-3.715197369456291199e-02,1.619902998208999634e-02,8.161343634128570557e-03,-1.978507498279213905e-03,-7.165220100432634354e-03,4.420727957040071487e-03,1.722950302064418793e-02,-4.709260072559118271e-03,-3.033711574971675873e-02,-3.350753802806138992e-03,1.235880237072706223e-02,-2.607782930135726929e-02,-3.915796056389808655e-03,1.384268328547477722e-02,-2.021100372076034546e-02,8.634502300992608070e-04,2.232690807431936264e-03,-2.448403090238571167e-02,1.907061412930488586e-02,2.130193114280700684e-01,-1.446783635765314102e-02,-3.223318606615066528e-02,3.061190806329250336e-02,9.720792062580585480e-03,1.114284433424472809e-02,3.465136140584945679e-02,5.859954748302698135e-03,-3.019971959292888641e-02,2.827616967260837555e-02,-7.151480298489332199e-03,-2.024878747761249542e-03,-2.177732251584529877e-02,2.696403535082936287e-03,8.051426149904727936e-03,-6.649983674287796021e-02,-2.732813544571399689e-02,-4.852839559316635132e-02,-3.860837593674659729e-02,-2.673733048141002655e-02,9.720792062580585480e-03,-1.658374071121215820e-02,-1.366406772285699844e-02,-2.190097980201244354e-02,1.478384807705879211e-02,2.393702161498367786e-04,4.060062579810619354e-03,9.954365901648998260e-03,2.433289587497711182e-02,1.571814343333244324e-02,-3.019971959292888641e-02,-1.953776180744171143e-02,-8.834585547447204590e-03,1.446783635765314102e-02,-2.139261364936828613e-02,-8.683449588716030121e-03,3.346975147724151611e-02,-7.415109430439770222e-04,3.237401833757758141e-04,-3.156681312248110771e-03,1.924923062324523926e-02,3.531086491420865059e-03,4.925659392029047012e-03,2.208646386861801147e-03,2.910054847598075867e-02,1.782030798494815826e-02,-1.805388182401657104e-02,-1.662495918571949005e-02,-2.641445025801658630e-03,1.176799833774566650e-02,-3.599784523248672485e-02,-1.555326767265796661e-02,1.651504263281822205e-02,2.680603042244911194e-02,1.187104545533657074e-02,-9.473479352891445160e-03,6.904167123138904572e-03,2.463516779243946075e-02,-2.088424749672412872e-03,-2.794298343360424042e-03,-1.526473555713891983e-02,-1.068943645805120468e-02,-1.145198661834001541e-02,1.326561812311410904e-02,-7.034693378955125809e-03,4.847343638539314270e-02,-2.289023250341415405e-02,-2.033466100692749023e-02,-9.239905513823032379e-03,-1.139015797525644302e-02,-3.110653534531593323e-02,-8.030816912651062012e-03,-5.894303787499666214e-03,2.758231945335865021e-03,-1.968202879652380943e-03,-2.007360756397247314e-02,1.897443644702434540e-02,6.409540306776762009e-03,2.563816122710704803e-02,6.155356764793395996e-03,3.720006439834833145e-03,-2.948525920510292053e-02,-1.329309772700071335e-02,-1.578684151172637939e-02,6.454193964600563049e-03,-2.062319405376911163e-02,1.613033190369606018e-02,1.787526533007621765e-02,-1.860346645116806030e-02,3.968006744980812073e-02,1.922175101935863495e-02,-1.714706607162952423e-02,-1.898817718029022217e-02,-1.156190317124128342e-02,-1.044899318367242813e-02,6.118431338109076023e-04,-3.275529295206069946e-02,-1.314883120357990265e-02,-1.674861647188663483e-02,-8.401786908507347107e-03,-1.120467297732830048e-02,1.589675806462764740e-02,1.817753911018371582e-02,6.543501745909452438e-03,-8.250650949776172638e-03,-1.430639531463384628e-03,3.838854283094406128e-02,2.508857473731040955e-02,9.610875509679317474e-03,-2.313754707574844360e-02,-1.478728256188333035e-03,-6.392365787178277969e-03,-1.641242415644228458e-04,-9.590266272425651550e-03,-8.820845745503902435e-03,1.522351615130901337e-02,-5.705383606255054474e-03,-8.999461308121681213e-03,3.580548986792564392e-02,1.056578010320663452e-02,2.440159395337104797e-02,6.775357760488986969e-04,-3.003827994689345360e-03,1.296334620565176010e-02,3.812748938798904419e-03,-4.740174394100904465e-03,-2.367339283227920532e-02,1.729820109903812408e-02,8.552922867238521576e-03,-9.095638990402221680e-03,7.831592112779617310e-03,3.172138473019003868e-03,2.587173506617546082e-02,7.371314801275730133e-03,6.546936463564634323e-03,3.299230011180043221e-03,2.807007543742656708e-02,-9.768880903720855713e-03,-1.393199060112237930e-02,5.555965472012758255e-04,-3.450365969911217690e-03,2.570685930550098419e-02,2.249865327030420303e-03,2.160557778552174568e-03,-2.921819395851343870e-04,-8.511704392731189728e-03,2.400314435362815857e-02,-1.283281948417425156e-02,6.433584261685609818e-03,-5.152363330125808716e-03,-4.135630559176206589e-03,6.996909622102975845e-03,-1.804014109075069427e-02,2.318563638255000114e-03,4.556063190102577209e-02,3.841602057218551636e-02,-2.659993432462215424e-02,-9.253644384443759918e-03,2.154374867677688599e-02,6.230924744158983231e-03,-5.138623714447021484e-02,2.408558130264282227e-02,3.586044907569885254e-02,-1.794396527111530304e-02,1.483021886087954044e-03,5.842780228704214096e-03,-1.742185801267623901e-01,2.896315231919288635e-02,1.728446222841739655e-02,-1.731194183230400085e-02,4.550567269325256348e-02,-1.393886096775531769e-02,4.847343638539314270e-02,1.552578806877136230e-02,-9.748271666467189789e-03,-2.756170928478240967e-02,-2.935129683464765549e-03,9.157467633485794067e-03,-3.330487757921218872e-02,-1.175597542896866798e-03,6.351146847009658813e-03,-1.617842121049761772e-03,-3.080426342785358429e-02,4.001669120043516159e-03,2.824869193136692047e-02,1.722950302064418793e-02,1.893321797251701355e-02,8.411233429796993732e-04,4.145935177803039551e-03,-3.454144299030303955e-02,7.845331914722919464e-03,3.630698658525943756e-03,-8.374308235943317413e-03,1.659747958183288574e-02,1.310417777858674526e-03,-1.445409655570983887e-02,1.585553959012031555e-02,9.707052260637283325e-03,2.166740596294403076e-02,-2.409932203590869904e-02,4.506600648164749146e-02,1.384955272078514099e-02,-1.908435486257076263e-02,1.000932510942220688e-02,-1.784778758883476257e-02,2.090142108500003815e-03,4.198832809925079346e-02,1.196722313761711121e-02,1.363658811897039413e-02,-2.552824281156063080e-02,2.311006747186183929e-02,3.789391741156578064e-02,3.105157613754272461e-02,4.118456039577722549e-03,1.670739799737930298e-02,-1.666617766022682190e-02,1.187791489064693451e-02,-7.433142978698015213e-03,1.186761073768138885e-03,1.279160100966691971e-02,2.122773788869380951e-02,9.899407625198364258e-03,-1.055890973657369614e-02,1.042151357978582382e-02,-4.253791272640228271e-02,-6.996909622102975845e-03,4.527209792286157608e-03,-2.169488556683063507e-02,3.117179963737726212e-03,-1.618529111146926880e-02,8.003338007256388664e-04,-2.035183599218726158e-03,9.858189150691032410e-04,-1.766917109489440918e-02,-2.222386188805103302e-03,2.161244675517082214e-02,-4.292262345552444458e-02,-1.106040645390748978e-02,-8.273837156593799591e-04,-3.866333514451980591e-02,3.360714763402938843e-02,-2.250552363693714142e-02,-3.511850908398628235e-02,2.672359161078929901e-02,1.268168352544307709e-02,1.929044909775257111e-02,-1.907061412930488586e-02,4.380195960402488708e-02,2.868148963898420334e-03,-5.104274488985538483e-03,-6.649983581155538559e-03,1.032533589750528336e-02,1.366406772285699844e-02,-1.677609607577323914e-02,-3.515629330649971962e-03,1.174738910049200058e-02,3.357966989278793335e-02,-6.646548863500356674e-03,-1.771039143204689026e-02,-2.415427938103675842e-02,1.597919687628746033e-02,2.192845940589904785e-02,2.217577211558818817e-02,-4.303941037505865097e-03,1.075985259376466274e-03,-1.509985979646444321e-02,7.701065856963396072e-03,-1.916679181158542633e-02,-9.061289951205253601e-03,2.110408060252666473e-02,1.479758787900209427e-02,1.066195778548717499e-02,-3.110310062766075134e-03,1.272290293127298355e-02,2.793267928063869476e-02,-7.282007019966840744e-03,6.076354067772626877e-03,6.625939160585403442e-03,1.280534081161022186e-02,2.929290384054183960e-02,1.523725595325231552e-02,2.473134361207485199e-02,2.552137244492769241e-03,-1.957898028194904327e-03,8.655970916152000427e-03,-5.073360633105039597e-03,3.860837593674659729e-02,-1.306639332324266434e-02,-1.303891465067863464e-02,6.921341642737388611e-03,-3.267285227775573730e-02,-2.540458738803863525e-02,-1.267344057559967041e-01,-3.869081288576126099e-02,-3.072526073083281517e-03,2.011482603847980499e-02,1.459149364382028580e-02,2.206585556268692017e-02,-1.010550186038017273e-02,-1.190539449453353882e-02,-4.578046500682830811e-02,1.749055646359920502e-02,1.373963616788387299e-02,-1.103292778134346008e-02,1.490750443190336227e-02,-1.131459046155214310e-02,8.937632665038108826e-03,-3.140880912542343140e-02,8.745278231799602509e-03,-2.448403090238571167e-02,-1.128024142235517502e-02,3.390942141413688660e-02,-1.515481807291507721e-02,-2.595073776319622993e-03,-2.015604637563228607e-02,-2.309632860124111176e-02,2.433289587497711182e-02,1.379459444433450699e-02,9.425390511751174927e-03,2.048579789698123932e-02,2.124147675931453705e-02,-9.411650709807872772e-03,-1.518229767680168152e-02,1.286029908806085587e-02,9.865058586001396179e-03,-1.216816483065485954e-03,-5.533638410270214081e-03,-7.680456619709730148e-03,-3.902056440711021423e-02,-5.265715532004833221e-03,7.556799799203872681e-03,-2.706708200275897980e-02,1.351293176412582397e-02,-6.783945020288228989e-03,-2.374209091067314148e-02,-1.022228877991437912e-02,5.403111688792705536e-03,-1.496246363967657089e-02,-1.705088838934898376e-02,1.570440456271171570e-02,2.051327563822269440e-02,-5.090642298455350101e-05,-7.604888640344142914e-03,9.816969744861125946e-03,-9.054419584572315216e-03,-5.286324769258499146e-03,1.304578408598899841e-02,-1.431670039892196655e-02,1.390279387123882771e-03,-8.072036318480968475e-03,-3.052947111427783966e-02,3.232249291613698006e-03,-1.829089014790952206e-03,-3.208204871043562889e-03,1.306124147959053516e-03,3.448648750782012939e-02,-8.188823238015174866e-03,-1.335492637008428574e-02,-5.993916187435388565e-03,-2.212081290781497955e-02,3.008980304002761841e-02,-3.019971959292888641e-02,1.233819313347339630e-02,3.299230011180043221e-03,-5.667599849402904510e-03,2.855096384882926941e-02,-1.490750443190336227e-02,-1.419304404407739639e-02,-6.564110983163118362e-03,-2.877079695463180542e-02,7.247657980769872665e-03,-2.427793666720390320e-02,-2.425045706331729889e-02,-2.360469475388526917e-02,9.995584841817617416e-04,-6.828599143773317337e-03,2.387948706746101379e-02,-4.977182950824499130e-03,5.612641107290983200e-03,1.426174212247133255e-02,1.449531596153974533e-02,-2.717700041830539703e-02,1.586927846074104309e-02,-4.709260072559118271e-03,3.363462910056114197e-02,-1.956524141132831573e-02,-3.303008526563644409e-02,1.581432111561298370e-02,5.341283511370420456e-03,-1.380833424627780914e-02,-7.007214240729808807e-03,1.794396527111530304e-02,2.011568576563149691e-04,-1.509985979646444321e-02,-4.130134359002113342e-02,2.973257191479206085e-02,-2.866088040173053741e-02,-3.184847533702850342e-02,1.707836799323558807e-02,-2.372835017740726471e-02,2.265665866434574127e-02,-1.046960242092609406e-02,-2.878453815355896950e-03,-3.116149455308914185e-02,7.097380585037171841e-04,2.375582978129386902e-02,3.744050860404968262e-03,-1.942784525454044342e-02,-2.291771210730075836e-02,1.586927846074104309e-02,8.759018033742904663e-03,2.169488556683063507e-02,6.062614265829324722e-03,1.520977728068828583e-02,2.088424563407897949e-02,2.382968086749315262e-04,-7.721675559878349304e-03,3.514598682522773743e-02,-1.987094758078455925e-03,1.359536964446306229e-02,-6.691202521324157715e-03,3.658178029581904411e-03,-3.974189516156911850e-03,-1.321065984666347504e-02,-5.423721391707658768e-03,-2.632514201104640961e-02,3.158398671075701714e-03,1.815005950629711151e-02,1.706462725996971130e-02,-4.382943734526634216e-02,-7.192699238657951355e-03,5.822170525789260864e-03,8.372590527869760990e-04,5.506845936179161072e-02,1.472888980060815811e-02,-2.405810169875621796e-02,1.042838394641876221e-02,-4.826047224923968315e-04,-3.168703522533178329e-03,1.008489262312650681e-02,-2.634575124830007553e-03,4.077924042940139771e-02,2.284901402890682220e-02,-3.675352549180388451e-03,2.082928828895092010e-02,3.448648750782012939e-02,-2.051327563822269440e-02,-1.956524141132831573e-02,-2.789146080613136292e-02,-9.315473027527332306e-03,2.173610404133796692e-02,-3.058786503970623016e-03,2.670985274016857147e-02,-2.807007543742656708e-02,2.348103746771812439e-02,1.325187832117080688e-02,-1.700966991484165192e-02,-1.964767836034297943e-02,3.761225380003452301e-03,-3.795574302785098553e-04,1.798518374562263489e-02,1.390451192855834961e-02,-1.347858272492885590e-02,-1.193287409842014313e-02,-1.369154732674360275e-02,5.646990146487951279e-03,2.782276365906000137e-03,-1.896069734357297421e-03,8.449875749647617340e-03,-1.169242989271879196e-02,-6.584720686078071594e-03,6.203445605933666229e-03,-5.076795350760221481e-03,7.412533741444349289e-03,-1.810883916914463043e-02,-2.026596292853355408e-02,-2.158496715128421783e-02,2.741057425737380981e-02,5.863389465957880020e-03,1.351293176412582397e-02,-1.338240504264831543e-02,-2.067815279588103294e-03,1.915305294096469879e-02,-1.286716852337121964e-02,-2.849600464105606079e-02,9.734531864523887634e-03,1.522351615130901337e-02,-1.860346645116806030e-02,-4.619952756911516190e-03,3.847097977995872498e-03,-2.132391557097434998e-02,-2.009421819821000099e-03,2.089798636734485626e-02,4.382943734526634216e-02,9.047550149261951447e-03,1.011237222701311111e-02,-9.643507073633372784e-04,-1.394573040306568146e-02,-1.194661296904087067e-02,2.173610404133796692e-02,-2.087050676345825195e-02,-3.915796056389808655e-02,-1.700966991484165192e-02,1.773786917328834534e-02,-1.348545216023921967e-02,-4.276461433619260788e-03,-1.063447818160057068e-02,4.489426035434007645e-03,-1.446955371648073196e-03,1.585553959012031555e-02,2.247804403305053711e-02,-1.012611202895641327e-02,-2.816625311970710754e-02,4.454389959573745728e-02,1.175425853580236435e-02,2.247804403305053711e-02,3.566809371113777161e-02,-2.003238908946514130e-02,3.368958830833435059e-02,-7.767187780700623989e-04,1.580916810780763626e-03,-7.103391923010349274e-03,3.606654470786452293e-03,-2.409588545560836792e-03,1.765543222427368164e-02,1.017419993877410889e-02,-4.998479411005973816e-02,-3.264537453651428223e-02,8.236912079155445099e-03,-3.188024857081472874e-04,-7.295746821910142899e-03,3.962510824203491211e-02,-2.370087243616580963e-02,3.935031592845916748e-02,2.646597335115075111e-03,-1.505864132195711136e-02,-9.700182825326919556e-03,2.855096384882926941e-02,3.487119451165199280e-02,2.824869193136692047e-02,1.229010429233312607e-02,-8.367437869310379028e-03,3.017567563802003860e-03,3.036459535360336304e-02,-1.768291182816028595e-02,1.933166757225990295e-02,-9.703617542982101440e-04,-3.102409839630126953e-02,-3.809313988313078880e-03,-4.856961313635110855e-03,2.749301120638847351e-02,1.834241300821304321e-02,8.140734396874904633e-03,3.355219215154647827e-02,1.290151849389076233e-02,1.308700349181890488e-02,-1.263359468430280685e-02,-4.355464503169059753e-02,-2.401688322424888611e-02,1.403503771871328354e-02,2.525345049798488617e-02,-1.966141909360885620e-02,-4.077924042940139771e-02,3.292360343039035797e-03,1.819127798080444336e-02,-2.552824281156063080e-02,-1.755925454199314117e-02,1.669365726411342621e-02,-1.963393948972225189e-02,-7.680456619709730148e-03,-6.856078281998634338e-03,1.050395146012306213e-02,1.854850910604000092e-02,-3.786643594503402710e-02,2.337112091481685638e-02,-1.427548192441463470e-02,-4.611365147866308689e-04,3.808626905083656311e-02,7.089652121067047119e-03,7.543059997260570526e-03,1.187104545533657074e-02,-2.249178476631641388e-02
-1.738643087446689606e-02,-1.483077090233564377e-02,-5.541676189750432968e-03,2.015395835041999817e-02,-1.288423221558332443e-02,2.461643144488334656e-02,-4.642561078071594238e-02,6.865852512419223785e-03,1.063313335180282593e-02,1.349997427314519882e-02,2.052472718060016632e-02,2.361998893320560455e-03,-1.970373839139938354e-02,-1.602252945303916931e-03,9.500962682068347931e-03,3.029714524745941162e-02,-7.779533974826335907e-03,8.759424090385437012e-03,1.054706145077943802e-02,-2.631137706339359283e-02,1.600928790867328644e-02,1.467186957597732544e-02,1.017629262059926987e-02,-1.713483780622482300e-02,2.022678731009364128e-03,-1.056030299514532089e-02,9.889939101412892342e-04,-2.934373915195465088e-02,-3.800384933128952980e-03,-3.058846574276685715e-03,-1.269222702831029892e-02,-2.380868420004844666e-02,-1.332783140242099762e-02,-6.918819621205329895e-03,-1.476456224918365479e-02,-3.530253097414970398e-02,-1.452621072530746460e-02,3.180670738220214844e-02,1.520153973251581192e-02,2.072335407137870789e-02,2.706615626811981201e-02,-6.529842503368854523e-04,2.775472775101661682e-02,9.527445770800113678e-03,-2.849626727402210236e-02,1.763802394270896912e-02,-1.673758402466773987e-02,-2.110736444592475891e-02,-1.140115503221750259e-02,3.151538968086242676e-02,2.556983754038810730e-02,-7.170412689447402954e-03,7.030546548776328564e-04,-2.564928866922855377e-02,-2.211373858153820038e-02,2.971450798213481903e-02,-1.301002874970436096e-02,1.746588014066219330e-02,5.722923087887465954e-04,-1.890923269093036652e-02,-3.305474296212196350e-03,2.017713151872158051e-03,-1.880329917185008526e-03,1.541009754873812199e-03,1.332783140242099762e-02,-2.051148563623428345e-02,-1.483077090233564377e-02,-4.462473094463348389e-03,1.086486410349607468e-02,-4.435989633202552795e-02,9.163297712802886963e-03,1.979643106460571289e-02,7.210138253867626190e-03,-1.648599095642566681e-02,6.531497929245233536e-03,-3.686505928635597229e-02,-2.535796910524368286e-02,-2.423242107033729553e-02,-3.114461898803710938e-02,2.633786015212535858e-02,1.839280501008033752e-02,-3.779198229312896729e-02,-9.282473474740982056e-03,1.603577099740505219e-02,-1.446248497813940048e-04,-7.978159934282302856e-03,-8.898462168872356415e-03,2.175621129572391510e-02,-8.547555655241012573e-03,-2.011423371732234955e-02,4.629319161176681519e-02,5.525124259293079376e-03,5.723750684410333633e-03,2.166351862251758575e-02,-1.694945245981216431e-02,1.181827019900083542e-02,-1.820741966366767883e-02,3.265418112277984619e-02,-1.779692433774471283e-02,-2.807253040373325348e-02,3.090295707806944847e-03,-1.363901235163211823e-02,2.093522250652313232e-02,8.673352189362049103e-03,-1.397005654871463776e-02,-1.329472661018371582e-02,1.467186957597732544e-02,1.166599057614803314e-02,3.429615870118141174e-02,-8.653489872813224792e-03,1.056030299514532089e-02,3.686505928635597229e-02,-4.058599472045898438e-03,-2.559632062911987305e-02,-2.669869689270853996e-03,-1.901516690850257874e-02,-1.623439788818359375e-02,4.992143251001834869e-03,-1.081189699470996857e-02,-4.068530630320310593e-03,9.269231930375099182e-03,8.011264726519584656e-03,2.286851964890956879e-02,-1.692296937108039856e-02,-2.232477854704484344e-04,2.081604674458503723e-02,-2.461643144488334656e-02,1.025408739224076271e-03,-5.210632458329200745e-03,-7.018132600933313370e-03,3.450802713632583618e-02,6.028310861438512802e-03,2.076307870447635651e-02,-2.138544246554374695e-02,2.194159664213657379e-02,3.217747434973716736e-02,-1.148060522973537445e-02,-7.362418342381715775e-03,1.608873833902180195e-03,-1.521974802017211914e-03,7.011511828750371933e-03,2.093522250652313232e-02,-9.560550563037395477e-03,-1.765912747941911221e-04,9.110330604016780853e-03,-1.704214513301849365e-02,6.144176702946424484e-03,1.777044124901294708e-02,-2.612599171698093414e-02,-3.143593668937683105e-02,1.669785939157009125e-02,-1.328810583800077438e-02,3.908967599272727966e-02,-1.894895732402801514e-02,3.898373991250991821e-02,2.804604731500148773e-02,-3.538198024034500122e-02,2.982044219970703125e-02,1.037491858005523682e-02,-2.100143022835254669e-02,-8.847150602377951145e-04,9.520824998617172241e-03,1.494994666427373886e-02,2.486802451312541962e-02,8.183407597243785858e-03,3.466692566871643066e-02,1.134156715124845505e-02,-1.299678720533847809e-02,-1.475132070481777191e-02,4.644547123461961746e-03,8.772665634751319885e-03,2.449725568294525146e-02,1.052057836204767227e-02,1.378467213362455368e-02,-1.910123857669532299e-03,2.706615626811981201e-02,5.379464942961931229e-03,4.479025024920701981e-03,-3.779198229312896729e-02,-5.680714733898639679e-03,-2.138544246554374695e-02,1.351321581751108170e-02,2.455022186040878296e-02,2.272285893559455872e-02,3.863283433020114899e-03,6.164039019495248795e-03,5.746923852711915970e-03,1.202517305500805378e-03,2.306714467704296112e-02,-2.410000190138816833e-02,2.748989313840866089e-02,-4.214189946651458740e-03,1.036167703568935394e-02,-1.297692488878965378e-02,-6.000106334686279297e-01,-1.079203444533050060e-03,-1.537368260324001312e-02,5.773407407104969025e-03,-2.785735297948122025e-03,1.978318952023983002e-02,-5.521813873201608658e-03,2.400731109082698822e-02,-1.908137649297714233e-02,9.553929790854454041e-03,1.153357233852148056e-02,3.458747640252113342e-02,1.132170436903834343e-03,-1.880329847335815430e-02,2.071011252701282501e-02,-1.014980860054492950e-02,-1.892247423529624939e-02,-9.507583454251289368e-03,-2.240505814552307129e-02,1.273743509955238551e-05,-1.922703534364700317e-02,2.133247442543506622e-02,1.112307794392108917e-02,-9.123572148382663727e-03,-2.557314932346343994e-03,-3.035673405975103378e-03,1.067285798490047455e-02,3.893077373504638672e-03,-3.229334251955151558e-03,-1.495491247624158859e-03,-3.742121160030364990e-02,1.446000114083290100e-02,-1.800879370421171188e-03,1.290409453213214874e-02,4.340648651123046875e-02,-3.886456368491053581e-03,-2.235209010541439056e-02,1.872384734451770782e-02,1.855170540511608124e-02,3.654725849628448486e-02,-3.151538968086242676e-02,5.283461883664131165e-03,2.376895770430564880e-02,-2.448401413857936859e-02,-3.532239468768239021e-03,-1.395681500434875488e-02,8.780941716395318508e-04,-9.832006879150867462e-03,1.664489135146141052e-02,1.512208953499794006e-02,2.666890434920787811e-02,-2.204752899706363678e-02,7.713324856013059616e-03,1.181827019900083542e-02,1.195730920881032944e-02,1.232807803899049759e-02,2.500044181942939758e-02,-3.003231063485145569e-02,-7.961607770994305611e-04,1.999505795538425446e-03,3.615000285208225250e-03,2.623192593455314636e-02,-1.233469881117343903e-02,1.066789263859391212e-03,-1.816769503057003021e-02,5.588022526353597641e-03,-1.253332570195198059e-02,3.953989595174789429e-02,2.674835501238703728e-03,2.889351919293403625e-02,1.504263933748006821e-02,1.344700716435909271e-02,-1.342714391648769379e-02,-1.475132070481777191e-02,1.510884799063205719e-02,1.497146440669894218e-03,6.663915701210498810e-03,-1.121411565691232681e-03,-1.618142984807491302e-02,2.555659506469964981e-03,-6.150797475129365921e-03,-5.736992228776216507e-03,-2.534472756087779999e-02,2.668214496225118637e-03,2.735747583210468292e-02,-7.322693243622779846e-03,-1.258629281073808670e-02,-9.871731512248516083e-03,1.349335350096225739e-02,1.228173170238733292e-02,3.634863067418336868e-03,1.389060635119676590e-02,4.459824785590171814e-02,2.767527848482131958e-02,3.254824504256248474e-02,2.590088173747062683e-02,-1.611522212624549866e-02,-1.933296909555792809e-03,1.257967203855514526e-02,4.167844075709581375e-03,-1.624763943254947662e-02,-3.050901368260383606e-02,1.198379229754209518e-02,1.459241937845945358e-02,2.029299736022949219e-03,1.853846386075019836e-02,-3.384593874216079712e-02,1.792934350669384003e-02,8.137061260640621185e-03,-5.519165471196174622e-02,1.926675997674465179e-02,-1.156584912678226829e-04,8.276099339127540588e-03,1.279153954237699509e-02,-6.097830366343259811e-03,-3.416373953223228455e-02,4.823310766369104385e-03,1.677730865776538849e-02,8.170166052877902985e-03,-2.844329923391342163e-02,1.725401356816291809e-02,1.235621748492121696e-03,-3.535549854859709740e-03,-2.575522288680076599e-02,-2.949601970613002777e-03,3.241582587361335754e-02,-2.248450741171836853e-02,-3.159483894705772400e-02,-9.136814624071121216e-03,-1.285278354771435261e-03,1.098238397389650345e-03,-9.189780801534652710e-03,7.051236927509307861e-03,-8.534314110875129700e-03,3.517011553049087524e-02,-1.216586679220199585e-03,1.124887447804212570e-02,4.671030677855014801e-03,4.510143399238586426e-02,-1.095755584537982941e-02,1.494663651101291180e-03,-5.492019932717084885e-03,-1.986263878643512726e-02,4.952418152242898941e-03,-1.052719913423061371e-02,-6.054132431745529175e-02,4.174464847892522812e-03,-2.237857319414615631e-03,-1.432758383452892303e-02,3.511714562773704529e-02,8.991154842078685760e-03,-5.525124259293079376e-03,-8.295962586998939514e-03,-4.227431956678628922e-03,6.372596835717558861e-04,-2.762231044471263885e-02,-3.077385015785694122e-02,-1.332452055066823959e-03,2.094846405088901520e-02,-3.283956274390220642e-02,1.378467213362455368e-02,2.006126567721366882e-02,7.786154747009277344e-03,1.671110093593597412e-02,-9.626759216189384460e-03,-4.412816371768712997e-03,-3.114461898803710938e-02,2.121329866349697113e-02,-1.277167722582817078e-02,-7.448489777743816376e-03,-5.727061070501804352e-03,2.309362962841987610e-02,-1.106349006295204163e-02,4.210879653692245483e-02,-1.636681519448757172e-02,7.104204036295413971e-03,-1.253332570195198059e-02,1.751884818077087402e-02,-7.984780706465244293e-03,2.227263897657394409e-02,1.992884837090969086e-02,-1.265912223607301712e-02,-3.829516842961311340e-02,1.683027669787406921e-02,1.264588069170713425e-02,-1.918730884790420532e-02,8.766044862568378448e-03,3.350165113806724548e-02,-2.505340985953807831e-02,1.471159514039754868e-02,1.162626501172780991e-02,9.840282145887613297e-04,-4.525371361523866653e-03,1.104362774640321732e-02,7.322693243622779846e-03,-2.208063378930091858e-03,4.988832864910364151e-03,-5.439052823930978775e-03,4.776964895427227020e-03,-1.051395758986473083e-02,2.513285912573337555e-02,2.853599144145846367e-03,2.823143079876899719e-02,-9.898215532302856445e-03,3.551439940929412842e-02,-2.937022224068641663e-02,1.093107275664806366e-02,-7.931813597679138184e-03,1.800879370421171188e-03,-2.578170597553253174e-02,-7.177033927291631699e-03,-5.217253416776657104e-02,-3.475961973890662193e-03,5.399327725172042847e-03,1.812796853482723236e-02,2.547714486718177795e-02,2.602005749940872192e-02,-7.852363400161266327e-03,1.510884799063205719e-02,-4.018873907625675201e-03,8.342308923602104187e-03,-9.335440699942409992e-04,-1.244725380092859268e-02,-1.339072943665087223e-03,-3.064143098890781403e-02,1.215593516826629639e-02,1.032857224345207214e-02,1.070596277713775635e-02,-3.257472813129425049e-02,1.581562682986259460e-03,-9.461237117648124695e-03,2.217994816601276398e-02,7.998023182153701782e-03,2.225939743220806122e-02,1.352645736187696457e-02,-1.533395797014236450e-02,-2.966154133901000023e-03,-3.315736725926399231e-02,1.281140279024839401e-02,-6.084588356316089630e-03,-1.545313373208045959e-02,2.568901330232620239e-02,2.280231006443500519e-02,-1.446000114083290100e-02,1.065961644053459167e-02,1.135480869561433792e-02,3.072088211774826050e-02,-3.453202662058174610e-04,1.574445143342018127e-02,3.273363038897514343e-02,-7.216759026050567627e-03,2.051148563623428345e-02,-2.461643144488334656e-02,2.252423390746116638e-02,-2.849626727402210236e-02,-2.907890453934669495e-02,-1.029546838253736496e-02,-3.240920603275299072e-03,2.507989294826984406e-02,2.331873960793018341e-02,1.040140260010957718e-02,1.626088097691535950e-02,-2.871806733310222626e-03,-1.477780379354953766e-02,2.931725606322288513e-02,-1.910785958170890808e-02,1.299678720533847809e-02,-1.697593554854393005e-02,-3.191263973712921143e-02,-1.381115522235631943e-02,-1.622115634381771088e-02,-1.730697974562644958e-02,1.291733700782060623e-02,1.328148506581783295e-02,6.508324760943651199e-03,1.252670492976903915e-02,2.104115672409534454e-02,1.193744596093893051e-02,2.416621195152401924e-03,-1.505588088184595108e-02,8.600522764027118683e-03,-3.617648780345916748e-02,1.542664971202611923e-02,2.712905406951904297e-03,5.776717793196439743e-03,-1.355956215411424637e-02,-2.117357403039932251e-02,-1.023588050156831741e-02,-3.678561002016067505e-02,-2.684104628860950470e-02,2.469588071107864380e-03,3.840110450983047485e-02,7.701945287408307195e-05,-5.607057828456163406e-04,2.558970125392079353e-03,1.185799576342105865e-02,2.302742004394531250e-02,-1.378467213362455368e-02,-7.978159934282302856e-03,1.126873772591352463e-02,-7.329314015805721283e-03,-1.030208915472030640e-02,7.468352559953927994e-03,-8.607143536210060120e-03,3.522308170795440674e-02,2.371599152684211731e-02,-6.571223028004169464e-03,-3.058846574276685715e-03,4.359849262982606888e-03,1.089134719222784042e-02,-1.570472680032253265e-02,1.962428726255893707e-02,-5.217253230512142181e-03,1.670944504439830780e-03,1.102376449853181839e-02,-6.319629959762096405e-03,-3.479934483766555786e-02,-4.869657102972269058e-03,1.664489135146141052e-02,2.572873979806900024e-02,-3.178022336214780807e-03,-2.281555160880088806e-02,6.186384707689285278e-04,9.229506365954875946e-03,6.366638094186782837e-02,6.756607908755540848e-03,-5.048420862294733524e-04,3.003231063485145569e-02,1.843915088102221489e-03,2.778121270239353180e-02,-3.765956312417984009e-02,-3.199209272861480713e-02,1.205662172287702560e-02,-6.551360711455345154e-03,4.058599472045898438e-03,6.612603901885449886e-04,5.223874002695083618e-03,-1.867088116705417633e-02,1.116280350834131241e-02,1.608873717486858368e-02,-5.448983982205390930e-03,-1.021270756609737873e-03,-1.475132070481777191e-02,-8.069197065196931362e-04,-8.858737535774707794e-03,2.602005843073129654e-03,-1.592983677983283997e-02,4.406195599585771561e-03,-7.468352559953927994e-03,-1.365225389599800110e-02,1.551934238523244858e-02,3.352813422679901123e-02,1.242739148437976837e-02,-1.205662172287702560e-02,6.640742532908916473e-03,3.127703815698623657e-02,5.564849358052015305e-03,7.481594104319810867e-03,-2.014071680605411530e-02,3.861297294497489929e-02,2.969464519992470741e-03,3.519659861922264099e-02,1.704214513301849365e-02,-1.718780398368835449e-02,-2.273610047996044159e-02,2.595384977757930756e-02,1.957132108509540558e-02,-1.696269400417804718e-02,1.283788587898015976e-02,4.750481341034173965e-03,-7.501456886529922485e-03,3.358110412955284119e-02,-7.878847420215606689e-03,-1.833983696997165680e-02,3.988417983055114746e-02,-4.998764488846063614e-03,-4.467769712209701538e-02,3.594930967665277421e-05,8.819011971354484558e-03,1.436730939894914627e-02,-1.536044105887413025e-02,2.560625318437814713e-03,-3.204505890607833862e-02,1.316893007606267929e-02,-2.937022224068641663e-02,8.470588363707065582e-04,3.368703648447990417e-02,3.136641811579465866e-03,-2.650007139891386032e-03,-2.027644542977213860e-03,-2.554335445165634155e-02,-6.607638206332921982e-03,5.511882482096552849e-04,-6.038242485374212265e-03,-1.277167722582817078e-02,1.404950674623250961e-02,-2.481505833566188812e-02,2.778121270239353180e-02,3.215099126100540161e-02,2.241829968988895416e-02,-1.044112723320722580e-02,1.615494722500443459e-03,2.549038827419281006e-02,3.887697821483016014e-04,1.933296956121921539e-02,-2.609950862824916840e-02,9.242747910320758820e-03,-1.855170540511608124e-02,-4.240011423826217651e-02,1.672434248030185699e-02,-8.362171240150928497e-03,-2.515934407711029053e-02,-7.263105362653732300e-03,6.306387949734926224e-03,1.131508406251668930e-02,8.103956468403339386e-03,6.763228680938482285e-03,-2.184890396893024445e-02,-4.522060975432395935e-03,-1.599604636430740356e-02,1.124225370585918427e-02,-1.958456262946128845e-02,-2.452373877167701721e-02,9.732693433761596680e-04,-1.702890358865261078e-02,1.296037225984036922e-03,5.379464942961931229e-03,-2.807253040373325348e-02,1.586362719535827637e-02,-1.407599076628684998e-02,-2.452373877167701721e-02,2.717209048569202423e-02,-1.803527586162090302e-02,-3.103868477046489716e-02,2.676159702241420746e-02,-2.752630738541483879e-03,2.733099274337291718e-02,-1.696269400417804718e-02,-1.001739129424095154e-02,3.821571916341781616e-02,-2.184890396893024445e-02,3.143593668937683105e-02,8.289341814815998077e-03,-2.560956403613090515e-02,-8.190028369426727295e-03,-4.838538914918899536e-02,1.698917709290981293e-02,-7.282967679202556610e-03,-2.566253021359443665e-02,3.615000285208225250e-03,-3.863283433020114899e-03,-2.971450798213481903e-02,1.252008415758609772e-02,2.849626727402210236e-02,-1.832659542560577393e-02,-3.883145982399582863e-03,5.439052823930978775e-03,9.451305959373712540e-04,-1.446000114083290100e-02,-2.298769541084766388e-02,-8.858737535774707794e-03,7.633874658495187759e-03,-2.082928828895092010e-02,-1.141439657658338547e-02,-2.391461841762065887e-02,3.568654181435704231e-03,-1.147398445755243301e-02,-4.523384943604469299e-02,-2.023340947926044464e-02,-5.164286121726036072e-02,-2.626833971589803696e-03,2.313335426151752472e-02,1.171895768493413925e-02,7.375660352408885956e-03,-3.405780717730522156e-02,1.668461784720420837e-02,-1.386412233114242554e-02,-8.375412784516811371e-03,-2.792356070131063461e-03,-1.108997408300638199e-02,-1.692296937108039856e-02,-2.010099031031131744e-02,1.532071549445390701e-02,8.732940070331096649e-03,3.424318879842758179e-02,-1.497642975300550461e-02,-3.168090945109724998e-03,-9.414890781044960022e-03,-9.825386106967926025e-03,-2.036582678556442261e-02,9.315578266978263855e-03,-3.726231306791305542e-02,-2.297445386648178101e-02,4.561786074191331863e-03,1.543989218771457672e-02,-3.975838422775268555e-03,2.801956422626972198e-02,6.706951186060905457e-03,-9.209644049406051636e-03,-3.131676232442259789e-03,8.880255045369267464e-04,-1.036829780787229538e-02,-2.037906832993030548e-02,-2.014071680605411530e-02,5.204011686146259308e-03,-8.944808505475521088e-03,-2.282548230141401291e-03,6.726813968271017075e-03,3.184643108397722244e-03,5.673266132362186909e-04,2.666890434920787811e-02,-2.903255866840481758e-03,5.690646357834339142e-03,-6.985028274357318878e-03,1.812796853482723236e-02,-7.024753373116254807e-03,-1.273691770620644093e-03,-8.805770426988601685e-03,-1.849873736500740051e-02,-1.274519413709640503e-02,1.268560532480478287e-02,1.886950805783271790e-02,1.030208915472030640e-02,2.029961720108985901e-02,2.942319028079509735e-02,1.525450684130191803e-02,-1.683027669787406921e-02,-1.398329809308052063e-02,-1.614170521497726440e-02,7.388901896774768829e-03,-1.504263933748006821e-02,6.759918294847011566e-03,-9.255990386009216309e-03,-9.911457076668739319e-03,-8.964671753346920013e-03,-6.591085810214281082e-03,-3.389890491962432861e-02,-5.905824899673461914e-02,3.395187109708786011e-02,4.924279637634754181e-04,-2.947615645825862885e-02,2.421917766332626343e-02,-2.023340947926044464e-02,-2.470912411808967590e-02,2.521231025457382202e-02,-1.181164942681789398e-02,2.392785996198654175e-02,-2.174959052354097366e-03,2.772824466228485107e-02,4.751143231987953186e-02,1.164612732827663422e-02,-3.183319047093391418e-02,2.088225446641445160e-02,4.568407312035560608e-03,8.143682032823562622e-03,7.455110549926757812e-03,1.024250127375125885e-02,1.379791367799043655e-02,-1.630060561001300812e-02,-9.414890781044960022e-03,2.521231025457382202e-02,-8.772665634751319885e-03,-4.020198062062263489e-02,3.487879410386085510e-02,2.383516635745763779e-03,-1.958456262946128845e-02,3.543495014309883118e-02,-1.281802356243133545e-02,6.600189371965825558e-04,1.706862822175025940e-02,1.893571577966213226e-03,-9.242747910320758820e-03,-1.570472680032253265e-02,-4.401560872793197632e-02,-1.688324287533760071e-02,1.004387438297271729e-02,-2.175621129572391510e-02,3.288922132924199104e-03,2.043203450739383698e-02,4.869657102972269058e-03,1.782340928912162781e-02,-7.137308362871408463e-03,-1.301002874970436096e-02,-2.335515338927507401e-03,-2.546390332281589508e-02,6.528187543153762817e-03,-6.180591415613889694e-03,-2.278906852006912231e-02,5.088146310299634933e-03,1.969711855053901672e-03,-2.243154123425483704e-02,-8.507831022143363953e-03,-1.844577118754386902e-02,1.419516652822494507e-02,-2.260368317365646362e-02,-1.915089436806738377e-03,5.985275376588106155e-03,-1.577093638479709625e-02,1.516181509941816330e-02,-8.819011971354484558e-03,9.726072661578655243e-03,1.831335388123989105e-02,-4.213527962565422058e-02,-1.696269400417804718e-02,2.921132184565067291e-02,1.810148544609546661e-02,9.302335791289806366e-03,-1.351321581751108170e-02,-1.827362924814224243e-02,-2.873461879789829254e-02,3.095923364162445068e-02,-1.304313307628035545e-03,-1.172723365016281605e-03,-1.537368260324001312e-02,-1.095093507319688797e-02,-1.483077090233564377e-02,1.883640303276479244e-03,2.950264140963554382e-02,1.278491877019405365e-02,-1.026236359030008316e-02,7.402971386909484863e-04,4.491604864597320557e-02,-3.021769598126411438e-02,4.494253173470497131e-02,-4.853104706853628159e-03,-1.067947875708341599e-02,6.683778017759323120e-03,8.819011971354484558e-03,2.214022167026996613e-02,-9.169918484985828400e-03,-2.224615542218089104e-03,-4.110242053866386414e-02,-1.532071549445390701e-02,-3.389890491962432861e-02,1.425144379027187824e-03,9.997528977692127228e-03,2.913187071681022644e-02,-2.682780474424362183e-02,9.203022927977144718e-04,1.573120988905429840e-02,1.594307832419872284e-02,-1.645950786769390106e-02,-5.572132393717765808e-02,6.499055773019790649e-02,-1.775719970464706421e-02,-1.342714391648769379e-02,1.916082575917243958e-02,-1.574445143342018127e-02,1.397005654871463776e-02,8.156923577189445496e-03,1.302989106625318527e-02,-6.215351168066263199e-04,5.531745031476020813e-03,-8.560797199606895447e-03,-1.510884799063205719e-02,2.411324344575405121e-02,-4.123483970761299133e-02,-1.912110112607479095e-02,4.829104291275143623e-04,-1.696269400417804718e-02,7.223379798233509064e-03,1.533395797014236450e-02,-9.335440699942409992e-04,-2.522555179893970490e-03,1.513533107936382294e-02,-6.925440393388271332e-03,-5.876030772924423218e-03,-1.354631967842578888e-02,6.521566770970821381e-03,-8.607143536210060120e-03,6.693709641695022583e-03,-1.959780417382717133e-02,-1.363073592074215412e-03,-4.237363114953041077e-02,-4.367132484912872314e-02,-3.461478627286851406e-04,1.565010519698262215e-03,-2.312011271715164185e-02,-2.439132146537303925e-02,-2.232560701668262482e-02,-6.250110268592834473e-02,-1.156005635857582092e-02,4.323434550315141678e-03,2.654972858726978302e-02,2.522555179893970490e-02,1.242077071219682693e-02,4.988832864910364151e-03,8.984534069895744324e-03,-1.074568834155797958e-02,4.293640609830617905e-03,-2.416621148586273193e-02,-1.177192479372024536e-02,2.241829968988895416e-02,-2.892000228166580200e-02,1.885626651346683502e-02,-1.565176062285900116e-02,-1.611522212624549866e-02,-1.761154085397720337e-02,2.308038622140884399e-02,1.080858637578785419e-03,5.736992228776216507e-03,1.111645717173814774e-02,-7.825052598491311073e-04,-4.242659732699394226e-02,-2.472236566245555878e-02,-2.783417887985706329e-02,2.012747526168823242e-02,-4.922624211758375168e-03,-3.232644638046622276e-03,-1.009684149175882339e-02,-1.151371002197265625e-02,-8.382033556699752808e-03,1.867088139988481998e-03,-5.135154351592063904e-02,-1.596956141293048859e-02,3.167428821325302124e-02,-3.416374092921614647e-03,-6.799643393605947495e-03,7.137308362871408463e-03,-1.397005654871463776e-02,1.233469881117343903e-02,-1.790285855531692505e-02,4.772330075502395630e-02,1.016305014491081238e-02,1.040802337229251862e-02,3.328647231683135033e-03,-7.071099709719419479e-03,-2.244478277862071991e-02,4.200948402285575867e-03,-7.170412689447402954e-03,-7.839121855795383453e-03,7.825880311429500580e-03,-1.799555122852325439e-02,-3.035011328756809235e-02,5.915756337344646454e-03,4.654478747397661209e-03,3.445505723357200623e-02,-7.037995383143424988e-03,-9.401649585925042629e-04,-1.501615531742572784e-02,-1.774395816028118134e-02,1.747912261635065079e-03,1.955807954072952271e-02,2.448401413857936859e-02,3.906318917870521545e-03,6.898956838995218277e-03,2.304066158831119537e-02,1.487049646675586700e-02,-1.272533088922500610e-02,-2.778121270239353180e-02,2.057438483461737633e-03,1.035505626350641251e-02,-1.386412233114242554e-02,2.189856022596359253e-03,-1.047423202544450760e-02,-2.640406787395477295e-02,-7.839121855795383453e-03,-1.122901216149330139e-02,-1.747912354767322540e-02,1.902840845286846161e-02,1.987323313951492310e-01,-8.971292525529861450e-03,-2.020692452788352966e-02,3.069439902901649475e-02,2.049824409186840057e-02,-8.726319298148155212e-03,4.420099407434463501e-02,7.474973332136869431e-03,-2.138544246554374695e-02,3.179677529260516167e-03,-2.167676016688346863e-02,-6.517428555525839329e-04,-3.032363019883632660e-02,1.716132089495658875e-02,1.002401206642389297e-02,-5.752220377326011658e-02,-3.474637866020202637e-02,-3.400483727455139160e-02,-1.497642975300550461e-02,-7.170412689447402954e-03,1.434082537889480591e-02,-1.390384789556264877e-02,-9.706209413707256317e-03,-3.836799878627061844e-03,3.045604750514030457e-02,-1.108997408300638199e-02,1.351983658969402313e-02,1.282464433461427689e-02,1.419516652822494507e-02,-3.383269533514976501e-03,-4.327407106757164001e-02,-2.556983754038810730e-02,-1.513533107936382294e-02,2.584791556000709534e-02,-2.364978194236755371e-02,-3.518997691571712494e-03,3.381945565342903137e-02,-4.151291679590940475e-03,-5.607885308563709259e-03,-3.272369969636201859e-03,1.561203505843877792e-02,-3.677898785099387169e-03,1.942566223442554474e-02,1.667137630283832550e-02,9.428133256733417511e-03,1.004387438297271729e-02,-7.388901896774768829e-03,-2.223291434347629547e-02,1.766450703144073486e-02,2.759251743555068970e-03,-4.279736801981925964e-02,-1.158653944730758667e-02,3.723582997918128967e-02,2.015395835041999817e-02,2.496071718633174896e-02,-1.827362924814224243e-02,-1.606225408613681793e-02,4.737239331007003784e-03,-6.912198383361101151e-03,5.008695647120475769e-03,6.064726039767265320e-03,1.575769390910863876e-03,-5.727061070501804352e-03,1.263925991952419281e-02,-1.142929424531757832e-03,2.559632062911987305e-02,-1.105686929076910019e-02,1.827362808398902416e-03,1.375818811357021332e-02,2.121991943567991257e-03,-1.460566092282533646e-02,-6.498393602669239044e-03,-3.558723023161292076e-03,-6.074657198041677475e-03,7.561044767498970032e-03,7.037995383143424988e-03,2.648351900279521942e-02,-4.085083026438951492e-03,-3.331957850605249405e-03,1.387736387550830841e-02,-2.505340985953807831e-02,-1.048085279762744904e-02,8.262857794761657715e-03,-6.627500522881746292e-03,-9.620138444006443024e-03,-1.815776340663433075e-03,3.588517010211944580e-02,3.336923569440841675e-02,-1.550610084086656570e-02,1.373170502483844757e-02,2.509313449263572693e-02,-4.171154275536537170e-02,-1.653895713388919830e-02,-8.527693338692188263e-03,-1.979643106460571289e-02,5.379464942961931229e-03,1.065961644053459167e-02,-5.376154556870460510e-03,-1.124225370585918427e-02,-3.472651587799191475e-03,-1.453945226967334747e-02,-1.484401244670152664e-02,-1.072582509368658066e-02,1.159481587819755077e-03,-6.561291869729757309e-03,-3.299846500158309937e-02,2.024665102362632751e-02,3.776549920439720154e-02,1.655219867825508118e-02,-1.938593573868274689e-02,-2.630144590511918068e-03,-3.436236642301082611e-03,-2.702974248677492142e-03,1.348011102527379990e-02,2.166682854294776917e-03,7.130687590688467026e-03,1.339900540187954903e-03,-9.255990386009216309e-03,1.921379379928112030e-02,6.157418247312307358e-03,8.852116763591766357e-03,-9.355302900075912476e-03,1.738643087446689606e-02,2.190187014639377594e-02,5.419190041720867157e-03,-5.495330318808555603e-03,-1.995533145964145660e-02,8.838874287903308868e-03,1.279485062696039677e-03,-4.104945436120033264e-02,-2.590419258922338486e-03,-8.315824903547763824e-03,1.586362719535827637e-02,-2.931725606322288513e-02,-1.120914984494447708e-02,6.978407502174377441e-03,1.087148487567901611e-02,-6.001827772706747055e-03,-2.297445200383663177e-03,4.959038924425840378e-03,-2.469588257372379303e-02,3.509066300466656685e-03,-7.792775519192218781e-03,-7.395522668957710266e-03,-3.939423710107803345e-03,-1.054044067859649658e-02,2.741044200956821442e-02,-1.519491896033287048e-03,-6.409011781215667725e-03,-1.636681519448757172e-02,1.228835340589284897e-02,-1.504263933748006821e-02,-2.929077297449111938e-02,-2.219318971037864685e-02,3.042956441640853882e-02,1.683027669787406921e-02,-2.609950862824916840e-02,4.078461788594722748e-03,7.124066818505525589e-03,8.746182546019554138e-03,-3.842758759856224060e-02,-4.266329342499375343e-04,3.286604583263397217e-02,-1.329472661018371582e-02,-1.310272142291069031e-02,2.482829950167797506e-05,-1.652571558952331543e-01,1.019615493714809418e-02,2.127950824797153473e-02,-3.715637698769569397e-02,4.226769506931304932e-02,8.445759885944426060e-04,6.329561024904251099e-02,2.447077259421348572e-02,-4.300261382013559341e-03,-9.176125604426488280e-05,8.130440488457679749e-03,1.852522231638431549e-02,-1.575769484043121338e-02,-5.038489587604999542e-03,1.427461672574281693e-02,6.743365898728370667e-03,-2.963505871593952179e-02,7.362418342381715775e-03,1.442027650773525238e-02,8.375412784516811371e-03,2.509313449263572693e-02,9.865110740065574646e-03,1.557230949401855469e-02,-2.346439845860004425e-02,-4.158740048296749592e-04,1.785982283763587475e-03,1.684351824223995209e-02,-7.210138253867626190e-03,-7.037995383143424988e-03,-2.596709132194519043e-02,1.288423221558332443e-02,2.350412309169769287e-02,3.151538968086242676e-02,-5.674093961715698242e-03,2.633786015212535858e-02,1.016305014491081238e-02,5.829684901982545853e-03,-2.919808030128479004e-03,-1.705538667738437653e-02,-5.303324665874242783e-03,2.706615626811981201e-02,3.720934316515922546e-02,9.012672817334532738e-04,-1.860467158257961273e-02,-2.584791556000709534e-02,4.552517086267471313e-02,2.441780455410480499e-02,1.682699235061591025e-06,1.638005673885345459e-02,-8.388654328882694244e-03,9.103709599003195763e-04,-9.123572148382663727e-03,6.382528226822614670e-03,8.507831022143363953e-03,-5.333118606358766556e-03,2.407351881265640259e-02,-9.898215532302856445e-03,9.686347097158432007e-03,-2.056445367634296417e-02,-9.070605039596557617e-03,-8.819011971354484558e-03,-3.368703648447990417e-02,1.345362793654203415e-02,-3.634863067418336868e-03,-2.995948074385523796e-03,-3.952665254473686218e-03,-2.181579824537038803e-03,-2.677483856678009033e-02,-9.878352284431457520e-03,1.336093526333570480e-02,-1.812796853482723236e-02,-8.699836209416389465e-03,1.100390218198299408e-02,-8.329066447913646698e-03,2.661593630909919739e-02,-9.434754028916358948e-04,-2.902593649923801422e-02,1.455765916034579277e-03,1.096417661756277084e-02,1.538526965305209160e-03,-1.244063302874565125e-02,3.479934483766555786e-02,8.488175080856308341e-05,-8.190028369426727295e-03,8.865358307957649231e-03,-2.114709094166755676e-02,4.909382201731204987e-03,-1.643302291631698608e-02,1.110321562737226486e-02,9.956147987395524979e-04,2.100143022835254669e-02,-4.568407312035560608e-03,5.435742437839508057e-03,-1.718780398368835449e-02,8.249616250395774841e-03,1.472483668476343155e-02,1.048085279762744904e-02,-1.320865564048290253e-02,2.849626727402210236e-02,-1.034181471914052963e-02,-9.838627651333808899e-03,-2.838702173903584480e-03,-2.709263935685157776e-02,2.517258562147617340e-02,2.261692471802234650e-02,-1.146736368536949158e-02,1.520153973251581192e-02,6.839368958026170731e-03,4.224121198058128357e-02,-7.223379798233509064e-03,-2.697346359491348267e-02,8.011264726519584656e-03,2.390137687325477600e-02,1.106349006295204163e-02,1.569148525595664978e-02,1.132170483469963074e-02,-1.139453426003456116e-02,-1.520153973251581192e-02,2.596709132194519043e-02,-2.281555160880088806e-02,1.456593535840511322e-02,7.541181985288858414e-03,-1.582390256226062775e-02,7.561044767498970032e-03,-5.902514327317476273e-03,-3.090626746416091919e-02,-1.103833094239234924e-01,-3.665319085121154785e-02,2.176614216296002269e-04,1.684351824223995209e-02,1.088472642004489899e-02,2.571549639105796814e-02,-1.099066110327839851e-03,-1.026898436248302460e-02,-3.138297051191329956e-02,3.532901406288146973e-02,6.905577611178159714e-03,-6.872473284602165222e-03,2.163703553378582001e-02,-8.269478566944599152e-03,1.618142984807491302e-02,-2.280231006443500519e-02,3.681209171190857887e-03,-4.194989427924156189e-02,-5.743613466620445251e-03,2.215346321463584900e-02,1.521147089079022408e-03,8.852116763591766357e-03,-6.173970643430948257e-03,-4.308868572115898132e-02,1.122239138931035995e-02,1.246711704879999161e-02,-5.081525072455406189e-03,1.690972782671451569e-02,3.908967599272727966e-02,-1.291071530431509018e-02,1.415213104337453842e-03,-1.235456205904483795e-02,1.590335369110107422e-02,-2.558970125392079353e-03,-1.664489135146141052e-02,-3.929492086172103882e-03,-4.917989671230316162e-02,-1.920055225491523743e-02,-1.337417680770158768e-02,-7.293313046830007806e-06,1.669785939157009125e-02,2.276258543133735657e-02,-1.608873717486858368e-02,-1.011008396744728088e-02,-6.160728633403778076e-03,-3.374000266194343567e-02,-2.331873960793018341e-02,6.779781077057123184e-03,1.390384789556264877e-02,-1.508236397057771683e-02,-1.946538686752319336e-02,-2.044527605175971985e-02,-2.204752899706363678e-02,-9.997528977692127228e-03,-1.384591450914740562e-03,-3.355130786076188087e-03,-2.102791517972946167e-02,2.182821335736662149e-04,-3.299846500158309937e-02,2.059093676507472992e-03,-1.600928790867328644e-02,4.700824618339538574e-03,-1.704876485746353865e-04,3.434912487864494324e-02,2.898290054872632027e-03,-2.741044200956821442e-02,-3.085329942405223846e-02,-1.701566204428672791e-02,2.053796872496604919e-02,-1.807500235736370087e-02,8.871979080140590668e-03,1.781016588211059570e-02,-6.289836019277572632e-03,1.612846367061138153e-02,-8.838874287903308868e-03,-1.741291373036801815e-03,-8.288514218293130398e-04,-1.561203505843877792e-02,2.780769579112529755e-02,-1.881654001772403717e-02,-2.165027707815170288e-02,-2.510637603700160980e-02,-6.299767177551984787e-03,-6.677157245576381683e-03,6.117692962288856506e-02,-3.509066300466656685e-03,1.024912204593420029e-02,1.232145726680755615e-02,1.105686929076910019e-02,-1.007697917520999908e-02,2.894979668781161308e-03,1.339404005557298660e-02,3.283956274390220642e-02,-2.689401432871818542e-02,-3.837461769580841064e-02,1.328148506581783295e-02,2.481174655258655548e-03,-5.104698240756988525e-03,-3.308784682303667068e-03,-6.682950770482420921e-04,-3.472651587799191475e-03,-1.259953435510396957e-02,-4.041384905576705933e-02,2.025989256799221039e-02,-3.171401331201195717e-03,-3.215099126100540161e-02,8.289341814815998077e-03,7.494836114346981049e-03,-2.098819008097052574e-03,-7.084341254085302353e-03,-1.256642956286668777e-02,3.624931676313281059e-03,7.627253420650959015e-03,-3.292232519015669823e-03,1.794258505105972290e-02,-7.435248233377933502e-03,-1.524126529693603516e-02,5.061662755906581879e-03,7.713324856013059616e-03,7.435248233377933502e-03,4.210879560559988022e-03,1.802203431725502014e-02,2.751637622714042664e-02,4.584959242492914200e-03,2.586115710437297821e-02,1.935945264995098114e-02,-1.575769484043121338e-02,1.370522100478410721e-02,7.316072005778551102e-03,2.755941124632954597e-03,-4.790206439793109894e-03,-1.064637489616870880e-02,3.605069126933813095e-03,-3.784494847059249878e-02,1.766450703144073486e-02,9.560550563037395477e-03,2.333198115229606628e-02,-2.419269457459449768e-02,-2.333198115229606628e-02,1.702890358865261078e-02,3.262769430875778198e-02,5.497978627681732178e-02,-1.183813344687223434e-02,-1.725401356816291809e-02,9.150056168437004089e-03,7.865604944527149200e-03,-5.554918199777603149e-03,-2.812549844384193420e-02,-3.479934483766555786e-02,3.077385015785694122e-02,5.286772735416889191e-03,-1.434082537889480591e-02,1.951835304498672485e-02,3.188615664839744568e-02,-2.331873960793018341e-02,-1.342714391648769379e-02,-1.122901216149330139e-02,-1.483077090233564377e-02,2.665566280484199524e-02,6.793022621423006058e-03,5.710508674383163452e-03,-2.833736501634120941e-02,3.379296883940696716e-02,5.819753278046846390e-03,-1.167261134833097458e-02,-3.283956274390220642e-02,-9.798902319744229317e-04,1.836632005870342255e-02,8.189200889319181442e-04,-1.790947979316115379e-03,-6.793022621423006058e-03,-2.077632024884223938e-02,-7.057857699692249298e-03,1.487049646675586700e-02,2.102791517972946167e-02,7.435248233377933502e-03,-7.302830461412668228e-03,-5.842926446348428726e-03,-1.672599813900887966e-03,-2.007450722157955170e-02,-2.596709132194519043e-02,4.042047075927257538e-03,1.711497432552278042e-03,-8.752803318202495575e-03,-3.011176176369190216e-02,2.507989294826984406e-02,-8.401896804571151733e-03,1.274519413709640503e-02,2.434828551486134529e-03,-1.110321562737226486e-02,2.315983735024929047e-02,-4.085083026438951492e-03,-2.445752918720245361e-02,-2.410000190138816833e-02,9.011017158627510071e-03,9.153366554528474808e-04,1.875364221632480621e-03,6.693709641695022583e-03,-2.641731128096580505e-02,2.398082613945007324e-02,4.730618558824062347e-03,4.541923478245735168e-02,3.328978270292282104e-02,4.829932004213333130e-03,-1.165274810045957565e-02,-7.892088964581489563e-03,-1.880329847335815430e-02,1.273857243359088898e-02,-9.838627651333808899e-03,-1.315568853169679642e-02,-3.720106906257569790e-04,1.239428669214248657e-02,2.592736482620239258e-02,-1.371846348047256470e-02,-1.033519301563501358e-02,-4.541923757642507553e-03,8.050990290939807892e-03,3.440209105610847473e-02,2.078956179320812225e-02,-2.204752899706363678e-02,-1.210958883166313171e-02,5.482088401913642883e-02,4.303571768105030060e-03,2.502692490816116333e-02,1.545313373208045959e-02,-1.323513872921466827e-02,2.631137706339359283e-02,-2.624516747891902924e-02,-1.061327010393142700e-02,-2.149137668311595917e-02,6.263352464884519577e-03,-1.487049646675586700e-02,6.095347343944013119e-04,-2.876772312447428703e-03,-3.739472851157188416e-02,-3.315736725926399231e-02,8.991154842078685760e-03,-7.666978985071182251e-03,-7.322693243622779846e-03,2.862868458032608032e-02,-1.538692507892847061e-02,6.160066649317741394e-02,1.443351805210113525e-02,-9.103709831833839417e-03,-9.196402505040168762e-03,1.637840177863836288e-03,2.153110131621360779e-02,6.104451138526201248e-03,1.226849015802145004e-02,-5.028558429330587387e-03,-1.616818830370903015e-02,4.616077244281768799e-02,8.458173833787441254e-04,2.312011271715164185e-02,-8.574039675295352936e-03,-3.461395949125289917e-02,-1.872384734451770782e-02,-3.528928849846124649e-03,-7.535388576798141003e-04,-1.518829818814992905e-02,-5.975344218313694000e-03,2.510637603700160980e-02,1.954483799636363983e-02,1.890923269093036652e-02,2.243154123425483704e-02,-4.557813704013824463e-02,-2.892000228166580200e-02,1.447324361652135849e-02,1.833983696997165680e-02,-1.457917783409357071e-02,-3.331626579165458679e-02,8.004643954336643219e-03,1.168585289269685745e-02,-2.926428802311420441e-02,-2.189856022596359253e-03,1.233469881117343903e-02,-4.654478747397661209e-03,-1.032857224345207214e-02,-3.180670738220214844e-02,7.349176448769867420e-04,-2.532486396376043558e-04,-1.203013863414525986e-02,4.499549791216850281e-02,-2.428207779303193092e-03,-8.759424090385437012e-03,2.862868458032608032e-02,3.697761334478855133e-03,-1.912110112607479095e-02,2.270961739122867584e-02,-9.845248423516750336e-03
-2.737427828833460808e-03,-2.721581980586051941e-02,-6.836293265223503113e-03,-8.931808173656463623e-03,-1.337507553398609161e-02,2.703472599387168884e-02,-4.263466969132423401e-02,1.386661548167467117e-02,5.128836724907159805e-03,-9.248722344636917114e-03,7.185545749962329865e-03,1.619496569037437439e-02,-5.384308751672506332e-04,-6.907437462359666824e-03,4.604957997798919678e-03,-4.068144131451845169e-03,2.687950246036052704e-02,-8.608425967395305634e-03,1.897604949772357941e-02,-1.906659640371799469e-02,4.152223467826843262e-03,1.351736299693584442e-02,6.402961444109678268e-03,-9.022355079650878906e-03,-1.042583212256431580e-02,4.753713961690664291e-03,9.300462901592254639e-03,-1.522482000291347504e-02,1.472034398466348648e-02,2.126235980540513992e-03,3.702722722664475441e-03,-2.430538274347782135e-02,-1.751436293125152588e-02,-3.638046327978372574e-03,-1.579397171735763550e-02,-2.458995953202247620e-02,-2.182180993258953094e-02,1.298701670020818710e-02,2.004967816174030304e-02,2.069644071161746979e-02,-3.942025359719991684e-03,-6.673794123344123363e-04,2.721581980586051941e-02,1.181637402623891830e-02,-2.274021506309509277e-02,-3.031705273315310478e-03,3.450484713539481163e-03,-2.153723500669002533e-02,-1.042583212256431580e-02,1.044523529708385468e-02,3.562374785542488098e-02,-2.567652240395545959e-02,-2.144668810069561005e-02,-3.821080550551414490e-02,1.156898681074380875e-03,1.181152416393160820e-03,-1.770839281380176544e-02,4.718141630291938782e-03,-9.410412982106208801e-03,-4.019637126475572586e-03,7.534798234701156616e-03,-8.217942668125033379e-04,1.430156407877802849e-03,7.463654037564992905e-03,-1.749496092088520527e-03,-1.989445462822914124e-02,-3.272624686360359192e-02,-1.436624093912541866e-03,5.031822249293327332e-03,-8.026338182389736176e-03,1.685466431081295013e-02,1.733326911926269531e-02,2.596109919250011444e-02,8.026338182389736176e-03,1.399596873670816422e-02,-2.076111733913421631e-02,-2.557303942739963531e-02,-3.958194330334663391e-02,-1.556275412440299988e-03,1.979097165167331696e-02,2.443473599851131439e-02,-4.116004705429077148e-02,-1.129896380007266998e-02,6.810422521084547043e-03,2.257205545902252197e-02,-1.003130618482828140e-02,8.488774765282869339e-04,2.669840864837169647e-02,1.374373096041381359e-03,-1.162234507501125336e-02,2.281782589852809906e-02,8.802454918622970581e-03,1.190692093223333359e-02,1.635018922388553619e-02,-1.058752369135618210e-02,3.421380417421460152e-03,7.366639561951160431e-03,2.804367803037166595e-02,-5.138538312166929245e-03,-1.931236684322357178e-02,-5.242020357400178909e-03,4.701972939074039459e-03,1.359497476369142532e-02,6.212166044861078262e-03,-2.936307527124881744e-02,-8.052209392189979553e-03,1.924122334457933903e-03,1.618202961981296539e-02,7.702956907451152802e-03,-1.367258653044700623e-02,-3.369639394804835320e-03,3.914214298129081726e-02,-7.716700201854109764e-04,-5.541472136974334717e-02,1.031588204205036163e-02,-3.314017504453659058e-02,6.991516798734664917e-03,-1.501785498112440109e-02,-3.919388726353645325e-02,-1.495317928493022919e-02,-3.728593233972787857e-03,1.028354465961456299e-02,3.456305712461471558e-02,-8.705440908670425415e-03,-2.073524706065654755e-02,3.414912894368171692e-02,-1.496611442416906357e-02,4.226601216942071915e-03,4.116651602089405060e-03,-2.144668810069561005e-02,3.518395125865936279e-02,3.408445278182625771e-03,1.747555844485759735e-02,-1.310343481600284576e-02,-1.840689778327941895e-02,3.668444231152534485e-02,-1.010891795158386230e-02,-9.397477842867374420e-03,-4.029338248074054718e-03,-7.696489337831735611e-03,1.285119634121656418e-02,3.420086950063705444e-02,-2.387851849198341370e-02,-5.613909568637609482e-03,-3.870881395414471626e-03,7.457186467945575714e-03,3.502872586250305176e-02,2.456408925354480743e-02,-1.106612849980592728e-02,-1.166761852800846100e-02,1.957107149064540863e-02,-1.821286790072917938e-02,4.721375554800033569e-02,6.509677506983280182e-03,1.081389095634222031e-02,1.548352558165788651e-02,1.548999221995472908e-03,2.990635856986045837e-02,3.738294821232557297e-03,8.220368064939975739e-03,-4.019637126475572586e-03,-3.922622185200452805e-03,3.047551028430461884e-02,-5.309930536895990372e-03,8.032806217670440674e-03,3.329540044069290161e-02,2.420190162956714630e-02,-8.524347096681594849e-03,1.688053482212126255e-03,-1.337507553398609161e-02,1.291587296873331070e-02,5.412119254469871521e-02,-8.983548730611801147e-03,5.562168546020984650e-03,-1.296114642173051834e-02,4.278989136219024658e-02,8.789519779384136200e-03,-7.431316189467906952e-03,-1.976510137319564819e-02,-1.120841689407825470e-02,-9.643248282372951508e-03,-3.023620694875717163e-03,3.174316510558128357e-02,1.068453770130872726e-02,4.546749405562877655e-03,2.787551842629909515e-03,9.074095636606216431e-03,2.389792120084166527e-03,1.393775921314954758e-03,-5.788535811007022858e-03,8.884917479008436203e-04,1.570342481136322021e-02,-3.605708247050642967e-03,-4.333317279815673828e-03,-6.440732479095458984e-01,-8.032806217670440674e-03,-5.571870133280754089e-03,-8.239770308136940002e-03,3.063073381781578064e-02,1.162881311029195786e-02,1.559994276612997055e-02,1.453925017267465591e-02,-1.010245084762573242e-02,-1.272184401750564575e-02,-7.140272296965122223e-03,4.064263775944709778e-02,-4.786052159033715725e-04,-3.761578351259231567e-02,7.709424477070569992e-03,-3.596006659790873528e-03,1.252296380698680878e-03,2.619393402710556984e-03,-3.539091348648071289e-02,1.321338396519422531e-02,-2.325762622058391571e-02,2.561184577643871307e-02,1.156413648277521133e-02,-1.017844537273049355e-03,-8.356188423931598663e-03,7.185545749962329865e-03,2.021783590316772461e-02,-3.851478453725576401e-03,-2.698298543691635132e-02,-1.223677117377519608e-02,-3.523569181561470032e-02,1.446163840591907501e-02,1.807058043777942657e-02,1.697108149528503418e-02,3.647747635841369629e-02,-1.052931416779756546e-02,-1.741088181734085083e-02,-7.217884063720703125e-03,7.715892046689987183e-03,4.079785943031311035e-02,-3.787448629736900330e-02,-8.200964890420436859e-03,1.180990692228078842e-02,2.874864963814616203e-03,1.102085504680871964e-02,1.100145187228918076e-02,2.918198145925998688e-02,1.764371618628501892e-02,8.239770308136940002e-03,2.059295959770679474e-02,-5.811172537505626678e-03,-2.106833038851618767e-03,-7.838777266442775726e-03,3.280385956168174744e-02,-1.118254568427801132e-02,1.962281391024589539e-02,1.896311342716217041e-02,-2.853521890938282013e-02,-2.303772605955600739e-02,3.606354817748069763e-02,1.968749053776264191e-02,2.161484584212303162e-02,-6.231569219380617142e-03,-9.596357704140245914e-04,-3.011332266032695770e-02,3.813319280743598938e-02,4.724609665572643280e-03,1.346562243998050690e-02,9.164642542600631714e-03,2.955710515379905701e-03,3.754463745281100273e-03,4.808689001947641373e-03,6.633371231146156788e-04,-1.174523029476404190e-02,2.647851034998893738e-02,9.649715386331081390e-03,1.274124626070261002e-02,-6.360922008752822876e-03,-2.589642256498336792e-02,9.779068641364574432e-03,-9.500959888100624084e-03,-1.029001176357269287e-02,-3.645160794258117676e-02,1.092384010553359985e-02,1.990738883614540100e-02,-3.495758399367332458e-03,-7.696489337831735611e-03,-3.774513304233551025e-02,1.905366219580173492e-02,4.908937029540538788e-03,7.612410001456737518e-03,1.538004260510206223e-02,2.457702346146106720e-02,2.504592761397361755e-03,3.585658594965934753e-02,1.402183901518583298e-02,-2.913024090230464935e-02,-1.482382602989673615e-02,3.526156023144721985e-02,-1.058105565607547760e-02,-2.151136286556720734e-02,-3.689787350594997406e-03,1.873027905821800232e-02,5.300229415297508240e-03,1.704869419336318970e-02,1.774719916284084320e-02,-1.160940993577241898e-02,5.005951970815658569e-03,1.290293782949447632e-02,-2.695711515843868256e-02,1.425467431545257568e-02,-5.824108142405748367e-03,1.111140195280313492e-02,1.593625918030738831e-02,1.004424132406711578e-02,-3.541678562760353088e-02,7.728827185928821564e-03,1.254075020551681519e-02,2.887153625488281250e-02,-3.316604718565940857e-02,2.152429893612861633e-02,1.606561243534088135e-02,1.113727223128080368e-02,-2.183474600315093994e-02,1.353029813617467880e-02,1.823873817920684814e-02,1.257955562323331833e-02,-3.029441647231578827e-02,-2.197703346610069275e-02,-1.310343481600284576e-02,-1.280592288821935654e-03,-1.766958646476268768e-02,8.517879061400890350e-03,-2.210315316915512085e-03,1.655715284869074821e-03,-2.667253836989402771e-02,3.052725084125995636e-02,-8.608425967395305634e-03,7.909920997917652130e-03,-2.734517306089401245e-02,7.483259105356410146e-05,1.654906896874308586e-03,9.701456874608993530e-03,-6.328583694994449615e-03,-1.447457354515790939e-02,-3.888344019651412964e-02,2.491657389327883720e-03,-9.287527762353420258e-03,-2.056708931922912598e-02,2.208051644265651703e-02,7.398977875709533691e-03,3.096381668001413345e-03,-3.549439832568168640e-02,-1.051799627020955086e-03,1.272831112146377563e-02,-2.276608534157276154e-02,-4.039039835333824158e-03,1.448750868439674377e-02,-2.819890156388282776e-03,-1.729446463286876678e-02,7.948727346956729889e-03,2.311533875763416290e-02,-5.174110177904367447e-03,-7.230819202959537506e-03,7.056192960590124130e-03,-1.871734485030174255e-02,4.714908078312873840e-03,2.342901891097426414e-03,-5.888784304261207581e-03,-1.186164747923612595e-02,7.528330665081739426e-03,1.695814728736877441e-02,5.497492384165525436e-03,4.297098517417907715e-02,7.961662486195564270e-03,1.163528021425008774e-02,-2.659492753446102142e-02,-4.847494419664144516e-03,-7.521863095462322235e-03,1.456512045115232468e-02,1.240492984652519226e-02,-1.838102750480175018e-02,-1.091090496629476547e-02,1.156413648277521133e-02,3.414912847802042961e-03,-1.202333904802799225e-02,-3.109317040070891380e-03,2.069644071161746979e-02,-1.270244084298610687e-02,-2.093897666782140732e-03,1.095617841929197311e-02,2.869044244289398193e-02,-9.112901985645294189e-03,1.393129210919141769e-02,1.603974215686321259e-02,4.646997898817062378e-03,-1.065866742283105850e-02,-4.300979431718587875e-03,9.261657483875751495e-03,-1.180343911983072758e-03,-5.659183021634817123e-03,-1.168217131635174155e-04,1.942878402769565582e-02,-2.371036075055599213e-02,3.021680377423763275e-02,-5.322866141796112061e-03,9.623845107853412628e-03,-2.389792120084166527e-03,1.477208454161882401e-02,1.880465773865580559e-03,3.676852211356163025e-03,-5.298288911581039429e-02,-3.295908123254776001e-02,6.373857147991657257e-03,1.131189893931150436e-02,1.658302359282970428e-02,8.873599581420421600e-03,-4.161925055086612701e-03,1.260542590171098709e-02,2.404344500973820686e-03,1.355616934597492218e-02,-1.332333404570817947e-02,8.608425967395305634e-03,-7.166951545514166355e-04,-3.857299312949180603e-02,1.368552166968584061e-02,2.299891971051692963e-02,2.967352233827114105e-02,-2.587055228650569916e-02,-2.380090765655040741e-03,8.181561715900897980e-03,1.597506552934646606e-02,5.455452483147382736e-03,1.703575812280178070e-02,1.571636088192462921e-02,5.287293810397386551e-03,-8.401461876928806305e-03,-1.730739884078502655e-02,1.465566735714673996e-02,-6.302712950855493546e-03,-7.774100638926029205e-03,1.663476414978504181e-02,1.913127303123474121e-02,-1.388925244100391865e-03,-2.152106491848826408e-03,1.274124626070261002e-02,2.056708931922912598e-02,4.498241934925317764e-03,-7.107933983206748962e-03,1.840689778327941895e-02,-7.799971383064985275e-03,1.682879403233528137e-02,-2.995809912681579590e-02,-1.340094581246376038e-02,-1.237905863672494888e-02,-2.755213715136051178e-02,-1.975216530263423920e-02,-8.770116604864597321e-03,1.065866742283105850e-02,3.774513304233551025e-02,-6.398919504135847092e-04,1.241139695048332214e-02,-3.334067296236753464e-03,3.537797834724187851e-03,1.250841189175844193e-02,-1.198453269898891449e-02,-2.260439563542604446e-03,-2.682776190340518951e-02,4.892767872661352158e-03,-1.305816136300563812e-02,-1.783774606883525848e-02,2.255588769912719727e-03,1.532830204814672470e-02,5.510427523404359818e-03,1.959694363176822662e-02,2.161484584212303162e-02,1.235318835824728012e-03,1.242433208972215652e-02,5.895251873880624771e-03,-2.417603135108947754e-02,-1.857505552470684052e-02,-3.050138056278228760e-02,1.116678104153834283e-04,1.880789175629615784e-02,2.140788128599524498e-03,-9.882550686597824097e-03,-2.160190977156162262e-02,-9.138772264122962952e-03,-2.773323096334934235e-02,-3.143272176384925842e-02,1.587158255279064178e-02,2.358100749552249908e-02,2.116211131215095520e-02,-1.205567736178636551e-02,-7.185545749962329865e-03,5.695563741028308868e-04,2.611632272601127625e-02,-2.473224699497222900e-02,-2.520357666071504354e-04,1.917007938027381897e-02,1.333626918494701385e-02,1.236612349748611450e-02,-1.140891294926404953e-02,-1.372756203636527061e-03,3.094117902219295502e-02,2.331583527848124504e-03,-2.726109465584158897e-03,3.183694789186120033e-03,1.693227514624595642e-02,1.574223116040229797e-02,1.018652971833944321e-02,-2.271757839480414987e-04,-2.643970400094985962e-02,9.099966846406459808e-03,1.238552667200565338e-02,-4.582321271300315857e-03,-1.448750868439674377e-02,5.849978420883417130e-03,3.249987959861755371e-03,-2.239419613033533096e-03,7.974597625434398651e-03,-6.538781803101301193e-03,-3.015536058228462934e-04,1.386661548167467117e-02,9.008125960826873779e-02,-6.592948338948190212e-04,1.113727223128080368e-02,2.016609534621238708e-02,1.929943077266216278e-02,9.643248282372951508e-03,-2.077405340969562531e-02,-2.290837280452251434e-02,7.546924753114581108e-04,4.168392624706029892e-03,-1.312930486164987087e-03,-5.494258366525173187e-03,1.217209454625844955e-02,-2.342578396201133728e-02,4.141875356435775757e-02,1.739794621244072914e-03,-1.283826120197772980e-02,-8.480690303258597851e-04,-1.601387187838554382e-02,-4.475605208426713943e-03,-2.011435478925704956e-02,2.047654241323471069e-02,-1.056812051683664322e-02,2.074494957923889160e-03,9.733795188367366791e-03,2.273374702781438828e-03,2.174419909715652466e-02,4.899882525205612183e-02,4.727843217551708221e-03,-6.907437462359666824e-03,2.727726241573691368e-03,1.229497976601123810e-02,9.649715386331081390e-03,2.173126442357897758e-03,-1.417706254869699478e-02,3.257102519273757935e-02,1.208154764026403427e-02,1.989445462822914124e-02,1.491437293589115143e-02,-2.061882987618446350e-02,-1.486263237893581390e-02,8.750714361667633057e-03,1.246960554271936417e-02,-1.867853850126266479e-02,1.583277806639671326e-02,6.344752851873636246e-03,-2.254618518054485321e-02,2.272727899253368378e-02,-1.085916440933942795e-02,-3.725359588861465454e-02,3.114814497530460358e-02,1.625802484340965748e-03,-2.794019505381584167e-02,-1.879495568573474884e-02,-9.694988839328289032e-03,1.144125126302242279e-02,5.526596680283546448e-03,-5.478089209645986557e-03,-2.835412509739398956e-02,2.059942577034235001e-03,-3.122252179309725761e-03,-2.302479185163974762e-02,1.424173824489116669e-02,3.524862695485353470e-03,1.209448324516415596e-03,1.870440877974033356e-02,-2.980287559330463409e-02,-1.197159755975008011e-02,-8.420864120125770569e-03,1.049697678536176682e-02,-1.516014337539672852e-02,1.409945078194141388e-02,-5.594506859779357910e-03,3.764165332540869713e-03,1.668650656938552856e-02,3.254838753491640091e-03,-5.436858045868575573e-04,-1.417706254869699478e-02,3.845010651275515556e-03,3.861179808154702187e-03,7.453952566720545292e-04,3.177227219566702843e-03,-8.110417984426021576e-03,-3.696901723742485046e-02,-2.306359633803367615e-02,2.345165424048900604e-02,3.563668578863143921e-03,-1.086563221178948879e-03,-1.239846181124448776e-02,9.822725405683740973e-05,1.085916440933942795e-02,6.212166044861078262e-03,4.874982114415615797e-04,-2.693124487996101379e-02,1.504372619092464447e-02,-1.384074520319700241e-02,1.705839531496167183e-03,-1.817406341433525085e-02,-8.291511796414852142e-03,2.373623102903366089e-02,-1.159000676125288010e-02,6.098982412368059158e-03,-1.429347973316907883e-02,-3.373520076274871826e-02,3.011332266032695770e-02,-2.910437062382698059e-02,-1.860092580318450928e-02,2.832825481891632080e-02,-3.757697530090808868e-03,-4.873365163803100586e-03,3.870234638452529907e-02,-1.138304267078638077e-02,3.272624686360359192e-02,2.360687823966145515e-03,-4.139288212172687054e-04,3.826254606246948242e-02,-1.318751368671655655e-02,3.660682961344718933e-02,2.186061628162860870e-02,-4.220133647322654724e-03,-8.472605608403682709e-03,-3.528743237257003784e-02,6.451468914747238159e-03,-2.136341645382344723e-04,-8.045741356909275055e-03,1.204274222254753113e-02,-1.596212945878505707e-02,-3.006158024072647095e-02,3.190162358805537224e-03,3.430435061454772949e-02,-4.495008382946252823e-03,1.265069935470819473e-02,-1.111786998808383942e-02,-2.116211131215095520e-02,-2.786258421838283539e-02,-1.972629502415657043e-02,-2.315414324402809143e-02,1.106612849980592728e-02,-2.532727085053920746e-02,-7.547733373939990997e-03,-7.411913014948368073e-03,-6.561418529599905014e-03,-6.238036789000034332e-03,-3.968542441725730896e-02,-3.845010651275515556e-03,-5.109433829784393311e-02,1.893724314868450165e-02,-1.517307851463556290e-02,2.359394356608390808e-02,2.253325097262859344e-02,-1.408651564270257950e-02,-1.228204462677240372e-02,-5.856445990502834320e-03,2.198996953666210175e-03,1.795416325330734253e-02,-1.918301358819007874e-02,-1.261836197227239609e-02,-1.328452862799167633e-02,1.889843866229057312e-02,1.574223116040229797e-02,3.438196331262588501e-02,-5.387542303651571274e-03,5.044757388532161713e-03,6.706940475851297379e-03,-3.983660717494785786e-04,-2.024370618164539337e-02,-8.893001824617385864e-03,-3.132923692464828491e-02,-1.728152856230735779e-02,-4.889534320682287216e-03,2.235215716063976288e-02,-1.104025822132825851e-02,5.594506859779357910e-03,-4.718141630291938782e-03,9.022355079650878906e-03,-2.074494957923889160e-03,1.430964912287890911e-03,-1.862679794430732727e-02,-3.629638254642486572e-02,-1.772132702171802521e-02,3.796503413468599319e-03,-1.196513045579195023e-02,-7.994000799953937531e-03,1.187458354979753494e-02,2.175713330507278442e-02,-1.878201961517333984e-02,2.134320512413978577e-02,2.205464616417884827e-02,1.904719392769038677e-03,-2.253971761092543602e-03,1.835515722632408142e-02,-2.008848264813423157e-02,3.210535272955894470e-02,1.076214946806430817e-02,-7.903453893959522247e-03,-6.111918017268180847e-03,6.360922008752822876e-03,1.647954061627388000e-02,-7.392510306090116501e-03,1.563874818384647369e-02,4.379884526133537292e-02,2.713820897042751312e-02,1.653289888054132462e-03,-8.213900029659271240e-03,-7.761165499687194824e-03,9.494492784142494202e-03,-1.163528021425008774e-02,7.521863095462322235e-03,7.437783759087324142e-03,-8.517879061400890350e-03,-1.080742292106151581e-02,-4.831325728446245193e-03,-8.492008782923221588e-03,-3.929736837744712830e-02,2.426657825708389282e-02,9.436283260583877563e-03,-3.583071380853652954e-02,1.437109149992465973e-02,5.002717953175306320e-03,-4.436799511313438416e-02,-1.594919525086879730e-02,-1.558700762689113617e-02,1.820640056394040585e-03,-6.260673515498638153e-03,2.765562012791633606e-02,3.259689360857009888e-02,5.513661541044712067e-03,-7.340768817812204361e-03,2.014022506773471832e-02,3.378694131970405579e-02,-1.537680858746170998e-03,7.934983004815876484e-04,1.690640486776828766e-02,8.731311187148094177e-03,-1.810938678681850433e-02,-1.751436293125152588e-02,1.136363949626684189e-02,-2.065763622522354126e-02,-5.003364756703376770e-02,1.986858434975147247e-02,-1.252781506627798080e-02,-2.868397394195199013e-03,2.325762622058391571e-02,9.507427923381328583e-03,5.976097658276557922e-03,9.649715386331081390e-03,-1.909246668219566345e-02,-9.688521735370159149e-03,9.190513752400875092e-03,-3.676205500960350037e-02,4.652657080441713333e-04,2.659492753446102142e-02,-2.264966815710067749e-02,4.300979198887944221e-04,1.580690778791904449e-02,-1.386661548167467117e-02,1.835515722632408142e-02,-1.226910948753356934e-02,-1.260542590171098709e-02,-3.334067296236753464e-03,-7.780568208545446396e-03,1.690640486776828766e-02,-1.585864834487438202e-02,-7.696489337831735611e-03,2.217106334865093231e-02,5.633312743157148361e-03,-2.637502737343311310e-02,-9.093498811125755310e-03,-3.903219476342201233e-03,2.285663224756717682e-02,-1.235965639352798462e-02,-9.927824139595031738e-03,-2.587055228650569916e-02,-3.114167600870132446e-03,9.759665466845035553e-03,-3.086356818675994873e-02,4.410929046571254730e-03,4.782818257808685303e-03,-4.354013875126838684e-02,-1.622083596885204315e-02,2.431831881403923035e-02,4.663167055696249008e-03,2.383971400558948517e-02,-6.907437462359666824e-03,4.511177539825439453e-03,-4.304859787225723267e-02,2.563771605491638184e-02,-5.756197962909936905e-03,1.715217530727386475e-02,-2.082579396665096283e-02,-1.972629502415657043e-02,-4.401227459311485291e-03,-2.006584545597434044e-03,1.162234507501125336e-02,1.447133952751755714e-03,-1.972629502415657043e-02,1.346562243998050690e-02,4.211725667119026184e-02,-2.322286309208720922e-04,2.662079781293869019e-02,-3.246754407882690430e-02,-6.338285282254219055e-03,-1.684819697402417660e-03,1.399596873670816422e-02,-1.472034398466348648e-02,-1.981684193015098572e-02,1.029162900522351265e-03,-1.488850265741348267e-02,-2.133026905357837677e-02,-1.774719916284084320e-02,1.087209954857826233e-02,1.862679794430732727e-02,1.290293782949447632e-02,1.285766437649726868e-02,1.728152856230735779e-02,-9.002951905131340027e-03,1.089796982705593109e-02,-4.006701521575450897e-03,-3.528743237257003784e-02,2.980287559330463409e-02,-3.166555613279342651e-02,1.482382602989673615e-02,3.510633856058120728e-02,-3.127749636769294739e-02,-2.089047059416770935e-02,6.322116125375032425e-03,-2.147255698218941689e-03,-1.052284706383943558e-02,2.409841865301132202e-02,8.867131546139717102e-03,-2.874218299984931946e-02,8.938275277614593506e-03,-2.441533375531435013e-03,-7.120869122445583344e-03,-2.523995703086256981e-03,-4.291277844458818436e-03,-9.352204389870166779e-03,1.508253160864114761e-02,9.004164894577115774e-05,6.006818730384111404e-04,1.909246668219566345e-02,1.421586796641349792e-02,-4.310680553317070007e-03,-2.025664225220680237e-02,8.142756298184394836e-03,-1.645367033779621124e-02,-7.340768817812204361e-03,8.453404734609648585e-05,1.241786521859467030e-03,-2.191235683858394623e-02,-1.284634578041732311e-03,-1.310707302764058113e-04,7.541265804320573807e-03,-2.030838280916213989e-02,-9.507427923381328583e-03,-1.981684193015098572e-02,-5.324159562587738037e-02,-8.640764281153678894e-03,-1.093839295208454132e-03,3.112227283418178558e-02,2.187355048954486847e-02,8.517879061400890350e-03,7.838777266442775726e-03,1.706162840127944946e-02,-6.770808249711990356e-04,-3.608942031860351562e-03,-3.577897325158119202e-02,-2.505563013255596161e-02,7.644747849553823471e-03,-8.673102594912052155e-03,9.418497793376445770e-04,1.097558159381151199e-02,-3.207948431372642517e-02,-1.666063442826271057e-02,2.402080781757831573e-02,-7.114401552826166153e-03,-1.142831612378358841e-02,-9.591506794095039368e-03,7.884050719439983368e-03,-4.995603486895561218e-02,-8.828326128423213959e-03,-5.604208447039127350e-03,1.349310972727835178e-03,-1.041936501860618591e-02,-3.806205000728368759e-03,-9.216384030878543854e-03,-5.665650591254234314e-03,8.504943922162055969e-03,7.994000799953937531e-03,-3.282973170280456543e-02,-3.573369933292269707e-03,2.480985969305038452e-02,1.898251706734299660e-03,-1.245020306669175625e-03,-1.776013337075710297e-02,-6.810422521084547043e-03,6.732811219990253448e-03,-1.140244584530591965e-02,3.019093349575996399e-02,3.059192793443799019e-03,7.172610610723495483e-03,-1.135070458985865116e-03,-1.091090496629476547e-02,-1.315517537295818329e-02,1.572444452904164791e-03,7.321366108953952789e-03,-2.884566597640514374e-02,6.086047273129224777e-03,-9.850212372839450836e-03,-9.520363062620162964e-03,3.984064795076847076e-03,-7.366639561951160431e-03,-4.434374277479946613e-04,-1.460392680019140244e-02,-5.248488392680883408e-03,-3.264863789081573486e-02,-1.273477915674448013e-02,4.469137638807296753e-03,1.448750868439674377e-02,3.394216299057006836e-02,-1.474621426314115524e-02,9.895486291497945786e-04,2.223573997616767883e-02,-4.692271351814270020e-03,-2.182827796787023544e-03,-1.426760945469141006e-02,-2.860312815755605698e-03,-1.569048874080181122e-02,-8.071612566709518433e-03,-1.218502968549728394e-02,-6.034306250512599945e-03,-2.747452631592750549e-02,-1.053578220307826996e-02,5.112667568027973175e-03,-2.385264821350574493e-02,1.482382602989673615e-02,2.000311017036437988e-01,-1.133776921778917313e-02,-5.998734384775161743e-03,3.345062211155891418e-02,2.177006937563419342e-02,2.486160025000572205e-02,3.937498107552528381e-02,2.449617953971028328e-03,-3.680085996165871620e-03,-3.760931547731161118e-03,-2.470637671649456024e-02,-1.688053482212126255e-03,-1.301288791000843048e-02,7.638280279934406281e-03,1.823873817920684814e-02,-2.762974984943866730e-02,-5.427641794085502625e-02,-3.831428661942481995e-02,-1.449559349566698074e-03,-2.964765205979347229e-02,8.000467903912067413e-03,-4.533814266324043274e-03,-1.400890387594699860e-02,-1.294821128249168396e-02,3.096705116331577301e-02,-1.358203962445259094e-02,-1.111786998808383942e-02,3.937174624297767878e-04,2.706059627234935760e-02,4.113417584449052811e-03,-4.185855388641357422e-02,-1.468153763562440872e-02,-3.673618426546454430e-03,2.170539274811744690e-02,-1.900191977620124817e-02,4.187795333564281464e-03,4.022870957851409912e-02,-8.931808173656463623e-03,1.140891294926404953e-02,-2.372329495847225189e-02,1.193279214203357697e-02,4.385058302432298660e-03,-1.208154764026403427e-02,-7.334301248192787170e-03,-2.509443555027246475e-03,2.687950246036052704e-02,-4.553216975182294846e-03,-1.763078011572360992e-02,7.120869122445583344e-03,6.545249372720718384e-03,-4.638589918613433838e-02,2.506209770217537880e-03,4.421277344226837158e-02,2.581880986690521240e-02,4.705853387713432312e-02,-1.953226700425148010e-02,-1.455218531191349030e-02,5.830575712025165558e-03,-3.213122487068176270e-02,-1.924122334457933903e-03,1.535417232662439346e-02,1.039349380880594254e-02,-1.233378518372774124e-02,1.860092580318450928e-02,-5.762665532529354095e-03,1.294174324721097946e-02,-2.695711515843868256e-02,8.103949949145317078e-03,2.355513721704483032e-02,-7.884050719439983368e-03,-5.225851200520992279e-03,-8.259173482656478882e-03,-1.964868418872356415e-02,1.483676116913557053e-02,1.563874818384647369e-02,2.126235980540513992e-03,1.770839281380176544e-02,-1.651672995649278164e-03,-1.305816136300563812e-02,2.664666809141635895e-02,-2.457702346146106720e-02,-1.940291374921798706e-02,4.414163064211606979e-03,5.125603172928094864e-03,8.880066685378551483e-03,-3.151033073663711548e-02,9.196980856359004974e-03,1.752729900181293488e-02,-1.169995684176683426e-02,1.280592288821935654e-02,2.554717008024454117e-03,-2.951829880475997925e-02,-3.795695083681493998e-04,7.947109988890588284e-04,9.403945878148078918e-03,8.692505769431591034e-03,5.109434016048908234e-03,-1.616909541189670563e-02,-3.857946023344993591e-03,-1.716511137783527374e-02,-3.326952829957008362e-02,3.851478453725576401e-03,-1.369845680892467499e-02,8.155691437423229218e-03,-1.059399079531431198e-02,-1.523775514215230942e-02,-8.129821158945560455e-03,2.809541858732700348e-02,1.893724314868450165e-02,-1.074274629354476929e-02,4.614659585058689117e-03,-2.470637671649456024e-02,8.226835168898105621e-03,3.877348965033888817e-03,1.010891795158386230e-02,-5.879082717001438141e-03,1.237905863672494888e-02,-8.608425967395305634e-03,4.530580248683691025e-03,7.935791276395320892e-03,1.468962291255593300e-03,-1.360790990293025970e-02,6.221867632120847702e-03,2.962178178131580353e-02,5.588039290159940720e-03,-1.138304267078638077e-02,-3.746055811643600464e-02,-1.860092580318450928e-02,-6.600224412977695465e-03,-2.008848264813423157e-02,2.783671393990516663e-02,-1.618202961981296539e-02,-3.138097748160362244e-02,-2.748746192082762718e-03,7.010919507592916489e-03,6.629328709095716476e-03,4.918638616800308228e-03,-6.338285282254219055e-03,-1.190692093223333359e-02,-1.242433208972215652e-02,-1.746262237429618835e-02,1.142831612378358841e-02,-1.038055866956710815e-02,-4.097248427569866180e-03,-2.026957646012306213e-02,-1.448750868439674377e-02,3.166555613279342651e-02,-5.474855657666921616e-03,-2.399493753910064697e-02,-1.990738883614540100e-02,-3.154590493068099022e-03,-5.503959953784942627e-03,-9.623845107853412628e-03,-2.804367803037166595e-02,2.788845449686050415e-02,-4.322969168424606323e-02,-4.659286513924598694e-02,-1.729446463286876678e-02,-6.791019812226295471e-03,8.078079670667648315e-03,-4.840380325913429260e-02,4.669634625315666199e-03,3.740881755948066711e-02,-1.538004260510206223e-02,-5.594506859779357910e-03,1.019299775362014771e-02,-1.630879640579223633e-01,3.645160794258117676e-02,1.843276806175708771e-02,-8.601958863437175751e-03,2.861282974481582642e-02,-3.070511156693100929e-03,3.215709701180458069e-02,2.342901891097426414e-03,8.779818308539688587e-04,2.084196312353014946e-03,2.328349649906158447e-02,-6.558184977620840073e-03,-2.048947662115097046e-02,-4.621127154678106308e-03,2.786258421838283539e-02,5.503959953784942627e-03,-2.869044244289398193e-02,-7.314898539334535599e-03,2.539194561541080475e-02,2.184768021106719971e-02,2.915611118078231812e-02,1.717804558575153351e-02,-3.101232461631298065e-03,-1.735913939774036407e-02,1.072981115430593491e-02,2.765562012791633606e-02,1.233378518372774124e-02,9.229319170117378235e-03,-3.347649425268173218e-02,-2.029221504926681519e-03,-2.633622102439403534e-02,2.801780775189399719e-02,2.120091766119003296e-02,-6.849228404462337494e-03,3.382574534043669701e-03,1.576810143887996674e-02,-1.675118133425712585e-02,-1.992032490670681000e-02,3.060809569433331490e-03,6.771617103368043900e-03,8.297979831695556641e-03,2.848347648978233337e-02,-7.198480889201164246e-03,-1.098204962909221649e-02,-2.752626687288284302e-02,2.019196562469005585e-02,1.584571227431297302e-02,1.605267636477947235e-02,1.008547260425984859e-04,-1.043230015784502029e-02,8.673102594912052155e-03,-2.116211131215095520e-02,-3.222500672563910484e-03,-1.029001176357269287e-02,-1.090605393983423710e-03,-6.474105641245841980e-03,-2.284369617700576782e-02,-1.056650304235517979e-03,-3.872821480035781860e-02,-1.250841189175844193e-02,-5.723859649151563644e-03,-2.342578396201133728e-02,-1.046948891598731279e-04,-7.651215419173240662e-03,1.299348473548889160e-02,5.234744166955351830e-04,-2.293424494564533234e-02,1.058752369135618210e-02,-8.239770308136940002e-03,1.224323827773332596e-02,-1.347855757921934128e-02,-1.464273221790790558e-02,1.369845680892467499e-02,-5.154707469046115875e-03,7.922856137156486511e-03,4.628403403330594301e-04,-6.997984368354082108e-03,1.522482000291347504e-02,-6.803146679885685444e-04,-1.295467838644981384e-02,7.696489337831735611e-03,2.135614119470119476e-02,-9.675586596131324768e-03,-8.019871078431606293e-03,1.684172824025154114e-02,-2.073524706065654755e-02,-1.909570069983601570e-03,6.335051264613866806e-03,1.486263237893581390e-02,2.215165877714753151e-03,3.000983968377113342e-02,-3.447250928729772568e-03,-3.314664354547858238e-03,-1.618202961981296539e-02,-1.038702670484781265e-02,7.825842127203941345e-03,1.745251647662371397e-04,-6.153957452625036240e-03,6.092514842748641968e-03,1.127309259027242661e-02,2.570886164903640747e-03,-1.018652925267815590e-03,-2.039892971515655518e-02,1.185518037527799606e-02,7.185545749962329865e-03,-1.667357049882411957e-02,8.032806217670440674e-03,1.359497476369142532e-02,2.320588566362857819e-02,-8.000467903912067413e-03,-7.217884063720703125e-03,1.875614933669567108e-02,1.677705347537994385e-02,1.666063442826271057e-02,6.823358125984668732e-03,3.355410695075988770e-02,-2.362304832786321640e-03,-2.651731483638286591e-02,1.922181993722915649e-02,-1.055518537759780884e-02,4.467844218015670776e-02,6.399727892130613327e-03,-2.700238721445202827e-03,2.753596752882003784e-03,-1.162881311029195786e-02,-3.202774375677108765e-02,-9.380661696195602417e-02,-1.422880310565233231e-02,2.080962527543306351e-03,1.274771429598331451e-02,1.350442785769701004e-02,8.000467903912067413e-03,6.027838680893182755e-03,2.174743218347430229e-03,-1.818699762225151062e-02,2.640089765191078186e-02,1.010245084762573242e-02,-1.358203962445259094e-02,-2.002380788326263428e-02,-6.134554743766784668e-03,3.611528873443603516e-02,-1.944172009825706482e-02,4.853962454944849014e-03,-4.682569950819015503e-02,-2.036012336611747742e-02,6.849228404462337494e-03,-8.278576424345374107e-04,2.829591510817408562e-03,-2.776233479380607605e-03,-3.339888155460357666e-02,-1.099498476833105087e-02,1.297408156096935272e-02,-7.211416494101285934e-03,1.539297867566347122e-02,1.600093580782413483e-02,-2.401110483333468437e-03,1.385691459290683270e-03,-1.070394087582826614e-02,1.380193885415792465e-02,-6.347986403852701187e-03,1.305816136300563812e-02,3.560434561222791672e-03,-3.086356818675994873e-02,-3.663270175457000732e-02,-1.115020737051963806e-02,-2.073524706065654755e-02,1.676411740481853485e-02,1.829048059880733490e-02,-1.619496569037437439e-02,-8.071612566709518433e-03,5.791769828647375107e-03,-2.083873003721237183e-02,-1.221089996397495270e-02,1.834222115576267242e-02,2.312827296555042267e-02,-2.157603949308395386e-02,-2.449941262602806091e-02,1.005717739462852478e-02,-1.875614933669567108e-02,-1.698401756584644318e-02,1.018652971833944321e-02,-7.373107131570577621e-03,4.734310787171125412e-03,2.069644071161746979e-02,-1.023827120661735535e-02,4.545455798506736755e-02,-1.710043475031852722e-02,3.031705273315310478e-03,-5.785302259027957916e-03,1.336213946342468262e-02,4.514411091804504395e-03,-2.556010521948337555e-02,-2.988048642873764038e-02,-1.535417232662439346e-02,1.233378518372774124e-02,-1.963574811816215515e-02,-2.297304943203926086e-02,1.668650656938552856e-02,1.294174324721097946e-02,2.323175594210624695e-02,-2.808571793138980865e-03,-7.101466413587331772e-03,1.182284206151962280e-02,-1.393129210919141769e-02,1.627257652580738068e-02,-1.863973215222358704e-02,-1.816112734377384186e-02,-2.293424494564533234e-02,-1.108553167432546616e-02,-1.512133702635765076e-02,3.815906494855880737e-02,-9.455686435103416443e-03,2.264966815710067749e-02,1.760410232236608863e-04,1.525069028139114380e-02,-1.572929508984088898e-02,5.816831835545599461e-04,3.008745238184928894e-02,5.904953461140394211e-03,-4.030631855130195618e-02,-3.135510906577110291e-02,2.253325097262859344e-02,1.532830204814672470e-02,-1.826461032032966614e-02,-3.974363673478364944e-03,-7.483057212084531784e-03,-2.587055228650569916e-02,-1.532830204814672470e-02,-3.544265404343605042e-02,2.030838280916213989e-02,1.662182970903813839e-03,-1.173876319080591202e-02,1.208801567554473877e-02,3.725359449163079262e-03,4.756947513669729233e-03,5.387542303651571274e-03,-2.011435339227318764e-03,-1.964545110240578651e-03,-6.642264313995838165e-03,-1.157060451805591583e-02,-1.843276782892644405e-03,4.019637126475572586e-03,-1.453925017267465591e-02,7.405445445328950882e-03,8.537282235920429230e-03,2.396259922534227371e-03,9.869615547358989716e-03,3.166555613279342651e-02,2.161484584212303162e-02,2.567652240395545959e-02,9.785535745322704315e-03,1.619496569037437439e-02,-5.636546295136213303e-03,9.022355079650878906e-03,-1.146712247282266617e-02,2.354220254346728325e-03,-7.922856137156486511e-03,-1.376313343644142151e-02,1.889843866229057312e-02,-2.120091766119003296e-02,1.199100073426961899e-02,-1.037409156560897827e-02,-8.453202433884143829e-03,-3.469241037964820862e-02,-1.967455446720123291e-02,3.272624686360359192e-02,1.895017921924591064e-02,5.344855785369873047e-02,-2.244270406663417816e-03,1.893401029519736767e-03,-8.045741356909275055e-03,-1.248900871723890305e-02,3.861179808154702187e-03,-3.109640255570411682e-02,-3.368345648050308228e-02,1.083329319953918457e-02,1.659595966339111328e-02,7.114401552826166153e-03,3.195013105869293213e-02,2.484866417944431305e-02,-4.433565773069858551e-03,-6.286544259637594223e-03,1.300641987472772598e-02,-1.620789989829063416e-02,2.580587565898895264e-02,-6.302712950855493546e-03,-5.613909568637609482e-03,-4.372123256325721741e-02,3.924562782049179077e-02,7.858180440962314606e-03,-9.889018721878528595e-03,-1.452631503343582153e-02,-1.845863834023475647e-02,5.746496375650167465e-03,2.375239972025156021e-03,-8.142756298184394836e-03,-6.205698475241661072e-03,-2.729343250393867493e-02,1.283421879634261131e-04,1.671237684786319733e-02,6.451468914747238159e-03,3.844363987445831299e-02,8.472605841234326363e-04,-4.449734929949045181e-03,-1.440989691764116287e-02,-2.052828297019004822e-02,-1.735913939774036407e-02,7.017387077212333679e-03,1.761784590780735016e-02,-1.121730965678580105e-04,-2.693124487996101379e-02,1.958400756120681763e-02,7.948727346956729889e-03,1.897604949772357941e-02,-1.056812051683664322e-02,-1.382781006395816803e-02,3.642573580145835876e-02,-1.288676867261528969e-03,-9.669118560850620270e-03,-1.526362542062997818e-02,8.692505769431591034e-03,-5.206448491662740707e-03,1.918301358819007874e-02,8.039274252951145172e-03,-2.147255698218941689e-03,9.830809198319911957e-03,-5.096498876810073853e-03,1.505666133016347885e-02,-2.394642913714051247e-03,-1.828724634833633900e-03,-9.125837124884128571e-03,-3.104466199874877930e-02,1.674511877354234457e-04,2.068350650370121002e-02,-3.065660409629344940e-02,-3.652922064065933228e-02,-3.050138056278228760e-02,1.268950570374727249e-02,1.409945078194141388e-02,-4.330083727836608887e-03,-1.592332497239112854e-02,-1.814172486774623394e-03,8.517879061400890350e-03,1.319398172199726105e-02,1.321985200047492981e-02,1.077508460730314255e-02,-1.273316214792430401e-03,5.722565948963165283e-02,1.532830204814672470e-02,2.695711515843868256e-02,1.527170999906957150e-03,-6.613159552216529846e-03,4.718788713216781616e-02,-1.029647979885339737e-02,-1.364671625196933746e-02,-9.914889000356197357e-03,2.524965815246105194e-02,-7.567136548459529877e-03,-6.280076224356889725e-03,-1.512133702635765076e-02,-2.928546443581581116e-02,-1.711337082087993622e-02,2.263673348352313042e-03,-2.355513721704483032e-02,6.778084672987461090e-03,6.978581193834543228e-03,-4.408342018723487854e-02,6.193410232663154602e-02,3.652922064065933228e-02,-9.255189448595046997e-03,7.829884416423738003e-04,2.270140871405601501e-02,3.145859017968177795e-02,5.174110177904367447e-03,1.359497476369142532e-02,-2.193822711706161499e-02,-1.910540275275707245e-02,2.328349649906158447e-02,-8.724843151867389679e-03,5.795003380626440048e-03,-2.488747052848339081e-02,-3.795209899544715881e-02,-4.116651602089405060e-03,1.761784590780735016e-02,2.636209130287170410e-02,-9.675586596131324768e-03,6.888034287840127945e-03,3.691727668046951294e-02,2.027604496106505394e-03,-1.911833696067333221e-02,6.360922008752822876e-03,-2.127852849662303925e-02,-2.609045058488845825e-02,4.087547212839126587e-02,7.644747849553823471e-03,-2.391409128904342651e-03,-4.281576350331306458e-02,1.178403664380311966e-02,3.511927323415875435e-03,-2.462876588106155396e-02,-1.372432801872491837e-02,5.219383630901575089e-03,-6.244504358619451523e-03,-7.787036243826150894e-03,-3.407151624560356140e-02,9.824342094361782074e-03,1.900191977620124817e-02,-1.800590381026268005e-02,1.413825619965791702e-02,-2.786258421838283539e-02,-1.236612349748611450e-02,1.610441878437995911e-02,1.007334562018513680e-03,-2.178300358355045319e-02,-7.069128099828958511e-03,-1.783774606883525848e-02
-3.448067232966423035e-03,-1.849894598126411438e-02,-5.924316938035190105e-04,-1.244188472628593445e-02,-3.314339742064476013e-02,2.422824315726757050e-02,-3.295985236763954163e-02,8.233407512307167053e-03,9.013483300805091858e-03,-1.659791916608810425e-02,2.782052569091320038e-02,1.961334049701690674e-02,-4.149479791522026062e-03,1.025898265652358532e-03,7.486107759177684784e-03,4.038040526211261749e-03,4.520507901906967163e-02,-1.157003547996282578e-02,1.387093123048543930e-02,-1.174702681601047516e-02,1.349072623997926712e-02,3.676190227270126343e-02,1.477391924709081650e-03,-1.102103153243660927e-03,-1.086206734180450439e-02,-3.207161324098706245e-03,5.040995310992002487e-03,-6.935465615242719650e-03,2.097683399915695190e-02,-1.227144803851842880e-02,7.689320947974920273e-03,-1.855138689279556274e-02,-2.481821738183498383e-02,8.600502274930477142e-03,-1.506398897618055344e-02,-1.873493567109107971e-02,-2.092439122498035431e-02,1.971822418272495270e-02,2.521153353154659271e-02,1.114394329488277435e-02,-1.189779839478433132e-03,2.753209555521607399e-03,1.305807940661907196e-02,1.431668922305107117e-02,-1.578506827354431152e-02,3.798773512244224548e-03,3.516897326335310936e-03,-1.676835678517818451e-02,-2.024264447391033173e-02,1.649303548038005829e-02,3.872847929596900940e-02,-1.296630594879388809e-02,2.813845640048384666e-03,-3.437578678131103516e-02,-5.730731936637312174e-05,7.531994488090276718e-03,-1.933801919221878052e-02,3.139969892799854279e-03,-1.139304321259260178e-02,-1.299908198416233063e-02,4.732898436486721039e-03,-7.807315327227115631e-03,-1.359561085700988770e-02,2.029508724808692932e-02,-1.264509744942188263e-02,-7.879422977566719055e-03,-2.939378842711448669e-02,2.409713901579380035e-02,-6.689643487334251404e-03,-9.537904523313045502e-03,2.978710457682609558e-02,2.391359023749828339e-02,1.638815179467201233e-02,-7.250118535012006760e-03,2.262875996530056000e-02,-2.654880657792091370e-02,-2.779430523514747620e-02,-4.539518151432275772e-03,2.731904853135347366e-03,8.449731394648551941e-03,4.136369563639163971e-03,-2.072773501276969910e-02,-7.400889415293931961e-03,-9.939414449036121368e-04,1.431668922305107117e-02,-7.119012996554374695e-03,-5.883346311748027802e-03,3.269764035940170288e-02,1.086862199008464813e-02,-1.783030852675437927e-02,3.314339742064476013e-02,6.181610748171806335e-03,3.523452673107385635e-03,1.554907858371734619e-02,-2.317940257489681244e-02,5.440866574645042419e-03,-1.052774861454963684e-02,4.630636051297187805e-02,-7.145234383642673492e-03,-2.137015014886856079e-02,5.709631834179162979e-03,9.288804605603218079e-03,6.466764491051435471e-03,6.099670194089412689e-03,-1.010165642946958542e-02,-3.754853457212448120e-02,-9.157699532806873322e-03,-6.073448807001113892e-03,1.181913539767265320e-02,-2.346783317625522614e-02,-1.527375727891921997e-02,3.434956446290016174e-02,-5.219626473262906075e-04,-4.753874987363815308e-02,8.934820070862770081e-03,-9.977106936275959015e-03,9.937775321304798126e-03,-2.043602522462606430e-03,-1.754187792539596558e-02,-1.849894598126411438e-02,-2.289097011089324951e-02,9.026593528687953949e-03,2.391359023749828339e-02,-2.255009673535823822e-02,-2.106860838830471039e-02,1.780408807098865509e-02,5.916122812777757645e-03,-1.217967458069324493e-02,1.627343473955988884e-03,-1.878737658262252808e-02,4.625391960144042969e-02,5.712909623980522156e-03,2.206500805914402008e-02,-2.340228110551834106e-02,-1.259921118617057800e-02,3.091461025178432465e-02,-8.633278310298919678e-03,-5.670300684869289398e-03,-5.739130545407533646e-03,-3.100638277828693390e-03,2.529019489884376526e-02,1.647992618381977081e-02,-1.860382966697216034e-02,-2.504109637811779976e-03,2.112104929983615875e-02,1.188468746840953827e-02,1.675524562597274780e-02,1.398892607539892197e-02,-2.067529223859310150e-02,-2.886936813592910767e-02,1.851205527782440186e-02,-1.323507167398929596e-02,4.829915985465049744e-02,-3.530007787048816681e-03,-3.831549780443310738e-03,2.855471521615982056e-02,2.531969454139471054e-03,2.942001074552536011e-02,1.699451357126235962e-03,1.309413346461951733e-03,-1.236977707594633102e-02,-1.122260652482509613e-02,2.216989174485206604e-02,6.352047435939311981e-03,4.290418233722448349e-03,3.015419840812683105e-02,2.281230688095092773e-02,-2.749931765720248222e-03,-1.264509744942188263e-02,-1.104561425745487213e-02,2.404469624161720276e-02,3.663079813122749329e-02,8.554615080356597900e-03,2.316629141569137573e-02,-5.526084918528795242e-03,3.657835349440574646e-02,-8.076081052422523499e-03,-8.312889840453863144e-04,-2.826628461480140686e-02,2.933479147031903267e-03,-2.223544381558895111e-02,1.009510131552815437e-03,2.897425182163715363e-02,3.028530441224575043e-02,3.798773512244224548e-03,1.317607425153255463e-02,5.539195146411657333e-03,-7.395153807010501623e-05,6.407767068594694138e-04,-1.761726336553692818e-03,1.134060090407729149e-03,2.311384864151477814e-02,-8.685720153152942657e-03,-1.098661683499813080e-02,-6.507014036178588867e-01,-5.965287331491708755e-03,-2.383492700755596161e-02,-7.558215409517288208e-03,1.878737658262252808e-02,2.510664798319339752e-02,1.843339391052722931e-02,1.506398897618055344e-02,-1.284175552427768707e-02,3.956099972128868103e-03,-1.755498722195625305e-02,1.347761601209640503e-02,9.118367917835712433e-03,-3.010175749659538269e-02,-1.282208971679210663e-02,-2.289097011089324951e-02,1.002954877912998199e-02,-1.885661768028512597e-04,-3.998709097504615784e-02,7.767983712255954742e-03,-2.157991752028465271e-02,2.171102352440357208e-02,-7.205665315268561244e-05,-1.883981935679912567e-02,2.100305445492267609e-02,8.956124656833708286e-04,2.198634482920169830e-02,-2.050485461950302124e-02,-6.132446229457855225e-03,-1.523442566394805908e-02,-7.571326103061437607e-03,2.197323366999626160e-02,1.258610095828771591e-02,1.052119303494691849e-03,3.799429163336753845e-02,-5.840737372636795044e-03,-2.445112168788909912e-02,-6.345492321997880936e-03,2.510664798319339752e-02,4.942666739225387573e-02,-4.871869832277297974e-02,3.621781477704644203e-03,1.036386750638484955e-02,8.810270577669143677e-03,1.324162632226943970e-02,2.614237926900386810e-02,3.419223800301551819e-02,7.466441951692104340e-03,-7.956447661854326725e-04,1.790897175669670105e-02,1.012132223695516586e-02,-6.850247271358966827e-03,-1.625704695470631123e-03,8.076081052422523499e-03,-6.492985878139734268e-03,2.892181091010570526e-02,2.443801239132881165e-02,-2.755831554532051086e-02,-1.992799341678619385e-02,1.853827759623527527e-02,1.274998183362185955e-03,1.442157384008169174e-02,-2.849899698048830032e-03,1.961661735549569130e-03,-2.334983833134174347e-02,2.346783317625522614e-02,1.413314230740070343e-02,2.021642401814460754e-02,3.256653621792793274e-02,-2.366449218243360519e-03,-4.729620646685361862e-03,2.519842237234115601e-02,-1.627015694975852966e-02,-3.054751455783843994e-02,1.636193133890628815e-02,8.017083629965782166e-03,2.573595382273197174e-02,-1.842028275132179260e-02,-2.098994515836238861e-02,7.164899725466966629e-03,-2.622104249894618988e-03,-9.734561666846275330e-03,-4.040662571787834167e-02,4.369081463664770126e-03,2.768942154943943024e-02,-1.265165302902460098e-02,-1.805318705737590790e-02,-2.586705796420574188e-02,9.124922566115856171e-03,8.810270577669143677e-03,1.195024047046899796e-02,2.868582122027873993e-02,1.688635163009166718e-02,-3.762719687074422836e-03,3.476910293102264404e-02,-4.723065532743930817e-03,-1.986243948340415955e-02,-4.367442452348768711e-04,3.345805034041404724e-02,-1.882998622022569180e-03,-4.378914367407560349e-03,-4.236337263137102127e-04,1.185191143304109573e-02,9.977106936275959015e-03,1.112427748739719391e-02,1.856449805200099945e-02,-1.305152382701635361e-02,-5.352370440959930420e-03,7.807315327227115631e-03,-2.196012251079082489e-02,6.863357964903116226e-03,-6.942021194845438004e-03,1.345139462500810623e-02,1.995421387255191803e-02,-5.739130545407533646e-03,-2.879070490598678589e-02,-5.876791197806596756e-03,-1.124636910390108824e-04,1.263854280114173889e-02,-3.295985236763954163e-02,1.044908538460731506e-02,2.907913550734519958e-02,3.527549561113119125e-04,1.452645752578973770e-02,8.469397202134132385e-03,2.113416045904159546e-02,2.381198341026902199e-03,-1.523442566394805908e-02,-4.624736495316028595e-03,-2.262875996530056000e-02,-7.976932683959603310e-04,1.216000877320766449e-02,8.639833889901638031e-03,2.690934576094150543e-03,1.041467068716883659e-03,-1.940357126295566559e-02,2.942001074552536011e-02,-9.183919988572597504e-03,2.393981255590915680e-02,-1.502465736120939255e-02,-1.054085884243249893e-02,-5.850570276379585266e-03,2.623743144795298576e-03,-1.861694082617759705e-02,-9.229807183146476746e-03,-3.660457581281661987e-02,-1.186502166092395782e-03,-3.319583833217620850e-02,-2.029508724808692932e-02,1.789586246013641357e-02,3.359571099281311035e-03,1.559332595206797123e-03,-2.379559539258480072e-02,4.680456127971410751e-03,6.673255469650030136e-03,-7.997417822480201721e-03,-8.626722730696201324e-03,-1.557529903948307037e-02,1.356938946992158890e-02,-1.426424738019704819e-02,7.997417822480201721e-03,3.655213490128517151e-02,-6.614258047193288803e-03,-1.372671592980623245e-02,4.687011241912841797e-03,-1.950845494866371155e-02,-1.113083306699991226e-02,8.436620235443115234e-03,-8.161299861967563629e-03,-2.438556961715221405e-02,1.611283048987388611e-02,8.377622812986373901e-03,7.695876061916351318e-03,5.380557850003242493e-02,1.817118190228939056e-02,2.134392969310283661e-02,-2.384803816676139832e-02,-2.807290293276309967e-03,-2.001976594328880310e-02,6.689643487334251404e-03,-1.811658876249566674e-05,-1.107183564454317093e-02,-1.915447227656841278e-02,-5.457254592329263687e-03,-7.826981134712696075e-03,5.506419111043214798e-03,-7.715541869401931763e-03,1.742388308048248291e-02,-1.811874099075794220e-02,2.996983239427208900e-04,1.124227233231067657e-02,1.468378398567438126e-02,8.154744282364845276e-03,1.286142133176326752e-02,-3.043279750272631645e-03,2.312695980072021484e-02,2.299257786944508553e-03,6.679810583591461182e-03,7.230452727526426315e-03,2.230099774897098541e-02,-1.417247392237186432e-02,-1.092761941254138947e-02,2.110794000327587128e-02,-2.306140772998332977e-02,4.145547002553939819e-02,-2.805651538074016571e-02,-6.315993610769510269e-03,-6.358603015542030334e-03,1.132093556225299835e-02,-8.528394624590873718e-03,-1.202890300191938877e-03,-5.548372492194175720e-02,-2.241899073123931885e-02,-2.110793953761458397e-03,1.608497113920748234e-03,2.135703898966312408e-02,1.308430079370737076e-02,4.709954839199781418e-03,7.014128845185041428e-03,-1.606038957834243774e-02,2.703389525413513184e-02,-1.986243948340415955e-02,1.220589503645896912e-02,-1.080798567272722721e-03,-4.814183339476585388e-02,3.434956539422273636e-03,5.657189991325139999e-03,-3.634891938418149948e-03,-7.590991910547018051e-03,-1.516887359321117401e-02,-8.390733972191810608e-03,-6.338937208056449890e-03,2.864648820832371712e-03,2.416269108653068542e-02,-5.968564655631780624e-03,4.700121935456991196e-03,-4.768952261656522751e-03,-2.005909755825996399e-02,1.811874099075794220e-02,-1.886603981256484985e-02,1.119638513773679733e-02,1.890537142753601074e-02,3.390380740165710449e-02,-4.211755003780126572e-03,3.060487215407192707e-04,9.603456594049930573e-03,3.508375585079193115e-02,1.288764271885156631e-02,-6.348770111799240112e-03,1.537864189594984055e-02,-1.904098317027091980e-04,7.512328680604696274e-03,-2.881692536175251007e-02,1.212067715823650360e-02,-1.439535245299339294e-02,-3.841382637619972229e-02,-1.274998206645250320e-02,1.000332739204168320e-02,6.955131422728300095e-03,3.809917345643043518e-02,-4.749286454170942307e-03,1.219934038817882538e-02,-7.951531559228897095e-03,-9.072480723261833191e-03,3.351049125194549561e-02,-1.973133534193038940e-03,-4.968887660652399063e-03,-2.098994515836238861e-02,-1.332684513181447983e-02,-3.461177647113800049e-02,-8.121968246996402740e-03,-1.647992618381977081e-02,1.943634822964668274e-03,-3.185856621712446213e-03,1.206167973577976227e-02,1.362183131277561188e-02,-5.116380751132965088e-03,1.686013117432594299e-02,1.135371159762144089e-02,-8.194075897336006165e-03,-9.806670248508453369e-03,-3.434956446290016174e-02,7.100166985765099525e-04,1.404136884957551956e-02,-2.235343912616372108e-03,-1.468378398567438126e-02,-3.309095650911331177e-02,-1.341206301003694534e-02,-3.330072388052940369e-02,-1.636193133890628815e-02,3.077694913372397423e-03,2.285163849592208862e-02,2.278608642518520355e-02,-2.063596062362194061e-02,1.603580662049353123e-03,-7.767983712255954742e-03,1.396270561963319778e-02,-1.898403465747833252e-02,1.983621902763843536e-02,8.344846777617931366e-03,1.040319912135601044e-02,-1.211412157863378525e-02,-9.354356676340103149e-03,7.223897147923707962e-03,2.826628461480140686e-02,1.442157384008169174e-02,-8.574280887842178345e-03,-4.011819604784250259e-03,-3.736498532816767693e-03,1.182405161671340466e-03,8.180965669453144073e-03,-3.503786865621805191e-03,-3.154391422867774963e-02,-1.004921458661556244e-02,1.750254631042480469e-02,-1.477555744349956512e-02,-2.484443783760070801e-02,-5.932510830461978912e-03,-1.096695102751255035e-02,-7.649989333003759384e-03,1.215345319360494614e-02,-2.003287710249423981e-02,8.233407512307167053e-03,1.691257208585739136e-02,9.366156160831451416e-02,5.994786042720079422e-03,2.188145928084850311e-02,1.013443339616060257e-02,2.698145247995853424e-02,2.201256528496742249e-02,-2.311384864151477814e-02,-2.418891154229640961e-02,8.784049190580844879e-03,-1.023931708186864853e-02,-7.098117930581793189e-05,1.598868984729051590e-04,1.075718272477388382e-02,-5.434310995042324066e-03,3.411357849836349487e-02,-5.653912085108458996e-04,-1.498532574623823166e-02,6.119336001574993134e-03,1.065229903906583786e-02,1.491977367550134659e-02,3.566061845049262047e-03,2.025575563311576843e-02,1.810890738852322102e-03,1.310396566987037659e-02,-8.161299861967563629e-03,-1.751565746963024139e-02,1.869560405611991882e-02,5.962665006518363953e-02,-5.165545269846916199e-03,-1.119638513773679733e-02,1.342517416924238205e-02,-4.334666009526699781e-04,1.054085884243249893e-02,1.570640504360198975e-02,-8.390733972191810608e-03,1.621771417558193207e-02,3.141608787700533867e-03,1.851205527782440186e-02,3.020664118230342865e-02,-6.778139621019363403e-03,1.226489245891571045e-02,6.974797230213880539e-03,1.481488905847072601e-02,-1.957400888204574585e-02,7.374668493866920471e-03,-2.438556961715221405e-02,-3.812539577484130859e-02,2.645703218877315521e-02,1.700434647500514984e-02,-1.413314230740070343e-02,2.514597959816455841e-02,-2.005909755825996399e-02,-2.750587463378906250e-02,-3.723388165235519409e-02,1.021309662610292435e-02,1.597844762727618217e-03,1.733866403810679913e-03,2.071462385356426239e-02,-3.988220542669296265e-02,1.887915097177028656e-02,-2.795163169503211975e-02,-1.804007776081562042e-02,1.071129553020000458e-02,-1.093417499214410782e-02,-1.550974696874618530e-02,-1.221245061606168747e-02,-3.366781771183013916e-02,-1.421180553734302521e-02,-2.865959890186786652e-02,-1.622427022084593773e-03,-1.907580904662609100e-02,3.720110515132546425e-03,-1.263854280114173889e-02,3.212077775970101357e-03,7.676210254430770874e-03,1.010821200907230377e-02,2.894147532060742378e-03,-9.301914833486080170e-03,1.561463065445423126e-02,1.623082533478736877e-02,-1.079979236237704754e-03,-1.122260652482509613e-02,-1.035731192678213120e-02,-2.871204167604446411e-02,-2.526397444307804108e-02,2.763697877526283264e-02,-7.695876061916351318e-03,-1.023440039716660976e-03,-1.583750918507575989e-02,-1.046219561249017715e-02,-8.954485878348350525e-03,3.906935453414916992e-03,3.500509308651089668e-03,-2.392670139670372009e-02,-3.110471181571483612e-03,-4.906612448394298553e-03,-2.172413468360900879e-02,-6.663422565907239914e-03,-7.328781299293041229e-03,1.026717713102698326e-03,3.536563133820891380e-03,-2.959700301289558411e-03,-6.525761913508176804e-03,-2.670613117516040802e-02,1.912824995815753937e-02,-1.199612673372030258e-02,-6.214387249201536179e-03,9.773893281817436218e-03,1.204856950789690018e-02,-1.471000537276268005e-02,1.855138689279556274e-02,-2.178968675434589386e-02,1.789586246013641357e-02,6.001341156661510468e-03,-7.702431175857782364e-03,3.146525099873542786e-02,6.139001809060573578e-03,2.577528543770313263e-02,2.102927677333354950e-02,-6.833859370090067387e-04,-1.948223449289798737e-02,-4.819427803158760071e-02,1.615216210484504700e-02,-1.295975036919116974e-02,-1.939046196639537811e-02,8.187520317733287811e-03,-4.175701178610324860e-03,-2.376937493681907654e-02,4.198644310235977173e-03,2.750587463378906250e-02,1.227062894031405449e-04,9.288804605603218079e-03,-1.327440259046852589e-03,-5.231097806245088577e-03,-9.734561666846275330e-03,-1.059985626488924026e-02,-2.989198779687285423e-03,2.083261869847774506e-02,-4.596548900008201599e-02,-1.587684080004692078e-02,8.043305017054080963e-03,-7.630323525518178940e-03,-9.170809760689735413e-03,-3.096705116331577301e-02,1.704367808997631073e-03,-4.313361644744873047e-02,3.019516880158334970e-04,-2.307451702654361725e-02,5.683410912752151489e-03,2.942001074552536011e-02,-1.279586926102638245e-02,-4.015097394585609436e-03,-3.269764035940170288e-02,2.152747660875320435e-02,2.666680142283439636e-02,-1.366116292774677277e-02,-1.303185801953077316e-02,-3.834827570244669914e-03,2.258942835032939911e-02,1.260576676577329636e-02,2.755831554532051086e-02,1.243532914668321609e-02,-1.247957698069512844e-03,1.891848258674144745e-02,-9.957441128790378571e-03,-1.503776758909225464e-02,-1.381848938763141632e-02,-2.479199506342411041e-02,-1.958711817860603333e-02,3.831549780443310738e-03,1.343828439712524414e-02,1.804007776081562042e-02,1.023276150226593018e-02,-1.884637400507926941e-03,2.061629435047507286e-03,1.289419736713171005e-02,-4.569016862660646439e-03,-5.126213654875755310e-03,-3.175368160009384155e-02,-6.220942363142967224e-03,2.520497655496001244e-03,-2.185523882508277893e-02,4.205199889838695526e-03,9.406799450516700745e-03,8.836491033434867859e-03,-1.021309662610292435e-02,2.352027595043182373e-02,-4.919006096315570176e-05,1.528686750680208206e-02,-1.337273162789642811e-03,2.260253950953483582e-02,-7.905644364655017853e-03,2.949867397546768188e-02,6.778139621019363403e-03,5.876791197806596756e-03,-1.606038887985050678e-03,2.462155930697917938e-02,3.345805034041404724e-02,-3.743053879588842392e-03,1.151759270578622818e-02,3.479532524943351746e-02,3.942989278584718704e-03,-1.936423964798450470e-02,-4.814838990569114685e-03,-1.695190370082855225e-02,4.795173183083534241e-03,-1.254676934331655502e-02,-1.022620708681643009e-03,-5.752241122536361217e-04,-2.212400548160076141e-03,-8.829936385154724121e-03,-8.312070742249488831e-03,-4.293695557862520218e-03,-3.088838793337345123e-02,3.316961973905563354e-02,-6.321729742921888828e-04,-3.261897712945938110e-02,1.460512075573205948e-02,-2.269759075716137886e-03,-4.685700312256813049e-02,-2.719122171401977539e-02,1.863332814536988735e-03,3.049835097044706345e-03,-1.649303548038005829e-02,3.980354219675064087e-02,1.991488225758075714e-02,6.106225308030843735e-03,-1.189124304801225662e-02,5.372036248445510864e-03,8.108857087790966034e-03,-3.625059267506003380e-03,2.981004770845174789e-03,-1.029995386488735676e-03,-5.216041245148517191e-05,-1.535569783300161362e-03,-2.272053435444831848e-02,1.326784770935773849e-02,-3.062617778778076172e-02,-4.546728730201721191e-02,2.569662220776081085e-02,-8.338291198015213013e-03,1.932490803301334381e-02,1.516887359321117401e-02,-7.604102604091167450e-03,6.227497477084398270e-03,2.403158508241176605e-02,-6.683088373392820358e-03,1.891848258674144745e-02,-1.303185801953077316e-02,-3.988220542669296265e-02,6.361880339682102203e-03,1.754187792539596558e-02,1.804007776081562042e-02,1.284831110388040543e-02,-9.242917411029338837e-03,5.834181793034076691e-04,2.177985385060310364e-03,-2.227149903774261475e-03,-3.057373501360416412e-02,-1.608497113920748234e-03,-8.180965669453144073e-03,1.809251867234706879e-02,5.365480668842792511e-03,-1.048841746523976326e-03,-1.948551274836063385e-03,1.110461167991161346e-02,-2.664057910442352295e-02,1.187157724052667618e-02,-1.936423964798450470e-02,2.130459807813167572e-02,-2.380870655179023743e-02,-4.762396682053804398e-03,3.515258431434631348e-04,1.927246688865125179e-03,1.751565746963024139e-02,-1.225178223103284836e-02,5.158990155905485153e-03,-6.869913078844547272e-03,-2.207811735570430756e-02,-7.558215409517288208e-03,1.574573665857315063e-02,1.751565746963024139e-02,1.495910529047250748e-02,-2.037252124864608049e-04,-4.011819604784250259e-03,-4.628014191985130310e-02,2.046552300453186035e-02,-2.450028550811111927e-04,8.770938962697982788e-03,4.165868274867534637e-03,-9.963996708393096924e-03,-5.054106004536151886e-03,-1.100628264248371124e-02,1.345139462500810623e-02,7.676210254430770874e-03,-2.172413468360900879e-02,2.391031244769692421e-03,3.505753353238105774e-02,-2.416269108653068542e-02,3.479532524943351746e-02,-2.184212952852249146e-02,-2.531969454139471054e-03,-7.138678804039955139e-03,1.561463065445423126e-02,5.873513408005237579e-03,-4.903335124254226685e-03,-1.111116725951433182e-02,-1.375293731689453125e-02,-1.204856950789690018e-02,-6.286494899541139603e-03,-6.989546818658709526e-04,8.534949272871017456e-03,2.628659456968307495e-02,-7.400889415293931961e-03,1.259265560656785965e-02,-1.310396566987037659e-02,9.872222319245338440e-03,-7.446776144206523895e-03,-2.631281688809394836e-02,1.089484337717294693e-02,-2.320562303066253662e-02,9.649343788623809814e-03,2.889558859169483185e-02,-2.407091669738292694e-02,-4.116703756153583527e-03,3.004931472241878510e-02,-4.506741825025528669e-04,-6.673255469650030136e-03,1.784341968595981598e-02,1.549499691464006901e-03,-1.738455146551132202e-02,1.859071850776672363e-02,1.172736100852489471e-02,-5.516252014786005020e-03,1.337273162789642811e-03,7.420555222779512405e-03,3.605393285397440195e-04,1.873493567109107971e-02,1.611774670891463757e-03,-2.533608349040150642e-03,1.187157724052667618e-02,1.225833781063556671e-02,-4.900057101622223854e-04,-6.358603015542030334e-03,-1.181257981806993484e-02,-1.427735760807991028e-02,-4.975442774593830109e-03,-1.385782100260257721e-02,-1.130126975476741791e-02,-2.602438442409038544e-02,-1.894470304250717163e-02,2.994443103671073914e-02,2.715516835451126099e-03,-1.308430079370737076e-02,-1.552285719662904739e-02,-4.867280833423137665e-03,-3.406113386154174805e-02,-1.262543164193630219e-02,-4.736175760626792908e-03,2.816139906644821167e-02,2.847605198621749878e-02,1.157003454864025116e-03,-3.625059267506003380e-03,1.273687183856964111e-02,3.959377296268939972e-03,9.026593528687953949e-03,-3.348427265882492065e-02,-1.425113715231418610e-02,-1.668313867412507534e-03,-2.517220191657543182e-02,-3.536563133820891380e-03,1.290730852633714676e-02,-1.659791916608810425e-02,-1.747632585465908051e-02,3.471666201949119568e-02,3.385792253538966179e-03,-8.180965669453144073e-03,4.768952261656522751e-03,2.003287710249423981e-02,-3.151769191026687622e-02,-1.763365045189857483e-02,4.775507375597953796e-03,-5.481836851686239243e-04,-2.599816396832466125e-02,9.521516039967536926e-04,7.112457882612943649e-03,1.876443420769646764e-04,8.207186125218868256e-03,6.014451850205659866e-03,-3.348427265882492065e-02,-6.374991033226251602e-03,1.050808280706405640e-02,-5.008219275623559952e-03,-1.112427748739719391e-02,-3.228465793654322624e-03,1.364805269986391068e-02,-3.795495955273509026e-03,-1.075062714517116547e-02,2.411024831235408783e-02,-9.939414449036121368e-04,-1.019998546689748764e-02,-1.885293051600456238e-02,-1.323507167398929596e-02,-1.650614663958549500e-02,-5.490030627697706223e-03,1.270409487187862396e-02,-1.086206734180450439e-02,9.157699532806873322e-03,8.279294706881046295e-03,-1.591617241501808167e-02,5.335982423275709152e-03,7.083778618834912777e-04,-1.194696291349828243e-03,-7.309115491807460785e-03,-6.220942363142967224e-03,-2.492310106754302979e-02,-4.834504798054695129e-03,6.817471235990524292e-03,2.380870655179023743e-02,3.358915448188781738e-02,-3.044263087213039398e-02,-3.418568521738052368e-03,1.647992618381977081e-02,-6.981352809816598892e-03,-6.247982964850962162e-04,-3.303851559758186340e-02,-2.912993950303643942e-04,-5.070494022220373154e-03,-4.232240316923707724e-04,-2.799096284434199333e-03,3.366126446053385735e-03,-2.797785215079784393e-02,-8.587391115725040436e-03,-7.571326103061437607e-03,-1.716167293488979340e-02,6.581481546163558960e-03,1.959236264228820801e-01,-1.276309229433536530e-02,-5.136046558618545532e-03,3.697166964411735535e-02,2.390048094093799591e-02,1.554907858371734619e-02,2.532952651381492615e-02,-6.289772689342498779e-03,-1.916758157312870026e-02,-5.047550890594720840e-03,-1.299908198416233063e-02,1.287453155964612961e-02,-1.883981935679912567e-02,8.882378228008747101e-03,1.417247392237186432e-02,-2.957733534276485443e-02,-5.071149766445159912e-02,-3.246165066957473755e-02,-1.330717932432889938e-02,-3.694545105099678040e-02,1.435602083802223206e-02,-2.114071510732173920e-03,-5.267152097076177597e-03,-1.560152042657136917e-02,1.683390885591506958e-02,1.649303548038005829e-02,-3.086216747760772705e-02,-1.891192747280001640e-03,4.549350962042808533e-02,1.086862199008464813e-02,-3.534596413373947144e-02,-9.439575485885143280e-03,5.510515766218304634e-04,9.387133643031120300e-03,-2.842361107468605042e-02,3.094083163887262344e-03,3.028530441224575043e-02,-1.821051351726055145e-02,1.389715261757373810e-02,-2.771564200520515442e-02,1.247466076165437698e-02,-2.404141938313841820e-03,-6.443821359425783157e-03,-1.233044546097517014e-02,-2.007548697292804718e-03,3.170124068856239319e-02,-1.050152722746133804e-02,-4.864003509283065796e-03,1.612184423720464110e-04,7.820425555109977722e-03,-3.836138546466827393e-02,4.405135288834571838e-03,4.116703569889068604e-02,2.316629141569137573e-02,2.425446547567844391e-02,-1.666675088927149773e-03,2.617187798023223877e-03,1.925935596227645874e-02,-1.977066695690155029e-02,-1.288108760491013527e-03,1.663725078105926514e-02,1.193057396449148655e-03,-8.672609925270080566e-03,1.334651093930006027e-02,-3.398902714252471924e-03,3.621125966310501099e-02,-4.347448796033859253e-02,9.419909678399562836e-03,5.299928132444620132e-03,-2.703389525413513184e-02,-4.172423388808965683e-03,-1.958711817860603333e-02,-2.235343866050243378e-02,2.043930254876613617e-02,7.610657718032598495e-03,6.099670194089412689e-03,2.498865313827991486e-02,-1.586373080499470234e-03,-7.348447106778621674e-03,2.732232585549354553e-02,-1.609972119331359863e-02,-1.982310786843299866e-02,1.784669701009988785e-03,-5.600650911219418049e-04,1.847272552549839020e-02,-3.718143701553344727e-02,1.514265220612287521e-02,1.634882017970085144e-02,-1.223867200314998627e-02,6.040672771632671356e-03,1.146515086293220520e-02,-2.860715799033641815e-02,7.302560377866029739e-03,-3.425123635679483414e-03,-4.519852343946695328e-03,2.050485461950302124e-02,1.586373150348663330e-02,1.096039544790983200e-02,-6.404489744454622269e-03,2.515581436455249786e-04,-3.909557312726974487e-02,-2.910535782575607300e-03,3.026891732588410378e-03,-1.368410652503371239e-03,-7.931865751743316650e-03,2.022297820076346397e-03,-3.743053879588842392e-03,4.035418480634689331e-02,4.706677049398422241e-03,-4.965609870851039886e-03,-3.618503920733928680e-03,-5.008219275623559952e-03,1.337273139506578445e-02,-8.888933807611465454e-03,1.510332059115171432e-02,-4.106870852410793304e-03,1.536553073674440384e-02,-6.240608170628547668e-03,3.933156374841928482e-03,3.031808184459805489e-03,-1.142581924796104431e-02,-4.296973347663879395e-03,3.264519851654767990e-03,3.809917345643043518e-02,3.831549780443310738e-03,4.267474636435508728e-03,-5.173411592841148376e-02,-2.248454466462135315e-02,2.046880079433321953e-03,-3.031152486801147461e-02,1.991488225758075714e-02,-1.527375727891921997e-02,-1.046219561249017715e-02,1.223211642354726791e-02,1.883981935679912567e-02,1.543108373880386353e-02,1.262543164193630219e-02,-1.129471417516469955e-02,-1.213378738611936569e-02,-1.033764611929655075e-02,-1.096039544790983200e-02,1.029831450432538986e-02,-5.299928132444620132e-03,-7.387778721749782562e-03,-7.958086207509040833e-03,4.690289031714200974e-03,1.615216210484504700e-02,-1.412003114819526672e-02,3.500509308651089668e-03,-1.689946278929710388e-02,-8.600502274930477142e-03,-1.641437225043773651e-02,1.051463838666677475e-02,-1.141270902007818222e-02,3.416601940989494324e-02,-3.631614521145820618e-02,-2.692901156842708588e-02,-2.485754899680614471e-02,2.175035513937473297e-02,1.410692092031240463e-02,-6.093770265579223633e-02,1.406758930534124374e-02,3.686678782105445862e-02,-2.100305445492267609e-02,-7.256673648953437805e-03,2.064907178282737732e-02,-1.660316437482833862e-01,1.865627244114875793e-02,1.979688741266727448e-02,-1.809251867234706879e-02,3.518863767385482788e-02,2.804012736305594444e-03,4.373669996857643127e-02,1.098006125539541245e-02,-1.463134214282035828e-02,-5.237653385847806931e-03,1.935113035142421722e-02,-1.716167293488979340e-02,-2.399225346744060516e-02,1.248777192085981369e-02,2.298274450004100800e-02,1.134060136973857880e-02,-3.697166964411735535e-02,3.307129023596644402e-03,1.771231368184089661e-02,1.431668922305107117e-02,4.394646733999252319e-02,1.286142133176326752e-02,5.834181793034076691e-03,-8.993817493319511414e-03,1.124227233231067657e-02,1.883981935679912567e-02,-4.408412612974643707e-03,1.387093123048543930e-02,-3.272386267781257629e-02,-7.027239538729190826e-03,-3.222566097974777222e-02,3.568683937191963196e-02,3.130792453885078430e-02,-2.681101672351360321e-03,-5.516252014786005020e-03,9.754227474331855774e-03,-2.126526646316051483e-02,-1.431668922305107117e-02,-8.508728817105293274e-03,1.017376501113176346e-02,1.781187311280518770e-04,2.787296846508979797e-02,-5.988230463117361069e-03,-2.432001754641532898e-03,-1.109805610030889511e-02,3.642102703452110291e-02,1.498532574623823166e-02,-8.548059500753879547e-03,-5.068035679869353771e-04,-1.185846701264381409e-02,-1.564085111021995544e-02,-2.446423284709453583e-02,9.616567753255367279e-03,1.728949951939284801e-03,1.467067375779151917e-02,1.068507507443428040e-02,-2.970844134688377380e-02,-8.574280887842178345e-03,-2.654880657792091370e-02,-1.974444463849067688e-02,-2.432001754641532898e-02,-3.214699774980545044e-02,1.768609322607517242e-02,6.732252892106771469e-03,1.647992618381977081e-02,-2.459533885121345520e-02,-7.787649519741535187e-03,-1.058019045740365982e-02,-7.361557800322771072e-03,1.838095113635063171e-02,-1.662414148449897766e-02,-1.617838256061077118e-02,1.161592174321413040e-02,-2.379559539258480072e-02,1.418558415025472641e-02,-1.311052124947309494e-03,-5.735853221267461777e-03,1.758120954036712646e-02,-4.755841568112373352e-03,-1.998043432831764221e-02,-1.267131883651018143e-02,2.159302867949008942e-02,-2.230099774897098541e-02,-2.323184348642826080e-02,-5.178655963391065598e-03,-1.898403465747833252e-02,2.618826692923903465e-03,-5.155712366104125977e-03,8.174410089850425720e-03,-2.734772861003875732e-04,1.413314230740070343e-02,-1.613413565792143345e-03,-6.319271400570869446e-03,-1.256643515080213547e-02,-2.559829270467162132e-03,-2.343505620956420898e-03,1.830228790640830994e-02,1.839406229555606842e-02,3.946267068386077881e-03,2.513942541554570198e-03,1.147826109081506729e-02,2.769597573205828667e-03,-1.870871335268020630e-02,1.991488225758075714e-02,-3.985598683357238770e-03,-2.100305445492267609e-02,5.385146476328372955e-03,6.453654263168573380e-03,5.096715409308671951e-03,-4.457577131688594818e-03,2.295979997143149376e-03,9.806670248508453369e-03,1.439535245299339294e-02,1.105872448533773422e-02,-1.202890300191938877e-03,3.319583833217620850e-02,-1.442157384008169174e-02,-1.647992618381977081e-02,8.613612502813339233e-03,-1.819740422070026398e-02,5.401534959673881531e-02,1.412003114819526672e-02,-5.129491444677114487e-03,4.421523306518793106e-03,-1.693879440426826477e-02,-1.666347309947013855e-02,-1.141139790415763855e-01,-9.000373072922229767e-03,-1.833834219723939896e-03,8.856156840920448303e-03,2.882675966247916222e-03,3.012797795236110687e-02,1.076373830437660217e-02,-2.255009720101952553e-03,-1.697812601923942566e-02,8.108857087790966034e-03,8.993817493319511414e-03,-5.896457005292177200e-03,-3.372026234865188599e-02,4.367442452348768711e-04,2.692901156842708588e-02,-1.658480986952781677e-02,-6.296327803283929825e-03,-2.525086328387260437e-02,-1.596861518919467926e-02,6.414322648197412491e-03,-1.052774861454963684e-02,8.593946695327758789e-03,3.831549780443310738e-03,-3.838760778307914734e-02,8.325180970132350922e-03,1.501154713332653046e-02,-1.372671592980623245e-02,2.795163169503211975e-02,2.513942541554570198e-03,2.535574883222579956e-02,9.367467835545539856e-03,-4.133091773837804794e-03,-1.406758930534124374e-02,-1.414297497831285000e-03,2.941673155874013901e-04,-8.908599615097045898e-03,-3.049507364630699158e-02,-2.390048094093799591e-02,2.813845640048384666e-03,-8.279294706881046295e-03,1.910202950239181519e-02,2.535574883222579956e-02,-5.880068987607955933e-03,-4.903335124254226685e-03,1.730588823556900024e-02,-1.641437225043773651e-02,-1.598172634840011597e-02,2.119971252977848053e-02,4.040662571787834167e-02,-1.144548505544662476e-02,-1.347761601209640503e-02,-1.860382966697216034e-02,-1.460512075573205948e-02,-2.656191587448120117e-02,-2.492637839168310165e-03,-2.771564200520515442e-02,1.135371159762144089e-02,1.162247732281684875e-02,-9.098702110350131989e-03,2.046552300453186035e-02,-7.263228762894868851e-03,6.817471235990524292e-03,-6.345492321997880936e-03,2.053107693791389465e-02,1.196335069835186005e-02,-1.165525335818529129e-02,-3.067862056195735931e-02,-9.033149108290672302e-03,2.151436544954776764e-02,-3.699789196252822876e-02,-4.716509953141212463e-03,1.052119303494691849e-02,1.022620685398578644e-02,3.993464633822441101e-02,-1.316296309232711792e-02,1.135371159762144089e-02,8.173590758815407753e-04,-1.519509404897689819e-02,1.183880120515823364e-02,-3.531974554061889648e-02,-1.482799928635358810e-02,-1.821051351726055145e-02,6.048252180335111916e-05,-2.015087194740772247e-02,4.245186969637870789e-02,5.165545269846916199e-03,2.479199506342411041e-02,-7.669655140489339828e-03,-1.145859528332948685e-02,6.348770111799240112e-03,-9.459241293370723724e-03,5.145879462361335754e-03,2.411024831235408783e-02,-3.033774718642234802e-02,-2.396603301167488098e-02,1.350383739918470383e-02,-1.499843690544366837e-02,-2.795163169503211975e-02,-3.670945880003273487e-04,-4.605070687830448151e-03,-2.342850156128406525e-02,-2.150125429034233093e-02,-2.755831554532051086e-02,1.444779429584741592e-02,-2.087195031344890594e-02,-7.649170001968741417e-04,-8.377622812986373901e-03,-1.624393649399280548e-02,5.018052179366350174e-03,-9.662454016506671906e-03,-2.605716232210397720e-03,4.369081463664770126e-03,-9.677203488536179066e-04,6.293050479143857956e-03,-2.897425321862101555e-03,-4.995108582079410553e-03,-2.255009673535823822e-02,-1.061952207237482071e-02,1.245499495416879654e-02,4.077372141182422638e-03,1.671591401100158691e-02,3.697166964411735535e-02,1.058019045740365982e-02,1.027209311723709106e-02,1.259921118617057800e-02,3.172746300697326660e-02,1.315149129368364811e-03,1.035075634717941284e-02,-4.313361365348100662e-03,-8.659499697387218475e-03,4.628013819456100464e-03,-1.675524562597274780e-02,7.518883794546127319e-03,-1.663725078105926514e-02,1.139304321259260178e-02,5.004941485822200775e-03,-5.522807128727436066e-03,-2.176346629858016968e-02,7.444318034686148167e-04,2.047863416373729706e-02,3.476910293102264404e-02,3.964621573686599731e-02,-1.391026284545660019e-02,4.981998354196548462e-03,1.495910529047250748e-02,-7.440221030265092850e-03,2.185523882508277893e-02,-3.120304085314273834e-02,-4.121948033571243286e-02,2.253698557615280151e-02,3.345805034041404724e-02,1.124227186664938927e-03,2.931512519717216492e-02,3.209455683827400208e-02,-1.940357126295566559e-02,-7.040349766612052917e-03,-1.135371159762144089e-02,-3.560817614197731018e-02,1.692568324506282806e-02,-3.815161762759089470e-03,-8.495617657899856567e-03,-4.441844671964645386e-02,3.744364902377128601e-02,4.395302385091781616e-03,-1.388404238969087601e-02,-7.171455305069684982e-03,-6.784694734960794449e-03,1.317607425153255463e-02,-7.912199944257736206e-03,2.569611024227924645e-05,8.921709842979907990e-03,-2.264187112450599670e-02,-1.423802599310874939e-02,1.739766262471675873e-02,1.331373490393161774e-02,2.156680822372436523e-02,-2.642589388415217400e-04,-2.836789004504680634e-03,-1.377915777266025543e-02,-1.527375727891921997e-02,-3.267141804099082947e-02,1.384471077471971512e-02,2.053107693791389465e-02,-4.257641732692718506e-03,-3.560326003935188055e-04,1.554907858371734619e-02,-2.533608349040150642e-03,2.905291505157947540e-02,6.594592239707708359e-03,-1.724033616483211517e-02,1.193712931126356125e-02,2.769597573205828667e-03,3.906935453414916992e-03,2.099731864291243255e-05,1.136026717722415924e-02,-1.064574345946311951e-02,2.249765396118164062e-02,1.465756259858608246e-02,-4.149479791522026062e-03,1.105872448533773422e-02,-7.479552645236253738e-03,1.185846701264381409e-02,1.499843690544366837e-02,-2.115710405632853508e-03,-6.227497477084398270e-03,-1.200923789292573929e-02,-3.018697490915656090e-03,2.978546544909477234e-04,-2.418891154229640961e-02,-2.842361107468605042e-02,-1.358249969780445099e-02,1.531308889389038086e-02,6.296327803283929825e-03,-1.016065385192632675e-02,-1.792208291590213776e-02,8.565370080759748816e-06,5.519529338926076889e-03,1.547041535377502441e-02,1.131601864472031593e-03,-1.406308292644098401e-04,-5.850570276379585266e-03,4.200610890984535217e-02,1.801385730504989624e-02,2.636525779962539673e-02,1.502465736120939255e-02,-1.347761601209640503e-02,1.540486235171556473e-02,-1.876115612685680389e-02,-1.760087441653013229e-03,-2.026886679232120514e-02,8.351402357220649719e-03,2.876120619475841522e-03,1.153725851327180862e-02,-1.447401568293571472e-02,-2.106860838830471039e-02,-1.210756693035364151e-02,1.797780278138816357e-03,1.380537915974855423e-02,2.193390205502510071e-02,6.401211954653263092e-03,-4.203233122825622559e-02,3.432334586977958679e-02,3.025908395648002625e-02,-4.936930490657687187e-04,8.180965669453144073e-03,1.979688741266727448e-02,2.260253950953483582e-02,-1.189124304801225662e-02,-7.600005483254790306e-05,-1.481488905847072601e-02,-3.330072388052940369e-02,1.175358239561319351e-02,-1.067196484655141830e-02,1.509021036326885223e-02,-3.948888927698135376e-02,-2.983954735100269318e-02,-7.781094405800104141e-03,-1.465756259858608246e-02,1.615216210484504700e-02,-5.939066410064697266e-03,-1.465920126065611839e-03,2.523775398731231689e-02,2.697489690035581589e-03,-5.181933753192424774e-03,-3.906935453414916992e-03,-1.700434647500514984e-02,-2.905291505157947540e-02,3.492642939090728760e-02,-2.489360282197594643e-03,-6.558538414537906647e-03,-3.996086865663528442e-02,-9.747672826051712036e-03,1.671591401100158691e-02,-2.700767479836940765e-02,-1.155692432075738907e-02,1.045564096421003342e-02,-1.360872108489274979e-02,-7.446776144206523895e-03,-3.298607096076011658e-02,6.758473813533782959e-03,9.957441128790378571e-03,-2.716499939560890198e-02,2.253698557615280151e-02,-2.734854817390441895e-02,-2.768942154943943024e-02,3.791562840342521667e-02,8.371068164706230164e-03,-1.101283822208642960e-02,4.510019440203905106e-03,-2.595883235335350037e-02
-8.505369187332689762e-04,-1.531945914030075073e-02,7.072026841342449188e-03,-1.505825854837894440e-02,-3.672491014003753662e-02,3.426961600780487061e-02,-3.659430891275405884e-02,-8.051531389355659485e-03,-4.156366456300020218e-03,-3.238896653056144714e-02,1.836245507001876831e-02,1.234176382422447205e-02,-1.548434258438646793e-03,1.828409545123577118e-02,1.414405368268489838e-02,-1.865140948211774230e-04,4.043396934866905212e-02,-1.010849233716726303e-02,1.272703614085912704e-02,-9.612210094928741455e-03,7.875220850110054016e-03,2.657723799347877502e-02,-3.286239458248019218e-03,-1.870201714336872101e-02,8.376809273613616824e-05,-6.915305741131305695e-03,4.300027154386043549e-03,-1.398243475705385208e-03,2.208457514643669128e-02,-1.091168634593486786e-02,3.284607082605361938e-03,-1.874119788408279419e-02,-1.884567737579345703e-02,1.851917617022991180e-02,-1.115982793271541595e-02,-7.418118417263031006e-03,-1.923747919499874115e-02,1.641650497913360596e-02,1.974682323634624481e-02,5.036288639530539513e-04,7.483419030904769897e-03,-1.066354569047689438e-02,-2.979327924549579620e-03,1.301435753703117371e-02,-8.619644679129123688e-03,1.429261174052953720e-03,-4.610204137861728668e-03,-1.149939000606536865e-02,-1.708256825804710388e-02,5.178316961973905563e-03,1.979906298220157623e-02,2.194091444835066795e-03,1.162345986813306808e-03,-1.467951573431491852e-02,-1.780087314546108246e-02,7.058966439217329025e-03,3.122988622635602951e-03,2.165359258651733398e-02,-2.768734283745288849e-02,-3.468754142522811890e-02,3.581315395422279835e-04,3.823334816843271255e-03,-2.384768426418304443e-02,2.703434042632579803e-02,-7.091616746038198471e-03,-5.285246297717094421e-04,-1.191731169819831848e-02,1.609000377357006073e-02,-2.007332444190979004e-02,-1.199567224830389023e-02,2.548019215464591980e-02,2.700822055339813232e-02,1.380449160933494568e-02,-1.202179212123155594e-02,2.179725281894207001e-02,-2.136627025902271271e-02,-2.448762767016887665e-02,1.738294959068298340e-02,4.300027154386043549e-03,1.063089538365602493e-02,8.247433230280876160e-03,-1.195649243891239166e-02,-1.043499447405338287e-02,5.305652739480137825e-04,1.021950319409370422e-02,1.891097798943519592e-02,7.235277444124221802e-03,2.531041204929351807e-02,3.035159781575202942e-02,-1.503213774412870407e-02,4.584083706140518188e-02,2.787018381059169769e-02,3.385169431567192078e-02,1.179977133870124817e-02,-1.648180559277534485e-02,-4.022603025077842176e-05,-1.656016521155834198e-02,3.534054383635520935e-02,1.210015267133712769e-02,-1.427465397864580154e-02,1.615530438721179962e-02,1.474481634795665741e-02,-9.586089290678501129e-03,3.800479695200920105e-03,-2.305101975798606873e-02,-4.333330318331718445e-02,-3.575193462893366814e-03,-1.474481634795665741e-02,1.270091626793146133e-02,-1.611612364649772644e-02,-4.835490137338638306e-03,3.233672678470611572e-02,1.141449902206659317e-02,-4.855733364820480347e-02,1.253766473382711411e-02,-9.148577228188514709e-03,2.781794406473636627e-02,3.839659970253705978e-03,-2.109200879931449890e-02,-1.738294959068298340e-02,-1.688666827976703644e-02,9.239997714757919312e-03,7.098146714270114899e-03,-2.034758590161800385e-02,2.337752142921090126e-03,6.474528461694717407e-03,-3.836394986137747765e-03,-1.785964239388704300e-03,-1.567208208143711090e-02,-1.397427264600992203e-02,4.709460586309432983e-02,-2.193683321820572019e-04,8.201722986996173859e-03,-1.069619506597518921e-02,-1.263561565428972244e-02,2.231965586543083191e-02,1.458809524774551392e-02,-3.338479902595281601e-03,3.601313568651676178e-03,-4.744069650769233704e-03,1.998190395534038544e-02,8.913496509194374084e-03,-1.790535263717174530e-02,-1.439219433814287186e-02,1.778781227767467499e-02,5.694189574569463730e-03,1.790535263717174530e-02,-7.260581478476524353e-04,-2.079162746667861938e-02,-3.500097990036010742e-02,6.389637943357229233e-03,-2.118342928588390350e-02,3.411289677023887634e-02,-3.438062733039259911e-03,-2.742614224553108215e-02,1.810125447809696198e-02,-5.230557173490524292e-03,2.342976070940494537e-02,4.055151250213384628e-03,1.133190471591660753e-05,-6.843475624918937683e-03,2.077856846153736115e-02,2.102670818567276001e-02,2.645969763398170471e-02,1.625162200070917606e-03,2.512757107615470886e-02,2.613319642841815948e-02,9.128987789154052734e-03,-1.011502277106046677e-02,-2.400440536439418793e-02,4.675504192709922791e-02,1.985130272805690765e-02,-2.034758590161800385e-02,2.742614224553108215e-02,-2.910762559622526169e-03,2.881050854921340942e-02,-1.829715445637702942e-02,-5.044451099820435047e-04,-1.975988224148750305e-02,-2.447130158543586731e-03,-2.037370577454566956e-02,-1.443137507885694504e-02,2.538877166807651520e-02,2.781794406473636627e-02,1.586798205971717834e-02,6.239447277039289474e-03,-1.169529091566801071e-02,2.122261095792055130e-03,3.297667019069194794e-03,-1.447055488824844360e-02,9.984421543776988983e-03,1.247236505150794983e-02,-2.144463174045085907e-02,-1.384367141872644424e-02,-6.436001658439636230e-01,-2.585893496870994568e-02,-1.847999542951583862e-02,-1.351717021316289902e-02,2.414806559681892395e-02,3.095236048102378845e-02,3.578458447009325027e-03,-1.537169981747865677e-02,-3.121356107294559479e-02,1.386979222297668457e-02,-1.589410193264484406e-02,1.495377719402313232e-02,5.818260367959737778e-03,-3.701223060488700867e-02,-4.724479280412197113e-03,-2.123567089438438416e-02,1.471869647502899170e-02,-1.454891543835401535e-02,-2.595035545527935028e-02,-3.702529240399599075e-03,-2.792242541909217834e-02,1.944644004106521606e-02,-4.195546731352806091e-03,-1.808819361031055450e-02,1.016073301434516907e-02,-8.407418499700725079e-04,1.339962985366582870e-02,-1.035010349005460739e-02,-3.408677643164992332e-03,-4.783249925822019577e-03,1.427465397864580154e-02,1.932889968156814575e-02,9.925651364028453827e-03,1.816655509173870087e-02,3.920632228255271912e-02,-3.157271305099129677e-03,-1.618142426013946533e-02,1.791841350495815277e-02,1.571126095950603485e-02,3.808315843343734741e-02,-3.215388581156730652e-02,-4.593878984451293945e-03,2.085692808032035828e-02,-4.015970975160598755e-03,7.032846566289663315e-03,4.832224920392036438e-03,3.894512355327606201e-02,7.274457719177007675e-03,-8.051531389355659485e-03,1.748743094503879547e-02,4.717949312180280685e-03,-1.666464656591415405e-02,5.821525119245052338e-03,2.030840516090393066e-02,-1.179977133870124817e-02,1.845387555658817291e-02,3.228448703885078430e-02,-1.121859811246395111e-02,-2.055654674768447876e-02,5.890090484172105789e-03,9.044096805155277252e-03,3.966995514929294586e-03,-1.780087314546108246e-02,-9.638329967856407166e-03,-1.512355823069810867e-02,2.200621366500854492e-02,3.467448055744171143e-03,2.700169105082750320e-03,3.366885334253311157e-02,-3.454387886449694633e-03,6.680224556475877762e-03,2.685149945318698883e-02,-1.152550987899303436e-02,-2.239801548421382904e-02,1.979906298220157623e-02,2.993367612361907959e-02,1.288375724107027054e-02,-2.259391732513904572e-02,-2.928067184984683990e-02,-2.181031275540590286e-03,4.055151250213384628e-03,-4.930175375193357468e-03,-5.153502896428108215e-02,-5.926005542278289795e-03,4.589307680726051331e-02,1.125124841928482056e-02,-1.571126095950603485e-02,-2.638133615255355835e-02,1.977294310927391052e-02,3.630698891356587410e-03,9.383658878505229950e-03,3.719507157802581787e-02,-9.672612650319933891e-04,-1.439219433814287186e-02,2.559773251414299011e-02,-1.636589760892093182e-03,-1.044152397662401199e-02,-1.311720581725239754e-03,3.100460022687911987e-02,-4.757129587233066559e-03,7.280987687408924103e-03,-9.246528148651123047e-03,1.759191043674945831e-02,5.628889426589012146e-03,1.147326920181512833e-02,1.108473283238708973e-03,7.940521463751792908e-03,1.119247823953628540e-02,5.870500579476356506e-03,-1.921135932207107544e-02,6.095786578953266144e-03,-1.326902862638235092e-02,1.776169240474700928e-02,1.992966420948505402e-02,-2.787018381059169769e-02,-2.734778262674808502e-02,9.128987789154052734e-03,-4.110656213015317917e-03,2.400440536439418793e-02,-3.126580268144607544e-02,2.100058831274509430e-02,2.060878649353981018e-02,-1.765721105039119720e-02,3.280689194798469543e-02,1.266826596111059189e-02,3.254568949341773987e-02,3.666613949462771416e-03,-2.153605222702026367e-02,-1.750048995018005371e-02,-2.538877166807651520e-02,-7.287517655640840530e-03,9.540379047393798828e-03,2.546713128685951233e-02,-4.736825212603434920e-05,2.593729458749294281e-02,-5.410132929682731628e-03,3.194492682814598083e-02,-6.275362335145473480e-03,2.294653840363025665e-02,-1.662546582520008087e-02,1.423343346687033772e-04,-1.221116352826356888e-02,1.714786887168884277e-02,1.074843574315309525e-02,2.899334998801350594e-03,-4.335942491888999939e-02,-8.169072680175304413e-03,-3.766523674130439758e-02,-2.011250518262386322e-02,1.683442667126655579e-02,2.027371519943699241e-04,-4.737539682537317276e-03,-2.324691973626613617e-02,-2.130423439666628838e-03,1.115329749882221222e-02,-2.127484977245330811e-02,-3.294402034953236580e-03,-1.385673228651285172e-02,2.610380994156002998e-03,-2.375626377761363983e-02,8.758407784625887871e-04,2.841870673000812531e-02,-2.404358424246311188e-02,-9.481608867645263672e-03,9.781991131603717804e-03,-1.053294446319341660e-02,-5.054246168583631516e-03,2.272451855242252350e-02,1.265520602464675903e-02,-2.588505484163761139e-02,2.297265827655792236e-02,-9.801580570638179779e-03,-5.681129638105630875e-03,3.638534992933273315e-02,-7.052436470985412598e-03,2.420030534267425537e-02,-1.350411027669906616e-02,-1.286416687071323395e-02,-1.710868813097476959e-02,1.054600439965724945e-02,1.026521343737840652e-02,-1.277437841054052114e-04,-2.265921793878078461e-02,-2.009944431483745575e-02,6.608394440263509750e-03,7.960110902786254883e-03,-1.048070471733808517e-02,3.209511749446392059e-03,-2.145769074559211731e-02,3.826599800959229469e-03,1.367389131337404251e-02,-4.424097947776317596e-03,2.542795240879058838e-02,-4.247786942869424820e-03,-1.741682499414309859e-04,2.183643355965614319e-02,1.842775568366050720e-02,1.128389872610569000e-02,5.475433543324470520e-03,2.734778262674808502e-02,-7.339757867157459259e-03,-2.936882665380835533e-03,1.670382730662822723e-02,-2.571527287364006042e-02,2.183643355965614319e-02,-2.995979599654674530e-02,6.180677097290754318e-03,-1.670382730662822723e-02,1.005625259131193161e-02,-7.228747475892305374e-03,-9.168167598545551300e-03,-5.459108203649520874e-02,-1.050682459026575089e-02,-1.514967903494834900e-02,8.698005229234695435e-03,2.203233353793621063e-02,1.679524779319763184e-02,1.661240682005882263e-02,6.108846515417098999e-03,-1.901545934379100800e-02,2.230659499764442444e-02,2.368769841268658638e-03,-6.130069377832114697e-04,-9.677509777247905731e-03,-2.272451855242252350e-02,-5.384013056755065918e-03,3.090338548645377159e-03,-1.234176382422447205e-02,-3.487038193270564079e-03,-2.574139274656772614e-02,-2.036064490675926208e-02,-1.351717021316289902e-02,-2.763836877420544624e-03,1.056559477001428604e-02,-5.122811533510684967e-03,-7.150386925786733627e-03,-1.725561451166868210e-03,-1.244624424725770950e-02,7.803390268236398697e-03,-2.226741611957550049e-02,6.311277858912944794e-03,8.639235049486160278e-03,3.317257389426231384e-02,-1.055416767485439777e-03,4.012705758213996887e-03,9.514259174466133118e-03,4.173997789621353149e-02,1.309924758970737457e-02,-9.697100147604942322e-03,1.687360741198062897e-02,-9.187757968902587891e-03,9.172657155431807041e-05,-1.774863153696060181e-02,1.264214515686035156e-02,-3.162168897688388824e-03,-3.821375966072082520e-02,-2.873214893043041229e-03,2.109200879931449890e-02,9.351008571684360504e-03,1.695196703076362610e-02,8.684945292770862579e-03,3.673144150525331497e-03,1.377837173640727997e-02,-3.167066490277647972e-03,3.823987767100334167e-02,-6.575744133442640305e-03,1.021297276020050049e-02,-1.927665993571281433e-02,-5.436253268271684647e-03,-1.713480800390243530e-02,-1.181936124339699745e-03,-1.678218692541122437e-02,6.467998493462800980e-03,-5.870500579476356506e-03,1.764415204524993896e-02,1.456197537481784821e-02,-9.559969417750835419e-03,1.235482376068830490e-02,1.528027933090925217e-02,8.600054308772087097e-03,6.882655899971723557e-03,-4.547515511512756348e-02,2.053042687475681305e-02,-3.918020520359277725e-03,1.402936904923990369e-04,-2.997693663928657770e-04,-5.049022287130355835e-02,2.370402216911315918e-03,-2.352118119597434998e-02,-1.167570054531097412e-02,1.483950181864202023e-03,1.871507614850997925e-02,3.022099658846855164e-02,-2.339058183133602142e-02,-1.069619506597518921e-02,-1.739601045846939087e-02,4.332677461206912994e-03,-2.440926618874073029e-02,2.062184736132621765e-02,-3.441327949985861778e-03,-8.835135959088802338e-03,-2.103976905345916748e-02,-1.663852669298648834e-02,-1.661240682005882263e-02,1.981212198734283447e-02,9.559969417750835419e-03,-4.015970975160598755e-03,-5.126076750457286835e-03,2.847094787284731865e-03,-2.966267988085746765e-03,-8.399256039410829544e-04,6.265567615628242493e-03,-1.295558735728263855e-02,-1.430077385157346725e-02,-3.366232383996248245e-03,1.057049259543418884e-03,-2.664253860712051392e-02,-4.051886033266782761e-03,-1.844734535552561283e-03,2.546713221818208694e-03,1.205444242805242538e-02,-1.323637831956148148e-02,4.427363164722919464e-03,2.092222869396209717e-02,9.314440190792083740e-02,8.371503092348575592e-03,8.645764552056789398e-03,1.430077385157346725e-02,1.307965815067291260e-02,6.680224556475877762e-03,-2.815750613808631897e-02,-2.519286982715129852e-02,5.700719542801380157e-03,-2.084386721253395081e-02,2.980307489633560181e-02,-8.835135959088802338e-03,1.675606705248355865e-02,-1.802289299666881561e-02,3.839660063385963440e-02,-1.204138249158859253e-02,-2.854930795729160309e-02,9.279178455471992493e-03,3.131151199340820312e-03,2.319467999041080475e-02,-1.086597610265016556e-02,8.691474795341491699e-03,-2.171236323192715645e-03,1.691278815269470215e-02,-5.550528876483440399e-03,-4.159631673246622086e-03,9.207347757183015347e-04,3.918020427227020264e-02,-5.645214114338159561e-03,-9.906060993671417236e-03,-1.223075389862060547e-02,-9.527319110929965973e-03,1.035663392394781113e-02,2.030840516090393066e-02,-1.922442018985748291e-02,2.073938772082328796e-02,-3.077278379350900650e-03,2.229353599250316620e-02,1.055253483355045319e-02,-2.066102623939514160e-02,1.667770743370056152e-02,-1.009706524200737476e-03,9.213877841830253601e-03,-1.676912605762481689e-02,1.905463822185993195e-02,-2.614625543355941772e-02,-3.037771768867969513e-02,2.341670170426368713e-02,1.351717021316289902e-02,-2.036064490675926208e-02,1.823185384273529053e-02,-1.042846404016017914e-02,-1.915911957621574402e-02,-3.860555961728096008e-02,2.062184736132621765e-02,-2.672416390851140022e-03,-2.389992401003837585e-02,1.253766473382711411e-02,-3.494874015450477600e-02,1.064395532011985779e-02,-1.780087314546108246e-02,-2.026922442018985748e-02,2.009944431483745575e-02,-3.222163650207221508e-04,-1.520191878080368042e-02,-1.875752233900129795e-03,-2.742614224553108215e-02,-3.664981632027775049e-04,-2.485330961644649506e-02,-1.466645579785108566e-02,-3.484426066279411316e-02,4.440423101186752319e-03,-1.456197537481784821e-02,-4.825694952160120010e-03,2.956799417734146118e-02,3.766523674130439758e-02,1.255398965440690517e-03,-1.808819361031055450e-03,1.458809524774551392e-02,1.385673228651285172e-02,7.359348237514495850e-03,-2.439620718359947205e-02,-1.185201108455657959e-02,-4.130246583372354507e-03,-1.210668310523033142e-02,2.342976070940494537e-02,-1.531945914030075073e-02,-2.536918269470334053e-03,-2.174501307308673859e-02,6.076196674257516861e-03,4.773454740643501282e-03,2.220211550593376160e-02,3.614373737946152687e-03,-3.568010404706001282e-02,1.763109117746353149e-03,-1.598837989149615169e-04,-1.076149567961692810e-02,-1.093780715018510818e-02,4.220034461468458176e-04,1.625162200070917606e-03,7.770740427076816559e-03,-6.908775772899389267e-03,3.325419733300805092e-03,-3.477243008092045784e-03,1.931584067642688751e-02,-5.703984759747982025e-03,-8.391093579120934010e-04,2.150993235409259796e-02,-5.651744082570075989e-03,4.606938920915126801e-03,1.909381896257400513e-02,-2.486636862158775330e-02,2.008638344705104828e-02,9.501199238002300262e-03,-1.351717021316289902e-02,2.476188912987709045e-02,7.072026841342449188e-03,2.310325950384140015e-02,8.090712130069732666e-03,-3.630698891356587410e-03,3.379292553290724754e-03,-5.135218799114227295e-02,6.585539318621158600e-03,1.115982793271541595e-02,-3.617638722062110901e-02,2.100058831274509430e-02,5.703984759747982025e-03,-2.016474492847919464e-02,3.895165165886282921e-03,2.836646698415279388e-02,1.650792546570301056e-02,1.471869647502899170e-02,-5.047716200351715088e-03,-9.122457355260848999e-03,-2.070020698010921478e-02,-1.917217858135700226e-02,1.204138249158859253e-02,2.614625543355941772e-02,-4.283702373504638672e-02,-1.272050570696592331e-02,1.846367027610540390e-03,-1.176712103188037872e-02,-1.689972728490829468e-02,-2.587199397385120392e-02,1.836245507001876831e-02,-4.330718517303466797e-02,-4.737539682537317276e-03,-1.556760072708129883e-02,1.010849233716726303e-02,2.881050854921340942e-02,-2.311632037162780762e-02,6.334132980555295944e-03,-3.463529795408248901e-02,3.124621231108903885e-03,1.870201714336872101e-02,-1.575044170022010803e-02,-6.467998493462800980e-03,-1.228299364447593689e-02,3.651595115661621094e-02,1.353023014962673187e-02,3.100460022687911987e-02,1.935501955449581146e-02,-7.731560152024030685e-03,1.817961409687995911e-02,-1.209362316876649857e-02,-1.505825854837894440e-02,1.048070378601551056e-03,-1.398733258247375488e-02,-8.149482309818267822e-03,1.789229363203048706e-02,5.244433414191007614e-04,2.755674347281455994e-02,1.383061148226261139e-02,4.946500528603792191e-03,-8.332323282957077026e-03,6.536563858389854431e-03,1.562310615554451942e-03,8.766570244915783405e-04,-1.645568571984767914e-02,6.327603012323379517e-03,6.598599255084991455e-03,-1.721316948533058167e-02,-7.411588449031114578e-03,4.006175789982080460e-03,-4.642853979021310806e-03,-6.810825318098068237e-03,4.061681032180786133e-02,1.481011696159839630e-02,2.226741611957550049e-02,-2.931985305622220039e-03,2.205845527350902557e-02,-1.277274638414382935e-02,2.333834022283554077e-02,1.722622849047183990e-02,5.056695081293582916e-04,3.197675978299230337e-04,3.087400086224079132e-02,2.465740777552127838e-02,2.967900363728404045e-03,-4.757129587233066559e-03,2.268533781170845032e-02,-6.347192917019128799e-03,-8.613114245235919952e-03,5.611747837974689901e-05,-2.988143451511859894e-02,-5.462373141199350357e-03,-3.346642246469855309e-03,-1.202342449687421322e-03,1.800983399152755737e-02,-1.595940254628658295e-02,-1.775353011908009648e-04,-5.135871469974517822e-03,2.677313983440399170e-03,-2.721718139946460724e-02,4.040785133838653564e-02,-6.921835709363222122e-03,-2.374320290982723236e-02,2.341670170426368713e-02,-1.100310683250427246e-02,-3.069115988910198212e-02,-2.050430700182914734e-02,-1.656016521155834198e-02,1.204791292548179626e-02,-9.259588085114955902e-03,3.199716657400131226e-02,2.205845527350902557e-02,-1.202179212123155594e-02,1.014114264398813248e-02,1.268132589757442474e-02,-8.978796191513538361e-03,7.778902654536068439e-04,5.785610061138868332e-03,7.901340723037719727e-03,-8.678414858877658844e-03,8.273553103208541870e-03,-4.192281886935234070e-02,6.947956047952175140e-03,-2.126179076731204987e-02,-3.421737626194953918e-02,2.024310454726219177e-02,-1.037622336298227310e-02,1.003013178706169128e-02,-4.007808165624737740e-04,-1.665158569812774658e-02,7.640139665454626083e-03,2.023004554212093353e-02,8.110302500426769257e-03,1.978600211441516876e-02,-1.973376236855983734e-02,-2.820974588394165039e-02,-1.162345986813306808e-02,1.863671652972698212e-02,5.067306105047464371e-03,1.496683806180953979e-02,-3.447857918217778206e-03,8.116832002997398376e-03,-4.084536340087652206e-03,-7.048355182632803917e-04,-2.891498990356922150e-02,3.059320850297808647e-03,6.379843223839998245e-03,1.863671652972698212e-02,6.650839466601610184e-03,-3.088705940172076225e-03,-7.326697930693626404e-03,2.080468833446502686e-02,-1.653404533863067627e-02,2.473250264301896095e-03,-3.395617706701159477e-03,2.282899804413318634e-02,-2.930679172277450562e-02,1.730458927340805531e-03,5.591341760009527206e-04,-7.013256195932626724e-03,1.797065325081348419e-02,-9.736280888319015503e-03,5.178316961973905563e-03,-8.332323282957077026e-03,-2.852318808436393738e-02,-8.756775408983230591e-03,1.231564395129680634e-02,1.063089538365602493e-02,3.032547794282436371e-02,-2.657723845914006233e-03,-1.454891543835401535e-02,-3.873616084456443787e-02,1.957704126834869385e-02,-4.479603376239538193e-03,2.223476534709334373e-03,1.717398874461650848e-03,-2.536265179514884949e-02,-1.832327432930469513e-02,3.702529240399599075e-03,2.359954267740249634e-02,8.397623896598815918e-03,-1.053947489708662033e-02,-1.399876055074855685e-04,2.813138626515865326e-02,-3.121356107294559479e-02,3.359049558639526367e-02,2.518960507586598396e-03,-1.717398874461650848e-02,-2.083080820739269257e-03,5.929270759224891663e-03,1.891097798943519592e-02,-1.413099374622106552e-02,-5.106486380100250244e-03,-5.557058844715356827e-03,-1.701726764440536499e-02,-8.789425715804100037e-03,1.332535030087456107e-04,1.035663392394781113e-02,2.838932210579514503e-03,-1.930277980864048004e-02,9.435898624360561371e-03,-1.551536004990339279e-02,2.494473010301589966e-03,-2.958105411380529404e-03,-1.422241423279047012e-02,1.511049829423427582e-02,-3.336847294121980667e-03,5.011801142245531082e-03,2.273757755756378174e-02,-2.886275015771389008e-02,1.194343157112598419e-02,1.492765732109546661e-02,1.705644838511943817e-02,4.104228355572558939e-05,1.302741700783371925e-03,5.899885669350624084e-03,-1.851917617022991180e-02,1.969458162784576416e-02,-4.522048402577638626e-03,-8.325792849063873291e-03,1.443137507885694504e-02,7.091616746038198471e-03,-2.336119534447789192e-03,6.928366143256425858e-03,-9.964832104742527008e-03,-3.682939102873206139e-03,1.478399708867073059e-02,1.234176452271640301e-03,-2.865052316337823868e-03,-5.188111681491136551e-03,-2.148381201550364494e-03,5.442783236503601074e-03,-6.223122123628854752e-03,-1.643119729124009609e-03,-5.710514727979898453e-03,-3.116132132709026337e-02,-1.846693642437458038e-02,3.703835234045982361e-02,-1.038928423076868057e-02,-2.414806559681892395e-02,-1.050029415637254715e-02,6.118641700595617294e-03,-3.803091868758201599e-02,-3.123968280851840973e-02,-1.819267496466636658e-02,2.294653840363025665e-02,2.115730941295623779e-02,1.299476716667413712e-02,1.371307112276554108e-02,1.070272549986839294e-02,5.890090484172105789e-03,9.488139301538467407e-03,-3.194492682814598083e-02,4.444504447747021914e-04,-5.501553416252136230e-03,-2.242413721978664398e-02,-9.070216678082942963e-03,-3.568663494661450386e-03,-1.676912605762481689e-02,-1.979906298220157623e-02,3.732567280530929565e-02,7.294047623872756958e-03,-1.618142426013946533e-02,2.118342928588390350e-02,8.698005229234695435e-03,-1.761803217232227325e-02,-5.054246168583631516e-03,4.407772794365882874e-03,2.371708303689956665e-02,-1.254419516772031784e-02,-3.999645821750164032e-03,-3.186656627804040909e-03,-7.143856957554817200e-03,1.148632913827896118e-02,1.291640661656856537e-02,-3.001203574240207672e-02,-1.927665993571281433e-02,1.736989058554172516e-02,-1.960642635822296143e-03,-1.780087314546108246e-02,-2.234904095530509949e-03,1.572432182729244232e-02,-1.000727643258869648e-03,-7.058966439217329025e-03,1.825797557830810547e-02,-2.247964264824986458e-03,-7.006726227700710297e-03,-8.613114245235919952e-03,-1.996884308755397797e-02,-7.816450670361518860e-03,-1.973376236855983734e-02,1.995578408241271973e-02,-1.414405368268489838e-02,4.156366456300020218e-03,1.753967069089412689e-02,-2.891498990356922150e-02,1.431383378803730011e-02,5.762754939496517181e-03,2.855257363989949226e-03,1.567208091728389263e-04,2.342649735510349274e-03,-2.610707469284534454e-02,-2.505900629330426455e-04,-6.526768673211336136e-03,2.077856846153736115e-02,3.194492682814598083e-02,-2.140545099973678589e-02,1.162999030202627182e-02,1.174753066152334213e-02,-1.034357398748397827e-02,-3.712324192747473717e-03,-3.455694019794464111e-02,-1.433995459228754044e-02,-8.299672976136207581e-03,2.701801480725407600e-03,-9.220408275723457336e-03,4.133511334657669067e-03,-2.719106152653694153e-02,-2.289429865777492523e-02,7.633609697222709656e-03,-1.633814536035060883e-02,-2.172868698835372925e-03,1.999757587909698486e-01,-2.034758590161800385e-02,-4.983232356607913971e-04,3.241508826613426208e-02,4.871405195444822311e-03,9.501199238002300262e-03,1.977294310927391052e-02,-9.488139301538467407e-03,-1.893709786236286163e-02,-1.106840744614601135e-02,-1.035010349005460739e-02,-3.885370213538408279e-03,-5.622358992695808411e-03,4.724479280412197113e-03,2.201927453279495239e-02,-1.650792546570301056e-02,-3.510546311736106873e-02,-2.734778262674808502e-02,-4.979150835424661636e-03,-4.999393969774246216e-02,2.218905463814735413e-02,3.839659970253705978e-03,-1.791841350495815277e-02,-3.361661359667778015e-02,-1.869222149252891541e-03,1.832327432930469513e-02,-2.773958444595336914e-02,-5.122811533510684967e-03,4.223625734448432922e-02,-6.265567615628242493e-03,-2.800078503787517548e-02,-8.391093462705612183e-03,6.154556758701801300e-03,-1.171488035470247269e-02,-2.554549276828765869e-02,3.509893140289932489e-04,2.836646698415279388e-02,-1.955092139542102814e-02,1.015420258045196533e-02,-1.991660334169864655e-02,3.272853046655654907e-02,-7.562595419585704803e-04,-1.826777006499469280e-03,-1.687360741198062897e-02,-2.012882847338914871e-03,2.800078503787517548e-02,-3.807009663432836533e-03,2.770366845652461052e-03,1.355798332951962948e-03,3.496833145618438721e-03,-3.714283183217048645e-02,3.318073577247560024e-04,4.777372628450393677e-02,5.161991808563470840e-03,1.302741747349500656e-02,-1.361512113362550735e-03,4.009441006928682327e-03,1.346492953598499298e-02,-7.032846566289663315e-03,-1.194343157112598419e-02,1.345186959952116013e-02,1.044152397662401199e-02,8.244167547672986984e-04,2.674701809883117676e-02,-2.204539440572261810e-02,3.727343305945396423e-02,-4.380346834659576416e-02,-1.560678123496472836e-03,2.768734470009803772e-03,-1.144714932888746262e-02,-3.216041717678308487e-03,-1.838857494294643402e-02,4.877935163676738739e-03,2.059572748839855194e-02,-6.868779310025274754e-04,1.134919840842485428e-02,1.934196054935455322e-02,1.309067738475278020e-04,1.911667408421635628e-03,1.520191878080368042e-02,-1.089862640947103500e-02,-1.376531179994344711e-02,-2.203886397182941437e-03,-2.613645978271961212e-03,1.221116352826356888e-02,-4.385570809245109558e-02,1.730458997189998627e-02,1.563290134072303772e-02,-2.058266662061214447e-02,9.115926921367645264e-03,1.699114777147769928e-02,-2.397828362882137299e-02,1.052641496062278748e-02,2.958105411380529404e-03,-1.448361482471227646e-02,1.350411027669906616e-02,9.638329967856407166e-03,1.676912605762481689e-02,-1.897627860307693481e-02,6.285157520323991776e-03,-2.481412887573242188e-02,-8.789425715804100037e-03,1.079414598643779755e-02,6.954486016184091568e-03,-1.145367976278066635e-02,1.184548158198595047e-02,1.671688631176948547e-02,3.251956775784492493e-02,-8.077652193605899811e-03,-1.250501442700624466e-02,-1.375225093215703964e-02,-2.516674995422363281e-02,1.018032245337963104e-02,4.022500943392515182e-03,1.409181300550699234e-02,-4.926910623908042908e-03,9.697100147604942322e-03,6.203532218933105469e-03,-1.816981937736272812e-03,2.879744861274957657e-03,-1.068966556340456009e-02,2.752409316599369049e-03,2.923822728917002678e-03,2.844482846558094025e-02,1.118268352001905441e-03,-5.152196623384952545e-03,-4.359450563788414001e-02,-1.076149567961692810e-02,-1.496806216891855001e-04,-3.076951950788497925e-02,2.217599563300609589e-02,-2.190173417329788208e-02,-6.206796970218420029e-03,1.841469551436603069e-03,1.576350256800651550e-02,1.179977133870124817e-02,-8.887375704944133759e-03,-2.126179076731204987e-02,-1.236135419458150864e-02,-4.495928529649972916e-03,7.672789972275495529e-03,2.222823537886142731e-02,-1.257847761735320091e-03,-1.033704355359077454e-02,-3.653554012998938560e-03,4.460829368326812983e-04,2.230659499764442444e-02,-1.272050570696592331e-02,1.012808270752429962e-02,-2.621155604720115662e-02,-2.073938772082328796e-02,-1.067660562694072723e-02,7.516068872064352036e-03,-1.944644004106521606e-02,1.925054006278514862e-02,-2.578057348728179932e-02,-1.987742260098457336e-02,-3.936304524540901184e-02,4.962825682014226913e-03,2.703434042632579803e-02,-7.527823001146316528e-02,7.254867814481258392e-03,1.306659821420907974e-02,-1.840163581073284149e-02,-9.462019428610801697e-03,1.129695866256952286e-02,-1.643478870391845703e-01,4.616734106093645096e-03,3.024711646139621735e-02,-7.372408173978328705e-03,4.390794783830642700e-02,1.736989011988043785e-03,5.699413642287254333e-02,-1.065048482269048691e-02,-2.011250518262386322e-02,-1.334085874259471893e-02,1.781393215060234070e-02,-1.096229418180882931e-03,-1.479705702513456345e-02,5.687659606337547302e-03,2.174501307308673859e-03,1.406569313257932663e-02,-2.348200231790542603e-02,1.312536839395761490e-02,2.935903146862983704e-02,9.866881184279918671e-03,3.951976448297500610e-02,9.651389904320240021e-03,-2.300204476341605186e-03,1.895342371426522732e-03,2.644663676619529724e-02,9.631799533963203430e-03,-7.872771820984780788e-04,8.188662119209766388e-03,-1.667770743370056152e-02,-1.699114777147769928e-02,-9.762400761246681213e-03,3.492262214422225952e-02,4.603673703968524933e-03,1.019991282373666763e-02,1.484929677098989487e-02,4.811818653251975775e-04,-2.143157087266445160e-02,-2.613319642841815948e-02,-2.134015038609504700e-02,-6.343927700072526932e-03,-5.566854029893875122e-03,4.281090199947357178e-02,-6.758585106581449509e-03,-1.201526261866092682e-02,-7.522598840296268463e-03,3.278077021241188049e-02,1.115329749882221222e-02,-4.701624158769845963e-03,3.447857918217778206e-03,-2.341017127037048340e-03,5.779080092906951904e-03,-1.500601787120103836e-02,7.796860300004482269e-03,1.563290134072303772e-02,3.872310044243931770e-03,2.660988830029964447e-03,-1.398733258247375488e-02,-9.932181797921657562e-03,-3.006427548825740814e-02,-1.891097798943519592e-02,-1.658628694713115692e-02,-1.696502789855003357e-02,2.512757107615470886e-02,-1.000401191413402557e-02,1.441504922695457935e-03,-2.635521627962589264e-02,-5.599504220299422741e-04,-1.975988224148750305e-02,-1.838857494294643402e-02,1.320372894406318665e-02,-1.236135419458150864e-02,-4.466542974114418030e-03,-3.138497413601726294e-04,-3.487038239836692810e-02,2.834034711122512817e-02,2.295306883752346039e-03,-1.228952407836914062e-02,1.897627860307693481e-02,-8.058061823248863220e-03,7.534026517532765865e-04,6.505546043626964092e-04,4.466543346643447876e-02,-2.071326784789562225e-02,-1.358247082680463791e-02,2.576098311692476273e-03,-6.850005593150854111e-03,2.070020651444792747e-03,-2.231965586543083191e-02,1.057212520390748978e-02,-1.792494324035942554e-03,7.555249147117137909e-03,-3.855984890833497047e-03,-8.215598645620048046e-04,-2.561079338192939758e-02,2.141851186752319336e-02,-7.457298692315816879e-03,2.192785404622554779e-02,5.537468940019607544e-03,-6.807560566812753677e-04,2.549978205934166908e-03,-1.315801870077848434e-03,-7.013256195932626724e-03,-7.927461527287960052e-03,6.843475624918937683e-03,1.931584067642688751e-02,-2.758286334574222565e-02,1.174753066152334213e-02,-3.131151199340820312e-03,8.110302500426769257e-03,-6.471263710409402847e-03,-1.353349536657333374e-03,9.684040211141109467e-03,7.711969781666994095e-03,1.124471798539161682e-02,1.210668310523033142e-02,3.137028217315673828e-02,-2.042594552040100098e-02,-1.597246341407299042e-02,1.099657732993364334e-02,-8.371503092348575592e-03,4.834837093949317932e-02,7.300578057765960693e-03,-9.351008571684360504e-03,6.863065529614686966e-03,-1.439219433814287186e-02,-1.609000377357006073e-02,-1.313320398330688477e-01,-1.185201108455657959e-02,-3.715589176863431931e-03,5.599503871053457260e-03,1.525415945798158646e-02,2.596341446042060852e-02,5.546447355300188065e-04,-8.665354922413825989e-03,-3.826599800959229469e-03,3.019487671554088593e-02,-1.101616676896810532e-02,-9.749340824782848358e-03,-2.423948608338832855e-02,1.256378553807735443e-02,6.804295349866151810e-03,-1.789229363203048706e-02,2.479780465364456177e-03,-2.340364083647727966e-02,-2.203233353793621063e-02,2.122261002659797668e-02,7.111207116395235062e-03,-5.362790543586015701e-04,-5.197906866669654846e-03,-4.218401759862899780e-02,-2.421010052785277367e-03,1.974682323634624481e-02,-1.394815277308225632e-02,2.429172582924365997e-02,1.124471798539161682e-02,2.948963269591331482e-02,-1.342574972659349442e-02,-1.016726251691579819e-02,-3.304197266697883606e-02,-4.943235777318477631e-03,7.339757867157459259e-03,-2.487942809239029884e-03,-2.789630554616451263e-02,-4.009440913796424866e-02,-6.023956462740898132e-03,7.313637994229793549e-03,1.179977133870124817e-02,1.343880966305732727e-02,4.855080042034387589e-03,-9.220408275723457336e-03,1.790535263717174530e-02,-1.376531179994344711e-02,-9.409778751432895660e-03,1.633814536035060883e-02,1.595940254628658295e-02,-1.444770023226737976e-03,-1.701726764440536499e-02,-1.181936170905828476e-02,-9.481608867645263672e-03,-1.994272321462631226e-02,1.133613847196102142e-02,-2.020392566919326782e-02,3.652737650554627180e-04,4.587349016219377518e-03,-4.894260317087173462e-03,1.125777885317802429e-02,1.303966128034517169e-04,-1.524109859019517899e-02,1.959010114660486579e-04,4.338554665446281433e-02,1.692584715783596039e-02,-1.461421605199575424e-02,-6.484323646873235703e-03,-8.906966075301170349e-03,8.619644679129123688e-03,-4.393406957387924194e-02,1.797391800209879875e-03,1.731764897704124451e-02,-4.473073408007621765e-03,3.675103187561035156e-02,-1.975988224148750305e-02,-2.605891786515712738e-04,3.330317325890064240e-03,-3.440021723508834839e-02,2.075244672596454620e-02,-2.128791064023971558e-02,-2.477494813501834869e-02,-2.203233353793621063e-02,-1.203974941745400429e-03,-1.229605358093976974e-02,3.876228258013725281e-02,-4.972620867192745209e-03,8.782895747572183609e-04,3.799663390964269638e-04,-1.846693642437458038e-02,-6.725934799760580063e-03,1.316454820334911346e-02,1.914605870842933655e-02,1.989048346877098083e-02,-2.120954915881156921e-02,-2.440926618874073029e-02,4.851815290749073029e-03,-1.475787628442049026e-02,-2.536265179514884949e-02,-8.619644679129123688e-03,-3.519688267260789871e-03,-2.784406393766403198e-02,-1.585492305457592010e-02,-2.272451855242252350e-02,2.028228528797626495e-02,-2.218905463814735413e-02,1.049702987074851990e-03,3.944140393286943436e-03,-5.432171747088432312e-04,1.311230845749378204e-02,-1.661077403696253896e-04,1.481501385569572449e-03,-5.831320304423570633e-03,-2.687761932611465454e-02,1.932889968156814575e-02,-9.076747111976146698e-03,-1.362165063619613647e-02,-3.993115853518247604e-03,5.546447355300188065e-04,-3.803744679316878319e-03,1.134919840842485428e-02,7.992761209607124329e-03,2.993367612361907959e-02,6.817355286329984665e-03,9.422838687896728516e-03,1.199077465571463108e-03,2.517981082201004028e-02,-1.541087985970079899e-03,1.380449160933494568e-02,-5.560324061661958694e-03,6.428818218410015106e-03,1.240053400397300720e-02,-1.834939606487751007e-02,2.038676664233207703e-02,-6.928366143256425858e-03,9.697100147604942322e-03,1.529333926737308502e-02,-9.468548931181430817e-03,-2.187561430037021637e-02,8.841665461659431458e-03,1.757885143160820007e-02,3.591518476605415344e-02,3.685551136732101440e-02,-1.802289299666881561e-02,-3.331949701532721519e-03,1.355635002255439758e-02,-8.319263346493244171e-03,1.665158569812774658e-02,-1.854529604315757751e-02,-1.178018096834421158e-02,2.559773251414299011e-02,3.218000754714012146e-02,-1.542393956333398819e-02,2.297265827655792236e-02,2.831422723829746246e-02,-3.876228258013725281e-02,-1.420935336500406265e-02,-2.768734283745288849e-02,-4.244522005319595337e-02,1.714786887168884277e-02,-2.308367053046822548e-03,-1.144061889499425888e-02,-4.223625734448432922e-02,1.925054006278514862e-02,2.935903146862983704e-02,-6.162719218991696835e-04,-9.520789608359336853e-03,8.293143473565578461e-03,3.549726307392120361e-02,1.198914181441068649e-02,-1.133777084760367870e-03,3.702529240399599075e-03,-3.298973292112350464e-02,-1.047417428344488144e-02,-2.798119559884071350e-03,4.433893132954835892e-03,1.682136766612529755e-02,-1.183242164552211761e-02,-3.291137050837278366e-03,-6.095786578953266144e-03,2.685476501937955618e-04,-3.902348130941390991e-02,1.403957325965166092e-02,2.089610882103443146e-02,-1.122512854635715485e-02,1.358247082680463791e-02,5.188111681491136551e-03,-5.948860663920640945e-03,1.648180559277534485e-02,-9.623637306503951550e-04,-1.486235670745372772e-02,1.471869647502899170e-02,1.070272549986839294e-02,-1.423547416925430298e-02,6.699814926832914352e-03,1.121859811246395111e-02,-1.708256825804710388e-02,-4.383285122457891703e-04,8.652294985949993134e-03,-9.853821247816085815e-03,1.782699301838874817e-02,-1.235482376068830490e-02,6.889185868203639984e-03,1.804901286959648132e-02,-3.787419758737087250e-03,-6.497383583337068558e-03,-1.260949578136205673e-02,6.621454376727342606e-03,1.307312771677970886e-02,-1.304047740995883942e-02,-1.970764249563217163e-02,-1.060477457940578461e-02,2.484024874866008759e-02,8.613114245235919952e-03,-2.234577573835849762e-02,4.313087556511163712e-03,-5.857440177351236343e-03,-6.305563729256391525e-04,8.045001886785030365e-03,3.121356107294559479e-02,-1.609000377357006073e-02,2.643031300976872444e-03,4.004216939210891724e-02,2.260697633028030396e-02,1.772251166403293610e-02,2.946351282298564911e-02,-2.014515455812215805e-03,-4.362878971733152866e-04,-2.549325302243232727e-02,-4.851815290749073029e-03,-1.170835085213184357e-02,8.187029743567109108e-04,-2.258085645735263824e-02,1.599858328700065613e-02,-9.853821247816085815e-03,-2.514063008129596710e-02,-1.735682971775531769e-02,-2.094508381560444832e-03,1.584186218678951263e-02,2.025616541504859924e-02,2.084386721253395081e-02,-4.205341637134552002e-02,3.727343305945396423e-02,3.197104483842849731e-02,-2.062184736132621765e-02,8.991857059299945831e-03,1.505825854837894440e-02,2.605483494699001312e-02,-1.669239951297640800e-03,-7.790330331772565842e-03,-1.140796951949596405e-02,-3.918020427227020264e-02,1.393509190529584885e-02,7.836040458641946316e-04,2.008638344705104828e-02,-3.541890531778335571e-02,-3.502710163593292236e-02,-6.693284958600997925e-04,-2.771346457302570343e-02,2.496105385944247246e-03,-1.705971313640475273e-03,-1.663852669298648834e-02,4.714684560894966125e-02,-1.841469551436603069e-03,1.603123266249895096e-03,-1.012155227363109589e-02,-2.548019215464591980e-02,-3.787419572472572327e-02,4.001604765653610229e-02,6.516973953694105148e-03,-6.125987856648862362e-04,-4.095637425780296326e-02,-5.217497237026691437e-03,1.560678053647279739e-02,-1.118268352001905441e-03,-9.879941120743751526e-03,2.028228528797626495e-02,-7.222217507660388947e-03,-5.233821924775838852e-03,-3.288524970412254333e-02,3.274811897426843643e-03,2.537571080029010773e-02,-2.469658851623535156e-02,1.167570054531097412e-02,-2.145769074559211731e-02,-3.743015229701995850e-02,4.341166466474533081e-02,2.521899156272411346e-02,-1.106840744614601135e-02,1.018685288727283478e-02,-4.406466707587242126e-02
-1.122072618454694748e-02,1.242220774292945862e-02,-7.699144538491964340e-03,-1.026092283427715302e-02,-2.924293978139758110e-03,3.946933895349502563e-02,-1.640642806887626648e-02,-4.864616319537162781e-03,3.042543248739093542e-04,-1.019877754151821136e-02,3.590632462874054909e-03,3.924837708473205566e-02,-7.750932709313929081e-04,2.347721310798078775e-04,1.882320083677768707e-02,1.193194836378097534e-02,3.032703511416912079e-02,1.629594713449478149e-02,2.814503386616706848e-02,-7.961536757647991180e-03,-8.624423295259475708e-03,1.988657936453819275e-02,1.366511825472116470e-02,2.648091409355401993e-03,-2.356007322669029236e-02,-8.624423295259475708e-03,5.019117379561066628e-04,-1.702788472175598145e-02,1.034033135510981083e-03,-2.027326263487339020e-02,2.897968515753746033e-04,-2.748214825987815857e-02,-1.198718883097171783e-02,-2.801729133352637291e-03,-1.984515041112899780e-02,-1.512208720669150352e-03,-2.353245392441749573e-02,1.079261302947998047e-02,1.374797988682985306e-02,1.091863028705120087e-03,1.433490961790084839e-02,-7.174360100179910660e-03,1.179384719580411911e-02,-1.618546620011329651e-02,-3.651396930217742920e-02,1.997289247810840607e-03,-2.133664302527904510e-02,-4.032556340098381042e-02,-1.893368177115917206e-02,-6.255986634641885757e-03,3.739781677722930908e-02,1.651690900325775146e-02,-6.763508543372154236e-03,-7.229600567370653152e-03,1.013663131743669510e-02,1.845032721757888794e-02,1.230482105165719986e-02,4.002174362540245056e-02,-1.795316301286220551e-02,-1.868509873747825623e-02,-5.196059588342905045e-03,2.152998559176921844e-02,-2.917388919740915298e-03,1.320247910916805267e-02,-1.473540347069501877e-02,-9.245879016816616058e-03,-2.986439503729343414e-03,1.516351755708456039e-02,-1.211838424205780029e-02,-2.541926223784685135e-04,3.604442626237869263e-02,1.116548571735620499e-02,1.142097357660531998e-02,-1.472159288823604584e-02,1.273983996361494064e-02,-3.405576944351196289e-02,-2.791026234626770020e-02,-2.041136473417282104e-02,1.225648634135723114e-02,2.770311012864112854e-02,1.690359227359294891e-02,-2.733023650944232941e-02,-1.635118760168552399e-02,1.538447942584753036e-02,2.541062980890274048e-02,-1.976574130821973085e-04,-2.858695946633815765e-02,3.778450191020965576e-02,1.133293379098176956e-03,-1.386536564677953720e-02,3.052037581801414490e-02,4.118179157376289368e-02,2.005230076611042023e-02,2.112949080765247345e-02,-8.348220959305763245e-03,4.864616319537162781e-03,-3.292333707213401794e-02,3.549202159047126770e-02,1.213780487887561321e-04,-1.022639777511358261e-02,1.807745359838008881e-02,-1.015734672546386719e-02,-1.749742776155471802e-02,-3.181507578119635582e-03,-1.491493545472621918e-02,-8.776334114372730255e-03,-1.553639024496078491e-02,-3.007845208048820496e-02,-1.268459949642419815e-02,-3.598918765783309937e-02,-7.195075042545795441e-03,2.112949080765247345e-02,1.180765684694051743e-02,-2.815884537994861603e-02,4.933667369186878204e-03,-1.787030138075351715e-02,2.005230076611042023e-02,-1.579878292977809906e-02,-1.474921312183141708e-02,-4.086933913640677929e-04,-2.977808238938450813e-03,1.707384581095539033e-05,3.615490719676017761e-02,-2.459583245217800140e-02,-5.804568063467741013e-04,2.360150404274463654e-02,-1.198028307408094406e-02,-5.427379161119461060e-03,-8.065112866461277008e-03,-2.307671867311000824e-02,3.270237520337104797e-02,2.059089578688144684e-02,8.610612712800502777e-03,-5.322422087192535400e-02,-1.362368836998939514e-02,1.717979460954666138e-02,1.153835933655500412e-02,-1.994181983172893524e-02,-6.594334729015827179e-03,-1.107572019100189209e-02,2.546241739764809608e-03,1.418299879878759384e-02,-2.002468146383762360e-02,-1.407251693308353424e-02,1.882320083677768707e-02,3.684541210532188416e-02,7.878676056861877441e-03,8.327505551278591156e-03,-2.917388919740915298e-03,-1.867128908634185791e-02,2.603208646178245544e-02,-7.167454808950424194e-03,1.517732720822095871e-02,-1.280198618769645691e-02,2.974355593323707581e-03,3.331692656502127647e-03,-1.748361811041831970e-02,1.447301078587770462e-02,6.978428573347628117e-04,-2.128485590219497681e-03,-1.684835180640220642e-02,9.964005090296268463e-03,1.412085257470607758e-02,3.264713659882545471e-02,9.756852872669696808e-03,2.176475711166858673e-02,3.027179464697837830e-02,-2.314576879143714905e-02,-5.375591106712818146e-03,-2.502394653856754303e-02,3.281285613775253296e-02,2.699879370629787445e-02,-6.784223951399326324e-03,2.759262919425964355e-02,2.952604740858078003e-02,1.545352954417467117e-02,-6.604692433029413223e-03,2.643257938325405121e-02,-1.053022034466266632e-02,8.817764930427074432e-03,-4.546293243765830994e-02,4.536625929176807404e-03,4.419239982962608337e-02,2.280051633715629578e-02,-2.356352517381310463e-03,-1.429347973316907883e-02,9.097419679164886475e-04,-4.326021764427423477e-03,1.752504892647266388e-02,-8.997296914458274841e-03,1.769077032804489136e-02,6.998280994594097137e-03,-2.103281952440738678e-02,-6.511474028229713440e-03,-6.235547661781311035e-01,-5.178797058761119843e-03,-3.416279563680291176e-03,-9.501365944743156433e-03,2.418152801692485809e-02,1.868509873747825623e-02,1.439015008509159088e-02,9.894954971969127655e-03,-3.074133768677711487e-02,5.617268383502960205e-03,-1.095315557904541492e-03,2.919460460543632507e-02,-2.030088379979133606e-02,-2.542443946003913879e-02,-9.625657461583614349e-03,-1.129668205976486206e-02,-9.756852872669696808e-03,-2.123997174203395844e-02,-1.414156798273324966e-02,3.096920438110828400e-03,-1.546734012663364410e-02,1.878177002072334290e-02,-8.265360258519649506e-03,-1.628213748335838318e-02,-8.113448508083820343e-03,1.445920113474130630e-02,-3.209127811715006828e-03,-2.847647853195667267e-02,-2.643257938325405121e-02,1.253268867731094360e-02,-1.682073250412940979e-02,4.015293903648853302e-03,-3.090015379711985588e-03,-6.414803210645914078e-03,3.847500681877136230e-02,-3.024417348206043243e-02,-1.170408073812723160e-02,2.825551666319370270e-02,3.435268532484769821e-03,3.841976821422576904e-02,-3.477389365434646606e-02,-1.043354906141757965e-02,2.517585828900337219e-02,-7.837246172130107880e-03,-2.104317769408226013e-03,5.623310571536421776e-04,1.987276971340179443e-02,9.245879016816616058e-03,-1.297461241483688354e-02,1.773220114409923553e-02,8.431081660091876984e-03,-5.254752468317747116e-03,-1.134501770138740540e-02,3.035465441644191742e-02,-1.081505441106855869e-03,6.653027608990669250e-03,4.270090535283088684e-02,-1.903035305440425873e-02,-3.043751604855060577e-02,8.990391157567501068e-03,6.728983484208583832e-03,1.679311133921146393e-02,-5.755369551479816437e-03,-2.335292100906372070e-02,-9.639467112720012665e-03,2.880792133510112762e-02,-1.125525217503309250e-02,9.901859797537326813e-03,2.465107291936874390e-02,-8.638232946395874023e-03,2.064613625407218933e-02,1.687597297132015228e-02,-1.176622696220874786e-02,-2.433343976736068726e-02,2.027326263487339020e-02,2.581112459301948547e-02,2.074280753731727600e-02,-2.292480692267417908e-02,-3.546440228819847107e-02,1.191123295575380325e-02,-6.715173367410898209e-03,-1.012282166630029678e-02,-3.988363966345787048e-02,7.623189128935337067e-03,3.679017350077629089e-02,9.038726799190044403e-03,-2.913936413824558258e-02,6.417392287403345108e-04,1.024711318314075470e-02,-7.374606560915708542e-03,-1.672406122088432312e-02,2.447154186666011810e-02,-3.359312890097498894e-03,-1.900273188948631287e-02,3.565774112939834595e-02,9.591131471097469330e-03,-2.007646951824426651e-03,-1.262935902923345566e-02,2.510680817067623138e-02,9.729232639074325562e-03,1.560544129461050034e-02,-1.775982044637203217e-02,2.496870607137680054e-02,-2.767203841358423233e-03,1.864366792142391205e-02,4.805923439562320709e-03,-1.210457459092140198e-02,-1.666882075369358063e-02,4.260423593223094940e-03,-1.745254499837756157e-03,1.444021239876747131e-03,9.625657461583614349e-03,2.818646468222141266e-02,-2.651544054970145226e-03,-6.604692433029413223e-03,-2.459583245217800140e-02,1.392751093953847885e-02,1.726265624165534973e-02,1.305056829005479813e-02,-1.798078231513500214e-02,1.305747311562299728e-02,1.090999878942966461e-02,-2.851790748536586761e-03,-1.033687870949506760e-02,2.291099727153778076e-02,2.386389672756195068e-02,1.086684176698327065e-03,-2.451297268271446228e-02,-2.527252957224845886e-02,-9.446125477552413940e-03,-1.723503693938255310e-02,-1.498398557305335999e-02,2.811741456389427185e-02,-6.188662373460829258e-04,2.723356708884239197e-02,1.764243468642234802e-03,2.303528785705566406e-02,-1.080642268061637878e-02,1.751123927533626556e-02,-2.275908552110195160e-02,1.194575801491737366e-02,2.632555086165666580e-03,2.194428816437721252e-02,7.678429596126079559e-03,-2.103281952440738678e-02,-5.071077868342399597e-02,-3.289571776986122131e-02,-4.231422394514083862e-02,-3.184614703059196472e-02,2.715070545673370361e-02,-4.522815870586782694e-04,-1.963799819350242615e-02,-1.777363009750843048e-02,-6.994828116148710251e-03,1.422442868351936340e-02,-2.382246591150760651e-02,2.144712395966053009e-02,-1.204933412373065948e-02,-1.490112487226724625e-02,-3.145946562290191650e-02,1.218053046613931656e-02,7.712954655289649963e-03,-1.966561749577522278e-02,-1.276055537164211273e-02,4.433050286024808884e-03,-1.532923895865678787e-02,-7.005185820162296295e-03,1.740075834095478058e-02,1.700026355683803558e-02,-1.170408073812723160e-02,3.828166797757148743e-02,6.331942509859800339e-03,-1.021086121909320354e-03,2.916698344051837921e-02,-1.713836565613746643e-02,1.679311133921146393e-02,-1.059236563742160797e-02,-5.234037525951862335e-03,-1.296770758926868439e-02,1.836746558547019958e-02,1.555020082741975784e-02,-1.169717591255903244e-02,-1.782887056469917297e-02,8.790144696831703186e-03,3.126698720734566450e-04,5.986689124256372452e-03,-5.969426594674587250e-03,2.140569314360618591e-02,-2.230335213243961334e-02,1.944465562701225281e-02,-5.019980482757091522e-03,1.966561749577522278e-02,-1.551912748254835606e-03,2.380865626037120819e-02,1.476302370429039001e-02,7.464372552931308746e-03,1.543971989303827286e-02,4.654012154787778854e-03,1.072356197983026505e-02,1.780125126242637634e-02,4.685084801167249680e-03,3.597537521272897720e-03,1.611641608178615570e-02,-1.632356829941272736e-02,1.303675770759582520e-02,-2.542443946003913879e-02,1.238768175244331360e-02,-2.407104708254337311e-02,3.673493117094039917e-02,1.580396201461553574e-03,-2.473393455147743225e-02,-4.941262677311897278e-02,-1.752504892647266388e-02,-1.959656737744808197e-02,-1.095833443105220795e-02,3.344812244176864624e-02,2.667619810381438583e-05,1.123453676700592041e-02,2.560397237539291382e-02,-2.741309814155101776e-02,2.386389672756195068e-02,1.015044189989566803e-02,1.045426446944475174e-02,9.011106565594673157e-03,-3.723209723830223083e-02,8.859194815158843994e-03,6.318132393062114716e-03,2.458202280104160309e-02,2.634971775114536285e-02,-2.291099727153778076e-02,5.489524919539690018e-04,-7.284841034561395645e-03,1.236869371496140957e-03,4.284591414034366608e-03,-1.421061903238296509e-02,4.073986783623695374e-03,8.873005397617816925e-03,-3.115909406915307045e-03,2.844885736703872681e-02,-2.420914918184280396e-02,-1.321628969162702560e-02,3.154232725501060486e-02,2.485822513699531555e-02,-1.495636533945798874e-02,-1.169544993899762630e-03,1.514970697462558746e-02,3.974553942680358887e-02,-2.710236934944987297e-03,1.014353707432746887e-02,3.745996393263339996e-03,1.916154869832098484e-03,1.082713808864355087e-02,-3.383480757474899292e-02,-3.600990166887640953e-03,1.777363009750843048e-02,-2.869744040071964264e-02,-9.073251858353614807e-03,2.489965595304965973e-02,1.785649172961711884e-02,3.143184632062911987e-02,8.935150690376758575e-03,-1.450926298275589943e-03,1.354082766920328140e-02,3.901360323652625084e-03,3.237093240022659302e-02,-1.229101140052080154e-02,-3.305798629298806190e-03,-1.751123927533626556e-02,-1.915464363992214203e-02,2.063232660293579102e-02,-1.016425155103206635e-02,-1.748361811041831970e-02,5.095936357975006104e-03,-1.922369375824928284e-02,2.025945298373699188e-02,2.603208646178245544e-02,1.349939731881022453e-03,1.375488471239805222e-02,1.170408073812723160e-02,-9.390885010361671448e-03,-6.577072199434041977e-03,-5.035171657800674438e-02,4.564246162772178650e-03,-3.535391995683312416e-03,-1.716598495841026306e-02,1.333540189079940319e-03,-3.706637397408485413e-02,-9.218258783221244812e-03,-5.914186127483844757e-03,1.905797235667705536e-02,-4.353641998022794724e-03,2.766168117523193359e-02,-5.810610018670558929e-03,-1.202861871570348740e-02,-1.361678354442119598e-02,-1.383084058761596680e-02,2.329768054187297821e-02,-2.070137672126293182e-02,1.927893422544002533e-02,-5.997046828269958496e-03,-1.142787840217351913e-02,-1.383084058761596680e-02,-2.528979210183024406e-03,-1.029544789344072342e-02,4.209326207637786865e-02,3.079657815396785736e-02,1.727646589279174805e-02,-2.698498405516147614e-02,7.509255665354430676e-04,9.908764623105525970e-04,3.348955418914556503e-03,2.650162950158119202e-02,-1.882320083677768707e-02,3.115909348707646132e-04,-1.418990315869450569e-03,-5.282372701913118362e-03,-1.099285949021577835e-02,-1.679311133921146393e-02,1.334748603403568268e-02,8.707283996045589447e-03,1.559681026265025139e-03,-1.039902400225400925e-02,-5.962521303445100784e-03,7.181264925748109818e-03,6.932682543992996216e-02,2.982987090945243835e-02,1.535685919225215912e-02,8.566593169234693050e-04,1.669644191861152649e-02,-1.408632751554250717e-02,-4.419239982962608337e-02,-2.242764271795749664e-02,2.717832662165164948e-02,-1.488731522113084793e-02,1.209766976535320282e-02,-2.138843061402440071e-03,2.118127886205911636e-03,-2.021802216768264771e-02,4.360546823590993881e-03,7.112214225344359875e-04,-1.423823926597833633e-02,1.198891433887183666e-03,-3.953148145228624344e-03,1.295389700680971146e-02,-1.621308736503124237e-02,-1.088410499505698681e-03,-2.459928626194596291e-03,1.514970697462558746e-02,-1.382393483072519302e-02,-1.787030138075351715e-02,1.887844130396842957e-02,2.414009906351566315e-02,7.224421715363860130e-04,-1.448682136833667755e-02,-9.301119484007358551e-03,-1.027473341673612595e-02,2.825551666319370270e-02,-6.905062473379075527e-04,-1.802221313118934631e-02,2.206858061254024506e-02,-9.446125477552413940e-03,1.239458750933408737e-02,1.393441576510667801e-02,-3.140422329306602478e-02,2.300248888786882162e-04,2.326143003301694989e-04,1.377560012042522430e-02,-2.228954248130321503e-02,3.866834938526153564e-02,6.763508543372154236e-03,-2.290754579007625580e-03,1.324390992522239685e-02,1.494255568832159042e-02,-3.698351606726646423e-02,2.734404802322387695e-02,-1.530161872506141663e-02,-2.767549082636833191e-02,-2.771692164242267609e-02,1.026782765984535217e-02,-2.580767031759023666e-03,-2.333911135792732239e-02,2.560397237539291382e-02,-1.575735211372375488e-02,1.396894175559282303e-02,-6.028119474649429321e-03,-4.950929898768663406e-03,-6.180030759423971176e-03,-3.083110321313142776e-03,1.942048780620098114e-03,-1.735932752490043640e-02,-2.263479493558406830e-02,-1.575735211372375488e-02,-1.593688502907752991e-02,-3.735638922080397606e-03,-1.455587148666381836e-02,7.920106872916221619e-03,-2.778597176074981689e-02,2.328732283785939217e-03,4.112655296921730042e-02,2.842123806476593018e-02,3.210854018107056618e-03,1.247226959094405174e-03,9.556606411933898926e-03,-5.113198887556791306e-03,-8.507036603987216949e-03,-9.218258783221244812e-03,6.984470877796411514e-03,-7.264125626534223557e-03,-1.550877001136541367e-02,1.952751725912094116e-02,-1.745599880814552307e-02,-7.001733407378196716e-03,4.743778146803379059e-03,1.264316961169242859e-02,2.933270484209060669e-02,3.074479056522250175e-03,-1.645994256250560284e-03,-1.996944099664688110e-02,-2.654996467754244804e-03,-2.820027619600296021e-02,1.951370574533939362e-02,-1.008139108307659626e-03,-5.461904220283031464e-03,-8.907530456781387329e-03,-2.263134345412254333e-03,-4.609129391610622406e-03,4.733420442789793015e-03,-8.631328120827674866e-03,4.609819874167442322e-02,-9.321833960711956024e-03,8.230834268033504486e-03,3.899979218840599060e-02,-7.381511852145195007e-03,-4.705800209194421768e-03,2.583874389529228210e-02,-1.880939118564128876e-02,3.126612305641174316e-02,-2.111568115651607513e-02,-2.412628754973411560e-02,3.353098407387733459e-02,-6.366467569023370743e-03,1.006067637354135513e-02,-1.331986580044031143e-02,-1.650309935212135315e-02,2.986439503729343414e-03,-2.430582046508789062e-02,1.927893422544002533e-02,-1.443158090114593506e-02,-2.198571898043155670e-02,-2.629102440550923347e-03,-3.727654984686523676e-05,-2.941556647419929504e-02,-1.251887809485197067e-02,5.917638540267944336e-03,6.706541753374040127e-04,-5.955616477876901627e-03,2.850064542144536972e-03,-2.528979210183024406e-03,-2.839361689984798431e-02,-3.250903263688087463e-02,-2.418152801692485809e-02,6.169673521071672440e-03,-2.191666886210441589e-02,-5.189154297113418579e-03,-6.183483637869358063e-03,-6.632312666624784470e-03,-2.650162950158119202e-02,-2.536919899284839630e-02,-1.698645390570163727e-02,-4.772779345512390137e-02,-6.566714495420455933e-03,3.141803434118628502e-03,1.455587148666381836e-02,1.542590931057929993e-02,-3.452531248331069946e-02,-1.031616330146789551e-02,-2.777216210961341858e-02,6.711720954626798630e-03,1.045426446944475174e-02,-1.153145451098680496e-02,-6.093717645853757858e-03,8.454385679215192795e-04,3.745305910706520081e-02,3.297857940196990967e-02,2.108805999159812927e-02,6.190388463437557220e-03,3.915170673280954361e-03,2.875268086791038513e-02,-8.582992479205131531e-03,-1.472159288823604584e-02,2.428855746984481812e-03,-1.281579583883285522e-02,-1.662738993763923645e-02,-8.808270213194191456e-04,3.622999938670545816e-04,1.164366141892969608e-03,7.402226794511079788e-03,2.301112050190567970e-03,2.181999851018190384e-03,7.022448349744081497e-03,4.826638847589492798e-03,1.553639024496078491e-02,-2.919460460543632507e-02,-1.246363762766122818e-02,-1.426758593879640102e-03,-2.281432598829269409e-02,1.778744161128997803e-02,1.078570727258920670e-02,-1.171098556369543076e-02,-1.590926386415958405e-02,2.938794530928134918e-02,-1.068213209509849548e-02,8.693473413586616516e-03,-3.236748045310378075e-03,2.435760805383324623e-03,-1.239458750933408737e-02,2.777216210961341858e-02,-3.362765535712242126e-03,-2.662592194974422455e-02,-1.908559352159500122e-02,1.829841546714305878e-02,3.571298345923423767e-02,2.009373158216476440e-02,-1.358225755393505096e-02,1.727646589279174805e-02,9.542796760797500610e-03,-2.980224974453449249e-02,-1.767696067690849304e-02,-2.499632537364959717e-02,1.606117561459541321e-02,-2.271765656769275665e-02,2.313195914030075073e-02,1.632356829941272736e-02,-5.800252314656972885e-03,-2.598029677756130695e-04,9.190638549625873566e-03,-1.251887809485197067e-02,-3.957981988787651062e-02,2.949842624366283417e-02,9.964005090296268463e-03,-3.471865504980087280e-02,-2.218251349404454231e-03,-1.821555569767951965e-02,-1.894749142229557037e-02,-1.057855598628520966e-02,-1.546734012663364410e-02,1.129668205976486206e-02,-2.075661718845367432e-02,3.800546377897262573e-02,2.302147820591926575e-02,1.111024525016546249e-02,-1.144514069892466068e-03,5.544765386730432510e-03,5.292730405926704407e-03,8.803954347968101501e-03,-7.277935743331909180e-03,1.617165654897689819e-02,2.169915940612554550e-03,-5.948711186647415161e-03,-8.555372245609760284e-03,2.176475711166858673e-02,-2.138843061402440071e-03,-3.861311078071594238e-02,2.994035184383392334e-02,-1.477683335542678833e-02,-2.073245123028755188e-03,4.053271841257810593e-03,-5.675961263477802277e-03,4.153395071625709534e-03,2.155760489404201508e-02,-2.201334014534950256e-02,4.360546823590993881e-03,-1.959656737744808197e-02,-2.866981923580169678e-02,-1.789792254567146301e-02,7.050069049000740051e-03,-3.234331309795379639e-02,3.347574174404144287e-02,3.778363752644509077e-04,-3.597537521272897720e-03,-8.106543682515621185e-03,-5.261657759547233582e-03,-1.895439694635570049e-03,-2.660175319761037827e-03,5.026885308325290680e-03,3.438721178099513054e-03,-1.520494744181632996e-02,-4.767945501953363419e-03,2.428855746984481812e-03,2.448535151779651642e-02,-2.275908552110195160e-02,1.726265624165534973e-02,1.952751725912094116e-02,2.844885736703872681e-02,3.191433497704565525e-04,2.501358976587653160e-03,-1.131739746779203415e-02,1.423823926597833633e-02,3.859929973259568214e-03,-4.022198729217052460e-03,-6.849822122603654861e-03,7.160549983382225037e-03,3.880645148456096649e-03,-7.561043370515108109e-03,2.430582046508789062e-02,1.469915150664746761e-03,1.444539055228233337e-02,-1.318003749474883080e-03,-1.419680844992399216e-02,-2.441630139946937561e-02,-1.273983996361494064e-02,8.002967573702335358e-03,2.260717377066612244e-02,-1.580612006364390254e-04,-1.864366792142391205e-02,-7.947727106511592865e-03,-1.479064393788576126e-02,1.905797235667705536e-02,-1.724884659051895142e-02,-2.477191155776381493e-03,2.055982360616326332e-03,4.051890596747398376e-02,-1.658596098423004150e-02,3.361384570598602295e-02,-1.787030138075351715e-02,1.440568710677325726e-03,-8.541562594473361969e-03,1.559163071215152740e-02,2.734404802322387695e-02,-6.083359941840171814e-03,-2.280828484799712896e-04,-1.380322035402059555e-02,-1.175241637974977493e-02,-7.298651151359081268e-03,-3.824757368420250714e-05,2.259336411952972412e-02,1.484588440507650375e-02,2.076697535812854767e-03,1.680692285299301147e-02,-1.154526416212320328e-02,3.035465441644191742e-02,-5.503335036337375641e-03,-1.195956859737634659e-02,1.025401800870895386e-02,-4.999265074729919434e-03,1.694502308964729309e-02,4.156847670674324036e-02,-2.238621190190315247e-02,-2.179237641394138336e-02,-1.784958643838763237e-03,3.248141333460807800e-02,8.596803061664104462e-03,3.058942733332514763e-03,-3.010607324540615082e-02,3.115909406915307045e-03,2.317338995635509491e-02,-1.629594713449478149e-02,-8.355125784873962402e-03,-1.966216601431369781e-03,-4.685084801167249680e-03,-1.135882828384637833e-02,1.182837225496768951e-02,-1.822936534881591797e-02,5.755369551479816437e-03,1.749742776155471802e-02,-7.588663604110479355e-03,-2.999559231102466583e-02,-1.452825125306844711e-02,1.272603031247854233e-02,9.784474037587642670e-03,1.520494744181632996e-02,-1.506684627383947372e-02,-1.788411103188991547e-02,-2.974700927734375000e-02,-2.633590810000896454e-02,3.278523683547973633e-02,-5.707034375518560410e-03,-9.736138395965099335e-03,-8.127258159220218658e-03,-4.440818447619676590e-04,-3.781212121248245239e-02,-4.305306356400251389e-03,1.370654907077550888e-03,9.991625323891639709e-03,3.955219686031341553e-02,1.028854306787252426e-02,1.746980845928192139e-02,2.346340194344520569e-02,1.240149233490228653e-02,3.438721224665641785e-02,-2.636352926492691040e-02,-7.699144538491964340e-03,-1.730408705770969391e-02,-1.943084597587585449e-02,1.238768175244331360e-02,1.711074449121952057e-02,-1.366511825472116470e-02,-7.880402845330536366e-04,2.461654832586646080e-03,5.938353948295116425e-03,-1.358916331082582474e-02,2.240002341568470001e-02,1.249816268682479858e-02,-1.948953839018940926e-03,1.490112487226724625e-02,-8.624584552308078855e-06,1.430728938430547714e-02,-3.262642072513699532e-03,-1.523256767541170120e-02,-2.980224974453449249e-02,5.095936357975006104e-03,-1.113096065819263458e-02,2.583874389529228210e-02,-2.238621190190315247e-02,-2.059089578688144684e-02,3.156994655728340149e-02,-1.221505552530288696e-02,-3.101754002273082733e-02,-4.068462923169136047e-02,-5.230584647506475449e-03,-5.496429745107889175e-03,-1.108953077346086502e-02,3.115564212203025818e-02,9.791378863155841827e-03,-1.253959350287914276e-02,1.444539055228233337e-02,-1.196647342294454575e-02,3.528486937284469604e-03,-2.853171899914741516e-02,1.607498526573181152e-02,-1.771838963031768799e-02,8.721093647181987762e-03,-1.001234073191881180e-02,-1.677930168807506561e-02,1.198718883097171783e-02,-4.084344487637281418e-03,2.922222390770912170e-02,-2.130902372300624847e-02,-2.137116855010390282e-03,-2.532777003943920135e-02,-8.493226952850818634e-03,-2.652925066649913788e-02,3.259189426898956299e-02,3.695589303970336914e-02,3.197974592694663443e-06,-1.743528293445706367e-03,1.075808703899383545e-02,9.915669448673725128e-03,-1.218743529170751572e-02,-4.388857632875442505e-02,-2.035612426698207855e-02,-2.133664302527904510e-02,2.672259230166673660e-03,-1.049569528549909592e-02,1.720741577446460724e-02,-2.151617407798767090e-02,-1.344415638595819473e-02,-5.202964413911104202e-03,-2.081185765564441681e-02,4.674727097153663635e-03,1.540105193853378296e-01,-1.122763194143772125e-02,-1.459730230271816254e-02,2.505156770348548889e-02,3.977315966039896011e-03,-1.459730230271816254e-02,2.455440163612365723e-02,9.024917148053646088e-03,-1.769077032804489136e-02,-1.443158090114593506e-02,-1.640642806887626648e-02,-5.168439354747533798e-03,-1.647548004984855652e-02,3.801236860454082489e-03,2.083947882056236267e-02,-1.940322481095790863e-02,-2.288337796926498413e-02,-2.154379524290561676e-02,-4.502100870013237000e-03,-4.543531313538551331e-02,3.872359171509742737e-02,9.542796760797500610e-03,-1.810507476329803467e-02,-1.191123295575380325e-02,2.947080694139003754e-02,3.005083277821540833e-02,3.236748161725699902e-04,-2.996797114610671997e-02,3.038227558135986328e-02,1.879903255030512810e-03,-4.148561507463455200e-02,-3.928980790078639984e-03,1.258792914450168610e-02,-5.389401223510503769e-03,-2.226192131638526917e-02,8.687431691214442253e-04,4.720300808548927307e-02,-1.094452384859323502e-02,1.181456167250871658e-02,3.381754271686077118e-03,2.024564333260059357e-02,1.024711318314075470e-02,-1.066832151263952255e-02,-2.030088379979133606e-02,-3.207401605322957039e-03,1.572973281145095825e-02,7.429847493767738342e-03,-1.414156798273324966e-02,1.528608263470232487e-03,3.278523683547973633e-02,-2.195809967815876007e-02,-2.009373158216476440e-02,6.037786602973937988e-02,9.131944971159100533e-04,2.271765656769275665e-02,-1.945846527814865112e-02,-6.794581655412912369e-03,1.044735964387655258e-02,-1.908559352159500122e-02,2.188904909417033195e-03,1.742837764322757721e-02,1.708312518894672394e-02,-1.610605861060321331e-03,2.966414764523506165e-02,-1.715217530727386475e-02,3.203948959708213806e-02,-2.748214825987815857e-02,1.012972649186849594e-02,2.501013688743114471e-02,-8.776334114372730255e-03,-2.705403417348861694e-02,-1.338201109319925308e-02,8.589897304773330688e-03,6.573619320988655090e-03,-3.493961645290255547e-03,6.214556284248828888e-03,2.299385890364646912e-02,2.833837643265724182e-02,1.672406122088432312e-02,1.609742641448974609e-03,1.232553645968437195e-02,-1.495636533945798874e-02,-1.353392261080443859e-03,3.594085108488798141e-03,-6.877442356199026108e-03,-3.145946562290191650e-02,2.607351541519165039e-02,1.708312518894672394e-02,-2.307671867311000824e-02,2.256574481725692749e-02,2.855933830142021179e-02,-2.028707414865493774e-02,1.146240346133708954e-02,-5.655246321111917496e-03,-1.078570727258920670e-02,2.059089578688144684e-02,-5.900376010686159134e-03,-3.314429894089698792e-03,-1.174551155418157578e-02,-1.241530198603868484e-02,-3.411100804805755615e-02,-7.768195122480392456e-03,6.656480487436056137e-03,-5.879660602658987045e-03,-1.523256767541170120e-02,2.045624656602740288e-03,1.502541638910770416e-02,2.373960427939891815e-02,2.521728910505771637e-02,-1.484588440507650375e-02,-7.222695276141166687e-03,-2.416771836578845978e-02,4.319116473197937012e-03,-9.004201740026473999e-03,2.045624656602740288e-03,1.150383427739143372e-02,-2.720594592392444611e-02,-6.359562743455171585e-03,-5.927996244281530380e-03,4.291496239602565765e-03,3.271273453719913960e-04,-1.434872020035982132e-02,-1.189051754772663116e-02,2.057708613574504852e-02,3.611347638070583344e-03,-1.085475832223892212e-02,-2.753738872706890106e-02,-1.584021374583244324e-02,1.082713808864355087e-02,-9.743043221533298492e-03,1.927893422544002533e-02,-8.900625631213188171e-03,-1.890606060624122620e-02,-8.044397458434104919e-03,-1.102047972381114960e-02,1.557782106101512909e-02,-5.600005853921175003e-03,-4.051890596747398376e-02,-5.789895076304674149e-03,-2.111222827807068825e-03,1.440396066755056381e-02,2.025945298373699188e-02,-1.262935902923345566e-02,6.224913988262414932e-03,2.061851695179939270e-02,-2.579040825366973877e-03,2.429201081395149231e-02,-2.681926265358924866e-02,1.095833443105220795e-02,-3.342050313949584961e-02,-2.900126203894615173e-02,7.595568895339965820e-03,-5.089031066745519638e-03,9.245879016816616058e-03,2.518966794013977051e-02,-3.121088258922100067e-02,-4.010460153222084045e-02,-4.305997118353843689e-02,1.122072688303887844e-03,1.788411103188991547e-02,-7.578996568918228149e-02,-2.332530170679092407e-02,-2.770656254142522812e-03,-2.369817532598972321e-02,-1.521875802427530289e-02,5.341066047549247742e-03,-1.761067211627960205e-01,1.516351755708456039e-02,1.566068269312381744e-02,-2.014897204935550690e-02,4.040842503309249878e-02,-4.629844333976507187e-03,3.864073008298873901e-02,-2.532431622967123985e-03,-2.408140571787953377e-03,-2.013516239821910858e-02,-1.062516472302377224e-03,9.363264776766300201e-03,-1.086856797337532043e-02,-1.433490961790084839e-02,-5.713939201086759567e-03,1.120691653341054916e-02,-3.002321161329746246e-02,1.072356197983026505e-02,2.177856676280498505e-02,2.615637704730033875e-02,1.704169437289237976e-02,5.092483479529619217e-03,1.567449234426021576e-02,-8.030587807297706604e-03,3.021655417978763580e-02,1.138644851744174957e-02,2.280828484799712896e-04,1.109643559902906418e-02,-1.978300511837005615e-03,-2.610113658010959625e-02,-1.436252985149621964e-02,-2.339089987799525261e-04,4.189991950988769531e-02,4.122322425246238708e-03,2.409866824746131897e-02,8.182498626410961151e-03,-5.510239861905574799e-03,-3.065847791731357574e-02,-1.468016300350427628e-02,1.158324186690151691e-03,3.353098407387733459e-02,2.960890717804431915e-02,-2.077042870223522186e-02,-2.866981923580169678e-02,-1.231172680854797363e-02,4.004936292767524719e-02,-1.647548004984855652e-02,-9.156112559139728546e-03,2.220668084919452667e-02,-2.045279555022716522e-02,1.448682136833667755e-02,1.508065685629844666e-02,8.085828274488449097e-03,2.375341579318046570e-02,-2.072899788618087769e-02,-2.839361689984798431e-02,-8.053029305301606655e-04,-1.066141668707132339e-02,-2.523109875619411469e-02,-1.669644191861152649e-02,-6.787676364183425903e-03,-3.344812244176864624e-02,1.769077032804489136e-02,-1.691740378737449646e-02,-1.498398557305335999e-02,-4.049818962812423706e-03,-1.022639777511358261e-02,-3.024417441338300705e-03,-1.542590931057929993e-02,1.833984628319740295e-02,-2.596303448081016541e-02,1.004686579108238220e-02,7.913202047348022461e-03,-2.061851695179939270e-02,2.844885736703872681e-02,-1.378250494599342346e-02,-2.431963011622428894e-02,1.651690900325775146e-02,1.441777031868696213e-02,-4.553888924419879913e-03,9.860428981482982635e-03,4.140275344252586365e-02,-1.287794113159179688e-02,1.097041764296591282e-03,1.307128369808197021e-02,-1.059236563742160797e-02,1.456105033867061138e-03,-4.353641998022794724e-03,1.075808703899383545e-02,-4.022198729217052460e-03,3.293714718893170357e-03,-4.809375852346420288e-03,-7.864866405725479126e-03,-3.209473192691802979e-02,2.963652834296226501e-02,2.958819270133972168e-03,1.851937733590602875e-02,-3.459436353296041489e-03,-4.267328418791294098e-03,-9.045631624758243561e-03,-1.851937733590602875e-02,7.077689282596111298e-03,-3.123850189149379730e-02,1.889225095510482788e-02,2.304909937083721161e-02,-2.832801779732108116e-03,3.946243319660425186e-03,1.350802835077047348e-03,3.275761753320693970e-02,8.755619637668132782e-03,-4.823185969144105911e-03,-7.160549983382225037e-03,2.878030017018318176e-02,2.865600865334272385e-03,5.368686281144618988e-03,2.607351541519165039e-02,2.392604248598217964e-03,-1.485969498753547668e-02,1.483207382261753082e-02,-2.103281952440738678e-02,3.256427496671676636e-02,1.403108704835176468e-02,-2.509990241378545761e-03,1.711074449121952057e-02,-3.704566042870283127e-03,-3.090705908834934235e-02,-1.333505660295486450e-01,-6.922325119376182556e-03,2.702641487121582031e-02,2.974700927734375000e-02,2.560397237539291382e-02,-1.003823475912213326e-03,3.156908205710351467e-04,-5.651793442666530609e-03,-5.921090953052043915e-03,3.676255419850349426e-02,-5.624173209071159363e-03,-1.925131492316722870e-02,-2.361531369388103485e-02,1.720741577446460724e-02,-9.397789835929870605e-03,-1.108953077346086502e-02,-3.901360323652625084e-03,-2.786883153021335602e-02,-2.422295883297920227e-02,3.684541210532188416e-02,1.367892883718013763e-02,1.608879491686820984e-02,1.039902400225400925e-02,-1.918226294219493866e-02,3.055490087717771530e-03,-7.291745860129594803e-03,-1.550877001136541367e-02,1.451444160193204880e-02,7.505802903324365616e-03,-8.776334114372730255e-03,-1.604736596345901489e-02,1.399656198918819427e-02,5.565480329096317291e-03,-6.380277685821056366e-03,4.805923439562320709e-03,-2.846612129360437393e-03,-2.919460460543632507e-02,-2.853171899914741516e-02,2.382246591150760651e-02,-6.373372860252857208e-03,1.613022573292255402e-02,6.249081343412399292e-03,-1.927893422544002533e-02,8.210119791328907013e-03,6.438970565795898438e-03,-3.350336477160453796e-02,1.104119513183832169e-02,6.321584805846214294e-03,1.578497327864170074e-02,-8.816901827231049538e-04,7.188170216977596283e-03,-3.391766548156738281e-02,-1.180765684694051743e-02,-1.209076400846242905e-02,2.402961812913417816e-02,-3.533665789291262627e-03,-3.476698882877826691e-03,1.753885857760906219e-02,-1.134501770138740540e-02,1.276746019721031189e-02,-1.378940977156162262e-02,-4.685084801167249680e-03,2.484096214175224304e-03,2.704022452235221863e-02,3.010607324540615082e-02,-2.777216210961341858e-02,-2.298004738986492157e-02,-3.071371838450431824e-02,2.419533953070640564e-02,-3.355860337615013123e-02,-4.505553224589675665e-04,2.530014887452125549e-02,4.253518301993608475e-03,3.300619870424270630e-02,-2.226192131638526917e-02,-1.144859381020069122e-02,3.994578495621681213e-03,-1.253959350287914276e-02,3.309251274913549423e-03,-1.984515041112899780e-02,-2.781359106302261353e-02,-1.557782106101512909e-02,2.317338995635509491e-02,-2.818646468222141266e-02,8.824669755995273590e-03,-1.399656198918819427e-02,1.385155506432056427e-02,-3.939338028430938721e-03,-2.064613625407218933e-02,-1.545352954417467117e-02,1.078916015103459358e-03,2.688831277191638947e-02,1.242220774292945862e-02,-1.800840348005294800e-02,-2.764786966145038605e-02,1.810507476329803467e-02,1.273293513804674149e-02,-2.646019868552684784e-02,-5.689771380275487900e-03,-8.948961272835731506e-03,-1.001924555748701096e-02,-3.237093240022659302e-02,-3.029941394925117493e-02,1.633737795054912567e-02,-3.366908431053161621e-02,-6.014309357851743698e-03,2.049422636628150940e-02,-1.287794113159179688e-02,2.478917501866817474e-02,4.039461724460124969e-03,-9.252783842384815216e-03,-9.908764623105525970e-04,-1.255340408533811569e-02,2.129521220922470093e-02,-6.345752626657485962e-03,-6.691005546599626541e-03,-1.410704292356967926e-02,3.115909406915307045e-03,-1.758201513439416885e-03,4.488290753215551376e-03,1.658596098423004150e-02,1.760790869593620300e-02,1.111957863031420857e-05,-3.765416913665831089e-04,9.002475417219102383e-04,3.295096009969711304e-02,1.191986375488340855e-03,6.148958113044500351e-03,-1.945846527814865112e-02,2.530014887452125549e-02,2.295933198183774948e-03,-1.700026355683803558e-02,2.637733891606330872e-02,-4.010460153222084045e-02,7.340081501752138138e-03,-5.154629237949848175e-03,2.318719960749149323e-02,-9.846619330346584320e-03,6.770413834601640701e-03,-2.140569267794489861e-03,2.756500989198684692e-02,5.090412124991416931e-02,-1.713836565613746643e-02,-1.717979460954666138e-02,2.684343140572309494e-03,-1.791173219680786133e-02,-1.078052911907434464e-03,-8.065112866461277008e-03,-2.698498405516147614e-02,8.251549676060676575e-03,2.063232660293579102e-02,-3.206710889935493469e-02,9.894954971969127655e-03,2.911174297332763672e-02,-3.179090842604637146e-02,-1.930655539035797119e-02,-4.043604433536529541e-02,-3.911027312278747559e-02,2.314576879143714905e-02,1.271221973001956940e-02,6.798034068197011948e-03,-1.416918821632862091e-02,-3.411100944504141808e-03,3.858548775315284729e-02,1.860223896801471710e-02,-4.836996085941791534e-03,4.923309665173292160e-03,3.203948959708213806e-02,-5.444641690701246262e-03,-3.600990166887640953e-03,1.347350305877625942e-03,-2.375341486185789108e-03,-6.780771538615226746e-03,-3.846119856461882591e-03,3.804689506068825722e-03,2.292480692267417908e-02,3.043406410142779350e-03,-2.400199696421623230e-02,-2.981260651722550392e-03,5.057958420366048813e-03,-4.038080573081970215e-02,3.153887344524264336e-03,3.222937928512692451e-03,-2.268312964588403702e-03,-1.204242929816246033e-02,1.034378353506326675e-02,1.381012517958879471e-02,4.740325268357992172e-03,9.784474037587642670e-03,5.037243012338876724e-03,2.005230076611042023e-02,1.156597957015037537e-02,-2.318719960749149323e-02,2.853517187759280205e-03,-8.727999404072761536e-03,-1.207695435732603073e-02,-1.450063101947307587e-02,1.067522633820772171e-02,-2.820718102157115936e-03,1.104119513183832169e-02,-6.404445739462971687e-04,2.508264034986495972e-03,6.601239554584026337e-03,-7.084594108164310455e-03,-1.773220114409923553e-02,-3.823678416665643454e-04,-1.883701048791408539e-02,3.516057878732681274e-02,-2.626685798168182373e-02,-2.451297268271446228e-02,-1.030925847589969635e-02,1.778744161128997803e-02,3.818499622866511345e-03,-1.057855598628520966e-02,1.774601056240499020e-03,1.847794651985168457e-02,-7.402226794511079788e-03,2.396056614816188812e-02,1.811888441443443298e-02,1.822936534881591797e-02,-1.007276005111634731e-03,3.342050313949584961e-02,1.799459382891654968e-02,-2.259681699797511101e-03,1.984515041112899780e-02,1.445747446268796921e-03,1.314723864197731018e-02,-3.065847791731357574e-02,-1.668263040482997894e-02,-1.626832783222198486e-02,1.266388501971960068e-02,-1.700026355683803558e-02,3.072752850130200386e-03,-2.586636506021022797e-02,-3.076895885169506073e-02,-1.062689162790775299e-02,-9.031821973621845245e-03,1.039211917668581009e-02,5.006170365959405899e-03,4.394381865859031677e-02,-4.877736046910285950e-02,4.778303205966949463e-02,3.372432664036750793e-02,-1.236006151884794235e-02,3.433542326092720032e-03,1.379631459712982178e-02,-4.218993242830038071e-03,1.477683335542678833e-02,-2.014897204935550690e-02,-2.121235243976116180e-02,-1.509446650743484497e-02,1.077880244702100754e-02,-3.560250252485275269e-02,3.085181862115859985e-02,-8.679663762450218201e-03,-3.695589303970336914e-02,-4.029104020446538925e-03,-1.969323866069316864e-02,2.148855477571487427e-02,-1.142097357660531998e-02,-4.042914137244224548e-03,4.706490784883499146e-02,2.448535151779651642e-02,2.259336411952972412e-02,1.043527619913220406e-03,-1.822936534881591797e-02,-2.059089578688144684e-02,2.632209844887256622e-02,-7.201980333775281906e-03,-1.305056829005479813e-02,-5.521288141608238220e-02,-1.546734012663364410e-02,2.536919899284839630e-02,-5.648341029882431030e-03,-7.245999877341091633e-04,1.560544129461050034e-02,4.315664060413837433e-03,-1.418299879878759384e-02,4.546983633190393448e-03,1.867128908634185791e-02,5.534407682716846466e-03,-2.560397237539291382e-02,2.719213627278804779e-02,-2.043898589909076691e-02,-9.204448200762271881e-03,1.615784689784049988e-02,8.437986485660076141e-03,-3.642420517280697823e-03,4.774850793182849884e-03,-3.132136538624763489e-02
-6.967765744775533676e-03,-4.636371042579412460e-03,-1.210608053952455521e-02,-1.102128881029784679e-03,-2.191378921270370483e-02,3.101481311023235321e-02,-3.252064436674118042e-02,5.359565839171409607e-03,1.330810249783098698e-03,-4.039075283799320459e-04,-2.874616300687193871e-03,2.682754956185817719e-02,-2.965841267723590136e-04,1.394874043762683868e-02,2.172886207699775696e-02,1.548759290017187595e-03,2.945614792406558990e-02,6.171921733766794205e-03,1.291843596845865250e-02,-2.201946079730987549e-02,2.150430902838706970e-02,2.076460234820842743e-02,4.920365288853645325e-03,1.539678080007433891e-03,-8.427364751696586609e-03,-1.827800180763006210e-03,1.752838864922523499e-02,-2.647090516984462738e-02,1.463561039417982101e-02,-1.766047999262809753e-02,4.098928766325116158e-04,-2.499149367213249207e-02,-4.114614333957433701e-03,-2.055325917899608612e-02,-3.082988783717155457e-02,1.258986187167465687e-03,-9.206697344779968262e-03,1.544136181473731995e-02,-5.737674655392765999e-04,7.575381547212600708e-03,1.544631551951169968e-03,2.093631960451602936e-02,3.838545456528663635e-02,-1.187492255121469498e-02,-5.092083010822534561e-03,4.319354426115751266e-03,-4.895598394796252251e-04,-3.859680145978927612e-02,-2.121371030807495117e-02,5.650164559483528137e-03,3.833261877298355103e-02,-9.735058993101119995e-03,-1.460919249802827835e-02,-4.818655923008918762e-02,-2.489903010427951813e-03,2.283511916175484657e-03,-1.143902447074651718e-02,1.239667925983667374e-02,-1.523001771420240402e-02,-5.144919268786907196e-03,-4.540605936199426651e-03,2.532832557335495949e-03,6.029924377799034119e-03,9.867149405181407928e-03,-7.502731867134571075e-03,-1.318261679261922836e-02,-2.808240801095962524e-02,2.307618409395217896e-02,-6.881907116621732712e-03,7.324409671127796173e-03,3.347169607877731323e-02,2.048721350729465485e-02,1.346661150455474854e-02,-3.149529220536351204e-04,2.798664383590221405e-03,-2.845226041972637177e-02,-2.789748087525367737e-02,-2.369700931012630463e-02,3.221766091883182526e-04,1.456956565380096436e-02,1.299769058823585510e-02,-1.517718099057674408e-02,-1.398836821317672729e-02,-1.519038993865251541e-02,2.853151597082614899e-02,-1.080499030649662018e-02,-1.874362118542194366e-02,3.949501365423202515e-02,1.449031103402376175e-02,-1.226458884775638580e-02,3.558513894677162170e-02,2.763330191373825073e-02,2.511037513613700867e-02,1.347321551293134689e-02,-2.105520106852054596e-02,9.477482177317142487e-03,-9.754871949553489685e-03,3.122615814208984375e-02,5.035944748669862747e-03,-1.086443103849887848e-02,1.048467122018337250e-03,1.079838629812002182e-02,4.458049312233924866e-03,-3.148703603073954582e-03,-3.728250041604042053e-03,-9.886962361633777618e-03,-1.567912474274635315e-02,-7.998070679605007172e-03,-2.777199493721127510e-03,-1.242309715598821640e-02,-7.667844649404287338e-03,2.511037513613700867e-02,2.328752912580966949e-02,-3.798918426036834717e-02,1.377702318131923676e-02,-2.278558537364006042e-02,1.229761168360710144e-02,1.259481441229581833e-02,-1.562628895044326782e-02,-1.772652566432952881e-02,-5.448726937174797058e-03,1.264765113592147827e-02,2.155714482069015503e-02,-3.183377534151077271e-02,-6.224757526069879532e-03,1.325526647269725800e-02,1.794777577742934227e-03,-4.074987489730119705e-03,1.878985203802585602e-03,-3.022227250039577484e-02,4.784312471747398376e-02,2.374984510242938995e-02,2.160998061299324036e-02,-2.913913130760192871e-02,1.349963340908288956e-02,2.332715503871440887e-02,-1.333452109247446060e-02,-3.171819495037198067e-03,-9.246324189007282257e-03,-3.691925201565027237e-03,2.254782244563102722e-02,3.259989991784095764e-02,-3.481901437044143677e-02,-9.702036157250404358e-03,2.252140454947948456e-02,1.853227615356445312e-02,1.960220746695995331e-02,2.987883612513542175e-02,-1.562628895044326782e-02,-8.731172420084476471e-03,3.862321749329566956e-02,-1.346661150455474854e-02,3.204511851072311401e-02,-1.207966264337301254e-02,2.475373074412345886e-02,5.098687484860420227e-03,-4.725532140582799911e-03,1.878324709832668304e-02,2.730967942625284195e-03,-1.149186026304960251e-02,-1.005868054926395416e-02,-1.517387921921908855e-03,1.215891633182764053e-02,2.966749295592308044e-02,1.865115761756896973e-02,2.816166169941425323e-02,3.275840729475021362e-02,-2.728986553847789764e-02,-1.150011550635099411e-03,-2.380928490310907364e-03,7.793330587446689606e-03,2.323469333350658417e-02,-9.919985197484493256e-03,1.336754299700260162e-02,1.083801314234733582e-02,3.999695926904678345e-02,-1.008509844541549683e-02,1.095689460635185242e-02,-2.688038535416126251e-02,-2.059288509190082550e-02,-2.467447705566883087e-02,-8.750985725782811642e-04,3.273198753595352173e-02,2.302334830164909363e-02,6.429497618228197098e-03,-8.288669399917125702e-03,-2.220768947154283524e-03,-6.542599876411259174e-04,1.003226172178983688e-02,-3.731552278622984886e-03,1.703965477645397186e-02,1.228440273553133011e-02,-6.815861910581588745e-03,1.521680783480405807e-02,-6.496731638908386230e-01,-9.939799085259437561e-03,-1.413366757333278656e-02,-1.057383231818675995e-02,3.875530883669853210e-02,-3.384815296158194542e-03,1.495262794196605682e-02,1.562628895044326782e-02,-1.377702318131923676e-02,1.656412892043590546e-02,-1.097175409086048603e-03,2.470089495182037354e-02,-1.239172532223165035e-03,-8.863262832164764404e-03,-1.582442410290241241e-02,-2.240252308547496796e-02,9.550131857395172119e-03,-2.186095342040061951e-02,-6.908325478434562683e-03,4.108009859919548035e-03,-1.649808511137962341e-02,2.805599011480808258e-02,5.009526386857032776e-03,-1.026341971009969711e-02,-1.397515926510095596e-02,8.268855512142181396e-03,3.186019137501716614e-02,-3.016943670809268951e-02,-1.464881934225559235e-02,1.533568929880857468e-02,-3.061854280531406403e-02,9.602968581020832062e-03,1.870399340987205505e-02,-5.765743553638458252e-03,2.813524380326271057e-02,-2.414611540734767914e-02,-4.666091408580541611e-03,-2.499809954315423965e-03,2.190057933330535889e-02,4.776386916637420654e-02,-3.320751339197158813e-02,7.331014610826969147e-03,3.056570701301097870e-02,-4.183962009847164154e-03,-2.848198171705007553e-03,1.687454176135361195e-03,3.215079009532928467e-02,-3.077705157920718193e-03,1.386948628351092339e-03,1.669622026383876801e-02,1.459598354995250702e-02,-3.374908352270722389e-03,-1.412045862525701523e-02,2.237610518932342529e-02,3.724947804585099220e-03,2.314222976565361023e-02,1.550740655511617661e-02,-2.587649971246719360e-02,-3.407930955290794373e-02,3.254706040024757385e-02,-3.485946799628436565e-04,4.798181820660829544e-03,-1.456956565380096436e-02,-2.377626299858093262e-02,-2.357812784612178802e-02,3.627201169729232788e-02,-1.917951926589012146e-02,1.493941806256771088e-02,8.625499904155731201e-03,9.997588349506258965e-04,1.215891633182764053e-02,7.496127393096685410e-03,-1.643203943967819214e-02,-1.736988127231597900e-02,1.287880912423133850e-02,1.900780200958251953e-02,1.836055889725685120e-03,-3.085960866883397102e-03,-3.426423668861389160e-02,1.344844815321266651e-03,-4.959992598742246628e-03,-1.133335195481777191e-02,-2.863718755543231964e-02,2.133259177207946777e-02,2.447634190320968628e-02,-1.124088838696479797e-02,-1.120786648243665695e-02,-1.606218703091144562e-02,9.219906292855739594e-03,3.023217897862195969e-03,2.408584987279027700e-04,2.179490774869918823e-02,6.059644743800163269e-03,-5.125105381011962891e-03,3.931008651852607727e-02,5.884625017642974854e-03,-6.353545933961868286e-03,-2.855793386697769165e-02,2.705210447311401367e-02,-1.017756108194589615e-02,-1.184189971536397934e-02,4.041964653879404068e-03,2.390835247933864594e-02,-1.663512783125042915e-03,2.670866809785366058e-02,-1.821195706725120544e-03,-1.417329441756010056e-02,-1.729062758386135101e-02,6.723398808389902115e-03,-8.724567480385303497e-03,2.064572088420391083e-02,3.209795570001006126e-03,1.255518756806850433e-02,-4.368888214230537415e-03,-1.149846520274877548e-02,-2.874285914003849030e-02,2.467447705566883087e-02,1.663017459213733673e-02,9.550131857395172119e-03,-2.031549625098705292e-02,2.742195688188076019e-02,1.570554263889789581e-02,7.548963651061058044e-03,-3.001092746853828430e-02,2.549343742430210114e-02,1.586405187845230103e-02,-3.081007394939661026e-03,-3.664186224341392517e-02,-2.130617387592792511e-02,-1.039551012217998505e-02,7.192319724708795547e-03,-6.875302642583847046e-03,6.449311506003141403e-03,-8.830239996314048767e-03,1.234384346753358841e-02,-2.112124674022197723e-02,2.866360545158386230e-02,-1.928519085049629211e-02,2.141184546053409576e-02,-1.348642446100711823e-02,-3.497092053294181824e-03,9.807708673179149628e-03,7.013997528702020645e-03,8.078150567598640919e-04,-1.013133022934198380e-02,-1.855869404971599579e-02,-7.025555241852998734e-04,-3.035436198115348816e-02,-3.616633638739585876e-02,2.676150389015674591e-02,-6.036528851836919785e-03,6.079458165913820267e-03,-2.274595759809017181e-02,-1.291843596845865250e-02,-4.418422002345323563e-03,-9.503901004791259766e-03,-7.998070679605007172e-03,-1.532248035073280334e-02,-1.322224363684654236e-02,-3.962710499763488770e-02,6.947952322661876678e-03,1.666980236768722534e-02,-1.215891633182764053e-02,-5.349659360945224762e-03,4.666091408580541611e-03,-1.322224363684654236e-02,-6.257780361920595169e-03,2.290446683764457703e-02,-2.237610518932342529e-02,-6.512054242193698883e-03,9.127442725002765656e-03,-5.541190039366483688e-03,2.780501963570713997e-03,4.475221037864685059e-02,-1.416008546948432922e-02,2.085706591606140137e-02,4.425026476383209229e-03,-4.623162094503641129e-03,-1.756801642477512360e-02,9.939799085259437561e-03,6.699457298964262009e-04,-2.341961860656738281e-02,-1.517718099057674408e-02,8.334901183843612671e-03,-1.032286044210195541e-02,-5.270404741168022156e-03,-2.552645979449152946e-03,1.405441295355558395e-02,-1.655092090368270874e-02,4.213682375848293304e-03,6.323825567960739136e-03,-3.691925201565027237e-03,-1.907384581863880157e-02,1.878324709832668304e-02,9.391623549163341522e-03,6.078220030758529902e-05,8.420759695582091808e-04,5.101989954710006714e-03,1.144562847912311554e-02,2.020982280373573303e-02,5.217568832449615002e-04,2.017680089920759201e-03,1.154469698667526245e-02,-1.256179250776767731e-02,1.669622026383876801e-02,-2.651053294539451599e-02,3.363350406289100647e-03,-1.606218703091144562e-02,2.517642080783843994e-02,1.159092783927917480e-02,-3.972617443650960922e-03,-3.193944692611694336e-02,-2.874285914003849030e-02,-5.078874062746763229e-03,1.459598354995250702e-02,1.557345222681760788e-02,1.134656090289354324e-02,-6.564890500158071518e-03,1.049457862973213196e-02,-5.151523742824792862e-03,1.126070274040102959e-03,-5.438819993287324905e-03,1.401478610932826996e-02,5.052455700933933258e-03,-5.066985636949539185e-02,3.215079009532928467e-02,1.056062337011098862e-02,4.028755798935890198e-02,1.013133022934198380e-02,-7.661240175366401672e-03,-2.312901988625526428e-02,1.357888802886009216e-02,3.648995771072804928e-04,2.943963743746280670e-03,1.394874043762683868e-02,5.811975337564945221e-03,2.604821696877479553e-02,-2.179490774869918823e-02,3.640409931540489197e-02,-5.498260725289583206e-03,-2.478014864027500153e-02,7.251759991049766541e-03,4.263876378536224365e-02,5.101989954710006714e-03,3.992430865764617920e-03,2.765971980988979340e-02,3.555872291326522827e-02,1.261462806724011898e-03,-2.683085156604647636e-03,5.405797623097896576e-03,-1.740950718522071838e-02,1.443747524172067642e-02,-3.119974024593830109e-02,7.793330587446689606e-04,-3.360048169270157814e-03,-5.996901914477348328e-02,-4.801484290510416031e-03,1.071252766996622086e-02,6.315569626167416573e-04,2.122691832482814789e-02,-5.881323013454675674e-03,-1.067289989441633224e-02,1.038230117410421371e-02,-9.081211872398853302e-03,2.191378921270370483e-02,-1.515076309442520142e-02,6.554983556270599365e-03,-1.437142957001924515e-02,-8.321692235767841339e-03,-4.864227026700973511e-03,-2.553306519985198975e-02,9.543527849018573761e-03,1.320243068039417267e-02,-1.361851487308740616e-02,-1.175604108721017838e-02,6.277593784034252167e-03,1.803033240139484406e-02,-2.801966620609164238e-03,-6.057580685592256486e-05,-1.096349861472845078e-02,-2.647090516984462738e-02,-4.591460525989532471e-02,7.654635701328516006e-03,1.114842575043439865e-02,-1.766047999262809753e-02,-3.106765076518058777e-02,-2.554297214373946190e-03,-1.065969094634056091e-02,-1.606218703091144562e-02,1.396195031702518463e-02,-9.834126569330692291e-03,3.798918426036834717e-02,-1.963192829862236977e-03,-1.689435541629791260e-02,-9.886962361633777618e-03,3.810806665569543839e-03,1.122107543051242828e-02,-9.873753413558006287e-03,4.032057709991931915e-03,-6.743212230503559113e-03,1.682830974459648132e-02,1.430538482964038849e-02,1.069271378219127655e-02,1.695709885098040104e-03,2.341961860656738281e-02,2.057967707514762878e-02,-6.994184106588363647e-03,-2.238931506872177124e-02,1.857190392911434174e-02,-1.308354921638965607e-02,-9.635991416871547699e-03,-9.034980088472366333e-03,-2.554627321660518646e-02,7.172505836933851242e-03,1.645845733582973480e-02,6.815861910581588745e-03,-1.524322666227817535e-02,-1.423934008926153183e-02,3.180075203999876976e-03,-2.539437031373381615e-03,9.371810592710971832e-03,-1.106256712228059769e-02,-1.062006410211324692e-02,-9.391623549163341522e-03,7.629538327455520630e-02,8.276285952888429165e-04,5.584119353443384171e-03,2.032870426774024963e-02,5.762441549450159073e-03,-7.892398163676261902e-03,-2.670866809785366058e-02,-1.618106849491596222e-02,1.840018481016159058e-02,-7.271573878824710846e-03,-1.408413401804864407e-03,-8.539434929843991995e-05,2.455559559166431427e-02,-8.433968760073184967e-03,7.383850403130054474e-03,7.099856156855821609e-03,-2.269312180578708649e-02,8.367924019694328308e-03,8.480200543999671936e-03,1.182869076728820801e-02,-8.889680728316307068e-03,1.075875852257013321e-02,-1.294485386461019516e-02,5.125105381011962891e-03,1.615465059876441956e-02,-3.941576182842254639e-02,1.636599376797676086e-02,4.768461734056472778e-02,2.668224973604083061e-03,-1.170650706626474857e-03,1.293824985623359680e-02,-9.616177529096603394e-03,2.616709843277931213e-02,-1.902926596812903881e-04,-2.837300673127174377e-02,1.032286044210195541e-02,1.103614829480648041e-02,3.854396566748619080e-02,2.614068053662776947e-02,-2.043437771499156952e-02,-6.673865020275115967e-03,6.317221093922853470e-03,1.421292126178741455e-02,-2.039474993944168091e-02,1.369776949286460876e-02,1.272690482437610626e-02,-1.738308928906917572e-02,1.205984875559806824e-02,1.394874043762683868e-02,-3.857038170099258423e-02,2.516321092844009399e-02,-1.474128291010856628e-02,-1.989280618727207184e-02,-2.528209239244461060e-02,-4.045267123728990555e-03,1.408083084970712662e-02,1.353926118463277817e-02,3.135824948549270630e-02,-1.896817423403263092e-02,4.041964653879404068e-03,-7.832957431674003601e-03,-1.826809532940387726e-02,1.048136968165636063e-02,1.910356688313186169e-03,1.050118263810873032e-02,-2.968730637803673744e-03,-2.392156235873699188e-02,5.719512235373258591e-03,-2.898062206804752350e-02,-1.225798483937978745e-02,-2.808240801095962524e-02,3.757970407605171204e-03,-3.458125516772270203e-02,3.236213466152548790e-03,3.920441493391990662e-02,2.131938189268112183e-02,4.477862734347581863e-03,-1.767368800938129425e-02,1.099652145057916641e-02,2.372673014178872108e-03,-2.161328447982668877e-03,-1.755150500684976578e-03,-1.796428672969341278e-02,-1.882287487387657166e-02,1.495923264883458614e-03,2.352529205381870270e-02,4.758554976433515549e-03,-1.999517669901251793e-03,-6.505449768155813217e-03,2.353850007057189941e-02,1.521680783480405807e-02,-6.822466384619474411e-03,-8.249042555689811707e-03,-7.634822279214859009e-03,7.344223558902740479e-03,-6.095969583839178085e-03,6.545076612383127213e-03,-9.543527849018573761e-03,-1.401478610932826996e-02,-4.537303466349840164e-03,9.180279448628425598e-03,5.304252845235168934e-04,-1.285239122807979584e-02,-2.911271341145038605e-02,2.966749295592308044e-02,-9.933194145560264587e-03,-8.334901183843612671e-03,2.090990170836448669e-02,-3.688622964546084404e-03,-1.365483971312642097e-03,8.817031048238277435e-03,-2.238931506872177124e-02,4.498997330665588379e-02,-4.553814884275197983e-03,-2.464805915951728821e-02,1.356567908078432083e-02,1.451342715881764889e-03,3.341885656118392944e-02,-7.258364930748939514e-03,-8.367924019694328308e-03,-4.854320548474788666e-03,-2.216476015746593475e-02,9.873753413558006287e-03,1.095028966665267944e-02,-5.597328767180442810e-03,-5.836742348037660122e-04,-1.526964455842971802e-02,-5.537888035178184509e-03,1.360117748845368624e-04,2.048721350729465485e-02,-1.958899945020675659e-02,3.576346207410097122e-03,5.488354247063398361e-03,-6.554983556270599365e-04,-3.035436198115348816e-02,-1.525643561035394669e-02,-2.175527997314929962e-02,2.233647741377353668e-02,-1.937765441834926605e-02,-1.205324474722146988e-02,-1.733685843646526337e-03,-8.643662440590560436e-04,-2.686717733740806580e-02,-3.447557985782623291e-02,-3.526812419295310974e-03,-4.351055994629859924e-02,6.244571413844823837e-03,-1.394874043762683868e-02,9.437855333089828491e-03,1.598293147981166840e-02,-2.559910900890827179e-02,-2.040795981884002686e-02,-6.284198258072137833e-03,-1.204663980752229691e-02,1.163055561482906342e-02,-1.674905605614185333e-02,-2.240582602098584175e-03,-2.586328983306884766e-02,3.532095998525619507e-02,2.069855853915214539e-02,1.496583689004182816e-02,2.076460234820842743e-02,1.269388291984796524e-02,1.517718099057674408e-02,-1.145883742719888687e-02,9.312369860708713531e-03,-1.123428437858819962e-02,-1.777936145663261414e-02,-2.261386811733245850e-02,7.146087940782308578e-03,1.483374647796154022e-02,-2.265349403023719788e-02,2.245535841211676598e-03,-1.425254903733730316e-02,2.574440836906433105e-02,-1.064648199826478958e-02,2.967079402878880501e-03,1.056722830981016159e-02,-1.027662958949804306e-02,-1.846623048186302185e-02,-1.760764420032501221e-02,-1.487337332218885422e-02,4.758554976433515549e-03,3.014962188899517059e-03,3.853735979646444321e-03,-1.970788091421127319e-02,2.492544800043106079e-02,-2.821780042722821236e-03,1.201196573674678802e-03,2.919196616858243942e-03,1.578479632735252380e-02,-7.575381547212600708e-03,2.051363140344619751e-02,1.060025021433830261e-02,-7.463104557245969772e-03,-4.226891323924064636e-03,1.051439158618450165e-02,1.640562154352664948e-02,-2.208385558333247900e-04,1.898138411343097687e-02,2.657657861709594727e-02,2.266670390963554382e-02,-2.215155214071273804e-02,-1.030304748564958572e-02,-2.707852236926555634e-02,-2.950568217784166336e-03,-3.133182972669601440e-02,1.593009568750858307e-02,1.257500145584344864e-02,-1.599944313056766987e-03,-1.148525625467300415e-02,1.039551012217998505e-02,-5.468540359288454056e-03,-5.885946005582809448e-02,2.110803872346878052e-02,4.712323192507028580e-03,-2.818808145821094513e-02,3.718343330547213554e-03,-1.665659248828887939e-02,-1.989280618727207184e-02,-1.379023212939500809e-02,-1.576828537508845329e-03,-1.442426629364490509e-02,-7.344223558902740479e-03,3.238855302333831787e-02,2.393477223813533783e-02,3.516905475407838821e-03,-6.974370218813419342e-03,-7.212133146822452545e-03,2.620342420414090157e-03,8.803822100162506104e-03,1.785861514508724213e-02,2.357812784612178802e-02,-5.306729581207036972e-03,-3.890473453793674707e-04,9.094420820474624634e-03,1.209947559982538223e-02,-2.612747065722942352e-02,-5.286255851387977600e-02,2.703889459371566772e-02,-5.904438439756631851e-03,3.490487579256296158e-03,1.179566793143749237e-02,9.233115240931510925e-03,2.529530227184295654e-02,1.089745387434959412e-02,-1.733025349676609039e-02,-5.551096983253955841e-03,-1.670942828059196472e-02,-3.141108527779579163e-02,-1.529606245458126068e-02,-1.933472463861107826e-03,-2.913913130760192871e-02,2.225722372531890869e-02,9.001957252621650696e-03,-1.759443432092666626e-02,-3.691821984830312431e-05,2.019537641899660230e-04,-2.262047200929373503e-04,-9.523713961243629456e-03,1.092387177050113678e-02,-4.431631416082382202e-03,4.272297373972833157e-04,-1.657733879983425140e-02,8.658522740006446838e-03,3.056570701301097870e-02,-2.932405844330787659e-02,7.463104557245969772e-03,1.246932893991470337e-02,2.692001312971115112e-02,-2.227043360471725464e-02,8.301878347992897034e-03,2.811873331665992737e-03,-9.068002924323081970e-03,2.900703996419906616e-02,1.092387177050113678e-02,6.426195614039897919e-03,1.945690810680389404e-02,-1.419971231371164322e-02,-1.381665095686912537e-02,1.821525953710079193e-02,6.782839540392160416e-03,3.303909907117486000e-03,-1.046155579388141632e-02,-9.913380257785320282e-03,-4.789596050977706909e-02,-3.132192417979240417e-03,-3.850433742627501488e-03,2.094952948391437531e-02,-6.128992419689893723e-03,-3.088272362947463989e-02,6.125689949840307236e-03,-1.969467103481292725e-02,1.361851487308740616e-02,-2.090990170836448669e-02,-7.198924198746681213e-03,9.048189036548137665e-03,4.866208508610725403e-02,-8.044302463531494141e-03,1.756801642477512360e-02,-1.369776949286460876e-02,-3.023217897862195969e-03,-6.350243464112281799e-03,6.284198258072137833e-03,5.078874062746763229e-03,-2.384230867028236389e-02,5.237382370978593826e-03,-2.291767485439777374e-02,-2.581045404076576233e-02,3.606066573411226273e-03,2.952219219878315926e-03,2.112124674022197723e-02,1.673584803938865662e-02,-7.753703277558088303e-03,-1.834734901785850525e-02,-1.244951505213975906e-02,6.244571413844823837e-03,-7.423477713018655777e-03,-2.972032874822616577e-02,3.093555942177772522e-02,-1.500876620411872864e-03,8.143370039761066437e-03,4.409175738692283630e-02,-2.677471376955509186e-02,-2.069855853915214539e-02,1.525643561035394669e-02,7.344223558902740479e-03,2.314883284270763397e-03,4.576930776238441467e-03,-2.166281640529632568e-02,1.141755958087742329e-03,2.599538117647171021e-02,-3.682018490508198738e-03,-1.789824292063713074e-02,2.643127925693988800e-02,-1.808316819369792938e-02,-1.721137203276157379e-02,1.085782703012228012e-02,-9.457669220864772797e-03,7.760308217257261276e-03,1.748876273632049561e-02,-1.330810249783098698e-03,-1.583763211965560913e-02,-1.011316780932247639e-03,-1.336754299700260162e-02,-9.576550684869289398e-03,3.138466551899909973e-02,-1.554703433066606522e-02,-2.734270319342613220e-02,-3.442274406552314758e-02,-1.669622026383876801e-02,1.182208582758903503e-02,-1.083801314234733582e-02,-2.685396745800971985e-02,-1.001905277371406555e-02,-1.766047999262809753e-02,-5.341733619570732117e-02,7.568777073174715042e-03,-6.723398808389902115e-03,2.731628343462944031e-02,3.223004564642906189e-02,3.711738809943199158e-02,6.994184106588363647e-03,2.351208217442035675e-02,2.120050042867660522e-02,2.882211469113826752e-02,-3.014301694929599762e-02,-1.120786648243665695e-02,2.721061231568455696e-03,-2.422206802293658257e-03,-2.194350818172097206e-03,2.040795981884002686e-02,-1.507150847464799881e-02,8.618895080871880054e-04,1.776615157723426819e-02,2.233152481494471431e-04,2.883284760173410177e-04,1.443747524172067642e-02,1.229761168360710144e-02,-2.355170994997024536e-02,-1.472807372920215130e-03,-1.479411870241165161e-02,-9.741663234308362007e-04,-3.192871517967432737e-04,-1.293164491653442383e-02,-2.468768693506717682e-02,1.445068418979644775e-02,-1.655092090368270874e-02,2.845226041972637177e-02,-1.446389313787221909e-02,-1.111540291458368301e-02,4.012904688715934753e-02,-2.795361913740634918e-03,-1.066629588603973389e-02,-3.587573766708374023e-02,-1.754159852862358093e-02,-8.433968760073184967e-03,-1.109558972530066967e-03,5.299464985728263855e-02,1.133995689451694489e-02,-1.068610884249210358e-02,6.175223737955093384e-03,-4.098102916032075882e-03,-2.856453880667686462e-03,8.850052952766418457e-03,5.960577167570590973e-03,-1.900780200958251953e-02,8.209414780139923096e-03,-1.682830974459648132e-02,-1.801712438464164734e-02,1.443747524172067642e-02,4.583535250276327133e-03,1.777936145663261414e-02,-1.334112510085105896e-02,-8.618894964456558228e-03,-3.318109735846519470e-02,-3.090914152562618256e-02,-4.761856980621814728e-03,1.803033240139484406e-02,2.789748087525367737e-02,-8.651918033137917519e-04,2.895668148994445801e-04,2.446313202381134033e-02,-7.212133146822452545e-03,-1.518213422968983650e-03,-1.417329441756010056e-02,-7.297991774976253510e-03,-3.274189541116356850e-03,-6.125689949840307236e-03,-7.628217805176973343e-03,8.988748304545879364e-03,-1.516397204250097275e-02,-1.223817095160484314e-02,-8.929307572543621063e-03,-2.958823740482330322e-02,9.794499725103378296e-03,1.737252324819564819e-01,-1.053420547395944595e-02,-1.276322989724576473e-03,3.413214534521102905e-02,2.452917769551277161e-02,-9.385019540786743164e-03,4.078949987888336182e-02,-8.830239996314048767e-03,-2.808240801095962524e-02,-7.555568125098943710e-03,-7.786726113408803940e-03,1.140600163489580154e-02,-8.361319079995155334e-03,2.384230727329850197e-03,2.548022754490375519e-02,-4.295578226447105408e-02,-1.030304748564958572e-02,-2.376305311918258667e-02,-6.270989309996366501e-03,-3.769858554005622864e-02,1.556024327874183655e-02,4.715625662356615067e-03,-3.231260227039456367e-03,-5.986995063722133636e-03,3.864963725209236145e-02,-1.285899523645639420e-02,-8.156578987836837769e-04,-1.493941806256771088e-02,5.039246752858161926e-03,4.388701636344194412e-03,-2.673508599400520325e-02,-1.065969094634056091e-02,9.074606932699680328e-03,-1.578479632735252380e-02,-2.199304290115833282e-02,-9.815964149311184883e-04,3.561155870556831360e-02,-1.122767943888902664e-02,2.195341698825359344e-02,9.411437436938285828e-03,7.925420999526977539e-03,1.020397990942001343e-02,-1.044174190610647202e-02,-1.686793752014636993e-02,-1.466202922165393829e-02,1.480732858180999756e-02,-1.459598354995250702e-02,-1.797749660909175873e-02,-1.471486501395702362e-02,-1.457121688872575760e-03,-2.380268089473247528e-02,4.378795158118009567e-03,7.058908045291900635e-02,1.818884164094924927e-02,2.966749295592308044e-02,-1.000584382563829422e-02,-4.005639813840389252e-03,-1.031130319461226463e-03,-1.278634555637836456e-02,-1.013133022934198380e-02,-5.224173422902822495e-03,8.433968760073184967e-03,-2.653695084154605865e-02,8.790613152086734772e-03,-1.041532400995492935e-02,2.694643102586269379e-02,-3.238855302333831787e-02,2.153072692453861237e-02,3.143750131130218506e-02,-1.042192894965410233e-02,-4.258592799305915833e-02,3.279143013060092926e-03,-4.603348672389984131e-03,1.355247013270854950e-02,5.088780540972948074e-03,-5.828486755490303040e-03,2.874285914003849030e-02,2.194020710885524750e-02,-4.675998352468013763e-03,-3.270887304097414017e-03,3.857038216665387154e-03,-1.355247013270854950e-02,1.793786883354187012e-02,-7.449895609170198441e-03,4.784972872585058212e-03,-3.481901437044143677e-02,2.682754956185817719e-02,1.759443432092666626e-02,-2.966749295592308044e-02,1.717174611985683441e-02,7.185714785009622574e-03,-3.790992870926856995e-02,-1.141260657459497452e-02,1.241649268195033073e-03,-1.629994995892047882e-02,-3.513603238388895988e-03,-9.266138076782226562e-03,-2.042116783559322357e-02,1.512434519827365875e-02,-1.320243068039417267e-02,-2.847868017852306366e-02,-1.372418738901615143e-02,3.427744610235095024e-03,2.375975251197814941e-03,9.338787756860256195e-03,-1.127721392549574375e-03,4.534001462161540985e-03,2.908629551529884338e-02,1.176264602690935135e-02,-2.713135816156864166e-02,-1.442261505872011185e-03,-2.055325917899608612e-02,1.645845733582973480e-02,3.635786939412355423e-03,2.219117945060133934e-03,6.241268943995237350e-03,-4.484467208385467529e-03,3.021050724782980978e-05,5.580817349255084991e-03,-4.071685019880533218e-03,2.262047259137034416e-03,-1.404120400547981262e-02,1.128546893596649170e-03,2.248177677392959595e-02,7.449895609170198441e-03,-1.114842575043439865e-02,-2.945614792406558990e-02,1.913989149034023285e-02,-2.295069862157106400e-04,-3.259989991784095764e-02,1.894175633788108826e-02,-2.248838311061263084e-03,3.559835022315382957e-03,1.408413401804864407e-03,-1.151167415082454681e-02,5.277009680867195129e-03,3.863642690703272820e-03,-3.230930119752883911e-02,-2.260065823793411255e-02,-7.509336341172456741e-03,-2.311581047251820564e-03,1.365814171731472015e-02,-1.566591486334800720e-02,-5.802068393677473068e-03,1.308354921638965607e-02,3.582950681447982788e-03,2.747479267418384552e-02,-4.880738444626331329e-03,-1.324866246432065964e-02,-3.001092746853828430e-02,-2.184774354100227356e-02,-1.863794773817062378e-02,-1.742271706461906433e-02,-1.412045862525701523e-02,3.500394150614738464e-02,-2.903345972299575806e-02,-1.841339468955993652e-02,-3.938934206962585449e-02,2.643458079546689987e-03,2.127975597977638245e-02,-6.535830348730087280e-02,-1.805675029754638672e-02,1.892854645848274231e-02,-1.048136968165636063e-02,-1.297127269208431244e-02,8.229228667914867401e-03,-1.675962358713150024e-01,2.339320071041584015e-02,1.217212527990341187e-02,-2.117408253252506256e-02,4.559758678078651428e-02,-3.470673924311995506e-03,4.200473055243492126e-02,7.165901362895965576e-03,-1.085122209042310715e-02,-1.256179250776767731e-02,3.840526798740029335e-03,1.623390428721904755e-02,-3.223004564642906189e-02,-1.739629916846752167e-02,1.418650336563587189e-02,-2.070516115054488182e-03,-4.422384873032569885e-02,1.673584803938865662e-02,2.437067031860351562e-02,2.935047633945941925e-02,1.430538482964038849e-02,1.669622026383876801e-02,2.186095342040061951e-03,-2.587649971246719360e-02,9.028375148773193359e-03,2.811873331665992737e-03,1.274011377245187759e-02,4.940179176628589630e-03,-4.114614333957433701e-03,-1.731704548001289368e-02,-1.590367779135704041e-02,5.181244108825922012e-03,4.303503409028053284e-02,9.411437436938285828e-03,9.787894785404205322e-03,1.482053752988576889e-02,-1.124749332666397095e-02,-1.492620911449193954e-02,-4.487769678235054016e-03,-1.041037030518054962e-03,2.789748087525367737e-02,2.839942462742328644e-02,-1.011151634156703949e-02,-7.476313970983028412e-03,-2.024945057928562164e-02,2.792390063405036926e-02,-1.281936839222908020e-02,-1.598293147981166840e-02,4.814693238586187363e-03,1.169825205579400063e-03,-7.033810950815677643e-03,-1.182208582758903503e-02,9.510505013167858124e-03,-1.339396182447671890e-02,4.996317438781261444e-03,-1.074554957449436188e-02,-9.801103733479976654e-03,-1.098331250250339508e-02,-4.500978626310825348e-03,-2.484619431197643280e-02,-8.684940636157989502e-03,-2.545380964875221252e-02,1.380344154313206673e-03,-7.145262206904590130e-04,1.055401936173439026e-02,-1.221835706382989883e-02,-2.972032874822616577e-02,8.077325299382209778e-03,-7.912212051451206207e-03,1.342037972062826157e-02,-1.677547395229339600e-02,-1.317601278424263000e-02,1.948332600295543671e-02,-1.058704126626253128e-02,1.513755414634943008e-02,-1.294485386461019516e-02,-2.381589077413082123e-02,1.417494611814618111e-03,4.032057709991931915e-03,-2.592933550477027893e-02,1.553382538259029388e-02,5.035284161567687988e-02,-1.743592694401741028e-02,1.008509844541549683e-02,2.808240801095962524e-02,-3.232911229133605957e-03,2.311581186950206757e-02,1.416668994352221489e-03,-2.105189923895522952e-04,-1.067950483411550522e-02,1.450351998209953308e-02,-6.270989309996366501e-03,-7.370641455054283142e-03,-1.877003908157348633e-02,1.373739633709192276e-02,1.173333803308196366e-04,-1.131353806704282761e-02,-7.053624838590621948e-03,-1.434831414371728897e-03,-6.241268943995237350e-03,-1.088424492627382278e-02,4.923667758703231812e-03,-3.267915174365043640e-02,9.629386477172374725e-03,8.717962773516774178e-04,3.592857392504811287e-03,1.927198283374309540e-02,2.282521314918994904e-02,3.920441493391990662e-02,-1.080457805073820055e-04,2.248838311061263084e-03,4.860925022512674332e-03,1.176925003528594971e-02,1.674905605614185333e-02,9.939799085259437561e-03,2.233647741377353668e-02,2.744177123531699181e-03,-2.367059141397476196e-02,9.708641096949577332e-03,-1.344679761677980423e-02,4.892626404762268066e-02,2.326441230252385139e-03,-8.315087296068668365e-03,5.485051777213811874e-03,-9.959612041711807251e-03,-3.373587504029273987e-02,-1.191983297467231750e-01,-9.781290777027606964e-03,2.419895119965076447e-02,3.590215742588043213e-02,2.361775375902652740e-02,1.198059506714344025e-02,4.804786294698715210e-03,4.778368398547172546e-03,-1.156450994312763214e-02,1.736988127231597900e-02,4.197170957922935486e-03,-3.080346994102001190e-02,-2.585008181631565094e-02,1.980034261941909790e-02,1.648652716539800167e-03,-2.972032874822616577e-03,2.077120821923017502e-03,-4.071024432778358459e-02,-1.172962319105863571e-02,1.620748639106750488e-02,-2.159677259624004364e-02,1.734346337616443634e-02,-9.068002924323081970e-03,-2.596896328032016754e-02,1.183529570698738098e-02,-7.938629947602748871e-03,-6.469124928116798401e-03,2.649732492864131927e-02,1.847944036126136780e-02,1.327508012764155865e-03,5.679884925484657288e-03,1.611502282321453094e-02,-1.565270684659481049e-02,-1.974750775843858719e-03,1.115502975881099701e-02,-4.771763924509286880e-03,-4.218965768814086914e-02,-2.175527997314929962e-02,1.186831761151552200e-02,-1.896817423403263092e-02,7.852771319448947906e-03,-1.499225478619337082e-02,-2.275916747748851776e-02,-1.156616141088306904e-03,-5.613839719444513321e-03,-1.216552127152681351e-02,1.285239122807979584e-02,2.024945057928562164e-02,2.423857897520065308e-02,-1.246272400021553040e-02,2.303655631840229034e-02,-2.541418373584747314e-02,-1.696040108799934387e-02,-2.508395723998546600e-02,1.307034026831388474e-02,-6.716794334352016449e-03,1.571875065565109253e-02,2.306297421455383301e-02,-3.149034082889556885e-02,2.318185567855834961e-02,-2.398760803043842316e-02,2.003810554742813110e-02,1.068610884249210358e-02,1.705286465585231781e-02,2.061930298805236816e-02,-2.373663522303104401e-02,-4.147636890411376953e-02,-2.768613770604133606e-02,3.051287122070789337e-02,-3.030152618885040283e-02,2.432113513350486755e-03,3.119974024593830109e-02,-1.181383035145699978e-03,3.402647376060485840e-02,-2.384230867028236389e-02,-1.283257734030485153e-02,-1.808316819369792938e-02,-1.338075194507837296e-02,2.356491796672344208e-02,-1.871720328927040100e-02,-2.808240801095962524e-02,-1.244291104376316071e-02,-5.286916159093379974e-03,1.877334085293114185e-03,1.312317606061697006e-02,6.304012145847082138e-03,2.723702974617481232e-02,-1.258160546422004700e-02,-2.299693040549755096e-02,2.834989223629236221e-03,-1.836055889725685120e-02,2.718419395387172699e-02,1.666980236768722534e-02,-3.038077987730503082e-02,-2.167602628469467163e-02,1.995885185897350311e-02,1.447710208594799042e-02,-1.340056583285331726e-02,2.232326893135905266e-03,8.379481732845306396e-04,-5.201057530939579010e-03,-1.240328419953584671e-02,-3.154317662119865417e-02,2.600528765469789505e-03,4.530698992311954498e-03,-5.171337164938449860e-03,1.501867268234491348e-02,-7.608403917402029037e-03,1.752838864922523499e-02,1.414687652140855789e-02,-1.385627780109643936e-02,-1.249079359695315361e-03,-1.187162008136510849e-03,5.280311685055494308e-03,-5.541190039366483688e-03,-6.327127572149038315e-03,-2.162319049239158630e-02,1.341377478092908859e-02,-8.519827388226985931e-04,1.501867268234491348e-02,4.390683397650718689e-02,2.382909879088401794e-02,1.611502282321453094e-02,3.191302716732025146e-02,-3.523510182276368141e-03,1.285899523645639420e-02,-9.206697344779968262e-03,3.094216343015432358e-03,-2.131938189268112183e-02,-4.507583100348711014e-03,2.113445661962032318e-03,-5.627048667520284653e-03,3.098839521408081055e-02,-4.298219829797744751e-02,4.728834610432386398e-03,3.658902598544955254e-03,1.404120400547981262e-02,-1.589046977460384369e-02,-2.498158719390630722e-03,6.941347848623991013e-03,3.513603284955024719e-02,3.402647376060485840e-02,-4.917063284665346146e-03,-5.131709855049848557e-03,-1.087763998657464981e-02,-1.059199450537562370e-03,-3.682018490508198738e-03,-6.320523098111152649e-03,-3.106765076518058777e-02,2.471410483121871948e-02,2.451596967875957489e-02,-2.562552690505981445e-02,4.203775431960821152e-03,2.248177677392959595e-02,-3.287398489192128181e-03,4.693335213232785463e-04,-2.942973002791404724e-02,-1.968146115541458130e-02,2.278558537364006042e-02,7.502731867134571075e-03,2.357812784612178802e-02,-2.487261220812797546e-02,3.431046847254037857e-03,2.553306519985198975e-02,2.563873678445816040e-02,7.842864579288288951e-05,5.217568832449615002e-04,1.266086008399724960e-02,-2.298372099176049232e-03,2.025935798883438110e-03,-1.523001771420240402e-02,-8.176392875611782074e-03,5.395890679210424423e-03,1.892854645848274231e-02,-1.902100979350507259e-03,3.048645332455635071e-02,-1.828130520880222321e-02,5.141616798937320709e-03,1.130693405866622925e-02,-1.696040108799934387e-02,-3.484543412923812866e-02,1.703965477645397186e-03,2.187416143715381622e-02,-8.658522740006446838e-03,-2.636523358523845673e-02,3.936292603611946106e-03,1.121447049081325531e-02,-7.020602002739906311e-03,-5.981216090731322765e-04,4.150939173996448517e-03,2.861076965928077698e-02,7.529149763286113739e-03,-8.572664111852645874e-03,-7.311200723052024841e-03,1.803033240139484406e-02,-1.865115761756896973e-02,-6.399777252227067947e-03,1.640562154352664948e-02,-6.469124928116798401e-03,2.159677259624004364e-02,-1.764727011322975159e-02,1.556024327874183655e-02,4.695811774581670761e-03,-2.559250453487038612e-03,-6.591308396309614182e-03,-9.584805811755359173e-04,-1.200040802359580994e-02,2.098915725946426392e-02,-2.537455596029758453e-02,-1.602255925536155701e-02,-2.270633168518543243e-02,9.081211872398853302e-03,1.882287440821528435e-03,3.675414016470313072e-03,-2.155714482069015503e-02,5.346356891095638275e-03,-6.875302642583847046e-03,2.763330191373825073e-02,6.247873418033123016e-03,8.097138255834579468e-03,-8.711358532309532166e-03,3.249422460794448853e-02,8.064115419983863831e-03,6.769630592316389084e-03,-6.723398808389902115e-03,-5.006224382668733597e-03,2.710494026541709900e-02,-7.066833786666393280e-03,-8.480200543999671936e-03,-2.267991378903388977e-02,8.077325299382209778e-03,-1.921914634294807911e-03,1.536375842988491058e-03,-2.713135816156864166e-02,-8.658522740006446838e-03,-1.380344107747077942e-02,3.280794015154242516e-03,1.875682966783642769e-03,2.091981004923582077e-03,1.851906627416610718e-02,-4.625803977251052856e-02,3.473976254463195801e-02,2.863718755543231964e-02,3.483882872387766838e-03,-8.797217160463333130e-03,1.457947189919650555e-03,2.337999176234006882e-03,-6.614424288272857666e-03,4.953388124704360962e-03,-2.594254538416862488e-02,-3.254706040024757385e-02,2.516321092844009399e-02,-2.385551668703556061e-02,1.545457076281309128e-02,-2.287804894149303436e-02,-4.483146592974662781e-02,4.692509770393371582e-03,-1.170980930328369141e-02,1.702644675970077515e-02,4.540605936199426651e-03,-1.750197075307369232e-02,3.357736766338348389e-02,-5.638606962747871876e-04,9.015166200697422028e-03,-1.091726776212453842e-02,-1.239007432013750076e-02,-1.859832182526588440e-02,5.864811595529317856e-03,-1.108733355067670345e-03,-1.234219176694750786e-03,-5.425611045211553574e-03,-1.230421569198369980e-02,1.037569716572761536e-02,-2.240252308547496796e-02,-2.578403614461421967e-02,1.702644675970077515e-02,4.183962009847164154e-03,2.044098218902945518e-03,-8.031093515455722809e-03,1.828130520880222321e-02,1.178245898336172104e-02,-2.467447705566883087e-02,1.128051616251468658e-02,-2.561231888830661774e-02,-7.832957431674003601e-03,3.576346207410097122e-03,2.744177123531699181e-03,-1.153148710727691650e-02,-9.226511232554912567e-03,-8.209414780139923096e-03
-2.241778559982776642e-02,-2.479901723563671112e-02,-1.039322186261415482e-02,-1.313624344766139984e-02,-1.301783975213766098e-02,3.696829453110694885e-02,-2.497004531323909760e-02,-1.854992844164371490e-02,-1.066949777305126190e-02,1.325464714318513870e-02,-4.676949698477983475e-03,4.578279796987771988e-03,2.476612571626901627e-03,1.712908223271369934e-02,1.470838207751512527e-02,-9.906450286507606506e-03,2.462798915803432465e-02,4.144132602959871292e-03,-7.959365844726562500e-03,-2.060225978493690491e-02,6.025437265634536743e-03,3.665255382657051086e-02,-2.191785722970962524e-02,-1.447157468646764755e-02,-2.662440761923789978e-03,-2.780844690278172493e-03,6.156997289508581161e-03,2.983117708936333656e-03,-4.325027577579021454e-03,-1.159699354320764542e-02,1.856637303717434406e-03,-9.820937179028987885e-03,1.412951946258544922e-02,-2.670663408935070038e-02,-2.944307588040828705e-02,-2.690397389233112335e-02,9.340743534266948700e-03,1.152463629841804504e-02,1.316913310438394547e-02,1.043926738202571869e-02,5.924300639890134335e-04,1.776056946255266666e-03,2.352288737893104553e-02,-2.140477485954761505e-02,-1.456366665661334991e-02,-4.153999965637922287e-03,-1.628709957003593445e-02,-1.649759523570537567e-02,-1.772110164165496826e-02,1.359012443572282791e-02,3.020612336695194244e-02,-2.198363840579986572e-02,-5.907033570110797882e-03,-4.062565788626670837e-02,-1.312308665364980698e-02,3.572670102585107088e-04,-2.026020549237728119e-02,-7.130539510399103165e-03,-1.395849138498306274e-02,-1.640550419688224792e-02,1.039979979395866394e-02,1.487941015511751175e-02,4.880867432802915573e-03,6.816440727561712265e-04,-1.088657137006521225e-02,-2.425633370876312256e-03,-2.989038079977035522e-02,3.099548257887363434e-02,-9.932762943208217621e-03,-2.557521872222423553e-02,3.246895223855972290e-02,3.607368841767311096e-02,-1.539249345660209656e-02,-1.428739074617624283e-02,2.070750854909420013e-02,-1.741851307451725006e-02,-7.952787913382053375e-03,-1.163646206259727478e-02,-1.648443937301635742e-02,3.295572241768240929e-03,-1.024850644171237946e-02,-2.327292412519454956e-02,-1.602398045361042023e-02,-2.065488323569297791e-02,1.691858656704425812e-02,-8.610586635768413544e-03,-2.078644372522830963e-02,4.604591801762580872e-02,-8.169039501808583736e-04,-1.494519039988517761e-02,3.725772723555564880e-02,2.366760186851024628e-02,1.221532467752695084e-02,1.213638857007026672e-02,-2.641720138490200043e-02,-2.488124184310436249e-03,-1.189958117902278900e-02,1.012352388352155685e-02,-1.244062092155218124e-03,-1.486625429242849350e-02,-5.759029183536767960e-03,1.078790146857500076e-02,-3.982971888035535812e-03,-5.866743740625679493e-04,-9.445991367101669312e-03,-2.098378352820873260e-02,-1.234688423573970795e-02,1.214296650141477585e-02,1.471824944019317627e-03,-1.284681167453527451e-02,1.070896536111831665e-02,2.620670571923255920e-02,1.202127430588006973e-03,-4.807193949818611145e-02,3.160065785050392151e-02,-1.485309842973947525e-02,2.104956365656107664e-04,-2.632839838042855263e-03,-2.804854325950145721e-02,-1.514252927154302597e-02,-1.807631179690361023e-02,1.715539395809173584e-02,1.677387021481990814e-02,-1.756322942674160004e-02,4.117820877581834793e-03,8.097504265606403351e-03,-5.884010810405015945e-03,-1.000512018799781799e-02,3.724785929080098867e-04,-1.451104227453470230e-02,5.709693953394889832e-02,1.285338960587978363e-02,3.696829453110694885e-02,-4.528945311903953552e-03,4.596369399223476648e-04,1.985237002372741699e-02,-1.507674995809793472e-02,-4.371073562651872635e-03,-2.742198994383215904e-04,-1.870779879391193390e-02,1.986552588641643524e-02,2.240462973713874817e-02,-4.259247798472642899e-03,-1.049189176410436630e-02,3.175852820277214050e-02,-5.894494461244903505e-05,2.619354985654354095e-02,3.081129863858222961e-02,-1.648443937301635742e-02,3.216636367142200470e-03,2.807485498487949371e-02,-1.602398045361042023e-02,2.165473811328411102e-02,-1.212323270738124847e-02,2.224675752222537994e-02,1.870779879391193390e-02,5.025583319365978241e-03,2.068119682371616364e-02,1.169237424619495869e-03,2.188825746998190880e-03,1.255737990140914917e-02,1.297837123274803162e-02,1.043268945068120956e-02,1.949715800583362579e-02,1.747113838791847229e-02,1.726064272224903107e-02,7.939632050693035126e-03,-6.354337092489004135e-03,-1.545827277004718781e-02,-7.551530841737985611e-03,2.604883396998047829e-03,2.357551082968711853e-02,-1.012352388352155685e-02,2.923258021473884583e-02,-5.459730513393878937e-03,5.196610838174819946e-02,3.644616808742284775e-04,-3.794677031692117453e-04,-1.948400214314460754e-02,-1.441895123571157455e-02,-3.110072948038578033e-02,1.040637772530317307e-02,3.041661903262138367e-02,1.430054660886526108e-02,1.501096971333026886e-02,-6.072305841371417046e-04,1.723432913422584534e-02,-3.203480504453182220e-03,-1.365590374916791916e-02,-8.229063823819160461e-03,9.728845208883285522e-03,1.714223809540271759e-02,-9.393367916345596313e-03,1.678702607750892639e-02,-6.415907144546508789e-01,-2.018126845359802246e-02,-1.203771866858005524e-02,-1.447157468646764755e-02,3.483702614903450012e-02,-6.577988388016819954e-04,3.173221647739410400e-02,7.341035176068544388e-03,-3.207427263259887695e-02,2.006286522373557091e-03,4.065196961164474487e-03,1.002485491335391998e-02,-1.605851459316909313e-03,-7.827806286513805389e-03,-1.703699002973735332e-03,-3.012718819081783295e-02,1.698436588048934937e-02,-1.791844144463539124e-02,2.841691020876169205e-03,-1.748100505210459232e-03,-2.417410723865032196e-04,2.553575113415718079e-02,1.508990582078695297e-02,8.702678605914115906e-03,-2.267761621624231339e-03,1.607660390436649323e-02,1.614238321781158447e-02,-1.423476729542016983e-02,-4.834821447730064392e-03,-1.924719475209712982e-02,-4.044147208333015442e-02,6.120818201452493668e-03,6.558254361152648926e-03,-4.660504870116710663e-03,3.273206949234008789e-02,-1.715539395809173584e-02,-2.457536570727825165e-02,-1.462780172005295753e-03,1.482678577303886414e-02,1.997077278792858124e-02,-2.768017537891864777e-02,-2.063843887299299240e-03,3.267944604158401489e-02,-5.186744034290313721e-03,-7.867273874580860138e-03,4.017835482954978943e-02,1.493203360587358475e-02,3.818522440269589424e-03,3.481071442365646362e-02,2.187838964164257050e-02,2.316767536103725433e-02,-1.922088302671909332e-02,-4.551145830191671848e-04,1.293232571333646774e-02,1.251133438199758530e-02,2.833797410130500793e-02,8.386935107409954071e-03,-3.746822103857994080e-02,-2.632511034607887268e-02,1.184037979692220688e-02,-3.083432093262672424e-03,1.908932253718376160e-02,-1.280076522380113602e-02,1.330727059394121170e-02,-2.373009454458951950e-03,2.452274039387702942e-02,-9.972230531275272369e-03,1.076816767454147339e-02,7.893586531281471252e-03,-5.393950734287500381e-03,1.670809090137481689e-02,2.228622511029243469e-02,-1.448473054915666580e-02,-9.057890623807907104e-03,1.235839561559259892e-03,2.989038079977035522e-02,2.744665602222084999e-03,-2.173367328941822052e-02,-1.064318511635065079e-02,-8.104082196950912476e-03,-1.536618079990148544e-02,5.535377189517021179e-03,-2.604883536696434021e-02,1.699752174317836761e-02,1.565561257302761078e-02,-6.952933967113494873e-03,-9.603863582015037537e-03,-9.761734865605831146e-03,-2.279930748045444489e-02,8.071191608905792236e-03,5.236078985035419464e-03,2.844322286546230316e-02,1.423476729542016983e-02,-8.992110379040241241e-03,2.720656059682369232e-02,1.124836038798093796e-02,1.982646790565922856e-04,1.876371214166283607e-03,2.642706967890262604e-03,1.481691957451403141e-03,-2.069435268640518188e-02,7.117383647710084915e-03,2.719998359680175781e-03,-7.919898256659507751e-03,2.358866669237613678e-02,-1.025344012305140495e-03,-1.434001512825489044e-02,5.249234847724437714e-03,2.102325111627578735e-02,-3.096917085349559784e-02,2.181261032819747925e-02,-9.209183976054191589e-03,1.334016118198633194e-02,7.854118011891841888e-03,-1.583979651331901550e-02,-4.025729000568389893e-02,1.861570775508880615e-02,1.189300324767827988e-02,-5.818231031298637390e-03,-1.635287888348102570e-02,1.961556263267993927e-02,2.307558432221412659e-02,-1.103128679096698761e-02,-1.164961792528629303e-02,6.321446970105171204e-03,6.788484286516904831e-03,-2.008917741477489471e-02,-4.391464963555335999e-02,-1.209692098200321198e-02,-2.239805180579423904e-03,-1.835258794017136097e-03,-1.034388667903840542e-03,1.270867418497800827e-02,1.831969828344881535e-03,6.051749456673860550e-03,-7.268677465617656708e-03,2.020758017897605896e-02,-1.061029545962810516e-02,1.105759851634502411e-02,-5.528799258172512054e-03,2.999562770128250122e-03,1.266920566558837891e-02,7.808072492480278015e-03,-1.760269701480865479e-02,-4.278981592506170273e-03,-3.704722970724105835e-02,-6.147130392491817474e-03,-8.584274910390377045e-03,-2.739074453711509705e-02,1.519515365362167358e-02,7.840962149202823639e-03,-1.153121422976255417e-02,-3.886275738477706909e-02,-2.043123170733451843e-02,-4.262536764144897461e-03,5.344615783542394638e-03,1.043268945068120956e-02,9.011844173073768616e-03,7.058181799948215485e-03,-3.652099147439002991e-02,2.157580293715000153e-02,2.215466462075710297e-02,-2.293086796998977661e-02,-3.700118511915206909e-03,-2.491741999983787537e-02,-1.520830951631069183e-02,-1.468207035213708878e-02,9.077624417841434479e-03,-6.232643965631723404e-03,-1.770794577896595001e-02,-3.366285702213644981e-03,-7.439705077558755875e-03,-1.517048571258783340e-03,4.180969670414924622e-02,1.503892592154443264e-03,2.407543733716011047e-02,-1.057740580290555954e-02,-1.384008768945932388e-02,-2.349657565355300903e-02,3.851412329822778702e-03,-3.841545199975371361e-03,-1.317571103572845459e-02,-2.574624679982662201e-02,-8.104082196950912476e-03,1.076158881187438965e-02,-1.146543398499488831e-02,-4.999271128326654434e-03,1.430054660886526108e-02,-1.595819927752017975e-02,-8.623742498457431793e-03,8.143549785017967224e-03,3.006140701472759247e-03,3.293927758932113647e-03,7.972521707415580750e-03,-3.976393956691026688e-03,1.080105733126401901e-02,-6.453006528317928314e-03,-6.245800293982028961e-03,-2.271050587296485901e-03,3.528432920575141907e-02,-2.408859319984912872e-02,-1.164303999394178391e-02,3.273206949234008789e-02,-7.419971283525228500e-03,2.678556926548480988e-02,-3.723141551017761230e-02,4.111242946237325668e-03,-1.587926410138607025e-02,2.673294581472873688e-02,4.897312261164188385e-03,-1.512937340885400772e-02,-3.210058435797691345e-02,-7.031869608908891678e-03,-1.376115158200263977e-02,1.202456280589103699e-02,1.753691770136356354e-02,-1.399878237862139940e-04,2.687108237296342850e-03,-5.620068986900150776e-04,6.518786773085594177e-03,-1.434001512825489044e-02,-1.018272619694471359e-02,5.393950734287500381e-03,1.023535057902336121e-02,-3.973105177283287048e-02,1.436632685363292694e-02,2.465430088341236115e-02,1.123520452529191971e-02,-2.858136082068085670e-03,-4.785486496984958649e-03,-8.347467519342899323e-03,1.043268945068120956e-02,1.666862331330776215e-02,1.293890364468097687e-02,-4.926913417875766754e-03,-7.375569548457860947e-04,2.666716463863849640e-02,-4.430932924151420593e-02,4.533549770712852478e-02,-1.327438093721866608e-02,-6.443139631301164627e-03,8.018568158149719238e-03,2.277299575507640839e-02,3.571847686544060707e-03,2.368075959384441376e-02,1.968134194612503052e-02,3.762609511613845825e-02,-4.361206199973821640e-03,2.518136170692741871e-04,3.207427263259887695e-02,-7.308145053684711456e-03,2.894314937293529510e-03,-2.981144376099109650e-02,8.465871214866638184e-03,-4.571701865643262863e-03,-6.893731653690338135e-02,2.241778559982776642e-02,6.383937783539295197e-03,7.815472781658172607e-04,3.296887874603271484e-02,-1.619500853121280670e-02,-1.102635287679731846e-03,2.210204117000102997e-02,-4.690106026828289032e-03,3.775765374302864075e-02,-8.952642790973186493e-03,1.087341457605361938e-02,-2.586465142667293549e-02,-3.154803439974784851e-02,-2.989038079977035522e-02,-1.378746423870325089e-02,3.178813029080629349e-03,2.503582462668418884e-02,-1.447157468646764755e-02,-9.656487032771110535e-03,-9.781468659639358521e-03,9.038155898451805115e-03,-8.176439441740512848e-03,3.772476455196738243e-03,9.617019444704055786e-03,-2.089169248938560486e-02,-4.083615168929100037e-02,1.369537226855754852e-02,2.051016874611377716e-02,-1.648443937301635742e-02,-2.720656059682369232e-02,-1.365590374916791916e-02,-1.624763198196887970e-02,-2.112849988043308258e-02,-2.448327280580997467e-02,1.267085084691643715e-03,2.607514709234237671e-02,2.377942902967333794e-03,-1.624763198196887970e-02,-3.811944276094436646e-03,-2.650929428637027740e-02,2.965357154607772827e-02,-1.776056922972202301e-02,1.164303999394178391e-02,-1.491558854468166828e-03,2.433855831623077393e-02,-3.165656933560967445e-03,-2.507529221475124359e-02,4.841399379074573517e-03,4.270430281758308411e-02,7.814650423824787140e-03,9.538083337247371674e-03,1.702054520137608051e-03,1.106746611185371876e-03,-2.652245014905929565e-02,-2.087853476405143738e-02,-2.973250858485698700e-02,-2.283877693116664886e-02,7.551530841737985611e-03,7.005557883530855179e-03,-7.373925298452377319e-03,-6.762172095477581024e-03,-1.370688318274915218e-03,3.165328130125999451e-02,-2.052332507446408272e-03,-8.806282421573996544e-04,-1.118915807455778122e-02,-8.679861639393493533e-05,-3.390953177586197853e-03,8.935539424419403076e-02,7.327879313379526138e-03,-3.683673683553934097e-03,5.640625022351741791e-03,2.672307891771197319e-03,1.280734408646821976e-02,-3.397531108930706978e-03,3.078498644754290581e-03,4.173733759671449661e-03,-2.393072284758090973e-02,-4.499344155192375183e-03,1.060371752828359604e-02,2.681188099086284637e-02,-7.669934537261724472e-03,3.078498691320419312e-02,2.786435931921005249e-02,-1.848414726555347443e-02,3.200602659489959478e-04,2.598305465653538704e-03,-7.229209411889314651e-03,-1.812893711030483246e-02,3.431078791618347168e-02,-8.658277220092713833e-04,6.834530271589756012e-03,1.147858984768390656e-02,-1.745798066258430481e-02,2.335185930132865906e-02,4.278323799371719360e-02,1.646963879466056824e-03,-1.095235068351030350e-02,4.933491349220275879e-03,1.476100645959377289e-02,6.472740788012742996e-03,2.454905398190021515e-02,-5.502487532794475555e-03,-1.692187506705522537e-03,-3.476466983556747437e-03,1.434001512825489044e-02,-7.301567122340202332e-03,-6.196465343236923218e-03,5.120964255183935165e-03,2.502266876399517059e-02,3.706696443259716034e-03,-2.278615161776542664e-02,5.298569798469543457e-03,8.136971853673458099e-03,-1.591873168945312500e-02,2.210204117000102997e-02,8.666499634273350239e-04,-5.588658899068832397e-02,3.344249352812767029e-02,-2.402281388640403748e-02,-1.381377596408128738e-02,-2.110218629240989685e-02,1.016957033425569534e-02,9.360477328300476074e-03,2.354919910430908203e-02,2.820641547441482544e-02,-1.009721215814352036e-02,3.527446242514997721e-04,-3.191639855504035950e-02,3.261037869378924370e-03,2.073382027447223663e-02,-5.910322535783052444e-03,-1.920772716403007507e-02,-2.124690264463424683e-02,-1.415583118796348572e-02,1.307046320289373398e-02,-3.846807777881622314e-02,-1.787897199392318726e-02,-3.299519047141075134e-02,-1.889198273420333862e-02,-1.526093296706676483e-02,8.544807322323322296e-03,3.425816446542739868e-02,1.778688095510005951e-02,3.050542203709483147e-03,1.494519039988517761e-02,9.478881023824214935e-03,1.079447939991950989e-02,4.186889622360467911e-03,-2.486479654908180237e-02,-1.327931415289640427e-03,-3.944161906838417053e-02,-3.096588188782334328e-03,2.765386365354061127e-02,6.788484286516904831e-03,1.013832516036927700e-03,-1.310335285961627960e-02,2.322029881179332733e-02,1.520830951631069183e-02,-2.553903963416814804e-03,-1.436632685363292694e-02,-1.487447647377848625e-03,1.022877171635627747e-02,-9.512388351140543818e-05,2.528578788042068481e-02,-3.573163226246833801e-02,-4.920335486531257629e-03,5.699826870113611221e-03,7.275255396962165833e-03,-5.857698619365692139e-03,-7.058181799948215485e-03,-1.885251514613628387e-02,3.299519047141075134e-02,1.009721215814352036e-02,-2.699606493115425110e-02,6.716126110404729843e-03,-1.583979651331901550e-02,6.768750026822090149e-03,1.854992844164371490e-02,-1.866833120584487915e-02,3.546851500868797302e-02,-3.585003782063722610e-03,-5.245945882052183151e-03,1.831558620324358344e-04,-1.372168399393558502e-02,5.693906918168067932e-02,2.110218629240989685e-02,-2.248356491327285767e-02,-7.965943776071071625e-03,-2.796960808336734772e-02,3.483044914901256561e-03,1.758954115211963654e-02,-3.536326810717582703e-02,7.630466483533382416e-03,-2.836757572367787361e-03,-8.748725056648254395e-03,-2.677241340279579163e-03,4.075721651315689087e-02,-1.706987968645989895e-03,2.699606493115425110e-02,2.055621473118662834e-03,-1.624763128347694874e-03,-3.875750675797462463e-02,6.972667761147022247e-03,-2.335185930132865906e-02,5.170299205929040909e-03,-2.244409732520580292e-02,-4.321738611906766891e-03,-4.223068710416555405e-03,7.946209982037544250e-03,1.105102128349244595e-03,-2.602252177894115448e-02,2.420699689537286758e-03,-4.215174913406372070e-02,6.795062217861413956e-03,-1.319544482976198196e-02,-9.136825799942016602e-03,3.052186593413352966e-02,-1.253764610737562180e-02,-2.002339623868465424e-02,5.032161134295165539e-04,-1.718170568346977234e-02,7.979099638760089874e-03,-9.715689346194267273e-03,4.726284649223089218e-03,-2.731180749833583832e-02,1.257053576409816742e-02,2.544366009533405304e-02,2.994300425052642822e-02,-2.517725108191370964e-03,-2.188825746998190880e-03,1.339278463274240494e-02,-1.393217965960502625e-02,-4.134265705943107605e-03,-8.715834468603134155e-03,-2.943649888038635254e-03,-4.070459306240081787e-02,3.522512968629598618e-03,1.651075109839439392e-02,-2.731180749833583832e-02,5.910322535783052444e-03,-3.210058435797691345e-02,1.874726638197898865e-02,1.312308665364980698e-02,3.585003782063722610e-03,1.678702607750892639e-02,-1.391902379691600800e-02,-1.866833120584487915e-02,-3.881013393402099609e-02,-4.321738611906766891e-03,5.637336056679487228e-03,1.514252927154302597e-02,-5.140698049217462540e-03,8.913174271583557129e-03,2.420699782669544220e-02,1.687911897897720337e-02,-2.512791566550731659e-02,1.357696857303380966e-02,3.012718819081783295e-02,-8.301421068608760834e-03,6.959511898458003998e-03,1.339936256408691406e-02,1.364274788647890091e-02,-1.424792315810918808e-02,2.800578717142343521e-03,2.165473811328411102e-02,-7.689668796956539154e-03,3.317937254905700684e-02,3.938899561762809753e-02,7.117383647710084915e-03,-6.331313867121934891e-03,1.026988495141267776e-03,-2.833797410130500793e-02,-1.124013797380030155e-03,-2.514107152819633484e-02,-4.762463737279176712e-03,-6.406961008906364441e-03,2.363142324611544609e-03,-4.792064428329467773e-03,-1.924061682075262070e-03,-2.402610378339886665e-03,-4.417777061462402344e-02,2.032598480582237244e-02,1.494519039988517761e-02,-1.403742749243974686e-02,1.265604980289936066e-02,-6.860841996967792511e-03,-3.591581806540489197e-02,-8.610586635768413544e-03,1.679853769019246101e-03,-2.779200207442045212e-03,3.137700492516160011e-03,1.968134194612503052e-02,4.023097828030586243e-02,-1.644497178494930267e-02,-6.900310050696134567e-03,-1.449624192900955677e-03,1.264947187155485153e-02,1.901449868455529213e-04,1.894460618495941162e-02,2.032598480582237244e-03,-6.952111725695431232e-04,-7.926476188004016876e-03,4.066019027959555387e-04,6.110951304435729980e-03,-2.147055417299270630e-02,-3.675780072808265686e-02,2.320714294910430908e-02,-1.427423558197915554e-03,7.518640719354152679e-03,8.834238164126873016e-03,2.280917484313249588e-03,-7.525218650698661804e-03,1.105759851634502411e-02,-1.301126088947057724e-02,3.344907192513346672e-03,-1.790528558194637299e-02,-1.415583118796348572e-02,-3.338987007737159729e-02,8.696100674569606781e-03,-2.077328786253929138e-02,2.354919910430908203e-02,-1.278103142976760864e-02,-5.374216474592685699e-03,3.007374180015176535e-04,1.357532339170575142e-03,6.968556554056704044e-04,-8.439559489488601685e-03,8.018568158149719238e-03,2.058910392224788666e-02,2.450958453118801117e-02,-1.248502265661954880e-02,2.532525546848773956e-02,2.523316442966461182e-02,-2.707500010728836060e-02,1.268893945962190628e-02,-1.309019699692726135e-02,2.860109321773052216e-02,-2.360182255506515503e-02,-8.268531411886215210e-03,-9.623597376048564911e-03,1.270309780920797493e-06,1.872095465660095215e-02,9.393367916345596313e-03,2.840046538040041924e-03,9.579195757396519184e-04,-1.948400214314460754e-02,-7.702824659645557404e-03,1.395849138498306274e-02,2.056279219686985016e-02,6.610878277570009232e-03,-1.322175655514001846e-02,-4.160577664151787758e-04,-2.896946109831333160e-02,-6.043526809662580490e-04,-5.578134208917617798e-03,3.267944604158401489e-02,-2.074697613716125488e-02,-2.678556926548480988e-02,-1.733957789838314056e-02,-2.166789397597312927e-02,1.597628928720951080e-03,-1.284681167453527451e-02,-1.918141543865203857e-02,1.139965374022722244e-02,3.231107816100120544e-02,-1.182722300291061401e-02,5.528799258172512054e-03,-2.408859319984912872e-02,-9.235495701432228088e-03,-2.043123170733451843e-02,1.107075437903404236e-02,1.214296650141477585e-02,-1.034717634320259094e-02,1.978658884763717651e-02,-2.773279882967472076e-02,9.337660594610497355e-05,1.544511690735816956e-02,2.951872302219271660e-03,2.677241340279579163e-02,6.577988620847463608e-03,-2.164158225059509277e-02,5.555111449211835861e-03,-8.367201313376426697e-03,1.618185266852378845e-02,-5.680093076080083847e-03,-4.912441968917846680e-02,1.741851307451725006e-02,1.077474560588598251e-02,-3.713274607434868813e-03,1.123520452529191971e-02,-2.077328786253929138e-02,-2.736443188041448593e-03,2.137846313416957855e-02,-1.521159894764423370e-03,1.561614498496055603e-02,-3.427132032811641693e-03,-3.194271400570869446e-02,1.043268945068120956e-02,1.038664393126964569e-02,-1.439263857901096344e-02,-1.163646206259727478e-02,7.762026507407426834e-03,-1.507674995809793472e-02,-7.926476188004016876e-03,4.719706717878580093e-03,-1.420845557004213333e-02,4.275692626833915710e-03,7.985678501427173615e-03,2.718024887144565582e-02,-7.406814955174922943e-03,-9.077624417841434479e-04,-3.225845471024513245e-02,-1.275471970438957214e-02,-5.305147729814052582e-03,-5.088074132800102234e-03,-2.802223153412342072e-02,-2.375969476997852325e-02,-1.336647290736436844e-02,3.299519047141075134e-02,2.393072284758090973e-02,-1.770794577896595001e-02,-1.149503514170646667e-03,-9.722267277538776398e-03,-5.317645892500877380e-02,-1.364274788647890091e-02,-2.844979986548423767e-03,2.815379016101360321e-02,3.594212979078292847e-02,2.600936591625213623e-02,1.448473054915666580e-02,8.406668901443481445e-03,1.270209625363349915e-02,-6.716126110404729843e-03,-2.687766030430793762e-02,-1.206403132528066635e-02,-6.328024901449680328e-03,-8.557963185012340546e-03,-1.949715800583362579e-02,-1.096550654619932175e-02,-2.844322286546230316e-02,-1.137169776484370232e-03,3.281100839376449585e-02,-1.631341129541397095e-02,-1.632985658943653107e-03,-6.160286255180835724e-03,1.399795990437269211e-02,-1.055109314620494843e-02,2.047398826107382774e-03,2.931316266767680645e-04,-6.976778968237340450e-04,-6.059972220100462437e-04,6.305002141743898392e-03,-9.130247868597507477e-03,1.624763198196887970e-02,-1.761256484314799309e-03,9.847248904407024384e-03,-2.594358660280704498e-02,-2.114165574312210083e-02,2.997918287292122841e-03,6.781906355172395706e-03,-7.137117441743612289e-03,-1.661599986255168915e-02,-1.351776649244129658e-03,-1.720801740884780884e-02,6.255667190998792648e-03,3.694198280572891235e-02,8.702678605914115906e-03,-2.590411901473999023e-02,-1.391902379691600800e-02,-1.013010274618864059e-02,-1.258369162678718567e-02,1.245213206857442856e-02,3.381086047738790512e-03,-1.033401954919099808e-02,1.248502265661954880e-02,-4.709839820861816406e-03,-5.278836004436016083e-03,-2.899248385801911354e-03,8.702678605914115906e-03,8.748725056648254395e-03,-2.454905398190021515e-02,-3.861279226839542389e-03,-1.272183004766702652e-02,-1.259684842079877853e-02,-8.163283579051494598e-03,1.119573693722486496e-02,3.460022062063217163e-02,-2.406228147447109222e-02,3.779054386541247368e-03,-4.519077949225902557e-03,7.676512468606233597e-03,1.741111336741596460e-04,-1.952346973121166229e-02,-7.026114035397768021e-04,1.426601316779851913e-03,4.271581419743597507e-04,-1.285338960587978363e-02,2.252961130579933524e-04,-2.398334629833698273e-02,-7.459438871592283249e-03,1.731326617300510406e-02,-3.275838121771812439e-02,-5.176877137273550034e-03,1.543985456228256226e-01,-1.330069266259670258e-02,-2.166789397597312927e-02,4.704577475786209106e-02,4.362522065639495850e-02,8.939485996961593628e-03,1.960240490734577179e-02,1.757967402227222919e-03,-2.686450444161891937e-02,-1.335331704467535019e-02,-1.240608654916286469e-02,1.368221640586853027e-02,-4.795353859663009644e-03,1.531849033199250698e-03,3.212689608335494995e-02,-3.423185274004936218e-02,-8.748725056648254395e-03,-3.617893531918525696e-02,-1.661599986255168915e-02,-2.429908886551856995e-02,1.216270122677087784e-02,9.422968723811209202e-04,1.695476588793098927e-03,-2.040491998195648193e-02,2.917995676398277283e-02,-8.946064859628677368e-03,-2.936414070427417755e-02,9.426257573068141937e-03,2.087853476405143738e-02,1.236661802977323532e-02,-2.007602155208587646e-02,-1.906301081180572510e-02,2.660796279087662697e-03,-1.506359409540891647e-02,-2.402281388640403748e-02,6.522075738757848740e-03,4.196756705641746521e-02,-8.630321361124515533e-03,1.648443937301635742e-02,1.972080953419208527e-02,1.730011031031608582e-02,1.846770290285348892e-03,-4.377651493996381760e-03,-1.764545449987053871e-03,-2.516738325357437134e-02,8.623742498457431793e-03,-1.276787556707859039e-02,6.801640149205923080e-03,-2.170736156404018402e-02,-5.199899896979331970e-03,-2.611461468040943146e-02,-2.465101191774010658e-03,6.630612164735794067e-02,9.268386289477348328e-03,1.038006599992513657e-02,-1.123520452529191971e-02,1.382693182677030563e-02,2.896946109831333160e-02,-1.897091977298259735e-02,-8.807926438748836517e-03,-1.200482901185750961e-02,1.247844379395246506e-02,-1.230083871632814407e-02,1.633972302079200745e-02,-1.552405301481485367e-02,1.452419906854629517e-02,-3.020612336695194244e-02,3.930347971618175507e-03,9.742001071572303772e-03,-1.897091977298259735e-02,-2.364786807447671890e-03,-2.081933431327342987e-03,5.190032999962568283e-03,1.431370340287685394e-02,-7.821228355169296265e-03,-2.650929428637027740e-02,2.177314274013042450e-02,1.322175655514001846e-02,4.177022725343704224e-03,3.762609325349330902e-03,-1.716854982078075409e-02,-1.636603474617004395e-02,4.742729943245649338e-03,-2.283877693116664886e-02,1.755007356405258179e-02,-3.412660583853721619e-02,1.822102814912796021e-02,1.990499347448348999e-02,-8.604008704423904419e-03,1.735273376107215881e-02,-4.094797652214765549e-03,-2.768017537891864777e-02,-7.321301382035017014e-03,1.360328029841184616e-02,-8.005412295460700989e-03,1.607660390436649323e-02,-5.032161250710487366e-03,1.297179330140352249e-02,1.752376183867454529e-02,-4.436853341758251190e-03,-1.893145032227039337e-02,-5.229501053690910339e-03,1.928666234016418457e-02,-6.061616353690624237e-03,-6.084639462642371655e-04,-6.290201563388109207e-04,-8.939485996961593628e-03,2.831166237592697144e-02,-2.752888249233365059e-03,-2.994300425052642822e-02,-6.577988620847463608e-03,-2.868003025650978088e-02,1.805000007152557373e-02,-6.105195643613114953e-05,3.186377510428428650e-02,-2.933782991021871567e-03,1.540564931929111481e-02,6.604300346225500107e-03,3.120597824454307556e-02,8.650055155158042908e-03,-1.715210499241948128e-03,-1.180748920887708664e-02,1.639234833419322968e-02,1.862886361777782440e-02,1.177459955215454102e-02,9.603863582015037537e-03,-3.236370533704757690e-02,3.404766693711280823e-02,-1.501096971333026886e-02,-2.562784403562545776e-02,3.441603481769561768e-02,-3.162696957588195801e-02,6.298423977568745613e-04,6.551676429808139801e-03,1.051820348948240280e-02,2.565415576100349426e-02,1.062345108948647976e-03,-3.290638793259859085e-03,6.068194285035133362e-03,-2.073382027447223663e-02,-9.524927474558353424e-03,1.014325860887765884e-02,8.709256537258625031e-03,3.463310888037085533e-03,-1.723432913422584534e-02,-1.078132353723049164e-02,3.278469666838645935e-02,7.018713746219873428e-03,1.377430837601423264e-02,-5.180166102945804596e-03,-1.011036802083253860e-02,-6.423405837267637253e-03,-1.368221640586853027e-02,-1.368221640586853027e-02,3.028505854308605194e-02,-2.139161899685859680e-02,-8.261953480541706085e-03,-2.231253683567047119e-02,1.680018194019794464e-02,3.070604987442493439e-02,-5.299227684736251831e-02,6.676658522337675095e-03,1.549774128943681717e-02,-1.766847632825374603e-02,-1.524777710437774658e-02,-6.722704507410526276e-03,-1.657653152942657471e-01,2.482532896101474762e-02,2.736443281173706055e-02,-2.445696108043193817e-02,4.562492668628692627e-02,-8.709256537258625031e-03,4.096771404147148132e-02,1.009721215814352036e-02,-2.429908886551856995e-02,5.222923122346401215e-03,7.294989190995693207e-03,1.180091127753257751e-02,-2.307558432221412659e-02,-1.698436588048934937e-02,5.611024331301450729e-03,-2.963383914902806282e-03,-4.291479662060737610e-02,3.700118511915206909e-03,2.133899554610252380e-02,2.153633534908294678e-02,2.973250858485698700e-02,3.805366344749927521e-03,-1.261658221483230591e-02,-2.001024037599563599e-02,2.838813234120607376e-04,4.739440511912107468e-03,-1.159041561186313629e-02,1.653706282377243042e-02,-3.936925902962684631e-03,-3.446866059675812721e-03,-1.543196104466915131e-02,1.122862659394741058e-02,3.767871856689453125e-02,-1.487941015511751175e-02,6.163575220853090286e-03,1.940506696701049805e-02,-1.670809090137481689e-02,-1.691858656704425812e-02,-1.603713631629943848e-02,2.291771210730075836e-02,3.252157568931579590e-02,1.138649787753820419e-02,1.832627691328525543e-02,-1.448473054915666580e-02,-1.269551808945834637e-03,1.590557582676410675e-02,-1.145227812230587006e-02,7.919898256659507751e-03,2.978513203561306000e-02,-9.689376689493656158e-03,-6.047638016752898693e-04,-8.867128752171993256e-03,3.102179430425167084e-02,-3.388979658484458923e-02,-1.881304662674665451e-03,7.034336449578404427e-04,-1.503728143870830536e-02,5.140698049217462540e-03,-1.411800738424062729e-03,-2.852215804159641266e-02,4.759174771606922150e-03,-9.669642895460128784e-03,-5.742583889514207840e-03,-4.304471367504447699e-04,8.998688310384750366e-03,-2.870634198188781738e-02,-1.777372509241104126e-02,6.055860430933535099e-04,-3.502121195197105408e-02,1.480047404766082764e-02,3.489622846245765686e-03,-1.944453455507755280e-02,1.059713959693908691e-02,-2.015495672821998596e-02,-8.485605008900165558e-03,8.794770576059818268e-03,-1.008405629545450211e-02,2.143108658492565155e-02,2.560482127591967583e-03,-1.580032892525196075e-02,-1.716854982078075409e-02,2.760124020278453827e-02,-8.952642790973186493e-03,1.503070350736379623e-03,1.703699119389057159e-02,1.831311918795108795e-02,-6.162752979435026646e-04,-6.676658522337675095e-03,-8.643477223813533783e-03,1.348487660288810730e-02,8.821082301437854767e-03,-1.702383346855640411e-02,-2.066803909838199615e-02,-1.752376183867454529e-02,2.760124020278453827e-02,1.857624016702175140e-02,-2.037860825657844543e-02,1.537933759391307831e-02,-1.060371752828359604e-02,-7.202897220849990845e-03,6.827951874583959579e-03,-4.522366914898157120e-03,-3.662623837590217590e-02,-2.210204256698489189e-03,2.554890699684619904e-02,-6.249089259654283524e-03,2.264143712818622589e-02,2.250987663865089417e-02,3.086392208933830261e-02,-2.275984035804867744e-03,6.821373943239450455e-03,1.739877974614500999e-03,8.110660128295421600e-03,1.169566344469785690e-02,3.496201010420918465e-03,5.910322535783052444e-03,-8.610586635768413544e-03,-5.729428026825189590e-03,2.896946109831333160e-02,-9.643331170082092285e-03,5.588658899068832397e-02,-9.258518693968653679e-04,-3.700118511915206909e-03,6.087928544729948044e-03,-1.085368078202009201e-02,-2.518054097890853882e-02,-1.193510219454765320e-01,-3.012718819081783295e-02,2.648298256099224091e-02,2.440433762967586517e-02,1.970765367150306702e-02,1.835258863866329193e-02,-9.913029149174690247e-03,-3.703407477587461472e-03,-4.691421240568161011e-02,2.070750854909420013e-02,1.527737826108932495e-03,-2.427277714014053345e-02,-1.531355734914541245e-02,9.294698014855384827e-03,1.451104227453470230e-02,-4.366139764897525311e-04,4.328316543251276016e-03,-9.886716492474079132e-03,-2.131268195807933807e-02,8.367201313376426697e-03,-2.212835289537906647e-02,1.255737990140914917e-02,-1.622132025659084320e-02,-3.644205629825592041e-03,1.214954443275928497e-02,-8.268531411886215210e-03,-2.739074453711509705e-02,2.623301744461059570e-02,1.607660390436649323e-02,1.733957789838314056e-02,1.601082459092140198e-02,3.525801934301853180e-03,9.381856070831418037e-04,2.335185883566737175e-03,-2.749599283561110497e-03,-4.555257037281990051e-03,-3.657361492514610291e-02,-9.531505405902862549e-03,2.656191773712635040e-02,-1.877357997000217438e-02,1.965503022074699402e-02,-6.334602832794189453e-03,-3.599475324153900146e-02,-5.907033570110797882e-03,1.692187506705522537e-03,-3.402135521173477173e-02,1.739877974614500999e-03,3.078498691320419312e-02,2.781173586845397949e-02,-1.926035061478614807e-02,-2.076013199985027313e-02,-3.912587463855743408e-02,-2.239147387444972992e-02,-1.340594049543142319e-02,1.989841461181640625e-03,-1.489256601780653000e-02,2.540419250726699829e-02,2.411490678787231445e-02,-9.393367916345596313e-03,2.391756698489189148e-02,-8.604008704423904419e-03,2.165473811328411102e-02,1.319544482976198196e-02,1.904985494911670685e-02,8.538229390978813171e-03,-2.487795241177082062e-02,-4.375677928328514099e-02,-1.472153794020414352e-02,3.433709964156150818e-02,-2.282562106847763062e-02,2.236516214907169342e-03,1.385324355214834213e-02,-1.540564931929111481e-02,4.673003032803535461e-02,-3.228476643562316895e-02,-3.413975937291979790e-03,-1.611607149243354797e-02,-2.257565595209598541e-02,1.226794905960559845e-02,-4.057303443551063538e-02,-2.001024037599563599e-02,-7.038447540253400803e-03,-1.280076522380113602e-02,-9.544661268591880798e-03,4.059934616088867188e-02,-7.472595199942588806e-03,3.099548257887363434e-02,-1.328753679990768433e-02,-1.414267532527446747e-02,2.571993507444858551e-02,-1.870779879391193390e-02,3.304781392216682434e-02,2.453589811921119690e-02,-1.741851307451725006e-02,-6.005703471601009369e-03,1.837890036404132843e-02,1.227452699095010757e-02,-9.189450182020664215e-03,-2.298184699611738324e-04,8.557963185012340546e-03,-3.499490022659301758e-02,-1.620816439390182495e-02,-3.338987007737159729e-02,2.262828126549720764e-02,-7.775182370096445084e-03,-1.039322232827544212e-03,2.886421419680118561e-02,-7.321301382035017014e-03,4.940069280564785004e-03,-1.632656715810298920e-02,-1.766847632825374603e-02,-8.432981558144092560e-03,-4.433564376085996628e-03,-1.099839713424444199e-02,1.118258014321327209e-02,-2.907471032813191414e-03,-1.222848054021596909e-02,-1.042611151933670044e-02,1.732642203569412231e-02,3.309550520498305559e-04,-8.650055155158042908e-03,1.977343298494815826e-02,2.116796746850013733e-02,3.410029411315917969e-02,8.656633086502552032e-03,1.945769041776657104e-02,-1.053135935217142105e-02,9.353899396955966949e-03,-1.924719475209712982e-02,7.544952910393476486e-03,-1.313624344766139984e-02,-7.538374979048967361e-03,8.307999931275844574e-03,-2.473323605954647064e-02,-2.992984838783740997e-03,7.860695943236351013e-03,9.761734865605831146e-03,-1.424792315810918808e-02,-6.173442117869853973e-03,1.920772716403007507e-02,1.961556263267993927e-02,5.199242010712623596e-02,1.827365159988403320e-02,-3.428447619080543518e-02,-9.827515110373497009e-03,2.731180749833583832e-02,-6.679947488009929657e-03,-1.952346973121166229e-02,-1.951031386852264404e-02,2.502266876399517059e-02,3.386348485946655273e-02,-1.384008768945932388e-02,3.804708644747734070e-02,2.208888530731201172e-02,-4.482899326831102371e-03,-4.401990026235580444e-02,-5.535377189517021179e-03,-2.525947615504264832e-02,2.490426413714885712e-02,-1.551089715212583542e-02,1.702054520137608051e-03,-3.415291756391525269e-02,2.478586137294769287e-02,-5.035450216382741928e-03,1.204429659992456436e-02,1.715539395809173584e-02,-1.201798487454652786e-02,7.452860940247774124e-03,-1.735273376107215881e-02,1.084710285067558289e-02,-1.602398045361042023e-02,-1.666862331330776215e-02,-3.058764617890119553e-03,1.270209625363349915e-02,1.007090043276548386e-02,1.845783554017543793e-02,-5.732716992497444153e-03,-1.085368101485073566e-03,3.056708956137299538e-04,-2.281246334314346313e-02,-1.028797402977943420e-02,1.356381271034479141e-02,9.498615749180316925e-03,-1.410156255587935448e-03,-3.465284407138824463e-02,6.406961008906364441e-03,1.247186586260795593e-02,9.577550925314426422e-03,-7.367347367107868195e-03,-2.101009525358676910e-02,1.186011359095573425e-02,9.103936143219470978e-03,9.518349543213844299e-03,6.873997859656810760e-03,5.660359282046556473e-03,-2.133899554610252380e-02,-1.818156056106090546e-02,-5.196610931307077408e-03,-1.451104227453470230e-02,2.528578788042068481e-02,-1.410320773720741272e-02,2.076013199985027313e-02,-2.807156648486852646e-03,2.305584959685802460e-03,2.149357693269848824e-03,-9.327587671577930450e-03,-8.538229390978813171e-03,3.588292747735977173e-03,-2.064172737300395966e-02,-1.995761692523956299e-02,-3.239001706242561340e-02,-4.828243516385555267e-03,1.611607149243354797e-02,-2.051016874611377716e-02,-1.997077278792858124e-02,1.672453596256673336e-03,-4.114531911909580231e-03,3.449496999382972717e-02,-3.943504299968481064e-03,6.240866496227681637e-04,1.047544647008180618e-03,3.560007363557815552e-02,-5.397239699959754944e-03,2.211519703269004822e-02,1.940506696701049805e-02,-9.751868201419711113e-04,1.868148706853389740e-02,2.241778559982776642e-02,5.966235417872667313e-03,-3.633680939674377441e-02,-1.726721995510160923e-03,7.617310620844364166e-03,-2.871291944757103920e-03,-2.465430088341236115e-02,-5.232790019363164902e-03,-1.681333780288696289e-02,-5.291169509291648865e-04,2.754532732069492340e-03,-5.203188862651586533e-03,1.519515365362167358e-02,-4.765094816684722900e-02,4.383571445941925049e-02,1.989183761179447174e-02,2.548970514908432961e-03,-1.195220556110143661e-02,-8.386935107409954071e-03,3.333724662661552429e-02,4.640771076083183289e-03,2.103640697896480560e-02,-2.447011647745966911e-03,-1.672124676406383514e-02,3.275838121771812439e-02,-2.941676415503025055e-02,8.327733725309371948e-03,-1.532671321183443069e-02,-2.603567950427532196e-02,1.237977482378482819e-02,-1.676071435213088989e-02,2.145739831030368805e-02,-1.245213206857442856e-02,-4.999271128326654434e-03,3.717879205942153931e-02,-1.083394698798656464e-02,1.778688095510005951e-02,-2.892670454457402229e-03,1.121547073125839233e-03,-2.257565595209598541e-02,7.143695373088121414e-03,1.423312234692275524e-03,1.410320773720741272e-02,6.459790165536105633e-05,6.072305841371417046e-04,1.397164724767208099e-02,-4.683527722954750061e-02,-1.872095465660095215e-02,8.235641755163669586e-03,-1.560298912227153778e-02,2.515422739088535309e-02,-1.562930084764957428e-02,2.394387871026992798e-02,2.239147387444972992e-02,-1.076816767454147339e-02,2.074697613716125488e-02,-2.539103664457798004e-02,-1.243897620588541031e-02,2.095747180283069611e-02,-1.816840469837188721e-02,-1.094577275216579437e-02,-3.270904766395688057e-03,-7.762026507407426834e-03
-2.306172437965869904e-02,-1.860647276043891907e-02,-7.786229252815246582e-04,-8.343940600752830505e-03,-1.900564134120941162e-02,2.522496879100799561e-02,-1.487230136990547180e-02,-7.191498298197984695e-03,-1.076471339911222458e-02,8.747939136810600758e-04,1.324986852705478668e-02,1.855496689677238464e-02,-7.809567730873823166e-03,7.494094781577587128e-03,8.897627703845500946e-03,-6.966160144656896591e-03,2.320336550474166870e-02,-1.050074584782123566e-02,1.520708948373794556e-02,-2.992487326264381409e-02,8.170108310878276825e-03,2.647398412227630615e-02,-3.383931517601013184e-02,-7.107801269739866257e-03,1.282011740840971470e-03,-1.416409667581319809e-02,5.884538404643535614e-03,-1.667500473558902740e-02,-1.538735907524824142e-02,-3.649186342954635620e-02,2.745903329923748970e-03,-1.397094968706369400e-02,1.173044741153717041e-02,-2.825093455612659454e-02,-2.285570092499256134e-02,-2.289433032274246216e-02,1.781778992153704166e-03,-3.380068577826023102e-03,1.256097853183746338e-02,1.649473421275615692e-02,7.657464593648910522e-04,3.273837734013795853e-03,6.022959947586059570e-03,-1.599255204200744629e-02,-2.925529703497886658e-02,-5.961797200143337250e-03,1.833284739404916763e-03,-2.395019866526126862e-02,3.016308648511767387e-03,1.115744467824697495e-02,3.816580027341842651e-02,-1.394519675523042679e-02,-1.358465664088726044e-02,-1.165962684899568558e-02,-1.651404891163110733e-03,9.316112846136093140e-03,2.201873110607266426e-03,1.870948448777198792e-02,-4.960652906447649002e-03,-1.041704881936311722e-02,3.747047390788793564e-03,-6.946845445781946182e-03,-3.431574208661913872e-03,1.909577660262584686e-02,2.597823971882462502e-03,-5.913510452955961227e-03,-4.617495462298393250e-02,2.360253594815731049e-02,-2.019027620553970337e-02,-3.623433411121368408e-02,1.127333287149667740e-02,2.959008514881134033e-02,9.039268828928470612e-03,-1.955932937562465668e-02,1.980398222804069519e-02,-6.254736334085464478e-03,-1.088703982532024384e-02,-1.238070800900459290e-02,-2.040917612612247467e-02,-4.593674093484878540e-03,-1.564488932490348816e-02,-7.460294291377067566e-04,-2.635809592902660370e-02,1.245796680450439453e-02,-4.757848568260669708e-03,-1.314685679972171783e-02,-8.801054209470748901e-03,3.721294552087783813e-02,-2.546318341046571732e-03,-2.702445257455110550e-03,2.615207247436046600e-02,1.740896143019199371e-02,8.794615976512432098e-03,3.602831065654754639e-02,-1.540023554116487503e-02,-1.026253215968608856e-02,-1.388081442564725876e-02,3.010514378547668457e-02,-9.328989312052726746e-03,-2.732382901012897491e-02,-8.118602447211742401e-03,1.274124905467033386e-02,-2.564989030361175537e-02,-7.826468208804726601e-04,-1.709992811083793640e-02,-3.193359822034835815e-02,-1.390656735748052597e-02,3.289933316409587860e-03,2.796765230596065521e-02,-2.858572266995906830e-02,7.828881964087486267e-03,3.602831065654754639e-02,1.218112278729677200e-02,-3.927317634224891663e-02,6.161381956189870834e-03,-2.216037362813949585e-02,1.039773412048816681e-02,-7.874754955992102623e-04,-1.940481178462505341e-02,-3.198510408401489258e-02,-1.188496500253677368e-02,2.042205259203910828e-02,3.010514378547668457e-02,-8.382569998502731323e-03,8.234490640461444855e-03,-2.431073971092700958e-02,-3.275447292253375053e-03,-2.763286419212818146e-02,3.215089091099798679e-04,-4.741752985864877701e-03,4.694754257798194885e-02,1.834894344210624695e-02,3.332425653934478760e-02,-1.720293983817100525e-02,-7.906140759587287903e-03,1.136990636587142944e-02,-4.117245320230722427e-03,2.423348091542720795e-02,-8.086411282420158386e-03,-1.631446368992328644e-02,5.195647943764925003e-03,1.310178916901350021e-02,-1.155017688870429993e-02,-1.353315077722072601e-02,1.776950247585773468e-02,-3.810624766629189253e-04,-2.415944123640656471e-03,1.966234110295772552e-02,-7.191498298197984695e-03,-3.553900495171546936e-02,2.266255393624305725e-02,-1.160168275237083435e-02,1.240646094083786011e-02,-6.869586650282144547e-03,6.338433362543582916e-03,1.618569903075695038e-02,2.276556566357612610e-02,1.854209043085575104e-02,-1.415122020989656448e-02,8.266681805253028870e-03,7.146430667489767075e-03,2.477429248392581940e-02,1.630158722400665283e-02,1.528434734791517258e-02,1.702266931533813477e-02,2.199297957122325897e-02,7.146430667489767075e-03,-3.929329686798155308e-04,-2.443950437009334564e-02,-2.995062619447708130e-02,9.348304010927677155e-03,1.782100833952426910e-02,-2.113025635480880737e-02,1.935330592095851898e-02,-1.640459895133972168e-02,4.120464250445365906e-02,1.308247447013854980e-02,-2.718540839850902557e-03,-2.920379117131233215e-02,-3.560338867828249931e-03,-2.822518162429332733e-02,-2.607481321319937706e-03,2.114313282072544098e-02,1.247084327042102814e-02,-6.064808461815118790e-03,-8.717357181012630463e-03,-1.849380321800708771e-03,8.118602447211742401e-03,1.182058267295360565e-02,3.837182419374585152e-03,2.610056661069393158e-02,3.383931517601013184e-02,-1.623720489442348480e-02,1.731882616877555847e-02,-6.555659174919128418e-01,1.285230857320129871e-03,-2.757170237600803375e-03,-3.589954599738121033e-02,-5.279344972223043442e-03,9.625147096812725067e-03,2.201873250305652618e-02,1.284627214772626758e-04,-2.132340334355831146e-02,-1.994240330532193184e-03,8.363255299627780914e-03,1.245796680450439453e-02,-7.809567730873823166e-03,-8.878313004970550537e-03,-6.505826953798532486e-03,-2.071820944547653198e-02,1.864510215818881989e-02,-2.082766033709049225e-03,7.796691264957189560e-03,-3.522916522342711687e-04,1.032691355794668198e-02,2.752985246479511261e-02,2.405321039259433746e-02,-8.189423009753227234e-03,8.182984776794910431e-03,9.734597057104110718e-03,1.776950247585773468e-02,6.466392660513520241e-04,2.266255440190434456e-03,-1.287001278251409531e-02,-1.829743757843971252e-02,2.140066213905811310e-02,1.450210344046354294e-03,1.458901911973953247e-02,3.662062808871269226e-02,-7.436150684952735901e-03,-1.502681896090507507e-02,5.961797200143337250e-03,-1.762464293278753757e-03,2.423348091542720795e-02,-4.014877602458000183e-02,-7.307386025786399841e-03,1.878674328327178955e-02,-3.965946845710277557e-03,-2.781313471496105194e-02,2.948707342147827148e-02,1.102224271744489670e-02,-1.203304342925548553e-02,3.404533863067626953e-02,2.277844212949275970e-02,1.811716705560684204e-02,-2.714356034994125366e-02,7.701979143348580692e-07,1.595392264425754547e-02,1.240968005731701851e-03,2.647398412227630615e-02,2.395019866526126862e-02,-1.725444570183753967e-02,-2.042205259203910828e-02,1.793689653277397156e-02,1.635309308767318726e-02,2.021602913737297058e-02,-1.592816971242427826e-02,1.303096860647201538e-02,5.675295833498239517e-03,-3.260961268097162247e-03,-1.538735907524824142e-02,1.412546727806329727e-02,1.028828509151935577e-02,-1.941768825054168701e-02,2.131052687764167786e-02,1.657199300825595856e-02,-7.365330122411251068e-03,2.214749576523900032e-03,4.413403570652008057e-03,4.046424757689237595e-03,5.153155699372291565e-02,-2.150367386639118195e-02,9.921305812895298004e-03,-1.519421301782131195e-02,-1.443450152873992920e-02,-8.794615976512432098e-03,-3.973672911524772644e-02,6.174258422106504440e-03,2.167106792330741882e-02,-1.868695020675659180e-03,-9.573641233146190643e-03,-1.024965569376945496e-02,1.802703132852911949e-03,1.764073781669139862e-02,-4.899489693343639374e-03,1.246440503746271133e-02,2.259817160665988922e-02,-1.015952043235301971e-02,2.760711126029491425e-02,7.397521287202835083e-03,1.302935881540179253e-03,9.766788221895694733e-03,-1.115100644528865814e-02,1.028184685856103897e-02,-6.341652479022741318e-03,2.324199536815285683e-03,-3.198188496753573418e-03,-2.351240068674087524e-02,3.869373584166169167e-03,-2.042527077719569206e-03,-1.353315077722072601e-02,8.839683607220649719e-03,8.253805339336395264e-03,-3.376205638051033020e-02,-2.506079385057091713e-03,-1.713855750858783722e-02,3.569996217265725136e-03,1.837469637393951416e-02,-1.019814983010292053e-02,-2.925529703497886658e-02,2.143929153680801392e-02,2.708883490413427353e-03,9.509258903563022614e-03,-1.187208853662014008e-02,1.390656735748052597e-02,2.395019866526126862e-02,-5.961797200143337250e-03,-4.126902669668197632e-03,-6.530774990096688271e-04,1.130552403628826141e-02,-2.804491110146045685e-02,-2.075683884322643280e-02,-1.480791904032230377e-02,2.206701785326004028e-03,-5.678514949977397919e-03,7.577791810035705566e-03,1.758923195302486420e-02,4.744972102344036102e-03,8.768863044679164886e-03,-1.225194334983825684e-02,9.535011835396289825e-03,2.845695707947015762e-03,2.273981273174285889e-02,-1.600542850792407990e-02,2.098861522972583771e-02,-2.858572173863649368e-03,6.510655512101948261e-04,-1.290220394730567932e-02,2.226016484200954437e-03,-5.845908820629119873e-02,-9.586517699062824249e-03,7.358891889452934265e-03,-4.068958759307861328e-02,1.824593171477317810e-02,1.541311200708150864e-02,-1.625008136034011841e-02,-3.839757665991783142e-02,-7.442588917911052704e-03,7.685631862841546535e-04,-4.075396806001663208e-03,-8.377741323783993721e-04,2.012589387595653534e-02,1.147291809320449829e-02,-1.655911654233932495e-02,2.555975504219532013e-02,3.541024029254913330e-02,-2.595892548561096191e-02,-5.137704312801361084e-03,-1.940481178462505341e-02,-1.811716705560684204e-02,-1.453751325607299805e-02,5.346946418285369873e-03,1.112525351345539093e-02,-2.508332766592502594e-02,-1.055868994444608688e-02,-9.633195004425942898e-04,2.092423290014266968e-02,4.305885359644889832e-02,6.277270149439573288e-03,9.412686340510845184e-03,-4.017855098936706781e-04,-1.515558362007141113e-02,-1.695828698575496674e-02,1.265111379325389862e-02,1.239358447492122650e-02,-4.703124053776264191e-03,-3.283495083451271057e-02,-3.486299188807606697e-03,3.273837734013795853e-03,7.455465383827686310e-03,-2.495456300675868988e-02,1.314685679972171783e-02,-2.098861522972583771e-02,-1.680376939475536346e-02,-1.228413451462984085e-02,1.070676930248737335e-02,1.567064039409160614e-02,-1.200729049742221832e-02,5.845909006893634796e-03,2.179983258247375488e-02,3.638885170221328735e-02,-1.540023554116487503e-02,2.177407965064048767e-02,4.810642078518867493e-02,-2.047355752438306808e-03,-1.269618142396211624e-02,4.370267689228057861e-02,6.689316593110561371e-03,1.162099745124578476e-02,-3.626008704304695129e-02,-1.415604841895401478e-03,4.921218496747314930e-04,1.700979284942150116e-02,7.062733639031648636e-03,-1.203304342925548553e-02,-3.561626374721527100e-02,-1.462282030843198299e-03,-1.671363413333892822e-02,-1.318548619747161865e-02,3.301522135734558105e-02,9.798979386687278748e-03,1.679089292883872986e-02,5.298659671097993851e-03,-1.556762959808111191e-02,6.760137155652046204e-03,-1.074539870023727417e-02,1.229057274758815765e-02,1.266399025917053223e-02,-2.680877223610877991e-02,-1.470490731298923492e-02,2.271405979990959167e-02,2.714114380069077015e-04,-5.092636682093143463e-03,-7.803129497915506363e-03,2.101436816155910492e-02,7.899702526628971100e-03,2.252091281116008759e-02,2.522496879100799561e-02,1.460189558565616608e-02,-1.153730042278766632e-02,9.876238182187080383e-03,-2.912653237581253052e-02,2.652548998594284058e-02,-3.862935351207852364e-03,-1.422847900539636612e-02,1.657199300825595856e-02,-9.882676415145397186e-03,1.030116062611341476e-02,7.255880162119865417e-03,5.472491960972547531e-03,2.794189937412738800e-02,6.618496030569076538e-03,-1.688424730673432350e-03,1.061663404107093811e-02,-5.588379688560962677e-03,2.860181732103228569e-03,-2.258529514074325562e-02,5.820156075060367584e-03,-8.524211123585700989e-03,-5.526572838425636292e-02,3.288645669817924500e-02,5.507902242243289948e-03,-5.287392996251583099e-04,3.618282824754714966e-02,-5.095855798572301865e-03,-8.041343651711940765e-03,2.120751515030860901e-02,-4.790039733052253723e-03,3.798552975058555603e-02,-5.446739029139280319e-03,-3.786481393035501242e-04,-1.003075577318668365e-02,-4.468128457665443420e-02,-1.568351686000823975e-02,1.147613744251430035e-03,5.726801697164773941e-03,2.987336739897727966e-02,-3.345302119851112366e-02,1.452463679015636444e-02,7.442588917911052704e-03,-2.621967345476150513e-03,-1.138922106474637985e-02,2.376993000507354736e-02,1.677801646292209625e-02,-1.267686672508716583e-02,-1.653336361050605774e-02,3.241646569222211838e-03,-2.758377231657505035e-04,-4.059301223605871201e-03,-1.156305335462093353e-02,-3.963371738791465759e-02,-2.792580286040902138e-03,-1.693253405392169952e-02,-8.633661083877086639e-03,-4.735314752906560898e-03,1.036554295569658279e-02,5.643104668706655502e-03,-1.183989737182855606e-02,-4.579187952913343906e-04,-1.814291998744010925e-02,1.300521567463874817e-02,-2.137490920722484589e-02,1.415122020989656448e-02,-1.074539870023727417e-02,2.290398813784122467e-03,-1.376492623239755630e-02,-2.791614644229412079e-02,7.766109774820506573e-04,3.340151533484458923e-02,2.807066403329372406e-02,-3.750266332644969225e-04,1.511695422232151031e-02,-4.294296726584434509e-03,-1.132483873516321182e-02,-3.484367579221725464e-02,-1.756347902119159698e-02,-1.183989737182855606e-02,-1.273481082171201706e-02,-2.015164680778980255e-02,-1.122182700783014297e-02,-9.303236380219459534e-03,-1.815579645335674286e-02,1.618569903075695038e-02,2.104012109339237213e-02,1.377780269831418991e-02,-1.881249621510505676e-02,1.403533201664686203e-02,1.060697715729475021e-03,8.992913365364074707e-02,1.626295782625675201e-02,-1.824593171477317810e-02,8.350378833711147308e-03,4.741752985864877701e-03,3.201085701584815979e-02,-1.408683788031339645e-02,1.015630085021257401e-03,2.485155127942562103e-03,-2.516058646142482758e-02,1.041383016854524612e-03,-1.270905788987874985e-02,2.787751611322164536e-03,-1.816867291927337646e-02,3.342726826667785645e-02,1.926317065954208374e-02,-9.592955932021141052e-03,1.296658627688884735e-02,5.868442822247743607e-03,-2.346089482307434082e-02,-2.956433221697807312e-02,-3.029185114428400993e-03,-1.622432842850685120e-02,-7.410397753119468689e-03,7.867511361837387085e-03,-8.710918948054313660e-03,3.461189940571784973e-02,3.654336929321289062e-02,3.075862303376197815e-03,-1.558050606399774551e-02,7.481218315660953522e-03,2.392444573342800140e-02,4.831888247281312943e-03,1.994562335312366486e-02,-6.180696655064821243e-03,1.138278283178806305e-02,5.947310710325837135e-04,1.619857549667358398e-02,5.243934690952301025e-03,-2.036088844761252403e-03,7.931893691420555115e-03,2.284282445907592773e-02,2.956755226477980614e-03,-2.289433032274246216e-02,-5.054007284343242645e-03,-1.623720489442348480e-02,-3.412259509786963463e-03,2.765861712396144867e-02,9.148718789219856262e-03,-5.356603860855102539e-02,1.547749433666467667e-02,-1.422847900539636612e-02,-2.373130060732364655e-02,-1.112525351345539093e-02,2.132340334355831146e-02,-7.687241304665803909e-03,1.122665591537952423e-03,1.009513810276985168e-02,-1.341565279290080070e-03,5.289002321660518646e-03,-2.807066403329372406e-02,1.859037671238183975e-03,2.069245651364326477e-02,1.022068317979574203e-03,-1.829743757843971252e-02,-8.485581725835800171e-03,-4.577578511089086533e-03,7.185060065239667892e-03,-2.657699584960937500e-02,9.992126375436782837e-03,7.655050139874219894e-03,-7.609982974827289581e-03,-1.203948166221380234e-02,7.564915344119071960e-03,2.956433221697807312e-02,1.237426977604627609e-02,6.785890087485313416e-03,6.689316593110561371e-03,1.622432842850685120e-02,-3.460546256974339485e-03,5.008939653635025024e-03,-3.435437381267547607e-02,-1.465340144932270050e-02,-2.057657018303871155e-02,-9.721720591187477112e-03,1.627583429217338562e-02,-1.106731034815311432e-02,-3.114491701126098633e-03,-6.406034342944622040e-03,1.143428869545459747e-02,-2.003575861454010010e-02,-7.828881964087486267e-03,9.541450068354606628e-03,-1.882174983620643616e-04,1.605693437159061432e-02,7.597106508910655975e-03,2.030616439878940582e-02,-1.250303443521261215e-02,5.005720537155866623e-03,-5.044349934905767441e-03,-8.170108310878276825e-03,2.498031593859195709e-03,1.218112278729677200e-02,-1.827168464660644531e-02,2.352527715265750885e-02,1.806566119194030762e-02,-1.643035188317298889e-02,2.343514189124107361e-02,-9.309674613177776337e-03,-9.766788221895694733e-03,4.893051460385322571e-03,-2.212174423038959503e-02,2.742684073746204376e-02,-3.223941428586840630e-03,-1.944344141520559788e-03,1.789826713502407074e-02,-1.538735907524824142e-02,3.896414116024971008e-02,1.810429058969020844e-02,3.949851263314485550e-03,-8.749548345804214478e-03,-1.720293983817100525e-02,3.673007711768150330e-03,-1.343013904988765717e-02,-3.785676881670951843e-02,-4.226695280522108078e-03,4.284639377146959305e-03,-3.672363981604576111e-02,-1.902495743706822395e-03,3.154730424284934998e-02,4.530901205725967884e-04,1.594104617834091187e-02,3.975604195147752762e-03,-1.966234110295772552e-02,-3.257742151618003845e-02,-1.888009719550609589e-03,-9.039268828928470612e-03,2.609090879559516907e-03,-1.894125901162624359e-02,4.171970300376415253e-03,-8.034905418753623962e-03,-8.923380635678768158e-03,-1.903139427304267883e-02,-2.406608685851097107e-02,7.796691264957189560e-03,-3.134128078818321228e-02,5.623789969831705093e-03,-6.991913076490163803e-03,5.466053728014230728e-03,3.170182183384895325e-02,-4.204966244287788868e-04,1.343013904988765717e-02,-2.966734394431114197e-02,-1.702266931533813477e-02,2.663815859705209732e-03,-1.980398222804069519e-02,-7.416835986077785492e-03,-1.019814983010292053e-02,9.618708863854408264e-03,6.051931995898485184e-03,2.109162695705890656e-02,-1.367479097098112106e-02,-1.574146212078630924e-03,2.619070187211036682e-02,-8.086411282420158386e-03,-1.198153756558895111e-02,-2.815114101395010948e-03,-1.535516814328730106e-03,-4.916229099035263062e-02,3.351096529513597488e-03,8.962010033428668976e-03,-9.605832397937774658e-03,1.413834374397993088e-02,-2.953857928514480591e-02,1.899276487529277802e-02,1.635309308767318726e-02,-6.966160144656896591e-03,1.397094968706369400e-02,-3.051718883216381073e-02,-2.263680100440979004e-02,-2.400170452892780304e-02,-3.015664964914321899e-02,1.509120129048824310e-02,3.463765233755111694e-02,3.120929934084415436e-03,1.375204976648092270e-02,3.229413926601409912e-02,1.640459895133972168e-02,-1.435724366456270218e-02,-1.335288025438785553e-02,2.055081725120544434e-02,-1.699691638350486755e-02,1.707417517900466919e-02,5.633447435684502125e-04,2.011301741003990173e-02,-2.848914824426174164e-03,1.416409667581319809e-02,7.983399555087089539e-03,-1.998425275087356567e-02,3.381356224417686462e-02,1.567064039409160614e-02,-1.290864218026399612e-02,3.470203606411814690e-03,-9.045707061886787415e-03,-1.238070800900459290e-02,-5.807279609143733978e-03,1.387437689118087292e-03,1.277987845242023468e-03,-1.314685679972171783e-02,-1.993274688720703125e-02,-1.128620933741331100e-02,-1.453751325607299805e-02,-3.244865685701370239e-02,-2.521209232509136200e-02,1.794977299869060516e-02,1.106087211519479752e-02,-1.943056471645832062e-02,1.165318861603736877e-02,-9.135842323303222656e-03,-1.470490731298923492e-02,3.157949773594737053e-03,-1.280563045293092728e-02,3.986549377441406250e-02,2.588166622444987297e-03,1.603118143975734711e-02,3.046568483114242554e-02,-1.901851780712604523e-02,6.431787274777889252e-03,1.248371973633766174e-02,1.104799564927816391e-02,3.978823311626911163e-03,2.047355845570564270e-02,-4.477785900235176086e-03,-1.896701194345951080e-02,4.043205641210079193e-03,5.884538404643535614e-03,8.002714253962039948e-03,-1.187208853662014008e-02,-3.898989409208297729e-02,2.964159101247787476e-02,-4.696685820817947388e-03,5.375918466597795486e-03,7.564915344119071960e-03,-2.989912033081054688e-02,-3.327275067567825317e-02,1.104799564927816391e-02,-2.067958004772663116e-02,8.311749435961246490e-03,-1.912152953445911407e-02,-1.250947266817092896e-02,-1.890263147652149200e-02,1.484654843807220459e-02,8.707700180821120739e-04,3.260317444801330566e-02,-2.694397466257214546e-03,3.624720964580774307e-03,3.338220063596963882e-03,-7.500533014535903931e-03,-2.900420688092708588e-03,8.202299475669860840e-03,-1.489805430173873901e-02,1.397094968706369400e-02,1.816867291927337646e-02,-3.124149050563573837e-03,1.999712921679019928e-02,2.073108591139316559e-02,-9.238854050636291504e-03,-7.024104241281747818e-03,-2.434936910867691040e-02,2.316473610699176788e-02,-1.673938706517219543e-02,-9.309674613177776337e-03,-1.017239689826965332e-02,-1.344301551580429077e-02,1.576077565550804138e-02,2.430430147796869278e-03,-3.425135975703597069e-03,-6.663563661277294159e-03,-1.052006054669618607e-02,-4.831888247281312943e-03,1.189784146845340729e-02,2.387294173240661621e-02,1.175620034337043762e-02,-8.965229499153792858e-04,1.883181044831871986e-03,-2.691178396344184875e-02,1.165962684899568558e-02,-4.065739456564188004e-03,3.996850550174713135e-02,-6.499388720840215683e-03,-2.410471625626087189e-02,-2.760711126029491425e-02,-9.573641233146190643e-03,2.213462069630622864e-02,4.986405838280916214e-03,-1.749909669160842896e-02,6.064003682695329189e-04,2.530222758650779724e-02,-8.807492442429065704e-03,5.166675895452499390e-03,-2.218612655997276306e-02,-5.324412602931261063e-03,-9.554326534271240234e-03,1.483367197215557098e-02,5.655981134623289108e-03,-2.889475598931312561e-02,2.156805567210540175e-04,-3.059444762766361237e-02,-2.445238083600997925e-02,1.963658723980188370e-03,7.049857173115015030e-03,2.440087497234344482e-02,4.281420260667800903e-03,-2.868873439729213715e-02,1.143428869545459747e-02,-1.207972061820328236e-03,1.819442585110664368e-02,-8.118602447211742401e-03,-2.946132048964500427e-02,1.331425085663795471e-02,-2.073108684271574020e-03,-1.715143397450447083e-02,3.685884177684783936e-03,-2.371842414140701294e-02,-3.036025736946612597e-04,9.361180476844310760e-03,-1.133771520107984543e-02,1.180770620703697205e-02,-7.758061867207288742e-03,-1.864510215818881989e-02,-2.465840429067611694e-03,1.174976211041212082e-02,-7.809567730873823166e-03,-1.552900020033121109e-02,-1.579940505325794220e-02,-2.782922936603426933e-03,-4.200942348688840866e-03,3.199798054993152618e-03,-1.594104617834091187e-02,1.169825624674558640e-02,6.251517217606306076e-03,1.063594873994588852e-02,-2.132340334355831146e-02,4.384431522339582443e-03,-3.917016461491584778e-02,3.169216681271791458e-03,-6.624934263527393341e-03,-2.586879022419452667e-02,-2.070533297955989838e-02,-2.652548998594284058e-02,-1.913440600037574768e-02,4.421773552894592285e-02,2.866298146545886993e-02,-1.236139331012964249e-02,2.142319688573479652e-03,-6.119533441960811615e-03,-3.741896897554397583e-02,-5.726801697164773941e-03,-8.313358994200825691e-04,2.176120318472385406e-02,2.342226542532444000e-02,-7.873949594795703888e-03,1.802703132852911949e-03,1.686815172433853149e-02,3.331781772430986166e-04,4.622646141797304153e-03,-3.486942872405052185e-02,7.204374764114618301e-03,-1.348164491355419159e-02,-1.315329503268003464e-02,-1.694541051983833313e-02,-7.706556003540754318e-03,-5.272906739264726639e-03,-1.141497399657964706e-02,3.976248204708099365e-02,-5.765431094914674759e-03,-2.530222758650779724e-02,7.185060065239667892e-03,-3.322124481201171875e-03,-2.625508420169353485e-02,4.889832343906164169e-03,1.241933740675449371e-02,-7.725870702415704727e-03,-1.693253405392169952e-02,1.211030222475528717e-02,-3.250016272068023682e-02,2.371842414140701294e-02,-1.533585321158170700e-02,1.305672153830528259e-02,-3.298946842551231384e-02,-1.417697314172983170e-02,1.991987042129039764e-02,-7.255880162119865417e-03,-1.187852676957845688e-02,-6.618496030569076538e-03,1.747978269122540951e-03,-1.287645101547241211e-02,1.436529128113761544e-04,3.054294176399707794e-02,-5.665638484060764313e-03,-1.046855468302965164e-02,8.530649356544017792e-03,-2.248550299555063248e-03,-3.072321228682994843e-02,-1.729307509958744049e-02,6.644248962402343750e-03,-9.407857432961463928e-04,-1.591529324650764465e-02,1.717718690633773804e-02,-7.906140759587287903e-03,-8.691604249179363251e-03,-4.860860295593738556e-03,-2.752341562882065773e-03,-2.366691827774047852e-02,-2.273981273174285889e-02,-1.381643209606409073e-02,1.529722381383180618e-02,-2.052506431937217712e-02,1.433149073272943497e-02,3.090348280966281891e-02,-1.049430761486291885e-02,1.843907870352268219e-02,-4.947776440531015396e-03,-4.976748488843441010e-03,-8.504896424710750580e-03,-2.959008514881134033e-02,-7.307386025786399841e-03,9.077898226678371429e-03,1.364903803914785385e-02,2.216359134763479233e-03,-2.069889567792415619e-03,-1.597967557609081268e-02,-1.029472239315509796e-02,-3.100408066529780626e-04,-3.221688047051429749e-02,-1.588954031467437744e-02,2.040660083293914795e-01,-1.299877744168043137e-02,-1.182702090591192245e-02,3.255166858434677124e-02,8.466267026960849762e-03,2.709205448627471924e-02,2.765861712396144867e-02,-3.817867720499634743e-03,1.143589848652482033e-03,-1.047821249812841415e-03,-2.198010310530662537e-02,-4.960652906447649002e-03,-1.429286133497953415e-02,6.715069524943828583e-03,1.573502272367477417e-02,-3.231989219784736633e-02,-2.373130060732364655e-02,-3.968522325158119202e-02,-1.162099745124578476e-02,-4.169394820928573608e-02,3.824305953457951546e-03,7.017666008323431015e-03,1.644322834908962250e-02,-9.547888301312923431e-03,3.705842792987823486e-02,9.721720591187477112e-03,-3.994275256991386414e-02,1.617282256484031677e-02,3.662062808871269226e-02,1.891550794243812561e-02,-1.350739784538745880e-02,-1.587666384875774384e-02,-2.665425417944788933e-03,-9.998564608395099640e-03,-2.039629966020584106e-02,-2.921344945207238197e-03,2.644823119044303894e-02,-3.679445944726467133e-03,6.000426132231950760e-03,8.517772890627384186e-03,9.921305812895298004e-03,-9.786102920770645142e-03,-1.388242468237876892e-03,1.108662504702806473e-02,-1.652048714458942413e-02,2.325487136840820312e-02,-7.011227775365114212e-03,5.720363464206457138e-03,-2.431073971092700958e-02,-6.612057797610759735e-03,-2.606193721294403076e-02,1.815579645335674286e-02,4.653549566864967346e-02,1.587666384875774384e-02,-6.818080786615610123e-03,-1.460189558565616608e-02,1.160168275237083435e-02,4.581441357731819153e-02,-1.747334375977516174e-02,1.543564605526626110e-03,-1.639172248542308807e-02,1.994562335312366486e-02,-4.965481348335742950e-04,2.740108780562877655e-02,-5.034692585468292236e-03,3.999425843358039856e-02,-3.036267310380935669e-02,-9.000639431178569794e-03,-5.174723919481039047e-04,-2.142641507089138031e-02,3.220722312107682228e-03,-1.493668369948863983e-02,4.889832343906164169e-03,-8.446952328085899353e-03,1.132322940975427628e-03,-2.437512204051017761e-02,2.679911442101001740e-03,5.340508185327053070e-03,3.019527764990925789e-03,3.092923574149608612e-02,-2.531510405242443085e-02,-2.393732219934463501e-02,-5.598037037998437881e-03,-5.343727301806211472e-03,9.232415817677974701e-03,-2.397595159709453583e-02,1.801415532827377319e-02,-1.805721112759783864e-04,7.268756628036499023e-03,-3.109663026407361031e-03,-5.758992861956357956e-03,-2.822518162429332733e-02,-1.103511918336153030e-02,4.632303491234779358e-03,2.675082767382264137e-03,2.974460273981094360e-02,6.032617297023534775e-03,7.513409480452537537e-03,-2.926173619925975800e-03,-2.535051433369517326e-03,-1.124114170670509338e-02,-8.833245374262332916e-03,2.686027809977531433e-02,-8.878313004970550537e-03,6.476854905486106873e-03,6.888901349157094955e-03,1.113169174641370773e-02,1.391944382339715958e-02,2.984761446714401245e-02,-1.102224271744489670e-02,7.036980707198381424e-03,-3.471491113305091858e-02,5.144142545759677887e-03,-1.376492623239755630e-02,2.243077754974365234e-02,-2.279131906107068062e-03,1.865797862410545349e-02,-3.579653566703200340e-03,2.624220773577690125e-02,-1.097073685377836227e-02,1.149867102503776550e-02,-3.217503195628523827e-03,1.558050606399774551e-02,1.062307227402925491e-02,9.438439272344112396e-03,-6.627348484471440315e-04,-1.780813187360763550e-02,4.320049658417701721e-03,5.289002321660518646e-03,-3.636309877038002014e-02,3.157305717468261719e-02,-4.208024218678474426e-02,-2.929392736405134201e-03,1.877386681735515594e-02,1.882537268102169037e-02,1.570926979184150696e-02,4.494686436373740435e-04,-5.260030273348093033e-03,9.399809874594211578e-03,1.670075766742229462e-02,1.480791950598359108e-03,1.725444570183753967e-02,1.695828698575496674e-02,9.599394164979457855e-03,-3.882250050082802773e-03,-1.533102476969361305e-03,2.574002556502819061e-02,-1.008869986981153488e-02,1.211030222475528717e-02,8.504896424710750580e-03,-5.633447319269180298e-03,-1.979110576212406158e-02,1.550324726849794388e-02,-8.234490640461444855e-03,1.695828698575496674e-02,-6.135629024356603622e-03,-4.332925658673048019e-03,-1.243865210562944412e-02,2.478716894984245300e-03,1.165318861603736877e-02,-4.965159669518470764e-02,8.112164214253425598e-03,1.497531309723854065e-02,3.779238555580377579e-03,-1.104155671782791615e-03,-1.324986852705478668e-02,-1.621402800083160400e-01,1.400957908481359482e-02,1.725444570183753967e-02,-1.516846008598804474e-02,4.442375898361206055e-02,2.028041053563356400e-03,3.981398791074752808e-02,9.560764767229557037e-03,-2.894626185297966003e-02,8.228052407503128052e-03,-6.843833718448877335e-03,-1.290864218026399612e-02,-2.128477394580841064e-02,-8.414761163294315338e-03,-8.865436539053916931e-03,1.368122990243136883e-03,-3.049143590033054352e-02,-3.269009059295058250e-03,1.791114360094070435e-02,8.762424811720848083e-03,3.541024029254913330e-02,-4.579187952913343906e-04,-7.906140759587287903e-03,-1.968809403479099274e-02,3.734170924872159958e-03,2.563701383769512177e-02,-7.191498298197984695e-03,1.525859441608190536e-02,3.325343597680330276e-03,2.337076002731919289e-03,-2.190284430980682373e-02,6.512265186756849289e-03,2.187709137797355652e-02,-7.487656548619270325e-03,2.373130060732364655e-02,1.558050629682838917e-03,-4.709562286734580994e-03,-1.448600739240646362e-02,-1.789826713502407074e-02,1.511695422232151031e-02,1.246440503746271133e-02,4.349021241068840027e-03,2.065382711589336395e-02,-6.383500527590513229e-03,-5.066883750259876251e-03,1.286357454955577850e-02,1.001787930727005005e-02,9.489944204688072205e-03,1.330137439072132111e-02,-2.010014094412326813e-02,-4.542168229818344116e-03,-2.218612655997276306e-02,2.105299755930900574e-02,-2.049931138753890991e-02,9.895552881062030792e-03,3.309248015284538269e-03,1.030116109177470207e-03,-2.707273932173848152e-03,-5.939263384789228439e-03,-3.250016272068023682e-02,-4.097930621355772018e-03,-1.036554295569658279e-02,-7.635735440999269485e-03,4.448813851922750473e-03,-3.272228175774216652e-03,-3.522996976971626282e-02,-3.582872683182358742e-03,1.439587306231260300e-02,-4.362541809678077698e-02,3.357534762471914291e-03,-1.337943831458687782e-04,-1.427998486906290054e-02,5.939263384789228439e-03,-2.013877034187316895e-02,-1.138278283178806305e-02,8.904065936803817749e-03,-2.006151154637336731e-02,2.809641696512699127e-02,2.371842414140701294e-02,1.305028330534696579e-02,-1.293439511209726334e-02,2.489018067717552185e-02,-3.170826239511370659e-03,1.322411559522151947e-02,-7.476389291696250439e-04,1.437012013047933578e-02,1.323699206113815308e-02,-2.792580286040902138e-03,-5.398452281951904297e-03,2.791614644229412079e-02,2.966412575915455818e-03,-1.877386681735515594e-02,-4.800501919817179441e-04,-1.590241678059101105e-02,7.854634895920753479e-03,2.344801835715770721e-02,1.467915438115596771e-02,8.092044736258685589e-04,-8.343940600752830505e-03,7.506971247494220734e-03,1.023034099489450455e-02,-1.024321746081113815e-02,-3.888688236474990845e-02,-7.931089494377374649e-04,2.465840429067611694e-02,-2.173545025289058685e-02,-2.765218028798699379e-03,9.328989312052726746e-03,3.999425843358039856e-02,-1.433149073272943497e-02,3.402602160349488258e-03,-4.809354431927204132e-03,-5.556188989430665970e-03,-4.558263812214136124e-03,6.296584848314523697e-03,4.973529372364282608e-03,-2.926173619925975800e-03,-7.275194860994815826e-03,1.773087307810783386e-02,-9.432001039385795593e-03,4.918804392218589783e-02,2.289433032274246216e-02,8.321406785398721695e-04,1.988124102354049683e-02,-9.753911755979061127e-03,-2.303597144782543182e-02,-1.182573288679122925e-01,-3.363329172134399414e-02,9.296798147261142731e-03,2.337075956165790558e-02,1.421560253947973251e-02,2.140066213905811310e-02,-7.590668275952339172e-03,6.650687195360660553e-03,-4.419198259711265564e-02,9.122965857386589050e-03,-7.996276021003723145e-03,-1.455038972198963165e-02,-6.599181331694126129e-03,-5.945701617747545242e-03,9.161595255136489868e-03,-2.360253594815731049e-02,-7.185060065239667892e-03,-5.214962642639875412e-03,-2.358965948224067688e-02,2.910077944397926331e-02,5.733239930123090744e-03,1.543886493891477585e-02,-8.440514095127582550e-03,-2.180948853492736816e-03,2.061841776594519615e-03,2.489983802661299706e-03,-2.227625995874404907e-02,3.759923949837684631e-02,2.745259366929531097e-02,1.408683788031339645e-02,1.211030222475528717e-02,-3.386506810784339905e-03,-1.700979284942150116e-02,5.765431094914674759e-03,-9.721720591187477112e-03,2.966412575915455818e-03,-2.585591375827789307e-02,-1.721581630408763885e-02,3.476641699671745300e-02,-3.098074160516262054e-02,1.652048714458942413e-02,3.105800040066242218e-02,-8.543525822460651398e-03,1.818798715248703957e-03,1.039773412048816681e-02,-1.977822929620742798e-02,-1.337863318622112274e-02,1.785963773727416992e-02,1.834894344210624695e-02,-2.132340334355831146e-02,-2.691178396344184875e-02,-3.968522325158119202e-02,-1.869660802185535431e-02,-1.008226163685321808e-02,5.720363464206457138e-03,-2.827668748795986176e-02,7.043418940156698227e-03,1.619857549667358398e-02,-6.779451854526996613e-03,9.045707061886787415e-03,1.161455921828746796e-02,2.078259177505970001e-02,8.833245374262332916e-03,2.861147560179233551e-02,-8.635270060040056705e-04,2.729807747527956963e-03,-3.244865685701370239e-02,-4.107587970793247223e-03,1.970097050070762634e-02,-2.752985246479511261e-02,7.809567730873823166e-03,-4.699904937297105789e-03,-1.037841942161321640e-02,3.880962356925010681e-02,-2.583016082644462585e-02,3.576434450224041939e-03,-1.846483163535594940e-02,-1.932755298912525177e-02,3.956289496272802353e-03,-2.562413737177848816e-02,-2.068280009552836418e-03,-2.267864998430013657e-03,1.599255204200744629e-02,-4.796477966010570526e-03,5.315399169921875000e-02,4.728876985609531403e-03,2.563701383769512177e-02,-2.734958194196224213e-02,3.888688283041119576e-03,-2.266255440190434456e-03,4.133340902626514435e-03,5.137704312801361084e-03,1.823305524885654449e-02,-2.489018067717552185e-02,-2.425601473078131676e-03,1.567064039409160614e-02,-3.994918894022703171e-03,-1.293439511209726334e-02,-9.522135369479656219e-03,-1.059088110923767090e-02,-4.076684638857841492e-02,-2.433649264276027679e-02,-4.202873632311820984e-02,3.759923949837684631e-02,-1.661062240600585938e-02,7.062733639031648636e-03,5.588379688560962677e-03,-1.373917330056428909e-02,6.200011353939771652e-03,-1.935330592095851898e-02,-1.042992528527975082e-02,6.399596109986305237e-03,-1.930180005729198456e-02,-1.181414443999528885e-02,-1.588954031467437744e-02,-6.257955450564622879e-03,-1.279275398701429367e-02,-1.035266648977994919e-02,9.552717092446982861e-04,-7.082048337906599045e-03,-2.490305714309215546e-02,1.300521544180810452e-03,5.285783205181360245e-03,1.475641317665576935e-02,3.724513575434684753e-03,1.065526343882083893e-02,-1.685527525842189789e-02,7.655050139874219894e-03,-1.456326618790626526e-02,1.926317065954208374e-02,-1.595392264425754547e-02,5.099074915051460266e-03,7.516628247685730457e-04,-1.008869986981153488e-02,1.712568104267120361e-02,1.252878736704587936e-02,1.537448260933160782e-02,-1.493668369948863983e-02,-9.901991114020347595e-03,3.365904465317726135e-02,2.270118333399295807e-02,5.572928115725517273e-02,1.350739784538745880e-02,-4.509333148598670959e-02,-8.942695334553718567e-03,2.819942869246006012e-02,-4.992844071239233017e-03,-1.509120129048824310e-02,-1.529078581370413303e-03,2.101436816155910492e-02,3.190784528851509094e-02,-1.822017878293991089e-02,3.806278854608535767e-02,2.747834660112857819e-02,-1.990699395537376404e-02,-4.385719448328018188e-02,-7.391083054244518280e-03,-2.428498677909374237e-02,9.689529426395893097e-03,-2.553400211036205292e-02,-1.028828509151935577e-02,-3.695541620254516602e-02,3.051718883216381073e-02,-1.211030222475528717e-02,-4.373969568405300379e-04,5.533655174076557159e-03,1.973316073417663574e-03,2.489018067717552185e-02,-6.409253459423780441e-03,9.193786419928073883e-03,4.725657869130373001e-03,-8.285996504127979279e-03,-8.060658350586891174e-03,1.461477205157279968e-02,1.596679911017417908e-02,3.131552785634994507e-02,-1.731882686726748943e-03,-1.849058456718921661e-02,1.142785046249628067e-02,2.782922936603426933e-03,-3.682665154337882996e-02,2.094998583197593689e-02,8.034905418753623962e-03,1.936618238687515259e-02,-1.767936721444129944e-02,1.421560253947973251e-02,1.030759885907173157e-02,1.261248439550399780e-02,-2.238892950117588043e-03,-1.662349887192249298e-02,1.519421301782131195e-02,-1.129103824496269226e-03,1.366191450506448746e-02,1.412546727806329727e-02,-7.597106508910655975e-03,-1.760210841894149780e-02,-2.243077754974365234e-02,-2.747512888163328171e-03,-2.443950437009334564e-02,1.227769628167152405e-02,8.871874772012233734e-03,6.460759323090314865e-03,-5.820156075060367584e-03,1.027540862560272217e-02,-3.288323758170008659e-03,-3.698760643601417542e-03,-9.625147096812725067e-03,7.519847713410854340e-03,-1.510407775640487671e-02,-1.838113414123654366e-03,1.138278283178806305e-02,3.945425269193947315e-04,2.827990567311644554e-03,-2.727232314646244049e-02,3.830744186416268349e-03,8.646537549793720245e-03,-5.086198449134826660e-03,2.899776771664619446e-02,-1.152442395687103271e-02,-5.372699350118637085e-03,-1.252234913408756256e-02,6.773013621568679810e-03,-5.523997824639081955e-03,1.164031215012073517e-02,4.658700153231620789e-02,3.441231558099389076e-03,2.158093266189098358e-02,1.934042945504188538e-02,5.804060492664575577e-03,-2.997637912631034851e-02,2.236639522016048431e-02,1.323055359534919262e-03,1.162743568420410156e-02,-9.483505971729755402e-03,-1.511695422232151031e-02,1.886400161311030388e-03,-1.109306327998638153e-02,1.558050606399774551e-02,3.624720964580774307e-03,-6.554113700985908508e-03,-2.443950437009334564e-02,1.944344118237495422e-02,2.277844212949275970e-02,-1.465340144932270050e-02,-1.659774594008922577e-02,2.216359134763479233e-03,3.239715099334716797e-02,-4.790039733052253723e-03,1.649473421275615692e-02,6.187134888023138046e-03,-1.194934640079736710e-02,2.714356034994125366e-02,-7.571353577077388763e-03,9.901991114020347595e-03,-2.752985246479511261e-02,-1.182058267295360565e-02,8.524211123585700989e-03,-7.262318395078182220e-03,1.904427073895931244e-02,1.953357644379138947e-02,1.067457813769578934e-02,3.000213205814361572e-02,-9.844047017395496368e-03,2.122039161622524261e-02,3.901564748957753181e-03,-2.879174612462520599e-02,-1.994562335312366486e-02,2.294583618640899658e-02,1.359753217548131943e-02,-4.252448212355375290e-03,-2.386006526648998260e-02,1.268330495804548264e-02,2.943556755781173706e-02,-3.092923574149608612e-02,-2.160668559372425079e-02,8.665851317346096039e-03,-1.368766743689775467e-02,7.828881964087486267e-03,-1.910865306854248047e-02,9.713672916404902935e-04,1.728019863367080688e-02,-7.049857173115015030e-03,3.242290392518043518e-02,-2.342226542532444000e-02,-8.273120038211345673e-03,3.710993379354476929e-02,-9.277483448386192322e-03,-1.550204033264890313e-04,3.776019439101219177e-03,-9.940620511770248413e-03
-1.849636994302272797e-02,-3.384888172149658203e-02,-8.219880983233451843e-04,-1.002105046063661575e-02,-3.834852948784828186e-03,2.196771465241909027e-02,-1.326970476657152176e-02,-2.384093031287193298e-02,-1.368888560682535172e-02,-1.093800924718379974e-02,-3.263391088694334030e-03,2.547835558652877808e-02,-8.298477157950401306e-03,-1.233964599668979645e-02,-5.550875794142484665e-04,1.284397300332784653e-02,8.029939606785774231e-03,8.953448385000228882e-03,2.331695333123207092e-02,-2.892350219190120697e-02,-4.889355506747961044e-03,2.093286067247390747e-02,-9.955553337931632996e-03,-5.678595043718814850e-03,1.987180858850479126e-02,-4.764911253005266190e-03,1.178292091935873032e-02,-2.091976068913936615e-02,1.455344632267951965e-02,-2.701098658144474030e-02,-2.643461339175701141e-02,9.824559092521667480e-04,-3.256513923406600952e-02,-2.112935110926628113e-02,-3.167437762022018433e-02,-1.296186819672584534e-02,-8.874851278960704803e-03,-9.228535927832126617e-03,2.266198210418224335e-02,2.323835715651512146e-02,-9.680465795099735260e-03,4.083741456270217896e-03,1.838829950429499149e-03,4.155788570642471313e-03,-2.494128048419952393e-02,-4.378478508442640305e-03,-7.885846309363842010e-03,-1.802479103207588196e-02,-9.693565079942345619e-04,1.050572842359542847e-02,3.825028240680694580e-02,-1.149473432451486588e-02,-4.198361653834581375e-03,-2.008139900863170624e-02,1.733052171766757965e-02,1.076116692274808884e-02,7.978360517881810665e-04,1.283742394298315048e-02,9.536371566355228424e-03,-1.890245079994201660e-02,1.756631210446357727e-02,-1.473683863878250122e-02,-1.173707284033298492e-02,1.253613736480474472e-02,8.567015640437602997e-03,-3.751671686768531799e-02,-2.136514149606227875e-02,1.915789034683257341e-04,-2.808186400216072798e-04,-6.765846163034439087e-03,2.677519805729389191e-02,3.057075198739767075e-03,1.144233625382184982e-02,8.350875228643417358e-03,-7.208770257420837879e-04,-2.829472906887531281e-02,-1.115496779675595462e-04,-1.339414902031421661e-02,2.217075554654002190e-03,1.110830157995223999e-02,-9.562570601701736450e-03,-1.154058147221803665e-02,-2.250478975474834442e-02,-7.790056406520307064e-04,2.636256685946136713e-04,4.886080510914325714e-03,2.802046074066311121e-04,3.125519677996635437e-02,1.216935366392135620e-02,-4.165613092482089996e-03,3.704513609409332275e-02,3.513262420892715454e-02,1.021099183708429337e-02,3.819788619875907898e-02,-3.371788561344146729e-02,-2.727297507226467133e-02,-1.181566994637250900e-02,3.921964019536972046e-02,1.120818429626524448e-03,-2.509847283363342285e-02,3.936373163014650345e-03,-7.839998230338096619e-03,-9.922804310917854309e-03,2.757426118478178978e-03,-1.978011243045330048e-02,-2.281917631626129150e-02,-1.624327152967453003e-02,-2.674899995326995850e-02,2.513777092099189758e-02,-1.408186741173267365e-02,-6.058477796614170074e-03,3.015484660863876343e-02,2.314666099846363068e-02,-3.502782806754112244e-02,1.864046230912208557e-02,-3.641636669635772705e-02,-1.021754089742898941e-02,-1.102970447391271591e-02,-3.709753602743148804e-02,-2.703718654811382294e-02,-1.381987985223531723e-02,5.960232578217983246e-03,2.612022683024406433e-02,-1.150783337652683258e-02,9.457775391638278961e-03,1.463859342038631439e-03,-1.341379806399345398e-02,-5.252864211797714233e-02,-3.061987517867237329e-04,-1.968841627240180969e-02,3.583998978137969971e-02,9.523272514343261719e-03,1.942642778158187866e-02,-1.278502587229013443e-02,-4.453799920156598091e-04,1.619087345898151398e-02,8.232980035245418549e-03,2.006829902529716492e-02,1.155368145555257797e-02,-1.347929518669843674e-02,2.215438056737184525e-03,9.215435944497585297e-03,-2.130291890352964401e-03,-2.678829804062843323e-02,-3.124209819361567497e-03,1.510362233966588974e-02,-7.643506862223148346e-03,1.637426437810063362e-03,-7.257074117660522461e-03,-2.127344533801078796e-02,1.763180829584598541e-02,-3.020724467933177948e-02,1.108865253627300262e-02,-2.787554822862148285e-02,1.134409103542566299e-02,-4.650291055440902710e-03,-2.077566646039485931e-02,2.174502424895763397e-02,-9.614968672394752502e-03,1.131134200841188431e-02,-2.116864919662475586e-02,7.551811169832944870e-03,1.153403241187334061e-02,5.059647839516401291e-03,2.002900093793869019e-02,1.974081434309482574e-02,7.898945361375808716e-03,-2.562244981527328491e-02,-1.226759888231754303e-02,-2.876630797982215881e-02,2.657870762050151825e-02,2.743016928434371948e-02,-2.635601721704006195e-02,5.469004623591899872e-03,-2.140443958342075348e-02,4.914899542927742004e-02,1.092490926384925842e-02,2.253098785877227783e-02,-4.493098333477973938e-02,-5.796489771455526352e-03,-4.755086451768875122e-02,4.686314612627029419e-03,2.275367826223373413e-02,1.488093193620443344e-02,1.216935366392135620e-02,-1.304046437144279480e-02,1.051882747560739517e-02,-1.452724821865558624e-02,1.738291978836059570e-02,-1.157333049923181534e-02,6.320466287434101105e-03,6.923039443790912628e-03,-2.960467152297496796e-02,-1.630058046430349350e-03,-6.426047682762145996e-01,-4.660115577280521393e-03,-8.115085773169994354e-03,-9.104091674089431763e-03,7.839998230338096619e-03,-3.392747603356838226e-03,2.461379580199718475e-02,-6.811694242060184479e-03,-2.803274244070053101e-02,-4.332630429416894913e-03,-8.671810850501060486e-03,3.515882045030593872e-02,-1.345309615135192871e-02,-7.977541536092758179e-03,-3.520466852933168411e-04,-3.133379295468330383e-02,-1.209075748920440674e-02,-4.329355433583259583e-03,2.372631104663014412e-03,6.454735063016414642e-03,-1.602058112621307373e-02,1.349239423871040344e-02,2.101145684719085693e-02,-3.155320882797241211e-03,2.742689335718750954e-03,4.011039808392524719e-02,2.757426118478178978e-03,-8.429471403360366821e-03,-5.508302710950374603e-03,1.658385619521141052e-02,-3.086221404373645782e-02,3.028584085404872894e-02,-1.431765686720609665e-02,3.421566262841224670e-02,2.525566704571247101e-02,7.073682267218828201e-03,-1.025683991611003876e-02,2.226900123059749603e-02,1.748771523125469685e-03,3.961262106895446777e-02,-1.784139871597290039e-02,-2.967016771435737610e-03,1.263438258320093155e-02,-2.008139900863170624e-02,-1.565379649400711060e-02,1.259508449584245682e-02,6.006080191582441330e-03,-6.441636011004447937e-03,1.836537569761276245e-02,2.165332809090614319e-02,1.057122554630041122e-02,-1.799859292805194855e-02,-1.328280381858348846e-02,1.560139935463666916e-02,-9.194149752147495747e-04,2.563554979860782623e-02,4.514057189226150513e-02,-2.758736163377761841e-02,-1.061052363365888596e-02,1.772350445389747620e-02,2.553075365722179413e-02,2.740396931767463684e-02,-4.267133306711912155e-03,-9.935904294252395630e-03,-1.678034663200378418e-02,1.342689711600542068e-02,1.034853514283895493e-03,2.198081277310848236e-02,2.339554950594902039e-02,-1.010619662702083588e-02,2.784935012459754944e-02,1.422596164047718048e-02,8.776606060564517975e-03,-6.746197119355201721e-03,1.642666198313236237e-02,-7.512512616813182831e-03,5.239764600992202759e-02,-2.388022840023040771e-02,7.597658783197402954e-03,-5.347834900021553040e-03,4.185262136161327362e-03,-5.128419958055019379e-03,-3.544700890779495239e-02,1.185496803373098373e-02,1.379368081688880920e-02,-6.032279226928949356e-03,-3.031203895807266235e-02,-1.897777314297854900e-03,2.326455526053905487e-02,7.185027468949556351e-03,-6.349939852952957153e-03,3.403227403759956360e-02,1.996350288391113281e-02,-1.657075621187686920e-02,1.794619485735893250e-02,2.116864919662475586e-02,1.019789185374975204e-02,3.756911307573318481e-02,4.508817568421363831e-02,1.592888496816158295e-02,-1.047952938824892044e-02,-6.117425393313169479e-03,1.256888546049594879e-02,-2.708958461880683899e-02,8.815904147922992706e-03,2.475788816809654236e-02,-2.874010987579822540e-02,-3.818478668108582497e-03,2.199391275644302368e-02,-5.224045366048812866e-02,-8.180582895874977112e-03,-3.312513697892427444e-03,1.079391501843929291e-02,-1.025683991611003876e-02,-2.677519805729389191e-02,-2.837332710623741150e-02,3.101940825581550598e-02,2.177122235298156738e-02,1.260818354785442352e-02,-2.250478975474834442e-02,2.243929356336593628e-02,6.850992329418659210e-03,1.237894408404827118e-03,-9.890056215226650238e-03,1.252303738147020340e-02,2.452209964394569397e-02,-9.601868689060211182e-03,-2.513777092099189758e-02,-1.167157571762800217e-02,4.804209340363740921e-03,-1.505122426897287369e-02,-8.084793225862085819e-04,2.551765367388725281e-02,3.978946246206760406e-03,2.483648434281349182e-02,-1.177637092769145966e-02,1.785449869930744171e-02,-1.579789072275161743e-02,1.258198544383049011e-02,-2.516397088766098022e-02,2.665730379521846771e-02,1.425379770807921886e-03,8.940348634496331215e-04,3.477484569884836674e-04,6.458010058850049973e-03,-4.157753288745880127e-02,5.341285374015569687e-03,-2.067087218165397644e-02,-4.983016476035118103e-02,7.138156070141121745e-05,2.731227315962314606e-03,-1.522151660174131393e-02,-3.659975528717041016e-02,-2.177122235298156738e-02,-1.222338876686990261e-03,-2.690619230270385742e-02,-1.664935238659381866e-02,4.499648232012987137e-03,-1.477613672614097595e-02,-2.402432076632976532e-02,1.941332779824733734e-02,2.019929327070713043e-02,-2.137823961675167084e-02,-1.294221915304660797e-02,-5.842337850481271744e-03,-3.790969774127006531e-02,-2.994525618851184845e-02,8.370524272322654724e-03,6.811694242060184479e-03,-2.186291851103305817e-02,6.949238013476133347e-03,1.007344760000705719e-02,1.413426548242568970e-02,1.879765652120113373e-02,-9.490524418652057648e-03,1.057777553796768188e-02,-1.386900199577212334e-03,-7.892395369708538055e-03,-1.930853351950645447e-02,2.894970029592514038e-02,2.051367983222007751e-02,-2.756116352975368500e-02,-2.462689392268657684e-02,1.903344504535198212e-02,4.984326194971799850e-03,2.119484916329383850e-02,-2.208560891449451447e-02,9.994851425290107727e-03,-2.002900093793869019e-02,-2.056607604026794434e-02,-6.955787539482116699e-03,-3.445145441219210625e-03,-1.507742330431938171e-02,-2.677192213013768196e-03,8.959997445344924927e-03,2.221987815573811531e-03,8.449120447039604187e-03,-1.060397364199161530e-02,1.780210062861442566e-02,1.427835877984762192e-02,2.093286067247390747e-02,-1.613847538828849792e-02,2.779695205390453339e-02,1.506432332098484039e-02,1.806408911943435669e-02,-1.781520061194896698e-02,9.012395516037940979e-03,1.339414855465292931e-03,3.387507796287536621e-02,-7.257074117660522461e-03,-9.241634979844093323e-03,-3.308911621570587158e-02,-1.446175109595060349e-02,-4.627367481589317322e-03,-9.179822518490254879e-05,4.506197571754455566e-02,1.937402971088886261e-02,5.803039297461509705e-03,1.007999759167432785e-02,5.056372843682765961e-03,8.246080018579959869e-03,-7.204676512628793716e-03,6.258244160562753677e-03,-1.361028943210840225e-02,-1.878455653786659241e-02,-3.962572198361158371e-03,4.587414115667343140e-02,-7.650056388229131699e-03,-3.667835379019379616e-03,-1.177637092769145966e-02,-9.732862934470176697e-03,-2.224853233201429248e-04,3.546665888279676437e-03,2.243929356336593628e-02,1.248373929411172867e-02,-1.226759888231754303e-02,1.050572842359542847e-02,-5.940583534538745880e-03,2.829472906887531281e-02,-1.290947012603282928e-02,-1.742221787571907043e-02,1.590268686413764954e-02,2.336607547476887703e-03,2.022221684455871582e-03,-1.520841754972934723e-02,2.378853224217891693e-02,3.818478668108582497e-03,-5.710524856112897396e-04,-2.068069763481616974e-03,2.419461309909820557e-02,-1.995040476322174072e-02,7.800699677318334579e-03,-2.382783032953739166e-02,1.833917759358882904e-02,-4.345729947090148926e-03,-1.936093159019947052e-02,1.112795062363147736e-02,7.571460213512182236e-03,6.186197511851787567e-03,-1.080701476894319057e-04,2.320233266800642014e-03,1.432748162187635899e-03,1.111485064029693604e-02,-5.406782496720552444e-03,1.964911818504333496e-02,-4.195086658000946045e-03,-6.536606699228286743e-03,4.466899670660495758e-03,-4.003180190920829773e-02,-1.438479172065854073e-03,1.651835814118385315e-02,4.001870285719633102e-03,1.873215846717357635e-02,-2.348069567233324051e-03,2.529496513307094574e-02,2.363133989274501801e-02,1.845707185566425323e-02,-5.485378671437501907e-03,9.673915803432464600e-03,2.036958560347557068e-02,-1.223485078662633896e-02,-3.345589712262153625e-02,-5.043273791670799255e-03,1.531321275979280472e-02,-1.976701244711875916e-02,9.883506223559379578e-03,-2.040888369083404541e-02,-5.924209021031856537e-03,-8.606313727796077728e-03,2.171882428228855133e-02,-1.071531884372234344e-02,1.072841882705688477e-02,6.864091847091913223e-03,-9.248184971511363983e-03,-1.841777376830577850e-02,-2.818993479013442993e-02,3.282712772488594055e-02,-2.811133861541748047e-02,1.224140077829360962e-02,1.995040476322174072e-02,-1.032233703881502151e-02,-1.780210062861442566e-02,-1.532631181180477142e-02,-2.634291723370552063e-02,5.842337757349014282e-02,2.538665942847728729e-02,2.719437889754772186e-02,8.442571386694908142e-03,-6.778945680707693100e-03,-1.917753927409648895e-02,-3.366548940539360046e-02,1.818198338150978088e-02,-1.889590173959732056e-03,-2.341519808396697044e-03,-3.723507747054100037e-03,-2.238362096250057220e-03,-3.177917376160621643e-02,1.340724807232618332e-02,8.553915657103061676e-03,1.264911988982930779e-04,-7.990641519427299500e-03,-2.460069581866264343e-02,7.447015494108200073e-03,-5.645846482366323471e-03,1.013370528817176819e-01,2.521636709570884705e-02,-1.650525815784931183e-02,4.679765086621046066e-03,-1.422596164047718048e-02,6.837892811745405197e-03,-1.917753927409648895e-02,-6.179647520184516907e-03,4.987601190805435181e-03,9.221985936164855957e-03,1.185496803373098373e-02,-3.304326673969626427e-03,-6.742103723809123039e-04,-2.137823961675167084e-02,1.839157380163669586e-02,9.929354302585124969e-03,-2.243929356336593628e-02,7.335670758038759232e-03,-3.412396879866719246e-03,3.733332501724362373e-03,-3.031203895807266235e-02,-1.681964471936225891e-02,-1.480233576148748398e-02,-6.572629790753126144e-03,5.229940172284841537e-03,-6.320466287434101105e-03,1.519531756639480591e-02,1.444865111261606216e-02,9.071342647075653076e-03,-8.377074263989925385e-03,1.040093321353197098e-02,3.282712772488594055e-02,-5.583624355494976044e-03,7.545261178165674210e-03,-1.822128146886825562e-02,2.960467152297496796e-02,2.164022810757160187e-02,3.484443575143814087e-02,2.043508179485797882e-02,-1.698993705213069916e-02,2.824233286082744598e-02,1.204490941017866135e-02,6.516957655549049377e-03,-1.761870831251144409e-02,1.492023002356290817e-02,-1.325660478323698044e-02,3.359999274834990501e-03,2.760701114311814308e-03,-4.385028034448623657e-03,-3.400607407093048096e-02,1.687204279005527496e-02,-2.039578370749950409e-02,-2.784935012459754944e-02,-1.556210126727819443e-02,2.727297507226467133e-02,1.827367953956127167e-02,-1.230034790933132172e-02,3.115040250122547150e-02,7.597659132443368435e-04,3.083601593971252441e-02,-9.084442630410194397e-03,-2.412911690771579742e-02,2.427321113646030426e-02,1.211040653288364410e-02,1.934210013132542372e-04,-1.023064088076353073e-02,-4.784560296684503555e-03,1.565379649400711060e-02,-2.955227345228195190e-02,3.093098755925893784e-03,3.148771123960614204e-03,4.466899670660495758e-03,-7.145729381591081619e-03,1.666245236992835999e-02,4.820583760738372803e-02,1.560139935463666916e-02,1.192701421678066254e-02,-7.604208774864673615e-03,1.832607761025428772e-02,3.906899597495794296e-03,-7.650056388229131699e-03,-8.652161806821823120e-03,5.665495526045560837e-03,-7.322571240365505219e-03,-1.938712969422340393e-02,1.645286194980144501e-02,4.145964048802852631e-03,-1.442245300859212875e-02,-1.664935238659381866e-02,2.277987822890281677e-02,7.394617889076471329e-03,8.248536032624542713e-04,5.976606626063585281e-03,-7.433916325680911541e-04,-5.613097921013832092e-03,-4.322805907577276230e-03,1.688514277338981628e-02,6.189472042024135590e-03,3.687484422698616982e-03,7.931694388389587402e-03,9.700114838778972626e-03,7.327483617700636387e-04,-8.494968526065349579e-03,4.342454951256513596e-03,3.052162937819957733e-02,-5.403507384471595287e-04,-1.109520159661769867e-02,1.289637107402086258e-02,-5.411694291979074478e-04,-2.274057827889919281e-02,1.547040510922670364e-02,-3.510642424225807190e-02,1.053847651928663254e-02,-1.654455810785293579e-02,-4.886080510914325714e-03,2.051367983222007751e-02,-1.528701372444629669e-02,3.020724467933177948e-02,1.860116422176361084e-02,3.880700794979929924e-03,8.678360842168331146e-03,-1.625636965036392212e-02,2.021239325404167175e-02,-4.712513647973537445e-03,-1.757941022515296936e-02,1.255578640848398209e-02,-4.506197758018970490e-03,-2.239999361336231232e-02,-2.988303313031792641e-03,2.511157281696796417e-02,-2.460069581866264343e-02,1.899414695799350739e-02,2.027788944542407990e-02,3.746431786566972733e-03,-4.610992968082427979e-02,5.046548321843147278e-03,-9.407015168108046055e-04,1.713403128087520599e-02,-2.976186387240886688e-02,-1.195321325212717056e-03,-2.465309388935565948e-02,-9.890056215226650238e-03,-1.887625269591808319e-02,-1.476303767412900925e-02,-9.398828260600566864e-03,-4.236349835991859436e-02,-1.472865114919841290e-03,-1.235274504870176315e-02,1.883695460855960846e-02,3.285332396626472473e-02,-2.363133989274501801e-02,4.987601190805435181e-03,-1.992420479655265808e-02,-1.302081532776355743e-02,-2.722057886421680450e-02,-2.483648434281349182e-02,-2.503297664225101471e-02,-6.372863892465829849e-03,1.553590223193168640e-02,1.080701476894319057e-03,7.728653028607368469e-03,-1.057122554630041122e-02,6.439179414883255959e-04,1.122619584202766418e-02,-1.766783185303211212e-03,-1.142923720180988312e-02,7.650056388229131699e-03,-2.289777249097824097e-02,-4.231110215187072754e-02,1.279812585562467575e-02,2.572724595665931702e-02,4.817308858036994934e-03,8.894500322639942169e-03,-1.066292170435190201e-02,1.670175045728683472e-02,1.440935302525758743e-02,1.431929413229227066e-03,3.828303189948201180e-03,-1.291602011770009995e-02,-5.161168426275253296e-02,-1.983251050114631653e-02,-3.694033995270729065e-02,2.217730507254600525e-02,4.483273718506097794e-03,-4.581519402563571930e-03,8.488418534398078918e-03,2.091976068913936615e-02,-1.976373838260769844e-03,-1.049590413458645344e-03,-8.318126201629638672e-03,1.330900285392999649e-02,-2.952607534825801849e-02,2.495438046753406525e-02,-1.645286194980144501e-02,-8.842103183269500732e-03,-2.935905708000063896e-03,1.671812497079372406e-03,1.604677923023700714e-02,-1.954432204365730286e-02,2.944747731089591980e-02,1.986198360100388527e-03,4.050993360579013824e-03,-6.896840408444404602e-03,-3.508022427558898926e-02,-6.536606699228286743e-03,2.192841470241546631e-02,-1.658385619521141052e-02,2.420771308243274689e-02,2.603508066385984421e-03,-1.667555049061775208e-02,-6.185378297232091427e-04,3.050525672733783722e-03,-4.823203384876251221e-02,-3.953402489423751831e-02,2.322525717318058014e-02,-5.056372843682765961e-03,-2.138478914275765419e-03,6.196022033691406250e-03,-2.740396931767463684e-02,-2.394572459161281586e-02,1.970151625573635101e-02,-9.012395516037940979e-03,3.447765111923217773e-02,-8.069237694144248962e-03,1.381987985223531723e-02,3.770010918378829956e-02,-1.036818418651819229e-02,-2.642151340842247009e-02,5.776021862402558327e-04,2.141753910109400749e-03,1.078081596642732620e-02,1.304701436311006546e-02,2.722057886421680450e-02,-2.949987538158893585e-02,-5.514852236956357956e-03,-3.805379150435328484e-03,2.615952491760253906e-02,-1.430455781519412994e-02,-3.832887858152389526e-02,8.881401270627975464e-03,7.289822679013013840e-03,-7.355319801717996597e-03,2.315321005880832672e-03,-2.301566675305366516e-02,1.118034776300191879e-02,1.317800860852003098e-02,-1.372818369418382645e-02,-9.149938821792602539e-03,-1.929543353617191315e-02,-1.184186805039644241e-02,1.521169207990169525e-03,1.442245300859212875e-02,-5.508302710950374603e-03,3.434665873646736145e-02,4.096840973943471909e-03,-1.847016997635364532e-02,-1.624327152967453003e-02,1.412116643041372299e-02,9.562570601701736450e-03,1.129169296473264694e-02,-1.042713224887847900e-02,9.372629225254058838e-03,-2.040888369083404541e-02,-7.112980820238590240e-03,6.628302391618490219e-03,1.150292111560702324e-03,-5.022805999033153057e-04,-9.143389761447906494e-03,-1.983251050114631653e-02,2.492818050086498260e-02,-6.497308146208524704e-03,1.451414823532104492e-02,-1.430455781519412994e-02,-5.662220995873212814e-03,1.883695460855960846e-02,2.747601596638560295e-03,-8.101986721158027649e-03,-9.719763882458209991e-03,-1.764490827918052673e-02,-8.494968526065349579e-03,3.005005046725273132e-02,2.181052044034004211e-02,1.819508336484432220e-02,3.962572198361158371e-03,-2.818993479013442993e-02,-3.683554753661155701e-02,3.962572198361158371e-03,1.899414695799350739e-03,3.175297379493713379e-02,-1.216935366392135620e-02,-2.182362042367458344e-02,-2.839952521026134491e-02,-2.146993577480316162e-02,9.562570601701736450e-03,5.190642084926366806e-03,-1.882385462522506714e-02,-1.196140074171125889e-03,4.956817626953125000e-02,-1.299461629241704941e-02,3.686174377799034119e-02,-1.839157380163669586e-02,2.801636699587106705e-03,-2.618572488427162170e-02,6.955787539482116699e-03,1.359882648102939129e-03,-1.275227777659893036e-02,1.088561117649078369e-02,-3.067882359027862549e-02,-1.613847538828849792e-02,1.254923641681671143e-02,4.827133379876613617e-03,3.494923189282417297e-02,5.462454631924629211e-03,-1.161917857825756073e-02,-5.842337850481271744e-03,1.361028943210840225e-02,6.320466287434101105e-03,3.789004869759082794e-03,-2.280607633292675018e-02,2.763975970447063446e-02,-2.051367983222007751e-02,3.070174716413021088e-03,5.288887768983840942e-03,-1.759251020848751068e-02,1.972771435976028442e-02,1.395087409764528275e-02,4.656841047108173370e-03,2.545215748250484467e-02,1.260163448750972748e-02,-1.790689677000045776e-02,-1.472865114919841290e-03,3.109800443053245544e-02,-3.020724467933177948e-02,1.435204292647540569e-03,-4.833682905882596970e-03,-1.059742458164691925e-02,-2.891081203415524215e-05,7.676255423575639725e-03,-1.743531785905361176e-02,-3.161870641633868217e-03,1.015204470604658127e-02,1.262128353118896484e-02,-2.202338539063930511e-03,5.059647839516401291e-03,-8.213330991566181183e-03,2.255718782544136047e-02,2.140443958342075348e-02,-3.369168937206268311e-02,1.008654758334159851e-02,-2.477098815143108368e-02,-1.044678152538836002e-03,2.643461339175701141e-02,1.081356499344110489e-02,-2.200701273977756500e-02,3.563039936125278473e-03,3.227695077657699585e-02,-5.182127282023429871e-02,-1.079391501843929291e-02,-1.321730669587850571e-02,5.370758939534425735e-03,1.862736418843269348e-02,2.889730222523212433e-02,1.230034790933132172e-02,2.112935110926628113e-02,1.161262858659029007e-02,1.237894408404827118e-02,-5.203741602599620819e-03,-3.115040250122547150e-02,1.243134215474128723e-02,-1.383297890424728394e-02,-1.119999680668115616e-03,-2.818010980263352394e-03,-2.902829647064208984e-02,-1.960982009768486023e-02,2.029098942875862122e-02,4.703507584054023027e-04,-1.336139999330043793e-02,2.051367983222007751e-02,-1.368888560682535172e-02,-1.933473162353038788e-02,-9.411927312612533569e-03,-7.519062608480453491e-03,-3.379648318514227867e-03,-2.998127834871411324e-03,-2.192841470241546631e-02,-2.401122264564037323e-02,1.171742379665374756e-02,8.023389615118503571e-03,1.659531728364527225e-03,-2.071017026901245117e-02,-5.917659495025873184e-03,1.799859292805194855e-02,4.643741529434919357e-03,-7.551811169832944870e-03,-2.701098658144474030e-02,-3.382923081517219543e-03,-5.341285374015569687e-03,2.821285743266344070e-03,4.445940256118774414e-02,3.358689323067665100e-02,-2.986666001379489899e-02,2.165332809090614319e-02,-6.627483526244759560e-04,-1.493333000689744949e-02,1.776280254125595093e-02,-8.285378105938434601e-03,1.286198501475155354e-03,-3.036443702876567841e-02,-2.188911661505699158e-02,6.903389934450387955e-03,2.126034535467624664e-02,-8.010290563106536865e-03,4.872981458902359009e-03,-4.603133350610733032e-02,8.508068509399890900e-03,-9.647716768085956573e-03,1.413099118508398533e-03,-1.227414887398481369e-02,2.228209935128688812e-02,2.605473063886165619e-02,-1.345309615135192871e-02,2.949987538158893585e-02,-7.355319801717996597e-03,-1.704233512282371521e-02,1.129169296473264694e-02,-1.402947027236223221e-02,-3.350829705595970154e-02,-5.121869966387748718e-03,5.442805588245391846e-03,-1.799531746655702591e-03,6.700349040329456329e-03,-3.183156996965408325e-02,-2.093286067247390747e-02,1.274736481718719006e-03,-3.424186259508132935e-02,6.186197511851787567e-03,1.846493035554885864e-01,-1.446175109595060349e-02,-7.879296317696571350e-03,3.246034309267997742e-02,-6.222220836207270622e-04,1.051882747560739517e-02,4.912279546260833740e-03,1.105590350925922394e-02,1.019297982566058636e-03,-3.890525316819548607e-03,-3.023344278335571289e-02,-7.787600625306367874e-03,-7.951343432068824768e-03,1.644590229261666536e-04,1.155368145555257797e-02,-3.607578203082084656e-02,-1.104280445724725723e-02,-2.005519904196262360e-02,-1.785449869930744171e-02,-2.748256549239158630e-02,1.059087458997964859e-02,1.106900349259376526e-02,-1.179602090269327164e-02,-1.528701372444629669e-02,4.524536803364753723e-02,1.506432332098484039e-02,1.987835858017206192e-03,2.418151497840881348e-02,2.626432105898857117e-02,5.717893131077289581e-03,-2.106385491788387299e-02,-2.034338749945163727e-02,-2.669005189090967178e-03,-2.288467250764369965e-02,1.116069871932268143e-02,-8.154383860528469086e-03,1.852256804704666138e-02,1.799859292805194855e-02,-2.618244849145412445e-03,1.326315477490425110e-02,-1.299461629241704941e-02,-3.220818005502223969e-03,1.346619520336389542e-02,1.909894309937953949e-02,1.910876715555787086e-03,2.280607633292675018e-02,-3.093098755925893784e-03,-7.479764055460691452e-03,-1.512982044368982315e-02,-3.504092746879905462e-04,-3.149098530411720276e-02,-5.063741700723767281e-04,3.845987468957901001e-02,5.799764767289161682e-03,-3.946197684854269028e-03,1.432748162187635899e-03,3.175297379493713379e-02,3.683554753661155701e-02,-1.685894280672073364e-02,-1.171742379665374756e-02,-1.401637122035026550e-02,1.882385462522506714e-02,-1.180911995470523834e-02,3.492303192615509033e-02,-7.879296317696571350e-03,2.065777219831943512e-02,-2.446970157325267792e-02,-1.395087339915335178e-03,1.907274313271045685e-02,-2.377543225884437561e-02,-9.667365811765193939e-03,1.014385721646249294e-03,-1.131134200841188431e-02,-1.822128146886825562e-02,-1.666081487201154232e-03,-2.010759711265563965e-02,7.001635618507862091e-03,1.412116643041372299e-02,-1.541800796985626221e-02,1.387227699160575867e-02,-1.590268686413764954e-02,-1.366268657147884369e-02,1.556210126727819443e-02,2.853051945567131042e-02,-1.336139976046979427e-03,-3.628537058830261230e-02,2.449589967727661133e-02,1.488093193620443344e-02,-2.382783032953739166e-02,9.667365811765193939e-03,1.633496582508087158e-02,-9.588769637048244476e-03,-1.182221900671720505e-02,-1.008654758334159851e-02,2.095905831083655357e-03,9.614968672394752502e-03,3.117660060524940491e-02,-2.480701077729463577e-03,-2.680139616131782532e-02,1.149473362602293491e-03,-5.338010378181934357e-04,-3.101940825581550598e-02,1.751391403377056122e-02,3.654735861346125603e-03,1.209730654954910278e-02,4.516022279858589172e-03,7.263624109327793121e-03,1.600748114287853241e-02,3.487718524411320686e-03,-2.711578272283077240e-02,6.068302784115076065e-03,-2.175812236964702606e-02,5.547600798308849335e-03,-1.755321165546774864e-03,1.839157380163669586e-02,1.710783131420612335e-02,6.805144716054201126e-03,-1.160607859492301941e-02,1.165847666561603546e-02,3.199531463906168938e-03,-6.634852383285760880e-03,1.460584439337253571e-02,-4.195086658000946045e-03,3.140584100037813187e-03,3.047250676900148392e-03,-8.770056068897247314e-03,-4.286782350391149521e-03,9.208886884152889252e-03,-1.863391371443867683e-03,-4.749846830964088440e-02,2.017309516668319702e-02,-2.949987538158893585e-02,-1.215625461190938950e-02,7.145729381591081619e-03,1.242479216307401657e-02,2.800654247403144836e-02,-1.063508563674986362e-03,-5.518127232789993286e-03,-1.383625436574220657e-03,3.422221401706337929e-03,-4.842688795179128647e-04,5.013799760490655899e-03,-1.345964614301919937e-03,8.082336746156215668e-03,-1.409496739506721497e-02,-7.126079872250556946e-03,1.494642905890941620e-02,-1.722572743892669678e-02,-1.114268670789897442e-03,-1.359718944877386093e-02,-3.152046119794249535e-04,-1.255578640848398209e-02,-9.739412926137447357e-03,-5.039998795837163925e-03,4.168232902884483337e-02,-9.981751441955566406e-03,-7.885846309363842010e-03,-1.020935364067554474e-03,-2.202338539063930511e-03,3.102923277765512466e-03,-8.577495068311691284e-02,-6.055203266441822052e-03,3.880045935511589050e-02,-1.623017154633998871e-02,5.947133060544729233e-03,-7.192395860329270363e-04,-1.656813621520996094e-01,2.783625153824687004e-03,1.708163321018218994e-02,-2.292397199198603630e-03,4.280887916684150696e-02,-4.630642011761665344e-03,2.832092903554439545e-02,9.320231154561042786e-03,-4.058197885751724243e-02,2.655905671417713165e-03,-4.604443442076444626e-03,-1.951812393963336945e-02,-1.336794998496770859e-02,-1.795929297804832458e-02,-1.019789185374975204e-02,-4.778010305017232895e-03,-2.630361914634704590e-02,1.761870831251144409e-02,2.153543382883071899e-02,2.091976068913936615e-02,2.845192328095436096e-02,2.866151370108127594e-02,8.160933852195739746e-03,-3.269613161683082581e-02,1.173052377998828888e-02,1.488093193620443344e-02,2.017309516668319702e-02,1.704233512282371521e-02,1.207110844552516937e-02,-1.962291821837425232e-02,-1.556210126727819443e-02,-3.844677470624446869e-03,1.730432361364364624e-02,-8.390173316001892090e-03,6.441636011004447937e-03,1.291602011770009995e-02,5.115320440381765366e-03,-5.812864284962415695e-03,-1.246409025043249130e-02,1.296841818839311600e-02,1.905964501202106476e-02,4.208186175674200058e-03,-1.350549329072237015e-02,-4.640466533601284027e-03,-4.421051591634750366e-03,3.044303320348262787e-02,-5.544326268136501312e-03,4.637192003428936005e-03,5.416607018560171127e-03,-1.224140077829360962e-02,-4.925379063934087753e-03,-2.648701146245002747e-02,6.271343678236007690e-03,2.277660183608531952e-03,2.298946725204586983e-03,1.084631308913230896e-02,2.207250799983739853e-03,-1.099040638655424118e-02,-9.713213890790939331e-03,-7.335670758038759232e-03,-2.152233384549617767e-02,-1.374128274619579315e-02,-3.317426191642880440e-03,1.951812393963336945e-02,8.180582895874977112e-03,-2.792794629931449890e-02,1.207602093927562237e-03,1.128514297306537628e-02,-1.971461437642574310e-02,9.470874443650245667e-03,-1.771040447056293488e-02,-2.390642650425434113e-02,-1.087906118482351303e-02,-1.511672139167785645e-02,1.267368067055940628e-02,-8.553915657103061676e-03,-2.787554822862148285e-02,3.212630748748779297e-03,2.021239325404167175e-02,-5.661402246914803982e-04,-3.340349998325109482e-03,1.946572586894035339e-02,-1.922338735312223434e-03,-9.058243595063686371e-03,-1.562923542223870754e-03,1.985870860517024994e-02,3.183157183229923248e-03,-3.782455110922455788e-03,-8.023389615118503571e-03,-1.701286179013550282e-03,-2.390642650425434113e-03,-1.435695588588714600e-02,-1.943625276908278465e-03,-4.827133379876613617e-03,2.377543225884437561e-02,2.769215777516365051e-02,6.012630183249711990e-03,-1.060397364199161530e-02,-1.746151596307754517e-02,2.382783032953739166e-02,2.055297791957855225e-02,-1.165847666561603546e-02,-2.579274214804172516e-02,-8.383623324334621429e-03,1.345309615135192871e-02,-1.663625240325927734e-02,1.161917857825756073e-02,3.408467024564743042e-02,3.335110098123550415e-02,-1.350549329072237015e-02,-1.530011277645826340e-02,6.719998549669981003e-03,5.121869966387748718e-03,2.004210092127323151e-02,-6.818243768066167831e-03,2.056607604026794434e-02,6.123974919319152832e-03,-8.462220430374145508e-03,2.000280283391475677e-02,-2.280607633292675018e-02,5.179507657885551453e-02,2.030408941209316254e-02,-4.236841050442308187e-04,8.318126201629638672e-03,-2.300256676971912384e-02,-1.625636965036392212e-02,-9.054313600063323975e-02,-3.397987410426139832e-02,-3.250291571021080017e-03,1.109520159661769867e-02,6.634852383285760880e-03,3.005005046725273132e-02,-1.245754119008779526e-02,8.698009885847568512e-03,-4.650291427969932556e-02,2.735157124698162079e-02,-3.435320686548948288e-03,-1.032233703881502151e-02,-1.274572778493165970e-02,-2.454502275213599205e-03,2.407671883702278137e-02,-7.892395369708538055e-03,-1.146198529750108719e-02,-2.542595937848091125e-02,1.045333035290241241e-02,4.162993282079696655e-02,1.233800896443426609e-03,2.000280283391475677e-02,4.034618847072124481e-03,-2.063157409429550171e-02,5.784209351986646652e-04,-3.260116092860698700e-03,-2.406361885368824005e-02,3.785730153322219849e-02,1.287017203867435455e-02,2.955227345228195190e-02,9.968652389943599701e-03,2.013379707932472229e-02,-1.164537761360406876e-02,2.472514053806662560e-03,-1.751391403377056122e-02,-1.427835877984762192e-02,-3.198876231908798218e-02,-1.900724694132804871e-02,1.948537537828087807e-03,-2.398502267897129059e-02,6.844442803412675858e-03,2.378853224217891693e-02,5.367483943700790405e-03,-2.845192328095436096e-02,1.364958751946687698e-02,3.307601436972618103e-03,-7.237425073981285095e-03,2.664420381188392639e-02,2.571414597332477570e-02,-6.061752792447805405e-03,-1.349239423871040344e-02,-3.054782934486865997e-02,-1.255906070582568645e-03,-1.079391501843929291e-02,6.533331703394651413e-03,-2.220350317656993866e-02,1.700303703546524048e-02,-7.774501107633113861e-03,-2.698478847742080688e-02,1.343999709933996201e-02,-1.958362059667706490e-03,9.104091674089431763e-03,1.624327152967453003e-02,3.570899739861488342e-02,1.148163434118032455e-02,-1.305356435477733612e-02,-2.981426194310188293e-02,-1.401637122035026550e-02,2.109005302190780640e-02,-1.757941022515296936e-02,8.986196480691432953e-03,8.678360609337687492e-04,-1.290292106568813324e-02,3.636396676301956177e-02,-1.481543481349945068e-02,-5.570524837821722031e-03,-6.693799514323472977e-03,-1.076771691441535950e-02,1.003414951264858246e-02,-2.524256706237792969e-02,-4.630642011761665344e-03,-1.873215846717357635e-02,2.351344376802444458e-02,-4.440700635313987732e-03,2.116864919662475586e-02,-1.115414965897798538e-02,-1.613683765754103661e-03,-1.764490827918052673e-02,-1.294221915304660797e-02,-3.517192089930176735e-03,1.376748178154230118e-02,1.447485014796257019e-02,-1.837192568928003311e-03,-3.240794688463211060e-02,1.837192568928003311e-03,2.068069763481616974e-03,-3.037426155060529709e-03,2.022221684455871582e-03,-3.371788561344146729e-02,9.837658144533634186e-03,-1.408186741173267365e-02,-1.541800796985626221e-02,-4.008420184254646301e-02,2.545215748250484467e-02,-2.315976098179817200e-02,1.653145812451839447e-02,1.991110667586326599e-02,-8.062687702476978302e-03,1.929543353617191315e-02,-1.361028943210840225e-02,-1.478923577815294266e-02,2.041870728135108948e-03,-1.735672168433666229e-02,2.532116323709487915e-02,-5.134969484061002731e-03,1.858806610107421875e-02,-1.042058225721120834e-02,-4.656841047108173370e-03,-5.963507108390331268e-03,8.239530026912689209e-03,8.986196480691432953e-03,2.446970157325267792e-02,8.940348401665687561e-03,8.003740571439266205e-03,-7.736840052530169487e-04,2.756116352975368500e-02,-8.639061823487281799e-03,1.004069950431585312e-02,3.156958380714058876e-03,1.481543481349945068e-02,8.167482912540435791e-03,-1.272607874125242233e-02,1.040748320519924164e-02,-1.612537540495395660e-02,2.063157409429550171e-02,2.302876673638820648e-02,1.785449869930744171e-02,-2.033028751611709595e-02,1.240350538864731789e-03,-4.991592504666186869e-05,4.375203698873519897e-02,2.881870605051517487e-02,-1.805098913609981537e-02,-2.889730222523212433e-02,-1.142104971222579479e-03,1.404911978170275688e-03,2.015671925619244576e-03,-1.315835956484079361e-02,-2.262268401682376862e-02,1.357099041342735291e-02,1.410806644707918167e-02,-1.074151787906885147e-02,1.970151625573635101e-02,2.660490572452545166e-02,-2.339554950594902039e-02,-1.570619456470012665e-02,-1.674104854464530945e-02,-1.141613721847534180e-02,2.748256549239158630e-02,-1.380677986890077591e-02,5.350291030481457710e-04,-2.029098942875862122e-02,1.550970412790775299e-02,-4.303156863898038864e-03,-1.001450046896934509e-02,-8.555553504265844822e-04,1.045988034456968307e-02,1.156023144721984863e-02,-1.108210254460573196e-02,1.180256996303796768e-02,1.702923513948917389e-02,-2.642151340842247009e-02,9.641166776418685913e-03,-4.204911179840564728e-03,3.227367531508207321e-03,2.660490572452545166e-02,-1.638736389577388763e-02,-4.275647923350334167e-02,-1.651835814118385315e-02,2.238689549267292023e-02,-4.770805686712265015e-02,1.044678152538836002e-03,6.169822998344898224e-03,2.104093087837100029e-03,-1.309941144427284598e-04,2.542595937848091125e-02,2.677519805729389191e-02,1.199906133115291595e-02,-1.157988049089908600e-02,-2.960467012599110603e-03,1.727812364697456360e-02,4.872981458902359009e-03,-2.274057827889919281e-02,1.152093242853879929e-02,1.978011243045330048e-02,-1.119344774633646011e-02,-4.725612699985504150e-03,1.264093257486820221e-02,-2.942127920687198639e-02,-9.891079389490187168e-05,-6.533331703394651413e-03,-1.832280191592872143e-03,-1.836537569761276245e-02,2.044818177819252014e-02,-6.995086092501878738e-03,-2.683741971850395203e-03,-6.015904713422060013e-03,3.439905494451522827e-02,-2.610712870955467224e-02,-1.963601820170879364e-02,-2.429940924048423767e-02,-5.112045444548130035e-03,6.592278834432363510e-03,-3.073121979832649231e-02,4.614267963916063309e-03,2.623157342895865440e-03,2.896607387810945511e-03,5.125144962221384048e-04,7.951343432068824768e-03,-1.409005490131676197e-03,-5.606548395007848740e-03,1.027648895978927612e-02,-1.106245350092649460e-02,-7.944793440401554108e-03,2.266198210418224335e-02,1.613847538828849792e-02,2.735157124698162079e-02,4.912279546260833740e-03,4.250759258866310120e-03,-1.911204122006893158e-02,4.935203585773706436e-03,-1.454034727066755295e-02,1.501192618161439896e-02,-2.342174947261810303e-02,-2.508537471294403076e-02,3.247016808018088341e-03,7.591109257191419601e-03,4.355554468929767609e-03,1.448794919997453690e-02,3.358689323067665100e-02,-2.398502267897129059e-02,1.655765622854232788e-02,9.503623470664024353e-03,-2.560934983193874359e-02,-3.438595682382583618e-03,-2.106385491788387299e-02,2.439110539853572845e-02,-3.341987496241927147e-03,-8.534266613423824310e-03,-2.338244952261447906e-02,-1.287017203867435455e-02,1.204490941017866135e-02,-5.636021960526704788e-03,2.103765495121479034e-02,-1.264093257486820221e-02,-2.053987793624401093e-02,-1.899414695799350739e-02,-6.091226357966661453e-03,1.591578498482704163e-02,2.466619201004505157e-02,1.387227699160575867e-02,1.641356386244297028e-02,-2.087718807160854340e-03,1.150783337652683258e-02,-1.128514297306537628e-02,-3.308911621570587158e-02,-2.475788816809654236e-02,2.196771465241909027e-02,6.955787539482116699e-03,1.594198495149612427e-02,-3.340350091457366943e-02,2.714198082685470581e-02,2.600233303382992744e-03,-3.075741976499557495e-02,-1.591578498482704163e-02,2.115555107593536377e-02,-6.798594724386930466e-03,-8.278828114271163940e-03,-3.502782806754112244e-02,-1.544911880046129227e-03,1.289637107402086258e-02,-2.055297791957855225e-02,2.253098785877227783e-02,-1.471063960343599319e-02,-2.148303575813770294e-02,5.210946127772331238e-02,-4.905729554593563080e-03,-1.511672139167785645e-02,6.618477869778871536e-03,-1.780210062861442566e-02
-1.415551174432039261e-02,-4.085855185985565186e-02,1.003341050818562508e-03,-4.089974099770188332e-04,-6.293535232543945312e-03,3.110522031784057617e-02,-1.447183545678853989e-02,-1.273205224424600601e-02,-1.702878996729850769e-02,-1.306155696511268616e-02,-1.099885907024145126e-02,1.833362877368927002e-02,4.510092257987707853e-04,-6.623039487749338150e-03,-4.576816689223051071e-03,1.072866469621658325e-02,1.561851147562265396e-02,1.517038512974977493e-02,4.257197491824626923e-03,-2.614617813378572464e-03,-1.585575379431247711e-02,2.361887879669666290e-02,-1.607981696724891663e-02,4.395589232444763184e-03,3.352707950398325920e-03,3.097341954708099365e-02,1.312745735049247742e-02,-2.087740227580070496e-02,-1.333669293671846390e-03,6.076062098145484924e-03,-2.788925729691982269e-02,1.287703402340412140e-02,-3.144790604710578918e-02,-1.564487069845199585e-02,-3.801163285970687866e-02,-2.443605102598667145e-02,-2.027111500501632690e-02,-4.692143294960260391e-03,1.622479967772960663e-02,2.450195141136646271e-02,-2.552011981606483459e-03,-2.245902456343173981e-02,1.196760218590497971e-02,-1.638296246528625488e-02,-2.688756398856639862e-02,-6.590089295059442520e-03,-1.589529588818550110e-02,-9.614939801394939423e-03,-8.290331810712814331e-03,3.921103198081254959e-03,3.914513066411018372e-02,-1.437957491725683212e-02,-1.854492293205112219e-04,-2.899639308452606201e-02,1.162491738796234131e-02,-7.644503377377986908e-03,6.352846045047044754e-03,9.015241637825965881e-03,-4.952452145516872406e-03,-1.502540335059165955e-02,1.627751998603343964e-02,8.652786724269390106e-03,-3.215963486582040787e-03,1.394462864845991135e-02,-1.694970950484275818e-02,-2.931271679699420929e-02,-1.932214200496673584e-02,5.423643160611391068e-03,-1.036620978266000748e-02,-2.531912177801132202e-02,2.534548193216323853e-02,1.669928617775440216e-02,2.310485206544399261e-02,6.478057708591222763e-03,-1.660702377557754517e-02,-2.388248220086097717e-02,-1.147334557026624680e-02,-2.149687148630619049e-02,-6.247404497116804123e-03,7.044805213809013367e-03,4.224247299134731293e-03,-2.456455724313855171e-03,-5.914605222642421722e-03,-6.428631953895092010e-03,-1.828749809646978974e-04,8.092629723250865936e-03,-8.303511887788772583e-03,1.293634530156850815e-02,1.273205224424600601e-02,-1.855769194662570953e-02,3.732626512646675110e-02,3.843339905142784119e-02,-4.000184126198291779e-03,2.904911339282989502e-02,-2.480509504675865173e-02,-7.455038139596581459e-04,-1.684426702558994293e-02,5.203534290194511414e-02,6.039816886186599731e-03,8.060502586886286736e-04,4.214361775666475296e-03,-1.497268211096525192e-02,-2.201089821755886078e-02,-7.670863531529903412e-03,-1.428731344640254974e-02,-1.614571921527385712e-02,-5.268776323646306992e-03,-2.380340173840522766e-02,-4.777814727276563644e-03,-1.386554725468158722e-02,-7.176606915891170502e-03,2.704572677612304688e-02,1.461681816726922989e-02,-2.409336529672145844e-02,3.519107773900032043e-02,-3.081525675952434540e-02,-2.044575056061148643e-03,-4.517505876719951630e-03,-1.886083558201789856e-02,-1.812274567782878876e-02,5.309140542522072792e-04,-2.911171875894069672e-03,8.613246493041515350e-03,-6.046406924724578857e-03,1.013555750250816345e-02,-8.903210051357746124e-03,-2.102238498628139496e-02,-3.893424570560455322e-02,1.391332596540451050e-03,-7.763125002384185791e-03,1.564487069845199585e-02,1.752963662147521973e-02,2.553000487387180328e-02,-4.359344020485877991e-03,1.415551174432039261e-02,1.097908895462751389e-02,-1.455091685056686401e-02,7.716994266957044601e-03,7.697224151343107224e-03,-1.576349325478076935e-02,-4.017894971184432507e-04,1.780642010271549225e-02,-4.468080587685108185e-03,-1.368102524429559708e-02,1.908489875495433807e-02,1.495950203388929367e-02,9.596817544661462307e-04,1.791186258196830750e-02,-3.423551330342888832e-03,-7.242507766932249069e-03,2.406700514256954193e-02,-1.813592575490474701e-02,1.185392262414097786e-03,-4.436447843909263611e-02,2.456785179674625397e-02,9.786282666027545929e-03,-1.559215132147073746e-02,2.272262796759605408e-02,5.383279058150947094e-04,-5.245711188763380051e-03,-1.589529588818550110e-02,3.413666039705276489e-02,4.942567087709903717e-03,6.547253578901290894e-03,2.733569033443927765e-02,1.604027673602104187e-02,-1.062322407960891724e-02,3.440026426687836647e-03,-1.975708641111850739e-02,-2.991900406777858734e-02,3.287136554718017578e-02,2.728296816349029541e-02,-2.067969925701618195e-02,1.100544910877943039e-02,-9.186584502458572388e-03,4.244017228484153748e-02,-9.542449377477169037e-03,2.831102348864078522e-02,-3.057801350951194763e-02,-1.564487069845199585e-02,-4.739592224359512329e-02,2.273580757901072502e-03,2.854826673865318298e-02,1.108452957123517990e-02,3.313167253509163857e-03,-6.165028549730777740e-03,9.614939801394939423e-03,-1.561851147562265396e-02,3.400485962629318237e-03,-6.270469631999731064e-03,3.258798969909548759e-03,-5.450003780424594879e-03,-1.225756574422121048e-02,-9.977394714951515198e-03,-6.419274210929870605e-01,-1.365466509014368057e-02,-1.667292602360248566e-02,-1.696947962045669556e-03,9.845593012869358063e-03,1.016850769519805908e-02,2.666350081562995911e-02,-1.809638552367687225e-02,-2.694028429687023163e-02,1.037938985973596573e-03,8.204660844057798386e-04,3.036713041365146637e-02,-1.229710597544908524e-02,-1.014214754104614258e-02,2.280170843005180359e-02,-2.025793492794036865e-02,-1.569759286940097809e-02,-2.064015902578830719e-02,1.930896076373755932e-03,2.472601458430290222e-02,-1.804366335272789001e-02,1.425106776878237724e-03,2.037655562162399292e-02,-6.847102660685777664e-03,-1.472225878387689590e-02,2.547728456556797028e-02,-9.041602723300457001e-03,-1.186875067651271820e-02,1.290339417755603790e-02,2.781017683446407318e-02,-4.278285801410675049e-02,3.073617629706859589e-02,-3.192074364051222801e-04,1.517038512974977493e-02,3.015624731779098511e-02,9.687431156635284424e-04,-1.862359233200550079e-02,1.199396234005689621e-02,1.967800594866275787e-02,2.483145520091056824e-02,-1.485406048595905304e-02,6.626334507018327713e-03,4.711913876235485077e-03,-1.084728632122278214e-02,4.425244871526956558e-03,1.093954779207706451e-02,1.772733964025974274e-02,-1.494632195681333542e-02,3.181695193052291870e-02,2.925999648869037628e-02,1.194783207029104233e-02,-2.459421195089817047e-02,-1.045847125351428986e-02,1.896627619862556458e-02,-5.150154698640108109e-03,2.136506885290145874e-02,3.745806589722633362e-02,-2.334209531545639038e-02,-2.208997868001461029e-02,1.088023744523525238e-02,2.052153833210468292e-02,1.229051593691110611e-02,-3.756350837647914886e-03,-3.077571745961904526e-03,-2.087740227580070496e-02,7.202967535704374313e-03,-8.975701406598091125e-03,2.314439229667186737e-02,2.452831156551837921e-02,-1.165786758065223694e-02,2.032383531332015991e-02,2.085104212164878845e-02,-3.664089599624276161e-03,-9.278845973312854767e-03,-3.144708171021193266e-04,7.868566550314426422e-03,3.302952647209167480e-02,-2.584633044898509979e-02,-8.876849897205829620e-03,-2.044245600700378418e-02,-9.371106512844562531e-03,-3.067686455324292183e-03,-3.403121978044509888e-02,1.882129535079002380e-02,7.044805213809013367e-03,1.020145788788795471e-02,-2.111464552581310272e-02,-1.412915159016847610e-02,4.244017414748668671e-03,-1.674706349149346352e-03,2.385612344369292259e-03,2.293351106345653534e-02,1.650158315896987915e-02,-4.128690809011459351e-03,6.945954170078039169e-03,3.276592493057250977e-02,-8.250791579484939575e-03,2.637353725731372833e-02,3.795891255140304565e-02,1.631706021726131439e-02,-8.665966801345348358e-03,1.411597058176994324e-02,8.534165099263191223e-03,-2.319711446762084961e-02,1.346355210989713669e-02,7.624733261764049530e-03,-3.537559881806373596e-02,-4.916206467896699905e-03,3.144790604710578918e-02,-4.929386824369430542e-02,1.551306992769241333e-02,-5.630407249554991722e-04,3.303282195702195168e-03,-7.196377497166395187e-03,-3.355673328042030334e-02,-2.479191496968269348e-02,2.162867225706577301e-02,-2.367489505559206009e-03,1.495950203388929367e-02,-2.965540066361427307e-02,4.553751554340124130e-03,2.116736583411693573e-02,-3.818956669420003891e-03,-4.497735761106014252e-03,-1.091483514755964279e-03,4.744864068925380707e-03,-3.258140012621879578e-02,-2.692710421979427338e-02,-9.100913070142269135e-03,-1.132671604864299297e-03,-1.399734895676374435e-02,-1.481452025473117828e-02,2.375068143010139465e-02,-1.153265591710805893e-02,2.124644815921783447e-02,5.153449717909097672e-03,1.075502578169107437e-02,-1.571077294647693634e-02,1.974390633404254913e-02,-4.099035635590553284e-03,7.057985290884971619e-03,-2.202737377956509590e-03,6.125487852841615677e-03,1.290833693929016590e-03,3.469681832939386368e-03,-4.747500270605087280e-02,-6.985494401305913925e-03,-8.890029974281787872e-03,-2.455467171967029572e-02,6.893233396112918854e-03,2.418562769889831543e-02,-1.572395302355289459e-02,-2.978720329701900482e-02,-2.622855454683303833e-02,-2.437014877796173096e-02,-2.008659206330776215e-02,-1.120974123477935791e-02,8.435314521193504333e-03,5.552150309085845947e-03,-2.551682479679584503e-02,1.265297085046768188e-02,4.212385043501853943e-02,-2.603085152804851532e-02,1.999680243898183107e-04,6.824861047789454460e-04,-1.886083558201789856e-02,-7.011855021119117737e-03,1.061004307121038437e-02,1.039257086813449860e-02,-9.825822897255420685e-03,1.685744710266590118e-02,-8.995471871457993984e-04,1.145357452332973480e-02,1.207963377237319946e-02,6.913003511726856232e-03,1.132177282124757767e-02,-4.870075732469558716e-03,-7.334769237786531448e-03,-1.195442210882902145e-02,1.536808814853429794e-02,1.245526876300573349e-02,-7.187316077761352062e-04,-4.550456535071134567e-03,2.079832181334495544e-02,-7.525881752371788025e-03,1.030030939728021622e-02,5.987096112221479416e-03,-5.284427898004651070e-04,6.840512622147798538e-03,-1.823807135224342346e-03,8.204661309719085693e-03,-2.436273643979802728e-04,-2.012613229453563690e-02,-7.875156588852405548e-03,1.861041225492954254e-02,-6.520893424749374390e-03,1.010919641703367233e-02,-3.306577214971184731e-03,4.497735761106014252e-03,2.132552862167358398e-02,-5.104023963212966919e-03,7.558832410722970963e-03,3.163242712616920471e-02,1.103180926293134689e-02,1.949348300695419312e-02,-2.918091416358947754e-02,8.501214906573295593e-03,-1.696947962045669556e-03,4.751454107463359833e-03,1.759553886950016022e-02,-1.586893387138843536e-02,-1.465635839849710464e-02,-1.667292602360248566e-02,-1.280124764889478683e-03,1.309450715780258179e-02,3.237051889300346375e-02,1.126246247440576553e-02,-3.723400412127375603e-03,1.482770033180713654e-02,9.002061560750007629e-03,-5.298431497067213058e-03,-2.321029454469680786e-02,2.082468196749687195e-02,-1.299565564841032028e-02,-3.550739958882331848e-02,8.791178464889526367e-03,4.423267766833305359e-02,1.204668264836072922e-02,5.094138905405998230e-03,-6.646105088293552399e-03,-2.044575056061148643e-03,1.568441279232501984e-02,1.047824136912822723e-02,2.833738364279270172e-02,7.934466935694217682e-03,9.726971387863159180e-03,6.781201809644699097e-03,-2.114100567996501923e-02,2.376386150717735291e-02,-3.023532964289188385e-02,-9.140453301370143890e-03,1.830726675689220428e-02,4.267082549631595612e-03,-1.075502578169107437e-02,-1.718571729725226760e-04,1.522310636937618256e-02,1.171058882027864456e-02,3.349412698298692703e-03,-1.053755264729261398e-02,4.154392331838607788e-02,-1.257389038801193237e-02,-2.402087440714240074e-03,-2.083786204457283020e-02,9.812642820179462433e-03,1.785914180800318718e-03,-3.729990497231483459e-02,2.194499596953392029e-02,-4.599882289767265320e-03,2.784312702715396881e-03,3.581713419407606125e-03,9.562219493091106415e-03,-1.382271177135407925e-03,2.687108935788273811e-03,4.474670626223087311e-03,3.405757993459701538e-02,2.314439229667186737e-02,-7.262278348207473755e-03,1.445865537971258163e-02,-3.479567170143127441e-02,-1.622479967772960663e-02,-2.451513148844242096e-02,-5.545559804886579514e-03,3.629821166396141052e-02,-3.191250609233975410e-03,3.380715847015380859e-03,1.795140281319618225e-02,1.452455669641494751e-02,-1.440593507140874863e-02,4.207771737128496170e-03,1.079456601291894913e-02,-8.942751213908195496e-03,-4.570885747671127319e-02,6.141962949186563492e-03,2.174729481339454651e-02,-6.626334507018327713e-03,-2.550364471971988678e-02,-4.104307666420936584e-02,-5.697132088243961334e-03,-1.785914227366447449e-02,-6.515950663015246391e-04,-1.295611541718244553e-02,1.364148408174514771e-02,1.435321383178234100e-02,-1.180284935981035233e-02,-3.293397137895226479e-03,5.538969766348600388e-03,2.102238498628139496e-02,-2.749385125935077667e-02,-1.631047111004590988e-03,1.180284935981035233e-02,-1.020804792642593384e-02,-5.008467938750982285e-03,-1.459045708179473877e-02,-4.405474755913019180e-03,5.214078351855278015e-02,1.294293534010648727e-02,8.982291445136070251e-03,3.316462272778153419e-03,-5.868474487215280533e-03,-3.687154967337846756e-03,-2.310485206544399261e-02,1.808320544660091400e-02,1.486065099015831947e-03,-1.015532761812210083e-02,-4.039724823087453842e-03,-1.368102524429559708e-02,-1.995478942990303040e-02,-1.924306037835776806e-03,9.832412935793399811e-03,-2.759929373860359192e-02,-3.842022037133574486e-03,-2.661078050732612610e-02,-6.462406017817556858e-04,-1.607981696724891663e-02,1.119787916541099548e-01,8.876849897205829620e-03,-8.806006517261266708e-04,8.250791579484939575e-03,-1.254588249139487743e-03,2.626809477806091309e-02,-1.222461555153131485e-02,-5.446708761155605316e-03,2.145074075087904930e-03,-1.454762183129787445e-03,-2.591552445665001869e-03,2.860098611563444138e-03,2.414608746767044067e-02,-1.613253913819789886e-02,1.229051593691110611e-02,1.560533139854669571e-02,-2.679530158638954163e-02,-1.119656115770339966e-02,-3.786006243899464607e-03,1.688380911946296692e-02,-1.925623975694179535e-02,1.261343061923980713e-02,2.606380265206098557e-03,-9.496318176388740540e-03,8.606656454503536224e-03,8.870259858667850494e-03,-4.959042184054851532e-03,1.226415578275918961e-02,-7.512701675295829773e-03,-9.094323031604290009e-03,-7.170016877353191376e-03,1.723967306315898895e-02,-9.390876628458499908e-03,1.333175040781497955e-02,-9.911494329571723938e-03,4.238745197653770447e-02,3.377420594915747643e-03,4.565613716840744019e-02,1.528900675475597382e-02,-9.107503108680248260e-03,4.043019842356443405e-03,1.838634908199310303e-02,1.689698919653892517e-02,-1.231028698384761810e-02,-4.985402338206768036e-03,-1.422141212970018387e-02,1.896627619862556458e-02,-1.004329603165388107e-02,-1.103839930146932602e-02,-2.355297841131687164e-02,3.819615766406059265e-02,-1.556579023599624634e-02,-3.005080670118331909e-02,-1.279795356094837189e-02,8.167591877281665802e-04,4.125395789742469788e-03,6.099127698689699173e-03,1.489360164850950241e-02,-1.573713310062885284e-02,1.478816010057926178e-02,-1.741101592779159546e-02,-2.444923110306262970e-02,3.466386720538139343e-02,1.027641992550343275e-04,-1.561851147562265396e-02,4.115510731935501099e-03,-1.213894411921501160e-02,1.056391280144453049e-02,-2.738841064274311066e-02,-1.770097948610782623e-02,-9.450187906622886658e-03,-6.118897814303636551e-03,-9.885133476927876472e-04,1.998444553464651108e-03,2.579360827803611755e-02,3.150062635540962219e-02,1.215871423482894897e-02,-2.053471840918064117e-02,1.122951228171586990e-02,1.374692562967538834e-02,-3.786006243899464607e-03,-2.220860123634338379e-02,1.643568277359008789e-02,-2.128598839044570923e-02,-1.864995248615741730e-02,1.460363715887069702e-02,2.629857335705310106e-04,-2.603085152804851532e-02,-9.239304810762405396e-03,1.593483611941337585e-02,6.000276189297437668e-03,1.307473704218864441e-02,-1.832044799812138081e-03,-1.413574093021452427e-03,-4.949157126247882843e-03,-4.346163943409919739e-03,2.807378023862838745e-02,6.718595977872610092e-03,-5.502724554389715195e-03,4.293443169444799423e-03,9.641299955546855927e-03,-2.262048190459609032e-03,-1.092636771500110626e-02,2.006682101637125015e-03,1.650158315896987915e-02,1.330539025366306305e-02,-3.463750705122947693e-02,1.618525944650173187e-02,-1.485241344198584557e-03,-7.374309934675693512e-03,2.110146544873714447e-02,-3.603460639715194702e-02,1.271228212863206863e-02,-1.725285314023494720e-02,-2.632740652188658714e-03,1.218507438898086548e-02,3.561943070963025093e-03,3.144790604710578918e-02,3.545467928051948547e-02,-1.980321714654564857e-03,-5.202875472605228424e-03,-2.086422219872474670e-02,3.442662581801414490e-02,1.843906939029693604e-02,-1.974390633404254913e-02,-6.959134247153997421e-03,7.038215175271034241e-03,-2.326301485300064087e-02,-1.929248566739261150e-03,1.601391658186912537e-02,-2.172093465924263000e-02,2.289396896958351135e-02,3.200147300958633423e-02,6.270469631999731064e-03,-5.572579428553581238e-02,6.960781756788492203e-04,-1.173035893589258194e-02,2.234040293842554092e-03,-1.049801241606473923e-02,-1.078303321264684200e-03,-1.053755264729261398e-02,1.051119249314069748e-02,-1.907171867787837982e-02,-3.824887797236442566e-02,-2.228768169879913330e-02,-4.159664362668991089e-02,-1.838634908199310303e-02,2.627798123285174370e-03,1.917715929448604584e-02,1.524946652352809906e-02,-1.111748069524765015e-02,7.736764848232269287e-03,-1.578985340893268585e-02,-9.003709419630467892e-04,-5.318202078342437744e-03,-2.087740227580070496e-02,-2.757293358445167542e-02,-1.286385394632816315e-02,1.480134017765522003e-02,1.318676862865686417e-02,9.819232858717441559e-03,-8.962521329522132874e-03,1.207963377237319946e-02,1.697606965899467468e-02,-9.661071002483367920e-03,-4.646013025194406509e-03,-2.359251864254474640e-02,-1.904535852372646332e-02,-4.386363178491592407e-02,5.380807910114526749e-03,1.430049352347850800e-02,-1.749009639024734497e-02,1.423459220677614212e-02,-2.831102348864078522e-02,3.777439147233963013e-02,9.259074926376342773e-03,3.670679638162255287e-03,-9.759921580553054810e-03,-2.439980395138263702e-03,-5.229894816875457764e-02,-6.062882021069526672e-03,-2.699300460517406464e-02,1.920351944863796234e-02,2.099602483212947845e-02,-2.314439229667186737e-02,-6.603269372135400772e-03,2.408018521964550018e-02,-1.198737230151891708e-02,-1.189511083066463470e-02,-1.771415956318378448e-02,7.651093415915966034e-03,-1.900581642985343933e-02,-5.736672785133123398e-03,-1.809638552367687225e-02,5.746557842940092087e-03,-2.869983902201056480e-03,-2.092353301122784615e-03,3.950758371502161026e-03,-1.343060191720724106e-02,4.863485693931579590e-03,9.364516474306583405e-03,1.083410624414682388e-02,-1.846542954444885254e-02,-1.057050283998250961e-02,-3.007716685533523560e-02,6.583499256521463394e-03,-1.256071031093597412e-02,-3.670885416795499623e-05,-3.861792152747511864e-03,-2.310485206544399261e-02,-6.122192833572626114e-03,-1.113725081086158752e-02,-2.495007775723934174e-02,-3.326677158474922180e-02,3.207725938409566879e-03,7.038215175271034241e-03,-1.020804792642593384e-02,-2.570134820416569710e-03,-3.347765281796455383e-02,-1.395780872553586960e-02,2.707208693027496338e-02,-1.205986272543668747e-02,1.766143925487995148e-02,-1.145357452332973480e-02,7.453390862792730331e-03,2.423834800720214844e-02,-1.658066362142562866e-02,-1.818864606320858002e-02,8.046498522162437439e-03,8.395773358643054962e-03,-1.399734895676374435e-02,1.178802223876118660e-03,3.505927324295043945e-02,-1.016191765666007996e-02,1.617207936942577362e-02,-1.130200270563364029e-02,1.762189902365207672e-02,-1.066935434937477112e-02,-2.447559125721454620e-02,2.608357369899749756e-02,1.488042157143354416e-02,-9.081142954528331757e-03,2.090293855872005224e-04,-2.335527539253234863e-02,5.515904631465673447e-03,1.755599677562713623e-02,-1.290998421609401703e-02,6.161733530461788177e-03,-2.633399702608585358e-02,-1.812274567782878876e-03,-8.975701406598091125e-03,2.429106831550598145e-02,-1.895309612154960632e-02,4.125395789742469788e-02,7.229327689856290817e-03,-8.738458156585693359e-03,-2.500938717275857925e-03,1.169740781188011169e-02,1.047165133059024811e-02,1.822159625589847565e-03,-2.315757237374782562e-02,-3.697040025144815445e-03,-5.166629794985055923e-03,-6.470643565990030766e-04,2.945769811049103737e-03,1.001034583896398544e-02,-8.672557771205902100e-03,-1.995149534195661545e-03,1.339435577392578125e-03,2.468647435307502747e-02,-1.107793953269720078e-02,8.270561695098876953e-03,-5.107318982481956482e-03,1.348991226404905319e-02,2.545092441141605377e-02,8.035789942368865013e-04,-6.280355155467987061e-03,3.782711224630475044e-03,-2.910183370113372803e-02,-1.775369979441165924e-02,2.154959179461002350e-02,1.577667333185672760e-02,2.672940120100975037e-02,5.103200091980397701e-04,-2.216905914247035980e-02,-1.298247557133436203e-02,-9.865363128483295441e-03,3.802481340244412422e-03,3.890788555145263672e-02,-6.468172650784254074e-03,-9.786282666027545929e-03,-2.222507493570446968e-03,-1.912443898618221283e-02,-2.393849892541766167e-03,-7.156836800277233124e-03,-3.974647552240639925e-04,6.959134247153997421e-03,4.618334397673606873e-02,-1.436639390885829926e-02,2.342117764055728912e-02,-6.402271799743175507e-03,-6.188093684613704681e-03,-2.741477079689502716e-02,1.122951228171586990e-02,-3.555353032425045967e-03,4.398884717375040054e-03,6.375911179929971695e-03,-1.457727700471878052e-02,-9.437007829546928406e-03,1.652794331312179565e-02,-1.282431371510028839e-02,2.965540066361427307e-02,1.532854698598384857e-02,-3.437390550971031189e-02,4.830535501241683960e-03,6.847102660685777664e-03,6.847102660685777664e-03,-2.479191496968269348e-02,-2.542456425726413727e-02,2.939179725944995880e-02,-3.522402606904506683e-03,1.460363715887069702e-02,2.514778077602386475e-02,-1.159855723381042480e-02,1.498586311936378479e-02,3.400485962629318237e-02,-8.672557771205902100e-03,3.208055347204208374e-02,1.905853860080242157e-02,-9.179994463920593262e-03,1.913761906325817108e-02,1.236959733068943024e-02,-1.127564255148172379e-02,-2.382976189255714417e-02,-2.187909558415412903e-03,-3.393895924091339111e-03,-1.280124764889478683e-03,1.762189902365207672e-02,-1.523628644645214081e-02,-1.273864228278398514e-02,3.657499561086297035e-03,1.509130373597145081e-02,-9.871953167021274567e-03,1.227733585983514786e-02,-7.585192564874887466e-03,6.076062098145484924e-03,4.504325799643993378e-03,-1.559215132147073746e-02,-6.847102660685777664e-03,-1.192147098481655121e-02,-2.176047489047050476e-02,4.900390282273292542e-02,8.158530108630657196e-03,-2.327619493007659912e-02,-1.047824136912822723e-02,1.636978052556514740e-02,-3.719446435570716858e-02,-2.261718548834323883e-02,1.660702517256140709e-03,8.975701406598091125e-03,1.722649298608303070e-02,2.301259152591228485e-02,3.184331208467483521e-02,1.627751998603343964e-02,9.581989608705043793e-03,1.127564255148172379e-02,-2.102238498628139496e-02,-1.333834044635295868e-02,2.518649562261998653e-04,-4.797584842890501022e-03,3.680564695969223976e-03,-5.127913318574428558e-04,-2.261718548834323883e-02,-2.665032073855400085e-02,2.694028429687023163e-02,3.716810373589396477e-03,1.147334557026624680e-02,1.190829090774059296e-02,2.815615618601441383e-03,2.530594123527407646e-03,9.613292641006410122e-04,-1.652794331312179565e-02,6.847102660685777664e-03,-6.141139310784637928e-04,5.496134515851736069e-03,-3.324041143059730530e-02,6.290240213274955750e-03,-1.980321714654564857e-03,1.051119249314069748e-02,-1.124269235879182816e-02,1.722649298608303070e-02,2.419880777597427368e-02,5.845408886671066284e-03,-7.604962680488824844e-03,-1.059686299413442612e-02,-2.215587906539440155e-02,-2.500938717275857925e-03,-4.916206467896699905e-03,5.809822678565979004e-02,2.672940120100975037e-02,-3.424210473895072937e-02,2.857462689280509949e-02,-8.476502262055873871e-04,-3.677269676700234413e-03,-8.937808452174067497e-04,1.687062787823379040e-03,1.246185880154371262e-02,-9.700611233711242676e-03,-2.746749110519886017e-02,-2.591552445665001869e-03,-3.496042219921946526e-03,-1.354922354221343994e-02,2.720388770103454590e-02,-3.545467928051948547e-02,2.145732939243316650e-02,-2.513460069894790649e-02,-8.316692896187305450e-03,-1.237618736922740936e-02,2.686120383441448212e-02,2.326301485300064087e-02,-2.844282425940036774e-02,1.691016927361488342e-02,-4.678963217884302139e-03,-1.503858342766761780e-02,-1.839046744862571359e-04,-1.285067386925220490e-02,-1.655430346727371216e-02,-7.749944925308227539e-03,-1.211917400360107422e-02,-1.043211109936237335e-02,-2.410324988886713982e-03,-3.677269816398620605e-02,-2.662396058440208435e-02,1.233005709946155548e-02,-4.626242443919181824e-02,1.318676862865686417e-02,1.872639805078506470e-01,-1.309450715780258179e-02,-1.631706021726131439e-02,4.483896493911743164e-02,1.505176350474357605e-02,-4.283558111637830734e-03,-1.851814985275268555e-02,1.965494127944111824e-03,-5.730082280933856964e-03,-1.283419900573790073e-03,-4.827240481972694397e-03,-5.090843886137008667e-03,-5.249006208032369614e-03,5.693837068974971771e-03,1.668610610067844391e-02,-2.471283450722694397e-02,-1.156560610979795456e-02,-2.160231210291385651e-02,-9.654480963945388794e-03,-3.956689685583114624e-02,8.105809800326824188e-03,1.576349325478076935e-02,-1.262661069631576538e-02,-1.573713310062885284e-02,5.134997516870498657e-02,1.283749379217624664e-02,-2.286760881543159485e-02,2.543774433434009552e-02,5.804550647735595703e-02,-5.016705254092812538e-04,-7.993778213858604431e-03,-4.491145722568035126e-03,-1.093295775353908539e-02,-1.022287528030574322e-03,1.749668619595468044e-03,-1.754611264914274216e-03,4.570226650685071945e-03,1.162491738796234131e-02,-4.754749126732349396e-03,-5.761179636465385556e-05,-4.715208895504474640e-03,1.130200270563364029e-02,2.480509504675865173e-02,1.905853860080242157e-02,-9.542449377477169037e-03,1.564487069845199585e-02,-4.382409155368804932e-03,-6.428631953895092010e-03,-1.871585287153720856e-02,-4.054964228998869658e-04,-1.937486231327056885e-02,-3.159947693347930908e-03,1.414233166724443436e-02,-2.342776628211140633e-03,-1.058533089235424995e-03,-5.509314592927694321e-03,1.899263635277748108e-02,2.326301485300064087e-02,-1.006965618580579758e-02,-9.621529839932918549e-03,-1.970436610281467438e-02,1.763507910072803497e-02,-9.918084368109703064e-03,3.018260747194290161e-02,-1.333834044635295868e-02,3.805776592344045639e-03,-3.049893304705619812e-02,-1.411597058176994324e-02,-3.046268597245216370e-03,-3.882880508899688721e-02,-1.942758262157440186e-02,7.499521598219871521e-03,1.594801619648933411e-02,2.141778916120529175e-02,-1.993501937249675393e-04,-1.014873757958412170e-02,-4.906321410089731216e-03,2.050835825502872467e-02,-1.554437330923974514e-03,-6.115602795034646988e-03,-1.298906560987234116e-02,-3.766235895454883575e-03,-1.728250877931714058e-03,7.618143223226070404e-03,-7.038215175271034241e-03,-1.994160935282707214e-02,2.418562769889831543e-02,2.679283206816762686e-04,-1.633024029433727264e-02,1.768779940903186798e-02,1.709469035267829895e-02,-6.639514584094285965e-03,-1.694970950484275818e-02,4.448310006409883499e-03,-5.258891265839338303e-03,1.650158315896987915e-02,2.375068143010139465e-02,-3.871677443385124207e-03,-2.654487825930118561e-02,2.772779902443289757e-03,-1.260025054216384888e-02,5.670771934092044830e-03,4.886551294475793839e-03,6.491237785667181015e-03,-6.593384314328432083e-03,5.881654564291238785e-03,6.461582612246274948e-03,2.456785179674625397e-02,-5.591690540313720703e-03,-3.379397839307785034e-02,-3.331949189305305481e-02,-2.936543710529804230e-02,-1.062322407960891724e-02,-1.145357452332973480e-02,3.561284020543098450e-02,1.448501553386449814e-02,-1.201043720357120037e-03,1.515720505267381668e-02,1.213894411921501160e-02,7.479751016944646835e-03,3.818956669420003891e-03,3.723400412127375603e-03,3.430141368880867958e-03,1.481452025473117828e-02,7.413850165903568268e-03,8.373531745746731758e-04,-1.180943939834833145e-02,2.440969087183475494e-02,-9.311796166002750397e-03,-5.509314686059951782e-02,3.374125808477401733e-02,-2.430424839258193970e-02,1.074843574315309525e-02,-6.952544208616018295e-03,-6.141962949186563492e-03,7.776305079460144043e-03,1.004329603165388107e-02,-1.642250269651412964e-02,-5.499429535120725632e-03,9.944444522261619568e-03,-1.457727700471878052e-02,2.281488850712776184e-02,-6.929890514584258199e-05,6.899823434650897980e-03,-2.618901431560516357e-02,6.626334507018327713e-03,-4.830535501241683960e-03,-7.420440204441547394e-03,-1.452455669641494751e-02,5.387397948652505875e-03,-1.175671909004449844e-02,-2.449865685775876045e-03,-1.752963755279779434e-03,1.393144857138395309e-02,4.454900324344635010e-02,-2.086422219872474670e-02,-3.163242712616920471e-02,-4.962337203323841095e-03,3.512517549097537994e-03,-1.830726675689220428e-02,-7.101479917764663696e-02,1.376010570675134659e-02,3.247595950961112976e-02,-1.868949271738529205e-02,-3.960643429309129715e-03,-4.636127501726150513e-03,-1.659648120403289795e-01,8.428723551332950592e-03,-2.415267750620841980e-03,5.358566413633525372e-04,4.096399247646331787e-02,-1.795140281319618225e-02,2.736205048859119415e-02,1.720013213343918324e-03,-1.805684342980384827e-02,-5.021648015826940536e-03,1.350968237966299057e-02,-2.754657343029975891e-02,-1.946712285280227661e-02,-6.224339362233877182e-03,3.105579409748315811e-03,-1.360853435471653938e-03,-3.619277104735374451e-02,9.371106512844562531e-03,2.265672571957111359e-02,1.205327268689870834e-02,1.879493333399295807e-02,1.841270923614501953e-02,5.119675770401954651e-04,-3.774803131818771362e-02,1.509130373597145081e-02,2.657124027609825134e-02,3.227496054023504257e-03,-1.116196392104029655e-03,1.592165604233741760e-02,-2.228768169879913330e-02,-2.164185233414173126e-02,7.407260127365589142e-03,1.627751998603343964e-02,-1.134813390672206879e-02,1.250798907130956650e-02,2.116736583411693573e-02,5.591690540313720703e-03,-4.392294213175773621e-03,-2.301259152591228485e-02,1.337129063904285431e-02,1.231522881425917149e-03,-8.046498522162437439e-03,6.787791848182678223e-03,7.848796434700489044e-03,-7.578602526336908340e-03,2.857462689280509949e-02,1.576349325478076935e-02,1.774051971733570099e-02,3.777439147233963013e-02,-2.431742846965789795e-02,-6.484647747129201889e-03,-1.476179994642734528e-02,-6.122192833572626114e-03,2.804742008447647095e-02,1.403689035214483738e-03,1.862359233200550079e-02,-4.296738188713788986e-03,1.352286338806152344e-02,-2.024475298821926117e-02,-1.041234098374843597e-02,-1.410279050469398499e-02,-1.140744425356388092e-02,5.034828092902898788e-03,-5.097433924674987793e-03,5.308317020535469055e-03,-1.998114958405494690e-02,3.339527640491724014e-03,1.982298865914344788e-02,-2.405382506549358368e-02,1.497268211096525192e-02,-4.091127216815948486e-02,-3.389941900968551636e-02,-6.204568780958652496e-03,-1.271887216717004776e-02,2.228768169879913330e-02,-8.771408349275588989e-03,-3.036713041365146637e-02,1.093295775353908539e-02,9.904904291033744812e-03,-8.850489743053913116e-03,-1.153924595564603806e-02,4.054223001003265381e-02,1.068253442645072937e-02,-1.124928239732980728e-02,-1.213235408067703247e-02,2.357933856546878815e-02,-1.221143547445535660e-02,2.799140289425849915e-03,9.542449377477169037e-03,-3.779416205361485481e-03,-1.808979432098567486e-03,-6.122192833572626114e-03,1.820182614028453827e-02,-7.057985290884971619e-03,1.642250269651412964e-02,2.025793492794036865e-02,-1.432314747944474220e-04,-9.127273224294185638e-03,-2.284124866127967834e-02,2.265672571957111359e-02,1.970436610281467438e-02,-9.918084368109703064e-03,-4.370547086000442505e-02,-1.056391280144453049e-02,1.619843952357769012e-02,7.565422449260950089e-03,1.320653874427080154e-02,1.244208868592977524e-02,2.983992360532283783e-02,-2.058743871748447418e-02,-1.586893387138843536e-02,4.942567087709903717e-03,1.064958423376083374e-02,1.949348300695419312e-02,6.052996963262557983e-03,1.449819654226303101e-02,6.715300958603620529e-03,-1.963846571743488312e-02,3.295044600963592529e-02,-6.807561963796615601e-03,6.416110694408416748e-02,5.851999390870332718e-03,-9.568809531629085541e-03,9.786282666027545929e-03,-4.077947139739990234e-02,-1.680472679436206818e-02,-1.345432549715042114e-01,-1.389190834015607834e-02,-2.967187669128179550e-03,1.907171867787837982e-02,1.808320544660091400e-02,2.102238498628139496e-02,-8.789531420916318893e-04,2.941815741360187531e-02,-5.127089470624923706e-02,1.664656586945056915e-02,2.344753779470920563e-02,-1.772733964025974274e-02,7.455038139596581459e-04,-2.139142900705337524e-02,1.339765079319477081e-02,-3.249737783335149288e-04,-1.037939079105854034e-02,-2.049517631530761719e-02,-8.778204937698319554e-05,2.182637527585029602e-02,9.773102588951587677e-03,2.364523895084857941e-02,-1.084069628268480301e-02,-2.628127485513687134e-02,-6.339665967971086502e-03,6.708710920065641403e-03,-1.775369979441165924e-02,3.047257289290428162e-02,1.975708641111850739e-02,2.332891523838043213e-02,-1.331857033073902130e-02,3.977118991315364838e-03,-1.378646679222583771e-02,3.542172955349087715e-03,1.952313934452831745e-03,-1.243549864739179611e-02,-2.878550998866558075e-02,-2.119372598826885223e-02,-3.036383539438247681e-03,-3.898696601390838623e-02,1.250469358637928963e-03,2.526640146970748901e-02,1.292975526303052902e-02,-1.676518656313419342e-02,-1.523958169855177402e-03,-1.398416887968778610e-02,-1.781960017979145050e-02,2.066651917994022369e-02,2.027111500501632690e-02,-3.634434193372726440e-03,-2.120690606534481049e-02,-2.572770789265632629e-02,-2.419880777597427368e-02,-3.192239254713058472e-02,2.764542354270815849e-03,-1.405007019639015198e-02,3.070981474593281746e-03,4.448310006409883499e-03,-1.213894411921501160e-02,8.718688040971755981e-03,-1.555261015892028809e-02,1.629070006310939789e-02,1.494632195681333542e-02,9.924674406647682190e-03,7.934466935694217682e-03,-4.436447843909263611e-02,-1.441911514848470688e-02,-1.226415578275918961e-02,1.290998421609401703e-02,-3.585008531808853149e-02,-1.602709665894508362e-02,-8.046498522162437439e-03,-4.412064794450998306e-03,3.553375974297523499e-02,-2.326301485300064087e-02,-1.981145614990964532e-04,-7.637913338840007782e-03,-1.118997111916542053e-02,1.101203914731740952e-02,-1.343060191720724106e-02,7.170016877353191376e-03,-1.341742184013128281e-02,1.312086731195449829e-02,3.133587306365370750e-03,3.186967223882675171e-02,-1.170564559288322926e-03,9.614939801394939423e-03,-3.772825933992862701e-03,-1.354922354221343994e-02,-8.738458156585693359e-03,-5.347857251763343811e-03,1.296929549425840378e-02,1.464317832142114639e-02,-1.691016927361488342e-02,5.726787261664867401e-03,9.876895928755402565e-04,2.128598839044570923e-02,-6.606564274989068508e-04,-9.931264445185661316e-03,8.573706261813640594e-03,-2.087740227580070496e-02,1.268592168344184756e-04,-3.550739958882331848e-02,1.443229522556066513e-02,-2.098284475505352020e-02,2.468647435307502747e-02,3.832795843482017517e-02,-1.563169062137603760e-02,-6.280355155467987061e-03,-1.975708641111850739e-02,-1.901858486235141754e-04,-4.029839299619197845e-03,-1.724955858662724495e-03,2.190545573830604553e-02,5.298431497067213058e-03,1.644886285066604614e-02,-1.234323717653751373e-02,6.840512622147798538e-03,6.339665967971086502e-03,2.825830318033695221e-02,2.761247335001826286e-03,2.326301485300064087e-02,2.286760834977030754e-03,1.061004307121038437e-02,7.295228540897369385e-03,2.671622112393379211e-02,-1.146675553172826767e-02,4.227542318403720856e-03,9.542449377477169037e-03,1.746373600326478481e-04,1.033325958997011185e-02,9.959272574633359909e-04,-1.003011595457792282e-02,-1.667292602360248566e-02,1.771415956318378448e-02,3.924398217350244522e-03,2.180001512169837952e-02,-1.609299704432487488e-02,-1.742419600486755371e-02,1.368102524429559708e-02,3.392577916383743286e-02,4.465444386005401611e-02,-1.244867872446775436e-02,-8.178300224244594574e-03,2.787607721984386444e-03,-1.721331290900707245e-02,-2.021509921178221703e-03,5.111437640152871609e-04,-8.455084636807441711e-03,2.433060854673385620e-02,8.165120147168636322e-03,-1.733193360269069672e-02,4.454900324344635010e-02,2.733569033443927765e-02,-1.226415578275918961e-02,-3.268684074282646179e-02,-3.482862142845988274e-03,-9.832412935793399811e-03,3.200147300958633423e-02,-9.871953167021274567e-03,-1.615601504454389215e-04,-9.199764579534530640e-03,3.076253645122051239e-02,1.233005709946155548e-02,3.671915328595787287e-04,3.824311133939772844e-04,1.423459220677614212e-02,-1.149311568588018417e-02,-2.331573516130447388e-02,-2.448218176141381264e-03,5.479658953845500946e-03,-9.911494329571723938e-03,2.166491700336337090e-03,5.795983597636222839e-03,1.776687987148761749e-02,9.529269300401210785e-03,-8.633016841486096382e-04,-2.375068143010139465e-02,-1.876857317984104156e-02,2.617583423852920532e-02,-1.332516036927700043e-02,-2.726649399846792221e-03,8.520985022187232971e-03,1.277818251401185989e-02,-2.841646410524845123e-02,7.716994266957044601e-03,2.815286070108413696e-02,1.895309612154960632e-02,-6.313305348157882690e-03,-1.930896192789077759e-02,1.671246625483036041e-02,7.815845310688018799e-03,-1.850496977567672729e-02,1.300883572548627853e-02,2.626809477806091309e-02,-1.611276762560009956e-03,1.298247557133436203e-02,8.422133512794971466e-03,-2.968176081776618958e-02,2.244584448635578156e-02,-1.188852079212665558e-02,5.726787261664867401e-03,-1.911125890910625458e-02,-2.311473712325096130e-03,-1.196924946270883083e-03,-2.006023190915584564e-02,-6.329780444502830505e-03,2.410654537379741669e-02,-1.100544910877943039e-02,-3.832795843482017517e-02,-1.717377267777919769e-02,8.310102857649326324e-03,1.060180598869919777e-03,-1.857087202370166779e-02,1.585575379431247711e-02,-4.336278885602951050e-03,-5.153449717909097672e-03,1.734511554241180420e-02,7.051395252346992493e-03,1.522310543805360794e-03,-4.257197491824626923e-03,2.526640146970748901e-02,-3.034736029803752899e-03,2.444511046633124352e-04,1.171717885881662369e-02,1.901899650692939758e-02,3.614004701375961304e-02,1.226415578275918961e-02,-1.306155696511268616e-02,-3.592916578054428101e-02,2.575077349320054054e-03,-1.490678172558546066e-02,1.004329603165388107e-02,-4.909616429358720779e-03,-2.820558100938796997e-02,5.970620550215244293e-03,-1.712393423076719046e-04,-2.252162899821996689e-03,1.527582667768001556e-02,4.642058908939361572e-02,-4.918842390179634094e-02,2.658442035317420959e-02,1.540762837976217270e-02,-1.159196719527244568e-02,-2.355297841131687164e-02,-1.619843952357769012e-02,3.181695193052291870e-02,6.794381886720657349e-03,-6.026636343449354172e-03,-2.194499596953392029e-02,-3.070981614291667938e-02,1.605345681309700012e-02,-5.960735492408275604e-03,2.812650054693222046e-02,-3.881562501192092896e-03,-7.295228540897369385e-03,-1.883447542786598206e-02,-2.196147106587886810e-03,1.544716861099004745e-02,2.516096085309982300e-02,9.456777945160865784e-03,2.219542115926742554e-02,-2.456785179674625397e-02,1.903217658400535583e-02,-1.296929549425840378e-02,-1.018827781081199646e-02,-3.086797706782817841e-02,2.435696870088577271e-02,6.557138636708259583e-03,1.068912446498870850e-02,-3.548103943467140198e-02,3.023532964289188385e-02,-2.510824007913470268e-03,-4.241381213068962097e-02,-2.106192521750926971e-02,8.771408349275588989e-03,-1.658066362142562866e-02,-3.865087172016501427e-03,-3.260776028037071228e-02,2.482816111296415329e-03,1.701560989022254944e-02,-1.316699851304292679e-02,-3.519107587635517120e-03,-1.560533139854669571e-02,-2.534548193216323853e-02,2.174729481339454651e-02,-1.277159247547388077e-02,-2.042927592992782593e-02,7.229327689856290817e-03,1.285726390779018402e-02
6.448258645832538605e-03,-3.330172970890998840e-02,-2.479846123605966568e-03,-3.809675946831703186e-02,3.000185592100024223e-03,3.261672705411911011e-02,-9.394104708917438984e-04,2.250962657853960991e-03,-1.263964083045721054e-02,-2.863843552768230438e-02,-4.040864761918783188e-03,1.410844735801219940e-02,-1.314022019505500793e-02,9.953964035958051682e-04,-1.696702092885971069e-02,5.150702781975269318e-03,2.099800668656826019e-02,-5.835706833750009537e-03,-2.310571074485778809e-02,-6.434262031689286232e-04,-1.924597658216953278e-02,6.369219627231359482e-03,-3.382865712046623230e-02,-9.063129313290119171e-03,1.336416415870189667e-02,1.370007917284965515e-02,1.767837256193161011e-02,-1.549162808805704117e-02,-7.752400822937488556e-03,-7.772160228341817856e-03,-1.161872129887342453e-02,4.009578551631420851e-04,-1.227079238742589951e-02,-1.899568736553192139e-02,-3.564655408263206482e-02,-2.230214886367321014e-02,-1.879809051752090454e-02,-1.230372488498687744e-02,5.993784870952367783e-03,-2.675796858966350555e-04,5.493205040693283081e-03,-2.579303458333015442e-02,-5.405109259299933910e-04,-2.487091347575187683e-02,-2.650438435375690460e-02,-3.484298940747976303e-03,-1.696702092885971069e-02,4.001345485448837280e-03,-1.315339375287294388e-02,2.175217028707265854e-03,3.280115127563476562e-02,8.826012723147869110e-03,-1.190853025764226913e-02,-2.570082247257232666e-02,1.472758501768112183e-02,-9.333179332315921783e-03,-7.403312250971794128e-03,1.653230749070644379e-02,-1.144747063517570496e-02,-7.331683300435543060e-04,1.492518279701471329e-02,1.745442859828472137e-02,-1.806039363145828247e-02,4.936639219522476196e-03,-1.240252424031496048e-02,8.878705091774463654e-03,-9.893038310110569000e-03,2.869112789630889893e-02,-1.682211644947528839e-02,-2.608284354209899902e-02,2.360629104077816010e-02,3.822848945856094360e-02,2.022078959271311760e-03,-5.657869391143321991e-03,-2.236142754554748535e-03,-2.398831211030483246e-02,2.090208872687071562e-04,-9.194861166179180145e-03,-1.687480881810188293e-02,8.193701505661010742e-03,-1.566287875175476074e-02,8.687694557011127472e-03,-2.496312558650970459e-02,-1.206002198159694672e-02,-2.165666408836841583e-02,-1.151333563029766083e-02,-1.227079238742589951e-02,4.378756135702133179e-02,-4.136370029300451279e-03,-2.119560353457927704e-02,3.496154770255088806e-02,1.840289495885372162e-02,4.706108942627906799e-03,3.201076388359069824e-02,-1.655865274369716644e-02,7.462591398507356644e-03,-1.608441956341266632e-02,2.934978529810905457e-02,-1.928220270201563835e-03,-1.175703946501016617e-02,-4.080384038388729095e-03,1.906155236065387726e-02,-3.182633966207504272e-02,-1.247497648000717163e-02,-1.653230749070644379e-02,-9.688854217529296875e-03,-7.001530844718217850e-03,-2.559543773531913757e-02,-1.474569900892674923e-03,-2.078723534941673279e-02,2.942882478237152100e-02,2.493677847087383270e-02,-4.235992091707885265e-04,-2.708400227129459381e-02,3.944041952490806580e-02,-2.498947083950042725e-02,5.190222524106502533e-03,-4.590843804180622101e-03,-3.283408470451831818e-03,-1.928549632430076599e-02,-1.050558965653181076e-02,8.042209781706333160e-03,2.657024934887886047e-02,-1.025529950857162476e-02,1.101934257894754410e-02,-2.048425376415252686e-02,-9.609815664589405060e-03,-2.481822110712528229e-02,7.903891615569591522e-03,-1.890347455628216267e-03,1.228396501392126083e-02,2.176204882562160492e-02,3.432923927903175354e-02,-7.739227730780839920e-03,3.214249387383460999e-02,1.011039479635655880e-03,-1.442460250109434128e-02,8.582309819757938385e-03,-1.983876898884773254e-02,-2.779535390436649323e-02,9.682267904281616211e-03,9.557122364640235901e-03,-9.886451996862888336e-03,2.410687040537595749e-03,1.758616045117378235e-02,4.604016896337270737e-03,-3.731295699253678322e-03,1.514912582933902740e-02,1.030799280852079391e-02,-1.043972373008728027e-02,3.704290837049484253e-02,-6.586576811969280243e-03,2.294763363897800446e-02,-4.142956808209419250e-03,2.488408610224723816e-02,4.136370122432708740e-02,-1.084809191524982452e-02,8.667934685945510864e-03,6.731481291353702545e-03,1.299305131396977231e-05,-3.517231903970241547e-03,4.932028427720069885e-02,-2.596757840365171432e-03,1.228396501392126083e-02,2.992940507829189301e-02,2.596428431570529938e-02,-1.141453720629215240e-02,2.842766419053077698e-02,3.955239430069923401e-03,-1.290310360491275787e-02,3.909792006015777588e-02,1.550480164587497711e-02,-2.379071526229381561e-02,1.945674791932106018e-02,5.061784293502569199e-03,2.990305796265602112e-02,-5.901572760194540024e-03,2.481822110712528229e-02,-2.498947083950042725e-02,1.152650918811559677e-02,-3.369692713022232056e-02,1.524133794009685516e-02,1.694067567586898804e-02,8.022449910640716553e-03,4.804907832294702530e-03,-9.557122364640235901e-03,1.026188675314188004e-02,5.293961148709058762e-04,1.761250570416450500e-02,1.349424943327903748e-03,-8.608656004071235657e-03,1.152650918811559677e-02,-1.875857077538967133e-02,-6.362632848322391510e-03,-6.407421827316284180e-01,-2.674150094389915466e-02,-2.570082247257232666e-02,-7.811679970473051071e-03,1.024871319532394409e-02,-3.691776189953088760e-03,9.208033792674541473e-03,1.429287134669721127e-03,-2.205185778439044952e-02,1.345637626945972443e-02,-4.548031371086835861e-03,1.159896142780780792e-02,3.803747938945889473e-03,-1.368690654635429382e-02,1.603172719478607178e-02,-1.105886232107877731e-02,5.285727791488170624e-03,-2.105069905519485474e-02,3.826800966635346413e-03,1.667721197009086609e-02,-1.155944168567657471e-02,9.478083811700344086e-03,5.944385193288326263e-03,-1.456456724554300308e-03,9.254139848053455353e-03,1.045289728790521622e-02,-9.188274852931499481e-03,1.386474352329969406e-03,1.055828202515840530e-02,8.391298353672027588e-03,-3.066710010170936584e-02,4.482165444642305374e-03,4.284568130970001221e-03,-1.847534789703786373e-03,1.182949170470237732e-02,-1.470123883336782455e-02,-3.559385985136032104e-02,1.551797427237033844e-02,1.096006389707326889e-02,1.752029359340667725e-02,-2.961324900388717651e-02,-1.562335994094610214e-02,1.466336660087108612e-03,-1.538624335080385208e-02,-9.003850631415843964e-03,1.986511424183845520e-02,1.284382399171590805e-02,-7.745814044028520584e-03,3.108864091336727142e-02,2.708400227129459381e-02,2.227580174803733826e-02,-2.127464301884174347e-02,-1.681223744526505470e-03,3.909133374691009521e-03,2.400148473680019379e-02,1.891664788126945496e-02,2.085310220718383789e-02,-2.469966188073158264e-02,-2.414638921618461609e-02,1.268574688583612442e-02,1.279771886765956879e-02,2.932344004511833191e-02,-4.185769241303205490e-03,-3.583097597584128380e-03,-8.141009137034416199e-03,4.604016896337270737e-03,-1.122352667152881622e-02,-1.081639347830787301e-04,2.663611620664596558e-02,-1.481979712843894958e-02,2.693909779191017151e-02,6.273714359849691391e-03,-3.210955997928977013e-03,-8.937984704971313477e-03,1.594774890691041946e-03,2.062915824353694916e-02,1.424017827957868576e-02,-1.903520710766315460e-02,-1.539941597729921341e-02,-1.173727959394454956e-02,-1.207978185266256332e-02,-4.739041905850172043e-03,-3.762252628803253174e-02,5.651282612234354019e-03,4.931699368171393871e-04,9.260727092623710632e-03,-2.058963850140571594e-02,-1.981242187321186066e-02,-2.029982954263687134e-02,-1.090078428387641907e-02,1.503056753426790237e-02,2.892824448645114899e-02,1.441142987459897995e-02,9.214621037244796753e-03,-2.022078959271311760e-03,1.753346621990203857e-02,-1.518864557147026062e-02,6.524004042148590088e-03,1.943040080368518829e-02,1.124328654259443283e-02,3.487592330202460289e-03,-4.027691669762134552e-03,2.257878519594669342e-02,-3.826800966635346413e-03,3.569924458861351013e-02,1.036727149039506912e-02,-2.318475022912025452e-02,-2.653155534062534571e-04,8.858945220708847046e-03,-4.160081967711448669e-02,1.017626095563173294e-02,-1.625567115843296051e-02,4.080590224475599825e-05,4.268925113137811422e-04,-2.647803723812103271e-02,-2.118243090808391571e-02,2.318474929779767990e-03,-2.649121172726154327e-02,6.342873442918062210e-03,-2.963959425687789917e-02,5.568950437009334564e-03,2.477870136499404907e-02,2.005612477660179138e-03,-1.833702996373176575e-02,-2.022079005837440491e-02,1.090078428387641907e-02,-1.966751739382743835e-02,-2.758458256721496582e-02,-2.414638921618461609e-02,1.842594821937382221e-03,-5.453685298562049866e-03,-1.076246611773967743e-02,4.505218472331762314e-03,-7.423071656376123428e-03,1.792866177856922150e-02,1.730952411890029907e-02,2.092884620651602745e-03,-2.725195954553782940e-04,3.559385985136032104e-02,-1.871905103325843811e-02,8.121249265968799591e-03,-7.146435789763927460e-03,2.230214886367321014e-02,-2.402783185243606567e-02,-5.328540690243244171e-03,-5.754033476114273071e-02,-1.178997196257114410e-02,-2.123512327671051025e-02,-1.948309317231178284e-02,1.624414464458823204e-03,2.306619100272655487e-02,-3.077248670160770416e-02,-2.560861036181449890e-02,-3.348615393042564392e-02,3.998051863163709641e-03,-6.514124106615781784e-03,-1.217858027666807175e-02,1.413479354232549667e-02,1.188877038657665253e-02,-8.720627054572105408e-03,1.395036932080984116e-02,3.527770563960075378e-02,-4.497314617037773132e-02,-1.680894382297992706e-02,-2.037886902689933777e-02,1.070318743586540222e-03,1.807356625795364380e-02,1.115766074508428574e-02,6.267127580940723419e-03,-1.006428897380828857e-02,1.771789044141769409e-02,9.056543000042438507e-03,8.694280870258808136e-03,2.516072243452072144e-02,4.887240007519721985e-03,3.533039614558219910e-02,-1.948309317231178284e-02,-3.259038180112838745e-02,-7.166195195168256760e-03,1.051876321434974670e-02,1.729634962975978851e-02,1.256718859076499939e-02,-8.648174814879894257e-03,-1.616181223653256893e-03,-7.146435673348605633e-04,-5.433925893157720566e-03,6.234194617718458176e-03,1.158578786998987198e-02,-9.300245903432369232e-03,1.466172002255916595e-02,-4.126490093767642975e-03,-3.876200411468744278e-03,1.611076667904853821e-02,-9.267313405871391296e-03,8.312259800732135773e-03,1.109838136471807957e-03,3.743810206651687622e-02,2.394879236817359924e-02,1.471441239118576050e-02,3.475077822804450989e-02,-1.770142465829849243e-03,-3.367387223988771439e-03,4.407737031579017639e-02,-6.115636322647333145e-03,1.489883661270141602e-02,-1.796818152070045471e-02,-3.405260154977440834e-03,-4.864186979830265045e-03,2.662294358015060425e-02,1.755981333553791046e-02,-1.438508369028568268e-02,-3.061440773308277130e-02,-1.637423038482666016e-02,-1.057804189622402191e-02,9.431977756321430206e-03,3.211614862084388733e-02,7.521870546042919159e-03,1.973338425159454346e-02,-7.528457324951887131e-03,-1.090078428387641907e-02,-1.518864557147026062e-02,-1.433239039033651352e-02,1.857414655387401581e-02,-2.001002058386802673e-02,-1.041996385902166367e-02,7.647015620023012161e-03,2.452841214835643768e-02,-2.264135750010609627e-03,-7.467531249858438969e-04,-9.840345941483974457e-03,-8.891878649592399597e-03,-3.754348726943135262e-03,2.325061522424221039e-02,2.842766419053077698e-02,-1.227079238742589951e-02,9.369405452162027359e-04,2.697203075513243675e-03,-2.758458256721496582e-02,2.202551253139972687e-02,-3.014017455279827118e-02,-8.351779542863368988e-03,2.049742639064788818e-02,-3.082517767325043678e-03,-8.476924151182174683e-03,1.107203494757413864e-02,1.060438808053731918e-02,3.749079257249832153e-02,7.824853062629699707e-03,-2.104411134496331215e-03,3.572558984160423279e-02,-9.366111829876899719e-03,-1.228396547958254814e-03,-1.525451149791479111e-02,2.190695330500602722e-02,6.300060544162988663e-03,-4.534199461340904236e-02,3.801771998405456543e-02,5.483325105160474777e-03,1.889030262827873230e-02,1.132232509553432465e-02,-6.728188134729862213e-03,3.881963493768125772e-04,-7.805093191564083099e-03,-1.276478543877601624e-02,4.410371556878089905e-02,1.350248232483863831e-02,-8.984090760350227356e-03,-7.956584915518760681e-03,-2.543735876679420471e-02,-1.507008727639913559e-02,-2.083992771804332733e-02,-4.604016896337270737e-03,1.367373298853635788e-02,6.421911995857954025e-03,1.997050084173679352e-02,-2.354701049625873566e-03,-2.747919782996177673e-02,-1.243545673787593842e-02,3.643694147467613220e-02,2.608284354209899902e-02,-2.163031697273254395e-02,-3.477712348103523254e-02,2.109021879732608795e-02,1.999684609472751617e-02,2.972192596644163132e-03,-2.916536107659339905e-02,-6.407421827316284180e-02,1.138819102197885513e-02,-2.966594137251377106e-02,-4.610603675246238708e-03,-1.804721914231777191e-02,1.267257332801818848e-02,-5.697388551197946072e-04,-1.722389832139015198e-03,-9.741546586155891418e-03,9.563709609210491180e-03,3.015005495399236679e-03,-1.253425516188144684e-02,2.858574315905570984e-02,-1.061097532510757446e-02,9.995129657909274101e-04,-1.670355908572673798e-02,-1.339709665626287460e-02,1.053852308541536331e-02,5.076933279633522034e-02,2.032617479562759399e-02,8.239807561039924622e-03,6.112343166023492813e-03,-1.583413034677505493e-02,-1.036068517714738846e-02,-1.796818152070045471e-02,-5.252794828265905380e-03,-2.190036757383495569e-04,-2.618822827935218811e-02,-9.311772882938385010e-04,-2.062915824353694916e-02,4.999211523681879044e-03,-1.934806932695209980e-03,5.430632270872592926e-03,-6.830280181020498276e-03,2.350090630352497101e-02,-2.190695330500602722e-02,-8.667934685945510864e-03,3.176376689225435257e-03,8.472972363233566284e-02,1.962799765169620514e-02,-8.259567432105541229e-03,2.843754366040229797e-03,2.331648208200931549e-02,1.587365008890628815e-02,-8.318846113979816437e-03,-1.966751739382743835e-02,-3.153323661535978317e-03,-1.455633435398340225e-02,1.384498365223407745e-02,5.529431160539388657e-03,2.866478078067302704e-02,-9.122408926486968994e-03,3.111498802900314331e-02,1.530720386654138565e-02,-1.736221648752689362e-02,-3.224787861108779907e-02,8.332019671797752380e-03,9.431977756321430206e-03,-1.586047746241092682e-02,1.105227600783109665e-02,1.823164336383342743e-02,7.469177711755037308e-03,1.068342756479978561e-02,1.203367579728364944e-02,1.803404651582241058e-02,1.892982050776481628e-02,-2.010552445426583290e-03,-2.306619100272655487e-02,1.401705812895670533e-04,-2.832227852195501328e-03,-1.359469443559646606e-02,1.252766884863376617e-02,-5.947678815573453903e-03,1.584730297327041626e-02,-9.871631627902388573e-04,2.339551970362663269e-02,1.218516658991575241e-02,1.367538003250956535e-03,-4.080384038388729095e-03,2.389609999954700470e-02,1.456950791180133820e-02,-2.405417710542678833e-02,-1.335099060088396072e-02,-1.392402313649654388e-02,1.617663167417049408e-02,2.651755698025226593e-02,-7.653601933270692825e-03,-4.942567273974418640e-02,1.956213265657424927e-02,-2.412004396319389343e-02,-1.488566305488348007e-02,-1.771789044141769409e-02,6.329700350761413574e-03,-2.581937983632087708e-02,7.936825044453144073e-03,1.368690654635429382e-02,-2.172252908349037170e-02,-1.191347022540867329e-03,-2.533197402954101562e-02,-2.010223269462585449e-02,3.293288499116897583e-02,-8.402001694776117802e-04,6.204555276781320572e-03,-1.313363388180732727e-02,-1.450364198535680771e-02,1.138160470873117447e-02,-1.287017110735177994e-02,-2.705765701830387115e-02,-1.568428589962422848e-03,-1.842924207448959351e-02,-5.177049431949853897e-03,2.779535250738263130e-03,3.056171536445617676e-02,1.671673171222209930e-02,-5.025558173656463623e-03,4.827960859984159470e-03,1.115766074508428574e-02,7.376966066658496857e-03,1.771789044141769409e-02,-5.000529065728187561e-02,1.050558965653181076e-02,-3.356519341468811035e-02,-5.585417151451110840e-03,1.262646727263927460e-02,-2.434398792684078217e-02,-2.190695330500602722e-02,-1.933818869292736053e-02,1.657182723283767700e-02,2.433740068227052689e-03,8.970917202532291412e-03,2.467331662774085999e-02,2.049742639064788818e-02,-1.225761882960796356e-02,7.982107345014810562e-04,3.901888057589530945e-02,-8.582309819757938385e-03,2.185096731409430504e-03,-1.075587980449199677e-02,7.021290715783834457e-03,1.074435305781662464e-03,1.354200113564729691e-02,1.411174074746668339e-03,3.082517907023429871e-02,1.604489982128143311e-02,-1.658499985933303833e-02,1.082174573093652725e-02,-5.002505145967006683e-03,-8.516443893313407898e-03,1.380546484142541885e-02,-6.688668392598628998e-03,-4.831254016607999802e-03,-1.698019541800022125e-02,1.111155468970537186e-02,1.099299639463424683e-02,-1.136843115091323853e-02,2.203868515789508820e-02,5.411531403660774231e-02,-1.290145679377019405e-03,-6.247367709875106812e-03,-2.531880140304565430e-02,3.274846076965332031e-02,-2.723549492657184601e-03,-2.332965470850467682e-02,-1.427969802170991898e-02,-9.995129657909274101e-04,-3.021921403706073761e-02,-1.004452910274267197e-02,-1.236629788763821125e-03,4.620483610779047012e-03,1.387133076786994934e-02,1.973338425159454346e-02,8.555962704122066498e-03,-2.475235424935817719e-02,-1.584730297327041626e-02,-1.104568876326084137e-02,-6.665615364909172058e-03,-1.499104872345924377e-02,1.289651729166507721e-02,-8.358365856111049652e-03,3.652256680652499199e-03,-3.525135666131973267e-02,-3.214249387383460999e-02,-1.337075047194957733e-02,-4.413006454706192017e-02,-9.609815664589405060e-03,7.627255748957395554e-03,1.159896142780780792e-02,1.762567833065986633e-02,-8.061969652771949768e-03,-2.377342461841180921e-04,-2.329013496637344360e-02,6.593163125216960907e-03,2.422542870044708252e-02,-3.540943562984466553e-02,-2.473918162286281586e-02,-1.383181102573871613e-02,-6.393095827661454678e-04,3.270235378295183182e-03,1.492518279701471329e-02,-9.361171978525817394e-04,3.048267588019371033e-02,-5.289020948112010956e-03,-1.141453720629215240e-02,-1.741490885615348816e-02,-1.367373298853635788e-02,-1.991780847311019897e-02,-4.605334252119064331e-02,9.155341424047946930e-03,2.174887619912624359e-02,-2.338234707713127136e-02,2.219676272943615913e-03,-3.733271732926368713e-02,4.462405573576688766e-03,1.460902672260999680e-02,-4.090263973921537399e-03,-1.088102441281080246e-02,-1.304800808429718018e-02,-4.402467980980873108e-02,-6.020131055265665054e-03,-2.014175057411193848e-02,-4.956399207003414631e-04,2.911266870796680450e-02,-2.282907441258430481e-02,-5.868639796972274780e-03,2.161714434623718262e-02,-1.618980616331100464e-02,-1.758616045117378235e-02,-1.889030262827873230e-02,1.204684842377901077e-02,-8.233221247792243958e-03,1.918340451084077358e-03,-9.385871700942516327e-03,1.119718048721551895e-02,-8.285913616418838501e-03,-4.080384038388729095e-03,7.930238731205463409e-03,1.947980024851858616e-03,-1.445959424017928541e-05,9.728373959660530090e-03,2.758458256721496582e-02,-2.456793002784252167e-02,-9.570295922458171844e-03,2.453499764669686556e-04,1.223127264529466629e-02,8.654762059450149536e-03,-2.026030980050563812e-02,-3.006772138178348541e-03,-1.355517469346523285e-02,-7.666775025427341461e-03,-1.186901144683361053e-02,-2.052377350628376007e-02,-3.340711817145347595e-02,1.335428445599973202e-03,2.119560353457927704e-02,-1.910107210278511047e-02,8.180527947843074799e-03,-3.722733259201049805e-02,-2.339551970362663269e-02,9.313419461250305176e-03,-1.817895099520683289e-02,9.734960272908210754e-03,-1.342344284057617188e-02,9.846932254731655121e-03,2.004953846335411072e-02,-1.496470253914594650e-02,-7.811679970473051071e-03,-3.698362736031413078e-03,2.008905820548534393e-02,-6.994944531470537186e-03,6.016837898641824722e-03,2.556909061968326569e-02,-1.401623524725437164e-02,1.154626905918121338e-02,-4.264808259904384613e-03,-7.614082656800746918e-03,-9.102649055421352386e-03,-2.634630724787712097e-02,4.568449407815933228e-02,-6.830280181020498276e-03,1.883760839700698853e-02,9.590055793523788452e-03,-2.405417710542678833e-02,-1.603172719478607178e-02,4.327381029725074768e-03,-7.021290715783834457e-03,8.700868114829063416e-03,-2.982401847839355469e-02,-1.925914920866489410e-02,-2.040521427989006042e-02,4.429472610354423523e-03,-9.655921719968318939e-03,3.303826972842216492e-02,-2.494665794074535370e-03,-2.621457539498806000e-02,-7.515283767133951187e-03,1.533355005085468292e-02,1.623591175302863121e-03,9.774480015039443970e-03,-2.443620003759860992e-02,-1.169117353856563568e-02,1.910107210278511047e-02,-1.755734265316277742e-04,2.886567264795303345e-03,-1.218516728840768337e-03,-1.189535763114690781e-02,-1.439990359358489513e-03,-1.878491602838039398e-02,2.526610717177391052e-02,-1.381863746792078018e-02,-8.404471911489963531e-03,-2.327696233987808228e-02,1.285699754953384399e-02,1.510960701853036880e-02,5.022264551371335983e-03,-5.568950437009334564e-03,2.390927402302622795e-03,-2.314523048698902130e-02,-1.063073426485061646e-02,2.521012211218476295e-03,2.468648925423622131e-02,2.410687133669853210e-02,2.624092064797878265e-02,-3.428313182666897774e-03,-6.682082079350948334e-03,-2.606637775897979736e-03,4.511804785579442978e-03,3.891349583864212036e-02,6.612922996282577515e-03,-5.618349649012088776e-03,2.395867137238383293e-03,-2.374460920691490173e-03,2.109021879732608795e-02,-6.922491826117038727e-03,1.941393478773534298e-03,2.295421902090311050e-03,3.525135666131973267e-02,-1.927232369780540466e-02,7.126675918698310852e-03,-2.430446818470954895e-02,-8.430818095803260803e-03,-2.392244711518287659e-02,8.252980187535285950e-03,4.818080924451351166e-03,-1.299531571567058563e-02,7.060809992253780365e-03,-1.699336804449558258e-02,-1.990463398396968842e-02,1.003135647624731064e-02,-1.738856174051761627e-02,1.186242420226335526e-02,1.362104061990976334e-02,-2.808516286313533783e-02,1.351565495133399963e-02,-6.448258645832538605e-03,2.164349146187305450e-02,-3.485616296529769897e-02,-2.246022596955299377e-02,2.666246145963668823e-02,1.979924924671649933e-02,1.850827969610691071e-02,4.078408330678939819e-02,-2.168301120400428772e-02,3.777401754632592201e-03,3.836022317409515381e-02,4.386660177260637283e-03,3.619982674717903137e-02,2.922793384641408920e-03,-1.134867127984762192e-02,4.656709730625152588e-03,5.483325105160474777e-03,-1.083491835743188858e-02,-1.229055225849151611e-02,4.007931798696517944e-03,-4.600723739713430405e-03,1.791548798792064190e-03,-1.893640728667378426e-03,-7.469177711755037308e-03,-1.434556394815444946e-02,9.616401977837085724e-03,2.016809768974781036e-02,-7.225474342703819275e-03,-7.146435789763927460e-03,-2.418590895831584930e-02,-4.567790776491165161e-03,-3.026532009243965149e-03,-9.339765645563602448e-03,-8.081729523837566376e-03,-1.103251613676548004e-02,-4.560545831918716431e-02,4.302351921796798706e-02,8.582309819757938385e-03,-8.325432427227497101e-03,7.199128158390522003e-03,7.903891615569591522e-03,-3.954580798745155334e-02,-1.530720386654138565e-02,-5.374646745622158051e-03,3.230057284235954285e-02,1.725682988762855530e-02,4.783501208294183016e-04,2.703130990266799927e-02,2.794355154037475586e-03,5.720441695302724838e-03,2.114291116595268250e-02,-2.166983671486377716e-02,1.043972373008728027e-02,-1.337075047194957733e-02,-1.427969802170991898e-02,-1.654548011720180511e-02,5.756667815148830414e-03,-2.649121172726154327e-02,-5.134236533194780350e-03,2.531880140304565430e-02,-1.824481762014329433e-03,7.363792508840560913e-03,1.543893571943044662e-02,8.799666538834571838e-03,1.847534789703786373e-03,-1.019272720441222191e-03,2.418590895831584930e-02,2.339551970362663269e-02,-4.837840329855680466e-03,1.771789044141769409e-02,-4.181158915162086487e-02,4.877360071986913681e-03,1.130915246903896332e-02,2.041838690638542175e-02,-2.676784805953502655e-02,1.039855764247477055e-03,-1.238935068249702454e-02,-6.109050009399652481e-03,-4.136370029300451279e-03,-2.132404129952192307e-03,3.573217836674302816e-04,-1.287675695493817329e-03,6.896145641803741455e-03,5.790918320417404175e-02,4.445939324796199799e-03,-1.781010255217552185e-02,1.690115593373775482e-02,9.464910253882408142e-03,5.539311096072196960e-03,-1.457280130125582218e-03,2.782169915735721588e-02,-2.814114792272448540e-03,-4.083677660673856735e-03,-3.948652651160955429e-03,-1.250132266432046890e-02,-1.223127264529466629e-02,-2.422542870044708252e-02,2.509485743939876556e-02,-4.104754701256752014e-02,1.227737870067358017e-02,-3.374961763620376587e-02,1.792866177856922150e-02,-3.161556646227836609e-02,3.519866615533828735e-02,2.422542870044708252e-02,-2.365898340940475464e-02,2.068185061216354370e-02,-3.237302415072917938e-03,1.348272245377302170e-02,-1.038044504821300507e-02,-2.546370588243007660e-02,-1.440813648514449596e-03,1.169775985181331635e-02,-1.245521660894155502e-02,-1.620297878980636597e-02,7.126675918698310852e-03,-3.749079257249832153e-02,-2.419908344745635986e-02,-1.535989716649055481e-02,-4.144274070858955383e-02,6.316526792943477631e-03,1.788387298583984375e-01,-1.481979712843894958e-02,-7.073983084410429001e-03,4.370852187275886536e-02,1.293603610247373581e-02,9.925970807671546936e-03,-1.509972731582820415e-03,1.740173622965812683e-02,-1.684846356511116028e-02,9.583468548953533173e-03,-1.184266526252031326e-02,-3.708242671564221382e-03,-1.193487644195556641e-02,5.246208515018224716e-03,-2.463379641994833946e-03,-6.935665383934974670e-03,-2.659659646451473236e-02,-3.011382929980754852e-02,-1.564970612525939941e-02,-3.182633966207504272e-02,-2.413980429992079735e-03,9.056543000042438507e-03,-4.752214998006820679e-03,-5.855466704815626144e-03,4.486776143312454224e-02,1.299531571567058563e-02,-3.151018172502517700e-02,2.538466639816761017e-02,5.029509961605072021e-02,-5.967438220977783203e-03,-9.010436944663524628e-03,4.660002887248992920e-04,1.758615951985120773e-03,-1.079375273548066616e-03,-3.176376689225435257e-03,-2.423860132694244385e-03,-3.945771022699773312e-04,3.546871477738022804e-03,2.850341144949197769e-03,-1.401623524725437164e-02,3.008748218417167664e-02,3.641059622168540955e-02,7.660188712179660797e-03,1.221810001879930496e-03,-1.388450339436531067e-02,1.462220028042793274e-02,-4.926759283989667892e-03,-8.621828630566596985e-03,-2.068185061216354370e-02,4.096027405466884375e-04,-1.279771886765956879e-02,6.764414254575967789e-03,3.991465270519256592e-02,4.739041905850172043e-03,-1.343003008514642715e-02,-5.680922418832778931e-03,9.293659590184688568e-03,2.422542870044708252e-02,-1.510960701853036880e-02,1.062085502780973911e-04,-1.466336660087108612e-03,1.554432045668363571e-02,1.542576216161251068e-02,1.667721197009086609e-02,-3.838656842708587646e-02,1.850827969610691071e-02,-2.745285071432590485e-02,9.320005774497985840e-04,-8.542790077626705170e-03,-3.959849849343299866e-02,-1.026188675314188004e-02,-6.915905512869358063e-03,3.227422386407852173e-02,3.369692713022232056e-02,-5.529431160539388657e-03,-1.887054182589054108e-03,2.589841932058334351e-02,2.970546018332242966e-03,8.496684022247791290e-03,-3.388793673366308212e-03,-2.891507232561707497e-03,-1.530720386654138565e-02,-9.774480015039443970e-03,4.548031371086835861e-03,6.817106623202562332e-03,-2.458110451698303223e-02,2.755823731422424316e-02,2.782828640192747116e-03,-9.721786715090274811e-03,2.169618383049964905e-02,1.347613614052534103e-02,-2.015492506325244904e-02,-1.447729580104351044e-02,1.255401503294706345e-02,6.988357752561569214e-03,3.014017455279827118e-02,9.431977756321430206e-03,1.094689033925533295e-02,-2.514754980802536011e-02,4.508511628955602646e-03,-2.935966476798057556e-03,3.245864808559417725e-02,6.178209092468023300e-03,-1.831068284809589386e-02,-2.751542488113045692e-03,9.846932254731655121e-03,1.775741018354892731e-02,4.270736128091812134e-02,-6.965305074118077755e-04,-3.201076388359069824e-02,-3.003478981554508209e-02,-4.758143052458763123e-02,-9.590055793523788452e-03,-9.570295922458171844e-03,3.756983205676078796e-02,-2.988659078255295753e-03,1.587365008890628815e-02,3.955239430069923401e-03,1.875857077538967133e-02,8.786492981016635895e-03,1.260670740157365799e-02,-1.586047746241092682e-02,4.159423056989908218e-03,9.557122364640235901e-03,2.308595227077603340e-03,-2.463379641994833946e-03,-1.405575498938560486e-02,2.520024217665195465e-02,-1.885078288614749908e-02,-3.575193881988525391e-02,4.289178550243377686e-02,-1.427969802170991898e-02,-1.477863173931837082e-03,-4.709402273874729872e-04,-7.554803509265184402e-03,8.411058224737644196e-03,-6.154332659207284451e-04,-2.491043321788311005e-02,1.290968991816043854e-02,1.347613614052534103e-02,3.566631348803639412e-03,2.502899058163166046e-02,1.580778323113918304e-02,3.451366210356354713e-03,-1.779692992568016052e-02,1.662451960146427155e-02,1.468806620687246323e-02,-1.522816531360149384e-02,1.141453720629215240e-02,1.512277964502573013e-02,-1.616345904767513275e-02,4.959692247211933136e-03,1.894299499690532684e-02,-1.376594509929418564e-02,3.166826069355010986e-02,-1.368690654635429382e-02,-1.833702996373176575e-02,-1.245521660894155502e-02,1.043313741683959961e-02,-9.478083811700344086e-03,-5.134895071387290955e-02,1.827116310596466064e-02,-7.821559556759893894e-04,-4.778561182320117950e-03,-1.168458722531795502e-02,-9.886451996862888336e-03,-1.657709628343582153e-01,1.371325273066759109e-02,3.457952756434679031e-03,-4.310914315283298492e-03,1.285041123628616333e-02,-5.539311096072196960e-03,5.622301995754241943e-02,9.254139848053455353e-03,-2.800612337887287140e-02,-3.609444014728069305e-03,-3.077578032389283180e-03,-9.629574604332447052e-03,-3.691117465496063232e-02,1.201391592621803284e-02,-1.050558965653181076e-02,7.317686453461647034e-03,-3.596270829439163208e-02,4.577670712023973465e-03,9.313419461250305176e-03,1.067025400698184967e-02,1.929866895079612732e-02,5.394406151026487350e-03,6.003664806485176086e-03,-2.256561070680618286e-02,1.743796165101230145e-03,3.857099264860153198e-02,-1.829751022160053253e-02,8.503270335495471954e-03,1.265940070152282715e-02,-2.087944746017456055e-02,-2.056329138576984406e-02,1.616345904767513275e-02,2.055011875927448273e-02,3.243888961151242256e-03,2.240753360092639923e-02,1.542576216161251068e-02,4.063917789608240128e-03,6.283594295382499695e-03,-5.035437643527984619e-03,8.648174814879894257e-03,1.150674931704998016e-02,8.022449910640716553e-03,2.408052422106266022e-02,-4.037571605294942856e-03,6.547057069838047028e-03,3.809675946831703186e-02,1.742808148264884949e-02,1.841606758534908295e-02,4.586891829967498779e-02,-1.024871319532394409e-02,-1.360128051601350307e-03,-1.669038459658622742e-02,6.359339691698551178e-03,2.327696233987808228e-02,2.015492506325244904e-02,-3.199429716914892197e-03,-9.188274852931499481e-03,-6.195498863235116005e-04,-1.736221648752689362e-02,-1.418748591095209122e-02,-7.647015620023012161e-03,-1.616345904767513275e-02,1.062414795160293579e-02,-1.866882812464609742e-04,-4.837840329855680466e-03,-1.991780847311019897e-02,7.297927048057317734e-03,2.239436144009232521e-03,-4.607969149947166443e-02,1.975972950458526611e-02,-1.734904199838638306e-02,-2.008905820548534393e-02,5.512964446097612381e-03,-2.597745880484580994e-02,-2.881627297028899193e-03,3.345980867743492126e-02,-2.850670367479324341e-02,2.344821207225322723e-02,-1.636764267459511757e-03,6.059650331735610962e-03,-1.987828873097896576e-02,3.027190640568733215e-02,9.958904236555099487e-03,-1.894299499690532684e-02,-1.055828202515840530e-02,4.248342011123895645e-03,-2.190695330500602722e-02,-1.568922586739063263e-02,1.063073426485061646e-02,-3.428313182666897774e-03,5.838999990373849869e-03,-2.429129555821418762e-02,-3.892666893079876900e-03,-6.823693402111530304e-03,2.203868515789508820e-02,1.994415372610092163e-02,8.457164280116558075e-03,7.416485343128442764e-03,-1.329829823225736618e-02,-6.326406728476285934e-03,1.159237511456012726e-02,-1.600538194179534912e-02,-3.496154770255088806e-02,-6.596456281840801239e-03,2.469966188073158264e-02,-3.935479559004306793e-03,2.483139373362064362e-02,9.767892770469188690e-03,3.522501140832901001e-02,3.793868236243724823e-03,-3.734588855877518654e-03,-3.612737171351909637e-03,-1.274502556771039963e-02,-3.486768982838839293e-04,-2.003965899348258972e-03,1.323243230581283569e-02,1.005770266056060791e-02,-1.940405555069446564e-02,4.091581329703330994e-02,-1.890347525477409363e-02,6.038573384284973145e-02,-7.245234213769435883e-03,-8.575722575187683105e-03,1.704606041312217712e-02,-4.452525824308395386e-02,-1.310070138424634933e-02,-1.157129779458045959e-01,-1.734904199838638306e-02,-8.615242317318916321e-03,3.185268491506576538e-02,9.622988291084766388e-03,2.421225607395172119e-02,-6.642562337219715118e-03,1.323901861906051636e-02,-4.289178550243377686e-02,1.894299499690532684e-02,6.738068070262670517e-03,-2.410687133669853210e-02,1.069001387804746628e-02,-2.040521427989006042e-02,6.105756387114524841e-03,7.791920099407434464e-03,1.214564777910709381e-02,-5.094717256724834442e-03,-1.788255525752902031e-03,1.022895332425832748e-02,-1.890347525477409363e-02,4.923466127365827560e-03,6.573403254151344299e-03,-1.023553963750600815e-02,-6.438378477469086647e-04,1.254084147512912750e-02,-1.608441956341266632e-02,3.867637738585472107e-02,2.066867798566818237e-02,4.735748749226331711e-03,1.586047746241092682e-02,7.600909564644098282e-03,1.151004224084317684e-03,-1.215882040560245514e-02,6.576696876436471939e-03,-9.906210936605930328e-03,-1.217199396342039108e-02,-9.728373959660530090e-03,1.566287875175476074e-02,-2.790073864161968231e-02,-5.689155659638345242e-04,5.114476662129163742e-03,4.643536638468503952e-03,8.700868114829063416e-03,1.057968838722445071e-04,-2.635947987437248230e-02,2.603344386443495750e-03,3.599564079195261002e-03,1.433239039033651352e-02,-7.976343855261802673e-03,-1.791548915207386017e-02,-3.643694147467613220e-02,-1.410844735801219940e-02,-2.621457539498806000e-02,1.088102441281080246e-02,-5.536017473787069321e-03,5.163875874131917953e-03,9.945730678737163544e-03,-7.376966066658496857e-03,2.516072243452072144e-02,-1.543893571943044662e-02,4.198942799121141434e-03,2.921146806329488754e-03,2.090579457581043243e-02,8.312259800732135773e-03,-4.839816689491271973e-02,-1.915376447141170502e-02,-1.665086485445499420e-02,1.570239849388599396e-02,-3.053537011146545410e-02,7.001530844718217850e-03,-1.869270391762256622e-02,-5.697388667613267899e-03,3.340711817145347595e-02,-4.249659180641174316e-02,-7.416485343128442764e-03,-1.703288778662681580e-02,-2.990305796265602112e-02,3.190537542104721069e-02,-1.322584599256515503e-02,-9.886451996862888336e-03,3.477712394669651985e-03,2.306619100272655487e-02,-3.905839985236525536e-03,1.395036932080984116e-02,-1.096665021032094955e-02,2.135368064045906067e-02,1.245686318725347519e-03,-1.877174340188503265e-02,-2.461733063682913780e-03,-2.234496176242828369e-03,2.668880857527256012e-02,1.690115593373775482e-02,-2.663611620664596558e-02,-7.195834768936038017e-04,1.182290539145469666e-02,1.294920966029167175e-02,-1.510960701853036880e-02,-2.865160815417766571e-03,7.146435789763927460e-03,-1.799452677369117737e-02,-2.990305796265602112e-02,-2.014175057411193848e-02,1.775741018354892731e-02,-2.771631442010402679e-02,-1.326536573469638824e-02,2.529245428740978241e-02,-9.886451996862888336e-03,-8.648174814879894257e-03,-2.061598561704158783e-02,6.504244636744260788e-03,-8.055383339524269104e-03,4.683055914938449860e-03,2.487091347575187683e-02,3.497472265735268593e-03,2.379400888457894325e-03,-1.987828873097896576e-02,-6.583283189684152603e-03,1.327853836119174957e-02,2.026030980050563812e-02,-1.612393930554389954e-02,1.031457912176847458e-02,1.092713046818971634e-02,1.015650108456611633e-02,2.055011875927448273e-02,1.952261291444301605e-02,-2.043485408648848534e-03,1.673402148298919201e-04,-7.574562914669513702e-03,3.770156577229499817e-02,1.723048463463783264e-02,-1.547022140584886074e-03,-1.187559776008129120e-02,-2.415956370532512665e-02,1.424017827957868576e-02,-2.657683566212654114e-03,2.826958708465099335e-02,2.244375878944993019e-03,-1.070977374911308289e-02,2.672832831740379333e-02,3.311730548739433289e-02,4.808200895786285400e-02,1.115107443183660507e-02,-3.182633966207504272e-02,-4.755508154630661011e-03,5.967438220977783203e-03,-4.837017331738024950e-04,-2.858574315905570984e-02,-1.346296258270740509e-02,3.253768756985664368e-02,5.572244059294462204e-03,-2.758458256721496582e-02,3.720098361372947693e-02,4.744969680905342102e-02,-2.887555211782455444e-02,-2.483139373362064362e-02,-2.659659646451473236e-02,-1.740173622965812683e-02,1.654548011720180511e-02,-2.061598561704158783e-02,4.669882822781801224e-03,-3.024555929005146027e-02,2.257878519594669342e-02,3.125330666080117226e-03,-7.561389822512865067e-03,-1.966093201190233231e-03,1.624249853193759918e-02,-5.651282612234354019e-03,-1.476710475981235504e-02,-9.448906894249375910e-06,5.779720842838287354e-03,2.190036699175834656e-03,-1.034092530608177185e-02,1.248156279325485229e-02,3.701656125485897064e-03,5.825826898217201233e-03,-7.956584915518760681e-03,1.108191558159887791e-03,-1.940405555069446564e-02,4.248342011123895645e-03,-1.046606991440057755e-02,7.449418306350708008e-03,3.863438905682414770e-04,-7.159608881920576096e-03,-1.055828202515840530e-02,2.271051704883575439e-02,2.280272915959358215e-02,1.960165239870548248e-02,3.301521530374884605e-03,-1.719096489250659943e-02,1.266598701477050781e-02,1.674307696521282196e-02,-7.554803509265184402e-03,9.767892770469188690e-03,6.049770861864089966e-03,-5.656222929246723652e-04,-3.793868236243724823e-03,-1.368690654635429382e-02,-2.948151715099811554e-02,2.948151715099811554e-02,-8.483510464429855347e-03,4.739041905850172043e-03,-1.624249853193759918e-02,-1.704606041312217712e-02,-1.620297878980636597e-02,-2.164349146187305450e-02,-1.813943125307559967e-02,1.059780176728963852e-02,-1.622932404279708862e-02,-4.239120706915855408e-02,-1.021742704324424267e-03,2.445266582071781158e-03,1.507008727639913559e-02,-1.960165239870548248e-02,1.576826535165309906e-02,-1.620297878980636597e-02,1.090078428387641907e-02,1.994415372610092163e-02,-1.570239849388599396e-02,5.809360649436712265e-03,7.734081736998632550e-05,2.095848694443702698e-02,-4.818080924451351166e-03,9.287073276937007904e-03,1.653230749070644379e-02,8.865532465279102325e-03,-3.382207127287983894e-03,1.937770843505859375e-02,-1.396354287862777710e-02,-5.219203233718872070e-02,-1.667721197009086609e-02,-1.231031212955713272e-02,1.919328421354293823e-02,1.624414464458823204e-03,-2.473918162286281586e-02,-1.208636816591024399e-02,-2.272368967533111572e-02,-4.044157918542623520e-03,1.215882040560245514e-02,2.753189019858837128e-02,-4.879336059093475342e-02,3.201076388359069824e-02,3.327867947518825531e-03,-9.590055793523788452e-03,-1.326577767031267285e-04,8.364952169358730316e-03,3.211614862084388733e-02,-1.503056753426790237e-02,-1.113790087401866913e-02,-1.392402313649654388e-02,3.038058523088693619e-03,2.848035655915737152e-02,1.680400338955223560e-03,1.621615141630172729e-02,1.949626719579100609e-03,-1.503056753426790237e-02,-8.134421892464160919e-03,-1.209954172372817993e-02,1.620297878980636597e-02,1.672990433871746063e-02,5.012384615838527679e-03,2.924440056085586548e-02,-1.047924347221851349e-02,1.142112351953983307e-02,-1.070318743586540222e-02,-1.677518775977659971e-05,-2.979767322540283203e-02,2.280272915959358215e-02,9.833758696913719177e-03,1.048582978546619415e-02,-2.734746597707271576e-02,6.240781396627426147e-03,5.420752801001071930e-03,-2.165666408836841583e-02,-2.114291116595268250e-02,1.806039363145828247e-02,-2.143930643796920776e-03,1.211930066347122192e-02,-1.625567115843296051e-02,-2.700496464967727661e-03,2.392244711518287659e-02,-1.716461963951587677e-02,-7.535043638199567795e-03,-1.398988906294107437e-02,-1.240252424031496048e-02,2.555591799318790436e-02,-6.869799457490444183e-03,-2.805881667882204056e-03,-2.236142754554748535e-03,-7.666775025427341461e-03
-8.482452481985092163e-03,-2.418032474815845490e-02,-2.103941747918725014e-03,-4.041168466210365295e-02,-1.840532198548316956e-02,3.873119875788688660e-02,7.048705127090215683e-03,5.960057023912668228e-04,-1.832529902458190918e-02,-4.062508046627044678e-02,4.261231981217861176e-03,-6.665260531008243561e-03,-1.842199359089136124e-03,-8.975928649306297302e-03,-2.131282910704612732e-02,4.045440800837241113e-05,2.055260911583900452e-02,-5.598285701125860214e-03,-2.344677969813346863e-02,-5.581614095717668533e-03,-1.848534494638442993e-02,9.722811169922351837e-03,-2.824816852807998657e-02,-2.407362684607505798e-03,7.635541260242462158e-03,-3.997822757810354233e-03,5.564942490309476852e-03,-2.622091583907604218e-02,-1.559117529541254044e-02,4.644676577299833298e-03,-8.502458222210407257e-03,-2.467380091547966003e-02,-1.134994905441999435e-02,-1.536444295197725296e-02,-3.494343906641006470e-02,-2.283326908946037292e-02,-5.331541877239942551e-03,-8.822550997138023376e-03,3.088893182575702667e-02,-4.071177449077367783e-03,1.162836211733520031e-03,-2.157957293093204498e-02,1.661313697695732117e-03,-6.728612352162599564e-03,-1.725832372903823853e-02,9.549427777528762817e-03,-1.335052680224180222e-02,-1.168046073871664703e-04,-1.627137139439582825e-02,-2.980862045660614967e-03,2.612755447626113892e-02,-1.249694731086492538e-02,-6.805301178246736526e-03,6.391848437488079071e-03,-1.403739210218191147e-03,-1.142330281436443329e-02,-1.120324013754725456e-03,7.962302304804325104e-03,-2.007247135043144226e-02,-3.207594156265258789e-03,1.599129103124141693e-02,1.416409574449062347e-02,-2.620757743716239929e-02,7.642209995537996292e-03,-2.360682561993598938e-02,-2.377354074269533157e-03,-1.808523014187812805e-02,4.230556637048721313e-02,-3.931136801838874817e-03,-4.105187207460403442e-02,4.625337570905685425e-02,4.489298164844512939e-02,2.316669933497905731e-02,-1.412408426403999329e-02,9.952877881005406380e-04,-3.801099210977554321e-02,1.033632270991802216e-02,-9.202660992741584778e-03,-4.998112097382545471e-03,1.862205099314451218e-03,4.131194669753313065e-03,-6.515217479318380356e-03,-3.622380644083023071e-02,8.169028908014297485e-03,-1.308378297835588455e-02,4.104520194232463837e-03,-7.002024911344051361e-03,4.267900809645652771e-02,6.575234699994325638e-03,-9.456067346036434174e-03,3.918466344475746155e-02,2.660769410431385040e-02,1.839198544621467590e-02,2.528731152415275574e-02,-2.792807668447494507e-02,3.871952940244227648e-04,-1.503101270645856857e-02,2.987530641257762909e-02,1.309045217931270599e-02,6.501880008727312088e-03,9.349370375275611877e-03,4.477961454540491104e-03,-1.720497570931911469e-02,-1.298375427722930908e-02,-3.259609267115592957e-02,-2.358015254139900208e-02,-8.135685697197914124e-03,-1.716496422886848450e-02,1.446251524612307549e-03,-1.487096678465604782e-02,2.790140174329280853e-02,2.080601640045642853e-02,9.402719326317310333e-03,-1.923222839832305908e-02,3.091560676693916321e-02,-4.235891625285148621e-02,8.595818653702735901e-03,6.058418657630681992e-03,1.659146510064601898e-02,-2.723454125225543976e-02,-1.665814965963363647e-02,1.251695305109024048e-02,2.631427533924579620e-02,-2.228644490242004395e-02,4.504635930061340332e-03,-6.771958433091640472e-03,-2.314002439379692078e-02,-2.311334945261478424e-02,-1.258363854140043259e-02,-1.098317559808492661e-02,1.920555345714092255e-02,1.349056791514158249e-02,2.257986180484294891e-02,-2.489053178578615189e-03,2.354014106094837189e-02,8.542470633983612061e-03,-9.262678213417530060e-03,1.385734044015407562e-02,-1.105653028935194016e-02,-2.682108990848064423e-02,2.030587289482355118e-03,1.743170805275440216e-02,-1.354391686618328094e-02,-2.415698487311601639e-03,2.776802890002727509e-02,-5.424901843070983887e-03,-7.162070833146572113e-03,2.960856258869171143e-02,7.848936133086681366e-03,-2.159291133284568787e-02,3.803766518831253052e-02,1.890546642243862152e-03,2.768800593912601471e-02,-5.331541877239942551e-03,1.052304264158010483e-02,2.819482050836086273e-02,-1.505768764764070511e-02,1.078311819583177567e-02,-9.302689693868160248e-03,-1.179377522930735722e-05,-7.308780215680599213e-03,2.209972403943538666e-02,7.515506353229284286e-03,5.444908048957586288e-03,2.883500419557094574e-02,2.264654822647571564e-02,-8.102342486381530762e-03,3.307623043656349182e-02,7.427147938869893551e-04,-4.668016452342271805e-03,4.206549748778343201e-02,1.165003515779972076e-02,-1.925890147686004639e-02,1.098984479904174805e-02,1.454587327316403389e-03,4.177207872271537781e-02,7.428814657032489777e-03,2.119279466569423676e-02,-2.595417201519012451e-02,-4.314580932259559631e-03,-3.315625339746475220e-02,2.966191060841083527e-02,1.907218247652053833e-02,1.379065401852130890e-02,1.023629307746887207e-02,6.371842697262763977e-03,9.842846542596817017e-03,-4.274569451808929443e-03,-5.641631316393613815e-03,6.495211739093065262e-03,3.767756279557943344e-03,3.777759149670600891e-03,-2.005913294851779938e-02,9.052617824636399746e-04,-6.346368193626403809e-01,-1.675151102244853973e-02,-1.572454720735549927e-02,-8.695848286151885986e-03,-7.260433048941195011e-04,1.261698175221681595e-02,1.507102511823177338e-02,2.634095028042793274e-03,-2.531398646533489227e-02,-2.735791029408574104e-03,4.141197539865970612e-03,1.112321671098470688e-02,5.531599745154380798e-03,-2.816814556717872620e-02,6.275147665292024612e-03,-1.815191470086574554e-02,1.842199359089136124e-03,-1.064974628388881683e-02,-3.767756279557943344e-03,4.698025062680244446e-03,-1.289706304669380188e-02,2.372686192393302917e-02,3.491009585559368134e-03,-4.938094411045312881e-03,1.944562233984470367e-02,7.248762995004653931e-03,-2.235646359622478485e-03,-1.517772208899259567e-02,1.615133695304393768e-02,1.737835817039012909e-02,-3.430325165390968323e-02,2.870163321495056152e-02,-1.513771060854196548e-02,-4.007825627923011780e-03,3.809101507067680359e-02,8.429104462265968323e-03,-3.227600082755088806e-02,5.988398101180791855e-03,6.271813530474901199e-03,1.779181137681007385e-02,-9.489410556852817535e-03,-1.452086609788239002e-03,-2.093938877806067467e-03,-1.038967072963714600e-02,-3.237602766603231430e-03,3.160914033651351929e-02,1.369729451835155487e-02,1.770303642842918634e-04,2.129949256777763367e-02,2.952853776514530182e-02,1.195679046213626862e-02,-3.515599819365888834e-04,-6.488543003797531128e-03,1.059639733284711838e-02,3.246271982789039612e-02,1.695156842470169067e-02,1.825861260294914246e-02,-2.819482050836086273e-02,-2.430036105215549469e-02,2.832819148898124695e-02,4.083847627043724060e-02,2.574077621102333069e-02,-2.840821398422122002e-03,-1.713828928768634796e-02,-1.728833303786814213e-03,1.102318707853555679e-02,1.446251524612307549e-03,-6.808635313063859940e-03,2.411364018917083740e-02,-8.662505075335502625e-03,1.062307227402925491e-02,1.422077883034944534e-03,-1.185009349137544632e-02,-5.865029525011777878e-03,3.681064350530505180e-03,2.336675673723220825e-02,-3.594372654333710670e-03,-1.661813817918300629e-02,-1.021628733724355698e-02,-3.614378394559025764e-03,-1.313046365976333618e-02,-7.362128701061010361e-03,-4.057173058390617371e-02,-6.955344695597887039e-03,-6.360172410495579243e-04,-9.382713586091995239e-03,-3.358304500579833984e-02,-2.616756595671176910e-02,-8.569144643843173981e-03,-1.316380687057971954e-02,7.155402563512325287e-03,3.497011214494705200e-02,7.308780215680599213e-03,-3.574366914108395576e-03,-3.637718502432107925e-03,4.459623014554381371e-04,-7.222088519483804703e-03,1.651144213974475861e-02,1.030964776873588562e-02,8.082336746156215668e-03,4.017828498035669327e-03,-6.378510966897010803e-03,1.459088549017906189e-02,8.309069089591503143e-03,3.870452567934989929e-02,4.601330496370792389e-03,-2.159291133284568787e-02,1.114905753638595343e-04,1.299709174782037735e-02,-3.152911737561225891e-02,5.975061096251010895e-03,3.511015325784683228e-03,1.872541569173336029e-02,-1.176340132951736450e-02,-3.531688079237937927e-02,-2.319337427616119385e-02,1.341721322387456894e-02,-2.073932997882366180e-02,8.169028908014297485e-03,-2.427368611097335815e-02,1.189510687254369259e-03,1.431080512702465057e-02,6.121770013123750687e-03,-1.948563382029533386e-02,-9.029277600347995758e-03,1.955232024192810059e-02,-2.232645638287067413e-02,-2.894170209765434265e-02,-7.255431264638900757e-03,-1.123658288270235062e-02,1.277869567275047302e-03,7.148733828216791153e-03,1.591126807034015656e-02,-4.297909326851367950e-03,3.395648673176765442e-02,1.130993757396936417e-02,8.002313785254955292e-03,2.682442311197519302e-03,3.128904849290847778e-02,-1.289706304669380188e-02,-9.722811169922351837e-03,-2.031254023313522339e-02,1.719163730740547180e-02,-2.145953848958015442e-02,-4.394603893160820007e-03,-6.279148906469345093e-02,-6.671929266303777695e-03,-2.684776298701763153e-02,-1.919221691787242889e-02,4.007825627923011780e-03,1.143664028495550156e-02,-1.623135991394519806e-02,-3.427657857537269592e-02,-1.916554197669029236e-02,1.547114085406064987e-02,-1.515104807913303375e-02,-2.652767114341259003e-02,1.940561085939407349e-02,1.292373705655336380e-02,-2.977527678012847900e-03,1.005624141544103622e-02,1.869874075055122375e-02,-4.892081394791603088e-02,-7.348791696131229401e-03,-2.051259763538837433e-02,7.735570427030324936e-03,1.276202383451163769e-03,6.478540133684873581e-03,6.235136184841394424e-03,-2.322004735469818115e-02,2.326005883514881134e-02,1.441750209778547287e-02,-1.963901333510875702e-03,3.350302204489707947e-02,7.295442745089530945e-03,3.056883998215198517e-02,-2.782137878239154816e-02,-2.774135582149028778e-02,-9.776160120964050293e-03,1.136328559368848801e-02,1.669816114008426666e-02,3.355970373377203941e-03,-5.938383750617504120e-03,-2.482384443283081055e-03,2.689111046493053436e-03,-1.316380687057971954e-02,3.044213633984327316e-03,-5.548270884901285172e-03,-5.154823884367942810e-03,1.464423444122076035e-02,1.463756547309458256e-03,-3.507680958136916161e-03,1.433747913688421249e-02,7.642209995537996292e-03,1.930558239109814167e-03,1.722164684906601906e-03,2.432703413069248199e-02,1.475093234330415726e-02,6.915333215147256851e-03,2.982195653021335602e-02,-1.130993757396936417e-02,-6.415188312530517578e-03,2.526063844561576843e-02,-1.181008201092481613e-02,1.691155694425106049e-02,-3.907796740531921387e-02,6.608577445149421692e-03,-1.380399148911237717e-02,2.707449486479163170e-03,2.832819148898124695e-02,-2.198969246819615364e-03,-2.308667637407779694e-02,-2.203303761780261993e-02,-8.915911428630352020e-03,3.051549009978771210e-02,3.214262798428535461e-02,2.708783373236656189e-02,6.178453098982572556e-03,-4.204549361020326614e-03,-1.871207728981971741e-02,-4.084514454007148743e-03,-1.237691193819046021e-02,1.232356391847133636e-02,-1.709827780723571777e-02,7.882279343903064728e-03,2.370685571804642677e-03,2.041923813521862030e-02,1.711161434650421143e-02,1.063640927895903587e-03,-3.347634803503751755e-03,-1.295708026736974716e-02,-1.993909850716590881e-02,1.563118584454059601e-02,2.033921517431735992e-02,2.000578446313738823e-03,5.018117837607860565e-03,1.068308949470520020e-02,-3.126237168908119202e-02,1.956565864384174347e-02,-2.156623639166355133e-02,-4.097851458936929703e-03,2.888835407793521881e-02,-1.325049810111522675e-02,-1.144330948591232300e-02,-1.118990220129489899e-02,1.993909850716590881e-02,3.350302204489707947e-02,1.891213469207286835e-02,5.074800923466682434e-03,1.959233172237873077e-02,2.257319400086998940e-03,-2.660769503563642502e-03,-1.495098974555730820e-02,1.603130251169204712e-02,-2.005913294851779938e-02,-4.844067245721817017e-02,3.374309092760086060e-02,7.975639775395393372e-03,1.704492792487144470e-02,1.859204284846782684e-02,-3.360971808433532715e-03,-1.415075827389955521e-02,-2.670772373676300049e-03,2.909174654632806778e-03,3.390313684940338135e-02,4.961434751749038696e-03,-7.010360714048147202e-04,-1.336386427283287048e-02,-1.425745617598295212e-02,-3.112900070846080780e-02,2.105817256961017847e-04,-8.302400819957256317e-03,-1.456421148031949997e-02,3.454332239925861359e-03,4.791385494172573090e-03,-6.288485135883092880e-03,-2.628760226070880890e-02,1.873875153250992298e-03,5.113478749990463257e-02,2.355347760021686554e-02,-3.450997872278094292e-03,-4.297242686152458191e-02,3.689066693186759949e-02,3.227600082755088806e-02,1.092982757836580276e-02,-2.522062696516513824e-02,-6.513883918523788452e-02,-3.487675217911601067e-03,-4.259898513555526733e-02,-4.094517324119806290e-03,-1.583124510943889618e-02,2.410030178725719452e-02,6.361839827150106430e-03,-1.621302217245101929e-03,-6.205127574503421783e-03,-2.110610250383615494e-03,2.591416053473949432e-02,-1.495098974555730820e-02,3.118235059082508087e-02,-2.402027882635593414e-02,-1.745504792779684067e-03,-1.724498718976974487e-02,-1.880543865263462067e-02,8.395761251449584961e-03,3.643720224499702454e-02,1.114322245121002197e-02,3.461000742390751839e-03,5.318204406648874283e-03,-1.707160286605358124e-02,-3.794430522248148918e-03,-2.181964367628097534e-02,3.389313351362943649e-03,5.991732701659202576e-03,-7.848936133086681366e-03,-2.704782225191593170e-02,-2.291329205036163330e-02,8.202372118830680847e-03,-1.383733469992876053e-03,1.265032496303319931e-02,-8.149023167788982391e-03,9.822840802371501923e-03,-2.824816852807998657e-02,-1.286371983587741852e-02,7.902285084128379822e-03,8.669173717498779297e-02,1.821860112249851227e-02,1.021962147206068039e-03,8.895905688405036926e-03,2.864828333258628845e-02,2.687443792819976807e-02,-7.122059352695941925e-03,-1.713828928768634796e-02,-6.656091427430510521e-04,-1.427079364657402039e-02,2.368684858083724976e-02,1.452419999986886978e-02,4.772046580910682678e-02,-3.527686698362231255e-03,4.129194095730781555e-02,1.749839261174201965e-02,-3.163581341505050659e-02,-2.883500419557094574e-02,8.815882727503776550e-03,7.995645515620708466e-03,-6.706105777993798256e-04,5.541602615267038345e-03,2.103274874389171600e-02,1.445751357823610306e-02,8.629161864519119263e-03,9.662793949246406555e-03,2.264654822647571564e-02,2.857493003830313683e-03,-1.537944772280752659e-03,-3.465002030134201050e-02,2.314002485945820808e-03,9.786162991076707840e-04,1.071143080480396748e-03,1.225687749683856964e-02,7.235425524413585663e-03,-2.273991005495190620e-03,7.775581907480955124e-03,2.784805186092853546e-02,1.553782634437084198e-02,-7.782250177115201950e-03,9.902863763272762299e-03,1.353724766522645950e-02,1.151666324585676193e-02,-1.629804633557796478e-02,-2.617423422634601593e-03,-4.517972993198782206e-04,8.008982986211776733e-03,1.884545013308525085e-02,-7.042036391794681549e-03,-3.206260502338409424e-02,1.149665750563144684e-02,-2.747461199760437012e-02,-1.849868334829807281e-02,-2.368684858083724976e-02,4.878077190369367599e-03,-1.239024940878152847e-02,1.192344818264245987e-02,5.478250794112682343e-03,-3.256941959261894226e-02,4.772213287651538849e-04,-1.777847483754158020e-02,1.161169144324958324e-03,1.693823188543319702e-02,6.975350435823202133e-03,-4.711362533271312714e-03,-8.282395079731941223e-03,-1.388401445001363754e-02,-1.904717501020058990e-04,-2.379354648292064667e-02,-1.131660584360361099e-02,-1.362393982708454132e-02,-1.211016811430454254e-02,-1.389735192060470581e-02,-3.944473806768655777e-03,2.474048733711242676e-02,1.391068939119577408e-02,4.921423271298408508e-03,6.218464695848524570e-04,1.891213469207286835e-02,2.379021374508738518e-03,1.427079364657402039e-02,-4.139863699674606323e-02,-2.329006791114807129e-03,-3.603708744049072266e-02,-2.200636314228177071e-03,-1.118990220129489899e-02,-1.508436165750026703e-02,-1.640474423766136169e-02,-1.592460460960865021e-02,1.660480163991451263e-02,-6.135107483714818954e-03,4.024497233331203461e-03,2.766133286058902740e-02,1.110321097075939178e-02,-5.674974527209997177e-03,1.328384131193161011e-02,3.392980992794036865e-02,-7.842267863452434540e-03,3.534355433657765388e-03,-5.821683444082736969e-03,-3.195924218744039536e-03,-1.085647288709878922e-02,1.587125658988952637e-02,1.776513643562793732e-02,3.651722520589828491e-02,-1.679652370512485504e-03,-3.694401681423187256e-02,5.998401436954736710e-03,-5.668305791914463043e-03,1.516438461840152740e-02,2.273990958929061890e-02,-2.021918073296546936e-02,9.244339889846742153e-04,-1.221019774675369263e-02,-1.435081660747528076e-02,9.616114199161529541e-03,-4.561319015920162201e-03,2.526063844561576843e-02,3.475671634078025818e-02,-5.688311532139778137e-03,-2.033921517431735992e-02,-1.249694731086492538e-02,3.601041436195373535e-02,2.475715940818190575e-03,-1.863205432891845703e-02,-2.225976996123790741e-02,-8.969260379672050476e-03,-2.606086991727352142e-02,-1.314380113035440445e-02,1.042301394045352936e-02,-2.569076139479875565e-03,1.900549605488777161e-02,-4.077845718711614609e-03,-1.823193952441215515e-02,-7.755576167255640030e-03,-1.684487052261829376e-02,-5.908375140279531479e-03,-2.605753485113382339e-03,-3.531688079237937927e-02,7.522175088524818420e-03,-2.252651378512382507e-02,6.922001484781503677e-03,-3.787761926651000977e-02,-2.955521270632743835e-02,-1.941894926130771637e-02,-4.545314237475395203e-02,-1.897882111370563507e-02,7.155402563512325287e-03,-1.340387621894478798e-03,3.969147801399230957e-02,-2.590082213282585144e-02,1.397070707753300667e-03,-2.243315428495407104e-02,1.266366150230169296e-02,2.374019846320152283e-02,-2.843488939106464386e-02,-3.126237168908119202e-02,-1.407073531299829483e-02,1.249027810990810394e-02,7.815592922270298004e-03,2.736791409552097321e-02,1.639140583574771881e-02,2.838153950870037079e-02,3.170916810631752014e-03,-2.447374351322650909e-02,-8.315738290548324585e-03,-3.954476676881313324e-03,-1.038300246000289917e-02,-3.537022694945335388e-02,2.144620195031166077e-02,2.614089287817478180e-02,-2.472715079784393311e-02,-8.475784212350845337e-03,-2.923512086272239685e-02,-9.544426575303077698e-04,7.662215735763311386e-03,1.364394556730985641e-02,-1.521773356944322586e-02,-1.876542717218399048e-02,-3.825106099247932434e-02,-4.431281238794326782e-03,-2.257986180484294891e-02,-6.115101743489503860e-03,1.008958462625741959e-02,-1.435081660747528076e-02,-2.679441496729850769e-02,3.505013510584831238e-02,-3.312624525278806686e-03,-4.177874885499477386e-03,2.857076178770512342e-04,2.223309502005577087e-02,-2.001912146806716919e-02,5.521596875041723251e-03,-1.855203136801719666e-02,1.678818836808204651e-03,9.762822650372982025e-03,-1.623802934773266315e-03,8.589150384068489075e-03,-1.587125658988952637e-02,-2.482384443283081055e-03,1.832529902458190918e-02,1.691155694425106049e-02,-1.988575048744678497e-02,-2.231895341537892818e-04,-8.562476374208927155e-03,2.256652526557445526e-02,-1.311045791953802109e-02,-1.391068939119577408e-02,-7.395471911877393723e-03,-1.627554011065512896e-04,-1.275702193379402161e-02,2.290662378072738647e-03,-2.311334945261478424e-02,-3.731745854020118713e-02,7.995645515620708466e-03,1.303043495863676071e-02,-1.985907554626464844e-02,6.185121834278106689e-03,-3.737080469727516174e-02,-2.567409165203571320e-02,8.395761251449584961e-03,-3.126237168908119202e-02,-7.708895951509475708e-03,-2.614089287817478180e-02,5.278192926198244095e-03,7.202082779258489609e-03,-2.253985032439231873e-02,-4.017828498035669327e-03,1.622135750949382782e-03,1.860537938773632050e-02,-1.440416555851697922e-02,1.089648436754941940e-02,3.638385608792304993e-02,-4.105187207460403442e-02,2.487386018037796021e-02,4.211217630654573441e-03,-2.602085843682289124e-02,-4.387935623526573181e-03,-2.883500419557094574e-02,3.062218800187110901e-02,6.125104613602161407e-03,6.955344695597887039e-03,7.072878652252256870e-04,-1.267699897289276123e-02,8.562476374208927155e-03,7.142065092921257019e-03,-1.907218247652053833e-02,6.358505226671695709e-03,-2.538067288696765900e-02,-2.256652526557445526e-02,-3.524352563545107841e-03,5.104809533804655075e-03,-5.011449102312326431e-03,2.575411461293697357e-02,5.724988877773284912e-03,-2.666104212403297424e-02,-2.217307919636368752e-03,1.268366724252700806e-02,-9.662793949246406555e-03,1.105653028935194016e-02,-2.171294577419757843e-02,-7.715564221143722534e-03,2.069931849837303162e-02,3.771090414375066757e-03,-1.664481312036514282e-02,-6.018407177180051804e-03,-7.335454691201448441e-03,-1.419160398654639721e-04,-2.041923813521862030e-02,3.043546713888645172e-02,-3.424990549683570862e-02,-1.219686027616262436e-02,-1.693823188543319702e-02,1.244359835982322693e-02,5.578279495239257812e-03,-3.784427535720169544e-04,-1.120323967188596725e-02,-9.796165861189365387e-03,-1.487096678465604782e-02,-1.331718452274799347e-02,2.053927164524793625e-03,1.095650158822536469e-02,1.796519570052623749e-02,5.188167095184326172e-03,-1.472425740212202072e-02,-7.788918912410736084e-03,4.447952844202518463e-03,-1.750506227836012840e-03,3.272946551442146301e-02,2.335342019796371460e-02,-2.304666489362716675e-02,-1.290373154915869236e-03,-3.887790953740477562e-03,3.467669337987899780e-02,8.262389339506626129e-03,-8.115679956972599030e-03,5.521596875041723251e-03,3.120902553200721741e-02,-2.005913294851779938e-02,1.887212321162223816e-02,-2.492720820009708405e-02,-2.172628231346607208e-02,-1.703159138560295105e-02,8.315738290548324585e-03,1.891213469207286835e-02,-1.455087400972843170e-02,9.656125679612159729e-03,-2.253985032439231873e-02,-3.022207319736480713e-02,1.241192221641540527e-03,-2.800809964537620544e-02,1.996577344834804535e-02,1.425745617598295212e-02,-4.745372384786605835e-02,8.349080570042133331e-03,3.501012455672025681e-03,2.217974700033664703e-02,-1.721831224858760834e-02,-2.422033622860908508e-02,3.651722520589828491e-02,1.801854372024536133e-02,1.091649010777473450e-02,3.302288427948951721e-02,-1.435081660747528076e-02,1.980572752654552460e-02,2.610088139772415161e-02,1.724498718976974487e-02,2.334008179605007172e-02,-7.148733828216791153e-03,-1.520439703017473221e-02,-2.347345463931560516e-03,8.255721069872379303e-03,-2.052593603730201721e-02,-7.635541260242462158e-03,4.224555101245641708e-03,7.068710867315530777e-03,9.676131419837474823e-03,9.476073086261749268e-03,-3.634384367614984512e-03,-1.361727062612771988e-02,-4.207883495837450027e-03,1.953898370265960693e-02,-4.414610099047422409e-03,8.835888584144413471e-04,-1.149665750563144684e-02,1.616467349231243134e-02,-1.680485904216766357e-02,-7.755576167255640030e-03,-1.273034792393445969e-02,-1.283704582601785660e-02,-3.977150097489356995e-02,4.483963176608085632e-02,9.242672473192214966e-03,-1.597795449197292328e-02,-4.981440491974353790e-03,8.882568217813968658e-03,-5.401561781764030457e-02,-1.919221691787242889e-02,-1.048636506311595440e-03,2.044591307640075684e-02,2.326005883514881134e-02,-5.191501230001449585e-03,3.502346202731132507e-02,2.322004735469818115e-02,1.843199692666530609e-02,1.311712618917226791e-02,-3.806434199213981628e-02,-9.669463150203227997e-03,-1.485762931406497955e-02,-1.058972906321287155e-02,-9.909532032907009125e-03,-1.362060545943677425e-03,-4.187877476215362549e-02,-2.000578492879867554e-02,2.340676821768283844e-02,7.202082779258489609e-03,-1.348389871418476105e-02,3.462334349751472473e-02,9.129306301474571228e-03,-8.969260379672050476e-03,-8.002313785254955292e-03,3.711073193699121475e-03,4.091849923133850098e-02,1.287038787268102169e-03,1.144997775554656982e-02,-3.392980992794036865e-02,-8.329074829816818237e-03,1.719163730740547180e-02,2.800809964537620544e-02,-1.808523014187812805e-02,-2.504057483747601509e-03,-1.333719026297330856e-02,-1.481761783361434937e-02,-6.411854177713394165e-03,-1.291706878691911697e-02,-4.254563711583614349e-03,2.880833111703395844e-03,5.074800923466682434e-03,5.793675407767295837e-02,4.651344846934080124e-03,-2.287328056991100311e-02,1.016293838620185852e-02,-8.302400819957256317e-03,-3.537689568474888802e-03,-1.413742173463106155e-02,3.200925514101982117e-02,-1.503101270645856857e-02,-1.467924448661506176e-03,5.568276625126600266e-03,-1.724498718976974487e-02,-1.205015089362859726e-02,-1.437749061733484268e-02,7.588861044496297836e-03,-2.418032474815845490e-02,9.786162991076707840e-04,-1.636473275721073151e-02,6.145110353827476501e-03,-2.584747411310672760e-02,2.556739374995231628e-02,3.238269686698913574e-02,-1.941894926130771637e-02,7.835598662495613098e-03,8.035657228901982307e-04,3.571032546460628510e-03,-3.292618785053491592e-03,-2.378020994365215302e-02,-1.163002941757440567e-02,1.557783782482147217e-02,6.915333215147256851e-03,-1.775179989635944366e-02,-8.362418040633201599e-03,-4.833397641777992249e-02,-7.682221475988626480e-03,-1.635139435529708862e-02,-1.879210025072097778e-02,1.427079364657402039e-02,1.715696156024932861e-01,-9.616114199161529541e-03,-3.657724242657423019e-03,3.123569861054420471e-02,1.969902962446212769e-02,-1.524607534520328045e-03,9.382713586091995239e-03,1.997910998761653900e-02,-9.229335933923721313e-03,1.980572752654552460e-02,-4.888080060482025146e-03,-7.795587647706270218e-03,-5.101475398987531662e-03,1.010292116552591324e-02,1.920555345714092255e-02,-3.937805537134408951e-03,-1.595127955079078674e-02,-2.157957293093204498e-02,-5.091472063213586807e-03,-3.963812813162803650e-02,1.007624715566635132e-02,1.213684305548667908e-02,5.338210146874189377e-03,-8.075668476521968842e-03,3.593039140105247498e-02,7.335454691201448441e-03,-1.825861260294914246e-02,2.081935293972492218e-02,4.670684039592742920e-02,3.587704151868820190e-03,-3.367640543729066849e-03,-2.550737699493765831e-03,-2.417365787550806999e-03,-2.556739374995231628e-02,-3.627715632319450378e-03,-1.264532329514622688e-03,-1.136161852627992630e-03,3.260942874476313591e-03,-3.374309046193957329e-03,-8.962592110037803650e-03,1.228355243802070618e-02,6.568565964698791504e-03,1.783182285726070404e-02,5.118146538734436035e-03,-9.862852282822132111e-03,2.280659414827823639e-02,-1.159668713808059692e-02,9.049283340573310852e-03,-1.917887851595878601e-02,-2.619507431518286467e-04,-1.545780338346958160e-02,-1.464590197429060936e-03,4.163870587944984436e-02,1.785849779844284058e-02,-1.065641455352306366e-02,-4.868074320256710052e-04,1.469758339226245880e-02,1.793852075934410095e-02,-1.391068939119577408e-02,-2.557406201958656311e-03,9.869520552456378937e-03,2.590082213282585144e-02,-1.669232733547687531e-04,1.138329133391380310e-02,-1.848534494638442993e-02,2.979528158903121948e-02,-3.694401681423187256e-02,2.930013870354741812e-04,1.211683731526136398e-02,-2.005913294851779938e-02,-1.352391112595796585e-02,-1.094316411763429642e-02,2.710117027163505554e-02,2.660769410431385040e-02,-1.965568400919437408e-03,1.122991368174552917e-02,3.022207319736480713e-02,8.582482114434242249e-03,3.039212198927998543e-03,4.157869145274162292e-03,2.577411942183971405e-03,-1.030297949910163879e-02,1.244526589289307594e-03,1.182341855019330978e-02,5.434904713183641434e-03,-2.169960737228393555e-02,3.561029583215713501e-02,8.389092050492763519e-03,-2.463378943502902985e-02,1.096316985785961151e-02,2.792807668447494507e-02,-2.304666489362716675e-02,-7.022864301688969135e-04,-4.487964324653148651e-03,1.769845187664031982e-02,1.952564530074596405e-02,4.007825627923011780e-03,2.335342019796371460e-02,-2.698113583028316498e-02,-3.887790953740477562e-03,-1.020961906760931015e-02,1.721831224858760834e-02,-4.931426141411066055e-03,-1.062307227402925491e-02,3.796931414399296045e-04,1.392402593046426773e-02,3.192923218011856079e-02,3.342299908399581909e-02,-5.893370835110545158e-04,-3.355636820197105408e-02,-2.944851480424404144e-02,-5.257520452141761780e-02,-6.041747052222490311e-03,-1.920555368997156620e-03,3.139574453234672546e-02,-5.054795183241367340e-03,2.840821444988250732e-02,-6.901995744556188583e-03,2.043257467448711395e-02,6.505214609205722809e-03,1.756507903337478638e-02,-3.079223679378628731e-03,6.241804920136928558e-03,-4.824728704988956451e-03,4.634673707187175751e-03,-8.349080570042133331e-03,3.020873526111245155e-03,2.443373203277587891e-02,1.863872283138334751e-03,-3.798431530594825745e-02,2.128615602850914001e-02,-1.764510199427604675e-02,3.257608739659190178e-03,-9.794498328119516373e-04,-1.451086252927780151e-02,1.160335540771484375e-02,5.324873141944408417e-03,-3.398315981030464172e-02,2.706115879118442535e-02,1.592460460960865021e-02,5.782922380603849888e-05,2.402027882635593414e-02,1.973904110491275787e-02,2.725788159295916557e-03,-1.640474423766136169e-02,1.517772208899259567e-02,7.248762995004653931e-03,2.386106643825769424e-04,5.054795183241367340e-03,9.994556894525885582e-04,-2.251317724585533142e-02,-1.507102511823177338e-02,1.505768764764070511e-02,-2.859493531286716461e-02,3.155579045414924622e-02,-1.185676176100969315e-02,-1.384400296956300735e-02,-1.803188025951385498e-02,1.480428129434585571e-02,-5.491587799042463303e-03,-5.001446232199668884e-02,2.448708005249500275e-02,1.603130251169204712e-02,2.502390183508396149e-03,5.048126447945833206e-03,-7.295442745089530945e-03,-1.683686822652816772e-01,2.439372055232524872e-02,2.084602788090705872e-02,-5.654968786984682083e-03,6.358505226671695709e-03,-4.704693797975778580e-03,3.678397089242935181e-02,8.349080570042133331e-03,-2.651433460414409637e-02,5.354881752282381058e-03,1.800520718097686768e-02,-1.900549605488777161e-02,-4.905418306589126587e-02,8.895905688405036926e-03,-1.577789522707462311e-02,2.016583085060119629e-02,-2.432703413069248199e-02,5.334876012057065964e-03,1.672150217927992344e-03,1.608465053141117096e-02,2.156623639166355133e-02,1.415409264154732227e-03,-1.326383557170629501e-02,-9.149312041699886322e-03,-6.381845567375421524e-03,1.857870630919933319e-02,-4.584658890962600708e-03,2.267322316765785217e-02,1.658812980167567730e-03,-2.918177098035812378e-02,-1.901883259415626526e-02,1.647142879664897919e-02,4.051838442683219910e-02,-4.758042749017477036e-03,2.307333797216415405e-02,2.854158729314804077e-02,-1.252362132072448730e-02,-2.379021374508738518e-03,-4.643009160645306110e-04,1.393736340105533600e-02,2.569076139479875565e-03,7.722232956439256668e-03,1.615133695304393768e-02,1.915553933940827847e-03,1.405739784240722656e-02,4.035833850502967834e-02,1.181008201092481613e-02,-3.937805537134408951e-03,4.521307349205017090e-02,5.584948230534791946e-03,-3.771923948079347610e-04,-2.507391758263111115e-02,1.875208877027034760e-02,1.535110548138618469e-02,2.207304909825325012e-02,1.050970610231161118e-02,-1.645809225738048553e-02,1.760509097948670387e-03,-1.149665750563144684e-02,-1.319714915007352829e-02,-8.577480330131947994e-04,-2.739458903670310974e-02,1.805855520069599152e-02,-1.515021431259810925e-04,-5.284861661493778229e-03,-1.053638011217117310e-02,9.409387595951557159e-03,1.995577011257410049e-03,-3.323627635836601257e-02,1.772512495517730713e-02,-1.845867186784744263e-02,-2.955521270632743835e-02,1.341721322387456894e-02,-1.875208877027034760e-02,1.059639733284711838e-02,3.566364571452140808e-02,-2.554071880877017975e-02,9.656125679612159729e-03,-1.018961332738399506e-02,5.080635892227292061e-04,-2.632761374115943909e-02,3.280948847532272339e-02,1.852202229201793671e-03,-7.988977245986461639e-03,-8.322406560182571411e-03,9.616114199161529541e-03,-1.779181137681007385e-02,-1.661813817918300629e-02,2.235313132405281067e-02,-5.481584928929805756e-03,1.629804633557796478e-02,-1.303043495863676071e-02,-5.928380880504846573e-03,-1.329717878252267838e-02,3.467669337987899780e-02,2.180630527436733246e-02,-2.133950358256697655e-03,1.441750209778547287e-02,-1.255029533058404922e-02,-7.802256383001804352e-03,6.101764272898435593e-03,-1.346389297395944595e-02,-2.816814556717872620e-02,-4.476294270716607571e-04,1.601796597242355347e-02,-3.741081804037094116e-03,1.125658862292766571e-02,5.841689184308052063e-03,2.081935293972492218e-02,-9.742816910147666931e-03,-2.419366315007209778e-02,-7.428814657032489777e-03,-4.007825627923011780e-03,7.097885827533900738e-04,-1.074310671538114548e-02,7.522175088524818420e-03,-2.423617552267387509e-04,-1.369729451835155487e-02,2.763465791940689087e-02,-9.829509072005748749e-03,5.841689184308052063e-02,1.067808829247951508e-03,1.310795632889494300e-04,1.257697027176618576e-02,-3.104897774755954742e-02,-9.669463150203227997e-03,-1.228088438510894775e-01,-1.753840409219264984e-02,1.537778042256832123e-02,2.682108990848064423e-02,1.070976350456476212e-02,2.827484346926212311e-02,-1.144330948591232300e-02,1.098317559808492661e-02,-1.645809225738048553e-02,1.163669861853122711e-02,1.041634567081928253e-02,-1.907218247652053833e-02,-1.096150299417786300e-04,-2.357348334044218063e-03,-5.885034915991127491e-04,9.336032904684543610e-03,7.722232956439256668e-03,-1.054304838180541992e-02,2.125614555552601814e-03,1.008958462625741959e-02,-2.508725412189960480e-02,1.920555345714092255e-02,1.417076447978615761e-03,-1.108987350016832352e-02,-4.597162769641727209e-04,1.833863556385040283e-02,-1.932558789849281311e-02,3.054216504096984863e-02,2.113944664597511292e-02,-7.755576167255640030e-03,2.487385878339409828e-03,2.285660943016409874e-03,-2.173962071537971497e-03,1.910969294840469956e-04,-1.384567003697156906e-03,-1.777847483754158020e-02,-1.595127955079078674e-02,-2.439372055232524872e-02,1.058305986225605011e-02,-1.249027810990810394e-02,-5.338210146874189377e-03,2.419032854959368706e-03,-2.359015401452779770e-03,-1.646309392526745796e-03,-6.241804920136928558e-03,-1.511103659868240356e-02,7.608866784721612930e-03,2.051259763538837433e-02,2.446040697395801544e-02,-8.729190565645694733e-03,-2.403361722826957703e-02,-3.075556084513664246e-02,-1.784515939652919769e-02,-3.062218800187110901e-02,5.564942490309476852e-03,-4.774713888764381409e-03,1.171672157943248749e-02,2.607420552521944046e-03,-1.880543865263462067e-02,3.091560676693916321e-02,-1.736502163112163544e-02,-3.597707021981477737e-03,8.349080570042133331e-03,2.966191060841083527e-02,1.242359261959791183e-02,-2.982195653021335602e-02,-1.999244838953018188e-02,-1.444417703896760941e-02,1.540445443242788315e-02,-3.521018102765083313e-02,2.517394721508026123e-03,-1.657812669873237610e-02,-4.507970064878463745e-03,3.024874627590179443e-02,-4.395937919616699219e-02,-1.185009349137544632e-02,-1.628470979630947113e-02,-2.330007031559944153e-02,1.211016811430454254e-02,-2.926179394125938416e-02,-1.848534494638442993e-02,-3.731078933924436569e-03,1.924556493759155273e-02,-1.708494126796722412e-02,3.473004326224327087e-02,-1.058305986225605011e-02,3.078223392367362976e-02,2.927513094618916512e-03,-1.249027810990810394e-02,1.683153398334980011e-02,6.171784829348325729e-03,3.891792148351669312e-02,1.844533346593379974e-02,-3.014205023646354675e-02,-1.317047514021396637e-02,1.493765320628881454e-02,8.682510815560817719e-03,-3.056883998215198517e-02,7.842267863452434540e-03,9.509416297078132629e-03,-3.142242133617401123e-02,-3.328962624073028564e-02,-3.251606971025466919e-02,3.067553788423538208e-02,-2.891502715647220612e-02,-5.061463452875614166e-03,2.896837703883647919e-02,-1.433747913688421249e-02,-8.262389339506626129e-03,-1.985907554626464844e-02,6.105932407081127167e-04,-1.453753747045993805e-02,-1.079645566642284393e-02,2.172628231346607208e-02,5.631628446280956268e-03,-4.614667966961860657e-03,-1.273034792393445969e-02,6.265144795179367065e-03,1.408407278358936310e-02,1.549781486392021179e-02,-1.400404982268810272e-02,1.175673305988311768e-02,-1.399571425281465054e-03,2.455710200592875481e-03,-2.399027114734053612e-03,1.851201988756656647e-02,-1.696490496397018433e-02,1.258697360754013062e-03,-1.289706304669380188e-02,3.411653265357017517e-02,1.392402593046426773e-02,-1.211683731526136398e-02,-1.560451276600360870e-02,-1.072976924479007721e-02,-5.331541877239942551e-03,5.765000358223915100e-03,1.429746765643358231e-02,-1.736502163112163544e-02,-9.849514812231063843e-03,2.311334945261478424e-02,2.902172505855560303e-02,3.761087730526924133e-02,1.234356965869665146e-02,-2.256652526557445526e-02,-7.928959093987941742e-03,7.115391083061695099e-03,1.597795449197292328e-02,-2.219308353960514069e-02,-2.310668118298053741e-03,2.899505198001861572e-02,1.567119732499122620e-02,-3.339632228016853333e-02,3.851780295372009277e-02,3.363639488816261292e-02,-2.297330880537629128e-03,-2.443373203277587891e-02,-2.719452977180480957e-02,-2.648765966296195984e-02,1.026963628828525543e-02,3.310957457870244980e-03,9.242672473192214966e-03,-3.115567564964294434e-02,2.798142470419406891e-02,1.345055643469095230e-02,-1.375064253807067871e-02,-4.234557971358299255e-03,1.728499867022037506e-02,2.344011096283793449e-03,-8.909243158996105194e-03,8.295732550323009491e-03,1.707160286605358124e-02,1.790517708286643028e-03,5.284861545078456402e-04,7.022030651569366455e-03,6.801967043429613113e-03,7.788918912410736084e-03,4.414610099047422409e-03,8.689179085195064545e-03,-7.655547000467777252e-03,-4.474627319723367691e-03,-2.455376647412776947e-02,1.620468497276306152e-02,-8.815882727503776550e-03,-4.177874885499477386e-03,6.085093133151531219e-03,2.279325760900974274e-02,3.099562972784042358e-02,1.416409574449062347e-02,4.253313236404210329e-04,-1.983240060508251190e-02,2.910841722041368484e-03,1.179007627069950104e-02,-8.027321309782564640e-04,2.382022142410278320e-02,-5.751663353294134140e-03,-1.140996627509593964e-02,-5.284861545078456402e-04,-5.741660483181476593e-03,-1.777847483754158020e-02,1.752506755292415619e-02,-8.235714631155133247e-04,1.804521866142749786e-02,-1.588792772963643074e-03,-8.182366378605365753e-03,-1.961900666356086731e-02,-2.148621343076229095e-02,-1.156334392726421356e-02,6.291819270700216293e-03,-3.030209615826606750e-02,-2.287328056991100311e-02,-1.700491644442081451e-02,8.048994466662406921e-03,-7.281271973624825478e-04,-5.881700664758682251e-03,-4.284572321921586990e-03,-1.912553049623966217e-02,-3.379310481250286102e-03,2.060595899820327759e-02,-1.326383557170629501e-02,-3.345967503264546394e-03,4.037834238260984421e-03,3.024874627590179443e-02,-1.137662306427955627e-02,3.245938569307327271e-03,1.525774504989385605e-02,7.455489132553339005e-03,3.219264326617121696e-03,6.288485135883092880e-03,-5.508259404450654984e-03,-4.457288980484008789e-02,-2.269989810883998871e-02,-6.285151001065969467e-03,2.495388314127922058e-02,1.161169144324958324e-03,-2.694112434983253479e-02,-3.607709892094135284e-03,-2.902172505855560303e-02,-2.123947488144040108e-03,8.794209570623934269e-04,3.419655561447143555e-02,-4.283905401825904846e-02,2.792807668447494507e-02,1.643141731619834900e-02,-2.077934145927429199e-02,-1.533776894211769104e-02,8.822550997138023376e-03,2.418032474815845490e-02,-8.042325265705585480e-03,-1.799186877906322479e-02,-2.530731726437807083e-03,5.168161005713045597e-04,2.636762522161006927e-02,3.467669477686285973e-03,1.483095530420541763e-02,-5.241515580564737320e-03,-2.971525862812995911e-02,1.523107104003429413e-02,-2.346011810004711151e-02,2.252651378512382507e-02,1.021628733724355698e-02,-4.671350587159395218e-03,2.648765966296195984e-02,-8.549138903617858887e-03,1.231689471751451492e-02,7.802256150171160698e-04,-1.925890147686004639e-02,-1.881877519190311432e-02,1.949897222220897675e-02,4.027831368148326874e-03,1.284371409565210342e-02,-2.854158729314804077e-02,1.411074679344892502e-02,1.009625289589166641e-02,-2.161958441138267517e-02,-1.831196248531341553e-02,2.201970107853412628e-02,-4.893081495538353920e-04,9.215998463332653046e-03,-1.848534494638442993e-02,-9.369376115500926971e-03,1.064974628388881683e-02,-1.572454720735549927e-02,1.617134315893054008e-03,-1.159668713808059692e-02,-1.087647862732410431e-02,3.929136320948600769e-02,-1.544446591287851334e-02,3.604375524446368217e-03,-7.302111480385065079e-03,-1.165670435875654221e-02
-1.140818186104297638e-02,-2.941791526973247528e-02,1.961306435987353325e-03,-3.275230526924133301e-02,-1.684673130512237549e-02,3.662449866533279419e-02,4.561255685985088348e-03,1.053424924612045288e-02,-1.768032833933830261e-02,-2.494069188833236694e-02,9.216628037393093109e-03,2.362979343160986900e-03,1.738453656435012817e-02,-2.230544947087764740e-02,-4.631842952221632004e-03,8.146900217980146408e-04,2.828852646052837372e-02,-8.235134184360504150e-03,1.862148637883365154e-03,-6.497352849692106247e-03,-8.914112113416194916e-03,2.853053808212280273e-02,-3.519931435585021973e-02,-9.969553910195827484e-03,1.060147490352392197e-02,-5.062926793470978737e-04,1.684000832028687000e-03,-1.535432320088148117e-02,1.431904966011643410e-03,-2.469868026673793793e-02,-7.011628244072198868e-03,-1.882316311821341515e-03,-1.308209914714097977e-02,-1.143507193773984909e-02,-2.453733794391155243e-02,-1.343839429318904877e-02,-1.337789092212915421e-02,-2.810029312968254089e-03,1.325688511133193970e-02,6.053663790225982666e-03,7.939341478049755096e-03,-8.739326149225234985e-04,7.293975912034511566e-03,1.610893057659268379e-03,-2.016767486929893494e-02,6.799867842346429825e-03,-1.868871226906776428e-02,9.062008932232856750e-03,-2.421465516090393066e-02,9.411581791937351227e-03,3.796901181340217590e-02,-1.448039058595895767e-02,-5.683923140168190002e-03,-1.922651659697294235e-03,7.804890163242816925e-03,-8.705712854862213135e-03,-1.136784628033638000e-02,-8.577984757721424103e-03,-1.478962833061814308e-03,-1.599968969821929932e-02,-7.589768618345260620e-03,1.148885209113359451e-02,-2.850364707410335541e-02,1.255101617425680161e-02,-1.945508457720279694e-02,5.125951021909713745e-03,7.526114495703950524e-05,2.633898332715034485e-02,6.726760184392333031e-04,-3.915217891335487366e-02,4.176053404808044434e-02,2.995572052896022797e-02,7.354478817433118820e-03,-1.981810294091701508e-02,-2.005003159865736961e-03,-2.777761220932006836e-02,1.325016282498836517e-02,-1.581481890752911568e-03,-1.284008659422397614e-02,-1.062164269387722015e-02,1.031240448355674744e-02,-1.824502274394035339e-02,-3.864126652479171753e-02,9.270408190786838531e-03,-7.344395271502435207e-04,3.241953905671834946e-03,-1.624170131981372833e-02,2.321971766650676727e-02,1.878282800316810608e-02,7.065408863127231598e-03,3.374724462628364563e-02,2.448355779051780701e-02,1.160985883325338364e-02,3.573711961507797241e-02,-2.522303909063339233e-02,-2.566336654126644135e-03,-1.199976727366447449e-02,8.080515079200267792e-03,8.564539253711700439e-03,-4.813351668417453766e-03,1.261824183166027069e-02,-2.694065216928720474e-03,-2.074581570923328400e-02,-3.673878265544772148e-03,-2.221133373677730560e-02,-1.778789050877094269e-02,-1.386191509664058685e-02,-1.095104776322841644e-02,6.924235261976718903e-03,-1.715596951544284821e-02,4.272185731679201126e-03,1.840636506676673889e-02,7.818335667252540588e-03,-2.939102612435817719e-02,2.495413646101951599e-02,-3.837236389517784119e-02,1.954920031130313873e-02,-1.173086464405059814e-03,-3.290692344307899475e-03,-3.388169407844543457e-02,9.929219260811805725e-03,1.768032833933830261e-02,2.377096749842166901e-02,-1.052080374211072922e-02,1.517953723669052124e-02,-1.348545216023921967e-02,-1.815090700984001160e-02,-2.018112130463123322e-02,-1.295437011867761612e-02,-8.833441883325576782e-03,2.305837534368038177e-02,1.321654953062534332e-02,2.898767217993736267e-02,-4.490668885409832001e-03,8.161186240613460541e-03,-1.172414235770702362e-02,-4.715874791145324707e-03,2.034246176481246948e-02,-3.478924045339226723e-03,-2.912212349474430084e-02,3.196576610207557678e-03,5.310821346938610077e-03,-1.859459653496742249e-02,-5.895683541893959045e-03,3.242962062358856201e-02,-1.180649269372224808e-03,-5.925935227423906326e-03,2.241300977766513824e-02,8.672100375406444073e-04,-1.367368362843990326e-02,2.660788595676422119e-02,-1.986515941098332405e-03,3.057419508695602417e-02,-5.492330063134431839e-03,2.695325820241123438e-04,2.925657480955123901e-02,-1.484340894967317581e-02,5.179731175303459167e-03,1.796183641999959946e-04,-1.316276937723159790e-02,-3.478924045339226723e-03,1.637615263462066650e-02,1.426526904106140137e-02,1.179136708378791809e-02,1.319638267159461975e-02,2.823474630713462830e-02,-1.031240448355674744e-02,2.659444138407707214e-02,-5.277208518236875534e-03,-4.991499707102775574e-03,4.630498215556144714e-02,1.547532994300127029e-02,-1.235606241971254349e-02,1.281991880387067795e-02,4.117567092180252075e-03,2.965992875397205353e-02,1.022501103579998016e-02,2.156260656192898750e-03,-2.554572187364101410e-02,-9.317466057837009430e-03,-3.724297508597373962e-02,2.156596817076206207e-02,1.271235756576061249e-02,1.044685579836368561e-02,5.253679584711790085e-03,-1.425182353705167770e-02,3.680600784718990326e-03,-1.524340128526091576e-03,3.979754634201526642e-03,-4.547810647636651993e-03,5.004104459658265114e-04,1.320982724428176880e-02,-8.625042624771595001e-03,-7.267085835337638855e-03,-6.505285501480102539e-01,-1.878282800316810608e-02,-3.374724462628364563e-02,-2.531715482473373413e-02,9.478807449340820312e-03,1.348545216023921967e-02,1.637615263462066650e-02,1.080315094441175461e-02,-3.138090297579765320e-02,1.160481595434248447e-03,1.294092461466789246e-02,7.818335667252540588e-03,7.784722838550806046e-03,-2.416087500751018524e-02,-8.518742106389254332e-05,-3.896394744515419006e-02,8.127572946250438690e-03,-1.750554144382476807e-02,-1.634421991184353828e-03,5.475523881614208221e-03,-1.327705290168523788e-02,1.983154751360416412e-02,6.379708182066679001e-03,5.754509940743446350e-03,-5.687914745067246258e-05,1.632237248122692108e-02,-1.155439764261245728e-03,-6.685584317892789841e-03,-4.301387161831371486e-05,2.486002072691917419e-02,-3.396236523985862732e-02,2.836919575929641724e-02,1.257958705537021160e-03,1.307537592947483063e-02,3.138090297579765320e-02,4.705790895968675613e-03,-2.198276668787002563e-02,2.137773670256137848e-02,4.332689102739095688e-03,3.285986557602882385e-02,-1.640304177999496460e-02,9.566200897097587585e-03,-2.510455378796905279e-04,-1.363334804773330688e-02,1.216783095151185989e-02,2.001977898180484772e-02,2.494069188833236694e-02,8.107405155897140503e-03,5.492330063134431839e-03,1.277958322316408157e-02,4.483946599066257477e-03,-2.991538494825363159e-03,-5.072170402854681015e-03,2.523648366332054138e-02,3.234894946217536926e-02,2.356928959488868713e-02,3.019773215055465698e-02,-2.767005003988742828e-02,-1.534087862819433212e-02,1.889038830995559692e-02,3.251029178500175476e-02,2.225166931748390198e-02,4.463778808712959290e-03,-8.974615484476089478e-03,2.974732080474495888e-03,2.209032699465751648e-02,1.307537592947483063e-02,4.675539210438728333e-03,2.780450135469436646e-02,-1.244345586746931076e-02,2.408020384609699249e-02,6.144418381154537201e-03,-4.752848763018846512e-03,-4.541928647086024284e-04,2.574739977717399597e-03,1.879627257585525513e-02,9.041841141879558563e-03,-7.522542960941791534e-03,-2.078615128993988037e-02,-3.105822019279003143e-03,-1.271908078342676163e-02,1.156952325254678726e-02,-3.909840062260627747e-02,1.487029902637004852e-02,-2.949522575363516808e-03,-1.507197599858045578e-02,-1.430560462176799774e-02,-7.025073748081922531e-03,-5.188974901102483273e-04,-3.744465066120028496e-03,4.759571515023708344e-03,2.385163679718971252e-02,1.241656579077243805e-02,-1.691395789384841919e-02,-7.253640331327915192e-03,1.110902754589915276e-03,1.764671615092083812e-04,3.199937753379344940e-03,2.315249107778072357e-02,3.857067786157131195e-04,-1.857106835814192891e-04,-1.157624553889036179e-02,1.033257227391004562e-02,-9.183014743030071259e-03,2.995572052896022797e-02,7.791445124894380569e-03,-2.004666998982429504e-02,2.894061384722590446e-03,-4.393192008137702942e-03,-2.890700101852416992e-02,-1.122667267918586731e-02,-5.828458350151777267e-03,9.109066799283027649e-03,-8.766216225922107697e-03,-1.984499208629131317e-02,-1.962987147271633148e-02,1.692740246653556824e-02,-9.593090973794460297e-03,4.907467868179082870e-03,-2.210377156734466553e-02,1.759965717792510986e-02,2.270880155265331268e-02,1.527365297079086304e-02,-1.953575573861598969e-02,7.293975912034511566e-03,3.401614725589752197e-02,-2.287014387547969818e-02,-2.987504936754703522e-02,-1.895761489868164062e-02,-3.512536874040961266e-03,4.393192008137702942e-03,9.371246211230754852e-03,2.436255104839801788e-02,1.155439764261245728e-03,2.399953454732894897e-02,1.453417167067527771e-02,1.606691442430019379e-02,-8.947725407779216766e-03,2.621797844767570496e-02,-2.858431823551654816e-02,-2.423482248559594154e-03,-1.585179194808006287e-02,3.309179330244660378e-03,-3.017084300518035889e-02,1.022501103579998016e-02,-3.361279144883155823e-02,-1.441316492855548859e-02,-2.831541560590267181e-02,-2.549194172024726868e-02,5.184773472137749195e-04,5.482246633619070053e-03,-1.053424924612045288e-02,-3.466151282191276550e-02,-1.029223669320344925e-02,1.098466012626886368e-02,-8.961169980466365814e-03,-1.329722069203853607e-02,4.796545486897230148e-03,1.185859274119138718e-02,-7.959509268403053284e-03,2.871876955032348633e-02,7.858671247959136963e-03,-3.078931756317615509e-02,-2.078615128993988037e-02,-3.081620857119560242e-02,9.734264574944972992e-03,1.083676423877477646e-02,5.236872937530279160e-03,-8.295637555420398712e-03,-3.823791071772575378e-02,-1.223505591042339802e-03,1.080315094441175461e-02,6.766255013644695282e-03,2.758938074111938477e-02,1.897442154586315155e-03,2.960614673793315887e-02,-1.829880475997924805e-02,-1.789545081555843353e-02,-8.786384016275405884e-03,9.243518114089965820e-03,1.242328807711601257e-02,-1.142162643373012543e-02,-1.542154885828495026e-02,-2.055758424103260040e-02,-4.067148081958293915e-03,-1.715092686936259270e-03,-7.246918044984340668e-03,2.736081369221210480e-02,3.011706285178661346e-03,1.730386540293693542e-02,-3.082293085753917694e-03,-1.094432547688484192e-02,3.350775223225355148e-04,-1.154935546219348907e-02,3.379766363650560379e-03,-3.331027692183852196e-03,3.272541612386703491e-02,2.949858643114566803e-02,1.551566459238529205e-02,3.907151147723197937e-02,-8.719158358871936798e-03,-2.317938208580017090e-02,2.769694104790687561e-02,5.330988671630620956e-03,2.058447338640689850e-02,-4.412687197327613831e-02,7.845225743949413300e-03,-3.764632623642683029e-03,1.785511523485183716e-02,6.752809975296258926e-03,-4.746126476675271988e-03,-3.347834199666976929e-02,-1.548877451568841934e-02,8.934279903769493103e-03,2.218444272875785828e-02,3.947486355900764465e-02,3.105822019279003143e-02,9.606535546481609344e-03,2.606672002002596855e-03,-1.526020746678113937e-02,1.894417032599449158e-02,-9.559477679431438446e-03,6.477185059338808060e-03,-1.441148488083854318e-04,5.226789042353630066e-03,-2.016767626628279686e-03,1.320982724428176880e-02,1.922651752829551697e-02,1.133591402322053909e-03,-8.329249918460845947e-03,-5.660394206643104553e-03,-1.485685445368289948e-02,1.356612332165241241e-02,2.379785664379596710e-02,6.978015881031751633e-03,-1.724336296319961548e-03,1.395603176206350327e-02,-2.561294846236705780e-02,1.999288797378540039e-02,-2.370374090969562531e-02,1.751898787915706635e-02,8.900667540729045868e-03,-1.109222136437892914e-02,9.579645848134532571e-05,-1.351906545460224152e-02,2.284325286746025085e-02,3.052041493356227875e-02,2.420121058821678162e-02,-1.363418850814923644e-04,1.609380543231964111e-02,1.937441341578960419e-02,3.956225700676441193e-03,-5.956186912953853607e-03,1.805679127573966980e-02,3.198257181793451309e-03,-4.251345992088317871e-02,3.086998872458934784e-02,2.777761220932006836e-02,4.211682826280593872e-03,1.864837668836116791e-02,-3.023470751941204071e-03,-2.239956520497798920e-02,-1.344511634670197964e-03,1.152918767184019089e-02,2.566672861576080322e-02,-2.025170717388391495e-03,6.346095353364944458e-03,-1.472240313887596130e-02,1.154935546219348907e-02,-1.346528436988592148e-02,3.265482839196920395e-03,1.058130711317062378e-02,6.225089076906442642e-03,-6.641887594014406204e-03,1.445350050926208496e-02,-9.932579705491662025e-04,-1.626859232783317566e-02,2.075589960440993309e-03,3.240273147821426392e-02,1.708874292671680450e-02,-7.468762341886758804e-03,-5.636192858219146729e-02,2.453733794391155243e-02,2.769694104790687561e-02,6.836001412011682987e-04,-1.197455683723092079e-03,-5.378046631813049316e-02,-8.255301974713802338e-03,-3.194559738039970398e-02,1.513920165598392487e-02,1.073592621833086014e-02,2.188865095376968384e-02,-2.373063238337635994e-03,-4.766293801367282867e-03,-1.088214106857776642e-03,-6.554494611918926239e-03,2.842297777533531189e-02,-1.512575615197420120e-02,2.113572321832180023e-02,-1.478962879627943039e-02,7.778000086545944214e-03,-2.334072254598140717e-02,-2.278947271406650543e-02,1.797612197697162628e-02,3.463461995124816895e-02,8.819996379315853119e-03,-3.495730459690093994e-03,-2.294073114171624184e-03,-1.306865364313125610e-02,-2.055422170087695122e-03,-1.431904919445514679e-02,-5.791483912616968155e-03,-1.838619704358279705e-03,-6.134334485977888107e-03,-8.645210415124893188e-03,-1.601313427090644836e-02,-3.895722562447190285e-03,1.262496504932641983e-02,1.598624326288700104e-02,-7.838503457605838776e-03,8.934279903769493103e-03,-2.442977763712406158e-02,-5.946103017777204514e-03,1.061491947621107101e-02,9.433093667030334473e-02,1.960298046469688416e-02,-3.317582653835415840e-03,1.560978032648563385e-02,2.546505071222782135e-02,4.188153892755508423e-03,-1.445350120775401592e-03,-1.672572456300258636e-02,2.986496547237038612e-03,-2.752215415239334106e-02,7.596490904688835144e-03,-6.003244780004024506e-03,3.307498618960380554e-02,-3.065486671403050423e-03,3.256407380104064941e-02,2.374407649040222168e-02,-2.588184922933578491e-02,-1.839292049407958984e-02,-5.559555720537900925e-03,1.376779936254024506e-02,-1.164347119629383087e-02,-4.947802983224391937e-03,1.594590954482555389e-02,6.231811828911304474e-03,-2.534404629841446877e-03,2.126009203493595123e-03,2.472556941211223602e-02,2.539782598614692688e-02,1.866182312369346619e-02,-1.302159577608108521e-02,2.964648185297846794e-03,-3.640265436843037605e-03,-4.915870958939194679e-04,4.087315406650304794e-03,-5.488968919962644577e-03,3.925974015146493912e-03,1.808368251658976078e-03,6.766255013644695282e-03,3.076242655515670776e-02,-1.181825809180736542e-02,1.763999275863170624e-02,1.664505526423454285e-02,2.030212618410587311e-02,-2.270880155265331268e-02,1.449383608996868134e-02,6.157863419502973557e-03,1.165691670030355453e-02,1.046030130237340927e-02,1.863829325884580612e-03,-4.248657077550888062e-02,6.332649849355220795e-03,-3.237584233283996582e-02,-3.297414863482117653e-03,-2.555916644632816315e-02,-1.098466012626886368e-02,-2.836919622495770454e-03,-6.157863419502973557e-03,7.630103733390569687e-03,-2.628520317375659943e-02,-1.288042217493057251e-02,-1.669883541762828827e-02,-1.720974966883659363e-02,1.017795316874980927e-02,3.959586843848228455e-03,-2.586504444479942322e-03,2.285669790580868721e-03,-4.887300077825784683e-03,1.591901853680610657e-02,-2.807340398430824280e-02,-2.512556267902255058e-03,-9.062008932232856750e-03,1.424342044629156590e-03,-1.162330340594053268e-02,-1.713412115350365639e-03,1.520642731338739395e-02,1.363334804773330688e-02,6.766255013644695282e-03,4.117567092180252075e-03,1.796267554163932800e-02,9.270408190786838531e-03,2.647343464195728302e-02,-2.531715482473373413e-02,-3.452033735811710358e-03,-2.398608811199665070e-02,1.248715212568640709e-03,2.565076283644884825e-04,-1.528709754347801208e-02,2.169705694541335106e-03,-1.325688511133193970e-02,2.604319155216217041e-02,4.534365609288215637e-03,-4.776377696543931961e-03,3.986477386206388474e-03,2.099118893966078758e-03,1.882316311821341515e-03,9.855270385742187500e-03,2.312560193240642548e-02,-1.089054439216852188e-02,3.979754634201526642e-03,8.295637555420398712e-03,1.508542150259017944e-02,1.332747167907655239e-03,2.746165031567215919e-03,1.433249469846487045e-02,3.944797441363334656e-02,-7.367923855781555176e-03,-3.447328135371208191e-02,9.814935736358165741e-03,-1.266529969871044159e-02,1.918618194758892059e-02,2.600285597145557404e-02,-2.534404583275318146e-02,-5.267124623060226440e-03,-1.236278470605611801e-02,-6.843564566224813461e-03,-1.146196271292865276e-03,-8.067070506513118744e-03,3.396236523985862732e-02,4.079248383641242981e-02,-2.423482248559594154e-03,3.677239408716559410e-03,-1.357284560799598694e-02,2.810029499232769012e-02,-1.442829146981239319e-03,-1.085693202912807465e-02,-2.207688242197036743e-02,-1.811057329177856445e-02,-3.514553606510162354e-02,-3.720936132594943047e-03,1.598624326288700104e-02,-1.726352982223033905e-02,1.578456722199916840e-02,-7.233473006635904312e-03,-2.007355913519859314e-02,-2.601630054414272308e-02,-1.615094719454646111e-03,-1.228211447596549988e-02,9.371246211230754852e-03,-3.942108154296875000e-02,3.586484817788004875e-03,-1.335100084543228149e-02,-6.571300793439149857e-03,-2.955236658453941345e-02,-1.905173063278198242e-02,-1.624170131981372833e-02,-3.654382750391960144e-02,-7.051963824778795242e-03,-2.543816156685352325e-02,-1.750554144382476807e-02,3.971687704324722290e-02,-3.909840062260627747e-02,-3.979754634201526642e-03,-3.229517117142677307e-02,-2.564656082540750504e-03,1.624170131981372833e-02,-2.516925893723964691e-02,-3.444638848304748535e-02,-8.416643366217613220e-03,1.050735916942358017e-02,2.161974832415580750e-02,2.437599748373031616e-02,8.302359841763973236e-03,3.702785074710845947e-02,9.102344512939453125e-03,-1.821813359856605530e-02,-1.115944702178239822e-02,-1.430560462176799774e-02,-1.544843893498182297e-02,-2.984816022217273712e-02,1.027879212051630020e-02,1.754587702453136444e-02,-1.366696134209632874e-02,-6.910790223628282547e-03,-2.014078572392463684e-02,4.863771144300699234e-03,2.059791982173919678e-02,-3.838580800220370293e-03,-4.749487619847059250e-03,-1.671227999031543732e-02,-2.995572052896022797e-02,-1.836098817875608802e-04,-2.375752106308937073e-02,2.381466329097747803e-03,1.768032903783023357e-03,-1.855426095426082611e-02,-1.306865364313125610e-02,3.968998417258262634e-02,2.376424381509423256e-03,4.743605386465787888e-04,1.494088559411466122e-03,2.399953454732894897e-02,-1.636270806193351746e-02,1.492408011108636856e-02,-1.081659644842147827e-02,-3.690684679895639420e-03,3.062125295400619507e-03,1.335772406309843063e-02,1.769377291202545166e-02,-2.299115061759948730e-02,2.128361910581588745e-02,1.477618329226970673e-02,6.060386542230844498e-03,-1.403670199215412140e-02,-1.462828740477561951e-02,-3.811690723523497581e-03,2.102816291153430939e-02,-1.140818186104297638e-02,-8.282192051410675049e-03,1.408376032486557961e-03,-8.255301974713802338e-03,-4.265463445335626602e-03,4.668816924095153809e-03,-2.538438141345977783e-02,-3.904461860656738281e-02,6.904067471623420715e-03,1.277286093682050705e-02,-2.344828471541404724e-02,4.974693059921264648e-03,-4.092693701386451721e-02,-1.292075775563716888e-02,-2.680620236787945032e-04,-2.020801045000553131e-02,-4.117567092180252075e-03,-3.060108609497547150e-02,5.408298224210739136e-03,1.897105947136878967e-02,-2.355584502220153809e-02,-2.399953454732894897e-02,1.146868430078029633e-02,1.491063460707664490e-02,-2.315249107778072357e-02,4.013367462903261185e-03,2.213066257536411285e-02,-2.863809838891029358e-02,3.164644353091716766e-03,-2.405331470072269440e-02,-6.110805552452802658e-03,-1.587868295609951019e-02,-2.888011187314987183e-02,2.562639303505420685e-02,-1.121322717517614365e-02,1.605346985161304474e-02,-7.186415139585733414e-03,-1.906517520546913147e-02,4.705790895968675613e-03,2.998261013999581337e-03,-3.673878265544772148e-03,3.248676424846053123e-03,-2.194243110716342926e-02,-1.790889538824558258e-02,-1.431904966011643410e-03,1.248379144817590714e-02,-1.606691442430019379e-02,1.058130711317062378e-02,-1.757318823365494609e-04,-2.399953454732894897e-02,-2.717594150453805923e-03,3.383127506822347641e-03,-2.149538137018680573e-03,1.084348652511835098e-02,-2.445666678249835968e-02,1.073592621833086014e-02,2.995572052896022797e-02,1.556944567710161209e-02,1.165019348263740540e-02,-1.764671644195914268e-03,-1.208715979009866714e-02,-2.616755897179245949e-03,-4.571339581161737442e-03,2.303148433566093445e-02,-2.636587433516979218e-02,-2.257435210049152374e-02,-1.633581705391407013e-02,1.595935411751270294e-02,3.858748590573668480e-03,-4.762932658195495605e-03,-5.125951021909713745e-03,-6.507436744868755341e-03,-1.601313427090644836e-02,-1.772066392004489899e-02,9.626703336834907532e-03,2.640620991587638855e-02,2.804651297628879547e-02,8.342695422470569611e-03,-1.936096884310245514e-02,-2.140462584793567657e-02,-4.181431140750646591e-03,-4.235211759805679321e-03,3.084309771656990051e-02,6.957848090678453445e-03,-2.437599748373031616e-02,-6.020050961524248123e-03,-1.446694601327180862e-02,3.218761086463928223e-02,4.342772532254457474e-03,2.983135404065251350e-03,1.040652021765708923e-02,2.613730728626251221e-02,-1.863493211567401886e-02,2.709191106259822845e-02,-3.302120789885520935e-02,-3.268843982368707657e-03,-1.458795182406902313e-02,2.136429026722908020e-02,2.536085201427340508e-03,-1.948197372257709503e-02,2.193234628066420555e-03,-2.390541695058345795e-02,-4.614363983273506165e-02,4.648649133741855621e-03,-1.513920165598392487e-02,2.122983895242214203e-02,1.306193135678768158e-02,-5.189815163612365723e-02,-5.294014699757099152e-03,1.121322717517614365e-02,2.012733928859233856e-02,-2.625831402838230133e-02,-3.675894811749458313e-02,5.049986019730567932e-02,1.477618329226970673e-02,1.841980963945388794e-02,4.028157144784927368e-02,-2.609697170555591583e-02,7.556155789643526077e-03,1.765343919396400452e-02,4.551172256469726562e-03,3.121956065297126770e-02,2.934396732598543167e-03,-1.466862205415964127e-02,-1.550222001969814301e-02,1.320310495793819427e-02,-1.651060394942760468e-02,-1.216110866516828537e-02,1.723664067685604095e-02,2.285669790580868721e-03,-6.991460919380187988e-03,1.439972035586833954e-02,-6.870454642921686172e-03,-1.737109012901782990e-02,1.716941408812999725e-02,3.143468499183654785e-02,-9.942663833498954773e-03,-9.048563428223133087e-03,-2.206343598663806915e-02,4.137734882533550262e-03,2.808348741382360458e-03,-1.119978260248899460e-02,-1.669883541762828827e-02,-2.307181991636753082e-02,-2.408020384609699249e-02,3.831858187913894653e-02,1.139473635703325272e-03,-1.206699199974536896e-02,-4.820074420422315598e-03,9.740986861288547516e-03,-4.310504347085952759e-02,-1.199304405599832535e-02,-7.495652884244918823e-03,8.967893198132514954e-03,9.740986861288547516e-03,4.877216182649135590e-03,1.548877451568841934e-02,6.719197146594524384e-03,1.965676061809062958e-02,2.100127190351486206e-02,-2.389197237789630890e-02,-5.650310311466455460e-03,-1.015778537839651108e-02,-2.312560100108385086e-03,-2.014078572392463684e-02,3.987317613791674376e-04,-3.579090163111686707e-02,-1.902483962476253510e-02,2.663477696478366852e-02,-1.243673264980316162e-02,-2.198276575654745102e-03,3.818413242697715759e-02,6.386430468410253525e-03,-7.939341478049755096e-03,-1.770721934735774994e-02,1.374763203784823418e-03,2.413398399949073792e-02,-1.798956654965877533e-02,4.819234018214046955e-04,-2.706502005457878113e-02,-9.794767946004867554e-03,1.759965717792510986e-02,2.995572052896022797e-02,-1.763999275863170624e-02,-7.119189482182264328e-03,-3.636904060840606689e-03,-1.509886607527732849e-02,-1.478962879627943039e-02,-1.515264715999364853e-02,-6.369624286890029907e-03,1.547869062051177025e-03,-7.737664971500635147e-03,4.025467857718467712e-02,3.196576610207557678e-03,-1.556944567710161209e-02,7.213305216282606125e-03,-8.739326149225234985e-03,-9.909051470458507538e-03,-1.049391366541385651e-02,3.178425505757331848e-02,4.988138563930988312e-03,-1.395603176206350327e-02,-6.096520228311419487e-04,-1.370057370513677597e-02,5.946103017777204514e-03,-8.093960583209991455e-03,1.675261557102203369e-02,-2.351550944149494171e-02,2.613394462969154119e-04,-1.910551078617572784e-02,1.349553582258522511e-03,-2.393230795860290527e-02,2.020801045000553131e-02,2.373063191771507263e-02,-5.404937081038951874e-03,-8.833861647872254252e-05,-6.715836003422737122e-03,-1.971390331164002419e-03,-4.662094172090291977e-03,-4.228489473462104797e-03,-2.402642369270324707e-02,5.788122769445180893e-03,1.370729692280292511e-02,-2.488691173493862152e-02,-6.514159031212329865e-03,-4.447644576430320740e-02,-1.624170131981372833e-02,-1.894417032599449158e-02,-1.879627257585525513e-02,1.075609307736158371e-02,1.847896873950958252e-01,8.403197862207889557e-03,-1.437283027917146683e-02,2.235922962427139282e-02,4.151179920881986618e-03,2.010044874623417854e-03,1.761310361325740814e-02,6.372985430061817169e-03,-8.470423519611358643e-03,1.559633575379848480e-02,-1.217455323785543442e-02,7.045241072773933411e-03,-2.594907535240054131e-03,3.127670381218194962e-03,3.374724462628364563e-02,-1.423837896436452866e-02,-9.942663833498954773e-03,-7.643548771739006042e-03,7.760353619232773781e-04,-5.641571059823036194e-02,-2.658099681138992310e-02,1.132078841328620911e-02,6.917512509971857071e-03,-1.575599657371640205e-03,4.181431233882904053e-02,2.576084434986114502e-02,-2.670200169086456299e-02,7.865393534302711487e-03,3.089687786996364594e-02,1.163674890995025635e-02,-8.483869023621082306e-03,-1.231572683900594711e-02,1.659127511084079742e-02,-2.620453201234340668e-02,6.658694241195917130e-03,-2.606672002002596855e-03,-2.132731722667813301e-03,1.967020519077777863e-02,8.342695422470569611e-03,-3.189854091033339500e-03,7.529265247285366058e-03,-3.818413242697715759e-03,-4.816713277250528336e-03,-4.786461591720581055e-03,-7.038518786430358887e-03,1.249723602086305618e-02,6.336011458188295364e-03,5.129312165081501007e-03,-2.736081369221210480e-02,-3.506234497763216496e-04,-2.436255104839801788e-02,1.405014749616384506e-02,4.635876417160034180e-02,1.708874292671680450e-02,-2.001641783863306046e-03,-2.312560100108385086e-03,2.362306974828243256e-02,2.196932025253772736e-02,-1.642993278801441193e-02,-4.688984714448451996e-03,2.460456453263759613e-02,3.210693970322608948e-02,-1.409048214554786682e-02,1.874249242246150970e-02,-2.689023269340395927e-03,3.503797575831413269e-02,-3.294053673744201660e-02,-5.801567807793617249e-03,1.739798113703727722e-02,-8.806551806628704071e-03,-4.144457168877124786e-03,-2.573395334184169769e-02,2.549194172024726868e-02,7.562878075987100601e-03,-1.484340894967317581e-02,-8.725880645215511322e-03,1.898450590670108795e-02,7.233473006635904312e-03,-6.137695629149675369e-03,2.045002207159996033e-02,-1.559633575379848480e-02,-2.226511389017105103e-02,-5.352837033569812775e-04,1.068214513361454010e-02,5.085615441203117371e-03,-3.285986557602882385e-02,3.388169407844543457e-02,4.473862703889608383e-03,-2.241300977766513824e-02,1.176447700709104538e-02,2.249368093907833099e-02,-1.788200624287128448e-02,-6.826757919043302536e-03,-7.099021691828966141e-03,2.121639437973499298e-02,1.142162643373012543e-02,9.270408190786838531e-03,3.361279144883155823e-02,-2.570706419646739960e-02,-1.159641332924365997e-02,-1.637615263462066650e-02,-1.099138287827372551e-03,-9.196460247039794922e-03,1.324343960732221603e-03,1.351906545460224152e-02,2.292392402887344360e-02,1.843325607478618622e-02,3.103132918477058411e-02,4.436888732016086578e-03,-1.347872987389564514e-02,-2.296425960958003998e-02,-3.858748450875282288e-02,-6.409959401935338974e-03,4.541928647086024284e-04,3.181114792823791504e-02,-1.242832979187369347e-03,3.350523114204406738e-02,-3.068175725638866425e-02,3.597913309931755066e-02,8.275469765067100525e-03,2.250712551176548004e-02,5.038557574152946472e-03,9.512419812381267548e-03,-4.339411389082670212e-03,1.308209914714097977e-02,-3.525981912389397621e-03,-1.528709754347801208e-02,1.824502274394035339e-02,2.574739977717399597e-03,-3.431193903088569641e-02,7.872115820646286011e-03,-1.358629018068313599e-02,6.191476248204708099e-03,-1.140818186104297638e-02,-1.445350050926208496e-02,1.530054304748773575e-02,9.290575981140136719e-03,-2.312560193240642548e-02,2.882632985711097717e-02,5.697368178516626358e-03,1.936096814461052418e-03,4.608314018696546555e-03,2.101471833884716034e-02,1.704840734601020813e-02,-7.986399345099925995e-03,-7.946063764393329620e-03,1.134767848998308182e-02,-1.413081772625446320e-02,1.536104595288634300e-03,-6.013328675180673599e-03,-4.407309368252754211e-02,-5.536026787012815475e-03,1.376779936254024506e-02,-1.997944340109825134e-02,2.933724410831928253e-02,-2.225166885182261467e-03,-1.738453656435012817e-02,-2.050380408763885498e-02,7.791445124894380569e-03,-8.523993892595171928e-05,-6.292314827442169189e-02,3.302120789885520935e-02,1.302159577608108521e-02,3.509175498038530350e-03,-9.062008932232856750e-03,-3.404975868761539459e-03,-1.714521348476409912e-01,1.694084703922271729e-02,1.448039058595895767e-02,-2.249368093907833099e-02,6.957848090678453445e-03,1.572238397784531116e-03,2.093404717743396759e-02,-8.033457212150096893e-03,-3.482285141944885254e-02,1.056113932281732559e-02,1.590557396411895752e-02,-9.835102595388889313e-03,-2.360962517559528351e-02,4.883938934653997421e-03,-1.610725000500679016e-02,6.443572230637073517e-03,-1.846014522016048431e-02,1.029895991086959839e-02,1.444005593657493591e-02,1.321654953062534332e-02,2.456422895193099976e-02,-6.332649849355220795e-03,2.941119309980422258e-04,-1.126028504222631454e-02,1.120986649766564369e-03,2.425499074161052704e-02,5.092338193207979202e-03,1.665849983692169189e-02,2.926413726527243853e-04,-2.664822153747081757e-02,-1.419804338365793228e-02,2.207688242197036743e-02,4.098071530461311340e-02,-2.799945650622248650e-03,2.254746109247207642e-02,1.058802939951419830e-02,-2.299115061759948730e-02,5.657033063471317291e-03,-1.710891141556203365e-03,1.621481031179428101e-02,1.183170266449451447e-02,-9.586368687450885773e-03,1.189220603555440903e-02,-6.312482524663209915e-03,1.207371521741151810e-02,3.162291646003723145e-02,2.406675927340984344e-02,-2.418440300971269608e-03,4.041602090001106262e-02,5.367963109165430069e-03,8.630084339529275894e-04,-3.331699967384338379e-02,2.277602814137935638e-02,9.028395637869834900e-03,1.903828606009483337e-02,7.659515249542891979e-04,-4.537726752460002899e-03,-1.076953858137130737e-02,-1.993238693103194237e-03,-2.159285731613636017e-02,-1.080651301890611649e-03,-2.836919575929641724e-02,2.261468581855297089e-02,1.399972825311124325e-03,1.050063595175743103e-02,-8.846886456012725830e-03,1.509214402176439762e-03,-9.915773989632725716e-04,-3.078931756317615509e-02,1.992566324770450592e-02,-1.976432092487812042e-02,-3.334388881921768188e-02,2.022145502269268036e-02,-1.677950657904148102e-02,2.443650038912892342e-03,3.113889135420322418e-02,-2.183486893773078918e-02,-6.853648461401462555e-03,-8.046902716159820557e-03,2.549845339672174305e-05,-1.684673130512237549e-02,1.526020746678113937e-02,4.352856427431106567e-03,-1.157624553889036179e-02,-2.556252758949995041e-03,5.720897112041711807e-03,1.428543706424534321e-03,-2.264157682657241821e-02,9.552755393087863922e-03,-2.063825493678450584e-03,1.913240179419517517e-02,-2.608352713286876678e-02,-1.128045283257961273e-02,-1.616103015840053558e-02,2.715913578867912292e-02,1.638959720730781555e-02,-7.630103733390569687e-03,-7.334311027079820633e-03,-1.552911009639501572e-02,-3.267163410782814026e-03,2.912548370659351349e-03,-2.909523248672485352e-02,-3.963620588183403015e-02,7.287253160029649734e-03,2.078615128993988037e-02,-2.028868161141872406e-02,1.390225067734718323e-02,2.108194306492805481e-02,3.831858281046152115e-03,-4.040257539600133896e-03,4.520920570939779282e-03,-1.414426323026418686e-02,1.406695344485342503e-03,-1.091071218252182007e-02,-5.868793465197086334e-03,7.414982188493013382e-03,-1.715092686936259270e-03,-1.232245005667209625e-02,2.617764286696910858e-02,-3.952864184975624084e-02,6.539704650640487671e-02,1.350561995059251785e-02,-1.517953723669052124e-02,1.820468902587890625e-02,-6.141057237982749939e-03,6.499873707070946693e-04,-1.262765377759933472e-01,-6.964570377022027969e-03,1.179136708378791809e-02,9.646871127188205719e-03,7.166247349232435226e-03,1.679295115172863007e-02,6.260382360778748989e-04,2.334072254598140717e-02,-3.858748450875282288e-02,-2.055422170087695122e-03,1.968365162611007690e-02,-4.621759057044982910e-03,-2.625158987939357758e-03,-1.148717128671705723e-03,-2.107521984726190567e-03,7.347756531089544296e-03,-7.663716562092304230e-03,-2.207688242197036743e-02,6.682223174721002579e-03,2.457767352461814880e-02,-2.190209552645683289e-02,1.390225067734718323e-02,-1.656270353123545647e-03,-3.821774385869503021e-03,7.972954772412776947e-03,1.723664067685604095e-02,-2.265502139925956726e-02,3.511864691972732544e-02,8.423365652561187744e-03,3.583123674616217613e-03,-1.210732758045196533e-02,9.290575981140136719e-03,-2.620117040351033211e-03,-1.091071218252182007e-02,5.613336339592933655e-03,-1.823157817125320435e-02,-1.843325607478618622e-02,-2.051724866032600403e-02,2.268191240727901459e-02,-2.127017453312873840e-02,-6.508277147077023983e-04,1.671227999031543732e-02,-1.641648821532726288e-02,-6.114166695624589920e-03,-7.600692915730178356e-04,2.714233007282018661e-03,-1.361318049021065235e-03,1.302831806242465973e-02,3.038596361875534058e-02,-1.997944340109825134e-02,-1.167036127299070358e-02,-1.354595553129911423e-02,-9.761154651641845703e-03,-2.292392402887344360e-02,4.490668885409832001e-03,-1.105860900133848190e-02,9.687206707894802094e-03,9.890564251691102982e-04,-1.041996572166681290e-02,3.630181401968002319e-02,-9.739306406117975712e-04,1.653749309480190277e-02,1.601313427090644836e-02,2.746837399899959564e-02,2.247855445602908731e-04,-2.922968380153179169e-02,-2.022145502269268036e-02,-1.027879212051630020e-02,1.293420232832431793e-02,-2.842297777533531189e-02,1.719630509614944458e-02,8.994783274829387665e-03,-7.952786982059478760e-03,3.799590095877647400e-02,-4.453022778034210205e-02,-5.209982860833406448e-03,-2.444322220981121063e-02,-2.217099815607070923e-02,7.751110009849071503e-03,-2.640620991587638855e-02,-3.229517117142677307e-02,-9.976277127861976624e-03,1.240984257310628891e-02,-1.077626086771488190e-02,3.197248652577400208e-02,-2.257435210049152374e-02,4.455711692571640015e-02,-1.497786026448011398e-02,-7.878838106989860535e-03,1.402493799105286598e-03,2.086682058870792389e-02,3.694717958569526672e-02,-4.796545486897230148e-03,-2.844986692070960999e-02,-2.011389471590518951e-02,1.341822650283575058e-02,-9.304020553827285767e-03,-3.140779212117195129e-02,-5.381408147513866425e-03,-3.241533704567700624e-04,-3.261785209178924561e-02,-1.980465650558471680e-02,-3.732364624738693237e-02,2.186175994575023651e-02,-2.418776601552963257e-02,-8.282192051410675049e-03,2.059791982173919678e-02,-8.282192051410675049e-03,5.743585643358528614e-04,-8.860331960022449493e-03,-1.021828851662576199e-03,-2.122983895242214203e-02,-1.503164041787385941e-02,1.429215911775827408e-02,-1.445350050926208496e-02,7.172969635576009750e-03,-1.448039058595895767e-02,2.899103332310914993e-03,1.860804110765457153e-02,1.121322717517614365e-02,9.159485925920307636e-04,1.192581839859485626e-02,1.703496277332305908e-02,4.531004466116428375e-03,4.564617294818162918e-03,8.672100491821765900e-03,-3.471529111266136169e-02,-6.823396775871515274e-03,-1.677950657904148102e-02,4.313193634152412415e-02,7.757832296192646027e-03,-2.497430425137281418e-03,-2.118950337171554565e-02,-1.536776870489120483e-02,-3.757910104468464851e-03,5.320904776453971863e-03,1.307537592947483063e-02,-2.214410714805126190e-02,-6.583905778825283051e-04,1.245690044015645981e-02,1.250395830720663071e-02,2.261468581855297089e-02,1.673917099833488464e-02,-2.467178925871849060e-02,-5.697368178516626358e-03,-5.754509940743446350e-03,1.007711514830589294e-02,-8.430087938904762268e-03,-7.354478817433118820e-03,2.273569256067276001e-02,1.774755492806434631e-02,-1.901139505207538605e-02,1.199304405599832535e-02,4.087315499782562256e-02,-1.773410849273204803e-02,-2.354240044951438904e-02,-3.861437737941741943e-02,-2.057102881371974945e-02,-4.057064186781644821e-03,9.236794896423816681e-03,1.024517882615327835e-02,-4.805284738540649414e-02,1.174430921673774719e-02,2.326005138456821442e-03,-1.201321184635162354e-02,-6.265424657613039017e-03,6.393153220415115356e-03,1.665849983692169189e-02,4.023451358079910278e-03,8.967893198132514954e-03,1.337116863578557968e-02,7.341033779084682465e-03,-1.725008524954319000e-02,-8.752770721912384033e-03,-1.320310495793819427e-02,1.063508726656436920e-02,1.161658111959695816e-02,-2.717594150453805923e-03,-9.996443986892700195e-03,8.613278041593730450e-04,-2.667511254549026489e-02,1.661312300711870193e-03,8.584707044064998627e-03,-3.457916027400642633e-04,-6.813312880694866180e-03,2.949858643114566803e-02,1.648371294140815735e-02,5.620058625936508179e-03,-1.984499208629131317e-02,-1.688706688582897186e-02,8.403197862207889557e-03,1.543499436229467392e-02,-1.936096884310245514e-02,8.141018450260162354e-03,-1.311571151018142700e-02,-1.512575615197420120e-02,-9.801490232348442078e-03,-8.551094681024551392e-03,-3.100444003939628601e-02,4.655371885746717453e-03,-2.978093456476926804e-03,3.108510933816432953e-02,-8.079675026237964630e-04,-1.116616930812597275e-02,-1.766688376665115356e-02,-4.487307742238044739e-03,-6.053663790225982666e-03,7.354478817433118820e-03,-1.829880475997924805e-02,-2.944480627775192261e-02,-1.153590995818376541e-02,1.169725134968757629e-02,9.391414001584053040e-03,-4.533525207079946995e-04,-5.858709570020437241e-03,-1.092415768653154373e-02,4.137734882533550262e-03,9.216628037393093109e-03,-3.030193271115422249e-03,-8.645210415124893188e-03,-3.700768342241644859e-03,4.823435563594102859e-03,3.828497137874364853e-03,6.322566419839859009e-03,9.915773756802082062e-03,-3.775136719923466444e-04,-8.882180554792284966e-04,5.620058625936508179e-03,-1.652404852211475372e-02,-2.936413511633872986e-02,-1.725008524954319000e-02,-1.304848585277795792e-02,2.390541695058345795e-02,-1.594590954482555389e-02,-1.516609173268079758e-02,4.672178067266941071e-03,-3.759254515171051025e-02,5.831819493323564529e-03,8.766216225922107697e-03,2.796584367752075195e-02,-5.049986019730567932e-02,2.196932025253772736e-02,3.885638667270541191e-03,-2.021809341385960579e-03,-1.183842495083808899e-02,1.119305938482284546e-02,2.109538763761520386e-02,-1.422493346035480499e-02,-4.393192008137702942e-03,-1.390225067734718323e-02,-6.258701905608177185e-03,3.428504988551139832e-02,-9.337633848190307617e-03,3.289011772722005844e-03,-4.591507371515035629e-03,-2.051724866032600403e-02,9.646871127188205719e-03,-2.031557075679302216e-02,1.336444634944200516e-02,-7.046081591397523880e-04,2.690367959439754486e-02,3.189181908965110779e-02,7.562878075987100601e-03,2.882632985711097717e-02,-1.523331739008426666e-02,-3.261785209178924561e-02,-2.245334535837173462e-02,2.360962517559528351e-02,5.132673308253288269e-03,1.235606241971254349e-02,-3.084309771656990051e-02,1.107205357402563095e-02,8.114128373563289642e-03,-2.114916965365409851e-02,-1.754587702453136444e-02,2.920279465615749359e-02,1.528709754347801208e-02,-7.556155789643526077e-03,-2.707510488107800484e-03,-6.113326526246964931e-04,8.214966394007205963e-03,-5.391492042690515518e-03,1.571734249591827393e-02,-1.606691442430019379e-02,-4.994860850274562836e-03,6.421387940645217896e-02,-6.984738167375326157e-03,9.963041520677506924e-05,-1.549549750052392483e-03,-3.117586486041545868e-03
-2.238945290446281433e-02,-1.774971000850200653e-02,1.642792299389839172e-02,-1.068894006311893463e-02,-2.152624540030956268e-02,4.472495242953300476e-02,6.794389337301254272e-03,-1.295654685236513615e-03,-1.942217536270618439e-02,-1.811387576162815094e-02,1.186236366629600525e-02,2.174204587936401367e-02,4.730783402919769287e-03,-1.365621760487556458e-02,1.225687679834663868e-03,3.374603018164634705e-02,1.254348829388618469e-02,-6.814620923250913620e-03,2.909954404458403587e-03,-1.228048000484704971e-02,8.508792961947619915e-05,1.249628141522407532e-02,-3.806206956505775452e-02,-1.832630601711571217e-03,7.067513652145862579e-03,4.408766399137675762e-04,2.800030261278152466e-02,-6.052570533938705921e-04,5.078089423477649689e-03,-2.648968994617462158e-02,-6.258256733417510986e-03,-2.050118520855903625e-03,-1.318415068089962006e-02,-1.368993613868951797e-02,-4.262088611721992493e-02,-4.349757917225360870e-03,-2.267269231379032135e-02,-1.097892411053180695e-02,3.142615780234336853e-02,-6.130123976618051529e-03,1.253674458712339401e-02,-1.239512488245964050e-02,5.951413186267018318e-04,5.136887193657457829e-05,-1.905800960958003998e-02,5.644569639116525650e-03,-2.321219816803932190e-02,-4.562187939882278442e-03,-9.164839051663875580e-03,1.617165841162204742e-02,3.487899154424667358e-02,-1.111380010843276978e-02,8.881598711013793945e-03,7.101233117282390594e-03,2.495210152119398117e-03,-1.122001558542251587e-03,-1.537588890641927719e-02,1.707870163954794407e-03,-1.203095912933349609e-02,-1.839711703360080719e-02,-6.427695043385028839e-04,6.622633372899144888e-05,-8.847880177199840546e-03,-3.437236009631305933e-04,-4.005823750048875809e-03,-5.560271907597780228e-03,-1.663023792207241058e-02,1.549727749079465866e-02,8.483714424073696136e-03,-2.400796674191951752e-02,2.948394231498241425e-02,1.422944106161594391e-02,-1.371691189706325531e-02,-9.636905975639820099e-03,-3.387079108506441116e-03,-2.191738598048686981e-02,-1.526798773556947708e-02,-6.484174169600009918e-03,-2.336056157946586609e-02,-6.861827569082379341e-04,-6.457198876887559891e-03,-1.598283275961875916e-02,-1.011571660637855530e-02,1.580749265849590302e-02,3.290979657322168350e-03,-4.830254474654793739e-04,1.263115834444761276e-02,1.810038834810256958e-02,1.343367155641317368e-02,-5.695148371160030365e-03,1.807341352105140686e-02,2.184994705021381378e-02,-1.056755147874355316e-02,2.191738598048686981e-02,-1.497125998139381409e-02,1.114751957356929779e-02,-1.861291751265525818e-02,2.376518957316875458e-02,-5.856999661773443222e-03,-8.193730376660823822e-03,2.872863551601767540e-03,3.348302096128463745e-03,-2.781147696077823639e-02,7.802589330822229385e-03,-1.859943009912967682e-02,-2.358985133469104767e-02,-2.176902256906032562e-02,-1.990772970020771027e-02,1.951658912003040314e-02,-1.552425324916839600e-02,7.357497699558734894e-03,2.383262850344181061e-02,2.000214345753192902e-02,-2.020445838570594788e-02,2.670549042522907257e-02,-1.137006562203168869e-02,9.967352263629436493e-03,7.081001531332731247e-04,-1.183538790792226791e-02,-4.084051772952079773e-02,-7.930722087621688843e-03,9.616674855351448059e-03,2.620644867420196533e-02,-2.137788012623786926e-02,8.072341792285442352e-03,-6.335810292512178421e-03,-3.482503816485404968e-02,-1.916591078042984009e-02,6.217793561518192291e-03,-1.940868794918060303e-02,3.738768771290779114e-02,8.645565249025821686e-03,3.444738686084747314e-02,-3.033028915524482727e-03,2.778450027108192444e-02,-1.792505010962486267e-02,-3.803509287536144257e-03,-9.279483929276466370e-03,5.904206540435552597e-03,-2.385960333049297333e-02,-2.345160348340868950e-03,1.803295128047466278e-02,-9.786955779418349266e-04,-3.503409679979085922e-03,2.577484585344791412e-02,-9.205302223563194275e-03,3.064387664198875427e-02,1.466104481369256973e-02,-7.573299575597047806e-03,-1.582098007202148438e-02,1.277952175587415695e-02,-8.645565249025821686e-03,1.837014034390449524e-02,-1.819480210542678833e-02,-1.341344043612480164e-02,3.657843172550201416e-02,-1.350785326212644577e-02,1.051360089331865311e-02,-5.435511469841003418e-03,4.150815773755311966e-03,-1.895010820589959621e-03,2.665154077112674713e-02,9.906657971441745758e-03,-3.682120703160762787e-03,9.562724269926548004e-03,2.124300412833690643e-02,-1.267836429178714752e-02,-3.833434893749654293e-04,-1.650547725148499012e-03,-1.712927967309951782e-02,2.144531905651092529e-02,1.970541477203369141e-02,-2.407540567219257355e-02,-2.446738944854587317e-04,2.535672858357429504e-03,2.457444742321968079e-02,9.495286270976066589e-03,2.336056157946586609e-02,-2.750126086175441742e-02,-2.669200301170349121e-02,-3.854762390255928040e-02,8.632077835500240326e-03,1.538937631994485855e-02,7.755382452160120010e-03,1.007525343447923660e-02,-5.917693953961133957e-03,3.492029500193893909e-04,-5.968272686004638672e-03,1.128913927823305130e-02,-4.835312254726886749e-03,-2.407540567219257355e-03,7.964440621435642242e-03,-2.492512576282024384e-02,-4.110352601855993271e-03,-6.448162198066711426e-01,-2.821610495448112488e-02,-3.460923954844474792e-02,-4.080005455762147903e-03,2.500605024397373199e-02,1.471499539911746979e-02,1.587493158876895905e-02,2.500267932191491127e-03,-2.538370527327060699e-02,4.973560571670532227e-03,-8.854623883962631226e-03,1.140378415584564209e-02,-5.078089423477649689e-03,-1.147796586155891418e-02,1.542983949184417725e-02,-2.042025886476039886e-02,7.047282531857490540e-03,-1.842409186065196991e-02,1.479592081159353256e-02,4.073261748999357224e-03,-7.006819359958171844e-03,4.602651111781597137e-03,1.839711703360080719e-02,6.141082849353551865e-04,5.202850326895713806e-03,5.250056739896535873e-03,1.857245527207851410e-02,-1.657628640532493591e-02,-1.000612974166870117e-03,9.765038266777992249e-03,-3.490596637129783630e-02,2.816215530037879944e-02,1.102613098919391632e-02,1.350785326212644577e-02,3.816996887326240540e-02,-2.184994705021381378e-02,-3.701003268361091614e-02,2.342799864709377289e-02,1.632002182304859161e-02,4.173070192337036133e-02,-2.515441551804542542e-02,-1.379109360277652740e-02,-1.539274817332625389e-03,-1.824875175952911377e-02,4.049658309668302536e-03,1.977622509002685547e-03,1.841060444712638855e-02,4.562187939882278442e-03,1.329879555851221085e-02,4.349757917225360870e-03,1.083056069910526276e-02,-1.610422134399414062e-02,4.339642357081174850e-03,1.857245527207851410e-02,1.890964619815349579e-02,2.322568558156490326e-02,3.299072384834289551e-02,-3.722583502531051636e-02,-1.404061447829008102e-02,-1.062150258803740144e-04,1.269859634339809418e-02,2.767660096287727356e-02,2.597421007521916181e-05,-1.414851564913988113e-02,3.340293769724667072e-04,1.633350923657417297e-02,-4.531840793788433075e-03,2.230852656066417694e-02,1.093846093863248825e-02,-1.646838709712028503e-02,1.170051191002130508e-02,1.487684715539216995e-02,-2.564334077760577202e-03,3.434285754337906837e-03,1.387876272201538086e-02,2.940301597118377686e-02,1.211188454180955887e-02,1.377086155116558075e-02,-2.542416751384735107e-02,-5.422024056315422058e-03,-1.723886700347065926e-03,1.602329500019550323e-02,-2.228155173361301422e-02,1.665721274912357330e-02,7.006819359958171844e-03,-5.459114909172058105e-03,-1.747995801270008087e-02,9.441335569135844707e-04,-4.862287547439336777e-03,3.284235950559377670e-03,4.595906939357519150e-03,2.543765492737293243e-02,2.404842898249626160e-02,3.093723207712173462e-03,2.105417847633361816e-02,8.510689251124858856e-03,-1.490382198244333267e-02,1.036523748189210892e-02,1.182190049439668655e-02,5.074717570096254349e-03,-4.455129965208470821e-04,1.521572354249656200e-03,1.954356394708156586e-02,2.850946038961410522e-03,1.888267137110233307e-02,9.980839677155017853e-04,-1.448570564389228821e-02,-8.713004179298877716e-03,2.064954861998558044e-02,-4.210835695266723633e-02,-1.076312270015478134e-02,4.994635237380862236e-04,-8.366540423594415188e-04,-1.202421449124813080e-02,-3.110245615243911743e-02,-2.569391950964927673e-02,-1.127059455029666424e-03,-1.495777256786823273e-02,2.252432890236377716e-02,-4.111026972532272339e-02,2.744731120765209198e-02,1.834316551685333252e-02,1.034500636160373688e-02,-3.601616481319069862e-04,1.666985772317275405e-04,2.346846275031566620e-02,-2.140485681593418121e-02,-3.469016402959823608e-02,-1.646838709712028503e-02,-1.042129515553824604e-04,1.944915018975734711e-02,-5.543412640690803528e-03,3.744163736701011658e-02,-5.513065494596958160e-03,2.685385569930076599e-02,2.093278989195823669e-02,8.847880177199840546e-03,3.043144824914634228e-04,1.935473829507827759e-02,-7.647481746971607208e-03,1.657628640532493591e-02,-2.763276454061269760e-03,-8.147366461344063282e-04,-1.099241152405738831e-02,1.906812540255486965e-03,-4.332224279642105103e-02,4.450915148481726646e-04,-2.432829700410366058e-03,-2.377867698669433594e-02,9.630162268877029419e-03,8.578127250075340271e-03,-1.176120620220899582e-02,-3.415066003799438477e-02,1.355506014078855515e-03,6.777530070394277573e-03,-1.545681431889533997e-02,-4.245229065418243408e-03,1.362924184650182724e-02,1.105310581624507904e-02,-1.205119024962186813e-02,1.908498443663120270e-02,2.551858127117156982e-02,-2.634132467210292816e-02,-1.375063043087720871e-02,2.007969655096530914e-03,-8.854623883962631226e-03,-6.426851730793714523e-03,2.827342832460999489e-03,1.489697297074599192e-05,-3.266701847314834595e-02,8.423020131886005402e-03,-1.191125600598752499e-03,-1.170051191002130508e-02,3.261306881904602051e-02,-1.946263760328292847e-02,2.166112139821052551e-02,-1.750693283975124359e-02,-2.480373717844486237e-02,-6.656141486018896103e-03,5.111808888614177704e-03,1.981331594288349152e-02,-8.281399495899677277e-03,-3.215448930859565735e-02,-1.435082964599132538e-02,-1.479592081159353256e-02,5.475974641740322113e-03,-3.414054401218891144e-03,2.128346823155879974e-02,5.698520224541425705e-03,-6.217793561518192291e-03,1.389225013554096222e-02,7.431679870933294296e-03,7.182158529758453369e-03,-3.479806473478674889e-03,3.385393181815743446e-03,1.273231487721204758e-02,3.204659000039100647e-02,1.592888124287128448e-02,1.008874084800481796e-02,3.174986317753791809e-02,-1.131274271756410599e-03,-3.618054557591676712e-03,3.379997983574867249e-02,-1.849490101449191570e-03,2.810820378363132477e-02,-3.714491054415702820e-02,1.036523748189210892e-02,-7.515134057030081749e-04,1.133634615689516068e-02,-1.195677649229764938e-02,-1.105984952300786972e-02,-1.360901072621345520e-02,-1.020338572561740875e-02,9.400872513651847839e-03,3.935013897716999054e-03,2.395401708781719208e-02,2.829703129827976227e-02,1.466104481369256973e-02,7.242852821946144104e-03,4.531840793788433075e-03,1.650884933769702911e-02,-1.538937631994485855e-02,-4.703808110207319260e-03,4.815081134438514709e-03,-2.380565181374549866e-02,-6.710091838613152504e-04,1.808690093457698822e-02,-6.180702708661556244e-03,-3.301095450296998024e-03,-3.154417499899864197e-03,-4.997164011001586914e-03,-4.602651111781597137e-03,2.244340255856513977e-02,3.218146413564682007e-02,-1.908498443663120270e-02,3.479806473478674889e-03,3.169591072946786880e-03,-2.702919393777847290e-02,2.067652344703674316e-02,-2.630086243152618408e-02,-1.623909734189510345e-02,1.234117429703474045e-02,-4.063146188855171204e-03,8.335350081324577332e-03,4.151658504270017147e-04,1.346739009022712708e-02,4.162280261516571045e-02,1.966495253145694733e-02,-1.182695850729942322e-03,3.928269725292921066e-03,-6.801133509725332260e-03,4.319410771131515503e-03,-1.238838024437427521e-02,2.100022695958614349e-02,1.451605348847806454e-03,-4.421242326498031616e-02,2.152624540030956268e-02,2.503302693367004395e-02,1.339995209127664566e-02,1.494428515434265137e-02,-1.354831643402576447e-02,-1.149145420640707016e-02,8.753466419875621796e-03,7.312819943763315678e-04,3.433948382735252380e-02,-5.954785272479057312e-03,1.164656132459640503e-02,-2.251084148883819580e-02,-3.339872462674975395e-03,-3.752930788323283195e-03,4.946585278958082199e-03,1.077323802746832371e-03,-6.362785585224628448e-03,3.119012573733925819e-03,1.773622259497642517e-02,7.485629990696907043e-03,-5.098321009427309036e-03,-4.804965108633041382e-03,1.162633020430803299e-02,3.007739596068859100e-02,-3.048202581703662872e-02,-3.528361767530441284e-02,2.551858127117156982e-02,2.983461879193782806e-02,-1.608398859389126301e-03,-1.046639494597911835e-02,-4.259391129016876221e-02,9.738063439726829529e-03,-2.460142225027084351e-02,-7.723770977463573217e-05,-3.270748304203152657e-03,1.648187451064586639e-02,-3.719211788848042488e-03,3.624798497185111046e-03,-6.919150240719318390e-03,-6.234653294086456299e-03,1.534891407936811447e-02,-8.544408716261386871e-03,3.420460969209671021e-02,-2.434515766799449921e-02,3.540500765666365623e-03,-2.663805335760116577e-02,-1.638746075332164764e-02,2.513755578547716141e-03,4.302551224827766418e-02,1.379109336994588375e-03,2.211969904601573944e-02,5.671544931828975677e-03,1.704498194158077240e-03,1.218943856656551361e-03,-2.418330684304237366e-02,-1.946263760328292847e-02,-1.226024795323610306e-02,1.595754292793571949e-03,-1.030454318970441818e-02,-6.986588239669799805e-03,-3.065061988309025764e-03,8.935549296438694000e-03,9.353665634989738464e-03,-1.237489283084869385e-02,1.741251908242702484e-02,-2.737987227737903595e-02,-2.085186354815959930e-02,3.732277837116271257e-04,8.896435052156448364e-02,3.324698889628052711e-03,1.928729936480522156e-03,-7.220092811621725559e-04,3.981545940041542053e-02,8.369069546461105347e-03,1.691853627562522888e-03,-1.195677649229764938e-02,7.863283157348632812e-03,-2.439573640003800392e-03,2.379216440021991730e-02,-1.323135662823915482e-02,2.299639582633972168e-02,-2.207923680543899536e-02,3.714491054415702820e-02,1.858594268560409546e-02,-3.215448930859565735e-02,-1.722369343042373657e-02,-4.386849235743284225e-03,1.333251409232616425e-02,-2.302337065339088440e-02,-1.153823905042372644e-04,-1.446547452360391617e-03,1.026745187118649483e-03,2.377193421125411987e-03,1.568610407412052155e-02,1.449076342396438122e-03,2.207923680543899536e-02,2.291546948254108429e-02,-2.508697658777236938e-02,-1.334600150585174561e-02,1.089125499129295349e-02,-1.035175006836652756e-02,2.349543757736682892e-02,2.181622898206114769e-03,1.249628141522407532e-02,5.074717570096254349e-03,2.163414470851421356e-02,1.112728845328092575e-02,-4.747643135488033295e-03,1.097892411053180695e-02,7.937465794384479523e-03,1.443175505846738815e-02,-2.636830136179924011e-02,-3.088665427640080452e-03,5.078089423477649689e-03,2.322568558156490326e-02,2.771706320345401764e-03,-1.424292847514152527e-02,-4.496772959828376770e-02,2.402145415544509888e-02,-1.168028078973293304e-02,-3.692236496135592461e-03,-3.083270415663719177e-02,6.305463146418333054e-03,-1.785761117935180664e-02,9.872939437627792358e-03,9.738063439726829529e-03,-2.037979662418365479e-02,7.451910991221666336e-03,-4.835312254726886749e-03,-3.056295029819011688e-02,9.967352263629436493e-03,4.636370111256837845e-03,-3.238715231418609619e-03,-5.668173078447580338e-03,5.040998803451657295e-04,2.064954861998558044e-02,-2.632783725857734680e-02,-7.667712867259979248e-03,-8.038622327148914337e-03,3.210054012015461922e-03,1.223158673383295536e-03,5.759214516729116440e-03,2.063606120645999908e-02,3.231634199619293213e-02,1.123518869280815125e-02,-2.264234470203518867e-03,1.487684715539216995e-02,1.181515678763389587e-02,2.050118520855903625e-02,-2.116207964718341827e-02,-9.090657345950603485e-03,-6.760670337826013565e-03,-2.149926871061325073e-02,1.900405995547771454e-02,-1.191631425172090530e-02,3.702773828990757465e-04,-3.147673793137073517e-03,1.095194928348064423e-02,8.982756175100803375e-03,-2.158019458875060081e-03,-6.667943089269101620e-04,1.816782727837562561e-02,1.475545857101678848e-02,9.448079392313957214e-03,4.804290831089019775e-02,-9.738063439726829529e-03,4.053030163049697876e-03,-5.007279571145772934e-03,1.583446748554706573e-02,1.937159686349332333e-03,1.418897788971662521e-02,2.508697565644979477e-03,4.011218622326850891e-02,-3.542608174029737711e-04,-2.021794579923152924e-02,1.451268140226602554e-02,-1.422944106161594391e-02,1.809027278795838356e-03,2.650317735970020294e-02,-2.189041115343570709e-02,-1.448570564389228821e-02,-1.377760618925094604e-02,7.768870331346988678e-03,1.110705640166997910e-02,5.256800446659326553e-03,4.542630910873413086e-02,3.005042113363742828e-02,-2.618284663185477257e-03,-1.580749265849590302e-02,-1.039221230894327164e-02,2.661107853055000305e-02,4.184534773230552673e-03,-2.229503914713859558e-02,-6.018851418048143387e-03,-7.236109115183353424e-03,-1.375737413763999939e-02,5.988504271954298019e-03,1.677860133349895477e-02,2.007969655096530914e-03,2.345497533679008484e-02,1.962449029088020325e-02,-1.431036647409200668e-02,-2.902536280453205109e-02,6.538124755024909973e-03,-5.944669246673583984e-03,1.449919398874044418e-02,-1.911196112632751465e-02,1.428844989277422428e-03,1.238332246430218220e-03,-1.352808438241481781e-02,-1.305601838976144791e-02,-3.717188537120819092e-02,-3.331442549824714661e-02,-4.448217526078224182e-02,-1.686795731075108051e-03,-1.170725561678409576e-02,-8.449994958937168121e-03,1.057429518550634384e-02,-3.026622347533702850e-02,-1.279975287616252899e-02,-2.064954861998558044e-02,3.163268847856670618e-04,1.997854094952344894e-03,-3.218146413564682007e-02,-1.326507609337568283e-02,-2.523533999919891357e-02,6.443711463361978531e-03,8.510689251124858856e-03,-1.765192486345767975e-03,-1.035174936987459660e-03,2.062257379293441772e-02,-2.894780831411480904e-03,-9.947121143341064453e-03,-1.062824577093124390e-02,2.004597801715135574e-03,-3.121035732328891754e-02,-5.300635471940040588e-02,1.909847185015678406e-02,3.776534227654337883e-03,-1.143075991421937943e-02,1.883209217339754105e-03,-8.719747886061668396e-03,-7.849795743823051453e-03,2.156670764088630676e-02,-7.330522406846284866e-03,1.475545857101678848e-02,-2.337404899299144745e-02,-3.312559798359870911e-02,7.829564623534679413e-03,-3.388090804219245911e-02,1.845106668770313263e-02,1.235466171056032181e-02,-2.555904351174831390e-02,-4.713923670351505280e-03,2.523533999919891357e-02,-8.160010911524295807e-03,-1.982680335640907288e-02,9.852707386016845703e-03,1.123518869280815125e-02,-1.033826172351837158e-02,1.282672863453626633e-02,7.701432332396507263e-03,-1.154877594672143459e-03,3.840600373223423958e-03,-1.521572354249656200e-03,2.557253092527389526e-02,1.045290729962289333e-03,2.176986454287543893e-04,3.820368787273764610e-03,1.830944675020873547e-03,-3.299072384834289551e-02,-1.658977568149566650e-02,-5.007279571145772934e-03,1.195677649229764938e-02,-1.491730939596891403e-02,-7.714919745922088623e-03,8.665797300636768341e-03,-2.229503914713859558e-02,2.240294031798839569e-02,-4.990420304238796234e-03,-3.906015306711196899e-02,-4.704482480883598328e-02,6.096404977142810822e-03,-6.082917563617229462e-03,-2.108115330338478088e-02,2.019096910953521729e-02,-4.092144593596458435e-02,-2.143183164298534393e-02,-5.917693953961133957e-03,-1.377760618925094604e-02,2.425074391067028046e-02,-1.935473829507827759e-02,2.493861317634582520e-02,3.315257281064987183e-02,-2.097325213253498077e-02,-1.609073206782341003e-02,-3.348302096128463745e-03,-1.688650250434875488e-02,9.180012857541441917e-04,1.726415567100048065e-02,2.916023880243301392e-02,-1.540286466479301453e-02,1.350785326212644577e-02,-1.974587887525558472e-02,1.306950580328702927e-02,-2.290198206901550293e-02,-2.648968994617462158e-02,2.479024976491928101e-02,-9.205302223563194275e-03,1.192305795848369598e-02,1.315717492252588272e-02,-1.816782727837562561e-02,-2.202528715133666992e-02,1.990772970020771027e-02,7.801746251061558723e-04,3.520269412547349930e-03,-2.495210058987140656e-02,-1.946263760328292847e-02,-2.431818284094333649e-02,4.869031719863414764e-03,-1.164656132459640503e-02,1.743949577212333679e-02,2.909954404458403587e-03,-2.487117424607276917e-02,4.680204670876264572e-03,1.125542074441909790e-02,-1.027082372456789017e-02,1.876128278672695160e-02,-4.386849235743284225e-03,8.686028420925140381e-03,8.591615594923496246e-03,4.144071601331233978e-03,1.370342355221509933e-02,7.182158529758453369e-03,-6.096404977142810822e-03,9.454823099076747894e-03,-1.252325717359781265e-02,2.253781631588935852e-02,-2.918721362948417664e-02,-1.405410189181566238e-02,6.244768854230642319e-03,-5.361329764127731323e-03,1.967843994498252869e-02,6.140240002423524857e-03,1.916928216814994812e-03,-1.843757927417755127e-02,-3.164196014404296875e-02,-1.405410189181566238e-02,2.318522147834300995e-02,1.279300916939973831e-02,2.381914108991622925e-02,1.271208375692367554e-02,-1.174771878868341446e-02,-3.123733215034008026e-02,6.275959312915802002e-04,-2.476242952980101109e-04,2.191738598048686981e-02,-1.606375724077224731e-02,-3.218146413564682007e-02,-8.976012468338012695e-03,-1.076312270015478134e-02,2.129695564508438110e-02,9.196872124448418617e-04,-9.306459105573594570e-04,1.326507609337568283e-02,3.123733215034008026e-02,-2.291546948254108429e-02,2.492512576282024384e-02,-9.920146316289901733e-03,-8.584870956838130951e-03,-1.428339164704084396e-02,4.171046894043684006e-03,-1.307456404902040958e-03,-1.321112550795078278e-02,-7.485629990696907043e-03,-1.974587887525558472e-02,-2.959184162318706512e-02,2.222085604444146156e-03,5.184304900467395782e-04,2.407540567219257355e-02,1.770924776792526245e-02,-1.955705136060714722e-02,-1.551076490432024002e-02,-6.558356340974569321e-03,5.159015301614999771e-03,-2.867468446493148804e-02,-3.566127270460128784e-02,4.272878542542457581e-02,1.818131469190120697e-02,1.839711703360080719e-02,2.070350013673305511e-02,-3.417763486504554749e-02,5.846884101629257202e-03,3.522966802120208740e-02,1.060127094388008118e-02,1.718323118984699249e-02,-5.634454078972339630e-03,-1.440478023141622543e-02,-2.358985133469104767e-02,-3.536285948939621449e-04,-2.238945290446281433e-02,-1.851850561797618866e-02,4.963445011526346207e-03,-1.222652941942214966e-02,-4.708023043349385262e-04,1.086596515960991383e-03,4.353972908575087786e-04,-2.423725649714469910e-02,1.211188454180955887e-02,3.962663188576698303e-02,-6.227909587323665619e-03,-1.070242840796709061e-02,-1.970541477203369141e-02,4.670089110732078552e-03,-1.397317647933959961e-02,-3.850716166198253632e-03,-1.943566277623176575e-02,-2.422376908361911774e-02,-2.222760021686553955e-02,3.763046488165855408e-02,-1.230877205671276897e-05,-2.608506008982658386e-02,-1.183538814075291157e-03,-1.077323802746832371e-03,-4.475193098187446594e-02,-1.493079774081707001e-02,-1.921986043453216553e-02,1.076986640691757202e-02,1.645489828661084175e-03,3.594451118260622025e-03,2.295593172311782837e-02,7.000075653195381165e-03,1.133634615689516068e-02,2.000214345753192902e-02,-3.309862315654754639e-02,-6.194190122187137604e-03,2.906582551077008247e-03,-1.389225013554096222e-02,-1.034500636160373688e-02,3.346616169437766075e-03,-3.914107754826545715e-02,-2.090581320226192474e-02,2.711012028157711029e-02,-1.318415068089962006e-02,1.004153490066528320e-02,7.829564623534679413e-03,7.242852821946144104e-03,-1.079684123396873474e-02,-2.555904351174831390e-02,5.647941725328564644e-04,1.838362775743007660e-02,-1.307624951004981995e-02,-1.355506014078855515e-03,-2.224108763039112091e-02,-1.505218632519245148e-02,1.257046405225992203e-02,8.766953833401203156e-03,-2.098673954606056213e-02,-2.466548932716250420e-03,1.242547179572284222e-03,-1.188259478658437729e-02,-1.673813909292221069e-02,-2.456096000969409943e-02,3.510153619572520256e-03,-1.216583512723445892e-02,-6.946125067770481110e-04,3.237029165029525757e-02,-5.674916785210371017e-03,-3.665935620665550232e-02,3.226239234209060669e-02,-2.110812813043594360e-02,-1.621212065219879150e-02,1.055406406521797180e-02,1.305601838976144791e-02,1.955705136060714722e-02,-8.814160712063312531e-03,-2.834086539223790169e-03,-1.495777256786823273e-02,-1.501172315329313278e-02,2.006283728405833244e-03,1.522752549499273300e-02,-2.265920490026473999e-02,2.125986386090517044e-03,-2.519487775862216949e-02,-3.999080043286085129e-03,-1.222652941942214966e-02,3.593102470040321350e-02,1.081707235425710678e-02,4.476204630918800831e-04,8.915318176150321960e-03,9.454823099076747894e-03,3.041458781808614731e-03,-7.836308330297470093e-03,-2.477676048874855042e-02,1.947275362908840179e-03,6.238025147467851639e-03,1.243390142917633057e-03,-3.999080043286085129e-03,1.056249369867146015e-03,-2.924116514623165131e-02,-8.085829205811023712e-03,-2.390681067481637001e-03,-2.410238049924373627e-02,4.909494426101446152e-03,2.114859074354171753e-01,6.295347586274147034e-03,-1.041918806731700897e-02,1.378434989601373672e-02,5.250056739896535873e-03,9.947121143341064453e-03,2.940301597118377686e-02,1.625258475542068481e-02,-2.542416751384735107e-02,1.076986640691757202e-02,-1.283347234129905701e-02,1.106827985495328903e-03,-1.835665293037891388e-02,-4.842056427150964737e-03,1.161284279078245163e-02,-1.052034553140401840e-02,-2.507348917424678802e-02,-1.045290660113096237e-02,-1.251651346683502197e-02,-5.195431783795356750e-02,-2.399447932839393616e-02,6.669628899544477463e-03,3.112268866971135139e-03,-1.603678241372108459e-02,4.564211145043373108e-02,6.039925501681864262e-04,-2.611203677952289581e-02,3.665261203423142433e-03,3.614682704210281372e-02,-2.648631809279322624e-03,-1.389225013554096222e-02,-1.241535600274801254e-02,9.960608556866645813e-03,-8.025134913623332977e-03,8.227448910474777222e-03,-9.866195730865001678e-03,2.354938723146915436e-02,2.117556706070899963e-02,5.499577615410089493e-03,-6.211049854755401611e-03,1.131611503660678864e-02,-1.029105577617883682e-02,4.302551504224538803e-03,-9.535748511552810669e-03,2.891408803407102823e-04,1.617165841162204742e-02,1.569959148764610291e-02,-1.123518869280815125e-02,-3.695608302950859070e-02,-1.232094224542379379e-02,-2.975369431078433990e-02,1.880174502730369568e-02,4.283668845891952515e-02,5.536668933928012848e-03,-1.714276708662509918e-02,4.457659088075160980e-03,1.267836429178714752e-02,2.531626634299755096e-02,-3.064387664198875427e-02,-1.943903509527444839e-03,2.203877456486225128e-02,1.517357490956783295e-02,-2.899838797748088837e-02,2.891746163368225098e-02,-1.681906357407569885e-02,2.063606120645999908e-02,-2.988857030868530273e-02,-1.989424228668212891e-02,-4.386849235743284225e-03,-1.955705136060714722e-02,1.417549047619104385e-02,-3.293677419424057007e-02,-4.811709281057119370e-03,9.198558516800403595e-03,-1.928729936480522156e-02,-6.096404977142810822e-03,1.353482902050018311e-02,-3.262318437919020653e-03,-2.936929697170853615e-03,8.208482176996767521e-05,-1.245581917464733124e-02,-3.479806333780288696e-02,5.448999349027872086e-03,-4.530998121481388807e-04,-5.354586057364940643e-03,-2.207923680543899536e-02,2.620644867420196533e-02,6.211049854755401611e-03,-1.953007653355598450e-02,1.590190641582012177e-02,1.615817099809646606e-02,-2.926813997328281403e-02,-8.969268761575222015e-03,2.776764100417494774e-03,1.114077586680650711e-02,1.444524340331554413e-02,8.281399495899677277e-03,5.708635784685611725e-03,-5.273660179227590561e-03,-6.679744925349950790e-03,-5.728867370635271072e-03,-1.070917211472988129e-02,-4.754386842250823975e-03,1.207816507667303085e-02,9.461566805839538574e-03,1.276603434234857559e-02,1.816782727837562561e-02,3.452831134200096130e-02,8.544408716261386871e-03,-2.189041115343570709e-02,-1.781714893877506256e-02,-2.572089433670043945e-02,2.198482397943735123e-03,6.044140318408608437e-04,2.377867698669433594e-02,-3.171276999637484550e-03,1.425641588866710663e-02,-6.673000752925872803e-03,1.886918395757675171e-02,1.296834833920001984e-02,1.567261666059494019e-02,-2.903210697695612907e-03,2.698873169720172882e-02,-7.607018575072288513e-03,8.814160712063312531e-03,-3.018529713153839111e-02,-1.318415068089962006e-02,2.643573842942714691e-02,7.401332259178161621e-04,-4.922981932759284973e-02,2.553206868469715118e-02,-7.708176039159297943e-03,-1.269859634339809418e-02,-1.147122215479612350e-02,-1.615985645912587643e-03,8.446623105555772781e-04,6.669628899544477463e-03,-1.549727749079465866e-02,7.950953207910060883e-03,1.462058257311582565e-02,1.804643869400024414e-02,8.807417005300521851e-03,3.193868696689605713e-02,1.895010843873023987e-02,-1.323810126632452011e-02,-1.358877867460250854e-02,-1.370679587125778198e-03,-1.178818196058273315e-02,6.979844532907009125e-03,2.323917299509048462e-02,-4.356501996517181396e-02,5.273660179227590561e-03,1.684604026377201080e-02,4.326154943555593491e-03,3.498689085245132446e-02,2.269292483106255531e-03,-2.006958052515983582e-02,-1.352134044282138348e-03,8.605103008449077606e-03,-7.047282531857490540e-03,-5.610850825905799866e-02,2.681339159607887268e-02,1.746647059917449951e-02,-1.592888124287128448e-02,-1.417549047619104385e-02,-4.195914953015744686e-04,-1.717783510684967041e-01,1.838362775743007660e-02,2.340102382004261017e-02,-1.174097508192062378e-02,3.280189633369445801e-02,-1.966495253145694733e-02,3.339534997940063477e-02,6.656141486018896103e-03,-1.043267548084259033e-02,1.571307890117168427e-02,3.887807019054889679e-03,-1.578051713295280933e-03,-2.198482304811477661e-02,-6.308834999799728394e-03,-6.919150240719318390e-03,-1.967843994498252869e-02,-2.341451123356819153e-02,4.970188718289136887e-03,9.616674855351448059e-03,1.586144417524337769e-02,2.631434984505176544e-02,-4.592535085976123810e-03,7.344010286033153534e-03,6.356041878461837769e-03,2.889723051339387894e-03,1.533542573451995850e-02,-9.063681587576866150e-03,2.477676048874855042e-02,1.006850972771644592e-02,-3.096758015453815460e-02,3.577591618523001671e-03,-2.164763398468494415e-03,3.709096089005470276e-02,2.278059348464012146e-02,9.522261098027229309e-03,1.750693283975124359e-02,-2.616598643362522125e-02,-3.638285910710692406e-03,1.689324621111154556e-03,1.280649658292531967e-02,1.557820290327072144e-02,1.429687906056642532e-02,1.723718084394931793e-02,-1.727764308452606201e-02,8.942293003201484680e-03,2.469583600759506226e-02,1.590190641582012177e-02,-3.513525472953915596e-03,3.733373805880546570e-02,9.326690807938575745e-03,-1.399340806528925896e-03,-1.532530994154512882e-03,1.241535600274801254e-02,1.695394143462181091e-02,2.596367150545120239e-02,1.248279400169849396e-02,-9.104144759476184845e-03,3.961988724768161774e-03,-8.544408716261386871e-03,-2.395401708781719208e-02,-1.275929063558578491e-02,2.523871138691902161e-03,1.082381699234247208e-02,-1.890964619815349579e-02,3.072480298578739166e-02,-1.707533001899719238e-02,-4.777990281581878662e-03,-2.628400223329663277e-03,-4.798895865678787231e-02,8.760210126638412476e-03,-2.029887028038501740e-02,-2.835098095238208771e-02,1.532193832099437714e-02,-3.067085146903991699e-02,1.188259478658437729e-02,8.733235299587249756e-03,-1.966495253145694733e-02,6.959612946957349777e-03,-3.363475843798369169e-04,1.108008157461881638e-02,-2.916023880243301392e-02,2.781147696077823639e-02,1.315886154770851135e-03,-6.124223582446575165e-04,-6.106521002948284149e-03,2.594681223854422569e-03,1.050685718655586243e-02,-2.162065729498863220e-02,7.323778700083494186e-03,8.733235299587249756e-03,1.281324122101068497e-02,-3.153406083583831787e-02,6.028966978192329407e-03,-1.062150206416845322e-02,9.562724269926548004e-03,3.344930335879325867e-02,9.286227636039257050e-03,-1.307624951004981995e-02,-3.567476058378815651e-03,-1.896696863695979118e-03,1.702137850224971771e-02,-1.379109360277652740e-02,-3.115640580654144287e-02,5.708635784685611725e-03,1.993470452725887299e-02,-1.056080777198076248e-02,1.482289656996726990e-02,1.150494161993265152e-02,2.410238049924373627e-02,-2.625028369948267937e-03,6.447083316743373871e-03,-1.955705229192972183e-03,-1.079009729437530041e-03,3.422484034672379494e-03,-7.890258915722370148e-03,2.574449870735406876e-03,1.177469361573457718e-02,-4.380105063319206238e-03,2.756869979202747345e-02,-2.595018409192562103e-02,4.645137116312980652e-02,1.607555896043777466e-03,-1.564564183354377747e-02,1.389225013554096222e-02,-7.155183237046003342e-03,-1.397654763422906399e-03,-1.436161994934082031e-01,-2.194436080753803253e-02,3.493294119834899902e-03,8.820904418826103210e-03,-1.405410189181566238e-02,4.383477196097373962e-02,2.210284117609262466e-03,1.893662102520465851e-02,-3.919503092765808105e-02,5.685032811015844345e-03,2.373821474611759186e-02,-2.770020393654704094e-03,-2.365391701459884644e-03,-2.505325712263584137e-03,6.231281440705060959e-03,-7.323778700083494186e-03,-1.087439479306340218e-03,-2.093278989195823669e-02,6.602190900593996048e-03,2.522185258567333221e-02,-2.284466056153178215e-03,5.715379957109689713e-03,-2.927235327661037445e-04,-1.385178789496421814e-02,1.174097508192062378e-02,1.029274193570017815e-03,-2.079791203141212463e-02,1.447221823036670685e-02,1.587493158876895905e-02,1.320438180118799210e-02,-1.235466171056032181e-02,1.048978738253936172e-04,-3.353360109031200409e-03,-9.940377436578273773e-03,4.643113818019628525e-03,-1.667070016264915466e-02,-2.840493246912956238e-02,-2.954632218461483717e-04,9.029963053762912750e-03,-2.352241240441799164e-02,1.311671268194913864e-02,1.677860133349895477e-02,-3.334814449772238731e-03,-9.306458756327629089e-03,-2.840830245986580849e-03,-1.139029674232006073e-02,-2.244340255856513977e-02,3.234331682324409485e-02,1.977285370230674744e-02,1.041075796820223331e-03,-3.048202488571405411e-03,-1.592888124287128448e-02,-1.185561995953321457e-02,-1.290765404701232910e-02,1.953007653355598450e-02,-2.290198206901550293e-02,1.718323118984699249e-02,5.300635471940040588e-03,-1.514659915119409561e-02,2.183645963668823242e-02,-1.358877867460250854e-02,1.537588890641927719e-02,1.823526434600353241e-02,3.085967898368835449e-02,1.973239146173000336e-02,-3.077875263988971710e-02,-2.261874265968799591e-02,7.573299575597047806e-03,1.198375225067138672e-02,-4.140700027346611023e-02,5.405164323747158051e-03,-7.539580576121807098e-03,-2.474978566169738770e-03,3.158801048994064331e-02,-2.648968994617462158e-02,-1.509770634584128857e-03,-7.094488944858312607e-03,-3.040109947323799133e-02,-3.559467731975018978e-04,-2.272664196789264679e-02,-1.382481213659048080e-02,-4.811709281057119370e-03,1.803295128047466278e-02,-3.226913511753082275e-03,1.711579225957393646e-02,-1.815771101973950863e-03,3.595799952745437622e-02,-1.907149702310562134e-02,-1.524101290851831436e-02,6.170587148517370224e-03,3.466318827122449875e-03,3.169590979814529419e-02,3.931641578674316406e-03,-4.043589159846305847e-02,3.881063312292098999e-03,1.296834833920001984e-02,-1.115426328033208847e-02,-1.351459696888923645e-02,-3.999080043286085129e-03,1.222652941942214966e-02,-1.998865604400634766e-02,-1.315043121576309204e-02,-3.172288835048675537e-02,1.309648063033819199e-02,-1.832967810332775116e-02,-1.062150206416845322e-02,2.098673954606056213e-02,-1.993470452725887299e-02,-1.630653440952301025e-02,3.026285208761692047e-03,1.921986113302409649e-03,-1.249628141522407532e-02,-4.174418747425079346e-03,1.341344043612480164e-02,-1.147122215479612350e-02,6.780901923775672913e-03,-1.352808438241481781e-02,8.766953833401203156e-03,1.547030266374349594e-02,1.509264856576919556e-02,-3.746187081560492516e-03,1.464755740016698837e-02,1.567261666059494019e-02,1.013594772666692734e-02,1.595585606992244720e-02,1.961100287735462189e-02,-1.671116426587104797e-02,-1.190957054495811462e-02,-4.855543957091867924e-04,2.437213249504566193e-02,7.101233117282390594e-03,-8.200474083423614502e-03,5.529924761503934860e-03,-1.084404811263084412e-02,2.182297222316265106e-02,1.058778353035449982e-02,3.522966802120208740e-02,-7.350753992795944214e-03,-2.789240144193172455e-02,3.067085146903991699e-02,5.003907717764377594e-03,4.013916105031967163e-02,-7.377729285508394241e-03,-2.481722459197044373e-02,1.375063043087720871e-02,-1.544332713820040226e-03,1.888267137110233307e-02,-3.196566365659236908e-03,-3.703701123595237732e-02,2.829703129827976227e-02,2.515441551804542542e-02,-6.332438439130783081e-03,2.651666477322578430e-02,3.736071288585662842e-02,-3.449459327384829521e-03,-2.404842898249626160e-02,-2.437213249504566193e-02,-2.287500724196434021e-02,1.080358494073152542e-02,-6.372901261784136295e-04,-1.522415317595005035e-03,-3.638960421085357666e-02,2.319870889186859131e-02,-1.449919398874044418e-02,-1.506567373871803284e-02,-8.679284714162349701e-03,8.557896129786968231e-03,1.454977202229201794e-03,-7.451910991221666336e-03,2.282105572521686554e-02,-2.485094359144568443e-03,3.870947519317269325e-03,-8.827648125588893890e-03,-1.215909142047166824e-02,-2.326614689081907272e-03,2.395401708781719208e-02,-1.699440367519855499e-02,-4.440799355506896973e-03,-1.669767498970031738e-02,1.460709422826766968e-02,-4.013916105031967163e-02,-1.433059806004166603e-03,8.402788080275058746e-03,-1.727764308452606201e-02,-2.848585695028305054e-02,1.214560307562351227e-02,-4.666717257350683212e-03,1.380458101630210876e-02,-1.754739694297313690e-02,-2.031235769391059875e-02,3.477108851075172424e-02,2.584228292107582092e-02,-7.209133822470903397e-03,1.862977747805416584e-03,1.541803823783993721e-03,1.346739009022712708e-02,-2.925127977505326271e-03,-1.101938728243112564e-02,-3.879040107131004333e-02,1.244907546788454056e-02,8.578127250075340271e-03,2.066303603351116180e-02,-1.957053877413272858e-02,-1.368319243192672729e-02,-1.170051191002130508e-02,-1.091822981834411621e-02,1.635374152101576328e-03,5.027511157095432281e-03,-2.719104662537574768e-02,-1.800597459077835083e-02,-1.872081868350505829e-02,1.099915523082017899e-02,4.373361356556415558e-03,-4.531840980052947998e-02,1.139029674232006073e-02,4.707179963588714600e-03,5.577131640166044235e-03,-1.594911329448223114e-03,1.317740697413682938e-02,1.050011347979307175e-02,-7.438423577696084976e-03,2.773055061697959900e-02,6.791017483919858932e-03,1.040570065379142761e-02,1.115426328033208847e-02,1.302229892462491989e-02,1.702137850224971771e-02,1.112054381519556046e-02,-1.448570564389228821e-02,-3.148011118173599243e-02,-2.101371437311172485e-02,-2.872863411903381348e-02,8.200474083423614502e-03,-2.835098095238208771e-02,-1.255023200064897537e-02,2.920070197433233261e-03,-1.861291751265525818e-02,-5.663747651851736009e-05,8.544408716261386871e-03,3.452831134200096130e-02,-4.124514758586883545e-02,2.244340255856513977e-02,-2.377193421125411987e-03,-9.758294560015201569e-03,-6.919150240719318390e-03,4.798221401870250702e-03,3.299072384834289551e-02,-2.975369431078433990e-02,-1.073108869604766369e-03,-1.211862824857234955e-02,-4.117096774280071259e-03,2.678641676902770996e-02,-2.102382946759462357e-03,1.382481213659048080e-02,-1.947612687945365906e-02,7.701432332396507263e-03,9.751550853252410889e-03,-1.664372533559799194e-02,-4.508237820118665695e-03,6.568471901118755341e-03,1.028431206941604614e-02,2.434515766799449921e-02,-1.174771878868341446e-02,3.285584598779678345e-02,-1.269859634339809418e-02,-2.713709510862827301e-02,-3.239726647734642029e-02,3.323350101709365845e-02,-9.584641084074974060e-04,1.623909734189510345e-02,-2.802727743983268738e-02,2.058211155235767365e-02,1.739903166890144348e-02,-3.363812714815139771e-02,-2.105417847633361816e-02,2.006958052515983582e-02,-1.144340421888045967e-04,1.164993387646973133e-03,-3.242424130439758301e-02,3.557360265403985977e-03,1.908498443663120270e-02,-2.067652344703674316e-02,1.994819194078445435e-02,-2.009655721485614777e-02,-1.018315460532903671e-02,6.236676499247550964e-02,-2.537021599709987640e-02,-7.593531161546707153e-03,-1.388382050208747387e-03,-1.023036148399114609e-02
-1.686679758131504059e-02,-2.280730381608009338e-02,-6.935011595487594604e-03,-1.939946785569190979e-02,-4.922134429216384888e-02,2.766048535704612732e-02,-9.671556763350963593e-04,4.833292216062545776e-03,-1.239815633744001389e-02,-2.185257896780967712e-02,-3.702871967107057571e-03,5.005673039704561234e-03,-1.515624951571226120e-02,-9.673214517533779144e-03,-3.600106341764330864e-03,2.927821315824985504e-02,3.805637359619140625e-02,3.134346799924969673e-03,-1.817954331636428833e-02,-9.547243826091289520e-03,-1.951880939304828644e-02,9.746144525706768036e-03,-2.097741514444351196e-02,6.389691843651235104e-04,-8.168197236955165863e-03,-1.001134607940912247e-02,1.772870123386383057e-02,-2.366920746862888336e-02,9.341713041067123413e-03,-2.906605228781700134e-02,-2.486261352896690369e-02,-6.391349248588085175e-03,-2.139842370525002480e-03,-2.232994139194488525e-02,-4.277695342898368835e-02,-3.825527383014559746e-03,-4.379135090857744217e-03,-7.319553289562463760e-03,2.617535926401615143e-02,-8.062116801738739014e-03,3.101196605712175369e-03,-3.480765968561172485e-03,-4.130508750677108765e-03,-1.255727745592594147e-02,-2.071221359074115753e-02,4.312834702432155609e-03,-1.528884936124086380e-02,-1.856408431194722652e-03,-4.584665875881910324e-03,-3.248714783694595098e-04,3.410487622022628784e-02,-4.544885829091072083e-03,8.141676895320415497e-03,-2.604275941848754883e-02,1.061467826366424561e-02,6.553784944117069244e-03,-7.525084074586629868e-03,6.315103732049465179e-03,-1.656181551516056061e-02,8.494726498611271381e-04,-2.232662634924054146e-03,2.970253489911556244e-02,-1.454628631472587585e-02,1.693309657275676727e-02,-7.538344245404005051e-03,-3.596791299059987068e-03,-2.144151739776134491e-02,2.760744653642177582e-02,-2.224375028163194656e-03,-2.522063441574573517e-02,2.713008411228656769e-02,1.065984542947262526e-04,-1.990666612982749939e-03,-2.403385937213897705e-03,1.486452762037515640e-02,-3.442311659455299377e-02,-2.600297890603542328e-02,-4.362559877336025238e-03,-1.617727428674697876e-02,-1.514961943030357361e-03,-9.321822784841060638e-03,-1.477170735597610474e-02,-2.652011997997760773e-02,1.491756830364465714e-02,-5.993547383695840836e-03,6.736110895872116089e-03,9.938415139913558960e-03,1.152962259948253632e-02,1.495734788477420807e-02,1.268381765839876607e-05,2.205147966742515564e-02,3.590161446481943130e-03,7.352703716605901718e-03,1.514298934489488602e-02,-9.766034781932830811e-03,1.747012953273952007e-03,-2.069895528256893158e-02,3.025945834815502167e-02,-8.778160437941551208e-03,-3.610051469877362251e-03,1.310756988823413849e-02,2.243602275848388672e-02,-1.064782869070768356e-02,-3.023293800652027130e-03,-1.829888299107551575e-02,-2.552561648190021515e-02,-2.349682711064815521e-02,-3.108158148825168610e-02,1.678723655641078949e-02,-1.636291481554508209e-02,2.888041175901889801e-02,2.999425679445266724e-02,2.431895025074481964e-02,-4.150398820638656616e-02,1.819280348718166351e-02,-2.274100296199321747e-02,1.515624951571226120e-02,-8.643901674076914787e-04,-1.490430813282728195e-02,-3.389271348714828491e-02,-1.402914430946111679e-02,7.830065675079822540e-03,9.527353569865226746e-03,-1.851104386150836945e-02,7.286403328180313110e-03,9.679844370111823082e-04,-3.309711068868637085e-02,-1.023013703525066376e-02,5.867576692253351212e-03,-2.594993822276592255e-02,3.731381148099899292e-02,-6.310960161499679089e-04,3.508612141013145447e-02,-1.656471577007323503e-04,1.877624541521072388e-02,-5.832354872836731374e-05,-6.053217686712741852e-03,-1.137050148099660873e-02,1.558057125657796860e-02,-5.022247787564992905e-03,5.466459784656763077e-03,1.588555239140987396e-02,1.709221862256526947e-02,1.275617815554141998e-02,2.006247080862522125e-02,-1.076551154255867004e-03,9.162701666355133057e-03,4.611186217516660690e-03,-9.215742349624633789e-03,-9.971565566956996918e-03,2.174649946391582489e-02,-1.600489206612110138e-02,3.251366689801216125e-02,-1.742371916770935059e-02,8.546109311282634735e-03,3.426399454474449158e-02,-5.512869916856288910e-03,1.714525744318962097e-02,-8.711859583854675293e-03,-8.943910710513591766e-03,-1.385676302015781403e-02,3.094898164272308350e-02,7.458784151822328568e-03,-1.067434903234243393e-03,3.017989732325077057e-02,2.632121928036212921e-02,8.121787104755640030e-04,4.694061353802680969e-03,-1.290203910320997238e-02,-2.234320156276226044e-02,2.426591143012046814e-02,2.152107842266559601e-02,-1.149647217243909836e-02,2.669250220060348511e-02,-1.168874371796846390e-02,2.565821632742881775e-02,-1.292192935943603516e-02,2.922517247498035431e-02,-2.714334428310394287e-02,-4.405654966831207275e-03,-4.479248449206352234e-02,1.538167055696249008e-02,2.254210226237773895e-02,4.216699395328760147e-03,1.083346921950578690e-02,-1.487613073550164700e-03,4.243219271302223206e-03,-5.605690646916627884e-03,6.225598510354757309e-03,-1.408218406140804291e-02,3.686296753585338593e-03,6.560415029525756836e-03,-1.713199727237224579e-02,-5.516184959560632706e-03,-6.415747404098510742e-01,-2.630795910954475403e-02,-3.017989732325077057e-02,7.757135201245546341e-03,3.706187009811401367e-03,7.856586016714572906e-03,1.666789688169956207e-02,-9.805814363062381744e-03,-2.681184187531471252e-02,5.300709046423435211e-03,-1.457280665636062622e-02,1.782152056694030762e-02,1.143017224967479706e-02,-2.426591143012046814e-02,6.583619862794876099e-03,-1.489104796200990677e-02,1.705243811011314392e-02,-1.457280665636062622e-02,-7.060982286930084229e-03,7.723985239863395691e-03,-3.086279146373271942e-03,-1.935968874022364616e-03,7.651054766029119492e-03,-1.333299092948436737e-02,1.290866918861865997e-02,7.246622815728187561e-03,1.943924836814403534e-02,-2.642730064690113068e-02,1.063456851989030838e-02,1.173515338450670242e-02,-2.540627494454383850e-02,2.808480896055698395e-02,-4.521680530160665512e-03,3.034896450117230415e-03,3.956802189350128174e-02,-1.898840628564357758e-02,-3.267278894782066345e-02,2.600297890603542328e-02,2.038071304559707642e-02,2.267470397055149078e-02,-3.402531519532203674e-02,-1.345233153551816940e-02,1.795080723240971565e-03,-1.274954807013273239e-02,2.224375028163194656e-03,2.965281018987298012e-03,3.951497841626405716e-03,-9.321822784841060638e-03,2.454437129199504852e-02,2.022159285843372345e-02,3.423747792840003967e-02,-2.316532470285892487e-02,-2.743175020441412926e-03,9.096401743590831757e-03,6.026697345077991486e-03,2.162715792655944824e-02,1.567339152097702026e-02,-2.522063441574573517e-02,-2.031441219151020050e-02,2.371893264353275299e-03,2.034590579569339752e-04,2.284708432853221893e-02,-1.373742241412401199e-02,-6.534723797813057899e-04,-3.938238136470317841e-03,2.476979233324527740e-02,-7.352703716605901718e-03,6.606825161725282669e-03,3.094898164272308350e-02,-1.233848650008440018e-02,1.141691207885742188e-02,1.402914430946111679e-02,-3.682981710880994797e-03,-7.525084074586629868e-03,1.821932382881641388e-02,3.863981738686561584e-02,1.817954331636428833e-02,-7.969296537339687347e-03,-1.839170418679714203e-02,-2.290012501180171967e-02,2.494548913091421127e-03,5.522815044969320297e-03,-2.888041175901889801e-02,1.717177801765501499e-03,4.843236878514289856e-03,-7.591384463012218475e-03,-6.702960468828678131e-03,-2.479631220921874046e-03,-2.274100296199321747e-02,3.619996597990393639e-03,3.291809931397438049e-03,3.418443724513053894e-02,1.493082847446203232e-02,-1.544797047972679138e-02,3.261974826455116272e-02,1.804694160819053650e-02,-8.101897314190864563e-03,1.882928609848022461e-02,1.390980370342731476e-02,-6.941641680896282196e-03,-1.360482163727283478e-02,-4.601241089403629303e-03,2.681184187531471252e-02,1.854750909842550755e-03,2.234320156276226044e-02,1.924366224557161331e-03,-6.212338339537382126e-03,-5.993547383695840836e-03,2.312554605305194855e-02,-3.439659625291824341e-02,-2.780468785203993320e-04,-8.497963790432550013e-07,9.489230578765273094e-04,5.008987616747617722e-03,-2.808480896055698395e-02,-2.763396687805652618e-02,-6.358198821544647217e-03,1.577118411660194397e-03,2.345704659819602966e-02,-4.216699302196502686e-02,2.122935652732849121e-02,1.479822769761085510e-02,9.630118729546666145e-04,2.199512440711259842e-03,-1.501038856804370880e-02,1.566013135015964508e-02,-1.718503795564174652e-02,-3.516567870974540710e-02,-2.531842910684645176e-04,2.680189674720168114e-03,1.274623326025903225e-03,-1.446672622114419937e-02,2.486261352896690369e-02,-4.816717002540826797e-03,1.190753467381000519e-02,5.496295168995857239e-03,2.219734154641628265e-02,-8.141676895320415497e-03,1.573969237506389618e-02,-2.940418431535363197e-03,-6.895231548696756363e-03,-4.574720747768878937e-03,1.536841038614511490e-02,-8.062116801738739014e-03,1.772870123386383057e-02,-5.447232723236083984e-02,1.695630257017910480e-03,-1.538995769806206226e-03,-2.105697616934776306e-02,1.234014402143657207e-03,1.703917793929576874e-02,-8.857720531523227692e-03,-3.100202046334743500e-02,1.550101023167371750e-02,6.305158603936433792e-03,9.580393671058118343e-04,3.207277040928602219e-03,1.019698660820722580e-02,9.613543748855590820e-03,-6.782521028071641922e-03,6.686385255306959152e-03,5.972331389784812927e-02,-1.466562692075967789e-02,-2.234320156276226044e-02,1.495734788477420807e-02,-1.560709159821271896e-02,-1.137050148099660873e-02,1.301474962383508682e-02,6.746055558323860168e-03,-3.487395867705345154e-02,3.055117838084697723e-02,1.684027723968029022e-03,-1.959836855530738831e-02,3.718120977282524109e-02,-9.487573057413101196e-03,1.693309657275676727e-02,-2.593667805194854736e-02,-2.107023634016513824e-02,1.347760844510048628e-04,1.778174191713333130e-02,1.466562692075967789e-02,2.065254375338554382e-03,-3.113462217152118683e-02,-1.494408771395683289e-02,-1.400262396782636642e-02,-1.247771643102169037e-02,-5.645470693707466125e-03,4.478585440665483475e-03,-1.134563935920596123e-03,7.226733025163412094e-03,3.566956147551536560e-03,9.308562614023685455e-03,9.666584432125091553e-03,1.190090458840131760e-02,1.099756220355629921e-03,1.182797364890575409e-02,3.012685663998126984e-02,7.077557384036481380e-04,-3.878567600622773170e-03,4.322779551148414612e-02,2.206142526119947433e-03,-3.716131905093789101e-03,3.078985959291458130e-02,-6.988051813095808029e-03,2.065917477011680603e-02,-4.182223230600357056e-02,-7.571494672447443008e-03,-1.277606841176748276e-02,1.959836855530738831e-02,-7.863216102123260498e-03,-1.150973234325647354e-02,-1.512972917407751083e-02,-2.262166328728199005e-02,-7.001311983913183212e-03,3.200647188350558281e-03,2.927821315824985504e-02,1.733089983463287354e-02,1.380372326821088791e-02,8.353838347829878330e-04,-5.071972962468862534e-03,5.913986824452877045e-03,-1.597837358713150024e-02,-1.243793684989213943e-02,-1.368438266217708588e-02,-2.217082120478153229e-02,1.196057442575693130e-02,2.819088846445083618e-02,1.345896162092685699e-03,-5.973657127469778061e-03,7.849955931305885315e-03,3.808123583439737558e-04,-7.372593507170677185e-03,8.393618278205394745e-03,3.744640946388244629e-02,-3.269930928945541382e-02,-7.246622815728187561e-03,7.102419622242450714e-04,-1.803368143737316132e-02,1.218599546700716019e-02,-3.911717981100082397e-02,-1.649551466107368469e-02,2.933125384151935577e-02,2.416646108031272888e-03,4.578035790473222733e-03,1.081357896327972412e-02,4.873072321061044931e-04,3.521871939301490784e-02,1.971771009266376495e-02,2.371893264353275299e-03,2.117631584405899048e-02,-1.950554922223091125e-02,3.527176100760698318e-03,-1.462584640830755234e-02,2.145477756857872009e-02,-1.107215043157339096e-02,-4.847878217697143555e-02,3.275234997272491455e-02,1.245782710611820221e-02,3.368055447936058044e-02,7.220102939754724503e-03,6.775890942662954330e-03,-8.254387415945529938e-03,5.035507958382368088e-03,-6.364828906953334808e-03,1.998291164636611938e-02,-1.494408771395683289e-02,1.487778779119253159e-02,-2.179622417315840721e-03,-5.904041696339845657e-03,-1.278932858258485794e-02,-4.369189962744712830e-03,-6.262063514441251755e-03,-1.882928609848022461e-02,1.092628948390483856e-02,1.123127155005931854e-02,-3.704529372043907642e-04,-6.530579645186662674e-03,-1.041743555106222630e-03,1.585903204977512360e-02,3.322971239686012268e-02,-2.819088846445083618e-02,-4.601240903139114380e-02,2.406700886785984039e-02,2.686488255858421326e-02,-7.823435589671134949e-03,-1.560709159821271896e-02,-4.882354289293289185e-02,-3.329932689666748047e-03,-2.321836538612842560e-02,-8.009076118469238281e-03,-1.819280348718166351e-02,1.931990869343280792e-02,1.157603319734334946e-02,-1.461258623749017715e-02,-1.396284345537424088e-02,1.147658191621303558e-02,1.787456125020980835e-02,-2.158737927675247192e-02,4.033710435032844543e-02,-4.263109527528285980e-03,-3.384630428627133369e-03,-2.284708432853221893e-02,-1.579273119568824768e-02,1.305452920496463776e-02,4.237915202975273132e-02,1.756957964971661568e-03,3.417780622839927673e-03,-5.506240297108888626e-03,-8.572628721594810486e-03,-4.485215526074171066e-03,-3.134678304195404053e-02,-9.202482178807258606e-03,-1.141028199344873428e-02,1.005775574594736099e-02,-1.688005775213241577e-02,1.085667405277490616e-03,7.120652589946985245e-03,-1.257053762674331665e-02,1.288877893239259720e-02,-2.511455491185188293e-02,1.812650263309478760e-02,-1.245119702070951462e-02,-3.573586232960224152e-03,-3.560326294973492622e-03,9.939741343259811401e-02,5.294078961014747620e-03,3.941553179174661636e-03,1.706569828093051910e-02,2.925169281661510468e-02,2.522063441574573517e-02,-1.497060805559158325e-02,-2.317195525392889977e-03,-5.207888782024383545e-03,-2.608916955068707466e-03,-3.217222169041633606e-03,-1.577947102487087250e-02,2.400070987641811371e-02,-2.087133564054965973e-02,4.107966646552085876e-02,1.166222337633371353e-02,-3.614692389965057373e-02,-1.877624541521072388e-02,1.160918269306421280e-02,2.095089480280876160e-02,-9.560503996908664703e-03,5.048768129199743271e-03,9.686473757028579712e-03,4.180233925580978394e-03,1.642590039409697056e-03,4.147083964198827744e-03,1.043566782027482986e-02,1.101248059421777725e-02,-4.730526357889175415e-03,-1.490430813282728195e-02,1.343409880064427853e-03,6.543839816004037857e-03,-5.025562830269336700e-03,1.881602592766284943e-02,2.479631220921874046e-03,-5.791331175714731216e-03,-1.028980687260627747e-02,1.649551466107368469e-02,1.342581119388341904e-03,1.340923598036170006e-03,1.056826859712600708e-02,1.705243811011314392e-02,7.783655542880296707e-03,-2.533997595310211182e-02,-1.338603068143129349e-02,-1.040251739323139191e-02,4.220014438033103943e-03,1.410870440304279327e-02,-9.136181324720382690e-03,-4.956610500812530518e-02,1.003123540431261063e-02,-1.184786390513181686e-02,-9.693103842437267303e-03,-2.028789184987545013e-02,6.146037951111793518e-03,-9.189222007989883423e-03,1.034947764128446579e-02,2.028789184987545013e-02,-1.189427450299263000e-02,2.252552658319473267e-03,-8.280907757580280304e-03,-2.695770375430583954e-02,1.457280665636062622e-02,2.802845323458313942e-03,-1.263683754950761795e-02,5.257613956928253174e-03,-1.384350284934043884e-02,7.558234501630067825e-03,-2.122935652732849121e-02,8.512958884239196777e-03,-5.121698137372732162e-03,-1.014394592493772507e-02,4.641021136194467545e-03,-2.444823738187551498e-03,2.193213999271392822e-02,4.187526926398277283e-02,-3.702457470353692770e-04,1.032295729964971542e-02,8.314058184623718262e-03,3.874589502811431885e-02,1.363134197890758514e-02,-2.362942695617675781e-02,-5.181368440389633179e-03,-2.451453590765595436e-03,-2.816436812281608582e-02,1.892210543155670166e-02,-8.241127245128154755e-03,1.742040389217436314e-03,-2.927821315824985504e-02,1.063456851989030838e-02,-9.560503996908664703e-03,-2.910583280026912689e-03,-1.835192367434501648e-02,2.256862260401248932e-02,1.589881256222724915e-02,-1.664966344833374023e-03,5.179379507899284363e-02,-3.155894344672560692e-03,1.781820668838918209e-03,-1.103900000452995300e-02,2.837652899324893951e-02,-1.062130834907293320e-02,6.853793747723102570e-04,1.498386845923960209e-03,3.421095758676528931e-02,8.042226545512676239e-03,-2.024811320006847382e-02,2.028789184987545013e-02,-2.042049355804920197e-02,-1.627009361982345581e-02,1.160255260765552521e-02,-4.123878851532936096e-02,-4.876387305557727814e-03,-1.008427608758211136e-02,-9.083141339942812920e-04,1.575295254588127136e-02,1.026991661638021469e-02,5.691218003630638123e-02,3.962105885148048401e-02,2.080172067508101463e-03,-2.035419270396232605e-02,-2.634773962199687958e-02,2.414656989276409149e-02,1.558057125657796860e-02,-2.967601455748081207e-02,-4.541570786386728287e-03,-1.419655163772404194e-03,-2.324488572776317596e-02,-1.121138129383325577e-02,1.422804500907659531e-02,3.805637359619140625e-03,3.596128523349761963e-02,2.736876532435417175e-02,-9.752774611115455627e-03,-3.203630447387695312e-02,5.698510911315679550e-03,-1.967792958021163940e-02,3.291146829724311829e-02,-2.829696983098983765e-02,7.942776195704936981e-03,8.341406937688589096e-04,-3.555353614501655102e-04,-2.182605862617492676e-02,-4.097358509898185730e-02,-2.956993505358695984e-02,-4.455380141735076904e-02,1.613749377429485321e-02,1.419655163772404194e-03,-5.519500002264976501e-03,1.099922042340040207e-02,-1.307441946119070053e-02,-6.968161556869745255e-03,-2.930473349988460541e-02,-1.387002319097518921e-02,8.247757330536842346e-03,-2.232994139194488525e-02,-1.200698502361774445e-02,-2.709030359983444214e-02,1.983704976737499237e-02,2.763396687805652618e-02,1.154288277029991150e-02,-3.159209387376904488e-03,1.566013135015964508e-02,-4.392394912429153919e-04,-4.233274143189191818e-03,-2.670659159775823355e-04,-4.796826746314764023e-03,-5.429994780570268631e-03,-5.232419818639755249e-02,6.414554081857204437e-03,1.645573414862155914e-02,-1.585406018421053886e-03,2.819088846445083618e-02,-7.253252901136875153e-03,1.560709159821271896e-02,3.484743833541870117e-02,-7.989186793565750122e-03,-9.108004160225391388e-04,-6.789151113480329514e-03,-3.232802823185920715e-02,6.182502955198287964e-03,-2.555213682353496552e-02,1.328658033162355423e-02,2.357638813555240631e-02,-1.033621747046709061e-02,-3.494025906547904015e-03,6.371458992362022400e-03,-4.819203168153762817e-04,-3.145286440849304199e-02,-6.994681898504495621e-03,1.253075711429119110e-02,-1.373742241412401199e-02,3.155894204974174500e-02,1.490099239163100719e-03,3.232139715692028403e-05,-6.076422519981861115e-03,-1.239893390447832644e-05,2.528693526983261108e-02,-5.393529776483774185e-03,8.420138619840145111e-03,4.802628245670348406e-04,-1.347553683444857597e-03,-2.677206136286258698e-02,-2.171997912228107452e-02,-1.011742651462554932e-02,1.673419587314128876e-02,-1.503359409980475903e-03,-1.847126334905624390e-02,1.788782142102718353e-02,-3.023293800652027130e-02,-9.920182637870311737e-04,-1.213295571506023407e-02,-2.120283618569374084e-02,-3.490047901868820190e-02,5.171423777937889099e-03,-8.745010010898113251e-03,-1.865690574049949646e-02,1.808672212064266205e-02,-3.084290027618408203e-02,-2.911909297108650208e-02,-2.504908188711851835e-04,5.047110607847571373e-04,2.914561331272125244e-02,-7.458784151822328568e-03,1.878950558602809906e-02,3.126722201704978943e-02,-1.264346763491630554e-02,-1.111856102943420410e-02,-2.526041585952043533e-03,-1.196720451116561890e-02,-4.757046699523925781e-03,2.063265442848205566e-02,2.423939108848571777e-02,-2.027463167905807495e-02,1.487613073550164700e-03,-1.625683344900608063e-02,-9.315192699432373047e-03,-9.945045225322246552e-03,-4.145094752311706543e-02,2.776656672358512878e-02,5.555965472012758255e-03,2.301946468651294708e-02,2.084481529891490936e-02,-1.770218089222908020e-02,-8.095267228782176971e-03,2.251558192074298859e-02,-6.646605208516120911e-03,1.291529927402734756e-02,-2.292664535343647003e-02,-2.655990049242973328e-02,-1.396284345537424088e-02,-4.103988874703645706e-03,-1.148321200162172318e-02,8.115156553685665131e-03,-5.065342877060174942e-03,-2.128239721059799194e-02,-4.014483187347650528e-03,2.180658339057117701e-05,-1.878950558602809906e-02,1.695961691439151764e-02,-1.219262555241584778e-02,8.406878449022769928e-03,-1.011908403597772121e-03,4.644336178898811340e-03,1.189427450299263000e-02,1.119812112301588058e-02,-2.165367826819419861e-02,1.398936379700899124e-02,-2.270122431218624115e-02,2.397418953478336334e-02,-2.683836221694946289e-02,1.275452086701989174e-03,2.149455808103084564e-02,-6.580304820090532303e-03,1.941272802650928497e-02,-5.294078961014747620e-03,1.242467667907476425e-02,-1.978401094675064087e-02,-4.105314612388610840e-02,-2.268796414136886597e-02,2.076525427401065826e-02,3.663091687485575676e-03,3.322971239686012268e-02,1.295507885515689850e-02,-6.739425938576459885e-03,-2.986165694892406464e-02,2.404680890322197229e-05,-7.372593507170677185e-03,2.980861626565456390e-02,4.047633614391088486e-03,-1.723807863891124725e-02,-6.961531937122344971e-03,6.248803343623876572e-03,2.397418953478336334e-02,8.095267228782176971e-03,3.068046411499381065e-03,1.869668439030647278e-02,3.511264175176620483e-02,-2.986165694892406464e-02,1.719829812645912170e-02,-1.098596025258302689e-02,-1.329984050244092941e-02,-9.202482178807258606e-03,9.149441495537757874e-03,1.595185324549674988e-02,-2.171997912228107452e-02,6.159298121929168701e-03,-2.434547059237957001e-02,-3.834809362888336182e-02,6.576989777386188507e-03,-8.035596460103988647e-03,1.100585050880908966e-02,1.630987413227558136e-02,-1.373742241412401199e-02,-7.684205193072557449e-03,-6.954901851713657379e-03,2.340400591492652893e-02,-3.086942061781883240e-02,-5.463144928216934204e-02,2.189235948026180267e-02,1.804694160819053650e-02,2.482283301651477814e-02,2.956993505358695984e-02,-1.788782142102718353e-02,-1.292027183808386326e-03,3.569608181715011597e-02,2.633779542520642281e-03,5.804591346532106400e-03,-2.962794678751379251e-04,-5.804591346532106400e-03,-2.540130226407200098e-04,5.095178261399269104e-03,-6.464279256761074066e-03,-1.189427450299263000e-02,1.640269532799720764e-02,-1.979727111756801605e-02,1.326005998998880386e-02,1.819943310692906380e-03,9.841450810199603438e-05,-2.153433859348297119e-02,6.360685219988226891e-04,1.229207590222358704e-02,-1.885580644011497498e-02,-1.507668849080801010e-02,-1.118486095219850540e-02,5.771441385149955750e-03,-9.633434005081653595e-03,-7.326183374971151352e-03,-2.417309023439884186e-02,-2.731572464108467102e-02,-2.750136516988277435e-02,4.068186506628990173e-02,9.998085908591747284e-03,-2.768700569868087769e-02,1.992324134334921837e-03,1.034947764128446579e-02,-4.699365422129631042e-02,-3.612040355801582336e-02,-2.620187960565090179e-02,1.873646490275859833e-02,6.089682690799236298e-03,5.751551128923892975e-03,2.435873076319694519e-02,1.125116087496280670e-02,1.550101023167371750e-02,2.121609635651111603e-02,-1.580599136650562286e-02,-1.461921609006822109e-03,1.550101023167371750e-02,-1.941272802650928497e-02,-1.251749694347381592e-02,-4.604556132107973099e-03,-5.229767784476280212e-02,-1.929338835179805756e-02,4.102662578225135803e-02,-2.357638813555240631e-02,-4.607871174812316895e-03,1.533194445073604584e-03,1.702591776847839355e-02,4.369189962744712830e-03,-1.197549165226519108e-03,1.927681267261505127e-03,2.153433859348297119e-02,-1.817954331636428833e-02,7.651054766029119492e-03,-1.048207748681306839e-02,-8.957170881330966949e-03,2.206142526119947433e-03,1.585903204977512360e-02,-9.434533305466175079e-03,-1.670767669565975666e-03,5.323914345353841782e-03,-1.678723655641078949e-02,-1.664137654006481171e-02,-9.984825737774372101e-03,-1.790108159184455872e-03,-1.267661806195974350e-02,3.261974779888987541e-03,3.861329704523086548e-02,-1.751654036343097687e-02,-1.116497069597244263e-02,2.476979233324527740e-02,-3.158546239137649536e-02,-2.199844084680080414e-02,-6.476710550487041473e-04,2.588363736867904663e-02,-1.345896162092685699e-03,-1.237826608121395111e-02,-1.308767963200807571e-02,-2.638752013444900513e-02,-1.930664852261543274e-02,-6.696330383419990540e-03,1.133072189986705780e-02,-2.344378642737865448e-02,2.781960740685462952e-02,-2.417309023439884186e-02,1.563029596582055092e-03,-1.786130107939243317e-02,3.386619314551353455e-02,1.924034766852855682e-02,5.340489558875560760e-03,2.026137150824069977e-02,2.129565738141536713e-02,2.112327702343463898e-02,-8.758270181715488434e-03,-2.988817542791366577e-02,7.617904804646968842e-03,9.600283578038215637e-03,-2.194540016353130341e-02,-4.896277096122503281e-03,3.649831749498844147e-03,-2.136195823550224304e-02,-1.027654670178890228e-02,7.385853677988052368e-03,-3.291146829724311829e-02,2.859200583770871162e-03,1.885050237178802490e-01,-8.678709156811237335e-03,-4.064208362251520157e-03,3.288495168089866638e-02,1.874972507357597351e-02,3.417780622839927673e-03,1.318712998181581497e-02,1.203350443392992020e-02,-1.458606682717800140e-02,9.215742349624633789e-03,5.403474438935518265e-03,-3.649831749498844147e-03,-1.281584799289703369e-02,-1.836518407799303532e-03,9.527353569865226746e-03,-1.649551466107368469e-02,-2.284708432853221893e-02,-2.177301980555057526e-02,-2.234320156276226044e-03,-3.702208772301673889e-02,1.448247203370556235e-04,1.140365190804004669e-02,5.413419567048549652e-03,-3.126722201704978943e-02,4.768317565321922302e-02,-8.924020454287528992e-03,-1.928012818098068237e-02,7.060982286930084229e-03,3.065725974738597870e-02,4.087413661181926727e-03,-2.450459077954292297e-02,-2.072547376155853271e-02,8.168197236955165863e-03,4.985782783478498459e-03,-7.571494672447443008e-03,6.746055558323860168e-03,1.771544106304645538e-02,3.785747336223721504e-03,5.579170305281877518e-03,-6.994681898504495621e-03,2.240950241684913635e-02,-1.326006022281944752e-03,1.104563008993864059e-02,-6.689700298011302948e-03,-9.746144525706768036e-03,5.801276303827762604e-03,1.129757147282361984e-02,-5.927246995270252228e-03,-2.498195320367813110e-02,-1.129591371864080429e-03,-2.301946468651294708e-02,3.865307662636041641e-03,2.580407820641994476e-02,1.272965804673731327e-03,-1.803368143737316132e-02,1.350039849057793617e-03,3.951497841626405716e-03,3.418443724513053894e-02,-3.535132110118865967e-02,1.177493389695882797e-02,1.057489775121212006e-03,7.001311983913183212e-03,-1.122464146465063095e-02,2.467697300016880035e-02,-2.972905524075031281e-02,2.637425996363162994e-02,-3.993930295109748840e-02,-4.583008412737399340e-04,-2.300620544701814651e-03,-3.466179966926574707e-02,6.480854353867471218e-04,-9.328452870249748230e-03,-1.007101591676473618e-02,2.174649946391582489e-02,1.466894173063337803e-03,-4.769478109665215015e-04,2.560517750680446625e-02,7.777025457471609116e-03,2.284045331180095673e-03,-7.617904804646968842e-03,-2.943733474239706993e-03,-9.268782101571559906e-03,-4.206754267215728760e-03,-7.770395372062921524e-03,-5.426679737865924835e-03,-1.199372485280036926e-02,2.697096206247806549e-02,9.235631674528121948e-03,-1.418826449662446976e-02,2.210452035069465637e-02,7.385853677988052368e-03,-1.943924836814403534e-02,-1.373742241412401199e-02,3.387945471331477165e-03,-2.492891391739249229e-03,6.334993988275527954e-03,1.665463671088218689e-02,-1.268324814736843109e-02,-2.004921063780784607e-02,-9.242261759936809540e-03,-1.078042946755886078e-02,9.132866398431360722e-04,9.129551239311695099e-03,2.628806978464126587e-03,2.259182743728160858e-03,1.059768910636194050e-04,1.939946785569190979e-02,2.354986779391765594e-02,-1.089313998818397522e-02,-1.413522474467754364e-02,-2.454437129199504852e-02,-3.333579376339912415e-02,-7.127282675355672836e-03,8.420138619840145111e-04,3.840113431215286255e-02,-2.882405649870634079e-03,4.041003528982400894e-03,1.451976597309112549e-02,1.706569828093051910e-02,1.487778779119253159e-02,1.770218089222908020e-02,-8.751640096306800842e-03,1.774196140468120575e-02,5.257613956928253174e-03,1.409544423222541809e-02,-2.527699107304215431e-03,-2.559191733598709106e-02,2.597645856440067291e-02,-1.782152056694030762e-02,-3.930281847715377808e-02,2.551235631108283997e-02,-1.567339152097702026e-02,1.667452626861631870e-03,-7.956036366522312164e-03,1.242467667907476425e-02,-4.826662130653858185e-03,-2.064591459929943085e-02,-3.325623273849487305e-02,-8.128416724503040314e-03,1.490430813282728195e-02,6.265378324314951897e-04,1.843148469924926758e-02,2.653338015079498291e-02,6.351568736135959625e-03,-1.361808180809020996e-02,-7.677575107663869858e-03,1.825910247862339020e-02,2.441508695483207703e-03,-2.978541189804673195e-03,1.928012818098068237e-02,-1.941272802650928497e-02,1.100585050880908966e-02,1.341918110847473145e-02,-8.817940251901745796e-04,3.885197639465332031e-02,-1.371090207248926163e-02,-9.156071580946445465e-03,-5.797961261123418808e-03,1.272302772849798203e-02,-1.020195893943309784e-03,-5.770778283476829529e-02,2.063265442848205566e-02,7.114022504538297653e-03,-3.023293800652027130e-02,-6.089682690799236298e-03,-1.200698502361774445e-02,-1.672889292240142822e-01,7.518454454839229584e-03,1.164896320551633835e-02,-2.499521337449550629e-02,3.840113431215286255e-02,-1.023676712065935135e-02,2.949037402868270874e-02,2.092437446117401123e-02,-1.833866350352764130e-02,-8.327318355441093445e-03,9.474312886595726013e-03,-1.288877893239259720e-02,-2.983513660728931427e-02,-2.071884460747241974e-03,1.746349968016147614e-02,7.206842768937349319e-03,-1.357167214155197144e-02,-4.332724958658218384e-03,2.150781825184822083e-02,1.605793274939060211e-02,2.419961057603359222e-02,8.168197236955165863e-03,3.184071974828839302e-03,1.072738878428936005e-02,-1.081523718312382698e-03,2.917213365435600281e-02,-1.544797047972679138e-02,2.195866033434867859e-02,1.206665486097335815e-02,-2.882737107574939728e-02,-2.015943609876558185e-04,-1.648391247726976871e-03,3.362751379609107971e-02,1.040086033754050732e-03,1.796738244593143463e-02,1.572643220424652100e-02,-2.636099979281425476e-02,-2.085144398733973503e-03,-2.065254375338554382e-03,1.400262396782636642e-02,1.520928926765918732e-02,1.745023950934410095e-02,1.155614294111728668e-02,-6.981421727687120438e-03,2.038071304559707642e-02,2.023485302925109863e-02,1.668115518987178802e-02,1.689331792294979095e-02,2.919865399599075317e-02,-8.565998636186122894e-03,5.168108735233545303e-03,4.408970009535551071e-03,3.203630447387695312e-02,4.528310615569353104e-03,1.262357737869024277e-02,2.645382098853588104e-02,-1.009090617299079895e-02,1.119812112301588058e-02,-2.015529200434684753e-02,-1.825910247862339020e-02,-8.890870958566665649e-03,-6.474224384874105453e-03,2.055309340357780457e-02,-1.346559170633554459e-02,7.074242457747459412e-03,-1.345896162092685699e-02,4.541570669971406460e-04,-2.614718105178326368e-04,-3.405183553695678711e-02,1.028980687260627747e-02,-9.739514440298080444e-03,-1.544797047972679138e-02,4.279684741050004959e-03,-2.564495615661144257e-02,1.145669259130954742e-02,1.782152056694030762e-02,-2.655990049242973328e-02,2.760744653642177582e-02,-7.193582598119974136e-03,-9.136181324720382690e-03,-2.646708115935325623e-02,2.617535926401615143e-02,-5.280819255858659744e-03,1.017046626657247543e-02,-2.774004638195037842e-02,2.950363559648394585e-03,-2.607259433716535568e-03,-1.129094138741493225e-02,8.844460360705852509e-03,1.478496752679347992e-02,1.241141650825738907e-02,-2.555213682353496552e-02,-3.280207514762878418e-03,-3.543088212609291077e-02,1.306115998886525631e-03,2.602949924767017365e-02,7.233363110572099686e-03,9.659954346716403961e-03,-3.404106246307492256e-04,-1.324017066508531570e-02,1.970444992184638977e-02,-1.364460214972496033e-02,-3.147938475012779236e-02,1.582090975716710091e-03,3.073682077229022980e-02,1.195394434034824371e-02,1.164896320551633835e-02,4.200124181807041168e-03,4.214047268033027649e-02,8.459918200969696045e-03,-8.038911619223654270e-04,3.064731368795037270e-03,-1.485126744955778122e-02,1.289540901780128479e-02,1.788450637832283974e-03,-2.010556636378169060e-03,8.022336289286613464e-03,9.116291999816894531e-03,2.398744970560073853e-02,-7.206842768937349319e-03,6.667158752679824829e-02,-1.430760510265827179e-02,-1.190090458840131760e-02,-9.898635558784008026e-03,-2.332444675266742706e-02,-1.896188594400882721e-02,-1.305850744247436523e-01,-5.221148952841758728e-03,9.202482178807258606e-03,1.844474487006664276e-02,-1.505016814917325974e-02,3.885197639465332031e-02,-1.202687527984380722e-02,1.495734788477420807e-02,-2.956993505358695984e-02,1.780163147486746311e-03,1.129094138741493225e-02,-1.220588572323322296e-02,-4.730526357889175415e-03,-5.277504213154315948e-03,4.041003528982400894e-03,1.266335789114236832e-02,-1.166885346174240112e-02,-2.042049355804920197e-02,-3.424410708248615265e-03,1.188101433217525482e-02,-1.192742399871349335e-02,1.094617974013090134e-02,-4.438805393874645233e-03,-2.335096709430217743e-02,1.848452351987361908e-02,1.506342831999063492e-02,-1.486452762037515640e-02,2.707704342901706696e-02,4.710636567324399948e-03,9.593653492629528046e-03,-2.027338923653587699e-04,7.827579393051564693e-04,-1.168542803497985005e-04,-1.543471030890941620e-02,9.036730974912643433e-03,-1.999617181718349457e-02,-2.427917160093784332e-02,-7.995816878974437714e-03,8.897500112652778625e-03,-2.648034133017063141e-02,3.915032837539911270e-03,6.547154858708381653e-03,-2.010556636378169060e-03,6.424499209970235825e-03,-1.282910816371440887e-02,-1.097933016717433929e-02,-6.881971377879381180e-03,2.303272485733032227e-02,3.468831628561019897e-02,-9.931785054504871368e-03,-2.158737927675247192e-02,-2.888041175901889801e-02,-1.951880939304828644e-02,-1.119149103760719299e-02,8.174827322363853455e-03,-2.023485302925109863e-02,2.699748240411281586e-02,-5.996862426400184631e-03,-1.706569828093051910e-02,1.654855534434318542e-02,-1.155614294111728668e-02,1.164896320551633835e-02,2.374876849353313446e-02,4.412947967648506165e-02,7.584754377603530884e-03,-1.600489206612110138e-02,-2.299294434487819672e-02,-1.056661014445126057e-03,3.361425362527370453e-03,-4.139791056513786316e-02,-9.083141339942812920e-04,-6.769260857254266739e-03,-1.016383618116378784e-02,3.155894204974174500e-02,-3.280539065599441528e-02,4.375820048153400421e-03,-6.593564990907907486e-03,-1.536841038614511490e-02,7.100762333720922470e-03,-2.768700569868087769e-02,-1.385676302015781403e-02,-1.063456851989030838e-02,1.463910657912492752e-02,6.613455247133970261e-03,1.106552034616470337e-02,-2.807817887514829636e-03,3.208934515714645386e-02,-1.881602592766284943e-02,-1.339929085224866867e-02,2.423275960609316826e-03,-1.176167372614145279e-02,2.004921063780784607e-02,9.222372435033321381e-03,-3.243410959839820862e-02,-3.063073847442865372e-03,4.932742565870285034e-03,-3.447615774348378181e-03,-1.971771009266376495e-02,-1.061633578501641750e-03,2.028789184987545013e-02,-6.109572947025299072e-03,-9.984825737774372101e-03,-2.872129157185554504e-02,1.437390595674514771e-02,-2.491565421223640442e-02,-2.521069021895527840e-03,1.795412227511405945e-02,-1.637617498636245728e-02,-6.795781198889017105e-03,-1.265009772032499313e-02,-3.341535339131951332e-03,-4.498475696891546249e-03,4.647651221603155136e-03,1.851104386150836945e-02,-3.480765968561172485e-03,4.352614749222993851e-03,-1.926686801016330719e-02,3.421095665544271469e-03,-3.202304709702730179e-03,1.304789911955595016e-02,-1.715851761400699615e-02,1.652203500270843506e-02,1.239815633744001389e-02,1.730437856167554855e-03,1.023013703525066376e-02,2.290012501180171967e-02,-1.108541060239076614e-02,-6.982250488363206387e-05,-1.829888322390615940e-03,1.666789688169956207e-02,1.242467667907476425e-02,1.854750909842550755e-03,1.857734471559524536e-02,-2.673559589311480522e-03,2.602949924767017365e-02,6.533894687891006470e-03,2.357638813555240631e-02,-4.236589185893535614e-03,-1.645573414862155914e-02,2.426591143012046814e-02,8.877610787749290466e-03,6.508037447929382324e-02,3.537121228873729706e-03,-2.637425996363162994e-02,1.247771643102169037e-02,2.884063171222805977e-03,2.012835757341235876e-04,-2.418635040521621704e-02,-2.914561331272125244e-02,2.569799683988094330e-02,2.134869806468486786e-02,-3.343192627653479576e-03,3.275234997272491455e-02,3.129374235868453979e-02,1.771875540725886822e-03,-2.805828861892223358e-02,-2.414656989276409149e-02,-4.229959100484848022e-02,3.772487165406346321e-03,-9.368232451379299164e-03,2.744832541793584824e-03,-3.185066580772399902e-02,2.629470080137252808e-02,-9.461052715778350830e-03,9.719624184072017670e-03,4.087413661181926727e-03,-5.642155651003122330e-03,5.221148952841758728e-03,-7.399113848805427551e-03,1.137713156640529633e-02,9.646693943068385124e-04,-1.217273529618978500e-02,-5.529445130378007889e-03,1.323354057967662811e-02,-4.896277096122503281e-03,1.985030993819236755e-02,-1.778174191713333130e-02,-5.035507958382368088e-03,-2.297968417406082153e-02,1.749002002179622650e-02,-3.333579376339912415e-02,7.770395372062921524e-03,1.457280665636062622e-02,-6.954901851713657379e-03,-2.177301980555057526e-02,-1.049533765763044357e-02,-1.259042695164680481e-02,7.518454454839229584e-03,-1.193405408412218094e-02,-3.641212731599807739e-02,1.404240448027849197e-02,1.057489775121212006e-02,-1.333299092948436737e-02,2.263492345809936523e-02,1.939283800311386585e-03,-1.178819406777620316e-02,2.958650933578610420e-03,-5.456514656543731689e-03,-2.137521654367446899e-02,1.230533607304096222e-02,6.401294376701116562e-03,2.645382098853588104e-02,-9.434533305466175079e-03,-8.028966374695301056e-03,4.843236878514289856e-03,-1.489104796200990677e-02,-1.767566055059432983e-02,1.001797523349523544e-02,-1.755632087588310242e-02,-1.949228905141353607e-02,9.478871652390807867e-05,5.983602255582809448e-03,3.029923886060714722e-03,-3.206282481551170349e-02,1.211969554424285889e-02,-6.205708254128694534e-03,-1.253738719969987869e-02,2.398744970560073853e-02,9.494203142821788788e-03,4.471955355256795883e-03,-7.107392419129610062e-03,4.097358509898185730e-02,1.139039173722267151e-02,8.095267228782176971e-03,1.404240448027849197e-02,1.200035493820905685e-02,2.293990366160869598e-02,3.726077033206820488e-03,-3.126059193164110184e-03,-4.243219271302223206e-02,-1.405566371977329254e-02,-3.268604865297675133e-03,7.147172465920448303e-03,-1.012405660003423691e-02,-1.547449082136154175e-02,1.689331792294979095e-02,-1.186775416135787964e-02,4.133823793381452560e-03,7.936146110296249390e-03,2.426591143012046814e-02,-4.431512206792831421e-02,6.835561245679855347e-03,1.354515179991722107e-02,-9.865485131740570068e-03,-3.371370257809758186e-03,1.740382984280586243e-03,4.351951926946640015e-02,-2.226364240050315857e-02,8.181457407772541046e-03,-8.042226545512676239e-03,-1.056163851171731949e-02,2.715660445392131805e-02,-2.159732393920421600e-03,5.144903436303138733e-03,-1.794086210429668427e-02,-1.043566782027482986e-02,-4.074153490364551544e-03,-2.728257328271865845e-03,-1.223240606486797333e-02,2.827044948935508728e-02,2.700079698115587234e-03,1.686679758131504059e-02,-1.158929243683815002e-02,2.458415180444717407e-02,-1.884586061351001263e-03,-5.367009434849023819e-03,-3.482091799378395081e-02,3.177110478281974792e-02,-1.020195893943309784e-03,1.221914589405059814e-02,-1.170863304287195206e-02,1.001134607940912247e-02,1.882928609848022461e-02,-2.705052308738231659e-02,-1.678723655641078949e-02,1.110530085861682892e-02,-1.463910657912492752e-02,8.791419677436351776e-03,-2.175975963473320007e-02,2.085807546973228455e-02,1.350537128746509552e-02,-1.437390595674514771e-02,9.487573057413101196e-03,-1.021687686443328857e-02,-5.005673039704561234e-03,4.161006957292556763e-02,-6.484169512987136841e-03,-2.174649946391582489e-02,3.745967056602239609e-03,-1.912100799381732941e-02
7.416766020469367504e-04,1.644898205995559692e-03,-5.273771006613969803e-03,-3.306287527084350586e-02,-2.653376571834087372e-02,3.341288864612579346e-02,6.798351649194955826e-03,7.390683516860008240e-03,-3.914100583642721176e-03,-2.676261961460113525e-02,1.014704466797411442e-03,-1.086390111595392227e-02,-1.058119721710681915e-02,-7.289717905223369598e-03,-9.470575489103794098e-03,-3.685245057567954063e-03,3.804384544491767883e-02,2.446733647957444191e-03,-7.276255637407302856e-03,-1.737954840064048767e-02,-1.655836217105388641e-02,1.325342059135437012e-02,-1.997773163020610809e-02,-9.685968980193138123e-03,-8.750353939831256866e-03,-1.179951522499322891e-02,2.067775838077068329e-02,-1.782379671931266785e-02,-3.315037814900279045e-03,-4.628264158964157104e-02,-1.580448448657989502e-02,-1.168677001260221004e-03,-6.465165410190820694e-03,-1.952002011239528656e-02,-3.061277605593204498e-02,-2.649337798357009888e-02,-1.338130980730056763e-02,-1.892768777906894684e-02,3.174358978867530823e-02,1.129468716681003571e-02,3.020891360938549042e-02,4.400418256409466267e-04,-1.435058005154132843e-02,5.670902319252490997e-04,-3.233592212200164795e-02,-5.559840239584445953e-03,-2.009888924658298492e-02,5.398295354098081589e-03,-1.293706148862838745e-02,-1.058792788535356522e-02,2.759726904332637787e-02,-7.222407497465610504e-03,-2.300669997930526733e-02,-2.349133417010307312e-02,1.275532320141792297e-02,9.006133303046226501e-03,-1.549485698342323303e-02,6.175730377435684204e-04,-6.959897000342607498e-03,-4.610763397067785263e-03,-2.305381698533892632e-03,1.472751889377832413e-02,-2.922954736277461052e-03,1.560255419462919235e-02,6.705800187774002552e-04,2.576642669737339020e-02,-2.019312418997287750e-02,3.174358978867530823e-02,-1.169181894510984421e-02,-3.492064401507377625e-02,-2.852278761565685272e-03,1.425634603947401047e-02,-8.252256549894809723e-03,-2.312112599611282349e-03,2.143163606524467468e-02,-3.107048757374286652e-02,-1.025810744613409042e-02,-1.492945011705160141e-02,-9.019595570862293243e-03,7.208945229649543762e-03,-7.599345874041318893e-03,-1.519869174808263779e-02,-2.401635609567165375e-02,5.031453329138457775e-04,-1.352266222238540649e-02,-4.651149734854698181e-03,2.608278533443808556e-03,2.004504203796386719e-02,-1.783725921995937824e-03,-1.379863452166318893e-02,3.527065739035606384e-02,2.230667136609554291e-02,-5.468971095979213715e-03,3.061277605593204498e-02,-1.645066589117050171e-02,-1.054754201322793961e-02,-8.481112308800220490e-03,1.041965186595916748e-02,7.754159625619649887e-03,-7.666656281799077988e-03,6.397855002433061600e-03,1.984311081469058990e-02,-2.366634085774421692e-02,7.895511575043201447e-03,-3.228207305073738098e-02,-4.587204661220312119e-03,-4.238452529534697533e-04,-4.294404294341802597e-03,1.638335548341274261e-02,-1.379863452166318893e-02,2.489139139652252197e-02,2.805498056113719940e-02,1.472751889377832413e-02,-4.159783571958541870e-02,1.453904900699853897e-02,-1.467366982251405716e-02,2.188934572041034698e-02,-1.741993427276611328e-02,-2.249513939023017883e-02,-1.771610043942928314e-02,-3.863617777824401855e-03,2.360912738367915154e-03,7.935897447168827057e-03,-1.457943581044673920e-02,1.196442637592554092e-03,-1.270147506147623062e-02,-8.353222161531448364e-03,-1.053407974541187286e-02,4.943950101733207703e-03,2.638568170368671417e-03,3.502833843231201172e-02,1.840266771614551544e-02,1.607372611761093140e-02,-1.428326964378356934e-02,4.526625387370586395e-03,4.745384212583303452e-03,-5.775233265012502670e-03,1.262743398547172546e-02,-1.095897678169421852e-04,-1.830843277275562286e-02,-2.066429704427719116e-03,1.158412173390388489e-02,5.102129187434911728e-03,8.292643353343009949e-03,2.770244318526238203e-04,5.206460598856210709e-03,9.935016743838787079e-03,2.493177726864814758e-02,-1.669298298656940460e-02,-8.743622340261936188e-03,2.649337798357009888e-02,-8.386877365410327911e-03,3.516295924782752991e-02,-6.273330654948949814e-03,1.172547414898872375e-02,1.428326964378356934e-02,-6.078971782699227333e-04,9.941748343408107758e-03,-3.503507003188133240e-03,-9.995596483349800110e-03,-4.028528463095426559e-03,2.726071700453758240e-02,3.098971396684646606e-02,2.131047658622264862e-02,9.241719730198383331e-03,2.389519661664962769e-02,1.274859253317117691e-02,-1.420249696820974350e-03,-9.726354852318763733e-03,-9.093636646866798401e-03,9.443650953471660614e-03,3.247054293751716614e-02,-3.893907414749264717e-03,3.448985517024993896e-02,-3.991507459431886673e-03,1.553524378687143326e-02,3.395810257643461227e-03,1.737954840064048767e-02,-3.963237255811691284e-02,-4.122762940824031830e-03,-2.661453746259212494e-02,1.566986367106437683e-02,2.311439625918865204e-02,9.309030137956142426e-03,1.396017987281084061e-02,7.579152472317218781e-03,1.159085333347320557e-02,-1.450539450161159039e-03,-1.693698228336870670e-03,-7.915704511106014252e-03,7.309910841286182404e-03,1.421595923602581024e-02,-1.130141876637935638e-02,-1.029849331825971603e-02,-6.306716799736022949e-01,-3.378982841968536377e-02,-2.915887162089347839e-02,-6.121882237493991852e-03,9.935016743838787079e-03,7.296449039131402969e-03,1.381209678947925568e-02,-3.704176342580467463e-04,-1.210241205990314484e-02,1.987339928746223450e-03,5.523660802282392979e-04,2.647991664707660675e-02,-6.569496355950832367e-03,-1.463328395038843155e-02,3.708803793415427208e-03,-2.188934572041034698e-02,1.848343946039676666e-02,-2.455483935773372650e-02,-1.186682563275098801e-02,1.088745892047882080e-03,3.641493385657668114e-03,6.801717448979616165e-03,1.342169661074876785e-02,-9.712892584502696991e-03,2.559478394687175751e-03,1.813342608511447906e-02,7.081055548042058945e-03,-8.588808588683605194e-03,1.614103652536869049e-02,-6.677193101495504379e-03,-8.999402634799480438e-03,3.575529158115386963e-02,1.676870626397430897e-03,7.935897447168827057e-03,2.182203531265258789e-02,-1.157066039741039276e-02,-5.115591362118721008e-02,2.164702862501144409e-02,7.956091314554214478e-03,1.873921975493431091e-02,-2.155279368162155151e-02,-2.479715645313262939e-02,5.174488178454339504e-04,-1.479482930153608322e-02,4.614970239344984293e-04,2.209127694368362427e-02,4.735287744551897049e-03,4.139590542763471603e-03,3.438216075301170349e-02,2.195665612816810608e-02,3.430138528347015381e-02,-1.954694464802742004e-02,-4.522418312262743711e-04,1.218318473547697067e-02,-2.248167758807539940e-03,1.433711778372526169e-02,2.856653928756713867e-02,-1.527946349233388901e-02,-2.024360699579119682e-03,-1.276878546923398972e-02,1.604680344462394714e-02,2.872808463871479034e-02,-1.610065065324306488e-02,1.379863452166318893e-02,3.759286599233746529e-03,1.884691603481769562e-02,1.043311436660587788e-03,1.191394310444593430e-02,1.486213970929384232e-02,-1.736608706414699554e-02,2.533563971519470215e-02,1.048696227371692657e-02,1.120718382298946381e-02,1.496983598917722702e-02,2.034120634198188782e-02,1.787764579057693481e-02,1.127449423074722290e-02,-3.695341758430004120e-03,-2.219897508621215820e-02,2.127009071409702301e-02,1.834208727814257145e-03,-7.774352561682462692e-03,-2.856653928756713867e-02,-4.506431985646486282e-03,1.513138134032487869e-02,-1.309187524020671844e-02,-1.573717407882213593e-02,-2.271053381264209747e-02,-2.363941818475723267e-02,-4.132859408855438232e-03,3.591010579839348793e-03,3.257824108004570007e-02,9.672506712377071381e-03,-1.108602527529001236e-02,2.108162082731723785e-02,-6.041109561920166016e-03,2.061044797301292419e-02,1.615449972450733185e-02,1.750070787966251373e-02,-5.970433820039033890e-03,1.538884360343217850e-03,1.989022828638553619e-03,2.918579615652561188e-02,4.476142581552267075e-03,3.521680831909179688e-02,1.711030676960945129e-02,-6.906048394739627838e-03,2.966706408187747002e-03,9.510961361229419708e-03,-2.043544128537178040e-02,2.520774956792593002e-03,-2.091671107336878777e-03,-1.235146075487136841e-03,5.960337352007627487e-03,-9.255181998014450073e-03,-2.454137615859508514e-02,-5.933412816375494003e-03,9.706161916255950928e-03,7.935897447168827057e-03,-3.193205967545509338e-02,1.762186549603939056e-02,8.191677741706371307e-03,-8.905167691409587860e-03,7.134903687983751297e-03,7.935897447168827057e-03,3.954486921429634094e-03,-1.214952953159809113e-02,-4.544799029827117920e-02,-7.404145435430109501e-04,1.141584571450948715e-02,4.338155966252088547e-03,-1.311206817626953125e-02,2.152587100863456726e-02,-1.014367956668138504e-02,1.323995832353830338e-02,7.262793835252523422e-03,1.413518656045198441e-02,-1.317264791578054428e-02,3.675148636102676392e-02,-9.652313776314258575e-03,-5.856005940586328506e-03,-5.223288200795650482e-03,1.659874804317951202e-02,-2.684339322149753571e-02,2.147202193737030029e-02,-6.224866956472396851e-02,-1.997436629608273506e-03,-2.310093306005001068e-02,-3.475909680128097534e-02,6.959897000342607498e-03,6.707482505589723587e-03,-3.416676446795463562e-02,-4.210939630866050720e-02,9.376340545713901520e-03,1.412172522395849228e-02,4.237190354615449905e-03,-1.111294887959957123e-02,6.912779528647661209e-03,2.129701524972915649e-02,-2.616692334413528442e-03,5.442047026008367538e-03,2.983197569847106934e-02,-3.166281804442405701e-02,-3.638127818703651428e-03,-8.548422716557979584e-03,-4.445852711796760559e-03,1.039945869706571102e-03,4.634322132915258408e-03,4.415563307702541351e-03,-3.435523435473442078e-02,1.054754201322793961e-02,2.090661413967609406e-02,1.043311413377523422e-02,3.820538893342018127e-02,-1.561601553112268448e-02,9.019595570862293243e-03,-2.394904568791389465e-02,-7.431069854646921158e-03,-8.555153384804725647e-03,6.562765222042798996e-03,2.090661413967609406e-02,2.071898634312674403e-04,-1.496983598917722702e-02,-2.652030251920223236e-02,1.128795649856328964e-02,-1.659874804317951202e-02,4.119397141039371490e-03,1.328707579523324966e-02,-1.031195558607578278e-02,7.659925147891044617e-03,-2.668857807293534279e-03,2.432598359882831573e-02,1.207548845559358597e-02,2.034120634198188782e-02,1.009656209498643875e-02,4.715935792773962021e-04,7.134903687983751297e-03,-9.860975667834281921e-03,1.764879003167152405e-02,2.460868656635284424e-02,-6.707482505589723587e-03,-3.370905667543411255e-02,3.352058678865432739e-02,-8.709967136383056641e-03,5.067127943038940430e-02,-3.990161418914794922e-02,-6.414682604372501373e-03,-1.074274163693189621e-02,2.708571031689643860e-02,1.083024591207504272e-02,-4.795867018401622772e-03,-3.303595259785652161e-02,-1.104563847184181213e-02,-1.312553044408559799e-02,2.067775838077068329e-02,3.271286189556121826e-02,1.915654353797435760e-02,8.494574576616287231e-03,-1.608718931674957275e-02,-3.796307370066642761e-03,1.138892211019992828e-02,-1.457943581044673920e-02,6.428144406527280807e-03,-1.267455052584409714e-02,-7.087786681950092316e-03,2.634529583156108856e-02,2.730110287666320801e-02,-3.299893112853169441e-03,-1.741993427276611328e-02,1.632950641214847565e-02,-1.640691305510699749e-03,-6.347372196614742279e-03,2.553588710725307465e-04,1.432365644723176956e-02,-2.367980405688285828e-02,-1.243896409869194031e-02,6.152171641588211060e-03,-2.573950216174125671e-02,7.969552651047706604e-03,-1.646412722766399384e-02,-5.384833086282014847e-03,2.062391117215156555e-02,-4.837935848627239466e-04,-1.626219600439071655e-02,2.497216314077377319e-02,-4.779039416462182999e-03,5.627150461077690125e-02,-6.185826845467090607e-03,4.617494530975818634e-03,2.195665612816810608e-02,-1.617974019609391689e-03,-8.090712130069732666e-03,-7.942629046738147736e-03,3.907369449734687805e-03,-1.496983598917722702e-02,-4.399408772587776184e-02,1.713723130524158478e-02,1.004271395504474640e-02,3.311672434210777283e-02,1.418903563171625137e-02,-3.840059041976928711e-03,-8.386877365410327911e-03,1.364382077008485794e-02,-2.838816726580262184e-03,3.898619115352630615e-02,-2.631837129592895508e-02,-2.534236991778016090e-03,-3.166281804442405701e-02,-2.923964336514472961e-02,-1.943924836814403534e-02,-1.280917134135961533e-02,1.471573952585458755e-03,3.547258907929062843e-03,-2.065588341793045402e-04,1.266108918935060501e-02,2.251533325761556625e-03,6.451703142374753952e-03,-1.290340628474950790e-02,1.857767440378665924e-02,4.453257098793983459e-02,-3.125895559787750244e-02,-4.208246991038322449e-02,1.212260592728853226e-02,2.556449547410011292e-02,-5.758405663073062897e-03,-4.479507915675640106e-03,-4.353637620806694031e-02,5.028088111430406570e-03,-3.341288864612579346e-02,-1.310533750802278519e-02,-7.316641975194215775e-03,1.934501342475414276e-02,-1.554870512336492538e-02,1.389118609949946404e-03,-2.594816498458385468e-03,-2.726071700453758240e-02,1.875268109142780304e-02,-8.689774200320243835e-03,2.553757093846797943e-02,3.062623785808682442e-03,-1.701607182621955872e-02,-1.429673191159963608e-02,-2.032774500548839569e-02,4.317963030189275742e-03,5.239442735910415649e-02,2.279130555689334869e-02,1.106583233922719955e-02,-1.309187524020671844e-02,-8.063787594437599182e-03,1.288994401693344116e-02,-1.040618959814310074e-02,-8.804202079772949219e-03,-1.585833355784416199e-02,-4.856341183767654002e-05,-1.074274163693189621e-02,-6.269964855164289474e-03,9.093636646866798401e-03,9.288837201893329620e-03,2.043544128537178040e-02,-2.783958800137042999e-02,1.003598235547542572e-02,-1.632950641214847565e-02,-2.888962998986244202e-02,3.941024653613567352e-03,8.201100677251815796e-02,1.222357153892517090e-02,-9.019595570862293243e-03,2.029408933594822884e-03,1.015041023492813110e-02,8.407070301473140717e-03,-1.095813512802124023e-02,6.946434732526540756e-03,-5.031453445553779602e-03,-6.771427579224109650e-03,-1.253319904208183289e-02,-5.839178338646888733e-03,1.814688742160797119e-02,-1.622181013226509094e-02,2.789343520998954773e-02,1.797188073396682739e-02,-4.359022527933120728e-02,-3.015506453812122345e-02,-2.463140408508479595e-04,7.787814829498529434e-03,-3.456389764323830605e-03,6.185826845467090607e-03,1.210914365947246552e-02,5.977164953947067261e-03,1.836227998137474060e-02,-1.419408363290131092e-03,3.524373099207878113e-02,2.929349243640899658e-02,7.740697765257209539e-05,-1.355631742626428604e-02,8.858050219714641571e-03,2.983534010127186775e-03,-7.538766134530305862e-03,1.025810744613409042e-02,-1.329380646347999573e-02,-9.968671947717666626e-03,8.775595342740416527e-04,2.075853198766708374e-02,-9.847513400018215179e-03,-1.337457913905382156e-02,-2.034457167610526085e-03,1.239184755831956863e-02,1.515830494463443756e-02,-4.105935245752334595e-02,-2.790016587823629379e-03,-4.058817867189645767e-03,-2.556113060563802719e-03,3.260516375303268433e-02,-2.958292607218027115e-03,-7.156442850828170776e-02,2.083930373191833496e-02,-1.225049514323472977e-02,-1.628912054002285004e-02,-1.704299636185169220e-02,5.940144183114171028e-04,-1.319284085184335709e-02,3.080124594271183014e-02,-5.997357890009880066e-03,-8.205139078199863434e-03,-1.050715520977973938e-02,-2.797420881688594818e-02,-3.290133178234100342e-02,1.416211109608411789e-02,3.062623785808682442e-03,-1.984311081469058990e-02,7.013745140284299850e-03,-2.500581787899136543e-03,7.471455726772546768e-03,-2.047582715749740601e-02,-1.488401554524898529e-03,-9.928286075592041016e-03,-1.068216282874345779e-02,-1.877960562705993652e-02,6.344006396830081940e-04,4.795194044709205627e-02,2.538948878645896912e-02,-5.192998331040143967e-03,1.841612905263900757e-02,-3.308979794383049011e-02,1.713723130524158478e-02,4.445852711796760559e-03,-2.411059103906154633e-02,3.631396917626261711e-03,-2.125662937760353088e-02,-4.442487377673387527e-03,1.317937858402729034e-02,-1.545447111129760742e-02,1.214952953159809113e-02,-2.459522522985935211e-02,1.405441481620073318e-02,9.053250774741172791e-03,-1.262743398547172546e-02,-6.189192645251750946e-03,1.253992971032857895e-02,1.368420664221048355e-02,-6.542572285979986191e-03,3.680533543229103088e-02,-2.116912510246038437e-03,2.211146987974643707e-03,-2.926656790077686310e-02,1.125430129468441010e-02,-1.073601073585450649e-03,-7.410876452922821045e-03,-1.001242431811988354e-03,4.200169816613197327e-02,1.333419326692819595e-02,-1.443135272711515427e-02,1.066870056092739105e-02,-1.830843277275562286e-02,5.627150647342205048e-03,2.205089107155799866e-02,-1.705645956099033356e-02,1.377171091735363007e-02,-1.482175290584564209e-02,-1.406787615269422531e-02,2.586066164076328278e-02,-1.766225323081016541e-02,6.036397814750671387e-02,4.283634573221206665e-02,-1.311879977583885193e-02,-1.153700519353151321e-02,-2.980505116283893585e-02,2.032774500548839569e-02,-7.934215245768427849e-04,-3.352058678865432739e-02,-3.597741713747382164e-03,-1.202164031565189362e-02,-1.809303835034370422e-02,-1.209568139165639877e-02,3.998238593339920044e-02,9.154216386377811432e-03,1.995080709457397461e-02,-4.459314979612827301e-03,-8.851319551467895508e-03,-3.206668049097061157e-02,1.428242831025272608e-04,-2.800113148987293243e-02,1.653143763542175293e-02,-3.155512362718582153e-02,3.042430616915225983e-02,-1.072254870086908340e-02,-2.262976020574569702e-02,-1.350246928632259369e-02,-3.098971396684646606e-02,-4.277576692402362823e-03,-4.746730253100395203e-02,1.705645956099033356e-02,-2.291919663548469543e-03,8.528229780495166779e-03,3.823231533169746399e-02,-1.527946349233388901e-02,1.514484290964901447e-03,-2.428559772670269012e-02,-6.212751381099224091e-03,2.708571031689643860e-02,-1.859113574028015137e-02,-1.984311081469058990e-02,-1.817381195724010468e-02,7.491649128496646881e-03,5.337715614587068558e-03,2.390865981578826904e-02,5.919951014220714569e-03,1.527946349233388901e-02,1.000905875116586685e-02,-5.697826389223337173e-03,-7.579152472317218781e-03,-3.035699715837836266e-03,-1.338130980730056763e-02,-4.270172491669654846e-02,-2.995313378050923347e-03,1.626219600439071655e-02,-1.445827726274728775e-02,1.353612449020147324e-02,-1.960079185664653778e-02,4.338155966252088547e-03,4.540087189525365829e-03,-2.535919891670346260e-03,2.596499165520071983e-03,-8.938822895288467407e-03,-2.606259286403656006e-02,-4.358349367976188660e-03,-2.436636947095394135e-03,2.063737250864505768e-02,2.969735488295555115e-02,-1.929116435348987579e-02,-8.603112073615193367e-04,1.106583233922719955e-02,5.765136796981096268e-03,-2.258937433362007141e-02,3.071037586778402328e-03,2.171433903276920319e-02,-2.506639808416366577e-02,1.822765916585922241e-02,1.889739884063601494e-03,-4.627590999007225037e-03,-1.459289807826280594e-02,1.247261930257081985e-02,6.310351192951202393e-03,8.481112308800220490e-04,3.028968535363674164e-02,1.091774925589561462e-02,9.793665260076522827e-03,-6.757965311408042908e-03,2.589347423054277897e-04,-1.727185212075710297e-02,1.479482930153608322e-02,-1.293033082038164139e-02,-8.871512487530708313e-03,7.976284250617027283e-03,1.877960516139864922e-03,-1.918346807360649109e-02,-1.262743398547172546e-02,-2.249513939023017883e-02,-2.195665612816810608e-02,7.141634821891784668e-03,4.691535606980323792e-03,-1.132834237068891525e-02,2.416443824768066406e-02,-2.996659651398658752e-02,-2.110854536294937134e-02,2.196002285927534103e-03,-1.336784847080707550e-02,4.967508371919393539e-03,-5.906488746404647827e-03,3.529758006334304810e-02,2.875500917434692383e-02,-2.109508402645587921e-02,-1.050715520977973938e-02,-1.580448448657989502e-02,1.856421120464801788e-02,-6.394489202648401260e-03,2.437983267009258270e-02,2.602220512926578522e-02,-1.918346807360649109e-02,-7.155097089707851410e-03,-6.805082783102989197e-03,1.116679795086383820e-02,3.200610168278217316e-03,-2.118931896984577179e-02,3.265901282429695129e-02,1.357651036232709885e-02,-6.414682604372501373e-03,7.208945229649543762e-03,-5.472336430102586746e-03,1.676870626397430897e-03,1.856084680184721947e-03,-1.869883202016353607e-02,1.608718931674957275e-02,-2.726071700453758240e-02,-1.774302497506141663e-02,-2.630490995943546295e-02,-8.629195392131805420e-03,-2.556449547410011292e-02,1.269474439322948456e-02,-5.166074261069297791e-03,-2.253215992823243141e-03,-1.107929367572069168e-02,-1.163797080516815186e-02,-9.416726417839527130e-03,2.101431041955947876e-02,-5.485798697918653488e-03,1.063504535704851151e-02,1.601987890899181366e-02,-7.182021159678697586e-03,1.709684496745467186e-03,1.294379215687513351e-02,-2.625106088817119598e-02,1.172883901745080948e-03,-2.747611142694950104e-02,2.229320816695690155e-02,-3.166281804442405701e-02,6.000723224133253098e-03,6.246406584978103638e-03,-7.518573198467493057e-03,2.303362265229225159e-02,-1.372459344565868378e-02,1.568332687020301819e-02,-2.221243642270565033e-02,-3.088201768696308136e-02,-1.720454171299934387e-02,2.645299211144447327e-02,8.622463792562484741e-03,2.312785759568214417e-02,1.775648631155490875e-02,-1.486213970929384232e-02,-2.407020330429077148e-02,-8.979208767414093018e-03,-1.679394859820604324e-03,1.011002436280250549e-02,-4.496335517615079880e-03,-4.714421555399894714e-02,-2.106816042214632034e-03,-3.190513700246810913e-03,2.097392454743385315e-02,-2.684002742171287537e-03,-5.394929554313421249e-03,2.386827208101749420e-02,2.086622826755046844e-02,-1.915654353797435760e-02,2.023351006209850311e-02,-2.664146199822425842e-02,-1.628912054002285004e-02,-3.190513700246810913e-02,1.678721792995929718e-02,9.228257462382316589e-03,-2.627798542380332947e-02,1.509099453687667847e-02,-2.428559772670269012e-02,-2.121624164283275604e-02,8.151290938258171082e-03,-1.292359922081232071e-02,5.950240418314933777e-03,1.746032200753688812e-02,-8.359953761100769043e-03,1.426980714313685894e-03,2.953580953180789948e-02,1.956040598452091217e-02,-2.039505541324615479e-02,-4.334790632128715515e-02,2.124316617846488953e-02,1.297744736075401306e-02,2.641260623931884766e-02,4.267480224370956421e-02,-3.300902619957923889e-02,1.591218262910842896e-02,2.800113148987293243e-02,1.790457032620906830e-02,2.003157883882522583e-02,9.953527478501200676e-04,-2.003157883882522583e-02,-1.413518656045198441e-02,1.612757518887519836e-02,-5.788695532828569412e-03,-8.669581264257431030e-03,2.727754414081573486e-03,4.331425298005342484e-03,9.080174379050731659e-03,1.048696227371692657e-02,-6.569496355950832367e-03,1.390633173286914825e-02,-1.822765916585922241e-02,3.074739687144756317e-02,-1.033887919038534164e-02,-1.082351431250572205e-02,-1.740647293627262115e-02,5.011260509490966797e-03,-2.148548327386379242e-02,-8.999402634799480438e-03,-3.688610717654228210e-02,-1.630258187651634216e-02,-2.032774500548839569e-02,4.595955088734626770e-02,2.195665612816810608e-02,-3.483986854553222656e-02,1.207548845559358597e-02,-6.209385581314563751e-03,-7.075670361518859863e-02,-2.040851674973964691e-02,-1.592564396560192108e-02,2.588758431375026703e-02,1.373805571347475052e-02,1.970848999917507172e-02,2.156625688076019287e-02,5.616212729364633560e-04,-1.748724468052387238e-02,2.004504203796386719e-02,-1.851036399602890015e-02,3.981410991400480270e-03,-7.121441885828971863e-03,-2.767804265022277832e-02,-1.068889349699020386e-02,2.160243602702394128e-04,-3.982084244489669800e-02,-6.912779528647661209e-03,2.354518324136734009e-02,-1.618142426013946533e-02,-2.058352530002593994e-02,3.456389764323830605e-03,1.724492758512496948e-02,-1.137966683018021286e-04,4.015066195279359818e-03,-9.598464705049991608e-03,2.723379246890544891e-02,-8.077249862253665924e-03,-4.216997418552637100e-03,-1.879306696355342865e-02,5.415122956037521362e-03,6.562765222042798996e-03,-6.138709839433431625e-03,-2.883578091859817505e-02,-1.294379215687513351e-02,1.600641570985317230e-02,-9.659044444561004639e-03,-2.124316617846488953e-02,1.223030220717191696e-02,-2.737851114943623543e-03,-7.949359714984893799e-03,8.494574576616287231e-03,2.190280891954898834e-02,-4.025162756443023682e-02,-9.330906323157250881e-04,1.812332891859114170e-03,-1.682760380208492279e-02,-9.248450398445129395e-03,-1.297408249229192734e-03,3.658993914723396301e-02,-3.971314523369073868e-03,-3.796307370066642761e-03,-1.238511595875024796e-02,-5.970433820039033890e-03,-1.645066589117050171e-02,-1.688145101070404053e-02,-2.583037130534648895e-03,-3.093586675822734833e-02,6.111785769462585449e-03,-3.750536218285560608e-02,1.923731714487075806e-02,-7.861856371164321899e-03,2.905117534101009369e-02,4.520567506551742554e-02,-9.335954673588275909e-03,1.449866313487291336e-02,-1.667951978743076324e-02,2.250860258936882019e-02,-2.035466954112052917e-02,-1.900846138596534729e-02,-2.589768264442682266e-03,8.521498180925846100e-03,-5.088667385280132294e-03,-2.036813087761402130e-02,-8.265718817710876465e-03,-3.621300309896469116e-02,-1.746032200753688812e-02,1.225049514323472977e-02,-2.862038835883140564e-02,-1.105237007141113281e-02,1.737147122621536255e-01,-8.810932748019695282e-03,-1.218991633504629135e-02,3.527065739035606384e-02,3.866310045123100281e-02,3.273978456854820251e-02,1.307168230414390564e-02,1.647758856415748596e-02,-1.548139471560716629e-02,1.577756181359291077e-02,-8.158022537827491760e-03,5.495895165950059891e-03,-2.637222036719322205e-02,4.964143037796020508e-03,1.436404231935739517e-02,-2.547026053071022034e-02,-1.176586002111434937e-02,-3.150127455592155457e-02,-1.035234145820140839e-02,-3.389752283692359924e-02,1.535518793389201164e-03,1.453904900699853897e-02,3.735727863386273384e-03,-3.696687892079353333e-02,3.376290202140808105e-02,-6.465165410190820694e-03,-7.332628010772168636e-04,1.262743398547172546e-02,3.828616440296173096e-02,2.606259286403656006e-02,-3.847463428974151611e-02,-1.091101765632629395e-02,1.363709010183811188e-02,-8.965747430920600891e-03,-2.870116010308265686e-02,1.779687404632568359e-02,1.119372155517339706e-02,-5.953606218099594116e-03,9.840782731771469116e-03,-1.299091032706201077e-03,2.376057580113410950e-02,1.368420664221048355e-02,-7.399938767775893211e-04,-1.175239868462085724e-02,3.205658402293920517e-03,2.433944493532180786e-02,-1.041965186595916748e-02,6.350737530738115311e-03,-2.380096167325973511e-02,-1.356977969408035278e-02,-1.218318473547697067e-02,8.905167691409587860e-03,4.752115160226821899e-02,1.391642843373119831e-03,-2.912858035415410995e-03,-7.067593280225992203e-03,6.973358802497386932e-03,3.556682169437408447e-02,-3.160896897315979004e-02,-1.035907305777072906e-02,4.196383524686098099e-04,7.888780906796455383e-03,-3.272968751844018698e-04,9.611926972866058350e-03,-7.323373109102249146e-03,3.063970059156417847e-02,-3.096278943121433258e-02,-2.166049182415008545e-02,-2.229320816695690155e-02,-2.692416496574878693e-02,-6.757965311408042908e-03,-1.894115097820758820e-02,4.933853168040513992e-03,6.226213299669325352e-04,-3.856886643916368484e-03,-4.413039132487028837e-04,2.993967197835445404e-02,3.860252210870385170e-03,-2.583037130534648895e-03,5.623784847557544708e-03,-6.912779528647661209e-03,-2.660107612609863281e-02,-1.224376447498798370e-02,-1.709684496745467186e-03,1.380704808980226517e-03,-1.286302041262388229e-02,2.147202193737030029e-02,6.869027856737375259e-03,-1.985657215118408203e-02,1.649105176329612732e-02,1.518522948026657104e-02,-9.935016743838787079e-03,1.336953137069940567e-03,1.522561535239219666e-02,1.490252558141946793e-02,-1.514484267681837082e-02,-6.488723680377006531e-03,2.210474014282226562e-02,-2.140471152961254120e-02,-6.737772375345230103e-03,-2.269707061350345612e-02,1.926423981785774231e-02,1.060139015316963196e-02,-2.567892195656895638e-03,1.006290689110755920e-02,1.510277390480041504e-03,6.633441429585218430e-03,2.292592637240886688e-02,-6.556034088134765625e-03,-1.162450853735208511e-02,-3.513603657484054565e-02,-3.101663850247859955e-02,7.828201167285442352e-03,-1.432449789717793465e-04,2.646645531058311462e-02,-4.849715158343315125e-03,2.010898664593696594e-03,7.060862611979246140e-03,1.393325533717870712e-02,1.820073649287223816e-02,2.797420881688594818e-02,-9.484036825597286224e-03,2.608278533443808556e-03,3.645531833171844482e-02,6.630075629800558090e-03,-1.144277025014162064e-02,-1.903538405895233154e-02,1.655836217105388641e-02,-3.941024653613567352e-03,-8.454187773168087006e-03,3.661686554551124573e-02,-2.323555387556552887e-02,-8.938822895288467407e-03,4.317963030189275742e-03,1.214279886335134506e-02,4.906929098069667816e-03,-8.683043532073497772e-03,-1.813342608511447906e-02,-5.021356977522373199e-03,1.025642384774982929e-03,-1.070908643305301666e-02,8.265718817710876465e-03,1.022445224225521088e-02,1.362362783402204514e-02,6.066351197659969330e-04,-1.670644432306289673e-02,2.456830069422721863e-02,-8.757084608078002930e-03,8.837857283651828766e-03,-4.492970183491706848e-03,-4.950680769979953766e-03,9.006133303046226501e-03,2.455483935773372650e-02,1.847670879215002060e-03,2.054313756525516510e-02,-1.803919114172458649e-02,1.405441481620073318e-02,-7.552228402346372604e-03,1.315245497971773148e-02,1.066196989268064499e-02,-6.591035425662994385e-02,1.848343946039676666e-02,2.141817286610603333e-02,-2.658761292695999146e-02,8.148766937665641308e-04,-1.088409405201673508e-02,-1.709146052598953247e-01,1.474098023027181625e-02,2.751649729907512665e-02,-2.307401038706302643e-02,3.203975781798362732e-02,-1.364718656986951828e-03,2.315478213131427765e-02,1.744685880839824677e-02,-2.446060441434383392e-02,-6.932972464710474014e-03,1.495637372136116028e-02,-5.731481593102216721e-03,-1.396017987281084061e-02,5.465605761855840683e-03,1.552346395328640938e-03,-7.087786681950092316e-03,-2.122970484197139740e-02,-3.941024653613567352e-03,1.725839078426361084e-02,2.783958800137042999e-02,8.447457104921340942e-03,1.383902132511138916e-02,1.931808888912200928e-03,-1.119372155517339706e-02,-6.071399431675672531e-03,2.498562633991241455e-02,1.397364214062690735e-02,3.007429279386997223e-02,-3.752555465325713158e-03,-3.836693614721298218e-02,-8.837857283651828766e-03,5.481591797433793545e-04,3.688610717654228210e-02,-8.245525881648063660e-03,2.446060441434383392e-02,1.673505175858736038e-03,-1.615449972450733185e-02,-2.015273831784725189e-02,4.964143037796020508e-03,3.179743885993957520e-02,1.958733052015304565e-02,2.600874379277229309e-02,1.620834693312644958e-02,1.252646837383508682e-02,1.798534207046031952e-02,2.703186124563217163e-02,2.479715645313262939e-02,1.368420664221048355e-02,4.388638958334922791e-02,-1.170359784737229347e-03,8.366684429347515106e-03,-1.370440050959587097e-02,3.381675109267234802e-02,8.709967136383056641e-03,4.348252899944782257e-03,1.534677390009164810e-02,-8.508035913109779358e-03,-2.598182065412402153e-03,-3.702072799205780029e-02,-1.923731714487075806e-02,-8.521498180925846100e-03,-1.397364214062690735e-02,-9.818907128646969795e-04,-2.367643872275948524e-03,-9.699430316686630249e-03,-1.904884725809097290e-02,4.903563763946294785e-03,5.410074372775852680e-04,-1.872575655579566956e-02,2.121624164283275604e-02,3.742458997294306755e-03,-8.911898359656333923e-03,9.241719730198383331e-03,-5.408391822129487991e-03,-1.709684543311595917e-02,2.066429704427719116e-02,-1.636989228427410126e-02,2.485100552439689636e-02,-8.292643353343009949e-03,4.506431985646486282e-03,-3.123203106224536896e-02,7.794545963406562805e-03,-1.437750458717346191e-02,-6.630075629800558090e-03,-5.297329742461442947e-03,7.128173019737005234e-03,-2.559142000973224640e-02,-2.280476875603199005e-02,4.455949179828166962e-03,1.070235576480627060e-02,9.726354852318763733e-03,-2.205089107155799866e-02,-4.725190810859203339e-03,-3.885157033801078796e-02,2.813575230538845062e-02,2.961658127605915070e-02,-7.410876452922821045e-03,2.224609255790710449e-03,-8.588808588683605194e-03,7.007014006376266479e-03,-2.751313149929046631e-03,-1.982964761555194855e-02,-1.585833355784416199e-02,4.775673616677522659e-03,3.341288864612579346e-02,8.285911753773689270e-03,-3.316720714792609215e-03,-8.561884984374046326e-03,3.405907005071640015e-02,-3.355424152687191963e-03,1.994071062654256821e-03,1.398710440844297409e-02,-1.002252101898193359e-02,3.527065739035606384e-02,-2.862375229597091675e-03,7.404145319014787674e-03,-1.592564396560192108e-02,-2.185905585065484047e-03,1.428326964378356934e-02,-2.143163606524467468e-02,6.849507987499237061e-02,3.064306685701012611e-03,-1.125430129468441010e-02,9.632119908928871155e-03,-2.466253563761711121e-02,-5.172805394977331161e-03,-1.099582910537719727e-01,-8.898437023162841797e-03,2.713955938816070557e-02,1.763532869517803192e-02,8.642656728625297546e-03,2.794728428125381470e-02,-1.484867744147777557e-02,-5.462239962071180344e-03,-3.834001347422599792e-02,2.000465430319309235e-02,1.150587413576431572e-04,-1.743339747190475464e-02,-8.474380709230899811e-03,3.927562851458787918e-03,-1.069562509655952454e-02,7.404145319014787674e-03,5.108860321342945099e-03,-1.357651036232709885e-02,-1.011675503104925156e-02,6.004089023917913437e-03,-1.894788118079304695e-03,2.227974683046340942e-02,5.997357890009880066e-03,-1.557562965899705887e-02,2.875500917434692383e-02,9.046519175171852112e-03,-3.104356303811073303e-02,1.688145101070404053e-02,2.195665612816810608e-02,-1.887384057044982910e-02,1.181297749280929565e-02,-1.255339197814464569e-02,1.414360012859106064e-03,-1.540062297135591507e-02,5.573302041739225388e-03,-2.998678945004940033e-03,-1.896807365119457245e-02,-1.010329276323318481e-02,1.912961900234222412e-02,-1.036580372601747513e-02,4.280942492187023163e-03,1.377171091735363007e-02,-2.087968960404396057e-02,2.248167805373668671e-02,-3.550624242052435875e-03,-1.452558767050504684e-02,-1.934501342475414276e-02,8.198408409953117371e-03,5.328292399644851685e-02,-1.468713209033012390e-02,-1.891422644257545471e-02,-4.049394652247428894e-02,-1.735262386500835419e-02,-8.440725505352020264e-03,7.074324414134025574e-03,-1.288994401693344116e-02,2.708571031689643860e-02,2.369326539337635040e-03,-1.880653016269207001e-02,1.643720269203186035e-02,-1.591218262910842896e-02,8.528229780495166779e-03,-4.200590483378618956e-04,4.173245653510093689e-02,6.199289113283157349e-03,-9.201333858072757721e-03,-2.071814611554145813e-02,-1.711030676960945129e-02,1.365728303790092468e-02,-2.700493857264518738e-02,-1.509225694462656975e-04,1.492945011705160141e-02,-1.588525809347629547e-02,2.361249364912509918e-02,-4.404793307185173035e-02,-1.791803166270256042e-02,-1.159085333347320557e-02,-3.061277605593204498e-02,2.242782898247241974e-02,-3.257824108004570007e-02,-1.201490871608257294e-02,-7.599345874041318893e-03,4.361714702099561691e-03,-1.144277025014162064e-02,1.279571000486612320e-02,-6.586323957890272141e-03,4.865196719765663147e-02,-2.250860258936882019e-02,-1.183317042887210846e-02,-1.289667561650276184e-02,3.047479083761572838e-03,3.090894222259521484e-02,2.827037312090396881e-02,4.943950101733207703e-03,-1.121391449123620987e-02,1.416211109608411789e-02,7.956091314554214478e-03,-3.050507977604866028e-02,-4.216997418552637100e-03,7.148365955799818039e-03,-1.009656209498643875e-02,-1.978926174342632294e-02,-3.734381869435310364e-02,5.842543672770261765e-03,-1.717761717736721039e-02,-6.017550826072692871e-03,2.365287952125072479e-02,-1.182643976062536240e-02,-3.560720942914485931e-03,1.009656209498643875e-02,-3.469851799309253693e-03,-4.075645469129085541e-03,-1.353612449020147324e-02,1.226395741105079651e-02,4.324694164097309113e-03,-6.222847849130630493e-03,-4.896832630038261414e-03,-1.174566708505153656e-02,1.591218262910842896e-02,1.116679795086383820e-02,-2.805498056113719940e-02,1.060139015316963196e-02,1.856421120464801788e-02,1.553187845274806023e-03,4.728556610643863678e-03,3.607838181778788567e-03,-1.192740537226200104e-02,7.437800522893667221e-03,1.212428789585828781e-03,2.991274744272232056e-02,-8.413801901042461395e-03,7.252697250805795193e-04,-4.284307826310396194e-03,-2.416443824768066406e-02,4.954046569764614105e-03,1.505060866475105286e-02,3.177051618695259094e-02,-1.816034875810146332e-02,-7.262793835252523422e-03,3.755921125411987305e-02,1.649105176329612732e-02,5.621765926480293274e-02,1.243896409869194031e-02,-3.093586675822734833e-02,2.599864732474088669e-03,2.144509740173816681e-02,7.060862611979246140e-03,-1.331399939954280853e-02,-3.244362026453018188e-02,1.375824864953756332e-02,3.432831168174743652e-02,-9.558078832924365997e-03,3.150127455592155457e-02,3.860925510525703430e-02,-1.408133842051029205e-02,-3.842078521847724915e-02,-3.025603014975786209e-03,-3.545912727713584900e-02,-6.848834455013275146e-03,1.867863931693136692e-03,-1.186009496450424194e-02,-2.783958800137042999e-02,2.713955938816070557e-02,-8.602270856499671936e-03,-1.373805571347475052e-02,1.034561078995466232e-02,8.077249862253665924e-03,-8.164753206074237823e-03,-8.810932748019695282e-03,1.404095254838466644e-02,-8.804202079772949219e-03,-1.007636915892362595e-02,-1.702112029306590557e-03,-5.304060410708189011e-03,7.791180396452546120e-04,4.291038960218429565e-03,1.100525259971618652e-02,1.470059435814619064e-02,-7.801277097314596176e-03,3.755921032279729843e-03,-1.987003348767757416e-02,1.116679795086383820e-02,4.906929098069667816e-03,-1.913298503495752811e-03,-2.144509740173816681e-02,1.396017987281084061e-02,2.801795955747365952e-03,5.236750002950429916e-03,-1.725839078426361084e-02,-2.051621489226818085e-02,1.735262386500835419e-02,7.983014918863773346e-03,-7.639731746166944504e-03,2.617028914391994476e-02,-1.122737675905227661e-02,-3.459755331277847290e-02,6.727675907313823700e-03,-1.791803166270256042e-02,-2.800113148987293243e-02,1.315245497971773148e-02,6.743661942891776562e-04,4.197477549314498901e-02,5.704557523131370544e-03,2.776554552838206291e-03,-5.445412360131740570e-03,-2.283169142901897430e-02,-3.443600609898567200e-02,3.180416999384760857e-03,-1.461982168257236481e-02,-2.600874379277229309e-02,-9.174409322440624237e-03,3.712169360369443893e-03,4.913660231977701187e-04,-2.070468291640281677e-02,-1.219664700329303741e-02,-5.065108649432659149e-03,-9.073443710803985596e-03,3.072047233581542969e-02,2.678954508155584335e-03,1.770263887010514736e-03,1.514484290964901447e-03,5.460220575332641602e-02,1.372459344565868378e-02,7.390683516860008240e-03,8.568615652620792389e-03,7.896352908574044704e-04,8.642656728625297546e-03,4.674708005040884018e-03,-8.043594658374786377e-03,-4.092473164200782776e-02,-4.126128274947404861e-03,-6.041109561920166016e-03,8.481112308800220490e-03,-8.635926060378551483e-03,-1.241204049438238144e-02,-1.118194195441901684e-03,1.367747597396373749e-02,-1.893105334602296352e-03,-1.856421120464801788e-02,1.169854961335659027e-02,-4.967508465051651001e-02,4.359022527933120728e-02,1.756801828742027283e-02,-1.099852193146944046e-02,-1.055090688169002533e-03,2.029408933594822884e-03,3.556682169437408447e-02,-6.799403490731492639e-05,1.938539906404912472e-03,1.020425837486982346e-02,1.399215194396674633e-03,2.486446686089038849e-02,-1.510277390480041504e-03,2.830402925610542297e-03,-1.443135272711515427e-02,-3.432831168174743652e-02,5.374736618250608444e-03,-9.059981442987918854e-03,2.205089107155799866e-02,9.295567870140075684e-03,-4.183342214673757553e-03,2.752995863556861877e-02,-3.320086048915982246e-03,1.564294099807739258e-02,-2.401299076154828072e-03,-1.358324103057384491e-02,-3.411291912198066711e-02,1.425634603947401047e-02,1.356977969408035278e-02,1.630258187651634216e-02,-1.799880526959896088e-02,9.194602258503437042e-03,1.502368412911891937e-02,-3.763998299837112427e-02,-2.475677058100700378e-02,6.747868843376636505e-03,-1.659874804317951202e-02,1.303129643201828003e-02,-1.941232383251190186e-02,1.797188073396682739e-02,5.654074717313051224e-03,-1.410826295614242554e-02,6.356626981869339943e-04,-4.391331225633621216e-02,-1.449866313487291336e-02,2.797420881688594818e-02,5.442677866085432470e-05,-1.618142426013946533e-02,-5.105494987219572067e-03,-2.090661413967609406e-02
-1.266824640333652496e-02,-1.312163565307855606e-02,-2.360294340178370476e-03,-9.707877412438392639e-03,-9.461179375648498535e-03,2.021585404872894287e-02,-2.043588086962699890e-03,1.370837632566690445e-02,-1.510855089873075485e-02,-3.120389021933078766e-02,1.168812438845634460e-02,1.157477684319019318e-02,-7.054212968796491623e-03,6.934198085218667984e-03,3.227069042623043060e-03,-1.046130433678627014e-02,3.061715140938758850e-02,1.294161379337310791e-02,-6.487475708127021790e-03,-2.545650675892829895e-02,-1.764219999313354492e-02,1.369504071772098541e-02,-3.795139864087104797e-02,-2.069591358304023743e-02,-6.530814338475465775e-03,-5.964077077805995941e-03,2.614992670714855194e-02,-1.438846066594123840e-02,-3.393756458535790443e-03,-2.675000205636024475e-02,-1.200816407799720764e-02,1.369337434880435467e-03,-1.698878407478332520e-02,-3.448430076241493225e-02,-2.461640350520610809e-02,-7.980994880199432373e-03,-1.178146898746490479e-02,3.670457750558853149e-03,1.311496831476688385e-02,1.746884547173976898e-02,1.953576877713203430e-02,-1.628202944993972778e-02,4.337207414209842682e-03,-8.541065268218517303e-03,-2.262948825955390930e-02,9.367834776639938354e-03,-3.821809962391853333e-02,-6.577486637979745865e-03,-1.214151363819837570e-02,1.018126960843801498e-02,4.597906768321990967e-02,4.010499920696020126e-03,-1.481518056243658066e-02,-1.370837632566690445e-02,7.567610125988721848e-03,2.032253332436084747e-02,1.312663662247359753e-03,2.952368184924125671e-02,-1.050797663629055023e-02,-2.158935926854610443e-02,1.720214495435357094e-03,-5.767385940998792648e-03,-1.897569932043552399e-02,8.254362270236015320e-03,-4.290535114705562592e-03,1.797557435929775238e-02,-3.336416184902191162e-02,2.784347161650657654e-02,-1.714880578219890594e-02,-3.104387037456035614e-02,1.816226541996002197e-02,6.774177774786949158e-03,-6.810849066823720932e-03,-5.020625889301300049e-03,1.602866500616073608e-02,-2.134932950139045715e-02,-2.757677249610424042e-02,-1.685543544590473175e-02,-2.271950012072920799e-03,7.867647334933280945e-03,-3.298744559288024902e-03,7.363418117165565491e-04,-3.405757993459701538e-02,1.031795283779501915e-03,-8.014332503080368042e-03,-1.777555048465728760e-02,-1.961577869951725006e-02,2.350959740579128265e-02,3.913821186870336533e-03,-1.801558025181293488e-02,2.472308278083801270e-02,1.593532040715217590e-02,1.285493653267621994e-02,3.760468959808349609e-02,-1.622869074344635010e-02,1.492186076939105988e-02,-1.570862531661987305e-02,2.150934934616088867e-02,2.997040282934904099e-03,-9.581194259226322174e-03,-1.624202542006969452e-02,6.304119247943162918e-03,-3.240403905510902405e-02,-8.301034569740295410e-03,-3.277742117643356323e-02,-1.689543947577476501e-02,-6.780845578759908676e-03,-4.442220670171082020e-04,2.076258882880210876e-02,-9.127805009484291077e-03,-4.860606044530868530e-03,1.880234479904174805e-02,8.554399944841861725e-03,-5.000623688101768494e-02,1.748218014836311340e-02,-2.729673683643341064e-02,1.945575885474681854e-02,2.845354843884706497e-03,-1.084801927208900452e-02,-2.489643730223178864e-02,-2.058923430740833282e-02,1.193482149392366409e-02,6.887525320053100586e-03,-1.596032292582094669e-03,3.460431471467018127e-03,-1.957577466964721680e-02,-1.437512598931789398e-02,-2.328290231525897980e-02,-7.407590281218290329e-03,1.128807384520769119e-02,4.475224763154983521e-02,1.600199565291404724e-02,2.723006159067153931e-02,-1.325498614460229874e-02,4.044254310429096222e-04,1.170145906507968903e-02,-4.267198964953422546e-03,2.720339223742485046e-02,-7.014208007603883743e-03,-2.036253921687602997e-02,4.883942194283008575e-03,1.568195596337318420e-02,-4.080508835613727570e-03,-5.917404312640428543e-03,1.152810361236333847e-02,7.627617567777633667e-03,2.732007298618555069e-03,1.965578459203243256e-02,1.833561994135379791e-02,-7.974327541887760162e-03,1.576196588575839996e-02,-1.203483436256647110e-02,3.787139058113098145e-02,-2.744342200458049774e-02,8.181019686162471771e-03,2.733674272894859314e-02,6.067423149943351746e-03,7.700960151851177216e-03,-4.833936225622892380e-03,-7.480932865291833878e-03,3.248321590945124626e-04,1.597532443702220917e-02,2.494977787137031555e-02,1.076800934970378876e-02,6.540815345942974091e-03,2.749676257371902466e-02,9.094467386603355408e-03,1.368170604109764099e-02,-1.725548505783081055e-02,-1.295494846999645233e-02,4.037170205265283585e-03,2.022918872535228729e-02,-1.084135193377733231e-02,1.400174573063850403e-02,-6.867522839456796646e-03,3.464432060718536377e-02,2.630994655191898346e-02,1.445513591170310974e-02,-4.405882582068443298e-02,-1.597532443702220917e-02,-3.272407874464988708e-02,-1.006792206317186356e-02,1.580196991562843323e-02,1.910904981195926666e-02,2.308621304109692574e-03,-6.794180255383253098e-03,-3.305412130430340767e-03,3.032044740393757820e-03,-4.190522711724042892e-03,-4.267198964953422546e-03,2.028586342930793762e-03,3.000374138355255127e-02,-2.293619327247142792e-02,2.209608815610408783e-02,-6.422134041786193848e-01,-2.332290820777416229e-02,-2.344292216002941132e-02,-2.389631234109401703e-02,2.681667730212211609e-02,1.439762854715809226e-04,1.665540970861911774e-02,8.047670125961303711e-03,2.600324340164661407e-03,6.687500514090061188e-03,-5.880733486264944077e-03,4.233861342072486877e-03,1.270825136452913284e-02,-1.669541560113430023e-02,1.381505560129880905e-02,-1.572195999324321747e-02,5.047296173870563507e-03,-1.980246976017951965e-02,-1.414843089878559113e-02,7.880982942879199982e-03,-8.127680048346519470e-03,2.390964701771736145e-02,4.313871264457702637e-03,6.230777129530906677e-03,3.095385851338505745e-03,1.303495839238166809e-02,-9.481182321906089783e-03,-1.412176061421632767e-02,-2.870357828214764595e-03,2.755343448370695114e-03,-2.514980174601078033e-02,3.240403905510902405e-02,1.142142433673143387e-02,1.176146697252988815e-02,2.909696102142333984e-02,3.573779016733169556e-03,-3.861814737319946289e-02,1.320164650678634644e-02,2.082926407456398010e-02,1.858898438513278961e-02,-1.650872454047203064e-02,-1.964244991540908813e-02,-3.113721497356891632e-03,-8.027667179703712463e-03,8.307702839374542236e-03,1.793557032942771912e-02,1.778888516128063202e-02,8.309369441121816635e-04,2.060256898403167725e-02,1.889568939805030823e-02,3.299077972769737244e-02,-1.698878407478332520e-02,-2.501978538930416107e-03,1.578863523900508881e-02,-5.590697284787893295e-03,4.793931264430284500e-03,1.800224557518959045e-02,-1.113472133874893188e-02,-1.121473126113414764e-02,4.230527672916650772e-03,1.090802717953920364e-02,4.219192638993263245e-02,-2.271950012072920799e-03,-3.023710334673523903e-03,1.056798454374074936e-02,1.634870469570159912e-02,-1.041463203728199005e-02,3.664457052946090698e-02,1.565528474748134613e-02,-2.296286262571811676e-02,1.630870066583156586e-02,2.368628745898604393e-03,-3.412092104554176331e-03,6.267447955906391144e-03,7.213399512693285942e-04,2.012250944972038269e-02,1.350168325006961823e-02,8.021833491511642933e-04,-1.456181611865758896e-02,-1.077467668801546097e-02,-1.516189053654670715e-02,-3.797140205278992653e-03,-1.293494645506143570e-02,-1.786889508366584778e-03,5.444012116640806198e-03,-1.878901012241840363e-02,-8.494392037391662598e-03,7.154225371778011322e-03,-1.525523513555526733e-02,-1.171479374170303345e-02,-1.103470916859805584e-03,2.449638769030570984e-02,1.800224557518959045e-02,-5.587363149970769882e-03,3.176395967602729797e-02,5.480683408677577972e-03,2.073591807857155800e-03,1.869566366076469421e-02,9.447844699025154114e-03,4.375545540824532509e-04,1.798890903592109680e-02,1.111471932381391525e-02,1.958910934627056122e-02,-9.221149608492851257e-03,1.216818392276763916e-02,1.478851027786731720e-02,-2.140266820788383484e-02,4.120513796806335449e-03,1.857564970850944519e-02,-1.890902407467365265e-02,1.531857647933065891e-03,-1.664207503199577332e-02,6.204106844961643219e-03,1.602866500616073608e-02,-4.272532835602760315e-02,-2.704337239265441895e-02,4.733923822641372681e-03,2.571987453848123550e-03,1.275492366403341293e-02,-2.326956763863563538e-02,2.173604443669319153e-02,9.661204181611537933e-03,-6.420800462365150452e-03,2.081926213577389717e-03,1.247488893568515778e-02,1.268824841827154160e-02,-1.345501095056533813e-02,-4.467223770916461945e-03,-1.167478878051042557e-02,-5.354000721126794815e-03,8.434385061264038086e-03,-9.654536843299865723e-03,8.401047438383102417e-03,2.388631226494908333e-03,2.278950810432434082e-02,1.390840113162994385e-02,1.138141937553882599e-02,-2.077592350542545319e-02,2.054922841489315033e-02,-6.960867904126644135e-03,-1.074133906513452530e-02,-1.815226278267800808e-03,3.743800101801753044e-03,-2.568320184946060181e-02,6.000748253427445889e-04,-4.437886551022529602e-02,2.284284867346286774e-02,-1.552193518728017807e-02,-3.912487998604774475e-02,-6.840853020548820496e-03,8.974452503025531769e-03,-4.659247770905494690e-02,-5.139307305216789246e-02,6.227442994713783264e-03,-4.030502401292324066e-03,2.644079795572906733e-04,3.683792660012841225e-03,7.167560514062643051e-03,6.220775656402111053e-03,-2.209608815610408783e-02,1.152810361236333847e-02,2.361627854406833649e-02,-3.517771884799003601e-02,-2.595323603600263596e-03,1.293494645506143570e-02,-6.607490591704845428e-03,1.513522025197744370e-02,3.717130050063133240e-03,4.263864830136299133e-03,-3.272407874464988708e-02,1.482851523905992508e-02,9.247819893062114716e-03,1.002124976366758347e-02,2.733674272894859314e-02,2.933699171990156174e-03,2.272283285856246948e-02,-1.177480164915323257e-02,-1.840229518711566925e-02,-1.342167332768440247e-02,9.492850513197481632e-04,1.389506552368402481e-02,-9.934572502970695496e-03,-3.691126778721809387e-02,-1.180813927203416824e-02,2.191940089687705040e-03,-1.030795183032751083e-02,-1.116139162331819534e-02,4.207191057503223419e-03,1.046797167509794235e-02,-5.497352220118045807e-03,3.790472634136676788e-03,2.656997879967093468e-03,2.144267410039901733e-02,-1.034128945320844650e-02,1.586864516139030457e-02,4.987288732081651688e-03,1.410842593759298325e-02,4.590572323650121689e-03,3.333749016746878624e-03,3.280409052968025208e-02,-6.034085527062416077e-04,-1.670875027775764465e-02,2.824352122843265533e-02,-4.153851419687271118e-03,2.113596908748149872e-02,-2.424302324652671814e-02,-1.502687344327569008e-03,-5.400673486292362213e-03,1.025461219251155853e-02,4.477224778383970261e-03,4.140516277402639389e-03,-2.939033135771751404e-02,5.210649687796831131e-03,-1.802891492843627930e-02,-3.275408409535884857e-03,3.907153755426406860e-02,3.937157802283763885e-03,1.650872454047203064e-02,-8.221024647355079651e-03,-1.722881570458412170e-02,-7.621783879585564137e-04,-2.014917880296707153e-02,1.761553063988685608e-02,7.054212968796491623e-03,-1.408175565302371979e-02,1.880234479904174805e-02,1.716214045882225037e-02,-2.121597900986671448e-02,-9.594529867172241211e-03,-1.482851523905992508e-02,1.005958765745162964e-03,-4.533898551017045975e-03,-1.526231935713440180e-04,2.580321766436100006e-02,-8.087675087153911591e-03,-1.246155425906181335e-02,-5.807390902191400528e-03,-3.237736970186233521e-02,1.678876020014286041e-02,-2.589656226336956024e-02,5.500685889273881912e-03,9.247819893062114716e-03,5.467348266392946243e-03,-2.290952391922473907e-02,1.637537591159343719e-02,1.242821663618087769e-02,3.099053166806697845e-02,-1.165978726930916309e-03,-1.232820376753807068e-02,2.328290231525897980e-02,-6.537481676787137985e-03,4.997289739549160004e-03,-2.498978190124034882e-02,6.684166728518903255e-04,-6.987537723034620285e-03,-4.669915512204170227e-02,4.067173972725868225e-02,2.156268805265426636e-02,8.447719737887382507e-03,3.016376122832298279e-02,-9.227816946804523468e-03,6.807515397667884827e-03,9.334497153759002686e-03,-1.434345496818423271e-03,3.269740939140319824e-02,3.981746558565646410e-04,1.192815415561199188e-02,-8.621075190603733063e-03,-1.331499312072992325e-02,-3.467099042609333992e-03,-1.272158604115247726e-02,-3.940491471439599991e-03,1.822893880307674408e-02,-5.377337336540222168e-03,1.064799446612596512e-02,2.835353603586554527e-03,-7.834309712052345276e-03,-1.926906965672969818e-02,2.344292216002941132e-02,2.485643327236175537e-02,-3.232403099536895752e-02,-2.529648691415786743e-02,2.188272774219512939e-02,2.557652257382869720e-02,-1.081468164920806885e-02,-9.127805009484291077e-03,-5.355334281921386719e-02,-2.272283285856246948e-02,-1.502854097634553909e-02,-1.966911926865577698e-02,-1.380172092467546463e-02,1.120806392282247543e-02,-3.068716032430529594e-03,-1.784222386777400970e-02,-5.121081358083756641e-06,-2.789681218564510345e-02,3.847146406769752502e-03,-1.220818888396024704e-02,2.648330293595790863e-02,-1.123473420739173889e-02,-6.427468266338109970e-03,-1.753552071750164032e-02,-3.269740939140319824e-02,7.854312658309936523e-03,2.877692133188247681e-02,2.757677249610424042e-02,-2.005583420395851135e-02,1.195482350885868073e-02,-1.800224557518959045e-02,1.400174573063850403e-02,-5.547358188778162003e-03,-5.967410746961832047e-03,-1.131474412977695465e-02,-3.597115166485309601e-03,-7.634285371750593185e-03,-1.692211069166660309e-02,-1.378838624805212021e-02,-7.707627490162849426e-03,6.294118240475654602e-03,-1.580196991562843323e-02,8.534397929906845093e-03,-1.818893477320671082e-02,-2.440304309129714966e-02,-6.934198085218667984e-03,9.211815148591995239e-02,2.086926950141787529e-03,-1.510855089873075485e-02,3.307078965008258820e-03,2.343625528737902641e-03,2.250947244465351105e-02,-2.635328564792871475e-03,7.887650281190872192e-03,7.275906973518431187e-04,-1.243488397449254990e-02,9.161142632365226746e-03,-6.490809377282857895e-03,1.196149177849292755e-02,-1.465516071766614914e-02,1.494853012263774872e-02,1.194815617054700851e-02,-4.181854799389839172e-02,-1.179480366408824921e-02,6.580820772796869278e-03,-6.730839144438505173e-03,-2.380296774208545685e-02,7.634285371750593185e-03,2.436970593407750130e-03,-6.627493072301149368e-03,-7.200897671282291412e-03,-8.527729660272598267e-03,3.472432866692543030e-02,4.803265631198883057e-02,-1.426844578236341476e-02,-2.545317402109503746e-03,-7.220900151878595352e-03,1.492186076939105988e-02,7.740965113043785095e-03,1.272158604115247726e-02,-1.192815415561199188e-02,-1.571029279148206115e-04,6.460805423557758331e-03,2.670999616384506226e-02,8.287699893116950989e-03,2.758677350357174873e-03,4.817267414182424545e-03,1.598866097629070282e-02,9.781219996511936188e-03,-2.965703047811985016e-02,2.822018461301922798e-03,-8.454387076199054718e-03,5.597364623099565506e-03,2.093594335019588470e-02,4.350542556494474411e-03,-6.411466002464294434e-02,2.378963306546211243e-02,1.311830244958400726e-03,-1.742883957922458649e-02,-1.958910934627056122e-02,-6.000748369842767715e-03,-1.804224960505962372e-02,2.376296371221542358e-02,8.514394983649253845e-03,-1.025461219251155853e-02,-1.640204526484012604e-02,-2.434970252215862274e-02,-3.803141042590141296e-02,2.332290820777416229e-02,-3.463765140622854233e-03,-6.620825733989477158e-03,7.388421217910945415e-04,-2.262948825955390930e-02,1.442846562713384628e-02,-2.654997631907463074e-02,4.363877233117818832e-03,3.617117647081613541e-03,-1.765553466975688934e-02,-1.362836640328168869e-02,-3.027044003829360008e-03,1.363503374159336090e-02,2.490977197885513306e-02,5.233985837548971176e-03,3.412092104554176331e-03,1.836228929460048676e-02,4.750592168420553207e-03,4.523897543549537659e-03,-2.645663172006607056e-02,7.167560514062643051e-03,-1.625536009669303894e-02,1.306829601526260376e-02,1.644204929471015930e-02,-1.534858066588640213e-02,-9.841226972639560699e-03,-5.567360669374465942e-03,3.440428990870714188e-03,8.000997826457023621e-03,-8.734422735869884491e-03,1.645538583397865295e-02,3.250405192375183105e-03,3.003707854077219963e-03,-1.566861988976597786e-03,4.184521734714508057e-02,6.892526289448142052e-04,2.090260619297623634e-03,-2.532315813004970551e-02,-5.384004907682538033e-04,-8.254362270236015320e-03,-4.837269894778728485e-03,8.009332232177257538e-04,3.853813931345939636e-02,2.053589373826980591e-02,-1.043463405221700668e-02,2.065590955317020416e-02,-1.545526087284088135e-02,4.500561393797397614e-03,1.622869074344635010e-02,-9.474514983594417572e-03,1.706879585981369019e-02,-1.522856578230857849e-02,-1.594865508377552032e-02,1.280159596353769302e-02,-1.324165146797895432e-02,4.456555843353271484e-02,2.752343192696571350e-02,-6.460805423557758331e-03,-1.733549498021602631e-02,-1.060798950493335724e-02,1.897569932043552399e-02,6.047420669347047806e-03,-4.309870675206184387e-02,-7.374252658337354660e-03,-1.744217425584793091e-02,-2.458973228931427002e-02,3.471266245469450951e-04,2.121597900986671448e-02,2.978704636916518211e-03,1.977579854428768158e-02,9.814556688070297241e-03,-2.644329704344272614e-02,-6.654162891209125519e-03,2.101928694173693657e-03,-2.744342200458049774e-02,-9.607864543795585632e-03,-3.512438014149665833e-02,1.782888919115066528e-02,-1.609534025192260742e-02,-2.808350138366222382e-02,-2.214942872524261475e-02,-3.469765931367874146e-02,2.556318789720535278e-02,-3.755134716629981995e-02,1.081801601685583591e-03,-3.165728226304054260e-02,-7.387587800621986389e-03,1.688210479915142059e-02,-1.115472428500652313e-02,1.090802717953920364e-02,-5.147308576852083206e-03,6.784179247915744781e-03,1.517522521317005157e-02,-2.244279906153678894e-02,-2.256281301379203796e-02,-3.835145011544227600e-02,5.057297181338071823e-03,9.247819893062114716e-03,1.626869477331638336e-02,-1.070133410394191742e-02,5.003957077860832214e-03,3.536440804600715637e-02,-7.914320565760135651e-03,-8.834434673190116882e-03,2.286951756104826927e-03,-1.612200960516929626e-02,-4.776595532894134521e-02,2.161602862179279327e-02,1.885568350553512573e-02,-1.496186573058366776e-02,1.449514087289571762e-02,-6.427468266338109970e-03,1.897569932043552399e-02,2.406966872513294220e-02,1.510188332758843899e-03,9.042794117704033852e-04,-5.360668525099754333e-03,-1.889568939805030823e-02,-5.160643253475427628e-03,-2.025585807859897614e-02,2.679000794887542725e-02,1.082134898751974106e-02,-8.534397929906845093e-03,-5.160643253475427628e-03,3.997831791639328003e-02,1.884234882891178131e-02,-1.092136185616254807e-02,-1.981580443680286407e-02,1.686877012252807617e-02,-3.349750861525535583e-02,1.821560412645339966e-02,1.308829896152019501e-02,7.100885268300771713e-03,1.258823648095130920e-02,1.176813431084156036e-02,2.265615761280059814e-02,-1.564778503961861134e-04,2.324289828538894653e-02,-1.005125348456203938e-03,-1.506854593753814697e-02,6.914195604622364044e-03,7.614282891154289246e-03,-1.905570924282073975e-02,2.088593784719705582e-03,-5.642370088025927544e-04,-7.131097663659602404e-05,1.014126464724540710e-02,-1.918905973434448242e-02,-7.114220410585403442e-03,6.257446948438882828e-03,-1.948243007063865662e-02,-1.528190542012453079e-02,1.398841105401515961e-02,1.417510118335485458e-02,-2.636328712105751038e-02,2.634995244443416595e-02,-1.209484133869409561e-02,-1.091469451785087585e-02,-1.456181611865758896e-02,-2.021585404872894287e-02,2.899028174579143524e-02,-2.360294386744499207e-02,3.131056949496269226e-02,3.411091864109039307e-02,-2.338958345353603363e-02,1.422844082117080688e-02,5.097302142530679703e-03,1.247488893568515778e-02,7.280908059328794479e-03,1.682876423001289368e-02,1.508188061416149139e-02,-1.992248371243476868e-02,1.140808872878551483e-02,-1.569529063999652863e-02,1.446847058832645416e-02,-5.057297181338071823e-03,-1.604199968278408051e-02,4.216525703668594360e-02,9.341164492070674896e-03,-5.394005682319402695e-03,4.193856380879878998e-03,-2.008250355720520020e-02,-5.777386948466300964e-03,-2.151934895664453506e-03,-1.104137673974037170e-02,5.950741935521364212e-03,-2.803016081452369690e-02,-8.281032554805278778e-03,-8.381045423448085785e-03,2.473641652613878250e-03,-1.426844578236341476e-02,9.707877412438392639e-03,-8.934447541832923889e-04,5.727380979806184769e-03,1.769554056227207184e-02,-1.130140945315361023e-02,-3.189981216564774513e-04,2.162936329841613770e-02,-1.432178542017936707e-02,1.484185084700584412e-02,2.044254913926124573e-02,4.433886148035526276e-03,1.534858066588640213e-02,4.643912427127361298e-03,-1.710879988968372345e-02,5.193980876356363297e-03,-8.101009763777256012e-03,2.337624877691268921e-02,-1.418843585997819901e-02,1.342667383141815662e-03,-1.771887647919356823e-03,3.430427750572562218e-03,1.528523978777229786e-03,6.947532761842012405e-03,9.567859582602977753e-03,-3.291077166795730591e-02,-1.389506552368402481e-02,-1.446847058832645416e-02,7.480932865291833878e-03,2.373629249632358551e-02,2.877692133188247681e-02,3.860481316223740578e-03,-1.294828113168478012e-02,-2.437637187540531158e-02,-4.180521238595247269e-03,1.259323675185441971e-03,3.200399130582809448e-02,1.961911329999566078e-03,-3.760468959808349609e-02,-2.749676257371902466e-02,-2.469641342759132385e-02,9.067797102034091949e-03,3.627118887379765511e-03,-8.481057360768318176e-03,1.075467467308044434e-02,2.073591947555541992e-02,-4.413883667439222336e-03,-1.340167131274938583e-03,-2.482976205646991730e-02,3.990497440099716187e-03,-3.235070034861564636e-02,1.210817601531744003e-02,1.230153348296880722e-02,-9.754549711942672729e-03,1.264824345707893372e-02,-1.064799446612596512e-02,-1.601533032953739166e-02,2.828686032444238663e-03,-7.725963369011878967e-04,1.248155627399682999e-02,2.300286851823329926e-02,-1.836228929460048676e-02,7.167560514062643051e-03,6.914195604622364044e-03,1.556194014847278595e-02,-1.644204929471015930e-02,-3.144391998648643494e-02,2.242946252226829529e-02,1.070800144225358963e-02,-7.307577878236770630e-03,2.620326727628707886e-02,-3.707128763198852539e-02,3.112388029694557190e-02,1.818893477320671082e-02,-4.467223770916461945e-03,3.637786954641342163e-02,-1.648205518722534180e-02,6.387463305145502090e-03,-2.044254913926124573e-02,8.321037515997886658e-03,-2.182938903570175171e-02,-2.681667730212211609e-02,-1.488518901169300079e-03,3.880483796820044518e-03,2.118597505614161491e-03,8.987787179648876190e-03,-1.024794485419988632e-02,-8.014332503080368042e-03,-3.135391045361757278e-03,1.572195999324321747e-02,-1.385506056249141693e-02,-4.483892582356929779e-03,-1.782888919115066528e-02,1.008125673979520798e-02,-1.593532040715217590e-02,1.468183100223541260e-02,-2.606991678476333618e-02,-2.449638769030570984e-02,-2.381630241870880127e-02,4.099177941679954529e-02,4.180521238595247269e-03,-2.542983740568161011e-02,8.047670125961303711e-03,1.036129146814346313e-02,-5.438011512160301208e-02,-3.093719016760587692e-03,2.208608668297529221e-03,2.813684195280075073e-02,2.140266820788383484e-02,8.901109918951988220e-03,1.057465188205242157e-02,-6.040753331035375595e-03,1.329499110579490662e-02,9.861229918897151947e-03,-3.368420153856277466e-02,1.518856082111597061e-02,-1.093469653278589249e-02,-2.925698086619377136e-02,-4.313871264457702637e-03,-6.292451289482414722e-04,-2.808350138366222382e-02,-1.734882965683937073e-02,4.117846861481666565e-02,-6.854188162833452225e-03,-4.293868783861398697e-03,2.748676110059022903e-03,1.044796966016292572e-02,-1.984247379004955292e-02,-7.627617567777633667e-03,1.021460723131895065e-02,2.001582831144332886e-02,-2.697669714689254761e-02,3.184397146105766296e-02,-4.040503874421119690e-02,2.649663761258125305e-02,7.620950229465961456e-03,-3.355418331921100616e-03,-3.760468959808349609e-02,-1.185481157153844833e-02,4.383880179375410080e-03,-1.708213053643703461e-02,-1.052797958254814148e-02,-7.809306844137609005e-04,-5.964077077805995941e-03,1.013459730893373489e-02,3.362085903063416481e-03,1.830894872546195984e-02,-1.876233890652656555e-02,-1.696211472153663635e-02,1.299495343118906021e-02,-2.166936901630833745e-04,-1.112138666212558746e-02,-1.118139456957578659e-02,3.379087895154953003e-02,1.429511606693267822e-02,-1.585531048476696014e-02,1.162811648100614548e-02,-1.197482645511627197e-02,-1.792223379015922546e-02,-2.264282293617725372e-02,-2.677000360563397408e-03,-1.077467668801546097e-02,4.937282297760248184e-03,-1.812225952744483948e-02,-2.270283177495002747e-03,-1.761553063988685608e-02,2.038920857012271881e-02,4.645912721753120422e-02,-3.029711171984672546e-02,9.407839737832546234e-03,-2.109596319496631622e-02,1.638871058821678162e-02,-1.285493653267621994e-02,-3.264407068490982056e-02,3.196231846231967211e-04,-9.507852606475353241e-03,-1.111471932381391525e-02,4.327206406742334366e-03,-2.797015476971864700e-03,-2.482976205646991730e-02,-2.683001197874546051e-02,2.394965291023254395e-02,-1.968245394527912140e-02,-5.674040876328945160e-03,2.007717043161392212e-01,-8.467722684144973755e-03,-8.494392037391662598e-03,2.776346169412136078e-02,1.690877415239810944e-02,2.570987306535243988e-02,1.198816113173961639e-02,-8.534397347830235958e-04,-1.398841105401515961e-02,1.874900422990322113e-02,-9.567859582602977753e-03,-1.661540567874908447e-02,-6.304119247943162918e-03,8.067672140896320343e-03,2.670999616384506226e-02,-1.239487901329994202e-02,-3.765802830457687378e-02,-2.835020236670970917e-02,2.623660489916801453e-03,-5.323330312967300415e-02,1.292827911674976349e-02,1.892235875129699707e-02,-2.204441552748903632e-04,-3.152393177151679993e-02,1.789556443691253662e-02,6.974203046411275864e-03,-2.773679234087467194e-02,3.110387828201055527e-03,4.168519750237464905e-02,1.239487901329994202e-02,-7.660955190658569336e-03,-6.860855501145124435e-03,9.587862528860569000e-03,-9.074464440345764160e-03,-1.376171596348285675e-02,5.830727051943540573e-03,1.323498319834470749e-02,-8.087675087153911591e-03,9.354500100016593933e-03,-9.459512657485902309e-04,3.179062902927398682e-02,6.187438033521175385e-03,2.446971833705902100e-02,-2.166936919093132019e-02,-1.146142929792404175e-02,1.945575885474681854e-02,-7.167560397647321224e-04,6.810849066823720932e-03,-4.229860752820968628e-02,1.960244495421648026e-03,-1.426844578236341476e-02,1.640204526484012604e-02,3.947158902883529663e-02,3.608449921011924744e-02,-1.605533435940742493e-02,7.867647334933280945e-03,1.693544443696737289e-03,3.504436835646629333e-02,-1.042796671390533447e-02,-2.086926810443401337e-02,2.918697195127606392e-03,2.194940298795700073e-02,-3.183730412274599075e-03,1.908237859606742859e-02,6.974203046411275864e-03,3.704461827874183655e-02,-2.867024205625057220e-02,-3.125723078846931458e-02,-1.690877415239810944e-02,-1.865565963089466095e-02,1.327498815953731537e-02,-2.137599885463714600e-02,1.358836051076650620e-02,1.450847554951906204e-02,-1.555193914100527763e-03,-6.510811857879161835e-03,9.981244802474975586e-03,-7.380920462310314178e-03,1.105471141636371613e-02,1.969578862190246582e-02,-5.280658602714538574e-03,-5.077966675162315369e-02,-2.422968856990337372e-02,-5.043962039053440094e-03,5.140640772879123688e-03,-2.955035120248794556e-02,1.236154139041900635e-02,5.360668525099754333e-03,-3.347083926200866699e-02,3.544441983103752136e-02,1.144142635166645050e-02,-2.366961725056171417e-02,-3.593781497329473495e-03,2.413634210824966431e-03,1.300828903913497925e-02,1.738883554935455322e-02,8.987787179648876190e-03,-1.364336814731359482e-03,-1.269491668790578842e-02,-3.950492478907108307e-03,-1.504187565296888351e-02,1.716214045882225037e-02,7.514270488172769547e-03,-1.382839120924472809e-02,1.218818593770265579e-02,1.266824640333652496e-02,2.617659792304039001e-02,2.029586397111415863e-02,1.780221983790397644e-02,-2.869691140949726105e-02,-2.301620319485664368e-02,-2.760344184935092926e-02,-3.317080205306410789e-03,-1.008792407810688019e-02,1.698878407478332520e-02,6.617491599172353745e-03,1.533524505794048309e-02,-3.657122608274221420e-03,1.890902407467365265e-02,1.530857570469379425e-02,1.023460924625396729e-02,-1.080968067981302738e-03,1.753552071750164032e-02,1.022794190794229507e-02,1.676209084689617157e-02,-9.861229918897151947e-03,-8.054337464272975922e-03,9.594529867172241211e-03,-7.640952710062265396e-03,-1.002124976366758347e-02,4.115179926156997681e-02,-9.207814931869506836e-03,-1.882901415228843689e-02,1.444180030375719070e-02,2.122931368649005890e-02,7.320913020521402359e-03,1.444180030375719070e-02,-1.434845570474863052e-02,5.440678447484970093e-03,-3.348750993609428406e-03,-1.350835058838129044e-02,3.520438913255929947e-03,2.290952391922473907e-02,2.388297766447067261e-02,-1.616868306882679462e-03,-1.841562986373901367e-02,1.469516567885875702e-02,-2.084259875118732452e-02,2.416301332414150238e-02,6.087425630539655685e-03,-2.000249363481998444e-02,4.013833589851856232e-03,2.546984329819679260e-02,-4.293868783861398697e-03,2.272283285856246948e-02,-4.853938706219196320e-03,-1.216151658445596695e-02,-1.250155910383909941e-04,-7.394255138933658600e-03,-6.484141922555863857e-04,-4.248529672622680664e-02,2.110929787158966064e-02,2.001582831144332886e-02,-1.606867089867591858e-02,-1.357502583414316177e-02,1.279492862522602081e-02,-1.693011075258255005e-01,2.160269301384687424e-03,2.294952794909477234e-02,-9.361167438328266144e-03,3.043046034872531891e-02,-1.000124681740999222e-02,3.104387037456035614e-02,5.147308576852083206e-03,-4.707253538072109222e-03,-1.180813927203416824e-02,-5.634035915136337280e-03,-1.524190045893192291e-02,-1.878901012241840363e-02,4.493893589824438095e-03,-6.738340016454458237e-04,-1.875233836472034454e-03,-3.549775853753089905e-02,-1.422844082117080688e-02,2.452305704355239868e-02,1.067466475069522858e-02,2.673666737973690033e-02,1.692211069166660309e-02,-3.640454029664397240e-03,-2.344292216002941132e-02,-3.843812504783272743e-03,8.901109918951988220e-03,-1.290160883218050003e-02,1.838895864784717560e-02,-7.667622528970241547e-03,-1.810892485082149506e-02,2.606991678476333618e-03,7.374252658337354660e-03,4.200523719191551208e-02,-8.181019686162471771e-03,1.722881570458412170e-02,6.955033750273287296e-04,-1.466849539428949356e-02,-3.616451099514961243e-02,-3.447096562013030052e-03,1.854898035526275635e-02,3.331081941723823547e-02,1.428178045898675919e-02,4.099177941679954529e-02,5.310662090778350830e-03,1.061590664903633296e-04,1.593532040715217590e-02,2.108262851834297180e-02,7.114220410585403442e-03,4.528564587235450745e-02,-1.802891492843627930e-02,1.250822655856609344e-02,-9.641202166676521301e-03,2.456306293606758118e-02,-1.364836841821670532e-02,1.548193022608757019e-02,7.187562994658946991e-03,-7.634285371750593185e-03,6.660830695182085037e-03,-1.716214045882225037e-02,-1.352168619632720947e-02,-9.726212592795491219e-04,-2.663665451109409332e-03,4.257197491824626923e-03,6.430801935493946075e-03,1.108804903924465179e-02,-1.624202542006969452e-02,-2.416301332414150238e-02,1.538858562707901001e-02,-2.298953384160995483e-02,1.886902004480361938e-02,-7.440927904099225998e-03,-1.726881973445415497e-02,8.067672140896320343e-03,-8.794429711997509003e-03,-8.974452503025531769e-03,1.980246976017951965e-02,-1.880234479904174805e-02,2.226944267749786377e-02,1.569529063999652863e-02,1.984247379004955292e-02,-2.704337239265441895e-02,9.674539789557456970e-03,-1.419343636371195316e-03,-2.346959197893738747e-03,5.321496864780783653e-04,4.127181135118007660e-03,-1.210817601531744003e-02,-2.928365208208560944e-02,2.398632466793060303e-03,1.534858066588640213e-02,1.721547916531562805e-02,-2.165603265166282654e-02,-1.912238448858261108e-02,-2.030253177508711815e-03,1.894902996718883514e-02,7.760967593640089035e-03,-1.576029811985790730e-03,7.434260100126266479e-03,-2.453639172017574310e-03,-2.149601280689239502e-02,2.246946841478347778e-02,-2.017584815621376038e-02,-3.355085104703903198e-02,-1.016126666218042374e-02,3.016376122832298279e-02,-1.372171100229024887e-02,8.381045423448085785e-03,6.980870384722948074e-03,2.586989291012287140e-02,2.054922841489315033e-02,7.027542684227228165e-03,1.701545529067516327e-02,2.100261859595775604e-03,9.621199220418930054e-03,1.821560412645339966e-02,1.877567358314990997e-02,-5.313995759934186935e-03,-1.585531048476696014e-02,2.040254324674606323e-02,-7.034210488200187683e-03,5.990080162882804871e-02,2.188272774219512939e-02,-1.143475901335477829e-02,3.072383068501949310e-02,-2.129598893225193024e-02,-9.161142632365226746e-03,-1.205483675003051758e-01,-1.408175565302371979e-02,6.596655584871768951e-04,2.550984732806682587e-02,1.458848547190427780e-02,2.853689156472682953e-02,9.081132709980010986e-03,-4.253863822668790817e-03,-4.147183895111083984e-02,9.087800048291683197e-03,2.668666187673807144e-03,-1.601533032953739166e-02,-2.244279906153678894e-02,5.617367103695869446e-03,9.887899272143840790e-03,-9.421174414455890656e-03,-9.976243600249290466e-04,-9.987912140786647797e-03,-2.253614366054534912e-02,2.118930779397487640e-02,2.521981019526720047e-03,1.218818593770265579e-02,-5.647370591759681702e-03,1.278826128691434860e-02,-6.900860462337732315e-03,-6.517479196190834045e-04,-2.947034128010272980e-02,4.064506664872169495e-02,1.350168325006961823e-02,-1.106137875467538834e-02,-1.264324295334517956e-03,-7.494268007576465607e-03,3.943825140595436096e-03,1.184314372949302197e-03,-1.147476397454738617e-02,4.067173693329095840e-03,-7.274240255355834961e-03,-1.241488102823495865e-02,2.658998221158981323e-02,-3.440428897738456726e-02,2.513646706938743591e-02,2.341625280678272247e-02,-8.887775242328643799e-03,3.353751497343182564e-03,3.427094081416726112e-03,-2.350959740579128265e-02,-1.977579854428768158e-02,1.107471436262130737e-02,2.137599885463714600e-02,-1.151476893573999405e-02,-3.523106127977371216e-02,-1.670875027775764465e-02,-2.218943275511264801e-02,-5.303994752466678619e-03,1.166812144219875336e-03,-1.363503374159336090e-02,1.550860051065683365e-02,2.153601869940757751e-02,-3.203732892870903015e-03,1.636203937232494354e-02,6.527480669319629669e-03,2.344292216002941132e-02,1.541025470942258835e-03,3.547108918428421021e-02,1.971912570297718048e-03,-1.456181611865758896e-02,-2.245279960334300995e-03,-2.401632815599441528e-02,1.490852516144514084e-02,-4.965952411293983459e-02,-2.525314921513199806e-03,8.826100383885204792e-04,-1.561528071761131287e-02,3.091052174568176270e-02,-2.406966872513294220e-02,-9.201147593557834625e-03,-5.243987310677766800e-03,-1.822893880307674408e-02,3.595114871859550476e-02,-4.389880597591400146e-02,-7.807640358805656433e-03,-6.817516870796680450e-03,1.037629321217536926e-03,-1.772220991551876068e-02,1.564361737109720707e-03,2.226944314315915108e-03,2.346959337592124939e-02,-1.304162573069334030e-02,-3.163060918450355530e-02,-4.446387756615877151e-04,1.996082282857969403e-04,2.048255316913127899e-02,1.670875027775764465e-02,-5.203982349485158920e-03,-1.032795477658510208e-02,8.584403549320995808e-04,6.097427103668451309e-03,-1.214151363819837570e-02,-7.834309712052345276e-03,6.150766741484403610e-03,-1.617535017430782318e-02,-2.787014236673712730e-03,-4.589905589818954468e-02,1.389506552368402481e-02,-2.242946252226829529e-02,-6.138265598565340042e-04,1.998915895819664001e-02,-2.077592350542545319e-02,3.007041523233056068e-03,-1.038129441440105438e-02,-7.847645319998264313e-03,-3.960493952035903931e-03,-2.508312836289405823e-02,3.099053166806697845e-02,1.392673701047897339e-03,-1.829561404883861542e-02,-1.818893477320671082e-02,-5.463181296363472939e-04,2.301620319485664368e-02,6.037419661879539490e-03,-1.324831880629062653e-02,-7.280908059328794479e-03,1.865565963089466095e-02,2.120264340192079544e-03,6.627493072301149368e-03,4.117180127650499344e-03,-7.554275449365377426e-03,-1.828561304137110710e-03,-1.910238177515566349e-03,2.297619730234146118e-02,-1.236612588400021195e-04,1.646872051060199738e-02,-3.178729675710201263e-03,-1.162144914269447327e-02,1.625536009669303894e-02,2.161602862179279327e-02,1.770887523889541626e-02,-1.517522521317005157e-02,-2.236945554614067078e-03,3.224401921033859253e-02,1.972245983779430389e-02,6.278116255998611450e-02,1.629369799047708511e-03,-3.885817900300025940e-02,-1.120806392282247543e-02,7.680124253965914249e-04,-6.497476715594530106e-03,1.530857570469379425e-02,-1.397507544606924057e-02,1.361503079533576965e-02,3.403091058135032654e-02,-1.226152852177619934e-02,2.697669714689254761e-02,3.648455068469047546e-02,-2.330957353115081787e-02,-3.595114871859550476e-02,-2.512313239276409149e-02,-2.198940888047218323e-02,-1.860231906175613403e-02,-1.002124976366758347e-02,-8.747757412493228912e-03,-3.189731016755104065e-02,1.833561994135379791e-02,8.176019182428717613e-04,-1.976246386766433716e-02,-3.098719753324985504e-03,1.133474707603454590e-02,-1.726881973445415497e-02,-6.137432064861059189e-03,-8.659412851557135582e-04,-1.214818097651004791e-02,5.053963512182235718e-03,-8.454387076199054718e-03,1.227653119713068008e-03,-4.840603563934564590e-03,1.709546521306037903e-02,5.203982349485158920e-03,-5.340666044503450394e-03,2.231945050880312920e-03,2.314955368638038635e-02,-3.328415006399154663e-02,2.297619730234146118e-02,4.677250050008296967e-03,-1.320831384509801865e-02,-3.080384060740470886e-02,3.056381084024906158e-02,4.263864830136299133e-03,6.592488498426973820e-04,-2.093594335019588470e-02,-3.405757993459701538e-02,9.114469401538372040e-03,5.333998240530490875e-03,2.483643125742673874e-03,2.169603854417800903e-02,1.352835353463888168e-02,-3.008375130593776703e-02,-1.906904391944408417e-02,-3.096386045217514038e-02,-5.117304623126983643e-03,2.855356084182858467e-03,1.352835353463888168e-02,5.080633331090211868e-03,1.177646801806986332e-03,-1.297495141625404358e-02,-1.109471637755632401e-02,-1.792223379015922546e-02,-7.400922942906618118e-03,-1.084135193377733231e-02,-2.497644722461700439e-02,-3.491101786494255066e-02,-1.069466676563024521e-02,6.277449429035186768e-03,1.466849539428949356e-02,-1.054131425917148590e-02,4.400548525154590607e-03,-4.577237181365489960e-03,-5.909070023335516453e-04,1.788222976028919220e-02,1.364836841821670532e-02,1.091802841983735561e-03,-2.034920454025268555e-02,4.043170809745788574e-02,1.180147170089185238e-03,-3.088718513026833534e-03,2.352293394505977631e-02,1.720214448869228363e-02,2.923031151294708252e-02,7.954325526952743530e-03,1.006896345643326640e-04,-2.909696102142333984e-02,4.313871264457702637e-03,-1.542692305520176888e-03,-4.183854907751083374e-03,-1.425511110574007034e-02,-3.040379099547863007e-02,-9.678290371084585786e-05,-9.001122787594795227e-03,1.486018649302423000e-03,-5.947408266365528107e-03,2.228277921676635742e-02,-4.325872659683227539e-02,2.386964298784732819e-02,1.602866500616073608e-02,-1.866899430751800537e-02,3.603782737627625465e-03,1.768220402300357819e-02,4.267198592424392700e-02,-5.800723098218441010e-03,7.427592761814594269e-03,6.244111806154251099e-03,8.121012710034847260e-03,2.888360060751438141e-02,-4.447221290320158005e-03,2.340291813015937805e-02,-5.167311057448387146e-03,-2.570987306535243988e-02,-7.260905113071203232e-03,-1.085468661040067673e-02,2.414967864751815796e-02,-9.627867490053176880e-03,-5.292326677590608597e-04,3.469765931367874146e-02,-6.147433072328567505e-03,2.010917477309703827e-02,-1.011459436267614365e-02,-3.767136484384536743e-03,-3.125723078846931458e-02,1.906904391944408417e-02,6.580820772796869278e-03,4.233861342072486877e-03,-1.648205518722534180e-02,-1.060132216662168503e-02,2.824352122843265533e-02,-3.208399936556816101e-02,-1.938908360898494720e-02,-3.290410386398434639e-03,-1.469516567885875702e-02,7.667622528970241547e-03,-2.875025197863578796e-02,4.050504940096288919e-04,1.588197983801364899e-02,-1.297495141625404358e-02,6.397464312613010406e-03,-3.077717125415802002e-02,-2.480309270322322845e-02,3.389756008982658386e-02,-5.329831037670373917e-04,-8.981119841337203979e-03,4.403882659971714020e-03,-2.920364215970039368e-02
-2.930277027189731598e-02,-2.842128276824951172e-02,-1.421064138412475586e-02,-3.455830272287130356e-03,-1.641435921192169189e-02,4.735989868640899658e-02,-1.884512603282928467e-02,-4.013437777757644653e-03,-1.334918756037950516e-02,-5.048517137765884399e-03,-1.368141500279307365e-03,1.227404084056615829e-02,-2.737952396273612976e-02,-2.475008950568735600e-04,9.440927533432841301e-04,2.286524139344692230e-02,1.768316701054573059e-02,1.190007664263248444e-02,1.093177590519189835e-02,-2.566997334361076355e-02,2.904900815337896347e-03,9.549443610012531281e-03,-2.729938924312591553e-02,-1.157285738736391068e-02,-8.127043955028057098e-03,-9.409207850694656372e-03,2.834114804863929749e-02,-4.016776569187641144e-03,5.749700125306844711e-03,-1.624073274433612823e-02,-1.198688987642526627e-02,4.804772790521383286e-03,-1.697530597448348999e-02,-2.023413591086864471e-02,-3.918610885739326477e-02,-2.422754094004631042e-02,-1.853794232010841370e-02,1.159956958144903183e-02,1.648113876581192017e-02,1.873827911913394928e-02,1.380662666633725166e-03,-5.138669162988662720e-03,2.329262904822826385e-02,-1.060455758124589920e-02,-2.446794696152210236e-02,1.167970430105924606e-02,-2.629769966006278992e-02,-2.032762765884399414e-02,-2.103548962622880936e-03,5.699615925550460815e-03,4.557021334767341614e-02,1.055113412439823151e-02,-4.617790691554546356e-03,-4.378052800893783569e-02,-8.163772872649133205e-04,1.831089146435260773e-02,-8.193823508918285370e-03,2.266490459442138672e-02,-1.370311807841062546e-02,-2.772677689790725708e-02,1.681503467261791229e-02,3.903251839801669121e-03,-8.367449976503849030e-03,1.885848306119441986e-02,-1.079821772873401642e-02,-2.831443585455417633e-02,-2.230429649353027344e-02,2.255805768072605133e-02,-2.683193422853946686e-02,-2.655146084725856781e-02,3.397732228040695190e-02,8.367449976503849030e-03,6.157054100185632706e-03,-1.149272266775369644e-02,-9.168801829218864441e-03,-9.836595505475997925e-03,-5.051856394857168198e-03,-3.151984512805938721e-02,-2.374005038291215897e-03,-1.777999685145914555e-03,-1.983346184715628624e-03,1.356288138777017593e-02,-1.217387150973081589e-02,1.114546973258256912e-02,-1.392349018715322018e-03,-4.207097808830440044e-04,-1.266136113554239273e-02,1.940607279539108276e-02,1.754960790276527405e-02,-2.116904780268669128e-02,3.333624079823493958e-02,2.039440721273422241e-02,6.464239209890365601e-03,3.520606085658073425e-02,-1.558629516512155533e-02,1.206702459603548050e-02,-2.015400119125843048e-02,2.672508731484413147e-02,-6.904982496052980423e-03,-1.632086746394634247e-02,6.404137704521417618e-03,-7.495979662053287029e-04,-1.823075674474239349e-02,8.200502023100852966e-03,1.407374395057559013e-03,-4.470875952392816544e-03,-2.160979062318801880e-02,-1.700201630592346191e-02,1.881841570138931274e-02,-5.629497580230236053e-03,-1.804377511143684387e-02,2.159643545746803284e-02,2.571004256606101990e-02,-4.340656474232673645e-02,2.464157156646251678e-02,-3.715601935982704163e-02,1.282830908894538879e-02,1.084496267139911652e-02,-2.242449857294559479e-02,-3.491223230957984924e-02,-5.285583902150392532e-03,1.991359516978263855e-02,3.437799960374832153e-02,-9.155445732176303864e-03,8.501008152961730957e-03,-3.150314791128039360e-03,-2.628434449434280396e-02,-3.013083338737487793e-02,-5.142008420079946518e-03,4.734654445201158524e-03,5.216801166534423828e-02,1.685510203242301941e-02,4.383395239710807800e-02,-1.952627487480640411e-02,1.032408419996500015e-02,1.194682158529758453e-02,-7.539386395364999771e-03,-1.208038069307804108e-02,2.073498209938406944e-03,-2.376008592545986176e-02,1.059120148420333862e-02,2.341283299028873444e-02,5.158703308552503586e-03,-1.161960326135158539e-02,2.055467665195465088e-02,4.874891135841608047e-03,2.247124444693326950e-03,1.749618351459503174e-02,-3.709591692313551903e-03,-1.085164118558168411e-02,2.921595703810453415e-03,-1.059787906706333160e-02,2.016735821962356567e-02,-2.866168878972530365e-02,9.449275210499763489e-03,3.477867320179939270e-02,4.744671285152435303e-03,1.880505867302417755e-02,-2.203717827796936035e-03,-6.484272889792919159e-03,-5.749700125306844711e-03,1.198021136224269867e-02,8.708024397492408752e-03,1.401531160809099674e-03,-4.507604520767927170e-03,3.010412119328975677e-02,1.106533501297235489e-02,6.400798913091421127e-03,-1.482501067221164703e-02,-2.112898044288158417e-02,3.387047722935676575e-02,2.108891122043132782e-02,-6.938372272998094559e-03,2.330598607659339905e-02,-1.126567274332046509e-02,1.171977259218692780e-02,9.719522495288401842e-05,2.863497659564018250e-02,-2.591037936508655548e-02,-8.354093879461288452e-03,-2.156972326338291168e-02,-2.323920605704188347e-03,1.764309778809547424e-02,1.410379447042942047e-02,-6.761407013982534409e-03,-1.175316143780946732e-02,-2.078506629914045334e-03,-7.839892990887165070e-03,1.702872850000858307e-02,-2.465826692059636116e-03,1.113211456686258316e-02,1.429077610373497009e-02,2.744630444794893265e-03,4.404096864163875580e-03,-6.239860653877258301e-01,-4.611112643033266068e-03,-1.261461526155471802e-02,-1.571985334157943726e-02,1.527911052107810974e-02,8.801515214145183563e-03,1.163295935839414597e-02,7.552742026746273041e-03,-3.066506795585155487e-02,4.076878074556589127e-03,-8.400839753448963165e-03,8.487652987241744995e-03,-5.188753828406333923e-03,-1.502534933388233185e-02,2.094199694693088531e-02,-1.328240893781185150e-02,-1.001689955592155457e-02,-1.030405052006244659e-02,-1.526575442403554916e-02,3.970031160861253738e-03,-1.107869111001491547e-02,9.295682422816753387e-03,1.737598143517971039e-02,-2.752977889031171799e-03,6.824847310781478882e-03,1.131909620016813278e-02,6.420832592993974686e-03,-1.787014864385128021e-02,-1.274149585515260696e-02,-1.062459126114845276e-02,-4.642498865723609924e-02,1.402365881949663162e-02,1.770987734198570251e-02,2.529601007699966431e-02,3.047808632254600525e-02,-1.682839123532176018e-03,-2.691206894814968109e-02,-2.596046309918165207e-03,2.008722163736820221e-02,3.093218430876731873e-02,-4.997764900326728821e-02,-1.083828508853912354e-02,4.480892792344093323e-03,-1.730920188128948212e-02,-3.192052012309432030e-03,1.240092143416404724e-02,1.585341244935989380e-02,-1.429077610373497009e-02,1.075147185474634171e-02,9.930086322128772736e-03,1.811055466532707214e-02,-2.104884386062622070e-02,5.766395013779401779e-03,1.218722760677337646e-02,8.948430418968200684e-03,2.020742557942867279e-02,3.007740899920463562e-02,-2.313235960900783539e-02,-2.074166014790534973e-02,3.202736750245094299e-02,1.301529165357351303e-02,3.296227753162384033e-02,-5.379074718803167343e-03,-1.439762301743030548e-02,-3.843150334432721138e-03,1.364969462156295776e-02,-3.083535470068454742e-03,3.574029728770256042e-02,9.990187361836433411e-03,-2.776350593194365501e-03,-7.416679291054606438e-04,9.763137437403202057e-03,-4.995093680918216705e-03,-8.267280645668506622e-03,2.626097062602639198e-03,2.225087210536003113e-02,6.714661605656147003e-03,-1.666812039911746979e-02,-7.479284889996051788e-03,-1.172645017504692078e-02,-7.272269111126661301e-03,6.586111267097294331e-04,-3.354993462562561035e-02,1.669483259320259094e-02,1.477158721536397934e-02,-1.545273698866367340e-02,-1.705544069409370422e-02,-1.896532997488975525e-02,-3.472524986136704683e-04,-5.936682224273681641e-03,-4.400757607072591782e-03,2.780691348016262054e-02,1.585341244935989380e-02,1.102526765316724777e-02,3.341637551784515381e-02,9.903374128043651581e-03,-6.784779950976371765e-03,3.495897864922881126e-03,-5.783089902251958847e-03,-1.323900185525417328e-03,8.055256330408155918e-04,-2.002044208347797394e-02,1.855129748582839966e-02,-1.791021600365638733e-02,6.430849432945251465e-03,-7.806503679603338242e-03,-3.897241503000259399e-02,9.542766027152538300e-03,1.403701491653919220e-02,-2.973015792667865753e-02,-2.168658655136823654e-03,-8.400839753448963165e-03,6.140359211713075638e-03,-6.253884173929691315e-03,-3.389718756079673767e-02,-3.093218430876731873e-02,1.411715056747198105e-02,8.841583505272865295e-03,2.010057866573333740e-02,-3.272186964750289917e-02,3.814435377717018127e-02,2.413404919207096100e-02,1.819736673496663570e-03,-9.542766027152538300e-03,3.091882914304733276e-03,1.734926924109458923e-02,-1.286837644875049591e-02,-2.211731299757957458e-02,-1.409043837338685989e-02,9.375818073749542236e-03,1.662805303931236267e-02,-4.244139563525095582e-05,6.137020420283079147e-03,-8.213857188820838928e-03,3.240133076906204224e-02,-5.379074718803167343e-03,1.722906716167926788e-02,-1.915231160819530487e-02,3.277529403567314148e-02,-1.380996499210596085e-02,1.546609215438365936e-02,-1.541266869753599167e-02,1.023059338331222534e-02,-1.788350380957126617e-02,1.015254456433467567e-04,-5.414468050003051758e-02,1.200024504214525223e-02,-9.649612940847873688e-03,-2.350632287561893463e-02,1.090506464242935181e-02,3.341637551784515381e-02,-1.410379447042942047e-02,-1.535924524068832397e-02,-1.660134084522724152e-02,1.110540237277746201e-02,-1.402365881949663162e-02,-7.813181728124618530e-03,1.628080010414123535e-02,4.577722866088151932e-03,-3.237462043762207031e-02,1.585341244935989380e-02,2.044782973825931549e-02,-1.378325372934341431e-02,-1.005028933286666870e-02,1.976668089628219604e-02,-2.571004256606101990e-02,-1.127235032618045807e-02,2.828104654327034950e-03,8.961785584688186646e-03,-1.613388583064079285e-02,1.358291506767272949e-02,2.203717827796936035e-03,-6.765580619685351849e-04,3.221434727311134338e-02,6.581937777809798717e-04,1.270810607820749283e-02,-1.051106676459312439e-02,-9.068632498383522034e-03,-7.846571505069732666e-03,1.110540237277746201e-02,1.110540237277746201e-02,-1.757965888828039169e-03,-2.087521739304065704e-02,-2.052796632051467896e-02,-1.562636345624923706e-02,-1.067801471799612045e-02,-7.105320692062377930e-03,1.765645481646060944e-02,1.440764055587351322e-03,-9.429241530597209930e-03,-1.045096479356288910e-02,1.454453822225332260e-02,-2.379013691097497940e-03,-1.753625087440013885e-02,9.028565138578414917e-03,9.816560894250869751e-03,2.202382311224937439e-02,1.121224928647279739e-02,1.433084439486265182e-02,3.053150884807109833e-02,-2.407394815236330032e-03,-1.661469787359237671e-02,4.260521009564399719e-02,4.544333554804325104e-03,1.721571013331413269e-02,-3.461840376257896423e-02,1.107702148146927357e-03,-8.901684544980525970e-03,1.439762301743030548e-02,-4.564367234706878662e-03,1.078486209735274315e-03,-2.442787773907184601e-02,-2.096870914101600647e-02,5.896614864468574524e-03,1.231410820037126541e-02,3.947994112968444824e-02,8.066942915320396423e-03,1.098520006053149700e-03,1.608046330511569977e-02,-8.981820195913314819e-03,1.063126884400844574e-02,-1.769652217626571655e-02,6.160392891615629196e-03,1.052442193031311035e-02,-3.352322429418563843e-02,-6.494289729744195938e-03,3.252153284847736359e-03,9.374148212373256683e-04,-6.811491679400205612e-03,-1.326905284076929092e-02,8.535233209840953350e-04,-1.964647881686687469e-02,1.781672425568103790e-02,2.287859842181205750e-02,4.063521977514028549e-03,7.873282767832279205e-03,8.227213285863399506e-03,-9.429241530597209930e-03,1.617395319044589996e-02,-2.346625551581382751e-02,-9.703036397695541382e-03,8.888328447937965393e-03,3.541391342878341675e-04,-3.659507259726524353e-03,-8.661278523504734039e-03,2.062145620584487915e-02,2.720589935779571533e-02,1.795028336346149445e-02,-2.131596207618713379e-02,1.820404455065727234e-02,-1.537260133773088455e-02,2.401384711265563965e-02,-2.593709155917167664e-02,5.285583902150392532e-03,-2.247124444693326950e-03,-4.460859298706054688e-02,1.863143220543861389e-02,1.324234064668416977e-02,1.720235496759414673e-02,2.804731763899326324e-02,1.366972830146551132e-02,6.782275740988552570e-04,-4.056844394654035568e-03,2.420082874596118927e-02,3.648822382092475891e-02,-3.107325755991041660e-04,-1.018384750932455063e-02,-3.869862062856554985e-03,-2.314571477472782135e-02,-5.776411853730678558e-03,-4.741332493722438812e-03,2.505894284695386887e-03,2.599051408469676971e-02,-4.798094742000102997e-03,6.157054100185632706e-03,2.034098282456398010e-02,-1.097184419631958008e-02,-1.593354716897010803e-02,2.068823575973510742e-02,1.129906252026557922e-02,-1.298190187662839890e-02,-4.356683418154716492e-02,-2.328929025679826736e-03,2.645797096192836761e-02,-1.479829940944910049e-02,-7.552742026746273041e-03,-3.942651674151420593e-02,-9.856629185378551483e-03,-1.114380080252885818e-03,-8.046909235417842865e-03,8.547754026949405670e-03,1.758967526257038116e-02,3.320268169045448303e-02,-1.046432089060544968e-02,5.188753828406333923e-03,-4.540994297713041306e-03,1.362298335880041122e-02,-1.461131684482097626e-02,1.315552741289138794e-02,-7.914393790997564793e-05,-5.883258767426013947e-03,-1.756296306848526001e-02,-2.799389511346817017e-02,5.946699064224958420e-03,3.269515931606292725e-02,5.238838493824005127e-03,-6.784779950976371765e-03,-3.866523038595914841e-03,-2.402720227837562561e-02,-7.873282767832279205e-03,-1.539931353181600571e-02,-2.286524139344692230e-02,-1.165299303829669952e-02,7.950913859531283379e-04,-1.316220592707395554e-02,-1.813726499676704407e-02,-9.202191606163978577e-03,-1.362966094166040421e-02,1.458293641917407513e-03,3.646151395514607430e-03,8.995175361633300781e-03,-5.646192468702793121e-03,8.218031143769621849e-04,-7.913350127637386322e-03,9.979502856731414795e-02,-3.919946495443582535e-03,1.338257733732461929e-02,1.605375111103057861e-02,-5.025144666433334351e-03,3.640808910131454468e-02,-2.988375024870038033e-03,1.395687926560640335e-03,-5.686259828507900238e-03,-7.372437976300716400e-03,2.680522203445434570e-02,-3.846489358693361282e-03,7.839892990887165070e-03,-2.382686547935009003e-02,2.629769966006278992e-02,1.124563906341791153e-02,-2.148958854377269745e-02,-4.848179407417774200e-03,1.460797851905226707e-03,1.192678790539503098e-02,-4.036142677068710327e-02,-1.254115812480449677e-02,-9.599528275430202484e-04,1.195349963381886482e-03,-5.262210965156555176e-03,-2.375674666836857796e-03,1.200024504214525223e-02,3.176024928689002991e-02,-1.726913452148437500e-02,2.166989259421825409e-03,1.054278691299259663e-03,1.600032672286033630e-02,-1.262797135859727859e-02,1.633422449231147766e-02,-9.863306768238544464e-03,2.274503931403160095e-02,2.262149791931733489e-04,3.232119604945182800e-02,2.251799032092094421e-02,-1.425070874392986298e-02,5.592769011855125427e-03,2.311900444328784943e-02,1.006364449858665466e-02,-3.090547397732734680e-02,1.172645017504692078e-02,-6.437527481466531754e-03,-8.009345619939267635e-04,2.004715427756309509e-02,9.342428296804428101e-03,-2.828772366046905518e-02,2.530936524271965027e-02,-7.859926670789718628e-03,-2.850141748785972595e-02,-2.289195358753204346e-02,5.232160445302724838e-03,-1.356288138777017593e-02,-5.285583902150392532e-03,3.143970668315887451e-02,1.201193197630345821e-03,-5.719649605453014374e-03,-3.030112129636108875e-04,-2.898222953081130981e-02,9.188835509121417999e-03,-5.008449777960777283e-03,-1.820404455065727234e-02,2.131596207618713379e-02,-3.857174143195152283e-02,3.155323211103677750e-03,-1.254783570766448975e-02,-2.036769501864910126e-02,-1.177987363189458847e-02,-8.380806073546409607e-03,5.429159384220838547e-03,1.352281426079571247e-03,3.587385639548301697e-02,3.843818232417106628e-02,2.995052840560674667e-03,-9.055277332663536072e-03,3.894570469856262207e-02,6.621170323342084885e-03,1.182661950588226318e-02,-2.183684147894382477e-02,-8.681313134729862213e-03,-5.656209308654069901e-03,-1.530582178384065628e-02,3.157326579093933105e-02,-3.532626433297991753e-03,-9.462631307542324066e-03,-1.076482795178890228e-02,1.593354716897010803e-02,1.125231734476983547e-03,1.099187787622213364e-02,1.083160750567913055e-02,2.851477358490228653e-03,2.397795324213802814e-04,-6.116986740380525589e-03,3.397732228040695190e-02,-1.013376284390687943e-03,-6.394120864570140839e-03,-1.584339537657797337e-03,9.257284691557288170e-04,5.893275607377290726e-03,4.360690247267484665e-03,-1.456624129787087440e-03,2.008722163736820221e-02,1.877834647893905640e-02,-1.389010064303874969e-02,2.063481323421001434e-02,-1.666812039911746979e-02,5.455871112644672394e-03,2.074166014790534973e-02,-1.943278498947620392e-02,9.956797584891319275e-03,-1.833760365843772888e-02,-1.402365881949663162e-02,5.706293508410453796e-03,3.643647069111466408e-04,5.230157077312469482e-02,4.607773572206497192e-02,4.203758668154478073e-03,-1.820404455065727234e-02,-1.932593807578086853e-02,2.609736099839210510e-02,1.827082410454750061e-02,-1.054445561021566391e-02,-8.708024397492408752e-03,-9.990187361836433411e-03,-1.282830908894538879e-02,-2.933281939476728439e-03,1.953963190317153931e-02,-1.491850242018699646e-02,1.638764701783657074e-02,1.645442657172679901e-02,-1.804377511143684387e-02,-1.246770098805427551e-02,8.627889677882194519e-03,-1.252780202776193619e-02,-3.442474408075213432e-03,-3.384376317262649536e-02,1.031072810292243958e-02,-7.879961282014846802e-03,-2.400716766715049744e-03,-2.259812504053115845e-02,-2.871511131525039673e-02,-8.494330570101737976e-03,-4.076210409402847290e-02,-1.025730464607477188e-02,-6.731356494128704071e-03,1.726913452148437500e-02,2.804731763899326324e-02,-4.377385135740041733e-03,-4.230470396578311920e-03,-2.250463329255580902e-02,-1.143596018664538860e-03,1.106032636016607285e-03,-2.250463329255580902e-02,-2.052796632051467896e-02,-3.854502737522125244e-02,1.546609215438365936e-02,5.332329310476779938e-03,1.529246661812067032e-02,-1.669483259320259094e-02,2.086186222732067108e-02,3.523277491331100464e-02,-1.344768679700791836e-03,-1.251277630217373371e-03,-1.354952622205018997e-02,-4.701264575123786926e-02,-3.274858370423316956e-02,1.666812039911746979e-02,1.312881615012884140e-02,1.712889759801328182e-03,1.409043837338685989e-02,-1.289508864283561707e-02,3.525948524475097656e-02,2.243785373866558075e-02,-6.778101902455091476e-03,4.277215804904699326e-03,-1.467809639871120453e-02,-2.469499595463275909e-02,-6.073580123484134674e-03,-4.824138805270195007e-02,1.245434489101171494e-02,9.329072199761867523e-03,-2.888205926865339279e-04,4.607773851603269577e-03,3.854502737522125244e-02,1.933929324150085449e-02,-1.973997056484222412e-02,-4.748010076582431793e-03,5.829835310578346252e-03,-2.836785838007926941e-02,2.625763230025768280e-02,1.410379447042942047e-02,-6.531852995976805687e-04,2.138607902452349663e-03,-8.297331514768302441e-04,2.450801432132720947e-02,-2.436110004782676697e-02,1.732255704700946808e-02,1.685510203242301941e-02,-1.061791321262717247e-03,-1.860472187399864197e-02,-1.712222024798393250e-02,-2.254470065236091614e-02,7.178777828812599182e-03,-1.971325837075710297e-02,4.103589802980422974e-03,4.654519259929656982e-03,-2.241114340722560883e-02,7.145388051867485046e-03,-5.045178346335887909e-03,-1.538595743477344513e-02,-4.156345501542091370e-02,1.507877279072999954e-02,1.185333076864480972e-02,-2.182348445057868958e-02,5.903292447328567505e-03,-2.107555605471134186e-02,-2.247792296111583710e-02,-1.533253397792577744e-02,-6.701305508613586426e-03,1.522568706423044205e-02,-2.693878114223480225e-02,1.425070874392986298e-02,4.212440177798271179e-02,-2.735281363129615784e-02,-5.836513359099626541e-03,1.006364449858665466e-02,7.888308027759194374e-04,-3.763015149161219597e-03,1.068469230085611343e-02,1.892526261508464813e-02,-1.011039037257432938e-02,1.302196877077221870e-03,-6.170410197228193283e-03,-5.933343432843685150e-03,-3.750327229499816895e-02,-2.585695683956146240e-02,1.984681747853755951e-02,-2.048455877229571342e-03,-7.145388051867485046e-03,1.766980998218059540e-02,-1.079153921455144882e-02,3.866523038595914841e-03,1.487843412905931473e-02,-5.409125704318284988e-03,-8.773134322836995125e-04,-2.775348909199237823e-02,-3.750327229499816895e-02,-1.236753165721893311e-02,1.305535901337862015e-02,-1.617395319044589996e-02,1.510548405349254608e-02,5.185415036976337433e-03,-4.417452495545148849e-03,1.804377511143684387e-02,8.300670422613620758e-03,1.724784815451130271e-04,1.800370775163173676e-02,-9.923408739268779755e-03,8.667957037687301636e-03,1.608046330511569977e-02,-2.335607074201107025e-03,1.825746893882751465e-02,1.609381847083568573e-02,-2.761992998421192169e-02,1.128570642322301865e-02,5.255533382296562195e-03,2.406726963818073273e-02,-3.039794974029064178e-02,2.094199694693088531e-02,3.025938349310308695e-05,-7.519352249801158905e-03,7.218845654278993607e-03,9.429241530597209930e-03,-2.005049260333180428e-03,-1.079153921455144882e-02,-2.446794696152210236e-02,-2.890209294855594635e-02,1.956634409725666046e-02,2.293202094733715057e-02,2.863497659564018250e-02,-2.010057866573333740e-02,-1.518561970442533493e-02,-4.215111210942268372e-02,-1.043427037075161934e-03,-6.153715308755636215e-03,2.695213630795478821e-02,-4.220453556627035141e-03,-1.756296306848526001e-02,-4.400757607072591782e-03,-3.736971318721771240e-02,1.390345674008131027e-02,6.016817409545183182e-03,1.956634223461151123e-03,7.906672544777393341e-03,4.300588741898536682e-02,-4.504265729337930679e-03,5.562718026340007782e-03,-1.435755565762519836e-02,-1.247938722372055054e-03,6.422293517971411347e-05,2.697884803637862206e-03,1.156617980450391769e-02,-4.033888981211930513e-04,1.680334913544356823e-03,-1.913895644247531891e-02,-2.834114804863929749e-02,5.158703308552503586e-03,-8.420873433351516724e-03,1.166634913533926010e-02,2.160979062318801880e-02,-3.509921580553054810e-02,1.350278034806251526e-02,3.662846283987164497e-03,1.143262069672346115e-02,-2.402720227837562561e-02,-3.071849048137664795e-02,3.029110282659530640e-02,7.345726247876882553e-03,-9.829916991293430328e-03,2.524258568882942200e-02,-1.147936657071113586e-02,9.061954915523529053e-03,4.151003062725067139e-02,-4.727976396679878235e-03,2.218409255146980286e-02,5.996783729642629623e-03,-2.011393383145332336e-02,-4.136979579925537109e-03,1.978003792464733124e-02,-2.152965590357780457e-02,-1.551951561123132706e-02,-1.494521368294954300e-02,-1.300861313939094543e-02,-2.156972419470548630e-03,2.966671716421842575e-03,-1.327573042362928391e-02,-7.799825631082057953e-03,1.019052602350711823e-02,3.018425591289997101e-02,-1.951625919900834560e-03,-4.424130544066429138e-03,-1.178655121475458145e-02,-1.107201259583234787e-02,-3.742981469258666039e-03,-1.728248968720436096e-02,-2.031427249312400818e-02,-3.042466193437576294e-02,-2.430767565965652466e-02,4.134976118803024292e-02,-4.818128421902656555e-03,-4.265863448381423950e-02,-9.809883311390876770e-03,-1.378325372934341431e-02,-3.485880792140960693e-02,-2.657817304134368896e-02,-2.394706755876541138e-02,1.367640681564807892e-02,1.754960790276527405e-02,5.983428098261356354e-03,2.307893522083759308e-02,9.469308890402317047e-03,2.402720227837562561e-02,2.751308307051658630e-02,-4.925643280148506165e-02,-9.963476099073886871e-03,-2.539284061640501022e-03,-2.756650745868682861e-02,3.696235828101634979e-03,-5.873241927474737167e-03,-3.694232553243637085e-02,-1.185333076864480972e-02,4.236480593681335449e-02,-2.564326301217079163e-02,4.801433533430099487e-03,1.350278034806251526e-02,2.475843532010912895e-03,-1.622737757861614227e-02,-2.317242696881294250e-02,6.247206125408411026e-03,1.645442657172679901e-02,-5.499277729541063309e-03,2.170328237116336823e-02,-2.713911980390548706e-02,1.527911052107810974e-02,-6.324002519249916077e-03,9.642935357987880707e-03,-2.530936524271965027e-02,-9.783172048628330231e-03,2.144952118396759033e-02,-5.365719087421894073e-03,-1.102526765316724777e-02,5.789767950773239136e-03,-1.865814439952373505e-02,2.858155174180865288e-03,-5.208787508308887482e-03,3.889228031039237976e-02,1.279491931200027466e-02,-1.473151985555887222e-02,1.684174686670303345e-02,-7.746402174234390259e-03,-9.522732347249984741e-03,-5.676242988556623459e-03,1.783008128404617310e-02,1.244098879396915436e-02,3.121933666989207268e-03,1.255451422184705734e-02,-1.684174686670303345e-02,-3.293556347489356995e-02,-6.657898891717195511e-03,2.815416455268859863e-02,-2.422754094004631042e-02,7.051897235214710236e-03,-3.304241225123405457e-02,-7.051897235214710236e-03,-4.909616336226463318e-02,2.575010992586612701e-02,2.544292435050010681e-02,-1.839102804660797119e-02,1.048435457050800323e-02,-7.826536893844604492e-03,1.355620380491018295e-02,-1.262797135859727859e-02,-2.615078538656234741e-02,8.354093879461288452e-03,1.117218192666769028e-02,-6.494289729744195938e-03,7.666266988962888718e-03,-4.570210148813202977e-05,-2.492204494774341583e-02,-1.255451422184705734e-02,1.238756533712148666e-02,-3.384376317262649536e-02,1.151943393051624298e-02,2.073898911476135254e-01,-1.904546469449996948e-02,-7.031863555312156677e-03,2.462821640074253082e-02,2.063481323421001434e-02,1.393183716572821140e-03,2.350632287561893463e-02,-1.190007664263248444e-02,-1.923244632780551910e-02,2.217073692008852959e-03,4.781399853527545929e-03,-1.866482198238372803e-03,-4.971721209585666656e-03,6.731356494128704071e-03,2.433438785374164581e-02,-3.427115082740783691e-02,-2.514909580349922180e-02,-3.213421255350112915e-02,1.657462865114212036e-02,-3.670191764831542969e-02,1.131909620016813278e-02,1.364301703870296478e-02,1.869821175932884216e-02,-1.584005728363990784e-02,3.192051872611045837e-02,-2.754647284746170044e-03,-1.915231160819530487e-02,3.156992839649319649e-03,4.124291241168975830e-02,2.099542133510112762e-02,-1.567978598177433014e-02,-2.397377975285053253e-03,3.889895975589752197e-03,-3.177026519551873207e-03,1.968320691958069801e-03,5.993444938212633133e-03,3.045137412846088409e-02,2.510902704671025276e-03,7.298980839550495148e-03,1.439762301743030548e-02,7.339048199355602264e-03,-1.190675422549247742e-02,8.040231652557849884e-03,-3.447482886258512735e-04,-1.186000928282737732e-02,3.074520267546176910e-02,-5.268889013677835464e-03,-2.731274580582976341e-03,-2.810074202716350555e-02,2.412403235211968422e-03,-3.157326579093933105e-02,9.596189484000205994e-03,3.269515931606292725e-02,2.227758429944515228e-02,-1.660134084522724152e-02,7.232201285660266876e-03,1.146601047366857529e-02,1.475823204964399338e-02,-1.157953590154647827e-02,-4.013437777757644653e-03,-5.559379234910011292e-03,2.011393383145332336e-02,-1.971325837075710297e-02,3.520606085658073425e-02,-1.085831876844167709e-02,1.431748829782009125e-02,-3.870530053973197937e-02,-1.813726499676704407e-02,3.752998309209942818e-03,-3.512592613697052002e-02,-8.340737782418727875e-03,-9.482664987444877625e-03,8.367449976503849030e-03,1.509212795644998550e-02,-4.500926937907934189e-03,1.096850493922829628e-03,3.960848844144493341e-04,1.370311807841062546e-02,1.570649817585945129e-02,2.850141748785972595e-02,-9.749782271683216095e-03,-4.581062123179435730e-02,-1.093845441937446594e-02,2.148624975234270096e-03,-1.511717098765075207e-03,-2.345290035009384155e-02,1.366972830146551132e-02,2.659486839547753334e-03,-2.651139348745346069e-02,2.126253768801689148e-02,1.002524630166590214e-03,-2.440116740763187408e-02,-2.473506331443786621e-02,-3.063501790165901184e-03,-1.265468262135982513e-02,1.260125916451215744e-02,-4.282224399503320456e-04,-2.397377975285053253e-02,-1.047099847346544266e-02,5.128652323037385941e-03,-9.455952793359756470e-03,-6.310646422207355499e-04,9.716392494738101959e-03,-2.247792296111583710e-02,2.838121494278311729e-03,6.133681163191795349e-03,2.595044672489166260e-02,2.452136948704719543e-02,3.138628555461764336e-03,-6.013478618115186691e-03,-1.676161214709281921e-02,-3.151984512805938721e-02,-1.027733832597732544e-02,-6.624509580433368683e-03,2.003379911184310913e-02,-4.253843333572149277e-03,1.827082410454750061e-02,4.557689186185598373e-03,1.253447961062192917e-02,1.328908652067184448e-02,7.111998740583658218e-03,-3.180365543812513351e-03,2.150294370949268341e-02,1.891524530947208405e-03,-3.939980641007423401e-03,-6.080257706344127655e-03,-1.474487595260143280e-02,7.132032420486211777e-03,-1.312213856726884842e-02,-2.517580613493919373e-02,1.829753629863262177e-02,-2.879524603486061096e-02,6.536027067340910435e-04,-8.407517336308956146e-03,2.526929788291454315e-02,-8.485148428007960320e-04,6.090275011956691742e-03,-3.338966518640518188e-02,-6.490950938314199448e-03,5.018466617912054062e-03,7.458416512235999107e-04,-1.023393240757286549e-03,1.646778173744678497e-02,1.368976198136806488e-02,-2.397377975285053253e-02,-3.689558012410998344e-03,2.015400119125843048e-02,-1.071808207780122757e-02,2.505560405552387238e-02,2.036769583355635405e-04,-1.360294967889785767e-02,-1.123896148055791855e-02,-6.247206125408411026e-03,-1.186898202831798699e-06,3.662178292870521545e-02,-4.891586024314165115e-03,-2.871511131525039673e-02,-1.332247629761695862e-02,-9.289004839956760406e-03,-9.055277332663536072e-03,-5.625490844249725342e-02,2.187690883874893188e-02,1.405037101358175278e-02,-1.372983027249574661e-02,-1.513219624757766724e-02,2.177006192505359650e-02,-1.688181459903717041e-01,1.443769130855798721e-02,9.890018962323665619e-03,-1.507877279072999954e-02,3.306912258267402649e-02,9.549444075673818588e-04,3.889228031039237976e-02,2.627098746597766876e-02,-1.971659716218709946e-03,-6.180427037179470062e-03,5.482582841068506241e-03,-1.453118212521076202e-02,-2.247792296111583710e-02,-2.198709407821297646e-03,-5.843191407620906830e-03,3.909929655492305756e-03,-3.469853848218917847e-02,-1.206201617605984211e-03,7.639555260539054871e-03,1.767982728779315948e-03,2.620420791208744049e-02,2.530936524271965027e-02,-3.742981469258666039e-03,-2.217073738574981689e-02,1.161960302852094173e-03,2.023413591086864471e-02,-9.749782271683216095e-03,1.486507896333932877e-02,-9.457622654736042023e-04,-8.167112246155738831e-03,-9.576155804097652435e-03,7.238879334181547165e-03,5.011120811104774475e-02,1.651953672990202904e-03,1.446440257132053375e-02,2.086186222732067108e-02,-1.673489995300769806e-02,-1.431748829782009125e-02,-2.909909235313534737e-03,3.843150334432721138e-03,1.797699555754661560e-02,5.766395013779401779e-03,1.867149956524372101e-02,-4.530977457761764526e-03,1.366471988148987293e-03,1.485172286629676819e-02,1.714559271931648254e-03,7.639555260539054871e-03,4.086894914507865906e-02,-1.698866114020347595e-02,-1.383667718619108200e-02,-4.330639261752367020e-03,2.592373639345169067e-02,-1.069303951226174831e-03,2.589702419936656952e-02,1.654791831970214844e-02,-9.496020153164863586e-03,2.579017728567123413e-02,-1.817733421921730042e-02,-2.791376039385795593e-02,-2.719254232943058014e-02,-3.525948617607355118e-03,3.786387853324413300e-03,-9.102022275328636169e-03,2.802060730755329132e-02,-2.349296770989894867e-02,-1.819736673496663570e-03,-1.509212888777256012e-03,-2.986371517181396484e-02,1.811055466532707214e-02,-1.087835244834423065e-02,-1.051774434745311737e-02,1.160624716430902481e-02,-1.188672054558992386e-02,1.979339309036731720e-02,5.055195186287164688e-03,-3.173353895545005798e-02,2.927605807781219482e-02,2.617749758064746857e-02,-3.056823741644620895e-03,-9.930086322128772736e-03,2.772677689790725708e-02,1.268139481544494629e-02,4.774721805006265640e-03,-1.836431561969220638e-03,4.467537160962820053e-03,3.876540111377835274e-03,-1.097184419631958008e-02,1.089170854538679123e-02,1.629415713250637054e-02,1.132577378302812576e-02,-1.793692819774150848e-02,-4.000081680715084076e-03,-1.633422449231147766e-02,1.055781170725822449e-02,5.479244049638509750e-03,3.455830272287130356e-03,1.710886321961879730e-02,-2.110226824879646301e-02,-1.506541669368743896e-02,2.601722627878189087e-02,-4.123623482882976532e-03,-5.008449777960777283e-02,-1.122560538351535797e-02,2.417411655187606812e-02,-2.390700019896030426e-02,1.539931353181600571e-02,8.567787706851959229e-03,3.021096810698509216e-02,7.733046077191829681e-03,-6.938372272998094559e-03,1.913895644247531891e-02,9.048598818480968475e-03,4.751349333673715591e-03,9.950120002031326294e-03,4.864874295890331268e-03,-6.991795729845762253e-03,-2.571004256606101990e-02,3.849160671234130859e-02,-8.454263210296630859e-03,5.187418311834335327e-02,2.011393383145332336e-02,-7.098642643541097641e-03,1.899204030632972717e-02,-1.792357116937637329e-02,-1.291512232273817062e-02,-1.321696490049362183e-01,-1.720235496759414673e-02,6.681271828711032867e-03,3.304241225123405457e-02,7.773113902658224106e-03,1.682839170098304749e-02,-1.357289846055209637e-03,-5.192093085497617722e-04,-4.081552475690841675e-02,-6.022660527378320694e-04,6.571086123585700989e-03,-3.050479665398597717e-02,-1.505206059664487839e-02,7.672945037484169006e-03,8.113688789308071136e-03,-2.873180666938424110e-03,9.215547703206539154e-03,-1.403701491653919220e-02,-2.565661817789077759e-02,2.347961254417896271e-02,-1.473151985555887222e-02,7.672945037484169006e-03,-1.086499728262424469e-02,-1.625408791005611420e-02,2.467496320605278015e-03,9.075311012566089630e-03,-1.897868514060974121e-02,3.007740899920463562e-02,-1.463302061893045902e-03,1.711220247671008110e-03,8.107010275125503540e-03,1.123896148055791855e-02,-1.060455758124589920e-02,2.174334973096847534e-02,-1.626911456696689129e-03,-2.311900444328784943e-02,-4.089565947651863098e-02,-1.430413220077753067e-02,1.549280434846878052e-02,-3.232119604945182800e-02,1.690852642059326172e-02,1.312213856726884842e-02,-4.764704965054988861e-03,-2.569334581494331360e-03,1.169306039810180664e-02,-3.913268446922302246e-03,-8.127043955028057098e-03,1.698866114020347595e-02,2.759321965277194977e-02,-1.261461526155471802e-02,-2.868839912116527557e-02,-2.580353245139122009e-02,-1.995366439223289490e-02,-9.148768149316310883e-04,7.038541138172149658e-03,-1.963312178850173950e-02,2.206389047205448151e-02,1.422399748116731644e-02,-1.817733421921730042e-02,1.190007664263248444e-02,3.549321321770548820e-03,1.513219624757766724e-02,-6.714661605656147003e-03,2.677851170301437378e-02,8.140400052070617676e-03,-1.575992256402969360e-02,-2.094199694693088531e-02,-2.187690883874893188e-02,3.242804110050201416e-02,-4.097579792141914368e-02,-2.068489789962768555e-03,-1.972661353647708893e-02,-4.594417754560709000e-03,4.474215209484100342e-02,-1.413050573319196701e-02,-3.796404926106333733e-03,-1.690852642059326172e-02,-2.120911516249179840e-02,1.349610276520252228e-02,-3.763683140277862549e-02,-1.646778173744678497e-02,-1.240759901702404022e-02,6.447544321417808533e-03,9.262292645871639252e-03,3.053150884807109833e-02,-3.312254790216684341e-03,2.207724563777446747e-02,-1.702872850000858307e-02,-2.753979526460170746e-02,-5.115296691656112671e-03,-7.078608963638544083e-03,9.315716102719306946e-03,2.266490459442138672e-02,-4.703935980796813965e-02,-1.317556202411651611e-02,1.569314301013946533e-02,-1.260793767869472504e-02,-1.463802903890609741e-02,-1.482501160353422165e-03,3.595649613998830318e-04,-1.617395319044589996e-02,-8.414195850491523743e-03,-3.865187615156173706e-02,2.213067002594470978e-02,-2.620420791208744049e-02,-1.171977259218692780e-02,1.537260133773088455e-02,-2.520251832902431488e-02,1.575992256402969360e-02,-1.844445057213306427e-02,3.530957037582993507e-04,-1.766313216648995876e-03,-5.465887952595949173e-03,1.187336444854736328e-02,-6.227172445505857468e-03,-7.920028641819953918e-03,-2.962331101298332214e-02,1.126901130191981792e-03,4.390740767121315002e-03,4.016776569187641144e-03,-2.082179486751556396e-02,-1.464971574023365974e-03,1.734926924109458923e-02,7.753080222755670547e-03,-4.838162567466497421e-03,1.978003792464733124e-02,-1.863143220543861389e-02,-4.904941655695438385e-03,-6.911660544574260712e-03,1.774994656443595886e-02,-1.112293175538070500e-04,6.597797852009534836e-03,-7.172099780291318893e-03,-1.637429185211658478e-02,1.442433521151542664e-02,-2.006718888878822327e-03,2.584359981119632721e-02,-4.641163162887096405e-03,-1.146601047366857529e-02,3.440470993518829346e-02,2.954317443072795868e-02,4.709278419613838196e-02,-3.909929655492305756e-03,-2.466828376054763794e-02,-5.549362394958734512e-03,-3.656168235465884209e-03,-1.087835244834423065e-02,8.861617185175418854e-03,-2.472170814871788025e-02,3.689558012410998344e-03,4.399422183632850647e-02,-1.155950222164392471e-02,4.137647151947021484e-02,4.613116011023521423e-02,-3.247144864872097969e-03,-3.905254974961280823e-02,-2.676515467464923859e-02,-1.856465265154838562e-02,2.643125876784324646e-02,3.973369952291250229e-03,1.165299303829669952e-02,-3.525948524475097656e-02,2.705898322165012360e-02,1.232746429741382599e-02,2.631105482578277588e-03,4.818128421902656555e-03,9.335749782621860504e-03,9.883340448141098022e-03,-7.500153151340782642e-04,-9.823239408433437347e-03,-1.777999685145914555e-03,9.115378372371196747e-03,-1.206201617605984211e-03,8.981820195913314819e-03,4.697925876826047897e-03,3.010412119328975677e-02,-1.272981025977060199e-04,-4.033888981211930513e-04,-2.437445521354675293e-02,1.037083007395267487e-02,-5.422481521964073181e-02,-1.543938089162111282e-02,1.845780573785305023e-02,5.396604537963867188e-04,-2.687200158834457397e-02,2.393371239304542542e-02,-6.761407013982534409e-03,1.371647417545318604e-02,-5.388256977312266827e-04,-2.644461393356323242e-02,2.756650745868682861e-02,8.193823508918285370e-03,-2.998391864821314812e-03,5.485922098159790039e-03,1.596025936305522919e-02,-6.180427037179470062e-03,-1.895197294652462006e-02,9.890018962323665619e-03,-1.505206059664487839e-02,3.133619902655482292e-03,-4.026793409138917923e-03,9.135412052273750305e-03,5.078568123281002045e-03,-2.096870914101600647e-02,-8.748091757297515869e-03,-1.218722760677337646e-02,-1.284834276884794235e-02,2.299880050122737885e-02,-1.907217688858509064e-02,-2.193033136427402496e-02,-3.682879963889718056e-03,8.067777962423861027e-04,1.114546973258256912e-02,3.384042531251907349e-03,1.525239832699298859e-02,-3.048476297408342361e-03,-6.936702993698418140e-04,-1.936600543558597565e-03,1.553287170827388763e-02,1.170307747088372707e-03,-2.649803832173347473e-02,4.303259775042533875e-02,1.891190558671951294e-02,-3.028442617505788803e-03,2.892880514264106750e-02,1.574656553566455841e-02,1.688181422650814056e-02,1.220058370381593704e-02,-7.372437976300716400e-03,-2.466828376054763794e-02,-5.235499236732721329e-03,-2.592373639345169067e-02,6.858237087726593018e-03,1.154447672888636589e-03,-3.662178292870521545e-02,-6.587781012058258057e-03,-1.170641649514436722e-02,2.444123476743698120e-02,6.133681163191795349e-03,3.456497937440872192e-02,-2.725932188332080841e-02,3.138628602027893066e-02,2.876853570342063904e-02,-2.879524603486061096e-02,-2.514241728931665421e-03,2.183684147894382477e-02,2.648468129336833954e-02,-4.961704369634389877e-03,4.734654445201158524e-03,-9.235581383109092712e-03,-1.971325837075710297e-02,1.851123012602329254e-02,-1.008367910981178284e-02,2.783362381160259247e-02,-1.389010064303874969e-02,-6.577763706445693970e-03,-1.413050573319196701e-02,6.637865211814641953e-03,1.693523861467838287e-02,2.079508267343044281e-02,2.771342173218727112e-03,2.778020128607749939e-02,-1.868485659360885620e-02,2.583024464547634125e-02,9.268971160054206848e-03,-9.469308890402317047e-03,-3.865187615156173706e-02,8.955108001828193665e-03,3.899912815541028976e-03,-4.624468740075826645e-03,-2.770006656646728516e-02,7.399149704724550247e-03,7.172099780291318893e-03,-3.194723278284072876e-02,-1.945949718356132507e-02,1.153946761041879654e-02,5.305617582052946091e-03,7.526030298322439194e-03,-2.314571477472782135e-02,-4.824806470423936844e-03,1.035747397691011429e-02,-1.354952622205018997e-02,2.162314578890800476e-02,-2.537614479660987854e-02,-2.339947596192359924e-02,6.245202943682670593e-02,-1.124563906341791153e-02,-1.563971862196922302e-02,3.095221938565373421e-03,-1.163963694125413895e-02
-1.579246856272220612e-02,-2.017189189791679382e-02,-1.551377773284912109e-02,3.636249108240008354e-03,-6.947359070181846619e-03,3.230157122015953064e-02,-8.951277472078800201e-03,-9.296323172748088837e-03,-4.737740382552146912e-03,-1.133341807872056961e-02,1.458480861037969589e-02,1.769021898508071899e-02,-1.265719882212579250e-03,4.153817426413297653e-03,-9.296323172748088837e-03,1.865900121629238129e-02,3.689333051443099976e-02,-1.191070652566850185e-03,9.508658200502395630e-03,-1.307855267077684402e-02,-1.459807972423732281e-03,9.123800322413444519e-03,-1.102155074477195740e-02,-5.945399869233369827e-03,-2.191039174795150757e-02,-1.755750924348831177e-02,1.215621922165155411e-02,-2.490963228046894073e-02,2.348963730037212372e-02,-1.929600723087787628e-02,-1.518200337886810303e-02,1.337051391601562500e-03,-1.454499643296003342e-02,-2.141936495900154114e-02,-2.136628143489360809e-02,-1.390798855572938919e-02,-1.705321110785007477e-02,-1.069641113281250000e-02,9.667910635471343994e-03,2.728845691308379173e-03,-7.916140370070934296e-03,1.694704405963420868e-02,1.895096153020858765e-02,2.035436918959021568e-03,-3.615015372633934021e-02,1.010585296899080276e-02,-4.143863916397094727e-03,-1.879171095788478851e-02,5.683297757059335709e-03,1.776984520256519318e-02,4.543984308838844299e-02,7.292404305189847946e-03,-2.877148799598217010e-02,-3.171764686703681946e-02,6.216625333763659000e-04,2.003918215632438660e-02,-4.777553491294384003e-03,3.296511992812156677e-02,-1.661526970565319061e-02,-1.617732644081115723e-02,-7.418478839099407196e-03,1.099832588806748390e-03,-2.733822166919708252e-02,2.202983014285564423e-02,-5.298439413309097290e-03,-1.997282728552818298e-02,-1.319799106568098068e-02,4.558582324534654617e-03,-2.281281724572181702e-02,-6.539276335388422012e-03,3.689333051443099976e-02,8.400531485676765442e-03,4.794142208993434906e-03,-4.123957827687263489e-03,5.321663804352283478e-03,-1.946853101253509521e-02,-5.291804205626249313e-03,-7.199507672339677811e-03,1.166187576018273830e-03,-1.139313820749521255e-02,9.130435064435005188e-03,-5.497504025697708130e-03,-1.494312565773725510e-02,7.119881920516490936e-03,6.940723396837711334e-03,-6.287127733230590820e-03,-9.017632342875003815e-03,2.091506682336330414e-02,2.355599310249090195e-03,-1.573938503861427307e-02,5.587083287537097931e-03,1.828741282224655151e-02,1.437413273379206657e-03,1.156566105782985687e-02,-2.594476938247680664e-02,2.565280720591545105e-02,-2.214926853775978088e-02,2.768326736986637115e-02,-2.784832613542675972e-04,-2.027806080877780914e-02,9.395855478942394257e-03,-4.591759759932756424e-03,-8.679222315549850464e-03,-1.920974580571055412e-03,-4.137228708714246750e-03,-3.340969793498516083e-03,-2.413991652429103851e-02,-4.575171042233705521e-03,1.274677831679582596e-02,-1.907040178775787354e-02,-2.226870693266391754e-02,4.044995084404945374e-02,1.421322114765644073e-02,-3.097447194159030914e-02,2.903690747916698456e-02,-4.605030640959739685e-03,2.289244346320629120e-02,1.242827437818050385e-02,-1.358948554843664169e-02,-2.213599719107151031e-02,-5.703204311430454254e-03,9.429032914340496063e-03,9.216696955263614655e-03,-6.350164767354726791e-03,1.997282728552818298e-02,2.149899024516344070e-03,-3.092138841748237610e-02,-2.940849587321281433e-02,-1.684087514877319336e-02,4.041013773530721664e-03,5.510111525654792786e-02,2.725859731435775757e-02,2.853261120617389679e-02,-2.326403185725212097e-02,1.382836326956748962e-02,2.683392539620399475e-02,5.766241811215877533e-03,1.197042595595121384e-02,-9.893517009913921356e-03,-3.012512810528278351e-02,1.109454035758972168e-02,2.778611844405531883e-03,9.608190506696701050e-03,-1.325107552111148834e-02,1.381509192287921906e-02,9.183519519865512848e-03,3.092138795182108879e-03,8.745577186346054077e-03,-2.868190873414278030e-03,-1.631003618240356445e-02,-7.736982312053442001e-03,-1.174481865018606186e-02,3.657482564449310303e-02,-2.663486078381538391e-02,3.095456399023532867e-03,1.673470810055732727e-02,9.564438369125127792e-05,2.922270260751247406e-02,-1.909694261848926544e-02,2.108427230268716812e-03,-1.561994571238756180e-02,-7.026984822005033493e-03,1.648255996406078339e-02,-6.900910753756761551e-03,1.044426299631595612e-02,1.483695767819881439e-02,1.770349033176898956e-02,1.540760975331068039e-02,-1.572611369192600250e-02,-6.472921464592218399e-03,4.498862847685813904e-02,9.674545377492904663e-03,-1.810161955654621124e-02,2.090179547667503357e-02,-1.103482116013765335e-02,9.837115649133920670e-04,1.776984520256519318e-02,3.169110417366027832e-02,-3.479651361703872681e-02,1.251453626900911331e-02,-2.800177223980426788e-02,1.534125488251447678e-02,1.263397466391324997e-02,3.041709028184413910e-02,-1.952161453664302826e-02,-2.048707799986004829e-03,1.759441947797313333e-04,8.519969880580902100e-03,1.849974878132343292e-02,-1.074285991489887238e-02,1.980030536651611328e-02,2.108759060502052307e-02,2.698985859751701355e-03,2.002591080963611603e-02,-6.378564834594726562e-01,-9.495387785136699677e-03,-1.678779162466526031e-02,-8.601255249232053757e-04,1.421322114765644073e-02,1.354303676635026932e-02,2.541393041610717773e-03,2.201655879616737366e-02,-1.616405509412288666e-02,7.710440549999475479e-03,-2.163170091807842255e-02,1.516873203217983246e-02,-1.413359586149454117e-02,-1.393453124910593033e-02,2.639266429468989372e-03,-1.885806582868099213e-02,-1.215621922165155411e-02,-1.986666023731231689e-02,-4.711198620498180389e-03,-8.871651254594326019e-03,-1.763713546097278595e-02,1.944198831915855408e-02,-1.072958856821060181e-02,-2.432570978999137878e-02,9.037538431584835052e-03,3.559940960258245468e-03,1.762386411428451538e-02,-6.784789264202117920e-03,-1.009424100629985332e-03,-9.873610921204090118e-03,-1.616405509412288666e-02,1.822105795145034790e-02,-8.526605670340359211e-04,3.617669641971588135e-02,4.926188290119171143e-02,-2.360575832426548004e-03,-1.669489592313766479e-02,3.855220274999737740e-03,1.012575905770063400e-02,2.659504674375057220e-02,-3.105409815907478333e-02,1.871208427473902702e-03,1.348331756889820099e-02,-1.631003618240356445e-02,-2.051693759858608246e-02,1.320462673902511597e-02,3.392063081264495850e-02,-4.303115885704755783e-03,-4.963347222656011581e-03,-1.016889000311493874e-03,1.006603986024856567e-02,-1.404069922864437103e-02,-4.787506535649299622e-03,9.435667656362056732e-03,-1.969911390915513039e-04,1.576592586934566498e-02,1.511564850807189941e-02,-2.229524962604045868e-02,-1.058360841125249863e-02,2.330384403467178345e-02,-3.735781414434313774e-03,4.037032648921012878e-02,1.115591963753104210e-03,-2.922270260751247406e-02,-1.397434342652559280e-02,2.266683615744113922e-02,-2.047048881649971008e-03,2.447169087827205658e-02,9.249874390661716461e-03,5.324981641024351120e-03,5.130064091645181179e-04,5.109327845275402069e-03,-1.544742286205291748e-02,-3.015167079865932465e-02,8.174925111234188080e-03,1.701339893043041229e-02,3.513492411002516747e-03,-2.042404189705848694e-02,2.737140050157904625e-03,1.746792928315699100e-03,-1.891114865429699421e-03,1.709302514791488647e-02,-3.410642221570014954e-02,1.990647288039326668e-03,1.984011754393577576e-02,-3.437184263020753860e-03,-2.092833817005157471e-02,-2.232179231941699982e-02,2.135301008820533752e-02,-8.539876900613307953e-03,-6.900910753756761551e-03,2.530776150524616241e-02,1.035136543214321136e-02,-1.300556212663650513e-02,4.198938608169555664e-02,1.462462171912193298e-02,-2.259384607896208763e-03,1.289939414709806442e-02,7.372030522674322128e-03,-5.716475658118724823e-03,-2.949475776404142380e-03,-1.685414649546146393e-02,-6.423984887078404427e-04,-8.082027547061443329e-03,-2.491626888513565063e-03,8.831838145852088928e-03,-4.368807375431060791e-02,-1.982352929189801216e-03,2.387449704110622406e-02,-2.435225248336791992e-02,3.817480755969882011e-04,-3.941481467336416245e-03,1.980030536651611328e-02,-3.506856970489025116e-03,-2.185730636119842529e-02,-2.893074043095111847e-02,1.004613284021615982e-02,1.119407359510660172e-02,-9.422397240996360779e-03,-3.445146977901458740e-02,2.818756550550460815e-02,1.930927857756614685e-02,2.005245350301265717e-02,-8.261186070740222931e-03,-5.729746539145708084e-03,2.062310650944709778e-02,-1.248799357563257217e-02,-1.674797944724559784e-02,-1.305201090872287750e-02,-9.754171594977378845e-03,1.446537021547555923e-02,1.321789808571338654e-02,9.402490220963954926e-03,-7.451656274497509003e-03,2.816102281212806702e-02,-1.051061786711215973e-02,2.098142169415950775e-02,-9.521929547190666199e-03,1.707975380122661591e-02,-2.911653369665145874e-02,1.680106297135353088e-02,-1.090211141854524612e-02,4.283209331333637238e-03,-1.907040178775787354e-02,1.337880850769579411e-03,-3.060288354754447937e-02,4.157135263085365295e-03,-1.065659802407026291e-02,-2.360907755792140961e-02,7.936047390103340149e-03,1.372219529002904892e-02,-2.548028482124209404e-03,-3.601744398474693298e-02,6.914181634783744812e-03,7.697169668972492218e-03,8.261186070740222931e-03,-1.654891483485698700e-02,-1.251453626900911331e-02,-9.986413642764091492e-03,-3.551314771175384521e-02,1.099500805139541626e-02,5.855820607393980026e-03,-5.275215487927198410e-03,-2.755055762827396393e-02,9.010996669530868530e-03,-3.864509984850883484e-02,1.135996077209711075e-02,7.406866643577814102e-04,9.429032914340496063e-03,-2.038422785699367523e-02,1.120734401047229767e-02,1.581901125609874725e-02,-2.183076459914445877e-03,3.378792107105255127e-02,-6.794742774218320847e-03,2.042404189705848694e-02,-7.292404305189847946e-03,2.231183927506208420e-03,-1.652237214148044586e-02,2.208291366696357727e-02,1.907040178775787354e-02,-1.156566105782985687e-02,-1.319135632365942001e-02,-1.253444235771894455e-02,-5.703204311430454254e-03,-1.681267516687512398e-03,-1.193724852055311203e-02,3.934846259653568268e-03,-2.266683615744113922e-02,-3.251390531659126282e-03,-1.126706320792436600e-02,1.094856020063161850e-02,9.502023458480834961e-03,-1.966759562492370605e-02,3.226507455110549927e-03,1.826087012887001038e-02,1.749115437269210815e-02,1.412032451480627060e-02,2.307823672890663147e-02,3.864509984850883484e-02,1.449191197752952576e-02,-1.372219529002904892e-02,3.588473424315452576e-02,6.227408070117235184e-03,4.827319644391536713e-04,-3.015167079865932465e-02,1.228892896324396133e-02,-1.700012758374214172e-02,2.663486078381538391e-02,5.772877018898725510e-03,-1.134668942540884018e-02,-1.179790310561656952e-02,-2.908999286592006683e-02,7.882962934672832489e-03,1.946853101253509521e-02,4.034378379583358765e-02,5.809372290968894958e-03,-3.382441587746143341e-03,2.305169589817523956e-02,-2.927578613162040710e-02,1.575265452265739441e-02,-4.697927739471197128e-03,5.162411835044622421e-03,7.046891376376152039e-03,-3.108063898980617523e-02,4.074191208928823471e-03,4.190312698483467102e-03,5.188954062759876251e-03,3.090479876846075058e-03,-1.123886249843053520e-04,-1.339705660939216614e-02,-1.891114935278892517e-02,1.470424793660640717e-02,1.465614070184528828e-03,1.058360841125249863e-02,6.323623005300760269e-03,1.454499643296003342e-02,-1.338378526270389557e-02,1.595172099769115448e-02,-2.309150807559490204e-02,-1.010585296899080276e-02,1.872867345809936523e-03,1.990647241473197937e-02,-2.388776652514934540e-02,-3.695968538522720337e-03,1.792909577488899231e-02,3.057634271681308746e-02,1.081585045903921127e-02,1.735180849209427834e-03,5.328299012035131454e-03,-5.487550981342792511e-03,1.652237214148044586e-02,-3.025783784687519073e-02,4.744376055896282196e-03,4.429190419614315033e-03,-4.082154110074043274e-02,1.418667938560247421e-02,3.264661645516753197e-03,2.663486078381538391e-02,1.725227572023868561e-02,-7.104122196324169636e-04,-5.849185399711132050e-03,1.421322114765644073e-02,3.346941620111465454e-02,3.474343195557594299e-02,6.290445569902658463e-03,-5.915540270507335663e-03,-3.672744147479534149e-03,-5.271897651255130768e-03,4.273256286978721619e-03,-2.219571731984615326e-03,-7.004590006545186043e-04,2.294552698731422424e-02,7.498104590922594070e-03,1.061678584665060043e-02,1.572611369192600250e-02,4.505498334765434265e-03,-4.379423800855875015e-03,9.920058771967887878e-03,1.612424291670322418e-02,-1.185098662972450256e-02,-2.696663513779640198e-02,-6.569135934114456177e-03,1.608443073928356171e-02,-2.254739776253700256e-02,-9.654639288783073425e-03,-3.365521132946014404e-02,-3.015830647200345993e-03,2.430248539894819260e-03,1.082912087440490723e-02,2.469729632139205933e-02,2.479019388556480408e-02,6.552547216415405273e-03,-1.406724099069833755e-02,1.353640109300613403e-02,-7.949317805469036102e-03,1.787601225078105927e-02,-1.565975882112979889e-02,1.147939916700124741e-02,8.440344594419002533e-03,1.337051391601562500e-02,-2.500252984464168549e-02,-1.288612373173236847e-02,2.553005237132310867e-03,3.179727122187614441e-02,-6.009266362525522709e-04,7.212778553366661072e-03,3.269638167694211006e-03,-1.311173010617494583e-02,-1.021202094852924347e-02,-2.007899619638919830e-02,-1.966759562492370605e-02,-1.400088611990213394e-02,-8.858380839228630066e-03,-6.748294457793235779e-03,-6.552547216415405273e-03,-3.999873995780944824e-02,-1.934909075498580933e-02,2.808139845728874207e-02,1.462462171912193298e-02,1.021865569055080414e-02,-1.048407610505819321e-02,-2.015862055122852325e-02,9.049150976352393627e-04,1.059024333953857422e-01,9.853703901171684265e-03,-7.825731881894171238e-04,2.488309144973754883e-02,-3.370829392224550247e-03,2.563953772187232971e-02,-1.742479950189590454e-02,-5.079468246549367905e-03,-1.115591963753104210e-03,-7.305675651878118515e-03,1.235528383404016495e-02,-1.143958605825901031e-02,1.021865569055080414e-02,-1.560667436569929123e-02,2.717897109687328339e-02,4.747693892568349838e-03,6.841191090643405914e-03,-1.580573990941047668e-02,-2.224548254162073135e-03,-1.133341807872056961e-02,-4.111350327730178833e-02,-1.876516826450824738e-02,-1.029330538585782051e-03,1.624865806661546230e-03,-3.699286142364144325e-03,-1.138650253415107727e-02,1.209650002419948578e-02,3.017821349203586578e-02,-1.342028030194342136e-03,-8.957913145422935486e-03,9.223332628607749939e-03,9.382584132254123688e-03,-4.864644142799079418e-04,1.778311654925346375e-02,9.754171594977378845e-03,1.847320608794689178e-02,5.119281355291604996e-03,2.631635777652263641e-02,2.237487584352493286e-02,-3.492922335863113403e-02,7.398572284728288651e-03,1.489004120230674744e-02,9.648003615438938141e-03,-2.233506180346012115e-02,9.336135350167751312e-03,-6.141146644949913025e-03,-1.107463426887989044e-02,2.469729632139205933e-02,-1.516209682449698448e-03,-3.338979184627532959e-02,2.298534102737903595e-02,-1.291266549378633499e-02,-1.714610867202281952e-02,-2.922270260751247406e-02,-2.079562842845916748e-02,8.918100036680698395e-03,-1.707975380122661591e-02,3.742416948080062866e-02,8.838473819196224213e-03,1.733190193772315979e-02,-8.798660710453987122e-03,-2.590495720505714417e-02,-3.463726257905364037e-03,-2.946157939732074738e-03,-1.478387415409088135e-02,-1.398429740220308304e-03,-3.609707206487655640e-02,-7.146423682570457458e-03,-5.232084542512893677e-03,-1.852629147469997406e-02,-1.437247358262538910e-02,4.853861406445503235e-03,-6.827920209616422653e-03,1.295247860252857208e-02,2.566607855260372162e-02,1.879171095788478851e-02,1.103150309063494205e-03,-1.185762230306863785e-02,1.880498044192790985e-02,-8.573054336011409760e-03,7.220243569463491440e-04,-1.879171095788478851e-02,-1.483695767819881439e-02,6.658715195953845978e-03,9.090622887015342712e-03,3.155839443206787109e-02,-8.101934567093849182e-03,-2.536416519433259964e-03,-1.036463677883148193e-02,6.751611828804016113e-03,-1.611594809219241142e-03,1.519527379423379898e-02,1.650910079479217529e-02,1.466443482786417007e-02,1.466443529352545738e-03,-8.772118948400020599e-03,2.427262626588344574e-02,8.951277472078800201e-03,-4.644843749701976776e-03,1.643942901864647865e-03,-4.089121357537806034e-04,-4.525404889136552811e-03,1.309845875948667526e-02,1.418667938560247421e-02,3.060288354754447937e-02,9.860339574515819550e-03,-5.643485113978385925e-03,3.500885143876075745e-02,-8.157506817951798439e-04,-5.218813661485910416e-03,1.441228669136762619e-02,-1.741152815520763397e-02,7.106610573828220367e-03,-1.725227572023868561e-02,-2.311805076897144318e-02,4.316386766731739044e-03,1.542088109999895096e-02,3.622978180646896362e-02,2.136628143489360809e-02,6.346846930682659149e-03,-8.586325682699680328e-03,-2.916961722075939178e-02,1.470424793660640717e-02,8.314270526170730591e-03,-1.226902287453413010e-02,7.597636897116899490e-03,-1.071631815284490585e-02,-1.786274090409278870e-02,7.624179124832153320e-03,3.188353497534990311e-03,-1.929600723087787628e-02,1.386817637830972672e-02,2.877148799598217010e-02,7.365394849330186844e-03,-5.434466991573572159e-03,1.163284468930214643e-04,-4.482273943722248077e-03,-9.256509947590529919e-04,-2.686046808958053589e-02,4.366152919828891754e-03,-1.036795438267290592e-03,-1.135332509875297546e-02,-3.028438054025173187e-02,-1.381509192287921906e-02,-1.473078969866037369e-02,-3.540698066353797913e-02,4.011154174804687500e-03,-4.100733436644077301e-03,1.124715711921453476e-02,1.568629965186119080e-02,-1.863245852291584015e-02,-4.893674515187740326e-03,-3.227502852678298950e-02,1.303210388869047165e-02,-3.904571640305221081e-04,-2.506888471543788910e-02,-2.400720678269863129e-02,-9.654639288783073425e-03,8.354082703590393066e-03,1.086893398314714432e-02,2.118048630654811859e-02,-1.081585045903921127e-02,3.033746406435966492e-02,1.157229579985141754e-02,-1.098837330937385559e-02,-1.957469806075096130e-02,-1.542088109999895096e-02,-4.482937604188919067e-02,-3.007204458117485046e-02,4.913581069558858871e-03,8.871651254594326019e-03,1.089049968868494034e-03,2.472383901476860046e-02,5.859138444066047668e-03,1.940217614173889160e-02,8.194831199944019318e-03,-2.071600221097469330e-02,8.334176614880561829e-03,-3.891715314239263535e-03,-2.382141165435314178e-02,-1.595172099769115448e-02,-3.853893280029296875e-02,5.291804205626249313e-03,-1.286621671169996262e-02,9.495387785136699677e-03,-1.348995324224233627e-02,3.272623941302299500e-02,-7.929411716759204865e-03,-1.818124577403068542e-02,9.342771023511886597e-03,5.567176733165979385e-03,-3.187689930200576782e-02,2.579878829419612885e-02,3.852731897495687008e-04,1.010585296899080276e-02,-1.034473069012165070e-02,2.392758056521415710e-02,3.625632077455520630e-02,-2.886438509449362755e-03,3.802136285230517387e-03,1.682760566473007202e-02,2.874494716525077820e-02,-1.425303425639867783e-02,-2.821410819888114929e-02,-8.831838145852088928e-03,1.183108054101467133e-02,-1.450518332421779633e-02,-2.304174238815903664e-03,4.266620613634586334e-03,-1.693377271294593811e-02,7.458291947841644287e-03,-3.628286346793174744e-02,-1.721246354281902313e-02,-3.792846575379371643e-02,-1.405894639901816845e-03,1.374873705208301544e-02,-8.281093090772628784e-03,-1.632330752909183502e-02,-2.853261120617389679e-02,-4.482937604188919067e-02,-1.396107301115989685e-02,-1.204341556876897812e-02,2.225543744862079620e-02,-1.170500554144382477e-02,1.700012758374214172e-02,3.185035660862922668e-02,-1.598323928192257881e-03,-3.510174807161092758e-03,1.579246856272220612e-02,-5.567176733165979385e-03,1.177136134356260300e-02,2.167151309549808502e-02,-3.267979249358177185e-03,-2.651542238891124725e-02,-1.828741282224655151e-02,-1.715938001871109009e-02,3.480314975604414940e-03,-2.792214602231979370e-02,-3.097447194159030914e-02,3.325708210468292236e-02,3.433866659179329872e-03,-1.443882845342159271e-02,4.021107684820890427e-03,-7.318946532905101776e-03,3.798818448558449745e-03,2.540065906941890717e-02,-2.502907253801822662e-02,-3.233142895624041557e-03,-3.806117549538612366e-02,-1.932254992425441742e-02,-1.185762230306863785e-02,1.558013260364532471e-02,-9.541835635900497437e-03,3.307128697633743286e-02,-2.634289907291531563e-03,-1.109454035758972168e-02,2.177768200635910034e-02,-2.088852599263191223e-02,-1.057697273790836334e-02,1.311173010617494583e-02,-1.492985431104898453e-02,2.510869689285755157e-02,3.904986428096890450e-03,-3.609707113355398178e-03,8.592960424721240997e-03,9.422397240996360779e-03,-1.179790310561656952e-02,6.545912008732557297e-03,-1.418667938560247421e-02,2.295879833400249481e-02,-1.737171597778797150e-02,5.563859362155199051e-03,1.705528557067736983e-04,5.975259467959403992e-03,1.288612373173236847e-02,-3.012927481904625893e-04,-2.670785179361701012e-03,-2.404701896011829376e-02,-1.676125079393386841e-02,-1.167182810604572296e-02,1.218939665704965591e-02,1.076276600360870361e-02,1.347668189555406570e-02,-2.602439559996128082e-02,-2.025151811540126801e-02,-3.872472420334815979e-02,-1.097510196268558502e-02,4.950076341629028320e-03,3.009858727455139160e-02,-6.214137189090251923e-03,-2.153880335390567780e-02,-1.686244155280292034e-03,-2.763018384575843811e-02,1.942871697247028351e-02,1.929268939420580864e-03,-4.449096508324146271e-03,1.027174014598131180e-02,5.722447484731674194e-02,-2.737140050157904625e-03,9.130435064435005188e-03,-1.394780166447162628e-02,1.453172508627176285e-02,-4.196947906166315079e-03,-7.717075757682323456e-03,1.962778158485889435e-02,-5.218813661485910416e-03,9.229968301951885223e-03,-2.286590263247489929e-02,-3.238119557499885559e-02,1.820778660476207733e-02,-1.663849339820444584e-03,2.915468940045684576e-04,2.161842957139015198e-02,-3.699949756264686584e-02,1.668162457644939423e-02,1.860591582953929901e-02,2.708607353270053864e-02,-3.222194314002990723e-02,-1.515546161681413651e-02,3.495576605200767517e-02,-1.036463677883148193e-02,8.845109492540359497e-03,3.484959900379180908e-02,-1.107463426887989044e-02,6.735023111104965210e-03,4.942113533616065979e-02,-5.026384256780147552e-03,7.139788009226322174e-03,-2.940849587321281433e-02,-2.038422785699367523e-02,1.234201365150511265e-03,3.699949756264686584e-02,-5.912222433835268021e-03,-1.750442571938037872e-02,-1.913675665855407715e-02,8.513335138559341431e-03,-1.652237214148044586e-02,1.527490001171827316e-02,-1.844666525721549988e-02,-1.419995073229074478e-02,1.007931027561426163e-02,1.240173261612653732e-02,1.884479424916207790e-03,-7.661918061785399914e-05,-9.183519519865512848e-03,-1.361602731049060822e-02,1.769021898508071899e-02,-2.214926853775978088e-02,-3.482305631041526794e-02,-5.088094621896743774e-02,-2.420627139508724213e-02,3.397371247410774231e-02,5.271897651255130768e-03,-2.374178729951381683e-02,-1.251453626900911331e-02,2.008894924074411392e-03,-4.153817147016525269e-02,-5.779512692242860794e-03,-3.129297494888305664e-02,2.086198329925537109e-02,1.231712987646460533e-03,1.930927857756614685e-03,1.001959107816219330e-02,1.063337433151900768e-03,1.584555208683013916e-02,2.625000290572643280e-02,-3.599090129137039185e-02,-1.237519085407257080e-02,-3.656155429780483246e-03,-1.554031949490308762e-02,7.955953478813171387e-03,1.665508188307285309e-02,-3.174418956041336060e-02,2.689447428565472364e-04,3.235465288162231445e-02,-4.857179243117570877e-03,-6.598995532840490341e-03,3.123989142477512360e-02,-1.788264838978648186e-03,-2.043731138110160828e-02,-3.068250976502895355e-02,7.936047390103340149e-03,-8.632773533463478088e-03,-5.258626770228147507e-04,1.835376769304275513e-02,-2.601112425327301025e-02,8.798660710453987122e-03,4.186994861811399460e-03,1.306528132408857346e-02,-2.080889977514743805e-02,1.183108054101467133e-02,2.869186364114284515e-02,-8.320905268192291260e-03,-6.164371035993099213e-03,-4.488909617066383362e-03,-1.043762732297182083e-02,3.438013663981109858e-04,-1.942539936862885952e-03,3.155839443206787109e-02,3.580510988831520081e-02,-2.068946138024330139e-02,1.337714958935976028e-02,6.008436903357505798e-03,-1.543415151536464691e-02,1.745134033262729645e-02,8.858380839228630066e-03,1.096846628934144974e-02,4.867132753133773804e-03,-1.417340897023677826e-02,-1.268042344599962234e-02,-2.723205462098121643e-02,9.322864934802055359e-03,4.807413090020418167e-03,-1.134005375206470490e-02,2.002591080963611603e-02,-4.098079353570938110e-02,2.671448700129985809e-02,-4.689965024590492249e-02,2.338347025215625763e-02,2.720551192760467529e-02,-1.309845875948667526e-02,5.172365345060825348e-03,-1.584555208683013916e-02,-1.078267302364110947e-02,-1.672143675386905670e-02,-2.821410819888114929e-02,-2.456458657979965210e-02,1.051725354045629501e-02,-2.085203072056174278e-03,8.440344594419002533e-03,-2.718892414122819901e-03,-2.518832311034202576e-02,3.762323409318923950e-03,1.347004622220993042e-02,-8.088663220405578613e-03,1.183771621435880661e-02,1.939686685800552368e-01,-2.115394547581672668e-02,-2.222889452241361141e-04,1.165855769068002701e-02,1.869881339371204376e-02,3.264661645516753197e-03,2.447169087827205658e-02,-1.057033706456422806e-02,-1.692050136625766754e-02,-2.962746657431125641e-03,-3.540034405887126923e-03,3.246414009481668472e-03,4.047649446874856949e-03,4.678021185100078583e-03,1.855283230543136597e-02,-3.320399671792984009e-02,-1.657545566558837891e-02,-2.763018384575843811e-02,-3.540034405887126923e-03,-2.245450206100940704e-02,2.106104791164398193e-02,6.967265624552965164e-03,1.462462171912193298e-02,-2.265356667339801788e-02,2.485654875636100769e-02,5.248673260211944580e-03,-1.224911585450172424e-02,-4.953394178301095963e-03,3.641557320952415466e-02,2.562626637518405914e-02,-1.852629147469997406e-02,2.514851046726107597e-03,1.887133531272411346e-02,-1.357621420174837112e-02,-6.064838729798793793e-03,-2.514851046726107597e-03,1.299892645329236984e-02,-3.762323409318923950e-03,7.378665730357170105e-03,5.699886474758386612e-03,6.947359070181846619e-03,-7.710440549999475479e-03,9.860339574515819550e-03,3.326039761304855347e-03,2.813448198139667511e-03,1.771676167845726013e-02,-6.827920209616422653e-03,-7.763524539768695831e-03,-1.226238720118999481e-02,2.323748916387557983e-02,-1.412032451480627060e-02,-2.113403752446174622e-03,4.390040785074234009e-02,2.885111421346664429e-02,-5.520728416740894318e-03,-1.527821761555969715e-03,-5.606989841908216476e-03,1.014566607773303986e-02,-5.132552236318588257e-03,1.196379028260707855e-02,-1.426630560308694839e-02,2.252085693180561066e-02,-2.375505678355693817e-02,1.597826182842254639e-02,4.266620613634586334e-03,2.367543242871761322e-02,-3.705258294939994812e-02,-2.747093327343463898e-02,-7.829879177734255791e-04,-3.445146977901458740e-02,-1.066323369741439819e-02,5.623578559607267380e-03,-1.082414411939680576e-03,1.072958856821060181e-02,-2.116721682250499725e-02,-1.081585045903921127e-02,7.040255703032016754e-03,1.774330250918865204e-02,5.762923974543809891e-03,2.051693759858608246e-02,-1.848647743463516235e-02,-1.830068416893482208e-02,4.243396222591400146e-03,1.195217831991612911e-03,-4.097415599972009659e-03,-1.961451023817062378e-02,1.998609863221645355e-02,-9.820526465773582458e-03,-2.428589761257171631e-02,1.620386913418769836e-02,-4.787506535649299622e-03,-1.045089773833751678e-02,-1.596499048173427582e-02,1.313827186822891235e-02,-1.141304429620504379e-02,1.305864658206701279e-02,-2.911321585997939110e-03,-7.630814332515001297e-03,-8.267821744084358215e-03,-2.582864835858345032e-03,-3.586482955142855644e-03,-1.423976384103298187e-02,8.247915655374526978e-03,5.089421756565570831e-03,3.009195206686854362e-03,1.374873705208301544e-02,1.207659393548965454e-02,3.182381391525268555e-02,1.593347289599478245e-03,-3.382441587746143341e-03,-1.285626320168375969e-03,-1.989320106804370880e-02,-1.058360841125249863e-02,-6.618902087211608887e-03,2.143263630568981171e-02,-8.347447961568832397e-03,8.267821744084358215e-03,-6.907545961439609528e-03,-9.920059237629175186e-04,1.700012758374214172e-02,-3.244755091145634651e-03,-2.558645233511924744e-02,2.080226317048072815e-03,7.228538161143660545e-04,-1.076276600360870361e-02,-1.068314071744680405e-02,-3.622978180646896362e-02,1.106136292219161987e-02,1.179126743227243423e-02,-1.824760064482688904e-02,1.086229830980300903e-02,-3.291203454136848450e-02,6.001801695674657822e-03,-7.577730808407068253e-03,-5.188954062759876251e-03,2.411337383091449738e-02,7.743617985397577286e-03,-3.885743394494056702e-02,-3.715874999761581421e-02,4.555264487862586975e-03,-5.553905852138996124e-03,1.972067914903163910e-02,2.129992656409740448e-02,6.234043743461370468e-03,-4.668067675083875656e-03,2.476697089150547981e-03,1.697358489036560059e-02,-2.244123071432113647e-02,7.352123968303203583e-03,-1.483695767819881439e-02,-4.129929468035697937e-02,-1.342359837144613266e-02,2.456790534779429436e-03,-1.297238469123840332e-02,1.709302514791488647e-02,-6.581577472388744354e-04,-1.049071084707975388e-02,-1.747788302600383759e-02,2.969382097944617271e-03,1.398761477321386337e-02,-5.626896396279335022e-02,1.122061535716056824e-02,1.595172099769115448e-02,-2.360907755792140961e-02,-1.478387415409088135e-02,8.427073247730731964e-03,-1.677452176809310913e-01,2.295879879966378212e-03,2.131319604814052582e-02,-2.078235708177089691e-02,2.901036664843559265e-02,-4.366152919828891754e-03,3.153185173869132996e-02,1.729208976030349731e-02,-4.863814916461706161e-03,-1.594176748767495155e-03,1.522181648761034012e-02,-5.912222433835268021e-03,-3.341633081436157227e-02,2.183076553046703339e-02,-1.244154572486877441e-02,4.173723980784416199e-03,-2.914307639002799988e-02,6.058203056454658508e-03,4.412601236253976822e-03,9.548471309244632721e-03,2.709934487938880920e-02,1.588536612689495087e-02,2.810130361467599869e-03,-2.412664517760276794e-02,6.502781063318252563e-03,1.933582127094268799e-02,-1.281976886093616486e-02,2.911653369665145874e-02,-1.907040178775787354e-02,-9.382584132254123688e-03,-1.030491758137941360e-02,4.163770645391196012e-04,3.248736262321472168e-02,-8.539876900613307953e-03,1.664181053638458252e-02,2.042404189705848694e-02,-1.386817637830972672e-02,-7.239320781081914902e-03,-8.539876900613307953e-03,1.550050638616085052e-02,3.970677778124809265e-02,6.854461971670389175e-03,1.853956095874309540e-02,-1.384163368493318558e-02,-1.182444486767053604e-02,3.644211590290069580e-02,2.014535106718540192e-02,1.905713044106960297e-02,2.208291366696357727e-02,-1.522181648761034012e-02,-2.808139845728874207e-02,-4.205242439638823271e-04,9.793984703719615936e-03,-1.082414411939680576e-03,1.973395049571990967e-02,1.196379028260707855e-02,-7.073433138430118561e-03,2.484327740967273712e-02,-9.302957914769649506e-03,-1.861918717622756958e-02,-1.993301510810852051e-02,-1.149267051368951797e-02,1.236191950738430023e-02,-4.760964657180011272e-04,1.662854105234146118e-02,-1.145285740494728088e-02,-8.918100036680698395e-03,-1.173818297684192657e-02,-2.680738270282745361e-02,3.335993038490414619e-03,-7.219414226710796356e-03,-1.459807995706796646e-02,1.455826684832572937e-02,-1.449191197752952576e-02,2.562626637518405914e-02,-2.358916914090514183e-03,-3.599090129137039185e-02,1.698685623705387115e-02,2.355599217116832733e-02,-3.729145973920822144e-03,-1.522181648761034012e-02,1.064996328204870224e-02,-3.964705858379602432e-03,2.008894924074411392e-03,8.984454907476902008e-03,-1.491326605901122093e-03,-1.116753090173006058e-02,-2.189711900427937508e-03,-6.973900832235813141e-03,2.268010750412940979e-02,1.316481363028287888e-02,-7.106610573828220367e-03,-1.434593182057142258e-02,-3.376137837767601013e-02,1.962778158485889435e-02,2.199665177613496780e-03,2.463425975292921066e-03,3.723837435245513916e-02,-1.948180049657821655e-02,1.809830195270478725e-03,1.430611871182918549e-02,2.000600565224885941e-03,-4.106041789054870605e-02,2.021170593798160553e-02,2.675429917871952057e-02,1.431814453098922968e-04,1.092865318059921265e-02,1.490331254899501801e-02,2.484327740967273712e-02,2.874494716525077820e-02,-7.577730808407068253e-03,2.778943628072738647e-02,1.450518332421779633e-02,-2.423281222581863403e-02,3.589800558984279633e-03,-1.215953729115426540e-03,-1.078267302364110947e-02,-2.837335877120494843e-02,1.287285238504409790e-02,-1.807507686316967010e-02,6.279828399419784546e-02,1.845993660390377045e-02,-1.569957099854946136e-02,4.764282610267400742e-03,8.506907033734023571e-05,-3.073559328913688660e-02,-1.286754459142684937e-01,-1.804853603243827820e-02,-1.147110480815172195e-03,1.277332007884979248e-02,-1.066986937075853348e-02,4.177041351795196533e-03,2.108427230268716812e-03,1.359446207061409950e-03,-4.427199438214302063e-02,-7.226049434393644333e-03,3.662791103124618530e-03,-3.365521132946014404e-02,-2.946157939732074738e-02,-1.147110480815172195e-03,1.139977294951677322e-02,4.246714059263467789e-03,3.759005572646856308e-03,-1.371887745335698128e-03,-4.565217532217502594e-03,3.583165258169174194e-02,-9.462210349738597870e-03,4.366152919828891754e-03,-8.526605553925037384e-03,-2.216253988444805145e-02,-7.670627441257238388e-03,3.410642268136143684e-03,-3.192998096346855164e-02,3.017821349203586578e-02,4.969982896000146866e-03,3.865173552185297012e-03,5.454373545944690704e-03,-2.765340730547904968e-03,8.281093090772628784e-03,1.631003618240356445e-02,-9.654639288783073425e-03,-2.970045804977416992e-02,-2.528122067451477051e-02,-1.542088109999895096e-02,1.608443073928356171e-02,-4.493554309010505676e-02,6.522687617689371109e-03,2.107431925833225250e-02,-9.010996669530868530e-03,-1.378855016082525253e-02,7.332217413932085037e-03,1.516873203217983246e-02,3.467044094577431679e-03,3.341633081436157227e-02,4.705890268087387085e-02,-1.062342058867216110e-02,-2.427262626588344574e-02,-2.122030034661293030e-02,-1.930927857756614685e-02,-7.982495240867137909e-03,3.203615173697471619e-02,-7.093339692801237106e-03,3.007204458117485046e-02,-3.699286142364144325e-03,-3.831996116787195206e-03,2.626327238976955414e-02,1.942871697247028351e-02,1.569957099854946136e-02,-1.106799859553575516e-02,3.352250158786773682e-02,1.702667027711868286e-02,-1.189079973846673965e-02,-4.366152919828891754e-03,-7.451656274497509003e-03,7.139788009226322174e-03,-3.015167079865932465e-02,1.235860167071223259e-03,-5.756288301199674606e-03,-1.723900623619556427e-02,3.633594885468482971e-02,-2.029133215546607971e-02,1.582564553245902061e-03,-1.256761979311704636e-02,-7.458291947841644287e-03,2.355599217116832733e-02,-3.880435228347778320e-02,-3.235465288162231445e-02,-1.454499643296003342e-02,2.007899619638919830e-02,1.606618287041783333e-03,4.721815511584281921e-02,4.054285120218992233e-03,1.511564850807189941e-02,-1.539433933794498444e-02,-2.473711036145687103e-02,-3.142568469047546387e-02,-5.835914053022861481e-03,1.783620007336139679e-02,2.882457338273525238e-02,-3.681370243430137634e-02,9.017632342875003815e-03,1.774330250918865204e-02,-1.318472065031528473e-02,-2.842644229531288147e-02,-8.274457417428493500e-03,-1.235528383404016495e-02,-2.471720334142446518e-03,6.200866308063268661e-03,-5.260617285966873169e-02,1.733190193772315979e-02,-2.802831307053565979e-02,-1.864572986960411072e-02,-1.354469568468630314e-03,-1.904385909438133240e-02,1.918984018266201019e-02,-1.152584794908761978e-02,-6.287127733230590820e-03,-5.673344712704420090e-03,2.202983014285564423e-03,2.427262626588344574e-02,-2.797522954642772675e-02,1.269867061637341976e-03,-2.802831307053565979e-02,4.711198620498180389e-03,7.989130914211273193e-03,-1.194388326257467270e-02,-1.066323369741439819e-02,-8.533241227269172668e-03,1.780965737998485565e-02,-1.200360339134931564e-02,-1.102155074477195740e-02,1.094192452728748322e-02,-7.245955988764762878e-03,1.960787456482648849e-03,-2.392758056521415710e-02,1.937563344836235046e-02,1.240836805664002895e-03,-2.440533600747585297e-02,-1.401747460477054119e-03,-3.102755546569824219e-02,7.126517128199338913e-03,9.581648744642734528e-03,2.344982512295246124e-02,-1.718592084944248199e-02,1.126042846590280533e-02,1.987993158400058746e-02,2.067619003355503082e-02,3.431876003742218018e-02,-3.732463577762246132e-03,-2.885111421346664429e-02,1.144622173160314560e-02,-1.238970580743625760e-04,-2.959429053589701653e-03,-1.544410479255020618e-03,5.696569103747606277e-03,-2.557981759309768677e-03,3.415950760245323181e-02,-1.848647743463516235e-02,1.422649249434471130e-02,5.642821639776229858e-02,-5.759606137871742249e-03,-1.741152815520763397e-02,-2.711261622607707977e-02,-2.062310650944709778e-02,8.221372961997985840e-03,1.723153982311487198e-04,1.186094013974070549e-03,-3.429221734404563904e-02,3.336324915289878845e-02,1.257425546646118164e-02,1.001295540481805801e-02,-1.464784611016511917e-03,3.349264152348041534e-03,2.570589259266853333e-02,7.126517128199338913e-03,-6.628855597227811813e-03,4.528722725808620453e-03,-6.549229379743337631e-03,-7.670627441257238388e-03,-1.149930618703365326e-02,-4.017789848148822784e-03,2.005245350301265717e-02,5.145823117345571518e-03,1.763713546097278595e-02,-2.869186364114284515e-02,1.161874458193778992e-02,-5.220804363489151001e-02,-1.042601536028087139e-03,2.667467296123504639e-02,-3.639566712081432343e-03,-2.906345017254352570e-02,1.356957852840423584e-02,1.783620007336139679e-02,1.921638101339340210e-02,-1.489004120230674744e-02,-1.327098160982131958e-02,2.198006259277462959e-03,2.147244848310947418e-02,-1.918984018266201019e-02,1.358616747893393040e-03,1.276502618566155434e-03,1.731863128952682018e-03,-2.636944130063056946e-02,-7.995766354724764824e-04,-7.398572284728288651e-03,1.677452027797698975e-02,-1.583394012413918972e-03,1.451845373958349228e-02,4.624937195330858231e-03,-3.153517143800854683e-03,-4.243396222591400146e-03,3.921574912965297699e-03,-1.913675665855407715e-02,1.831395551562309265e-02,-2.229524962604045868e-02,-9.163612499833106995e-03,1.028501079417765141e-03,-1.423312816768884659e-03,8.261186070740222931e-03,1.104809250682592392e-02,7.066797930747270584e-03,1.015022717183455825e-04,-2.286590263247489929e-02,-6.184277590364217758e-03,2.504234202206134796e-02,-1.269037602469325066e-04,-3.540698066353797913e-02,2.930232882499694824e-02,2.379487082362174988e-02,6.535958498716354370e-03,3.782229870557785034e-02,-4.664750304073095322e-03,1.471751928329467773e-02,1.402742788195610046e-02,-1.532798446714878082e-02,-2.573243342339992523e-02,7.850615074858069420e-04,-1.877843961119651794e-02,-2.332375152036547661e-03,-3.102755546569824219e-02,-4.023761674761772156e-02,-1.025183312594890594e-02,-1.141304383054375648e-03,4.007836431264877319e-02,-1.105472818017005920e-02,4.238751530647277832e-02,-2.528122067451477051e-02,2.157861739397048950e-02,2.546701394021511078e-02,-3.500885143876075745e-02,-3.938163630664348602e-03,2.488309144973754883e-02,2.094160951673984528e-02,-1.183108054101467133e-02,-2.189711958635598421e-04,-3.775594290345907211e-03,-1.791582629084587097e-02,-6.034979131072759628e-03,-7.146423682570457458e-03,2.323748916387557983e-02,-5.311710294336080551e-03,-5.368112120777368546e-03,-1.112771872431039810e-02,1.098173763602972031e-02,4.508816171437501907e-03,2.501580119132995605e-02,3.492922335863113403e-02,1.875189691781997681e-02,-1.462462171912193298e-02,1.807507686316967010e-02,1.487677078694105148e-02,1.212304178625345230e-02,-3.691987320780754089e-02,-3.417277708649635315e-03,-2.306496724486351013e-02,-1.100164372473955154e-02,-2.839990146458148956e-02,1.566805294714868069e-03,1.370892394334077835e-02,-1.845993660390377045e-02,8.733964641578495502e-04,-5.271068075671792030e-04,5.182318389415740967e-03,3.010853892192244530e-03,-1.487677078694105148e-02,4.734422545880079269e-03,2.854919992387294769e-03,1.241500396281480789e-02,3.853893280029296875e-02,-2.699317783117294312e-02,-4.618301615118980408e-02,5.653438344597816467e-02,-2.259384607896208763e-03,6.668668356724083424e-04,1.226238720118999481e-02,-4.774235654622316360e-03
-2.094927988946437836e-02,-1.772210560739040375e-02,-1.315483450889587402e-02,-5.138179752975702286e-03,2.543450333178043365e-03,3.136922046542167664e-02,-1.692898757755756378e-02,-3.095898777246475220e-02,-1.474107243120670319e-02,-2.290472760796546936e-02,3.627151716500520706e-03,1.427614036947488785e-02,1.204036548733711243e-02,-4.139943979680538177e-03,-4.912551492452621460e-03,1.370865013450384140e-02,6.724417675286531448e-03,-2.562252804636955261e-03,-3.839105833321809769e-03,-2.931805141270160675e-02,-8.307237178087234497e-03,7.062860764563083649e-03,4.038240294903516769e-04,-2.103132568299770355e-02,-2.676092647016048431e-02,-5.599692929536104202e-03,9.052495472133159637e-03,-3.087694011628627777e-02,7.568815723061561584e-03,-6.823557429015636444e-03,5.777460988610982895e-03,-5.572344176471233368e-03,-2.064844034612178802e-02,-2.086723223328590393e-02,-3.637407347559928894e-02,-1.214976143091917038e-02,-2.023820765316486359e-02,-8.861052803695201874e-03,1.479576993733644485e-02,-3.880129195749759674e-03,3.481860505416989326e-03,-7.773933000862598419e-03,2.419012784957885742e-02,-7.938026450574398041e-03,-4.088664799928665161e-02,5.039039999246597290e-03,6.854325067251920700e-03,-5.466367118060588837e-03,-1.330525334924459457e-02,9.866125881671905518e-03,4.693076014518737793e-02,4.447619430720806122e-03,-1.996471732854843140e-02,-3.336569294333457947e-02,1.564358733594417572e-02,9.312310256063938141e-03,-2.314402954652905464e-03,8.717470802366733551e-03,6.180857773870229721e-03,4.341642372310161591e-03,-1.485046837478876114e-02,1.210190076380968094e-02,-1.817336305975914001e-02,1.521967910230159760e-02,-7.992723956704139709e-03,-2.386194095015525818e-02,-2.841553650796413422e-02,1.565726101398468018e-02,-8.594401180744171143e-03,-3.647663397714495659e-03,2.283635549247264862e-02,2.790958061814308167e-02,4.560433793812990189e-03,-1.318218372762203217e-02,-1.024901121854782104e-02,-1.329841651022434235e-02,-1.628115889616310596e-03,-2.354742772877216339e-02,1.221300568431615829e-03,-5.076644942164421082e-03,2.377989329397678375e-02,-1.586237922310829163e-02,-3.002912364900112152e-02,-2.328077564015984535e-03,-9.585799649357795715e-03,1.120451372116804123e-03,-1.264204178005456924e-02,2.737627737224102020e-02,1.474107243120670319e-02,-4.529666155576705933e-03,1.687428914010524750e-02,-2.175094414269551635e-04,1.338730007410049438e-02,1.605382189154624939e-02,-2.700706757605075836e-02,8.102119900286197662e-03,-2.315086871385574341e-02,2.799162827432155609e-02,5.691995844244956970e-03,-2.786855772137641907e-02,2.335598506033420563e-02,-2.388928830623626709e-02,6.844069343060255051e-03,1.294800778850913048e-03,-1.323688123375177383e-02,-3.904059529304504395e-03,-1.576665788888931274e-02,8.281597401946783066e-04,-6.481695920228958130e-03,-2.410808019340038300e-02,-2.271328493952751160e-02,5.179886892437934875e-02,1.105580385774374008e-02,-2.185179293155670166e-02,3.292810916900634766e-02,3.921152558177709579e-03,7.213280070573091507e-03,1.978695020079612732e-02,-1.718880236148834229e-02,-1.486414298415184021e-02,7.903840392827987671e-03,1.057719811797142029e-02,2.896251529455184937e-02,-7.315838243812322617e-03,3.473313897848129272e-02,2.365682274103164673e-02,-3.051114734262228012e-03,-1.634098403155803680e-02,8.922587730921804905e-04,-1.050882600247859955e-02,3.205294534564018250e-02,2.000574022531509399e-02,2.970093674957752228e-02,-8.074770681560039520e-03,1.762638427317142487e-02,1.971857808530330658e-02,-5.712507292628288269e-03,-3.126324387267231941e-03,-1.846052706241607666e-02,-3.208029270172119141e-02,2.073390642181038857e-03,-4.781789320986717939e-04,-5.343297030776739120e-03,-1.982797309756278992e-02,1.097375713288784027e-02,7.719235029071569443e-03,1.314457855187356472e-03,1.212241221219301224e-02,-1.507609733380377293e-03,-2.711646258831024170e-02,4.020292311906814575e-03,-1.091905962675809860e-02,2.568064443767070770e-02,-1.186259742826223373e-02,1.044729072600603104e-02,2.618659846484661102e-02,1.194464415311813354e-02,2.265858650207519531e-02,4.273270256817340851e-03,7.814955897629261017e-03,-1.526070199906826019e-02,-3.890385152772068977e-03,3.273666650056838989e-02,1.074812840670347214e-02,1.157543435692787170e-02,1.675121858716011047e-02,1.690163835883140564e-02,8.676447905600070953e-03,-5.982578266412019730e-03,-2.816939540207386017e-02,2.596780844032764435e-02,1.077547762542963028e-02,-2.096295356750488281e-02,1.586237922310829163e-02,7.561978884041309357e-03,2.587208710610866547e-02,2.431319653987884521e-02,1.457697898149490356e-02,-2.707543969154357910e-02,1.388812786899507046e-03,-3.809705749154090881e-02,4.758713766932487488e-03,5.086900666356086731e-02,2.141421101987361908e-02,-1.081650145351886749e-02,-1.568461023271083832e-02,6.686813198029994965e-03,8.929424919188022614e-03,1.541112083941698074e-02,-9.872962720692157745e-03,4.085930064320564270e-02,1.907587749883532524e-03,-1.714777760207653046e-02,1.764005795121192932e-02,-6.143663525581359863e-01,-1.742126792669296265e-02,-1.128827035427093506e-02,-7.520955521613359451e-03,1.564358733594417572e-02,1.748622162267565727e-03,1.091393176466226578e-03,2.844288572669029236e-02,-1.655977591872215271e-02,1.858359761536121368e-02,-1.178738847374916077e-02,3.577239811420440674e-02,-2.021085843443870544e-02,-4.040804225951433182e-03,-1.165748108178377151e-02,-3.982687834650278091e-03,-1.405734941363334656e-02,-2.860697917640209198e-02,-2.442601136863231659e-03,4.563852213323116302e-03,-2.167402580380439758e-02,3.692105412483215332e-02,-1.007807999849319458e-02,-1.616321690380573273e-02,1.423511747270822525e-02,1.270357705652713776e-02,5.630460567772388458e-03,-9.777242317795753479e-03,-6.013345438987016678e-03,-1.320269517600536346e-02,-1.718880236148834229e-02,4.687606170773506165e-02,-1.841950416564941406e-02,1.216343604028224945e-02,5.456111207604408264e-02,-3.302383003756403923e-03,-6.344951223582029343e-03,2.681562490761280060e-02,1.408469770103693008e-02,2.636436745524406433e-02,-4.148832336068153381e-02,4.448474210221320391e-04,6.980814039707183838e-03,-1.997839286923408508e-02,7.541466969996690750e-03,4.116013646125793457e-03,1.384539529681205750e-02,6.645789835602045059e-03,-1.268990244716405869e-02,5.103993695229291916e-03,2.155437367036938667e-03,1.143868919461965561e-02,-1.375138293951749802e-03,2.008778788149356842e-02,1.629825215786695480e-03,4.587782546877861023e-03,1.703838258981704712e-02,-3.194354847073554993e-02,4.461294040083885193e-03,2.323291450738906860e-02,7.657699752599000931e-03,2.577636577188968658e-02,-1.573930867016315460e-02,-3.095898777246475220e-02,5.985996685922145844e-03,1.764005795121192932e-02,-1.089171040803194046e-02,3.049405477941036224e-02,1.520215882919728756e-04,6.628696341067552567e-03,-2.893858589231967926e-03,1.184208597987890244e-02,3.863036166876554489e-03,-3.486988320946693420e-02,2.994707599282264709e-02,6.379137746989727020e-03,1.528805121779441833e-02,-2.833349071443080902e-02,-5.722763482481241226e-03,1.099426951259374619e-02,-2.917788689956068993e-03,-4.362154286354780197e-03,-3.350243717432022095e-02,1.464535109698772430e-02,1.572563312947750092e-02,-1.526070199906826019e-02,-2.687032148241996765e-02,-4.113278910517692566e-02,5.452692508697509766e-03,-1.400777953676879406e-03,-5.442436784505844116e-03,3.429555520415306091e-02,5.828740540891885757e-03,-2.907191030681133270e-02,2.827879227697849274e-02,9.421706199645996094e-03,-9.127704426646232605e-03,-8.327748626470565796e-03,1.642303168773651123e-02,-5.384320393204689026e-03,1.104896701872348785e-02,-2.540715411305427551e-02,1.575298234820365906e-02,7.411559578031301498e-03,1.941773854196071625e-02,1.052250061184167862e-02,-2.010146155953407288e-02,-3.945082891732454300e-03,1.764005795121192932e-02,-4.028497263789176941e-02,-1.532394671812653542e-03,1.171217858791351318e-02,1.390009280294179916e-02,-8.061097003519535065e-03,-1.809131540358066559e-02,-2.822409383952617645e-02,5.411669146269559860e-03,-5.517646204680204391e-03,1.162329502403736115e-02,-4.192590713500976562e-02,-3.433999838307499886e-03,2.371152117848396301e-02,1.491884049028158188e-02,-2.036127634346485138e-02,5.066389217972755432e-03,3.270931914448738098e-02,-2.851125784218311310e-03,-2.625497058033943176e-02,-1.220445893704891205e-02,-2.213895693421363831e-02,2.425508107990026474e-03,-1.268306560814380646e-02,2.261756360530853271e-02,-4.768969491124153137e-03,3.831584751605987549e-02,1.900750561617314816e-03,1.441288553178310394e-02,-2.309617027640342712e-02,2.718483470380306244e-02,-2.554389834403991699e-02,8.286725729703903198e-03,-1.903485506772994995e-02,3.013851866126060486e-02,-7.691886276006698608e-03,-3.948501311242580414e-03,-5.095105245709419250e-02,-8.061097003519535065e-03,-1.158227119594812393e-02,-2.778651192784309387e-02,2.640539035201072693e-02,-7.264558917086105794e-06,-2.290472853928804398e-03,-4.162506759166717529e-02,-6.136415991932153702e-03,-9.209752082824707031e-03,-1.452228054404258728e-02,-9.517427533864974976e-03,-1.419409364461898804e-02,-2.796428045257925987e-03,-3.492458164691925049e-02,-1.531539950519800186e-02,1.639568246901035309e-02,-1.379069685935974121e-02,-2.781385928392410278e-02,-1.580768078565597534e-02,-2.202956192195415497e-02,4.085246007889509201e-03,-6.375719094648957253e-04,-8.423469960689544678e-03,-1.290869433432817459e-02,2.186546847224235535e-02,-2.786172088235616684e-03,-9.715707041323184967e-03,4.173446446657180786e-02,-1.684693992137908936e-02,1.479576993733644485e-02,-1.602647267282009125e-02,-1.248478610068559647e-02,1.899041235446929932e-03,1.805029250681400299e-02,1.578033156692981720e-02,-6.556905806064605713e-03,-2.071681246161460876e-02,-7.021837402135133743e-03,-6.529556587338447571e-03,-1.799559406936168671e-02,-9.784079156816005707e-03,1.839215494692325592e-02,-1.541112083941698074e-02,9.237100370228290558e-03,-1.003705710172653198e-02,1.552051678299903870e-02,1.195831876248121262e-02,-1.297706644982099533e-02,-1.187627203762531281e-02,1.739391870796680450e-02,8.519191294908523560e-03,3.886282816529273987e-02,1.813234016299247742e-02,3.664756566286087036e-02,6.433835253119468689e-03,-7.384210475720465183e-04,3.503397852182388306e-02,-5.801391322165727615e-03,1.461800187826156616e-02,-2.172872424125671387e-02,2.204323559999465942e-02,-2.777283638715744019e-02,6.006508599966764450e-03,8.943099528551101685e-03,-9.913986548781394958e-03,-1.550684217363595963e-02,-1.731187105178833008e-02,-2.955393632873892784e-03,1.619569375179708004e-03,1.379069685935974121e-02,-4.539922345429658890e-03,-1.653755549341440201e-03,8.020073175430297852e-03,-1.754433847963809967e-02,6.625277921557426453e-03,5.753530655056238174e-03,1.029003411531448364e-02,-1.900750561617314816e-03,-4.085246007889509201e-03,8.437144570052623749e-03,-1.333943940699100494e-02,8.968525798991322517e-05,2.682929858565330505e-02,6.464602891355752945e-03,5.589437205344438553e-03,-1.567093655467033386e-02,7.358571165241301060e-04,-1.287450827658176422e-02,1.855624839663505554e-02,-4.375828430056571960e-03,-2.090825513005256653e-02,-2.204323559999465942e-02,2.583106234669685364e-02,4.384375060908496380e-04,-1.552051678299903870e-02,2.910951618105173111e-03,1.303860172629356384e-02,-1.111733913421630859e-02,-1.217711064964532852e-02,1.692898757755756378e-02,3.585444390773773193e-02,3.002912364900112152e-02,-6.946627981960773468e-03,6.751766894012689590e-03,-1.924680895172059536e-03,2.232356229797005653e-03,-2.648743800818920135e-02,3.586128354072570801e-03,-1.673412509262561798e-03,-4.925541952252388000e-02,-5.654390901327133179e-03,2.078518504276871681e-03,3.117777779698371887e-02,1.910322718322277069e-02,-2.037495188415050507e-02,-6.676557008177042007e-03,-8.389283902943134308e-03,-4.239083733409643173e-03,4.903662949800491333e-02,5.996252410113811493e-03,7.261140272021293640e-03,2.893858589231967926e-03,4.242502618581056595e-03,1.125408429652452469e-02,-4.092083312571048737e-03,-1.337362639605998993e-02,8.676447905600070953e-03,1.403000019490718842e-02,-3.358790185302495956e-03,2.762241754680871964e-03,-1.105922274291515350e-03,7.311564986594021320e-04,2.120909467339515686e-02,9.866125881671905518e-03,-2.689767070114612579e-02,-4.351214691996574402e-02,1.532907411456108093e-02,3.129743039608001709e-03,-7.589327637106180191e-03,-1.534274872392416000e-02,-3.806971013545989990e-02,-9.264449588954448700e-03,-2.066211588680744171e-02,-6.615022197365760803e-03,3.328022779896855354e-03,2.294575050473213196e-02,1.945876330137252808e-02,-7.992723956704139709e-03,-5.374064203351736069e-03,-3.098633512854576111e-02,2.781385928392410278e-02,-2.499692142009735107e-02,-3.321185475215315819e-03,1.156987855210900307e-04,5.750112235546112061e-03,-1.297706644982099533e-02,-8.320911787450313568e-03,-1.903485506772994995e-02,5.201766267418861389e-02,5.493715871125459671e-03,-7.767095696181058884e-03,9.187530376948416233e-04,-1.136347930878400803e-02,-5.661228206008672714e-03,-1.991002075374126434e-02,-3.478441853076219559e-03,-2.777283638715744019e-02,-2.758823102340102196e-03,2.435763832181692123e-03,-2.732157893478870392e-02,-1.465902570635080338e-02,1.235487870872020721e-02,2.408073097467422485e-02,8.115794509649276733e-03,2.078518504276871681e-03,2.114414004608988762e-03,-1.020798739045858383e-02,-8.293562568724155426e-03,9.752628207206726074e-02,2.959153987467288971e-02,2.406705729663372040e-02,2.160565368831157684e-02,1.176687609404325485e-02,2.583106234669685364e-02,-1.713410392403602600e-02,-1.052250061184167862e-02,4.604876041412353516e-03,-1.984164677560329437e-02,2.254919148981571198e-02,-1.288818288594484329e-02,1.413939613848924637e-02,-3.743384499102830887e-03,1.077547762542963028e-02,1.777680404484272003e-02,-2.468240819871425629e-02,1.290869433432817459e-02,5.828740540891885757e-03,-4.122850950807332993e-03,-3.451434895396232605e-02,-1.069172169081866741e-03,3.244266612455248833e-03,-1.314799766987562180e-02,-1.568461023271083832e-02,-1.483679376542568207e-02,9.305472485721111298e-03,1.119254902005195618e-02,8.621749468147754669e-03,-1.582135446369647980e-02,-7.076535373926162720e-03,1.049515139311552048e-02,1.438553631305694580e-02,2.166035212576389313e-02,-1.244376227259635925e-02,1.855624839663505554e-02,6.491097155958414078e-04,4.028497263789176941e-02,1.524702738970518112e-02,-3.946450352668762207e-02,-9.831939823925495148e-03,1.035840716212987900e-03,5.066389217972755432e-03,-2.219365537166595459e-02,-4.625387489795684814e-03,9.580671321600675583e-04,-1.137031707912683487e-02,1.844685152173042297e-02,9.018309414386749268e-03,-1.584870368242263794e-02,3.076754510402679443e-02,-8.102119900286197662e-03,-4.102339223027229309e-02,-1.628628745675086975e-02,-2.405338175594806671e-02,-2.090483671054244041e-03,1.305227633565664291e-02,3.930041193962097168e-02,-9.613147936761379242e-03,1.314115989953279495e-02,-3.350243717432022095e-02,-1.578033156692981720e-02,5.445855204015970230e-03,5.093737971037626266e-03,-1.206771470606327057e-02,2.958812285214662552e-03,-1.178055070340633392e-02,-1.286083366721868515e-02,3.122905734926462173e-03,-1.245230901986360550e-03,-1.926732063293457031e-02,2.819674462080001831e-02,-3.027526289224624634e-02,1.281980983912944794e-02,1.513763144612312317e-02,1.247111149132251740e-02,-2.563962014392018318e-03,-5.905659054405987263e-04,2.603618055582046509e-02,-1.217027287930250168e-02,4.909132607281208038e-03,-8.963610976934432983e-03,7.401303737424314022e-04,-7.698723580688238144e-03,1.124040968716144562e-02,2.253551781177520752e-02,-1.327790506184101105e-02,-2.900695661082863808e-03,-6.238974165171384811e-03,2.570799179375171661e-02,5.962066352367401123e-03,2.034760266542434692e-02,3.521174425259232521e-03,-2.788308775052428246e-04,-2.193042309954762459e-03,-2.001941576600074768e-02,3.569035232067108154e-02,-1.073445472866296768e-02,-8.947159221861511469e-05,7.124396041035652161e-03,-9.811428608372807503e-04,1.176003948785364628e-03,1.476842164993286133e-02,8.046567672863602638e-04,1.755801215767860413e-02,-2.194751519709825516e-03,9.290089365094900131e-04,2.923600375652313232e-02,9.346496313810348511e-03,-3.049405477941036224e-02,2.797795459628105164e-02,-1.021482516080141068e-02,9.339659474790096283e-03,-2.125011757016181946e-02,-2.536613121628761292e-02,8.211515843868255615e-03,1.952029764652252197e-03,3.484253585338592529e-02,6.621859502047300339e-03,1.784517546184360981e-03,-1.922629587352275848e-02,-2.472343109548091888e-02,3.547155857086181641e-02,7.062860764563083649e-03,-9.461019653826951981e-04,3.801501123234629631e-03,3.719454165548086166e-03,-3.626468032598495483e-02,-1.772552379406988621e-03,1.962285675108432770e-02,-2.107234857976436615e-02,2.075783722102642059e-02,1.971857808530330658e-02,3.411778714507818222e-03,-1.289501972496509552e-02,-1.245743688195943832e-02,-9.136251173913478851e-04,1.122673507779836655e-02,-2.484650164842605591e-02,2.319531049579381943e-03,-1.041310466825962067e-02,-4.481805488467216492e-03,-2.529775910079479218e-02,-1.628628745675086975e-02,-1.130194496363401413e-02,-4.343009740114212036e-02,-6.413323804736137390e-03,9.920823387801647186e-03,3.440495207905769348e-02,2.373887039721012115e-02,-2.462770976126194000e-02,-2.222100459039211273e-02,-2.294575050473213196e-02,1.865196973085403442e-02,9.045657701790332794e-03,-1.267622876912355423e-02,-1.470004860311746597e-02,-2.033392898738384247e-02,4.466079920530319214e-02,2.540715411305427551e-02,2.770446427166461945e-02,-5.924461409449577332e-03,1.405734941363334656e-02,1.742425811244174838e-04,-1.352404523640871048e-02,-1.168482936918735504e-02,1.052933745086193085e-02,-2.249449305236339569e-02,-2.505161799490451813e-02,1.360609196126461029e-02,3.448699787259101868e-02,-1.683326624333858490e-02,1.121989823877811432e-02,-2.697288058698177338e-03,1.214976143091917038e-02,1.137715391814708710e-02,-4.474968183785676956e-03,1.617689058184623718e-02,-3.618263080716133118e-02,-1.335995178669691086e-02,1.669652014970779419e-02,-3.902691975235939026e-02,-5.715926177799701691e-03,6.201369687914848328e-03,-2.659683302044868469e-02,-7.012436399236321449e-04,5.275608226656913757e-02,1.062505878508090973e-02,-9.661008603870868683e-03,1.141817774623632431e-02,2.112704701721668243e-02,-1.837847940623760223e-02,2.397133596241474152e-02,-1.502823643386363983e-02,2.480205846950411797e-03,1.006440538913011551e-02,2.377989329397678375e-02,3.837054595351219177e-02,5.787717178463935852e-03,1.261469349265098572e-02,3.904059529304504395e-03,1.007124315947294235e-02,-1.867931894958019257e-02,-2.029290422797203064e-02,-5.534739233553409576e-03,2.202956192195415497e-02,-2.476445399224758148e-02,-5.021946970373392105e-03,-7.787607144564390182e-03,-1.837847940623760223e-02,-1.251213485375046730e-03,-1.417016377672553062e-03,-3.779621794819831848e-02,-4.312926158308982849e-02,2.893516607582569122e-02,1.116519980132579803e-02,-1.795457117259502411e-02,-1.098059490323066711e-02,-2.119541913270950317e-02,-2.477812953293323517e-02,-4.953574854880571365e-03,-1.331892795860767365e-02,9.654171764850616455e-03,-1.688796281814575195e-02,3.719454258680343628e-02,3.626468032598495483e-02,2.273379592224955559e-03,-1.727084815502166748e-02,-4.191223066300153732e-03,-6.803045980632305145e-03,2.073048800230026245e-02,2.145523391664028168e-02,3.273666650056838989e-02,-2.885312028229236603e-02,-7.322675548493862152e-03,-2.393031259998679161e-03,-1.013277843594551086e-02,-2.622762322425842285e-02,-5.264668539166450500e-02,2.703441493213176727e-02,-3.726291470229625702e-03,-9.784079156816005707e-03,2.310984395444393158e-02,-5.141598638147115707e-03,2.261414425447583199e-03,2.786855772137641907e-02,-1.251213438808917999e-02,-3.760477760806679726e-03,-5.185356736183166504e-02,-2.522938698530197144e-02,-1.053617428988218307e-02,8.238865062594413757e-03,-1.617689058184623718e-02,3.443229943513870239e-02,1.925364509224891663e-02,-1.281297300010919571e-02,7.500443607568740845e-03,-1.650507748126983643e-02,-8.676447905600070953e-03,1.076864078640937805e-02,-3.534849034622311592e-03,2.105867490172386169e-02,-4.027129616588354111e-03,-1.586237922310829163e-02,-1.623158901929855347e-02,2.637804113328456879e-02,-2.443626709282398224e-02,-6.334695499390363693e-03,-8.512353524565696716e-03,2.161932736635208130e-02,-1.547949388623237610e-02,-2.291840128600597382e-02,-4.604448622558265924e-05,-6.392811890691518784e-03,-6.536393892019987106e-03,-1.167799253016710281e-02,-5.011691246181726456e-03,-2.362947352230548859e-02,-3.913631662726402283e-02,-3.413146361708641052e-02,2.384826540946960449e-02,-5.360390059649944305e-03,1.126092113554477692e-02,-1.166431792080402374e-02,-1.344883535057306290e-02,-3.823380172252655029e-02,-9.811428375542163849e-03,-3.695524064823985100e-03,1.863829419016838074e-02,1.063189562410116196e-02,-2.857962995767593384e-02,-2.306882105767726898e-02,-1.300441566854715347e-02,3.087694011628627777e-02,3.257940988987684250e-03,-8.020073175430297852e-03,4.598038736730813980e-03,4.053111374378204346e-02,-2.399868518114089966e-02,2.123644202947616577e-02,-2.671990357339382172e-02,2.714381180703639984e-02,-8.443981409072875977e-03,-3.582709701731801033e-03,2.297309972345829010e-02,1.094640884548425674e-02,9.079844690859317780e-03,-1.593075133860111237e-02,-2.051169611513614655e-02,-5.264668725430965424e-03,-8.314074017107486725e-03,7.341477903537452221e-04,6.197950802743434906e-03,-2.793692983686923981e-02,1.027635950595140457e-02,6.758603733032941818e-03,2.042965032160282135e-02,-3.295546025037765503e-02,-1.572563312947750092e-02,3.268196806311607361e-02,-9.804590605199337006e-03,1.258734427392482758e-02,3.249052539467811584e-02,-1.403000019490718842e-02,1.651191501878201962e-03,2.803265117108821869e-02,1.768108271062374115e-02,-7.876491174101829529e-03,-2.733525447547435760e-02,-5.884292768314480782e-04,-1.655977591872215271e-02,2.249449305236339569e-02,-1.550684217363595963e-02,-1.538377255201339722e-02,-1.029003411531448364e-02,-2.798137255012989044e-03,-1.928099431097507477e-02,9.811428375542163849e-03,-5.985996685922145844e-03,-4.122850950807332993e-03,5.770623683929443359e-03,7.131019083317369223e-05,-8.929424919188022614e-03,-1.247111149132251740e-02,7.473094854503870010e-03,-7.124396041035652161e-03,1.872034184634685516e-02,-2.131848968565464020e-02,-2.758139371871948242e-02,-3.938245773315429688e-02,-1.843317784368991852e-02,2.766344137489795685e-02,8.560214191675186157e-03,-4.630173742771148682e-02,-2.722927602007985115e-03,-7.657699752599000931e-03,-3.837054595351219177e-02,-1.493251509964466095e-02,-1.397530268877744675e-02,1.727084815502166748e-02,3.156066313385963440e-02,-4.218572285026311874e-03,-1.404196489602327347e-03,1.293604355305433273e-02,1.698368415236473083e-02,1.418041903525590897e-02,-2.904456108808517456e-02,-9.230263531208038330e-03,-4.806573968380689621e-03,-3.324604127556085587e-03,2.557124709710478783e-03,7.336350157856941223e-03,-3.413146361708641052e-02,-5.097156390547752380e-03,3.402206674218177795e-02,4.880074411630630493e-04,8.874727413058280945e-03,3.549890965223312378e-02,1.351207960397005081e-03,-1.839215494692325592e-02,-1.378386002033948898e-02,-2.264833077788352966e-03,7.616676390171051025e-03,-1.294971723109483719e-02,1.255999505519866943e-02,-3.331099450588226318e-02,1.376334857195615768e-02,5.743274930864572525e-03,1.913057453930377960e-02,-2.666520513594150543e-02,-8.040584623813629150e-03,2.052537165582180023e-02,3.739965846762061119e-03,-2.711646258831024170e-02,-2.585841156542301178e-02,-1.260101888328790665e-02,-4.830504301935434341e-03,1.022914002533070743e-04,2.431319653987884521e-02,2.624129690229892731e-02,3.856198862195014954e-03,2.189281769096851349e-02,-9.284961037337779999e-03,-1.932201720774173737e-02,5.835577379912137985e-03,1.114468835294246674e-02,-4.874946549534797668e-03,-1.571708708070218563e-03,-2.512682694941759109e-03,-1.398897729814052582e-02,-2.710278891026973724e-02,-2.096295356750488281e-02,2.216630615293979645e-02,-1.141133997589349747e-02,2.476787427440285683e-03,-2.312351949512958527e-02,5.001435056328773499e-03,-5.532688274979591370e-02,2.633701823651790619e-02,3.079489432275295258e-02,-1.495986338704824448e-02,8.929424919188022614e-03,9.246288391295820475e-05,3.463058033958077431e-03,-1.269674021750688553e-02,-1.405734941363334656e-02,-1.091905962675809860e-02,-5.052714608609676361e-03,2.827195450663566589e-03,6.095392629504203796e-03,1.400265097618103027e-02,-1.824173517525196075e-02,3.951920196413993835e-03,-1.505900407209992409e-03,-2.364314906299114227e-02,-8.136305958032608032e-03,1.629996150732040405e-01,-1.242325082421302795e-02,5.726181901991367340e-03,2.327393740415573120e-02,1.152757368981838226e-02,2.741302887443453074e-04,1.999206654727458954e-02,-7.090209517627954483e-03,-1.848787628114223480e-02,-8.443981409072875977e-03,-8.936262689530849457e-03,-5.028784275054931641e-03,-1.688796281814575195e-02,9.243938140571117401e-03,2.816939540207386017e-02,-2.521571144461631775e-02,-3.139657154679298401e-02,-3.194354847073554993e-02,5.038185627199709415e-04,-2.021085843443870544e-02,4.085930064320564270e-02,2.172872424125671387e-02,-2.222100459039211273e-02,-1.542479544878005981e-02,2.380724251270294189e-02,4.396340344101190567e-03,2.763950964435935020e-03,-8.402958512306213379e-03,3.254522383213043213e-02,1.974592544138431549e-02,-3.240847960114479065e-02,-9.743055328726768494e-03,1.299074105918407440e-02,-1.862462051212787628e-02,-4.936481360346078873e-03,-1.201301719993352890e-02,3.158801048994064331e-02,-1.975960098206996918e-02,1.882973685860633850e-02,1.914425007998943329e-02,5.288599058985710144e-03,-1.185576058924198151e-02,8.539702743291854858e-03,-9.572125039994716644e-03,2.349272929131984711e-02,2.105867490172386169e-02,-1.825541025027632713e-03,-7.267977576702833176e-03,-9.161891415715217590e-03,1.632731035351753235e-02,-2.111337333917617798e-02,2.717799739912152290e-03,6.848171353340148926e-02,3.054875321686267853e-02,1.051224418915808201e-03,-1.652900828048586845e-03,2.663102000951766968e-03,5.292017478495836258e-03,1.721614971756935120e-02,-1.033789478242397308e-02,-1.580255222506821156e-03,2.168769948184490204e-02,-2.198853902518749237e-02,1.450860686600208282e-02,-9.999452158808708191e-04,-4.057897254824638367e-03,-4.023027420043945312e-02,-1.141133997589349747e-02,-1.977669307962059975e-03,-1.815968938171863556e-02,-9.531101211905479431e-03,-8.204678073525428772e-03,-1.273776311427354813e-02,2.068262780085206032e-03,-4.474968183785676956e-03,-1.341464929282665253e-02,8.259376510977745056e-03,-4.683503881096839905e-03,6.348370108753442764e-03,2.260388992726802826e-02,-3.331441432237625122e-03,-8.047422394156455994e-03,-1.372232474386692047e-02,-5.107412580400705338e-03,-1.275827549397945404e-02,-2.387561462819576263e-02,3.949185088276863098e-02,8.594401180744171143e-03,-7.021837402135133743e-03,1.903485506772994995e-02,7.821793667972087860e-03,-1.086436212062835693e-02,-5.102284485474228859e-04,-1.339242793619632721e-03,-1.932201720774173737e-02,7.343187462538480759e-03,-5.278343334794044495e-03,-1.172585319727659225e-02,2.608831273391842842e-04,5.032202694565057755e-03,-1.034985994920134544e-03,-9.968684054911136627e-03,-4.365572705864906311e-03,1.120622362941503525e-02,-1.344199851155281067e-02,4.338223952800035477e-03,2.213895693421363831e-02,1.578033156692981720e-02,2.157830446958541870e-02,-2.261756360530853271e-02,1.787252537906169891e-02,-1.835113018751144409e-02,1.175149227492511272e-03,2.228937577456235886e-03,6.950046401470899582e-03,4.109176341444253922e-03,5.811647512018680573e-03,-1.080282684415578842e-02,1.733922027051448822e-02,1.729819737374782562e-02,1.237539015710353851e-02,-2.040913794189691544e-03,1.135664246976375580e-02,1.671019569039344788e-02,8.191004395484924316e-03,-5.220226943492889404e-03,-1.809131540358066559e-02,9.920823387801647186e-03,1.999890431761741638e-03,-8.080753614194691181e-04,8.929424919188022614e-03,-1.762638427317142487e-02,2.235774882137775421e-03,-2.396449912339448929e-03,-3.333834558725357056e-02,9.127704426646232605e-03,9.606311097741127014e-03,-4.575475677847862244e-02,-1.342832390218973160e-02,-1.124938353314064443e-04,2.507554832845926285e-03,1.147971302270889282e-02,2.579003944993019104e-02,1.789987273514270782e-02,1.970490254461765289e-02,-3.160510445013642311e-03,2.743097580969333649e-02,-3.249052539467811584e-02,-6.803045980632305145e-03,-1.091905962675809860e-02,-3.413146361708641052e-02,-1.454962976276874542e-02,-4.998016636818647385e-03,-1.560256350785493851e-02,3.128717467188835144e-02,-7.206442765891551971e-03,-2.212528325617313385e-02,-3.623732924461364746e-02,-3.066498553380370140e-03,3.142391890287399292e-02,-5.229115113615989685e-02,3.011116944253444672e-02,2.602250501513481140e-02,-2.295942604541778564e-02,-9.442217648029327393e-03,-1.332405605353415012e-03,-1.735015958547592163e-01,1.439921092242002487e-02,1.486414298415184021e-02,-6.095392629504203796e-03,4.033967107534408569e-02,8.491842076182365417e-03,3.350243717432022095e-02,1.564358733594417572e-02,-7.185930851846933365e-03,8.635424077510833740e-03,1.464535109698772430e-02,-6.970558315515518188e-03,-3.350243717432022095e-02,3.876710543408989906e-03,1.137031707912683487e-02,1.446758303791284561e-02,-3.462374210357666016e-02,6.119322963058948517e-03,1.041994150727987289e-02,2.319189161062240601e-02,3.604588657617568970e-02,1.766740716993808746e-02,2.408415079116821289e-03,-6.413323804736137390e-03,5.374064203351736069e-03,2.648743800818920135e-02,3.259650431573390961e-03,1.947243697941303253e-02,-6.666301283985376358e-03,-2.041597478091716766e-02,4.895457997918128967e-03,-2.087065018713474274e-03,4.192590713500976562e-02,2.081253379583358765e-02,1.483679376542568207e-02,1.047463994473218918e-02,-1.449493225663900375e-02,-2.663785591721534729e-02,-1.796482712961733341e-03,1.400265097618103027e-02,4.854434728622436523e-02,9.182402864098548889e-03,-4.113022296223789454e-04,-2.606352791190147400e-02,-1.357874274253845215e-02,3.962859883904457092e-02,2.126379124820232391e-02,4.803155548870563507e-03,1.562991179525852203e-02,-2.364314906299114227e-02,1.783150061964988708e-02,6.799627095460891724e-03,-1.182841137051582336e-02,1.453595515340566635e-02,3.899957239627838135e-02,2.825144305825233459e-02,-1.766740716993808746e-02,2.800530195236206055e-02,-8.922588080167770386e-03,-1.974592544138431549e-02,-8.505516685545444489e-03,-1.666917279362678528e-02,9.633660316467285156e-03,-1.165064331144094467e-02,8.813192136585712433e-03,-2.540715411305427551e-02,-8.949936367571353912e-03,-1.422144286334514618e-02,-1.896648108959197998e-02,-5.565506871789693832e-03,-2.032025344669818878e-02,-1.610851846635341644e-02,8.990960195660591125e-03,-6.632115226238965988e-03,1.914425007998943329e-02,-2.186546847224235535e-02,-2.915395796298980713e-02,1.594442501664161682e-02,1.445390842854976654e-02,6.649208255112171173e-03,-1.463167648762464523e-02,3.574505075812339783e-02,6.081718020141124725e-03,1.546581927686929703e-02,3.917734138667583466e-03,-1.117203757166862488e-02,-2.167402533814311028e-03,-3.856198862195014954e-03,1.296510105021297932e-03,1.811866532079875469e-03,9.325984865427017212e-03,-1.523335278034210205e-02,-2.004676498472690582e-02,-2.792325615882873535e-02,9.736218489706516266e-03,1.501456182450056076e-02,1.664182357490062714e-02,2.237484091892838478e-03,5.281761754304170609e-03,8.409795351326465607e-03,-3.815175499767065048e-03,5.705669987946748734e-03,-3.019321709871292114e-02,3.065814822912216187e-02,7.062860764563083649e-03,-3.880129195749759674e-03,3.304092446342110634e-03,1.152073591947555542e-02,3.136922046542167664e-02,7.726072333753108978e-03,-3.161536157131195068e-02,-3.014792164321988821e-04,2.863432839512825012e-02,-3.743384499102830887e-03,-5.380046786740422249e-04,2.814204804599285126e-02,-1.666917279362678528e-02,-1.891178451478481293e-02,3.022056631743907928e-02,-4.129688069224357605e-02,5.792503058910369873e-02,1.945876330137252808e-02,-2.643273957073688507e-02,9.442217648029327393e-03,-3.661337774246931076e-03,-2.950949408113956451e-02,-1.300715059041976929e-01,-1.513763144612312317e-02,2.073048800230026245e-02,9.606311097741127014e-03,1.042677927762269974e-02,2.269961126148700714e-02,-2.787881297990679741e-03,1.431716419756412506e-02,-3.768682479858398438e-02,1.063189562410116196e-02,3.510918701067566872e-03,-2.517468854784965515e-02,-1.165748108178377151e-02,-4.122850950807332993e-03,2.476445399224758148e-02,1.273092627525329590e-02,4.857853520661592484e-03,-1.695633493363857269e-02,-1.368130184710025787e-02,2.569431811571121216e-02,-3.234010888263583183e-03,1.169850397855043411e-02,-1.789987273514270782e-02,-3.306485339999198914e-02,-9.852451272308826447e-03,8.874727413058280945e-03,-1.944508776068687439e-02,3.497928008437156677e-02,3.224438801407814026e-02,-1.064557023346424103e-02,1.329841651022434235e-02,-4.102339036762714386e-03,1.516498066484928131e-02,-8.286725729703903198e-03,-7.158582098782062531e-03,-2.797795459628105164e-02,-3.853464126586914062e-02,-8.314074017107486725e-03,-8.293562568724155426e-03,-4.917337372899055481e-02,2.373887039721012115e-02,2.052537165582180023e-02,-2.349272929131984711e-02,-7.753421086817979813e-03,7.110721431672573090e-03,-6.170601700432598591e-04,3.562198020517826080e-03,3.694840148091316223e-02,3.522542119026184082e-02,-1.892203930765390396e-03,-2.600883133709430695e-02,-2.871637418866157532e-02,-1.490516588091850281e-02,-1.214976143091917038e-02,6.570579949766397476e-03,-5.563797894865274429e-04,6.560324225574731827e-03,4.146781284362077713e-03,3.404941642656922340e-03,3.656551614403724670e-02,-2.006043866276741028e-02,1.335995178669691086e-02,6.546649616211652756e-03,4.501633718609809875e-02,1.530172582715749741e-02,-2.239877171814441681e-02,-1.921262219548225403e-02,-1.635465957224369049e-02,2.157830446958541870e-02,-2.548920176923274994e-02,2.793009392917156219e-03,2.600883133709430695e-02,1.281981007196009159e-03,3.631937876343727112e-02,-2.811469882726669312e-02,3.873291891068220139e-03,-1.155492197722196579e-02,-1.973225176334381104e-02,1.183524914085865021e-02,-2.408073097467422485e-02,-2.738995105028152466e-02,-1.809131540358066559e-02,3.366653248667716980e-02,-7.302164100110530853e-03,5.393208563327789307e-02,-3.959184687118977308e-04,1.989634521305561066e-02,6.454347167164087296e-03,-1.575298234820365906e-02,-4.652736242860555649e-03,-8.293562568724155426e-03,3.451434895396232605e-02,2.241244725883007050e-02,-2.666520513594150543e-02,-2.078518643975257874e-02,2.223809715360403061e-03,-1.451202551834285259e-03,-2.521571144461631775e-02,-4.707434214651584625e-03,-1.121306046843528748e-02,-1.269674021750688553e-02,-1.521284109912812710e-03,-4.099604487419128418e-02,2.808734960854053497e-02,-3.809705749154090881e-02,-7.076535373926162720e-03,1.524702738970518112e-02,-1.501456182450056076e-02,1.266939099878072739e-02,-1.158910803496837616e-02,-9.531101211905479431e-03,-2.243979647755622864e-02,-5.257831420749425888e-03,1.768108271062374115e-02,-2.888046763837337494e-02,1.330525334924459457e-02,-2.341068349778652191e-02,9.893475100398063660e-03,9.688357822597026825e-03,-1.037208084017038345e-02,-2.388758002780377865e-04,3.770733484998345375e-03,1.731187105178833008e-02,-1.921262219548225403e-02,-1.019431278109550476e-02,1.384539529681205750e-02,-1.087803672999143600e-02,1.848787628114223480e-02,-1.911690086126327515e-02,2.841553650796413422e-02,-3.415197366848587990e-03,-2.588576078414916992e-02,6.307346746325492859e-03,-2.520203776657581329e-02,1.100110635161399841e-02,5.486878566443920135e-03,2.529775910079479218e-02,-1.884341239929199219e-02,-5.510808899998664856e-03,1.108999084681272507e-02,3.005647286772727966e-02,2.670622803270816803e-02,-2.066211588680744171e-02,-3.249052539467811584e-02,1.483679376542568207e-02,-2.576269023120403290e-02,3.625869576353579760e-04,-8.874727413058280945e-03,1.022166199982166290e-02,1.512395776808261871e-02,1.937671564519405365e-02,-2.764976583421230316e-02,3.013851866126060486e-02,4.310191050171852112e-02,-8.012381149455904961e-04,-4.830504301935434341e-03,-2.983768098056316376e-02,-1.676489226520061493e-02,2.250816859304904938e-02,3.883547848090529442e-03,-2.038862556219100952e-02,-2.207058481872081757e-02,4.189855977892875671e-02,2.209793403744697571e-02,-4.898876883089542389e-03,-3.808338195085525513e-03,-6.950046401470899582e-03,1.974592544138431549e-02,4.283953167032450438e-04,-2.941719023510813713e-03,4.960411693900823593e-03,8.862761897034943104e-04,-1.939038932323455811e-02,2.330128662288188934e-02,1.399923232384026051e-03,2.254919148981571198e-02,9.114030748605728149e-03,4.057897254824638367e-03,-2.550287544727325439e-02,-1.467270031571388245e-02,-3.259992226958274841e-02,1.323859090916812420e-03,-1.692214980721473694e-03,4.454456735402345657e-03,-2.778651192784309387e-02,1.399581413716077805e-02,8.341423235833644867e-03,8.218352682888507843e-03,-4.577526822686195374e-03,-1.439921092242002487e-02,2.015615999698638916e-02,1.267622876912355423e-02,-9.626822546124458313e-03,9.120867587625980377e-03,3.093163855373859406e-02,7.794444449245929718e-03,-5.862926598638296127e-03,-2.582764485850930214e-03,-1.619056612253189087e-02,6.102229468524456024e-03,-5.661228206008672714e-03,1.256683282554149628e-02,-1.152757368981838226e-02,2.094927988946437836e-02,-2.962230704724788666e-03,5.746693816035985947e-03,-8.013236336410045624e-03,-2.174239838495850563e-03,-1.610851846635341644e-02,-1.459749066270887852e-03,-1.180106215178966522e-02,-6.252648774534463882e-03,-9.649043786339461803e-04,-2.291840128600597382e-02,-1.805029250681400299e-02,2.444310579448938370e-03,-1.605382189154624939e-02,-1.693283265922218561e-04,1.680591702461242676e-02,1.086436212062835693e-02,5.777460988610982895e-03,3.738598525524139404e-02,7.712397724390029907e-03,1.873401575721800327e-03,3.038465976715087891e-02,1.281297300010919571e-02,1.501456182450056076e-02,3.228989589842967689e-05,-3.924571350216865540e-02,-2.368417195975780487e-02,5.903949961066246033e-03,-3.746803151443600655e-03,-2.155437367036938667e-03,-1.264887955039739609e-02,-4.039436578750610352e-02,-1.048147678375244141e-02,-6.129578687250614166e-03,1.743494160473346710e-02,-9.223425760865211487e-03,4.682136699557304382e-02,-2.879842184484004974e-02,4.523512721061706543e-02,2.670622803270816803e-02,-2.754037082195281982e-02,-1.579400524497032166e-02,-1.374967396259307861e-02,1.195148192346096039e-02,-6.163764744997024536e-03,-1.297022961080074310e-02,-9.319147095084190369e-03,-6.898767314851284027e-03,5.045877303928136826e-03,-1.923997141420841217e-02,1.452228054404258728e-02,-3.832268528640270233e-03,-2.926335297524929047e-02,7.548304274678230286e-03,2.028948627412319183e-03,-3.032312495633959770e-03,-6.191113498061895370e-03,3.525276854634284973e-02,3.588179498910903931e-02,-5.052714608609676361e-03,3.746803104877471924e-02,2.393031306564807892e-02,-1.736656948924064636e-02,-2.420380152761936188e-02,6.857743952423334122e-03,-9.066170081496238708e-03,3.440837142989039421e-03,-1.789987273514270782e-02,9.763567708432674408e-03,1.923997141420841217e-02,-2.811469882726669312e-02,-6.550068501383066177e-03,1.661447435617446899e-02,-1.902459887787699699e-03,-8.854215964674949646e-03,-2.230305038392543793e-02,4.741620272397994995e-03,1.526070199906826019e-02,1.578033156692981720e-02,4.025762155652046204e-02,-2.300044894218444824e-02,-3.136922046542167664e-02,4.917337372899055481e-02,-2.248081937432289124e-02,5.985996685922145844e-03,-3.056242829188704491e-03,-3.599118813872337341e-02
-2.874975325539708138e-03,7.159285712987184525e-03,-3.475563600659370422e-03,-2.230025362223386765e-03,6.098018959164619446e-03,2.858254313468933105e-02,-1.343133859336376190e-02,-2.844604663550853729e-02,-1.187526900321245193e-02,-1.598383858799934387e-02,1.793575100600719452e-02,8.326337672770023346e-03,1.150672603398561478e-02,-2.994751743972301483e-02,-5.910335108637809753e-03,2.377783693373203278e-02,3.079380095005035400e-02,-1.764910668134689331e-02,1.033967360854148865e-02,-1.685742102563381195e-02,-4.251892212778329849e-03,7.750489749014377594e-04,4.258716944605112076e-03,-2.054285071790218353e-02,-6.777092814445495605e-03,8.380936458706855774e-03,8.449185639619827271e-03,-3.977532684803009033e-02,2.133453451097011566e-02,2.375373696850147098e-05,4.439576063305139542e-03,-1.607938669621944427e-02,-4.719395656138658524e-03,-6.108256056904792786e-03,-1.614763587713241577e-02,-2.803655341267585754e-02,-2.463776990771293640e-02,-2.239921316504478455e-02,2.294520288705825806e-02,4.636644152924418449e-04,1.893218047916889191e-02,4.466875456273555756e-03,2.345024421811103821e-02,1.071504130959510803e-02,-3.327805176377296448e-02,-1.335114589892327785e-03,-5.480368155986070633e-03,-9.261344559490680695e-03,-3.819195553660392761e-02,2.278140559792518616e-02,1.304914616048336029e-02,-5.182633176445960999e-04,-4.073080793023109436e-02,-2.321819774806499481e-02,2.467872016131877899e-02,5.159599706530570984e-03,-1.649058540351688862e-03,9.261344559490680695e-03,-2.765777288004755974e-03,-5.545204621739685535e-04,1.134975440800189972e-02,8.210315369069576263e-03,-1.594289019703865051e-02,1.628413237631320953e-02,-5.091350991278886795e-03,-4.456638358533382416e-03,-2.956532500684261322e-02,1.748530939221382141e-02,7.682241266593337059e-04,9.162384085357189178e-04,1.231888495385646820e-02,3.628099337220191956e-02,-4.838830791413784027e-03,-1.680282317101955414e-02,3.927710931748151779e-03,-3.011131286621093750e-02,-1.470076385885477066e-02,-1.975116506218910217e-02,-4.733045119792222977e-03,-7.964619435369968414e-03,7.166110444813966751e-03,-1.991496235132217407e-02,-2.593449503183364868e-02,7.254833821207284927e-03,7.254833821207284927e-03,-1.172512210905551910e-02,-1.749895885586738586e-02,2.489711530506610870e-02,2.959262393414974213e-02,-9.247695095837116241e-03,1.973751559853553772e-02,6.845341529697179794e-03,1.361561007797718048e-02,3.745486959815025330e-02,-2.669887989759445190e-02,-1.874108426272869110e-02,-1.156132481992244720e-02,2.091139182448387146e-02,-1.950547099113464355e-02,-9.554813615977764130e-03,1.043522171676158905e-02,-3.183800494298338890e-03,-1.691202074289321899e-02,5.029927007853984833e-03,-2.742231637239456177e-02,-1.635408727452158928e-03,-7.718924898654222488e-03,-1.636603102087974548e-02,1.063996739685535431e-02,-4.073080793023109436e-02,-9.507039561867713928e-03,3.057540394365787506e-02,1.919493894092738628e-03,-3.914743661880493164e-02,1.337673980742692947e-02,7.377681322395801544e-03,1.525357831269502640e-03,2.495342050679028034e-05,-3.063000366091728210e-02,-3.434273228049278259e-02,-8.148890919983386993e-03,1.755355857312679291e-02,2.596179395914077759e-02,-1.222333684563636780e-02,8.032015175558626652e-04,1.886393316090106964e-02,1.991154858842492104e-03,-2.436477504670619965e-02,-1.480996143072843552e-02,-1.837254129350185394e-02,4.075810685753822327e-02,1.385448034852743149e-02,2.828224934637546539e-02,-1.057171914726495743e-02,1.304914616048336029e-02,3.409703448414802551e-02,-2.112978883087635040e-02,6.166267208755016327e-03,-1.244855765253305435e-02,-3.608989715576171875e-02,1.360878534615039825e-02,1.004620455205440521e-02,-1.125420536845922470e-02,-2.501313807442784309e-03,8.940575644373893738e-03,1.493280939757823944e-02,2.299980260431766510e-02,2.424192801117897034e-02,-7.500528823584318161e-03,-3.158548474311828613e-02,1.898678019642829895e-02,-1.832050329539924860e-04,1.375893224030733109e-02,3.869699547067284584e-03,2.473331801593303680e-02,7.452754769474267960e-03,-6.022945046424865723e-03,1.930072344839572906e-02,-1.305255864281207323e-04,-6.671307608485221863e-03,3.740027081221342087e-03,-1.947817020118236542e-02,2.231731452047824860e-02,1.778560318052768707e-02,-1.631143316626548767e-02,1.504200696945190430e-02,2.246746234595775604e-02,4.494174849241971970e-03,3.156501101329922676e-03,-2.192147262394428253e-02,3.679968416690826416e-02,2.566150017082691193e-02,-2.280870638787746429e-02,2.022890560328960419e-02,1.879568397998809814e-02,1.602478884160518646e-02,2.926502935588359833e-02,2.126628533005714417e-02,-2.081584371626377106e-02,-1.367703359574079514e-02,-2.777720987796783447e-02,2.310900017619132996e-02,4.733727872371673584e-02,2.478791773319244385e-02,-1.261747325770556927e-03,-1.270107738673686981e-02,2.045753877609968185e-03,1.276932656764984131e-02,7.254833821207284927e-03,-8.128416724503040314e-03,3.273206204175949097e-02,2.284965477883815765e-02,-1.038062293082475662e-02,2.777720801532268524e-03,-6.106345057487487793e-01,-1.224381197243928909e-02,-1.455402933061122894e-03,-2.156657911837100983e-02,3.467032313346862793e-02,-9.343243204057216644e-03,2.690362557768821716e-02,2.242651395499706268e-02,-1.934167370200157166e-02,-9.800509549677371979e-03,-8.107942529022693634e-03,2.085679396986961365e-02,-1.587464101612567902e-02,-2.381878532469272614e-02,-9.063423611223697662e-03,-1.838619261980056763e-02,-4.610197618603706360e-03,-2.566150017082691193e-02,-2.885553799569606781e-02,9.677661582827568054e-03,-2.589354664087295532e-02,2.141643315553665161e-02,-1.588829047977924347e-02,-1.133610401302576065e-02,-1.188209373503923416e-02,7.596076931804418564e-03,3.308695554733276367e-02,1.979211531579494476e-02,-4.722808022052049637e-03,6.872640922665596008e-03,-3.120329231023788452e-02,3.144898638129234314e-02,-1.048982050269842148e-02,1.923247613012790680e-02,3.256826475262641907e-02,-1.239395886659622192e-02,-4.455273225903511047e-02,2.654873207211494446e-02,7.657500915229320526e-03,3.868334740400314331e-02,-3.696348145604133606e-02,3.764340654015541077e-04,6.128730718046426773e-03,-1.003255415707826614e-02,-8.317806641571223736e-04,-1.932802423834800720e-02,2.276775613427162170e-02,-5.280741024762392044e-04,-1.126956194639205933e-03,-3.001235192641615868e-03,2.236850094050168991e-03,9.240870364010334015e-03,2.953461138531565666e-03,2.667158097028732300e-02,9.097548201680183411e-03,9.732260368764400482e-03,2.822764962911605835e-02,-2.376418747007846832e-02,-1.388177927583456039e-02,2.074759686365723610e-03,-8.851852267980575562e-03,3.546201065182685852e-02,-6.674719974398612976e-03,-2.799901645630598068e-03,-1.395002845674753189e-02,1.784020289778709412e-02,4.329525108914822340e-05,4.572660848498344421e-02,2.111613936722278595e-02,-3.240446746349334717e-02,-8.845027536153793335e-03,1.890488155186176300e-02,1.109723374247550964e-02,-2.978372015058994293e-02,2.016065828502178192e-02,1.100168563425540924e-02,2.388703450560569763e-02,-3.944773226976394653e-02,1.400462724268436432e-02,-3.654716303572058678e-03,-4.152931738644838333e-03,-1.947817020118236542e-02,-1.953276991844177246e-02,1.453696656972169876e-02,2.443302422761917114e-02,-3.191307932138442993e-02,-3.641749173402786255e-02,-2.877363935112953186e-02,-1.212778873741626740e-02,-1.316516846418380737e-02,6.504098419100046158e-03,2.076124586164951324e-02,1.158521161414682865e-03,-8.442360907793045044e-03,1.149990130215883255e-02,-6.780505646020174026e-03,-1.946452073752880096e-02,1.899019232951104641e-03,-3.455088939517736435e-03,3.013861365616321564e-02,-8.442360907793045044e-03,-5.910335108637809753e-03,2.918313257396221161e-02,1.377258170396089554e-02,1.677552238106727600e-02,1.748530939221382141e-02,-2.650778368115425110e-02,8.360462263226509094e-03,-1.546685467474162579e-03,-3.316885232925415039e-02,3.881643060594797134e-04,7.234359160065650940e-03,-9.909707121551036835e-03,-1.691713929176330566e-03,-6.695194635540246964e-03,-2.264490909874439240e-02,1.800400018692016602e-02,6.804392673075199127e-03,1.057854387909173965e-02,-2.276775613427162170e-02,7.439105305820703506e-03,9.350067935883998871e-03,2.418732829391956329e-02,-1.275567617267370224e-02,1.793575100600719452e-02,2.493806369602680206e-02,5.709001328796148300e-03,-2.682172693312168121e-02,-1.201859116554260254e-02,2.477426780387759209e-03,-1.225746143609285355e-02,4.043733701109886169e-03,1.015540212392807007e-02,-1.353029860183596611e-03,4.228687658905982971e-02,-1.201176643371582031e-02,-1.139070279896259308e-02,-2.230366505682468414e-02,2.394163422286510468e-02,-2.658968232572078705e-02,1.906867884099483490e-02,-1.152720022946596146e-02,2.188052423298358917e-02,7.840066100470721722e-04,9.568464010953903198e-03,-3.641749173402786255e-02,-1.487821061164140701e-02,-1.718501560389995575e-02,-4.687318578362464905e-02,2.037905342876911163e-02,-1.425032224506139755e-02,4.965090658515691757e-03,-3.936583176255226135e-02,-2.918313257396221161e-02,-4.866130184382200241e-03,-1.203906536102294922e-02,-3.110433230176568031e-03,-2.488346584141254425e-02,1.047617103904485703e-02,-2.014700695872306824e-02,-3.037065966054797173e-03,1.076964009553194046e-02,2.782839583232998848e-03,-4.305126145482063293e-02,-1.103581022471189499e-02,-2.310900017619132996e-02,2.096940297633409500e-03,5.886448081582784653e-03,-1.778560318052768707e-02,-1.752625778317451477e-02,4.599960520863533020e-03,4.142694175243377686e-03,-1.313104387372732162e-02,3.761866688728332520e-02,-2.351849153637886047e-02,3.272523870691657066e-03,-2.657603286206722260e-02,-1.919152587652206421e-02,-3.267405088990926743e-03,1.264647860080003738e-02,2.106153964996337891e-02,-2.536120638251304626e-02,-2.104789018630981445e-02,-1.475536264479160309e-02,1.722425804473459721e-03,1.026289421133697033e-03,-5.582741461694240570e-03,4.362455010414123535e-02,-2.175767719745635986e-02,1.004620455205440521e-02,8.544733747839927673e-03,3.289585933089256287e-02,-3.188919043168425560e-03,2.380172489210963249e-03,-9.227219969034194946e-03,-3.122376743704080582e-03,1.214826386421918869e-02,2.542945556342601776e-02,2.992021664977073669e-02,2.011970803141593933e-02,9.077073074877262115e-03,-8.189840242266654968e-03,2.192147262394428253e-02,-1.083788927644491196e-02,1.304914616048336029e-02,-1.745801046490669250e-02,2.059744857251644135e-02,-6.480211392045021057e-03,2.010605856776237488e-02,2.874634042382240295e-02,-1.566989533603191376e-02,-2.411908097565174103e-02,-3.011131286621093750e-02,-6.705431733280420303e-03,1.251680590212345123e-02,1.407287549227476120e-02,2.625867724418640137e-03,-1.457109116017818451e-03,-2.323867287486791611e-03,-9.773209691047668457e-03,-8.831378072500228882e-03,-7.548302877694368362e-03,3.109409473836421967e-02,-5.749950651079416275e-03,-4.316728562116622925e-03,2.759976312518119812e-02,-1.647352240979671478e-03,3.589880187064409256e-03,1.020317617803812027e-02,-2.477426826953887939e-02,-5.941046867519617081e-03,-1.827699318528175354e-02,-2.187369856983423233e-03,2.859619213268160820e-03,7.166110444813966751e-03,1.056489441543817520e-02,8.264914155006408691e-03,-1.440046913921833038e-02,3.065730258822441101e-02,-1.636603102087974548e-02,-5.517905112355947495e-03,8.537909016013145447e-03,1.132927928119897842e-02,-1.040792185813188553e-02,-1.166369765996932983e-02,-5.657174915540963411e-05,2.446032315492630005e-02,1.730786263942718506e-02,-1.231888495385646820e-02,-7.521003484725952148e-03,-2.571268705651164055e-03,9.718610905110836029e-03,-3.095759637653827667e-02,-1.465981453657150269e-02,-2.208526991307735443e-02,-2.028350532054901123e-02,-3.439733060076832771e-03,1.527405250817537308e-02,1.721231453120708466e-02,2.918313257396221161e-02,6.340301595628261566e-03,1.598725095391273499e-03,-7.589252199977636337e-03,7.766698952764272690e-03,4.575390741229057312e-02,-2.736771712079644203e-03,-3.733202349394559860e-03,-1.805859804153442383e-02,-1.083106361329555511e-02,2.494488842785358429e-03,-6.292527541518211365e-03,-9.302293881773948669e-03,1.091978698968887329e-02,-1.233253441751003265e-02,-1.176607050001621246e-02,9.957481175661087036e-03,-1.160227414220571518e-02,1.817120821215212345e-03,6.166267208755016327e-03,1.132927928119897842e-02,-3.390593826770782471e-02,-3.172198310494422913e-02,1.244173292070627213e-02,3.729789750650525093e-03,-1.036697346717119217e-02,-1.602478884160518646e-02,-2.907393313944339752e-02,-2.627573907375335693e-02,-2.433747611939907074e-02,-1.624318421818315983e-03,-1.541054993867874146e-02,2.709472179412841797e-02,8.640281856060028076e-03,-1.126103103160858154e-02,8.428710862062871456e-04,-2.594814449548721313e-02,3.595339879393577576e-02,-3.371484205126762390e-02,-1.417013001628220081e-03,1.390225440263748169e-02,-5.825024098157882690e-03,7.282133214175701141e-03,8.285388350486755371e-03,-2.871904149651527405e-02,2.461047098040580750e-02,-1.943380921147763729e-03,1.698026992380619049e-02,-1.250998117029666901e-02,-1.403192710131406784e-02,-7.787173148244619370e-03,-8.667580783367156982e-03,1.598383858799934387e-02,-1.506930682808160782e-02,6.405137944966554642e-03,-9.677661582827568054e-03,-8.667580783367156982e-03,-2.383243665099143982e-02,2.298274077475070953e-03,1.175242103636264801e-02,-1.680623507127165794e-03,-1.114159589633345604e-03,-6.664482876658439636e-03,-2.044047694653272629e-03,1.128150522708892822e-02,9.309118986129760742e-02,5.548616871237754822e-03,1.597018912434577942e-02,2.420097775757312775e-02,9.029299020767211914e-03,2.347754314541816711e-02,-2.776355855166912079e-02,-8.121591992676258087e-03,1.794940046966075897e-02,1.139752799645066261e-03,7.316257338970899582e-03,-4.559011198580265045e-03,1.022023847326636314e-03,-9.588938206434249878e-03,3.101902082562446594e-03,2.349119260907173157e-02,-1.457791589200496674e-02,-6.193567067384719849e-03,-4.726220504380762577e-04,7.316257338970899582e-03,-2.295885235071182251e-02,-4.794469103217124939e-03,-1.182749494910240173e-02,5.746538285166025162e-03,-9.602801583241671324e-05,4.040321335196495056e-03,9.281819686293601990e-03,1.627048291265964508e-02,3.155818581581115723e-02,7.650676183402538300e-03,-2.629280090332031250e-03,2.620748942717909813e-03,2.074759686365723610e-03,1.576544344425201416e-02,6.841929163783788681e-03,7.596076931804418564e-03,7.507354021072387695e-03,2.738136611878871918e-02,-4.276205800124444067e-05,-3.136708959937095642e-02,7.500528823584318161e-03,9.111197665333747864e-03,1.364973373711109161e-02,-1.906867884099483490e-02,1.476901210844516754e-02,-8.838202804327011108e-03,-2.567514963448047638e-02,2.637128718197345734e-02,-3.327122656628489494e-03,-1.669362559914588928e-02,3.699078038334846497e-02,9.855108335614204407e-03,-2.769531123340129852e-02,-1.220968738198280334e-02,-9.083897806704044342e-03,1.526040304452180862e-02,-6.671307608485221863e-03,1.446871832013130188e-02,-6.125318352133035660e-03,2.083290601149201393e-03,-2.407813072204589844e-02,-4.430703818798065186e-02,5.599803291261196136e-03,4.582898225635290146e-03,-2.062474749982357025e-02,4.412276670336723328e-03,9.170915000140666962e-04,-9.623062796890735626e-03,1.735222409479320049e-03,3.808275796473026276e-03,-3.589880093932151794e-02,1.455061696469783783e-02,-1.152037549763917923e-02,1.404557656496763229e-02,3.584420308470726013e-02,2.072029560804367065e-02,-5.910335108637809753e-03,-1.542419940233230591e-02,2.009240910410881042e-02,-1.957371830940246582e-02,3.995959646999835968e-03,-7.473229430615901947e-03,2.403718233108520508e-02,1.193669252097606659e-02,-6.142380181699991226e-03,2.309535071253776550e-02,-6.309589836746454239e-03,-1.108358427882194519e-02,-7.411805447190999985e-03,2.039270289242267609e-02,1.812684722244739532e-02,4.922435618937015533e-04,7.916846079751849174e-04,1.808589790016412735e-03,-6.210628896951675415e-03,-2.102059125900268555e-02,3.472492471337318420e-02,-1.557434629648923874e-02,-1.069456711411476135e-02,-2.215351909399032593e-02,-1.416842453181743622e-02,2.115708775818347931e-02,7.370856590569019318e-03,6.381250917911529541e-03,1.083106361329555511e-02,1.141800265759229660e-02,-1.636603102087974548e-02,1.012127753347158432e-02,-9.341536788269877434e-04,-2.441937476396560669e-02,1.934167370200157166e-02,-1.677552238106727600e-02,-2.078172052279114723e-03,-2.780450880527496338e-02,-1.625171513296663761e-03,3.985722362995147705e-02,2.009923337027430534e-03,3.150358796119689941e-02,3.319615498185157776e-02,-1.269425265491008759e-02,-6.848753895610570908e-03,-2.676712907850742340e-02,1.339038927108049393e-02,-1.545149926096200943e-02,-1.743070967495441437e-02,4.412276670336723328e-03,-9.773209691047668457e-03,-1.999686099588871002e-02,-5.425769370049238205e-03,8.906451985239982605e-03,-1.363608427345752716e-02,-2.629280090332031250e-03,1.737611182034015656e-02,4.289002390578389168e-04,-3.720917552709579468e-02,-1.530135236680507660e-02,-8.790428750216960907e-03,1.260552927851676941e-02,-3.835575282573699951e-02,9.916531853377819061e-03,-1.542419940233230591e-02,2.100352896377444267e-03,3.804863430559635162e-03,-3.390593826770782471e-02,4.286016337573528290e-03,-3.745486959815025330e-02,-1.610668608918786049e-03,7.780348416417837143e-03,1.494645886123180389e-02,4.769217222929000854e-02,-2.286330424249172211e-02,-3.955010324716567993e-03,-1.302867103368043900e-02,1.561529561877250671e-02,3.456795122474431992e-03,-1.146577671170234680e-02,-2.291790395975112915e-02,-9.472915902733802795e-03,3.005671501159667969e-02,1.748530939221382141e-02,3.270476311445236206e-02,-1.422302331775426865e-02,1.399097777903079987e-02,2.629280090332031250e-03,4.973621689714491367e-04,-1.270790211856365204e-02,8.292213082313537598e-03,-2.390068396925926208e-02,-1.400462724268436432e-02,2.222176641225814819e-02,4.681858792901039124e-02,1.470076385885477066e-02,-1.367703359574079514e-02,-2.616653963923454285e-02,8.312688209116458893e-03,2.542945556342601776e-02,9.179445914924144745e-03,-6.886290851980447769e-03,-5.462623760104179382e-02,-2.055650018155574799e-02,-4.820062313228845596e-04,-6.429024972021579742e-03,2.412590431049466133e-03,-3.762207925319671631e-04,-9.520689956843852997e-03,-1.372651429846882820e-03,5.317936465144157410e-02,2.390068396925926208e-02,8.701705373823642731e-03,-3.028534818440675735e-03,2.029715478420257568e-02,-1.034649834036827087e-02,4.785596951842308044e-02,-5.978583358228206635e-03,-2.070664614439010620e-02,-3.661541268229484558e-03,3.087569959461688995e-02,3.204957768321037292e-02,-8.578858338296413422e-03,1.351323723793029785e-02,1.373845711350440979e-02,5.470131058245897293e-03,-1.087883859872817993e-02,-1.599748805165290833e-02,-1.684377156198024750e-02,3.068460151553153992e-02,-1.698026992380619049e-02,-1.486456021666526794e-02,-1.626877696253359318e-03,-1.386130508035421371e-02,4.504412412643432617e-03,-1.974092796444892883e-03,-5.601850897073745728e-02,-2.983831800520420074e-02,4.829275980591773987e-02,-3.538693534210324287e-03,-2.422827854752540588e-02,1.246220711618661880e-02,-1.318564359098672867e-02,-3.131249174475669861e-02,-1.878203451633453369e-02,-1.707581803202629089e-02,1.061266846954822540e-02,-1.474171318113803864e-02,2.207162044942378998e-02,5.544522032141685486e-02,1.192304305732250214e-02,-2.189417369663715363e-02,-1.463251467794179916e-02,-1.849539019167423248e-02,2.368228882551193237e-02,3.624004311859607697e-03,1.818144507706165314e-02,-2.725851908326148987e-02,-3.789933980442583561e-04,1.461886521428823471e-02,8.585683070123195648e-03,-2.542945556342601776e-02,-3.396053984761238098e-02,2.866444177925586700e-02,-2.857913030311465263e-03,-4.279191605746746063e-03,3.153088688850402832e-02,6.978426594287157059e-03,-1.521945372223854065e-02,1.652982831001281738e-02,-8.906451985239982605e-03,4.200705792754888535e-03,-2.104789018630981445e-02,-1.298089697957038879e-02,-5.947871599346399307e-03,1.885028369724750519e-02,-2.016065828502178192e-02,1.150672603398561478e-02,7.937320508062839508e-03,-9.923356585204601288e-03,-8.674406446516513824e-03,1.900725532323122025e-03,-6.930652540177106857e-03,2.208526991307735443e-02,4.773994442075490952e-03,2.759976312518119812e-02,1.639332994818687439e-02,-2.022890560328960419e-02,-1.263282913714647293e-02,9.984780102968215942e-03,-2.304075099527835846e-02,1.240078359842300415e-02,2.639517420902848244e-03,2.688997611403465271e-02,-7.432280108332633972e-03,-1.769005507230758667e-02,-1.176607050001621246e-02,1.674822345376014709e-02,4.108570050448179245e-03,-4.221180453896522522e-03,-1.293994765728712082e-02,-1.129302254412323236e-04,-1.556069683283567429e-02,-1.012810319662094116e-02,2.945612557232379913e-02,8.283682400360703468e-04,3.716140054166316986e-03,-1.702121831476688385e-02,-2.093869261443614960e-02,-3.502521663904190063e-02,-6.592821795493364334e-03,-3.763914108276367188e-03,1.386130508035421371e-02,1.444141846150159836e-02,-5.760187655687332153e-02,1.960443099960684776e-03,-3.854684904217720032e-02,3.404243662953376770e-02,-4.227152094244956970e-04,2.410884248092770576e-03,-4.167434526607394218e-04,3.996642306447029114e-02,-3.109409473836421967e-02,1.968291588127613068e-02,-2.693092636764049530e-02,2.446032315492630005e-02,-1.287169940769672394e-02,7.411805447190999985e-03,9.500214830040931702e-03,8.073817938566207886e-03,2.121168747544288635e-02,-1.778560318052768707e-02,-2.732676826417446136e-02,1.882298290729522705e-02,-1.339038927108049393e-02,-9.785153670236468315e-04,2.508138539269566536e-03,-1.830429397523403168e-02,3.248636843636631966e-03,1.049664523452520370e-02,1.732151210308074951e-02,-3.305965662002563477e-02,-3.005671501159667969e-02,1.940992288291454315e-02,-1.650252938270568848e-02,1.378623116761445999e-02,4.081270471215248108e-02,-3.284126147627830505e-02,1.773100532591342926e-02,1.079011522233486176e-02,3.726377384737133980e-03,4.875514423474669456e-04,-1.352688670158386230e-02,-2.147103101015090942e-02,-1.315834373235702515e-02,2.893743664026260376e-02,-3.748216852545738220e-02,3.026828635483980179e-03,-7.616551592946052551e-03,-2.753151394426822662e-02,-6.241341121494770050e-03,7.541478145867586136e-03,-1.122008170932531357e-02,-7.459579501301050186e-03,2.411908097565174103e-02,2.119803801178932190e-02,-1.680282317101955414e-02,1.520580425858497620e-02,8.264914155006408691e-03,4.002784378826618195e-03,-4.869542550295591354e-03,-2.256301045417785645e-02,-2.021525613963603973e-02,-1.289217360317707062e-02,-1.302184630185365677e-02,4.654559493064880371e-02,2.669887989759445190e-02,-2.358674071729183197e-02,-4.217768087983131409e-03,-2.999529009684920311e-03,-3.513441607356071472e-02,-2.581164799630641937e-02,3.596704918891191483e-03,3.598069772124290466e-02,6.865816190838813782e-03,2.189417369663715363e-02,1.837254129350185394e-02,1.438681967556476593e-02,5.023102276027202606e-03,1.442776899784803391e-02,-3.808275982737541199e-02,-1.214826363138854504e-03,1.893218047916889191e-02,-6.405137944966554642e-03,2.961992286145687103e-02,1.372651429846882820e-03,-3.543471172451972961e-02,-2.287695370614528656e-02,3.565310686826705933e-02,-2.723548386711627245e-04,6.715669296681880951e-03,6.599646527320146561e-03,1.079693995416164398e-02,1.067409198731184006e-02,-2.811845205724239349e-02,-9.534339420497417450e-03,1.294677332043647766e-02,1.718160230666399002e-03,-2.834026003256440163e-03,-2.663063071668148041e-02,1.118595711886882782e-02,7.275308482348918915e-03,1.938262209296226501e-02,-3.196767717599868774e-02,-6.572347134351730347e-03,3.507981821894645691e-02,2.070664614439010620e-02,-3.955692797899246216e-02,-7.364031393080949783e-03,-2.080219425261020660e-02,-1.485091075301170349e-02,-2.407813072204589844e-02,1.280345022678375244e-02,3.091664751991629601e-03,1.659807749092578888e-02,-7.739399094134569168e-03,-3.815100761130452156e-03,-1.437317021191120148e-02,1.301502157002687454e-02,3.241811878979206085e-03,-1.689837127923965454e-02,1.018270198255777359e-02,-1.123373117297887802e-02,-2.057697391137480736e-03,-2.170307794585824013e-03,-1.337673980742692947e-02,2.512915991246700287e-02,-2.983831800520420074e-02,-1.564259454607963562e-02,-1.721231453120708466e-02,-1.192986778914928436e-02,-2.710837125778198242e-02,2.738136611878871918e-02,4.212307929992675781e-02,-1.808589790016412735e-03,1.897313073277473450e-02,6.473386660218238831e-03,1.384083088487386703e-02,-6.402578437700867653e-04,-2.185322530567646027e-02,-4.006197210401296616e-03,-1.187526900321245193e-02,-4.118807148188352585e-03,-3.548930864781141281e-03,9.336418472230434418e-03,-2.866444177925586700e-02,-7.500528823584318161e-03,-1.967267831787467003e-03,-3.204957768321037292e-02,-1.246391329914331436e-03,1.589920967817306519e-01,-1.062973053194582462e-03,4.436163697391748428e-03,3.666318580508232117e-02,3.352374583482742310e-02,-1.243490818887948990e-02,1.874108426272869110e-02,-2.090115565806627274e-03,-1.669362559914588928e-02,-2.404059516265988350e-03,-6.585996598005294800e-03,7.903195917606353760e-03,-2.152563072741031647e-02,3.380015492439270020e-03,1.007350347936153412e-02,-4.643639549612998962e-02,-3.286856040358543396e-02,-2.779085934162139893e-02,9.785153670236468315e-04,-1.323341764509677887e-02,2.841874584555625916e-02,5.685114301741123199e-03,-2.907393313944339752e-02,-2.688997611403465271e-02,2.450127340853214264e-02,1.482361089438199997e-02,1.005985401570796967e-02,-1.117913238704204559e-02,2.668523043394088745e-02,4.739870317280292511e-03,-2.712202258408069611e-02,-2.536120638251304626e-02,1.625683344900608063e-02,-1.566989533603191376e-02,-2.485616505146026611e-02,-3.832589427474886179e-04,2.649413421750068665e-02,-1.390907913446426392e-02,2.676712907850742340e-02,1.235300954431295395e-02,4.664796870201826096e-03,1.387495454400777817e-02,9.268169291317462921e-03,-3.150358796119689941e-02,2.224906720221042633e-02,2.188052423298358917e-02,-4.835418425500392914e-03,-2.469236962497234344e-02,-1.699391938745975494e-02,1.640698127448558807e-02,-4.236877337098121643e-02,2.854500664398074150e-03,3.770056739449501038e-02,2.863714285194873810e-02,5.894979112781584263e-04,2.540556713938713074e-03,2.312264963984489441e-02,-2.938105259090662003e-03,-3.173563163727521896e-03,-8.380936458706855774e-03,1.745801046490669250e-02,1.259187981486320496e-02,-1.876838505268096924e-02,-1.793233794160187244e-03,-1.108358427882194519e-02,2.613924071192741394e-02,-3.221337124705314636e-02,-1.702121831476688385e-02,3.002941608428955078e-02,-8.735829964280128479e-03,-6.234515924006700516e-03,-1.463251467794179916e-02,-1.759450696408748627e-02,2.189417369663715363e-02,-6.459736730903387070e-03,-1.023047603666782379e-02,1.611521700397133827e-03,1.425032224506139755e-02,9.855108335614204407e-03,2.841874584555625916e-02,4.023259039968252182e-03,-2.276775613427162170e-02,-2.792735584080219269e-02,1.476901210844516754e-02,-1.353371143341064453e-02,-3.226797282695770264e-02,3.715457767248153687e-02,1.195716671645641327e-02,-9.384192526340484619e-03,1.450966764241456985e-02,1.261917967349290848e-02,-7.486879359930753708e-03,-7.889546453952789307e-03,-1.046934630721807480e-02,-2.207162044942378998e-02,1.379476278088986874e-03,7.480054162442684174e-03,1.852268911898136139e-02,-5.343870725482702255e-03,5.514492746442556381e-03,-1.734881289303302765e-02,-2.029715478420257568e-02,-1.331531535834074020e-02,2.383243665099143982e-02,-7.056912407279014587e-03,1.231888495385646820e-02,1.861823722720146179e-02,2.536120638251304626e-02,-1.283075008541345596e-02,-2.899203449487686157e-02,5.549470079131424427e-04,-2.694457583129405975e-02,9.507039561867713928e-03,-5.016277078539133072e-03,5.954696331173181534e-03,-1.457791589200496674e-02,2.126628533005714417e-02,-1.837254129350185394e-02,1.723961345851421356e-02,1.181384455412626266e-02,1.801764965057373047e-02,2.886918839067220688e-03,-4.886604845523834229e-03,1.902772858738899231e-02,7.186585105955600739e-03,-1.577909290790557861e-02,-3.243177011609077454e-02,5.917159840464591980e-03,-7.138811051845550537e-03,-5.732888355851173401e-03,1.197081711143255234e-02,-3.128518909215927124e-02,-1.489186007529497147e-02,8.142066188156604767e-03,-5.804549437016248703e-03,-6.254990585148334503e-03,6.869228556752204895e-03,-2.141643315553665161e-02,-7.445930037647485733e-03,6.961364415474236012e-04,-1.163639873266220093e-02,3.357834648340940475e-03,2.680807746946811676e-02,2.156657911837100983e-02,4.108570050448179245e-03,7.131986203603446484e-04,1.076281536370515823e-02,-7.991919293999671936e-03,-7.998744025826454163e-03,-3.478549479041248560e-04,-1.628413237631320953e-02,-2.238556370139122009e-02,6.531397812068462372e-03,-1.115183252841234207e-02,4.103109985589981079e-02,-6.300205714069306850e-04,-1.229158602654933929e-02,-3.552343230694532394e-03,2.207162044942378998e-02,3.032970987260341644e-02,-3.993912041187286377e-02,5.575916264206171036e-03,3.688840661197900772e-03,-3.202227503061294556e-02,-1.016222685575485229e-02,1.114159589633345604e-03,-1.727510392665863037e-01,2.147103101015090942e-02,2.663063071668148041e-02,-1.388177927583456039e-02,1.592923887073993683e-02,7.964619435369968414e-03,2.532025612890720367e-02,1.628413237631320953e-02,-2.229001559317111969e-02,5.711560370400547981e-04,2.029715478420257568e-02,-1.591900247149169445e-03,-1.352688670158386230e-02,-1.411382481455802917e-02,-5.948431407887255773e-06,9.445616044104099274e-03,-5.044941604137420654e-02,1.096756104379892349e-02,2.126628533005714417e-02,2.657603286206722260e-02,1.744436100125312805e-02,2.399623207747936249e-02,-5.923984572291374207e-03,-3.221337124705314636e-02,1.191621832549571991e-02,2.353214100003242493e-02,1.474171318113803864e-02,1.129515469074249268e-02,-7.077387068420648575e-03,-1.049664523452520370e-02,-3.068460151553153992e-02,6.719081662595272064e-03,3.527091443538665771e-02,-1.227111089974641800e-02,1.061266846954822540e-02,2.044730260968208313e-02,-5.981996189802885056e-03,-5.186899099498987198e-03,4.183643497526645660e-03,2.493806369602680206e-02,2.578434720635414124e-02,1.125420536845922470e-02,-5.197136197239160538e-03,-8.428710512816905975e-03,-1.388860493898391724e-02,4.599960520863533020e-02,-9.102666517719626427e-04,7.561952807009220123e-03,2.642588503658771515e-02,-2.981101907789707184e-02,3.191307932138442993e-02,7.398155983537435532e-03,1.360195968300104141e-02,1.154767535626888275e-02,7.534653414040803909e-03,2.211256884038448334e-02,-1.981941424310207367e-02,-7.166110444813966751e-03,-6.585996598005294800e-03,-1.031237374991178513e-02,-1.083106361329555511e-02,-1.871378533542156219e-02,1.138387806713581085e-02,-2.220811694860458374e-02,2.257665991783142090e-02,-2.758611366152763367e-02,6.869228556752204895e-03,-1.793575100600719452e-02,-1.238713413476943970e-02,-2.398940734565258026e-03,-5.562266800552606583e-03,-2.280870638787746429e-02,1.553339790552854538e-02,-6.016120314598083496e-03,2.527930773794651031e-02,-7.739399094134569168e-03,-1.025777496397495270e-02,7.527828216552734375e-03,2.405083179473876953e-02,-7.691625040024518967e-03,-2.138913422822952271e-02,2.175767719745635986e-02,-1.239395886659622192e-02,2.256301045417785645e-02,-1.790845207870006561e-02,-4.890017211437225342e-03,-7.200234569609165192e-03,-4.449813161045312881e-03,2.077489532530307770e-02,2.762364922091364861e-03,-1.970680430531501770e-03,-2.656238339841365814e-02,-7.657500915229320526e-03,-3.606259822845458984e-02,2.847334556281566620e-02,2.332739531993865967e-02,-1.347058103419840336e-03,1.551974751055240631e-02,-6.568934768438339233e-03,6.799274124205112457e-04,-2.264149719849228859e-03,1.621588505804538727e-02,-1.677552238106727600e-02,1.582004129886627197e-02,1.913692802190780640e-02,-1.027825009077787399e-02,-1.674822345376014709e-02,1.374357612803578377e-03,3.103949502110481262e-02,3.021709853783249855e-03,-8.046518079936504364e-03,-2.093527931720018387e-03,2.095234207808971405e-02,-8.005568757653236389e-03,-6.326651666313409805e-03,2.439207583665847778e-02,-4.958265926688909531e-03,-1.066044252365827560e-02,2.269950881600379944e-02,-5.803867056965827942e-02,4.982152953743934631e-02,2.866444177925586700e-03,-3.968660254031419754e-03,1.306279562413692474e-02,5.993086233502253890e-05,-4.466875456273555756e-03,-1.408652514219284058e-01,-5.951283965259790421e-03,2.409178018569946289e-02,1.528770197182893753e-02,4.036908969283103943e-03,2.317724935710430145e-02,-8.401411585509777069e-03,-5.715826060622930527e-03,-2.212621830403804779e-02,2.530660666525363922e-02,-2.166212722659111023e-02,-8.906451985239982605e-03,-1.891853101551532745e-02,-2.955167554318904877e-03,2.048825100064277649e-02,-1.306962035596370697e-02,9.077073191292583942e-04,-6.674719974398612976e-03,-2.503361180424690247e-02,1.352688670158386230e-02,-3.682015696540474892e-03,-1.889123208820819855e-02,-3.362953197211027145e-03,-8.872327394783496857e-03,-9.943831712007522583e-03,9.069608495337888598e-05,-3.210417553782463074e-02,2.532025612890720367e-02,1.572449319064617157e-02,-2.697955351322889328e-04,2.646683529019355774e-02,-1.999686099588871002e-02,1.958736777305603027e-02,1.639674301259219646e-03,-9.800509549677371979e-03,-1.100851036608219147e-02,-3.584420308470726013e-02,-1.556069706566631794e-03,-1.317199319601058960e-02,-2.694457583129405975e-02,1.027825009077787399e-02,1.657077670097351074e-02,-1.480996143072843552e-02,2.137036499334499240e-04,2.233096584677696228e-02,-1.790845207870006561e-02,2.182592451572418213e-02,3.325075283646583557e-02,4.255986958742141724e-02,-1.423667278140783310e-02,-4.217767715454101562e-02,-2.526565827429294586e-02,-7.828122936189174652e-03,-1.895948126912117004e-02,-1.765934401191771030e-03,-3.835575282573699951e-02,2.194877341389656067e-02,-1.054122039931826293e-04,5.125475116074085236e-03,2.332739531993865967e-02,-1.016222685575485229e-02,-2.091821748763322830e-03,-1.482361089438199997e-02,3.557120636105537415e-02,6.022945046424865723e-03,-2.223541773855686188e-02,-1.775830425322055817e-02,-2.501996234059333801e-02,2.032445371150970459e-02,-7.220709230750799179e-03,-6.638249760726466775e-05,2.173037640750408173e-02,-2.557619009166955948e-03,2.562055177986621857e-02,-2.785910665988922119e-02,4.920728970319032669e-03,-1.876838505268096924e-02,-2.529295720160007477e-02,4.907079506665468216e-03,-1.345181278884410858e-02,-4.010291770100593567e-02,-1.905502937734127045e-02,3.166738152503967285e-02,-1.053076982498168945e-02,5.064051225781440735e-02,-1.023047603666782379e-02,-8.401411585509777069e-03,-1.725326478481292725e-02,-1.603843830525875092e-02,-3.794626099988818169e-03,1.834183000028133392e-03,2.874634042382240295e-02,1.006667874753475189e-02,-2.092504315078258514e-02,-2.672617882490158081e-02,1.624318398535251617e-02,2.161776646971702576e-03,-2.173037640750408173e-02,1.399097777903079987e-02,-1.192304305732250214e-02,-2.493806369602680206e-02,-5.770425312221050262e-03,-2.345024421811103821e-02,2.589354664087295532e-02,-1.538325008004903793e-02,-2.854500664398074150e-03,-1.814049668610095978e-02,-2.216716855764389038e-02,2.339564450085163116e-02,-7.022788282483816147e-03,-1.275567617267370224e-02,-6.371013354510068893e-03,-5.087938625365495682e-03,1.028507482260465622e-02,-8.578858338296413422e-03,-2.262443536892533302e-03,-1.654347777366638184e-02,-1.564259454607963562e-02,-6.722494144923985004e-04,4.384977277368307114e-03,1.526040304452180862e-02,1.111770886927843094e-02,1.344498805701732635e-02,2.765777288004755974e-03,-7.916845381259918213e-03,3.240446746349334717e-02,-3.573500365018844604e-02,2.506091259419918060e-02,-1.214143820106983185e-02,2.716297097504138947e-02,-1.863188692368566990e-03,-3.232257068157196045e-02,1.708946749567985535e-02,-1.935532316565513611e-02,1.231888495385646820e-02,1.390225440263748169e-02,2.394163422286510468e-02,6.838516797870397568e-03,-1.157668069936335087e-03,3.622639551758766174e-02,2.725851908326148987e-02,3.133979067206382751e-02,-1.998321153223514557e-02,-2.478791773319244385e-02,1.232570968568325043e-02,-8.742654696106910706e-03,-1.301502157002687454e-02,-1.930072344839572906e-02,-2.237191423773765564e-02,-9.124847128987312317e-03,3.475222364068031311e-02,-1.422302331775426865e-02,3.789166361093521118e-02,3.398783877491950989e-02,-9.875582531094551086e-03,-2.144373208284378052e-02,-5.531554576009511948e-03,-4.515331983566284180e-02,4.141329228878021240e-02,7.766698952764272690e-03,3.658128669485449791e-03,1.677211141213774681e-03,2.274045720696449280e-02,2.661698125302791595e-02,1.299454737454652786e-02,-1.032602414488792419e-02,-5.246616783551871777e-04,-8.565208408981561661e-04,-1.319929305464029312e-02,-2.404059516265988350e-03,3.511394141241908073e-03,-1.281710062175989151e-02,5.896685179322957993e-03,-8.946974412538111210e-05,1.849539019167423248e-02,1.397732738405466080e-02,2.657603286206722260e-02,-3.087569959461688995e-02,-1.164322346448898315e-02,7.323082536458969116e-03,-2.306804992258548737e-02,1.377770095132291317e-03,9.083897806704044342e-03,1.471441332250833511e-02,-2.377783693373203278e-02,1.979211531579494476e-02,-1.036697346717119217e-02,7.882721722126007080e-03,-4.845655523240566254e-03,1.910962723195552826e-02,-2.199313370510935783e-03,1.228476036339998245e-02,-9.889231994748115540e-03,1.192304305732250214e-02,1.351323723793029785e-02,-6.040007341653108597e-03,-7.814472541213035583e-03,1.805390638764947653e-04,-1.998321153223514557e-02,2.061109803617000580e-02,2.279505692422389984e-02,1.018952671438455582e-02,3.627416910603642464e-03,2.612217795103788376e-03,-8.769954554736614227e-03,9.431966580450534821e-03,7.848597131669521332e-03,3.071190230548381805e-02,-3.559850528836250305e-02,3.364659380167722702e-03,-7.480054162442684174e-03,1.055124495178461075e-02,7.227534428238868713e-03,2.247087424620985985e-03,-2.282235585153102875e-02,6.903353147208690643e-03,2.173720160499215126e-03,1.698538777418434620e-03,3.340772353112697601e-03,1.844079047441482544e-02,-7.596076931804418564e-03,3.437003120779991150e-02,1.038062293082475662e-02,-4.743282624986022711e-04,1.672092452645301819e-02,-2.239921316504478455e-02,4.521474242210388184e-03,9.785153670236468315e-04,-1.531500183045864105e-02,-2.003780938684940338e-02,-2.284197689732536674e-04,2.140235592378303409e-04,1.882298290729522705e-02,-2.320454828441143036e-02,-2.010605856776237488e-02,-1.307644508779048920e-02,1.071504084393382072e-03,-8.080642670392990112e-03,-7.978269830346107483e-03,3.319615498185157776e-02,-2.553865313529968262e-02,4.998532682657241821e-02,3.267746418714523315e-02,-3.417893499135971069e-02,-1.444141846150159836e-02,-4.657971672713756561e-03,2.642588503658771515e-02,-5.944459233433008194e-03,-1.678917370736598969e-02,-1.500105764716863632e-02,-3.860144689679145813e-02,3.001235192641615868e-03,-1.893218047916889191e-02,3.461572527885437012e-02,-1.655712723731994629e-02,-3.510711714625358582e-02,1.212096400558948517e-02,2.287695370614528656e-02,5.596390925347805023e-03,-6.261815782636404037e-03,1.680623507127165794e-03,3.125789016485214233e-02,-7.127720746211707592e-04,3.275936096906661987e-02,2.182592451572418213e-02,-3.229527175426483154e-02,-2.312264963984489441e-02,9.733966435305774212e-04,-5.105000454932451248e-03,6.070719100534915924e-03,-4.692778736352920532e-02,2.370958775281906128e-02,2.534755691885948181e-02,-3.480682149529457092e-02,2.102059079334139824e-03,1.628413237631320953e-02,1.306961989030241966e-03,-7.480054162442684174e-03,-2.280870638787746429e-02,2.833684906363487244e-02,1.028507482260465622e-02,-7.353794062510132790e-04,1.814049668610095978e-02,-4.676399007439613342e-02,-6.121905986219644547e-03,3.281396254897117615e-02,-8.066993206739425659e-03,8.531084284186363220e-03,-1.503176987171173096e-03,-3.922933712601661682e-02
-1.572822779417037964e-02,-1.232681795954704285e-02,-1.738608581945300102e-03,-1.952844788320362568e-03,-1.340129412710666656e-02,4.635410755872726440e-02,-2.449543029069900513e-02,-1.952515169978141785e-02,3.849658649414777756e-03,2.936683129519224167e-03,2.653891406953334808e-02,2.544466033577919006e-02,2.348357578739523888e-03,-2.493049390614032745e-02,2.649936126545071602e-03,3.040175512433052063e-02,1.620284281671047211e-02,-1.584688201546669006e-02,2.752769552171230316e-02,-3.024025354534387589e-03,1.355290785431861877e-02,3.264299407601356506e-02,-9.848270565271377563e-03,-1.678293012082576752e-02,-1.019104849547147751e-02,2.136181428795680404e-04,9.070428088307380676e-03,-2.548421174287796021e-02,1.790354959666728973e-02,2.123821759596467018e-04,-6.130449473857879639e-03,-1.026355847716331482e-02,3.378339111804962158e-03,-1.502948906272649765e-02,-1.918237470090389252e-02,-1.361882593482732773e-02,-1.869457401335239410e-02,-1.234659366309642792e-02,1.353972405195236206e-02,-2.423175424337387085e-02,1.102821715176105499e-02,1.521076541393995285e-03,2.217508852481842041e-02,2.415924333035945892e-03,-1.285416819155216217e-02,1.446258742362260818e-02,-2.698716148734092712e-02,-2.072487398982048035e-02,-2.508869953453540802e-02,2.119948901236057281e-02,2.690805867314338684e-02,-1.060633640736341476e-02,-6.723718834109604359e-04,-1.173354871571063995e-02,3.302532481029629707e-03,1.437030080705881119e-02,-2.984803728759288788e-02,2.469318732619285583e-02,-9.360470809042453766e-03,3.846362698823213577e-03,2.077760919928550720e-02,9.248409420251846313e-03,-2.237284369766712189e-02,2.507551573216915131e-02,-2.701023360714316368e-03,-7.857521995902061462e-03,-9.729616343975067139e-03,5.296576302498579025e-03,8.899039588868618011e-03,-1.108754426240921021e-02,2.147634886205196381e-02,3.720457851886749268e-02,5.174626596271991730e-03,-5.079044494777917862e-03,-6.321614142507314682e-03,-2.445587888360023499e-02,-5.827222950756549835e-03,-4.680235404521226883e-03,-6.338093895465135574e-03,1.483173202723264694e-02,6.170000880956649780e-03,-2.773863635957241058e-02,-4.268242977559566498e-03,1.767942495644092560e-02,2.445587888360023499e-03,3.997975960373878479e-03,-1.431756559759378433e-02,6.232623476535081863e-03,1.675656251609325409e-02,-1.662472449243068695e-02,1.388250198215246201e-02,9.367062710225582123e-03,1.153579168021678925e-02,2.947889268398284912e-02,-1.756077073514461517e-02,-2.493378939107060432e-03,-4.131790995597839355e-02,5.154851078987121582e-02,-1.268937066197395325e-02,-2.921521663665771484e-02,2.019752375781536102e-02,5.039493087679147720e-03,3.750780364498496056e-03,7.079680450260639191e-03,6.700647063553333282e-03,-2.015797235071659088e-02,-5.280096549540758133e-03,-1.400115527212619781e-02,1.375066395848989487e-02,-3.150919079780578613e-02,1.290360698476433754e-03,2.789684012532234192e-02,1.002789940685033798e-03,-3.617624193429946899e-02,1.625557802617549896e-02,-4.324274137616157532e-03,8.833120577037334442e-03,-6.427083862945437431e-04,-3.066543117165565491e-02,-4.788342490792274475e-02,-8.701283484697341919e-03,2.628842182457447052e-02,1.419891230762004852e-02,-2.734312228858470917e-02,-2.341436222195625305e-02,6.483115255832672119e-03,-3.411298384889960289e-03,-1.779807917773723602e-02,-1.279484108090400696e-02,-9.123163297772407532e-03,3.646628558635711670e-02,3.332855179905891418e-02,3.380316495895385742e-02,-1.430438179522752762e-02,2.154226787388324738e-02,2.420538663864135742e-02,-1.756077073514461517e-02,-1.123256515711545944e-02,-2.085671201348304749e-02,-1.210269331932067871e-02,5.085636395961046219e-03,1.042835600674152374e-02,-1.432910095900297165e-03,6.961026228964328766e-03,6.262287031859159470e-03,1.624239422380924225e-02,1.638741604983806610e-02,1.448895502835512161e-02,-1.577931572683155537e-03,-1.798265241086483002e-02,1.674337871372699738e-02,2.656528167426586151e-02,3.477876633405685425e-02,-1.792991720139980316e-02,1.282120868563652039e-02,4.525326192378997803e-03,-1.982837915420532227e-02,1.265641208738088608e-02,-7.251069415360689163e-03,-8.285994641482830048e-03,1.430438179522752762e-02,-1.417254470288753510e-02,9.498900733888149261e-03,-5.207586102187633514e-03,-1.756077073514461517e-02,2.228055894374847412e-02,2.110720239579677582e-02,-6.127153523266315460e-03,-3.375043161213397980e-03,-1.027674227952957153e-02,2.052711695432662964e-02,3.620260953903198242e-02,-1.035584509372711182e-02,2.332207560539245605e-02,3.576095448806881905e-03,2.171365544199943542e-02,1.587324962019920349e-02,9.261593222618103027e-03,-2.383624203503131866e-02,-8.661732077598571777e-03,-3.791650012135505676e-02,2.398126386106014252e-02,1.848363503813743591e-02,3.448872268199920654e-02,-6.090898066759109497e-03,-2.090944722294807434e-02,4.825256764888763428e-03,2.771886065602302551e-03,1.179946679621934891e-02,-2.183230966329574585e-02,2.918884903192520142e-02,3.029628470540046692e-02,6.423788145184516907e-03,1.113368757069110870e-02,-6.231173276901245117e-01,-9.650513529777526855e-03,-1.549092028290033340e-02,-7.765235844999551773e-03,2.953162649646401405e-03,1.653243787586688995e-02,6.558921653777360916e-03,2.924158424139022827e-02,-2.537874132394790649e-02,7.310396060347557068e-03,-6.720422767102718353e-03,2.046119980514049530e-02,-4.927431233227252960e-03,-2.610384859144687653e-02,5.186986527405679226e-04,-3.876026021316647530e-03,-1.632149703800678253e-02,-2.013160474598407745e-02,-1.637423224747180939e-02,-7.613622583448886871e-04,-2.580062299966812134e-02,-2.763646189123392105e-03,-4.419856239110231400e-03,1.975916326045989990e-03,6.043930770829319954e-04,1.187197770923376083e-02,2.752769552171230316e-02,-4.199028480798006058e-03,-4.960390739142894745e-03,1.589467283338308334e-03,-4.105423390865325928e-02,4.271538928151130676e-02,-1.286240760236978531e-03,1.872094161808490753e-02,4.216167330741882324e-02,-4.917543381452560425e-03,-1.638741604983806610e-02,1.294645480811595917e-02,2.541829273104667664e-02,5.197038874030113220e-02,-3.053359314799308777e-02,2.738926559686660767e-03,2.100173383951187134e-02,-1.278165727853775024e-02,9.281368926167488098e-03,-5.032901186496019363e-03,1.687521487474441528e-02,-2.566878497600555420e-02,2.014478854835033417e-02,9.643921628594398499e-03,5.962356459349393845e-03,1.036243699491024017e-02,2.120474164257757366e-05,2.373077161610126495e-02,3.050722554326057434e-02,9.307736530900001526e-03,3.071816638112068176e-02,-2.243876270949840546e-02,1.929773134179413319e-03,5.006533581763505936e-03,7.778419647365808487e-03,3.757372125983238220e-02,-5.985428113490343094e-03,7.270844653248786926e-03,-2.249149791896343231e-02,3.182560205459594727e-02,-2.911963500082492828e-03,3.353949263691902161e-02,2.156863547861576080e-02,-1.707297191023826599e-02,6.351277232170104980e-03,1.467352733016014099e-02,4.749450366944074631e-03,-1.568867638707160950e-02,7.481785025447607040e-03,-5.240545608103275299e-03,6.881923880428075790e-03,-2.556331455707550049e-02,1.107436046004295349e-02,-8.253035135567188263e-03,-6.074418313801288605e-03,-1.352654024958610535e-02,-3.396137058734893799e-02,2.855932572856545448e-03,1.564912497997283936e-02,-1.255094166845083237e-02,-2.233329229056835175e-02,-3.472603112459182739e-02,-4.469295497983694077e-03,-9.742800146341323853e-03,3.648606128990650177e-03,2.630160562694072723e-02,2.267607022076845169e-03,8.721058256924152374e-03,3.238261560909450054e-04,-6.555625703185796738e-03,-1.587324962019920349e-02,3.310360189061611891e-04,8.945182897150516510e-03,1.738938316702842712e-02,-5.032901186496019363e-03,-6.387532688677310944e-03,3.235295414924621582e-02,1.140395458787679672e-02,7.303804159164428711e-03,2.986946201417595148e-04,-1.854955404996871948e-02,9.994939900934696198e-04,-2.646640175953507423e-03,-1.468671113252639771e-02,6.848964374512434006e-03,-2.226407872512936592e-03,4.441279743332415819e-04,1.049427501857280731e-02,-7.297212257981300354e-03,-3.309124335646629333e-02,2.263651974499225616e-02,1.791343674995005131e-03,-3.117959713563323021e-03,-4.754064604640007019e-02,1.592598482966423035e-02,2.958436310291290283e-02,1.205655094236135483e-02,-1.748166792094707489e-02,1.593916863203048706e-02,3.087637014687061310e-02,-3.483809065073728561e-03,-3.715184330940246582e-02,-2.030299417674541473e-02,-6.186480633914470673e-03,9.835086762905120850e-03,1.964380592107772827e-02,-6.783045828342437744e-03,-2.684543607756495476e-03,3.728367760777473450e-02,-1.700705266557633877e-03,6.301838438957929611e-03,-3.314397856593132019e-02,3.638718277215957642e-02,-1.873412542045116425e-02,1.554365549236536026e-02,-1.159511879086494446e-02,-8.529894053936004639e-03,-1.055360119789838791e-02,1.220816373825073242e-02,-4.477205500006675720e-02,-1.049427501857280731e-02,-2.605111338198184967e-02,-5.083658546209335327e-02,1.993384771049022675e-02,4.340753890573978424e-03,-6.410604342818260193e-03,-8.297530584968626499e-04,3.134439466521143913e-03,-1.487128343433141708e-02,5.512460484169423580e-04,5.294104339554905891e-04,-9.947148151695728302e-03,-1.272892206907272339e-02,-3.369769454002380371e-02,2.093581482768058777e-02,2.168728969991207123e-02,2.542818197980523109e-03,-2.233329229056835175e-02,4.027639515697956085e-03,-2.678940445184707642e-02,-1.404070667922496796e-02,1.830894965678453445e-03,-1.038221293129026890e-03,-1.340129412710666656e-02,-5.563547834753990173e-03,-1.061952020972967148e-02,-1.266959588974714279e-02,5.473897978663444519e-02,-7.356539368629455566e-03,-4.004567745141685009e-04,-3.248478844761848450e-02,-1.868139021098613739e-02,-1.226089894771575928e-02,1.440985221415758133e-02,2.842419035732746124e-02,-6.361165083944797516e-03,-1.803538575768470764e-02,-1.351335644721984863e-02,-5.962356459349393845e-03,-1.485809963196516037e-02,4.779113922268152237e-03,3.720457851886749268e-02,-1.373748015612363815e-02,9.881230071187019348e-03,1.188516151160001755e-02,3.554342314600944519e-02,6.743494421243667603e-03,-1.650607027113437653e-02,2.191800391301512718e-03,6.156817078590393066e-03,8.154156617820262909e-03,1.454168930649757385e-02,-8.747425861656665802e-03,2.402081526815891266e-02,1.062611211091279984e-02,-1.253116596490144730e-02,3.862842172384262085e-02,-2.101491764187812805e-02,2.092263102531433105e-02,-4.896449297666549683e-02,1.690158247947692871e-02,-2.183230966329574585e-02,2.541829273104667664e-02,7.165374699980020523e-03,4.676115640904754400e-04,-3.733641281723976135e-02,-2.264970354735851288e-02,-1.114687137305736542e-02,2.013160474598407745e-02,2.084352821111679077e-02,1.940649747848510742e-02,-1.878686132840812206e-03,3.375043161213397980e-03,1.412310521118342876e-03,-6.862148176878690720e-03,-9.894413873553276062e-03,4.818664863705635071e-03,-8.641956374049186707e-03,-3.343402221798896790e-02,2.348028123378753662e-02,2.867468167096376419e-03,-5.652537802234292030e-04,4.915071185678243637e-04,-1.948560029268264771e-02,-2.173672895878553391e-03,-6.407308392226696014e-03,-1.982508227229118347e-03,2.096218243241310120e-02,1.307829190045595169e-02,1.062611211091279984e-02,-5.497628822922706604e-03,-1.411980949342250824e-02,1.369792874902486801e-02,-1.143691409379243851e-02,-2.483491087332367897e-03,1.088978722691535950e-02,1.886596344411373138e-02,-6.305134389549493790e-03,-2.411310188472270966e-02,1.883959583938121796e-02,3.121914900839328766e-02,2.407355047762393951e-02,-2.398126386106014252e-02,6.186480633914470673e-03,-7.349947467446327209e-03,2.035572938621044159e-02,-3.464692831039428711e-02,1.203677523881196976e-02,-1.373748015612363815e-02,-2.212235331535339355e-02,8.114605210721492767e-03,1.159511879086494446e-02,2.057985216379165649e-02,2.423175424337387085e-02,-1.633962499909102917e-03,-4.581357352435588837e-03,-1.109413616359233856e-02,-1.301896525546908379e-03,4.073782637715339661e-02,-1.566230878233909607e-02,-2.176968613639473915e-03,-1.338151842355728149e-02,-1.027674227952957153e-02,1.790107780834659934e-04,1.073158252984285355e-02,-2.034254558384418488e-02,1.507068867795169353e-03,-3.355267457664012909e-03,6.110673770308494568e-03,-7.745460141450166702e-03,-4.620908759534358978e-03,-1.108095236122608185e-02,1.052723452448844910e-02,1.550739980302751064e-03,-8.127789013087749481e-03,-3.343402221798896790e-02,8.305770345032215118e-03,1.127211656421422958e-02,-7.442233618348836899e-03,-1.357927545905113220e-02,-3.625534474849700928e-02,-1.584688201546669006e-02,-7.389498874545097351e-03,-1.098207384347915649e-02,-5.678905639797449112e-03,2.702671289443969727e-02,3.823291044682264328e-03,1.058656070381402969e-02,4.419856239110231400e-03,-1.600508764386177063e-02,2.027662657201290131e-02,-1.346062123775482178e-02,1.398797146975994110e-02,5.893141496926546097e-03,1.123915705829858780e-02,1.522724516689777374e-02,-7.112639490514993668e-03,-1.106776855885982513e-02,3.198380768299102783e-02,1.708615571260452271e-02,-8.187116123735904694e-03,-1.367156114429235458e-02,-1.410662569105625153e-02,-1.166103780269622803e-02,-2.876696921885013580e-02,5.065860692411661148e-03,-1.944604888558387756e-02,9.485716931521892548e-03,-3.733641281723976135e-02,-5.118595436215400696e-03,-2.676303684711456299e-02,-2.242557890713214874e-02,4.396784584969282150e-03,-7.066496647894382477e-03,1.063929591327905655e-02,-1.110072806477546692e-02,-1.855614478699862957e-03,1.067884732037782669e-02,8.495616167783737183e-02,3.793627489358186722e-03,1.880004443228244781e-02,3.667722642421722412e-02,1.276847347617149353e-02,1.719162613153457642e-02,-1.177969109266996384e-02,-1.516132615506649017e-02,1.488446723669767380e-02,-1.162148639559745789e-02,7.244477514177560806e-03,2.412628568708896637e-02,1.244547124952077866e-02,-1.538545079529285431e-02,2.958436310291290283e-02,8.015727624297142029e-03,-9.472533129155635834e-03,-1.662472449243068695e-02,-2.261015120893716812e-03,6.483115255832672119e-03,-2.060621976852416992e-02,6.311726174317300320e-04,1.779807935236021876e-04,6.113969720900058746e-03,1.595235243439674377e-02,-1.517450995743274689e-02,1.810130476951599121e-02,5.701977293938398361e-03,1.468671113252639771e-02,-1.425164658576250076e-02,-1.809471403248608112e-03,1.283439248800277710e-02,9.006157633848488331e-04,1.970972493290901184e-02,3.119607688859105110e-03,1.459442451596260071e-02,2.251786552369594574e-02,4.514120146632194519e-02,1.571504399180412292e-02,-3.048085793852806091e-02,1.592598482966423035e-02,2.002613432705402374e-02,3.080056514590978622e-03,-2.201688289642333984e-02,1.087001152336597443e-02,2.635104581713676453e-03,-1.117982994765043259e-02,3.108731098473072052e-02,-6.420492194592952728e-03,-2.365166880190372467e-02,3.717821091413497925e-02,-3.375043161213397980e-03,-3.506880626082420349e-02,-1.637423224747180939e-02,-1.756077073514461517e-02,2.172683924436569214e-02,6.670983508229255676e-03,1.518769375979900360e-02,-5.523996427655220032e-03,8.984734304249286652e-03,-2.317705377936363220e-02,-1.505585666745901108e-02,-3.002601908519864082e-03,-2.850988646969199181e-03,-4.660459700971841812e-03,1.356609165668487549e-02,-3.032265231013298035e-02,-2.556002000346779823e-03,-5.553659982979297638e-03,2.092922339215874672e-03,2.498322911560535431e-02,-6.496298592537641525e-03,1.467352733016014099e-02,1.686203107237815857e-02,3.992043063044548035e-02,2.768590115010738373e-02,1.109413616359233856e-02,-1.644015125930309296e-02,9.571411646902561188e-03,-1.647970289923250675e-03,2.002613432705402374e-02,-1.048768311738967896e-02,-2.257719170302152634e-03,1.692465506494045258e-03,-1.493720244616270065e-02,2.466681972146034241e-02,-1.198404002934694290e-02,-1.075795013457536697e-02,-1.571504399180412292e-02,3.533248323947191238e-03,1.647970266640186310e-02,-1.786399818956851959e-02,7.638342212885618210e-04,4.626676673069596291e-04,-6.480643060058355331e-04,9.978460147976875305e-04,4.226714000105857849e-02,-9.281368926167488098e-03,-1.527998037636280060e-02,-9.696656838059425354e-03,-3.666733973659574986e-04,5.164738744497299194e-03,-8.879263885319232941e-03,4.750274238176643848e-04,8.852896280586719513e-03,6.740198470652103424e-03,-3.823291137814521790e-02,2.137087844312191010e-02,-1.541181840002536774e-02,-2.378350682556629181e-02,1.043494790792465210e-02,-5.876662209630012512e-03,-4.304498434066772461e-03,-4.002590104937553406e-02,-1.766624115407466888e-02,4.316363856196403503e-02,2.649936266243457794e-02,3.520064428448677063e-02,1.951196789741516113e-02,-7.020353339612483978e-03,-3.008534573018550873e-02,-4.018410667777061462e-02,1.444940362125635147e-02,-5.636058282107114792e-03,-8.826528675854206085e-03,1.513660652562975883e-03,-2.079079300165176392e-02,-1.125234086066484451e-02,2.482255222275853157e-04,-2.033595228567719460e-03,-9.241817519068717957e-03,7.890481501817703247e-03,7.290620356798171997e-03,-3.454145742580294609e-03,-3.712547570466995239e-02,1.081727724522352219e-02,-1.663790829479694366e-02,-3.523360472172498703e-03,-4.158158600330352783e-02,-8.108013309538364410e-03,-2.668393403291702271e-02,-1.165444590151309967e-02,-2.052711695432662964e-02,-3.380316495895385742e-02,-6.031570956110954285e-04,-4.126517474651336670e-02,1.676809741184115410e-03,7.916849106550216675e-03,3.269572928547859192e-02,2.025025896728038788e-02,-1.810130476951599121e-02,-3.104775911197066307e-03,6.463339552283287048e-03,2.072487398982048035e-02,-7.218109909445047379e-03,-1.447577122598886490e-02,-2.228055894374847412e-02,-1.122597325593233109e-02,2.887243963778018951e-02,1.953833550214767456e-02,6.118089659139513969e-04,9.533507982268929482e-04,1.719162613153457642e-02,3.211894072592258453e-03,-1.475263014435768127e-02,-5.339423660188913345e-03,1.114027947187423706e-02,-4.706602916121482849e-02,-2.661801502108573914e-02,6.084306165575981140e-03,1.756077073514461517e-02,-9.797182865440845490e-04,1.538545079529285431e-02,-1.419891230762004852e-02,7.600438781082630157e-03,1.471307873725891113e-02,-6.324910093098878860e-03,7.607030682265758514e-03,-1.085023581981658936e-02,-3.085000440478324890e-02,1.468671113252639771e-02,-2.109401859343051910e-02,-8.470566943287849426e-03,-4.370416980236768723e-03,-3.778466209769248962e-02,-2.021070756018161774e-02,3.775829449295997620e-02,1.222793944180011749e-02,-6.028275471180677414e-03,-5.510812625288963318e-03,1.151601597666740417e-02,-1.124574895948171616e-02,3.897120058536529541e-02,-9.584595449268817902e-03,-6.703943014144897461e-03,-9.024284780025482178e-03,3.103457577526569366e-02,2.478547208011150360e-02,8.193708024919033051e-03,2.498322864994406700e-03,1.562275830656290054e-02,-7.481785141862928867e-04,-3.003261052072048187e-02,-9.828494861721992493e-03,-4.861512221395969391e-03,2.868786640465259552e-02,-2.109401859343051910e-03,-1.254434976726770401e-02,1.100184954702854156e-02,-4.625260316970525309e-06,-8.318954147398471832e-03,-2.545784413814544678e-02,-2.258378453552722931e-02,-3.678269684314727783e-02,2.808141335844993591e-02,-1.051405072212219238e-02,-1.302555669099092484e-02,2.721128426492214203e-02,-1.969654113054275513e-02,-1.425164658576250076e-02,-1.527998037636280060e-02,-8.187116123735904694e-03,6.979153840802609921e-04,-9.650513529777526855e-03,1.141713839024305344e-02,4.289996251463890076e-02,-5.504220724105834961e-03,-2.561604976654052734e-02,2.129177562892436981e-03,-1.013831328600645065e-02,1.636104844510555267e-02,1.263663638383150101e-02,-1.191152911633253098e-02,-1.821995899081230164e-02,-1.894506625831127167e-02,-8.243971387855708599e-04,7.798195350915193558e-03,-2.982166968286037445e-02,-4.645957797765731812e-02,3.034901991486549377e-02,-1.357927452772855759e-03,-1.288712769746780396e-02,2.863513119518756866e-02,-9.551635943353176117e-03,-1.065907161682844162e-02,1.394842006266117096e-02,3.150919219478964806e-03,-6.179888732731342316e-03,-2.876696921885013580e-02,-1.017127279192209244e-02,-2.863513119518756866e-02,-7.040129043161869049e-03,-5.405342672020196915e-03,-1.852318528108298779e-03,8.767201565206050873e-03,-4.196144291199743748e-04,4.189140629023313522e-03,5.784375593066215515e-03,9.538452140986919403e-03,1.443621981889009476e-02,-5.092228297144174576e-03,1.405389048159122467e-02,-7.422457914799451828e-03,-2.732334658503532410e-03,-5.131779238581657410e-03,1.956470310688018799e-02,-2.908337861299514771e-02,-1.039045280776917934e-03,1.162148639559745789e-02,2.230692468583583832e-02,-3.522701188921928406e-02,-2.009205333888530731e-02,8.958366699516773224e-03,4.772522021085023880e-03,1.716525852680206299e-02,1.550739980302751064e-03,-9.549987735226750374e-04,-8.951774798333644867e-03,-9.261593222618103027e-03,-2.021070756018161774e-02,2.479865588247776031e-02,1.520087756216526031e-02,1.972290873527526855e-02,-1.825951039791107178e-02,-2.514143474400043488e-02,-4.181889444589614868e-02,-1.589961722493171692e-02,-1.493720244616270065e-02,8.945182897150516510e-03,-1.609242986887693405e-03,-2.333525940775871277e-02,1.702023670077323914e-02,-2.391534484922885895e-02,3.783739730715751648e-02,3.859546268358826637e-03,1.547773648053407669e-02,-8.375808829441666603e-04,6.111992150545120239e-02,-1.882641203701496124e-02,3.206291049718856812e-02,-1.510859187692403793e-02,1.269596256315708160e-02,-7.119231391698122025e-03,2.721128426492214203e-02,4.297906532883644104e-03,1.727072894573211670e-02,6.414724048227071762e-04,-1.854955404996871948e-02,-3.865478932857513428e-02,3.529952373355627060e-03,-2.573470398783683777e-02,5.491036921739578247e-03,1.513495855033397675e-02,-2.903064340353012085e-02,-2.321660518646240234e-02,-2.102192083839327097e-04,8.450791239738464355e-03,-3.535884991288185120e-02,-4.804163053631782532e-02,2.593246102333068848e-02,-3.460737643763422966e-03,4.327570088207721710e-03,1.487128343433141708e-02,-1.557002309709787369e-02,5.807447247207164764e-03,3.433051705360412598e-02,1.214883662760257721e-02,5.606394726783037186e-03,-3.208598122000694275e-03,-2.702671289443969727e-02,-1.646322314627468586e-03,1.659835688769817352e-02,-6.344685330986976624e-03,-1.059315260499715805e-02,-2.506562741473317146e-03,-1.488446723669767380e-02,-8.305770345032215118e-03,4.047415219247341156e-03,-1.123256515711545944e-02,-5.731640383601188660e-03,4.373712930828332901e-03,3.185196965932846069e-02,-1.257071737200021744e-02,1.121278945356607437e-02,1.351335644721984863e-02,5.421822424978017807e-03,1.079750154167413712e-02,-1.676974631845951080e-02,-2.945252507925033569e-02,-4.242534562945365906e-02,-2.619613520801067352e-02,4.896449297666549683e-02,7.521336432546377182e-03,-1.543818507343530655e-02,-9.663697332143783569e-03,-2.921851351857185364e-03,-3.203654289245605469e-02,-4.173979163169860840e-02,3.213542047888040543e-03,2.138406224548816681e-02,-2.864172449335455894e-03,1.539863459765911102e-02,1.117982994765043259e-02,1.779807917773723602e-02,-2.130825538188219070e-03,2.616976760327816010e-02,-2.506233192980289459e-02,-1.388250198215246201e-02,2.963709644973278046e-02,-1.007898617535829544e-02,-1.750144409015774727e-03,-1.056678500026464462e-02,-2.345391362905502319e-02,-1.669064350426197052e-02,2.429767325520515442e-02,1.455157762393355370e-03,1.818040758371353149e-02,1.691476628184318542e-02,2.506233192980289459e-02,1.811737311072647572e-04,-7.112639490514993668e-03,-1.401433907449245453e-02,1.475263014435768127e-02,-5.790967494249343872e-03,6.809412967413663864e-03,-1.998658291995525360e-02,3.391522914171218872e-03,-1.208786154165863991e-03,4.192436579614877701e-03,-3.570162877440452576e-02,-1.471307873725891113e-02,2.395489625632762909e-02,8.378281258046627045e-03,-2.537874132394790649e-02,1.883959583938121796e-02,-2.006568573415279388e-02,-3.493696916848421097e-03,-2.055348455905914307e-02,4.761974886059761047e-02,5.959060508757829666e-03,9.189082309603691101e-03,-7.369723170995712280e-03,-1.254434976726770401e-02,-3.409320861101150513e-02,1.538545079529285431e-02,3.307476406916975975e-03,1.375066395848989487e-02,6.707238964736461639e-03,-2.643344225361943245e-03,-1.409014570526778698e-03,-1.251139026135206223e-02,1.048109144903719425e-03,6.006851908750832081e-04,-1.237955223768949509e-02,1.942956936545670033e-03,-6.703943014144897461e-03,-2.076442539691925049e-02,-2.852966077625751495e-02,3.348675742745399475e-02,2.982166968286037445e-02,5.392158869653940201e-03,1.034925319254398346e-02,2.918884903192520142e-02,-3.417890286073088646e-03,-1.455157762393355370e-03,-1.390886865556240082e-02,-7.679541595280170441e-03,7.442233618348836899e-03,5.062564741820096970e-03,-2.068532258272171021e-02,1.231363415718078613e-02,-2.332207560539245605e-02,-3.205302171409130096e-03,1.081068534404039383e-02,-3.377679735422134399e-02,9.907597675919532776e-03,1.932212114334106445e-01,-1.348245714325457811e-04,-6.311726290732622147e-03,1.517450995743274689e-02,4.762634052895009518e-04,5.537180230021476746e-03,2.663119882345199585e-02,-6.354573182761669159e-03,-2.013160474598407745e-02,3.172342665493488312e-03,-3.079726919531822205e-02,-2.214460109826177359e-04,-1.866820640861988068e-02,2.946570748463273048e-03,1.771897636353969574e-02,-4.432380944490432739e-02,-2.663119882345199585e-02,-2.473273873329162598e-02,7.112639490514993668e-03,-2.263651974499225616e-02,1.534589938819408417e-02,9.109979495406150818e-03,-1.466034352779388428e-02,-1.115346234291791916e-02,2.152908407151699066e-02,-6.324910093098878860e-03,-3.694749437272548676e-03,6.390828639268875122e-03,1.742893271148204803e-02,1.543818507343530655e-02,-1.716525852680206299e-02,-3.438325226306915283e-02,-9.498900733888149261e-03,1.326945703476667404e-02,-3.661789931356906891e-03,-1.272233016788959503e-02,2.598519437015056610e-02,-2.931327035184949636e-04,-5.912093329243361950e-04,-7.310396060347557068e-03,-4.795593675225973129e-03,-7.852578419260680676e-04,1.417254470288753510e-02,-2.440314367413520813e-02,3.648606128990650177e-03,6.588585209101438522e-03,-7.240769627969712019e-05,-2.707944810390472412e-02,-2.805504575371742249e-02,4.619466562871821225e-05,-4.171342402696609497e-02,-7.173820631578564644e-05,2.657846547663211823e-02,2.765953354537487030e-02,-9.189082309603691101e-03,1.313432352617383003e-03,1.763987354934215546e-02,1.694113388657569885e-02,-1.761350594460964203e-02,1.376055181026458740e-03,-1.152260787785053253e-02,1.460760831832885742e-02,-1.397478766739368439e-02,-2.290678676217794418e-03,1.799583551473915577e-03,3.467329591512680054e-02,-2.079079300165176392e-02,-2.378350682556629181e-02,1.651925407350063324e-02,-8.978142403066158295e-03,-1.056678500026464462e-02,-6.954434327781200409e-03,-1.865502330474555492e-03,2.537874132394790649e-02,8.754017762839794159e-03,-3.276164876297116280e-03,4.581357352435588837e-03,3.148282319307327271e-02,1.501630526036024094e-02,1.612374186515808105e-02,1.007898617535829544e-02,-1.097548194229602814e-02,-1.452850550413131714e-02,-1.422527898102998734e-02,-1.176650729030370712e-02,-1.015149708837270737e-02,3.111367858946323395e-02,1.319035422056913376e-02,-2.693442627787590027e-02,1.414617709815502167e-02,2.827916992828249931e-03,-1.715207472443580627e-02,2.824724106176290661e-05,-1.104799285531044006e-02,-1.209610141813755035e-02,-8.140972815454006195e-03,-4.280602734070271254e-04,-2.676303731277585030e-03,-3.226725850254297256e-03,-6.611656863242387772e-03,-4.103445913642644882e-03,2.892187796533107758e-03,7.852578419260680676e-04,-1.324308943003416061e-02,-1.671865815296769142e-03,6.394124589860439301e-03,2.797594293951988220e-02,2.510188333690166473e-02,2.010523714125156403e-02,-1.673019491136074066e-02,7.297212257981300354e-03,1.215378055348992348e-03,7.310396060347557068e-03,9.465941227972507477e-03,2.025025896728038788e-02,3.945240750908851624e-03,2.187186107039451599e-02,-1.120619755238294601e-02,6.417196244001388550e-03,1.372429635375738144e-02,2.593905199319124222e-03,-9.808719158172607422e-03,6.928067188709974289e-03,2.402081526815891266e-02,-2.903723623603582382e-03,-1.272892206907272339e-02,-3.248478844761848450e-02,4.373712930828332901e-03,-1.960425451397895813e-02,-1.293986290693283081e-02,1.992066390812397003e-02,-2.502278052270412445e-02,6.848964374512434006e-03,-3.343731630593538284e-03,-7.824562489986419678e-03,-3.536544274538755417e-03,2.127529587596654892e-03,-2.391534484922885895e-02,-1.229385845363140106e-02,3.076760563999414444e-03,3.093240316957235336e-03,-1.211258117109537125e-03,1.275528967380523682e-02,3.140372037887573242e-02,-1.740256696939468384e-02,6.509482394903898239e-03,1.665109209716320038e-02,9.788943454623222351e-03,-1.686203107237815857e-02,8.015727624297142029e-03,-2.929431945085525513e-02,-2.056666836142539978e-02,9.202266111969947815e-03,4.271538928151130676e-03,4.640684276819229126e-02,-1.329705992247909307e-04,-4.258355125784873962e-02,-2.043483220040798187e-02,2.345391362905502319e-02,-4.189140629023313522e-03,-4.669688642024993896e-02,2.123904041945934296e-02,1.421374327037483454e-04,-1.843089982867240906e-02,-1.893188245594501495e-02,-6.816004868596792221e-03,-1.652716398239135742e-01,1.911645568907260895e-02,1.762668974697589874e-02,-1.605782285332679749e-02,4.582675918936729431e-02,5.543772131204605103e-03,4.250444844365119934e-02,1.539863459765911102e-02,-1.249820645898580551e-02,2.043483080342411995e-03,9.498900733888149261e-03,1.433074939996004105e-02,-1.400115527212619781e-02,-1.972290873527526855e-02,-2.656528027728199959e-03,1.558320689946413040e-02,-3.986769542098045349e-02,1.254434976726770401e-02,2.100173383951187134e-02,5.336127709597349167e-03,6.881923880428075790e-03,1.167422160506248474e-02,9.868046268820762634e-03,-1.615010946989059448e-02,6.450155749917030334e-03,2.139724604785442352e-02,-2.001295052468776703e-02,1.161489449441432953e-02,1.246689469553530216e-03,-2.077760919928550720e-02,-2.413946762681007385e-02,1.244217506609857082e-03,5.191765725612640381e-02,4.327570088207721710e-03,-1.792991650290787220e-03,-4.696715157479047775e-03,-1.657198928296566010e-02,-4.400080535560846329e-03,2.290678676217794418e-04,4.034231416881084442e-03,2.478547208011150360e-02,2.108083665370941162e-02,-3.053688909858465195e-03,1.320353802293539047e-02,-1.487128343433141708e-02,1.671701110899448395e-02,-6.275470834225416183e-03,4.498959053307771683e-03,4.028957709670066833e-02,-2.787047252058982849e-02,-6.517722504213452339e-04,2.579073421657085419e-03,1.195602468214929104e-03,7.336763665080070496e-03,2.876696921885013580e-02,2.507551573216915131e-02,-2.579073421657085419e-03,-6.446859799325466156e-03,-1.501630526036024094e-02,-1.638741604983806610e-02,-3.409320861101150513e-02,-1.669064350426197052e-02,2.808141335844993591e-02,-1.001965953037142754e-03,2.377032302320003510e-02,-3.008534573018550873e-02,3.305828431621193886e-03,-1.807493716478347778e-02,-2.710581570863723755e-02,2.295622602105140686e-03,-1.715207472443580627e-02,-2.166092209517955780e-02,7.040129043161869049e-03,-2.315068617463111877e-02,3.488423302769660950e-02,-1.580733060836791992e-02,-2.950526028871536255e-02,5.438301712274551392e-03,1.290360698476433754e-03,-1.752121932804584503e-02,-2.860876359045505524e-02,3.807470574975013733e-02,-7.916849106550216675e-03,1.176650729030370712e-02,-1.920874230563640594e-02,-5.682201590389013290e-03,-4.782409872859716415e-03,-1.833861321210861206e-02,1.555683929473161697e-02,7.382906973361968994e-03,-3.589279251173138618e-03,-2.228055847808718681e-03,1.684884727001190186e-02,-1.485809963196516037e-02,1.741574890911579132e-02,1.061292830854654312e-02,8.562853559851646423e-03,5.105412099510431290e-03,2.228055894374847412e-02,-5.464669317007064819e-03,-1.086012460291385651e-03,-6.549033802002668381e-03,-3.462056070566177368e-02,1.078431773930788040e-02,-8.576037362217903137e-03,-4.607724957168102264e-03,1.778489537537097931e-02,-2.821325091645121574e-03,2.742222510278224945e-02,-5.790967494249343872e-03,-6.974210031330585480e-03,-8.641956374049186707e-03,-3.184702654834836721e-04,-2.239591674879193306e-03,3.388226963579654694e-03,-3.450849791988730431e-03,-5.708569195121526718e-03,-1.198404002934694290e-02,2.507551573216915131e-02,-2.324297279119491577e-02,4.374372214078903198e-02,3.075112588703632355e-03,-2.499641291797161102e-02,4.940615035593509674e-03,-2.535237558186054230e-02,-9.966923855245113373e-03,-1.355290710926055908e-01,-2.196414768695831299e-02,1.485809963196516037e-02,1.941968128085136414e-02,8.635364472866058350e-03,3.005897812545299530e-02,6.921475287526845932e-03,-3.063906356692314148e-02,-1.104140095412731171e-02,-2.712558954954147339e-03,-7.204926107078790665e-03,-2.218827232718467712e-02,-3.928349178750067949e-04,-1.452850550413131714e-02,1.833861321210861206e-02,-9.545044042170047760e-03,1.357927545905113220e-02,-5.009829532355070114e-03,-1.234659366309642792e-02,1.654562167823314667e-02,-1.221969956532120705e-03,3.424482187256217003e-03,1.146987266838550568e-02,-2.702671289443969727e-02,2.157193142920732498e-03,3.203654289245605469e-02,-3.261662647128105164e-02,2.151590026915073395e-02,1.356609165668487549e-02,-8.879263885319232941e-03,7.910257205367088318e-03,-2.663119928911328316e-03,-1.060633640736341476e-02,3.202006220817565918e-03,-2.117312140762805939e-02,1.687521487474441528e-02,-5.270868167281150818e-02,1.473944634199142456e-02,-2.183560514822602272e-03,-2.707944810390472412e-02,1.414617709815502167e-02,2.346709743142127991e-02,-3.246501320973038673e-03,-2.331877825781702995e-03,1.065247971564531326e-02,-1.025037467479705811e-02,1.077113393694162369e-02,2.527327276766300201e-02,2.734312228858470917e-02,-5.870070308446884155e-03,-1.334855891764163971e-02,-3.343402221798896790e-02,-1.267618779093027115e-02,-8.398056961596012115e-03,2.206632168963551521e-03,-3.190470486879348755e-02,1.539863459765911102e-02,-6.697351112961769104e-03,-2.556331455707550049e-02,1.269596256315708160e-02,-2.723765186965465546e-02,4.787353682331740856e-04,-1.352654024958610535e-02,3.195744007825851440e-02,1.725754514336585999e-02,-2.834508940577507019e-02,-2.369122020900249481e-02,-1.907525584101676941e-04,1.485809963196516037e-02,-2.055348455905914307e-02,1.220816373825073242e-02,1.212246902287006378e-02,7.165374699980020523e-03,2.311113476753234863e-02,-1.909008808434009552e-02,1.741574890911579132e-02,-1.455487310886383057e-02,-1.266959588974714279e-02,6.001907866448163986e-03,-1.974927634000778198e-02,-1.877367682754993439e-02,-2.258378453552722931e-02,1.232681795954704285e-02,-5.227361805737018585e-03,3.498970344662666321e-02,-1.847045123577117920e-02,-5.543772131204605103e-03,-1.419891230762004852e-02,-5.026309285312891006e-03,-1.514484640210866928e-03,1.385613437741994858e-02,-1.381658297032117844e-02,9.149530902504920959e-03,-9.063836187124252319e-03,-1.028333418071269989e-02,2.742222510278224945e-02,-4.013137146830558777e-02,-1.695431768894195557e-02,2.457123715430498123e-03,7.903665304183959961e-03,-2.209598571062088013e-02,1.438348460942506790e-02,-3.409320861101150513e-02,1.636104844510555267e-02,-1.348698884248733521e-02,-1.700705289840698242e-02,7.264252752065658569e-03,-3.100820817053318024e-02,2.681577205657958984e-02,-1.041517220437526703e-02,-4.759338218718767166e-03,-2.902075648307800293e-03,6.446859799325466156e-03,1.934057846665382385e-02,2.015467733144760132e-03,-1.300578098744153976e-02,-2.382305823266506195e-02,2.682071644812822342e-04,-9.103387594223022461e-03,2.910974621772766113e-02,-6.410604342818260193e-03,-5.830518901348114014e-03,9.518676437437534332e-03,1.282120821997523308e-03,-1.414782484062016010e-03,6.028275471180677414e-03,-1.612374186515808105e-02,2.482502348721027374e-02,1.332383952103555202e-03,1.346062123775482178e-02,-2.448883838951587677e-03,-1.288712769746780396e-02,4.202324271318502724e-05,-2.512825094163417816e-02,2.084352821111679077e-02,4.370416980236768723e-03,2.357256598770618439e-02,-1.294645480811595917e-02,-1.180605869740247726e-02,-8.286200318252667785e-05,3.340765461325645447e-02,5.349970608949661255e-02,-1.284757629036903381e-02,-1.559639070183038712e-02,2.373077161610126495e-02,-1.245865505188703537e-02,5.148258991539478302e-03,1.382976677268743515e-02,-2.143679745495319366e-02,1.787718199193477631e-02,2.674985304474830627e-02,-1.558320689946413040e-02,4.044778272509574890e-02,4.195073246955871582e-02,-7.481785025447607040e-03,-2.122585661709308624e-02,-1.238614413887262344e-02,-3.725731372833251953e-02,3.807470574975013733e-02,-6.077714264392852783e-03,-2.539522247388958931e-03,-1.713889092206954956e-02,4.361188411712646484e-02,1.002789940685033798e-03,1.522724516689777374e-02,-3.691453486680984497e-03,2.333525801077485085e-03,1.775852777063846588e-02,-1.547773648053407669e-02,-9.591187350451946259e-03,-1.009216997772455215e-02,-2.726401947438716888e-02,7.033537141978740692e-03,6.476523354649543762e-03,9.584595449268817902e-03,3.512154147028923035e-02,-1.637423224747180939e-02,-1.078431773930788040e-02,-2.945252507925033569e-02,3.020729403942823410e-03,-2.929431945085525513e-02,-4.320978187024593353e-03,1.760032214224338531e-02,5.975540261715650558e-03,-4.485115781426429749e-02,2.143679745495319366e-02,3.119607688859105110e-03,2.164773829281330109e-02,5.810743197798728943e-03,1.500312145799398422e-02,1.290031149983406067e-02,1.085682772099971771e-02,-2.595882862806320190e-02,2.974586328491568565e-03,3.723094612360000610e-02,1.326286513358354568e-02,-3.651902079582214355e-02,5.994492094032466412e-04,-1.923510991036891937e-02,1.874730922281742096e-02,2.503596432507038116e-02,3.195744007825851440e-02,5.599802825599908829e-03,9.334103204309940338e-03,-7.989360019564628601e-03,-1.110072806477546692e-02,-7.804787252098321915e-03,1.576777920126914978e-02,-3.886573016643524170e-02,-2.203006669878959656e-02,-2.056666836142539978e-02,-4.149589221924543381e-03,1.331559941172599792e-02,1.003943476825952530e-02,-1.082386914640665054e-02,2.132473513484001160e-03,-9.039117139764130116e-04,1.551728788763284683e-02,7.204926107078790665e-03,-6.193072069436311722e-03,-1.948560029268264771e-02,5.990701541304588318e-02,1.167422160506248474e-02,1.084364484995603561e-02,1.535908319056034088e-02,-1.752121932804584503e-02,1.491083484143018723e-02,-7.969584316015243530e-03,-1.541181840002536774e-02,-9.999883361160755157e-03,2.778889902401715517e-04,-2.932068705558776855e-02,2.929431945085525513e-02,-4.469295218586921692e-02,-2.134451083838939667e-02,-3.172013163566589355e-02,-9.083611890673637390e-03,2.017115615308284760e-02,1.121278945356607437e-02,2.845055796205997467e-02,-1.252457383088767529e-03,3.048085793852806091e-02,2.271562255918979645e-02,-2.580062299966812134e-02,1.633962499909102917e-03,9.808719158172607422e-03,3.261662647128105164e-02,-9.564819745719432831e-03,4.264947026968002319e-03,-3.477217163890600204e-03,-2.587972581386566162e-02,-5.523996427655220032e-03,-7.936624810099601746e-03,2.681577205657958984e-02,8.153332746587693691e-04,-2.363848499953746796e-02,-3.516768570989370346e-03,4.568173550069332123e-03,-7.518864586018025875e-04,9.301144629716873169e-03,1.192471291869878769e-02,4.102786630392074585e-02,-9.037468582391738892e-03,1.622921042144298553e-02,9.320919401943683624e-03,-3.438325226306915283e-02,-3.269572928547859192e-02,8.971550501883029938e-03,1.442303601652383804e-02,4.419856239110231400e-03,-1.890551485121250153e-02,6.967618130147457123e-03,3.092910535633563995e-02,-1.659835688769817352e-02,9.156122803688049316e-03,2.651584101840853691e-03,1.211587712168693542e-02,-5.886549595743417740e-03,-3.203654289245605469e-02,8.846304379403591156e-03,5.939284805208444595e-03,4.409968387335538864e-03,3.517427667975425720e-02,-2.544466033577919006e-02,-1.970972493290901184e-02,2.961073070764541626e-02,-3.777971724048256874e-04,-9.017692878842353821e-03,-1.285416819155216217e-02,-2.823961898684501648e-02
-2.942711301147937775e-02,-1.976155862212181091e-02,-1.617447659373283386e-02,5.873030982911586761e-03,-1.890065893530845642e-02,1.836585812270641327e-02,-2.076594159007072449e-02,-1.060471776872873306e-02,-4.017531406134366989e-03,-1.104168966412544250e-02,1.920066960155963898e-02,1.599186286330223083e-02,5.018653348088264465e-03,-1.638644142076373100e-03,8.967704139649868011e-03,2.407910116016864777e-02,3.782740607857704163e-02,-1.385917887091636658e-03,1.827455125749111176e-02,-1.346133928745985031e-02,-1.399614010006189346e-02,1.910936273634433746e-02,-1.544401701539754868e-02,-6.802411284297704697e-03,-2.034853585064411163e-02,6.012438097968697548e-04,1.437441445887088776e-02,-2.804445661604404449e-02,1.200694032013416290e-02,-7.125248666852712631e-04,-1.541792880743741989e-02,2.908797236159443855e-03,-1.437441445887088776e-02,-2.921841107308864594e-02,-1.631795987486839294e-02,-2.513565868139266968e-02,-7.408954203128814697e-03,-2.697485312819480896e-02,-2.490576007403433323e-04,-7.408954203128814697e-03,1.084276940673589706e-03,-5.279532168060541153e-03,5.517583806067705154e-03,4.278410226106643677e-03,-2.561828494071960449e-02,2.327037788927555084e-02,-1.904414221644401550e-02,-7.024158257991075516e-03,-1.221564318984746933e-02,-4.650162067264318466e-03,2.497913315892219543e-02,-8.674215525388717651e-03,-3.238563949707895517e-04,-2.178336866199970245e-02,-8.700303733348846436e-03,1.260043960064649582e-02,-1.059167366474866867e-02,2.817489579319953918e-02,-7.813315838575363159e-03,-7.624179124832153320e-03,2.447041869163513184e-02,7.350256200879812241e-03,-2.689659036695957184e-02,3.605343028903007507e-02,-1.488312799483537674e-02,-1.073515694588422775e-02,-2.877491712570190430e-02,8.537254296243190765e-03,-7.187207229435443878e-03,-1.498747896403074265e-02,4.993217810988426208e-02,3.140979260206222534e-02,7.402432151138782501e-03,-2.303558588027954102e-02,1.690819859504699707e-03,-4.296671599149703979e-02,-6.698059849441051483e-03,-5.204529501497745514e-03,2.771835715975612402e-04,4.933867603540420532e-03,8.850309066474437714e-03,-2.106595225632190704e-02,-4.496896173804998398e-03,-2.568024443462491035e-03,-6.854586768895387650e-03,2.597047202289104462e-02,8.595951832830905914e-03,2.295732311904430389e-02,3.169675916433334351e-02,-1.011557038873434067e-02,5.905640777200460434e-03,1.237869262695312500e-02,1.312219724059104919e-02,3.414901718497276306e-02,-2.663571201264858246e-02,6.945894565433263779e-03,-2.705311775207519531e-02,4.489721730351448059e-02,9.939476847648620605e-03,-1.959198713302612305e-02,7.148075383156538010e-03,-4.846636438742280006e-04,-5.996948108077049255e-03,-5.608891136944293976e-03,1.477877609431743622e-02,-1.198737509548664093e-02,-1.166127622127532959e-02,-1.708755269646644592e-02,1.878326386213302612e-02,-7.956799119710922241e-03,-7.051876309560611844e-05,2.900970727205276489e-02,1.451789774000644684e-02,-4.093186184763908386e-02,1.882239617407321930e-02,-3.307941555976867676e-02,1.176562812179327011e-02,-1.109386514872312546e-02,-7.924189791083335876e-03,-2.773140184581279755e-02,-1.563967578113079071e-02,4.536028020083904266e-03,1.207215990871191025e-02,-3.070541843771934509e-02,6.215434055775403976e-03,-2.421280136331915855e-03,-1.570489630103111267e-02,-1.960503123700618744e-02,-1.480486476793885231e-03,-2.380517870187759399e-02,4.265366122126579285e-02,1.108082104474306107e-02,3.790567070245742798e-02,-2.424867264926433563e-02,1.601794920861721039e-02,2.058332599699497223e-02,1.260043960064649582e-02,-1.364395394921302795e-02,3.730564843863248825e-03,-2.240947820246219635e-02,1.254826411604881287e-02,1.733538694679737091e-02,-2.302254317328333855e-03,-1.111995335668325424e-02,2.598351426422595978e-02,6.756757386028766632e-03,7.761140353977680206e-03,2.098768949508666992e-02,5.941511597484350204e-03,-7.800272200256586075e-03,-2.204424701631069183e-03,7.669832557439804077e-03,2.830533497035503387e-02,-3.109673783183097839e-02,2.367473952472209930e-02,3.187937289476394653e-02,-1.419179979711771011e-02,2.971407957375049591e-02,-1.189606729894876480e-02,3.759913844987750053e-03,-1.549619249999523163e-02,4.438198171555995941e-03,-6.613274104893207550e-03,-4.473661465453915298e-05,1.522063976153731346e-03,1.247652247548103333e-02,1.211129222065210342e-02,1.004382874816656113e-02,-1.052645407617092133e-02,-9.039445780217647552e-03,5.873030982911586761e-03,4.304498061537742615e-02,-2.299645356833934784e-02,1.425701938569545746e-02,-1.618262962438166142e-03,2.767922729253768921e-02,1.042862422764301300e-02,1.707450859248638153e-02,-2.608786709606647491e-02,4.822994116693735123e-03,-3.560993820428848267e-02,1.617447659373283386e-02,2.380517870187759399e-02,2.244860865175724030e-02,-6.900240667164325714e-03,-9.254670701920986176e-03,-1.031775120645761490e-02,-7.278514560312032700e-03,1.429615076631307602e-02,-1.330481190234422684e-02,1.742669567465782166e-02,3.198372572660446167e-02,6.839912384748458862e-04,1.647448725998401642e-02,-6.428050398826599121e-01,2.861512824892997742e-03,-1.520922593772411346e-02,3.841438330709934235e-03,4.102317150682210922e-03,4.178134840913116932e-04,2.856621332466602325e-02,3.655562410131096840e-03,-1.115908473730087280e-02,-2.008765703067183495e-03,-6.769801490008831024e-03,2.111812867224216461e-02,-1.451789774000644684e-02,-1.884848438203334808e-02,-1.124224043451249599e-03,-1.719190366566181183e-02,-1.820933073759078979e-02,-1.580924727022647858e-02,-2.196598425507545471e-02,5.315402988344430923e-03,-8.256809785962104797e-03,3.786001587286591530e-03,3.531645052134990692e-03,-1.939632929861545563e-02,5.752374418079853058e-03,1.908327452838420868e-02,1.300480123609304428e-02,-2.443128637969493866e-02,-7.506783585995435715e-03,-1.737451925873756409e-02,-1.777888089418411255e-02,3.399249166250228882e-02,-1.912240684032440186e-02,2.163988538086414337e-02,4.218408092856407166e-02,6.505661644041538239e-03,-1.440050266683101654e-02,1.145257335156202316e-02,3.425337001681327820e-02,2.426171675324440002e-02,-2.117030322551727295e-02,-4.891475196927785873e-03,2.098768949508666992e-02,-1.870500110089778900e-02,7.585047278553247452e-03,1.717885956168174744e-02,1.248956657946109772e-02,-1.719190366566181183e-02,2.081811800599098206e-02,-9.006835520267486572e-03,-3.031084081158041954e-03,1.912566716782748699e-03,-2.947928849607706070e-03,2.535740658640861511e-02,1.328524574637413025e-02,7.689398713409900665e-03,3.065324388444423676e-02,-2.177032455801963806e-02,-1.302762888371944427e-03,4.855604376643896103e-03,7.161119487136602402e-03,2.976625598967075348e-02,-2.920210594311356544e-03,-1.743973791599273682e-02,-1.776583679020404816e-02,1.909631863236427307e-02,3.397944616153836250e-03,2.424867264926433563e-02,1.457007322460412979e-02,-9.476417675614356995e-03,-2.263122471049427986e-03,2.287905849516391754e-02,-1.177867222577333450e-02,-2.535740658640861511e-02,-1.287436205893754959e-02,3.678389126434922218e-03,3.812089562416076660e-03,-3.527079522609710693e-02,1.754409051500260830e-03,-3.197394078597426414e-03,-1.191563345491886139e-02,-2.161379717290401459e-02,-3.015757352113723755e-02,3.466425230726599693e-03,6.159997545182704926e-03,-2.260513603687286377e-02,-1.830063760280609131e-02,-1.494834758341312408e-02,-3.857743227854371071e-03,3.887092228978872299e-03,4.884953144937753677e-03,1.917458139359951019e-02,6.052385084331035614e-03,-1.939632929861545563e-02,1.299827918410301208e-02,1.623969711363315582e-02,-6.985026411712169647e-03,1.623969711363315582e-02,1.031122915446758270e-02,6.231739185750484467e-03,-2.155510010197758675e-03,-1.874413155019283295e-02,1.763539761304855347e-02,3.975138533860445023e-03,2.779988339170813560e-03,5.824116058647632599e-03,-2.872274070978164673e-02,-5.902379634790122509e-04,1.923980191349983215e-02,-1.346133928745985031e-02,1.330481190234422684e-02,7.783050023135729134e-06,5.745852831751108170e-03,9.717729873955249786e-03,-1.646144315600395203e-02,-2.269644476473331451e-02,3.973181918263435364e-02,2.825642004609107971e-03,1.338022266281768680e-04,-2.433997951447963715e-02,2.294427901506423950e-02,2.403996884822845459e-02,-6.867630872875452042e-03,-2.599655836820602417e-02,2.989669516682624817e-02,2.283992804586887360e-02,1.050688792020082474e-02,-2.096160128712654114e-02,-2.854012511670589447e-02,-1.813106797635555267e-02,1.511791907250881195e-02,8.028540760278701782e-03,1.544401701539754868e-02,-6.019775290042161942e-03,2.117030322551727295e-02,1.588098821230232716e-03,2.028331719338893890e-02,-3.323594108223915100e-02,2.367473952472209930e-02,-8.445946499705314636e-03,2.448346279561519623e-02,-7.200251333415508270e-03,1.983982324600219727e-02,-1.487008389085531235e-02,1.364721567369997501e-03,-4.351456090807914734e-02,-3.975138533860445023e-03,-1.466138102114200592e-02,-5.115830525755882263e-02,2.256600419059395790e-03,1.213737949728965759e-02,-1.332437805831432343e-02,-1.101560145616531372e-02,6.535010412335395813e-03,-1.981373503804206848e-02,1.410375232808291912e-03,1.862673647701740265e-02,-1.010904833674430847e-02,-1.177867222577333450e-02,-1.985286734998226166e-02,1.837890222668647766e-02,2.731399610638618469e-02,-1.570489630103111267e-02,-1.297056092880666256e-03,9.515549056231975555e-03,-5.886075086891651154e-03,-2.118334732949733734e-02,-1.457007322460412979e-02,4.858864936977624893e-03,-1.824846304953098297e-02,-3.936006687581539154e-03,-1.648753136396408081e-02,-1.553532481193542480e-02,3.892309591174125671e-02,1.089820638298988342e-02,2.835425082594156265e-03,-1.815715432167053223e-02,-9.743818081915378571e-03,-1.767452992498874664e-02,2.351821213960647583e-02,1.570489630103111267e-02,-4.046880174428224564e-03,-2.088333666324615479e-02,-1.773974858224391937e-02,-1.266076811589300632e-03,-1.553532481193542480e-02,-2.059310907498002052e-03,8.067673072218894958e-03,1.142974710091948509e-03,-2.114747650921344757e-03,1.000469643622636795e-02,1.503965537995100021e-02,7.343734614551067352e-03,-1.261348370462656021e-02,1.211781427264213562e-02,2.585959853604435921e-03,8.452468551695346832e-03,8.348117582499980927e-03,-1.164171006530523300e-02,4.114056378602981567e-02,3.215329488739371300e-03,-6.093962583690881729e-04,3.039236366748809814e-02,-1.998330652713775635e-02,7.021304918453097343e-05,-4.098403826355934143e-02,2.326711546629667282e-03,-1.630491577088832855e-02,4.072315990924835205e-02,-3.141957335174083710e-03,-6.061352905817329884e-04,-1.239173673093318939e-02,-1.530053373426198959e-02,-4.115360789000988007e-03,-3.808828536421060562e-03,3.558384999632835388e-02,2.291819080710411072e-02,-1.226944965310394764e-03,8.087238296866416931e-03,-5.175180733203887939e-03,-4.232756327837705612e-03,-7.767662405967712402e-03,-4.402327351272106171e-03,1.817998243495821953e-03,-2.820098400115966797e-02,-5.494757089763879776e-03,1.305045560002326965e-02,4.946911707520484924e-03,-4.447981249541044235e-03,-5.837160162627696991e-03,-8.393771015107631683e-03,-8.882918395102024078e-03,1.286131795495748520e-02,1.280914247035980225e-02,-4.519722890108823776e-03,-1.765822526067495346e-03,1.974851451814174652e-02,-5.201268475502729416e-03,1.003078464418649673e-02,-2.495304495096206665e-02,2.312037162482738495e-03,1.083298679441213608e-02,1.391787640750408173e-02,-9.756862185895442963e-03,7.565481122583150864e-03,1.483095251023769379e-02,1.803975924849510193e-02,1.727016828954219818e-02,-8.850309066474437714e-03,9.417720139026641846e-03,-2.021809667348861694e-02,2.263122424483299255e-02,-2.085724845528602600e-02,-1.421788707375526428e-03,1.095038186758756638e-02,-3.954920545220375061e-02,3.365334821864962578e-03,1.476573292165994644e-02,3.334029391407966614e-02,1.540488563477993011e-02,-2.894122619181871414e-03,-3.616430563852190971e-03,-9.528593160212039948e-03,9.026401676237583160e-03,4.132318124175071716e-02,-1.056558638811111450e-02,1.357873436063528061e-02,-7.258948870003223419e-03,-2.007461339235305786e-02,1.264609303325414658e-02,-4.695815965533256531e-03,-3.469686210155487061e-02,2.233121357858181000e-02,1.227760221809148788e-03,5.171919707208871841e-03,-9.861213155090808868e-03,-9.248148649930953979e-03,-7.082855794578790665e-03,5.674111191183328629e-03,5.990426521748304367e-03,-6.469790823757648468e-03,-2.064854651689529419e-02,6.345873698592185974e-03,2.264426834881305695e-02,-2.654440468177199364e-03,-1.217651180922985077e-02,-3.670562803745269775e-02,-1.145909540355205536e-02,-1.010089530609548092e-03,-8.335073478519916534e-03,-2.005504677072167397e-03,3.151414170861244202e-02,9.352500550448894501e-03,-5.504539702087640762e-03,2.983799669891595840e-03,-1.346133928745985031e-02,2.045288681983947754e-02,-2.570959180593490601e-02,5.843682214617729187e-03,4.989304579794406891e-03,2.466933801770210266e-03,-1.717885956168174744e-02,3.089781617745757103e-03,1.076124515384435654e-02,3.524470701813697815e-02,-8.543776348233222961e-03,7.500261534005403519e-03,3.893614048138260841e-03,-1.955285668373107910e-02,-9.626423008739948273e-03,-1.554836891591548920e-02,-4.444720223546028137e-03,-2.660962380468845367e-02,-5.928467493504285812e-03,-3.352290764451026917e-02,-2.721290569752454758e-03,-2.149640209972858429e-02,-7.089377846568822861e-03,8.103543659672141075e-04,4.832777194678783417e-03,1.994417421519756317e-02,-2.531827427446842194e-02,-1.519618183374404907e-02,3.233264898881316185e-03,1.160388290882110596e-01,8.984009036794304848e-04,-1.920719165354967117e-03,2.775749005377292633e-02,-1.031122915446758270e-02,2.122247964143753052e-02,-9.809037670493125916e-03,-2.647918462753295898e-02,-9.854692034423351288e-03,-1.357873436063528061e-02,1.079385448247194290e-02,-5.702644702978432178e-04,2.989669516682624817e-02,-5.178441293537616730e-03,2.514870278537273407e-02,2.422910649329423904e-03,-2.414431981742382050e-02,-2.072355011478066444e-03,-2.848468953743577003e-03,7.885057479143142700e-03,-2.958364039659500122e-02,-7.493739482015371323e-03,-1.648753136396408081e-02,-2.111486683133989573e-04,2.186163142323493958e-02,-6.691537797451019287e-03,2.393561787903308868e-02,7.408954203128814697e-03,-1.382656954228878021e-02,-1.068950351327657700e-02,-1.994091318920254707e-03,9.476417675614356995e-03,4.147970583289861679e-03,3.122717700898647308e-02,1.216346770524978638e-02,1.122430432587862015e-02,-1.417712541297078133e-03,2.825316041707992554e-02,2.848795056343078613e-02,-4.573202878236770630e-02,1.333090011030435562e-02,2.561828494071960449e-02,8.713347837328910828e-03,-1.526140235364437103e-02,-1.090472843497991562e-02,4.154492635279893875e-03,-8.902484551072120667e-03,2.595742791891098022e-02,-2.415736392140388489e-02,-3.574037551879882812e-02,4.481895640492439270e-02,-1.569348271004855633e-03,-3.772305324673652649e-02,-3.774914145469665527e-02,-2.341386117041110992e-02,7.557328790426254272e-04,4.832777194678783417e-03,1.706146448850631714e-02,-3.495774231851100922e-03,1.703537628054618835e-02,-2.457476966083049774e-02,-2.937493845820426941e-02,9.117709472775459290e-03,7.516566547565162182e-04,-2.718355692923069000e-02,3.953942359657958150e-05,-2.199207060039043427e-02,3.675128100439906120e-03,-2.692267857491970062e-02,-4.490374121814966202e-03,1.292001549154520035e-02,-1.890065893530845642e-02,1.821259153075516224e-03,1.755713485181331635e-02,2.135291881859302521e-02,2.427475899457931519e-02,1.485703978687524796e-02,-2.483238698914647102e-03,1.034383941441774368e-02,9.802515618503093719e-03,1.044819038361310959e-02,-1.006991695612668991e-02,-1.003730669617652893e-02,-1.848325319588184357e-02,-7.956799119710922241e-03,3.031410090625286102e-02,-1.417875569313764572e-02,-1.917458139359951019e-02,-2.171814814209938049e-02,5.749113392084836960e-03,1.788323186337947845e-02,-1.258087344467639923e-02,1.407440379261970520e-02,2.132683061063289642e-02,1.213085837662220001e-02,5.670850165188312531e-03,4.513200744986534119e-02,-4.001226741820573807e-03,-4.258844070136547089e-03,-2.859230153262615204e-02,-1.084603089839220047e-02,7.467651739716529846e-03,1.254174206405878067e-02,1.278957631438970566e-02,1.824846304953098297e-02,9.763384237885475159e-03,-3.114891238510608673e-02,1.935719698667526245e-02,-2.187467552721500397e-02,-1.130909007042646408e-02,1.142648514360189438e-02,-2.556610852479934692e-02,-4.689293913543224335e-03,-3.602734208106994629e-02,-4.831472784280776978e-02,4.440154880285263062e-02,1.216998975723981857e-02,3.461859747767448425e-02,9.417720139026641846e-03,2.059637010097503662e-02,-2.402692474424839020e-02,-1.513096224516630173e-02,2.055723965167999268e-02,2.130074240267276764e-02,-7.050246000289916992e-03,-2.475086366757750511e-03,-2.216164208948612213e-02,-1.348742656409740448e-02,1.286131795495748520e-02,-4.783862736076116562e-03,-2.718029543757438660e-03,1.690493710339069366e-02,1.157649047672748566e-02,-1.960503123700618744e-02,-2.210946753621101379e-02,-1.919088652357459068e-03,-1.717885956168174744e-02,-1.282381708733737469e-03,-2.117030322551727295e-02,2.307145623490214348e-03,3.210030554328113794e-04,-2.030940353870391846e-02,-2.398779243230819702e-02,-1.712668500840663910e-02,-9.626423008739948273e-03,-3.910571336746215820e-02,1.017528702504932880e-04,4.725164733827114105e-03,1.454398594796657562e-02,2.003548108041286469e-02,-1.429941155947744846e-03,1.114604063332080841e-02,-2.854991005733609200e-03,2.624439448118209839e-02,-8.980748243629932404e-03,-8.107619942165911198e-04,-1.415266748517751694e-02,-2.196598425507545471e-02,2.767922729253768921e-02,1.067645940929651260e-02,2.143118157982826233e-02,1.860064826905727386e-02,1.096342597156763077e-02,1.770061813294887543e-02,-9.926433674991130829e-03,-1.884848438203334808e-02,2.153879497200250626e-03,-2.418345212936401367e-02,-3.297506272792816162e-02,9.854692034423351288e-03,1.995721831917762756e-02,7.382866460829973221e-03,8.824220858514308929e-03,-1.749191433191299438e-02,1.583533547818660736e-02,1.939632929861545563e-02,-7.911145687103271484e-03,1.231836504302918911e-03,-2.312689460813999176e-02,-2.604873478412628174e-02,-8.145936764776706696e-03,-2.921841107308864594e-02,9.424242191016674042e-03,-1.674840971827507019e-02,-1.716581545770168304e-02,-2.745748031884431839e-03,3.229678049683570862e-02,7.108943536877632141e-03,2.246817573904991150e-03,-1.368308626115322113e-02,3.062715567648410797e-02,-2.133987471461296082e-02,2.612699754536151886e-02,2.755530877038836479e-03,-1.553532481193542480e-02,-7.180685177445411682e-03,2.023114077746868134e-02,3.018366172909736633e-02,4.588203504681587219e-03,1.128300209529697895e-03,-6.811378989368677139e-04,-3.159892745316028595e-03,-1.922675780951976776e-02,-2.317906916141510010e-02,7.193729281425476074e-03,2.182250097393989563e-02,6.267610006034374237e-03,1.038297079503536224e-02,5.145831499248743057e-03,-2.285297028720378876e-02,-2.517071552574634552e-04,3.288701642304658890e-03,-2.190076373517513275e-02,-3.054889105260372162e-02,2.214859798550605774e-02,-8.172024041414260864e-03,-1.476573292165994644e-02,2.598351426422595978e-02,-2.088333666324615479e-02,-7.050246000289916992e-03,2.212577266618609428e-03,-4.624074324965476990e-03,1.780496910214424133e-02,-1.424397528171539307e-02,1.663101464509963989e-02,2.872274070978164673e-02,-6.802411284297704697e-03,-1.524835824966430664e-02,6.166519597172737122e-03,-1.985286734998226166e-02,1.893979124724864960e-02,2.945320121943950653e-02,-1.057373825460672379e-03,-2.752269990742206573e-02,-2.740856492891907692e-03,-1.453094184398651123e-02,-6.430658977478742599e-03,-8.511166670359671116e-04,-4.943650588393211365e-02,1.698320172727108002e-02,-5.243661347776651382e-03,7.682876661419868469e-03,1.704842038452625275e-02,-2.366169542074203491e-02,2.124530728906393051e-03,-6.417615339159965515e-03,-6.639361847192049026e-03,7.591569330543279648e-03,-3.537514805793762207e-02,-1.784410141408443451e-02,-1.860064826905727386e-02,-2.255296148359775543e-02,-5.625196266919374466e-03,1.796149648725986481e-02,-7.761140353977680206e-03,-1.455702912062406540e-02,1.286131795495748520e-02,4.239278379827737808e-03,1.001774054020643234e-02,2.066159062087535858e-02,-1.424397528171539307e-02,2.163988538086414337e-02,-3.207992413081228733e-04,-6.101300008594989777e-03,2.557833795435726643e-04,1.519618183374404907e-02,-2.653136104345321655e-02,8.462251862511038780e-04,5.129526834934949875e-03,2.324428968131542206e-02,-1.603099331259727478e-02,-1.097647007554769516e-02,3.316420130431652069e-03,1.679406384937465191e-03,-1.576685463078320026e-03,-1.321350410580635071e-02,-4.187102429568767548e-03,-1.583533547818660736e-02,-4.444720223546028137e-03,-1.119169499725103378e-02,3.269135719165205956e-03,1.240478083491325378e-02,3.472295030951499939e-02,-1.784410141408443451e-02,-1.472660060971975327e-02,-2.919232286512851715e-02,-2.455520443618297577e-03,-1.262652780860662460e-02,3.482730314135551453e-02,1.733212615363299847e-03,-2.497913315892219543e-02,7.754618301987648010e-03,-3.120108880102634430e-02,5.063654854893684387e-02,1.914849318563938141e-02,-3.063693875446915627e-03,5.227356217801570892e-03,4.513200744986534119e-02,-1.157649047672748566e-02,1.201998442411422729e-02,-1.961481524631381035e-03,9.124231524765491486e-03,-9.587290696799755096e-03,1.297219190746545792e-02,6.606752052903175354e-03,1.693102531135082245e-02,-1.147866132669150829e-03,-1.376134995371103287e-02,-3.688824176788330078e-02,2.293123491108417511e-02,-8.635084144771099091e-03,1.146561745554208755e-02,1.215042360126972198e-02,-3.430554270744323730e-02,-4.229495301842689514e-03,6.385005544871091843e-03,6.267610006034374237e-03,-2.854012511670589447e-02,-3.944485262036323547e-02,1.888761483132839203e-02,-4.901257809251546860e-03,4.813211504369974136e-03,2.833142317831516266e-02,-2.139205113053321838e-02,9.724251925945281982e-03,2.462694607675075531e-02,-6.743713282048702240e-03,2.984451875090599060e-02,-6.603491026908159256e-03,-2.180945686995983124e-02,-1.822889666073024273e-03,6.636101286858320236e-03,-3.125326335430145264e-02,-2.537045069038867950e-02,2.178336959332227707e-03,-2.343994751572608948e-02,-1.044166833162307739e-02,1.889739884063601494e-03,-2.702702954411506653e-02,-7.572003174573183060e-03,-2.872926415875554085e-03,2.979234419763088226e-02,-2.239643409848213196e-02,-4.601247608661651611e-03,-3.505557077005505562e-03,1.205259468406438828e-02,2.165292855352163315e-03,-4.053402226418256760e-03,-3.589690476655960083e-02,-4.596682265400886536e-02,-1.623969711363315582e-02,4.938433319330215454e-02,2.514218213036656380e-03,-2.835425082594156265e-03,-1.114604063332080841e-02,7.389388047158718109e-03,-4.325368255376815796e-02,-2.381822280585765839e-02,-1.441354583948850632e-02,1.092429459095001221e-02,1.437441445887088776e-02,2.280079573392868042e-02,1.843107864260673523e-02,1.027861982583999634e-02,1.607012562453746796e-02,4.234060645103454590e-02,-2.363560721278190613e-02,-1.097647007554769516e-02,2.080507390201091766e-02,-2.081811800599098206e-02,3.339246846735477448e-03,-4.715381655842065811e-03,-4.054054617881774902e-02,-1.817019842565059662e-02,2.606177888810634613e-02,1.262652780860662460e-02,1.196128688752651215e-02,2.367473952472209930e-02,8.015496656298637390e-03,-6.593708414584398270e-03,-4.467547114472836256e-04,-5.592586472630500793e-03,1.288740616291761398e-02,-9.672076441347599030e-03,1.428310666233301163e-02,-1.609621383249759674e-02,1.596577465534210205e-02,4.976260475814342499e-03,2.921841107308864594e-02,-1.468746922910213470e-02,8.719868957996368408e-03,2.866404363885521889e-03,1.572609180584549904e-03,-9.430763311684131622e-03,-1.138735376298427582e-02,-1.753104664385318756e-02,-3.231634385883808136e-03,-8.048106916248798370e-03,4.993217810988426208e-02,2.606177888810634613e-02,-7.767662405967712402e-03,1.747887022793292999e-02,-2.186163142323493958e-02,-1.711364090442657471e-02,6.244783289730548859e-03,8.419859223067760468e-03,-6.893718615174293518e-03,3.070215694606304169e-03,-1.661470974795520306e-03,-6.711103487759828568e-03,-1.080689858645200729e-02,-6.313263904303312302e-03,-7.872013375163078308e-03,-1.560054440051317215e-02,1.150474883615970612e-02,-8.667693473398685455e-03,-8.791610598564147949e-03,-4.638422653079032898e-02,1.493530347943305969e-02,2.749661169946193695e-02,-1.927893422544002533e-02,6.388266105204820633e-03,2.731399610638618469e-02,2.191380783915519714e-02,-8.719868957996368408e-03,-2.861838974058628082e-02,-1.905718632042407990e-02,6.893718615174293518e-03,-7.937232963740825653e-03,7.265470921993255615e-03,9.375326917506754398e-04,-2.958364039659500122e-02,-1.253522001206874847e-02,5.253443960100412369e-03,-1.957894302904605865e-02,1.170040853321552277e-02,1.827194243669509888e-01,-8.719868957996368408e-03,1.912566716782748699e-03,3.253157064318656921e-02,-1.035036146640777588e-02,1.700928993523120880e-02,1.370917353779077530e-02,-1.101560145616531372e-02,-1.917458139359951019e-02,7.761140353977680206e-03,-3.169675916433334351e-02,-7.448086049407720566e-03,-2.633244032040238380e-03,1.538368873298168182e-03,1.888761483132839203e-02,-3.879265859723091125e-02,-3.154022991657257080e-02,-3.443598374724388123e-02,5.233878269791603088e-03,-2.885317988693714142e-02,7.813315838575363159e-03,-2.178336959332227707e-03,5.327631370164453983e-04,-2.414431981742382050e-02,2.749661169946193695e-02,-1.220260001718997955e-02,-1.433528307825326920e-02,1.637013629078865051e-02,2.102681994438171387e-02,3.154022991657257080e-02,-1.300480123609304428e-02,-2.796619385480880737e-02,2.183228265494108200e-03,6.698059849441051483e-03,1.044819038361310959e-02,-1.681363023817539215e-02,1.907023042440414429e-02,-6.861108820885419846e-03,-1.223520934581756592e-02,2.091920701786875725e-03,1.428310666233301163e-02,-1.521452504675835371e-04,7.500261534005403519e-03,1.506574265658855438e-02,-1.073515694588422775e-02,-3.096303669735789299e-03,6.339351646602153778e-03,-2.290514670312404633e-02,-2.702702954411506653e-02,-3.580559743568301201e-03,-2.530523017048835754e-02,-3.322941949591040611e-03,1.490921620279550552e-02,3.151414170861244202e-02,-1.721799140796065331e-03,9.078577160835266113e-03,1.968329586088657379e-02,1.342220697551965714e-02,-3.962747007608413696e-02,-5.305619910359382629e-03,-1.393092051148414612e-02,2.122247964143753052e-02,-2.267035655677318573e-02,1.470051240175962448e-02,-7.089377846568822861e-03,3.498382866382598877e-02,-3.602734208106994629e-02,-1.056558638811111450e-02,9.437285363674163818e-03,-1.914849318563938141e-02,-2.100073266774415970e-03,-1.335698738694190979e-02,-6.130648776888847351e-03,1.955285668373107910e-02,1.256130822002887726e-02,-6.998070050030946732e-03,1.772670447826385498e-02,2.098768949508666992e-02,2.336494624614715576e-03,7.819837890565395355e-03,1.526955398730933666e-03,-1.603099331259727478e-02,-4.086012020707130432e-03,1.899196766316890717e-02,4.509939812123775482e-03,-1.102864556014537811e-02,3.041845187544822693e-02,8.543776348233222961e-03,-2.710529416799545288e-02,2.903579548001289368e-02,8.126370608806610107e-03,5.376546178013086319e-04,-4.470807965844869614e-03,-1.451789774000644684e-02,2.184858778491616249e-03,2.184858918190002441e-02,4.249061457812786102e-03,-6.006731186062097549e-03,-2.958364039659500122e-02,-1.080037653446197510e-02,-1.337003149092197418e-02,-7.832881994545459747e-03,8.615517988801002502e-03,-1.697015762329101562e-02,-2.380517777055501938e-03,1.095038186758756638e-02,2.822707220911979675e-02,2.015287615358829498e-02,-1.832672627642750740e-03,-2.188771963119506836e-02,1.036177505739033222e-03,-1.651361957192420959e-02,-1.224825344979763031e-02,-1.041884184814989567e-03,2.008765749633312225e-02,1.394396461546421051e-02,1.689189299941062927e-02,-1.057373825460672379e-03,9.209017269313335419e-03,8.902484551072120667e-03,1.852238550782203674e-03,-4.783862736076116562e-03,5.886075086891651154e-03,7.800272200256586075e-03,-2.498728572390973568e-04,-1.856151781976222992e-02,-4.116665199398994446e-02,1.459616143256425858e-02,-1.926589012145996094e-02,-3.297506272792816162e-02,1.959198713302612305e-02,-2.757487446069717407e-02,-1.447876635938882828e-02,1.091777253895998001e-02,1.670927926898002625e-02,-3.076737746596336365e-03,-8.269853889942169189e-03,-3.216633945703506470e-02,-2.694876678287982941e-02,5.175180733203887939e-03,-1.595273055136203766e-02,5.768679548054933548e-03,2.109204046428203583e-02,2.153553441166877747e-02,-9.750340133905410767e-03,-6.815454922616481781e-03,1.269826944917440414e-02,-7.689398713409900665e-03,-9.965565055608749390e-03,-7.441563997417688370e-03,-2.133987471461296082e-02,-5.054523935541510582e-04,2.024418488144874573e-02,-1.125691458582878113e-02,2.778357826173305511e-02,-1.453094184398651123e-02,-1.822237484157085419e-02,-2.540958113968372345e-02,1.037644874304533005e-02,3.016409464180469513e-03,-4.727121442556381226e-02,5.364317446947097778e-03,3.242721781134605408e-02,-1.819628663361072540e-02,-2.921841107308864594e-02,1.103516761213541031e-02,-1.641448587179183960e-01,8.204634301364421844e-03,7.950277067720890045e-03,-1.044166833162307739e-02,4.591464623808860779e-02,-5.357795394957065582e-03,4.158405959606170654e-02,1.110364799387753010e-03,-8.582907728850841522e-03,-2.131052548065781593e-03,-3.952311817556619644e-03,-3.443598281592130661e-03,-1.772670447826385498e-02,-1.044166833162307739e-02,-1.541792880743741989e-02,-3.499035025015473366e-03,-3.433163091540336609e-02,5.586064420640468597e-03,2.955755218863487244e-02,-4.643640480935573578e-03,1.404831651598215103e-02,1.893979124724864960e-02,5.426276475191116333e-03,-1.509183086454868317e-02,1.133517827838659286e-02,1.890065893530845642e-02,-1.387874502688646317e-02,1.222868729382753372e-02,5.654545035213232040e-03,-4.415371455252170563e-03,-1.623969711363315582e-02,3.988182637840509415e-03,4.557550325989723206e-02,1.717885956168174744e-02,1.387874502688646317e-02,-2.719660056754946709e-03,-2.038766816258430481e-02,-5.540410522371530533e-03,3.665345255285501480e-03,5.983904469758272171e-03,2.118334732949733734e-02,3.893614048138260841e-03,1.136778760701417923e-02,-6.430658977478742599e-03,-1.875065383501350880e-03,6.075211800634860992e-03,-1.010904833674430847e-02,4.483852069824934006e-03,3.360117226839065552e-02,-1.950068026781082153e-02,4.043619148433208466e-03,3.579438634915277362e-05,9.652510285377502441e-03,-1.048732269555330276e-02,1.189606729894876480e-02,8.961182087659835815e-03,-2.167901769280433655e-02,1.151127088814973831e-02,-6.289621815085411072e-04,-1.959198713302612305e-02,-2.692267857491970062e-02,1.920719165354967117e-03,1.059819571673870087e-02,1.245043426752090454e-02,1.873108744621276855e-02,-1.863978058099746704e-02,3.874048124998807907e-03,-1.334394421428442001e-02,-2.567046135663986206e-02,1.100255735218524933e-02,-1.824846304953098297e-02,-2.420954033732414246e-02,1.135474350303411484e-02,-1.142648514360189438e-02,2.637483365833759308e-02,-7.474173791706562042e-03,-2.474434114992618561e-02,3.185328468680381775e-02,1.169388648122549057e-02,-1.417875569313764572e-02,-1.195476483553647995e-02,2.367473952472209930e-02,-8.856831118464469910e-03,1.609621383249759674e-02,-1.110038720071315765e-02,9.921541204676032066e-04,-1.328524574637413025e-02,-2.466607838869094849e-02,-1.011720043607056141e-03,1.002426259219646454e-02,9.482939727604389191e-03,-2.441824227571487427e-02,6.750235334038734436e-03,-1.942241750657558441e-02,2.411823347210884094e-02,2.169206179678440094e-02,2.100073173642158508e-02,1.123734842985868454e-02,-1.536575332283973694e-02,-1.434832665836438537e-04,-1.104821171611547470e-02,-9.750340133905410767e-03,-2.527914196252822876e-02,1.901805400848388672e-02,5.550193600356578827e-03,-3.070215694606304169e-03,1.982677914202213287e-02,2.641396597027778625e-03,2.560524083673954010e-02,-9.151134145213291049e-05,-1.526140142232179642e-03,-1.108734309673309326e-02,9.841647930443286896e-03,2.032244764268398285e-02,4.125143866986036301e-03,-4.247430770192295313e-04,1.503965537995100021e-02,-5.351273808628320694e-03,5.745852831751108170e-03,-1.958220498636364937e-03,7.466347515583038330e-02,2.186163142323493958e-02,-3.253157064318656921e-02,7.806794252246618271e-03,-3.761870414018630981e-02,-1.820933073759078979e-02,-1.164562329649925232e-01,-2.242252044379711151e-02,-1.560054440051317215e-02,2.744443528354167938e-02,-6.071950774639844894e-03,2.450955100357532501e-02,1.957894302904605865e-02,-2.173445420339703560e-03,-2.147031389176845551e-02,-3.450120333582162857e-03,-3.776218742132186890e-03,-2.170510590076446533e-02,-1.001121848821640015e-02,-6.590447388589382172e-03,3.174893185496330261e-02,-1.721799187362194061e-02,2.543566981330513954e-03,-6.195868481881916523e-04,-4.255583044141530991e-03,1.613534614443778992e-02,-2.576176775619387627e-03,6.717625539749860764e-03,9.411198087036609650e-03,-3.114891238510608673e-02,-1.681036897934973240e-03,1.613534614443778992e-02,-1.528748963028192520e-02,2.620526216924190521e-02,1.116560678929090500e-02,5.383883602917194366e-03,1.044166833162307739e-02,-1.108734309673309326e-02,-2.718355692923069000e-02,5.132787860929965973e-03,-7.917667739093303680e-03,-4.170797765254974365e-03,-4.494939371943473816e-02,-1.434017438441514969e-03,2.667484339326620102e-03,-3.787958249449729919e-02,7.754618301987648010e-03,1.093733776360750198e-02,-2.678897697478532791e-03,6.045047775842249393e-04,1.617447659373283386e-02,-2.064202446490526199e-03,1.712668500840663910e-02,2.908797189593315125e-02,2.540958113968372345e-02,4.275149200111627579e-03,-1.398309692740440369e-02,-2.760096266865730286e-02,-6.332829594612121582e-03,-8.148382185027003288e-04,1.243086811155080795e-02,-2.461390197277069092e-02,2.396822674199938774e-03,1.093733776360750198e-02,-1.874413155019283295e-02,1.272598747164011002e-03,-1.137430965900421143e-02,1.578315906226634979e-02,-9.887301363050937653e-03,1.698320172727108002e-02,3.307941555976867676e-02,-2.367473952472209930e-02,5.951294675469398499e-03,2.131052548065781593e-03,1.402222830802202225e-02,-5.058437213301658630e-02,-1.029166299849748611e-02,-5.041480064392089844e-03,-1.001121848821640015e-02,4.236669465899467468e-02,-1.145257335156202316e-02,1.639622449874877930e-02,-8.295941166579723358e-03,-9.678598493337631226e-03,1.015470176935195923e-02,-9.841647930443286896e-03,-1.477877609431743622e-02,-1.493530347943305969e-02,1.457007322460412979e-02,7.258948870003223419e-03,9.763384237885475159e-03,4.128404892981052399e-03,-3.236525924876332283e-03,-3.297506272792816162e-02,-2.470520883798599243e-02,4.822994116693735123e-03,-5.700198933482170105e-03,2.103334292769432068e-03,1.467442512512207031e-02,-3.154022991657257080e-02,-6.704581901431083679e-03,1.847020909190177917e-02,-1.620056480169296265e-02,-2.238338999450206757e-02,8.172024041414260864e-03,1.108734309673309326e-02,-2.807054482400417328e-02,2.214859798550605774e-02,-5.027131736278533936e-02,2.940102480351924896e-02,-2.705311775207519531e-02,-1.289392821490764618e-02,2.837055595591664314e-03,-2.439215593039989471e-02,-4.689293913543224335e-03,3.094673156738281250e-03,-1.681363023817539215e-02,1.239173673093318939e-02,-7.813315838575363159e-03,2.447041869163513184e-02,6.062168162316083908e-03,-6.593708414584398270e-03,-2.974016778171062469e-02,1.708755269646644592e-02,-2.254969906061887741e-03,2.238665008917450905e-03,-7.767662405967712402e-03,-2.266383380629122257e-04,1.035036146640777588e-02,-3.365334821864962578e-03,1.217651180922985077e-02,-1.361460599582642317e-04,-1.759300474077463150e-03,3.049019491299986839e-03,-1.673536561429500580e-02,4.976260475814342499e-03,1.224173139780759811e-02,-6.515444722026586533e-03,6.698059849441051483e-03,-1.815715432167053223e-02,2.407910116016864777e-02,-6.004285532981157303e-04,7.102421484887599945e-03,-1.017426792532205582e-02,-1.398309692740440369e-02,2.019200846552848816e-02,1.785714551806449890e-02,6.579359620809555054e-02,-2.507044002413749695e-02,-1.427006255835294724e-02,1.749191433191299438e-02,4.656684119254350662e-03,-8.902484551072120667e-03,-3.126467636320739985e-04,-8.922050707042217255e-03,1.533966511487960815e-02,2.968799136579036713e-02,-9.235104545950889587e-03,4.630596190690994263e-02,4.119274020195007324e-02,-1.225477550178766251e-02,-2.496608905494213104e-02,-3.300115093588829041e-02,-3.107064962387084961e-02,1.574402675032615662e-02,-7.969843223690986633e-03,9.432394290342926979e-04,-1.527444552630186081e-02,3.284462541341781616e-02,2.255296148359775543e-02,5.846943240612745285e-03,3.388161770999431610e-03,5.409971345216035843e-03,6.430658977478742599e-03,-1.025905366986989975e-02,-1.117865089327096939e-02,-9.495983831584453583e-03,-2.123552374541759491e-02,1.138083171099424362e-02,1.519618183374404907e-02,-1.995721831917762756e-03,3.284462541341781616e-02,-2.127465605735778809e-02,-7.076333742588758469e-03,-7.095899898558855057e-03,-9.114448330365121365e-04,-3.641866147518157959e-02,-1.819017234083730727e-05,1.721799187362194061e-02,5.423015449196100235e-03,-3.229678049683570862e-02,3.971877507865428925e-03,3.117500105872750282e-03,4.526244942098855972e-03,-3.825133433565497398e-03,-3.050650004297494888e-03,1.522227004170417786e-02,7.474173791706562042e-03,-9.176407009363174438e-03,1.168736442923545837e-02,4.505374655127525330e-02,-6.649144925177097321e-03,-1.561358850449323654e-02,-3.106086514890193939e-03,-1.505147665739059448e-04,1.903109811246395111e-02,-8.209525258280336857e-04,4.281019046902656555e-02,8.909006603062152863e-03,1.006339490413665771e-02,-1.424397528171539307e-02,-1.215694565325975418e-02,-1.056558638811111450e-02,3.401857987046241760e-02,-2.351821213960647583e-02,-1.689189299941062927e-02,-3.485339134931564331e-02,-1.413636258803308010e-03,2.695202827453613281e-03,1.660492643713951111e-02,1.247652247548103333e-02,1.752778538502752781e-03,6.156736519187688828e-03,2.674006298184394836e-02,1.505759079009294510e-03,-7.904623635113239288e-03,-2.636178955435752869e-02,4.954085871577262878e-02,1.655275188386440277e-02,9.750340133905410767e-03,1.342220697551965714e-02,4.203407559543848038e-03,3.313159197568893433e-02,1.961807534098625183e-02,1.860390999354422092e-03,-1.828759536147117615e-02,5.233878269791603088e-03,-2.679223939776420593e-02,2.003548108041286469e-02,-3.675780445337295532e-02,-4.429719597101211548e-02,-7.050246000289916992e-03,-2.431389130651950836e-02,2.050506323575973511e-02,1.629187352955341339e-02,2.627048082649707794e-02,-1.947459205985069275e-02,3.007931075990200043e-02,3.975790739059448242e-02,-1.523531414568424225e-02,7.793750148266553879e-03,4.027314484119415283e-03,2.757487446069717407e-02,8.106804452836513519e-03,-1.997352344915270805e-03,-1.173953991383314133e-02,-3.474903851747512817e-02,1.281566452234983444e-02,-4.372978582978248596e-03,3.730564936995506287e-02,-1.103516761213541031e-02,-2.370082587003707886e-02,9.628053521737456322e-04,-6.287175696343183517e-03,7.108943536877632141e-03,7.969843223690986633e-03,-4.232756327837705612e-03,3.255765885114669800e-02,-1.780496910214424133e-02,1.188302319496870041e-02,6.808933336287736893e-03,-6.339351646602153778e-03,-3.117500059306621552e-02,2.336168475449085236e-02,-3.877309150993824005e-03,-1.814737217500805855e-03,-1.767452992498874664e-02,1.146561745554208755e-02,1.836585812270641327e-02,-1.712668500840663910e-02,-1.141996402293443680e-02,1.959851011633872986e-03,2.212577266618609428e-03,7.258948870003223419e-03,-1.844412088394165039e-02,6.548054516315460205e-03,-1.299501862376928329e-03,6.264348980039358139e-03,2.021809667348861694e-02,-1.869195699691772461e-02,-4.930606577545404434e-03,4.617552459239959717e-02,-1.479671220295131207e-03,-4.682771861553192139e-03,3.968616481870412827e-03,-2.997495792806148529e-02
-3.350113704800605774e-02,-2.268846333026885986e-02,-6.391664035618305206e-03,1.314634364098310471e-02,-1.620604470372200012e-02,1.732102036476135254e-02,-2.790032699704170227e-02,-6.871363148093223572e-03,-1.100066397339105606e-02,-1.242031343281269073e-02,-2.461698371917009354e-03,2.500916831195354462e-02,1.700986549258232117e-02,1.308638136833906174e-03,3.578294767066836357e-03,1.204433292150497437e-02,3.466797247529029846e-02,-7.240861188620328903e-03,3.361133858561515808e-03,-1.376865617930889130e-02,-4.787265788763761520e-03,-4.032064229249954224e-03,-3.746837610378861427e-03,-3.547098021954298019e-04,-1.752845942974090576e-02,-3.208796959370374680e-03,1.614122092723846436e-02,-3.230837360024452209e-02,6.988046690821647644e-03,1.601157337427139282e-02,-9.315234608948230743e-03,3.260656259953975677e-03,-1.485770195722579956e-02,-2.860042825341224670e-02,-1.471508946269750595e-02,-1.684132218360900879e-02,-2.293479442596435547e-02,5.792040377855300903e-03,1.500679762102663517e-03,1.627086894586682320e-03,1.523368246853351593e-02,-1.209619175642728806e-02,9.866240434348583221e-03,-6.404628977179527283e-03,-3.176384791731834412e-02,1.181744784116744995e-02,-3.304412588477134705e-03,5.082215648144483566e-03,-1.593378372490406036e-02,-6.890810560435056686e-03,6.323598790913820267e-03,1.329706050455570221e-03,-4.028822761029005051e-03,-1.890273205935955048e-02,-2.572223544120788574e-02,-1.294863061048090458e-03,-5.980030633509159088e-03,4.709476605057716370e-03,9.710662066936492920e-03,-2.346635423600673676e-02,1.988805830478668213e-02,7.827520021237432957e-04,-1.150629203766584396e-02,2.082152664661407471e-02,-1.978434063494205475e-02,-1.888976618647575378e-02,-2.839299105107784271e-02,5.104904412291944027e-04,-1.303614303469657898e-02,-1.345750037580728531e-02,5.626738816499710083e-02,3.946496173739433289e-02,7.325132377445697784e-03,-1.240734849125146866e-02,-3.393545979633927345e-03,-4.249873384833335876e-02,-4.045028705149888992e-03,-7.234378717839717865e-03,-1.168131735175848007e-02,2.272087614983320236e-03,1.049503497779369354e-02,-2.152162790298461914e-02,-1.946021988987922668e-02,9.286063723266124725e-04,7.260308135300874710e-03,2.784846909344196320e-02,-5.840658675879240036e-03,1.263423264026641846e-02,7.785384077578783035e-03,-4.839125089347362518e-03,-1.079322583973407745e-02,1.149332709610462189e-02,-5.244276020675897598e-03,3.606817498803138733e-02,-3.422716632485389709e-02,1.340564060956239700e-02,-9.276340715587139130e-03,3.321591019630432129e-02,6.479176692664623260e-03,-8.511414751410484314e-03,1.953800767660140991e-02,-1.690614596009254456e-02,-1.317227352410554886e-02,-1.015794929116964340e-02,8.589204400777816772e-03,-1.621901057660579681e-02,-9.289304725825786591e-03,-2.346635423600673676e-02,1.764433109201490879e-04,-9.879205375909805298e-03,-1.173965912312269211e-02,2.145680412650108337e-02,2.990015316754579544e-03,-4.356184974312782288e-02,2.459429390728473663e-02,-7.351062260568141937e-03,1.309448480606079102e-02,-5.798522848635911942e-03,1.002830080687999725e-02,-2.172906510531902313e-02,-1.137664355337619781e-02,-9.555084630846977234e-03,2.213097549974918365e-02,-1.813780516386032104e-02,1.176558900624513626e-02,-2.881434746086597443e-03,-9.192069061100482941e-03,-1.413167174905538559e-02,-2.390391658991575241e-03,-1.776182651519775391e-02,4.542878642678260803e-02,9.931064210832118988e-03,3.023399785161018372e-02,-2.364786155521869659e-02,6.125885061919689178e-03,1.686725206673145294e-02,1.567448675632476807e-02,-1.126644294708967209e-02,-1.308800186961889267e-02,-2.717429585754871368e-02,1.981027051806449890e-02,3.005249053239822388e-02,-1.612501451745629311e-03,-6.962117273360490799e-03,2.075670287013053894e-02,2.618897007778286934e-03,-1.824800739996135235e-03,2.209208160638809204e-02,9.380059316754341125e-03,-1.432614400982856750e-02,7.364027202129364014e-03,-1.046910509467124939e-02,2.478876709938049316e-02,-1.881197653710842133e-02,2.135308459401130676e-02,2.976726368069648743e-02,-3.189349779859185219e-03,4.109853133559226990e-02,-1.173965912312269211e-02,1.856564544141292572e-02,-1.738584600389003754e-02,2.847078070044517517e-02,1.493549160659313202e-02,-5.390130449086427689e-03,1.608936116099357605e-02,2.306444384157657623e-02,1.659499108791351318e-02,6.051337346434593201e-03,-2.111971750855445862e-02,-1.642644777894020081e-02,4.657617304474115372e-03,3.899822756648063660e-02,-1.996584795415401459e-02,1.514292880892753601e-02,-1.813456416130065918e-03,4.620667546987533569e-02,-2.482766052708029747e-03,1.121458318084478378e-02,-1.466322969645261765e-02,1.009960751980543137e-02,-3.754616528749465942e-02,8.005786687135696411e-03,3.267138823866844177e-02,3.163420036435127258e-02,6.670408416539430618e-03,8.880913257598876953e-03,5.323686054907739162e-04,-1.411870680749416351e-02,1.662091910839080811e-02,-2.367379143834114075e-02,1.887680217623710632e-02,1.409277692437171936e-02,4.476109519600868225e-03,1.431317906826734543e-02,-6.575765013694763184e-01,1.616715081036090851e-02,-5.869829561561346054e-03,1.538763986900448799e-03,-9.898652322590351105e-03,8.654028060846030712e-04,2.532032504677772522e-02,-3.724149195477366447e-03,-5.649427417665719986e-03,-7.026941049844026566e-03,-3.148834686726331711e-03,2.056222967803478241e-02,-5.675356835126876831e-03,-2.140494436025619507e-02,-2.489248523488640785e-03,-1.011905446648597717e-02,-2.250695601105690002e-02,-2.513881772756576538e-02,-2.963761612772941589e-02,3.288206644356250763e-03,2.071132650598883629e-03,1.063116546720266342e-02,3.756561316549777985e-03,-1.735991612076759338e-02,1.958986744284629822e-02,3.623570592026226223e-05,5.091939587146043777e-03,-1.018387917429208755e-02,-2.699927194043993950e-03,-1.186282560229301453e-02,-2.857449837028980255e-02,1.958986744284629822e-02,-2.673349156975746155e-02,3.013028018176555634e-02,3.938717395067214966e-02,4.028822761029005051e-03,-3.363078460097312927e-02,1.323709823191165924e-02,3.824626654386520386e-02,1.643941178917884827e-02,-1.114327646791934967e-02,-9.237445890903472900e-03,8.945737034082412720e-03,-1.405388209968805313e-02,9.383300202898681164e-04,2.202725596725940704e-02,8.349354378879070282e-03,-1.601157337427139282e-02,1.170724723488092422e-02,-4.197365604341030121e-03,5.963824689388275146e-03,-1.098121609538793564e-02,7.487192749977111816e-03,2.578705921769142151e-02,1.422080444172024727e-03,1.751549355685710907e-02,3.936124220490455627e-02,-2.437389269471168518e-02,-1.885087229311466217e-02,1.003964454866945744e-03,7.467745803296566010e-03,1.492252666503190994e-02,-4.801040922757238150e-04,-1.406684704124927521e-02,-1.452061627060174942e-02,-8.109505288302898407e-03,-6.116161588579416275e-03,2.841892093420028687e-02,1.907127350568771362e-02,6.728750187903642654e-03,-1.646534167230129242e-02,1.439096778631210327e-02,-1.825448870658874512e-02,-2.054926566779613495e-02,-3.506988286972045898e-03,3.171198815107345581e-02,1.532281632535159588e-03,-2.303851395845413208e-02,7.688147947192192078e-03,2.430906752124428749e-03,1.784285530447959900e-03,-9.833828546106815338e-03,-2.992284111678600311e-02,1.389830466359853745e-02,1.218694634735584259e-02,-2.092524617910385132e-02,-2.401087619364261627e-02,1.779423793777823448e-03,9.276340715587139130e-03,6.838951376266777515e-04,7.843726314604282379e-03,3.057108446955680847e-02,9.211516007781028748e-03,-2.349228411912918091e-02,9.289304725825786591e-03,1.733398623764514923e-02,-1.422242540866136551e-02,6.819503847509622574e-03,5.892517976462841034e-03,1.542815472930669785e-03,8.543826639652252197e-03,-2.729098079726099968e-03,-1.352191902697086334e-04,4.621963948011398315e-03,1.051448192447423935e-02,8.316942490637302399e-03,-2.468504756689071655e-02,1.222584024071693420e-02,2.039368823170661926e-02,-2.813369408249855042e-02,1.154518686234951019e-02,3.743596374988555908e-03,8.581100846640765667e-04,1.376703497953712940e-03,-1.419649552553892136e-02,-2.272735722362995148e-02,3.586073592305183411e-02,-1.153222192078828812e-02,2.758268965408205986e-03,-1.132478471845388412e-02,1.293242443352937698e-02,1.856564544141292572e-02,-2.983532845973968506e-03,-2.161238156259059906e-02,1.697096973657608032e-02,1.653016544878482819e-02,-4.696512129157781601e-03,-1.794333383440971375e-02,-2.233841270208358765e-02,-1.442986261099576950e-02,1.142202038317918777e-02,6.761162076145410538e-03,2.110675349831581116e-02,-3.558847587555646896e-03,3.350113704800605774e-02,-1.090342737734317780e-02,1.584303006529808044e-02,-2.481469698250293732e-02,2.157348766922950745e-02,-1.605046726763248444e-02,1.730805635452270508e-02,-1.915554516017436981e-03,8.440108038485050201e-03,-1.752845942974090576e-02,-8.692923001945018768e-03,-4.063179716467857361e-02,-9.555084630846977234e-03,-1.014498434960842133e-02,-4.415823146700859070e-02,2.012588229263201356e-04,6.287945434451103210e-03,-1.729509234428405762e-02,-8.705887943506240845e-03,6.070784758776426315e-03,-1.325654517859220505e-02,-1.262450939975678921e-03,2.337560057640075684e-02,-8.608651347458362579e-03,-1.173317711800336838e-02,-1.133126672357320786e-02,1.724323257803916931e-02,2.261067368090152740e-02,-2.722615562379360199e-02,3.562088822945952415e-03,1.931760646402835846e-02,3.626912832260131836e-03,-1.627087034285068512e-02,-1.154518686234951019e-02,1.478801597841084003e-03,-2.625379338860511780e-02,1.146739721298217773e-02,-2.631861716508865356e-03,-6.579654291272163391e-03,3.793511167168617249e-02,4.991461988538503647e-03,-1.768079586327075958e-03,-1.009960751980543137e-02,-1.809891127049922943e-02,-1.418353058397769928e-02,1.216749846935272217e-02,1.055337674915790558e-02,2.236434258520603180e-03,-3.425957867875695229e-03,-2.325567416846752167e-03,5.357718560844659805e-03,-6.145332474261522293e-03,-4.482591990381479263e-03,-1.212860457599163055e-02,-1.448172237724065781e-02,-1.590785384178161621e-02,4.858572501689195633e-03,1.887680217623710632e-02,6.709302775561809540e-03,-1.010608952492475510e-02,1.629679836332798004e-02,1.170886796899139881e-03,1.789147406816482544e-02,-9.310372988693416119e-04,-7.409404031932353973e-03,3.879078850150108337e-02,1.031352765858173370e-02,5.078974645584821701e-03,2.976726368069648743e-02,2.403356600552797318e-03,-4.184400662779808044e-03,-3.236022964119911194e-02,-9.775486774742603302e-03,-1.323061529546976089e-02,3.168606013059616089e-02,5.208623129874467850e-03,-8.647546172142028809e-03,-2.271439321339130402e-02,-1.240734849125146866e-02,1.032000966370105743e-02,-4.116335418075323105e-03,3.363078460097312927e-02,3.184163942933082581e-02,3.019186202436685562e-03,-1.148198265582323074e-03,-9.613426402211189270e-03,2.341773593798279762e-03,-4.887743387371301651e-03,1.761921308934688568e-02,1.238141907379031181e-03,-2.630565315485000610e-02,-1.371679641306400299e-02,1.484473701566457748e-02,3.108319593593478203e-03,-1.551890932023525238e-02,-1.299076620489358902e-02,-1.310258754529058933e-03,-8.453072980046272278e-03,1.787851005792617798e-02,4.382114857435226440e-03,1.986212842166423798e-02,-1.132478471845388412e-02,1.926574669778347015e-02,-7.500157691538333893e-03,1.558373309671878815e-02,-2.328484505414962769e-02,-6.709302775561809540e-03,1.646534167230129242e-02,2.038072235882282257e-02,-4.437215160578489304e-03,2.267549932003021240e-02,8.005786687135696411e-03,-9.861378930509090424e-04,1.776182651519775391e-02,-1.684132218360900879e-02,-1.058578863739967346e-02,-1.428724918514490128e-02,1.107196975499391556e-02,-1.905830949544906616e-02,1.165538746863603592e-02,1.831931434571743011e-02,-2.847078070044517517e-02,1.040428131818771362e-02,7.260308135300874710e-03,2.647419646382331848e-02,1.537629589438438416e-02,-6.174503359943628311e-03,1.166187040507793427e-02,-2.182954223826527596e-03,1.519478764384984970e-02,2.539811469614505768e-02,5.208623129874467850e-03,6.722267717123031616e-03,5.396612919867038727e-03,-2.083449251949787140e-02,-1.213508658111095428e-02,-9.788451716303825378e-03,-3.147862106561660767e-02,3.140083327889442444e-02,-6.573171820491552353e-03,5.907103768549859524e-04,-1.090990938246250153e-02,-9.004078805446624756e-03,8.563274517655372620e-03,6.090231705456972122e-03,1.292594149708747864e-02,-1.730805635452270508e-02,-2.542404457926750183e-02,1.782665029168128967e-02,2.010846138000488281e-02,6.761162076145410538e-03,-1.446875743567943573e-02,-1.632272824645042419e-02,-5.480884574353694916e-03,-4.310808144509792328e-03,7.701112888753414154e-03,1.063116593286395073e-03,2.456836402416229248e-02,4.336737561970949173e-03,-5.578120704740285873e-03,-1.662091910839080811e-02,-1.037835143506526947e-02,6.936187390238046646e-03,-3.329369798302650452e-02,-4.221674753352999687e-04,-9.405988268554210663e-03,-2.773259475361555815e-04,-2.602042630314826965e-02,-7.325132377445697784e-03,-2.254260936751961708e-03,2.790032699704170227e-02,-1.419649552553892136e-02,-9.418953210115432739e-03,-6.242568604648113251e-03,-1.315930858254432678e-02,3.821385558694601059e-03,8.336389437317848206e-03,2.233193023130297661e-03,-3.274917602539062500e-02,-1.640051789581775665e-02,-2.031589858233928680e-02,6.304151844233274460e-03,-1.564855687320232391e-02,-2.798784058541059494e-03,1.280277594923973083e-02,1.101362798362970352e-02,3.764988481998443604e-02,-6.113730487413704395e-04,-2.725208550691604614e-02,-7.227896247059106827e-03,1.137794032692909241e-01,1.927506527863442898e-04,3.844073973596096039e-03,2.528143115341663361e-02,-6.339804735034704208e-03,2.052333578467369080e-02,3.165040630847215652e-03,-3.290475532412528992e-02,1.860453980043530464e-03,-9.911617264151573181e-03,1.146739721298217773e-02,-1.868232898414134979e-02,2.022514492273330688e-02,1.235548872500658035e-02,1.201840303838253021e-02,8.516276720911264420e-04,-8.265082724392414093e-03,1.229066494852304459e-02,9.159657172858715057e-03,1.090990938246250153e-02,-1.621901057660579681e-02,-5.542467348277568817e-03,-1.274443417787551880e-02,5.694804247468709946e-03,8.453072980046272278e-03,-1.470212452113628387e-02,1.931760646402835846e-02,8.083575405180454254e-03,-8.511414751410484314e-03,-1.299076620489358902e-02,1.957690343260765076e-03,1.861750520765781403e-02,6.232845131307840347e-03,2.303851395845413208e-02,1.115624140948057175e-02,-1.436503883451223373e-02,2.996497787535190582e-03,2.469801343977451324e-02,1.208970975130796432e-02,-2.310333773493766785e-02,8.958701975643634796e-03,1.056634169071912766e-02,1.474101841449737549e-02,-5.902241915464401245e-03,-1.712978933937847614e-03,-6.375458091497421265e-03,-6.696337834000587463e-03,2.315519750118255615e-02,-2.569630555808544159e-02,-2.411459572613239288e-02,4.706235602498054504e-02,-1.131830178201198578e-02,-3.313812240958213806e-02,-1.799519360065460205e-02,-1.385940983891487122e-02,2.617276273667812347e-03,4.897466860711574554e-03,1.009960751980543137e-02,-1.103307586163282394e-02,3.124525584280490875e-02,-2.285700663924217224e-02,-3.383822366595268250e-02,5.234552547335624695e-03,7.091765291988849640e-03,-2.574816532433032990e-02,-1.188227254897356033e-02,-2.257177978754043579e-02,1.304910797625780106e-02,-2.366082556545734406e-02,-2.439982257783412933e-02,-2.262363908812403679e-03,-1.983619853854179382e-02,-1.056634169071912766e-02,1.471508946269750595e-02,2.401087619364261627e-02,7.992821745574474335e-03,1.732102036476135254e-02,-1.776182651519775391e-02,1.439096778631210327e-02,2.850643359124660492e-03,-9.146692231297492981e-03,-1.694504171609878540e-02,-1.026814989745616913e-02,-2.823741361498832703e-02,-2.847078070044517517e-02,2.235137857496738434e-02,-8.589204400777816772e-03,-3.324183821678161621e-02,-3.510229522362351418e-03,9.905135259032249451e-03,7.992821745574474335e-03,1.263423264026641846e-02,1.325006224215030670e-02,1.489659678190946579e-02,7.026941049844026566e-03,-7.364027202129364014e-03,3.541993349790573120e-02,5.869829561561346054e-03,-8.893877267837524414e-03,-2.172906510531902313e-02,-9.315234608948230743e-03,1.253051403909921646e-02,1.445579249411821365e-02,3.106698859483003616e-03,1.544111967086791992e-02,1.179151888936758041e-02,3.187729045748710632e-03,3.093409910798072815e-02,-1.182393077760934830e-02,-6.511589046567678452e-03,1.595971360802650452e-02,-2.600746229290962219e-02,-1.395016349852085114e-02,-2.617600373923778534e-02,-3.038957528769969940e-02,1.577820628881454468e-02,1.901941560208797455e-02,3.764988481998443604e-02,9.710662066936492920e-03,1.454654615372419357e-02,-2.517771162092685699e-02,-1.369086746126413345e-02,1.255644392222166061e-02,3.923159465193748474e-02,-2.152162790298461914e-02,1.172669418156147003e-02,-2.040665224194526672e-02,-1.387237478047609329e-02,1.139284926466643810e-03,-1.803408749401569366e-02,-1.164242252707481384e-02,-6.190709304064512253e-03,1.902589690871536732e-03,-2.591670677065849304e-02,-2.376454509794712067e-02,4.258948843926191330e-03,-3.584777237847447395e-03,-1.081915572285652161e-02,-5.788799375295639038e-03,-4.631687887012958527e-03,-5.017391405999660492e-03,-7.986338809132575989e-03,-2.010846138000488281e-02,-9.924582205712795258e-03,-2.388122864067554474e-02,-3.059701435267925262e-02,-6.203674245625734329e-03,4.378873389214277267e-03,2.246806025505065918e-02,2.433499693870544434e-02,-1.057282369583845139e-02,9.383300202898681164e-04,-8.446590974926948547e-03,2.782253921031951904e-02,1.670843223109841347e-03,-8.440108038485050201e-03,-1.833227835595607758e-02,-1.732102036476135254e-02,2.319409139454364777e-02,5.163245834410190582e-03,4.828105121850967407e-02,2.229951880872249603e-02,2.073077298700809479e-02,2.202725596725940704e-02,-2.277921698987483978e-02,-1.398905832320451736e-02,-1.009312458336353302e-02,-8.200258947908878326e-03,-4.065772518515586853e-02,9.814380668103694916e-03,2.319409139454364777e-02,1.239438354969024658e-02,1.118217129260301590e-02,-4.197365604341030121e-03,1.733398623764514923e-02,-8.498449809849262238e-03,-8.783676661550998688e-03,1.168131735175848007e-02,-2.408866584300994873e-02,-1.647830754518508911e-02,-5.344753619283437729e-03,-1.170076429843902588e-02,1.894162595272064209e-02,-1.014498434960842133e-02,-3.341686446219682693e-03,-7.467745803296566010e-03,1.851378567516803741e-02,7.117695175111293793e-03,9.619908407330513000e-03,-2.122343704104423523e-02,1.939539425075054169e-02,-2.105489373207092285e-02,4.819677677005529404e-03,4.083923529833555222e-03,-6.271739490330219269e-03,-1.335378177464008331e-02,8.984631858766078949e-03,4.335441067814826965e-02,5.743422545492649078e-03,1.224366715177893639e-03,6.470263469964265823e-04,2.651308896020054817e-03,-3.717666724696755409e-03,-1.866936497390270233e-02,-2.709650667384266853e-03,9.581013582646846771e-03,5.805005319416522980e-03,1.237493660300970078e-02,8.161364123225212097e-03,-2.935238927602767944e-02,-1.118865329772233963e-02,-4.929878748953342438e-03,-1.532443612813949585e-02,-4.348406195640563965e-02,1.605046726763248444e-02,7.603876292705535889e-03,-2.293479442596435547e-02,1.149332709610462189e-02,-6.975081749260425568e-03,-1.270553935319185257e-02,1.662091910839080811e-02,-1.667277887463569641e-02,2.202725596725940704e-02,-1.207674480974674225e-02,1.519478764384984970e-02,1.695800572633743286e-02,-7.966891862452030182e-03,-1.022925600409507751e-02,2.222172915935516357e-02,-9.963477030396461487e-03,1.532443612813949585e-02,2.981912344694137573e-02,1.220639329403638840e-02,-1.761921308934688568e-02,1.321116834878921509e-02,9.697697125375270844e-03,-2.129474421963095665e-03,7.623323705047369003e-03,-2.534625492990016937e-02,1.020332612097263336e-02,4.540933761745691299e-03,1.876660040579736233e-03,1.200543809682130814e-02,-1.514292880892753601e-02,3.212038194760680199e-03,-1.995288208127021790e-02,-1.678946241736412048e-02,-5.429025040939450264e-04,-3.661269694566726685e-02,-1.947318390011787415e-02,-1.572634652256965637e-02,-3.855742141604423523e-02,-2.777067944407463074e-02,1.583006419241428375e-02,-7.584429346024990082e-03,-1.828041858971118927e-02,3.121932595968246460e-02,-3.124525537714362144e-03,-1.196816447190940380e-03,2.215690538287162781e-02,-2.943017892539501190e-02,3.215279430150985718e-02,7.124177645891904831e-03,-1.881197653710842133e-02,-8.718851953744888306e-03,3.357892623171210289e-03,-2.865228801965713501e-02,5.069251172244548798e-03,-8.654028177261352539e-03,2.507399395108222961e-02,-1.632272824645042419e-02,-4.745332626043818891e-05,1.649127155542373657e-02,5.068440805189311504e-04,8.641063235700130463e-03,-1.512996386736631393e-02,-5.676167202182114124e-04,-2.826334210112690926e-03,-1.238141860812902451e-02,-1.841006800532341003e-02,5.143798887729644775e-03,6.229603663086891174e-03,9.892170317471027374e-03,-1.847489178180694580e-02,-8.984631858766078949e-03,-2.394605241715908051e-02,-1.789147383533418179e-03,-8.725334890186786652e-03,2.673349156975746155e-02,-1.589002786204218864e-03,-2.576112933456897736e-02,-1.630328129976987839e-03,-2.699278853833675385e-02,2.451650612056255341e-02,1.909720338881015778e-02,-5.101663060486316681e-03,4.511762876063585281e-03,4.726979136466979980e-02,-1.572634652256965637e-02,3.740355139598250389e-03,5.234552547335624695e-03,1.328895706683397293e-02,-2.215690538287162781e-02,1.319172047078609467e-02,1.767107099294662476e-02,1.039617811329662800e-03,-3.973722457885742188e-03,-3.860928118228912354e-02,-1.818966493010520935e-02,3.649601479992270470e-03,6.080508232116699219e-03,5.749905016273260117e-03,1.511699892580509186e-02,-2.657791413366794586e-02,1.494845654815435410e-02,5.803789827041327953e-05,1.872122287750244141e-02,-3.352625644765794277e-04,-2.875600755214691162e-02,1.891569606959819794e-02,3.951034042984247208e-03,-1.266016252338886261e-02,2.332374081015586853e-02,-2.534625492990016937e-02,3.604224417358636856e-03,3.300847485661506653e-02,-9.217998944222927094e-03,1.528554223477840424e-02,-2.258474379777908325e-02,-2.333670621737837791e-03,-4.696512129157781601e-03,-8.310459554195404053e-03,-2.815962396562099457e-02,-3.282696381211280823e-02,-5.258861929178237915e-04,-1.874715276062488556e-02,-3.182867309078574181e-03,6.116161588579416275e-03,-3.228244185447692871e-02,-1.764514297246932983e-02,-5.425783805549144745e-03,8.459555916488170624e-03,-1.081267371773719788e-02,-1.684132218360900879e-02,2.777716144919395447e-03,-5.633221473544836044e-03,2.802025293931365013e-03,-1.615418680012226105e-02,-4.431381076574325562e-02,-3.803883120417594910e-02,-1.698393560945987701e-02,4.784024506807327271e-02,-1.109789963811635971e-02,2.388771157711744308e-03,-8.485484868288040161e-03,1.433910895138978958e-02,-5.248165875673294067e-02,-1.791740395128726959e-02,-1.118217129260301590e-02,4.271913319826126099e-03,2.885972522199153900e-02,2.332374081015586853e-02,1.035242155194282532e-02,1.735667465254664421e-03,3.672289894893765450e-03,2.932645939290523529e-02,-2.481469698250293732e-02,3.058080794289708138e-03,1.471508946269750595e-02,-3.010435029864311218e-02,1.506514009088277817e-02,1.008016057312488556e-03,-2.841892093420028687e-02,-1.400202326476573944e-02,2.432203292846679688e-02,1.046910509467124939e-02,9.561566635966300964e-03,8.453072980046272278e-03,1.702282950282096863e-02,-2.027700468897819519e-02,-7.552016992121934891e-03,-4.887743387371301651e-03,2.189436694607138634e-03,1.282870583236217499e-02,7.454780861735343933e-03,-2.867821790277957916e-02,1.363900769501924515e-02,-6.180985830724239349e-03,1.839710213243961334e-02,-4.972014576196670532e-03,1.960283145308494568e-02,1.004126574844121933e-02,-1.099418103694915771e-02,-2.185871452093124390e-02,-1.533740106970071793e-02,-5.970307160168886185e-03,2.490869257599115372e-03,9.942408651113510132e-04,3.962054103612899780e-02,1.783961430191993713e-02,-1.442986261099576950e-02,1.846192590892314911e-02,-1.129237189888954163e-02,-3.921863157302141190e-03,1.737288013100624084e-02,7.415886502712965012e-03,-2.301258407533168793e-02,-1.397771411575376987e-03,2.891158452257514000e-03,-3.617189452052116394e-02,-1.207026280462741852e-02,-8.122470229864120483e-03,1.381565351039171219e-03,-1.843599788844585419e-02,3.031178750097751617e-02,5.510055343620479107e-04,-9.068902581930160522e-03,-4.680305719375610352e-02,1.463729981333017349e-02,2.885972522199153900e-02,-1.790443807840347290e-02,9.769003838300704956e-03,7.824278436601161957e-03,4.936361219733953476e-03,-1.316579151898622513e-02,-2.394605241715908051e-02,-1.195357926189899445e-02,-3.766285022720694542e-03,1.050962018780410290e-03,4.015857819467782974e-03,-1.618011482059955597e-02,-2.040665224194526672e-02,-1.708117197267711163e-03,1.467619463801383972e-02,-2.643530070781707764e-02,7.688147947192192078e-03,2.132456302642822266e-01,-1.032649166882038116e-02,8.861465379595756531e-03,3.663862869143486023e-02,-1.009312458336353302e-02,1.140905544161796570e-02,2.988394815474748611e-03,-4.395079333335161209e-03,-1.586895994842052460e-02,-9.017043747007846832e-03,-3.090816922485828400e-02,-7.688147947192192078e-03,-1.299076620489358902e-02,6.142091006040573120e-03,1.842303201556205750e-02,-2.764103002846240997e-02,-2.836706116795539856e-02,-2.441278658807277679e-02,-4.936361219733953476e-03,-3.389008343219757080e-02,1.835820823907852173e-02,-7.584429346024990082e-03,-1.682390138739719987e-04,-2.058815956115722656e-02,2.753731235861778259e-02,-2.176796086132526398e-02,-2.562175737693905830e-03,6.537518464028835297e-03,2.464615367352962494e-02,9.892170317471027374e-03,-1.922685280442237854e-02,-1.270553935319185257e-02,1.105900574475526810e-02,-8.906842209398746490e-03,4.602517001330852509e-03,-1.785258017480373383e-02,1.064413040876388550e-02,-1.374272629618644714e-02,-1.173965912312269211e-02,1.528554223477840424e-02,3.182867309078574181e-03,-4.213571548461914062e-03,-1.112545025534927845e-03,1.484473701566457748e-02,-6.018924992531538010e-03,-9.480536682531237602e-04,8.018751628696918488e-03,-1.877308264374732971e-02,-6.741714663803577423e-03,-1.232955884188413620e-02,-2.204022184014320374e-02,-1.230362989008426666e-02,5.072492174804210663e-03,4.052807763218879700e-02,1.432614400982856750e-02,7.247343659400939941e-03,1.341860555112361908e-02,1.767107099294662476e-02,-3.588666766881942749e-02,1.997881196439266205e-02,-1.689318194985389709e-02,2.460725978016853333e-02,-1.730805635452270508e-02,2.660384401679039001e-02,1.733398623764514923e-02,2.572223544120788574e-02,-4.117631912231445312e-02,1.583006419241428375e-02,1.149981003254652023e-02,-2.481469698250293732e-02,6.676890887320041656e-03,-1.317227352410554886e-02,-7.869655266404151917e-03,1.407981198281049728e-02,5.740181077271699905e-03,-5.821211263537406921e-03,9.457848034799098969e-03,9.250410832464694977e-03,1.146739721298217773e-02,4.294602200388908386e-03,-2.268846333026885986e-02,-2.281811088323593140e-02,4.489074461162090302e-03,2.156052179634571075e-02,2.376454509794712067e-02,-2.408218337222933769e-03,1.780072040855884552e-02,2.829575445502996445e-03,-2.206615172326564789e-02,2.720022574067115784e-02,1.254996191710233688e-02,-1.027463283389806747e-02,-2.061408944427967072e-03,-1.054689381271600723e-02,5.931412801146507263e-03,3.129711374640464783e-02,-4.489074461162090302e-03,2.537866588681936264e-03,-1.773589663207530975e-02,-7.240861188620328903e-03,-2.010846138000488281e-02,-1.225825306028127670e-02,2.331077493727207184e-02,-6.206915248185396194e-03,-1.350935921072959900e-02,3.597741946578025818e-03,2.301258407533168793e-02,2.086042240262031555e-02,-4.466386046260595322e-03,-2.176796086132526398e-02,-2.115861326456069946e-02,-8.187294006347656250e-03,-1.183689571917057037e-02,-8.595686405897140503e-03,3.433088585734367371e-02,1.095528621226549149e-02,4.301084205508232117e-03,7.454780861735343933e-03,-3.519952995702624321e-03,5.646185949444770813e-03,-9.243927896022796631e-03,-1.048855204135179520e-02,2.058815956115722656e-02,1.636162400245666504e-02,-9.937547147274017334e-03,-2.481469698250293732e-02,-3.726093843579292297e-02,7.571464404463768005e-03,-7.629806175827980042e-03,-3.482355177402496338e-02,2.065298333764076233e-02,-1.842303201556205750e-02,5.104904412291944027e-04,2.482766099274158478e-02,-1.078026089817285538e-02,-8.005786221474409103e-04,3.176384838297963142e-03,-4.446939006447792053e-02,-2.297369018197059631e-02,1.188227254897356033e-02,-6.851915735751390457e-03,6.813021376729011536e-03,3.430495783686637878e-02,9.483777917921543121e-03,-1.402795314788818359e-02,-8.986252360045909882e-04,-1.650585676543414593e-03,-3.623671829700469971e-03,-1.668574474751949310e-02,-1.387237478047609329e-02,-5.882794503122568130e-03,-1.470212452113628387e-02,1.905830949544906616e-02,-2.815962396562099457e-02,1.903237961232662201e-02,-1.653016544878482819e-02,-9.042973630130290985e-03,-2.683721110224723816e-02,-5.322065204381942749e-03,-1.601157337427139282e-02,-4.371742904186248779e-02,-9.781968779861927032e-03,2.393308840692043304e-02,-1.839386182837188244e-03,-2.075670287013053894e-02,-6.988046690821647644e-03,-1.641866862773895264e-01,1.091639231890439987e-02,1.441689766943454742e-02,1.102011068724095821e-03,2.709650807082653046e-02,-9.328199550509452820e-03,3.949088975787162781e-02,1.110438257455825806e-02,-7.364027202129364014e-03,-7.266790606081485748e-03,1.332947169430553913e-03,2.720589982345700264e-04,-2.777067944407463074e-02,-3.111560596153140068e-03,-4.327014088630676270e-03,-5.046562291681766510e-03,-2.633158303797245026e-02,-6.359252147376537323e-03,1.296483632177114487e-02,1.936622429639101028e-03,4.411285743117332458e-03,5.279929377138614655e-03,-1.678946241736412048e-02,-1.458544097840785980e-02,1.897727954201400280e-03,1.185634266585111618e-02,-7.597393821924924850e-03,1.144146826118230820e-02,1.629517879337072372e-03,-2.507075201719999313e-03,-3.197128698229789734e-02,6.132367532700300217e-03,3.694978356361389160e-02,1.996584795415401459e-02,2.213097549974918365e-02,7.999303750693798065e-03,-7.707595359534025192e-03,3.636231413111090660e-04,-1.256940886378288269e-02,1.361307781189680099e-02,2.834113128483295441e-02,1.198599115014076233e-02,1.041724625974893570e-02,-1.006071269512176514e-02,2.813774626702070236e-04,4.516948759555816650e-02,-1.092287432402372360e-02,3.048357088118791580e-03,3.225651383399963379e-02,-1.933057047426700592e-02,9.846793487668037415e-03,7.576326024718582630e-04,-2.827954944223165512e-03,-4.835884086787700653e-03,4.177918657660484314e-03,8.978148922324180603e-03,-2.699278853833675385e-02,3.318998217582702637e-02,5.315582733601331711e-03,3.019186202436685562e-03,-1.649127155542373657e-02,-4.416147421579807997e-04,6.697148201055824757e-04,1.072029932402074337e-03,1.498735044151544571e-02,-2.261067368090152740e-02,-1.146739721298217773e-02,-8.777193725109100342e-03,-2.984505333006381989e-02,2.831196179613471031e-03,-1.142202038317918777e-02,-6.048095878213644028e-03,-8.433626033365726471e-03,-9.221239597536623478e-04,8.991113863885402679e-03,-1.069599020411260426e-04,-2.379047498106956482e-02,3.051922470331192017e-02,1.240734849125146866e-02,-2.427017316222190857e-02,1.571176107972860336e-03,2.585188299417495728e-02,-9.794933721423149109e-03,-6.485659163445234299e-03,-1.977137522771954536e-03,-1.830634847283363342e-02,-7.422368507832288742e-03,-7.448298390954732895e-03,-5.970307160168886185e-03,-9.094832465052604675e-03,1.485770195722579956e-02,-1.641348190605640411e-02,1.721730269491672516e-02,-2.585188299417495728e-02,1.702282950282096863e-02,1.995288208127021790e-02,1.663388498127460480e-02,2.222172915935516357e-02,-1.235548872500658035e-02,1.730805612169206142e-03,-6.813021376729011536e-03,-3.951034042984247208e-03,-2.214393950998783112e-02,2.709650807082653046e-02,2.322002127766609192e-02,4.800230730324983597e-03,2.332374081015586853e-02,1.467619463801383972e-02,2.301258407533168793e-02,2.408866584300994873e-02,-1.624494045972824097e-02,-7.688147947192192078e-03,2.233841270208358765e-02,2.350524812936782837e-02,1.557400915771722794e-03,4.849659162573516369e-04,1.557076815515756607e-02,-1.189523749053478241e-02,-5.516537930816411972e-03,6.774127017706632614e-03,6.793574243783950806e-02,2.096414007246494293e-02,-2.823741361498832703e-02,7.409404031932353973e-03,-3.692385181784629822e-02,-2.574816532433032990e-02,-1.110827177762985229e-01,-2.753731235861778259e-02,3.837591502815485001e-03,2.318112738430500031e-02,-7.480710279196500778e-03,1.975841075181961060e-02,1.426132023334503174e-02,2.507075201719999313e-03,-1.847489178180694580e-02,3.694978309795260429e-03,-1.040428131818771362e-02,-3.184163942933082581e-02,-1.746201451169326901e-04,-1.148684509098529816e-02,4.879964515566825867e-02,-1.057282369583845139e-02,1.138960849493741989e-02,8.206740953028202057e-03,-5.668874830007553101e-03,1.956393755972385406e-02,2.455215901136398315e-03,1.428724918514490128e-02,2.876573009416460991e-03,-2.472394332289695740e-02,5.795281846076250076e-03,2.216986939311027527e-02,-1.161649357527494431e-02,2.541107870638370514e-02,1.812484115362167358e-02,1.175262406468391418e-02,5.788799375295639038e-03,-2.477580122649669647e-02,-1.080619078129529953e-02,2.823092974722385406e-03,-1.831931434571743011e-02,-2.012142539024353027e-02,-4.151340574026107788e-02,2.583243651315569878e-03,9.966717334464192390e-04,-3.876486048102378845e-02,8.232670836150646210e-03,1.685428619384765625e-02,5.996236577630043030e-03,-1.044965814799070358e-02,8.417014760198071599e-05,-2.491841465234756470e-02,5.312341731041669846e-03,2.945610880851745605e-02,2.974133379757404327e-02,7.519605103880167007e-03,-1.151925697922706604e-02,-2.025107480585575104e-02,-9.101315401494503021e-03,-8.926290087401866913e-03,2.537218481302261353e-02,-2.467208355665206909e-02,2.508695796132087708e-02,7.694630417972803116e-03,-1.653016544878482819e-02,3.801938146352767944e-03,-6.544000934809446335e-03,2.319085178896784782e-03,-2.451164473313838243e-04,-9.756039362400770187e-04,9.049455635249614716e-03,-5.318824201822280884e-03,9.937547147274017334e-03,2.886296715587377548e-03,6.022166460752487183e-03,-5.937894806265830994e-02,-4.346461500972509384e-03,-1.240734849125146866e-02,-2.397198230028152466e-02,3.479762002825737000e-02,-1.651720143854618073e-02,1.791740395128726959e-02,-8.329907432198524475e-03,2.050064736977219582e-03,8.414179086685180664e-03,-6.291186902672052383e-03,-7.603876292705535889e-03,-8.582721464335918427e-03,1.545408461242914200e-02,6.052958196960389614e-04,3.827219828963279724e-02,1.461137086153030396e-02,4.100129473954439163e-03,-2.454243414103984833e-02,-2.412755973637104034e-02,-5.691563244909048080e-03,9.224480949342250824e-03,3.239588346332311630e-03,3.140083327889442444e-02,-2.066594921052455902e-02,-1.616715081036090851e-02,3.580887615680694580e-02,-1.166187040507793427e-02,-1.277684606611728668e-02,1.584951183758676052e-03,6.381940562278032303e-03,-2.979319356381893158e-02,1.285463478416204453e-02,-5.170376598834991455e-02,2.696685865521430969e-02,-2.576112933456897736e-02,-7.207638700492680073e-04,-9.347646497189998627e-03,-2.206615172326564789e-02,-1.047558803111314774e-02,-7.545534521341323853e-03,-2.460725978016853333e-02,2.067891322076320648e-02,9.480536682531237602e-04,1.197950821369886398e-02,6.621790118515491486e-03,1.929167658090591431e-02,-3.207500651478767395e-02,8.913325145840644836e-03,9.185586124658584595e-03,-1.028111483901739120e-02,-4.946085158735513687e-03,1.537629589438438416e-02,-4.132541362196207047e-03,7.940961979329586029e-03,1.418353058397769928e-02,1.135719660669565201e-02,1.516885822638869286e-03,-1.173317711800336838e-02,-8.206740953028202057e-03,5.681839305907487869e-03,1.803408749401569366e-02,-8.096540346741676331e-03,1.602453738451004028e-02,-1.820263080298900604e-02,1.383347995579242706e-02,6.511589046567678452e-03,9.976441040635108948e-03,-2.105489373207092285e-02,-3.552365303039550781e-02,3.020806796848773956e-02,1.387237478047609329e-02,6.902478635311126709e-02,-2.875600755214691162e-02,-1.581710018217563629e-02,2.285700663924217224e-02,-1.583006419241428375e-02,-1.190820243209600449e-02,5.843900144100189209e-03,-2.225090051069855690e-03,4.168194718658924103e-03,2.857449837028980255e-02,2.729098079726099968e-03,3.399379923939704895e-02,3.497912734746932983e-02,-4.184400662779808044e-03,-1.533740106970071793e-02,-2.774474956095218658e-02,-2.691500075161457062e-02,2.064001932740211487e-02,-7.137142121791839600e-03,5.672115832567214966e-03,-1.594674773514270782e-02,3.051922470331192017e-02,2.546293847262859344e-02,1.554483827203512192e-02,-1.496020558988675475e-04,1.125996001064777374e-02,3.385037707630544901e-04,-6.002719048410654068e-03,-6.911878590472042561e-04,1.042372826486825943e-02,-4.339979030191898346e-03,-2.296396531164646149e-03,7.830761373043060303e-03,7.299202959984540939e-03,1.059227157384157181e-02,-2.209208160638809204e-02,1.026166789233684540e-02,-1.044317521154880524e-02,-1.105252280831336975e-02,-3.425309807062149048e-02,6.793573964387178421e-03,4.398320801556110382e-03,-6.518071517348289490e-03,-1.067006029188632965e-02,-8.913325145840644836e-03,-7.001011632382869720e-03,1.675056852400302887e-02,-6.845433730632066727e-03,-6.722267717123031616e-03,1.437800377607345581e-02,5.221587605774402618e-03,-9.879205375909805298e-03,1.262775063514709473e-02,3.103781864047050476e-02,-9.969959035515785217e-03,-8.856603526510298252e-04,-4.126059357076883316e-03,-1.080619078129529953e-02,2.932645939290523529e-02,7.936910842545330524e-04,4.221350699663162231e-02,-1.016443129628896713e-02,1.294538937509059906e-02,-8.770711719989776611e-03,-1.107845269143581390e-02,-1.120161823928356171e-02,2.717429585754871368e-02,-2.218283526599407196e-02,7.383474148809909821e-03,-2.748545259237289429e-02,4.641411360353231430e-03,-6.249051075428724289e-03,1.291297655552625656e-02,1.923981681466102600e-02,1.043021120131015778e-02,2.439009724184870720e-03,2.320705726742744446e-02,7.467745803296566010e-03,-3.131008008494973183e-03,-1.137664355337619781e-02,4.986276105046272278e-02,3.015620820224285126e-02,1.016443129628896713e-02,2.561851590871810913e-02,-4.388596862554550171e-03,2.045851200819015503e-02,3.085630945861339569e-02,-1.042372826486825943e-02,-2.911902219057083130e-02,-7.273273076862096786e-03,-1.326951012015342712e-02,8.511414751410484314e-03,-1.308800186961889267e-02,-2.631861716508865356e-02,-5.714251659810543060e-03,-2.096414007246494293e-02,7.526087574660778046e-03,-2.314223209396004677e-03,3.098595887422561646e-02,-4.767818376421928406e-03,2.945610880851745605e-02,2.738173492252826691e-02,-2.305147796869277954e-02,7.065835874527692795e-03,3.189349779859185219e-03,2.758917212486267090e-02,-4.725683014839887619e-03,-6.020545843057334423e-04,-4.764577373862266541e-03,-3.376043215394020081e-02,2.452947013080120087e-02,1.126644294708967209e-02,3.166012838482856750e-02,-2.080856263637542725e-02,-1.026166789233684540e-02,3.983445931226015091e-03,-1.594674773514270782e-02,1.428724918514490128e-02,4.751612432301044464e-03,5.429025273770093918e-03,2.815962396562099457e-02,-2.006956562399864197e-02,-2.262363908812403679e-03,1.287408266216516495e-02,-4.346461500972509384e-03,-3.523842617869377136e-02,2.289590053260326385e-02,1.111086457967758179e-02,-8.355837315320968628e-03,-2.839299105107784271e-02,3.220141166821122169e-03,1.646534167230129242e-02,-1.577820628881454468e-02,-1.339267566800117493e-02,-3.633395303040742874e-03,-8.822571486234664917e-03,-1.304910797625780106e-02,-1.301669515669345856e-02,1.465026475489139557e-02,-1.079322583973407745e-02,-5.950859747827053070e-03,1.515589375048875809e-02,-3.106698859483003616e-03,-1.720433682203292847e-02,2.637047693133354187e-02,-5.510055460035800934e-03,-5.769351962953805923e-03,-2.951120957732200623e-03,-2.275328710675239563e-02
-1.422727853059768677e-02,-2.678229659795761108e-02,-1.358711626380681992e-03,-1.732357218861579895e-02,-2.264083921909332275e-02,4.044779762625694275e-02,-3.219101205468177795e-02,-6.424484774470329285e-03,-3.965086303651332855e-03,-5.751457138103432953e-05,-9.203964844346046448e-03,3.179907798767089844e-02,1.522018294781446457e-02,9.479952859692275524e-04,-4.432143177837133408e-03,-2.219337737187743187e-03,2.714810334146022797e-02,1.430566515773534775e-02,3.716860199347138405e-03,4.801216535270214081e-03,2.898693550378084183e-03,-6.342831533402204514e-03,1.271832454949617386e-02,-8.981867693364620209e-03,-1.194098498672246933e-02,-6.189323496073484421e-03,1.597792655229568481e-02,-1.960986666381359100e-02,2.311116084456443787e-02,-7.577429991215467453e-03,-1.184953283518552780e-02,-1.874760724604129791e-03,-2.049825526773929596e-02,-3.778263553977012634e-02,-7.165897171944379807e-03,-1.979276910424232483e-02,-2.376438863575458527e-02,-4.533393308520317078e-03,2.348350128158926964e-03,-2.231422439217567444e-02,-2.768048318102955818e-03,-1.672260463237762451e-03,-1.378920860588550568e-04,-1.252235658466815948e-02,-9.968239814043045044e-03,-2.981980098411440849e-03,1.539002172648906708e-02,-1.013154629617929459e-02,-3.952021710574626923e-03,1.001396588981151581e-02,1.378308422863483429e-02,1.727131567895412445e-02,-1.596486195921897888e-02,-9.693884290754795074e-03,-4.406014457345008850e-03,1.025565993040800095e-02,1.323437318205833435e-02,-4.735893569886684418e-03,3.336682170629501343e-02,-3.020520322024822235e-02,8.540939306840300560e-04,6.633517332375049591e-03,-7.577429991215467453e-03,1.134654786437749863e-02,-1.073251478374004364e-02,-1.874760724604129791e-02,-2.787971682846546173e-02,-1.433179434388875961e-02,-6.447347812354564667e-03,-1.397905219346284866e-02,4.993265122175216675e-02,1.796373538672924042e-02,1.537695713341236115e-02,2.694560214877128601e-03,-7.890978828072547913e-03,-2.512310072779655457e-02,-2.214438514783978462e-03,4.905732814222574234e-03,-9.027593769133090973e-03,3.765852190554141998e-03,7.747269235551357269e-03,-2.271922491490840912e-02,-1.838180050253868103e-02,1.340421289205551147e-02,6.274242885410785675e-03,-2.854600781574845314e-03,-3.323617577552795410e-02,1.044509559869766235e-02,1.456695608794689178e-02,-5.478939274325966835e-04,-8.022440597414970398e-04,-3.128956072032451630e-03,6.421218626201152802e-03,1.958373747766017914e-02,-2.124293334782123566e-02,-5.369523540139198303e-03,-2.875830745324492455e-03,3.041423670947551727e-02,-2.895100787281990051e-02,-3.085843101143836975e-02,2.362067811191082001e-02,2.320587867870926857e-03,-1.540308631956577301e-02,-6.218718364834785461e-03,-7.348800543695688248e-03,-5.395652726292610168e-03,5.393203464336693287e-04,-6.502872332930564880e-03,-1.974051259458065033e-02,-2.798423357307910919e-02,-1.527244132012128830e-02,9.948642924427986145e-03,6.421218626201152802e-03,-4.517716169357299805e-02,2.949971891939640045e-02,-5.647145211696624756e-03,8.387431502342224121e-03,1.012501399964094162e-02,5.950487320660613477e-05,-4.428877308964729309e-02,1.609387341886758804e-03,-5.797387100756168365e-03,6.016218103468418121e-03,-2.837616950273513794e-02,8.668318390846252441e-03,-1.379614882171154022e-02,-1.468453649431467056e-02,-2.656999742612242699e-03,-1.107872556895017624e-02,-2.352922596037387848e-02,2.670390903949737549e-02,1.927018910646438599e-02,2.025002799928188324e-02,-9.230094030499458313e-03,-6.643315777182579041e-03,3.263520821928977966e-02,1.408356800675392151e-02,-1.391372922807931900e-02,-1.335848681628704071e-02,-1.745421811938285828e-02,2.328100055456161499e-02,2.143890038132667542e-02,-1.064106356352567673e-02,-1.211082376539707184e-02,1.627841033041477203e-02,7.146300282329320908e-03,2.789278049021959305e-03,1.033404655754566193e-02,6.110935937613248825e-03,-2.133438549935817719e-02,2.128212712705135345e-02,-2.008019015192985535e-02,3.430746868252754211e-02,-1.673566922545433044e-02,2.343777567148208618e-02,1.846018806099891663e-02,2.147482882719486952e-04,4.230296239256858826e-02,1.201120670884847641e-03,1.892724423669278622e-03,-6.221984513103961945e-03,1.352179329842329025e-02,8.890415541827678680e-03,-7.479446008801460266e-03,1.668341085314750671e-02,1.717986352741718292e-02,2.292825840413570404e-02,-1.343034114688634872e-02,1.331929303705692291e-02,-6.486541591584682465e-03,7.348800543695688248e-03,3.388940170407295227e-02,-1.199324242770671844e-02,2.056357823312282562e-02,5.168656352907419205e-04,3.503908216953277588e-02,1.259911106899380684e-03,1.678792759776115417e-02,-3.232165798544883728e-02,4.670571070164442062e-03,-1.774163730442523956e-02,1.923099532723426819e-02,3.263520821928977966e-02,2.835004031658172607e-02,-1.262360601685941219e-03,-4.389683715999126434e-03,6.140331272035837173e-03,-5.826782435178756714e-03,1.280977576971054077e-02,-2.942133136093616486e-02,3.080617263913154602e-02,3.267766674980521202e-03,-1.452776230871677399e-02,4.402748309075832367e-03,-6.563622355461120605e-01,-1.233945321291685104e-02,8.838158100843429565e-03,5.372789688408374786e-03,1.442324649542570114e-02,3.130589146167039871e-03,9.422795847058296204e-04,9.981304407119750977e-03,-3.060367191210389137e-03,-7.061380892992019653e-03,1.075864396989345551e-02,1.755873486399650574e-02,-1.071945019066333771e-02,-3.955940902233123779e-02,-1.823808997869491577e-02,-2.722322475165128708e-03,-2.077260985970497131e-02,-2.430003508925437927e-02,-3.030971996486186981e-02,-5.168656352907419205e-04,-1.766325160861015320e-02,1.477598864585161209e-02,-5.807185545563697815e-03,-1.416195556521415710e-02,-7.786462549120187759e-03,-5.320531781762838364e-03,9.190900251269340515e-03,-1.045816019177436829e-02,2.075627911835908890e-03,7.205090951174497604e-03,-2.198761142790317535e-02,1.275098603218793869e-02,-9.563239291310310364e-03,2.542358450591564178e-02,3.441198542714118958e-02,-1.099380571395158768e-02,-1.919180154800415039e-02,1.548147387802600861e-02,3.454263135790824890e-02,4.264264181256294250e-02,-3.010068833827972412e-02,-4.579119384288787842e-03,2.359454892575740814e-02,-1.766325160861015320e-02,1.010541711002588272e-02,-3.336355555802583694e-03,2.439148537814617157e-02,-2.670390903949737549e-02,1.824135659262537956e-03,2.100777253508567810e-02,2.215745113790035248e-02,1.643518544733524323e-02,2.237301552668213844e-03,3.671134263277053833e-02,1.293388940393924713e-02,9.706948883831501007e-03,1.166662946343421936e-02,-1.378308422863483429e-02,-1.266606617718935013e-02,9.386868216097354889e-03,-1.068025710992515087e-03,1.708841137588024139e-02,-9.282351471483707428e-03,-4.824079573154449463e-03,-3.004842996597290039e-02,-1.626534503884613514e-03,-2.892161253839731216e-03,3.692037612199783325e-02,3.472553193569183350e-02,-1.259421091526746750e-02,-1.163560082204639912e-03,1.056920830160379410e-02,3.952021710574626923e-03,-2.848068624734878540e-02,1.842099428176879883e-02,1.323437318205833435e-02,7.087510079145431519e-03,-5.320531781762838364e-03,-1.317884889431297779e-03,1.993647962808609009e-02,4.771821200847625732e-03,-8.805496618151664734e-03,-4.306070506572723389e-02,6.221984513103961945e-03,3.820069879293441772e-02,-3.354319371283054352e-03,-2.121680416166782379e-02,-1.362631004303693771e-02,4.928595852106809616e-03,2.327120164409279823e-03,3.713594051077961922e-03,2.082486823201179504e-02,-3.145695081911981106e-04,-1.165356487035751343e-02,1.583421602845191956e-02,9.543642401695251465e-03,5.310733336955308914e-03,5.666742101311683655e-03,2.963036485016345978e-02,5.578556098043918610e-03,9.752674959599971771e-03,-4.370086826384067535e-03,2.460051886737346649e-02,-1.375042251311242580e-03,8.818561211228370667e-03,2.010631933808326721e-02,-1.839486509561538696e-02,6.695574149489402771e-03,2.231422439217567444e-02,-2.124293334782123566e-02,-2.588410861790180206e-03,4.797950387001037598e-03,-2.371212933212518692e-03,-5.957427900284528732e-03,-1.815970242023468018e-02,-2.640342526137828827e-02,1.874760724604129791e-02,1.104606408625841141e-02,8.400496095418930054e-03,-2.819326519966125488e-02,1.890438236296176910e-02,1.438405271619558334e-02,-1.192792039364576340e-02,-1.741502434015274048e-02,2.056357823312282562e-02,2.761842682957649231e-02,1.263993675820529461e-03,-2.051131986081600189e-02,-2.092938497662544250e-02,-2.382971160113811493e-02,-6.101137492805719376e-03,6.555130239576101303e-03,2.011938393115997314e-02,-2.727221581153571606e-04,3.404617682099342346e-02,-7.799527142196893692e-03,1.316905114799737930e-02,-2.675616741180419922e-02,1.779389567673206329e-02,-2.326793596148490906e-02,1.404437515884637833e-02,-1.994954422116279602e-02,6.623718887567520142e-03,-6.911139003932476044e-03,8.067349903285503387e-03,-4.387070611119270325e-02,2.616173122078180313e-03,-1.260727550834417343e-02,-2.874197624623775482e-02,4.517063032835721970e-03,-1.629800652153789997e-03,-1.113098394125699997e-02,-4.255772102624177933e-03,1.670627389103174210e-03,-5.189886316657066345e-03,3.592747030779719353e-03,5.294402595609426498e-03,-1.510260161012411118e-02,-8.485415019094944000e-03,-3.075391426682472229e-02,1.468453649431467056e-02,2.811487764120101929e-02,-3.872327879071235657e-02,-1.050388626754283905e-02,1.287509873509407043e-02,-1.516792457550764084e-02,-3.886698978021740913e-03,7.276945747435092926e-03,8.851221762597560883e-03,-4.698006808757781982e-02,-2.861133078113198280e-03,7.433720398694276810e-03,3.311859443783760071e-03,3.577069565653800964e-02,-1.213042065501213074e-02,2.179164439439773560e-02,-3.984683007001876831e-02,-2.842842787504196167e-02,-6.061944179236888885e-03,7.113639265298843384e-03,2.418245375156402588e-02,-8.465818129479885101e-03,-1.353485789149999619e-02,1.758812926709651947e-03,1.972744800150394440e-02,-1.638292707502841949e-02,-2.304665540577843785e-04,1.722885528579354286e-03,-2.955197729170322418e-02,4.748141800519078970e-04,-1.499808579683303833e-02,2.243180572986602783e-02,2.040680311620235443e-02,-2.179164439439773560e-02,1.064759586006402969e-02,8.433156646788120270e-03,1.202590391039848328e-02,-2.631279057823121548e-04,-6.548597943037748337e-03,3.660682588815689087e-02,2.207906357944011688e-02,-4.912265110760927200e-03,2.814100682735443115e-02,-1.605631224811077118e-02,4.748958162963390350e-03,-1.674873381853103638e-02,-5.091902334243059158e-03,-3.365424275398254395e-02,3.888005390763282776e-02,2.342471107840538025e-02,-1.601712033152580261e-02,-5.014168471097946167e-02,-5.434846505522727966e-03,-8.838158100843429565e-03,-2.006712555885314941e-02,4.920103773474693298e-02,1.582115143537521362e-02,-4.772637912537902594e-04,-2.039373852312564850e-02,-1.303840521723031998e-02,-8.537673391401767731e-03,-1.727131567895412445e-02,2.824552357196807861e-02,-9.839227423071861267e-04,-1.070638652890920639e-02,-3.948755562305450439e-03,-5.921500269323587418e-03,-5.830048583447933197e-03,5.313999485224485397e-03,-5.480572115629911423e-03,-1.228719484061002731e-02,1.084356382489204407e-02,1.967518962919712067e-02,5.560592398978769779e-04,1.630453951656818390e-02,-2.300664596259593964e-02,3.919360227882862091e-03,4.941660445183515549e-03,1.486744079738855362e-02,-2.743552252650260925e-02,-4.758756607770919800e-03,2.453519590198993683e-02,1.644824817776679993e-02,-1.054961141198873520e-02,1.424034312367439270e-02,8.126140572130680084e-03,1.753260567784309387e-02,1.489356905221939087e-02,-2.578939124941825867e-02,-1.307759899646043777e-02,7.551300805062055588e-03,1.060840208083391190e-02,-1.622615195810794830e-02,1.904809102416038513e-02,1.701002381742000580e-02,-5.150039494037628174e-02,1.899583265185356140e-02,6.656380370259284973e-03,2.714810334146022797e-02,1.967518962919712067e-02,2.975447801873087883e-03,1.243743672966957092e-02,3.605811623856425285e-03,8.224124088883399963e-03,5.110846087336540222e-02,2.867665374651551247e-03,7.714607752859592438e-03,2.089019119739532471e-02,-2.078567445278167725e-02,-4.340691491961479187e-03,-4.428877029567956924e-03,-1.152945216745138168e-02,3.626714646816253662e-02,-1.454082690179347992e-02,-1.058227289468050003e-02,2.062563318759202957e-03,-1.210429146885871887e-02,-2.236648276448249817e-02,1.864962279796600342e-03,8.132672868669033051e-03,-2.386890538036823273e-02,-4.426264390349388123e-02,8.602996356785297394e-03,2.321567758917808533e-02,5.937831010669469833e-03,4.033674951642751694e-03,-7.623156066983938217e-03,-6.852348335087299347e-03,2.341817831620573997e-03,1.893051154911518097e-02,-1.370469667017459869e-02,9.942110627889633179e-03,1.575582846999168396e-02,-3.119157627224922180e-03,-1.706228218972682953e-02,-5.738596897572278976e-03,-4.628111608326435089e-03,-1.791147701442241669e-02,2.153035253286361694e-02,-9.563239291310310364e-03,6.352629978209733963e-03,-9.680819697678089142e-03,-7.969366386532783508e-03,-1.136614475399255753e-02,3.467327356338500977e-02,9.262754581868648529e-03,9.092915803194046021e-03,-5.349927116185426712e-03,-8.851221762597560883e-03,-1.550760213285684586e-02,1.651030615903437138e-03,1.459308527410030365e-02,-2.281067706644535065e-02,-5.617749877274036407e-03,-1.118977367877960205e-02,-3.511093789711594582e-03,-4.324360750615596771e-03,-6.626985035836696625e-03,3.908908739686012268e-02,6.747832056134939194e-03,1.086316071450710297e-02,1.403131056576967239e-02,-2.138664387166500092e-02,3.047302598133683205e-03,9.139948338270187378e-02,2.654713392257690430e-02,5.245410837233066559e-03,3.054488264024257660e-02,-2.143890038132667542e-02,6.156662013381719589e-03,-1.881293021142482758e-02,-3.177294880151748657e-02,-1.076191081665456295e-03,-2.160874009132385254e-02,1.480211783200502396e-02,-7.459849119186401367e-03,-3.261234378442168236e-03,5.393203464336693287e-04,1.013807859271764755e-02,-1.843732432462275028e-03,1.163560082204639912e-03,1.302534062415361404e-02,1.340747810900211334e-03,1.174501702189445496e-02,-2.045906148850917816e-02,-4.321094602346420288e-03,-4.860006738454103470e-03,1.028832141309976578e-02,7.283478043973445892e-03,-4.327626898884773254e-03,1.699695922434329987e-02,4.321748018264770508e-02,-1.046469248831272125e-02,-3.233472350984811783e-03,-7.912208675406873226e-04,9.488118230365216732e-04,-1.670627389103174210e-03,3.182520717382431030e-02,-1.460614986717700958e-02,-1.201937161386013031e-02,1.387453544884920120e-02,4.640522599220275879e-02,1.345647033303976059e-02,-2.087712660431861877e-02,7.610091473907232285e-03,1.486090768594294786e-04,1.263993699103593826e-02,-2.453519590198993683e-02,1.941389776766300201e-02,-1.058880519121885300e-02,-1.369163207709789276e-02,1.638292707502841949e-02,-8.439688943326473236e-03,-3.571843728423118591e-02,3.718166425824165344e-02,-1.105912867933511734e-02,-2.232728898525238037e-02,3.282464342191815376e-03,-1.874760724604129791e-02,3.373262658715248108e-02,5.330330226570367813e-03,3.219101205468177795e-02,-8.681382983922958374e-03,7.270413450896739960e-03,-9.223561733961105347e-03,-4.170199483633041382e-02,6.264444440603256226e-03,1.676179841160774231e-02,-1.196711417287588120e-02,3.370649879798293114e-03,-1.745421811938285828e-02,-1.108852331526577473e-03,-1.400518137961626053e-02,-1.215654984116554260e-02,-5.101700779050588608e-03,-3.232165798544883728e-02,-3.867102321237325668e-03,1.225453335791826248e-02,2.991778403520584106e-02,1.243743672966957092e-02,1.223493646830320358e-02,-2.211825735867023468e-02,1.048428937792778015e-02,3.215100441593676805e-04,1.745748450048267841e-03,-4.827345721423625946e-03,-3.772384254261851311e-03,-1.570357009768486023e-02,-7.661379640921950340e-06,2.450906671583652496e-02,-1.706554787233471870e-03,5.242144688963890076e-03,8.217592723667621613e-03,1.307106669992208481e-02,2.150422334671020508e-02,1.562518253922462463e-02,1.570357009768486023e-02,-3.935690911021083593e-04,-1.230679173022508621e-02,-1.549453847110271454e-02,2.196148224174976349e-02,-1.141840312629938126e-02,1.951514859683811665e-03,-5.144160706549882889e-03,-8.825093507766723633e-03,-3.300428157672286034e-03,1.100033801048994064e-02,4.629744507838040590e-04,2.821939438581466675e-02,-8.687915280461311340e-03,1.186912972480058670e-02,3.098907694220542908e-02,-1.413582637906074524e-02,-1.086316071450710297e-02,1.468453649431467056e-02,-1.329316385090351105e-02,-2.753759035840630531e-04,-3.430746868252754211e-02,-9.713481180369853973e-03,-9.066786617040634155e-03,4.060457274317741394e-02,3.362811356782913208e-02,1.194098498672246933e-02,2.889875136315822601e-02,-1.740195974707603455e-02,-9.661223739385604858e-03,1.520711835473775864e-02,1.818583160638809204e-02,-2.650467446073889732e-03,1.736276596784591675e-02,-3.788714995607733727e-03,-2.929068729281425476e-02,-2.014551311731338501e-02,7.786462549120187759e-03,-9.726545773446559906e-03,1.092521706596016884e-03,3.264500526711344719e-03,-7.291388101293705404e-06,-4.360941797494888306e-02,8.113075979053974152e-03,-1.110485475510358810e-02,-1.063126488588750362e-03,-1.280977576971054077e-02,2.771314466372132301e-03,-5.176821723580360413e-03,-1.574276387691497803e-02,-1.962293125689029694e-02,-2.034148015081882477e-02,-9.863724000751972198e-03,-3.605811670422554016e-02,1.571826869621872902e-03,-6.996058393269777298e-03,1.648744195699691772e-02,2.329406514763832092e-02,-1.815970242023468018e-02,-3.715553507208824158e-02,-1.933551207184791565e-02,1.370469667017459869e-02,1.524631213396787643e-02,-1.036017574369907379e-02,-1.370469667017459869e-02,-1.337808370590209961e-02,2.611600421369075775e-02,4.899200517684221268e-03,4.243360832333564758e-02,2.049825526773929596e-02,2.036760933697223663e-02,1.810744404792785645e-02,-2.618132717907428741e-02,-1.797679997980594635e-02,4.961256869137287140e-03,-2.897713705897331238e-02,-2.190922386944293976e-02,5.398918874561786652e-03,6.310170050710439682e-03,1.150332298129796982e-02,7.061380892992019653e-03,9.203964844346046448e-03,1.575582846999168396e-02,-5.924766417592763901e-03,-5.990088917315006256e-03,-1.176624675281345844e-03,-2.134745009243488312e-02,-2.725262008607387543e-02,1.314945425838232040e-02,-1.061493414454162121e-03,2.863745950162410736e-02,1.817276701331138611e-02,-1.213695295155048370e-02,-1.220227498561143875e-02,4.475909471511840820e-02,1.766325160861015320e-02,-1.569050550460815430e-02,5.977024789899587631e-03,9.034126065671443939e-03,1.341564347967505455e-03,1.983196288347244263e-02,-3.716860199347138405e-03,-4.974321462213993073e-03,-1.274445373564958572e-02,3.106093034148216248e-03,3.044036589562892914e-02,-4.817547276616096497e-03,-1.576725975610315800e-03,8.269850164651870728e-03,4.291699733585119247e-03,-7.636220660060644150e-03,-8.387431502342224121e-03,-2.151728793978691101e-02,-8.576867170631885529e-03,2.147482940927147865e-03,9.569771587848663330e-03,1.918853493407368660e-03,-7.094042375683784485e-03,-1.809438131749629974e-02,-1.941389776766300201e-02,3.022806718945503235e-03,-2.373825944960117340e-02,1.435792353004217148e-02,-1.528550591319799423e-02,-3.396778926253318787e-02,1.307106669992208481e-02,-2.518842183053493500e-02,-3.978150896728038788e-03,4.840409848839044571e-03,-1.422809436917304993e-04,2.567180991172790527e-02,6.071742624044418335e-03,1.979276910424232483e-02,2.346717054024338722e-03,-1.233945321291685104e-02,-8.250253275036811829e-03,5.813717842102050781e-03,-4.634643439203500748e-03,1.370143028907477856e-03,1.955760829150676727e-02,-3.680932568386197090e-03,-6.450613960623741150e-03,3.821376478299498558e-03,-1.490663364529609680e-02,-5.865976214408874512e-03,-1.627841033041477203e-02,-8.302511647343635559e-03,2.277148328721523285e-02,-6.865412928164005280e-03,-1.433179434388875961e-02,-7.198558654636144638e-03,-7.035251706838607788e-03,1.819889619946479797e-02,1.894357427954673767e-02,-2.043293230235576630e-02,-7.851785048842430115e-03,-4.394909366965293884e-02,-3.723392263054847717e-02,-3.519585728645324707e-02,-1.384840626269578934e-02,-2.300664596259593964e-02,1.958373747766017914e-02,4.445207770913839340e-03,6.446531042456626892e-04,1.657889410853385925e-02,-1.644824817776679993e-02,-1.213695295155048370e-02,2.136051468551158905e-02,-2.756616845726966858e-02,1.507647335529327393e-02,5.578556098043918610e-03,-8.955738507211208344e-03,-1.182340434752404690e-03,-4.899200517684221268e-03,-4.034328460693359375e-02,-1.002703048288822174e-02,-8.596464060246944427e-03,2.884649299085140228e-02,-2.396035566926002502e-02,-4.588917829096317291e-03,8.936141617596149445e-03,-1.125795461121015251e-04,5.794120952486991882e-03,8.491947315633296967e-03,-2.510023768991231918e-03,1.490663364529609680e-02,-1.567744091153144836e-02,-5.062506999820470810e-03,1.336501911282539368e-02,1.287509873509407043e-02,3.344520926475524902e-03,-2.850681543350219727e-02,-5.892104934900999069e-03,-2.090325579047203064e-02,-2.759229764342308044e-02,-9.267654386349022388e-04,2.662552148103713989e-02,4.905732814222574234e-03,-1.872147805988788605e-02,5.261741112917661667e-03,1.686958014033734798e-03,6.626985035836696625e-03,2.531906776130199432e-02,4.402748309075832367e-03,-6.633517332375049591e-03,4.760716482996940613e-02,-1.336501911282539368e-02,1.989728584885597229e-02,-1.561211887747049332e-02,1.463227905333042145e-02,-3.246536944061517715e-03,1.254195347428321838e-02,1.674873381853103638e-02,3.194278804585337639e-03,2.008019015192985535e-02,-4.415812715888023376e-02,-6.313436198979616165e-03,-3.383714472874999046e-03,5.751661490648984909e-03,1.520711835473775864e-02,-2.929313632193952799e-04,-3.015294671058654785e-02,3.791981143876910210e-03,1.501115038990974426e-02,9.687351994216442108e-03,7.231220137327909470e-03,-7.492510601878166199e-03,2.858520112931728363e-02,-2.299358136951923370e-03,4.941660445183515549e-03,1.636986248195171356e-02,-1.755873486399650574e-02,-1.270525972358882427e-03,2.170019224286079407e-02,-3.124056849628686905e-03,-1.778409816324710846e-03,-1.345647033303976059e-02,-8.165334351360797882e-03,-3.271359577775001526e-02,-4.670571070164442062e-03,-1.738889515399932861e-02,-1.912647858262062073e-02,-1.162090338766574860e-02,-9.863724000751972198e-03,8.402128587476909161e-04,2.701745741069316864e-02,-3.148552775382995605e-02,-1.192138763144612312e-03,6.248113699257373810e-03,6.506138015538454056e-03,-3.638472873717546463e-03,-5.238878540694713593e-03,1.362631004303693771e-02,-7.525172084569931030e-03,1.343034114688634872e-02,-2.014551311731338501e-02,-4.073521867394447327e-02,-3.206036612391471863e-02,-2.999617159366607666e-02,4.154521971940994263e-02,6.640049628913402557e-03,-1.486744079738855362e-02,-9.197432547807693481e-03,-1.230515888892114162e-03,-4.888748750090599060e-02,-1.626534503884613514e-03,-7.211623247712850571e-03,1.333235763013362885e-02,1.989728584885597229e-02,8.681382983922958374e-03,3.364117583259940147e-03,-5.150693003088235855e-03,1.615919638425111771e-03,2.983939647674560547e-02,-2.068115770816802979e-02,6.581259425729513168e-03,2.493693027645349503e-03,-2.177857980132102966e-02,-7.740736939013004303e-03,-1.941716414876282215e-03,-2.230115979909896851e-02,-4.827345721423625946e-03,3.025746159255504608e-02,1.393985841423273087e-02,1.302370801568031311e-04,2.227503107860684395e-03,9.308480657637119293e-03,-6.012951955199241638e-03,-1.019033696502447128e-02,-1.126162894070148468e-02,1.073904708027839661e-02,2.203986980020999908e-02,-9.210497140884399414e-03,-3.386327251791954041e-02,6.427750922739505768e-03,-8.491947315633296967e-03,1.254848577082157135e-02,-3.527424484491348267e-02,6.741299759596586227e-03,1.626534573733806610e-02,-1.145759690552949905e-02,-1.507647335529327393e-02,-2.821939438581466675e-02,-9.223561733961105347e-03,2.213132195174694061e-02,3.471900010481476784e-03,3.624101728200912476e-02,-4.134925082325935364e-03,8.727109059691429138e-03,1.225616666488349438e-03,-7.773397956043481827e-03,-1.519405376166105270e-02,-1.593873277306556702e-02,4.703232552856206894e-03,-2.022389881312847137e-02,-5.157224833965301514e-03,1.419951557181775570e-03,-1.996260881423950195e-02,-2.606374584138393402e-02,4.503998439759016037e-03,1.812704140320420265e-03,-9.987836703658103943e-03,1.826421916484832764e-02,-2.657326310873031616e-02,1.361161237582564354e-03,-2.453519590198993683e-02,2.113841660320758820e-02,4.402748122811317444e-02,-1.115711219608783722e-02,8.217592723667621613e-03,-2.890528179705142975e-03,-2.639036066830158234e-02,-1.785921864211559296e-02,-1.877373643219470978e-02,6.264444440603256226e-03,-1.333888992667198181e-02,1.505034416913986206e-02,-1.420114934444427490e-02,-8.087763562798500061e-04,-5.542628932744264603e-03,-1.382227800786495209e-02,1.171888783574104309e-02,-3.200811147689819336e-02,1.559905428439378738e-02,2.043293267488479614e-01,-1.148372609168291092e-02,8.191463537514209747e-03,2.405180782079696655e-02,5.879040807485580444e-03,-5.931298714131116867e-03,9.902916848659515381e-03,-8.276382461190223694e-03,-9.831062518060207367e-03,-1.915260776877403259e-02,-7.407591212540864944e-03,-1.892724423669278622e-03,-1.191485580056905746e-02,-1.827401807531714439e-03,-3.071798710152506828e-03,-1.621308736503124237e-02,-4.050005599856376648e-02,-1.933551207184791565e-02,1.367856748402118683e-02,-2.808875031769275665e-02,1.710147596895694733e-02,6.976461503654718399e-03,-2.605068124830722809e-02,-2.217051573097705841e-02,3.582295402884483337e-02,-1.495889201760292053e-02,6.633517332375049591e-03,-7.100574672222137451e-03,2.074648067355155945e-02,-1.134654786437749863e-02,-1.873454265296459198e-02,6.001520669087767601e-04,-6.189323030412197113e-04,3.952021710574626923e-03,-1.182993594557046890e-02,-3.275932045653462410e-03,2.986552566289901733e-02,-1.903502643108367920e-02,-1.045162789523601532e-03,2.597229555249214172e-02,5.255209282040596008e-03,1.053001452237367630e-02,2.978713950142264366e-03,-5.278071854263544083e-03,-3.426174167543649673e-03,2.516229450702667236e-02,-3.254702081903815269e-03,-6.450613960623741150e-03,6.558396387845277786e-03,-1.309719635173678398e-03,-3.114585019648075104e-02,1.676179841160774231e-02,2.311116084456443787e-02,3.707714751362800598e-02,6.201571086421608925e-04,1.857776753604412079e-02,2.595923095941543579e-02,2.478342130780220032e-02,-5.914967972785234451e-03,1.288489671424031258e-03,-1.080437004566192627e-02,2.696519903838634491e-02,-1.916567236185073853e-02,1.830341294407844543e-02,1.259421091526746750e-02,1.211082376539707184e-02,-5.011555552482604980e-02,-1.177441212348639965e-03,1.066719274967908859e-02,-3.600585833191871643e-02,-2.028922177851200104e-02,-1.252235658466815948e-02,-8.002027869224548340e-03,-1.607754267752170563e-03,1.907422090880572796e-03,-1.111791934818029404e-02,5.536096636205911636e-03,8.021623827517032623e-03,1.437098812311887741e-02,1.682712137699127197e-02,-3.049262426793575287e-02,-1.813357323408126831e-02,2.582286833785474300e-04,-1.390066463500261307e-02,4.762022756040096283e-03,1.889458275400102139e-03,1.146412920206785202e-02,-3.355952212586998940e-04,-3.378488495945930481e-02,3.488230705261230469e-02,1.327356696128845215e-02,-1.934857666492462158e-02,-4.102264065295457840e-03,-6.754364352673292160e-03,1.197364553809165955e-02,1.981889829039573669e-02,-5.905169527977705002e-03,-1.493276283144950867e-02,-1.028178911656141281e-02,-1.889131776988506317e-02,-1.606937684118747711e-02,-2.759229764342308044e-02,1.719292812049388885e-02,4.082667175680398941e-03,4.631377290934324265e-03,-6.904606707394123077e-03,2.083793282508850098e-02,2.517535910010337830e-02,2.569793909788131714e-02,-7.760333362966775894e-03,-9.883320890367031097e-03,1.134001649916172028e-02,1.240314217284321785e-03,-5.085370037704706192e-03,1.420114934444427490e-02,1.964579336345195770e-03,-3.380448324605822563e-03,1.430566515773534775e-02,-1.798986457288265228e-02,-4.324360750615596771e-03,5.556509713642299175e-04,-5.826782435178756714e-03,1.950534991919994354e-02,1.076517626643180847e-02,-2.420204924419522285e-03,-1.028832141309976578e-02,-1.994954422116279602e-02,-1.367693475913256407e-04,7.133235689252614975e-03,-8.439688943326473236e-03,2.005406096577644348e-02,-2.593310177326202393e-02,9.393400512635707855e-03,7.159364875406026840e-03,-6.084807217121124268e-03,7.100574672222137451e-03,2.055051364004611969e-02,-6.114202365279197693e-02,-9.458723478019237518e-03,-1.806825213134288788e-02,7.501900836359709501e-05,1.328009925782680511e-02,4.157134890556335449e-02,1.374389044940471649e-02,-3.315778821706771851e-02,6.950332317501306534e-03,3.974884748458862305e-03,-3.481698455289006233e-03,-1.855163834989070892e-02,-1.591260358691215515e-02,-1.074557937681674957e-02,-1.682712137699127197e-02,7.387994322925806046e-03,-1.333235763013362885e-02,3.942876681685447693e-02,-8.054285310208797455e-03,-1.627841033041477203e-02,-3.276585415005683899e-02,1.074557937681674957e-02,1.682712137699127197e-02,-6.924203038215637207e-02,6.114202085882425308e-03,-5.663475953042507172e-03,-7.361865136772394180e-03,-8.831625804305076599e-03,-1.251582428812980652e-02,-1.656582951545715332e-01,-1.161927008070051670e-03,3.728618100285530090e-02,2.180144190788269043e-03,4.695393890142440796e-02,5.924766417592763901e-03,2.522761560976505280e-02,2.554116584360599518e-02,-1.859083212912082672e-02,-1.749341189861297607e-02,4.840409848839044571e-03,3.383714472874999046e-03,-3.297488391399383545e-02,2.333652460947632790e-03,2.614540047943592072e-03,-1.062146667391061783e-02,-2.171325683593750000e-02,-6.107669789344072342e-03,1.064106356352567673e-02,1.370469667017459869e-02,1.322784088551998138e-02,-1.707534678280353546e-02,-1.277711521834135056e-02,-2.179164439439773560e-02,2.062889933586120605e-02,9.824530221521854401e-03,1.652663573622703552e-03,-2.234035404399037361e-03,-4.876337479799985886e-03,-1.890438236296176910e-02,-2.661245688796043396e-02,-2.978713950142264366e-03,6.009685993194580078e-02,1.301227603107690811e-02,2.526680938899517059e-02,-3.254702081903815269e-03,-1.149679068475961685e-02,-2.222277410328388214e-02,-1.609550602734088898e-02,2.546277828514575958e-02,2.369906567037105560e-02,2.902939543128013611e-02,6.529001053422689438e-03,-7.845252752304077148e-03,3.316758666187524796e-03,2.991778403520584106e-02,4.196981608401983976e-04,1.907422090880572796e-03,2.751391008496284485e-02,-2.882036380469799042e-02,-1.194098498672246933e-02,-5.206217058002948761e-03,-5.284604150801897049e-03,-2.884404384531080723e-04,3.007455915212631226e-02,1.772857271134853363e-02,-1.670954003930091858e-02,2.572406828403472900e-02,-8.145737461745738983e-03,-2.009325474500656128e-02,-2.564568072557449341e-02,-9.648159146308898926e-03,1.715373434126377106e-02,-1.519405376166105270e-02,1.610857062041759491e-02,-1.921793073415756226e-02,-1.725825108587741852e-02,4.141457378864288330e-03,-1.162090338766574860e-02,1.575909438543021679e-03,-1.107219327241182327e-02,3.186113433912396431e-03,2.594943158328533173e-03,9.071686072275042534e-04,1.350872870534658432e-02,-1.907422021031379700e-02,-4.060457274317741394e-02,2.167406305670738220e-02,1.596486195921897888e-02,-3.255682066082954407e-02,-2.535826154053211212e-02,3.600585833191871643e-02,-1.612163521349430084e-02,-1.299921236932277679e-02,1.680099219083786011e-02,-2.173938602209091187e-02,-5.552427028305828571e-04,-1.096114423125982285e-02,-7.178961765021085739e-03,-1.639599166810512543e-02,5.477305967360734940e-03,-5.477305967360734940e-03,2.531253499910235405e-03,-1.775470189750194550e-02,2.693906985223293304e-02,5.500169005244970322e-03,2.120373956859111786e-02,1.629800652153789997e-03,6.473476998507976532e-03,1.051694992929697037e-02,5.689604673534631729e-03,-1.464860979467630386e-03,-3.075391426682472229e-02,3.812231123447418213e-02,1.693163625895977020e-02,1.365243829786777496e-02,2.558035962283611298e-02,2.074648067355155945e-02,2.530600316822528839e-02,1.179074216634035110e-02,-7.538236677646636963e-03,3.021173761226236820e-04,1.798986457288265228e-02,9.896384552121162415e-03,-5.013515241444110870e-03,1.522018294781446457e-02,2.702725585550069809e-03,7.864849641919136047e-03,1.181033905595541000e-02,1.754567027091979980e-02,4.050005599856376648e-02,3.952021710574626923e-03,-1.066719274967908859e-02,8.798964321613311768e-03,-6.359162274748086929e-03,-4.562135413289070129e-02,-1.142362877726554871e-01,-3.733190707862377167e-03,3.661335911601781845e-03,6.230149883776903152e-04,-1.320334500633180141e-03,1.354424748569726944e-04,5.477305967360734940e-03,-2.501858398318290710e-02,-1.930285012349486351e-03,1.080437004566192627e-02,-7.525172084569931030e-03,-3.287037089467048645e-02,-1.233782037161290646e-03,-4.892668221145868301e-03,3.208649531006813049e-02,-2.162180468440055847e-02,6.839283742010593414e-03,-1.143800001591444016e-02,-5.856177769601345062e-03,1.745421811938285828e-02,-2.413019537925720215e-02,1.353485789149999619e-02,-1.112445164471864700e-02,-1.997567340731620789e-02,-9.857191704213619232e-03,2.572406828403472900e-02,-2.014551311731338501e-02,1.235251780599355698e-02,2.224236959591507912e-03,-9.687351994216442108e-03,3.527424414642155170e-04,4.096956399735063314e-04,-6.368960719555616379e-03,1.583258272148668766e-03,-2.725262008607387543e-02,-9.922513738274574280e-03,-6.004460155963897705e-02,1.463227905333042145e-02,5.735330749303102493e-03,-1.809438131749629974e-02,8.890415541827678680e-03,1.550760213285684586e-02,-4.245973657816648483e-03,-6.359162274748086929e-03,-2.191575709730386734e-03,-3.033584915101528168e-02,-4.399482160806655884e-03,2.884649299085140228e-02,1.932244747877120972e-02,9.125577285885810852e-03,2.795810345560312271e-03,-2.730487659573554993e-02,-1.270525995641946793e-02,-5.585088394582271576e-03,2.010631933808326721e-02,-1.369163207709789276e-02,9.406465105712413788e-03,3.102826885879039764e-03,9.524045512080192566e-03,3.025746159255504608e-02,-7.544768508523702621e-03,-4.330893047153949738e-03,1.071291882544755936e-02,1.684018597006797791e-02,1.192138809710741043e-02,9.452191181480884552e-03,-1.757179945707321167e-02,-1.697083003818988800e-02,9.406465105712413788e-03,-2.367293648421764374e-02,6.581259425729513168e-03,1.626534573733806610e-02,-1.840792968869209290e-02,2.211825735867023468e-02,-4.149296134710311890e-02,-4.856740590184926987e-03,-1.467147283256053925e-02,9.275819174945354462e-03,2.503164857625961304e-02,-1.979276910424232483e-02,-1.437098812311887741e-02,-1.882599480450153351e-02,-8.002027869224548340e-03,-1.667034626007080078e-02,4.217231646180152893e-02,-1.042611111188307405e-04,-2.034801291301846504e-03,-2.192228846251964569e-02,-1.007275655865669250e-02,-1.498502120375633240e-02,3.285730490460991859e-03,5.294402595609426498e-03,2.494019642472267151e-02,-1.498502120375633240e-02,-1.488050539046525955e-02,3.417682275176048279e-02,-1.402804395183920860e-03,-1.712760515511035919e-02,-5.699403118342161179e-03,8.903480134904384613e-03,-2.103389985859394073e-02,5.941097158938646317e-03,-3.608424589037895203e-02,1.377001963555812836e-02,-2.320261299610137939e-02,4.206780344247817993e-03,-9.105980396270751953e-03,-2.712197415530681610e-02,7.773397956043481827e-03,-2.226196788251399994e-02,-1.616082899272441864e-02,-8.348237723112106323e-03,1.686631329357624054e-02,2.512310072779655457e-02,4.912265110760927200e-03,1.373082585632801056e-02,-2.934294566512107849e-02,6.101137492805719376e-03,7.048316299915313721e-03,-1.438405271619558334e-02,-9.674288332462310791e-03,1.431872975081205368e-02,-8.714044466614723206e-03,2.413019537925720215e-02,8.282914757728576660e-03,1.215818221680819988e-03,-8.785899728536605835e-03,-5.598152987658977509e-03,-8.034688420593738556e-03,2.192228846251964569e-02,3.520892001688480377e-03,-1.621308736503124237e-02,7.368397433310747147e-03,-7.329204119741916656e-03,1.328663155436515808e-02,1.283590495586395264e-02,1.152945216745138168e-02,-2.585471421480178833e-02,-8.348237723112106323e-03,1.631760410964488983e-02,1.503727957606315613e-02,5.361685156822204590e-02,-1.520711835473775864e-02,-2.196148224174976349e-02,1.395292300730943680e-02,-3.480391949415206909e-02,2.400608267635107040e-03,8.204528130590915680e-03,-7.420655805617570877e-03,-1.236558239907026291e-02,1.201283931732177734e-02,1.337481779046356678e-03,3.153778612613677979e-02,3.297488391399383545e-02,-1.224146876484155655e-02,5.135995452292263508e-04,-2.264083921909332275e-02,-2.955197729170322418e-02,3.582295402884483337e-02,1.608244143426418304e-02,9.014529176056385040e-03,-1.780696026980876923e-02,1.093501504510641098e-02,2.324180677533149719e-02,2.936907298862934113e-02,-9.524045512080192566e-03,1.404437515884637833e-02,1.622615195810794830e-02,-1.544228009879589081e-02,-5.990088917315006256e-03,3.128956072032451630e-03,-9.249690920114517212e-03,-7.022187579423189163e-03,-7.001773919910192490e-04,1.075211167335510254e-02,1.225453335791826248e-02,-1.370469667017459869e-02,5.323797930032014847e-03,-1.957067288458347321e-02,-4.372536495793610811e-04,-1.507647335529327393e-02,8.932875352911651134e-04,8.661786094307899475e-03,-1.353485789149999619e-02,-1.928325369954109192e-02,3.305327147245407104e-03,1.812050864100456238e-02,2.832391113042831421e-02,-2.120373956859111786e-02,-2.204640302807092667e-03,6.937267724424600601e-03,-1.644498319365084171e-03,-8.348237723112106323e-03,3.076697932556271553e-03,1.731050759553909302e-02,1.412602839991450310e-03,1.167642767541110516e-03,2.328100055456161499e-02,-2.534519694745540619e-02,2.720036171376705170e-02,1.467147283256053925e-02,2.099470794200897217e-02,-7.838720455765724182e-03,1.784615404903888702e-02,-3.720126347616314888e-03,-1.485437620431184769e-02,7.899960619397461414e-04,1.469760108739137650e-02,-2.218358032405376434e-02,-1.205856539309024811e-02,-1.782002486288547516e-02,-8.570334874093532562e-03,8.282914757728576660e-03,-7.420655805617570877e-03,-9.687351994216442108e-03,3.834440838545560837e-03,-1.072598248720169067e-02,1.058227289468050003e-02,1.118324138224124908e-02,-7.296542637050151825e-03,-9.733078069984912872e-03,4.044779762625694275e-02,3.151165693998336792e-02,-1.599589013494551182e-03,1.921793073415756226e-02,-1.135961245745420456e-02,9.119044989347457886e-03,8.896947838366031647e-03,-1.876067183911800385e-02,-1.088928990066051483e-02,7.930172607302665710e-03,-2.537132613360881805e-02,7.995495572686195374e-03,-4.223110619932413101e-03,-2.367293648421764374e-02,-1.635679788887500763e-02,-1.433179434388875961e-02,9.447291377000510693e-04,-1.180380675941705704e-02,2.712197415530681610e-02,6.342831533402204514e-03,3.550940379500389099e-02,2.185696549713611603e-02,-1.079130545258522034e-02,-4.330893047153949738e-03,2.176551520824432373e-02,2.511003613471984863e-02,-8.446221239864826202e-03,1.524631213396787643e-02,-3.754747286438941956e-02,-2.345084026455879211e-02,1.441998057998716831e-03,5.833314731717109680e-03,1.849938184022903442e-02,-1.143800001591444016e-02,-2.156954631209373474e-02,1.887825317680835724e-02,-6.310170050710439682e-03,1.975357718765735626e-02,1.000090129673480988e-02,2.398648485541343689e-02,3.611037507653236389e-02,6.110935937613248825e-03,1.633066870272159576e-02,-6.571460980921983719e-03,-1.477598864585161209e-02,-4.063070192933082581e-02,1.787228323519229889e-02,2.908165380358695984e-02,-2.036760933697223663e-02,-6.130532827228307724e-03,-4.412546753883361816e-03,1.344340573996305466e-02,-1.335848681628704071e-02,-5.846379324793815613e-03,1.218921039253473282e-02,-1.920486614108085632e-02,-1.414889097213745117e-02,-1.271832454949617386e-02,8.766302838921546936e-03,3.540488891303539276e-03,-5.413616308942437172e-04,2.062889933586120605e-02,-1.410969719290733337e-02,-1.606937684118747711e-02,2.121680416166782379e-02,4.533393308520317078e-03,1.051041856408119202e-02,-1.597792655229568481e-02,-1.416195556521415710e-02
-1.728563010692596436e-02,-2.586929313838481903e-02,-2.212297730147838593e-02,-2.458108589053153992e-02,-1.139668561518192291e-02,3.680590540170669556e-02,-1.739078946411609650e-02,-5.234982818365097046e-03,-2.014876808971166611e-04,-3.555713221430778503e-03,-1.103519927710294724e-02,3.170565888285636902e-02,-2.926398068666458130e-03,-1.739654107950627804e-04,1.710899523459374905e-04,2.477826178073883057e-02,1.629975810647010803e-02,2.200467325747013092e-02,3.583317622542381287e-02,-8.379915729165077209e-03,-8.090726099908351898e-03,-3.904054872691631317e-03,5.852796137332916260e-03,-7.775247562676668167e-03,-1.522187050431966782e-02,-1.658894680440425873e-02,1.464349217712879181e-02,-1.060798764228820801e-02,3.950062207877635956e-03,-2.330602519214153290e-02,-7.463875808753073215e-04,-1.741708023473620415e-03,-3.044374100863933563e-02,-3.025971166789531708e-02,-1.733821071684360504e-02,-2.360835857689380646e-02,-1.704902015626430511e-02,-8.149879053235054016e-03,9.056882001459598541e-03,-1.052254531532526016e-02,1.733821071684360504e-02,1.979960594326257706e-03,1.271775458008050919e-02,-5.938238464295864105e-03,-1.095961546525359154e-03,6.881389766931533813e-03,2.550123492255806923e-03,1.247950247488915920e-03,4.535013344138860703e-03,9.050308726727962494e-03,3.998698666691780090e-02,1.261916756629943848e-02,-1.250086259096860886e-02,-2.889263443648815155e-02,1.838980801403522491e-02,3.591862041503190994e-03,-1.249593333341181278e-03,8.971439674496650696e-03,6.194565445184707642e-03,-1.420970819890499115e-02,5.218551494181156158e-03,8.169596083462238312e-03,-4.373987205326557159e-03,8.437425130978226662e-04,3.529423382133245468e-03,-1.720676012337207794e-02,-1.917850598692893982e-02,-1.120608299970626831e-03,-9.865297004580497742e-03,-1.365761924535036087e-02,4.379902780055999756e-02,2.232015132904052734e-02,1.792973279953002930e-02,-2.962546655908226967e-03,-2.689460106194019318e-02,-2.742039971053600311e-02,3.486702218651771545e-03,-3.833072260022163391e-02,-2.438391186296939850e-02,6.713791284710168839e-03,1.150184497237205505e-02,-1.949398405849933624e-02,-6.953686941415071487e-03,1.662838272750377655e-02,1.352616958320140839e-02,-7.512348238378763199e-03,-2.744668908417224884e-02,7.124571595340967178e-03,4.462716169655323029e-03,-1.415712852030992508e-02,3.165307641029357910e-02,1.485381182283163071e-02,-5.780498962849378586e-03,2.502801455557346344e-02,-1.836351677775382996e-02,5.270309629850089550e-04,2.036442747339606285e-04,2.492285519838333130e-02,-3.238919749855995178e-02,-3.696364536881446838e-02,1.347358990460634232e-02,3.051275154575705528e-03,6.763084791600704193e-03,3.562285797670483589e-03,-1.473550684750080109e-02,7.459768094122409821e-03,7.459768094122409821e-03,-1.522187050431966782e-02,-8.301045745611190796e-03,-1.036480534821748734e-02,-1.226425357162952423e-02,3.788379207253456116e-02,9.332926012575626373e-03,-4.629657045006752014e-02,2.084791660308837891e-02,-1.871843077242374420e-02,4.899785853922367096e-03,-9.168613702058792114e-03,-4.820916336029767990e-03,-3.796266019344329834e-02,6.588913965970277786e-03,2.855086699128150940e-02,1.699644140899181366e-02,-1.632604748010635376e-02,1.459091249853372574e-02,5.862654652446508408e-03,-1.326984353363513947e-02,-9.839006699621677399e-03,-1.263888459652662277e-02,-1.360503956675529480e-02,2.080848067998886108e-02,1.235626824200153351e-02,3.386143222451210022e-02,-9.516955353319644928e-03,-6.592200603336095810e-03,3.785750269889831543e-02,4.413422197103500366e-03,-2.728894911706447601e-02,-1.192905660718679428e-02,-4.134092014282941818e-03,1.839268225012347102e-04,1.991462334990501404e-02,-2.346376515924930573e-02,-1.032537035644054413e-02,1.079858932644128799e-02,9.240911342203617096e-03,1.409140322357416153e-02,1.459091249853372574e-02,-1.812690868973731995e-02,-1.673354208469390869e-02,2.101880125701427460e-02,-7.591217756271362305e-03,2.234644256532192230e-02,-6.789375096559524536e-03,1.089717634022235870e-02,3.025971166789531708e-02,3.532709553837776184e-03,2.561953850090503693e-02,-1.153470715507864952e-03,1.466978248208761215e-02,-1.711474545300006866e-02,-7.558355573564767838e-03,1.711474545300006866e-02,1.145583763718605042e-02,6.270148791372776031e-03,1.984889805316925049e-02,5.905375815927982330e-03,-1.892875134944915771e-02,1.894189603626728058e-02,6.909322692081332207e-04,1.414398383349180222e-02,4.122261330485343933e-02,-1.725934073328971863e-02,2.108452469110488892e-02,6.477181799709796906e-03,2.335860393941402435e-02,1.835037209093570709e-02,-1.361325499601662159e-03,-3.212629631161689758e-02,-6.286580115556716919e-03,-3.404546156525611877e-02,3.118643071502447128e-03,3.864619880914688110e-02,1.058169733732938766e-02,1.703710877336561680e-04,-2.810393646359443665e-02,3.190940478816628456e-03,8.465358056128025055e-03,3.315160423517227173e-02,-1.372334454208612442e-02,2.172862924635410309e-02,-2.505759184714406729e-04,-1.665467210114002228e-02,-2.918182406574487686e-03,-6.267519593238830566e-01,-2.381867915391921997e-02,-1.344730053097009659e-02,-7.354608271270990372e-03,-2.596130827441811562e-03,1.017420366406440735e-02,-9.129178710281848907e-03,2.283280529081821442e-02,-2.196523733437061310e-02,7.354608271270990372e-03,1.108120661228895187e-02,2.347690984606742859e-02,-6.529761943966150284e-03,-2.681573107838630676e-02,-2.237273193895816803e-02,-8.005284704267978668e-03,-1.102862600237131119e-02,-2.167604863643646240e-02,-2.087420597672462463e-02,8.741402067244052887e-03,-2.634251117706298828e-02,1.660209149122238159e-02,-3.152737917844206095e-04,1.895504072308540344e-02,-1.427871873602271080e-03,-1.477494183927774429e-02,6.769657600671052933e-03,-1.531388517469167709e-02,-1.330927759408950806e-02,1.002303697168827057e-02,-4.482433572411537170e-02,2.238587662577629089e-02,-1.084459727280773222e-04,1.140325795859098434e-02,3.254693746566772461e-02,-3.457125974819064140e-03,-8.294473402202129364e-03,2.596130780875682831e-02,3.717396408319473267e-02,5.373661965131759644e-02,-2.928698435425758362e-02,-1.752224005758762360e-02,1.549791451543569565e-02,-5.484736990183591843e-03,1.420970819890499115e-02,-8.899142034351825714e-03,2.025639265775680542e-02,-1.902076601982116699e-02,-9.940880117937922478e-04,1.707531139254570007e-02,2.333231456577777863e-02,2.852457575500011444e-03,-1.863915094872936606e-04,2.923440374433994293e-02,1.524816080927848816e-02,-7.781819906085729599e-03,1.246799994260072708e-02,-3.278354555368423462e-02,-4.781481344252824783e-03,3.541253879666328430e-02,2.513317577540874481e-02,2.108452469110488892e-02,-8.557372726500034332e-03,-1.756167411804199219e-02,-1.741708070039749146e-02,1.912592537701129913e-02,-8.097299374639987946e-03,2.933956496417522430e-02,2.134742401540279388e-02,-3.434122307226061821e-03,-8.097299374639987946e-03,1.798231340944766998e-02,-3.473557299003005028e-03,-2.380553260445594788e-02,-4.324693698436021805e-03,6.378594785928726196e-03,5.340142641216516495e-03,8.504793047904968262e-03,-5.639190319925546646e-03,-2.226428594440221786e-03,-2.188636921346187592e-03,-2.410786785185337067e-02,-4.403563588857650757e-02,-6.694073788821697235e-03,4.201130941510200500e-02,-1.716732606291770935e-02,-4.590879194438457489e-03,-3.530737757682800293e-02,-5.257986485958099365e-03,-1.537961047142744064e-02,1.087088696658611298e-02,7.814682088792324066e-03,1.657580211758613586e-02,-2.618477307260036469e-02,1.639177277684211731e-02,1.829779334366321564e-02,-1.536317868158221245e-03,4.942507017403841019e-03,1.657580211758613586e-02,1.415712852030992508e-02,-1.365844073006883264e-04,-3.084137570112943649e-03,2.820909768342971802e-02,-2.878747647628188133e-03,1.541904546320438385e-02,4.002642352133989334e-03,-3.399288281798362732e-02,4.548158030956983566e-03,2.559324912726879120e-02,-1.913907006382942200e-02,1.061455998569726944e-02,1.586597412824630737e-02,1.021363865584135056e-02,-1.656265743076801300e-02,-2.476511523127555847e-02,-3.357224166393280029e-02,2.823538705706596375e-02,1.752224005758762360e-02,2.483084052801132202e-02,-4.774251580238342285e-02,1.183046959340572357e-03,7.637225091457366943e-03,-6.966832093894481659e-03,-3.039116039872169495e-02,1.764054410159587860e-02,3.520222008228302002e-02,-3.585289465263485909e-03,-1.752224005758762360e-02,-1.966486871242523193e-02,-2.362150326371192932e-02,1.307266857475042343e-02,2.767015248537063599e-03,-1.382686081342399120e-03,-6.187992636114358902e-03,2.568526379764080048e-02,3.156434977427124977e-03,8.741402067244052887e-03,-3.307273611426353455e-02,3.735799342393875122e-02,-2.422617189586162567e-02,1.095632929354906082e-02,-1.244171056896448135e-02,7.361181080341339111e-03,-9.792999364435672760e-03,4.344411194324493408e-03,-5.273760482668876648e-02,-1.276376191526651382e-02,-1.032537035644054413e-02,-3.291499614715576172e-02,2.090049535036087036e-02,1.982260867953300476e-02,1.102534006349742413e-03,-4.341125022619962692e-03,-1.399938855320215225e-02,1.188797876238822937e-03,-1.721990527585148811e-03,-1.704902015626430511e-02,-1.141147338785231113e-03,-3.976352047175168991e-03,-2.037469670176506042e-02,4.827488679438829422e-03,3.951376676559448242e-02,-2.218870259821414948e-02,-1.624717749655246735e-02,-1.160700526088476181e-02,-1.637862809002399445e-02,1.694057486020028591e-03,1.500169280916452408e-03,-3.092353232204914093e-03,-1.501155085861682892e-02,-2.443649247288703918e-02,-1.388108450919389725e-02,-9.917876683175563812e-03,4.027617722749710083e-02,-1.171216461807489395e-02,2.196523733437061310e-02,-3.170565888285636902e-02,-3.057519160211086273e-02,-1.023664255626499653e-03,1.657580211758613586e-02,2.341118454933166504e-02,-6.861672271043062210e-03,-2.293796651065349579e-02,-5.392722319811582565e-03,5.280990153551101685e-03,-3.362482413649559021e-02,-1.133096031844615936e-02,4.028932191431522369e-03,-2.038784138858318329e-02,1.426228787750005722e-02,-1.697015017271041870e-02,2.957617305219173431e-02,2.543550916016101837e-02,3.894196124747395515e-04,3.838330041617155075e-03,1.662838272750377655e-02,1.654951274394989014e-02,1.223139092326164246e-02,5.271131172776222229e-03,2.660541050136089325e-02,1.648378744721412659e-02,-1.438059285283088684e-02,2.488342113792896271e-02,-2.137371525168418884e-02,-1.873157685622572899e-03,-2.952359430491924286e-02,3.099336463492363691e-04,-3.943489864468574524e-02,3.478157892823219299e-02,2.101880125701427460e-02,-8.557372726500034332e-03,-5.405209958553314209e-02,-1.043710298836231232e-02,-7.459768094122409821e-03,-1.319097355008125305e-02,4.774251580238342285e-02,1.380221452564001083e-02,3.641155548393726349e-03,-6.197851616889238358e-03,-4.127519205212593079e-03,-9.260628372430801392e-03,-2.067703194916248322e-02,1.347358990460634232e-02,-5.622758995741605759e-03,-1.167272962629795074e-02,-8.918859064579010010e-03,9.628687985241413116e-03,8.471930399537086487e-03,-3.311915133963339031e-05,7.532065268605947495e-03,-3.815326374024152756e-03,2.370037324726581573e-02,-1.086431462317705154e-02,7.144289091229438782e-03,3.325676545500755310e-02,-1.706216670572757721e-02,-7.242876105010509491e-03,-3.093996318057179451e-03,1.032537035644054413e-02,-1.691757142543792725e-02,-6.506758276373147964e-03,1.936253532767295837e-02,2.426560781896114349e-02,-6.303010974079370499e-03,4.630314186215400696e-03,1.556363981217145920e-02,4.093342274427413940e-02,2.694717980921268463e-02,-1.271775458008050919e-02,7.985566742718219757e-03,-1.290178392082452774e-02,2.015123330056667328e-02,-1.030565332621335983e-02,2.351634390652179718e-02,-9.904731996357440948e-03,-4.111745208501815796e-02,2.293796651065349579e-02,6.375308614224195480e-03,5.448588170111179352e-03,1.866585202515125275e-02,-2.898054081015288830e-04,1.361818518489599228e-02,9.464375674724578857e-03,1.457776688039302826e-02,5.092359706759452820e-02,3.792322706431150436e-03,7.295456249266862869e-03,4.551444668322801590e-03,-1.632604748010635376e-02,3.729884047061204910e-03,-1.320411823689937592e-02,9.291847818531095982e-04,2.210983261466026306e-02,-3.637869376689195633e-03,1.135067827999591827e-02,-3.460412379354238510e-03,1.580024883151054382e-02,-5.018090829253196716e-03,3.174509387463331223e-03,1.702273148111999035e-03,-8.853134699165821075e-03,-5.415726080536842346e-02,1.266024541109800339e-03,3.003624733537435532e-03,1.759782317094504833e-03,-7.860689423978328705e-03,-3.212629631161689758e-02,-1.003125216811895370e-03,-2.137371525168418884e-02,-1.031879801303148270e-02,-1.715418137609958649e-02,1.823206804692745209e-02,1.568194478750228882e-02,-2.580213049441226758e-06,-5.612900480628013611e-03,-1.073943730443716049e-02,1.056855265051126480e-02,-2.225442789494991302e-02,4.919503349810838699e-03,2.863959409296512604e-03,7.321746088564395905e-03,-1.703587546944618225e-02,-9.010873734951019287e-03,-1.234969589859247208e-02,1.898133009672164917e-02,2.870860509574413300e-02,1.021363865584135056e-02,-1.188304927200078964e-02,-1.594484411180019379e-02,-1.676804735325276852e-03,-3.105498326476663351e-04,7.538638077676296234e-03,-2.778845839202404022e-02,-1.225768122822046280e-03,1.591362408362329006e-03,-1.136217964813113213e-03,-2.264220500364899635e-03,-3.568858373910188675e-03,2.546179853379726410e-02,4.321407526731491089e-03,-7.348035927861928940e-03,-7.808109745383262634e-03,-5.162685178220272064e-03,1.029908098280429840e-02,7.808110117912292480e-02,3.210000693798065186e-02,2.063759602606296539e-02,1.328298822045326233e-02,-1.039766799658536911e-02,3.136388957500457764e-02,-3.149534016847610474e-02,-2.694717980921268463e-02,-1.434444449841976166e-03,-2.513317577540874481e-02,2.459423057734966278e-02,3.519564634189009666e-03,-1.892875065095722675e-03,-1.303980592638254166e-02,8.971439674496650696e-03,6.493613123893737793e-03,-1.016105897724628448e-02,4.005928523838520050e-03,6.973404437303543091e-03,1.114693097770214081e-02,-2.876118570566177368e-02,4.955652169883251190e-03,-2.663170173764228821e-02,5.524171981960535049e-03,-7.840972393751144409e-03,-1.754852943122386932e-02,9.654977358877658844e-03,3.641155734658241272e-02,-1.129809860140085220e-02,-2.034840732812881470e-02,1.577395945787429810e-02,-9.505453635938465595e-04,1.562936417758464813e-02,6.861672271043062210e-03,-2.162346988916397095e-02,-8.636242710053920746e-03,1.941511407494544983e-02,5.531401559710502625e-02,3.049632161855697632e-02,-1.849496737122535706e-02,1.641806215047836304e-02,-2.043631393462419510e-04,6.694073788821697235e-03,-1.794287934899330139e-02,1.601056940853595734e-02,5.672052968293428421e-03,-2.142629353329539299e-03,1.618145219981670380e-02,-3.121929476037621498e-03,-2.831425704061985016e-02,2.225442789494991302e-02,-6.674356292933225632e-03,-2.707863040268421173e-02,9.733847342431545258e-03,-2.346376515924930573e-02,3.036487102508544922e-02,-2.614205004647374153e-03,2.455479651689529419e-02,1.323040854185819626e-02,-1.376277953386306763e-02,-1.555049512535333633e-02,-4.322064667940139771e-02,6.749940104782581329e-03,8.655959740281105042e-03,-3.457125974819064140e-03,4.939220845699310303e-03,-2.462052181363105774e-02,-4.581020679324865341e-03,-5.576751660555601120e-03,3.772605210542678833e-03,-4.860351327806711197e-03,-5.800216458737850189e-04,-1.131781563162803650e-02,3.054890036582946777e-02,5.447274073958396912e-02,2.634251117706298828e-02,-5.389436148107051849e-03,-1.626032218337059021e-02,-2.953509683720767498e-04,1.857383735477924347e-02,1.086431462317705154e-02,-3.950062207877635956e-03,-6.776229944080114365e-03,-7.295456249266862869e-03,-6.500185467302799225e-03,2.622420713305473328e-02,7.446623407304286957e-03,8.833416737616062164e-03,2.000663802027702332e-02,1.647064276039600372e-02,3.378256410360336304e-02,6.782802287489175797e-03,1.405196823179721832e-02,-5.997390951961278915e-03,-7.630652748048305511e-03,-1.208022329956293106e-02,1.967801339924335480e-02,-2.166290394961833954e-02,1.349823665805160999e-03,9.825862012803554535e-03,-5.333569832146167755e-03,-1.031222566962242126e-02,7.196868769824504852e-03,-1.721990481019020081e-02,2.459423057734966278e-02,-2.125540934503078461e-02,-1.480123214423656464e-02,3.175823763012886047e-02,-2.912924438714981079e-02,-1.255344250239431858e-03,2.573784254491329193e-02,-5.313852336257696152e-03,1.333392458036541939e-03,-3.047003038227558136e-02,2.354592084884643555e-03,6.217569112777709961e-03,8.754547685384750366e-03,1.953341998159885406e-02,1.628661341965198517e-02,2.421302720904350281e-02,-1.510849571786820889e-03,-1.635233685374259949e-02,2.431818656623363495e-02,7.926414720714092255e-03,-1.028593629598617554e-02,1.339471992105245590e-02,-3.401259891688823700e-03,-3.880393877625465393e-02,-2.898464910686016083e-03,1.745651476085186005e-02,-5.159399006515741348e-03,2.566554583609104156e-03,-1.047653798013925552e-02,-1.116664893925189972e-02,-4.235307872295379639e-02,-1.364447455853223801e-02,-1.505098585039377213e-02,-1.012829852697905153e-05,-1.344730053097009659e-02,-1.166615751571953297e-03,-1.641806215047836304e-02,-2.839312702417373657e-02,-2.326658926904201508e-02,-1.808747276663780212e-02,8.741402416490018368e-04,-4.030246660113334656e-02,-7.053095614537596703e-04,-3.263648541178554296e-04,3.004939295351505280e-02,2.786732837557792664e-02,-1.257316023111343384e-02,-1.971744932234287262e-02,-1.917850598692893982e-02,1.469607185572385788e-02,1.547162514179944992e-02,-1.649693213403224945e-02,-1.824521273374557495e-02,-2.108452469110488892e-02,2.042727731168270111e-02,1.917850598692893982e-02,4.266855865716934204e-02,4.170240368694067001e-03,1.904705539345741272e-02,1.083802431821823120e-02,-2.128170058131217957e-02,-1.651007682085037231e-02,-3.943489864468574524e-03,-3.759460151195526123e-02,-2.108452469110488892e-02,1.495897118002176285e-02,8.511365391314029694e-03,-9.727274999022483826e-03,1.544533483684062958e-02,-2.698004245758056641e-03,2.897150442004203796e-02,3.604596131481230259e-04,-2.474539913237094879e-03,-5.142968147993087769e-04,-1.832408271729946136e-02,-3.125872835516929626e-02,2.498858049511909485e-02,-1.123894564807415009e-02,1.242199260741472244e-02,1.250086259096860886e-02,-2.441020123660564423e-02,-1.218538358807563782e-02,3.078551031649112701e-02,1.913907006382942200e-02,-1.789358444511890411e-03,-6.753226043656468391e-04,1.612887345254421234e-02,7.440050598233938217e-03,2.023010328412055969e-02,-4.502150695770978928e-03,4.272114019840955734e-03,2.763729076832532883e-03,1.100890897214412689e-02,2.926069498062133789e-02,-1.018734881654381752e-03,1.256001461297273636e-02,1.330927759408950806e-02,5.211979150772094727e-03,-6.887962110340595245e-03,-9.306635707616806030e-03,-1.724619604647159576e-02,-2.578056417405605316e-03,-1.432801317423582077e-02,1.150841731578111649e-02,7.098281756043434143e-03,-8.399633690714836121e-03,-2.130798995494842529e-02,-1.577395945787429810e-02,-6.122267805039882660e-03,-3.078551031649112701e-02,2.416044659912586212e-02,-4.150522872805595398e-03,-4.805799573659896851e-02,1.708845607936382294e-02,-2.897150442004203796e-02,-1.853440143167972565e-02,6.795947439968585968e-03,-1.235626824200153351e-02,8.011857047677040100e-03,1.776213524863123894e-03,2.419988252222537994e-02,2.003292739391326904e-02,-1.472236239351332188e-03,-2.493599988520145416e-02,4.124233033508062363e-03,4.492292180657386780e-03,-1.449889782816171646e-02,-1.373648992739617825e-03,8.136734366416931152e-03,-2.336517674848437309e-03,-1.127180829644203186e-02,-1.453833281993865967e-02,1.393366372212767601e-03,-2.831425704061985016e-02,-3.698993474245071411e-02,1.790344342589378357e-02,-3.404546296223998070e-03,-1.356560457497835159e-02,8.301045745611190796e-03,-4.650031682103872299e-03,1.286234892904758453e-02,1.039766799658536911e-02,-3.236290439963340759e-02,1.291492860764265060e-02,-3.267838433384895325e-02,-2.831425704061985016e-02,-3.628010675311088562e-02,6.695716874673962593e-04,-1.845553144812583923e-02,2.806450240314006805e-03,1.786400936543941498e-02,-7.992139086127281189e-03,-3.424263559281826019e-03,1.070657465606927872e-02,7.932165171951055527e-04,6.631635129451751709e-03,-6.293152458965778351e-03,2.063759602606296539e-02,-2.502472838386893272e-03,-8.807127363979816437e-03,2.165633253753185272e-03,8.642815053462982178e-03,-4.109116271138191223e-02,-1.181075163185596466e-02,9.530100040137767792e-03,2.575098909437656403e-02,-6.953686941415071487e-03,-8.787409402430057526e-03,-1.981603680178523064e-03,-8.577090688049793243e-03,1.580024883151054382e-02,9.635260328650474548e-03,-8.524510078132152557e-03,1.898133009672164917e-02,-2.944472432136535645e-02,-2.805135771632194519e-02,1.681241206824779510e-02,4.479147028177976608e-03,2.736781910061836243e-02,-2.797248773276805878e-02,-9.825862012803554535e-03,-2.063759602606296539e-02,-1.874472200870513916e-02,-1.654951274394989014e-02,1.532702986150979996e-02,-6.894534453749656677e-03,-1.088403165340423584e-02,9.957312140613794327e-04,-9.464375674724578857e-03,7.446623407304286957e-03,1.585282944142818451e-02,2.757813781499862671e-02,6.914251949638128281e-03,4.022359475493431091e-02,-7.748957257717847824e-03,2.207039855420589447e-02,-3.583317622542381287e-02,9.122606366872787476e-03,-1.502469647675752640e-02,1.165958493947982788e-02,4.561303183436393738e-03,5.037808325141668320e-03,2.347690984606742859e-02,-1.490639150142669678e-02,-3.094325028359889984e-02,7.223158609122037888e-03,-1.955970935523509979e-02,3.333563357591629028e-02,1.311210356652736664e-02,-3.131130710244178772e-02,1.577395945787429810e-03,3.779177786782383919e-03,1.795602403581142426e-02,-5.133109167218208313e-03,-2.540921978652477264e-02,2.305627055466175079e-02,-2.104509063065052032e-02,-1.417191699147224426e-03,1.240884792059659958e-02,-2.099251002073287964e-02,8.153986418619751930e-04,2.544865384697914124e-02,1.265202998183667660e-03,-1.139668561518192291e-02,1.507727615535259247e-02,-6.874817423522472382e-03,-1.782457344233989716e-02,-1.721990527585148811e-03,-3.212629631161689758e-02,-1.460405718535184860e-02,2.099908422678709030e-03,-2.347690984606742859e-02,5.507740657776594162e-03,9.648405015468597412e-03,-2.103194594383239746e-02,-9.438085369765758514e-03,1.426228787750005722e-02,1.197506394237279892e-02,-4.295117687433958054e-03,-1.611572876572608948e-02,1.018077600747346878e-02,1.043710298836231232e-02,9.707557037472724915e-03,-1.607629284262657166e-02,-3.325676545500755310e-02,-2.469939179718494415e-02,-3.982924669981002808e-02,3.104840964078903198e-02,4.597452003508806229e-03,-1.757481880486011505e-02,-8.038146421313285828e-03,-2.561625326052308083e-03,-4.174841195344924927e-02,-1.626689569093286991e-03,-3.304644301533699036e-02,1.269146427512168884e-02,9.766709990799427032e-03,-5.004945676773786545e-03,-1.120608299970626831e-03,-9.681267663836479187e-03,3.080851398408412933e-03,3.060148097574710846e-02,-1.544533483684062958e-02,-3.752887714654207230e-03,1.112064160406589508e-02,-1.434115786105394363e-02,-2.147558843716979027e-03,1.970430463552474976e-02,-1.432801317423582077e-02,-3.874478628858923912e-03,3.317789360880851746e-02,-5.461733322590589523e-03,5.044380668550729752e-03,-1.530566951259970665e-03,5.501168314367532730e-03,-8.103871718049049377e-03,-9.608970023691654205e-03,-6.427888292819261551e-03,1.946769468486309052e-02,-5.704915151000022888e-03,-1.423599850386381149e-02,-2.232015132904052734e-02,1.519558019936084747e-02,-1.057512499392032623e-02,1.127180829644203186e-02,-3.685848414897918701e-02,7.913269102573394775e-03,2.217555791139602661e-02,-2.535335253924131393e-03,-1.210651360452175140e-02,-3.262580558657646179e-02,-1.913907006382942200e-02,-1.288822822971269488e-04,8.419350720942020416e-03,4.627028107643127441e-02,2.030897187069058418e-03,1.765368878841400146e-02,1.864942023530602455e-03,1.565894111990928650e-03,-1.936253532767295837e-02,-9.668122045695781708e-03,1.040424033999443054e-02,-1.326327025890350342e-02,-1.073286496102809906e-02,2.073618350550532341e-03,-1.957285404205322266e-02,-7.847544737160205841e-03,1.191262505017220974e-03,1.346044521778821945e-02,-1.263231225311756134e-02,5.619472824037075043e-03,-2.715750038623809814e-02,-8.255038410425186157e-03,-3.701622411608695984e-02,1.775884814560413361e-02,4.519239440560340881e-02,-1.138354092836380005e-02,8.169596083462238312e-03,-7.367753423750400543e-03,-1.677297614514827728e-02,-6.148557644337415695e-03,-2.021695673465728760e-02,4.929362330585718155e-03,-5.695056635886430740e-03,1.657908782362937927e-03,-1.748280413448810577e-02,2.885319991037249565e-03,-1.096290163695812225e-02,-2.786732837557792664e-02,-5.560320802032947540e-03,-3.533366695046424866e-02,2.402899786829948425e-02,2.193631976842880249e-01,-1.574767008423805237e-02,-1.413083821535110474e-02,2.145258523523807526e-02,5.990818142890930176e-03,-1.393366418778896332e-02,2.339803986251354218e-02,4.633600357919931412e-03,-1.364447455853223801e-02,5.665480159223079681e-03,-2.032211795449256897e-02,-1.286234892904758453e-02,-3.094325028359889984e-02,3.427549963817000389e-03,5.842937156558036804e-03,-1.870528608560562134e-02,-2.799877710640430450e-02,-3.307273611426353455e-02,1.844238676130771637e-02,-4.703268781304359436e-02,2.870860509574413300e-02,1.127838063985109329e-02,-1.520872581750154495e-02,-5.882372148334980011e-03,2.773587778210639954e-02,-7.007910171523690224e-04,2.150516398251056671e-02,-5.780498962849378586e-03,1.888931542634963989e-02,-4.091370850801467896e-03,-4.324693977832794189e-02,-2.021695673465728760e-02,-1.537961047142744064e-02,-9.536672383546829224e-03,-3.233661642298102379e-03,-8.031574077904224396e-03,2.794619835913181305e-02,-1.140983030200004578e-02,1.665467210114002228e-02,1.459091249853372574e-02,-7.242876105010509491e-03,7.104854099452495575e-03,1.069342996925115585e-02,4.663176834583282471e-03,-4.942507017403841019e-03,1.710160076618194580e-02,-2.373980917036533356e-02,-2.053243666887283325e-02,1.072629261761903763e-02,-9.562962688505649567e-03,-2.965504303574562073e-02,2.138685993850231171e-02,3.507076948881149292e-02,2.330602519214153290e-02,1.435430254787206650e-02,-4.886641167104244232e-03,1.737764477729797363e-02,1.961228996515274048e-02,1.112721394747495651e-02,-1.468292716890573502e-02,-2.464681118726730347e-02,2.017752267420291901e-02,-3.215258568525314331e-02,2.726265974342823029e-02,1.227739825844764709e-02,1.269146427512168884e-02,-3.819927200675010681e-02,-1.332242321223020554e-02,-3.250092733651399612e-03,-2.718378975987434387e-02,-1.527445018291473389e-02,-5.185688845813274384e-03,2.137700095772743225e-03,3.072635736316442490e-03,1.449889782816171646e-02,4.590879194438457489e-03,4.035504534840583801e-03,4.377273842692375183e-03,2.283280529081821442e-02,1.924422942101955414e-02,-1.539275515824556351e-02,-1.725934073328971863e-02,-1.158728729933500290e-02,1.511671114712953568e-02,-8.136734366416931152e-03,-1.121265627443790436e-02,3.375627100467681885e-02,-2.584628993645310402e-03,-1.728563010692596436e-02,4.074939340353012085e-02,9.661549702286720276e-03,-1.466978248208761215e-02,-1.367076486349105835e-02,-1.234969589859247208e-02,-2.070332178846001625e-03,1.063427701592445374e-02,-1.215909374877810478e-03,-8.938577026128768921e-03,6.638207938522100449e-03,-4.584306851029396057e-03,-2.362150326371192932e-02,-1.151499059051275253e-02,5.106819327920675278e-03,-1.594484411180019379e-02,-8.544228039681911469e-03,-5.826506298035383224e-03,3.720025345683097839e-02,2.529091387987136841e-02,2.857715636491775513e-02,-1.171216461807489395e-02,-1.286234892904758453e-02,-9.773282334208488464e-03,1.791001646779477596e-03,-9.510383009910583496e-03,9.365788660943508148e-03,1.054061925970017910e-03,-3.341696865390986204e-04,5.685197655111551285e-03,1.963529270142316818e-03,1.611572876572608948e-02,1.344730053097009659e-02,-6.868244614452123642e-03,2.252718433737754822e-03,1.361818518489599228e-02,-1.202764362096786499e-02,-3.736456623300909996e-03,-2.519889920949935913e-02,-8.550800383090972900e-03,-6.289866287261247635e-03,-9.720702655613422394e-03,3.149534016847610474e-02,-1.848182268440723419e-02,-1.288206689059734344e-02,-3.493274794891476631e-03,-1.764054410159587860e-02,-8.261610753834247589e-03,1.685184612870216370e-02,-5.515627562999725342e-02,1.815648429328575730e-04,-1.737764477729797363e-02,-6.125553976744413376e-03,1.292807422578334808e-02,1.841609738767147064e-02,2.267506718635559082e-02,-1.773255877196788788e-02,4.285258706659078598e-03,1.361818518489599228e-02,1.112064160406589508e-02,-1.083802431821823120e-02,-2.103194594383239746e-03,-4.094657022505998611e-03,-9.819289669394493103e-03,9.852152317762374878e-03,-2.865602495148777962e-03,4.350983723998069763e-02,-7.597790099680423737e-03,-4.390418529510498047e-02,-2.897150442004203796e-02,1.812362228520214558e-03,8.182741701602935791e-03,-6.488355249166488647e-02,4.732187837362289429e-03,7.242876105010509491e-03,-3.297743387520313263e-03,-1.648378744721412659e-02,-5.810074973851442337e-03,-1.655214130878448486e-01,1.820577867329120636e-02,2.886634506285190582e-02,4.811057355254888535e-03,4.619140923023223877e-02,5.570179317146539688e-03,2.968133240938186646e-02,3.041745163500308990e-02,-2.041413262486457825e-02,9.809430921450257301e-04,6.657925434410572052e-03,-1.326819998212158680e-03,-2.366093918681144714e-02,-2.387125790119171143e-02,1.941511407494544983e-02,1.555049512535333633e-02,-7.216586265712976456e-03,3.779177786782383919e-03,1.933624409139156342e-02,9.530100040137767792e-03,1.474865153431892395e-02,-8.432495407760143280e-03,7.459768094122409821e-03,-2.262248657643795013e-02,3.565571969375014305e-03,1.250743493437767029e-02,-9.674695320427417755e-03,-5.037808325141668320e-03,-1.769312471151351929e-02,-2.573784254491329193e-02,-1.594484411180019379e-02,6.089405622333288193e-03,6.435775011777877808e-02,3.031229227781295776e-02,2.768329903483390808e-02,1.606972073204815388e-03,1.131781563162803650e-02,-8.964866399765014648e-03,-5.110105266794562340e-04,1.924422942101955414e-02,2.350319921970367432e-02,1.704902015626430511e-02,-4.111087881028652191e-03,-9.234338998794555664e-03,9.883370948955416679e-04,2.179435268044471741e-02,-2.801520982757210732e-03,3.979638218879699707e-03,1.570823416113853455e-02,-1.899447664618492126e-02,-3.046345897018909454e-03,7.630652748048305511e-03,-1.008876133710145950e-02,-5.553747992962598801e-03,4.127519205212593079e-02,2.200467325747013092e-02,-1.407825853675603867e-02,1.436744816601276398e-02,-2.813022769987583160e-02,-2.536978386342525482e-02,-1.754852943122386932e-02,-1.432801317423582077e-02,2.530405856668949127e-02,-2.334545925259590149e-02,1.611572876572608948e-02,-1.953341998159885406e-02,-7.624080404639244080e-03,-1.486695650964975357e-02,-1.183704193681478500e-02,1.884988136589527130e-02,-1.933624409139156342e-02,-4.515295848250389099e-03,-1.924422942101955414e-02,-2.742368495091795921e-03,2.636880241334438324e-02,-2.941843308508396149e-02,-3.730541467666625977e-02,2.891892567276954651e-02,3.072635736316442490e-03,-2.617162652313709259e-02,-9.612256544642150402e-04,4.861008375883102417e-02,-7.459768094122409821e-03,-6.483754608780145645e-03,4.309084033593535423e-04,-1.090374961495399475e-02,7.860689423978328705e-03,-9.543245658278465271e-03,2.011179737746715546e-02,-1.382850389927625656e-02,2.714435569941997528e-03,-6.763084791600704193e-03,2.986536361277103424e-02,-2.681573107838630676e-02,1.678612083196640015e-02,5.691770464181900024e-03,-4.705897998064756393e-03,-1.448575221002101898e-02,2.391069382429122925e-02,-2.022681524977087975e-03,1.139011327177286148e-02,-2.022065455093979836e-04,-3.501819074153900146e-02,3.741057217121124268e-02,-1.171216461807489395e-02,3.082494484260678291e-03,8.038146421313285828e-03,1.912592537701129913e-02,1.860012672841548920e-02,-1.068685762584209442e-02,-1.912592537701129913e-02,3.653889871202409267e-04,1.987518928945064545e-02,9.983601979911327362e-03,5.961242131888866425e-03,6.536334287375211716e-03,-4.722328856587409973e-03,5.964528536424040794e-04,2.588243782520294189e-02,4.607310518622398376e-03,5.176487565040588379e-02,3.233661502599716187e-02,-1.132110250182449818e-03,1.534017547965049744e-02,-3.007568232715129852e-02,-5.163342505693435669e-02,-1.116796284914016724e-01,-1.888931542634963989e-02,2.689788583666086197e-03,1.062770467251539230e-02,-4.222820512950420380e-03,1.071971934288740158e-02,5.211979150772094727e-03,-1.532702986150979996e-02,-6.059829145669937134e-03,3.110427642241120338e-03,1.595798879861831665e-02,-2.915553376078605652e-02,-7.702949922531843185e-03,-8.813699707388877869e-03,2.301683463156223297e-02,-1.251400727778673172e-02,3.276382805779576302e-03,-1.682555675506591797e-02,-3.909312933683395386e-02,2.868231572210788727e-02,-2.105823531746864319e-02,1.044367533177137375e-02,-2.128170058131217957e-02,-2.395012788474559784e-02,-1.778513938188552856e-02,2.037469670176506042e-02,-1.928366534411907196e-02,2.095307596027851105e-02,8.715112693607807159e-03,-7.170578930526971817e-03,7.203441578894853592e-03,1.505098585039377213e-02,-2.863959409296512604e-03,3.243520390242338181e-03,-6.319442298263311386e-03,-8.859707042574882507e-03,-5.457789823412895203e-02,1.329284626990556717e-03,7.624080404639244080e-03,-2.529091387987136841e-02,2.960246428847312927e-02,2.444963715970516205e-02,-1.378906890749931335e-02,3.005267819389700890e-03,5.352465668693184853e-04,-2.249432262033224106e-03,-1.726919901557266712e-03,1.106148865073919296e-02,1.965172402560710907e-02,5.915234796702861786e-03,1.368390955030918121e-02,-1.300037093460559845e-02,-9.957311674952507019e-03,-4.117660690099000931e-03,1.398624386638402939e-02,-2.439705654978752136e-02,9.714130312204360962e-03,1.445946283638477325e-02,-1.832408271729946136e-02,2.066388726234436035e-02,-1.552420482039451599e-02,8.375808247365057468e-04,5.593182984739542007e-03,2.255676127970218658e-02,7.926414720714092255e-03,-2.233001170679926872e-03,-2.116339467465877533e-02,-2.734152972698211670e-02,1.948083937168121338e-02,-1.482752151787281036e-02,5.593182984739542007e-03,1.766683347523212433e-02,1.077887229621410370e-02,2.657912112772464752e-02,-3.951376676559448242e-02,-5.747636314481496811e-03,-8.005284704267978668e-03,-8.018429391086101532e-03,1.191591192036867142e-02,-1.085116900503635406e-02,-1.099576428532600403e-02,-1.936253532767295837e-02,-6.197851616889238358e-03,-7.012839429080486298e-03,5.239583551883697510e-02,8.090726099908351898e-03,7.564927916973829269e-03,-1.649693213403224945e-02,-1.915221475064754486e-02,-3.670731792226433754e-03,-3.082494484260678291e-03,5.589896813035011292e-03,3.301029559224843979e-03,-1.042395830154418945e-02,-2.239902131259441376e-02,2.053243666887283325e-02,-9.116034023463726044e-03,-7.748957257717847824e-03,-1.572137884795665741e-02,1.451204251497983932e-02,-1.476179715245962143e-02,-7.900124415755271912e-03,-3.625381737947463989e-02,1.345387287437915802e-02,-2.349005453288555145e-02,-1.817948743700981140e-02,6.723650265485048294e-03,-2.989165298640727997e-02,1.277526374906301498e-03,-1.052911765873432159e-02,-6.694073788821697235e-03,-2.271450124680995941e-02,-4.058508202433586121e-03,1.274404488503932953e-02,1.330270525068044662e-02,3.000338561832904816e-03,-2.965504303574562073e-02,-2.443320583552122116e-03,8.287901058793067932e-03,-7.111426442861557007e-03,2.890249481424689293e-03,1.958599872887134552e-02,6.769657600671052933e-03,1.534017547965049744e-02,7.071991916745901108e-03,1.562936417758464813e-02,-1.807432807981967926e-02,-2.929684240370988846e-03,-1.740393415093421936e-02,2.589558251202106476e-02,-6.634921766817569733e-03,1.148212794214487076e-02,3.181081730872392654e-03,-1.811376400291919708e-02,2.335860393941402435e-02,-1.640656031668186188e-03,3.447267226874828339e-03,-1.054226234555244446e-02,-1.000331901013851166e-02,2.392383851110935211e-02,1.372334454208612442e-02,3.812040016055107117e-02,5.586610641330480576e-04,-1.745651476085186005e-02,9.990174323320388794e-03,-3.433465212583541870e-02,-1.805789652280509472e-03,-1.574767008423805237e-02,-2.270135655999183655e-02,1.152813527733087540e-02,1.363132987171411514e-02,-1.144269295036792755e-02,3.940860927104949951e-02,4.850492626428604126e-02,1.641477574594318867e-03,-1.574767008423805237e-02,-1.348673552274703979e-02,-1.340129319578409195e-02,2.197838388383388519e-02,1.294121891260147095e-02,1.353931520134210587e-02,-2.149201929569244385e-02,9.812717325985431671e-03,3.004939295351505280e-02,1.365761924535036087e-02,-1.698329672217369080e-02,1.454161829315125942e-03,2.341118454933166504e-02,-3.116999985650181770e-03,4.788053687661886215e-03,2.783446572721004486e-03,-1.295436359941959381e-02,-1.093003898859024048e-02,2.268821187317371368e-02,6.979976780712604523e-03,1.277033425867557526e-02,6.651352625340223312e-03,-1.296750921756029129e-02,-2.044042199850082397e-02,-4.735474009066820145e-03,-1.674668677151203156e-02,-1.503784116357564926e-02,1.267667626962065697e-03,8.905714377760887146e-03,-2.723637036979198456e-02,1.251400727778673172e-02,5.350001156330108643e-03,1.590540818870067596e-02,-1.223139092326164246e-02,7.564927916973829269e-03,2.324029989540576935e-02,-1.164644025266170502e-02,-7.058846764266490936e-03,2.709506079554557800e-03,1.700958609580993652e-02,9.819289669394493103e-03,4.275400191545486450e-03,2.335860393941402435e-02,-2.668428048491477966e-02,1.804803870618343353e-02,7.992139086127281189e-03,1.711474545300006866e-02,-4.212961532175540924e-03,1.426228787750005722e-02,-1.050940062850713730e-02,-2.295111119747161865e-02,-3.169579897075891495e-03,1.152813527733087540e-02,-2.254361659288406372e-02,-1.927052065730094910e-02,-1.562936417758464813e-02,-1.417027320712804794e-02,9.786427021026611328e-03,-1.339471992105245590e-02,-2.729634288698434830e-04,3.900357987731695175e-04,6.654638797044754028e-03,2.713120914995670319e-02,9.595825336873531342e-03,1.326327025890350342e-02,6.575769279152154922e-03,4.492949321866035461e-02,1.439373753964900970e-02,4.558017011731863022e-03,2.550123445689678192e-02,-6.437747273594141006e-03,2.007236331701278687e-02,1.855083275586366653e-03,-4.912931006401777267e-03,-2.096622064709663391e-02,1.494582649320363998e-02,-1.661195070482790470e-03,1.746965944766998291e-02,-1.723304949700832367e-02,-2.426560781896114349e-02,-2.784103713929653168e-02,-1.799545809626579285e-02,2.721007913351058960e-03,6.587887037312611938e-05,4.471917450428009033e-02,-1.669410616159439087e-02,3.115356899797916412e-02,1.952027529478073120e-02,-2.912924438714981079e-02,-1.779828406870365143e-02,2.047985605895519257e-02,2.397641725838184357e-02,2.881622931454330683e-04,-5.225123837590217590e-03,-3.139017894864082336e-02,-9.944166988134384155e-03,1.292807422578334808e-02,-1.470921654254198074e-02,1.323698088526725769e-02,-3.943489864468574524e-03,-3.007568232715129852e-02,3.000338561832904816e-03,1.705559319816529751e-03,5.465019494295120239e-03,2.852457575500011444e-02,1.395995356142520905e-02,3.015455231070518494e-02,1.953341998159885406e-02,2.543550916016101837e-02,2.060473430901765823e-03,-1.282291393727064133e-02,-4.324693977832794189e-02,1.308581326156854630e-02,1.555049512535333633e-02,-7.676660083234310150e-03,-2.260934188961982727e-02,7.978994399309158325e-03,1.251400727778673172e-02,-2.468624524772167206e-02,-1.771941408514976501e-02,1.685184612870216370e-02,-6.575769279152154922e-03,-2.016437798738479614e-02,-8.169596083462238312e-03,2.083477191627025604e-02,1.167272962629795074e-02,-1.626032218337059021e-02,3.096953965723514557e-02,-1.651007682085037231e-02,5.652335472404956818e-03,3.438723087310791016e-02,1.715418137609958649e-02,9.457803331315517426e-03,-9.273773059248924255e-03,-3.128501772880554199e-02
-3.102716989815235138e-02,-1.775844581425189972e-02,-2.597623504698276520e-02,-2.656417526304721832e-02,-7.119579822756350040e-04,2.891593240201473236e-02,-3.081337362527847290e-02,-6.296965759247541428e-03,-7.188896648585796356e-03,1.650239224545657635e-03,-1.464503817260265350e-02,4.112904146313667297e-02,-1.455150265246629715e-02,-1.073657721281051636e-02,1.560712140053510666e-02,4.158335551619529724e-02,2.441285178065299988e-02,2.333050779998302460e-02,2.811419777572154999e-02,-1.221310719847679138e-02,-1.251375768333673477e-02,1.008850708603858948e-02,1.042256411164999008e-02,-2.008347772061824799e-02,-2.735254913568496704e-02,5.702345166355371475e-03,1.393683813512325287e-02,-4.118248820304870605e-02,1.449805311858654022e-02,-2.473354525864124298e-02,2.841150853782892227e-03,-4.800392314791679382e-03,-1.774508319795131683e-02,-3.396686911582946777e-02,-3.311168402433395386e-02,-6.968419067561626434e-03,-2.219471521675586700e-02,-2.632365375757217407e-02,2.254213392734527588e-02,-2.183059463277459145e-03,1.701015792787075043e-02,2.240851148962974548e-02,1.409718580543994904e-02,-1.166692469269037247e-03,-2.435940131545066833e-02,5.227984860539436340e-03,-9.119743481278419495e-03,-1.990976929664611816e-02,-1.604807563126087189e-02,2.137961797416210175e-03,3.877728059887886047e-02,8.264558389782905579e-03,-2.105892449617385864e-02,-2.643055282533168793e-02,1.918820664286613464e-02,-1.976278424263000488e-02,-9.166510775685310364e-03,1.848000660538673401e-02,-5.678961053490638733e-03,-1.640217611566185951e-03,1.032902766019105911e-02,1.401701197028160095e-02,-2.121927030384540558e-02,9.637530893087387085e-04,-5.635533481836318970e-03,9.333539754152297974e-03,-1.913475804030895233e-02,1.002837717533111572e-02,-1.130447257310152054e-02,-1.775844581425189972e-02,3.228322416543960571e-02,1.909467205405235291e-02,2.514777518808841705e-02,-2.887918613851070404e-03,-1.925501786172389984e-02,-2.830126881599426270e-02,1.362950634211301804e-02,-3.538326919078826904e-02,-2.291627787053585052e-02,8.150978945195674896e-03,9.447118267416954041e-03,-2.091193944215774536e-02,-1.408382318913936615e-02,2.728573791682720184e-02,9.360264055430889130e-03,2.283276291564106941e-03,-1.093032956123352051e-02,1.279436517506837845e-02,1.385666523128747940e-02,-1.330881193280220032e-02,8.438267745077610016e-03,2.267575822770595551e-02,6.104882922954857349e-04,3.078665025532245636e-02,-9.333539754152297974e-03,-5.124427378177642822e-03,-2.347749285399913788e-02,1.209952775388956070e-02,-6.928332615643739700e-03,-4.054110124707221985e-02,-6.988462526351213455e-03,-1.671618968248367310e-02,3.158504609018564224e-03,-3.510934067890048027e-03,-2.391844801604747772e-02,-1.305492967367172241e-02,5.769156385213136673e-03,-2.128608152270317078e-02,1.516616623848676682e-02,-1.037579588592052460e-02,1.327874779235571623e-04,3.126769140362739563e-02,7.843647152185440063e-03,-3.385996818542480469e-02,4.543168935924768448e-03,-2.288955263793468475e-02,8.458311669528484344e-03,-4.329372663050889969e-03,-1.303488574922084808e-02,-4.572565853595733643e-02,4.887246992439031601e-03,4.166353121399879456e-02,1.469848770648241043e-02,-3.091693157330155373e-03,1.483211014419794083e-02,6.138288881629705429e-04,-1.495236996561288834e-02,-1.874725334346294403e-02,-1.000165287405252457e-02,-1.777180656790733337e-02,1.941536553204059601e-02,2.194083295762538910e-02,2.218135446310043335e-02,-2.482708171010017395e-02,-1.739766448736190796e-02,4.925329610705375671e-02,1.028226036578416824e-02,-2.602968551218509674e-02,-2.553528174757957458e-02,-1.195254269987344742e-02,4.673450719565153122e-03,1.176547072827816010e-02,-1.527306437492370605e-02,-1.266074273735284805e-02,1.340902876108884811e-02,1.757137291133403778e-02,-1.137462444603443146e-03,2.282274141907691956e-02,-4.897268954664468765e-03,-1.771835796535015106e-02,1.393683813512325287e-02,9.604125516489148140e-04,1.745111308991909027e-02,-1.710369437932968140e-02,5.086010787636041641e-04,2.216799184679985046e-02,-1.972603844478726387e-03,1.775844581425189972e-02,-1.098377909511327744e-02,-1.778516918420791626e-02,-4.352756775915622711e-03,-1.056286785751581192e-02,3.001163899898529053e-02,-1.493900828063488007e-02,1.164521090686321259e-02,2.955732122063636780e-02,-3.674621926620602608e-03,5.842648912221193314e-03,1.164521090686321259e-02,-2.513441257178783417e-02,2.017701417207717896e-02,3.372634574770927429e-02,-2.757970802485942841e-02,5.398353561758995056e-03,-4.439611453562974930e-03,4.893260076642036438e-02,1.212625205516815186e-02,1.813258789479732513e-02,-2.129944413900375366e-02,-8.946034125983715057e-03,-4.855845868587493896e-02,-1.393683813512325287e-02,4.307993128895759583e-02,1.737093925476074219e-02,-5.902778822928667068e-03,-3.209615126252174377e-02,1.226655580103397369e-02,5.303147481754422188e-04,2.461328543722629547e-02,-7.796879392117261887e-03,6.921651307493448257e-03,2.647063881158828735e-02,1.825284957885742188e-02,8.698832243680953979e-03,-6.371126174926757812e-01,9.480524808168411255e-03,-2.040417306125164032e-02,-1.136460341513156891e-02,4.960739752277731895e-04,9.386988240294158459e-04,-1.775719283614307642e-04,1.277432218194007874e-02,-7.723386865109205246e-03,1.046933140605688095e-02,6.176705472171306610e-03,3.696001321077346802e-02,5.595447029918432236e-03,-2.644391544163227081e-02,-1.117085013538599014e-02,-1.807913929224014282e-02,-7.596445735543966293e-03,-2.875558659434318542e-02,-5.424242699518799782e-04,4.823776427656412125e-03,-6.564210634678602219e-03,1.658256538212299347e-02,-1.052278093993663788e-02,-7.489547599107027054e-03,-3.016530536115169525e-03,-7.858679746277630329e-04,6.771326065063476562e-03,-3.497571917250752449e-03,-1.491228397935628891e-02,2.380152698606252670e-03,-3.845658898353576660e-02,2.459992282092571259e-02,-8.297963999211788177e-03,1.969597302377223969e-02,3.618500381708145142e-02,-1.449805311858654022e-02,-7.396011613309383392e-03,3.380652144551277161e-02,1.213293336331844330e-02,3.538326919078826904e-02,-3.268409147858619690e-02,-2.183059463277459145e-03,5.020869430154561996e-03,-3.280435223132371902e-03,1.508599333465099335e-02,1.447132881730794907e-02,2.383827418088912964e-02,-7.315838243812322617e-03,7.763473782688379288e-03,1.085683703422546387e-02,3.614491550251841545e-03,-1.745111308991909027e-02,1.091028656810522079e-02,2.430595271289348602e-02,-6.133277900516986847e-03,8.712193928658962250e-03,8.311326615512371063e-03,-6.280262954533100128e-03,-2.166022546589374542e-02,2.768660522997379303e-02,-6.923321634531021118e-04,2.692495658993721008e-02,-1.054282393306493759e-02,6.621000356972217560e-03,-7.476184982806444168e-03,2.979784272611141205e-02,-1.905458420515060425e-02,3.035905770957469940e-02,1.702352054417133331e-02,-5.782518535852432251e-03,1.292798761278390884e-02,2.413558540865778923e-03,-1.623514667153358459e-02,-1.558039616793394089e-02,-1.436443068087100983e-02,-1.058291085064411163e-02,1.278768386691808701e-02,5.214622244238853455e-03,-1.757137360982596874e-03,1.880738302133977413e-03,-9.126424789428710938e-03,6.806401652283966541e-04,-4.901277273893356323e-02,1.034907158464193344e-02,3.321858122944831848e-02,-5.197919439524412155e-03,3.225733235012739897e-04,-1.898777298629283905e-02,-6.029720418155193329e-03,-5.972930695861577988e-03,1.176505320472642779e-04,1.976278424263000488e-02,-8.505078963935375214e-03,-2.378482557833194733e-02,2.454647421836853027e-02,1.710369437932968140e-02,-1.568395411595702171e-03,5.248028319329023361e-03,1.992313191294670105e-02,1.715714298188686371e-02,-1.200599130243062973e-02,-9.961565956473350525e-03,6.526629440486431122e-04,-5.722388159483671188e-03,7.482866290956735611e-03,7.171776087488979101e-05,-3.639879822731018066e-02,-7.756792474538087845e-03,3.367289900779724121e-02,-1.319523341953754425e-02,5.889416672289371490e-03,1.559375878423452377e-02,1.877397671341896057e-02,-1.588772796094417572e-02,-2.838144265115261078e-02,-2.537493407726287842e-02,1.985632069408893585e-02,1.407046150416135788e-02,6.981781683862209320e-03,-3.257719427347183228e-02,4.442951641976833344e-03,9.620828554034233093e-03,-6.941694766283035278e-03,-3.236339613795280457e-02,1.168529782444238663e-02,4.043420404195785522e-02,-1.041588280349969864e-02,-9.226641617715358734e-03,-2.182057313621044159e-02,-6.186726968735456467e-03,1.013527531176805496e-02,1.473857369273900986e-02,1.525970268994569778e-02,-1.382993999868631363e-02,1.811922714114189148e-02,1.039583887904882431e-02,3.327203169465065002e-02,-2.351758070290088654e-02,2.060460671782493591e-02,-2.995819039642810822e-02,9.841305203735828400e-03,2.691159397363662720e-02,-3.938526380807161331e-03,-4.058786667883396149e-03,-1.340902876108884811e-02,-2.894265763461589813e-02,-2.190074697136878967e-02,-6.621000356972217560e-03,-5.526631325483322144e-02,3.140131384134292603e-02,1.104056835174560547e-03,-3.101714886724948883e-03,-2.466673403978347778e-02,-2.115245908498764038e-02,3.497571917250752449e-03,-5.475186742842197418e-03,-1.529978867620229721e-02,-9.467162191867828369e-03,1.000833325088024139e-02,-9.193236008286476135e-03,2.171367406845092773e-02,3.268409147858619690e-02,-1.364955026656389236e-02,-2.600296027958393097e-02,1.245362777262926102e-02,-6.674449425190687180e-03,5.812583491206169128e-03,-1.655584201216697693e-02,7.689981255680322647e-03,-4.777008201926946640e-03,-1.232000440359115601e-02,-1.436443068087100983e-02,-6.798050366342067719e-03,3.773502632975578308e-02,-8.338050916790962219e-03,1.489892136305570602e-02,-2.808747254312038422e-02,-1.928174309432506561e-02,-8.625339716672897339e-03,1.857354305684566498e-02,-6.952551775611937046e-04,-1.283445209264755249e-02,-3.594448417425155640e-02,-1.742438785731792450e-02,1.267410442233085632e-02,2.366790547966957092e-03,-1.980287022888660431e-02,1.862699165940284729e-02,-1.520625315606594086e-02,-2.306660404428839684e-03,-1.992313191294670105e-02,4.529806599020957947e-02,1.347083016298711300e-03,-3.460825653746724129e-03,2.291627693921327591e-03,-2.231497550383210182e-03,1.395020075142383575e-02,1.686317287385463715e-02,2.926335297524929047e-02,4.500409588217735291e-02,5.789199844002723694e-03,-1.093032956123352051e-02,4.952054098248481750e-02,7.035230752080678940e-03,-4.309329378884285688e-04,-3.730743378400802612e-02,7.409373763948678970e-03,-1.989640668034553528e-02,3.033233247697353363e-02,9.113062173128128052e-03,5.181216634809970856e-03,-3.070647642016410828e-02,-1.114412583410739899e-02,-1.264069881290197372e-02,7.302475627511739731e-03,3.206942602992057800e-02,1.762148225679993629e-03,1.392347645014524460e-02,1.908130943775177002e-02,-1.018872391432523727e-02,6.240176036953926086e-03,-2.640382759273052216e-02,2.441953169181942940e-03,6.567551288753747940e-03,-2.574907802045345306e-02,1.475694705732166767e-03,3.507593646645545959e-03,-5.091021303087472916e-03,1.127106696367263794e-02,-1.424417085945606232e-02,5.251368507742881775e-03,3.111736616119742393e-03,-2.298308908939361572e-02,2.244859933853149414e-02,1.938864029943943024e-02,-5.395012907683849335e-03,-7.048592669889330864e-04,-1.087019965052604675e-02,1.464503817260265350e-02,-1.411054749041795731e-02,7.923820987343788147e-03,1.789206825196743011e-02,2.939697541296482086e-02,-1.324200071394443512e-02,-1.374642597511410713e-03,2.089857682585716248e-02,2.327705919742584229e-02,2.427922934293746948e-02,5.360563227441161871e-05,1.072989590466022491e-02,-1.165857259184122086e-02,3.260391578078269958e-02,-3.404704108834266663e-02,2.068478055298328400e-02,-3.176877507939934731e-03,-4.313337802886962891e-02,2.351758070290088654e-02,9.260047227144241333e-03,8.331369608640670776e-03,1.185232587158679962e-02,-1.185065601021051407e-03,-1.733085326850414276e-02,1.384330261498689651e-02,3.696001321077346802e-02,3.810916841030120850e-02,1.571401953697204590e-02,-6.631022319197654724e-03,2.408547559753060341e-03,-1.964252442121505737e-02,1.236677262932062149e-02,-1.167861651629209518e-02,9.286771528422832489e-03,1.199931092560291290e-02,-2.379818633198738098e-02,1.575410552322864532e-02,-7.295794785022735596e-03,1.130447257310152054e-02,-8.972758427262306213e-03,2.605640888214111328e-02,3.134786337614059448e-02,9.452756057726219296e-05,-5.334214866161346436e-02,7.843647152185440063e-03,8.525122888386249542e-03,-5.261390469968318939e-03,-2.728573791682720184e-02,-3.364617377519607544e-02,1.160512398928403854e-02,-1.354265213012695312e-02,4.302647896111011505e-03,-3.437441773712635040e-03,2.955732122063636780e-02,2.135289274156093597e-02,-1.194586139172315598e-02,-4.329372663050889969e-03,4.997485782951116562e-03,1.833302155137062073e-02,-3.335220366716384888e-02,1.374976709485054016e-02,8.197747170925140381e-03,-5.111064761877059937e-03,6.981781683862209320e-03,-1.219974458217620850e-02,-2.943873114418238401e-04,1.373640447854995728e-02,2.019037678837776184e-02,-7.469504140317440033e-03,-8.698832243680953979e-03,-6.023039110004901886e-03,-1.019540522247552872e-02,-6.908289156854152679e-03,6.079828832298517227e-03,-2.403870783746242523e-02,-2.525467425584793091e-03,-6.433928851038217545e-03,-8.057443425059318542e-03,-5.548678804188966751e-03,-1.507263071835041046e-02,1.378985401242971420e-02,7.402692921459674835e-03,-1.445838424842804670e-04,-2.978113945573568344e-03,-1.197258569300174713e-02,8.438267745077610016e-03,9.706346690654754639e-02,1.349588390439748764e-02,1.280772779136896133e-02,2.087185159325599670e-02,2.400196157395839691e-03,2.087185159325599670e-02,-5.374969448894262314e-03,-2.771333046257495880e-02,-5.729069467633962631e-03,-1.114412583410739899e-02,1.312842126935720444e-02,3.431908908169134520e-06,-9.079656563699245453e-03,-2.279601804912090302e-02,8.705513551831245422e-03,1.630195789039134979e-02,1.975944265723228455e-03,-5.932843778282403946e-03,-9.554016403853893280e-03,1.130447257310152054e-02,-2.227488905191421509e-02,1.193249970674514771e-02,-1.854681782424449921e-02,-1.171703333966434002e-03,6.567551288753747940e-03,-1.849336922168731689e-02,9.528962546028196812e-04,4.414891079068183899e-02,7.375968154519796371e-03,-2.840816788375377655e-02,-3.597788745537400246e-03,-7.796879392117261887e-03,2.886248379945755005e-02,1.925835851579904556e-03,-1.124434266239404678e-02,1.008182577788829803e-02,1.124434266239404678e-02,1.898777298629283905e-02,2.894265763461589813e-02,-1.623514667153358459e-02,1.119757536798715591e-02,-1.927506178617477417e-03,7.683300413191318512e-03,-2.657753787934780121e-02,-1.196590531617403030e-02,-3.464166307821869850e-03,2.417734212940558791e-04,4.710196983069181442e-03,-8.124254643917083740e-03,-1.818603835999965668e-02,3.599793091416358948e-02,-6.083169486373662949e-03,-3.337892889976501465e-02,-2.259558439254760742e-02,-1.304824836552143097e-02,2.468009665608406067e-02,-1.551358494907617569e-02,2.287619188427925110e-02,1.993649452924728394e-02,2.192747034132480621e-02,4.419567994773387909e-03,-2.516113780438899994e-02,2.337059564888477325e-02,1.421410590410232544e-03,5.261390469968318939e-03,-2.792712533846497536e-03,-8.358094841241836548e-03,-1.648360193939879537e-04,-2.325033396482467651e-02,6.163342855870723724e-03,-1.183228194713592529e-02,2.573905512690544128e-03,-1.994985528290271759e-02,6.026379764080047607e-03,2.288955263793468475e-02,1.930846832692623138e-02,6.614319514483213425e-03,-6.774666253477334976e-03,1.731749065220355988e-02,2.553862286731600761e-03,3.594448324292898178e-03,-5.465164780616760254e-03,-1.440451759845018387e-02,-1.684981212019920349e-02,-9.123919153353199363e-05,1.247367076575756073e-02,5.775837227702140808e-03,-1.093032956123352051e-02,-5.966249853372573853e-03,2.079167775809764862e-02,5.395012907683849335e-03,1.994317397475242615e-03,1.520625315606594086e-02,-6.631022319197654724e-03,-1.660929061472415924e-02,1.044928841292858124e-02,1.790543086826801300e-02,-1.570065692067146301e-02,7.629851344972848892e-03,-1.262733712792396545e-03,7.081998628564178944e-04,-1.141805201768875122e-02,-7.215620949864387512e-03,-4.543168935924768448e-03,2.553528174757957458e-02,-1.705024577677249908e-02,-2.342404425144195557e-02,1.815931312739849091e-02,1.069816062226891518e-03,-9.761131368577480316e-03,6.751282606273889542e-03,-2.973103197291493416e-03,-1.862699165940284729e-02,-2.462664805352687836e-02,8.059113752096891403e-04,8.505078963935375214e-03,-2.026052912697196007e-03,2.613658271729946136e-02,1.722395420074462891e-02,1.365623064339160919e-02,5.274752620607614517e-03,-1.443124189972877502e-02,4.356097057461738586e-02,-8.064124733209609985e-03,-1.473857369273900986e-02,-1.563384570181369781e-02,9.520610794425010681e-03,-4.436270892620086670e-02,8.411543443799018860e-03,-5.854340852238237858e-04,-1.783861964941024780e-02,1.489892136305570602e-02,9.747769683599472046e-03,-6.153321359306573868e-03,-2.341068163514137268e-02,-8.872541598975658417e-03,-3.214960172772407532e-02,7.890415377914905548e-03,-8.645382709801197052e-03,1.164521090686321259e-02,-1.181223895400762558e-02,-1.876061409711837769e-02,-2.979784272611141205e-02,-2.562881633639335632e-02,6.390501279383897781e-03,-3.300478681921958923e-02,5.508592352271080017e-03,-1.539332512766122818e-02,3.644556738436222076e-03,1.455150265246629715e-02,-2.899610623717308044e-02,-8.705513551831245422e-03,-2.846161648631095886e-02,1.843992061913013458e-02,1.012191292829811573e-03,-2.403870783746242523e-02,-2.827454544603824615e-02,-1.805241405963897705e-02,2.267575822770595551e-02,2.307662554085254669e-02,4.465667530894279480e-02,-1.596790179610252380e-02,1.687653549015522003e-02,3.093363484367728233e-03,-1.558039616793394089e-02,-9.260047227144241333e-03,-2.278265543282032013e-02,-6.347074173390865326e-03,-2.133953198790550232e-02,8.551847189664840698e-03,1.496573258191347122e-02,-9.901435114443302155e-03,1.310837827622890472e-02,-1.249371469020843506e-02,3.116079233586788177e-02,1.821276172995567322e-02,-3.410717239603400230e-03,-8.311326615512371063e-03,-2.103219926357269287e-02,-2.657753787934780121e-02,1.312174089252948761e-02,-4.813754465430974960e-03,7.676619105041027069e-03,-6.410544738173484802e-03,-2.896938286721706390e-02,-1.511271763592958450e-02,4.484374821186065674e-02,-7.509590592235326767e-03,-4.910631105303764343e-03,-5.658917594701051712e-03,1.060295384377241135e-02,-1.468512509018182755e-02,2.647063881158828735e-02,-2.405207045376300812e-02,-3.701346460729837418e-03,1.181223895400762558e-02,2.313007414340972900e-02,3.682639077305793762e-02,2.467007376253604889e-03,1.742438785731792450e-02,1.213961467146873474e-02,-5.835967604070901871e-03,-1.046933140605688095e-02,-3.073320165276527405e-02,8.879222907125949860e-03,-6.928332615643739700e-03,-3.704686881974339485e-03,1.096373517066240311e-02,3.828287823125720024e-03,-2.397189661860466003e-02,-7.115404121577739716e-03,-2.097875066101551056e-02,-1.377649139612913132e-02,-4.051437601447105408e-02,1.988304406404495239e-02,6.493224063888192177e-04,-2.832799404859542847e-02,1.364955026656389236e-02,-2.007011696696281433e-02,-4.163680598139762878e-02,-1.628859713673591614e-02,-1.115748845040798187e-02,1.385666523128747940e-02,-1.508599333465099335e-02,2.504087798297405243e-02,1.663601584732532501e-02,-1.075662020593881607e-02,-1.451141573488712311e-02,-3.637875663116574287e-03,-5.117746070027351379e-03,1.249580236617475748e-04,2.334387041628360748e-02,3.131779958494007587e-04,-9.213279001414775848e-03,-7.002659840509295464e-04,-8.384819142520427704e-03,-1.017828471958637238e-04,-2.021710202097892761e-02,-4.329372569918632507e-02,1.393683813512325287e-02,-1.841319538652896881e-02,-7.589764427393674850e-03,1.412391010671854019e-02,-3.257719427347183228e-02,2.490391489118337631e-03,4.202431067824363708e-03,-3.915142640471458435e-02,1.056286785751581192e-02,-2.149987779557704926e-02,-1.539332512766122818e-02,-2.037744782865047455e-02,9.640871547162532806e-03,-3.690656647086143494e-02,1.920156925916671753e-02,1.556703448295593262e-02,-1.250707637518644333e-02,-5.173700628802180290e-04,6.213451270014047623e-03,-4.439611453562974930e-03,3.918482922017574310e-03,1.932182908058166504e-02,3.164183348417282104e-02,3.567723790183663368e-03,-1.543341204524040222e-02,2.102885860949754715e-03,-5.248028319329023361e-03,-2.697840519249439240e-02,-3.337224712595343590e-03,3.988634794950485229e-03,2.899610623717308044e-02,-1.328208763152360916e-02,1.202603522688150406e-02,-2.250204794108867645e-02,1.699512591585516930e-03,9.006164036691188812e-03,8.237834088504314423e-03,-6.524124182760715485e-03,-1.089692395180463791e-02,-2.655081264674663544e-02,-3.102716989815235138e-02,2.870213799178600311e-02,-1.082343165762722492e-03,1.177883334457874298e-02,1.850673230364918709e-03,-1.807913929224014282e-02,-3.177545592188835144e-02,-1.838647201657295227e-02,-2.077831700444221497e-02,1.984295807778835297e-02,-1.393683813512325287e-02,-3.573068603873252869e-02,4.486379213631153107e-03,-1.785198040306568146e-02,1.137796510010957718e-02,-3.601129399612545967e-03,6.661087274551391602e-03,8.892584592103958130e-03,4.155663400888442993e-02,-1.721059158444404602e-02,1.351592689752578735e-02,-1.817267574369907379e-02,1.535323821008205414e-02,-8.618658408522605896e-03,1.392347645014524460e-02,-9.660914540290832520e-03,1.334221754223108292e-02,7.235664408653974533e-03,-2.345076762139797211e-03,-1.570065692067146301e-02,2.510768920183181763e-02,-8.297963999211788177e-03,1.049605663865804672e-02,1.711705699563026428e-02,-3.797554597258567810e-02,7.001824676990509033e-03,5.648896098136901855e-03,1.779853180050849915e-02,-1.778516918420791626e-02,-4.500409588217735291e-02,2.482708171010017395e-02,-2.489389292895793915e-02,1.141137070953845978e-02,2.136625535786151886e-02,-2.497406676411628723e-02,1.002169586718082428e-02,1.759809814393520355e-02,-5.752453580498695374e-03,-8.177704177796840668e-03,9.734407067298889160e-03,-9.493886493146419525e-03,-1.125770527869462967e-02,1.051609963178634644e-02,-3.049268014729022980e-02,-1.388338953256607056e-02,-7.636532187461853027e-03,-8.738919161260128021e-03,-1.370968017727136612e-02,1.745111308991909027e-02,-4.321856249589473009e-04,-4.048765171319246292e-03,1.878733932971954346e-02,2.180721051990985870e-02,4.082170780748128891e-03,5.662258248776197433e-03,4.676791373640298843e-03,1.431098207831382751e-02,1.431098207831382751e-02,-2.655081264674663544e-02,-2.627020515501499176e-02,-2.875558659434318542e-02,-1.706360839307308197e-02,4.283940792083740234e-02,2.936356933787465096e-03,5.972930695861577988e-03,-7.462822832167148590e-03,8.999482728540897369e-03,-4.444288089871406555e-02,7.616488728672266006e-03,-1.061631646007299423e-02,1.417735870927572250e-02,2.472018264234066010e-02,1.534989802166819572e-03,2.740933792665600777e-03,1.171202212572097778e-02,2.701849304139614105e-02,3.089354746043682098e-02,-9.106380864977836609e-03,3.183558816090226173e-03,8.598615415394306183e-03,-2.081172075122594833e-03,-1.535323821008205414e-02,4.452305287122726440e-02,-1.148486323654651642e-02,-1.925501786172389984e-02,4.564548283815383911e-02,1.574241439811885357e-03,-8.124254643917083740e-03,2.260894514620304108e-02,4.853841383010149002e-03,-4.416227340698242188e-03,-1.246030814945697784e-02,-1.258056890219449997e-02,-1.680304296314716339e-03,-2.749953418970108032e-02,1.926838047802448273e-02,-1.885415054857730865e-02,6.243516691029071808e-03,-1.807913929224014282e-02,1.536660082638263702e-02,-2.637710422277450562e-02,4.349416121840476990e-03,3.145476430654525757e-02,-2.510768920183181763e-02,-9.787856601178646088e-03,-1.373640447854995728e-02,-1.118421275168657303e-02,-2.235506288707256317e-02,1.316850818693637848e-02,3.896435350179672241e-02,1.855683978646993637e-03,-3.604470053687691689e-03,1.155167445540428162e-02,1.240685954689979553e-02,-3.423411399126052856e-02,1.370466896332800388e-03,9.093019179999828339e-03,-9.026207029819488525e-03,-2.251541055738925934e-02,1.003505848348140717e-02,-2.004339173436164856e-02,1.096373517066240311e-02,-1.099714078009128571e-02,1.208616513758897781e-02,-2.752625755965709686e-02,9.694320149719715118e-03,-1.938864029943943024e-02,1.339566707611083984e-02,-3.933849558234214783e-02,1.627523452043533325e-02,2.699176780879497528e-02,2.350421808660030365e-02,1.545846578665077686e-03,9.440437890589237213e-03,-1.169197820127010345e-02,-7.903777062892913818e-03,-2.052443288266658783e-02,-2.861194079741835594e-03,-9.500567801296710968e-03,4.773668013513088226e-03,-1.082343142479658127e-02,6.066466681659221649e-03,-2.492061629891395569e-02,-9.754450875334441662e-04,-5.395012907683849335e-03,-2.342404425144195557e-02,1.143809594213962555e-02,1.961579918861389160e-01,-3.369962424039840698e-02,-1.403037458658218384e-02,6.841477937996387482e-03,2.253211336210370064e-03,-1.279436517506837845e-02,1.116416882723569870e-02,-5.057615693658590317e-03,-6.290284451097249985e-03,1.647566817700862885e-02,-1.098377909511327744e-02,-1.188573148101568222e-02,-2.553528174757957458e-02,1.752126496285200119e-03,2.493397891521453857e-02,-2.109901048243045807e-02,-6.049763876944780350e-03,-6.200089119374752045e-03,-2.814092300832271576e-02,-6.435264647006988525e-02,1.869380287826061249e-02,-2.002668799832463264e-03,-7.202258799225091934e-03,-2.721892669796943665e-02,3.679966926574707031e-02,-4.008678253740072250e-03,8.802389493212103844e-04,-1.097041647881269455e-02,7.850328460335731506e-03,1.787870563566684723e-02,-3.399359434843063354e-02,-1.351592689752578735e-02,-3.145142225548624992e-03,-3.543671593070030212e-02,-3.527636872604489326e-03,-1.192581839859485626e-02,2.334387041628360748e-02,9.520610794425010681e-03,1.236677262932062149e-02,8.745599538087844849e-03,-6.126596592366695404e-03,2.272920683026313782e-02,1.493900828063488007e-02,-1.795553835108876228e-03,7.222302258014678955e-03,1.191913709044456482e-02,-1.296807453036308289e-02,-1.806577667593955994e-02,-1.745111308991909027e-02,1.355434418655931950e-03,-2.614994533360004425e-02,1.340902876108884811e-02,4.623342305421829224e-02,1.622178591787815094e-02,8.912628516554832458e-03,-5.787529516965150833e-04,9.988290257751941681e-03,1.682308688759803772e-02,2.570899017155170441e-02,-2.469345927238464355e-02,1.745445420965552330e-03,2.072486653923988342e-02,-3.861693665385246277e-02,1.488555874675512314e-02,7.162171881645917892e-03,4.454977810382843018e-02,-4.650066792964935303e-02,2.338395686820149422e-03,-4.202431067824363708e-03,-1.884078793227672577e-02,-2.199428156018257141e-02,-1.521961577236652374e-02,7.019363110885024071e-04,1.198594830930233002e-02,-6.046423222869634628e-03,-5.712366662919521332e-03,1.046265009790658951e-02,1.536660082638263702e-02,1.314178388565778732e-02,2.272920683026313782e-02,-1.390510296914726496e-04,-1.807913929224014282e-02,-1.880070194602012634e-02,3.714708611369132996e-02,-2.567224437370896339e-03,-1.680972427129745483e-02,2.318352274596691132e-02,3.587767248973250389e-03,-2.081840299069881439e-02,2.614994533360004425e-02,2.195419557392597198e-02,1.678300090134143829e-02,6.255208281800150871e-04,-3.898022114299237728e-04,1.738764229230582714e-03,1.174542773514986038e-02,1.392347645014524460e-02,-3.228656481951475143e-03,-2.816096646711230278e-03,-2.687484724447131157e-03,-1.533987559378147125e-02,-1.308833528310060501e-02,-4.726899787783622742e-03,1.435106899589300156e-02,-1.779853180050849915e-02,8.318007923662662506e-03,3.239012137055397034e-02,2.387836016714572906e-02,-6.731239263899624348e-04,-7.123755640350282192e-04,-8.905947208404541016e-03,-1.320191379636526108e-02,-2.002251276280730963e-04,-8.705513551831245422e-03,1.013527531176805496e-02,-5.919481627643108368e-03,-8.318007923662662506e-03,-1.058959215879440308e-02,7.456141989678144455e-03,6.190067622810602188e-03,1.225987449288368225e-02,-6.861520931124687195e-03,-8.264558389782905579e-03,-4.586596041917800903e-03,-4.232496023178100586e-03,-7.329200394451618195e-03,-1.747783832252025604e-02,-2.630695234984159470e-03,2.487050835043191910e-03,-6.517442874610424042e-03,1.897441036999225616e-02,-2.338395640254020691e-02,7.253202493302524090e-04,4.997485782951116562e-03,-9.407032281160354614e-03,-3.474188037216663361e-03,-2.904621651396155357e-03,-2.621675655245780945e-02,1.897441036999225616e-02,-3.798222867771983147e-03,-1.062967907637357712e-02,-4.246693570166826248e-04,3.148148581385612488e-02,3.458153083920478821e-02,3.029475046787410975e-04,-1.655584201216697693e-02,2.208781801164150238e-02,-5.418397020548582077e-03,-1.542004942893981934e-02,-1.298143714666366577e-02,-4.419567994773387909e-03,-2.066139597445726395e-03,8.184384554624557495e-03,-4.436270799487829208e-03,2.160677686333656311e-02,-8.959395810961723328e-03,-4.895932599902153015e-02,-2.298308908939361572e-02,1.074993889778852463e-02,1.625185017473995686e-03,-4.564548283815383911e-02,6.317009218037128448e-03,1.113744452595710754e-02,-1.015531830489635468e-02,-1.282108947634696960e-02,8.404862135648727417e-03,-1.699679642915725708e-01,-9.533973410725593567e-03,2.455983683466911316e-02,4.008678253740072250e-03,3.102716989815235138e-02,-3.728906158357858658e-04,4.190405085682868958e-02,9.727725759148597717e-03,-1.634204573929309845e-02,-6.170024164021015167e-03,9.487205184996128082e-03,-2.552191913127899170e-02,-3.452808409929275513e-02,-2.918317914009094238e-02,2.028391323983669281e-02,2.713875286281108856e-02,-1.733085326850414276e-02,1.554031018167734146e-02,2.381154894828796387e-02,8.297963999211788177e-03,1.697007194161415100e-02,-7.750111632049083710e-03,9.153149090707302094e-03,-3.544339677318930626e-03,4.068808630108833313e-03,1.219306327402591705e-02,-9.173192083835601807e-03,8.999482728540897369e-03,-9.453799575567245483e-03,-6.968419067561626434e-03,-1.362282503396272659e-02,-2.754296176135540009e-03,4.401528835296630859e-02,1.309501589275896549e-03,1.735757663846015930e-02,1.219974458217620850e-02,-4.703516140580177307e-03,-2.430595271289348602e-02,-3.211953444406390190e-03,2.878230996429920197e-02,2.215462923049926758e-02,2.198091894388198853e-02,6.400523241609334946e-03,-3.297138027846813202e-03,8.558528497815132141e-03,1.118421275168657303e-02,-9.627508930861949921e-03,1.058959169313311577e-03,2.065805532038211823e-02,-1.874725334346294403e-02,1.349588390439748764e-02,-7.148809731006622314e-03,1.605976722203195095e-03,-3.011519555002450943e-03,2.774005383253097534e-02,1.392347645014524460e-02,4.008678253740072250e-03,-2.640716964378952980e-03,-1.739766448736190796e-02,-2.381154894828796387e-02,-1.360278204083442688e-02,-1.026221644133329391e-02,2.261562738567590714e-03,-2.259558439254760742e-02,1.705024577677249908e-02,-7.396011613309383392e-03,6.808072328567504883e-03,-8.779006078839302063e-03,-3.137458860874176025e-02,1.778516918420791626e-02,-1.624850928783416748e-02,-1.194586139172315598e-02,1.138464640825986862e-02,-5.832626949995756149e-03,2.035072445869445801e-02,-7.068636361509561539e-03,-1.778516918420791626e-02,1.340234838426113129e-02,2.402534522116184235e-02,-4.987463820725679398e-03,-1.137128472328186035e-02,3.287116438150405884e-02,-1.680972427129745483e-02,4.503082018345594406e-03,-2.973103197291493416e-03,2.721892669796943665e-02,2.441953169181942940e-03,-1.823948696255683899e-02,-1.228701730724424124e-04,-5.809243302792310715e-03,7.776835933327674866e-03,-2.616330794990062714e-02,2.036408521234989166e-02,-1.655584201216697693e-02,2.596287429332733154e-02,9.787856601178646088e-03,9.554016869515180588e-04,-1.290794461965560913e-02,8.451630361378192902e-03,-5.986292846500873566e-03,6.968419067561626434e-03,5.541997961699962616e-03,-1.972269825637340546e-02,1.100382208824157715e-02,1.757137360982596874e-03,-6.400523241609334946e-03,-5.805902648717164993e-03,2.075159177184104919e-02,1.304824836552143097e-02,-7.429417222738265991e-03,9.528962546028196812e-04,-1.035575289279222488e-02,2.685814537107944489e-02,3.402365837246179581e-03,8.632021024823188782e-03,9.153149090707302094e-03,-1.619506068527698517e-02,-7.315838243812322617e-03,2.204773016273975372e-02,2.677462995052337646e-03,5.596115067601203918e-02,4.171697795391082764e-02,4.362778272479772568e-03,1.348252128809690475e-02,-1.917484402656555176e-02,-6.007672473788261414e-02,-1.075394749641418457e-01,-1.162516698241233826e-02,-1.129946205765008926e-03,1.619506068527698517e-02,1.584680721862241626e-04,6.707855034619569778e-03,-3.333884291350841522e-03,1.152495038695633411e-03,-2.554864436388015747e-02,1.400364935398101807e-02,9.012845344841480255e-03,-9.420393966138362885e-03,-2.116582170128822327e-02,-2.371801296249032021e-03,2.888920903205871582e-02,-2.902283146977424622e-02,-2.007011696696281433e-02,-2.824782021343708038e-02,-4.161008074879646301e-02,3.249701857566833496e-02,-9.874710813164710999e-03,9.113062173128128052e-03,-1.906794682145118713e-02,-1.193918008357286453e-02,2.597289625555276871e-03,5.244687665253877640e-03,-2.625684253871440887e-02,2.490725554525852203e-02,1.503254380077123642e-02,4.927333910018205643e-03,1.298644812777638435e-03,1.960243657231330872e-02,1.454816199839115143e-03,2.294968347996473312e-03,-1.425753254443407059e-02,-2.426586672663688660e-02,-4.674119129776954651e-02,-5.298136733472347260e-03,6.968419067561626434e-03,-4.487047344446182251e-02,2.011020295321941376e-02,2.482708171010017395e-02,-6.651065312325954437e-03,9.440437890589237213e-03,1.846664585173130035e-02,-6.654405966401100159e-03,6.757963448762893677e-03,1.543341204524040222e-02,2.645727805793285370e-02,-1.310837827622890472e-02,-7.636532187461853027e-03,-1.397692505270242691e-02,-8.237834088504314423e-03,1.389675214886665344e-02,2.246196195483207703e-02,-1.606143824756145477e-02,9.260047227144241333e-03,1.070985198020935059e-02,-2.147315442562103271e-02,1.544677373021841049e-02,-1.111072022467851639e-02,-3.607810474932193756e-03,-8.598615415394306183e-03,3.549016639590263367e-02,-4.035403020679950714e-03,-1.259393151849508286e-02,-2.441285178065299988e-02,-2.152660302817821503e-02,8.645382709801197052e-03,-2.259558439254760742e-02,-1.962582115083932877e-03,1.644894294440746307e-02,-5.020869430154561996e-03,3.423411399126052856e-02,-3.188235685229301453e-02,8.652064134366810322e-04,-9.500567801296710968e-03,-8.972758427262306213e-03,1.004173886030912399e-02,-2.418569289147853851e-02,-2.381154894828796387e-02,-2.170031145215034485e-02,2.462664805352687836e-02,8.364775218069553375e-03,4.211784899234771729e-02,-6.139959208667278290e-03,9.620828554034233093e-03,-2.643055282533168793e-02,-1.038247719407081604e-02,3.654578467831015587e-03,5.471846088767051697e-03,1.571401953697204590e-02,1.437779329717159271e-02,3.724730340763926506e-04,-2.540165930986404419e-02,1.575410552322864532e-02,-3.424079390242695808e-03,-2.410551905632019043e-02,-7.930502295494079590e-03,8.576901163905858994e-04,-2.037744782865047455e-02,-4.877225437667220831e-04,-3.965919092297554016e-02,4.505754634737968445e-02,-1.580755412578582764e-02,-1.459158957004547119e-02,-8.404862135648727417e-03,-2.765987999737262726e-02,1.937527954578399658e-02,-2.033736184239387512e-02,-7.111228187568485737e-04,-1.695670932531356812e-02,5.000826437026262283e-03,9.493886493146419525e-03,7.787692593410611153e-04,7.612312911078333855e-04,-1.615497469902038574e-02,-1.266074273735284805e-02,3.090022830292582512e-03,1.684981212019920349e-02,9.326858446002006531e-03,8.959395810961723328e-03,-3.156834281980991364e-03,3.644556738436222076e-03,-1.189909316599369049e-02,1.664937660098075867e-02,-1.554031018167734146e-02,9.968247264623641968e-03,-1.612824946641921997e-02,2.545510791242122650e-02,5.525295156985521317e-03,4.422908648848533630e-03,2.567224437370896339e-03,-2.875558659434318542e-02,2.418569289147853851e-03,9.968247264623641968e-03,3.480869112536311150e-03,-3.033233247697353363e-02,1.404373627156019211e-02,2.958404645323753357e-02,1.262065581977367401e-02,4.361442103981971741e-02,-7.262389175593852997e-03,-2.787367627024650574e-02,4.923993255943059921e-03,-3.295133635401725769e-02,2.045762166380882263e-02,7.988126599229872227e-04,1.078167464584112167e-03,1.280104648321866989e-02,3.524964675307273865e-02,-7.990632206201553345e-03,1.848000660538673401e-02,4.644722118973731995e-02,6.534981075674295425e-04,-2.155332826077938080e-02,-1.886751316487789154e-02,-7.509590592235326767e-03,2.696504257619380951e-02,1.327540632337331772e-02,1.452477835118770599e-02,-1.022881083190441132e-02,2.982456795871257782e-02,2.343406667932868004e-03,4.867203533649444580e-03,-1.177215203642845154e-02,1.016868092119693756e-02,7.743430323898792267e-03,-2.916313474997878075e-03,-6.103212945163249969e-03,2.161345677450299263e-03,-9.654234163463115692e-03,-4.317680723033845425e-04,1.543341204524040222e-02,-3.073320025578141212e-03,1.349588390439748764e-02,8.905947208404541016e-03,-2.101883664727210999e-02,-1.134957070462405682e-03,-2.049436792731285095e-03,-2.347749285399913788e-02,-1.432434376329183578e-02,9.320177137851715088e-03,8.799049071967601776e-03,-2.771333046257495880e-02,1.251375768333673477e-02,7.578907534480094910e-04,1.014863699674606323e-02,-6.180045660585165024e-03,-1.012859400361776352e-02,1.473857369273900986e-02,-2.866205060854554176e-03,-6.106553599238395691e-03,2.322361059486865997e-02,8.391500450670719147e-03,-4.606639500707387924e-03,-7.963907904922962189e-03,1.014863699674606323e-02,-1.759809814393520355e-02,3.781519830226898193e-03,8.885903283953666687e-03,1.539332512766122818e-02,8.802389493212103844e-04,9.072975255548954010e-03,-1.176547072827816010e-02,-8.464992046356201172e-03,9.888073429465293884e-03,2.180721051990985870e-02,-1.364620984531939030e-03,-1.328208763152360916e-02,-1.568729430437088013e-02,-1.445796620100736618e-02,-3.447463503107428551e-03,-7.269070018082857132e-03,-1.235174015164375305e-03,5.982952658087015152e-03,2.472018240951001644e-04,-2.373471623286604881e-03,1.606143824756145477e-02,9.834623895585536957e-03,-7.823604159057140350e-03,3.182890638709068298e-02,2.284946665167808533e-02,-5.992974154651165009e-03,2.099211327731609344e-02,-1.123098097741603851e-02,2.029727399349212646e-02,-3.954394196625798941e-04,-3.038244089111685753e-03,-2.009684033691883087e-02,2.222144044935703278e-02,3.998239117208868265e-05,1.846664585173130035e-02,-7.382649462670087814e-03,-3.442118316888809204e-02,-1.066308468580245972e-02,-8.030719123780727386e-03,2.883576042950153351e-02,8.652064017951488495e-03,3.669276833534240723e-02,-3.003836236894130707e-02,3.546344116330146790e-02,2.979784272611141205e-02,-3.647897392511367798e-02,6.691152229905128479e-03,1.974274171516299248e-03,3.164183348417282104e-02,-1.602135039865970612e-02,-1.008850755169987679e-03,-2.512105181813240051e-02,-1.945545151829719543e-02,3.011853620409965515e-02,-2.602968551218509674e-02,4.392843227833509445e-03,-1.286117639392614365e-02,-2.846161648631095886e-02,1.450640498660504818e-03,9.794537909328937531e-03,1.000833325088024139e-02,1.049772603437304497e-03,5.181216634809970856e-03,2.838144265115261078e-02,-4.392843227833509445e-03,2.230161428451538086e-02,4.038743674755096436e-03,-2.133953198790550232e-02,-3.554361313581466675e-02,3.233667090535163879e-02,-1.089024264365434647e-02,1.920825103297829628e-03,-4.067472368478775024e-02,-5.739091429859399796e-03,1.576746813952922821e-02,-2.170031145215034485e-02,-2.192747034132480621e-02,1.425753254443407059e-02,-6.567551288753747940e-03,-1.930846716277301311e-03,-4.547344578895717859e-04,2.192747034132480621e-02,2.198509610025212169e-04,-2.112573571503162384e-02,2.915645390748977661e-02,-2.688486874103546143e-02,-2.505423966795206070e-03,4.617997631430625916e-02,1.884078793227672577e-02,-4.497235931921750307e-04,9.427075274288654327e-03,-2.608313411474227905e-02
-1.170398015528917313e-02,-4.127742722630500793e-03,2.277769614011049271e-03,-8.555922657251358032e-03,-1.282082125544548035e-02,1.801315695047378540e-02,-1.826134324073791504e-02,-2.831945195794105530e-02,2.883541863411664963e-03,-1.201094780117273331e-02,2.877010731026530266e-03,1.747759431600570679e-02,-3.716274863108992577e-03,9.209046140313148499e-03,1.602765917778015137e-02,3.171569481492042542e-02,4.402054846286773682e-02,1.141660567373037338e-02,5.463381297886371613e-03,-2.365941181778907776e-03,-6.980261532589793205e-04,8.320798166096210480e-03,-4.578398540616035461e-03,-1.655015908181667328e-02,-3.594793751835823059e-02,5.698505789041519165e-03,8.699609898030757904e-03,-2.457051910459995270e-02,2.369533479213714600e-02,-1.489122398197650909e-02,1.627911231480538845e-03,-2.493626996874809265e-02,-1.623665913939476013e-02,-1.947615295648574829e-02,-1.495653670281171799e-02,-8.529798127710819244e-03,-8.359985658898949623e-04,-1.340210158377885818e-02,3.061844781041145325e-02,1.031119260005652905e-03,6.198145449161529541e-03,3.866493236273527145e-03,1.546597294509410858e-02,5.642990116029977798e-03,-2.302914857864379883e-02,-7.217018865048885345e-03,-4.408586304634809494e-03,-1.483897399157285690e-02,-2.268952317535877228e-02,2.078240178525447845e-02,2.716995216906070709e-02,6.172020453959703445e-03,-1.435566227883100510e-02,-1.174316741526126862e-02,4.911491647362709045e-03,-9.620514698326587677e-03,-4.526964912656694651e-04,8.640828542411327362e-03,-8.449790184386074543e-04,-2.204946242272853851e-02,2.497545629739761353e-02,-3.141525899991393089e-03,-1.278163399547338486e-02,3.082744777202606201e-03,-1.196522917598485947e-02,5.959755275398492813e-03,-1.486509945243597031e-02,1.425116322934627533e-02,5.563799059018492699e-04,-1.568803563714027405e-02,4.613666981458663940e-02,1.704653352499008179e-02,-6.168754771351814270e-03,-5.607068538665771484e-03,8.196705020964145660e-03,-1.363722607493400574e-02,-1.890140399336814880e-02,-2.295077219605445862e-02,1.295022229896858335e-04,-8.764922618865966797e-03,1.263141538947820663e-02,-2.650376595556735992e-02,-2.714382857084274292e-02,2.199721150100231171e-02,-2.208375080954283476e-04,-8.694711723364889622e-04,-1.907121762633323669e-02,1.961984112858772278e-02,-6.077317520976066589e-03,8.366516791284084320e-03,1.353599247522652149e-03,1.327147707343101501e-02,-2.770877908915281296e-03,2.062565274536609650e-02,-1.312778983265161514e-02,5.496037192642688751e-03,-2.696095407009124756e-02,1.132516749203205109e-02,-4.823319613933563232e-03,-1.989415287971496582e-02,8.026892319321632385e-03,-6.201411131769418716e-03,-1.309513393789529800e-02,-1.964270137250423431e-03,-2.986082248389720917e-02,-3.626143559813499451e-02,-2.515833079814910889e-02,-1.688978262245655060e-02,1.610603556036949158e-02,-1.037813816219568253e-02,-1.711184508167207241e-03,1.739921979606151581e-02,3.123564878478646278e-03,-4.370705038309097290e-02,9.352733381092548370e-03,-5.015991162508726120e-03,1.044998224824666977e-02,1.869240589439868927e-02,-8.862891234457492828e-03,-3.310031816363334656e-02,-2.225846238434314728e-02,3.155894577503204346e-02,-8.242423646152019501e-03,3.376650391146540642e-03,-1.387235056608915329e-02,-6.968831643462181091e-03,-5.662583746016025543e-03,-1.729471981525421143e-02,-7.308456115424633026e-03,-1.190644782036542892e-02,1.148191746324300766e-02,1.683753356337547302e-02,1.873159222304821014e-02,-2.845007553696632385e-02,-3.293377114459872246e-03,3.357056528329849243e-02,1.157988607883453369e-02,-4.163664765655994415e-03,-7.001488003879785538e-03,-2.168371342122554779e-02,2.199721150100231171e-02,1.779109425842761993e-02,-5.019256845116615295e-03,-2.702299971133470535e-03,3.066416596993803978e-03,-5.607068538665771484e-03,9.849107824265956879e-03,1.212851051241159439e-02,-1.773884519934654236e-02,-1.699428260326385498e-02,1.295797806233167648e-02,-3.820774611085653305e-03,1.466916222125291824e-02,-2.353858388960361481e-02,-2.109590172767639160e-02,2.138327620923519135e-02,3.797915298491716385e-03,1.800009422004222870e-02,4.139172669965773821e-04,-2.082158811390399933e-02,1.355885155498981476e-02,8.627766743302345276e-03,2.117427624762058258e-02,6.943523185327649117e-04,7.177831139415502548e-03,3.712356090545654297e-02,2.037746459245681763e-02,6.371223367750644684e-03,-8.170579560101032257e-03,-2.970407344400882721e-02,3.492906317114830017e-02,2.766632661223411560e-02,-1.412053778767585754e-02,1.607991009950637817e-02,-1.025404501706361771e-02,2.993919886648654938e-02,9.202515706419944763e-03,2.009009011089801788e-02,-2.372145839035511017e-02,-2.289199270308017731e-03,-3.589568659663200378e-02,7.667674217373132706e-03,2.241521142423152924e-02,3.249944373965263367e-02,-5.806270986795425415e-03,-1.912346668541431427e-02,2.737895213067531586e-02,-8.836765773594379425e-03,1.349353883415460587e-02,-8.444891311228275299e-03,1.560966018587350845e-02,3.610468655824661255e-02,-1.956105930730700493e-03,-1.311472710222005844e-02,-6.562588810920715332e-01,-1.009076368063688278e-03,-1.532228570431470871e-02,-3.231330309063196182e-03,1.327147707343101501e-02,1.198482350446283817e-03,1.021485775709152222e-02,3.765259170904755592e-03,-8.183642290532588959e-03,2.395658381283283234e-02,-6.237333174794912338e-03,2.129183895885944366e-02,-3.556259442120790482e-03,-2.647764235734939575e-02,-1.460384950041770935e-02,-1.320616435259580612e-02,-4.764538723975419998e-03,-2.764020301401615143e-02,-9.600920602679252625e-03,8.595109917223453522e-03,-1.493041124194860458e-02,2.413945831358432770e-02,-6.002208217978477478e-03,-1.631503365933895111e-02,7.641549222171306610e-03,1.617134734988212585e-02,4.506554920226335526e-03,2.800268586724996567e-03,6.981894373893737793e-03,-5.169475451111793518e-03,-2.223233692348003387e-02,1.455159951001405716e-02,-2.506362798158079386e-04,2.928607352077960968e-02,4.569254443049430847e-02,-1.363722607493400574e-02,-1.231138501316308975e-02,3.043557330965995789e-02,3.208144381642341614e-02,4.046755656599998474e-02,-3.579118847846984863e-02,-9.228640235960483551e-03,6.456129252910614014e-03,-1.874465495347976685e-02,1.117494981735944748e-02,2.202333696186542511e-02,3.842980787158012390e-02,2.370839705690741539e-03,-9.907889179885387421e-03,5.502568557858467102e-03,-1.807520282454788685e-03,-1.374172605574131012e-02,1.248119678348302841e-02,6.178551819175481796e-03,3.954665269702672958e-03,1.635422185063362122e-02,1.541372295469045639e-02,2.096527721732854843e-03,-3.106257133185863495e-02,1.692897081375122070e-02,-3.120299195870757103e-03,1.328453980386257172e-02,-4.349804949015378952e-03,1.318657118827104568e-02,7.550111971795558929e-03,4.240080341696739197e-02,1.135782431811094284e-02,2.270258590579032898e-02,2.037746459245681763e-02,-3.347259946167469025e-03,6.302645429968833923e-03,8.523266762495040894e-03,-1.951534114778041840e-02,-9.274358861148357391e-03,2.266339724883437157e-03,1.148191746324300766e-02,1.822215691208839417e-02,-1.344128884375095367e-02,7.791767828166484833e-03,1.094635576009750366e-02,1.116841845214366913e-02,8.621235028840601444e-04,-2.764020301401615143e-02,1.368947606533765793e-02,2.070402726531028748e-02,-1.421360881067812443e-03,7.700330577790737152e-03,-1.347884419374167919e-03,-5.029053892940282822e-03,3.507275134325027466e-03,-7.863610982894897461e-03,3.900455683469772339e-02,1.537453569471836090e-02,-8.823703043162822723e-03,3.644431382417678833e-02,2.058646455407142639e-02,-4.111414775252342224e-03,1.197176054120063782e-02,2.902482450008392334e-02,4.104883410036563873e-03,-6.831675767898559570e-03,9.000047110021114349e-03,2.039052732288837433e-02,1.745473593473434448e-03,1.344128884375095367e-02,3.794241347350180149e-04,-1.845728047192096710e-02,-6.857800763100385666e-03,1.652403362095355988e-02,-1.929327845573425293e-02,1.122066844254732132e-02,-6.524707656353712082e-03,1.913652941584587097e-02,-2.108283899724483490e-02,-5.661767791025340557e-04,-2.283321134746074677e-02,5.701771471649408340e-03,1.016913913190364838e-02,1.089410576969385147e-02,-4.660692065954208374e-02,1.350660156458616257e-02,-7.184362504631280899e-03,-1.239629089832305908e-02,-2.233683597296476364e-03,8.890648605301976204e-04,5.130941048264503479e-02,-7.223550230264663696e-03,5.113959778100252151e-03,-6.785957142710685730e-03,-1.380703877657651901e-02,-2.765979617834091187e-03,1.370253879576921463e-02,2.075627632439136505e-02,-6.994956638664007187e-03,1.436872500926256180e-02,8.229360915720462799e-03,2.965182438492774963e-02,-1.007117051631212234e-02,1.109657436609268188e-02,-2.494933269917964935e-02,-9.359264746308326721e-03,8.988617337308824062e-04,1.022791955620050430e-02,-2.710464177653193474e-03,-8.033423684537410736e-03,-2.790145203471183777e-02,-1.968515291810035706e-02,-3.380569070577621460e-02,-4.033692926168441772e-02,1.064591947942972183e-02,-2.830883895512670279e-04,-1.367641426622867584e-02,-2.352552115917205811e-02,-2.089996449649333954e-02,1.001892052590847015e-02,-1.511981710791587830e-03,3.814243478700518608e-03,-1.861402997747063637e-03,3.360322210937738419e-03,-7.308456115424633026e-03,2.305527217686176300e-02,3.419756516814231873e-02,-2.080199541524052620e-03,-2.075301017612218857e-03,2.681890036910772324e-04,-2.040359005331993103e-02,-1.380540546961128712e-03,-3.213369520381093025e-03,-4.778519723913632333e-05,-2.761407755315303802e-02,9.986263699829578400e-03,-7.321518380194902420e-03,-7.798299193382263184e-03,3.461556509137153625e-02,-7.354174740612506866e-03,2.867213683202862740e-03,-3.487681597471237183e-02,-1.349353883415460587e-02,-4.313883371651172638e-03,1.213504187762737274e-02,-1.332372659817337990e-03,-7.497861981391906738e-03,-2.207558602094650269e-02,-1.211544778198003769e-02,2.323814667761325836e-02,3.726888098753988743e-04,-3.053354099392890930e-03,4.331517592072486877e-02,-5.456849932670593262e-03,3.791384166106581688e-03,3.219900652766227722e-03,3.268231824040412903e-02,1.527003571391105652e-02,8.542859926819801331e-03,-9.725014679133892059e-03,-1.071939594112336636e-03,9.594389237463474274e-03,2.423089556396007538e-02,3.127156943082809448e-02,1.820909418165683746e-02,1.337597705423831940e-02,6.299379747360944748e-03,3.312644362449645996e-02,9.496420621871948242e-03,1.525697391480207443e-02,-3.626143559813499451e-02,-5.682177841663360596e-03,-1.699428260326385498e-02,3.814243525266647339e-02,-6.299379747360944748e-03,5.280506331473588943e-03,-4.412505030632019043e-02,1.962637295946478844e-03,-9.104547090828418732e-03,2.777409274131059647e-03,2.649070508778095245e-02,-2.983143320307135582e-03,2.463583275675773621e-02,-7.635017856955528259e-03,-1.760821975767612457e-02,2.272871136665344238e-02,-9.725014679133892059e-03,1.735676662065088749e-03,-7.347643375396728516e-03,-2.625557966530323029e-02,5.636459216475486755e-03,2.855784026905894279e-03,-1.227219775319099426e-02,7.249674759805202484e-03,-1.554434839636087418e-02,-7.523986976593732834e-03,1.847034320235252380e-02,-6.759832147508859634e-03,3.667943552136421204e-02,9.725014679133892059e-03,-2.046890184283256531e-02,-7.184362504631280899e-03,-2.847620099782943726e-02,4.630648065358400345e-03,-8.542859926819801331e-03,3.595446934923529625e-03,1.895365491509437561e-02,3.694068640470504761e-02,-1.758209429681301117e-02,1.427728775888681412e-02,1.619747281074523926e-02,2.192863496020436287e-03,1.628891006112098694e-02,-4.895163234323263168e-03,1.504797395318746567e-02,-2.952119801193475723e-03,1.284694671630859375e-02,-2.750957757234573364e-02,7.928923703730106354e-03,-4.604523070156574249e-03,-4.010180383920669556e-02,1.385928876698017120e-02,-2.635354874655604362e-03,4.754741676151752472e-03,1.819603145122528076e-02,-2.925995038822293282e-03,-6.501848343759775162e-03,2.771857753396034241e-02,1.767353154718875885e-02,2.939057350158691406e-02,8.386110886931419373e-03,-7.027612999081611633e-03,5.865052342414855957e-03,-3.067069686949253082e-02,-1.200441643595695496e-02,1.498266123235225677e-02,1.133169885724782944e-02,9.163327515125274658e-03,-3.067069686949253082e-02,7.445611990988254547e-03,3.647696925327181816e-03,-7.595830596983432770e-03,-2.396964654326438904e-02,1.180194877088069916e-02,2.189271152019500732e-02,-7.915860973298549652e-03,-3.829918429255485535e-02,1.546597294509410858e-02,1.223954092711210251e-02,5.502568557858467102e-03,-8.915141224861145020e-03,-4.012792930006980896e-02,2.192863496020436287e-03,-2.572001889348030090e-02,-1.281428989022970200e-02,8.776352042332291603e-04,2.229764871299266815e-02,1.959371566772460938e-02,-2.225846238434314728e-02,-1.388541329652070999e-02,-1.073082536458969116e-02,-2.806799951940774918e-03,-4.480429925024509430e-03,1.506103668361902237e-02,5.127022508531808853e-03,8.875953033566474915e-03,7.008019369095563889e-03,5.940161645412445068e-03,-6.772894412279129028e-03,3.219900652766227722e-03,9.966670535504817963e-03,1.591009832918643951e-02,-8.758391253650188446e-03,-2.093915082514286041e-02,-1.038466952741146088e-02,1.346741430461406708e-02,-1.943043549545109272e-03,-1.231138501316308975e-02,-8.869422599673271179e-03,-4.951495211571455002e-04,-2.155308844521641731e-03,-1.819603145122528076e-02,-2.067790180444717407e-02,2.813657559454441071e-02,-1.345435157418251038e-03,-5.894443020224571228e-04,7.726455572992563248e-03,-7.210487499833106995e-03,-5.037217633798718452e-04,1.058583185076713562e-01,1.337597705423831940e-02,1.690284535288810730e-02,4.608605231624096632e-04,2.522364445030689240e-02,1.946309208869934082e-02,-1.231791637837886810e-02,-4.381154850125312805e-02,-2.700667129829525948e-03,-1.555741019546985626e-02,-2.556326799094676971e-02,-8.222829550504684448e-03,-2.301608584821224213e-02,-3.127156943082809448e-02,1.605378463864326477e-02,-2.754549961537122726e-03,6.165489554405212402e-03,-7.883205078542232513e-03,-1.896671764552593231e-02,3.376650391146540642e-03,1.122719980776309967e-02,1.867934316396713257e-02,-6.831675767898559570e-03,1.122719980776309967e-02,1.327147707343101501e-02,-9.019640274345874786e-03,2.614128403365612030e-03,2.549795620143413544e-02,-5.032319575548171997e-03,-2.983469888567924500e-02,-6.472457665950059891e-03,-1.859770272858440876e-03,-1.921816961839795113e-03,-6.857800763100385666e-04,-3.320481628179550171e-02,1.495653670281171799e-02,3.379916073754429817e-03,6.981894373893737793e-03,6.931276875548064709e-04,-1.393766328692436218e-02,1.455159951001405716e-02,1.310819573700428009e-02,1.099207438528537750e-02,-2.696095407009124756e-02,1.020832639187574387e-02,-5.887911655008792877e-03,-1.547903567552566528e-02,2.462276956066489220e-03,2.143879188224673271e-03,-2.852845005691051483e-02,1.210891641676425934e-02,-2.949507348239421844e-02,-1.310819573700428009e-02,-2.852845005691051483e-02,3.043557284399867058e-03,3.889352548867464066e-03,-2.177515067160129547e-02,1.333025842905044556e-02,9.920951910316944122e-03,2.476645633578300476e-02,-3.293377114459872246e-03,-6.652066484093666077e-03,3.059232234954833984e-02,-8.830234408378601074e-03,-5.972818005830049515e-03,-2.455745823681354523e-02,-1.130557432770729065e-02,-2.805820107460021973e-02,-3.712356090545654297e-02,1.502184942364692688e-02,-5.662583746016025543e-03,-1.797723467461764812e-03,-1.101819984614849091e-02,-7.262737490236759186e-03,1.928021758794784546e-02,2.706545405089855194e-02,5.642990116029977798e-03,4.067737027071416378e-04,1.532228570431470871e-02,-1.309513393789529800e-02,1.253997813910245895e-02,-2.706545405089855194e-02,-1.580559834837913513e-02,-2.262421138584613800e-02,-1.133823022246360779e-02,-6.185083184391260147e-03,-1.308860257267951965e-02,-2.085098065435886383e-03,-3.615040564909577370e-03,4.800460301339626312e-03,1.635422185063362122e-02,3.095807041972875595e-03,1.717715710401535034e-02,-2.379983477294445038e-02,-8.640828542411327362e-03,2.565470524132251740e-02,2.009009011089801788e-02,-1.193910464644432068e-02,2.429620735347270966e-02,-9.307014755904674530e-03,4.549007862806320190e-03,-1.866301405243575573e-03,-2.619026787579059601e-02,1.333678979426622391e-02,3.667943552136421204e-02,-9.535608813166618347e-03,-2.010315284132957458e-02,2.509301900863647461e-02,5.456849932670593262e-03,-3.077519685029983521e-02,1.267713401466608047e-02,-2.231071144342422485e-02,-1.180194877088069916e-02,2.232050755992531776e-03,-5.861786659806966782e-03,3.546462627127766609e-03,3.175814868882298470e-03,3.547769039869308472e-02,-5.016807699576020241e-04,8.549391292035579681e-03,-1.382010150700807571e-02,-2.605964243412017822e-02,2.400883287191390991e-02,1.548719941638410091e-03,-1.926715485751628876e-02,3.935071174055337906e-03,3.389712888747453690e-03,-1.241588499397039413e-02,7.687267847359180450e-03,1.131863705813884735e-02,-2.093915082514286041e-02,1.046304404735565186e-02,2.035133913159370422e-02,-2.929260488599538803e-03,-4.093780368566513062e-02,-1.032752101309597492e-03,-1.027363818138837814e-02,1.502184895798563957e-03,-2.732670307159423828e-02,-1.938471570611000061e-02,-4.663304425776004791e-03,-2.334264665842056274e-02,-3.853430738672614098e-03,-3.524256497621536255e-02,2.569389343261718750e-02,-3.712356090545654297e-02,1.512634847313165665e-02,-5.202131811529397964e-03,-1.319310162216424942e-03,2.602045424282550812e-02,-3.730643540620803833e-02,-2.764346776530146599e-03,-1.591009832918643951e-02,2.172289974987506866e-02,1.265100948512554169e-02,-1.585784740746021271e-02,-1.096594985574483871e-02,-1.326494570821523666e-02,3.184631839394569397e-02,4.539210814982652664e-03,4.355030134320259094e-02,-1.039773225784301758e-02,-4.689429420977830887e-03,1.216116640716791153e-02,-4.104883410036563873e-03,-1.222647912800312042e-02,-1.485203672200441360e-02,-7.419486995786428452e-03,-5.820639804005622864e-02,5.551552749238908291e-04,1.451241225004196167e-02,2.041665278375148773e-02,-1.925082644447684288e-03,-1.429035048931837082e-02,1.911040395498275757e-02,1.675915904343128204e-02,1.577947288751602173e-02,-1.402910053730010986e-02,-1.558353565633296967e-02,-1.246160361915826797e-02,1.031731590046547353e-04,6.567160598933696747e-03,-1.346741430461406708e-02,-9.182921610772609711e-03,-1.798703148961067200e-02,9.143734350800514221e-04,4.733841866254806519e-02,-1.323882117867469788e-02,5.531959235668182373e-03,-1.312778983265161514e-02,4.503289237618446350e-03,-9.829514659941196442e-03,7.556643337011337280e-03,2.596167323645204306e-04,1.244854088872671127e-02,1.969821564853191376e-02,2.404802106320858002e-02,3.892618417739868164e-02,2.690870314836502075e-03,9.215577505528926849e-03,3.263006731867790222e-02,3.198674181476235390e-03,4.963741637766361237e-03,-2.514526993036270142e-02,-1.547903567552566528e-02,3.224799176678061485e-03,-2.677807817235589027e-03,-2.832924714311957359e-03,-3.928540274500846863e-03,-2.270258590579032898e-02,-5.479709245264530182e-03,-2.481870818883180618e-03,-2.803207747638225555e-02,-4.193055257201194763e-02,2.091302722692489624e-02,-9.398452937602996826e-03,-3.082744590938091278e-02,1.797396875917911530e-02,-1.512634847313165665e-02,-2.824107557535171509e-02,-1.835278049111366272e-02,7.870142348110675812e-03,3.320481628179550171e-02,-2.092608809471130371e-02,1.822215691208839417e-02,1.323228981345891953e-02,-2.824760740622878075e-03,6.322239059954881668e-03,9.195984341204166412e-03,-2.005090191960334778e-02,-1.140354294329881668e-02,1.833971776068210602e-02,-4.277961328625679016e-03,-1.302982098422944546e-03,-2.259808592498302460e-03,-2.343408390879631042e-02,-5.910770967602729797e-03,-1.553128566592931747e-02,-2.590289339423179626e-02,1.515247393399477005e-02,-1.141007430851459503e-02,-2.349613234400749207e-03,-1.043691951781511307e-02,-3.236882016062736511e-02,6.216922774910926819e-04,2.047543413937091827e-03,-1.209585368633270264e-02,2.009009011089801788e-02,-1.141007430851459503e-02,-1.139701111242175102e-03,-3.205531835556030273e-02,1.674609631299972534e-02,-1.051529403775930405e-02,1.833971776068210602e-02,5.091100465506315231e-03,-1.802621968090534210e-02,9.266195120289921761e-04,-1.079613715410232544e-02,-2.652989141643047333e-02,-8.869422599673271179e-03,9.947076439857482910e-03,1.421197503805160522e-02,2.091302722692489624e-02,-8.849828504025936127e-03,1.291878987103700638e-02,-5.796474404633045197e-03,6.864331662654876709e-03,1.281428989022970200e-02,6.635738536715507507e-03,2.615107968449592590e-02,-1.252691540867090225e-02,3.128463402390480042e-03,-2.117427624762058258e-02,7.506842375732958317e-04,1.553128566592931747e-02,-9.822983294725418091e-03,-1.203707326203584671e-02,-1.613215915858745575e-02,-3.239494562149047852e-02,-7.328049745410680771e-03,2.020765282213687897e-02,-1.032588817179203033e-02,-2.308139763772487640e-02,1.479978673160076141e-02,-1.521778665482997894e-02,-2.502770721912384033e-02,-1.122066844254732132e-02,-2.191230654716491699e-03,3.391019254922866821e-02,5.626662168651819229e-03,-5.569840222597122192e-02,-1.228525955229997635e-02,-2.536733075976371765e-02,1.099860575050115585e-02,5.496037192642688751e-03,-3.118666587397456169e-03,4.250407801009714603e-05,3.090582229197025299e-02,-3.281294181942939758e-02,2.878970094025135040e-02,-8.928203023970127106e-03,2.924362197518348694e-03,5.897708702832460403e-03,4.340007901191711426e-03,-3.487681504338979721e-03,1.210238505154848099e-02,2.052441705018281937e-03,-1.956759206950664520e-02,-1.621053367853164673e-02,2.730057761073112488e-02,-7.132112514227628708e-03,1.871852949261665344e-02,1.316697709262371063e-02,-2.174902521073818207e-02,2.694135997444391251e-03,3.830571426078677177e-03,7.197425235062837601e-03,-1.281428989022970200e-02,-2.920769900083541870e-02,2.854151418432593346e-03,-9.849107824265956879e-03,1.141007430851459503e-02,1.432953774929046631e-02,-4.247917607426643372e-02,1.086144987493753433e-02,-1.456466224044561386e-02,-2.860682550817728043e-03,1.686365902423858643e-02,-4.924553912132978439e-03,-7.151706609874963760e-03,-1.935859210789203644e-02,6.720644421875476837e-03,-1.491734944283962250e-02,-2.261114865541458130e-02,-1.206319779157638550e-02,1.384622603654861450e-02,-1.741228252649307251e-02,1.391153875738382339e-02,1.879690587520599365e-02,-1.357191428542137146e-02,2.730057761073112488e-02,7.000671466812491417e-04,7.060268893837928772e-03,4.153867717832326889e-03,-1.379397604614496231e-02,5.588291096501052380e-04,1.661383896134793758e-03,-2.566776797175407410e-02,-7.719107670709490776e-04,-4.456917196512222290e-02,-1.528309844434261322e-02,3.811630979180335999e-02,1.686365902423858643e-02,-1.660240814089775085e-02,-5.332756321877241135e-03,1.607991009950637817e-02,-2.690870314836502075e-02,2.509628422558307648e-03,-3.350525395944714546e-03,2.745732665061950684e-02,5.740958731621503830e-03,2.960284007713198662e-03,1.810785965062677860e-03,2.223233692348003387e-02,1.525697391480207443e-02,1.861402951180934906e-02,-6.844738032668828964e-03,-6.060989573597908020e-03,-2.042971551418304443e-02,-8.353454060852527618e-03,1.205013599246740341e-03,1.899284124374389648e-02,-2.826720103621482849e-02,-1.816990599036216736e-02,3.542543947696685791e-02,-1.317677437327802181e-03,-7.785236462950706482e-03,1.849646866321563721e-02,6.129567511379718781e-03,-2.012927830219268799e-02,-1.318003982305526733e-02,1.121413707733154297e-02,6.785957142710685730e-03,-2.591595612466335297e-02,8.392641320824623108e-03,-2.028602734208106995e-02,1.333678979426622391e-02,-5.927098914980888367e-03,2.818882651627063751e-02,-4.044143110513687134e-02,-4.705757368355989456e-03,2.834557555615901947e-02,-2.899869903922080994e-02,-2.558939345180988312e-02,-1.261182222515344620e-02,6.423473358154296875e-03,-2.430927008390426636e-02,-4.255102016031742096e-03,2.285933494567871094e-02,1.052182540297508240e-02,-3.249944373965263367e-02,-1.671997085213661194e-02,-5.923833698034286499e-03,-1.968515291810035706e-02,6.668394897133111954e-03,1.977659016847610474e-02,7.257838733494281769e-04,-8.699609898030757904e-03,2.688257768750190735e-02,-1.994640380144119263e-02,8.980453014373779297e-03,1.243547815829515457e-02,6.838207133114337921e-03,-2.348633483052253723e-02,8.400805527344346046e-04,-1.238322816789150238e-02,1.533534843474626541e-02,-1.415972597897052765e-02,1.581866107881069183e-02,1.027363818138837814e-02,1.362416427582502365e-02,-9.600921184755861759e-04,3.373384708538651466e-03,-4.960475955158472061e-03,-9.261296130716800690e-03,-2.274177409708499908e-02,9.966670535504817963e-03,2.312058582901954651e-03,2.527589350938796997e-02,-3.650962375104427338e-03,1.188032329082489014e-02,-2.626864239573478699e-02,-1.252691540867090225e-02,-1.041732542216777802e-02,-2.479258179664611816e-02,-4.901694599539041519e-03,2.024161517620086670e-01,-2.408720925450325012e-02,-4.232242703437805176e-03,1.567497290670871735e-02,1.093982439488172531e-02,-1.182154193520545959e-02,1.456466224044561386e-02,3.924866323359310627e-04,1.635258900932967663e-03,6.560629233717918396e-03,-6.524707656353712082e-03,9.372327476739883423e-04,-1.813071779906749725e-02,3.804446663707494736e-03,3.850165288895368576e-03,-1.632809638977050781e-02,-1.152763608843088150e-02,-6.753300782293081284e-03,-1.768659427762031555e-02,-4.932391643524169922e-02,1.955452933907508850e-02,-1.708571985363960266e-02,-1.982884109020233154e-02,-2.764020301401615143e-02,2.259808592498302460e-02,7.412956096231937408e-03,-1.365028880536556244e-02,-1.065408345311880112e-03,2.664745412766933441e-02,1.904509216547012329e-02,-1.831359416246414185e-02,1.527003571391105652e-02,5.842193029820919037e-03,-1.041732542216777802e-02,-2.949507348239421844e-02,2.597800223156809807e-03,4.591460805386304855e-03,8.150985464453697205e-03,3.631368745118379593e-03,-1.613215915858745575e-02,1.268366537988185883e-02,2.238582121208310127e-03,-8.719203993678092957e-03,3.758727805688977242e-03,-9.777264669537544250e-03,3.777668625116348267e-02,-1.238322816789150238e-02,-4.013446159660816193e-03,-4.078758414834737778e-03,1.658934541046619415e-02,-4.057205468416213989e-02,1.648484729230403900e-02,4.004955664277076721e-02,1.621053367853164673e-02,-7.974642328917980194e-03,5.290303379297256470e-03,3.771790303289890289e-03,2.613801695406436920e-02,1.166479196399450302e-02,-2.039052732288837433e-02,2.160533703863620758e-02,7.935455068945884705e-03,-1.700734533369541168e-02,1.460384950041770935e-02,-2.688257768750190735e-02,4.362867400050163269e-02,-3.270844370126724243e-02,-5.972001235932111740e-04,4.189789760857820511e-03,-1.917571760714054108e-02,-8.131392300128936768e-03,-2.357777208089828491e-02,-2.905094996094703674e-02,-1.526677049696445465e-03,-4.660038743168115616e-03,1.836910843849182129e-03,2.700667129829525948e-03,2.133102528750896454e-02,-1.278163399547338486e-02,1.773884519934654236e-02,-1.218729186803102493e-02,-9.307014755904674530e-03,-1.546597294509410858e-02,1.711184531450271606e-02,1.052835676819086075e-02,-2.270258590579032898e-02,1.319310255348682404e-02,3.637899877503514290e-03,-2.427008375525474548e-02,2.548489347100257874e-02,8.046486414968967438e-03,-2.042971551418304443e-02,1.439321786165237427e-03,-1.075694989413022995e-02,2.376064658164978027e-02,2.097833901643753052e-02,1.848340593278408051e-02,6.586754228919744492e-03,-1.468222495168447495e-02,-9.391921572387218475e-03,-1.594928465783596039e-02,-9.209046140313148499e-03,-3.038658760488033295e-03,1.575334742665290833e-02,-8.079142309725284576e-03,6.286317482590675354e-03,3.299581632018089294e-02,2.402189560234546661e-02,2.586370566859841347e-03,-1.175622921437025070e-02,-1.382173388265073299e-03,-2.769245207309722900e-02,9.496420621871948242e-03,-2.085098065435886383e-03,1.482591219246387482e-02,-3.092541592195630074e-03,1.262488402426242828e-02,-1.176929194480180740e-02,-2.344714710488915443e-03,6.707582157105207443e-03,-4.989866167306900024e-03,-6.233251187950372696e-04,1.699428260326385498e-02,1.897978037595748901e-02,1.252691540867090225e-02,1.818949938751757145e-03,-3.498131409287452698e-02,8.242423646152019501e-03,2.390433289110660553e-02,-2.999144792556762695e-02,3.111482039093971252e-02,-3.242106735706329346e-02,-7.217018865048885345e-03,-4.604523419402539730e-04,6.181817501783370972e-03,-1.086634816601872444e-03,1.148191746324300766e-02,4.179992713034152985e-03,2.553714253008365631e-02,-1.594928465783596039e-02,1.171540934592485428e-03,-1.962637295946478844e-03,3.064457140862941742e-02,1.700734533369541168e-02,5.169475451111793518e-03,-1.100513711571693420e-02,7.243143860250711441e-03,4.846178926527500153e-03,1.059366948902606964e-02,-1.726859435439109802e-02,3.718724183272570372e-04,-1.041079405695199966e-02,5.496037192642688751e-03,-2.065177634358406067e-02,7.661142852157354355e-03,-1.046304404735565186e-02,-2.698707766830921173e-02,-2.138327620923519135e-02,2.703932859003543854e-02,2.018152736127376556e-02,-5.055178701877593994e-02,-9.127151315624359995e-06,1.442097499966621399e-02,-7.608893327414989471e-03,-1.361763221211731434e-03,6.968831643462181091e-03,-1.655277162790298462e-01,1.076348125934600830e-02,3.038332238793373108e-02,-1.494347397238016129e-02,5.838927347213029861e-03,-8.960859850049018860e-03,4.459529742598533630e-02,9.613983333110809326e-03,-2.248052321374416351e-02,9.094749693758785725e-04,9.280890226364135742e-03,-8.196705020964145660e-03,-2.899869903922080994e-02,-3.032127628102898598e-03,5.283772014081478119e-03,1.465609949082136154e-02,-3.952705487608909607e-02,1.265754085034132004e-02,-3.631368745118379593e-03,1.213504187762737274e-02,3.532093763351440430e-02,-8.444891311228275299e-03,5.136819090694189072e-03,1.823848462663590908e-03,1.878384314477443695e-02,-5.832395981997251511e-03,-1.666772179305553436e-02,3.620918840169906616e-02,-1.362416427582502365e-02,-2.091302722692489624e-02,-2.782307751476764679e-02,4.775968263857066631e-04,2.402189560234546661e-02,1.314085256308317184e-02,2.058646455407142639e-02,-1.236853306181728840e-03,-2.824107557535171509e-02,-2.224539965391159058e-02,-1.080266851931810379e-02,4.339191655162721872e-04,2.941669896245002747e-02,1.358497608453035355e-02,3.056619782000780106e-03,1.242894772440195084e-02,4.568601492792367935e-03,3.482456505298614502e-02,2.419170737266540527e-02,-9.535608813166618347e-03,2.329039759933948517e-02,-3.276069462299346924e-02,-1.507409848272800446e-02,-2.878970094025135040e-02,-4.738413728773593903e-03,-4.911491647362709045e-03,9.117608889937400818e-03,2.445295825600624084e-02,-5.058444570749998093e-03,-3.195408498868346214e-03,5.384190008044242859e-04,-3.048782236874103546e-02,-1.994640380144119263e-02,-1.289919670671224594e-02,2.858070097863674164e-02,-4.973538219928741455e-03,1.683753356337547302e-02,-1.379397604614496231e-02,-6.338567007333040237e-03,1.033241953700780869e-02,-2.599433064460754395e-02,2.558939345180988312e-02,-2.155308797955513000e-02,-1.405522599816322327e-02,-1.536473864689469337e-03,-1.862709224224090576e-02,1.520472392439842224e-02,-1.983863767236471176e-03,-1.477366220206022263e-02,3.177447710186243057e-03,1.178235467523336411e-02,1.166479196399450302e-02,-1.034548226743936539e-02,2.737895213067531586e-02,-1.768659427762031555e-02,-5.574412178248167038e-03,-1.035201363265514374e-02,1.773884519934654236e-02,6.968831643462181091e-03,-1.903202943503856659e-02,4.542476497590541840e-03,3.987321164458990097e-03,1.579253561794757843e-02,-2.097833901643753052e-02,1.584641751833260059e-03,-9.666233323514461517e-03,2.562857978045940399e-02,1.127944886684417725e-02,1.212197914719581604e-02,1.894059218466281891e-02,-1.324535254389047623e-02,-5.574412178248167038e-03,1.159948017448186874e-02,8.967391215264797211e-03,-2.106324536725878716e-03,-1.193257328122854233e-02,6.446332670748233795e-03,-6.198145449161529541e-03,-3.124789509456604719e-04,1.056101266294717789e-02,6.485519930720329285e-03,-1.109004300087690353e-02,1.351966429501771927e-02,5.998942535370588303e-03,1.844421774148941040e-02,3.208470996469259262e-03,9.045765735208988190e-03,2.967794798314571381e-02,-1.178888604044914246e-02,3.494212636724114418e-03,3.351831808686256409e-02,-1.449934951961040497e-02,5.376515537500381470e-02,8.869422599673271179e-03,-1.287307124584913254e-02,8.457954041659832001e-03,-5.058444570749998093e-03,-4.031080380082130432e-02,-1.208017915487289429e-01,-1.449935021810233593e-03,5.672380793839693069e-03,-6.054458208382129669e-03,-1.876098336651921272e-03,2.973019890487194061e-02,-2.504730131477117538e-03,-2.418191172182559967e-03,-1.567497290670871735e-02,2.988041611388325691e-03,-6.060989573597908020e-03,-1.820909418165683746e-02,-1.597541011869907379e-02,-7.066800259053707123e-03,1.226566638797521591e-02,-2.475339546799659729e-02,-4.921288229525089264e-03,-1.453853771090507507e-02,-3.383181616663932800e-02,2.393045835196971893e-02,-2.298996038734912872e-02,1.292532123625278473e-02,-3.882821416482329369e-03,-5.698505789041519165e-03,5.029053892940282822e-03,1.125332433730363846e-02,-2.826720103621482849e-02,2.750957757234573364e-02,5.832395981997251511e-03,2.730057761073112488e-02,4.281227011233568192e-03,1.591009832918643951e-02,1.245507225394248962e-02,4.944147542119026184e-03,-2.633722033351659775e-03,-2.137021347880363464e-02,-5.002928897738456726e-02,-2.278096042573451996e-02,9.021273581311106682e-04,-2.086077630519866943e-02,2.408720925450325012e-02,2.011621557176113129e-02,4.944147542119026184e-03,-1.648484729230403900e-02,1.374172605574131012e-02,-2.696095407009124756e-02,-1.504225947428494692e-04,1.453853771090507507e-02,3.751543536782264709e-02,-4.173461347818374634e-03,-2.301608584821224213e-02,-1.581866107881069183e-02,-7.687267847359180450e-03,-5.172741133719682693e-03,2.774470113217830658e-02,-1.931613893248140812e-03,1.713797077536582947e-02,1.101166848093271255e-02,-1.336944568902254105e-02,1.087451260536909103e-02,-2.751284278929233551e-03,-1.398501452058553696e-03,-1.348047703504562378e-02,2.463583275675773621e-02,-2.335570938885211945e-02,-1.962637295946478844e-03,-1.249425951391458511e-02,-5.642990116029977798e-03,3.649656102061271667e-02,-4.075492918491363525e-02,-1.097901258617639542e-02,1.282572047784924507e-03,-7.008019369095563889e-03,3.043557330965995789e-02,-1.546597294509410858e-02,2.940690144896507263e-03,3.943235496990382671e-04,-2.974979346618056297e-03,9.829514659941196442e-03,-1.581866107881069183e-02,-2.722220309078693390e-02,-1.662853360176086426e-02,9.633577428758144379e-03,-2.114815078675746918e-02,4.806991666555404663e-02,4.947413224726915359e-03,1.511328667402267456e-02,-1.948921568691730499e-02,-6.555730942636728287e-04,1.493041124194860458e-02,5.032319575548171997e-03,1.152110472321510315e-02,3.215982019901275635e-02,-1.418585050851106644e-02,-1.137088704854249954e-02,1.669384539127349854e-02,9.535608696751296520e-04,-1.780415698885917664e-02,2.078770776279270649e-04,-1.776496879756450653e-03,-1.640647090971469879e-02,-8.477548137307167053e-03,-3.793343529105186462e-02,3.458943963050842285e-02,-1.773231313563883305e-03,6.015270948410034180e-03,-3.252556920051574707e-02,-2.586370520293712616e-02,2.999144792556762695e-02,-2.544570527970790863e-02,9.682561503723263741e-04,-2.766632661223411560e-02,-1.079287147149443626e-03,3.270844370126724243e-02,1.738615706562995911e-02,1.065408345311880112e-03,-2.884194999933242798e-02,-1.502184942364692688e-02,2.035133913159370422e-02,5.329490639269351959e-03,-5.162944085896015167e-03,4.895163234323263168e-03,1.271958695724606514e-03,-4.597992170602083206e-03,-2.160533703863620758e-02,8.895547129213809967e-03,1.012995094060897827e-02,2.172289974987506866e-02,-1.225913502275943756e-02,2.988694794476032257e-02,-2.485952863935381174e-04,-1.035854499787092209e-02,9.189452975988388062e-03,-9.346202947199344635e-03,-1.904509216547012329e-02,1.935859210789203644e-02,-1.519166119396686554e-02,-1.423810049891471863e-02,-1.833645277656614780e-03,1.645872183144092560e-02,1.318657118827104568e-02,5.047341436147689819e-02,-2.138327620923519135e-02,-2.905094996094703674e-02,6.469191983342170715e-03,-3.200307115912437439e-02,2.023377828299999237e-02,9.098015725612640381e-03,-5.897708702832460403e-03,-2.324202614545356482e-05,1.316697709262371063e-02,4.490226507186889648e-03,1.818296872079372406e-02,1.873159222304821014e-02,-2.711770310997962952e-02,-6.214473862200975418e-03,-2.161839976906776428e-02,-1.127291843295097351e-02,2.105671353638172150e-02,1.291225850582122803e-02,-1.124679297208786011e-02,-1.540066115558147430e-02,3.268231824040412903e-02,6.149161141365766525e-03,-1.215463504195213318e-02,-1.559659838676452637e-02,-8.575516752898693085e-03,2.042644890025258064e-03,8.862891234457492828e-03,-9.078421629965305328e-03,1.738615706562995911e-02,-8.164048194885253906e-03,-1.086144987493753433e-02,1.214810367673635483e-02,7.700330577790737152e-03,2.939057350158691406e-02,-6.426739040762186050e-03,-3.498131409287452698e-02,7.702779839746654034e-04,-6.939440936548635364e-05,-3.649656102061271667e-02,5.094366148114204407e-03,5.600537173449993134e-03,-3.644431242719292641e-03,-2.873745001852512360e-02,7.987705059349536896e-03,-4.336742684245109558e-03,4.485654830932617188e-02,-7.961579598486423492e-03,-2.712096786126494408e-03,4.989866167306900024e-03,1.884915493428707123e-02,3.038658760488033295e-03,6.511644925922155380e-03,-8.490609936416149139e-03,3.608509432524442673e-03,-7.941986434161663055e-03,1.513941120356321335e-02,5.672380793839693069e-03,-1.073735672980546951e-02,1.372866332530975342e-02,1.864015497267246246e-02,-1.841809228062629700e-02,4.033039789646863937e-03,-8.954328484833240509e-03,-1.801315695047378540e-02,1.161907333880662918e-02,-5.936895962804555893e-03,-1.205013506114482880e-02,-3.043557330965995789e-02,-2.828026423230767250e-03,1.128598023205995560e-02,-3.337462898343801498e-03,-1.311472710222005844e-02,1.747106318362057209e-03,5.548287183046340942e-03,-4.245304968208074570e-03,-5.238053388893604279e-03,2.036440186202526093e-02,9.535608696751296520e-04,-1.898957649245858192e-03,2.348633483052253723e-02,2.009009011089801788e-02,-1.387888216413557529e-03,8.425298146903514862e-03,9.444171562790870667e-03,-9.522546082735061646e-03,-5.035585258156061172e-03,3.373792860656976700e-04,-9.078421629965305328e-03,1.711184531450271606e-02,-8.836765773594379425e-03,1.532228570431470871e-02,-2.058646455407142639e-02,-2.633395418524742126e-02,-5.195600446313619614e-03,-1.376458560116589069e-03,6.456129252910614014e-03,3.716274863108992577e-03,2.954732440412044525e-02,-1.286000944674015045e-02,3.542543947696685791e-02,8.758391253650188446e-03,-2.027296461164951324e-02,8.866156567819416523e-04,1.843115501105785370e-02,4.718166962265968323e-02,-2.816270105540752411e-02,7.373768370598554611e-03,-2.716995216906070709e-02,-1.914959214627742767e-02,2.078240178525447845e-02,-9.914420545101165771e-03,2.095221355557441711e-02,-1.679834537208080292e-02,-2.390433289110660553e-02,9.202515706419944763e-03,-2.965182298794388771e-03,-2.862315392121672630e-03,-1.408135052770376205e-02,9.398452937602996826e-03,2.015540190041065216e-02,8.804109878838062286e-03,1.319963298738002777e-02,2.076933905482292175e-02,-2.335570938885211945e-02,-3.396243974566459656e-02,4.919328913092613220e-02,-9.911154629662632942e-04,-1.999865286052227020e-02,-4.360254853963851929e-02,-1.806540600955486298e-02,2.782307751476764679e-02,-3.085357137024402618e-02,-2.140939980745315552e-02,9.796857833862304688e-03,-5.760552361607551575e-03,-6.916581653058528900e-03,-1.645872183144092560e-02,1.337597705423831940e-02,3.158507123589515686e-02,-2.834557555615901947e-02,1.860096864402294159e-02,-1.666772179305553436e-02,-2.025990188121795654e-02,6.202064454555511475e-02,1.012995094060897827e-02,-3.735868493095040321e-03,1.422503776848316193e-02,4.977518256055191159e-05
-1.257089711725711823e-02,-3.694372484460473061e-03,2.153100445866584778e-02,-1.571362093091011047e-02,-2.573021873831748962e-02,5.033707991242408752e-02,-2.768271975219249725e-02,-2.451324835419654846e-02,6.810350343585014343e-03,-1.788009516894817352e-02,1.499146316200494766e-02,2.768271975219249725e-02,6.616437342017889023e-03,5.162091460078954697e-03,7.201518863439559937e-03,1.340672746300697327e-02,2.971545979380607605e-02,5.516483914107084274e-03,-6.238641683012247086e-03,-8.084156550467014313e-03,-2.768271835520863533e-03,9.267693385481834412e-03,2.096107209581532516e-06,-2.649249695241451263e-02,-1.849526539444923401e-02,2.378774806857109070e-03,-4.319574218243360519e-03,-7.301818579435348511e-03,3.584042889997363091e-03,7.669584359973669052e-03,-5.135345272719860077e-03,-3.731149248778820038e-03,-2.400506287813186646e-02,-1.545952819287776947e-02,3.480399958789348602e-03,-3.308552876114845276e-02,-1.639565825462341309e-02,-1.955175586044788361e-02,8.799627423286437988e-03,1.963199675083160400e-02,-9.448232129216194153e-03,1.207775640068575740e-04,7.081159390509128571e-03,-1.405533216893672943e-02,-2.310905233025550842e-02,-6.791126215830445290e-04,-6.763543467968702316e-03,-2.083559334278106689e-02,-1.497808936983346939e-02,2.514179423451423645e-02,3.145398944616317749e-02,-8.712701499462127686e-03,4.760056908708065748e-04,-9.020287543535232544e-03,1.084072631783783436e-03,-1.714456267654895782e-02,7.575971074402332306e-03,2.383789746090769768e-03,-5.356004461646080017e-03,-2.040764689445495605e-02,1.963199675083160400e-02,-1.287179626524448395e-02,-8.619088679552078247e-03,2.067511342465877533e-02,-5.088538397103548050e-03,-1.691721752285957336e-02,-9.434859268367290497e-03,2.361723780632019043e-02,1.911043748259544373e-02,-1.140742003917694092e-02,4.726122319698333740e-02,2.286833338439464569e-02,-3.415205050259828568e-03,-1.430942444130778313e-03,8.391742594540119171e-03,-2.797693200409412384e-02,-1.528567541390657425e-02,-2.129028551280498505e-02,-1.217638421803712845e-02,1.067188847810029984e-02,1.024394389241933823e-02,-4.020012170076370239e-02,-3.142724186182022095e-02,1.349365431815385818e-02,-2.626180648803710938e-03,-1.091260835528373718e-02,-1.604795269668102264e-02,2.689369581639766693e-02,-8.304815739393234253e-03,-1.065182872116565704e-02,2.395156957209110260e-02,1.800045371055603027e-02,-8.565595373511314392e-03,3.343323618173599243e-02,-2.571684494614601135e-02,2.764928620308637619e-03,-6.720080506056547165e-03,2.749549411237239838e-02,5.959474365226924419e-04,-1.826792024075984955e-02,2.102281898260116577e-02,-5.407825810834765434e-04,2.372088143602013588e-03,-9.468292817473411560e-03,-1.188217196613550186e-02,-5.023009330034255981e-02,-2.153100445866584778e-02,-1.247728336602449417e-02,9.954746346920728683e-04,-2.729489468038082123e-02,-8.639148436486721039e-03,5.640186835080385208e-03,3.751209005713462830e-03,-6.397783756256103516e-02,2.520865947008132935e-02,-6.562944035977125168e-03,-1.112658064812421799e-02,1.071200892329216003e-02,-1.671661809086799622e-02,-2.968871407210826874e-02,-1.535254158079624176e-02,1.287179626524448395e-02,8.866494521498680115e-03,-6.024668924510478973e-03,4.095571581274271011e-03,-9.354619309306144714e-03,-6.108252331614494324e-03,-7.081159390509128571e-03,1.438464969396591187e-03,-1.571362093091011047e-02,2.677333541214466095e-02,1.677011139690876007e-02,2.330965176224708557e-02,-2.569009922444820404e-02,-1.222319062799215317e-02,2.741525322198867798e-02,2.436614222824573517e-02,-8.425175212323665619e-03,-9.561905637383460999e-03,-1.295203529298305511e-02,2.205256186425685883e-02,2.417891658842563629e-02,9.815998375415802002e-03,2.447312930598855019e-03,3.008991293609142303e-02,2.801705151796340942e-03,-1.393497269600629807e-02,1.289854291826486588e-02,-1.789346709847450256e-02,-2.587732486426830292e-02,2.932094736024737358e-03,-1.578048802912235260e-02,3.017015196382999420e-02,-1.488447654992341995e-02,-3.102604299783706665e-02,3.701727837324142456e-02,1.209614519029855728e-02,3.003641963005065918e-02,2.734838752076029778e-03,3.677655942738056183e-03,-7.275071926414966583e-03,2.166473772376775742e-03,9.549367678118869662e-05,6.746827159076929092e-03,-2.321938285604119301e-03,2.891306206583976746e-02,2.540925890207290649e-02,-2.614479046314954758e-03,-4.453307017683982849e-03,-2.902004867792129517e-02,2.328290604054927826e-02,2.573021873831748962e-02,-1.797370798885822296e-02,1.844177208840847015e-02,-1.181530579924583435e-02,3.327275812625885010e-02,-2.955498173832893372e-03,1.823783037252724171e-03,-3.674981370568275452e-02,7.112920866347849369e-04,-3.247036039829254150e-02,1.051809638738632202e-02,1.686372421681880951e-02,1.693059131503105164e-02,-9.177423198707401752e-04,4.948118701577186584e-03,2.615816332399845123e-02,-9.575278498232364655e-03,1.562000811100006104e-02,-1.198915857821702957e-02,2.413879707455635071e-02,1.709106937050819397e-02,-9.227572940289974213e-03,-1.130712032318115234e-02,-6.393504738807678223e-01,-1.176849938929080963e-02,-1.234355103224515915e-02,-4.349663853645324707e-03,1.099953427910804749e-02,1.222319062799215317e-02,1.616831310093402863e-02,4.543576855212450027e-03,-3.260409086942672729e-02,1.892321184277534485e-02,-2.110305801033973694e-02,8.792941458523273468e-03,-9.267693385481834412e-03,-3.142724186182022095e-02,-1.025062985718250275e-02,-1.259095687419176102e-02,-2.858541673049330711e-03,-1.840165257453918457e-02,-1.711781695485115051e-02,5.506454035639762878e-03,-7.716390769928693771e-03,2.206593565642833710e-02,-4.403783896123059094e-05,-4.503456875681877136e-03,8.719388395547866821e-03,1.251740381121635437e-02,1.006340421736240387e-02,-1.541940867900848389e-02,9.481665678322315216e-03,-1.795364776626229286e-03,-2.880607545375823975e-02,2.245376072824001312e-02,-1.348028052598237991e-02,1.029743626713752747e-02,3.816738352179527283e-02,3.734492463991045952e-03,-2.853861078619956970e-02,1.598944538272917271e-03,3.075857646763324738e-02,3.113302960991859436e-02,-2.658610977232456207e-02,-5.917682778090238571e-03,5.412840750068426132e-03,-1.150103285908699036e-02,-3.463683184236288071e-03,1.687709800899028778e-02,4.581690579652786255e-02,-4.633846692740917206e-03,-4.115631338208913803e-03,-1.188217196613550186e-02,1.841502636671066284e-02,-1.113995444029569626e-02,1.071535167284309864e-03,2.805048599839210510e-03,1.604795269668102264e-02,2.256074734032154083e-02,4.011988267302513123e-02,-1.705094985663890839e-02,-2.577033825218677521e-02,4.560293164104223251e-03,5.361855146475136280e-04,-7.248325739055871964e-03,-5.309198051691055298e-03,6.476017646491527557e-03,-1.931103691458702087e-02,3.995940461754798889e-02,1.852201297879219055e-02,1.626192592084407806e-02,5.289137829095125198e-03,1.735184923745691776e-03,6.445928011089563370e-03,2.159786969423294067e-02,1.584735349752008915e-03,-1.489785034209489822e-02,1.301221549510955811e-02,1.244385074824094772e-02,3.150748088955879211e-02,-2.430178283248096704e-04,1.409545261412858963e-02,1.209614519029855728e-02,-1.267788279801607132e-02,-1.110819284804165363e-03,-2.036752738058567047e-02,-8.217889815568923950e-03,2.492447849363088608e-03,6.833753548562526703e-03,-1.152109354734420776e-02,-6.800319999456405640e-03,-1.192229241132736206e-02,4.258558328729122877e-04,-1.299884170293807983e-02,2.455336786806583405e-02,1.947151683270931244e-02,-3.547266358509659767e-03,1.678348518908023834e-02,1.654276438057422638e-02,5.245674867182970047e-03,5.770576652139425278e-03,1.761262863874435425e-02,4.200050316285341978e-04,-3.871568711474537849e-03,4.603756591677665710e-03,1.024394389241933823e-02,6.248672027140855789e-03,1.154115330427885056e-02,1.043785642832517624e-02,5.148718133568763733e-03,-1.226331107318401337e-02,2.385795675218105316e-02,-3.704402595758438110e-02,1.039105001837015152e-02,-1.813418790698051453e-02,9.167393669486045837e-03,-1.596771366894245148e-02,-3.072514431551098824e-03,-3.107953630387783051e-02,1.376111991703510284e-02,8.157709613442420959e-03,5.890936125069856644e-03,-5.541893094778060913e-02,2.104956470429897308e-02,-1.240164128830656409e-04,-9.087153710424900055e-03,3.607446094974875450e-03,8.766194805502891541e-03,3.313902392983436584e-02,5.392780993133783340e-03,-1.517868880182504654e-02,-6.305508315563201904e-03,-1.052478235214948654e-02,-2.125016413629055023e-02,9.815998375415802002e-03,2.351025119423866272e-02,2.885288326069712639e-03,-1.422918494790792465e-02,8.458608645014464855e-04,1.319944113492965698e-02,-1.174175273627042770e-02,1.455014385282993317e-02,-1.853538677096366882e-02,-4.801012575626373291e-03,-1.671661809086799622e-02,1.560663431882858276e-02,-8.973480202257633209e-03,2.001982182264328003e-02,-4.891951009631156921e-02,-1.564675476402044296e-03,-2.511504665017127991e-02,-3.846159577369689941e-02,-6.592616409761831164e-05,1.208277139812707901e-02,-3.174820169806480408e-02,-2.645237557590007782e-02,-1.129207550548017025e-03,6.873873528093099594e-03,2.935438184067606926e-03,1.186879910528659821e-02,-1.832141354680061340e-02,-2.034412464126944542e-03,-1.582060754299163818e-02,3.495779260993003845e-02,3.883604705333709717e-02,-7.596031296998262405e-03,-8.465295657515525818e-03,-2.246713498607277870e-03,-1.691721752285957336e-02,1.156789995729923248e-02,-1.216969802044332027e-03,4.627159796655178070e-03,-2.169148437678813934e-02,4.088884685188531876e-03,-4.563636612147092819e-03,-1.303896214812994003e-02,2.681345492601394653e-02,2.266773395240306854e-02,7.328565232455730438e-03,-3.153422847390174866e-02,-1.650264486670494080e-02,-5.957802757620811462e-03,1.432279869914054871e-02,8.619088679552078247e-03,-1.031081005930900574e-02,-2.623840421438217163e-02,-1.556651480495929718e-02,1.259095687419176102e-02,-2.653261646628379822e-02,7.027666084468364716e-03,3.354022279381752014e-02,5.957802757620811462e-03,1.167488563805818558e-02,1.578048802912235260e-02,2.308230660855770111e-02,1.039105001837015152e-02,-1.838828029576689005e-04,-1.960524916648864746e-02,9.220886044204235077e-03,-1.387479249387979507e-03,8.010603487491607666e-03,1.861562579870223999e-02,1.445653103291988373e-02,1.984596811234951019e-02,1.812081434763967991e-03,3.415539488196372986e-02,-1.888309232890605927e-02,2.187871001660823822e-02,-2.460686117410659790e-02,-8.104216307401657104e-03,-3.452984616160392761e-02,1.184205245226621628e-02,8.839747868478298187e-03,2.084562322124838829e-03,-3.316577151417732239e-02,4.851162433624267578e-03,1.757250912487506866e-02,1.254582195542752743e-03,3.945121914148330688e-02,-7.004262879490852356e-04,1.796033419668674469e-02,-1.789346709847450256e-02,-1.338666770607233047e-02,2.808391861617565155e-02,-1.352708693593740463e-02,1.011021062731742859e-02,-1.372100040316581726e-02,-4.014663025736808777e-02,-1.055152900516986847e-02,1.276480965316295624e-02,4.062138032168149948e-03,-2.836810192093253136e-03,-6.369031500071287155e-03,-6.559601053595542908e-03,3.724462585523724556e-03,1.288516912609338760e-02,2.987593971192836761e-02,1.394834648817777634e-02,-2.288170717656612396e-02,-1.401521265506744385e-02,-1.639565825462341309e-02,2.369747683405876160e-02,-1.316600851714611053e-02,-8.605714887380599976e-03,2.014018222689628601e-02,9.367993101477622986e-03,-9.147332981228828430e-03,6.348971743136644363e-03,2.421903610229492188e-02,1.833478733897209167e-02,1.107308734208345413e-02,8.545534685254096985e-03,1.840165257453918457e-02,-1.289854291826486588e-02,1.640736008994281292e-03,-2.142401784658432007e-02,2.134377695620059967e-02,2.238355111330747604e-03,-4.806362092494964600e-02,1.118007395416498184e-02,-7.321878802031278610e-03,2.971545979380607605e-02,2.281484007835388184e-02,-3.453653305768966675e-03,3.746612055692821741e-04,6.566287484019994736e-03,1.294534932821989059e-02,2.343001216650009155e-02,-2.597762504592537880e-03,-2.464029472321271896e-03,-8.017290383577346802e-03,-2.992274705320596695e-03,-2.998292632400989532e-02,1.837490685284137726e-02,1.699745655059814453e-02,1.394834648817777634e-02,-2.004656754434108734e-02,2.567672543227672577e-02,5.244839121587574482e-04,-2.195894904434680939e-02,-1.909706369042396545e-02,1.750229857861995697e-03,1.882959902286529541e-02,-2.856535650789737701e-02,-3.704402595758438110e-02,1.949157682247459888e-03,1.365413330495357513e-02,3.791328985244035721e-03,6.168432068079710007e-03,-2.760247886180877686e-02,1.290522888302803040e-02,-2.256074734032154083e-02,2.036293008131906390e-04,-5.910996347665786743e-03,2.116992510855197906e-02,6.302164867520332336e-03,-2.000644803047180176e-02,-1.435121637769043446e-03,-7.850123569369316101e-03,8.304815739393234253e-03,-8.217889815568923950e-03,2.352362498641014099e-02,-3.430250100791454315e-03,5.275764502584934235e-03,-1.442978437989950180e-02,-9.087153710424900055e-03,-5.844129715114831924e-03,1.810744032263755798e-02,-1.360063999891281128e-02,1.331311464309692383e-02,-2.651255577802658081e-03,-1.909706369042396545e-02,-1.755913533270359039e-02,1.194903813302516937e-02,-7.081159390509128571e-03,-1.698408392257988453e-03,-1.869586482644081116e-02,2.816750202327966690e-03,-1.124694105237722397e-02,-1.189554575830698013e-02,-1.372100040316581726e-02,2.765597216784954071e-02,-9.174079634249210358e-03,4.212587606161832809e-03,6.399121601134538651e-03,1.150103285908699036e-03,7.154712453484535217e-03,1.207875981926918030e-01,2.397831715643405914e-02,2.482083439826965332e-02,2.076872624456882477e-02,2.709429524838924408e-02,2.811066433787345886e-02,-1.099284831434488297e-02,-3.458333760499954224e-02,6.552914157509803772e-03,-2.634539036080241203e-03,-2.316254563629627228e-02,-1.781322807073593140e-02,-1.719805598258972168e-02,-5.773919634521007538e-03,4.030710831284523010e-02,1.850863918662071228e-02,-1.222987752407789230e-02,-1.251071691513061523e-02,-1.004334446042776108e-02,-1.272970461286604404e-03,-1.121350750327110291e-02,1.245722360908985138e-02,-2.425999118713662028e-04,1.743877679109573364e-02,-3.389294433873146772e-04,8.492042310535907745e-03,1.840165257453918457e-02,3.289830312132835388e-02,3.981898538768291473e-03,-6.900619715452194214e-03,-3.553953021764755249e-03,-1.086580217815935612e-03,-9.702324867248535156e-03,2.173160389065742493e-02,-2.805717103183269501e-02,3.376756794750690460e-03,-1.337329449597746134e-04,1.082568150013685226e-02,8.879867382347583771e-03,-7.442238274961709976e-03,1.545952819287776947e-02,1.687709800899028778e-02,6.265388336032629013e-03,-4.445283114910125732e-02,2.494119480252265930e-02,-8.759507909417152405e-03,7.783257402479648590e-03,1.785334758460521698e-02,-9.302797843702137470e-04,-1.664975099265575409e-02,2.102281898260116577e-02,-2.832463756203651428e-02,-5.914339330047369003e-03,-4.046759009361267090e-02,1.543278153985738754e-02,-2.721465425565838814e-03,-6.590526900254189968e-04,2.995617920532822609e-03,7.729764096438884735e-03,1.880285143852233887e-02,-1.349365431815385818e-02,-1.504495646804571152e-02,2.265436016023159027e-02,-1.313257496803998947e-02,-3.065827768296003342e-03,-2.661285549402236938e-02,-3.089231066405773163e-02,-3.978555090725421906e-03,-2.206593565642833710e-02,-4.657249897718429565e-03,1.503659761510789394e-03,7.555911317467689514e-03,-9.352947818115353584e-04,-8.512937929481267929e-04,2.395156957209110260e-02,2.552961930632591248e-02,1.655613817274570465e-02,2.922064857557415962e-03,1.690384373068809509e-02,-7.943737320601940155e-03,1.073875557631254196e-02,-2.441963553428649902e-02,-6.947426591068506241e-03,-2.254737354815006256e-02,-1.913718506693840027e-02,8.746134117245674133e-03,1.653273473493754864e-03,-1.681023091077804565e-02,4.139452648814767599e-04,-9.882864542305469513e-03,1.132718008011579514e-02,1.301890239119529724e-02,-1.174342469312250614e-03,-7.027666084468364716e-03,1.332648750394582748e-02,1.283167582005262375e-02,8.652521297335624695e-03,-1.096610166132450104e-02,1.988608948886394501e-02,4.386440385133028030e-03,1.245722360908985138e-02,8.237949572503566742e-03,1.112658064812421799e-02,-1.603458076715469360e-02,3.327275812625885010e-02,1.045791618525981903e-02,-1.535254158079624176e-02,1.870923861861228943e-02,-2.437282819300889969e-03,-1.762600243091583252e-02,4.767579492181539536e-03,-2.122341841459274292e-02,-1.166151277720928192e-02,-1.104132621549069881e-03,-2.379109151661396027e-02,6.817036774009466171e-03,4.239334259182214737e-03,3.674981370568275452e-02,8.498728275299072266e-03,1.715542894089594483e-04,-7.214892189949750900e-03,-2.516853995621204376e-02,8.391742594540119171e-03,-7.281758822500705719e-03,-2.181184291839599609e-02,9.528472088277339935e-03,1.885634497739374638e-03,-2.845836989581584930e-02,7.916990667581558228e-03,2.060824632644653320e-02,-1.262438949197530746e-02,1.080562174320220947e-02,2.752223983407020569e-02,1.172837894409894943e-02,-3.049111180007457733e-02,-1.009683706797659397e-03,-5.021672230213880539e-03,6.689990404993295670e-03,-3.070508316159248352e-02,-7.355311885476112366e-03,2.170485630631446838e-02,-5.335944239050149918e-03,2.331968164071440697e-03,-4.086878895759582520e-02,-6.639840546995401382e-03,-4.370392486453056335e-02,5.449617747217416763e-04,1.177685684524476528e-03,2.595756389200687408e-02,2.835138328373432159e-02,-2.920727431774139404e-02,-2.005994133651256561e-02,-1.697071082890033722e-02,8.786254562437534332e-03,2.274797298014163971e-02,-2.380446344614028931e-02,-1.402858551591634750e-02,-9.381365962326526642e-03,2.507492713630199432e-02,1.691721752285957336e-02,3.030388429760932922e-02,1.233017724007368088e-02,-8.679267950356006622e-03,1.420243829488754272e-02,-2.196563640609383583e-03,-1.929766312241554260e-02,-1.394834648817777634e-02,-1.131380721926689148e-02,-5.493749305605888367e-02,2.353699877858161926e-02,7.384566124528646469e-04,3.367395699024200439e-02,-1.605631201528012753e-03,-1.243716385215520859e-02,1.144085358828306198e-02,2.770946547389030457e-02,7.000919431447982788e-03,-4.376410506665706635e-03,-8.779567666351795197e-03,-2.288170717656612396e-02,-9.642145596444606781e-03,8.204516023397445679e-03,-9.060407057404518127e-03,-3.048693179152905941e-04,-1.723817735910415649e-02,-3.479146107565611601e-04,3.343323618173599243e-02,4.266080912202596664e-03,3.030722960829734802e-03,-2.343669766560196877e-03,1.620843261480331421e-02,-1.919067697599530220e-03,1.382798608392477036e-02,-1.770289847627282143e-03,1.116670109331607819e-02,-1.442644163034856319e-03,1.796033419668674469e-02,1.204933784902095795e-02,-5.392780993133783340e-03,2.139727026224136353e-02,1.765274815261363983e-02,1.364744734019041061e-02,9.488352574408054352e-03,-1.302558835595846176e-02,-1.822780072689056396e-02,2.245376072824001312e-02,1.915724365971982479e-03,-6.028012372553348541e-03,-3.244361281394958496e-02,-1.797370798885822296e-02,1.067188847810029984e-02,-2.479408867657184601e-02,-3.461008518934249878e-02,-2.096932567656040192e-02,2.803042531013488770e-02,-5.242331419140100479e-03,-2.359049208462238312e-02,1.687709800899028778e-02,-8.919987827539443970e-03,-2.417891658842563629e-02,-1.761262863874435425e-02,1.011689752340316772e-02,1.368756685405969620e-02,-1.093266811221837997e-02,2.646574936807155609e-02,9.287753142416477203e-03,1.162139326333999634e-02,-1.104132621549069881e-03,2.008668892085552216e-02,-1.325962133705615997e-02,3.278128802776336670e-03,9.688952006399631500e-03,-4.169124644249677658e-03,-9.185781818814575672e-04,-4.302857443690299988e-03,-6.011296063661575317e-03,2.592747565358877182e-03,-1.273137610405683517e-02,-3.723125159740447998e-02,2.365735732018947601e-02,-1.875604502856731415e-03,7.950423285365104675e-03,3.383443458005785942e-03,-2.221304178237915039e-02,1.247059740126132965e-02,1.281830295920372009e-02,-1.878947950899600983e-02,1.830803975462913513e-02,-1.984596811234951019e-02,-1.890983805060386658e-02,-1.857550628483295441e-02,6.532854400575160980e-03,-1.155452616512775421e-02,2.976895309984683990e-02,-8.003916591405868530e-03,-1.106640091165900230e-03,-7.415491621941328049e-03,-1.778648118488490582e-03,-2.832463756203651428e-02,8.344935253262519836e-03,-2.126353792846202850e-02,2.682682871818542480e-02,7.225758163258433342e-04,1.812055302252701949e-06,1.459360704757273197e-03,8.278069086372852325e-03,-4.302857443690299988e-03,5.379407666623592377e-03,3.909599035978317261e-04,3.204241394996643066e-02,-1.446990482509136200e-02,-7.183966808952391148e-04,-1.963199675083160400e-02,-1.106640137732028961e-02,-1.716796658001840115e-03,-1.181655970867723227e-04,-7.642837706953287125e-03,-2.606455050408840179e-02,-2.795018441975116730e-02,-6.559601053595542908e-03,1.822111313231289387e-03,4.951462149620056152e-03,-2.935438184067606926e-03,-4.500113427639007568e-03,1.191894873045384884e-03,-4.335622116923332214e-02,-5.044239223934710026e-04,5.817383062094449997e-03,3.592066839337348938e-02,1.169494632631540298e-02,-2.926076762378215790e-02,-1.031081005930900574e-02,-1.425593160092830658e-02,2.433939650654792786e-02,-2.477402798831462860e-03,-2.726814709603786469e-02,7.428864948451519012e-03,8.231262676417827606e-03,-1.209614519029855728e-02,5.493749305605888367e-02,-7.810004055500030518e-03,5.808371952298330143e-06,-9.795938618481159210e-03,2.784988610073924065e-03,6.048072595149278641e-03,-3.610789543017745018e-03,7.382058538496494293e-03,-3.669631853699684143e-02,-2.573021873831748962e-02,1.952501013875007629e-02,-4.818565212190151215e-04,2.376434393227100372e-02,-1.608138671144843102e-03,-7.890244014561176300e-03,3.214940056204795837e-02,5.108598619699478149e-03,4.774265922605991364e-03,-1.990949269384145737e-03,-3.974543139338493347e-02,6.402464932762086391e-04,-5.860846489667892456e-03,1.202259212732315063e-02,2.827114425599575043e-02,-4.907999187707901001e-02,-5.372721236199140549e-03,7.843437604606151581e-03,2.576448896434158087e-04,2.803042531013488770e-02,-1.965874247252941132e-02,-1.747889630496501923e-02,-3.404840826988220215e-02,-1.345353387296199799e-02,-6.623124238103628159e-03,-4.164443910121917725e-02,-2.044442342594265938e-03,1.083905529230833054e-02,-5.359347909688949585e-03,3.975211642682552338e-03,-9.802624583244323730e-03,-1.765274815261363983e-02,2.197232283651828766e-02,-5.359347909688949585e-03,4.513486754149198532e-03,1.413390040397644043e-03,-1.120013371109962463e-02,-1.901682466268539429e-02,-9.073779918253421783e-03,-3.648234531283378601e-02,-3.296517068520188332e-03,-4.723447561264038086e-02,-1.519206259399652481e-02,3.388792648911476135e-02,8.103380678221583366e-04,-2.207930944859981537e-02,-1.079224888235330582e-02,5.078508518636226654e-03,-2.843162417411804199e-02,1.177685684524476528e-03,-1.385807641781866550e-03,1.786672137677669525e-02,1.377449277788400650e-02,5.867532920092344284e-03,-2.219966845586895943e-03,1.130043342709541321e-02,1.706432364881038666e-02,-1.512853923486545682e-04,-1.618168689310550690e-02,-2.547612600028514862e-02,-1.750229857861995697e-03,-1.237029768526554108e-02,7.435551844537258148e-03,6.656557321548461914e-03,-2.738850750029087067e-02,-9.520113817416131496e-04,2.516853995621204376e-02,-1.057158969342708588e-02,3.674312727525830269e-03,9.521785192191600800e-03,2.835138328373432159e-02,-2.229328267276287079e-02,1.479086373001337051e-02,1.180861890316009521e-02,-3.014006186276674271e-03,-1.626192592084407806e-02,1.461032428778707981e-03,-2.773621305823326111e-02,3.118652291595935822e-02,7.555911317467689514e-03,2.052800729870796204e-02,-3.156097605824470520e-02,3.533893031999468803e-03,1.259095687419176102e-02,-1.206271164119243622e-02,-2.540925890207290649e-02,-1.031749695539474487e-02,1.120013371109962463e-02,-1.370762661099433899e-02,-1.244552200660109520e-03,3.145398944616317749e-02,1.491122320294380188e-02,-2.063499391078948975e-02,-6.562944035977125168e-03,-1.532579492777585983e-02,-5.800666287541389465e-03,-5.827412940561771393e-03,3.517176583409309387e-02,-1.699244254268705845e-03,-8.438549004495143890e-03,2.692044153809547424e-02,-2.362058032304048538e-03,4.787639249116182327e-03,1.277149654924869537e-02,9.749131277203559875e-03,5.944429431110620499e-03,-1.172169297933578491e-02,-8.899927139282226562e-03,-3.533893031999468803e-03,-1.451002433896064758e-02,1.223656442016363144e-02,1.543278153985738754e-02,-1.382798608392477036e-02,6.994233001023530960e-03,-6.579660810530185699e-03,-1.830803975462913513e-02,-6.312194745987653732e-03,-2.421903610229492188e-02,-1.587410084903240204e-02,-6.295478437095880508e-03,1.275143586099147797e-02,-1.103296782821416855e-02,6.679960526525974274e-03,-3.749871626496315002e-02,-1.332648750394582748e-02,-2.793346764519810677e-03,-2.347013168036937714e-02,-1.541063247714191675e-04,2.012413293123245239e-01,-1.305233500897884369e-02,-5.892607732675969601e-04,4.086878895759582520e-02,1.745214872062206268e-02,7.529164664447307587e-03,1.150771975517272949e-02,-1.656951196491718292e-02,-1.040609437040984631e-03,-1.405533216893672943e-02,-9.040347300469875336e-03,-3.530549816787242889e-03,-8.525474928319454193e-03,-5.386930424720048904e-04,1.310582831501960754e-02,-2.797693200409412384e-02,-1.852201297879219055e-02,-3.105278871953487396e-02,-1.658288575708866119e-02,-3.367395699024200439e-02,4.643876571208238602e-03,-2.107631228864192963e-02,1.170163229107856750e-02,-5.830756388604640961e-03,2.308230660855770111e-02,8.478668518364429474e-03,-1.347359456121921539e-02,3.231008668080903590e-05,3.811388835310935974e-02,2.667972259223461151e-02,-3.324601054191589355e-02,8.371681906282901764e-03,-5.870876368135213852e-03,9.347932413220405579e-03,-1.168157253414392471e-02,7.315191905945539474e-03,3.442285954952239990e-02,1.733513316139578819e-03,1.054484304040670395e-02,-1.113326754420995712e-02,7.087845820933580399e-03,-2.016692794859409332e-02,-2.236014790832996368e-02,1.202927809208631516e-02,-2.396494336426258087e-02,1.339335460215806961e-02,-2.447312930598855019e-03,4.065481480211019516e-03,-1.175512559711933136e-02,2.034078165888786316e-02,-3.832786157727241516e-02,1.214963756501674652e-02,4.450632259249687195e-02,1.159464661031961441e-02,-7.067786063998937607e-03,8.077469654381275177e-03,2.064836584031581879e-02,2.618491090834140778e-02,-1.695733703672885895e-02,-1.461701095104217529e-02,4.129004664719104767e-03,1.481761038303375244e-02,3.510489827021956444e-03,1.354714762419462204e-02,-9.755818173289299011e-03,1.862899959087371826e-02,-1.935115642845630646e-02,3.426906652748584747e-03,1.511182263493537903e-02,-2.092920616269111633e-02,1.622180640697479248e-02,-2.030066028237342834e-02,-1.738528348505496979e-02,2.992274705320596695e-03,3.348338650539517403e-03,-6.442584563046693802e-03,1.880285143852233887e-02,1.790684089064598083e-02,-7.940393697936087847e-05,1.204432337544858456e-03,-2.217292226850986481e-02,8.416817290708422661e-04,-5.442930851131677628e-03,-8.104216307401657104e-03,7.462298497557640076e-03,-2.483420819044113159e-02,4.375742003321647644e-02,4.463336896151304245e-03,-1.817430742084980011e-02,3.166796267032623291e-02,1.430106698535382748e-03,-1.071200892329216003e-02,-3.764582332223653793e-03,3.253053873777389526e-03,6.205208599567413330e-03,1.557988766580820084e-02,9.334559552371501923e-03,1.212289184331893921e-02,3.787985537201166153e-03,2.684688894078135490e-03,-1.214295160025358200e-02,-2.856535650789737701e-02,-2.066174056380987167e-03,2.248050831258296967e-02,2.652927301824092865e-03,-1.844177208840847015e-02,1.184205245226621628e-02,2.464698068797588348e-02,6.078162230551242828e-03,-9.842745028436183929e-03,1.099953427910804749e-02,-1.667649857699871063e-02,7.662897463887929916e-03,5.259048193693161011e-03,3.578693419694900513e-02,2.435276843607425690e-02,2.436614222824573517e-02,-1.899007894098758698e-02,6.121625658124685287e-03,3.453653305768966675e-03,5.078508518636226654e-03,3.727283547050319612e-05,1.150771975517272949e-02,1.876273192465305328e-02,1.745214918628334999e-03,9.403097792528569698e-04,-4.078854620456695557e-02,5.520663107745349407e-04,1.991283521056175232e-02,-2.554299309849739075e-02,3.979892283678054810e-02,-3.014340624213218689e-02,-3.670969279482960701e-03,9.954746346920728683e-04,-6.569630932062864304e-03,4.921372514218091965e-03,1.872261241078376770e-02,-5.503110587596893311e-03,1.088586170226335526e-02,-9.976477362215518951e-03,-1.820021716412156820e-04,-4.353007301688194275e-03,2.760247886180877686e-02,9.871162474155426025e-04,-1.701083034276962280e-02,-5.907652899622917175e-03,8.525474928319454193e-03,1.234355103224515915e-02,1.532579492777585983e-02,-1.739865541458129883e-02,-1.406870596110820770e-02,-1.102628093212842941e-02,9.133960120379924774e-03,-1.849526539444923401e-02,2.979570068418979645e-02,-1.797370798885822296e-02,-1.449665147811174393e-02,-2.000644803047180176e-02,2.387133054435253143e-02,1.927091740071773529e-02,-5.718420818448066711e-02,5.108598619699478149e-03,2.971545979380607605e-02,-4.169793054461479187e-02,2.321938285604119301e-03,-2.268444979563355446e-03,-1.697873473167419434e-01,1.761262863874435425e-02,2.240026742219924927e-02,-1.931103691458702087e-02,2.661285549402236938e-02,-5.442930851131677628e-03,3.760570287704467773e-02,4.627159796655178070e-03,-4.386440664529800415e-02,-2.295191632583737373e-03,9.468292817473411560e-03,1.045624492689967155e-03,-6.720080506056547165e-03,6.773573812097311020e-03,-8.211202919483184814e-03,-2.609464107081294060e-03,-5.969838798046112061e-02,4.864535760134458542e-03,5.637679714709520340e-04,4.640533123165369034e-03,3.027713857591152191e-02,3.928405232727527618e-03,3.814732190221548080e-03,-7.134652696549892426e-03,2.423240989446640015e-02,2.106293849647045135e-02,-3.428912535309791565e-02,7.154712453484535217e-03,-3.970196703448891640e-04,-2.680008113384246826e-02,-3.137375041842460632e-02,2.265101764351129532e-03,1.973898336291313171e-02,-3.177829086780548096e-03,9.043951649800874293e-07,1.089254859834909439e-02,-1.244385074824094772e-02,-1.638228632509708405e-02,-2.420566231012344360e-02,1.140073314309120178e-02,1.456351764500141144e-02,8.572281338274478912e-03,-1.727829687297344208e-02,1.203596498817205429e-02,1.130043412558734417e-03,4.645882546901702881e-02,2.265436016023159027e-02,-4.934745840728282928e-03,2.241364121437072754e-02,-2.476734109222888947e-02,-3.180169314146041870e-02,-2.778970636427402496e-02,-4.804356023669242859e-03,-5.947772879153490067e-03,-1.598108676262199879e-03,3.359371423721313477e-02,-1.567350141704082489e-02,5.787292961031198502e-03,-2.507492713630199432e-02,-3.656258806586265564e-02,-2.930423244833946228e-03,-1.997970230877399445e-02,2.923402190208435059e-02,5.646037752740085125e-04,7.308505475521087646e-03,-3.075857646763324738e-02,-8.291442878544330597e-03,7.810004055500030518e-03,-1.556651480495929718e-02,3.220289200544357300e-02,-2.179846912622451782e-02,-1.788009516894817352e-02,-4.142377991229295731e-03,-1.746552251279354095e-02,1.301890239119529724e-02,1.105971448123455048e-02,-1.438966486603021622e-02,1.635553874075412750e-02,-1.726826652884483337e-03,1.059833564795553684e-03,-8.057409897446632385e-03,1.437629107385873795e-02,-3.444960713386535645e-02,-1.161470636725425720e-02,1.430942490696907043e-02,5.489737261086702347e-03,1.944476924836635590e-02,3.070842707529664040e-03,2.096932567656040192e-02,1.360063999891281128e-02,1.420243829488754272e-02,-1.849526539444923401e-02,-1.348028052598237991e-02,-1.853538677096366882e-02,2.598431147634983063e-02,2.047451399266719818e-02,6.994233001023530960e-03,1.800045371055603027e-02,-9.367993101477622986e-03,6.449271459132432938e-03,3.660939401015639305e-03,6.439241115003824234e-03,-9.615398943424224854e-03,-1.273137610405683517e-02,7.870183326303958893e-03,1.681691734120249748e-03,1.899007894098758698e-02,2.328290604054927826e-02,7.355312118306756020e-04,-1.263776328414678574e-02,1.178187225013971329e-02,5.335944239050149918e-03,1.576711423695087433e-02,1.378786657005548477e-02,-1.094604190438985825e-02,2.306893281638622284e-02,-7.609404623508453369e-03,1.247059740126132965e-02,1.374774705618619919e-02,-5.937742535024881363e-03,5.697023496031761169e-02,1.472399756312370300e-02,-3.664282709360122681e-02,-6.425867788493633270e-03,-1.862899959087371826e-02,-3.712426498532295227e-02,-1.214295104146003723e-01,9.327872656285762787e-03,9.454919025301933289e-03,-6.124968640506267548e-03,6.512794177979230881e-03,2.389807626605033875e-02,6.134998984634876251e-04,3.105111827608197927e-04,-1.834815926849842072e-02,6.780260242521762848e-03,-1.485271495766937733e-03,-2.463360875844955444e-02,1.094102626666426659e-03,-1.758588245138525963e-03,1.009015087038278580e-02,-2.046114020049571991e-02,-4.202557727694511414e-03,-8.632461540400981903e-03,-2.593081817030906677e-02,1.833478733897209167e-02,-9.301126003265380859e-03,3.011665865778923035e-02,-9.110556857194751501e-05,-2.035415358841419220e-02,1.056490279734134674e-02,1.783997565507888794e-02,-1.995295472443103790e-02,3.479731082916259766e-02,9.013600647449493408e-03,5.038388539105653763e-03,1.116670109331607819e-02,-3.134365892037749290e-03,1.168825943022966385e-02,-3.456996520981192589e-03,-1.194235216826200485e-02,-3.921718802303075790e-03,-4.389115050435066223e-02,-1.983259618282318115e-02,1.733179017901420593e-02,-2.158449776470661163e-02,8.809657883830368519e-04,4.613786470144987106e-03,3.247203130740672350e-04,-3.560639685019850731e-03,1.993958279490470886e-02,-4.629834368824958801e-02,-1.404195930808782578e-02,2.018030174076557159e-02,2.030066028237342834e-02,2.260086825117468834e-03,-3.733823820948600769e-02,-1.816093362867832184e-02,-1.518704695627093315e-03,3.864882048219442368e-03,2.107631228864192963e-02,-2.175834961235523224e-02,5.653560161590576172e-03,1.331980153918266296e-02,-1.491958159022033215e-03,1.874935813248157501e-02,-5.128658376634120941e-03,4.847819451242685318e-03,-3.196217352524399757e-03,-1.330642844550311565e-03,-6.847126875072717667e-03,-3.261412261053919792e-03,-9.949730709195137024e-03,-3.000632859766483307e-03,2.524877898395061493e-02,-4.242008924484252930e-02,-2.967199776321649551e-03,3.202904015779495239e-03,-3.741179127246141434e-03,4.129673168063163757e-02,-3.217614814639091492e-02,-5.178808234632015228e-03,4.516830202192068100e-03,-9.087153710424900055e-03,6.459301337599754333e-03,-3.033063188195228577e-02,-3.073183074593544006e-02,-7.361998781561851501e-03,1.253746356815099716e-02,-1.856213249266147614e-02,5.164766311645507812e-02,-1.380792702548205853e-03,2.125016413629055023e-02,-1.828129403293132782e-02,5.620127078145742416e-03,-3.126007504761219025e-03,-4.546920303255319595e-03,2.169148437678813934e-02,1.610144600272178650e-02,-1.299215573817491531e-02,-8.023976697586476803e-04,7.261699065566062927e-03,5.004955455660820007e-03,-3.003641963005065918e-02,-1.182199269533157349e-02,1.009683683514595032e-02,-4.439933598041534424e-02,-2.269448153674602509e-02,-3.549272194504737854e-02,2.153100445866584778e-02,-1.144085358828306198e-02,1.067356090061366558e-03,-1.087917480617761612e-02,-2.431264892220497131e-02,1.157625811174511909e-03,-1.701083034276962280e-02,-8.291442878544330597e-03,-1.896333135664463043e-02,-1.890649553388357162e-03,2.075535245239734650e-02,4.289484117180109024e-03,4.924715496599674225e-03,-2.462023496627807617e-02,-2.381783723831176758e-02,1.226331107318401337e-02,1.733513316139578819e-03,-6.920679938048124313e-03,6.405808031558990479e-03,-5.374392494559288025e-04,5.436243955045938492e-03,-6.315538194030523300e-03,2.150425687432289124e-02,-1.687542535364627838e-03,1.412219926714897156e-02,-2.116992510855197906e-02,3.169470652937889099e-02,5.357675836421549320e-04,-1.763937622308731079e-02,1.195572502911090851e-02,7.689644116908311844e-03,-6.399121601134538651e-03,2.883616602048277855e-03,-1.590084657073020935e-02,-1.683363458141684532e-03,-7.034352980554103851e-03,1.166819967329502106e-02,1.315263472497463226e-02,5.095225200057029724e-02,-1.955175586044788361e-02,-1.220313087105751038e-02,4.309544339776039124e-03,-1.442978437989950180e-02,-9.174079634249210358e-03,-2.195894904434680939e-02,-1.274474989622831345e-02,7.462298497557640076e-03,2.765597216784954071e-02,-1.233017724007368088e-02,2.623840421438217163e-02,1.441641151905059814e-02,-2.726814709603786469e-02,-2.036752738058567047e-02,-3.051785752177238464e-02,-2.125016413629055023e-02,2.536913938820362091e-02,-1.113326754420995712e-02,-9.581965394318103790e-03,-2.137052454054355621e-02,3.937098011374473572e-02,1.253746356815099716e-02,2.652927301824092865e-03,9.419814450666308403e-04,-3.894971916452050209e-03,1.857550628483295441e-02,2.937109675258398056e-03,6.703363731503486633e-03,2.482083439826965332e-02,-5.228958092629909515e-03,-2.043439447879791260e-02,9.695638902485370636e-03,2.075535245239734650e-02,2.389807626605033875e-02,-5.324243102222681046e-04,-2.351025119423866272e-02,-3.403503447771072388e-03,-5.436243955045938492e-03,-2.819090522825717926e-02,1.151440665125846863e-02,1.606132648885250092e-02,1.385473273694515228e-02,-1.293197553604841232e-02,6.659900769591331482e-03,6.492734421044588089e-03,1.933778449892997742e-02,-2.213280275464057922e-02,-1.206103945150971413e-03,-9.073779918253421783e-03,2.011343464255332947e-02,-1.212790608406066895e-03,5.335944239050149918e-03,-1.206103945150971413e-03,-5.586693529039621353e-03,-1.763937622308731079e-02,1.089923456311225891e-02,7.676270790398120880e-03,6.415837910026311874e-03,-1.480256556533277035e-03,4.429903812706470490e-03,-8.117590099573135376e-03,7.649524603039026260e-03,-7.435551844537258148e-03,-1.223656465299427509e-03,-7.562598213553428650e-03,-6.178461946547031403e-03,-2.856535650789737701e-02,-3.436936810612678528e-02,-4.165781196206808090e-03,1.194402342662215233e-03,-3.072514431551098824e-03,-1.499146316200494766e-02,4.346320871263742447e-03,-9.474978782236576080e-03,1.180193200707435608e-02,1.215632446110248566e-02,1.769286766648292542e-02,1.256253803148865700e-03,-1.249065715819597244e-02,3.212265297770500183e-02,6.459301337599754333e-03,1.766612194478511810e-02,2.357711829245090485e-02,-9.637130424380302429e-04,-1.319275517016649246e-02,4.009376425528898835e-05,-1.705094985663890839e-02,-8.873180486261844635e-03,1.150103285908699036e-02,-5.559947341680526733e-03,3.188193216919898987e-02,-2.464698068797588348e-02,-7.703017443418502808e-03,-1.449665147811174393e-02,-1.823783037252724171e-03,-2.497462788596749306e-03,9.000226855278015137e-03,1.999307423830032349e-02,-1.790684089064598083e-02,2.218629606068134308e-02,3.340648859739303589e-02,-8.191143162548542023e-03,2.171488711610436440e-03,1.480423659086227417e-02,3.629511967301368713e-02,-1.088586170226335526e-02,2.248050831258296967e-02,-2.502143383026123047e-02,-3.348672762513160706e-02,2.603780478239059448e-02,-6.994233001023530960e-03,2.512842044234275818e-02,-1.646252535283565521e-02,-1.631541922688484192e-02,1.332648750394582748e-02,-3.975211642682552338e-03,1.655613817274570465e-02,-5.182151682674884796e-03,2.409867569804191589e-02,2.915378101170063019e-02,1.774636097252368927e-02,1.251740381121635437e-02,7.756510749459266663e-03,-1.833478733897209167e-02,-4.584365338087081909e-02,3.846159577369689941e-02,-1.351371407508850098e-02,-2.872583642601966858e-02,-3.947796672582626343e-02,-2.075535245239734650e-02,1.501820981502532959e-02,-2.960847318172454834e-02,-2.147751115262508392e-02,7.622777950018644333e-03,-4.088884685188531876e-03,-6.332254968583583832e-03,-4.359693825244903564e-02,1.141410693526268005e-02,3.019689954817295074e-02,-2.449987456202507019e-02,3.271107748150825500e-02,-1.148097310215234756e-02,-1.440303772687911987e-02,6.980859488248825073e-02,1.790349837392568588e-03,1.307239569723606110e-02,-9.615398943424224854e-03,-7.014292757958173752e-03
-7.776401005685329437e-03,-2.436433173716068268e-02,1.306849438697099686e-02,-4.166391119360923767e-02,-2.547709457576274872e-02,5.387842655181884766e-02,-1.918868906795978546e-02,-4.616024903953075409e-03,-2.953350311145186424e-03,-4.800407215952873230e-03,5.612336099147796631e-03,3.338288515806198120e-02,1.508699450641870499e-02,-1.581158488988876343e-02,8.863285183906555176e-03,-2.614103141240775585e-04,2.627931907773017883e-02,-2.492394763976335526e-03,-6.110491231083869934e-03,3.027750179171562195e-03,-7.582314312458038330e-03,7.899322547018527985e-03,5.563814193010330200e-03,-2.237170934677124023e-02,-2.451959997415542603e-02,1.300379820168018341e-02,5.094771739095449448e-03,-2.846602583304047585e-04,8.268087171018123627e-03,3.438566578552126884e-03,-5.017945659346878529e-04,1.375426631420850754e-02,-2.244934439659118652e-02,-1.332727633416652679e-02,-1.405186578631401062e-02,-1.198160927742719650e-02,-1.403892692178487778e-02,-2.400203607976436615e-02,8.733894675970077515e-03,1.132818497717380524e-02,-9.794901125133037567e-03,-2.172152046114206314e-03,-2.487542573362588882e-03,-4.793937783688306808e-03,-2.919061668217182159e-02,1.238919142633676529e-02,-2.520537376403808594e-02,-2.186708385124802589e-03,-1.815356127917766571e-02,1.805004850029945374e-02,2.973405830562114716e-02,-1.034481264650821686e-02,-1.544605474919080734e-03,-1.293910294771194458e-02,-1.521638501435518265e-02,-1.731251925230026245e-02,3.297853982076048851e-03,8.216330781579017639e-03,-6.239882670342922211e-03,-2.216468378901481628e-02,1.805004850029945374e-02,-1.143169775605201721e-02,-1.097882911562919617e-02,1.547516696155071259e-02,-5.088302306830883026e-03,-1.727370359003543854e-02,-4.790702834725379944e-03,6.773620378226041794e-03,1.776538789272308350e-02,-6.896541919559240341e-03,4.029236733913421631e-02,2.888007834553718567e-02,-9.303214959800243378e-03,-1.045479532331228256e-02,6.206725956872105598e-04,-2.347153238952159882e-02,-1.551398448646068573e-02,-1.144463662058115005e-02,-1.848997920751571655e-02,1.331433746963739395e-02,1.896872557699680328e-02,-3.912784904241561890e-02,-2.618874423205852509e-02,1.219510473310947418e-02,2.254638820886611938e-03,-3.315645270049571991e-03,-3.172668069601058960e-02,3.434037789702415466e-02,-6.966898217797279358e-04,-2.056023478507995605e-02,1.872288249433040619e-02,2.468133810907602310e-03,-1.979682827368378639e-03,5.548287555575370789e-02,-3.229600191116333008e-02,1.750013674609363079e-03,-6.683046929538249969e-03,4.078405350446701050e-02,-8.656259626150131226e-03,-2.748265489935874939e-02,1.383190136402845383e-02,6.353099830448627472e-03,8.458938682451844215e-04,-8.507460355758666992e-03,-1.368957106024026871e-02,-3.164904564619064331e-02,-1.442710030823945999e-02,-8.313373662531375885e-03,3.619714174419641495e-03,-3.281356394290924072e-02,-1.330139767378568649e-02,1.502229832112789154e-02,7.334853871725499630e-04,-5.082479864358901978e-02,1.883933506906032562e-02,-1.323670241981744766e-02,-1.402275287546217442e-03,7.666418794542551041e-03,-2.841426990926265717e-02,-2.598171867430210114e-02,-8.384538814425468445e-03,2.068962529301643372e-02,1.612212322652339935e-02,-3.719992237165570259e-03,2.229407429695129395e-02,-4.146982450038194656e-03,-2.316099405288696289e-02,-1.064888201653957367e-02,5.489414557814598083e-03,-1.604448817670345306e-02,5.139411613345146179e-02,3.252890706062316895e-02,1.749366708099842072e-02,-3.224424645304679871e-02,1.387718832120299339e-03,1.384484022855758667e-02,1.903342083096504211e-02,-6.624820642173290253e-03,-1.242800895124673843e-02,-1.104352436959743500e-02,2.492071315646171570e-02,1.146404538303613663e-02,6.388681940734386444e-03,6.453377660363912582e-03,3.322761505842208862e-02,2.000708831474184990e-03,-2.568411873653531075e-03,1.865818724036216736e-02,9.963109623640775681e-04,-2.673218771815299988e-02,-5.609101150184869766e-03,-1.978388801217079163e-02,3.498733416199684143e-02,-1.197514031082391739e-02,-2.116837352514266968e-02,2.722387388348579407e-02,-1.800152705982327461e-03,4.715009033679962158e-02,1.521153259091079235e-03,-2.472986001521348953e-03,-1.323670241981744766e-02,8.636851795017719269e-03,1.072328188456594944e-03,4.347538575530052185e-03,-7.879913784563541412e-03,2.247522212564945221e-02,1.273207738995552063e-02,-2.052141726016998291e-02,-7.226489018648862839e-03,-3.219248726963996887e-02,4.839224740862846375e-03,4.158627614378929138e-02,-2.520537376403808594e-02,1.414243970066308975e-02,-1.887815073132514954e-02,1.947334967553615570e-02,-6.534247193485498428e-03,-4.256965126842260361e-03,-4.443287849426269531e-02,4.561034031212329865e-03,-2.591702342033386230e-02,1.121820230036973953e-02,2.828487940132617950e-02,1.827001385390758514e-02,-1.960274064913392067e-03,3.568362153600901365e-04,1.746778935194015503e-02,4.180947726126760244e-04,1.755836233496665955e-02,-4.411425616126507521e-04,1.613506115972995758e-02,1.403892692178487778e-02,-7.194141391664743423e-03,4.557799082249403000e-03,-6.426076292991638184e-01,-1.577276736497879028e-02,-2.802609652280807495e-02,-5.295327864587306976e-03,-2.563559915870428085e-03,2.213880605995655060e-02,3.713522572070360184e-03,7.925200276076793671e-03,-2.774143777787685394e-02,3.529140492901206017e-03,1.514279429102316499e-04,1.010543946176767349e-02,-5.880822427570819855e-03,-2.582645043730735779e-02,-8.766242302954196930e-03,-1.723488606512546539e-02,-7.116506807506084442e-03,-1.693728566169738770e-02,-1.908517628908157349e-02,-9.206172078847885132e-03,-1.630326919257640839e-02,1.697610318660736084e-02,-1.640637783566489816e-04,-5.935813765972852707e-03,2.594290068373084068e-03,2.802609652280807495e-02,9.452015161514282227e-03,-7.058280985802412033e-03,4.777763970196247101e-03,3.512966446578502655e-03,-3.030337952077388763e-02,2.295396849513053894e-02,4.095226060599088669e-03,3.478030860424041748e-02,3.946426510810852051e-02,2.324186498299241066e-03,-2.348447218537330627e-02,7.058280985802412033e-03,1.207218319177627563e-02,2.484307810664176941e-02,-1.933101937174797058e-02,-5.457066930830478668e-03,2.599465847015380859e-02,-4.903919994831085205e-03,-3.587366314604878426e-03,-2.864393871277570724e-03,3.946426510810852051e-02,2.227143151685595512e-03,5.796718411147594452e-03,-4.829520359635353088e-03,1.262209471315145493e-02,-9.561996906995773315e-03,4.431642591953277588e-03,1.812768355011940002e-02,2.078020013868808746e-02,2.138833701610565186e-02,4.034412279725074768e-02,-1.011837832629680634e-02,-2.893183380365371704e-02,8.458938682451844215e-04,-1.145110651850700378e-02,1.783978892490267754e-03,-1.552692335098981857e-02,3.893861430697143078e-04,-1.427183113992214203e-02,2.089665085077285767e-02,1.586334034800529480e-02,1.868406496942043304e-02,1.383190136402845383e-02,1.627739146351814270e-02,-2.231995342299342155e-03,1.017013471573591232e-02,6.903011351823806763e-03,-6.421030033379793167e-03,3.280062694102525711e-03,-1.594138011569157243e-04,4.184506088495254517e-02,3.606775077059864998e-03,1.120849861763417721e-03,8.953859098255634308e-03,-1.974507048726081848e-02,-8.224417688325047493e-04,-2.366562001407146454e-02,-1.645853929221630096e-02,2.927472116425633430e-03,-1.077180355787277222e-02,-1.498348172754049301e-02,-4.826285410672426224e-03,-5.195050034672021866e-03,3.273593029007315636e-03,3.687644377350807190e-03,1.702786050736904144e-02,6.595707964152097702e-03,-3.247714834287762642e-03,1.843822188675403595e-02,1.827001385390758514e-02,-1.916604698635637760e-03,1.830883137881755829e-02,7.679357659071683884e-03,4.729242064058780670e-03,-8.598034270107746124e-03,-1.838646642863750458e-02,4.544859984889626503e-04,1.751954481005668640e-02,2.036614902317523956e-02,1.228567864745855331e-02,-1.723488606512546539e-02,-1.771363243460655212e-02,2.727562934160232544e-02,-3.930899500846862793e-02,-9.866065811365842819e-04,-1.742897182703018188e-02,2.555472776293754578e-03,-1.187162753194570541e-02,-1.560455840080976486e-02,-3.553077578544616699e-02,2.235876955091953278e-02,1.303614675998687744e-02,2.213880605995655060e-02,-4.329423978924751282e-02,2.031439170241355896e-02,1.178105361759662628e-02,-1.520344614982604980e-02,7.854036055505275726e-03,2.123306877911090851e-02,2.815548889338970184e-02,-6.129899993538856506e-03,-2.044378221035003662e-02,-1.987446285784244537e-02,-1.072651613503694534e-02,-1.220157463103532791e-02,5.269449669867753983e-03,2.502422593533992767e-02,-3.068184712901711464e-03,-1.458236947655677795e-02,-6.039326544851064682e-03,-3.985345028922893107e-05,-1.181987114250659943e-02,2.730150707066059113e-02,-1.317200716584920883e-02,1.835735281929373741e-03,1.869700383394956589e-03,1.920162886381149292e-02,-1.013131812214851379e-02,1.189103536307811737e-02,-3.804096207022666931e-02,1.220157463103532791e-02,-2.352328971028327942e-02,-3.837737813591957092e-02,3.123176051303744316e-03,7.866974920034408569e-03,-1.481527276337146759e-02,-4.577854648232460022e-02,4.244025796651840210e-03,4.968615714460611343e-03,5.531466566026210785e-03,5.939048249274492264e-03,-2.303160354495048523e-02,-5.507205496542155743e-04,-3.553077578544616699e-02,3.273593261837959290e-02,4.005946218967437744e-02,-1.485409028828144073e-02,-1.197514031082391739e-02,3.732931334525346756e-03,-4.321660380810499191e-03,-3.139349864795804024e-03,-7.097098045051097870e-03,1.884256838820874691e-03,-1.634208671748638153e-02,-6.488960236310958862e-03,6.349864881485700607e-03,-1.768775470554828644e-02,2.109073847532272339e-02,1.821825653314590454e-02,6.482490804046392441e-03,-6.123430561274290085e-03,-2.833663672208786011e-02,-2.549003250896930695e-02,1.559161953628063202e-02,1.836058683693408966e-02,1.661057351157069206e-03,-3.227012231945991516e-02,-1.312025077641010284e-02,6.006978452205657959e-03,-2.106486074626445770e-02,-5.260554025880992413e-04,1.414243970066308975e-02,6.531012244522571564e-03,-5.634979344904422760e-03,4.525451455265283585e-03,1.282265130430459976e-02,7.168263196945190430e-03,-5.848474800586700439e-03,-1.271266862750053406e-02,2.998637035489082336e-03,2.431257441639900208e-02,-4.244025796651840210e-03,-2.189943101257085800e-03,2.740501984953880310e-02,1.771363243460655212e-02,1.331433746963739395e-02,2.895771339535713196e-02,-1.384484022855758667e-02,6.352291093207895756e-04,-2.009442634880542755e-02,2.704272512346506119e-03,-2.978581562638282776e-02,2.009442634880542755e-02,8.293964900076389313e-03,1.737074577249586582e-03,-2.712035924196243286e-02,8.895633742213249207e-03,1.220157463103532791e-02,-3.998182713985443115e-03,3.599658608436584473e-02,8.287495933473110199e-03,6.184891331940889359e-03,1.004397869110107422e-03,-1.622563600540161133e-02,1.477645616978406906e-02,-2.806168049573898315e-03,1.483953441493213177e-03,-1.150933187454938889e-02,-3.428862243890762329e-02,-2.954967785626649857e-03,1.880051754415035248e-02,-8.572156075388193130e-04,1.155461929738521576e-02,-8.585094474256038666e-03,4.541625268757343292e-03,4.671016242355108261e-03,6.008595810271799564e-04,2.668043039739131927e-02,9.536119177937507629e-03,-1.346960663795471191e-02,-5.686735734343528748e-03,-1.610918343067169189e-02,1.579864509403705597e-02,-1.687259040772914886e-02,-1.581158488988876343e-02,2.395028062164783478e-02,1.313318964093923569e-02,-1.314612850546836853e-02,1.790771819651126862e-02,2.668043039739131927e-02,1.675613783299922943e-02,2.445490565150976181e-03,-5.279154051095247269e-03,1.811474375426769257e-02,-1.133465394377708435e-02,3.360931994393467903e-03,-4.179330077022314072e-03,-2.050847746431827545e-03,4.354008007794618607e-03,-4.740887507796287537e-02,1.764279545568570029e-06,9.477892890572547913e-03,2.467487007379531860e-02,2.486895583570003510e-02,8.002835325896739960e-03,-3.645592369139194489e-03,-2.890272065997123718e-03,6.039326544851064682e-03,2.446784451603889465e-02,-6.110491231083869934e-03,-5.065659061074256897e-03,-1.847703941166400909e-02,1.251858193427324295e-02,-2.259167470037937164e-02,3.018045797944068909e-03,9.400258772075176239e-03,1.662674732506275177e-02,-2.061199210584163666e-02,2.411848865449428558e-02,9.516710415482521057e-03,-9.335562586784362793e-03,-1.696316339075565338e-02,1.002780534327030182e-02,1.872288249433040619e-02,-3.525905543938279152e-03,-4.073229804635047913e-02,1.249917317181825638e-02,-5.715848878026008606e-03,4.593381658196449280e-03,-8.585094474256038666e-03,-2.924237214028835297e-02,3.107972629368305206e-02,-9.963109157979488373e-03,1.450473442673683167e-02,-6.463082041591405869e-03,1.406480465084314346e-02,1.864524744451045990e-02,-1.933101937174797058e-02,8.229269646108150482e-03,-4.622494801878929138e-03,1.903342083096504211e-02,-2.683570049703121185e-02,2.312217652797698975e-02,2.998637035489082336e-03,-2.440638374537229538e-03,-1.751954481005668640e-02,-7.608192507177591324e-03,1.093354169279336929e-02,4.256964847445487976e-02,-1.656205207109451294e-02,1.198160927742719650e-02,1.113409828394651413e-02,-1.346960663795471191e-02,-2.699096873402595520e-02,1.713137328624725342e-02,-6.663638167083263397e-03,-5.376197397708892822e-03,-1.267385110259056091e-02,-1.628709607757627964e-03,-1.276442501693964005e-02,-1.235037390142679214e-02,-3.013193607330322266e-03,2.756028994917869568e-02,-6.857724860310554504e-03,9.801371023058891296e-03,-3.600305411964654922e-03,-7.634070701897144318e-03,2.451959997415542603e-02,1.146922111511230469e-01,2.137539908289909363e-02,1.842528209090232849e-02,1.636796630918979645e-02,3.454740718007087708e-02,2.735326439142227173e-02,-1.144463662058115005e-02,-4.570091143250465393e-02,-9.555527940392494202e-03,4.775337874889373779e-04,-7.245897781103849411e-03,-3.390045091509819031e-02,-1.680789515376091003e-02,6.071674171835184097e-03,2.818136662244796753e-02,1.115350704640150070e-02,-1.623857393860816956e-02,-7.724644616246223450e-03,1.751631032675504684e-03,2.333890646696090698e-03,-3.338288515806198120e-02,-2.875715726986527443e-03,-8.882693946361541748e-03,9.122068062424659729e-03,-1.782361418008804321e-03,-1.895578578114509583e-03,9.102659299969673157e-03,3.454740718007087708e-02,1.493172533810138702e-02,-1.900754310190677643e-02,-9.646100923418998718e-03,3.168462775647640228e-03,9.853127412497997284e-03,1.172282733023166656e-02,-1.861936971545219421e-02,9.859596379101276398e-03,7.528940914198756218e-04,1.544928923249244690e-02,2.924237214028835297e-02,-1.072004716843366623e-02,1.601861044764518738e-02,1.093354169279336929e-02,4.383121151477098465e-03,-3.377106040716171265e-02,1.401304826140403748e-02,-7.627601269632577896e-03,1.419419609010219574e-02,1.739015430212020874e-02,2.770585473626852036e-03,-1.330139767378568649e-02,2.429963648319244385e-02,-2.479132078588008881e-02,-2.702655270695686340e-03,-4.911683499813079834e-02,1.561588025651872158e-03,4.641903098672628403e-03,-5.706144496798515320e-03,7.556436117738485336e-03,3.399749286472797394e-03,1.136700250208377838e-02,-1.220804359763860703e-02,-2.305748127400875092e-02,2.004267089068889618e-02,-3.278445219621062279e-03,4.427599487826228142e-04,-2.944939956068992615e-02,-1.569513231515884399e-02,8.306903764605522156e-03,-1.216922607272863388e-02,-2.828811528161168098e-03,4.250495228916406631e-03,1.583746261894702911e-02,-3.533992567099630833e-04,-1.089472509920597076e-02,2.673218771815299988e-02,1.471175998449325562e-02,1.537165418267250061e-02,3.972304519265890121e-03,2.569705806672573090e-02,-1.044185645878314972e-02,1.381896249949932098e-02,-2.493365108966827393e-02,4.238061592332087457e-05,-2.307042106986045837e-02,-2.296690829098224640e-02,1.768775470554828644e-02,2.156948484480381012e-02,-2.154360711574554443e-02,-5.356788635253906250e-03,4.493103362619876862e-03,-1.412950083613395691e-02,1.164519321173429489e-02,-1.759718055836856365e-03,5.043015349656343460e-03,2.649928256869316101e-02,6.008595810271799564e-04,6.408090703189373016e-03,-4.887746181339025497e-03,6.851254962384700775e-03,4.049939103424549103e-03,1.403892692178487778e-02,-2.057317411527037621e-03,1.154814939945936203e-02,-5.573518574237823486e-03,4.137925058603286743e-02,8.378068916499614716e-03,-7.375288754701614380e-03,2.510186098515987396e-02,1.754865807015448809e-04,-1.020895224064588547e-02,-4.451051354408264160e-03,-1.246682554483413696e-02,-3.396514570340514183e-03,-6.962855113670229912e-04,-1.805004850029945374e-02,1.750013674609363079e-03,8.610973134636878967e-03,4.295782372355461121e-02,2.979228505864739418e-03,-1.106293313205242157e-02,-9.490831755101680756e-03,-3.915372490882873535e-02,9.290276095271110535e-03,-3.515796852298080921e-04,-1.648441702127456665e-02,3.503262065351009369e-03,-6.754211615771055222e-03,-3.201134130358695984e-02,-3.774983342736959457e-03,2.815548889338970184e-02,-4.551329649984836578e-03,8.578625507652759552e-03,3.500027349218726158e-03,1.019601337611675262e-02,-2.960466779768466949e-02,-6.611881777644157410e-03,-5.136823747307062149e-03,5.835535470396280289e-03,-3.019986674189567566e-02,8.147591724991798401e-04,1.864524744451045990e-02,-4.832754842936992645e-03,-1.713137328624725342e-02,-4.311309009790420532e-02,-1.295851171016693115e-02,-3.778218105435371399e-02,-4.900685511529445648e-03,-1.375426631420850754e-02,3.397808596491813660e-02,9.943700395524501801e-03,-1.635502651333808899e-02,-7.931670174002647400e-03,-3.193370625376701355e-02,7.816026918590068817e-04,3.421098738908767700e-02,-9.866066277027130127e-03,-1.460824720561504364e-02,-1.566925458610057831e-02,1.412950083613395691e-02,7.866974920034408569e-03,1.071357727050781250e-02,1.768775470554828644e-02,-6.078143604099750519e-03,1.056477800011634827e-02,-2.107779867947101593e-02,-1.167107094079256058e-02,-2.270812541246414185e-02,-8.274556137621402740e-03,-3.767867013812065125e-02,2.626637928187847137e-02,5.732022691518068314e-03,3.985243663191795349e-02,9.025024250149726868e-03,-6.042561028152704239e-03,1.058418676257133484e-02,1.843822188675403595e-02,-1.410362194292247295e-03,-2.736620372161269188e-03,-1.350842323154211044e-02,-2.379501052200794220e-02,-8.171043358743190765e-03,1.103705540299415588e-02,4.751885775476694107e-03,-1.178105361759662628e-02,-9.536119177937507629e-03,-6.220473907887935638e-03,4.127573966979980469e-02,-5.114180501550436020e-03,-7.860505022108554840e-03,7.744053378701210022e-03,1.084296870976686478e-02,-1.024776976555585861e-02,1.618681848049163818e-02,2.360092476010322571e-02,1.663968712091445923e-02,-5.243571475148200989e-03,2.939764223992824554e-02,9.937231428921222687e-03,-1.004721317440271378e-02,2.316099405288696289e-02,5.010667722672224045e-03,8.753303438425064087e-03,2.061199210584163666e-02,-1.384484022855758667e-02,-1.466000359505414963e-02,1.308143325150012970e-02,5.537935998290777206e-03,-4.176095593720674515e-03,-1.673026010394096375e-02,-1.418125722557306290e-02,1.653617434203624725e-02,-3.263241797685623169e-02,-7.025932893157005310e-03,-1.930514164268970490e-02,3.446977213025093079e-02,-1.340491045266389847e-02,-1.723488606512546539e-02,7.097098045051097870e-03,-2.493365108966827393e-02,-1.704079844057559967e-02,-2.859541773796081543e-02,-1.878191687865182757e-04,2.988932840526103973e-02,1.088178530335426331e-02,2.444196492433547974e-02,3.214073181152343750e-02,-1.780744059942662716e-03,-1.462118607014417648e-02,1.013131812214851379e-02,8.870361489243805408e-05,5.521762184798717499e-03,1.374132744967937469e-02,-4.321660380810499191e-03,-1.952187158167362213e-03,-4.771294072270393372e-03,-4.392825532704591751e-03,5.075362976640462875e-03,-1.397423166781663895e-02,-3.208897635340690613e-02,1.792065799236297607e-02,6.084613036364316940e-03,6.107256747782230377e-03,-5.305032245814800262e-03,-1.975801028311252594e-02,1.861936971545219421e-02,1.908517628908157349e-02,-1.957686245441436768e-02,9.581405669450759888e-03,-5.543111637234687805e-02,-2.802609652280807495e-02,-7.750522810965776443e-03,8.436295203864574432e-03,-1.317847613245248795e-02,3.120911680161952972e-02,-6.954767741262912750e-03,1.373162376694381237e-03,-1.033834367990493774e-02,-6.155778188258409500e-03,-1.806298829615116119e-02,1.520344614982604980e-02,-2.405379340052604675e-02,3.074330836534500122e-02,-8.979737758636474609e-03,8.326312527060508728e-03,7.970487698912620544e-03,1.807592622935771942e-02,-1.187809649854898453e-02,-1.037716027349233627e-02,-2.369473222643136978e-03,1.918868906795978546e-02,-1.149639301002025604e-02,-2.033056691288948059e-03,-9.329093620181083679e-03,-1.153521053493022919e-02,-9.620223194360733032e-03,1.710549369454383850e-02,2.172152046114206314e-03,-1.405186578631401062e-02,-1.777832768857479095e-02,-3.677939996123313904e-03,1.579379313625395298e-03,1.631620898842811584e-02,3.140967339277267456e-03,-1.146404538303613663e-02,1.479101250879466534e-03,-4.720184952020645142e-02,-6.903011351823806763e-03,6.314282305538654327e-03,1.957686245441436768e-02,-3.677939996123313904e-03,-1.245388668030500412e-02,-2.743089944124221802e-02,-4.903919994831085205e-03,2.043084427714347839e-02,-9.691388346254825592e-03,-2.398909628391265869e-02,9.464954026043415070e-03,2.512773871421813965e-02,-1.714431121945381165e-02,5.077303946018218994e-02,3.454740624874830246e-03,-6.903011351823806763e-03,5.547640612348914146e-04,-9.859596379101276398e-03,1.524226367473602295e-02,-3.784687723964452744e-03,9.063841775059700012e-03,-3.483206406235694885e-02,-2.365268021821975708e-02,1.498348172754049301e-02,1.931161154061555862e-03,1.303614675998687744e-02,6.598942447453737259e-03,-1.113409828394651413e-02,2.696509100496768951e-02,2.414760179817676544e-03,6.663638167083263397e-03,-6.569829769432544708e-03,-2.617580629885196686e-02,2.024969644844532013e-02,-1.044832542538642883e-02,2.286986447870731354e-03,1.658792980015277863e-02,-3.741988539695739746e-02,4.156686831265687943e-03,2.743089944124221802e-02,2.181856194511055946e-03,1.425889134407043457e-02,-2.241052687168121338e-02,-1.277736388146877289e-02,-2.921649441123008728e-02,-1.873582042753696442e-02,-3.181401873007416725e-03,-3.622948750853538513e-02,-7.232958450913429260e-03,-5.408545024693012238e-03,2.814254956319928169e-03,-1.753248507156968117e-03,-2.330655930563807487e-03,-2.670630812644958496e-02,1.247329544275999069e-02,2.223908377345651388e-04,-4.098461009562015533e-03,1.132171507924795151e-02,-9.536119177937507629e-03,-2.776731550693511963e-02,6.760681513696908951e-03,-2.913885936141014099e-02,-1.312671974301338196e-02,-4.200032725930213928e-02,2.215821295976638794e-03,4.740887507796287537e-02,8.416886441409587860e-03,-3.141614422202110291e-02,-6.256056483834981918e-03,-5.803187843412160873e-03,-2.851778268814086914e-02,1.787213608622550964e-03,-2.130099805071949959e-03,1.762305758893489838e-02,7.220019586384296417e-03,4.693659488111734390e-03,5.512057803571224213e-03,2.811020240187644958e-03,2.536064200103282928e-02,1.406480465084314346e-02,-2.352328971028327942e-02,-2.153066731989383698e-02,1.623453135835006833e-04,-1.372838858515024185e-02,2.605611924082040787e-03,3.262271406129002571e-03,-2.134951949119567871e-02,4.261817084625363350e-04,1.526814140379428864e-02,-4.719537682831287384e-03,5.854944232851266861e-03,1.169694960117340088e-02,2.018500119447708130e-02,-2.646046504378318787e-02,2.329038642346858978e-02,1.287440769374370575e-02,-3.576368093490600586e-02,-1.744191162288188934e-02,1.613506115972995758e-02,-4.425173252820968628e-02,2.670630812644958496e-02,7.795809768140316010e-03,1.390953548252582550e-02,-1.779126748442649841e-02,2.587820589542388916e-02,1.399849192239344120e-03,-1.231802627444267273e-02,-2.119425125420093536e-02,1.384483999572694302e-03,8.345721289515495300e-04,-1.415537856519222260e-02,9.031494148075580597e-03,5.424718838185071945e-03,2.310923859477043152e-02,-2.164064906537532806e-03,1.508699450641870499e-02,-1.194926165044307709e-02,-1.759717985987663269e-02,3.582514182198792696e-04,4.448463767766952515e-02,-4.425173159688711166e-03,-2.123630372807383537e-03,2.188002318143844604e-02,-1.482821255922317505e-02,-6.576299201697111130e-03,-2.602377207949757576e-03,-4.561034031212329865e-03,1.811474375426769257e-02,-1.290675485506653786e-03,-2.100016362965106964e-02,2.870863536372780800e-03,-2.200941368937492371e-02,6.624820642173290253e-03,2.727562934160232544e-02,-1.520344614982604980e-02,1.242800895124673843e-02,-2.856306964531540871e-03,-1.029952615499496460e-02,-7.789339870214462280e-03,-2.481720037758350372e-02,-1.850291714072227478e-02,8.533338084816932678e-03,1.704079844057559967e-02,-1.261562574654817581e-02,1.479101250879466534e-03,-2.975993789732456207e-02,-3.613244509324431419e-03,7.122976239770650864e-03,-3.167492523789405823e-02,1.202689670026302338e-02,2.087853699922561646e-01,-8.171043358743190765e-03,-1.504817698150873184e-02,3.250302746891975403e-02,1.393541414290666580e-02,1.300379820168018341e-02,9.471423923969268799e-03,-2.015912346541881561e-02,-1.223392225801944733e-02,-1.225979998707771301e-02,-1.825707405805587769e-02,-5.884057376533746719e-03,7.824113708920776844e-04,-2.424464561045169830e-03,4.231086932122707367e-03,-3.374518081545829773e-02,-1.520344614982604980e-02,-3.638475760817527771e-02,-8.869755081832408905e-03,-4.037000238895416260e-02,-4.169626161456108093e-03,-1.286793779581785202e-02,-7.297654170542955399e-03,9.214056626660749316e-05,1.783008500933647156e-02,1.323670241981744766e-02,-2.605935372412204742e-02,-8.410417474806308746e-03,4.011122137308120728e-02,8.785651065409183502e-03,-2.327744662761688232e-02,-5.224162712693214417e-03,8.099878206849098206e-03,-4.046704620122909546e-03,-1.075239479541778564e-02,-5.987570155411958694e-03,3.198546171188354492e-02,4.318425897508859634e-03,1.891696825623512268e-02,5.667326971888542175e-03,2.828811528161168098e-03,-1.372838858515024185e-02,-3.074330836534500122e-02,1.953804632648825645e-03,-2.485601790249347687e-02,9.542588144540786743e-03,-1.005368307232856750e-02,5.600205622613430023e-05,-1.638090424239635468e-02,7.038872223347425461e-03,-2.166005782783031464e-02,-5.744961556047201157e-03,5.054013803601264954e-02,2.018500119447708130e-02,2.694568131119012833e-03,1.286793779581785202e-02,2.657691761851310730e-02,1.569513231515884399e-02,-1.362487580627202988e-02,-1.997797563672065735e-02,2.217438770458102226e-03,2.297984622418880463e-02,2.828811528161168098e-03,1.699874643236398697e-03,8.099878206849098206e-03,9.096189402043819427e-03,-2.385970577597618103e-02,-4.670207563322037458e-04,3.483449108898639679e-04,-6.375743076205253601e-03,8.921511471271514893e-03,-1.698904298245906830e-02,-9.212641045451164246e-03,-1.382866641506552696e-03,8.960328996181488037e-03,-8.190452121198177338e-03,2.305748127400875092e-02,-1.835735281929373741e-03,9.671979583799839020e-03,-4.237556131556630135e-04,-1.088825520128011703e-02,-5.738492123782634735e-03,-2.185414545238018036e-02,-4.412234295159578323e-03,3.729696385562419891e-03,-1.925338618457317352e-02,4.846987873315811157e-02,-1.235684379935264587e-03,-1.182634010910987854e-02,2.228113636374473572e-02,6.252821534872055054e-03,-7.737583480775356293e-03,-1.049361284822225571e-02,-9.387318976223468781e-03,2.535255625844001770e-04,1.978388801217079163e-02,1.507405471056699753e-02,2.092253044247627258e-02,-8.559216745197772980e-03,1.103705540299415588e-02,-1.229214761406183243e-02,-1.560455840080976486e-02,4.004652611911296844e-03,9.180293418467044830e-03,9.613753296434879303e-03,-1.856761239469051361e-02,1.934395916759967804e-02,2.127188630402088165e-02,5.075362976640462875e-03,-1.219510473310947418e-02,4.645138047635555267e-03,-9.374380111694335938e-03,2.223908435553312302e-03,-1.010543946176767349e-02,4.200032725930213928e-02,2.002973109483718872e-02,4.933033138513565063e-03,-1.695022545754909515e-02,1.256386935710906982e-02,-1.301026809960603714e-02,6.323986686766147614e-03,-7.304123602807521820e-03,-5.146528128534555435e-03,1.297792047262191772e-02,-6.928889546543359756e-03,-1.757130213081836700e-02,-3.545314073562622070e-02,1.117938477545976639e-02,2.336801961064338684e-02,-2.996696345508098602e-02,3.369342535734176636e-02,-2.576175518333911896e-02,-4.318425897508859634e-03,1.594097539782524109e-02,9.264397434890270233e-03,-2.998637035489082336e-03,1.530695892870426178e-02,-1.403892692178487778e-02,-4.933033138513565063e-03,-1.481931685702875257e-04,1.859996118582785130e-03,6.427499465644359589e-03,8.520399220287799835e-03,4.554564133286476135e-03,-1.489290781319141388e-02,-1.212393958121538162e-02,2.490777336061000824e-02,2.152743283659219742e-03,1.577276736497879028e-02,-2.449372224509716034e-02,-2.288927324116230011e-02,-1.261562574654817581e-02,5.098006688058376312e-03,-1.996503584086894989e-02,3.465091809630393982e-02,-2.378207072615623474e-02,-1.159990578889846802e-02,-2.290221303701400757e-02,1.232449617236852646e-02,1.966743730008602142e-02,-6.334985047578811646e-02,1.850291714072227478e-02,4.722772538661956787e-02,-5.579341202974319458e-02,-1.429770886898040771e-02,1.288087759166955948e-02,-1.624116152524948120e-01,5.915596266277134418e-04,2.753441222012042999e-02,-1.365075353533029556e-02,2.272106520831584930e-02,-7.427045144140720367e-03,3.578956052660942078e-02,1.255093025974929333e-03,-2.508892118930816650e-02,1.020248327404260635e-02,3.309175604954361916e-03,-1.324964128434658051e-02,-9.445545263588428497e-03,1.640678197145462036e-02,-1.851585693657398224e-02,7.718175183981657028e-03,-4.174154624342918396e-02,-6.026387214660644531e-03,2.002973109483718872e-02,-3.897904884070158005e-03,2.766380272805690765e-02,-1.092545571736991405e-03,6.016682833433151245e-03,-4.493103362619876862e-03,3.250302746891975403e-02,2.549003250896930695e-02,-2.673218771815299988e-02,3.862322308123111725e-03,1.068769954144954681e-02,-2.204823121428489685e-02,-1.713137328624725342e-02,9.016937692649662495e-04,9.866066277027130127e-03,-1.491878554224967957e-02,1.273854728788137436e-02,2.477838192135095596e-03,-1.596685312688350677e-02,-5.227397661656141281e-03,-3.397808596491813660e-02,2.191884070634841919e-02,1.735133677721023560e-02,-3.107002237811684608e-03,-1.270619966089725494e-02,-9.879005141556262970e-03,-3.477383870631456375e-03,4.117222502827644348e-02,1.582452282309532166e-02,-4.544859752058982849e-03,1.597979292273521423e-02,-1.389659661799669266e-02,-2.455841749906539917e-02,-1.785596273839473724e-02,-1.143169775605201721e-02,-9.115598164498806000e-03,1.026717852801084518e-02,1.559161953628063202e-02,-1.811474375426769257e-02,1.526814140379428864e-02,-2.037908695638179779e-02,-2.680982090532779694e-02,-1.219510450027883053e-03,-1.599273085594177246e-02,1.632914878427982330e-02,1.380440546199679375e-03,1.612212322652339935e-02,-2.075432054698467255e-02,-6.104021798819303513e-03,-2.909680828452110291e-03,-2.028851397335529327e-02,1.658792980015277863e-02,-1.001486554741859436e-02,-1.904636062681674957e-02,4.363712389022111893e-03,-9.574936702847480774e-03,2.334214188158512115e-02,4.855398554354906082e-03,-1.735133677721023560e-02,1.506111584603786469e-02,5.699675064533948898e-03,-5.195050034672021866e-03,-6.019917782396078110e-03,2.844014950096607208e-02,-2.724975161254405975e-02,-1.193632278591394424e-02,8.999146521091461182e-03,6.556890439242124557e-03,1.604448817670345306e-02,2.579733729362487793e-03,1.927926391363143921e-02,1.337903272360563278e-02,-4.075817298144102097e-03,-1.903342083096504211e-02,-7.782870437949895859e-03,-2.295396849513053894e-02,1.032540388405323029e-02,2.112955600023269653e-02,1.294557284563779831e-02,1.441416051238775253e-02,1.301026809960603714e-02,1.142522785812616348e-02,1.543635036796331406e-02,1.455649081617593765e-02,-2.569705806672573090e-02,1.892343861982226372e-03,1.683377288281917572e-02,1.714431215077638626e-03,2.019793912768363953e-02,3.211485221982002258e-02,1.698904298245906830e-02,-9.825631277635693550e-04,9.173824451863765717e-03,7.439984474331140518e-03,8.365130051970481873e-03,2.178945019841194153e-02,-2.162124216556549072e-02,1.256386935710906982e-02,-1.533283758908510208e-02,-1.158696692436933517e-02,9.620223194360733032e-03,8.361895452253520489e-04,5.299856513738632202e-02,1.557867974042892456e-02,-2.823312394320964813e-02,2.615316305309534073e-03,-1.552692335098981857e-02,-3.465091809630393982e-02,-1.162449046969413757e-01,-4.945972003042697906e-03,2.159212948754429817e-03,6.974176503717899323e-03,2.461017481982707977e-02,2.543827705085277557e-02,-5.408545024693012238e-03,-4.868337418884038925e-04,-2.766380272805690765e-02,4.273138940334320068e-03,-4.577207728289067745e-04,-1.833470910787582397e-02,4.428408108651638031e-03,-6.550421006977558136e-03,4.263434559106826782e-03,-1.951216720044612885e-02,5.301797296851873398e-03,-4.134043585509061813e-03,-3.232187777757644653e-02,2.397615835070610046e-02,-8.984589949250221252e-04,1.962861977517604828e-02,-2.634724834933876991e-03,-2.189296297729015350e-02,4.007887095212936401e-03,1.056477800011634827e-02,-2.071550488471984863e-02,1.748072914779186249e-02,1.702786050736904144e-02,-1.937832857947796583e-04,4.046704620122909546e-03,-1.175517495721578598e-02,2.906446112319827080e-03,-2.932324307039380074e-03,-1.106940302997827530e-02,-2.363003790378570557e-03,-5.198931694030761719e-02,-5.576753523200750351e-03,6.708925124257802963e-03,-2.374325506389141083e-02,-1.088825520128011703e-02,5.754665937274694443e-03,1.158049702644348145e-02,1.771039795130491257e-03,1.547516696155071259e-02,-2.400203607976436615e-02,-1.111468952149152756e-02,8.688608184456825256e-03,2.156948484480381012e-02,-8.132226765155792236e-03,-1.552692335098981857e-02,-6.563359871506690979e-03,-1.353753614239394665e-03,1.219510473310947418e-02,1.106293313205242157e-02,-3.058804012835025787e-02,8.112818002700805664e-03,1.859349198639392853e-02,-3.897904884070158005e-03,2.273400500416755676e-02,-7.672888226807117462e-03,-8.337634499184787273e-04,8.061061613261699677e-03,1.055345637723803520e-03,6.915950682014226913e-03,-1.099823741242289543e-03,-9.025024250149726868e-03,-2.393734175711870193e-03,5.114180501550436020e-03,-5.025547742843627930e-02,7.763461675494909286e-03,5.913170054554939270e-03,-7.336471695452928543e-03,4.370829090476036072e-02,-3.019986674189567566e-02,4.431642591953277588e-03,-1.317847613245248795e-02,-1.816650107502937317e-02,-1.162901869975030422e-03,-4.207796230912208557e-02,-2.457135729491710663e-02,-2.578116254881024361e-03,2.327744662761688232e-02,-6.670107599347829819e-03,4.603732749819755554e-02,-1.735457219183444977e-03,1.978388801217079163e-02,-3.832562267780303955e-02,8.222799748182296753e-03,-1.440122164785861969e-02,8.281026035547256470e-03,1.372838858515024185e-02,4.127573687583208084e-03,-1.393541414290666580e-02,-2.090959064662456512e-02,-6.721863988786935806e-03,-1.365075353533029556e-03,-2.576175518333911896e-02,-1.039656903594732285e-02,3.622948890551924706e-03,-4.474341869354248047e-02,-2.740501984953880310e-02,-5.589692667126655579e-02,1.748072914779186249e-02,-1.344372797757387161e-02,-1.478939503431320190e-02,-1.257680822163820267e-02,-2.040496654808521271e-02,-1.335315406322479248e-02,-2.396321855485439301e-02,-8.856816217303276062e-03,-3.105384670197963715e-02,1.921456772834062576e-03,2.118131145834922791e-02,-4.040234722197055817e-03,4.706598701886832714e-04,-1.407774444669485092e-02,-9.678449481725692749e-03,-8.015774190425872803e-03,-5.887291859835386276e-03,4.405764397233724594e-03,1.623857393860816956e-02,-4.407381929922848940e-04,3.234775736927986145e-03,-8.048121817409992218e-03,1.600567065179347992e-02,5.405310541391372681e-03,3.181401873007416725e-03,-2.260461263358592987e-02,2.107779867947101593e-02,5.175641272217035294e-03,-1.594097539782524109e-02,1.662674732506275177e-02,1.427344861440360546e-03,2.153066731989383698e-02,5.612336099147796631e-03,-1.216922607272863388e-02,-1.130230631679296494e-02,2.076321688946336508e-04,1.714431121945381165e-02,1.847703941166400909e-02,6.241823360323905945e-02,-2.463605254888534546e-02,-1.062947325408458710e-02,1.305282603425439447e-05,5.360023584216833115e-03,-1.644559949636459351e-02,-2.424787916243076324e-02,7.872635615058243275e-04,2.261755242943763733e-02,2.195765823125839233e-02,6.492195185273885727e-03,2.639576978981494904e-02,1.902048103511333466e-02,-2.888007834553718567e-02,-1.529402006417512894e-02,-3.353815525770187378e-02,-1.861936971545219421e-02,1.883933506906032562e-02,-1.656205207109451294e-02,-8.151634596288204193e-03,-2.627931907773017883e-02,4.735711589455604553e-02,2.113925991579890251e-03,1.484115142375230789e-02,-4.299017135053873062e-03,6.780089810490608215e-03,1.572101004421710968e-02,5.389136262238025665e-03,1.714431121945381165e-02,8.061061613261699677e-03,8.099878206849098206e-03,-1.467294339090585709e-02,9.550675749778747559e-04,9.788431227207183838e-03,2.014618366956710815e-02,6.465507904067635536e-04,-1.553986314684152603e-02,-4.748650826513767242e-03,-1.007956173270940781e-02,-2.594290114939212799e-02,3.351227613165974617e-03,2.766380272805690765e-02,9.296745993196964264e-03,-6.497855647467076778e-04,1.578570529818534851e-02,1.916281133890151978e-02,1.243447791785001755e-02,-2.730150707066059113e-02,-1.692434772849082947e-02,2.551429497543722391e-04,1.622563600540161133e-02,-1.487996894866228104e-02,1.315259840339422226e-02,8.999146521091461182e-03,-1.044185645878314972e-02,-1.447885669767856598e-02,1.792065799236297607e-02,9.684918448328971863e-03,1.682083494961261749e-02,-1.283559016883373260e-02,7.601723074913024902e-03,-1.242153905332088470e-02,-5.311501678079366684e-03,-9.781962260603904724e-03,-1.230832189321517944e-03,-4.438112489879131317e-03,4.402529913932085037e-03,-2.353622950613498688e-02,-2.433845214545726776e-02,-7.019463460892438889e-03,9.257928468286991119e-03,-2.267577918246388435e-03,-1.214981824159622192e-02,9.793284116312861443e-04,-6.116961129009723663e-03,1.210453081876039505e-02,1.299085933715105057e-02,3.299471363425254822e-02,2.770585473626852036e-03,-1.358605828136205673e-02,2.665455266833305359e-02,1.519050728529691696e-02,2.199647575616836548e-02,2.247522212564945221e-02,-1.763599738478660583e-02,7.905792444944381714e-03,5.360023584216833115e-03,-1.196220051497220993e-02,-6.479255855083465576e-03,-9.704327210783958435e-03,-9.109128266572952271e-03,2.471368759870529175e-02,-1.086237747222185135e-02,4.376651719212532043e-03,-1.178105361759662628e-02,3.768513677641749382e-03,1.060359459370374680e-02,1.563043706119060516e-02,2.521831169724464417e-02,-9.639631956815719604e-03,2.701684646308422089e-02,2.668043039739131927e-02,-3.179784631356596947e-03,6.708925124257802963e-03,1.823119632899761200e-02,2.934588678181171417e-02,9.133187268162146211e-05,2.432551421225070953e-02,-1.676907762885093689e-02,-4.220735281705856323e-02,1.797241345047950745e-02,-2.030145190656185150e-02,2.199647575616836548e-02,-4.593381658196449280e-03,-1.385777909308671951e-02,-4.053174052387475967e-03,1.855467446148395538e-02,1.290675532072782516e-02,2.265960443764925003e-03,3.247714787721633911e-02,2.877656556665897369e-02,5.081832874566316605e-03,2.182826772332191467e-02,-5.624466575682163239e-04,-1.823119632899761200e-02,-3.392632678151130676e-02,4.740887507796287537e-02,4.965380765497684479e-03,-3.190782666206359863e-02,-2.882832102477550507e-02,-9.167354553937911987e-03,3.555726289050653577e-05,-2.310923859477043152e-02,-2.125894650816917419e-02,1.925338618457317352e-02,-1.065049902535974979e-03,1.637605251744389534e-03,-2.960466779768466949e-02,1.467294339090585709e-02,1.887815073132514954e-02,-2.110367640852928162e-02,3.840325772762298584e-02,-1.424595247954130173e-02,-2.820724435150623322e-02,6.940534710884094238e-02,4.619259852916002274e-03,9.633162058889865875e-03,-4.564268514513969421e-03,-1.825707405805587769e-02
-2.888894639909267426e-02,-5.495722871273756027e-04,-5.747835151851177216e-03,-2.667900919914245605e-02,-2.472867257893085480e-03,2.500158548355102539e-02,-5.844353698194026947e-03,-8.260641247034072876e-03,2.476195339113473892e-03,1.198824681341648102e-02,1.682747900485992432e-02,2.819667756557464600e-02,1.168870739638805389e-02,2.725811908021569252e-03,1.106965821236371994e-02,1.105634588748216629e-02,1.799901202321052551e-02,1.367232669144868851e-02,1.292014867067337036e-02,-2.006250806152820587e-02,-1.239429041743278503e-02,4.170259460806846619e-03,-2.700850367546081543e-03,-2.043526852503418922e-03,-4.486440122127532959e-02,-1.855815201997756958e-02,1.963649690151214600e-02,-2.398980781435966492e-02,-3.507943591102957726e-03,-8.992849849164485931e-03,9.658493101596832275e-03,8.811461739242076874e-04,-7.768064737319946289e-03,-3.290943428874015808e-02,-1.043064054101705551e-02,-1.941017620265483856e-02,-1.801232434809207916e-02,-1.092987321317195892e-02,1.271379925310611725e-02,8.779843337833881378e-03,-1.221456564962863922e-03,-2.565069371485151350e-05,9.059414267539978027e-03,-4.676148761063814163e-03,-3.647728636860847473e-02,6.975948344916105270e-03,-2.832980640232563019e-02,-4.556332714855670929e-03,-1.209475006908178329e-02,-2.968355838675051928e-04,2.872919291257858276e-02,6.842819508165121078e-03,-2.562729083001613617e-02,-1.889097504317760468e-02,-1.266720425337553024e-02,7.728125900030136108e-03,4.543019924312829971e-03,-8.337190374732017517e-04,1.278701983392238617e-02,-1.774606667459011078e-02,1.317975018173456192e-02,-1.100309379398822784e-02,-1.805559149943292141e-03,-6.856132531538605690e-04,-1.349925901740789413e-02,-8.833095431327819824e-03,-4.409891087561845779e-03,-8.134168572723865509e-03,1.357913576066493988e-02,-2.518796548247337341e-02,3.594477102160453796e-02,2.488177083432674408e-02,-1.197493448853492737e-02,-1.491042412817478180e-02,2.249876409769058228e-02,-3.163139894604682922e-02,-4.130320623517036438e-03,-1.769281551241874695e-02,-3.059299476444721222e-02,9.864843450486660004e-03,1.689404249191284180e-02,-3.519925102591514587e-02,-1.980956271290779114e-02,1.332619134336709976e-02,9.345640428364276886e-03,3.953924868255853653e-03,-3.482649102807044983e-02,4.454489052295684814e-02,-1.672097481787204742e-02,-2.131391875445842743e-02,2.123404107987880707e-02,7.871239213272929192e-04,-2.313112607225775719e-03,4.369286820292472839e-02,-3.157814964652061462e-02,-1.099643763154745102e-02,-2.352385595440864563e-02,2.848955988883972168e-02,-1.607530051842331886e-03,-1.717361435294151306e-02,4.662835970520973206e-03,-1.626833714544773102e-02,-1.384539343416690826e-02,-5.411684978753328323e-03,-1.489711087197065353e-02,-9.012819267809391022e-03,-1.267386041581630707e-02,-1.335448119789361954e-03,-3.481317777186632156e-03,-3.083262778818607330e-02,-4.136977251619100571e-03,1.600207947194576263e-02,1.022429112344980240e-02,-2.576041966676712036e-02,1.265555503778159618e-03,-2.082134224474430084e-02,1.053381478413939476e-03,-1.510179718025028706e-03,-1.130263414233922958e-02,-2.473532781004905701e-02,-1.472404412925243378e-02,2.795704454183578491e-02,-1.890428713522851467e-03,-9.518708102405071259e-03,1.704048481769859791e-03,2.331085130572319031e-02,5.860995035618543625e-03,7.295457646250724792e-03,-2.770742867141962051e-03,-1.693398132920265198e-02,5.713887512683868408e-02,9.112665429711341858e-03,2.348391711711883545e-02,-3.264317661523818970e-02,1.383208110928535461e-02,2.255201712250709534e-02,7.415273226797580719e-03,3.286616876721382141e-03,-1.314646797254681587e-03,-9.645180776715278625e-03,-2.675888594239950180e-03,1.183514948934316635e-02,4.083725623786449432e-03,1.071686763316392899e-02,2.603999152779579163e-02,9.638523682951927185e-03,6.882758345454931259e-03,1.204149890691041946e-02,-2.030213922262191772e-02,-3.540393663570284843e-04,-1.979250664589926600e-04,-8.140825666487216949e-03,3.208403661847114563e-02,-3.213728964328765869e-02,-1.103512840927578509e-04,3.884698078036308289e-02,-1.619178918190300465e-03,4.401237517595291138e-02,1.431134436279535294e-02,5.554798524826765060e-03,-3.306918963789939880e-02,1.805226318538188934e-02,2.292477712035179138e-02,2.173992991447448730e-02,1.451103715226054192e-03,1.425809320062398911e-02,-1.023094728589057922e-02,-3.384133800864219666e-02,-1.042398437857627869e-02,-2.669232152402400970e-02,2.990405308082699776e-03,2.524121850728988647e-02,-2.172661758959293365e-02,2.139379642903804779e-02,-6.842819508165121078e-03,1.624171249568462372e-02,4.173587542027235031e-03,2.817337866872549057e-03,-2.082134224474430084e-02,-1.891759969294071198e-02,-3.352182731032371521e-02,1.515005622059106827e-02,4.119004681706428528e-02,8.932941593229770660e-03,2.865597140043973923e-03,2.043526852503418922e-03,2.276502316817641258e-03,1.456428878009319305e-02,6.969292182475328445e-03,-1.927704736590385437e-02,7.641592528671026230e-03,2.316440828144550323e-02,1.115619204938411713e-02,1.060370821505784988e-02,-6.164395213127136230e-01,-2.175324410200119019e-02,-3.075275011360645294e-02,-2.498827315866947174e-02,2.273839712142944336e-02,8.034322410821914673e-03,-1.010114676319062710e-03,8.744897204451262951e-04,-2.550747618079185486e-02,7.508463691920042038e-03,1.132925972342491150e-02,2.513471432030200958e-02,1.780597493052482605e-03,-3.208403661847114563e-02,-1.045060995966196060e-02,-8.786499500274658203e-03,-6.506669335067272186e-03,-1.706711016595363617e-02,-2.284489944577217102e-02,-1.632158830761909485e-02,-2.955459058284759521e-02,3.072612360119819641e-02,-2.020894922316074371e-02,-2.597342617809772491e-02,1.525655854493379593e-02,-5.371746607124805450e-03,1.642809249460697174e-02,-1.038404554128646851e-02,-2.245882712304592133e-02,3.923971205949783325e-03,-1.665441133081912994e-02,1.976962387561798096e-02,1.923710922710597515e-03,1.942349039018154144e-02,4.598268121480941772e-02,-2.634618617594242096e-02,-1.618846133351325989e-02,1.288020983338356018e-02,8.253985084593296051e-03,2.681213803589344025e-02,-2.004919573664665222e-02,-1.835845969617366791e-02,1.301999576389789581e-02,-1.198159065097570419e-02,2.181648043915629387e-03,1.009781844913959503e-02,-4.962375387549400330e-03,-7.102420553565025330e-03,5.860995035618543625e-03,-5.867651198059320450e-03,1.319971960037946701e-02,-7.501807063817977905e-03,3.877375973388552666e-03,2.209937945008277893e-02,1.952999271452426910e-02,7.614966481924057007e-03,4.345323517918586731e-02,-2.990072593092918396e-02,-2.063496224582195282e-02,9.299045428633689880e-03,5.821056198328733444e-03,2.289815060794353485e-02,-8.753217756748199463e-03,1.721355132758617401e-02,4.308047518134117126e-02,2.952796407043933868e-02,3.584492485970258713e-03,1.596214063465595245e-02,2.706508152186870575e-02,1.763956435024738312e-02,1.481723412871360779e-02,1.240094657987356186e-02,-3.517928067594766617e-03,-4.989001434296369553e-03,1.666772365570068359e-02,1.938355155289173126e-02,3.006047941744327545e-02,-2.259195595979690552e-02,2.105098916217684746e-03,4.156946204602718353e-03,4.819261841475963593e-03,-4.246808122843503952e-03,-2.838305756449699402e-02,-9.978002868592739105e-03,5.015627015382051468e-03,-1.678754016757011414e-02,-1.810551434755325317e-02,8.347175084054470062e-03,-4.120335914194583893e-03,-6.902727764099836349e-03,5.791102070361375809e-03,4.867188259959220886e-02,-4.070828726980835199e-04,1.293845358304679394e-03,2.593348734080791473e-02,1.125603914260864258e-02,-8.813126012682914734e-03,7.049169391393661499e-03,-2.188304439187049866e-03,1.642476418055593967e-03,6.936009973287582397e-03,-1.515005622059106827e-02,1.826526969671249390e-02,-1.024426054209470749e-02,2.546753734350204468e-02,9.159260429441928864e-03,-2.687870152294635773e-02,6.207129452377557755e-03,2.098109759390354156e-02,-1.276039425283670425e-02,2.910195291042327881e-02,-3.336540190503001213e-03,1.926373504102230072e-02,-9.378923103213310242e-03,-1.634821482002735138e-02,-3.277630731463432312e-02,1.488379854708909988e-02,1.409833878278732300e-02,2.718489803373813629e-02,-4.640869423747062683e-02,2.371023595333099365e-02,1.540300063788890839e-02,-3.231701208278536797e-03,-5.774461198598146439e-03,1.436459645628929138e-02,3.735593706369400024e-02,-2.496164664626121521e-02,-2.633287385106086731e-02,-1.867796853184700012e-02,-3.292857436463236809e-04,6.955978926271200180e-03,1.773941097781062126e-03,1.755968667566776276e-02,1.366234151646494865e-03,7.368678227066993713e-03,1.331953518092632294e-02,7.149016018956899643e-03,-2.667900919914245605e-02,1.441784761846065521e-02,-2.039532922208309174e-02,8.879690431058406830e-03,8.180763572454452515e-03,2.506149467080831528e-03,1.266720425337553024e-02,1.736914564389735460e-04,-5.277225002646446228e-02,-1.659949542954564095e-03,-2.496164664626121521e-02,-2.998060360550880432e-02,9.418861940503120422e-03,4.769338760524988174e-03,-1.877115853130817413e-02,-1.128932088613510132e-02,-7.215580437332391739e-03,4.779323469847440720e-03,-1.280033309012651443e-02,-3.393119899556040764e-03,-1.529649738222360611e-02,-2.828986616805195808e-03,-4.987004399299621582e-02,3.626428171992301941e-02,2.512140199542045593e-02,-1.255404483526945114e-02,7.255518808960914612e-03,-1.552281621843576431e-02,-3.051311708986759186e-02,-8.486960083246231079e-03,9.784965775907039642e-03,-1.422813860699534416e-03,-3.168465197086334229e-02,2.514469902962446213e-03,2.167336642742156982e-02,-1.403177436441183090e-02,5.904261488467454910e-03,-1.259398274123668671e-02,5.897605326026678085e-03,-1.037073228508234024e-02,-1.307324692606925964e-02,-2.108759991824626923e-02,2.376348944380879402e-03,1.441784761846065521e-02,3.864062950015068054e-03,-2.002256922423839569e-02,1.057708170264959335e-02,1.702717132866382599e-02,-2.766416221857070923e-02,1.509680412709712982e-02,-8.853063918650150299e-03,-3.123201243579387665e-02,1.230109948664903641e-02,-5.345952813513576984e-04,3.854078473523259163e-03,9.179229848086833954e-03,2.220588177442550659e-02,-9.811591356992721558e-03,8.566837757825851440e-03,3.258992731571197510e-02,1.544293947517871857e-03,-6.313632708042860031e-03,2.279164828360080719e-02,6.889414507895708084e-03,1.634821482002735138e-02,1.581569947302341461e-02,-1.593551598489284515e-02,1.617514714598655701e-02,-2.265851944684982300e-02,7.541745901107788086e-03,-6.749629508703947067e-03,3.304256498813629150e-02,-2.564393216744065285e-03,-1.174861565232276917e-02,-4.555667191743850708e-02,8.067604154348373413e-03,-6.816193927079439163e-03,1.772276940755546093e-03,2.795704454183578491e-02,7.967757992446422577e-03,9.804935194551944733e-03,6.107283290475606918e-03,-2.064827457070350647e-02,1.755968667566776276e-02,1.882440969347953796e-02,7.097428315319120884e-04,-3.279960481449961662e-03,-9.338984265923500061e-03,-1.556275505572557449e-02,-9.225824847817420959e-03,1.000546035356819630e-04,5.028939805924892426e-03,6.536623463034629822e-03,-1.645471714437007904e-02,-1.818539202213287354e-02,2.761091105639934540e-02,1.536306180059909821e-02,3.561194986104965210e-03,-1.653459481894969940e-02,-2.635949989780783653e-03,-9.432174265384674072e-03,3.064624592661857605e-02,-3.698317706584930420e-02,-6.975948344916105270e-03,5.098832398653030396e-02,2.067490108311176300e-02,-1.384539343416690826e-02,1.532312296330928802e-02,2.872919291257858276e-02,1.008450519293546677e-02,-1.110959704965353012e-02,2.935489639639854431e-03,1.974299922585487366e-02,-1.545625180006027222e-02,8.167451247572898865e-03,1.025091670453548431e-02,1.125770271755754948e-03,-1.396520994603633881e-02,-2.393655665218830109e-02,1.227447390556335449e-02,3.505031345412135124e-04,2.766416221857070923e-02,2.867593988776206970e-02,7.575028110295534134e-03,-2.883902285248041153e-03,1.403177436441183090e-02,-7.315426599234342575e-03,3.860734775662422180e-02,-1.384539343416690826e-02,-7.701500318944454193e-03,-2.737127803266048431e-02,-1.541631389409303665e-02,-3.033672226592898369e-03,-9.824904613196849823e-03,4.136977251619100571e-03,2.400312013924121857e-02,3.321563126519322395e-03,1.246085483580827713e-02,2.022226341068744659e-02,-1.306659076362848282e-02,1.833183318376541138e-02,1.807888969779014587e-02,1.423146761953830719e-02,-1.823864411562681198e-03,-7.758745551109313965e-02,3.517262637615203857e-02,-2.747778221964836121e-02,2.605996094644069672e-03,-1.371226459741592407e-02,-2.244551293551921844e-02,1.950336806476116180e-02,-2.441581897437572479e-02,1.287355367094278336e-02,-1.429803203791379929e-02,3.219053894281387329e-02,1.733336783945560455e-02,-1.025757286697626114e-02,-1.556275505572557449e-02,-1.297339983284473419e-02,2.538765966892242432e-02,-1.782594434916973114e-02,7.375334855169057846e-03,2.078057150356471539e-04,-4.166930913925170898e-03,-1.269382983446121216e-02,2.782391617074608803e-03,5.158740561455488205e-03,2.942146174609661102e-02,9.691775776445865631e-03,4.835903178900480270e-03,1.058373833075165749e-03,4.300059750676155090e-03,-2.191632753238081932e-03,-7.496814941987395287e-04,2.377680130302906036e-02,-1.544293947517871857e-02,-1.528318505734205246e-02,2.682544989511370659e-03,2.660495520103722811e-04,-1.404508668929338455e-02,1.111625321209430695e-02,3.466673567891120911e-02,-6.779583636671304703e-03,-1.411165110766887665e-02,-1.453766319900751114e-02,1.540965749882161617e-03,1.966977724805474281e-03,9.217837452888488770e-02,3.349520266056060791e-02,1.361241843551397324e-02,-2.406302839517593384e-03,1.819870434701442719e-02,-1.424477994441986084e-02,-5.064218863844871521e-02,-2.992735058069229126e-02,-1.090324763208627701e-02,-1.657453365623950958e-02,-7.188954390585422516e-03,-9.460464352741837502e-04,1.570919645018875599e-03,-1.951668038964271545e-02,2.623968385159969330e-02,1.686575356870889664e-03,-1.897085271775722504e-02,1.064198208041489124e-03,1.030915998853743076e-03,-3.804155159741640091e-03,-3.876710310578346252e-02,3.844093764200806618e-03,-3.213728964328765869e-02,1.186177507042884827e-02,5.411684978753328323e-03,-1.939686387777328491e-02,6.955978926271200180e-03,8.367144502699375153e-03,1.095649879425764084e-02,-2.498827315866947174e-02,5.924230907112360001e-03,2.134054526686668396e-02,2.650594152510166168e-02,8.074261248111724854e-03,-4.334673285484313965e-02,1.323799369856715202e-03,-1.608195714652538300e-02,1.359910517930984497e-02,8.214046247303485870e-03,-4.342661052942276001e-02,8.939597755670547485e-03,1.684079132974147797e-02,1.027088612318038940e-02,-1.500361412763595581e-02,8.628409705124795437e-04,-1.028419844806194305e-02,-1.377882901579141617e-02,2.379011362791061401e-02,8.859721012413501740e-03,-3.168465197086334229e-02,2.699851803481578827e-02,-2.072815224528312683e-02,7.015887182205915451e-03,-6.157206371426582336e-03,8.786499500274658203e-03,4.922437015920877457e-03,-4.246808122843503952e-03,1.464416645467281342e-02,1.055045612156391144e-02,4.166930913925170898e-02,-1.403177436441183090e-02,-1.907735504209995270e-02,1.548287831246852875e-02,-4.203541204333305359e-03,-2.071483992040157318e-02,-2.623968385159969330e-02,-3.442710265517234802e-02,7.375334855169057846e-03,-1.416490320116281509e-02,1.505686528980731964e-02,-4.692789632827043533e-03,-4.463142715394496918e-03,-1.222787890583276749e-02,8.001039735972881317e-03,3.527912870049476624e-02,5.654645152390003204e-03,5.574767943471670151e-03,-4.063756205141544342e-03,2.168667875230312347e-02,1.646803133189678192e-02,-1.134922914206981659e-02,-3.003385476768016815e-02,2.469538897275924683e-02,-1.360576227307319641e-02,-2.044858224689960480e-02,3.256330266594886780e-02,2.034207805991172791e-02,4.639538004994392395e-03,3.333211876451969147e-03,3.814139636233448982e-03,-4.819261841475963593e-03,1.150898355990648270e-02,8.833095431327819824e-03,-1.096315588802099228e-02,-8.094230666756629944e-03,4.097038414329290390e-03,5.175381433218717575e-03,-1.360576227307319641e-02,2.611986733973026276e-02,3.308250335976481438e-03,-1.203484274446964264e-02,-1.650797016918659210e-02,-5.757819861173629761e-03,-1.148901414126157761e-02,4.859200865030288696e-02,5.428326316177845001e-03,1.377882901579141617e-02,4.371949285268783569e-02,-1.950336736626923084e-03,-2.610655501484870911e-02,2.514802850782871246e-02,-1.283361483365297318e-02,1.954330503940582275e-02,-2.556072734296321869e-02,-3.109888359904289246e-02,7.421929854899644852e-03,-2.200618758797645569e-02,6.060022488236427307e-02,-8.380456827580928802e-03,6.746301427483558655e-03,-1.739993318915367126e-02,-2.666569501161575317e-02,1.883772388100624084e-02,1.638815365731716156e-02,-2.950133942067623138e-02,2.472201548516750336e-02,1.661447249352931976e-02,-1.274042483419179916e-02,2.316752943443134427e-05,1.738661900162696838e-02,8.040978573262691498e-03,-1.634987886063754559e-03,4.922437015920877457e-03,-3.734262427315115929e-03,-4.174918681383132935e-02,-1.730674132704734802e-02,-1.291349250823259354e-02,7.142359390854835510e-03,-3.171127662062644958e-02,1.122275646775960922e-02,3.343196585774421692e-03,-4.349983297288417816e-03,-7.242206018418073654e-03,-2.185974642634391785e-02,3.884032368659973145e-03,-3.770207241177558899e-02,-2.344730775803327560e-03,7.075794972479343414e-03,2.667568158358335495e-03,2.080802991986274719e-02,-1.027088612318038940e-02,-1.327294018119573593e-02,-2.902207523584365845e-02,2.147367410361766815e-02,4.055102914571762085e-02,-2.026220038533210754e-02,-2.815673826262354851e-03,-1.863802969455718994e-02,1.898416504263877869e-02,-9.824904613196849823e-03,8.546868339180946350e-03,-7.721469737589359283e-03,1.131594646722078323e-02,-9.066070429980754852e-03,-2.875581756234169006e-02,1.317975018173456192e-02,-7.268831599503755569e-03,-1.110294088721275330e-02,-2.859606407582759857e-02,1.939686387777328491e-02,1.356582343578338623e-02,2.548084966838359833e-02,-5.444967187941074371e-03,1.758964033797383308e-03,4.276762250810861588e-03,1.525655854493379593e-02,8.713278919458389282e-03,3.354845335707068443e-03,-2.115416340529918671e-02,-2.859606407582759857e-02,-1.075680553913116455e-02,-1.264723483473062515e-02,1.834514737129211426e-02,-6.007436662912368774e-03,-7.342052645981311798e-03,1.388533227145671844e-02,4.840562492609024048e-02,-6.396837998181581497e-03,6.585714872926473618e-04,-5.082191433757543564e-03,1.428471878170967102e-02,4.160274751484394073e-03,1.672097481787204742e-02,1.126269530504941940e-02,9.678462520241737366e-03,-2.613318152725696564e-02,2.327091246843338013e-02,2.124735340476036072e-02,-8.300580084323883057e-03,1.456928206607699394e-03,1.062367670238018036e-02,-6.589875090867280960e-03,-2.376348944380879402e-03,-1.689404249191284180e-02,-3.014035709202289581e-02,4.043786786496639252e-03,-4.130320623517036438e-03,-5.521516315639019012e-03,-8.540211245417594910e-03,4.376608878374099731e-03,3.171793418005108833e-03,-3.043324127793312073e-02,-1.284027099609375000e-02,-1.507017854601144791e-02,2.335078828036785126e-02,-4.959047306329011917e-03,-2.485514432191848755e-02,2.098109759390354156e-02,-4.142967984080314636e-02,-2.642606385052204132e-02,-1.275373809039592743e-02,2.579370338935405016e-04,2.685207687318325043e-02,2.854281105101108551e-02,1.233438216149806976e-02,3.424072265625000000e-02,-1.388533227145671844e-02,-2.824992872774600983e-02,-7.646584417670965195e-04,1.837177202105522156e-02,-7.601653691381216049e-03,9.864843450486660004e-03,-1.294677495025098324e-03,8.021009154617786407e-03,-5.857666488736867905e-03,-3.254998940974473953e-03,-2.150029875338077545e-02,-1.288020983338356018e-02,-3.943274542689323425e-02,2.289815060794353485e-02,-5.135443061590194702e-03,-2.444577403366565704e-03,-3.684339113533496857e-03,-1.430302392691373825e-03,1.886434853076934814e-02,3.296268731355667114e-02,-1.257401425391435623e-02,1.015772670507431030e-02,-4.888489097356796265e-02,-4.233495518565177917e-02,-3.360170498490333557e-02,2.782391617074608803e-03,-9.086039848625659943e-03,4.270771518349647522e-02,1.208809390664100647e-02,4.972360096871852875e-03,-2.739124698564410210e-03,-2.939483523368835449e-02,-2.432262897491455078e-02,7.728125900030136108e-03,-1.530981063842773438e-02,3.219053894281387329e-02,-3.594477195292711258e-03,-7.182298228144645691e-03,9.219168685376644135e-03,1.128932088613510132e-02,-2.032876573503017426e-02,4.612912423908710480e-03,1.102306321263313293e-02,1.566925831139087677e-02,-8.526898920536041260e-03,1.170202065259218216e-02,-6.789567880332469940e-03,-3.098572604358196259e-03,-5.385059397667646408e-03,1.083002705127000809e-02,1.441784761846065521e-02,-1.335281692445278168e-02,-3.221716731786727905e-02,-2.071483992040157318e-02,2.417618781328201294e-02,1.106965821236371994e-02,6.760446121916174889e-04,-6.017421372234821320e-03,-2.281827479600906372e-02,-3.107225894927978516e-02,7.701500318944454193e-03,1.246085483580827713e-02,1.341272518038749695e-02,-2.135052811354398727e-03,-1.577576063573360443e-02,-3.951262310147285461e-02,-1.134922914206981659e-02,1.759962551295757294e-02,1.224119216203689575e-02,-2.276502177119255066e-02,7.475181482732295990e-03,5.612709745764732361e-02,-2.920845523476600647e-02,3.101900778710842133e-02,8.566837757825851440e-03,-2.902207523584365845e-02,2.997061703354120255e-03,-1.489711087197065353e-02,4.419875890016555786e-02,-1.375220343470573425e-02,1.319306250661611557e-02,-1.576244831085205078e-02,-4.080397076904773712e-03,1.560269389301538467e-02,1.012444403022527695e-02,2.458888664841651917e-02,1.730674132704734802e-02,-1.966312155127525330e-02,1.857146620750427246e-03,5.757819861173629761e-03,2.506815083324909210e-02,-9.771652519702911377e-03,-1.914392039179801941e-02,2.541428618133068085e-02,2.361371880397200584e-03,-1.013110019266605377e-02,1.946342922747135162e-02,-2.984747476875782013e-02,-2.263189293444156647e-03,1.444447319954633713e-02,1.225450448691844940e-02,4.785980097949504852e-03,-9.891469031572341919e-03,1.015107030980288982e-03,-3.589152172207832336e-02,-1.124938204884529114e-02,-1.359910517930984497e-02,-1.507017854601144791e-02,-1.356582343578338623e-02,-1.644140481948852539e-02,-8.227358572185039520e-03,1.466912799514830112e-03,4.939077887684106827e-03,-2.982084825634956360e-02,1.130263414233922958e-02,-5.841025616973638535e-03,-2.389661781489849091e-02,-8.806468918919563293e-03,-3.904001554474234581e-03,-5.112145561724901199e-03,1.987612806260585785e-02,-1.605533249676227570e-02,-2.774403989315032959e-02,-3.471998870372772217e-02,-1.252076216042041779e-02,3.362832963466644287e-02,6.260381080210208893e-03,-1.959655806422233582e-02,-4.240151960402727127e-03,1.009781844913959503e-02,-2.510808967053890228e-02,-4.373280797153711319e-03,-3.346857801079750061e-02,2.560066618025302887e-02,1.532312296330928802e-02,3.664369927719235420e-03,1.265389099717140198e-02,1.400514878332614899e-02,-4.784315824508666992e-04,1.147570181638002396e-02,-2.420281246304512024e-02,-9.412204846739768982e-03,-6.955978926271200180e-03,-5.371746607124805450e-03,1.098312530666589737e-02,6.044046953320503235e-03,-4.337335750460624695e-02,-4.536363296210765839e-03,3.519925102591514587e-02,-4.233495332300662994e-03,-2.139379642903804779e-02,2.479523653164505959e-03,1.813214085996150970e-02,-3.756894171237945557e-02,6.703242252115160227e-05,1.212303992360830307e-03,-4.263449460268020630e-03,-1.047057937830686569e-02,-3.314906731247901917e-03,-2.189968526363372803e-02,2.782391570508480072e-02,-1.165542565286159515e-02,2.106097340583801270e-02,-3.293606266379356384e-02,-2.000259933993220329e-03,2.363036014139652252e-02,-1.110959704965353012e-02,-5.734522361308336258e-03,-2.774403989315032959e-02,-1.140913739800453186e-02,-9.332328103482723236e-03,-6.170519161969423294e-03,5.681270733475685120e-03,2.651925384998321533e-02,-6.816193927079439163e-03,1.160882972180843353e-02,-2.607992850244045258e-02,-2.516134083271026611e-02,-5.431654397398233414e-03,2.566722966730594635e-02,-1.601539365947246552e-02,2.639943920075893402e-02,-2.127980405930429697e-04,-3.192428126931190491e-02,-5.142099224030971527e-03,1.045060995966196060e-02,-2.689201384782791138e-03,-3.963909577578306198e-03,1.472404412925243378e-02,-4.238820448517799377e-02,-4.326685331761837006e-03,-2.264520712196826935e-02,3.006047941744327545e-02,2.251207828521728516e-02,-3.048649244010448456e-02,1.321303192526102066e-02,6.044046953320503235e-03,2.348391711711883545e-02,-5.890948697924613953e-03,-3.336207568645477295e-02,1.241425890475511551e-02,1.666605938225984573e-03,1.850490085780620575e-02,-4.676148761063814163e-03,1.147570181638002396e-02,-2.301796711981296539e-02,-1.600207947194576263e-02,3.228373127058148384e-03,-3.139176964759826660e-02,2.950466703623533249e-03,1.451636254787445068e-01,-3.618440404534339905e-02,-1.281364541500806808e-02,3.495961800217628479e-02,-8.224862976931035519e-04,1.460422761738300323e-02,3.032673709094524384e-02,4.013833124190568924e-03,-1.826526969671249390e-02,2.923840889707207680e-03,-3.507943591102957726e-03,8.073532626440282911e-06,-1.943680271506309509e-02,-3.404768649488687515e-03,1.911729387938976288e-02,-2.474864199757575989e-02,-3.756894171237945557e-02,-2.100772224366664886e-02,-2.304459363222122192e-02,-3.951262310147285461e-02,2.514802850782871246e-02,2.036870457231998444e-03,-2.022226341068744659e-02,-2.075477689504623413e-02,1.347263343632221222e-02,2.937153913080692291e-03,-2.295140363276004791e-02,-6.862788926810026169e-03,3.290943428874015808e-02,1.339941192418336868e-02,-3.344194963574409485e-02,-8.513585664331912994e-03,-1.162879914045333862e-02,-1.759962551295757294e-02,-1.473735645413398743e-02,1.138251088559627533e-02,4.196219518780708313e-02,-3.411425277590751648e-04,1.917054504156112671e-02,2.755765803158283234e-02,1.813214085996150970e-02,1.367066171951591969e-03,-6.456746254116296768e-03,-1.779931783676147461e-02,-1.272212015464901924e-03,1.439122203737497330e-02,3.223380772396922112e-03,-1.361907459795475006e-02,1.827192609198391438e-03,2.615980617702007294e-02,-1.460422761738300323e-02,-1.825195737183094025e-02,5.229298770427703857e-02,2.389661781489849091e-02,1.094984239898622036e-03,2.677219919860363007e-02,9.338984265923500061e-03,2.942146174609661102e-02,-3.610452637076377869e-02,-1.166208181530237198e-02,6.975948344916105270e-03,2.814342454075813293e-02,7.461868692189455032e-03,2.607992850244045258e-02,-7.089107763022184372e-03,1.871790736913681030e-02,-1.909066736698150635e-02,-7.934475317597389221e-03,-1.089991885237395763e-03,-3.008710592985153198e-02,-7.282144390046596527e-03,-1.861140504479408264e-02,8.174107410013675690e-03,4.949062597006559372e-03,-1.928287238115444779e-04,-5.395876360125839710e-04,3.543888404965400696e-02,-5.521516315639019012e-03,2.046189457178115845e-02,1.887766271829605103e-02,-6.144725484773516655e-04,-2.152692526578903198e-02,-2.637281268835067749e-02,7.927819155156612396e-03,6.363555788993835449e-03,-6.962635554373264313e-03,2.947471290826797485e-02,2.875581756234169006e-02,-1.521828467957675457e-03,2.373686246573925018e-02,9.245794266462326050e-03,-1.878447085618972778e-02,2.752021537162363529e-04,-2.414956130087375641e-02,8.739904500544071198e-03,1.686741784214973450e-02,-6.150549743324518204e-03,-3.454691963270306587e-03,1.361241796985268593e-03,-6.503341253846883774e-03,-2.517465315759181976e-02,-4.968366399407386780e-02,1.409833878278732300e-02,-1.795574557036161423e-03,-7.089107763022184372e-03,7.259679259732365608e-04,2.307121828198432922e-02,1.299336925148963928e-02,1.789250969886779785e-02,-2.982084825634956360e-02,1.146904472261667252e-02,-3.754231845960021019e-03,3.957252949476242065e-03,-1.821201853454113007e-02,9.052757173776626587e-03,4.599599633365869522e-03,-7.082451600581407547e-03,4.067084286361932755e-03,1.480392087250947952e-02,1.781263202428817749e-02,1.641478016972541809e-02,8.972880430519580841e-03,-8.486960083246231079e-03,1.340606901794672012e-02,5.095504224300384521e-03,2.167336642742156982e-02,-3.671691939234733582e-02,-9.038196731125935912e-05,2.465545199811458588e-02,-7.728125900030136108e-03,2.449569664895534515e-02,-6.539951544255018234e-03,-9.319014847278594971e-03,-1.546790124848484993e-03,-2.802361035719513893e-03,4.962375387549400330e-03,3.104563243687152863e-02,-2.112753875553607941e-02,-1.493704970926046371e-02,-6.410983041860163212e-04,9.997972287237644196e-03,2.260526828467845917e-02,2.353051211684942245e-03,1.548287831246852875e-02,-3.441379172727465630e-03,-2.482851780951023102e-02,3.634415939450263977e-02,-2.287152595818042755e-02,2.116747759282588959e-02,-3.096575662493705750e-02,-4.065753147006034851e-02,-2.068488625809550285e-03,-1.782594434916973114e-02,-1.336613018065690994e-02,3.746243938803672791e-02,-3.777529345825314522e-03,-7.608310319483280182e-03,-9.072726592421531677e-03,4.456486087292432785e-03,2.623968385159969330e-02,-6.858795136213302612e-02,1.083668321371078491e-02,4.286747053265571594e-02,-3.453360870480537415e-02,-6.137236952781677246e-03,-6.376869045197963715e-03,-1.664642393589019775e-01,-6.776255089789628983e-03,2.465545199811458588e-02,1.009116228669881821e-02,4.158943146467208862e-02,-1.188174448907375336e-02,2.480189315974712372e-02,3.059299476444721222e-02,-1.640146598219871521e-02,4.479783587157726288e-03,-9.878155775368213654e-03,4.216854460537433624e-03,-7.182298228144645691e-03,-1.799901202321052551e-02,-1.552281621843576431e-02,-9.834888624027371407e-04,-4.134980216622352600e-02,3.860734868794679642e-03,1.214800216257572174e-02,2.217925526201725006e-02,3.120538778603076935e-02,-1.164211239665746689e-02,-5.741178989410400391e-03,1.196495024487376213e-03,7.601653691381216049e-03,-3.458020277321338654e-03,-1.245419774204492569e-02,1.807888969779014587e-02,-2.612652489915490150e-03,-8.300580084323883057e-03,-1.798569969832897186e-02,4.835903178900480270e-03,4.015164077281951904e-02,2.536103362217545509e-03,4.899139329791069031e-02,1.951668038964271545e-02,-1.516336854547262192e-02,-1.071021053940057755e-02,-2.698520570993423462e-02,1.637484133243560791e-02,3.708967939019203186e-02,1.485717296600341797e-02,-3.877375973388552666e-03,-2.155354991555213928e-02,1.155557855963706970e-02,2.896882407367229462e-02,2.128729224205017090e-02,-1.513674296438694000e-02,3.085925243794918060e-02,-1.485717296600341797e-02,5.388387478888034821e-03,-1.169536355882883072e-02,-1.753971795551478863e-03,-9.944720193743705750e-03,-1.104303263127803802e-02,-5.098832305520772934e-03,2.617644844576716423e-03,2.968771941959857941e-02,-2.048852108418941498e-02,-2.028882689774036407e-02,-2.496164757758378983e-03,-2.185974642634391785e-02,-3.118541790172457695e-03,-1.850490109063684940e-03,2.150029875338077545e-02,-2.264520712196826935e-02,2.354715397814288735e-04,-1.697392016649246216e-02,-1.065030321478843689e-02,1.664109900593757629e-02,-8.613432757556438446e-03,-2.502821199595928192e-02,7.594997063279151917e-03,-1.493704970926046371e-02,1.976962387561798096e-02,-3.033672226592898369e-03,-2.522790431976318359e-02,1.057708170264959335e-02,1.168870739638805389e-02,-3.617774695158004761e-03,6.594035075977444649e-04,2.811679989099502563e-02,-4.236157983541488647e-02,-1.404508668929338455e-02,6.100626662373542786e-03,-1.369895227253437042e-02,-8.234015665948390961e-03,-1.626833714544773102e-02,1.722686551511287689e-02,2.098109759390354156e-02,3.411425044760107994e-03,-1.049054879695177078e-02,1.079175272025167942e-03,-4.773998260498046875e-02,2.742452919483184814e-02,2.923508174717426300e-02,2.473532781004905701e-02,-2.541428618133068085e-02,9.285733103752136230e-03,5.944200325757265091e-03,8.826438337564468384e-03,1.019766461104154587e-02,-1.839839853346347809e-02,1.947674155235290527e-02,2.779729105532169342e-02,9.518708102405071259e-03,-1.385870669037103653e-02,2.589354850351810455e-02,2.405637130141258240e-02,1.589557714760303497e-02,-6.090641953051090240e-03,2.800696762278676033e-03,3.820796310901641846e-02,1.521662063896656036e-02,-4.083725623786449432e-03,2.279164828360080719e-02,-1.549619063735008240e-02,-1.264057867228984833e-02,1.391195785254240036e-02,2.183312084525823593e-03,3.908661007881164551e-02,6.450089626014232635e-03,-1.027088612318038940e-02,-1.034410670399665833e-02,-2.557403966784477234e-02,-2.915520407259464264e-02,-1.303597092628479004e-01,-3.280293196439743042e-02,1.375220343470573425e-02,2.433594129979610443e-02,1.188174448907375336e-02,2.360373362898826599e-02,-1.795907318592071533e-02,-2.324428595602512360e-02,-3.658378869295120239e-02,1.029751170426607132e-02,-9.277412318624556065e-04,-3.193426877260208130e-03,-5.291869165375828743e-04,-6.253724917769432068e-03,9.285733103752136230e-03,-7.015887182205915451e-03,8.387113921344280243e-03,-6.896071135997772217e-03,-3.932624310255050659e-02,1.098978146910667419e-02,2.787383891700301319e-05,5.122130271047353745e-03,-1.039070170372724533e-02,-1.501692738384008408e-02,-8.080917410552501678e-03,-1.303330808877944946e-02,-4.193556960672140121e-03,1.023760344833135605e-02,2.074146457016468048e-02,-4.436516668647527695e-03,-6.616500671952962875e-03,9.931407868862152100e-03,2.545422315597534180e-02,4.283418878912925720e-03,3.201747313141822815e-03,-2.299134060740470886e-02,-3.133851662278175354e-02,-1.768948743119835854e-03,1.057042554020881653e-02,-9.398892521858215332e-03,1.499030180275440216e-02,-4.612912423908710480e-03,-1.054379995912313461e-02,9.551990777254104614e-03,4.982344806194305420e-03,-3.786182776093482971e-02,3.053641412407159805e-04,-1.459091529250144958e-02,1.670766249299049377e-02,-3.730934346094727516e-03,-2.313778363168239594e-02,-3.381471335887908936e-02,-9.665150195360183716e-03,-6.962635554373264313e-03,2.147367410361766815e-02,1.875243760878220201e-04,1.162879914045333862e-02,1.544293947517871857e-02,1.093652937561273575e-02,2.120741643011569977e-02,-1.670766249299049377e-02,-7.925322861410677433e-04,1.328791724517941475e-03,4.422538354992866516e-02,9.731714613735675812e-03,-1.122275646775960922e-02,-9.019475430250167847e-03,-2.984747476875782013e-02,1.650797016918659210e-02,-1.942349039018154144e-02,8.859721012413501740e-03,2.723814919590950012e-02,1.262726541608572006e-02,4.502415657043457031e-02,-2.809017337858676910e-02,1.094984263181686401e-02,7.435242645442485809e-03,-9.938064031302928925e-03,-2.233547456853557378e-05,-2.577373385429382324e-02,-3.818133473396301270e-02,-1.242757216095924377e-02,7.834629155695438385e-03,-8.593463338911533356e-03,3.525250405073165894e-02,-1.052383054047822952e-02,1.256070099771022797e-02,-6.360227707773447037e-03,2.446241443976759911e-03,-9.066070429980754852e-03,6.716347299516201019e-03,1.270714309066534042e-02,2.875581756234169006e-02,-2.399646444246172905e-03,-3.282956033945083618e-02,1.279367599636316299e-02,-9.152604267001152039e-03,-1.436459645628929138e-02,5.444967187941074371e-03,-9.398892521858215332e-03,-4.153618216514587402e-02,-1.676091365516185760e-02,-4.188231751322746277e-02,2.529446966946125031e-02,-3.426735103130340576e-02,-1.668103784322738647e-02,1.541631389409303665e-02,-3.783519938588142395e-02,4.829246550798416138e-03,-2.785054221749305725e-02,-1.499030180275440216e-02,-1.849158853292465210e-02,-3.957252949476242065e-03,1.421815436333417892e-02,-1.258732657879590988e-02,2.399646444246172905e-03,-1.131594646722078323e-02,-6.193816661834716797e-03,-9.445487521588802338e-03,-1.600207947194576263e-02,-2.252539061009883881e-02,2.458888664841651917e-02,3.045986592769622803e-02,-1.262643345398828387e-04,-2.208273857831954956e-03,2.626631036400794983e-02,1.278036367148160934e-02,5.198678933084011078e-03,-3.163139894604682922e-02,2.663907036185264587e-02,-1.455264049582183361e-03,-1.393858436495065689e-02,9.192543104290962219e-03,-9.565303102135658264e-03,3.737590741366147995e-03,-2.527782926335930824e-03,4.276762250810861588e-03,6.656439654761925340e-05,-7.515119854360818863e-03,9.718401357531547546e-03,4.952390678226947784e-03,6.885420531034469604e-02,2.426937781274318695e-02,-2.566722966730594635e-02,1.157554797828197479e-02,-2.410879096714779735e-04,-1.226448919624090195e-03,-6.766270380467176437e-03,-1.815876737236976624e-02,1.369895227253437042e-02,2.184643410146236420e-02,-3.170129144564270973e-03,2.665238268673419952e-02,2.661244384944438934e-02,-1.616183482110500336e-02,-2.062164992094039917e-02,-2.269845828413963318e-02,-1.681416481733322144e-02,3.064624592661857605e-02,-1.025091670453548431e-02,5.321823060512542725e-03,-1.160217355936765671e-02,4.286747053265571594e-02,4.343326669186353683e-03,-2.272550045745447278e-05,-1.221456658095121384e-02,-6.316960789263248444e-03,2.046189457178115845e-02,-6.752957589924335480e-03,7.621623110026121140e-03,1.670766249299049377e-02,-1.133591588586568832e-02,-1.882440969347953796e-02,-7.584180566482245922e-04,6.822850089520215988e-03,8.939597755670547485e-03,4.582958295941352844e-03,-1.448441203683614731e-02,-1.898416504263877869e-02,-2.248212462291121483e-03,-3.317569196224212646e-02,1.982287690043449402e-02,6.949322763830423355e-03,-1.790582202374935150e-02,-1.465747971087694168e-02,1.952999271452426910e-02,7.661561481654644012e-03,-3.451363882049918175e-03,-8.480303920805454254e-03,-2.642606385052204132e-02,7.368678227066993713e-03,1.847827620804309845e-02,-1.669435016810894012e-02,1.327294018119573593e-02,9.092696011066436768e-03,-5.491562653332948685e-03,3.970566205680370331e-03,-9.199199266731739044e-03,1.336613018065690994e-02,5.574767943471670151e-03,9.505395777523517609e-03,1.843833737075328827e-02,6.599859800189733505e-03,-7.541745901107788086e-03,4.213525913655757904e-03,-3.824124345555901527e-03,-7.555058691650629044e-03,-5.548142362385988235e-03,-1.385870669037103653e-02,-1.203484274446964264e-02,-3.014035709202289581e-02,1.261395215988159180e-02,5.075534805655479431e-03,-2.498827315866947174e-02,8.628409705124795437e-04,-4.396578297019004822e-03,-2.056839689612388611e-02,9.144283249042928219e-04,2.251207828521728516e-02,-4.622897133231163025e-03,-3.658961504697799683e-04,2.614649385213851929e-02,2.832980640232563019e-02,2.984747476875782013e-02,2.050183340907096863e-02,-2.682545036077499390e-02,-4.399906378239393234e-03,1.405839994549751282e-02,4.320029169321060181e-03,-5.225304979830980301e-03,-6.829506717622280121e-03,-1.158886123448610306e-02,5.108817014843225479e-03,-9.631867520511150360e-03,-2.261858060956001282e-02,-3.149827197194099426e-02,-1.881109736859798431e-02,-6.323617417365312576e-03,6.107283290475606918e-03,3.123201243579387665e-02,-7.528432644903659821e-03,4.563654959201812744e-02,8.180763572454452515e-03,-7.794690318405628204e-03,-4.609584342688322067e-03,-2.760342322289943695e-04,2.763753570616245270e-02,1.947674155235290527e-02,-1.524324622005224228e-02,-2.840968221426010132e-02,-1.083002705127000809e-02,2.448238432407379150e-02,-7.561714854091405869e-03,2.086128108203411102e-02,-1.661447249352931976e-02,-3.333544731140136719e-02,1.244754157960414886e-02,8.493616245687007904e-03,3.099238127470016479e-02,-9.432174265384674072e-03,1.512342970818281174e-02,2.154023759067058563e-02,3.967237658798694611e-03,1.130929030478000641e-02,1.428471878170967102e-02,-1.433796994388103485e-02,1.611690386198461056e-03,3.762219473719596863e-02,2.299134060740470886e-02,-7.421929854899644852e-03,-3.237692266702651978e-02,5.880963988602161407e-03,1.625502482056617737e-02,-3.059299476444721222e-02,-4.812605679035186768e-03,1.385870669037103653e-02,1.302998047322034836e-03,-8.513585664331912994e-03,-1.781263202428817749e-02,1.493704970926046371e-02,2.251207828521728516e-02,-2.597342617809772491e-02,2.947471290826797485e-02,-2.181980758905410767e-02,-1.335281692445278168e-02,5.777789279818534851e-02,-8.293922990560531616e-03,-7.584180566482245922e-04,1.244088541716337204e-02,-3.088587895035743713e-02
-3.122724965214729309e-02,-2.078783139586448669e-02,-9.607383981347084045e-03,-3.159126266837120056e-02,-9.243370033800601959e-03,3.109724447131156921e-02,-9.613884612917900085e-03,4.773628461407497525e-06,-5.180707201361656189e-03,6.207748316228389740e-03,1.591751119121909142e-03,3.283931314945220947e-02,1.332553289830684662e-02,7.273790892213582993e-03,1.158346328884363174e-02,3.519890829920768738e-03,3.640145435929298401e-02,6.627015303820371628e-03,1.604264229536056519e-02,-1.760270446538925171e-02,6.955278222449123859e-04,1.170046813786029816e-02,5.515470635145902634e-03,-1.216848660260438919e-02,-2.701508067548274994e-02,4.891445860266685486e-03,2.432722365483641624e-03,-2.151586115360260010e-02,4.351111419964581728e-04,-2.319292724132537842e-02,-9.969773236662149429e-04,-2.632605377584695816e-03,-7.065782789140939713e-03,-4.375975206494331360e-02,-2.549402043223381042e-02,-1.153146103024482727e-02,-1.352054066956043243e-02,-2.359594404697418213e-02,3.294006688520312309e-03,6.269500590860843658e-03,-6.877275183796882629e-03,1.814994466258212924e-04,5.297712050378322601e-03,-6.883775349706411362e-03,-2.847113832831382751e-02,7.780811283737421036e-03,3.274505957961082458e-03,-1.881175301969051361e-02,-1.348153967410326004e-02,8.866354823112487793e-03,2.377795055508613586e-02,-2.399002260062843561e-04,-1.583463326096534729e-02,-1.989079639315605164e-02,-4.059412516653537750e-03,1.568187726661562920e-04,-3.255005227401852608e-03,2.154186181724071503e-02,1.679667271673679352e-02,-3.320007817819714546e-03,-2.595228841528296471e-03,-2.362194471061229706e-02,-1.519760768860578537e-02,-6.402756087481975555e-03,-8.242329582571983337e-03,9.522881009615957737e-04,-8.892355486750602722e-03,-9.685387485660612583e-04,-3.965158481150865555e-03,-2.288091555237770081e-02,4.968798905611038208e-02,1.918876729905605316e-02,9.327872656285762787e-03,-7.836875738576054573e-04,8.352833800017833710e-03,-9.542381390929222107e-03,-1.080343220382928848e-02,-8.307332172989845276e-03,-2.763910591602325439e-02,3.734399331733584404e-03,1.176547072827816010e-02,-2.022880874574184418e-02,-8.879355154931545258e-03,3.387935459613800049e-02,1.415756624191999435e-02,-1.632865332067012787e-02,-2.363494597375392914e-02,3.101924061775207520e-02,3.259880468249320984e-03,-1.882475242018699646e-02,1.387155521661043167e-02,3.040496725589036942e-03,2.361219376325607300e-03,3.437337651848793030e-02,-3.242329508066177368e-02,-7.280291058123111725e-03,-2.411596477031707764e-02,3.445137664675712585e-02,-8.365835063159465790e-03,-1.726469025015830994e-02,6.048492155969142914e-03,5.092953797429800034e-03,-1.856474205851554871e-02,-7.696307729929685593e-03,-2.308892272412776947e-02,-7.403796073049306870e-03,-1.381955295801162720e-02,-1.266250666230916977e-02,8.580342866480350494e-03,-2.904316224157810211e-02,-6.080993451178073883e-03,1.162896491587162018e-02,1.501560024917125702e-02,-4.469578713178634644e-02,2.524700947105884552e-02,-1.518460735678672791e-02,2.172386832535266876e-02,-6.594514008611440659e-03,-2.355694212019443512e-02,-2.782111242413520813e-02,-1.054342184215784073e-02,1.859074272215366364e-02,-1.098543987609446049e-03,-1.922776922583580017e-02,8.072510245256125927e-04,1.328653190284967422e-02,-5.372465122491121292e-03,-1.872074790298938751e-02,-2.359594451263546944e-03,-1.231799274682998657e-02,4.243369773030281067e-02,1.677067019045352936e-02,3.081123158335685730e-02,-2.007280290126800537e-02,1.136732986196875572e-03,3.980759158730506897e-02,1.107644289731979370e-02,-5.333463195711374283e-03,1.308502350002527237e-02,-1.238949596881866455e-02,1.017940696328878403e-02,2.165886573493480682e-02,-2.190587576478719711e-03,-4.026911221444606781e-03,3.260530531406402588e-02,1.329303160309791565e-02,5.785231478512287140e-04,-4.914196673780679703e-03,-1.444357819855213165e-02,-2.116484567523002625e-02,6.393005605787038803e-03,-1.911076530814170837e-02,2.189287543296813965e-02,-1.804472133517265320e-02,1.773270964622497559e-02,3.008320368826389313e-02,-4.507930483669042587e-03,4.092563688755035400e-02,7.338793482631444931e-03,-1.938377507030963898e-02,-2.857514284551143646e-02,1.057592313736677170e-02,1.740769669413566589e-02,-8.047321811318397522e-03,3.903406206518411636e-03,2.098283916711807251e-02,-3.064872696995735168e-03,-2.418096736073493958e-02,-1.987779513001441956e-02,-7.351794280111789703e-03,1.831773295998573303e-02,4.061362519860267639e-02,-1.926677115261554718e-02,1.658866368234157562e-02,-2.243889681994915009e-02,5.404966417700052261e-03,1.182397268712520599e-02,1.435257401317358017e-02,-3.369734808802604675e-02,-4.156916402280330658e-03,-2.596203796565532684e-02,9.600884281098842621e-03,2.148986048996448517e-02,2.735309489071369171e-02,-1.909776404500007629e-02,-1.735569443553686142e-03,-6.747270002961158752e-03,-7.559802383184432983e-03,2.000780031085014343e-02,-1.882475242018699646e-02,9.509880095720291138e-03,2.779511176049709320e-02,-7.624804973602294922e-03,1.925376988947391510e-02,-6.543941497802734375e-01,-3.533541411161422729e-02,-2.411596477031707764e-02,-6.614014506340026855e-03,-3.285881364718079567e-03,1.775871030986309052e-02,2.595228841528296471e-03,1.312402449548244476e-02,-1.541861705482006073e-02,3.763650543987751007e-03,1.673167012631893158e-02,1.948777958750724792e-02,6.764333229511976242e-04,-2.782111242413520813e-02,-3.467888804152607918e-03,-1.294201798737049103e-02,-1.652366109192371368e-02,-6.682267412543296814e-03,-1.173296943306922913e-02,-6.766770500689744949e-03,-2.268590778112411499e-02,1.534061320126056671e-02,-1.378055103123188019e-02,-1.974778994917869568e-02,-1.034841407090425491e-02,1.792771741747856140e-02,1.674466952681541443e-02,-1.652366109192371368e-02,-2.510400488972663879e-02,1.294201798737049103e-02,-1.797971874475479126e-02,9.659386239945888519e-03,7.004030048847198486e-04,1.970878802239894867e-02,4.188767448067665100e-02,-1.344253774732351303e-02,-4.576182924211025238e-03,1.300052041187882423e-03,3.848153864964842796e-03,3.606344386935234070e-02,-2.883515320718288422e-02,-4.108164459466934204e-03,1.441757660359144211e-02,-7.280291058123111725e-03,5.112454295158386230e-03,-1.920826849527657032e-03,2.013780549168586731e-02,-7.702807895839214325e-03,-5.167706985957920551e-04,1.235699467360973358e-02,1.710868440568447113e-02,-3.432137193158268929e-03,-1.938377507030963898e-02,2.545501850545406342e-02,8.216328918933868408e-03,6.116744596511125565e-03,4.724388942122459412e-02,-1.310452446341514587e-02,-1.232449337840080261e-02,1.120482338592410088e-03,-2.325467998161911964e-03,1.353354100137948990e-02,-1.783671416342258453e-02,-3.948907833546400070e-03,3.025871003046631813e-03,3.049921989440917969e-02,1.040691602975130081e-02,1.579563133418560028e-02,2.346593886613845825e-02,1.573062874376773834e-02,1.821372844278812408e-02,-1.054992154240608215e-02,1.982579240575432777e-03,-1.018590759485960007e-02,9.886895306408405304e-03,1.166796684265136719e-02,4.173167049884796143e-02,2.830863231793045998e-03,4.904446192085742950e-03,-2.998244948685169220e-03,-1.352054066956043243e-02,-8.892355486750602722e-03,-3.510140255093574524e-02,1.287701539695262909e-02,1.513260509818792343e-02,-5.489469505846500397e-03,-1.891575753688812256e-02,1.066042692400515079e-03,-7.507800124585628510e-03,4.852443933486938477e-03,6.393005605787038803e-03,2.602704055607318878e-02,-1.410759577993303537e-04,-5.736479535698890686e-03,2.206188254058361053e-02,8.365835063159465790e-03,2.866208378691226244e-04,-1.012740470468997955e-02,1.946177892386913300e-02,2.546476898714900017e-03,7.774311117827892303e-03,-2.199687995016574860e-02,-3.203003201633691788e-03,-1.470358856022357941e-02,2.641705609858036041e-02,2.191887609660625458e-02,-1.908476278185844421e-02,-8.541341871023178101e-03,2.925116941332817078e-02,1.191172632388770580e-03,1.036791480146348476e-03,8.976859040558338165e-03,1.263000536710023880e-02,-7.702807895839214325e-03,-1.295501831918954849e-02,-3.192927688360214233e-02,3.026521019637584686e-02,3.426855837460607290e-04,2.125585079193115234e-02,-4.994799941778182983e-02,2.096983790397644043e-02,3.052522055804729462e-02,2.983619458973407745e-03,-1.186297461390495300e-02,1.638065464794635773e-02,2.535101398825645447e-02,-3.159126266837120056e-02,-2.233489416539669037e-02,-3.333333507180213928e-02,3.594643902033567429e-03,1.530811190605163574e-03,1.852574013173580170e-02,5.937987472862005234e-03,-7.241289597004652023e-03,5.291211418807506561e-03,1.039229100570082664e-03,1.506760250777006149e-02,-2.169786766171455383e-02,2.259490452706813812e-02,-1.298101898282766342e-02,1.600364036858081818e-02,7.137285545468330383e-03,2.089833607897162437e-03,9.516380727291107178e-03,2.011830452829599380e-03,-4.261570423841476440e-02,5.762480664998292923e-03,-2.398595958948135376e-02,-2.245189808309078217e-02,4.888195544481277466e-03,1.177847106009721756e-02,-2.643980784341692924e-03,-1.683567278087139130e-02,-4.881695378571748734e-03,5.401716101914644241e-03,-9.100363589823246002e-03,-1.493759732693433762e-02,-2.473999001085758209e-02,-1.437857560813426971e-02,-4.162766411900520325e-02,3.913156688213348389e-02,2.753510139882564545e-02,-2.342693693935871124e-02,-1.379355136305093765e-02,2.756110159680247307e-03,-1.053042151033878326e-02,1.303302124142646790e-02,8.963858708739280701e-03,1.090743672102689743e-02,-2.498699910938739777e-02,-6.396255921572446823e-03,-2.188962651416659355e-03,-6.035491358488798141e-03,1.466458663344383240e-02,-7.228289265185594559e-03,-4.810192622244358063e-03,9.279121295548975468e-04,-1.726469025015830994e-02,-2.745709754526615143e-02,8.274830877780914307e-03,1.924077048897743225e-02,-7.169786840677261353e-03,-7.683307398110628128e-03,-3.467888804152607918e-03,3.260530531406402588e-02,-1.220098789781332016e-02,2.793486695736646652e-03,2.379095181822776794e-03,-2.711908519268035889e-02,3.818902652710676193e-03,-2.529901266098022461e-02,-5.508970352821052074e-04,-1.167446654289960861e-02,1.345553807914257050e-02,-1.605564169585704803e-02,5.515470635145902634e-03,2.423296868801116943e-02,2.955993171781301498e-03,-2.559802308678627014e-02,4.074363037943840027e-02,2.035881392657756805e-02,1.497659925371408463e-02,4.219968616962432861e-02,4.428302054293453693e-04,2.118678530678153038e-04,-9.958398528397083282e-03,-1.648465916514396667e-02,-2.013780549168586731e-02,2.600103989243507385e-02,1.001690048724412918e-02,5.923361750319600105e-04,-2.545501850545406342e-02,-8.996360003948211670e-03,-1.056292280554771423e-02,-1.056942250579595566e-02,3.957358375191688538e-02,3.737649414688348770e-03,-9.158866479992866516e-03,8.684347383677959442e-03,-2.337493561208248138e-02,2.007280290126800537e-02,1.326703093945980072e-02,9.301871992647647858e-03,1.443870249204337597e-03,-1.222698949277400970e-02,-2.252340083941817284e-03,1.904576271772384644e-02,1.998179964721202850e-02,-3.818902652710676193e-03,6.139495410025119781e-03,-2.549726981669664383e-03,7.267290726304054260e-03,1.933177374303340912e-02,3.919656854122877121e-03,-1.972828991711139679e-03,-9.685387834906578064e-03,6.627015303820371628e-03,-7.969318889081478119e-03,4.056162387132644653e-02,-2.042381651699542999e-02,-5.772230681031942368e-03,2.385595440864562988e-02,2.272490970790386200e-02,-7.254290394484996796e-03,-6.838273722678422928e-03,1.775871030986309052e-02,1.502860151231288910e-02,1.477996585890650749e-03,-1.030941214412450790e-02,-1.488559506833553314e-02,-3.244929760694503784e-02,6.045241840183734894e-03,2.726859180256724358e-03,-5.147393676452338696e-04,6.987779401242733002e-03,-4.703588038682937622e-02,1.979979127645492554e-02,8.560842834413051605e-03,2.122984826564788818e-02,1.251300051808357239e-02,-4.468928556889295578e-03,6.248374702408909798e-04,1.233749371021986008e-02,2.959243254736065865e-03,3.060322441160678864e-02,-9.834893047809600830e-03,-1.844773814082145691e-02,4.127664957195520401e-03,-2.296216785907745361e-03,-8.736349642276763916e-03,-1.323615433648228645e-03,2.964118495583534241e-02,2.395995892584323883e-02,9.997399523854255676e-03,3.083723410964012146e-02,1.234399341046810150e-02,-8.767225663177669048e-04,-1.184997428208589554e-02,1.137545518577098846e-02,1.709568314254283905e-02,-3.183502238243818283e-03,-5.741029605269432068e-02,3.790951520204544067e-02,-4.368174821138381958e-03,7.917316630482673645e-03,-7.546802051365375519e-03,-9.210868738591670990e-03,2.128185145556926727e-02,-1.049141958355903625e-02,3.608944267034530640e-02,-5.999740213155746460e-03,2.532501332461833954e-02,4.829693119972944260e-03,-1.398855913430452347e-02,8.801352232694625854e-03,2.348218986298888922e-04,1.367654744535684586e-02,-3.356734290719032288e-02,-2.047581830993294716e-03,7.069032872095704079e-04,1.186947431415319443e-02,-1.405356172472238541e-02,-3.130281402263790369e-04,1.431357208639383316e-02,2.658606320619583130e-02,-5.330213345587253571e-03,-5.463468376547098160e-03,-1.690067537128925323e-02,1.267550699412822723e-02,-1.744669862091541290e-02,-1.157046295702457428e-02,2.503900229930877686e-02,-1.643265783786773682e-02,-1.576963067054748535e-02,-9.373375214636325836e-03,-4.111414309591054916e-03,-2.385595440864562988e-02,4.403925966471433640e-03,2.873114868998527527e-02,-3.685647388920187950e-03,1.359854359179735184e-02,1.788871549069881439e-02,-4.537181463092565536e-03,1.313052512705326080e-02,1.056682243943214417e-01,3.811752423644065857e-02,2.200988121330738068e-02,8.833853527903556824e-03,1.145345810800790787e-02,5.801482126116752625e-03,-3.000519983470439911e-02,-2.492199651896953583e-02,-1.130395196378231049e-02,3.779901191592216492e-03,1.631565205752849579e-02,-1.219448819756507874e-02,-2.252340083941817284e-03,-2.617979655042290688e-03,6.812272593379020691e-03,-7.065782789140939713e-03,-3.250129893422126770e-02,-3.308632411062717438e-03,-2.177587151527404785e-02,-2.449785533826798201e-04,-2.732709236443042755e-02,-3.757150378078222275e-03,-2.155486308038234711e-02,-1.404056139290332794e-02,-1.588663458824157715e-02,-1.536661479622125626e-02,2.190587669610977173e-02,1.648465916514396667e-02,6.682267412543296814e-03,-2.193187735974788666e-02,2.284841379150748253e-03,6.542511750012636185e-03,2.003380097448825836e-02,2.540301531553268433e-02,-4.232969135046005249e-02,2.317992784082889557e-02,-1.868824707344174385e-03,1.424856949597597122e-02,3.140925616025924683e-02,-6.015990860760211945e-03,8.989859372377395630e-03,1.194747816771268845e-02,1.149895973503589630e-02,-3.192927688360214233e-02,1.167446654289960861e-02,-1.298101898282766342e-02,-2.109984308481216431e-02,1.943577826023101807e-02,4.569682758301496506e-03,-2.719708718359470367e-02,4.115964472293853760e-02,-1.843473687767982483e-02,-1.340353582054376602e-02,-1.466458663344383240e-02,-7.377794943749904633e-03,2.239989675581455231e-02,-1.263000536710023880e-02,1.708268374204635620e-02,1.346853841096162796e-02,1.818772777915000916e-02,-2.736609429121017456e-03,-4.230369254946708679e-02,5.398465786129236221e-03,5.430967081338167191e-03,-9.522881358861923218e-03,-2.151586115360260010e-02,-3.049921989440917969e-02,1.943577779456973076e-03,-3.068122640252113342e-02,1.239924575202167034e-03,1.995579898357391357e-02,-1.311102416366338730e-02,8.736349642276763916e-03,2.087883464992046356e-02,2.813312597572803497e-02,1.901976019144058228e-02,5.993239581584930420e-03,-1.510660443454980850e-02,2.823712863028049469e-02,-1.085543422959744930e-03,-5.928236991167068481e-03,-2.152886055409908295e-02,-5.115704610943794250e-03,-1.582163199782371521e-02,-2.122984826564788818e-02,1.025091018527746201e-02,1.095943804830312729e-02,-1.812272518873214722e-02,2.403471153229475021e-03,1.175247039645910263e-02,-9.314872324466705322e-03,1.204498205333948135e-02,-7.169786840677261353e-03,-1.057592313736677170e-02,-1.857774332165718079e-02,8.697347715497016907e-03,-3.461388405412435532e-03,-6.549012032337486744e-04,1.332553289830684662e-02,-2.806487260386347771e-03,1.309152320027351379e-02,-2.145085856318473816e-02,-9.574882686138153076e-03,-1.040691602975130081e-02,4.568382725119590759e-02,-1.090743672102689743e-02,1.099843997508287430e-02,4.859594255685806274e-02,-7.273790892213582993e-03,-2.363494597375392914e-02,2.055707154795527458e-03,-1.096593867987394333e-02,3.110374324023723602e-03,-1.078393124043941498e-02,-8.976859040558338165e-03,5.606474354863166809e-03,8.073322474956512451e-03,4.344773665070533752e-02,-2.497724955901503563e-03,1.527561061084270477e-02,-1.638065464794635773e-02,-7.247789762914180756e-03,1.868174783885478973e-02,1.527561061084270477e-02,-2.562402561306953430e-02,2.258190326392650604e-02,1.537961512804031372e-02,-1.444357819855213165e-02,2.331968164071440697e-03,2.056682296097278595e-02,4.143915604799985886e-03,9.392875945195555687e-04,5.053952336311340332e-03,-1.432657334953546524e-02,-2.912116423249244690e-02,-6.006240379065275192e-03,-2.011830452829599380e-03,8.716848678886890411e-03,-4.399375990033149719e-02,-2.073582960292696953e-03,8.898856118321418762e-03,-1.405356172472238541e-02,-3.842953592538833618e-02,-2.298492006957530975e-02,-6.480759009718894958e-03,-3.198127821087837219e-02,1.150546036660671234e-02,-7.117784582078456879e-03,7.969318889081478119e-03,1.614664494991302490e-02,-1.764170639216899872e-02,-1.282501313835382462e-02,-1.995579898357391357e-02,1.352054066956043243e-02,1.348153967410326004e-02,-1.492459699511528015e-02,-1.596463844180107117e-02,-9.074362926185131073e-03,2.709308452904224396e-02,8.736349642276763916e-03,7.280291058123111725e-03,-4.168291634414345026e-04,3.198127821087837219e-02,1.108294352889060974e-02,-1.227899082005023956e-02,-5.128704942762851715e-03,-2.136960392817854881e-03,-1.671866886317729950e-02,-2.857514284551143646e-02,1.939677633345127106e-02,7.286791689693927765e-03,2.176287025213241577e-02,4.634685348719358444e-03,-4.173167049884796143e-03,2.711908519268035889e-02,7.312792353332042694e-03,3.880655160173773766e-03,6.292251870036125183e-03,-1.449557952582836151e-02,-2.289391495287418365e-02,-2.523725852370262146e-03,-3.007995430380105972e-03,1.150546036660671234e-02,9.912896901369094849e-03,1.644108670006971806e-05,-1.888325554318726063e-03,4.604784026741981506e-02,-2.286466537043452263e-03,-1.509360410273075104e-02,-8.534841239452362061e-03,1.714768633246421814e-02,-1.238299533724784851e-03,1.900676079094409943e-02,1.535361446440219879e-02,1.615964621305465698e-02,-1.782371290028095245e-02,2.280291169881820679e-02,2.693707682192325592e-02,-2.494474872946739197e-03,-2.658606274053454399e-03,8.762350305914878845e-03,-7.182787172496318817e-03,-8.229329250752925873e-03,-2.082683332264423370e-02,-1.710868440568447113e-02,8.131825365126132965e-03,-2.042706822976469994e-03,1.857774332165718079e-02,1.448257919400930405e-02,-3.789651673287153244e-03,-7.455798331648111343e-03,-2.826313115656375885e-02,-1.205798238515853882e-02,-2.724909037351608276e-02,-4.265795578248798847e-04,-1.206448301672935486e-02,-1.495059765875339508e-02,-8.099324069917201996e-03,-3.530941158533096313e-02,-2.650806121528148651e-02,-9.002859704196453094e-03,-3.220878774300217628e-03,1.747269928455352783e-02,7.117784582078456879e-03,9.340873919427394867e-03,2.779511176049709320e-02,-8.248830214142799377e-03,-8.957358077168464661e-03,1.499122474342584610e-03,9.951897896826267242e-03,-9.737389162182807922e-03,1.444357819855213165e-02,-1.042641699314117432e-02,-1.186947431415319443e-02,-4.904446192085742950e-03,-1.543161738663911819e-02,-6.649766117334365845e-03,-1.171346846967935562e-02,-3.733749315142631531e-02,1.847373880445957184e-02,-2.295891754329204559e-02,1.011602929793298244e-03,-8.463338948786258698e-03,-1.166146621108055115e-02,-5.677977111190557480e-03,9.132864885032176971e-03,-2.763910591602325439e-02,5.216458812355995178e-04,-3.910556435585021973e-02,-3.335933387279510498e-02,-2.398595958948135376e-02,6.519760936498641968e-03,-1.652366109192371368e-02,4.154966026544570923e-02,1.197347883135080338e-02,-7.176287006586790085e-03,-7.046281825751066208e-03,-1.302002090960741043e-02,-1.995579805225133896e-03,9.457878768444061279e-03,-2.055382169783115387e-02,2.648205868899822235e-02,-5.222958978265523911e-03,4.433177411556243896e-03,7.241289597004652023e-03,1.383255328983068466e-02,7.548427092842757702e-04,3.324883058667182922e-03,-6.727769039571285248e-03,2.021580934524536133e-02,-8.151326328516006470e-03,1.406656298786401749e-02,-1.940977573394775391e-02,-1.353354100137948990e-02,-5.005200393497943878e-03,1.055642217397689819e-02,5.122204776853322983e-03,-1.394955813884735107e-02,5.488657043315470219e-04,-1.718668825924396515e-02,1.488559506833553314e-02,1.745969802141189575e-02,5.177456885576248169e-03,-1.157696265727281570e-02,-9.197867475450038910e-03,-3.554342314600944519e-02,-1.717368699610233307e-02,-2.646824577823281288e-04,3.031721338629722595e-02,-3.139625536277890205e-03,-9.217368438839912415e-03,-2.974518947303295135e-02,1.491809729486703873e-03,1.922776922583580017e-02,-6.373505108058452606e-03,-1.635465398430824280e-02,6.464508362114429474e-03,3.900156170129776001e-02,-3.786401357501745224e-03,2.873114868998527527e-02,5.473218858242034912e-03,-2.455798164010047913e-02,-2.221463946625590324e-03,9.529381059110164642e-03,2.152886055409908295e-02,-1.226599048823118210e-02,-4.215418826788663864e-03,-1.599063910543918610e-02,-1.209698431193828583e-02,1.528861187398433685e-02,4.615184385329484940e-03,2.722308970987796783e-02,1.801872067153453827e-02,-1.205148175358772278e-02,-1.112844515591859818e-02,1.054342184215784073e-02,1.830473169684410095e-02,-9.217368438839912415e-03,-9.899895638227462769e-03,3.569942712783813477e-02,-2.693707682192325592e-02,-1.008840370923280716e-02,6.006240379065275192e-03,-2.333593368530273438e-02,-8.437337353825569153e-03,2.124284952878952026e-02,-4.423426929861307144e-03,1.710868440568447113e-02,-2.067082794383168221e-03,-1.891575753688812256e-02,-2.930317260324954987e-02,-1.239599566906690598e-02,-8.749349974095821381e-03,-2.403796091675758362e-02,8.833853527903556824e-03,-8.066822774708271027e-03,-5.983489565551280975e-03,1.841198652982711792e-03,-2.279966138303279877e-03,-1.213598530739545822e-02,1.866874657571315765e-02,-1.456058211624622345e-02,-2.650806121528148651e-02,-2.408346394076943398e-03,-9.620384662412106991e-04,7.130785379558801651e-03,1.436557434499263763e-02,-3.754550218582153320e-02,-3.140925616025924683e-02,-3.528341278433799744e-02,-1.623765006661415100e-02,3.003120049834251404e-02,1.405356172472238541e-02,-1.077093090862035751e-02,-1.093343738466501236e-02,1.979979127645492554e-02,-1.960478350520133972e-02,9.886895306408405304e-03,-3.320332989096641541e-02,3.091523610055446625e-02,1.389755588024854660e-02,1.096593867987394333e-02,-1.043291762471199036e-03,1.479459181427955627e-02,1.491159666329622269e-02,2.388195507228374481e-02,-1.576963067054748535e-02,-3.222503932192921638e-03,2.850363962352275848e-03,-1.361154485493898392e-02,9.555382421240210533e-04,1.281851250678300858e-02,-2.802912145853042603e-02,1.443057693541049957e-02,2.945917844772338867e-02,1.251300051808357239e-02,-1.619864813983440399e-02,1.821372844278812408e-02,1.790821668691933155e-03,-2.091783657670021057e-02,-2.122334903106093407e-03,-2.250389941036701202e-02,-2.083983272314071655e-02,-1.158346328884363174e-02,-3.320007817819714546e-03,-4.753315006382763386e-04,1.157696265727281570e-02,-1.075793057680130005e-02,3.255330398678779602e-02,-2.073583006858825684e-02,-2.315717516466975212e-03,3.689547628164291382e-02,-1.393655780702829361e-02,-4.024067311547696590e-04,-2.956318296492099762e-02,2.762610558420419693e-03,-1.116094645112752914e-02,1.064742635935544968e-02,2.473999001085758209e-02,4.546931944787502289e-03,-7.085283286869525909e-03,2.050182037055492401e-02,-1.305739744566380978e-03,-3.042121604084968567e-02,-1.580863259732723236e-02,3.039521537721157074e-02,-2.212688513100147247e-02,-8.820853196084499359e-03,3.870904911309480667e-03,-2.795111760497093201e-02,3.654364845715463161e-04,4.046411719173192978e-03,7.910815998911857605e-03,1.385855395346879959e-02,5.531721282750368118e-03,-3.965158760547637939e-02,1.140145584940910339e-02,-2.823712863028049469e-02,1.739469543099403381e-02,1.955278217792510986e-02,-5.570722743868827820e-03,1.643265783786773682e-02,-6.903276313096284866e-03,-5.937987472862005234e-03,1.325403060764074326e-02,-2.971918880939483643e-02,-1.524960994720458984e-02,-4.007410258054733276e-03,5.937987472862005234e-03,-6.734269205480813980e-03,6.272750906646251678e-04,-2.951117977499961853e-02,-1.466458663344383240e-02,-1.848674006760120392e-02,-1.647165976464748383e-02,1.405356172472238541e-02,2.118564695119857788e-01,-2.484399452805519104e-02,-7.832813076674938202e-03,2.386895567178726196e-02,9.548882022500038147e-03,-4.858944448642432690e-04,1.688767597079277039e-02,-5.395215936005115509e-03,-1.105694193392992020e-02,-9.529381059110164642e-03,4.196730442345142365e-04,2.083333441987633705e-03,-1.220098789781332016e-02,-4.572933074086904526e-03,4.719188902527093887e-03,-1.755070127546787262e-02,-3.216328471899032593e-02,-1.844773814082145691e-02,-4.030161071568727493e-03,-7.571502774953842163e-02,-3.854654263705015182e-03,1.723868958652019501e-02,-1.569162681698799133e-02,-1.441757660359144211e-02,2.486999519169330597e-02,8.755850605666637421e-03,-2.722308970987796783e-02,-1.387155521661043167e-02,1.397555880248546600e-02,9.288871660828590393e-03,-1.753770187497138977e-02,-3.672646824270486832e-03,-1.657566241919994354e-02,-2.039781585335731506e-02,-4.309672396630048752e-03,-6.276001222431659698e-03,2.103484049439430237e-02,-1.920176856219768524e-02,1.106344256550073624e-02,1.409256365150213242e-02,1.528861187398433685e-02,7.969318889081478119e-03,-6.419006735086441040e-03,-4.706188105046749115e-03,-8.547841571271419525e-03,7.592100882902741432e-05,-7.163286674767732620e-03,-3.190327435731887817e-02,-1.774570904672145844e-02,7.377794943749904633e-03,-1.592563651502132416e-02,2.856864361092448235e-03,5.938637629151344299e-02,2.193187735974788666e-02,3.334633307531476021e-03,1.026391051709651947e-02,3.428887110203504562e-03,2.620904892683029175e-02,-1.123894937336444855e-02,-1.250000018626451492e-02,8.182202000170946121e-04,2.849713899195194244e-02,4.605434369295835495e-03,2.221788838505744934e-02,1.541861705482006073e-02,2.717108651995658875e-02,-2.260790392756462097e-02,-1.510660443454980850e-02,-7.946568075567483902e-04,-1.994279772043228149e-02,-7.429797202348709106e-03,-5.388715770095586777e-03,-3.212753450497984886e-03,-2.570852870121598244e-03,-1.731669344007968903e-02,-1.266250666230916977e-02,4.053562134504318237e-02,1.315002609044313431e-02,1.861674524843692780e-02,1.726469025015830994e-02,-6.649766117334365845e-03,-5.248960107564926147e-03,-9.997399523854255676e-03,3.016120754182338715e-03,-2.727509103715419769e-02,-2.025480940937995911e-02,4.108164459466934204e-02,1.418356690555810928e-02,-9.223869070410728455e-03,1.645865850150585175e-02,1.275350991636514664e-02,-1.047841925173997879e-02,-7.826313376426696777e-03,-3.074622945860028267e-03,2.714508585631847382e-02,2.971918880939483643e-02,-2.682982245460152626e-03,3.020995762199163437e-03,1.612064428627490997e-02,-1.805772259831428528e-02,-6.594514008611440659e-03,-2.213988639414310455e-02,1.615964621305465698e-02,8.021321147680282593e-03,-8.393460884690284729e-04,4.722438752651214600e-03,2.386895567178726196e-02,2.203588187694549561e-02,2.613104507327079773e-02,-2.888715639710426331e-02,-5.905486177653074265e-03,8.703848347067832947e-03,-1.004290208220481873e-02,-1.275350991636514664e-02,8.703848347067832947e-03,-5.606474354863166809e-03,-1.523660961538553238e-02,-2.049206988885998726e-03,8.801352232694625854e-03,-5.557722412049770355e-03,3.116874722763895988e-03,7.657306268811225891e-03,-1.435257401317358017e-02,1.083593349903821945e-02,-5.174207035452127457e-03,2.197087975218892097e-03,-4.641185700893402100e-02,-3.987909294664859772e-03,3.369734808802604675e-02,-2.086583524942398071e-02,1.196697913110256195e-02,-1.968278735876083374e-02,-3.809152403846383095e-03,-4.969448782503604889e-03,-9.997399523854255676e-03,1.723868958652019501e-02,2.250389941036701202e-02,-3.348933905363082886e-02,-5.707228090614080429e-03,-6.331253331154584885e-03,-9.834893047809600830e-03,2.224388904869556427e-02,9.587883949279785156e-03,2.464898675680160522e-02,-3.108749398961663246e-03,-1.667966693639755249e-02,2.191887609660625458e-02,-6.184997502714395523e-03,3.302132012322545052e-03,-4.071762785315513611e-02,-1.662766560912132263e-02,-1.041341666132211685e-02,-3.833122027572244406e-04,-1.098543964326381683e-02,4.711388424038887024e-02,-5.226208828389644623e-03,-2.033281326293945312e-02,-1.410556398332118988e-02,-1.246749889105558395e-02,2.337493561208248138e-02,-4.924596846103668213e-02,-2.218213630840182304e-03,3.385335579514503479e-02,-2.407696284353733063e-02,-3.913156688213348389e-03,-1.385855395346879959e-02,-1.641185581684112549e-01,3.828653134405612946e-03,9.074362926185131073e-03,-1.011440437287092209e-02,4.339573532342910767e-02,-7.858814671635627747e-03,2.207488380372524261e-02,1.285101380199193954e-02,-3.265730664134025574e-02,-4.423426929861307144e-03,-1.446957886219024658e-02,-4.169916734099388123e-03,-7.169786840677261353e-03,-2.077483013272285461e-02,-8.344709058292210102e-04,-3.268005792051553726e-03,-1.177847106009721756e-02,6.389755755662918091e-03,2.375194989144802094e-02,1.154446136206388474e-02,3.445137664675712585e-02,-1.045891828835010529e-02,-1.127145066857337952e-02,-1.080993283540010452e-02,2.748310007154941559e-02,-2.999870106577873230e-03,-1.157858758233487606e-03,8.749349974095821381e-03,-1.472958922386169434e-02,-1.683567278087139130e-02,-2.984919399023056030e-02,7.930316962301731110e-03,2.657306380569934845e-02,-1.131857745349407196e-03,2.635205350816249847e-02,2.277691103518009186e-02,9.636635659262537956e-04,-1.023790985345840454e-02,-1.250649988651275635e-02,1.696567796170711517e-02,2.272490970790386200e-02,1.648465916514396667e-02,3.640145529061555862e-03,-1.003640145063400269e-02,1.917576789855957031e-02,2.467498742043972015e-02,1.727769151329994202e-02,-1.927977055311203003e-02,1.687467470765113831e-02,-1.497659925371408463e-02,-1.495059765875339508e-02,3.646645927801728249e-03,-3.134344005957245827e-04,-1.348153967410326004e-02,3.714898601174354553e-03,4.072412848472595215e-03,-6.015990860760211945e-03,2.380395308136940002e-02,-3.499739989638328552e-02,-8.307332172989845276e-03,-1.684867404401302338e-02,-1.099193934351205826e-02,1.170046743936836720e-03,1.054992154240608215e-02,1.688767597079277039e-02,-9.607383981347084045e-03,-1.142745744436979294e-02,-7.682495051994919777e-04,-3.075923025608062744e-02,1.199297979474067688e-02,-8.833853527903556824e-03,-3.838403616100549698e-03,9.269370697438716888e-03,8.312207646667957306e-04,3.598544001579284668e-02,-1.602964103221893311e-02,-2.108684368431568146e-02,9.717889130115509033e-03,1.489859633147716522e-02,-2.145085856318473816e-02,1.579563133418560028e-02,2.065782621502876282e-02,-2.847113832831382751e-02,-1.937077566981315613e-02,2.316692657768726349e-02,-2.009880356490612030e-02,1.898076012730598450e-02,-8.359334431588649750e-03,1.744669862091541290e-02,3.216003533452749252e-03,2.125584986060857773e-03,-1.106994319707155228e-02,1.703068055212497711e-02,-3.780551254749298096e-02,1.171346846967935562e-02,1.864274591207504272e-02,3.281331434845924377e-02,-1.751170121133327484e-02,8.710348047316074371e-03,4.602184053510427475e-03,1.565262675285339355e-02,8.339833468198776245e-03,-2.384295314550399780e-02,3.148726001381874084e-02,9.802391752600669861e-03,1.737194485031068325e-03,-5.580473225563764572e-03,2.057982236146926880e-02,2.640405669808387756e-02,-2.596041304059326649e-04,1.027041114866733551e-02,2.184087410569190979e-03,5.365964490920305252e-03,7.462298497557640076e-03,3.331383224576711655e-03,2.234789356589317322e-02,-2.845488721504807472e-03,-1.456058211624622345e-02,2.783736446872353554e-03,2.796736778691411018e-03,5.881435424089431763e-02,1.765470579266548157e-02,-1.917576789855957031e-02,3.211128525435924530e-03,-4.806942306458950043e-03,-2.979719266295433044e-02,-1.231409236788749695e-01,-1.855174265801906586e-02,-3.464638488367199898e-03,9.893395937979221344e-03,7.190912729129195213e-04,3.081123158335685730e-02,-5.408216267824172974e-03,-6.098056328482925892e-04,-2.160686440765857697e-02,-4.733001696877181530e-04,1.154446136206388474e-02,-1.086193416267633438e-02,-1.387155521661043167e-02,5.508970469236373901e-03,3.805902320891618729e-03,-1.280551217496395111e-02,1.894825836643576622e-03,-2.706708200275897980e-02,-2.685907483100891113e-02,2.238689549267292023e-02,-1.420956850051879883e-02,1.449557952582836151e-02,-1.069942768663167953e-02,-9.295371361076831818e-03,-3.141250694170594215e-03,1.085543446242809296e-02,-1.097893901169300079e-02,3.312532603740692139e-02,9.594383649528026581e-03,1.185281798825599253e-04,-1.060842443257570267e-02,1.410556398332118988e-02,-5.421217065304517746e-03,1.071242894977331161e-02,-1.636765524744987488e-02,-1.067342702299356461e-02,-2.670306898653507233e-02,-2.103484049439430237e-02,8.729849010705947876e-03,-3.195527940988540649e-02,-2.392095746472477913e-03,1.569162681698799133e-02,1.132345292717218399e-02,6.773271132260560989e-03,2.075208118185400963e-03,-1.270800828933715820e-02,-1.073842961341142654e-02,1.927327131852507591e-03,2.568902820348739624e-02,-1.164196524769067764e-02,-1.838273555040359497e-02,-1.004290208220481873e-02,-1.888325554318726063e-03,4.546931944787502289e-03,1.628965139389038086e-02,-1.813572598621249199e-03,2.002080157399177551e-02,2.618304640054702759e-02,-1.493759732693433762e-02,1.786271482706069946e-02,1.182234846055507660e-03,4.351924173533916473e-03,-2.608229406177997589e-03,6.558762397617101669e-03,1.597763970494270325e-02,-1.087493542581796646e-02,-4.364924505352973938e-03,-6.760270334780216217e-03,-3.773401025682687759e-03,-3.055122122168540955e-02,-5.729979369789361954e-03,1.820072717964649200e-02,1.075142994523048401e-02,3.484139218926429749e-02,-3.257930278778076172e-02,-5.973739083856344223e-03,6.106994114816188812e-03,3.007995430380105972e-03,6.331253331154584885e-03,-1.951378025114536285e-02,-3.283931314945220947e-02,-1.870774850249290466e-02,8.788351900875568390e-03,-1.991679705679416656e-02,2.197087928652763367e-02,2.214963547885417938e-03,8.053822442889213562e-03,-2.875715121626853943e-02,9.698388166725635529e-03,-1.526261027902364731e-02,-3.441887674853205681e-03,1.760270446538925171e-02,5.521970801055431366e-03,-6.383255124092102051e-03,-2.758710272610187531e-02,3.569942712783813477e-02,-1.099843997508287430e-02,-6.607514340430498123e-03,4.345424007624387741e-03,1.190847624093294144e-02,-3.174727037549018860e-02,1.993954647332429886e-03,-4.420176893472671509e-02,1.693967729806900024e-02,-2.215288579463958740e-02,-1.519760768860578537e-02,-3.545891726389527321e-03,-3.983359411358833313e-02,1.410556398332118988e-02,-4.400676116347312927e-03,-1.292251702398061752e-02,-1.178497169166803360e-02,-2.864176931325346231e-04,1.567862741649150848e-02,-1.467758696526288986e-02,1.044591795653104782e-02,-3.117524646222591400e-02,-1.029641181230545044e-02,-1.634165458381175995e-02,1.447932911105453968e-03,-1.212298497557640076e-02,2.194487862288951874e-02,1.058242283761501312e-02,2.349843969568610191e-03,-1.034841407090425491e-02,1.584763452410697937e-02,2.344968728721141815e-03,-8.112324401736259460e-03,-1.865574531257152557e-02,1.137545518577098846e-02,9.321372956037521362e-03,-9.839768754318356514e-04,1.079043187201023102e-02,-2.743109688162803650e-02,1.333853323012590408e-02,1.384555362164974213e-02,4.265795578248798847e-04,-1.448257919400930405e-02,7.609367021359503269e-04,-1.667316653765738010e-03,8.144825696945190430e-03,6.354653835296630859e-02,-2.627730136737227440e-03,-2.271190844476222992e-02,3.935907501727342606e-03,-8.580342866480350494e-03,8.268331177532672882e-03,-9.028861299157142639e-03,1.384555362164974213e-03,2.646905928850173950e-02,3.281331434845924377e-02,2.981994301080703735e-03,2.000780031085014343e-02,2.557202242314815521e-02,-2.756110206246376038e-02,-6.948777940124273300e-03,-4.063962399959564209e-02,-1.821372844278812408e-02,2.562402561306953430e-02,-3.081123344600200653e-03,8.489339612424373627e-03,-1.999479904770851135e-02,3.377535194158554077e-02,-9.301871992647647858e-03,-1.100169029086828232e-03,-2.224388904869556427e-02,7.195787969976663589e-03,1.589963585138320923e-02,1.036791503429412842e-02,-4.030161071568727493e-03,8.840353228151798248e-03,-5.226208828389644623e-03,-1.361154485493898392e-02,-1.359366928227245808e-03,-6.561200134456157684e-04,1.219448819756507874e-02,1.627665199339389801e-02,-1.498959958553314209e-02,1.313865068368613720e-03,1.505460217595100403e-02,-3.364534676074981689e-02,7.319292984902858734e-03,1.847373880445957184e-02,-1.694942824542522430e-03,-9.490380063652992249e-03,7.332293316721916199e-03,1.870774850249290466e-02,-6.545761600136756897e-03,-3.789651673287153244e-03,-8.833853527903556824e-03,1.348153967410326004e-02,3.991159610450267792e-03,-9.035360999405384064e-03,1.541861705482006073e-02,2.653406187891960144e-02,-6.669266615062952042e-03,9.548882022500038147e-03,8.840353228151798248e-03,-2.759360475465655327e-03,1.723868958652019501e-02,1.199948042631149292e-02,1.902951160445809364e-03,1.096593867987394333e-02,-1.935452455654740334e-03,-1.535361446440219879e-02,-2.003380097448825836e-02,2.138585550710558891e-03,1.367654744535684586e-02,1.730694202706217766e-03,-1.644565723836421967e-02,-1.556162256747484207e-02,2.515600621700286865e-02,6.061492487788200378e-03,-2.408996410667896271e-02,-1.889950595796108246e-03,-3.010432992596179247e-04,-3.244929760694503784e-02,1.028666156344115734e-03,1.027691084891557693e-02,-6.524635828100144863e-04,-7.033281493932008743e-03,1.432657334953546524e-02,2.155486308038234711e-02,1.402756106108427048e-02,1.914976537227630615e-02,-2.251690067350864410e-02,4.468928556889295578e-03,1.833073236048221588e-02,-6.289001321420073509e-04,-1.116094645112752914e-02,1.938377507030963898e-02,-2.115184627473354340e-02,1.144858309999108315e-03,-2.146385796368122101e-02,-2.245189808309078217e-02,-1.723868958652019501e-02,-5.720228888094425201e-03,8.164326660335063934e-03,-3.542641643434762955e-03,2.276716055348515511e-03,-1.032241247594356537e-02,3.725948929786682129e-02,2.371294796466827393e-02,-3.268330916762351990e-02,-9.087363258004188538e-03,1.518460735678672791e-02,2.073583006858825684e-02,1.300051994621753693e-02,3.264755476266145706e-03,-2.771710790693759918e-02,-2.637805603444576263e-02,3.835153579711914062e-02,-1.934477314352989197e-02,-8.463338948786258698e-03,-1.631565205752849579e-02,-7.917316630482673645e-03,1.774571021087467670e-03,1.048491895198822021e-02,3.060322441160678864e-02,-1.196047849953174591e-02,9.308372624218463898e-03,1.110894419252872467e-02,1.001690048724412918e-02,7.364794611930847168e-03,-6.246749777346849442e-03,-1.123244967311620712e-02,-1.877275109291076660e-02,2.321892790496349335e-02,1.959178410470485687e-02,-4.715938586741685867e-03,-3.854654263705015182e-03,8.201500168070197105e-05,2.141185663640499115e-02,-6.721268873661756516e-03,-6.493759807199239731e-03,2.080083265900611877e-02,1.151196006685495377e-02,-2.017680741846561432e-02,-1.069942768663167953e-02,2.124284952878952026e-02,4.075663164258003235e-03,-1.609464362263679504e-02,3.494539856910705566e-02,-3.601143881678581238e-02,-9.457878768444061279e-03,4.578782990574836731e-02,-3.245254745706915855e-03,9.516380727291107178e-03,-2.346593886613845825e-03,5.972114013275131583e-05
-1.434806268662214279e-02,-1.847936026751995087e-02,-8.767532184720039368e-03,-3.409960120916366577e-02,-6.321541499346494675e-03,2.759444713592529297e-02,-1.749571785330772400e-02,3.326350590214133263e-03,-3.734562080353498459e-03,-5.639549344778060913e-03,-3.780465340241789818e-03,1.939742639660835266e-02,9.980690665543079376e-03,1.926627382636070251e-02,8.806877769529819489e-03,2.032860741019248962e-02,3.871616348624229431e-02,1.265619788318872452e-02,1.630223169922828674e-02,-2.283361740410327911e-02,-4.937884397804737091e-03,-4.819847643375396729e-03,-4.783780779689550400e-03,-4.418193420860916376e-04,-8.957702666521072388e-03,1.404641289263963699e-02,1.484644133597612381e-02,-4.133920744061470032e-02,-9.697073837742209435e-04,-1.667273812927305698e-03,-7.823235355317592621e-03,-2.909941831603646278e-03,-1.808590441942214966e-02,-3.774563595652580261e-02,-1.159386429935693741e-02,-2.688622334972023964e-03,-1.464971341192722321e-02,-6.964187603443861008e-03,-1.834492897614836693e-03,7.357644848525524139e-03,2.261065877974033356e-02,7.377317640930414200e-03,9.023278951644897461e-03,-1.357426401227712631e-02,-2.385660633444786072e-02,-4.403438884764909744e-03,2.680425299331545830e-03,-4.178512468934059143e-02,-2.153521031141281128e-02,4.855914507061243057e-03,3.155524656176567078e-02,1.157419104129076004e-02,-2.199424244463443756e-02,-3.336514905095100403e-02,1.457102224230766296e-02,8.354402147233486176e-03,-1.446610037237405777e-02,2.131224982440471649e-02,2.001384273171424866e-02,1.666945964097976685e-02,-7.473376172129064798e-06,-3.674314066302031279e-04,-2.764690667390823364e-02,4.275565501302480698e-03,1.096761203370988369e-03,-2.541075926274061203e-03,-1.773179322481155396e-02,1.196109037846326828e-02,-1.722029782831668854e-02,-2.118109725415706635e-03,3.808663040399551392e-02,2.485336363315582275e-02,9.213449433445930481e-03,3.754234872758388519e-03,5.085431039333343506e-03,-2.200735732913017273e-02,-3.655870677903294563e-03,-1.341688167303800583e-02,-2.817151695489883423e-02,1.946300268173217773e-02,1.975153759121894836e-02,-2.714852802455425262e-02,6.570730824023485184e-03,2.511566691100597382e-02,1.387591473758220673e-02,-2.122044377028942108e-02,-2.806659415364265442e-02,1.942365802824497223e-02,1.463659759610891342e-02,-2.935188636183738708e-02,1.583008468151092529e-02,-1.673011691309511662e-03,-4.737877286970615387e-03,1.242012344300746918e-02,-3.095194511115550995e-02,-2.390250796452164650e-03,-1.708914525806903839e-02,3.226346895098686218e-02,-4.780501592904329300e-03,-2.585012093186378479e-02,4.390323534607887268e-03,2.031836193054914474e-04,-3.947684541344642639e-03,-4.328026436269283295e-03,1.903347903862595558e-03,-1.569893211126327515e-02,1.072989893145859241e-03,-6.819920148700475693e-03,9.918393334373831749e-04,-1.750883273780345917e-02,-8.354402147233486176e-03,1.715472154319286346e-02,-6.347771733999252319e-03,-2.665014937520027161e-02,1.158074941486120224e-02,-1.879412680864334106e-02,3.265692666172981262e-02,-1.051841583102941513e-02,-1.192830316722393036e-02,-3.375860676169395447e-02,-3.141097957268357277e-03,1.008561253547668457e-02,2.066960372030735016e-02,-5.898575298488140106e-03,-2.741083269938826561e-03,8.393747732043266296e-03,-1.007249765098094940e-02,-1.306277047842741013e-02,3.878829535096883774e-03,-1.156763359904289246e-02,5.550365895032882690e-02,2.626980841159820557e-02,5.455936118960380554e-02,-2.212539501488208771e-02,4.773944150656461716e-03,4.595576971769332886e-02,2.750919666141271591e-03,-9.974133223295211792e-03,-2.886990318074822426e-03,-4.200152587145566940e-03,5.370687227696180344e-03,2.190243639051914215e-02,5.534627474844455719e-03,-1.801704871468245983e-03,1.904331520199775696e-02,1.499070879071950912e-02,1.166599802672863007e-02,2.233523875474929810e-02,-1.804655790328979492e-02,-1.739079691469669342e-02,1.585631445050239563e-02,-2.371233701705932617e-02,2.139094285666942596e-02,-2.199424244463443756e-02,1.358737982809543610e-02,1.097089052200317383e-02,8.492112159729003906e-03,2.790921181440353394e-02,-1.716783829033374786e-02,-2.343691885471343994e-02,-2.043353021144866943e-02,8.013405837118625641e-03,1.998433377593755722e-03,-1.853182166814804077e-02,2.086633257567882538e-02,1.482021156698465347e-02,9.128200821578502655e-03,-8.426536223851144314e-04,-1.005282439291477203e-02,2.242704620584845543e-03,7.797005120664834976e-03,2.001384273171424866e-02,-1.143648196011781693e-02,2.982075791805982590e-03,-2.030237764120101929e-02,2.964042313396930695e-02,2.982403524219989777e-02,2.140405774116516113e-02,-3.632919117808341980e-02,1.269718282856047153e-03,-1.812524907290935516e-02,-8.387190289795398712e-03,8.944587782025337219e-03,2.872235700488090515e-02,-1.601369678974151611e-02,-3.383729606866836548e-02,1.357426401227712631e-02,-1.317261019721627235e-03,2.347626350820064545e-02,-2.851251326501369476e-02,2.461728826165199280e-02,1.241356600075960159e-02,-4.668202600441873074e-04,9.036393836140632629e-03,-6.492564082145690918e-01,-1.202666666358709335e-02,8.629822172224521637e-03,-2.596815815195441246e-03,-8.039636537432670593e-03,9.410178288817405701e-03,1.007905509322881699e-02,3.480782359838485718e-02,-1.939742639660835266e-02,3.462421009317040443e-03,1.162665244191884995e-02,1.624977216124534607e-02,2.898466074839234352e-03,-2.487959340214729309e-02,-1.053153071552515030e-02,-2.093190886080265045e-02,-1.350868772715330124e-02,-1.320703793317079544e-02,-3.737840801477432251e-03,1.916463137604296207e-03,-6.010054610669612885e-03,2.561404556035995483e-02,-3.352581057697534561e-03,-2.543043345212936401e-02,-1.398083660751581192e-02,5.659222137182950974e-03,1.544974185526371002e-02,-1.141025102697312832e-03,-1.693176291882991791e-02,1.131188683211803436e-02,-2.158766984939575195e-02,2.693868428468704224e-02,-1.387755386531352997e-03,2.211228013038635254e-02,3.913585096597671509e-02,-1.375787705183029175e-02,-1.011184323579072952e-02,9.967575781047344208e-03,6.124813109636306763e-03,2.602061815559864044e-02,-2.565339207649230957e-02,-2.675507217645645142e-03,1.520547084510326385e-03,-5.836277734488248825e-03,1.123319566249847412e-02,-6.717457436025142670e-04,4.165397584438323975e-02,-8.262595161795616150e-03,-3.639476606622338295e-03,1.194797549396753311e-02,2.333199605345726013e-02,-1.676126569509506226e-02,4.390323534607887268e-03,3.420452401041984558e-02,-1.109548565000295639e-02,9.285584092140197754e-03,4.110313579440116882e-02,-4.934605676680803299e-03,-7.705198135226964951e-03,9.528215043246746063e-03,-6.905169226229190826e-03,3.546358644962310791e-02,-2.935188636183738708e-02,-2.814528532326221466e-02,-2.077452652156352997e-02,2.013188041746616364e-02,-5.642828065901994705e-03,1.804655790328979492e-02,1.213158853352069855e-02,7.331414148211479187e-03,2.023680135607719421e-02,-6.567452102899551392e-03,9.418375557288527489e-04,-9.652810171246528625e-03,-3.493979456834495068e-04,1.571204699575901031e-02,1.882035657763481140e-02,1.804983709007501602e-03,-4.590331111103296280e-03,6.665816064924001694e-03,-2.919450402259826660e-02,4.846077878028154373e-03,-3.231592848896980286e-02,1.229552924633026123e-02,2.325330488383769989e-02,7.731428835541009903e-03,-2.626980841159820557e-02,-8.983933366835117340e-03,-1.402018219232559204e-02,-3.178804181516170502e-03,-1.466446788981556892e-03,-3.159131389111280441e-03,-2.178439870476722717e-02,7.888811640441417694e-03,3.423075377941131592e-02,1.387591473758220673e-02,5.544464103877544403e-03,9.462639689445495605e-03,2.031549252569675446e-02,-2.596815815195441246e-03,-7.495354395359754562e-03,-1.170534361153841019e-02,-3.809974761679768562e-03,-1.983022876083850861e-02,8.465881459414958954e-03,1.914823800325393677e-02,-1.844001561403274536e-02,2.330002753296867013e-04,2.730591036379337311e-02,1.537105068564414978e-02,-1.215781923383474350e-02,1.677438057959079742e-02,5.790374707430601120e-03,-4.960836376994848251e-03,-1.544974185526371002e-02,-2.977157384157180786e-02,3.152901679277420044e-02,-4.285504110157489777e-05,1.816459465771913528e-03,-3.499143570661544800e-02,2.628292329609394073e-02,2.880104817450046539e-02,1.225618366152048111e-02,-3.695216262713074684e-03,1.234798971563577652e-02,2.943057939410209656e-02,-1.095777563750743866e-02,-4.110313579440116882e-02,-2.632226981222629547e-02,8.321614004671573639e-03,7.659295108169317245e-03,2.009253390133380890e-02,1.367918588221073151e-02,-4.724761936813592911e-03,1.196764875203371048e-02,5.583809688687324524e-03,2.048599161207675934e-02,-1.639403961598873138e-02,1.224962621927261353e-02,-2.733214199542999268e-02,2.990272641181945801e-02,2.257459098473191261e-03,-5.626433994621038437e-03,8.833108469843864441e-03,-1.887281797826290131e-02,-3.627672791481018066e-02,-1.464971341192722321e-02,9.947902522981166840e-03,-2.620423212647438049e-02,1.914823800325393677e-02,-5.718240980058908463e-03,8.964260108768939972e-03,-2.119421400129795074e-02,-3.065685275942087173e-03,-3.183722263202071190e-03,-5.501839332282543182e-03,-1.383656915277242661e-02,-2.630915306508541107e-02,-2.288607880473136902e-03,-3.640788048505783081e-02,2.076141163706779480e-02,8.354402147233486176e-03,-2.107617631554603577e-02,-2.465663477778434753e-02,6.859265733510255814e-03,-2.139094285666942596e-02,2.848628163337707520e-02,1.621042564511299133e-02,8.541294373571872711e-04,-5.783816799521446228e-03,-9.823308326303958893e-03,-1.067579817026853561e-02,-1.952857896685600281e-02,3.347006812691688538e-02,-2.296804916113615036e-03,1.816459558904170990e-02,7.265837863087654114e-03,-3.124048002064228058e-02,-1.317424979060888290e-02,1.836132444441318512e-02,1.344311237335205078e-02,-3.987030126154422760e-03,-1.728587411344051361e-02,-4.019818268716335297e-03,1.132500171661376953e-02,-1.618419587612152100e-02,-1.186928432434797287e-02,-5.832999013364315033e-03,-2.335822582244873047e-02,1.492677256464958191e-03,-2.608619444072246552e-02,2.027614787220954895e-02,-3.543735295534133911e-02,-6.069072987884283066e-03,-4.239498637616634369e-03,9.718386456370353699e-03,1.102990936487913132e-02,3.741119755432009697e-03,-6.498597096651792526e-03,5.246092379093170166e-02,2.275492623448371887e-02,2.695180010050535202e-03,2.419760078191757202e-02,-3.252577269449830055e-03,-3.636197885498404503e-03,-1.598746702075004578e-02,7.278953562490642071e-04,-2.438121475279331207e-02,2.160078659653663635e-02,7.967502810060977936e-03,-7.619949523359537125e-03,-2.478778734803199768e-02,-8.258497109636664391e-04,2.978796837851405144e-03,-1.164632569998502731e-02,5.159531906247138977e-02,9.557724697515368462e-04,-4.357535392045974731e-03,2.423694729804992676e-02,-4.721483215689659119e-03,1.597435213625431061e-02,-8.898684754967689514e-03,1.495136320590972900e-02,-2.299264015164226294e-04,-9.901999495923519135e-03,1.011184323579072952e-02,1.763998530805110931e-02,2.345003373920917511e-02,4.282122943550348282e-03,3.931290470063686371e-03,8.590476354584097862e-04,1.025611069053411484e-02,9.449523873627185822e-03,1.280702278017997742e-02,9.331487119197845459e-03,3.283726051449775696e-03,4.875587299466133118e-03,-3.616525093093514442e-03,3.727348521351814270e-02,-2.953550033271312714e-02,-3.659149399027228355e-03,2.644030563533306122e-02,1.287259906530380249e-02,2.229589270427823067e-03,7.049436680972576141e-03,3.280447097495198250e-03,2.612554095685482025e-02,-5.895296577364206314e-03,-1.283981092274188995e-02,-2.979780547320842743e-02,-1.327261421829462051e-02,9.705270640552043915e-03,-2.549600973725318909e-02,7.993733510375022888e-03,7.915042340755462646e-03,-4.228350520133972168e-02,3.362745419144630432e-02,9.915114380419254303e-03,1.626288704574108124e-02,5.914969369769096375e-03,-1.103646680712699890e-02,-1.543662697076797485e-02,1.977776922285556793e-02,1.268898602575063705e-02,3.708987310528755188e-02,-1.983022876083850861e-02,-1.560712512582540512e-02,1.011840067803859711e-02,2.613209886476397514e-03,2.044336637482047081e-03,-9.777404367923736572e-03,-3.219789359718561172e-03,1.851870678365230560e-02,9.928230196237564087e-03,1.663011312484741211e-02,1.760064065456390381e-02,9.108527563512325287e-03,-1.463659759610891342e-02,1.859084004536271095e-03,9.795437799766659737e-04,-1.722029782831668854e-02,-4.362125694751739502e-02,2.165324613451957703e-02,1.005938183516263962e-02,-7.744544185698032379e-03,-1.141680870205163956e-02,-1.530547440052032471e-02,3.640788048505783081e-02,-1.390214543789625168e-02,1.576450839638710022e-02,1.723013469018042088e-03,1.120040751993656158e-02,1.340376585721969604e-02,-1.504317019134759903e-02,1.312342821620404720e-03,1.157419104129076004e-02,1.698422431945800781e-02,-3.223723918199539185e-02,4.397700831759721041e-04,-8.016685023903846741e-04,5.744471214711666107e-03,-1.523989904671907425e-02,3.573900554329156876e-03,1.937119662761688232e-02,3.997522592544555664e-02,-4.459178540855646133e-03,-4.567379131913185120e-03,1.266275532543659210e-02,9.016721509397029877e-03,-9.331487119197845459e-03,-1.183649618178606033e-02,1.295784860849380493e-02,-2.435498498380184174e-02,-7.272395770996809006e-03,-3.024700097739696503e-03,-4.816568456590175629e-03,-1.666945964097976685e-02,-9.587233886122703552e-03,1.657765172421932220e-02,5.872344598174095154e-03,-4.370035821921192110e-05,-1.474643824622035027e-03,-5.551021546125411987e-03,1.053153071552515030e-02,9.343290328979492188e-02,2.169259265065193176e-02,-1.423002593219280243e-02,2.284673228859901428e-02,8.734744042158126831e-03,2.650588192045688629e-02,-3.635542094707489014e-02,-2.059091255068778992e-02,-4.419832956045866013e-03,1.314801909029483795e-02,2.364676259458065033e-02,-1.704980060458183289e-02,8.708513341844081879e-03,1.680061034858226776e-02,1.643338426947593689e-02,-6.196946487762033939e-04,-1.722029782831668854e-02,1.392837520688772202e-02,3.018552379216998816e-04,1.082662306725978851e-02,-1.495136320590972900e-02,-5.944478325545787811e-03,-9.423293173313140869e-03,-1.163320988416671753e-02,-4.564100410789251328e-03,-1.095121819525957108e-02,-6.813362706452608109e-03,3.281430900096893311e-02,5.655943416059017181e-03,-2.047287672758102417e-02,1.042046133079566061e-04,2.337789861485362053e-03,1.910889148712158203e-02,2.780429087579250336e-02,-1.971219293773174286e-02,3.145032376050949097e-02,-4.147691652178764343e-03,2.691245451569557190e-02,5.471674352884292603e-02,-2.366889384575188160e-04,1.160697918385267258e-02,7.731428835541009903e-03,3.346023382619023323e-03,-4.154905304312705994e-02,9.836423210799694061e-03,6.246129050850868225e-03,-7.101897615939378738e-03,8.183903992176055908e-03,8.649494498968124390e-03,-1.605304330587387085e-02,6.410724669694900513e-02,-1.021020766347646713e-02,-2.741083316504955292e-02,-2.443367615342140198e-02,-1.854165806435048580e-03,2.226310549303889275e-03,-1.432183198630809784e-02,2.659768797457218170e-02,8.505227044224739075e-03,7.810120005160570145e-03,6.219898350536823273e-03,-3.863747045397758484e-02,-5.188713548704981804e-04,1.228241436183452606e-02,-1.225618366152048111e-02,-8.105212822556495667e-03,-3.402090817689895630e-02,1.450052717700600624e-03,-1.799409650266170502e-02,-1.493496936745941639e-03,7.049436680972576141e-03,-8.433093316853046417e-03,2.870596246793866158e-03,5.928084254264831543e-03,3.026995435357093811e-02,1.567270047962665558e-02,6.121533922851085663e-03,-1.382345333695411682e-02,2.459105849266052246e-02,7.921599783003330231e-03,-1.000036392360925674e-02,1.134467497467994690e-02,-9.056067094206809998e-03,-1.695799455046653748e-02,-1.182829961180686951e-03,3.160770609974861145e-02,1.572516188025474548e-02,-1.266931369900703430e-02,-9.777404367923736572e-03,2.682064659893512726e-03,4.744434729218482971e-03,-1.630387152545154095e-03,2.155816182494163513e-04,5.623155273497104645e-03,-2.318117069080471992e-03,1.248406013473868370e-03,9.764289483428001404e-03,-1.980399945750832558e-03,-1.183649641461670399e-03,-1.065612491220235825e-02,5.987103097140789032e-03,-2.204670384526252747e-02,-1.957448199391365051e-03,1.596779446117579937e-03,3.486028313636779785e-02,-1.735145039856433868e-02,-1.258406415581703186e-02,3.396844863891601562e-02,8.511785417795181274e-03,-1.913512311875820160e-02,-1.132500171661376953e-02,-8.511785417795181274e-03,-9.980690665543079376e-03,-1.098400633782148361e-02,-8.990490809082984924e-03,1.508251577615737915e-02,8.344565867446362972e-04,3.625049814581871033e-02,2.126306761056184769e-03,7.678967900574207306e-03,-1.778425276279449463e-02,1.405788789270445704e-04,2.762067690491676331e-02,2.491893945261836052e-03,-7.403547875583171844e-03,2.708295127376914024e-03,1.217093411833047867e-02,-2.688622474670410156e-02,-1.601369678974151611e-02,1.106925494968891144e-02,-3.718168009072542191e-03,8.433093316853046417e-03,1.208568550646305084e-02,-1.468905899673700333e-02,-3.861124068498611450e-02,1.560712512582540512e-02,-2.613865584135055542e-02,4.406717605888843536e-03,-1.783671416342258453e-02,-3.211592324078083038e-03,-2.237786306068301201e-03,-2.838136069476604462e-02,-3.622426837682723999e-02,-3.764071315526962280e-02,-2.798790298402309418e-02,-3.328645601868629456e-02,-1.068891305476427078e-02,-2.367299282923340797e-03,6.321541499346494675e-03,1.472840458154678345e-02,-1.934496685862541199e-02,-3.071587160229682922e-02,-2.515501342713832855e-02,1.571204699575901031e-02,-1.360049471259117126e-02,-1.614484935998916626e-02,-7.829792797565460205e-03,-1.548908837139606476e-02,3.124048002064228058e-02,4.091951996088027954e-02,2.727968059480190277e-02,-1.404149457812309265e-03,3.517505154013633728e-02,1.712849177420139313e-02,-7.278953213244676590e-03,-6.324820220470428467e-03,-6.410069297999143600e-03,-6.931399460881948471e-03,-1.200699433684349060e-02,1.824328675866127014e-02,3.316513961181044579e-03,8.754416368901729584e-03,2.466974966228008270e-02,-1.423002593219280243e-02,2.321395836770534515e-02,5.170679651200771332e-03,-9.293371113017201424e-05,6.852708174847066402e-04,-1.176436245441436768e-02,-3.255200386047363281e-02,-5.059200339019298553e-03,1.013807393610477448e-02,3.237822791561484337e-03,5.042806267738342285e-03,-1.531859021633863449e-02,-2.402710355818271637e-02,3.979161009192466736e-02,-5.783816799521446228e-03,-2.489270828664302826e-02,-1.239389367401599884e-02,2.932565659284591675e-02,-1.724652945995330811e-02,3.137163445353507996e-02,1.091843005269765854e-03,8.013405837118625641e-03,2.521403133869171143e-03,5.734634585678577423e-03,2.288607880473136902e-02,9.131479891948401928e-04,3.455863334238529205e-03,6.173994857817888260e-03,5.708404351025819778e-03,-3.197493404150009155e-02,-3.842762857675552368e-02,1.149549987167119980e-02,-1.826951652765274048e-02,4.849356599152088165e-03,2.274181134998798370e-02,1.215126179158687592e-02,-2.373856864869594574e-02,-7.600276265293359756e-03,-2.982403524219989777e-02,-3.967357333749532700e-03,-3.486028313636779785e-02,7.344529498368501663e-03,-1.078727748245000839e-02,-1.122007984668016434e-02,-4.223104566335678101e-03,-3.884731605648994446e-02,-3.055848926305770874e-02,-1.118893153034150600e-03,2.918138867244124413e-03,5.534627474844455719e-03,-6.252686493098735809e-03,2.393529750406742096e-02,3.006011061370372772e-02,-3.829647554084658623e-03,-1.065612491220235825e-02,-1.857444643974304199e-03,4.373929463326931000e-03,2.786986529827117920e-03,2.675507217645645142e-02,1.850559189915657043e-02,-1.678749546408653259e-02,-7.849466055631637573e-03,-1.083318050950765610e-02,5.324783734977245331e-03,-2.093190886080265045e-02,-2.759444713592529297e-02,2.099748514592647552e-02,-1.602681167423725128e-02,6.331377662718296051e-03,1.201355177909135818e-02,-2.148274891078472137e-02,1.570548978634178638e-03,7.849466055631637573e-03,-4.805420711636543274e-02,-1.492677256464958191e-03,-3.685379773378372192e-02,-3.242085129022598267e-02,-1.517432276159524918e-02,1.405952777713537216e-02,-4.317533969879150391e-02,4.432948306202888489e-02,1.139057800173759460e-02,-2.790921181440353394e-02,3.195198252797126770e-03,5.439542233943939209e-03,-8.197019807994365692e-03,1.133156009018421173e-02,1.201355177909135818e-02,1.878101006150245667e-02,7.954387925565242767e-03,-2.854202175512909889e-03,4.557542968541383743e-03,3.462421009317040443e-03,-2.693868428468704224e-02,-1.622190116904675961e-03,-2.817725471686571836e-04,2.549600973725318909e-02,-3.213231638073921204e-02,2.267295494675636292e-03,7.108455058187246323e-03,-6.819920148700475693e-03,-2.719771116971969604e-03,6.026448681950569153e-03,-6.787132006138563156e-04,-1.308900024741888046e-02,-1.289882976561784744e-02,-1.757440902292728424e-02,3.324710996821522713e-03,1.708914525806903839e-02,7.829792797565460205e-03,-1.626288704574108124e-02,5.024772835895419121e-04,-4.267696291208267212e-02,-2.369922213256359100e-02,-3.980472683906555176e-03,2.608619444072246552e-02,-9.961018338799476624e-03,-2.940434776246547699e-02,-1.943677291274070740e-02,8.944997534854337573e-05,1.360049471259117126e-02,-6.587124895304441452e-03,-1.926299533806741238e-03,1.091843005269765854e-02,3.541112318634986877e-02,-8.570803329348564148e-03,2.179751358926296234e-02,1.654978259466588497e-03,-4.239498637616634369e-03,-6.669095251709222794e-03,1.594812050461769104e-02,2.311559394001960754e-03,-2.640096098184585571e-02,1.533867325633764267e-04,-1.113483123481273651e-02,-2.306969091296195984e-02,1.993515063077211380e-03,5.951036233454942703e-03,1.446610037237405777e-02,2.285984717309474945e-02,-2.030237764120101929e-02,9.416735731065273285e-03,9.160988964140415192e-03,9.731501340866088867e-03,-1.711537688970565796e-02,-1.306932792067527771e-02,3.441436588764190674e-02,-1.778425276279449463e-02,9.370832704007625580e-03,2.229589223861694336e-02,-2.421071752905845642e-02,6.659258622676134109e-03,2.777805924415588379e-02,-7.639622315764427185e-03,1.540219993330538273e-03,-3.960799891501665115e-03,-1.213814597576856613e-02,-1.310867350548505783e-02,1.544974185526371002e-02,-1.778425276279449463e-02,-2.208604849874973297e-02,-7.862580940127372742e-03,-1.615796424448490143e-02,-1.093810237944126129e-02,9.711829014122486115e-03,-6.534663960337638855e-03,-9.508542716503143311e-03,2.051222138106822968e-02,5.259207915514707565e-03,-4.793616943061351776e-03,5.429705604910850525e-03,4.747713450342416763e-03,-1.304965466260910034e-03,1.403329707682132721e-02,-2.272869646549224854e-02,-2.145651727914810181e-02,-3.769317269325256348e-02,-2.846005186438560486e-02,2.019745670258998871e-02,-6.957630161195993423e-03,-1.535793580114841461e-02,-3.006011061370372772e-02,2.476155571639537811e-02,-2.456482872366905212e-02,1.644649915397167206e-02,-9.397063404321670532e-03,3.556850552558898926e-02,3.774563595652580261e-02,1.462348271161317825e-02,-8.183903992176055908e-03,1.867608912289142609e-02,1.868920400738716125e-02,2.456482872366905212e-02,-6.806804798543453217e-03,6.377281155437231064e-03,1.826951652765274048e-02,-1.014463137835264206e-02,8.649494498968124390e-03,1.941054128110408783e-02,-2.284673228859901428e-02,-2.859120490029454231e-03,2.226966246962547302e-02,2.031549252569675446e-02,-1.720718294382095337e-02,1.805967278778553009e-02,6.396953947842121124e-03,-3.642755560576915741e-03,-9.246237576007843018e-03,-2.801413461565971375e-02,-8.511785417795181274e-03,-1.601369678974151611e-02,-7.823235355317592621e-03,-1.920069754123687744e-02,3.462421009317040443e-03,-1.279390789568424225e-02,3.097817674279212952e-02,-2.741083316504955292e-02,1.626288704574108124e-02,3.475536406040191650e-02,-1.028234139084815979e-02,2.427957253530621529e-03,-2.127290517091751099e-02,-8.865896612405776978e-03,-3.859156742691993713e-03,1.926627382636070251e-02,3.299792110919952393e-02,-1.144303940236568451e-02,-1.193486060947179794e-02,2.767313830554485321e-02,1.162665244191884995e-02,-1.649896055459976196e-02,-1.690553314983844757e-02,-5.184614565223455429e-04,-1.320048049092292786e-02,-2.122044377028942108e-02,-1.022168318741023540e-03,-3.766694292426109314e-02,-7.705198135226964951e-03,-1.335130538791418076e-02,1.784982904791831970e-02,-1.982039306312799454e-03,-6.680570659227669239e-04,-3.651280328631401062e-02,6.418265984393656254e-04,-4.099821299314498901e-02,1.597435213625431061e-02,2.704360708594322205e-02,1.260373741388320923e-02,1.242012344300746918e-02,-1.096761203370988369e-03,-7.652737200260162354e-03,6.754343863576650620e-03,-1.733833551406860352e-02,-1.842689886689186096e-02,-2.653211168944835663e-02,6.931399460881948471e-03,-2.001384273171424866e-02,3.521439619362354279e-03,-2.948303893208503723e-02,-1.871543563902378082e-02,-1.618419587612152100e-02,-3.383729606866836548e-02,3.177164820954203606e-03,1.983022987842559814e-01,-2.292542345821857452e-02,-1.402018219232559204e-02,2.602061815559864044e-02,1.137090567499399185e-02,-1.821705512702465057e-02,1.643338426947593689e-02,-1.402509980835020542e-03,-1.649896055459976196e-02,1.777113764546811581e-03,-8.210134692490100861e-03,-3.316513961181044579e-03,-7.626506965607404709e-03,4.897719190921634436e-05,1.205945480614900589e-02,-3.980472683906555176e-03,-2.194178104400634766e-02,-2.282050251960754395e-02,5.249371286481618881e-03,-4.650660976767539978e-02,-3.957521170377731323e-03,2.040730044245719910e-02,-3.042733529582619667e-03,-2.022368647158145905e-02,2.977157384157180786e-02,-8.138000965118408203e-03,-2.026303298771381378e-02,-1.165288314223289490e-02,8.910160395316779613e-04,1.155451871454715729e-02,-1.268242858350276947e-02,-1.131844427436590195e-02,-4.436227027326822281e-03,-2.595504187047481537e-02,-1.329556573182344437e-03,-1.173157431185245514e-02,9.501985274255275726e-03,-1.491201762109994888e-02,2.998469630256295204e-03,-3.116506850346922874e-03,1.365295518189668655e-02,4.983787890523672104e-03,-7.877335883677005768e-04,-2.464351989328861237e-02,6.799427792429924011e-04,-1.186272688210010529e-02,-6.262522656470537186e-03,-2.696491591632366180e-02,-4.055229574441909790e-02,-4.449342377483844757e-03,-3.142409399151802063e-02,1.407428295351564884e-03,5.264453962445259094e-02,3.294546157121658325e-02,-8.374075405299663544e-03,9.279025718569755554e-03,2.936582313850522041e-04,1.469725626520812511e-03,-1.957448199391365051e-03,-9.410178288817405701e-03,-1.674651051871478558e-03,3.889977559447288513e-02,-2.268934994935989380e-02,2.262377366423606873e-02,4.987066611647605896e-03,2.175816893577575684e-02,-2.293853834271430969e-02,-1.977776922285556793e-02,3.970636054873466492e-03,-2.161390148103237152e-02,-1.332507468760013580e-02,3.521439619362354279e-03,-1.780392602086067200e-03,-3.052570158615708351e-03,-7.724870927631855011e-03,-1.504317019134759903e-02,2.487959340214729309e-02,2.480090223252773285e-02,2.477467246353626251e-02,2.087944746017456055e-02,-6.213340908288955688e-03,-2.122044377028942108e-02,-1.635469309985637665e-02,9.823308326303958893e-03,-1.554154884070158005e-02,-2.292542345821857452e-02,4.228350520133972168e-02,8.478997275233268738e-03,-1.391034224070608616e-03,1.252504531294107437e-02,9.528215043246746063e-03,1.038726326078176498e-02,-7.560930680483579636e-03,1.787606067955493927e-02,1.775474403984844685e-03,2.007941901683807373e-02,-5.265765357762575150e-03,-1.682028407230973244e-03,1.777113787829875946e-02,-2.646653726696968079e-02,-1.704980037175118923e-03,-1.345622725784778595e-02,1.133156009018421173e-02,1.743014156818389893e-02,-1.149549987167119980e-02,-1.510874647647142410e-02,5.046084988862276077e-03,1.348245795816183090e-02,3.008634038269519806e-02,-1.399395149201154709e-02,-1.938431151211261749e-02,2.050894312560558319e-03,-1.280046533793210983e-02,-1.960727013647556305e-02,2.466974966228008270e-02,-6.964187603443861008e-03,-4.983787890523672104e-03,-4.914932884275913239e-03,9.888884611427783966e-03,-7.895369082689285278e-03,4.967393819242715836e-03,-1.396772079169750214e-02,-1.851870678365230560e-02,1.251848787069320679e-02,-3.449305891990661621e-03,-4.632955417037010193e-03,-3.934569284319877625e-02,-2.047287672758102417e-02,1.823017187416553497e-02,-2.318772859871387482e-02,9.285584092140197754e-03,-8.957702666521072388e-03,1.428248640149831772e-02,7.705198368057608604e-04,-1.230864413082599640e-02,2.962402766570448875e-03,-5.882181227207183838e-03,-3.572588786482810974e-02,-1.291194465011358261e-02,-5.465772468596696854e-03,-2.065648883581161499e-02,1.799409650266170502e-02,1.495136320590972900e-02,5.380523391067981720e-03,1.659076660871505737e-02,-1.320703793317079544e-02,8.693963900441303849e-05,-2.090567909181118011e-02,-2.393529750406742096e-02,-1.994826644659042358e-02,-1.379722356796264648e-02,-1.284636929631233215e-02,-2.980436198413372040e-03,-1.144303940236568451e-02,4.099821299314498901e-02,-9.292141534388065338e-03,-4.081460088491439819e-02,-2.303034625947475433e-02,-4.911654163151979446e-03,1.946300268173217773e-02,-3.926700353622436523e-02,-7.495354395359754562e-03,3.724725544452667236e-02,-1.366607099771499634e-02,-1.972530782222747803e-02,-3.695216262713074684e-03,-1.659863591194152832e-01,1.823017187416553497e-02,-8.413420990109443665e-03,1.255783345550298691e-02,4.876242950558662415e-02,-1.597435213625431061e-02,3.787678852677345276e-02,1.863674260675907135e-02,-3.627672791481018066e-02,-7.265837863087654114e-03,8.059309795498847961e-03,-9.600348770618438721e-03,-2.164013125002384186e-02,-2.851251326501369476e-02,1.198076363652944565e-02,-1.746948808431625366e-02,-1.375787705183029175e-02,-7.108455058187246323e-03,3.501766547560691833e-02,-5.826441571116447449e-03,2.762067690491676331e-02,-6.045302143320441246e-04,9.462639689445495605e-03,-2.588946558535099030e-02,8.951145224273204803e-03,7.272395770996809006e-03,-2.385660633444786072e-02,5.718240980058908463e-03,-3.652591956779360771e-03,-3.708331612870097160e-03,-2.002695761620998383e-02,8.583919145166873932e-03,3.449305891990661621e-02,8.092097938060760498e-03,3.580457996577024460e-03,2.510255202651023865e-02,1.259062159806489944e-02,-2.341068722307682037e-02,-1.202010922133922577e-02,1.947611756622791290e-02,1.334474794566631317e-02,2.932565659284591675e-02,5.606761202216148376e-03,-2.804036438465118408e-02,3.344383835792541504e-02,4.741156008094549179e-03,2.108273329213261604e-03,-4.580494482070207596e-03,2.893220074474811554e-02,-2.632226981222629547e-02,-6.696964846923947334e-04,-2.914040524046868086e-04,5.796932149678468704e-03,-1.421691011637449265e-02,1.710226200520992279e-02,1.309555862098932266e-02,3.123064525425434113e-03,2.406644867733120918e-03,-2.301723137497901917e-02,-1.723341457545757294e-02,-1.002659462392330170e-02,7.370759733021259308e-03,-1.554154884070158005e-02,8.662610314786434174e-03,2.401398867368698120e-02,-9.620022028684616089e-03,-7.482239510864019394e-03,-1.436117850244045258e-02,-3.228969871997833252e-02,2.811577636748552322e-03,-1.271521672606468201e-02,5.583809688687324524e-03,1.339065097272396088e-02,1.518743764609098434e-02,4.110313579440116882e-02,2.880432642996311188e-03,-1.647273078560829163e-02,3.105686791241168976e-02,2.388283610343933105e-02,-3.963422775268554688e-02,8.636379614472389221e-03,3.097817674279212952e-02,-2.074829488992691040e-02,-1.823017187416553497e-02,2.393529750406742096e-02,-1.613173447549343109e-02,8.833108469843864441e-03,-5.016576033085584641e-03,-2.793544204905629158e-03,-7.003533653914928436e-03,8.229807950556278229e-03,-1.459725201129913330e-02,1.715472154319286346e-02,-2.428940869867801666e-02,1.211191620677709579e-02,2.027614787220954895e-02,3.391598910093307495e-02,-2.140405774116516113e-02,1.109548565000295639e-02,3.813253482803702354e-03,4.150970838963985443e-03,9.187219664454460144e-03,-3.680133819580078125e-02,2.725345082581043243e-02,-2.111552283167839050e-03,6.600240245461463928e-03,8.715070784091949463e-03,2.756821550428867340e-02,2.118109911680221558e-02,-3.024700272362679243e-04,-2.144340192899107933e-03,3.257495583966374397e-03,1.018397696316242218e-02,1.580385374836623669e-03,1.474151946604251862e-02,1.828263141214847565e-02,-5.875623319298028946e-03,-1.965973153710365295e-02,-1.204142114147543907e-03,-8.629822172224521637e-03,6.982549279928207397e-02,2.730591036379337311e-02,-4.508360754698514938e-03,1.021676510572433472e-02,-3.383729606866836548e-03,-1.260373741388320923e-02,-1.202404424548149109e-01,-1.340212649665772915e-03,-9.082297328859567642e-04,-3.452584613114595413e-03,-1.053808815777301788e-02,2.372217364609241486e-03,1.097089052200317383e-02,1.064301002770662308e-02,-2.769936807453632355e-02,3.551358822733163834e-04,7.865040097385644913e-04,-1.335786283016204834e-02,-1.362672541290521622e-02,7.652737200260162354e-03,2.594192698597908020e-02,-1.740391179919242859e-02,-1.148894242942333221e-02,-1.257094927132129669e-02,-2.175816893577575684e-02,3.664395585656166077e-02,9.167546406388282776e-03,-5.905132740736007690e-03,-1.076104678213596344e-02,-1.434806268662214279e-02,-1.361360959708690643e-02,5.888738669455051422e-03,-2.177128382027149200e-02,1.287915743887424469e-02,1.274800486862659454e-02,5.983824376016855240e-03,3.264053259044885635e-03,1.732522062957286835e-02,-1.140369381755590439e-02,4.590331111103296280e-03,-1.846624538302421570e-02,-2.285984717309474945e-02,-2.922073565423488617e-02,-2.132536657154560089e-02,2.191555127501487732e-02,-3.354876115918159485e-02,9.888884611427783966e-03,2.806659415364265442e-02,1.051185745745897293e-02,2.898466074839234352e-03,1.017250120639801025e-03,3.170607145875692368e-03,-3.446026938036084175e-03,1.613173447549343109e-02,1.782359927892684937e-02,6.078909616917371750e-03,-6.360887084156274796e-03,-2.419760078191757202e-02,6.483842153102159500e-04,-1.954169478267431259e-03,1.328572910279035568e-02,-2.102371491491794586e-02,1.975153759121894836e-02,1.053808815777301788e-02,-1.047906931489706039e-02,1.030201371759176254e-02,8.124886080622673035e-03,2.699114568531513214e-02,2.042041532695293427e-02,2.966665290296077728e-02,2.280738763511180878e-02,-5.708404351025819778e-03,-2.364676259458065033e-02,-7.134685758501291275e-03,7.303544552996754646e-04,-2.634849958121776581e-02,5.810047499835491180e-03,1.363984029740095139e-02,-1.958104036748409271e-02,2.748952433466911316e-02,-4.110313579440116882e-02,-1.082662306725978851e-02,-1.685307174921035767e-02,-1.054464560002088547e-02,2.049910649657249451e-02,-2.244015969336032867e-02,-2.623046189546585083e-02,-1.729898899793624878e-02,3.239462152123451233e-02,-8.747858926653862000e-03,1.445298455655574799e-02,-1.604156685061752796e-03,-1.141025102697312832e-03,-2.919450402259826660e-02,7.580603472888469696e-03,-2.887973934412002563e-02,1.655142195522785187e-02,2.365987747907638550e-02,1.413821894675493240e-02,-6.000218447297811508e-03,-6.970745511353015900e-03,2.259754389524459839e-02,-1.315621659159660339e-03,-1.207912806421518326e-02,-1.498415134847164154e-03,4.232940729707479477e-03,-2.634849958121776581e-02,2.132536657154560089e-02,-4.359502717852592468e-02,2.156144008040428162e-02,-2.431563846766948700e-02,-3.063718043267726898e-02,-6.475645350292325020e-04,-2.080075629055500031e-02,1.369230169802904129e-02,-2.131224982440471649e-02,-1.459725201129913330e-02,-7.462566718459129333e-03,-1.784982904791831970e-02,1.997449621558189392e-02,-2.223031595349311829e-02,2.852562814950942993e-03,-3.061094880104064941e-02,9.521657600998878479e-03,-2.203358802944421768e-03,1.442675420548766851e-04,-1.403329707682132721e-02,2.164013125002384186e-02,8.282268419861793518e-03,-1.354803331196308136e-02,3.642755560576915741e-03,1.855805143713951111e-02,-1.123975310474634171e-02,-1.394313061609864235e-03,-9.423293173313140869e-03,1.211847364902496338e-02,6.055958103388547897e-03,8.033079095184803009e-03,2.856497280299663544e-02,-2.611242607235908508e-02,2.709606662392616272e-02,1.175780501216650009e-02,4.901817534118890762e-03,-1.508251577615737915e-02,-8.131443522870540619e-03,6.826477590948343277e-03,1.719406805932521820e-02,4.850012436509132385e-02,-1.383656915277242661e-02,-1.878101006150245667e-02,-4.265728872269392014e-03,-1.964661665260791779e-02,8.616707287728786469e-03,-6.134649273008108139e-03,1.683995686471462250e-02,1.106925494968891144e-02,1.602681167423725128e-02,-3.895223606377840042e-03,1.621042564511299133e-02,3.795547783374786377e-02,-1.318736467510461807e-02,-1.148238498717546463e-02,-2.351561002433300018e-02,-1.577762328088283539e-02,1.590877585113048553e-02,-4.055885132402181625e-03,6.347771733999252319e-03,-1.639403961598873138e-02,1.530547440052032471e-02,-4.688695189543068409e-04,1.374476216733455658e-02,-6.124813109636306763e-03,2.438121475279331207e-02,5.046084988862276077e-03,-1.526612881571054459e-02,-5.331341642886400223e-03,9.547888301312923431e-03,-3.501766826957464218e-03,-2.011876367032527924e-02,1.158730685710906982e-02,-5.275601521134376526e-03,1.434478443115949631e-03,9.193777106702327728e-03,-2.042041532695293427e-02,-1.213158853352069855e-02,1.977776922285556793e-02,-2.598127350211143494e-02,-1.799409650266170502e-02,2.000072784721851349e-02,1.095121819525957108e-02,-2.743706293404102325e-02,4.442784469574689865e-03,2.127290517091751099e-02,-1.392837520688772202e-02,-7.993733510375022888e-03,-1.112171635031700134e-02,1.259062159806489944e-02,2.850923454388976097e-03,-1.910889148712158203e-02,2.086633257567882538e-02,-2.852562756743282080e-04,5.970709025859832764e-03,-2.929614856839179993e-03,1.153484545648097992e-02,-1.882035657763481140e-02,6.465808954089879990e-03,2.035483904182910919e-02,1.566450460813939571e-03,1.501693972386419773e-03,9.938886068994179368e-05,-1.179715059697628021e-02,3.931290470063686371e-03,-1.064956746995449066e-02,2.413202449679374695e-02,-1.261029485613107681e-02,-1.261029485613107681e-02,-5.210025701671838760e-03,1.655142195522785187e-02,1.094466075301170349e-02,-1.219060737639665604e-02,1.662355498410761356e-03,7.875696755945682526e-03,-1.514809206128120422e-02,1.285292673856019974e-02,9.410178288817405701e-03,1.306932792067527771e-02,-1.293817535042762756e-02,1.425625663250684738e-02,1.689241826534271240e-02,2.066960372030735016e-02,2.154832519590854645e-02,-1.040037814527750015e-02,-1.529563800431787968e-03,1.828263141214847565e-02,-7.193704135715961456e-03,-2.228277735412120819e-02,2.257131226360797882e-02,-1.882035657763481140e-02,-5.272322800010442734e-03,-2.714852802455425262e-02,-2.916827425360679626e-02,-1.426937151700258255e-02,-6.377281155437231064e-03,1.186928432434797287e-02,-5.003460682928562164e-03,7.875696755945682526e-03,-1.837443932890892029e-02,3.816532343626022339e-02,3.234215825796127319e-02,-2.077452652156352997e-02,-1.623829593881964684e-03,-3.318153554573655128e-03,2.178439870476722717e-02,5.564136896282434464e-03,-9.147874079644680023e-03,-1.112171635031700134e-02,-4.637545719742774963e-02,1.905643008649349213e-02,-8.511785417795181274e-03,-2.821414032950997353e-03,-2.318772859871387482e-02,3.942766343243420124e-04,-1.449233037419617176e-03,-9.288247383665293455e-05,2.131224982440471649e-02,-3.544391132891178131e-03,1.253160368651151657e-02,2.417137101292610168e-02,4.170643631368875504e-03,1.522678323090076447e-02,-4.724761936813592911e-03,-1.771867647767066956e-02,-1.154140383005142212e-02,1.062333676964044571e-02,1.597435213625431061e-02,8.026521652936935425e-03,-1.817771047353744507e-02,6.878938525915145874e-03,-3.337826346978545189e-03,-8.419978432357311249e-03,-1.709898235276341438e-03,9.029836393892765045e-03,-6.354329641908407211e-03,-5.462493747472763062e-03,-4.819847643375396729e-03,1.820394024252891541e-02,-6.282195914536714554e-03,-4.975590854883193970e-04,2.969288267195224762e-02,-3.032241389155387878e-02,-9.495426900684833527e-03,4.068344831466674805e-02,3.678822424262762070e-03,-6.010054610669612885e-03,-1.054464560002088547e-02,-9.600348770618438721e-03
-9.400554932653903961e-03,-3.400770202279090881e-02,-3.186628920957446098e-03,-3.642954304814338684e-02,-3.431361913681030273e-02,2.924050763249397278e-02,-3.492545336484909058e-02,2.252946607768535614e-03,-1.020995900034904480e-02,6.038661580532789230e-03,-1.570211374200880527e-03,2.340260334312915802e-02,-3.938673529773950577e-03,9.075518697500228882e-03,3.533971495926380157e-03,8.380834013223648071e-03,3.048966452479362488e-02,-5.500121507793664932e-03,2.173280902206897736e-02,-3.359981626272201538e-02,-1.117232069373130798e-02,-2.885492518544197083e-03,-9.202984161674976349e-03,-1.357503887265920639e-02,-1.671068184077739716e-02,-1.324362959712743759e-02,9.062772616744041443e-03,-2.658923156559467316e-02,-2.721381140872836113e-03,-2.119108336046338081e-03,-1.089189760386943817e-02,-4.668411333113908768e-03,-8.979920297861099243e-03,-4.058490693569183350e-02,-2.707359939813613892e-02,-1.963760005310177803e-04,-2.913853526115417480e-02,-2.200367162004113197e-03,-1.151966396719217300e-03,-1.642707153223454952e-03,8.903441019356250763e-03,-9.228477254509925842e-03,6.456110160797834396e-03,-2.296922169625759125e-02,-1.166306156665086746e-02,-4.244589712470769882e-03,-1.473497226834297180e-02,-2.924050763249397278e-02,-1.073256600648164749e-02,-1.173316780477762222e-02,3.755123540759086609e-02,5.267497617751359940e-03,-3.079558163881301880e-02,-3.235065564513206482e-02,8.941681124269962311e-03,-5.079486407339572906e-03,-1.533405855298042297e-02,8.208756335079669952e-03,1.161844935268163681e-02,-1.455652061849832535e-02,5.974929314106702805e-03,3.122896305285394192e-04,-5.079486407339572906e-03,1.151010394096374512e-02,-1.119303400628268719e-03,-1.962963491678237915e-02,-1.122967991977930069e-02,-3.530784742906689644e-03,-6.800265982747077942e-03,-1.256806403398513794e-02,4.050842672586441040e-02,1.599687710404396057e-02,1.549976319074630737e-02,2.268879674375057220e-03,8.788722567260265350e-03,-2.727754414081573486e-02,-1.730737858451902866e-04,-2.822078578174114227e-02,1.848244806751608849e-03,7.176288403570652008e-03,1.121056079864501953e-02,-1.883934997022151947e-02,3.996032755821943283e-03,2.006301470100879669e-02,5.503308027982711792e-03,-1.800445374101400375e-03,-3.043868020176887512e-02,8.374460972845554352e-03,2.104449644684791565e-02,-2.057287655770778656e-02,1.405303366482257843e-03,-1.082657137885689735e-03,5.563854239881038666e-03,2.804233506321907043e-02,-4.055941104888916016e-02,5.735931918025016785e-03,-2.268879860639572144e-02,4.193603619933128357e-02,-2.281626313924789429e-02,-3.839250653982162476e-02,2.778740413486957550e-02,-6.331831682473421097e-03,-1.047126296907663345e-02,-4.209536593407392502e-03,7.698895409703254700e-03,-1.490067690610885620e-02,-7.412098813802003860e-03,-1.580567844212055206e-02,-2.613035729154944420e-03,-5.857023876160383224e-03,-3.438372630625963211e-03,2.491943724453449249e-02,1.639201864600181580e-02,-4.639731720089912415e-02,-2.335798926651477814e-03,-2.165633067488670349e-02,1.351130660623311996e-02,-6.787519436329603195e-03,-1.226214785128831863e-02,-3.997307270765304565e-02,-2.850439632311463356e-03,2.635979466140270233e-02,7.335619535297155380e-03,-1.795984059572219849e-02,1.111496146768331528e-02,1.255531795322895050e-03,-1.889033615589141846e-02,-1.645575091242790222e-02,6.153380498290061951e-03,-2.008850872516632080e-02,3.617461025714874268e-02,7.087062578648328781e-03,4.517365247011184692e-02,-1.883934997022151947e-02,8.113954099826514721e-04,1.200721785426139832e-02,1.860991306602954865e-02,-1.252345182001590729e-02,-7.322873454540967941e-03,-7.157168351113796234e-03,1.764117740094661713e-02,1.022270508110523224e-02,-9.663451928645372391e-04,-1.448004133999347687e-02,2.286724932491779327e-02,4.024712368845939636e-03,1.625180803239345551e-02,1.747547276318073273e-02,-1.710582338273525238e-02,-1.497715618461370468e-02,1.046488899737596512e-02,-2.658923156559467316e-02,1.950216852128505707e-02,-1.445454917848110199e-02,6.395564414560794830e-03,1.295045949518680573e-02,-2.944445004686713219e-03,2.531458064913749695e-02,4.744093748740851879e-04,-6.121513899415731430e-03,-1.002513431012630463e-02,1.130456570535898209e-03,5.305737257003784180e-03,-8.266115561127662659e-03,1.579293236136436462e-02,2.855219505727291107e-02,3.839250653982162476e-02,-1.764117740094661713e-02,1.328027574345469475e-03,-1.290584728121757507e-02,1.618807576596736908e-02,4.711112007498741150e-02,-3.250361606478691101e-02,3.247812017798423767e-02,-4.789503291249275208e-03,3.237615153193473816e-02,2.154161222279071808e-02,1.324362959712743759e-02,-9.719218127429485321e-03,8.724990300834178925e-03,-1.038841065019369125e-02,4.983887542039155960e-03,1.904329471290111542e-02,2.980135381221771240e-02,-7.386605720967054367e-03,-1.878836378455162048e-02,7.755458354949951172e-04,2.718194387853145599e-03,2.725205011665821075e-02,-2.908754907548427582e-02,1.979533955454826355e-02,2.205147221684455872e-02,-1.449278835207223892e-02,9.030906483530998230e-03,-6.522136926651000977e-01,-4.458094015717506409e-03,1.304605882614850998e-02,-9.942281991243362427e-03,-1.349855959415435791e-02,1.072619296610355377e-02,9.802070446312427521e-03,2.717557176947593689e-02,-5.449135322123765945e-03,1.797258737497031689e-03,3.087205998599529266e-02,2.132492139935493469e-02,1.936195790767669678e-02,-1.694011874496936798e-02,-2.249759994447231293e-02,-1.595863699913024902e-02,-9.081892669200897217e-03,4.377631412353366613e-04,-7.628789637237787247e-03,-3.038450609892606735e-03,-1.632828637957572937e-02,9.859429672360420227e-03,-6.060968153178691864e-03,-2.002477645874023438e-02,-3.479798790067434311e-03,1.107034925371408463e-02,4.687530919909477234e-03,-7.941079325973987579e-03,2.402718178927898407e-03,1.135236525442451239e-04,-1.026094518601894379e-02,5.742305424064397812e-03,-2.370055299252271652e-04,4.670323431491851807e-02,3.189178183674812317e-02,-1.064334064722061157e-02,-1.570370793342590332e-02,9.190238080918788910e-03,1.088552456349134445e-02,3.915729746222496033e-02,-1.824026368558406830e-02,3.447932424023747444e-03,1.430159062147140503e-02,6.807436002418398857e-04,1.648124493658542633e-02,2.168182283639907837e-02,4.183406382799148560e-02,-8.675596909597516060e-04,1.430796342901885509e-03,1.804906688630580902e-02,1.600962318480014801e-02,-2.082780562341213226e-02,6.879135034978389740e-04,2.873064577579498291e-02,-4.971140995621681213e-03,-5.952622741460800171e-03,1.896681450307369232e-02,-1.161207538098096848e-02,-1.391919516026973724e-02,2.702261321246623993e-02,3.108556382358074188e-03,1.029281131923198700e-02,-2.591366693377494812e-02,-2.977585978806018829e-02,-1.965512707829475403e-02,3.925926983356475830e-03,1.183514017611742020e-02,2.620683610439300537e-02,2.030519954860210419e-02,-3.238411736674606800e-04,-3.431999357417225838e-03,4.282829351723194122e-03,1.035017054527997971e-02,-1.465849298983812332e-02,4.611052107065916061e-03,2.278439700603485107e-03,2.231914922595024109e-02,-5.296177230775356293e-03,-5.213324911892414093e-03,3.489358583465218544e-03,-1.116594765335321426e-02,6.628188304603099823e-03,-2.702261321246623993e-02,6.210739724338054657e-03,1.228764094412326813e-02,-3.151576034724712372e-03,-2.322415076196193695e-02,-6.609068252146244049e-03,-2.235420281067490578e-03,-3.441559092607349157e-04,1.527032535523176193e-02,1.626455411314964294e-02,9.030906483530998230e-03,8.355340920388698578e-03,3.023473545908927917e-02,3.022517543286085129e-03,9.528020396828651428e-03,7.029703352600336075e-03,-2.635342068970203400e-03,6.162940524518489838e-03,-4.776756744831800461e-03,-3.260558843612670898e-02,1.980808563530445099e-02,-5.149592179805040359e-03,8.068544790148735046e-03,1.822751760482788086e-02,-3.469601646065711975e-02,6.357324775308370590e-03,1.129341311752796173e-02,-2.558225765824317932e-02,-2.299471385776996613e-02,4.378428217023611069e-03,-5.952622741460800171e-03,5.238021258264780045e-04,-6.086461246013641357e-03,-2.842473052442073822e-02,1.361327897757291794e-02,1.510462071746587753e-02,4.126684274524450302e-03,-2.773641794919967651e-02,2.959740906953811646e-02,3.153488039970397949e-02,1.277838181704282761e-02,-7.246394176036119461e-03,6.749279797077178955e-03,2.867965959012508392e-02,-1.247883867472410202e-02,-2.421838045120239258e-02,-2.565873600542545319e-02,-1.080904528498649597e-02,1.200721785426139832e-02,7.941079325973987579e-03,1.282299496233463287e-02,-1.005381462164223194e-03,1.867364509962499142e-03,-7.743508089333772659e-03,9.585379622876644135e-03,-1.603511720895767212e-02,3.120347112417221069e-02,-4.191054403781890869e-02,9.808443486690521240e-03,-9.808443486690521240e-03,-9.177491068840026855e-03,-7.571430411189794540e-03,-1.095403684303164482e-03,-2.512338198721408844e-02,-1.149735692888498306e-02,5.978115834295749664e-03,-4.152814671397209167e-02,7.609670050442218781e-03,4.461280535906553268e-03,-8.259742520749568939e-03,-2.651275321841239929e-02,-3.336400492116808891e-03,6.459296680986881256e-03,5.630773492157459259e-03,1.570370793342590332e-02,-2.522535435855388641e-02,3.438372630625963211e-03,-4.188505187630653381e-02,9.553513489663600922e-03,2.600289136171340942e-02,-2.248485386371612549e-02,-2.467725425958633423e-02,-1.288035418838262558e-02,-2.867965959012508392e-02,1.510462071746587753e-02,2.451154962182044983e-02,8.100410923361778259e-03,-2.483021281659603119e-02,-6.755653303116559982e-03,-4.152177367359399796e-03,-1.493891607969999313e-02,3.788264468312263489e-02,-1.142725162208080292e-02,1.320539042353630066e-02,5.198188591748476028e-04,-4.769746214151382446e-02,-5.034873727709054947e-03,1.152285002171993256e-02,9.101011790335178375e-03,-9.209357202053070068e-03,-9.865802712738513947e-03,-8.196009323000907898e-03,4.229752084938809276e-05,-9.948655031621456146e-03,-9.464288130402565002e-03,5.484188441187143326e-03,-2.526359446346759796e-02,1.119781378656625748e-02,-3.028572164475917816e-02,2.946994453668594360e-02,2.597102429717779160e-04,-1.873737759888172150e-02,7.571430411189794540e-03,9.910415858030319214e-03,1.365151815116405487e-02,-6.774772889912128448e-03,-1.004425436258316040e-02,2.592641301453113556e-02,3.635943634435534477e-03,7.743508089333772659e-03,2.101900428533554077e-02,-1.343482732772827148e-02,-3.613637294620275497e-03,-2.755796723067760468e-02,-4.180856980383396149e-03,-4.211448878049850464e-02,3.194276988506317139e-02,8.310727775096893311e-03,-2.425024518743157387e-03,-4.068687930703163147e-02,-2.725205011665821075e-02,-4.945647902786731720e-03,-8.374460972845554352e-03,5.965369194746017456e-02,1.129341311752796173e-02,-1.677441410720348358e-02,2.058562263846397400e-02,-4.932901356369256973e-03,1.521934010088443756e-02,-1.394468825310468674e-02,8.680377155542373657e-03,-3.865380771458148956e-03,-9.738338179886341095e-03,6.823369185440242290e-04,3.154762554913759232e-03,-8.532198844477534294e-04,1.514286082237958908e-02,1.157383620738983154e-02,1.091101765632629395e-02,-1.482778316130861640e-04,-1.109743490815162659e-03,1.641751267015933990e-02,2.377225086092948914e-02,1.143999770283699036e-02,-9.566259570419788361e-03,-2.522216876968741417e-03,1.729702204465866089e-02,-2.725205011665821075e-02,-1.419961825013160706e-02,1.673617586493492126e-02,9.113758802413940430e-03,-2.215344458818435669e-02,1.088552456349134445e-02,-5.414082668721675873e-03,2.261231839656829834e-02,8.616644889116287231e-03,2.052189083769917488e-03,-3.897247137501835823e-03,-8.431820198893547058e-03,2.160534495487809181e-03,-2.382323704659938812e-02,2.709909155964851379e-02,2.595190517604351044e-02,-3.156037256121635437e-02,2.975036762654781342e-02,3.670996520668268204e-03,6.169313564896583557e-03,1.403391361236572266e-02,-1.547427009791135788e-02,1.859716698527336121e-02,-5.104979500174522400e-03,4.301948938518762589e-03,3.227417916059494019e-02,-7.424845360219478607e-03,-2.057287655770778656e-02,-9.241224266588687897e-03,-5.758238490670919418e-03,-5.363096483051776886e-03,-1.144637074321508408e-02,-1.925998553633689880e-02,1.811279915273189545e-02,-3.200968727469444275e-03,1.366426516324281693e-02,2.034343965351581573e-02,-4.117124527692794800e-02,-1.081541832536458969e-02,6.774772889912128448e-03,7.335619535297155380e-03,-4.735330585390329361e-03,-4.020250961184501648e-02,2.653824537992477417e-02,9.744711220264434814e-03,2.525403397157788277e-03,-1.459476072341203690e-02,-2.860318124294281006e-02,1.895406842231750488e-02,-1.603511720895767212e-02,1.538504473865032196e-02,1.094925682991743088e-02,2.068759500980377197e-02,3.189178183674812317e-02,6.248979363590478897e-03,-8.074917830526828766e-03,-2.020322717726230621e-02,4.531386308372020721e-03,-2.771092578768730164e-02,8.054204517975449562e-04,3.951419610530138016e-03,-1.089030411094427109e-03,-2.182203531265258789e-02,-2.144601196050643921e-03,4.840489476919174194e-03,5.328043550252914429e-02,-1.249795872718095779e-02,1.862584613263607025e-03,2.375631825998425484e-03,3.071910236030817032e-03,-1.567821390926837921e-02,-3.588144201785326004e-03,5.586160346865653992e-03,-3.851997107267379761e-02,-1.292496640235185623e-02,-3.543132916092872620e-04,-2.144601196050643921e-03,-3.403319790959358215e-02,-6.883118301630020142e-03,2.230640314519405365e-02,1.850794069468975067e-02,-1.539938384667038918e-03,-8.436599746346473694e-04,-9.585379622876644135e-03,4.932901356369256973e-03,1.097220033407211304e-01,1.620082184672355652e-02,2.764400560408830643e-03,3.265657275915145874e-02,1.601280993781983852e-03,3.418615460395812988e-02,-2.244661375880241394e-02,-1.453102752566337585e-02,9.566259570419788361e-03,8.043051697313785553e-03,2.200048603117465973e-02,-1.201996393501758575e-02,9.362315759062767029e-03,-1.897637499496340752e-03,1.778138987720012665e-02,1.367860473692417145e-03,-1.479870453476905823e-02,1.451828144490718842e-02,7.992065511643886566e-03,6.290405523031949997e-03,-2.921501360833644867e-02,1.209007017314434052e-02,-1.333285495638847351e-02,-7.297380361706018448e-04,1.450553443282842636e-02,-2.946994453668594360e-02,5.210138391703367233e-03,2.852670103311538696e-02,3.801648272201418877e-03,-2.168182283639907837e-02,-1.472222525626420975e-02,2.871152712032198906e-03,1.024819817394018173e-02,1.353679969906806946e-02,-1.060510054230690002e-02,1.084728445857763290e-02,-9.101011790335178375e-03,1.950216852128505707e-02,5.154690891504287720e-02,-9.273090399801731110e-03,7.004210259765386581e-03,-1.068795379251241684e-02,1.654497720301151276e-02,-2.799134887754917145e-02,6.296778563410043716e-03,-9.774983627721667290e-04,-1.273058238439261913e-03,2.586268074810504913e-02,7.494951132684946060e-03,-7.603296544402837753e-03,3.535883501172065735e-02,-2.118470892310142517e-02,-3.428812697529792786e-02,-2.289274148643016815e-02,-9.062772616744041443e-03,7.788121234625577927e-03,5.414082668721675873e-03,9.757457301020622253e-03,1.685925817582756281e-04,-4.384801257401704788e-03,-2.263781242072582245e-02,-1.897956244647502899e-02,-2.802640199661254883e-03,1.496440917253494263e-02,-1.794709451496601105e-02,-6.022728513926267624e-03,-1.301419269293546677e-02,8.482806384563446045e-03,-8.775975555181503296e-03,-1.342208124697208405e-02,4.027898889034986496e-03,-2.008850872516632080e-02,1.245971885509788990e-03,-6.264912430197000504e-03,3.418615460395812988e-02,2.324964478611946106e-02,-4.725770559161901474e-03,-1.622631400823593140e-02,1.093651074916124344e-02,8.508299477398395538e-03,-2.621002262458205223e-03,-2.702261321246623993e-02,-1.013347972184419632e-02,-1.351130660623311996e-02,-1.430796342901885509e-03,3.801010921597480774e-02,-2.979498123750090599e-03,6.162143545225262642e-04,1.416137907654047012e-02,1.678716018795967102e-02,1.156109012663364410e-02,1.450553443282842636e-02,4.544132854789495468e-03,5.394962616264820099e-03,2.555676270276308060e-03,2.232631813967600465e-04,6.229859311133623123e-03,-2.020322717726230621e-03,4.901035223156213760e-03,-1.641751267015933990e-02,3.578584175556898117e-03,-2.560774981975555420e-02,2.112097665667533875e-02,-1.956590078771114349e-02,2.221717685461044312e-02,-4.301948938518762589e-04,-7.622416131198406219e-03,1.339658815413713455e-02,1.448322786018252373e-03,8.556098327971994877e-04,4.945647902786731720e-03,-1.947667635977268219e-02,-1.452306169085204601e-03,-1.474771834909915924e-02,-1.571008004248142242e-03,-1.228126790374517441e-02,8.795095607638359070e-03,2.382323704659938812e-02,2.661472372710704803e-02,3.079558163881301880e-02,-1.659596338868141174e-02,-2.898557670414447784e-02,2.936797216534614563e-02,1.170767471194267273e-02,4.400734324008226395e-03,1.233225408941507339e-02,1.470947917550802231e-02,-2.681866846978664398e-02,-7.998438552021980286e-03,6.475229747593402863e-03,2.852032892405986786e-03,1.326912268996238708e-02,3.157949307933449745e-03,-3.690116340294480324e-03,-4.512266442179679871e-02,-4.748077190015465021e-04,-1.006974745541810989e-02,5.318483803421258926e-03,-1.998653635382652283e-02,-4.840489476919174194e-03,-1.294408645480871201e-02,-2.740500867366790771e-02,-3.956518322229385376e-02,-1.612434163689613342e-02,-6.965970620512962341e-03,-3.678644448518753052e-02,2.259319880977272987e-03,4.180856980383396149e-03,1.810005307197570801e-02,2.542929910123348236e-02,-1.358778588473796844e-02,-2.911304123699665070e-02,-4.196152836084365845e-02,4.238216672092676163e-03,8.425447158515453339e-03,-1.437806989997625351e-02,-1.442905608564615250e-02,-1.060510054230690002e-02,3.874940797686576843e-02,1.677441410720348358e-02,1.288035418838262558e-02,8.017558604478836060e-03,2.669120393693447113e-02,1.481145154684782028e-02,-2.432035095989704132e-02,1.326434314250946045e-03,-3.441559150815010071e-03,-1.627730019390583038e-02,-1.830718363635241985e-03,-3.897247137501835823e-03,1.755832578055560589e-03,1.826575770974159241e-02,2.239562757313251495e-02,-9.521647356450557709e-03,3.623197088018059731e-03,1.306517887860536575e-02,-1.385386916808784008e-03,8.731363341212272644e-03,-3.393122553825378418e-02,-4.507168009877204895e-02,7.149998564273118973e-04,1.575469411909580231e-02,1.049675606191158295e-02,-1.744679291732609272e-03,-6.965970620512962341e-03,-1.400842051953077316e-02,6.240694224834442139e-02,-1.166306156665086746e-02,-1.922174543142318726e-02,1.316715031862258911e-02,1.575469411909580231e-02,-4.183406382799148560e-02,1.807455904781818390e-02,1.517632044851779938e-03,1.625180710107088089e-03,-1.183514017611742020e-02,1.625180803239345551e-02,2.936797216534614563e-02,-1.451509422622621059e-03,-7.004210259765386581e-03,2.323689870536327362e-02,5.958996247500181198e-03,-1.992280408740043640e-02,-2.056968864053487778e-03,-1.880111056379973888e-03,-8.317101164720952511e-04,-1.196897774934768677e-02,2.597739920020103455e-02,1.340774120762944221e-03,-3.359981626272201538e-02,-1.030555833131074905e-02,-2.156710438430309296e-02,-2.560456283390522003e-03,-2.169456891715526581e-02,2.788937650620937347e-02,1.511258771643042564e-03,-1.384271588176488876e-02,6.867185002192854881e-04,-2.936797216534614563e-02,-5.219697952270507812e-03,-9.770204313099384308e-03,-1.325637660920619965e-02,2.595190517604351044e-02,-4.024712368845939636e-03,3.844349086284637451e-02,1.934920996427536011e-02,-5.672199651598930359e-03,-1.513011381030082703e-02,9.343195706605911255e-03,1.892857602797448635e-03,-1.490545691922307014e-03,8.202382363379001617e-03,6.366884335875511169e-03,-3.913180436939001083e-03,-1.323088351637125015e-02,-6.762026343494653702e-03,7.246394176036119461e-03,-1.588215865194797516e-02,-2.523810043931007385e-02,7.851853966712951660e-03,-1.854618079960346222e-02,1.030077808536589146e-03,-6.096021272242069244e-03,-2.245935983955860138e-02,9.853056631982326508e-03,9.827563539147377014e-03,-4.053391888737678528e-02,-8.469462045468389988e-05,-2.206421829760074615e-02,-3.138191998004913330e-02,-1.603511720895767212e-02,2.043266408145427704e-02,-3.178980946540832520e-02,3.393122553825378418e-02,1.031830441206693649e-02,-1.783237606287002563e-02,2.089153975248336792e-02,9.164744988083839417e-03,-1.695286668837070465e-02,2.054738253355026245e-02,-2.791486866772174835e-02,1.295683346688747406e-02,9.260343387722969055e-03,-1.096837688237428665e-02,4.712227382697165012e-04,-1.835498260334134102e-03,-3.497643768787384033e-02,-1.446729525923728943e-03,5.748678464442491531e-03,2.664021775126457214e-02,-1.767941750586032867e-02,-4.250962752848863602e-03,1.551250927150249481e-02,8.043051697313785553e-03,1.821158453822135925e-03,2.392520941793918610e-02,-1.657047076150774956e-03,-5.152779165655374527e-03,1.386820897459983826e-02,-1.785786822438240051e-02,7.138048764318227768e-03,8.425447158515453339e-03,-5.853837355971336365e-03,-2.095527201890945435e-02,8.572031743824481964e-03,-2.763444557785987854e-02,-1.053499523550271988e-02,-1.440953783458098769e-04,3.406506264582276344e-03,5.643519572913646698e-03,-2.646176703274250031e-02,-1.875012367963790894e-02,3.772968659177422523e-03,2.212795056402683258e-02,3.095810068771243095e-03,4.630171693861484528e-03,1.433982979506254196e-02,3.686292469501495361e-02,-4.184043966233730316e-03,1.204545702785253525e-02,-1.900505460798740387e-02,3.957793116569519043e-03,-9.547140449285507202e-03,2.518711425364017487e-02,-3.272667992860078812e-03,-4.948834888637065887e-03,1.561448164284229279e-02,-1.691462658345699310e-02,-3.250361606478691101e-02,1.612434163689613342e-02,-6.653680931776762009e-03,1.803631894290447235e-02,1.481145154684782028e-02,-2.773641794919967651e-02,2.375631825998425484e-03,-7.252767216414213181e-03,3.156037256121635437e-02,-1.970611326396465302e-02,-1.552525628358125687e-02,2.855219505727291107e-02,-4.381614737212657928e-03,4.720193974208086729e-04,3.936123847961425781e-02,-2.324964478611946106e-02,3.992846235632896423e-03,2.304570004343986511e-02,2.235420281067490578e-03,-6.111954338848590851e-03,-3.023473545908927917e-02,-1.722054183483123779e-02,-8.999040350317955017e-03,1.233225408941507339e-02,-5.860210396349430084e-03,-6.615441758185625076e-03,7.036076392978429794e-03,-1.337109506130218506e-02,-2.796266926452517509e-03,4.174483765382319689e-04,-2.254858613014221191e-02,4.642918240278959274e-03,9.821190498769283295e-03,-2.551294746808707714e-04,-8.259742520749568939e-03,5.082672927528619766e-03,-8.476433344185352325e-03,4.706650972366333008e-03,2.330063097178936005e-02,-3.288600966334342957e-02,-4.244589805603027344e-02,-4.639731720089912415e-02,-3.887687250971794128e-02,2.997980453073978424e-02,-8.532198844477534294e-04,-2.384873107075691223e-02,-2.149062603712081909e-02,1.411039289087057114e-02,-4.196152836084365845e-02,1.594589091837406158e-02,-2.072583511471748352e-02,3.395671769976615906e-02,2.123569510877132416e-02,-4.282829351723194122e-03,9.043652564287185669e-03,2.103175036609172821e-02,1.317989733070135117e-02,4.063589125871658325e-02,-8.374460972845554352e-03,-2.699074568226933479e-03,-3.575397655367851257e-03,-6.558082066476345062e-03,1.456926763057708740e-02,1.095562987029552460e-02,-1.416137907654047012e-02,-1.775589585304260254e-02,2.123569510877132416e-02,-6.099207792431116104e-03,5.337603390216827393e-03,5.994048900902271271e-03,-1.803631894290447235e-02,-5.401336122304201126e-03,-1.555074937641620636e-02,-1.601280993781983852e-03,4.531386308372020721e-03,5.809224676340818405e-03,-1.606060937047004700e-02,-2.490669116377830505e-02,1.136989239603281021e-02,5.111352540552616119e-03,1.516835391521453857e-02,-2.075132727622985840e-02,1.496440917253494263e-02,3.897884488105773926e-02,4.043831955641508102e-03,-3.282227786257863045e-03,-5.640333401970565319e-04,-6.306338589638471603e-03,6.226672790944576263e-03,6.781146395951509476e-03,3.765320777893066406e-02,-9.617245756089687347e-03,1.639201864600181580e-02,-1.708033145405352116e-03,-6.883118301630020142e-03,-1.484969072043895721e-02,-1.728427596390247345e-02,2.121020108461380005e-02,-1.551250927150249481e-02,-1.839322224259376526e-02,-7.208154536783695221e-03,-2.867965959012508392e-02,-4.029093834105879068e-04,-6.006795447319746017e-03,-1.048400904983282089e-02,-2.194949984550476074e-02,1.046010991558432579e-03,-2.794036269187927246e-02,-5.159152206033468246e-03,-2.421838045120239258e-02,2.676768228411674500e-02,3.826503828167915344e-02,-3.202561987563967705e-03,1.179690007120370865e-02,-7.138048531487584114e-04,-7.099809125065803528e-03,-7.622416131198406219e-03,-1.832948997616767883e-02,9.362315759062767029e-03,-4.639731720089912415e-03,-2.504690317437052727e-03,-3.897247137501835823e-03,9.776577353477478027e-03,1.458679325878620148e-03,-2.600289136171340942e-02,-9.980522096157073975e-03,-3.138191998004913330e-02,9.145624935626983643e-03,2.028225511312484741e-01,-2.842473052442073822e-02,-1.714406348764896393e-02,2.587542682886123657e-02,1.217929553240537643e-02,1.179052703082561493e-02,1.950216852128505707e-02,7.225681329146027565e-04,-1.496440917253494263e-02,4.999820608645677567e-03,-3.403319790959358215e-02,7.558683864772319794e-03,-6.768399849534034729e-03,1.075168605893850327e-02,6.768399849534034729e-03,-6.634561344981193542e-03,-2.558225765824317932e-02,-2.609211765229701996e-02,-7.921759970486164093e-05,-1.533405855298042297e-02,7.953825406730175018e-03,1.436532288789749146e-02,-2.980135381221771240e-02,-1.783237606287002563e-02,4.035547003149986267e-02,-2.290548942983150482e-02,6.503909826278686523e-03,-2.354918746277689934e-03,1.802357286214828491e-02,1.793434657156467438e-02,-2.662826736923307180e-04,-7.960199378430843353e-03,-2.070034109055995941e-02,-5.382216069847345352e-03,-2.443507127463817596e-02,7.500528008677065372e-04,-2.788300393149256706e-03,-2.123569510877132416e-02,-4.168110433965921402e-03,1.453102752566337585e-02,1.158020924776792526e-02,4.241403192281723022e-03,-7.080689538270235062e-03,-1.529581844806671143e-02,-7.724388502538204193e-03,1.214105635881423950e-02,-1.919625326991081238e-02,-1.036929059773683548e-02,-2.540380507707595825e-02,1.331214210949838161e-03,-3.558827191591262817e-02,1.803631894290447235e-02,1.241510640829801559e-02,3.097403235733509064e-02,1.161526190117001534e-03,2.368302643299102783e-02,2.015224099159240723e-02,6.252165883779525757e-03,-5.168712232261896133e-03,-1.154197007417678833e-02,-1.381722278892993927e-02,4.440886154770851135e-02,-7.526817265897989273e-03,2.916402742266654968e-02,1.787698827683925629e-03,8.674004115164279938e-03,-4.045744240283966064e-02,1.625180803239345551e-02,7.902839221060276031e-03,-1.384271588176488876e-02,-6.946851033717393875e-03,-9.798883693292737007e-04,-6.793892942368984222e-03,-1.103848218917846680e-02,2.191125974059104919e-02,-3.431999357417225838e-03,1.006974745541810989e-02,2.625782229006290436e-02,1.669793576002120972e-02,2.141414582729339600e-02,-9.521647356450557709e-03,-1.289310026913881302e-02,-3.772968659177422523e-03,9.961402043700218201e-03,-1.077080611139535904e-02,-1.024819817394018173e-02,1.747547276318073273e-02,-5.328043363988399506e-03,-1.168218161910772324e-02,3.925926983356475830e-02,9.285836480557918549e-03,-1.806181296706199646e-02,-2.008850872516632080e-02,1.122967991977930069e-02,1.278475485742092133e-02,2.211520448327064514e-02,-1.270190253853797913e-02,-6.876745261251926422e-03,1.623906008899211884e-02,9.961402043700218201e-03,-1.504088845103979111e-02,-1.175228785723447800e-02,2.388697117567062378e-02,3.019330790266394615e-03,3.307720879092812538e-03,2.479197224602103233e-03,1.245334558188915253e-02,3.324291110038757324e-02,2.332612313330173492e-02,-5.337603390216827393e-03,5.382216069847345352e-03,-8.125904016196727753e-03,-7.380232680588960648e-03,-1.208369713276624680e-02,2.145238593220710754e-02,-4.381614737212657928e-03,-4.321068990975618362e-03,-1.748821884393692017e-02,7.233647629618644714e-03,-3.358706831932067871e-03,1.191799249500036240e-02,-2.113372273743152618e-02,-8.584777824580669403e-03,1.062740688212215900e-03,-1.765392348170280457e-02,-1.098749600350856781e-02,-1.970611326396465302e-02,-8.355340920388698578e-03,2.360654622316360474e-02,-3.492545336484909058e-02,1.017809286713600159e-02,-3.367629274725914001e-02,3.025704063475131989e-03,1.213468331843614578e-02,3.782528452575206757e-03,-4.244689262122847140e-05,3.421642759349197149e-04,-3.105051256716251373e-02,-1.119781378656625748e-02,-4.563252441585063934e-03,-8.782349526882171631e-03,1.354954577982425690e-02,1.843146234750747681e-02,6.908611394464969635e-03,-1.066724071279168129e-03,7.902839221060276031e-03,1.444180216640233994e-02,-4.429414402693510056e-03,6.990667316131293774e-04,-2.108273655176162720e-02,-3.599616140127182007e-02,-5.974929314106702805e-03,-9.770204313099384308e-03,-2.294372767210006714e-02,4.188505187630653381e-02,-9.030906483530998230e-03,-3.347235172986984253e-02,-2.370851859450340271e-02,-6.413090741261839867e-04,2.244661375880241394e-02,-4.963493347167968750e-02,-9.056399576365947723e-03,3.569024428725242615e-02,-3.495094552636146545e-02,-1.764117740094661713e-02,-3.441559150815010071e-03,-1.593824326992034912e-01,6.883118301630020142e-03,2.414190024137496948e-02,1.214742939919233322e-02,3.902982920408248901e-02,6.742906756699085236e-03,3.413517028093338013e-02,4.764010198414325714e-03,-9.763831272721290588e-03,1.792160049080848694e-02,5.242004524916410446e-03,-3.757035592570900917e-03,-3.250361606478691101e-02,-1.304605882614850998e-02,-4.977514501661062241e-03,4.764010198414325714e-03,-1.431433670222759247e-02,2.091703191399574280e-02,1.779413595795631409e-02,5.226071458309888840e-03,2.205147221684455872e-02,1.581364544108510017e-03,9.330449625849723816e-03,-2.641078084707260132e-02,2.287999540567398071e-02,9.566259570419788361e-03,-3.102501854300498962e-02,1.191161852329969406e-02,-2.154161222279071808e-03,-2.350457571446895599e-02,-1.075805909931659698e-02,2.034343965351581573e-02,3.793362900614738464e-02,2.262506447732448578e-02,3.801648272201418877e-03,7.794494275003671646e-03,1.306517887860536575e-02,-3.156037256121635437e-02,-2.276527695357799530e-02,1.778138917870819569e-03,-1.855215523391962051e-04,2.753247320652008057e-02,2.149381209164857864e-03,-2.597739920020103455e-02,4.292388912290334702e-03,5.152779165655374527e-03,-6.997837219387292862e-03,-1.117232069373130798e-02,1.584391854703426361e-02,-3.449207171797752380e-02,-4.199977032840251923e-03,-1.769216358661651611e-02,3.038450609892606735e-03,-2.623232826590538025e-02,2.776191011071205139e-02,-2.799453446641564369e-03,-2.212795056402683258e-02,1.095562987029552460e-02,-3.658249974250793457e-02,-2.896008267998695374e-02,-1.314165722578763962e-02,-8.659664308652281761e-04,5.089046433568000793e-03,6.564455572515726089e-03,2.788937650620937347e-02,-1.563997380435466766e-02,2.628968795761466026e-03,1.376623637042939663e-03,-2.247210778295993805e-02,-1.158020924776792526e-02,-1.346032042056322098e-02,-1.810005307197570801e-02,1.223028171807527542e-02,1.743723265826702118e-02,1.258081104606389999e-02,-2.040717191994190216e-02,-1.747547276318073273e-02,2.610486373305320740e-02,2.658923156559467316e-02,-2.969938144087791443e-02,-9.298583492636680603e-03,5.098606273531913757e-02,-8.795095491223037243e-04,-2.783839032053947449e-02,2.526359446346759796e-02,-1.036929059773683548e-02,-1.833904883824288845e-03,-7.539563812315464020e-03,-8.750483393669128418e-03,-6.634561344981193542e-03,5.477814935147762299e-03,-2.433309890329837799e-02,1.950216852128505707e-02,-1.445454917848110199e-02,2.401443570852279663e-02,1.465849298983812332e-02,8.017558604478836060e-03,-1.390644814819097519e-02,1.901780068874359131e-02,-3.667809767648577690e-03,3.441559150815010071e-03,7.616043090820312500e-03,-4.443435370922088623e-02,8.412700146436691284e-03,-8.549127960577607155e-05,8.196009323000907898e-03,2.138227922841906548e-03,3.576672449707984924e-02,2.699711918830871582e-02,1.515560690313577652e-02,-7.692522369325160980e-03,9.980522096157073975e-03,8.444566279649734497e-03,4.904221743345260620e-03,6.532589439302682877e-03,6.851252168416976929e-03,-2.326239086687564850e-02,-1.398292742669582367e-02,8.616644889116287231e-03,-6.175686605274677277e-03,5.552382022142410278e-02,4.464467056095600128e-03,-1.020995900034904480e-02,1.267003640532493591e-02,5.608466919511556625e-03,-1.806181296706199646e-02,-1.245079636573791504e-01,-5.458695348352193832e-03,5.066739860922098160e-03,1.124880043789744377e-03,5.672199651598930359e-03,2.021597325801849365e-02,1.732251420617103577e-02,-6.236232817173004150e-03,-1.456926763057708740e-02,-8.125904016196727753e-03,-7.029703352600336075e-03,-1.304605882614850998e-02,-1.493891607969999313e-02,6.602695211768150330e-03,1.794709451496601105e-02,-8.718616329133510590e-03,-1.155949663370847702e-03,-1.237686630338430405e-02,-1.300144568085670471e-02,2.732853032648563385e-02,5.790104623883962631e-03,3.677369793877005577e-03,-4.317882005125284195e-03,-1.811279915273189545e-02,-7.189034949988126755e-03,9.763831272721290588e-03,-1.708033122122287750e-02,1.272102259099483490e-02,1.004425436258316040e-02,-7.118929177522659302e-03,7.781747728586196899e-03,9.209357202053070068e-03,-1.172679476439952850e-02,2.146513201296329498e-02,-9.158371016383171082e-03,-1.595863699913024902e-02,-4.502069205045700073e-02,-1.626455411314964294e-02,2.216619066894054413e-02,-2.363204024732112885e-02,2.350457571446895599e-02,2.745599485933780670e-02,5.640333052724599838e-03,-2.718194387853145599e-03,8.450940251350402832e-03,-6.538962479680776596e-03,-1.342208124697208405e-02,1.546152308583259583e-02,2.553127147257328033e-02,-1.589331193827092648e-03,-3.906806930899620056e-03,-2.338985539972782135e-02,-1.650673709809780121e-02,7.399352267384529114e-03,1.488792989403009415e-02,-3.000529855489730835e-02,1.575469411909580231e-02,2.368302643299102783e-02,-9.725591167807579041e-03,9.680978953838348389e-03,1.096200384199619293e-02,2.089153975248336792e-02,1.399567443877458572e-02,2.372126467525959015e-02,5.159152206033468246e-03,-1.006974745541810989e-02,-1.311616413295269012e-02,-1.157383620738983154e-02,7.998438552021980286e-03,-2.068759500980377197e-02,5.053993314504623413e-03,-7.539563812315464020e-03,-1.685089431703090668e-02,2.284175530076026917e-02,-2.463901415467262268e-02,-8.272488601505756378e-03,-7.654282730072736740e-03,3.479798790067434311e-03,2.142689190804958344e-02,-2.924050763249397278e-02,-1.152922306209802628e-02,-1.581842638552188873e-02,1.910384045913815498e-03,-4.910595249384641647e-03,4.328716546297073364e-02,-4.349748603999614716e-03,4.964767955243587494e-03,-2.692064084112644196e-02,7.539563812315464020e-03,2.389971632510423660e-05,1.094925682991743088e-02,2.104449644684791565e-02,1.646849885582923889e-02,-6.813012529164552689e-03,-3.960979636758565903e-03,2.656373940408229828e-02,-9.846683591604232788e-03,-7.106182631105184555e-03,-3.546718042343854904e-03,8.597524836659431458e-03,-8.004811592400074005e-03,-3.945046570152044296e-03,-3.984560817480087280e-02,9.961402043700218201e-03,-3.110149875283241272e-02,-4.448533989489078522e-03,-8.578404784202575684e-03,-2.888360433280467987e-02,1.979533955454826355e-02,-6.985090672969818115e-03,-1.683814637362957001e-02,1.140813156962394714e-02,-1.112770847976207733e-02,2.030519954860210419e-02,-1.538504473865032196e-02,4.528199788182973862e-03,-3.074459545314311981e-02,1.230676099658012390e-02,-2.063660882413387299e-02,4.098004661500453949e-03,-1.677441410720348358e-02,-3.323653945699334145e-03,1.390644814819097519e-02,-5.841090809553861618e-03,6.370071321725845337e-03,8.234249427914619446e-03,-2.786388248205184937e-02,-1.472222525626420975e-02,-6.134260911494493484e-04,1.904329471290111542e-02,-2.665615174919366837e-03,-4.744890611618757248e-03,2.347908169031143188e-02,4.117124713957309723e-03,1.662145555019378662e-02,1.766667142510414124e-02,5.101792979985475540e-03,-5.229257978498935699e-03,1.875331159681081772e-03,-1.731932861730456352e-03,2.106999047100543976e-02,3.382925316691398621e-02,-1.036929059773683548e-02,-2.221717685461044312e-02,2.237013541162014008e-02,-3.110149875283241272e-02,7.016956806182861328e-03,5.504901637323200703e-04,3.823954612016677856e-03,-3.887687344104051590e-03,1.951491460204124451e-02,2.182840835303068161e-03,2.379774488508701324e-02,3.882588818669319153e-02,7.622416131198406219e-03,-2.330063097178936005e-02,-1.637927256524562836e-02,-1.078673871234059334e-03,3.013276308774948120e-02,-1.330736186355352402e-02,-2.359698759391903877e-03,-1.711857132613658905e-02,2.375950478017330170e-02,9.853056631982326508e-03,1.991005800664424896e-02,-3.239208366721868515e-03,1.077717915177345276e-02,2.272703684866428375e-02,-6.064553235773928463e-05,6.895864848047494888e-03,-1.027369126677513123e-02,1.162123735412023962e-04,-1.928547769784927368e-02,-6.102394545450806618e-04,2.107955049723386765e-03,8.667631074786186218e-03,-2.726559469010680914e-04,-7.303753402084112167e-03,-1.037566363811492920e-02,-1.825938350521028042e-03,-2.651275321841239929e-02,-9.572633542120456696e-03,2.372126467525959015e-02,-4.693904425948858261e-03,-3.326840698719024658e-02,1.584391854703426361e-02,1.432708371430635452e-02,-1.472222502343356609e-03,-2.045815810561180115e-02,-9.935908950865268707e-03,1.649399101734161377e-02,4.990261048078536987e-03,-1.904010772705078125e-03,2.092977799475193024e-02,1.711857132613658905e-02,6.876745261251926422e-03,5.879330448806285858e-03,1.529581844806671143e-02,1.727152848616242409e-03,2.017773501574993134e-02,-6.003608927130699158e-03,6.991463713347911835e-03,-2.471230691298842430e-03,9.528020396828651428e-03,-4.454907029867172241e-03,-6.806639488786458969e-03,-1.790885464288294315e-03,1.381722278892993927e-02,-2.596465311944484711e-02,-1.316715031862258911e-02,-2.091703191399574280e-02,3.036219999194145203e-02,1.388095505535602570e-02,1.021633204072713852e-02,1.404666062444448471e-02,-4.485180252231657505e-04,-1.436532288789749146e-02,1.332010887563228607e-02,3.597703995183110237e-03,5.579787306487560272e-03,-6.997837219387292862e-03,3.038769401609897614e-02,1.947667635977268219e-02,5.162338726222515106e-03,2.875613979995250702e-02,5.152779165655374527e-03,1.419961825013160706e-02,2.558225765824317932e-02,-1.234500017017126083e-02,-1.671068184077739716e-02,1.331214210949838161e-03,-7.163541857153177261e-03,2.958785044029355049e-03,-3.556277835741639137e-03,-2.317316457629203796e-02,-9.094638749957084656e-03,-3.031121380627155304e-02,6.564455572515726089e-03,-9.088265709578990936e-03,3.395671769976615906e-02,-1.773040369153022766e-02,3.456855192780494690e-02,4.405195638537406921e-02,-1.918350532650947571e-02,-1.330736186355352402e-02,4.018338862806558609e-03,1.455652061849832535e-02,-1.093810424208641052e-03,-4.225470125675201416e-03,-2.416739426553249359e-02,-4.927802830934524536e-02,7.590549997985363007e-03,1.281821518205106258e-03,1.388095505535602570e-02,-2.076407335698604584e-02,-2.826539799571037292e-03,-2.045815810561180115e-02,4.321068990975618362e-03,1.354954577982425690e-02,-5.057180300354957581e-03,8.559285663068294525e-03,2.191125974059104919e-02,1.038841065019369125e-02,3.571573644876480103e-02,1.598094357177615166e-03,-4.810535162687301636e-02,-2.105724439024925232e-02,9.183864109218120575e-03,4.901035223156213760e-03,8.903441019356250763e-03,-2.070034109055995941e-02,1.704209111630916595e-02,-1.328027574345469475e-03,-8.106783963739871979e-03,-3.597703995183110237e-03,1.878836378455162048e-02,-9.508900344371795654e-03,3.683743067085742950e-03,-6.749279797077178955e-03,2.085329964756965637e-02,3.702862886711955070e-03,1.627730019390583038e-02,1.687638647854328156e-02,-2.587542682886123657e-02,-3.224868560209870338e-03,4.264984279870986938e-02,1.108946860767900944e-03,-3.157949307933449745e-03,-7.233647629618644714e-03,-1.045214291661977768e-02
-2.345514949411153793e-03,-3.157307952642440796e-02,-9.113809093832969666e-03,-2.475951798260211945e-02,-1.875070668756961823e-02,4.544162750244140625e-02,-4.340292513370513916e-02,-6.790089886635541916e-03,-1.148111931979656219e-02,1.217605604324489832e-04,-4.010344389826059341e-03,2.333779074251651764e-02,-1.625597849488258362e-02,-2.955784788355231285e-03,1.199582591652870178e-03,9.697253815829753876e-03,1.875070668756961823e-02,2.096377313137054443e-02,1.003927364945411682e-02,-3.127800300717353821e-02,-2.121861092746257782e-02,8.215170353651046753e-03,-6.045694928616285324e-03,-1.331863552331924438e-02,-1.778500527143478394e-02,-8.637664839625358582e-03,6.441364064812660217e-03,-1.102509442716836929e-02,-3.520787227898836136e-03,-1.472695078700780869e-02,8.315764367580413818e-03,1.777159236371517181e-02,-4.584400355815887451e-02,-3.739411383867263794e-02,-3.318258374929428101e-02,-1.873729564249515533e-02,-1.506226323544979095e-02,-2.875644899904727936e-02,4.003637935966253281e-03,-7.906682789325714111e-03,-3.081527072936296463e-03,2.729448489844799042e-03,2.054798603057861328e-02,-1.083731837570667267e-02,-2.697258442640304565e-02,1.042823679745197296e-02,-3.162673115730285645e-02,-8.818733505904674530e-03,4.855333361774682999e-03,-6.907449569553136826e-03,5.217471346259117126e-02,2.223125658929347992e-03,-3.814521431922912598e-02,-1.888483203947544098e-02,4.151595057919621468e-04,4.181354306638240814e-03,5.872170440852642059e-04,1.684612967073917389e-02,-7.765850983560085297e-03,-1.579324598424136639e-03,-3.524140454828739166e-03,-3.762212814763188362e-03,-9.462535381317138672e-03,2.132591232657432556e-02,-3.926516044884920120e-03,-2.229161374270915985e-02,-1.095132529735565186e-02,4.778211296070367098e-04,1.085576135665178299e-03,-2.522895671427249908e-02,3.318258374929428101e-02,5.093405488878488541e-03,6.689495872706174850e-03,-5.717088002711534500e-03,1.115921884775161743e-02,-2.746884711086750031e-02,1.757040619850158691e-02,-2.648973278701305389e-02,-8.195051923394203186e-03,1.035446766763925552e-02,1.275530923157930374e-02,-4.265182465314865112e-02,-2.611418254673480988e-02,1.585360243916511536e-02,1.048188656568527222e-02,-1.604137755930423737e-02,-2.021267265081405640e-02,1.138723175972700119e-02,-2.825012663379311562e-03,-2.116496115922927856e-02,1.121286954730749130e-02,2.504117973148822784e-02,1.329181063920259476e-02,1.785206794738769531e-02,-1.787889376282691956e-02,-4.751386120915412903e-03,-2.331096492707729340e-02,2.620807103812694550e-02,-8.168226107954978943e-03,-4.192754626274108887e-02,1.270165946334600449e-02,-4.107585176825523376e-03,9.382059797644615173e-03,-2.992669120430946350e-03,-7.122049573808908463e-03,-9.750904515385627747e-03,-9.817967191338539124e-03,-5.914922803640365601e-03,1.343264151364564896e-02,-1.098150387406349182e-03,-2.189594320952892303e-03,3.860124200582504272e-02,7.678669411689043045e-03,-3.465795889496803284e-02,5.069933831691741943e-03,-2.848819829523563385e-02,1.794595643877983093e-02,-1.009292318485677242e-03,-1.432457473129034042e-02,-3.339718282222747803e-02,-1.289614103734493256e-02,1.092450041323900223e-02,1.145429443567991257e-02,-1.447211205959320068e-02,2.996357716619968414e-02,1.657787896692752838e-02,-2.990992739796638489e-02,-1.109886262565851212e-02,3.011111402884125710e-03,-1.846904493868350983e-02,2.797852270305156708e-02,1.356676686555147171e-02,4.487830400466918945e-02,-3.830616548657417297e-02,4.618937673512846231e-04,3.715268895030021667e-02,9.268053807318210602e-03,-2.931977622210979462e-02,-9.824672713875770569e-03,-2.233185060322284698e-02,1.091779395937919617e-02,1.049529947340488434e-02,-8.476714603602886200e-03,-1.492813788354396820e-02,3.047325275838375092e-02,8.946153335273265839e-03,-4.878805484622716904e-03,1.502202544361352921e-02,-1.166218891739845276e-02,-2.037362195551395416e-02,3.825922263786196709e-03,-1.330522261559963226e-02,1.290284749120473862e-02,-1.714120432734489441e-02,-1.217186450958251953e-02,2.599347010254859924e-02,9.931973181664943695e-03,1.946157030761241913e-02,-1.522321347147226334e-02,-9.858204051852226257e-03,-5.240943282842636108e-03,-1.268824655562639236e-02,8.060926571488380432e-03,-8.389533497393131256e-03,2.555085718631744385e-02,3.750141337513923645e-02,1.644375361502170563e-02,-1.856293156743049622e-02,7.148874923586845398e-03,3.872866043820977211e-03,1.543781440705060959e-02,3.532858565449714661e-02,-3.320940583944320679e-02,3.484573587775230408e-02,-1.365394890308380127e-02,3.036595322191715240e-02,2.757614664733409882e-02,1.172254513949155807e-02,-2.301589027047157288e-02,-1.442684559151530266e-03,-3.074150346219539642e-02,2.858544001355767250e-03,2.956120111048221588e-02,2.886375039815902710e-02,-3.012788016349077225e-03,-1.716803014278411865e-02,1.943474635481834412e-02,-1.470012497156858444e-02,3.640158846974372864e-02,-1.350641064345836639e-02,1.020022388547658920e-02,1.958228461444377899e-02,-1.349299866706132889e-02,1.219198387116193771e-02,-6.330710649490356445e-01,-6.592255085706710815e-03,-9.214403107762336731e-03,-7.806088309735059738e-03,-1.297661568969488144e-03,4.067347850650548935e-03,8.979684673249721527e-03,2.223796397447586060e-02,-1.681930385529994965e-02,6.652611307799816132e-03,-8.530364371836185455e-03,4.232992231845855713e-02,4.258476197719573975e-03,-6.116110365837812424e-03,-1.366065442562103271e-02,1.891165738925337791e-03,-3.058055229485034943e-02,-3.165355417877435684e-03,-1.571947708725929260e-02,6.515133194625377655e-03,-8.288939483463764191e-03,1.592066511511802673e-02,-1.616209000349044800e-02,-1.748657668940722942e-03,8.000570349395275116e-03,7.531131617724895477e-03,2.367310412228107452e-02,-2.127226255834102631e-02,-2.058822289109230042e-02,4.084113053977489471e-03,-1.672541722655296326e-02,3.607968613505363464e-02,5.884744692593812943e-03,3.401415795087814331e-02,2.655679546296596527e-02,-1.903237029910087585e-02,-2.956120111048221588e-02,3.306186990812420845e-03,1.727532967925071716e-02,2.683845907449722290e-02,-2.945390157401561737e-02,-1.308391615748405457e-02,5.043108481913805008e-03,-7.906682789325714111e-03,-6.655964534729719162e-04,1.222551520913839340e-02,3.640158846974372864e-02,-9.891735389828681946e-04,-6.256942171603441238e-03,2.276775892823934555e-03,1.979688368737697601e-02,-6.783383432775735855e-03,7.806088309735059738e-03,3.991566970944404602e-02,3.732034470885992050e-03,8.671196177601814270e-03,1.123298797756433487e-02,-1.766429282724857330e-02,-1.286260969936847687e-02,2.041386067867279053e-02,4.224944859743118286e-04,3.422876074910163879e-02,-8.865677751600742340e-03,-2.626172080636024475e-02,-1.106533128768205643e-02,2.712012082338333130e-02,2.094030147418379784e-03,2.679822035133838654e-02,1.152806356549263000e-02,1.618891581892967224e-02,-5.784150678664445877e-03,-1.134196529164910316e-03,-9.053452871739864349e-03,7.920094765722751617e-03,1.127322576940059662e-02,1.093120593577623367e-02,6.970320828258991241e-04,-8.959565311670303345e-03,-2.993675135076045990e-02,1.467330008745193481e-02,-1.227916497737169266e-02,3.839334705844521523e-03,-2.253303863108158112e-02,-2.065528556704521179e-02,2.298906445503234863e-02,-1.102509442716836929e-02,-3.602603822946548462e-02,-1.891165785491466522e-02,1.288943458348512650e-02,-1.044835522770881653e-02,8.148107677698135376e-03,2.284152619540691376e-02,1.468671299517154694e-02,-1.459282543510198593e-02,2.488023042678833008e-02,1.715461723506450653e-02,9.710666723549365997e-03,2.453150413930416107e-02,-5.448837298899888992e-03,-9.107103571295738220e-03,-8.825439959764480591e-03,-3.540905937552452087e-02,6.511779967695474625e-03,-1.397584937512874603e-02,-9.006509557366371155e-03,2.533625625073909760e-02,-2.340485341846942902e-02,-2.984286285936832428e-03,3.680396452546119690e-02,-2.741519734263420105e-02,-6.374301388859748840e-03,3.457077778875827789e-03,4.476429603528231382e-04,-9.737491607666015625e-03,5.854566115885972977e-03,-3.087562881410121918e-02,2.047086367383599281e-03,4.831861238926649094e-03,8.516952395439147949e-03,-5.016283690929412842e-02,6.823621224611997604e-03,2.964167669415473938e-02,1.773806172423064709e-03,-1.358688622713088989e-02,-2.301086060469970107e-04,3.243147954344749451e-02,4.503254778683185577e-03,-2.553744427859783173e-02,-1.778500527143478394e-02,-3.849394153803586960e-03,4.701089579612016678e-03,1.812367234379053116e-03,7.973744533956050873e-03,-1.023375522345304489e-02,1.479401253163814545e-02,-2.023949660360813141e-02,2.296223863959312439e-02,-1.028740499168634415e-02,2.942707575857639313e-02,-3.307528048753738403e-02,-1.197067648172378540e-02,-6.307239178568124771e-03,1.279554702341556549e-02,-6.518486421555280685e-03,-8.148107677698135376e-03,-4.294689744710922241e-02,1.166260772151872516e-04,-1.479401253163814545e-02,-3.725998848676681519e-02,5.019636824727058411e-03,2.011878415942192078e-02,-1.232610829174518585e-02,-3.031230159103870392e-02,-1.182313915342092514e-02,1.479401253163814545e-02,-8.778496645390987396e-03,1.710096746683120728e-02,-4.292007535696029663e-03,-7.021456025540828705e-03,-1.871046982705593109e-02,1.806666888296604156e-02,4.473076667636632919e-03,-2.518871799111366272e-02,2.379046287387609482e-03,1.042823679745197296e-02,-3.666983917355537415e-02,2.787122316658496857e-02,1.184493419714272022e-03,9.791142307221889496e-03,-1.305038481950759888e-02,-7.427184609696269035e-04,2.628854475915431976e-03,-8.798615075647830963e-03,2.923930063843727112e-02,-3.795744152739644051e-03,-4.434515431057661772e-04,-1.488790102303028107e-02,-2.186241187155246735e-02,-1.039470545947551727e-02,8.744965307414531708e-03,-3.762212814763188362e-03,-6.159701384603977203e-03,-1.559876464307308197e-02,-2.678480930626392365e-02,-1.225904654711484909e-02,-7.906682789325714111e-03,-1.748993061482906342e-02,1.817396841943264008e-02,-3.495303541421890259e-02,-9.677135385572910309e-03,-1.333204843103885651e-02,2.899787575006484985e-02,-5.945100914686918259e-03,-1.164207048714160919e-02,-1.054894924163818359e-02,2.200995013117790222e-02,-1.164877600967884064e-02,1.030081789940595627e-02,1.193043962121009827e-02,1.084402482956647873e-02,5.676850210875272751e-03,6.517647852888330817e-05,3.012452647089958191e-02,-6.766617763787508011e-03,9.972210973501205444e-03,-3.119752928614616394e-02,-3.993578720837831497e-03,-2.387429028749465942e-02,3.999614343047142029e-02,9.095367277041077614e-04,1.515615079551935196e-02,-4.788270592689514160e-02,-3.106340393424034119e-02,1.347539364360272884e-04,8.416358381509780884e-03,4.133739694952964783e-02,1.158171333372592926e-02,7.135462481528520584e-03,2.374016679823398590e-02,-5.442131310701370239e-03,6.354182958602905273e-03,-5.529312882572412491e-03,8.034101687371730804e-03,9.247934445738792419e-03,-3.865488991141319275e-02,-8.667843067087233067e-04,8.516952395439147949e-03,4.298713523894548416e-03,2.172828651964664459e-02,8.255408145487308502e-03,2.957461401820182800e-03,-3.364866832271218300e-03,-4.288654308766126633e-03,1.724850386381149292e-02,2.045409753918647766e-02,-2.050774730741977692e-02,4.902277141809463501e-03,-9.355234913527965546e-03,3.547612344846129417e-03,-2.771027199923992157e-02,-4.556904546916484833e-03,2.729448489844799042e-02,1.533051393926143646e-02,-2.253303863108158112e-02,-3.829275257885456085e-03,1.408314891159534454e-02,3.519446030259132385e-02,5.831094458699226379e-03,1.018681097775697708e-02,1.938528730534017086e-04,-1.672541722655296326e-02,4.432838875800371170e-03,-3.205592930316925049e-02,1.242670230567455292e-02,1.927379518747329712e-02,-2.606053277850151062e-02,8.771790191531181335e-03,1.015369925880804658e-04,2.260010130703449249e-02,1.610844023525714874e-02,-2.893751952797174454e-03,-5.294593516737222672e-03,-6.645905319601297379e-03,1.860317029058933258e-02,1.789230667054653168e-02,-1.165548246353864670e-02,-1.107203774154186249e-02,-1.959569565951824188e-02,-2.598676364868879318e-03,3.356483997777104378e-03,-2.640590537339448929e-03,-8.241995237767696381e-03,7.021456025540828705e-03,-1.413679961115121841e-02,6.602314300835132599e-03,5.116144166095182300e-05,-8.624251931905746460e-03,5.475662648677825928e-03,1.554511394351720810e-02,-2.070558257400989532e-03,-1.349970418959856033e-02,-3.294115513563156128e-02,1.472024363465607166e-03,2.870279923081398010e-02,-1.241999678313732147e-02,-6.491661071777343750e-03,-3.374590724706649780e-02,2.445103041827678680e-02,-1.041985349729657173e-03,8.698021061718463898e-03,1.559876464307308197e-02,2.357921563088893890e-02,2.097718603909015656e-02,-5.485721863806247711e-03,2.887045498937368393e-03,-6.793443113565444946e-03,1.849586889147758484e-02,-1.801301911473274231e-02,-7.334973361139418557e-06,5.173880606889724731e-03,3.611321793869137764e-03,-5.864625796675682068e-03,-9.435709565877914429e-03,1.448552496731281281e-02,4.367117583751678467e-02,9.549716487526893616e-03,1.549146417528390884e-02,1.959569565951824188e-02,-8.255408145487308502e-03,-1.234622765332460403e-02,-3.420193446800112724e-03,-8.758377283811569214e-03,-2.124543674290180206e-02,1.578486291691660881e-03,-1.294308435171842575e-02,5.126098403707146645e-04,-2.337132114917039871e-03,-8.402945473790168762e-03,3.189497813582420349e-02,-7.631725631654262543e-03,1.456600055098533630e-02,-5.727147217839956284e-03,-2.025290951132774353e-02,6.277060601860284805e-03,1.016669273376464844e-01,6.934274453669786453e-03,5.130290053784847260e-03,1.506226323544979095e-02,2.120519988238811493e-02,2.434372901916503906e-02,-2.375357784330844879e-02,-3.157307952642440796e-02,3.351454157382249832e-03,3.782331477850675583e-03,-1.095635467208921909e-03,-1.495496369898319244e-02,-4.271888639777898788e-03,-1.500861346721649170e-02,2.737496048212051392e-02,1.931403391063213348e-02,-4.640732891857624054e-03,-1.345946732908487320e-02,-1.540763536468148232e-03,-5.780797451734542847e-03,-3.905726596713066101e-02,-1.212492119520902634e-02,-2.162098698318004608e-02,1.410997472703456879e-02,7.724774768576025963e-04,-2.019925974309444427e-02,5.338184069842100143e-03,2.309636399149894714e-02,4.711148794740438461e-03,-1.854951865971088409e-02,2.912194002419710159e-03,6.954393349587917328e-03,8.530364371836185455e-03,9.657016955316066742e-03,-8.127989247441291809e-03,2.501435577869415283e-02,-6.156348157674074173e-03,2.414254099130630493e-02,4.383212700486183167e-02,-1.942133344709873199e-02,-4.801683127880096436e-03,3.651559352874755859e-03,1.306379772722721100e-02,-2.651655860245227814e-02,1.773135550320148468e-02,-5.425365641713142395e-03,-1.782189006917178631e-03,1.538416370749473572e-02,-6.500882445834577084e-04,-7.651844527572393417e-03,4.554892703890800476e-02,-2.070893533527851105e-02,-3.028547763824462891e-02,-3.237783163785934448e-02,-2.529601939022541046e-02,-4.600495565682649612e-03,8.429770357906818390e-03,2.309636399149894714e-02,1.602796465158462524e-02,-9.040040895342826843e-03,-1.210480183362960815e-02,-1.995783485472202301e-02,2.085228152282070369e-05,1.706743612885475159e-03,-2.005172148346900940e-02,-2.555085718631744385e-02,-9.925266727805137634e-03,1.718144118785858154e-02,-2.322043059393763542e-03,-1.676565408706665039e-02,-1.755699329078197479e-02,-1.566582731902599335e-02,-2.622148208320140839e-02,-5.532665643841028214e-03,5.252344161272048950e-02,1.112568750977516174e-02,-8.195051923394203186e-03,-1.323815993964672089e-02,4.476429603528231382e-04,3.418516833335161209e-03,-2.845131559297442436e-03,3.284391481429338455e-03,4.853656864725053310e-04,-1.952863298356533051e-02,-9.898441843688488007e-03,3.484573587775230408e-02,8.899209089577198029e-03,2.062845975160598755e-02,-4.821802023798227310e-03,1.456600055098533630e-02,-8.477133815176784992e-05,8.959565311670303345e-03,3.001051954925060272e-03,-1.171080977655947208e-03,2.429007925093173981e-02,-1.315097883343696594e-02,8.637664839625358582e-03,-8.845559321343898773e-03,-1.278884056955575943e-02,-6.982894847169518471e-04,7.584781851619482040e-03,-6.609020754694938660e-03,2.174169942736625671e-02,-2.026967471465468407e-03,4.630003124475479126e-02,2.565145026892423630e-03,-2.255986444652080536e-02,1.128663774579763412e-02,8.771790191531181335e-03,-4.365776199847459793e-03,1.822761818766593933e-02,-2.501435577869415283e-02,-4.768151789903640747e-03,-1.356676686555147171e-02,-1.420386228710412979e-02,2.975903451442718506e-03,4.965986590832471848e-03,2.383405342698097229e-02,1.091779395937919617e-02,1.232610829174518585e-02,6.940980907529592514e-03,-2.779074758291244507e-02,1.622915267944335938e-02,6.548664532601833344e-03,-8.479229290969669819e-04,1.676565385423600674e-03,-9.415591135621070862e-03,-1.995783485472202301e-02,1.613526605069637299e-02,8.651077747344970703e-03,-2.809923607856035233e-03,2.022608555853366852e-02,1.344605442136526108e-02,-4.513313993811607361e-03,-1.951522193849086761e-02,-1.268824655562639236e-02,-1.785542117431759834e-03,-2.189594320952892303e-03,-1.738262921571731567e-02,1.512932591140270233e-02,6.056592683307826519e-04,1.577647984959185123e-03,-2.509483136236667633e-02,-1.852269470691680908e-02,-2.512165531516075134e-02,-4.136422276496887207e-02,-9.831379167735576630e-03,-1.710096746683120728e-02,2.760297246277332306e-02,3.004405088722705841e-02,-1.311744749546051025e-02,-2.345095854252576828e-04,-4.007662087678909302e-02,5.998751148581504822e-03,3.976813051849603653e-03,-3.146577998995780945e-02,-3.444335982203483582e-02,-6.183173041790723801e-03,1.806666888296604156e-02,1.961581408977508545e-03,7.741540903225541115e-04,9.911854751408100128e-03,2.234526351094245911e-02,2.108448557555675507e-02,-2.237208932638168335e-02,-4.489003913477063179e-04,-2.551061846315860748e-02,-1.669859141111373901e-02,-3.401415795087814331e-02,2.037362195551395416e-02,1.810690574347972870e-02,6.987924687564373016e-03,2.128567360341548920e-02,-7.953626103699207306e-03,2.854184992611408234e-02,2.317683957517147064e-02,2.925606677308678627e-03,-3.973459824919700623e-03,-1.545122638344764709e-02,-3.835981711745262146e-02,-1.321133505553007126e-02,-9.200991131365299225e-03,2.053457312285900116e-02,-5.401893518865108490e-03,7.222643587738275528e-03,8.001408423297107220e-04,3.455065935850143433e-02,-6.639198865741491318e-03,-1.931403391063213348e-02,1.522321347147226334e-02,9.596660733222961426e-03,-2.872962504625320435e-02,2.792487293481826782e-02,8.342589251697063446e-03,-2.538319909945130348e-03,-6.776677444577217102e-03,1.178290136158466339e-02,2.205018885433673859e-02,-3.051348961889743805e-03,8.698021061718463898e-03,1.515615079551935196e-02,4.265182185918092728e-03,-1.294979080557823181e-02,-9.120515547692775726e-03,9.013215079903602600e-03,8.227744838222861290e-04,-1.483425032347440720e-02,2.516189403831958771e-02,-6.756558548659086227e-03,2.016908256337046623e-03,4.422779660671949387e-03,-8.107869885861873627e-03,5.775767494924366474e-04,-2.811264805495738983e-02,1.657787896692752838e-02,3.054702188819646835e-03,-8.644371293485164642e-03,6.213351152837276459e-03,-1.940792053937911987e-02,-3.452383354306221008e-02,-1.455258764326572418e-02,-9.952092543244361877e-03,2.713353373110294342e-02,9.328410029411315918e-03,2.556426823139190674e-02,3.342400863766670227e-02,-3.311216598376631737e-03,-1.573288999497890472e-02,1.031422987580299377e-02,9.207696653902530670e-03,-3.990225493907928467e-03,-3.450371557846665382e-03,1.304367836564779282e-02,-2.065528649836778641e-03,-1.680589094758033752e-02,-1.154818199574947357e-02,1.264800969511270523e-02,-1.748993061482906342e-02,-2.765662223100662231e-02,1.465988811105489731e-02,-5.036402493715286255e-03,-1.240658387541770935e-02,6.568782962858676910e-03,-4.432838875800371170e-03,2.128567360341548920e-02,1.180972624570131302e-02,-4.082772135734558105e-02,-6.652611307799816132e-03,-1.433798763900995255e-02,-2.918565087020397186e-02,-1.265471521764993668e-02,2.931977622210979462e-02,-2.675798349082469940e-02,2.073576115071773529e-02,3.879572264850139618e-03,1.985053531825542450e-03,7.832913659512996674e-03,5.183940287679433823e-03,-3.594556124880909920e-03,7.531131617724895477e-03,-8.503539487719535828e-03,3.723316267132759094e-02,-3.584496909752488136e-03,-7.088518235832452774e-03,1.322810072451829910e-03,1.640351489186286926e-02,-3.570413589477539062e-02,3.074820851907134056e-03,-5.066580604761838913e-03,2.596664428710937500e-02,-1.268824655562639236e-02,1.529027591459453106e-03,-7.175699807703495026e-03,-5.136996507644653320e-03,-9.281465783715248108e-03,7.631725631654262543e-03,-1.783865620382130146e-03,-2.773039042949676514e-03,-1.562558929435908794e-03,8.704727515578269958e-03,9.268053807318210602e-03,4.707795567810535431e-03,1.950180903077125549e-02,-3.261925652623176575e-02,-5.670144222676753998e-03,-5.284534022212028503e-02,2.182217501103878021e-02,1.439750485587865114e-04,4.758092574775218964e-03,-1.551828905940055847e-02,-2.077599801123142242e-02,-3.799097146838903427e-03,-1.675224117934703827e-02,1.822761818766593933e-02,-2.061504870653152466e-02,2.266716444864869118e-03,-2.713940339162945747e-04,4.442227631807327271e-02,1.825779676437377930e-03,2.792487293481826782e-02,-1.435139961540699005e-02,1.726862392388284206e-03,-1.990083139389753342e-03,4.349010530859231949e-03,6.163054145872592926e-03,-1.284249126911163330e-02,2.029314823448657990e-02,-3.154625371098518372e-02,-3.146577998995780945e-02,1.221880875527858734e-02,-1.545122638344764709e-02,6.521839182823896408e-03,8.858971297740936279e-03,-1.593407802283763885e-02,-1.105694915167987347e-03,2.915547229349613190e-03,3.050007671117782593e-02,-3.862806782126426697e-02,-3.028547763824462891e-02,2.494729310274124146e-02,-1.291625946760177612e-02,2.706647105515003204e-02,3.996931761503219604e-02,-3.747459128499031067e-02,9.036687551997601986e-04,2.589958161115646362e-02,-2.374016679823398590e-03,9.938679635524749756e-03,-1.408314891159534454e-02,-2.331096492707729340e-02,-1.187678892165422440e-02,5.187293514609336853e-03,-1.715461723506450653e-02,-2.461197972297668457e-02,-8.362708613276481628e-03,-9.824672713875770569e-03,-4.919042810797691345e-03,2.379046287387609482e-03,-9.388766251504421234e-03,-1.782524399459362030e-02,1.087084971368312836e-02,1.754358038306236267e-02,-3.369896439835429192e-03,-2.461198018863797188e-03,-1.044164877384901047e-02,-2.666409686207771301e-02,1.515615079551935196e-02,-1.555852685123682022e-02,-2.736154757440090179e-02,-4.487830400466918945e-02,-1.478060055524110794e-02,4.807048290967941284e-02,4.077407065778970718e-03,-2.652997151017189026e-02,-1.221880875527858734e-02,2.395811956375837326e-03,-7.076447457075119019e-02,1.665835455060005188e-02,-2.298906445503234863e-02,1.952863298356533051e-02,4.359070211648941040e-03,-6.987924687564373016e-03,1.616209000349044800e-02,1.272177789360284805e-02,1.950180903077125549e-02,2.099059894680976868e-02,-2.592640742659568787e-02,-1.515615079551935196e-02,8.530364371836185455e-03,-3.752153366804122925e-03,2.573863230645656586e-02,2.217090129852294922e-02,-3.900361806154251099e-02,-1.336557883769273758e-02,1.802643015980720520e-02,-2.762979827821254730e-02,-1.400267425924539566e-02,2.029314823448657990e-02,-2.435714192688465118e-02,-1.193043962121009827e-02,-7.718907203525304794e-03,-5.737206898629665375e-03,-1.386854890733957291e-02,-5.338184069842100143e-03,4.737973678857088089e-03,-4.289324954152107239e-02,3.076832741498947144e-02,1.005268562585115433e-02,3.996931947767734528e-03,-1.341252308338880539e-02,-1.815929863369092345e-04,2.191606350243091583e-02,9.261347353458404541e-03,6.215866305865347385e-04,1.009292341768741608e-02,-7.048280909657478333e-03,6.803502328693866730e-03,4.117644391953945160e-03,2.186241187155246735e-02,2.819312363862991333e-02,-1.740945503115653992e-02,4.898923914879560471e-03,-7.625019177794456482e-03,-9.737491607666015625e-03,-1.774476841092109680e-02,1.502202590927481651e-03,-1.168901380151510239e-02,4.037169273942708969e-03,-1.570606417953968048e-02,-1.154818199574947357e-02,7.014749571681022644e-03,7.049957639537751675e-04,-3.339718328788876534e-03,-8.067633025348186493e-03,-2.308630617335438728e-03,-4.074724391102790833e-02,1.930062100291252136e-02,-2.187582477927207947e-02,1.566582731902599335e-02,4.302737489342689514e-02,-1.347958575934171677e-02,8.074338547885417938e-03,1.478060055524110794e-02,-7.175699807703495026e-03,-4.731267690658569336e-03,-2.006513439118862152e-02,-6.894036661833524704e-03,-3.190503921359777451e-03,1.830809400416910648e-03,6.317298393696546555e-03,-1.698025502264499664e-02,-4.149834811687469482e-02,-1.181643269956111908e-02,3.772272029891610146e-03,-9.111085091717541218e-05,3.705209586769342422e-03,1.869169175624847412e-01,-1.818738132715225220e-02,-1.562558859586715698e-02,1.181643269956111908e-02,1.791913062334060669e-02,1.146100088953971863e-02,1.543781440705060959e-02,-1.639680936932563782e-03,-9.682165109552443027e-04,1.480742543935775757e-02,-2.757614664733409882e-02,-1.437822449952363968e-02,1.885800808668136597e-02,3.782331477850675583e-03,-3.929450176656246185e-04,-2.745543420314788818e-02,-2.296223863959312439e-02,-1.680589094758033752e-02,-1.042823679745197296e-02,-2.289517782628536224e-02,1.239987742155790329e-02,6.177095929160714149e-05,-2.041386067867279053e-02,-1.192373316735029221e-02,3.852076455950737000e-02,-7.913388311862945557e-03,9.623485617339611053e-03,-8.309057913720607758e-03,2.996357716619968414e-02,4.656828194856643677e-02,-9.408884681761264801e-03,-9.965504519641399384e-03,-1.034776121377944946e-02,1.165212961495853961e-04,-2.088329754769802094e-02,-1.250047143548727036e-02,2.395476587116718292e-02,-1.821420714259147644e-02,1.097144372761249542e-02,2.808582410216331482e-02,-1.372771710157394409e-02,7.061693351715803146e-03,-1.381489913910627365e-02,1.566582731902599335e-02,-3.224035259336233139e-03,1.483425032347440720e-02,-9.011538932099938393e-04,-8.054220117628574371e-03,-7.001337129622697830e-03,2.506800554692745209e-02,-2.728107199072837830e-02,1.236466923728585243e-03,4.809730872511863708e-02,1.622915267944335938e-02,2.021267265081405640e-02,-8.219361770898103714e-04,3.698503132909536362e-03,1.739604212343692780e-02,-1.202097395434975624e-03,-1.714120432734489441e-02,-8.228583261370658875e-03,1.944815926253795624e-02,-2.988310158252716064e-02,2.439737878739833832e-02,8.979684673249721527e-03,-1.625430188141763210e-03,-2.536308206617832184e-02,-7.705494295805692673e-03,-4.074053838849067688e-03,-9.992329403758049011e-03,-7.028162013739347458e-03,-1.541098859161138535e-02,-2.952431561425328255e-03,1.649740338325500488e-02,-7.095224689692258835e-03,-5.157114937901496887e-03,1.069648750126361847e-02,1.451234985142946243e-02,-1.062942482531070709e-02,2.913200110197067261e-02,-8.429770357906818390e-03,-1.706072874367237091e-02,-1.594413653947412968e-03,2.713353373110294342e-02,9.925267659127712250e-04,-3.739411383867263794e-02,3.806474059820175171e-02,-6.914155557751655579e-03,-1.698025502264499664e-02,3.522128611803054810e-02,1.482922118157148361e-03,-4.345657303929328918e-03,-1.197905978187918663e-03,1.038632239215075970e-03,-3.322952659800648689e-03,8.490127511322498322e-03,-8.563895709812641144e-03,3.607968799769878387e-03,1.217857096344232559e-02,-3.990225493907928467e-03,-3.203916363418102264e-03,-1.160183269530534744e-02,1.168230734765529633e-02,7.148874923586845398e-03,4.050582181662321091e-03,-1.783865503966808319e-02,2.223796397447586060e-02,3.109022788703441620e-02,1.598772779107093811e-02,-1.086414325982332230e-02,-1.062942435964941978e-03,-2.915882505476474762e-02,-1.472024363465607166e-03,-7.564662955701351166e-03,1.168901380151510239e-02,-1.353323552757501602e-02,1.021363679319620132e-02,-2.811264805495738983e-02,9.133928455412387848e-03,4.620613995939493179e-03,1.739604212343692780e-02,-2.993675135076045990e-02,-2.940695732831954956e-03,-1.281566545367240906e-02,-1.253400277346372604e-02,-4.053934942930936813e-03,-3.264608234167098999e-02,1.192373316735029221e-02,-4.281528817955404520e-04,-1.972982101142406464e-02,1.676565408706665039e-02,-3.959376737475395203e-02,-3.027877071872353554e-03,-8.174932561814785004e-03,1.470347866415977478e-03,9.999035857617855072e-03,-8.943428838392719626e-05,-2.534966915845870972e-02,-1.613526605069637299e-02,-1.702049188315868378e-02,-5.690263118594884872e-03,-8.174932561814785004e-03,1.475377567112445831e-02,3.163678804412484169e-03,-2.776392269879579544e-03,1.753016747534275055e-02,4.825825989246368408e-02,-1.164207048714160919e-02,1.554511394351720810e-02,-1.596090197563171387e-02,-2.437055483460426331e-02,-8.429770357906818390e-03,-5.737206898629665375e-03,-1.661811582744121552e-02,3.090245276689529419e-02,-8.932740427553653717e-03,-3.229735419154167175e-02,-4.565623030066490173e-02,-9.338469244539737701e-04,2.819312363862991333e-02,-6.352171301841735840e-02,1.207127049565315247e-02,2.490705624222755432e-02,-4.552210494875907898e-02,-2.828365890309214592e-03,1.019351743161678314e-02,-1.708218902349472046e-01,1.080378703773021698e-02,2.086988650262355804e-02,-1.099156308919191360e-02,3.865488991141319275e-02,1.444528717547655106e-02,1.818738132715225220e-02,4.902277141809463501e-03,-1.100497506558895111e-02,2.445103041827678680e-02,1.522321347147226334e-02,-2.132591092959046364e-03,-2.215748839080333710e-02,4.114291630685329437e-03,-1.673882827162742615e-02,1.066966168582439423e-02,-1.058918703347444534e-02,1.213833317160606384e-02,2.139297500252723694e-02,7.236056029796600342e-03,2.830042317509651184e-02,6.008810363709926605e-03,7.477481849491596222e-03,-1.132016908377408981e-02,1.079037506133317947e-02,1.808008179068565369e-02,-1.897872053086757660e-02,9.113809093832969666e-03,-1.126651931554079056e-02,-1.982370950281620026e-02,-5.536018870770931244e-03,-6.270354497246444225e-04,2.808582410216331482e-02,-1.559876464307308197e-02,-1.015160349197685719e-03,3.355813398957252502e-02,-1.613526605069637299e-02,-1.939450763165950775e-02,1.294979080557823181e-02,1.425751205533742905e-02,3.414828330278396606e-02,-6.484955083578824997e-03,-1.778500527143478394e-02,-1.586701534688472748e-02,-8.785203099250793457e-03,2.972215041518211365e-02,2.893751952797174454e-03,-8.845559321343898773e-03,7.953626103699207306e-03,-1.252058986574411392e-02,-2.591299451887607574e-02,-2.199653768911957741e-03,-2.471257466822862625e-03,-3.799097146838903427e-03,1.962252147495746613e-02,-1.300344150513410568e-02,-2.612759545445442200e-02,7.008043117821216583e-03,-2.640925720334053040e-02,-1.193714514374732971e-02,-2.202336303889751434e-02,-1.409656181931495667e-02,1.378807332366704941e-02,-3.949988167732954025e-03,1.567924022674560547e-02,-2.713940339162945747e-04,1.204612199217081070e-03,-1.778500527143478394e-02,8.879090659320354462e-03,1.248705945909023285e-02,-1.622915267944335938e-02,-2.961485087871551514e-02,6.689495872706174850e-03,-7.148874923586845398e-03,1.049529947340488434e-02,-5.650025326758623123e-03,-2.174169942736625671e-02,2.395476587116718292e-02,3.897679224610328674e-02,-3.692635218612849712e-04,-1.523662637919187546e-02,3.216322883963584900e-02,6.307239178568124771e-03,-1.176948891952633858e-03,2.561791986227035522e-02,5.267768632620573044e-03,1.060930546373128891e-02,1.271674875169992447e-03,1.495496369898319244e-02,1.936768367886543274e-02,1.460623741149902344e-02,-1.017339900135993958e-02,-2.498082350939512253e-03,-4.702430590987205505e-02,1.797278039157390594e-02,5.006224382668733597e-03,-4.734620451927185059e-03,-2.093694917857646942e-02,2.526584081351757050e-03,-9.241227991878986359e-03,4.419426433742046356e-03,9.744198061525821686e-03,-3.656253963708877563e-02,2.873633056879043579e-03,1.164877600967884064e-02,-1.097144372761249542e-02,2.285158727318048477e-03,3.779648989439010620e-02,2.040044777095317841e-02,2.125884965062141418e-02,2.045409753918647766e-02,2.752920379862189293e-03,1.773135550320148468e-02,-8.030747994780540466e-04,2.127226255834102631e-02,-6.763265002518892288e-03,-1.302355993539094925e-02,-1.352653000503778458e-02,3.350448235869407654e-02,-2.280128933489322662e-02,7.489553093910217285e-02,2.977580204606056213e-02,-6.163054145872592926e-03,-4.556904546916484833e-03,6.967805791646242142e-03,-3.578461334109306335e-02,-9.227816015481948853e-02,-2.295217942446470261e-03,1.419044937938451767e-02,3.453724784776568413e-03,2.431690506637096405e-02,2.091012336313724518e-02,1.592066511511802673e-02,3.792390925809741020e-03,-3.911091759800910950e-02,9.673782042227685452e-04,1.181643269956111908e-02,-2.497411891818046570e-02,-6.947686895728111267e-03,1.971640856936573982e-03,1.205785851925611496e-02,-1.015998609364032745e-02,2.520213089883327484e-02,-1.582677662372589111e-02,-2.023949660360813141e-02,3.130482882261276245e-02,-5.619847215712070465e-03,1.358017907477915287e-03,-2.808246994391083717e-03,-1.511591393500566483e-02,1.585192629136145115e-03,1.184996403753757477e-02,-1.774476841092109680e-02,1.732897944748401642e-02,9.247934445738792419e-03,-1.622915267944335938e-03,1.291625946760177612e-02,1.983712241053581238e-02,-9.707313729450106621e-04,4.214885178953409195e-03,1.259435899555683136e-02,-8.034101687371730804e-03,-3.624063730239868164e-02,-4.828508477658033371e-03,3.412145748734474182e-02,-2.513506822288036346e-02,5.596375092864036560e-03,2.635560743510723114e-02,-8.812027983367443085e-03,-1.303026638925075531e-02,1.038799900561571121e-02,-1.013986766338348389e-02,-8.744965307414531708e-03,1.504885125905275345e-02,3.602603822946548462e-02,3.453724784776568413e-03,-2.041386067867279053e-02,-2.504117973148822784e-02,-1.237305253744125366e-02,-3.121764864772558212e-03,1.684612967073917389e-02,-1.700707897543907166e-02,1.789230667054653168e-02,9.831379167735576630e-03,-2.310977689921855927e-02,3.962059319019317627e-02,-1.098485663533210754e-02,-5.770738236606121063e-03,1.797278062440454960e-03,2.591299451887607574e-02,9.408884681761264801e-03,-1.098988577723503113e-03,-6.531898863613605499e-03,-1.420386228710412979e-02,1.089767459779977798e-02,-2.436049515381455421e-03,-1.487113535404205322e-03,4.610554780811071396e-03,2.214742824435234070e-03,3.911091759800910950e-02,-3.675031289458274841e-02,-3.747459128499031067e-02,-5.274474620819091797e-03,-2.498082350939512253e-03,5.888097453862428665e-03,-3.342400863766670227e-02,-2.745543420314788818e-02,-2.179534919559955597e-02,6.324004847556352615e-03,-1.850928179919719696e-02,3.782331570982933044e-02,-1.162865757942199707e-02,6.478248629719018936e-03,-2.227820083498954773e-02,1.374783646315336227e-02,-7.316531147807836533e-03,2.384075894951820374e-03,1.421727426350116730e-02,7.725613191723823547e-03,-2.543014287948608398e-02,8.516952395439147949e-03,-2.253303769975900650e-03,4.053934942930936813e-03,-2.993675135076045990e-02,1.327169127762317657e-02,5.888097453862428665e-03,-2.669092081487178802e-02,-1.613526605069637299e-02,-4.624637961387634277e-02,2.454491704702377319e-02,-9.429004043340682983e-03,-4.039851948618888855e-02,8.711433969438076019e-03,-3.143895417451858521e-02,1.977005973458290100e-02,6.947686895728111267e-03,-1.241999678313732147e-02,-1.865682005882263184e-02,-6.166407372802495956e-03,1.695342920720577240e-02,-2.001148462295532227e-02,-5.365009419620037079e-03,-6.250235717743635178e-03,9.375353343784809113e-03,-8.013982325792312622e-03,-7.618313189595937729e-03,-1.420386228710412979e-02,-3.504021558910608292e-03,4.037169273942708969e-03,8.476714603602886200e-03,-2.303600776940584183e-03,-5.022990051656961441e-03,-3.567731007933616638e-02,-4.214885178953409195e-03,-2.416936680674552917e-02,6.283767055720090866e-03,-1.032093632966279984e-02,-1.535733882337808609e-02,1.589383929967880249e-02,-3.640242503024637699e-04,1.427092496305704117e-02,3.970107063651084900e-03,1.117933820933103561e-02,-3.872866043820977211e-03,-3.053025575354695320e-03,1.659129187464714050e-02,1.571947708725929260e-02,4.265182465314865112e-02,-2.382064051926136017e-02,-1.778500527143478394e-02,1.584018953144550323e-02,-4.029121994972229004e-02,-4.359070211648941040e-03,-9.261347353458404541e-03,-1.475377567112445831e-02,2.050774730741977692e-02,2.459856681525707245e-02,1.549146417528390884e-02,1.765087991952896118e-02,4.565623030066490173e-02,1.849251566454768181e-03,3.822569036856293678e-03,-1.844221912324428558e-02,-2.263363217934966087e-03,3.098292835056781769e-02,6.391067057847976685e-03,1.483425032347440720e-02,-2.209042571485042572e-02,3.970106691122055054e-02,1.708755455911159515e-02,2.255986444652080536e-02,-1.284249126911163330e-03,6.756558548659086227e-03,2.029314823448657990e-02,2.596999751403927803e-03,1.643034070730209351e-02,-8.885796181857585907e-03,-8.860647794790565968e-04,-2.333779074251651764e-02,9.212726727128028870e-04,-9.916884591802954674e-04,2.369992807507514954e-02,2.886375039815902710e-02,-2.085647312924265862e-03,-1.345276087522506714e-02,-6.293826270848512650e-03,-1.734239235520362854e-02,-1.711438037455081940e-02,3.594556078314781189e-02,1.708420109935104847e-03,-2.112472429871559143e-02,1.922014541923999786e-02,1.487448811531066895e-02,1.628280244767665863e-02,-1.882992510218173265e-04,-1.235293410718441010e-02,2.669092081487178802e-02,8.825439959764480591e-03,-4.228298086673021317e-03,8.148107677698135376e-03,2.626172080636024475e-02,-1.639010384678840637e-02,-8.637664839625358582e-03,2.058822289109230042e-02,7.356768939644098282e-03,1.280225347727537155e-02,2.431019907817244530e-03,-4.637379664927721024e-03,-8.161520585417747498e-03,7.363475393503904343e-03,-6.860505789518356323e-03,-5.723794456571340561e-03,-1.000574231147766113e-02,1.073001883924007416e-02,-3.095610253512859344e-02,-2.832724899053573608e-02,-1.761064305901527405e-02,7.671963423490524292e-03,1.262789033353328705e-02,9.482653811573982239e-03,6.605667527765035629e-03,-6.515133194625377655e-03,-7.280485006049275398e-04,-1.425918890163302422e-03,1.703390479087829590e-02,-2.095706760883331299e-03,-1.140735112130641937e-02,3.970106691122055054e-02,2.856867387890815735e-02,1.121286954730749130e-02,1.111227553337812424e-02,1.822426565922796726e-03,1.168230734765529633e-02,1.270165946334600449e-02,-1.117263175547122955e-02,-2.525578066706657410e-02,5.690263118594884872e-03,-6.411185953766107559e-03,2.667750790715217590e-02,-1.291625946760177612e-02,-2.752249687910079956e-02,-9.952092543244361877e-03,-1.577312685549259186e-02,2.021267265081405640e-02,-5.955160129815340042e-03,2.878327481448650360e-02,-9.308290667831897736e-03,4.780223220586776733e-02,4.627320542931556702e-02,-3.259243071079254150e-02,1.939450763165950775e-02,2.531613688915967941e-03,1.335887331515550613e-02,4.100878722965717316e-03,-5.817681667394936085e-04,-1.064954325556755066e-02,-4.023756831884384155e-02,9.864910505712032318e-03,-4.124350845813751221e-03,2.675798349082469940e-02,-2.757949987426400185e-03,-1.060259994119405746e-02,-2.060163579881191254e-02,1.979688368737697601e-02,8.302351459860801697e-03,-6.753205321729183197e-03,2.606053277850151062e-02,1.563900150358676910e-02,2.005172194913029671e-03,2.190265059471130371e-02,1.437822449952363968e-02,-2.058822289109230042e-02,-2.813947387039661407e-02,1.141405757516622543e-02,-1.712779141962528229e-02,1.153477001935243607e-02,-2.635560743510723114e-02,1.256753411144018173e-02,-9.563129395246505737e-03,-2.651655860245227814e-02,-5.237590055912733078e-03,1.217186450958251953e-02,-1.582677662372589111e-02,2.116496115922927856e-02,-2.070893533527851105e-02,2.598005719482898712e-02,7.584781851619482040e-03,1.109886332415044308e-03,3.331670910120010376e-02,-1.559876464307308197e-02,-2.037362195551395416e-02,5.987350270152091980e-02,7.544544059783220291e-03,-1.819073455408215523e-03,-5.455543752759695053e-03,-3.304845839738845825e-02
-1.846885494887828827e-02,-1.434960868209600449e-02,-1.136180106550455093e-02,-2.298105321824550629e-02,-1.010163687169551849e-02,3.517618775367736816e-02,-1.631437987089157104e-02,1.277948496863245964e-03,-1.041329000145196915e-02,3.367212135344743729e-03,4.789977800101041794e-03,2.123308554291725159e-02,-7.811661344021558762e-03,-4.701902158558368683e-03,1.114499848335981369e-02,1.657183282077312469e-02,3.972904011607170105e-02,2.760165557265281677e-02,3.165653673931956291e-03,-2.718498697504401207e-03,-2.006777189671993256e-02,6.517622154206037521e-03,-1.092142052948474884e-02,-3.311317879706621170e-03,-2.241194806993007660e-02,-7.201904430985450745e-03,4.322497639805078506e-03,-2.463417313992977142e-02,2.876019338145852089e-03,-1.054201647639274597e-02,6.568435113877058029e-03,2.861791662871837616e-02,-2.131438627839088440e-02,-1.983741857111454010e-02,-2.628729119896888733e-02,-2.474257349967956543e-02,-2.028457447886466980e-02,-1.410570554435253143e-02,-9.469225915381684899e-05,-2.657523145899176598e-03,-8.848248049616813660e-03,1.727644121274352074e-03,1.071816869080066681e-02,7.113828789442777634e-03,-3.525748848915100098e-02,9.464779868721961975e-03,5.768976174294948578e-03,-2.703254856169223785e-02,1.810638816095888615e-03,-4.054882563650608063e-03,4.710032045841217041e-02,8.651770651340484619e-03,-1.754744350910186768e-02,-6.104342639446258545e-03,1.114499871619045734e-03,2.607048861682415009e-02,8.502718992531299591e-03,2.307590469717979431e-02,-1.390245370566844940e-02,-8.672095835208892822e-03,-5.697838030755519867e-03,-8.021689020097255707e-03,-3.016602015122771263e-03,2.710030041635036469e-02,-5.433610174804925919e-03,-1.578592509031295776e-02,-2.943092584609985352e-02,-1.392277888953685760e-03,-1.041329000145196915e-02,-1.562332268804311752e-02,4.747972637414932251e-02,1.212060917168855667e-02,-2.340788487344980240e-03,-8.401093073189258575e-03,1.605692692101001740e-02,-2.308945544064044952e-02,-6.951226852834224701e-03,-2.582997316494584084e-03,-9.749332442879676819e-03,1.062331721186637878e-02,2.047427557408809662e-02,-2.371276170015335083e-02,-2.650409378111362457e-02,1.952576637268066406e-02,2.042007632553577423e-02,-1.647698134183883667e-02,-1.331979688256978989e-02,1.224594772793352604e-03,-6.995265139266848564e-04,-2.760165557265281677e-02,1.050814148038625717e-02,2.504067681729793549e-02,3.780491882935166359e-03,2.327915653586387634e-02,-1.780489645898342133e-02,1.036586472764611244e-03,5.348921753466129303e-03,1.743904314935207367e-02,-1.090109534561634064e-02,-3.360437229275703430e-02,6.141605321317911148e-03,-1.968836784362792969e-02,5.819789133965969086e-03,8.807597332634031773e-04,-9.600280784070491791e-03,-9.796758182346820831e-03,-1.548782084137201309e-02,-1.750679314136505127e-02,1.517616771161556244e-02,-7.613490452058613300e-04,-1.683606067672371864e-03,2.302170544862747192e-02,7.025752682238817215e-03,-4.357728362083435059e-02,2.449867129325866699e-02,-2.078592963516712189e-02,2.279135212302207947e-02,1.542176469229161739e-03,-1.371952705085277557e-02,-2.421411685645580292e-02,-2.116533368825912476e-02,7.682934869080781937e-03,9.363153949379920959e-03,-1.334689743816852570e-02,2.000002190470695496e-02,9.424129500985145569e-03,-3.054203838109970093e-02,-7.852312177419662476e-03,-5.788454436697065830e-04,-1.084689516574144363e-02,4.344177991151809692e-02,3.563689440488815308e-02,3.867212682962417603e-02,-4.008134454488754272e-02,-9.261527098715305328e-03,4.493229836225509644e-02,1.528456900268793106e-02,-1.359757501631975174e-02,1.016261242330074310e-02,-1.860435493290424347e-02,6.415995769202709198e-03,2.888892032206058502e-02,8.866879506967961788e-04,-2.257793676108121872e-03,1.868565753102302551e-02,1.070461794734001160e-02,7.249330170452594757e-03,6.050141993910074234e-03,-8.963423781096935272e-03,-2.689704671502113342e-02,-1.762874424457550049e-02,-2.486452460289001465e-02,1.578592509031295776e-02,-2.318430691957473755e-02,-1.047426555305719376e-02,2.525747939944267273e-02,1.383470278233289719e-02,2.055557817220687866e-02,-1.766939461231231689e-02,-6.100954953581094742e-03,-9.573181159794330597e-03,-2.170733921229839325e-02,2.136858552694320679e-02,-9.403804317116737366e-03,1.588077470660209656e-02,2.802170999348163605e-02,2.710029948502779007e-03,-8.502718992531299591e-03,-1.418700721114873886e-02,7.987813092768192291e-03,2.197834290564060211e-02,3.639570251107215881e-02,-1.934961415827274323e-02,2.624664083123207092e-02,-1.795394904911518097e-02,1.692413724958896637e-02,1.658538356423377991e-02,1.598917692899703979e-02,-2.670734561979770660e-02,-8.075889199972152710e-03,-4.146345704793930054e-02,7.635509595274925232e-03,2.222224511206150055e-02,2.620599046349525452e-02,-1.012026797980070114e-03,-1.329269725829362869e-02,2.398376539349555969e-02,6.368570495396852493e-03,2.349595911800861359e-02,-4.773040302097797394e-03,1.994582079350948334e-02,2.604338712990283966e-02,-2.730355132371187210e-03,-1.910782884806394577e-04,-6.421687006950378418e-01,-8.373992517590522766e-03,-1.888890936970710754e-02,4.640926141291856766e-03,4.515587352216243744e-03,1.508131716400384903e-02,1.143632642924785614e-02,1.218836009502410889e-02,-1.375340204685926437e-02,2.162942662835121155e-03,1.322833355516195297e-03,2.869921736419200897e-02,-1.677508465945720673e-02,-1.837400346994400024e-02,-5.077918525785207748e-03,-1.205285824835300446e-02,-2.317075617611408234e-02,-8.184290491044521332e-03,-1.831980235874652863e-02,1.825882703997194767e-03,-3.492551157251000404e-03,1.339432317763566971e-02,-1.716803945600986481e-02,-1.764907035976648331e-03,1.795394904911518097e-02,-7.994588464498519897e-03,1.324527151882648468e-02,-2.070462889969348907e-02,-5.274395924061536789e-03,9.696825873106718063e-04,-2.036587521433830261e-02,3.655830398201942444e-02,-4.840791225433349609e-03,3.439028188586235046e-02,4.642281308770179749e-02,-7.750685792416334152e-03,-3.046073764562606812e-02,1.547427102923393250e-02,3.100274316966533661e-02,2.628729119896888733e-02,-1.693768799304962158e-02,1.679371693171560764e-03,1.837400346994400024e-02,-7.506783120334148407e-03,-7.394359272439032793e-05,1.994582079350948334e-02,3.506778925657272339e-02,9.166676551103591919e-03,-1.342311734333634377e-03,-2.406506612896919250e-02,2.550138160586357117e-02,-4.590113181620836258e-03,3.960031084716320038e-03,3.127374500036239624e-02,-2.454270841553807259e-03,9.573181159794330597e-03,3.601629659533500671e-02,-2.336045913398265839e-02,-1.841465383768081665e-02,-1.084689516574144363e-02,-1.513551734387874603e-02,2.791330777108669281e-02,-1.880083233118057251e-03,-1.909216120839118958e-02,-1.182928122580051422e-02,2.138213627040386200e-02,-6.151767913252115250e-03,1.403795555233955383e-02,4.908541683107614517e-03,2.456642128527164459e-02,4.661251325160264969e-03,-9.654481895267963409e-03,-1.429540850222110748e-02,-7.764236070215702057e-03,1.846885494887828827e-02,8.380767889320850372e-03,1.647698134183883667e-02,-2.516940236091613770e-03,-8.373992517590522766e-03,3.783879335969686508e-03,-1.742549240589141846e-02,1.579947397112846375e-02,-2.842821367084980011e-02,-6.476971786469221115e-03,3.056913800537586212e-02,-5.989166442304849625e-03,-1.462061144411563873e-02,-1.761519536375999451e-02,1.157860271632671356e-02,-8.324873051606118679e-04,-4.190383944660425186e-03,3.268296271562576294e-02,1.563687250018119812e-02,-2.050137706100940704e-02,1.861790567636489868e-02,9.681582450866699219e-03,1.703253760933876038e-02,2.123308554291725159e-02,7.777785882353782654e-03,-2.605016343295574188e-03,8.299467153847217560e-03,2.267532836413010955e-04,-4.153120797127485275e-03,-1.341464836150407791e-02,-1.455286052078008652e-02,2.264568815007805824e-03,-2.367211133241653442e-02,-8.409561705775558949e-04,3.582659736275672913e-02,-2.239839732646942139e-02,2.296750433743000031e-03,5.281170830130577087e-03,4.712064750492572784e-03,-1.537942048162221909e-02,2.278118859976530075e-03,-3.409217670559883118e-02,1.903796009719371796e-02,1.209350884892046452e-03,-3.533201524987816811e-03,-4.222226515412330627e-02,7.391606923192739487e-03,1.241871248930692673e-02,-3.702578367665410042e-03,-4.830628633499145508e-03,5.542011465877294540e-03,2.750680409371852875e-02,-9.925484657287597656e-03,-1.643633097410202026e-02,-1.474256347864866257e-02,-3.899055533111095428e-03,-7.743910420686006546e-03,-3.764400898944586515e-04,2.021682448685169220e-02,1.729337847791612148e-03,1.840110309422016144e-02,-1.833335310220718384e-02,1.643633097410202026e-02,-1.796749792993068695e-02,2.761520631611347198e-02,-1.733064092695713043e-02,3.993906546384096146e-03,2.545734401792287827e-03,9.742558002471923828e-03,5.409897305071353912e-03,-1.062331721186637878e-02,-3.382117301225662231e-02,1.237128674983978271e-02,-1.348239928483963013e-02,-3.308946639299392700e-02,5.376021843403577805e-03,2.644989266991615295e-02,-7.059628143906593323e-03,-2.411926724016666412e-02,-2.432251814752817154e-03,7.682934869080781937e-03,-5.233745323494076729e-04,-2.881100634112954140e-03,-1.754744350910186768e-02,-9.214102290570735931e-03,-3.176154941320419312e-02,3.054203838109970093e-02,8.401093073189258575e-03,-2.027102373540401459e-02,-1.430895831435918808e-02,2.149053849279880524e-02,-2.436316944658756256e-02,1.176830474287271500e-02,4.522362723946571350e-03,9.810308925807476044e-03,-2.326560765504837036e-02,-4.532525315880775452e-03,2.235774695873260498e-02,-6.415995769202709198e-03,1.890245825052261353e-02,-2.410232787951827049e-03,8.529819548130035400e-03,-2.842821367084980011e-02,-1.856370456516742706e-02,-9.004074148833751678e-03,1.630083099007606506e-02,-1.050814148038625717e-02,7.262880448251962662e-03,-2.613823860883712769e-02,-4.054204747080802917e-02,-5.985778756439685822e-03,-8.787272498011589050e-03,-1.208673324435949326e-02,8.143640123307704926e-03,-1.033198926597833633e-02,-1.539297029376029968e-02,-1.895665936172008514e-02,1.258131396025419235e-02,8.028463460505008698e-03,4.715451970696449280e-03,-3.232980961911380291e-04,6.219518836587667465e-03,-8.563694544136524200e-03,1.136857550591230392e-02,1.452576089650392532e-02,2.956642769277095795e-02,-1.152821350842714310e-04,5.450547672808170319e-03,3.355016931891441345e-02,-7.107053417712450027e-03,8.462068624794483185e-03,-2.692414820194244385e-02,2.881100634112954140e-03,-1.082656998187303543e-02,2.518972940742969513e-02,6.731037050485610962e-03,-6.639573257416486740e-03,-3.710031136870384216e-02,-9.898384101688861847e-03,8.577245287597179413e-03,1.523036882281303406e-02,4.162605851888656616e-02,1.032521389424800873e-02,9.430903941392898560e-03,1.172765437513589859e-02,-1.789974793791770935e-02,2.449867129325866699e-02,-3.246954642236232758e-03,2.349257236346602440e-03,7.716810330748558044e-03,-5.712743103504180908e-02,8.970199152827262878e-03,2.100273221731185913e-02,6.182255689054727554e-03,1.479676365852355957e-02,2.225612057372927666e-03,-5.552174057811498642e-03,-5.457323044538497925e-03,1.222901046276092529e-02,4.687504842877388000e-04,1.117887324653565884e-03,-1.819785125553607941e-02,2.621953934431076050e-02,-2.296750433743000031e-02,1.501356624066829681e-02,-2.771005593240261078e-02,-2.196818124502897263e-03,2.027102373540401459e-02,1.693768799304962158e-02,-2.623309008777141571e-02,3.638215130195021629e-03,1.924121193587779999e-02,2.028457447886466980e-02,8.055564016103744507e-03,3.246954642236232758e-03,8.353667333722114563e-03,-1.193768158555030823e-02,-8.834697306156158447e-03,-2.514907903969287872e-02,3.482388565316796303e-03,9.376703761518001556e-03,-3.176154941320419312e-02,-1.146342698484659195e-02,6.033204030245542526e-03,4.048784822225570679e-02,2.107048220932483673e-02,8.367217145860195160e-03,-8.827922865748405457e-03,5.816401913762092590e-03,2.684284746646881104e-02,2.850951440632343292e-02,9.356378577649593353e-03,-1.013551186770200729e-02,-1.216125953942537308e-02,-2.256099833175539970e-03,-9.369928389787673950e-03,-9.661257266998291016e-03,-1.329269725829362869e-02,1.428185775876045227e-02,-1.489161513745784760e-02,6.158543284982442856e-03,5.748650990426540375e-03,4.586725495755672455e-03,1.183605566620826721e-02,4.823853261768817902e-03,-5.223582964390516281e-03,-1.615855377167463303e-03,-3.886182978749275208e-02,2.017278457060456276e-03,1.743904314935207367e-02,-1.062331721186637878e-02,-8.685645647346973419e-03,-2.448512054979801178e-02,1.417345646768808365e-02,-1.296749338507652283e-02,1.199865806847810745e-02,7.466132752597332001e-03,1.846885494887828827e-02,1.119242422282695770e-02,-1.175475493073463440e-02,1.152440253645181656e-02,-1.071816869080066681e-02,1.867210678756237030e-02,-2.059622853994369507e-02,2.876019338145852089e-03,1.242548786103725433e-02,1.719514094293117523e-02,-1.296579954214394093e-03,-1.128727477043867111e-02,1.039296481758356094e-02,3.151764720678329468e-02,9.532530792057514191e-03,2.837062580510973930e-03,-1.868226914666593075e-03,-3.065043874084949493e-02,-8.177515119314193726e-03,-4.620600957423448563e-03,-6.819112692028284073e-03,-1.252033840864896774e-02,-3.596209734678268433e-02,1.315719541162252426e-02,-2.295056590810418129e-03,-1.401085499674081802e-02,-2.027102373540401459e-02,2.498647570610046387e-02,-2.634149044752120972e-02,6.724261678755283356e-03,-2.015584846958518028e-03,-6.571822450496256351e-04,2.476967312395572662e-02,1.059621721506118774e-01,1.093497127294540405e-02,1.065041776746511459e-02,1.842820458114147186e-02,1.674798503518104553e-02,3.517618775367736816e-02,-2.872631698846817017e-02,-3.750681504607200623e-02,-9.349603205919265747e-03,-2.252712380141019821e-03,-1.380156845698365942e-05,-1.193090714514255524e-02,-2.813349943608045578e-03,-6.839438341557979584e-03,1.342819817364215851e-02,5.745263304561376572e-03,-3.023377154022455215e-03,-1.115854829549789429e-02,1.152440253645181656e-02,1.372630149126052856e-02,-3.414637595415115356e-02,4.281847272068262100e-03,-1.251356303691864014e-02,1.290651783347129822e-02,-2.130083553493022919e-02,-9.464779868721961975e-03,3.739841282367706299e-03,2.761520631611347198e-02,-6.747974548488855362e-03,-6.717486772686243057e-03,8.515422232449054718e-04,3.233404597267508507e-03,4.048107191920280457e-03,1.254066359251737595e-02,-5.941740702837705612e-03,1.008808612823486328e-02,2.682929625734686852e-03,2.777780778706073761e-02,2.516262792050838470e-02,-3.325206786394119263e-02,1.383809023536741734e-03,-5.060981027781963348e-03,5.833339411765336990e-03,-3.181575238704681396e-02,1.044039055705070496e-02,-1.323172170668840408e-02,-7.960713468492031097e-03,1.006776094436645508e-02,-8.218165487051010132e-03,-1.520326826721429825e-02,2.932252362370491028e-02,-2.130083553493022919e-02,-1.960706710815429688e-02,-3.254745900630950928e-02,-1.909216120839118958e-02,9.925484191626310349e-04,1.822495134547352791e-03,9.864509105682373047e-03,8.502718992531299591e-03,-2.908200956881046295e-03,-1.057589240372180939e-02,-2.409216575324535370e-02,-2.874325495213270187e-03,4.463080549612641335e-04,-1.497291587293148041e-02,-1.358402520418167114e-02,-2.395666576921939850e-02,1.329269725829362869e-02,-1.433605886995792389e-02,-1.705625094473361969e-03,-2.252712380141019821e-03,-3.587402170524001122e-03,-1.510841678828001022e-02,8.773721754550933838e-03,3.455288335680961609e-02,2.275070175528526306e-02,6.710711866617202759e-03,-2.161248819902539253e-03,-1.243226230144500732e-03,-2.816737396642565727e-03,-1.159892790019512177e-02,-4.224259406328201294e-03,1.997292041778564453e-02,-2.378051355481147766e-02,-1.371952705085277557e-02,2.378051355481147766e-02,1.340109854936599731e-02,2.454270841553807259e-03,-1.373307686299085617e-02,6.869926117360591888e-03,2.483488351572304964e-04,1.518971752375364304e-02,7.249330170452594757e-03,-2.105693332850933075e-02,3.029813431203365326e-02,4.831475380342453718e-04,5.782526452094316483e-03,-8.333342149853706360e-03,-8.184290491044521332e-03,-8.407867513597011566e-03,1.531166955828666687e-02,7.195129524916410446e-03,-3.492551157251000404e-03,1.598917692899703979e-02,4.466129466891288757e-02,-1.618396025151014328e-03,-1.990517042577266693e-02,1.962061785161495209e-02,1.353321247734129429e-03,-2.108403295278549194e-02,2.755761612206697464e-03,-2.581303566694259644e-02,3.042008727788925171e-03,-7.547433488070964813e-03,-1.128727477043867111e-02,-2.527103060856461525e-03,7.161254063248634338e-03,3.596209734678268433e-02,1.555557176470756531e-02,7.886187173426151276e-03,4.369923379272222519e-03,-3.422767668962478638e-02,1.970191858708858490e-02,1.959351636469364166e-02,-2.755761612206697464e-03,1.279134117066860199e-02,-2.880761772394180298e-02,-7.872637361288070679e-03,1.174797955900430679e-02,1.804879866540431976e-02,-1.646343246102333069e-02,1.479676365852355957e-02,2.062332816421985626e-02,-6.273719482123851776e-03,-2.162603847682476044e-02,-2.137536182999610901e-03,-1.677508465945720673e-02,6.070467177778482437e-03,-3.262875974178314209e-02,-5.479342071339488029e-04,2.620260231196880341e-03,-1.123307459056377411e-02,-2.285910211503505707e-02,-2.037942595779895782e-02,-1.940381526947021484e-02,-3.528458997607231140e-02,4.478324670344591141e-03,-1.775069721043109894e-02,-7.389066158793866634e-04,8.509494364261627197e-03,-1.328592188656330109e-02,-4.806068682228215039e-05,-3.078594058752059937e-02,1.020326279103755951e-02,5.196482408791780472e-03,-1.708673872053623199e-02,-3.363147005438804626e-02,-7.831986993551254272e-03,7.147704251110553741e-03,1.378050260245800018e-02,1.764229498803615570e-02,1.627372950315475464e-02,2.200544252991676331e-02,2.934962511062622070e-02,-1.509486697614192963e-02,-7.269655354321002960e-03,-3.452578186988830566e-02,-1.551492139697074890e-02,-4.024394601583480835e-02,1.259486470371484756e-02,2.613823860883712769e-02,8.685645647346973419e-03,2.123308554291725159e-02,-1.136180106550455093e-02,2.319785580039024353e-02,1.193768158555030823e-02,-4.261945432517677546e-04,-9.444454684853553772e-03,-3.202916588634252548e-03,-3.983744233846664429e-02,-2.398376539349555969e-02,-1.182928122580051422e-02,6.260169204324483871e-03,-8.678871206939220428e-03,1.206640806049108505e-02,-1.314364490099251270e-03,3.403797745704650879e-02,-1.289296802133321762e-02,-1.025068853050470352e-02,7.886187173426151276e-03,9.546080604195594788e-03,-2.201899327337741852e-02,4.154475778341293335e-02,1.355015020817518234e-02,9.749332442879676819e-03,-4.258134402334690094e-03,2.062332816421985626e-02,2.529812976717948914e-02,-2.054541371762752533e-03,1.134147588163614273e-02,1.096884626895189285e-02,9.600280784070491791e-03,-1.592989545315504074e-03,-1.418700721114873886e-02,-2.352306060492992401e-02,1.815720112062990665e-03,-2.100273268297314644e-03,1.763213193044066429e-03,2.716381568461656570e-04,7.865861989557743073e-03,3.394312458112835884e-03,-1.600272767245769501e-02,-1.208673324435949326e-02,-1.613822765648365021e-02,9.065050631761550903e-03,-1.023713778704404831e-02,2.840450266376137733e-03,3.079271642491221428e-03,2.178610011469572783e-04,-2.918702363967895508e-02,-2.154473774135112762e-02,-1.163957826793193817e-02,3.102984279394149780e-02,-2.454270841553807259e-03,1.531166955828666687e-02,3.008133172988891602e-02,-1.822495134547352791e-03,-5.237132776528596878e-03,1.233741175383329391e-02,-9.241201914846897125e-03,-1.187670603394508362e-02,1.952576637268066406e-02,1.981709385290741920e-03,-3.770329291000962257e-03,-1.257093936146702617e-05,-1.814026269130408764e-03,1.405150536447763443e-02,-2.533878013491630554e-02,-2.991873025894165039e-02,2.264229953289031982e-02,-4.698514472693204880e-03,-1.334689743816852570e-02,-7.703260052949190140e-03,-3.604339901357889175e-03,2.644989266991615295e-02,1.737129129469394684e-02,-3.582659736275672913e-02,5.027105566114187241e-03,-3.056913800537586212e-02,-2.379406243562698364e-02,-1.273036561906337738e-02,1.956641674041748047e-02,-3.490518778562545776e-02,3.116534464061260223e-02,1.375340158119797707e-03,4.579950589686632156e-03,9.295403026044368744e-03,-5.406509619206190109e-03,8.926161099225282669e-04,1.159892790019512177e-02,1.834351569414138794e-03,2.878051809966564178e-02,3.560301847755908966e-03,1.976628089323639870e-03,1.585367508232593536e-02,2.720870077610015869e-02,-1.975611783564090729e-02,3.113146871328353882e-03,-6.910576485097408295e-04,2.616534009575843811e-02,-1.358402520418167114e-02,-1.474256347864866257e-02,1.237128674983978271e-02,-1.663958467543125153e-02,1.585791032994166017e-04,1.813010126352310181e-02,7.253564544953405857e-04,-7.310305722057819366e-03,-3.399393754079937935e-03,4.586725495755672455e-03,5.714775528758764267e-03,2.027102373540401459e-02,2.113823406398296356e-02,-2.986453101038932800e-02,-1.035231444984674454e-02,-3.845532611012458801e-02,-1.216337695950642228e-04,1.014906261116266251e-02,1.951221562922000885e-02,-6.117892451584339142e-03,-3.769651800394058228e-02,2.532184356823563576e-03,-2.872631698846817017e-02,1.426830794662237167e-02,-2.205964364111423492e-02,-9.417354129254817963e-03,1.287941727787256241e-02,3.233065828680992126e-02,-1.112467329949140549e-02,2.246614918112754822e-02,-1.387535315006971359e-02,-1.044716592878103256e-02,4.132795613259077072e-03,-4.718839656561613083e-03,1.574527472257614136e-02,-1.318429596722126007e-02,1.838755421340465546e-02,-3.487808629870414734e-02,-1.448511052876710892e-02,3.675478044897317886e-03,-2.677848329767584801e-03,9.010849520564079285e-03,1.674798503518104553e-02,-2.875341847538948059e-02,6.307594943791627884e-03,1.890245825052261353e-02,2.472902275621891022e-02,-3.197835385799407959e-02,-3.823852166533470154e-02,1.346207410097122192e-02,-1.817075163125991821e-02,6.717486772686243057e-03,3.111114352941513062e-02,-2.867211773991584778e-02,1.456641126424074173e-02,2.815721184015274048e-02,5.647025071084499359e-03,1.701898872852325439e-02,-9.701907634735107422e-03,-1.758809387683868408e-02,-3.993906546384096146e-03,6.985102314502000809e-03,-1.399730518460273743e-02,-3.311656787991523743e-02,-1.602305215783417225e-03,-1.869497209554538131e-04,-2.095191972330212593e-03,1.392955426126718521e-02,-1.712738908827304840e-02,-2.249324880540370941e-02,1.638213172554969788e-02,7.500007748603820801e-03,-1.457996107637882233e-02,7.337406277656555176e-03,1.038618944585323334e-02,-1.924121193587779999e-02,5.240520462393760681e-03,-1.178016187623143196e-03,-2.292685396969318390e-02,-4.739842563867568970e-02,-8.929548785090446472e-03,4.195126518607139587e-02,1.147020142525434494e-02,-1.358402520418167114e-02,-1.810299977660179138e-02,2.002712152898311615e-02,-6.032526865601539612e-02,-3.777104197070002556e-03,-1.392955426126718521e-02,2.230354584753513336e-02,1.536586973816156387e-02,-2.986114239320158958e-03,1.682928577065467834e-02,2.856371551752090454e-02,1.619242876768112183e-02,1.543362066149711609e-02,-2.414636686444282532e-02,-1.016261242330074310e-02,-3.637368208728730679e-04,-1.432250812649726868e-02,3.162604942917823792e-02,1.688348688185214996e-02,-2.040652558207511902e-02,-5.602987017482519150e-03,3.046073764562606812e-02,-1.481031347066164017e-02,-4.644313827157020569e-03,4.799463227391242981e-02,3.584437945391982794e-04,-1.993227005004882812e-02,3.963418770581483841e-03,-7.215454708784818649e-03,-6.304207257926464081e-03,-1.512196753174066544e-02,7.018977776169776917e-03,-1.845530420541763306e-02,2.336045913398265839e-02,7.693944498896598816e-04,1.273714099079370499e-02,-2.329270727932453156e-02,-4.688351880759000778e-03,2.079948037862777710e-02,1.465956796891987324e-03,-8.001363836228847504e-03,-3.123309463262557983e-03,-1.207318343222141266e-02,-2.555558271706104279e-02,-7.905665552243590355e-04,-3.878730349242687225e-04,2.693769708275794983e-02,-3.154474869370460510e-02,-2.664298284798860550e-03,-9.403804317116737366e-03,-1.487806439399719238e-02,-1.966126821935176849e-02,1.340109854936599731e-02,-2.032522577792406082e-03,5.616537295281887054e-03,-7.134153973311185837e-03,-3.075884096324443817e-02,-5.789301358163356781e-03,1.169377937912940979e-02,5.240520462393760681e-03,-1.244920073077082634e-03,-1.344852335751056671e-02,-4.823853448033332825e-02,1.594852656126022339e-02,-1.650408282876014709e-02,8.807597681879997253e-03,4.138215631246566772e-02,-4.939029458910226822e-03,1.622630399651825428e-03,3.458675695583224297e-03,-2.012197300791740417e-02,-5.704612936824560165e-03,-3.024393506348133087e-02,-1.906506158411502838e-02,-2.059622853994369507e-02,1.714093983173370361e-02,-7.391606923192739487e-03,-1.659893430769443512e-02,-3.731711208820343018e-02,-2.174799097701907158e-03,2.089433185756206512e-02,-4.681576974689960480e-03,1.283876691013574600e-02,2.163687944412231445e-01,-1.379405241459608078e-02,-1.073171850293874741e-02,6.815725471824407578e-03,2.693769708275794983e-02,-5.440385080873966217e-03,6.355020217597484589e-03,-2.012197300791740417e-02,-8.855022490024566650e-03,8.895673789083957672e-03,-1.090109534561634064e-02,-6.222906522452831268e-03,2.360690123168751597e-04,6.985102314502000809e-03,4.058693302795290947e-04,-3.140924870967864990e-02,-2.299460396170616150e-02,-2.002712152898311615e-02,-1.705963909626007080e-02,-3.888893127441406250e-02,1.420055702328681946e-02,1.192413154058158398e-03,4.796753171831369400e-03,-6.565047428011894226e-03,2.861791662871837616e-02,-5.376021843403577805e-03,-2.075883001089096069e-02,-1.650408282876014709e-02,4.517620056867599487e-02,3.138214722275733948e-02,-3.032523579895496368e-02,-7.682934869080781937e-03,3.391771751921623945e-04,1.065719313919544220e-02,-1.489161513745784760e-02,-3.201222978532314301e-03,1.962061785161495209e-02,-6.043366622179746628e-03,2.203254401683807373e-02,-2.823512535542249680e-03,-2.410232787951827049e-03,-1.271004043519496918e-02,-2.373986318707466125e-02,8.861797861754894257e-03,5.098243709653615952e-03,6.883475929498672485e-03,-1.044208416715264320e-03,-1.494581531733274460e-02,-8.597570471465587616e-03,2.426831796765327454e-02,-1.377372723072767258e-02,1.761519536375999451e-02,4.620601236820220947e-02,2.216804586350917816e-02,2.181574143469333649e-02,-1.225611008703708649e-02,-3.956643864512443542e-03,1.844175346195697784e-02,7.981884991750121117e-04,-2.197834290564060211e-02,-5.210032686591148376e-03,9.600280784070491791e-03,-1.880760863423347473e-02,1.570462435483932495e-02,1.096207089722156525e-02,1.638213172554969788e-02,-4.102985188364982605e-02,-1.497291587293148041e-02,-2.245937241241335869e-03,-2.239839732646942139e-02,-1.510841655544936657e-03,-1.845530420541763306e-02,-3.224935615435242653e-03,1.479676365852355957e-02,-1.170055475085973740e-02,-4.522362723946571350e-03,-2.772699343040585518e-03,2.765924436971545219e-03,8.951567579060792923e-04,8.617895655333995819e-03,-5.203257314860820770e-03,-1.280489191412925720e-02,1.581133110448718071e-03,6.283882074058055878e-03,-7.269655354321002960e-03,-4.769652709364891052e-02,2.804880961775779724e-02,-6.100954953581094742e-03,-2.747970446944236755e-02,1.246613822877407074e-02,1.056234166026115417e-02,-6.426158361136913300e-03,-4.075207747519016266e-03,-2.232387196272611618e-03,6.331307347863912582e-03,1.540652010589838028e-02,-8.692421019077301025e-03,1.116532366722822189e-02,8.712746202945709229e-03,-5.027105566114187241e-03,-4.302172455936670303e-03,-1.184283103793859482e-02,4.800140392035245895e-03,1.662603393197059631e-02,8.678871206939220428e-03,-7.235779892653226852e-03,1.376695185899734497e-02,1.952576637268066406e-02,5.518298596143722534e-03,-4.861116409301757812e-03,-1.579947397112846375e-02,-2.457997202873229980e-02,-2.266262657940387726e-03,-1.013551186770200729e-02,1.868565753102302551e-02,-7.147704251110553741e-03,-4.888216499239206314e-03,-3.973581362515687943e-03,2.247969806194305420e-02,-6.012878729961812496e-04,1.239161193370819092e-02,-1.565042324364185333e-02,8.644995279610157013e-03,2.420395612716674805e-03,-1.269649062305688858e-02,-7.486457936465740204e-03,-1.994582079350948334e-02,7.256105076521635056e-03,9.708682075142860413e-03,-2.570463344454765320e-02,2.046072669327259064e-02,-2.837401442229747772e-02,7.452582474797964096e-03,-7.940387353301048279e-03,1.007453631609678268e-02,1.540652010589838028e-02,1.048104092478752136e-02,-2.699189819395542145e-02,-1.733064092695713043e-02,-1.065041776746511459e-02,1.189025701023638248e-03,-3.263892373070120811e-03,1.022358797490596771e-02,4.352985415607690811e-03,-2.953932620584964752e-03,1.160570327192544937e-02,3.550139442086219788e-02,-2.799461036920547485e-02,-6.598922889679670334e-03,-8.970199152827262878e-03,-2.062332816421985626e-02,-1.234418619424104691e-02,-1.159384730271995068e-03,-3.594177309423685074e-03,2.525747939944267273e-02,-4.962742328643798828e-03,-2.196479216217994690e-02,-3.395667672157287598e-02,-6.487134378403425217e-03,3.604339808225631714e-02,-5.658542737364768982e-02,2.879406791180372238e-03,9.356378577649593353e-03,-2.929542399942874908e-02,4.907695110887289047e-04,2.223579585552215576e-02,-1.735503226518630981e-01,1.045394036918878555e-02,8.407867513597011566e-03,-3.105694428086280823e-02,3.376697376370429993e-02,3.858405165374279022e-03,1.814365014433860779e-02,-1.547427102923393250e-02,-8.787272498011589050e-03,7.750685792416334152e-03,1.861790567636489868e-02,-1.875340752303600311e-02,-1.437670923769474030e-02,-2.947157481685280800e-03,-2.596547361463308334e-03,-1.661587157286703587e-03,-2.032522484660148621e-02,1.079946942627429962e-02,2.321140654385089874e-02,2.420395612716674805e-03,2.279135212302207947e-02,-6.355020217597484589e-03,-4.649395123124122620e-04,-2.574528381228446960e-02,1.939026452600955963e-02,7.953938096761703491e-03,-1.266939006745815277e-02,1.060299202799797058e-02,-3.604339901357889175e-03,-1.867210678756237030e-02,-1.940381526947021484e-02,-1.449866034090518951e-02,2.669379487633705139e-02,-1.413280609995126724e-02,9.342828765511512756e-03,2.445802092552185059e-02,-2.590788714587688446e-02,-1.879405789077281952e-02,1.016938779503107071e-02,1.682928577065467834e-02,3.490518778562545776e-02,5.013555288314819336e-03,-3.387537435628473759e-04,4.359760787338018417e-03,-2.189704217016696930e-02,2.565043419599533081e-02,2.436316944658756256e-02,-2.242549788206815720e-03,9.139575995504856110e-03,-1.327914651483297348e-02,-2.443091943860054016e-02,-4.647701513022184372e-03,-1.195123232901096344e-02,-9.979685768485069275e-03,1.414635684341192245e-02,4.021007101982831955e-03,-2.289975248277187347e-02,8.373992517590522766e-03,-1.631437987089157104e-02,-1.711383834481239319e-02,-3.834692295640707016e-03,-1.050814148038625717e-02,1.505421660840511322e-02,2.245937241241335869e-03,2.772360667586326599e-02,1.768294535577297211e-02,-4.854341037571430206e-03,1.204269588924944401e-03,-3.194447839632630348e-03,1.886180788278579712e-02,-1.756099425256252289e-02,-3.132794797420501709e-02,4.302172455936670303e-03,-1.276424154639244080e-02,1.075204368680715561e-02,4.840791225433349609e-03,-2.486452460289001465e-02,3.582659736275672913e-02,2.449867129325866699e-02,-1.442244043573737144e-03,-5.868908483535051346e-04,2.275070175528526306e-02,2.608403796330094337e-03,-4.397023469209671021e-03,2.704609930515289307e-02,1.372630149126052856e-02,1.017616223543882370e-02,-5.196482408791780472e-03,7.831986993551254272e-03,1.566397398710250854e-02,1.299459394067525864e-02,-5.301496013998985291e-03,1.145665161311626434e-02,-3.303526714444160461e-02,1.052846666425466537e-02,-1.127203111536800861e-03,4.427511245012283325e-03,6.111117545515298843e-03,4.922091960906982422e-03,-9.783208370208740234e-03,1.072494406253099442e-02,1.378050260245800018e-02,-1.598917692899703979e-02,5.694450344890356064e-03,2.493227645754814148e-02,-1.684283651411533356e-02,7.926837541162967682e-03,2.109758369624614716e-02,1.321817096322774887e-02,2.152780070900917053e-03,1.734419167041778564e-02,1.340787298977375031e-02,1.556912250816822052e-02,1.470402930863201618e-04,2.284555323421955109e-02,-3.560301847755908966e-03,-9.681582450866699219e-03,-1.688348688185214996e-02,8.326566778123378754e-03,-1.114499848335981369e-02,6.753394752740859985e-02,4.195126518607139587e-02,-1.147697679698467255e-02,4.268296994268894196e-03,-6.279647350311279297e-04,-3.214095532894134521e-02,-1.168564930558204651e-01,-9.986460208892822266e-03,1.150407735258340836e-02,6.165318191051483154e-03,3.276426345109939575e-02,2.972902916371822357e-02,-4.971211310476064682e-04,1.574527472257614136e-02,-4.086725041270256042e-02,8.204615674912929535e-03,7.405156735330820084e-03,-2.483742497861385345e-02,-1.791329868137836456e-02,9.518980048596858978e-03,2.747292863205075264e-03,-3.319786861538887024e-02,3.976969048380851746e-03,-2.220869623124599457e-02,-2.768295630812644958e-02,3.284556418657302856e-02,-8.157189935445785522e-03,2.371276241319719702e-05,-9.883140446618199348e-04,-8.760171942412853241e-03,-7.554208394140005112e-03,1.665313355624675751e-02,-1.676153577864170074e-02,1.430895831435918808e-02,1.615177839994430542e-02,-2.794718369841575623e-03,-2.771005732938647270e-03,1.761519466526806355e-03,-9.234427474439144135e-03,1.611112803220748901e-02,-1.846207887865602970e-03,-1.008808612823486328e-02,-5.411930009722709656e-02,-1.403795555233955383e-02,1.550137158483266830e-02,-3.211385384202003479e-02,-4.176833666861057281e-03,1.255421340465545654e-02,-2.099214616464450955e-04,-1.330624707043170929e-02,1.380760315805673599e-02,-8.062339387834072113e-03,-8.367217145860195160e-03,1.235773693770170212e-02,3.712740913033485413e-02,-3.426494076848030090e-03,-2.516262792050838470e-02,-1.098239608108997345e-02,-2.136858552694320679e-02,-1.508131716400384903e-02,9.796758182346820831e-03,-2.731710299849510193e-02,9.017624892294406891e-03,3.529814071953296661e-03,-7.953938096761703491e-03,3.195125237107276917e-02,-1.623307913541793823e-02,1.512196753174066544e-02,3.113146871328353882e-03,1.577237434685230255e-02,-5.182932130992412567e-03,-2.074866788461804390e-03,-7.913287729024887085e-03,-1.244581304490566254e-02,8.150415495038032532e-03,-1.926831342279911041e-02,-1.149730198085308075e-02,1.132114976644515991e-02,-8.841473027132451534e-04,3.853662684559822083e-02,-3.794042021036148071e-02,-1.890245825052261353e-02,-1.262196432799100876e-02,-1.105014700442552567e-02,1.693768799304962158e-02,-3.365857154130935669e-02,-3.170735016465187073e-02,-2.355016022920608521e-02,5.152444355189800262e-03,-1.605692692101001740e-02,2.659894339740276337e-02,9.613831527531147003e-03,1.281166635453701019e-02,-4.260167106986045837e-02,-1.827576430514454842e-03,-1.802169904112815857e-02,1.998647116124629974e-03,2.432251814752817154e-03,1.624662987887859344e-02,-2.322495728731155396e-02,6.754749920219182968e-03,-1.803524978458881378e-02,5.264233332127332687e-03,-3.224935755133628845e-02,3.519651480019092560e-03,9.417354129254817963e-03,-1.991872116923332214e-02,-1.144310180097818375e-02,-5.444450303912162781e-02,2.300815470516681671e-02,-2.092143148183822632e-02,-3.048783726990222931e-02,1.311654504388570786e-02,-4.449869319796562195e-02,2.131438627839088440e-02,-1.048781629651784897e-02,-1.291329320520162582e-02,-2.932252362370491028e-02,-8.211391046643257141e-03,3.233065828680992126e-02,-1.452576089650392532e-02,-1.905151084065437317e-02,-1.983741857111454010e-02,5.836727097630500793e-03,3.902443218976259232e-03,-1.718116691336035728e-04,-6.338082719594240189e-03,1.777779683470726013e-02,3.726291237398982048e-03,-3.116534557193517685e-03,-1.090109534561634064e-02,4.766265396028757095e-03,-2.452577091753482819e-02,5.119416164234280586e-04,-1.947156526148319244e-02,7.181579247117042542e-03,-1.278795418329536915e-03,-1.899730972945690155e-02,1.231031119823455811e-02,-1.887535862624645233e-02,6.605698261409997940e-03,1.818430051207542419e-02,2.799799665808677673e-03,-2.154473913833498955e-03,3.783879335969686508e-03,1.157860271632671356e-02,1.914636231958866119e-02,4.951224848628044128e-02,-2.078592963516712189e-02,-1.258808933198451996e-02,2.403457881882786751e-03,-9.972910396754741669e-03,-1.037263963371515274e-02,-7.825211621820926666e-03,-1.102982182055711746e-02,3.967483714222908020e-02,3.569109365344047546e-02,1.501356624066829681e-02,2.768295630812644958e-02,2.540653012692928314e-02,3.912605810910463333e-03,-7.113828789442777634e-03,-3.154474869370460510e-02,-3.208675608038902283e-02,3.868567757308483124e-03,-4.037944599986076355e-03,2.012197300791740417e-02,-3.319786861538887024e-02,3.617890179157257080e-02,1.378050260245800018e-02,8.495943620800971985e-03,1.724468311294913292e-04,9.425823227502405643e-04,2.265585027635097504e-02,9.403804317116737366e-03,9.668031707406044006e-03,8.062339038588106632e-04,-9.390253573656082153e-03,-1.233741175383329391e-02,-6.598922889679670334e-03,7.926837541162967682e-03,1.476966310292482376e-02,1.494581531733274460e-02,-1.630083099007606506e-02,-2.002712152898311615e-02,9.546080604195594788e-03,-1.516261789947748184e-02,8.069113828241825104e-03,3.279136121273040771e-02,-3.233404597267508507e-03,-2.061316510662436485e-03,-3.861792618408799171e-03,6.111117545515298843e-03,1.529811881482601166e-02,-1.365855149924755096e-02,-1.502711605280637741e-02,2.176492707803845406e-03,1.034553907811641693e-02,9.281852282583713531e-03,-1.168700400739908218e-03,1.563687250018119812e-02,-1.120597403496503830e-02,-1.087399548850953579e-03,1.649053208529949188e-02,1.261518988758325577e-02,2.013552188873291016e-02,1.174797955900430679e-02,1.186993159353733063e-02,3.777104197070002556e-03,-1.041667768731713295e-03,-7.459357380867004395e-03,-1.109418575651943684e-03,2.716805087402462959e-03,8.055564016103744507e-03,-2.391601540148258209e-02,-3.411356010474264622e-05,-1.723579131066799164e-02,1.914636231958866119e-02,-1.996953273192048073e-03,-5.060981027781963348e-03,8.936324156820774078e-03,-7.120603695511817932e-03,-8.983748964965343475e-03,-2.232387196272611618e-03,3.051493689417839050e-02,-5.931578110903501511e-03,-1.525746844708919525e-02,3.756101429462432861e-02,3.233065828680992126e-02,-1.062839874066412449e-03,1.284554228186607361e-02,1.241871248930692673e-02,1.152440253645181656e-02,-9.173450991511344910e-03,-2.619243972003459930e-02,5.432763136923313141e-04,5.738488398492336273e-03,-1.778457197360694408e-03,2.913282252848148346e-02,-3.168024867773056030e-02,-4.092145338654518127e-02,6.680224090814590454e-03,1.863145618699491024e-03,2.508132718503475189e-02,-3.184285247698426247e-03,3.829272463917732239e-02,-1.065041776746511459e-02,3.127374500036239624e-02,4.327917844057083130e-02,-3.102984279394149780e-02,1.539297029376029968e-02,2.104338258504867554e-02,2.593498677015304565e-02,9.417354129254817963e-03,1.556912250816822052e-02,-1.495936512947082520e-02,-2.337400801479816437e-02,1.125339977443218231e-02,-1.065380522049963474e-03,2.298105321824550629e-02,-1.216803491115570068e-02,-1.133470050990581512e-02,-1.588077470660209656e-02,1.474256347864866257e-02,1.294716820120811462e-02,1.175475493073463440e-02,1.015583705157041550e-02,2.788620814681053162e-02,-3.002205048687756062e-04,1.511688577011227608e-03,-1.883470802567899227e-03,-2.584013529121875763e-02,-3.379407525062561035e-02,2.746615372598171234e-02,-2.672767033800482750e-03,-9.796758182346820831e-03,-2.368566207587718964e-02,-4.234421998262405396e-03,6.219518836587667465e-03,-2.491872571408748627e-02,-8.699196390807628632e-03,2.642279257997870445e-03,-2.682929672300815582e-02,4.105695523321628571e-03,-1.278456673026084900e-02,9.620605967938899994e-03,3.865180304273962975e-03,-1.498646568506956100e-02,3.506778925657272339e-02,-2.785910852253437042e-02,-2.783200703561306000e-02,6.092147529125213623e-02,3.318093018606305122e-03,1.284723635762929916e-03,-3.997294232249259949e-03,-3.430898115038871765e-02
-2.611998654901981354e-02,-2.078882977366447449e-02,-4.785315599292516708e-03,-9.510354138910770416e-03,-1.247061882168054581e-02,9.269245900213718414e-03,-1.739992946386337280e-02,6.717524491250514984e-03,1.499387668445706367e-03,7.655165158212184906e-03,3.324605524539947510e-02,7.601585704833269119e-03,-3.015518886968493462e-03,-9.912199340760707855e-03,2.149875834584236145e-02,1.705166324973106384e-02,3.300494700670242310e-02,8.525831624865531921e-03,-1.254429109394550323e-02,-1.267154235392808914e-02,-1.799934892915189266e-03,2.033340372145175934e-02,5.080002360045909882e-03,-8.807123638689517975e-03,4.487279802560806274e-03,-1.589970476925373077e-02,6.450464716181159019e-04,-3.083497844636440277e-02,7.487729191780090332e-03,-2.057451196014881134e-02,-7.347083184868097305e-03,2.921754727140069008e-03,-2.120407111942768097e-02,-1.556483283638954163e-02,-3.158508986234664917e-02,-3.115645423531532288e-02,-3.383542969822883606e-02,-4.922612570226192474e-04,1.135214790701866150e-02,1.501564309000968933e-02,-5.642586853355169296e-03,-5.471802316606044769e-03,2.904006652534008026e-02,1.293943915516138077e-02,-3.980953618884086609e-02,6.580227054655551910e-03,-5.203905049711465836e-03,-3.530886396765708923e-02,-1.808306761085987091e-02,4.537510219961404800e-03,4.053286090493202209e-02,1.220188423758372664e-04,-2.149875834584236145e-02,-1.417176704853773117e-02,-8.411974646151065826e-03,1.923502609133720398e-02,-1.176069118082523346e-02,2.818279527127742767e-02,-1.536390930414199829e-02,-2.562437579035758972e-02,3.640054492279887199e-03,2.473026979714632034e-03,-1.283897738903760910e-02,1.748029887676239014e-02,-8.592805825173854828e-03,-2.116388641297817230e-02,-8.324908092617988586e-03,1.485490519553422928e-02,-2.155233733355998993e-02,-1.738653331995010376e-02,2.404378168284893036e-02,1.565859653055667877e-02,-7.554703857749700546e-03,-2.739249728620052338e-03,1.218932680785655975e-02,-9.262548759579658508e-03,-2.810242585837841034e-02,-1.559664495289325714e-03,-7.923061959445476532e-03,9.523748420178890228e-03,6.017643027007579803e-03,-2.165949530899524689e-02,-1.267154235392808914e-02,1.943594776093959808e-02,1.176069118082523346e-02,-1.204868033528327942e-02,2.086250111460685730e-03,2.062809094786643982e-02,-1.780177466571331024e-02,-1.091011706739664078e-02,1.042120438069105148e-02,3.600539639592170715e-02,8.941072039306163788e-03,2.729873359203338623e-02,-1.320733688771724701e-02,1.256438344717025757e-02,-2.550047356635332108e-03,1.103736832737922668e-02,7.420754991471767426e-03,-7.688652258366346359e-03,5.257484503090381622e-03,-1.840454339981079102e-02,1.714542694389820099e-02,6.858170498162508011e-03,2.992915106005966663e-04,-4.597787279635667801e-03,-9.999266825616359711e-03,-5.458407104015350342e-03,2.739249728620052338e-02,3.049005987122654915e-03,-5.006330553442239761e-03,2.729873359203338623e-02,1.434590015560388565e-02,-2.826316468417644501e-02,1.421195175498723984e-02,-1.328770536929368973e-02,7.179647218436002731e-03,1.106415782123804092e-02,-3.554997220635414124e-02,-1.816343702375888824e-02,-1.798930391669273376e-02,1.164683513343334198e-02,6.111407186836004257e-03,-8.773636072874069214e-03,5.876997020095586777e-03,2.061469666659832001e-02,-4.155087098479270935e-02,-1.167027628980576992e-03,8.271329104900360107e-03,-1.072258874773979187e-02,4.607833549380302429e-02,1.218932680785655975e-02,3.131719306111335754e-02,-1.158655807375907898e-02,-8.833913132548332214e-03,3.699661418795585632e-02,4.646343586500734091e-04,-7.092580664902925491e-03,2.982031786814332008e-03,-2.621375024318695068e-02,-9.945686906576156616e-04,1.869923062622547150e-02,8.057011291384696960e-03,7.079185917973518372e-03,1.036762539297342300e-02,7.976641878485679626e-03,2.208813093602657318e-02,2.482068352401256561e-02,-1.413995400071144104e-03,-9.724671952426433563e-03,-8.284723386168479919e-03,-9.081718511879444122e-03,1.361588016152381897e-02,-2.002532221376895905e-02,1.752048358321189880e-02,2.668257057666778564e-02,-7.648467551916837692e-03,1.758745685219764709e-02,-1.406460814177989960e-02,-1.089672278612852097e-02,-3.758598864078521729e-02,-7.829298265278339386e-03,2.491444908082485199e-02,-1.390386931598186493e-02,-1.802948862314224243e-02,3.187977895140647888e-02,9.650999680161476135e-03,-1.517638191580772400e-02,-1.452003326267004013e-02,4.714992363005876541e-03,1.806967146694660187e-02,2.491444908082485199e-02,6.754360627382993698e-03,3.265668079257011414e-02,-9.215666912496089935e-03,1.225630100816488266e-02,4.289705306291580200e-03,2.036019414663314819e-02,-4.254208877682685852e-02,-9.483563713729381561e-03,-3.726451471447944641e-02,1.262465957552194595e-02,2.015927061438560486e-02,3.070772625505924225e-03,-6.044432520866394043e-03,-7.467636838555335999e-03,3.586475038900971413e-03,-8.137380704283714294e-03,3.895226493477821350e-02,-1.259117294102907181e-02,1.773480139672756195e-02,1.071589160710573196e-02,5.329167834133841097e-05,-1.251750066876411438e-02,-6.339521408081054688e-01,-3.010495798662304878e-03,-2.065488137304782867e-02,-7.708744611591100693e-03,2.155233733355998993e-02,9.376404806971549988e-03,2.506179176270961761e-02,1.356230024248361588e-02,-1.381010562181472778e-02,3.747213399037718773e-03,-1.283228024840354919e-02,3.997027501463890076e-02,-1.993155851960182190e-02,-2.577172033488750458e-02,4.694900009781122208e-03,-1.381010562181472778e-02,-1.224290579557418823e-02,-1.924842037260532379e-02,-1.459203078411519527e-03,-4.805407486855983734e-03,-8.713359013199806213e-03,2.247658371925354004e-02,-1.182766538113355637e-02,-9.322825819253921509e-03,1.355560310184955597e-02,1.970719546079635620e-03,1.362257730215787888e-02,-8.559318259358406067e-03,-7.661862764507532120e-03,1.376992091536521912e-02,-3.930053114891052246e-02,2.799526788294315338e-02,-3.597253817133605480e-05,2.070846036076545715e-02,3.528207167983055115e-02,-1.121819950640201569e-02,-2.491444908082485199e-02,7.983339019119739532e-03,1.967705599963665009e-02,2.512876689434051514e-02,-1.839114911854267120e-02,1.020688656717538834e-02,2.046735398471355438e-02,2.603626926429569721e-04,-2.787806093692779541e-03,1.697129383683204651e-02,1.604704745113849640e-02,1.508261729031801224e-02,5.046515259891748428e-03,-8.110590279102325439e-03,1.681055501103401184e-02,-2.960265055298805237e-02,-1.042120438069105148e-02,2.526271529495716095e-02,-1.804288290441036224e-02,1.089672278612852097e-02,4.712313413619995117e-02,-3.372826799750328064e-02,-1.034753303974866867e-02,-5.913832690566778183e-03,4.058644175529479980e-03,1.480132527649402618e-02,-6.697432138025760651e-03,-8.063708432018756866e-03,9.054928086698055267e-03,1.166692748665809631e-02,-8.512436412274837494e-03,2.549042738974094391e-02,7.112673018127679825e-03,1.856528222560882568e-02,2.183362841606140137e-02,-4.232777282595634460e-03,-2.107012271881103516e-02,-8.298118598759174347e-03,3.104259958490729332e-03,-2.401029458269476891e-03,5.927227437496185303e-03,-8.914282545447349548e-03,-2.506179176270961761e-02,-5.595704540610313416e-03,2.024298999458551407e-03,5.126884207129478455e-03,-1.654265820980072021e-02,4.584392532706260681e-03,2.178004942834377289e-02,-1.581933535635471344e-02,-1.460040267556905746e-02,-1.322073116898536682e-02,1.128517370671033859e-02,-2.206803997978568077e-03,1.258447486907243729e-02,2.692367695271968842e-02,2.094956859946250916e-02,-1.480132527649402618e-02,2.382946386933326721e-02,1.138563454151153564e-02,-1.146600395441055298e-02,1.647568307816982269e-02,2.724515460431575775e-02,1.162674278020858765e-02,-6.811288651078939438e-03,1.475946628488600254e-03,4.219382535666227341e-03,-7.809205912053585052e-03,7.641770411282777786e-03,2.881570253521203995e-03,-2.869180031120777130e-02,6.871565710753202438e-03,2.074864506721496582e-02,-2.563777007162570953e-02,1.762764155864715576e-02,-7.440847344696521759e-03,3.059387020766735077e-02,-1.060873270034790039e-02,-6.475579575635492802e-04,-3.413011506199836731e-02,1.370294671505689621e-02,-1.853514346294105053e-03,-8.807123638689517975e-03,-4.974852874875068665e-02,-3.978274762630462646e-03,1.319394167512655258e-02,3.422387875616550446e-03,-4.430351313203573227e-03,1.137893740087747574e-02,1.352881360799074173e-02,-2.866500988602638245e-02,-3.254952281713485718e-02,-2.235602959990501404e-02,3.306857252027839422e-04,2.460636571049690247e-02,-1.103736832737922668e-02,1.353551074862480164e-02,3.070772625505924225e-03,3.584465757012367249e-02,-5.930576473474502563e-03,1.376992091536521912e-02,-1.824380643665790558e-02,2.322669513523578644e-02,-5.408176686614751816e-03,3.306857310235500336e-03,1.333458814769983292e-02,-3.295136615633964539e-03,-1.052166614681482315e-02,-1.631661900319159031e-03,-3.262988850474357605e-02,-9.368033497594296932e-04,-3.817536309361457825e-02,-3.276383876800537109e-02,5.846858490258455276e-03,3.126361221075057983e-02,-3.360436763614416122e-03,-2.054772153496742249e-02,1.022028177976608276e-02,9.972476400434970856e-03,-2.388304285705089569e-02,-6.700781174004077911e-03,-1.329440344125032425e-02,1.327431108802556992e-02,-2.791489847004413605e-02,2.227566018700599670e-02,1.729276962578296661e-02,-1.154637336730957031e-02,3.132723970338702202e-03,9.798343293368816376e-03,-1.393065880984067917e-02,1.252419874072074890e-02,5.947319790720939636e-03,-1.051496900618076324e-02,-2.691028267145156860e-02,1.430571544915437698e-02,1.683734543621540070e-02,-1.044799457304179668e-03,2.357496134936809540e-02,-1.485490519553422928e-02,1.021358463913202286e-02,-1.547106821089982986e-02,-4.541696398518979549e-04,-1.241034176200628281e-02,2.338743396103382111e-02,-7.455079467035830021e-04,-1.958998851478099823e-03,-1.847151853144168854e-02,-9.597420692443847656e-03,-9.530446492135524750e-03,-6.797893904149532318e-03,-2.560093533247709274e-03,6.992119364440441132e-03,-1.753387786448001862e-02,-6.576878484338521957e-03,-1.474774628877639771e-02,-6.483114324510097504e-03,7.628375198692083359e-03,1.276530604809522629e-02,4.631274379789829254e-03,7.842693477869033813e-03,-5.816719960421323776e-03,1.568538695573806763e-02,1.334128528833389282e-02,2.989733777940273285e-02,-8.753543719649314880e-03,7.702047005295753479e-03,2.195418253540992737e-02,-6.844775751233100891e-03,2.496802806854248047e-02,-2.206134237349033356e-02,-5.619145929813385010e-03,-7.568098604679107666e-03,2.204794622957706451e-02,-5.290971603244543076e-03,-1.583272963762283325e-02,-3.455875068902969360e-02,-1.183436252176761627e-02,1.419855654239654541e-02,1.627476140856742859e-02,5.257484153844416142e-04,1.189840695587918162e-04,3.660146845504641533e-03,1.168032176792621613e-02,-9.650999680161476135e-03,1.701147854328155518e-02,-1.486829947680234909e-02,1.465063309296965599e-03,1.578919705934822559e-03,-5.232034251093864441e-02,9.403195232152938843e-03,1.318054646253585815e-02,5.866950843483209610e-03,-1.611402258276939392e-02,-1.344174705445766449e-02,-9.711276739835739136e-03,-1.081635337322950363e-02,8.311513811349868774e-03,4.108874592930078506e-03,-4.400213249027729034e-03,8.887493051588535309e-03,1.727937534451484680e-02,-3.809499368071556091e-02,1.616760157048702240e-02,-1.168701890856027603e-02,-8.626292459666728973e-03,1.080295816063880920e-02,1.441287435591220856e-02,-2.040037885308265686e-02,5.039817653596401215e-03,1.561841182410717010e-02,2.267750538885593414e-02,-8.887493051588535309e-03,-2.136480994522571564e-02,2.246318757534027100e-02,-9.342918172478675842e-03,1.383856986649334431e-03,-2.480728924274444580e-02,-5.448361393064260483e-03,-3.499408485367894173e-03,-2.389643900096416473e-02,-1.249740831553936005e-02,6.168335210531949997e-03,1.946273818612098694e-02,3.222804516553878784e-02,-2.049414208158850670e-03,-1.398423872888088226e-02,6.379304453730583191e-03,-5.885368445888161659e-04,2.527610957622528076e-02,2.154898829758167267e-03,1.910107769072055817e-02,-1.430571544915437698e-02,-6.593622267246246338e-03,-1.465398166328668594e-02,-1.506922300904989243e-02,3.110643228865228593e-05,2.116388641297817230e-02,9.463472291827201843e-03,1.286576781421899796e-02,2.770058065652847290e-02,7.387267891317605972e-03,6.509904284030199051e-03,1.165353227406740189e-02,-6.931842304766178131e-03,-6.114755757153034210e-03,-2.601282671093940735e-02,2.355821896344423294e-03,2.082901448011398315e-02,-5.223997402936220169e-03,1.796251349151134491e-02,-1.965026557445526123e-02,-7.417406304739415646e-04,-3.158508986234664917e-02,7.454242091625928879e-03,-1.669000089168548584e-02,2.628072351217269897e-02,9.557235985994338989e-03,-2.007890120148658752e-02,1.298632100224494934e-02,-1.054845564067363739e-02,2.044056355953216553e-02,-4.507372155785560608e-03,1.531033031642436981e-02,1.018679421395063400e-02,-1.232327520847320557e-02,-7.159555330872535706e-03,-8.452159352600574493e-03,-5.461756139993667603e-03,3.983632847666740417e-02,2.893290668725967407e-02,8.458857424557209015e-03,-1.908768154680728912e-02,-2.597264200448989868e-02,7.340385578572750092e-03,-5.059910006821155548e-03,-8.840610273182392120e-03,-7.561400998383760452e-03,-2.468003891408443451e-03,1.314036175608634949e-02,-9.048230946063995361e-03,-4.173839837312698364e-02,-1.219602394849061966e-02,1.869923062622547150e-02,-1.383689511567354202e-02,1.704496564343571663e-03,-1.682394929230213165e-02,1.235006470233201981e-02,1.509601250290870667e-02,8.754883706569671631e-02,-2.066157758235931396e-03,3.587144613265991211e-02,1.819022558629512787e-02,8.244539611041545868e-03,1.549785863608121872e-02,-3.501417487859725952e-02,-1.898052357137203217e-02,1.190803479403257370e-02,-8.452159352600574493e-03,-5.364643409848213196e-03,8.586107753217220306e-03,1.099718362092971802e-02,-4.289705306291580200e-03,1.216253731399774551e-02,1.081635337322950363e-02,-7.782416418194770813e-03,-7.095092587405815721e-05,-7.481032051146030426e-03,1.314705982804298401e-02,-2.127104438841342926e-02,7.487729191780090332e-03,-1.082974765449762344e-02,-9.652674198150634766e-04,-4.694900009781122208e-03,-1.362927444279193878e-02,3.847674932330846786e-03,2.093617245554924011e-02,-2.595924772322177887e-02,1.557822711765766144e-02,-6.034386344254016876e-03,1.353551074862480164e-02,-2.190060447901487350e-03,-4.564300179481506348e-03,-2.960265055298805237e-02,8.847308345139026642e-03,9.979174472391605377e-03,3.809499368071556091e-02,1.383689511567354202e-02,-2.472691982984542847e-02,1.452003326267004013e-02,4.360028542578220367e-03,5.974109750241041183e-03,-2.052093297243118286e-02,2.113709598779678345e-02,7.722139358520507812e-03,-5.548822693526744843e-03,2.307935245335102081e-02,-1.203528605401515961e-02,-3.262988850474357605e-02,3.126361221075057983e-02,-2.823637425899505615e-02,-2.222208119928836823e-02,-7.728836964815855026e-03,-2.821293310262262821e-04,3.283416153863072395e-03,-7.748929318040609360e-03,-7.708744611591100693e-03,1.149279344826936722e-02,8.760241791605949402e-03,-2.890611812472343445e-02,-2.191399782896041870e-02,2.049414208158850670e-03,-4.256218206137418747e-03,-1.615420728921890259e-02,-1.911447197198867798e-02,-1.470756158232688904e-02,-6.114755757153034210e-03,-1.166022941470146179e-02,7.668559905141592026e-03,-2.425809949636459351e-02,8.170867338776588440e-03,-2.569135092198848724e-02,2.551721781492233276e-02,1.697129383683204651e-02,1.749369315803050995e-02,4.410258959978818893e-03,-1.923502609133720398e-02,-3.968228586018085480e-03,-2.985380357131361961e-03,-4.691551439464092255e-03,-2.037358842790126801e-02,3.284420818090438843e-02,-2.508858218789100647e-02,-1.356230024248361588e-02,2.906685695052146912e-02,-4.035202786326408386e-03,-1.144591160118579865e-02,2.692367881536483765e-03,-1.899391785264015198e-02,1.737313903868198395e-02,4.128966946154832840e-03,1.368955150246620178e-02,-3.271025791764259338e-02,1.170711126178503036e-02,5.475150886923074722e-03,7.085883524268865585e-03,-3.234859788790345192e-03,-1.354890596121549606e-02,2.411075634881854057e-03,6.811288651078939438e-03,8.043616078794002533e-03,-5.462593398988246918e-04,-4.132315516471862793e-03,1.223620865494012833e-02,8.485646918416023254e-03,-2.161931060254573822e-02,1.531033031642436981e-02,-1.044129673391580582e-02,-1.930199936032295227e-02,3.560354933142662048e-02,-2.654862217605113983e-02,3.560354933142662048e-02,-2.204794622957706451e-02,-6.339119747281074524e-03,1.108425017446279526e-02,4.895823076367378235e-03,3.766635805368423462e-02,1.927521079778671265e-02,-1.032744068652391434e-02,-2.192739397287368774e-02,-4.098828509449958801e-02,3.005807660520076752e-02,1.610062643885612488e-02,-2.853106148540973663e-02,1.018009707331657410e-02,-2.467334084212779999e-02,1.663642190396785736e-02,3.013844601809978485e-03,2.010569162666797638e-02,-2.356156706809997559e-02,8.103893138468265533e-03,1.070919446647167206e-02,-5.672725383192300797e-03,-8.083800785243511200e-03,-2.597348066046833992e-04,-3.297815844416618347e-02,1.898052357137203217e-02,-5.395451560616493225e-02,4.946053959429264069e-03,-1.098378933966159821e-02,-7.983339019119739532e-03,-1.588630862534046173e-02,-2.575832419097423553e-02,-5.036469083279371262e-03,-4.358689114451408386e-02,5.907135084271430969e-03,-5.424920003861188889e-03,-2.861477900296449661e-03,1.199677586555480957e-03,-4.962797276675701141e-03,7.775718811899423599e-03,-2.476710453629493713e-02,-2.665578154847025871e-03,1.088332757353782654e-02,-2.218189649283885956e-02,-1.236345991492271423e-02,1.636684988625347614e-03,7.059093564748764038e-03,1.101057883352041245e-02,3.563034161925315857e-02,1.928860507905483246e-02,4.038551822304725647e-03,1.908768154680728912e-02,-6.081268656998872757e-03,2.720831835176795721e-04,-9.182179346680641174e-03,-3.062066063284873962e-02,-3.174582868814468384e-02,2.238616812974214554e-03,1.946273818612098694e-02,3.676890395581722260e-03,1.777498610317707062e-02,3.743864595890045166e-03,1.981100440025329590e-02,4.035202786326408386e-03,1.250410638749599457e-02,-4.236125852912664413e-03,-3.171234158799052238e-03,-3.458553925156593323e-02,-1.698468811810016632e-02,-1.204198319464921951e-02,1.685073971748352051e-02,-2.242300286889076233e-02,2.089598914608359337e-03,-1.019349228590726852e-02,3.032597340643405914e-02,-1.454682275652885437e-02,-4.179197829216718674e-03,1.326928759226575494e-04,1.528354082256555557e-02,-3.904602956026792526e-03,3.793425485491752625e-02,1.810985617339611053e-02,7.916364818811416626e-03,1.619439199566841125e-02,2.030661515891551971e-02,1.162004470825195312e-02,-1.937023043865337968e-04,1.372973620891571045e-02,2.190060354769229889e-02,2.270429627969861031e-03,-3.228162229061126709e-02,-1.283228024840354919e-02,-2.070846036076545715e-02,6.188427563756704330e-03,-1.683567068539559841e-03,9.557235985994338989e-03,-8.016826584935188293e-03,1.309347990900278091e-02,-3.954833839088678360e-03,-2.049414254724979401e-02,-2.372230589389801025e-02,-2.989733777940273285e-02,1.492187939584255219e-02,-1.074937917292118073e-02,-6.108058150857686996e-03,4.125618375837802887e-03,-6.372606847435235977e-03,-2.823637425899505615e-02,5.709561053663492203e-03,-8.304815739393234253e-03,1.521656662225723267e-02,-5.093397106975317001e-03,7.588190957903862000e-03,4.473884776234626770e-02,-5.399804795160889626e-04,-2.700739540159702301e-03,-4.031854216009378433e-03,-1.302650570869445801e-02,-1.381010562181472778e-02,9.657697752118110657e-03,1.109094824641942978e-02,-2.417773008346557617e-03,-7.943154312670230865e-03,-1.972393831238150597e-03,1.482811477035284042e-02,-6.061176303774118423e-03,-2.498142234981060028e-02,2.102993801236152649e-02,1.745350845158100128e-02,-5.605750717222690582e-03,1.376992091536521912e-02,-2.086919918656349182e-02,1.999853365123271942e-02,2.283824421465396881e-02,-1.647568307816982269e-02,1.357569545507431030e-02,-2.807563543319702148e-02,-9.302733466029167175e-03,-2.069506607949733734e-02,2.082901448011398315e-02,-1.872602105140686035e-02,2.388304285705089569e-02,2.648164704442024231e-02,-4.982889629900455475e-03,2.044056355953216553e-02,-2.286503463983535767e-02,7.253319025039672852e-03,8.103893138468265533e-03,-1.924842037260532379e-02,1.303320284932851791e-02,1.545767392963171005e-02,-5.786581430584192276e-03,2.995091676712036133e-02,1.879299432039260864e-02,-1.655605249106884003e-02,1.435929443687200546e-02,-2.511537168174982071e-04,1.952971331775188446e-02,-7.655165158212184906e-03,-1.037432253360748291e-02,2.188385929912328720e-03,2.195083536207675934e-03,-2.970311325043439865e-03,-5.445012357085943222e-03,2.146526938304305077e-03,-1.947613246738910675e-02,-1.612741686403751373e-02,-1.426553074270486832e-02,1.076947152614593506e-02,2.887932769954204559e-02,7.219831924885511398e-03,-1.579254493117332458e-02,-8.599502965807914734e-03,-2.053432725369930267e-02,7.052396424114704132e-03,4.309797659516334534e-03,2.230244874954223633e-02,-6.727570667862892151e-03,-3.546960279345512390e-02,-2.634769864380359650e-02,-9.121903218328952789e-03,6.342468317598104477e-03,-7.628375198692083359e-03,-8.847308345139026642e-03,2.436525933444499969e-02,4.972173646092414856e-02,-9.610814973711967468e-03,2.586548402905464172e-02,-6.509904284030199051e-03,-2.352138236165046692e-02,-1.300641335546970367e-02,1.147270109504461288e-02,3.150472044944763184e-02,-2.135141380131244659e-02,9.081718511879444122e-03,-9.014744311571121216e-03,-8.579410612583160400e-03,1.812325231730937958e-02,7.956549525260925293e-03,6.817986257374286652e-03,1.831077970564365387e-02,-1.884657517075538635e-02,7.199739571660757065e-03,2.847748249769210815e-02,9.255851618945598602e-03,-2.092277817428112030e-02,-4.267603904008865356e-02,2.090938389301300049e-02,-1.923502609133720398e-02,2.135141380131244659e-02,2.949549257755279541e-02,-1.764103583991527557e-02,1.843133382499217987e-02,3.887189552187919617e-02,1.129187084734439850e-02,2.372230589389801025e-02,-5.743048153817653656e-03,-2.132462523877620697e-02,-4.219382535666227341e-03,1.235006470233201981e-02,-1.845812425017356873e-02,-1.863225735723972321e-02,1.305999327450990677e-02,-2.310614101588726044e-02,-4.735084716230630875e-03,1.015330757945775986e-02,6.653898861259222031e-03,-1.378331612795591354e-02,8.967861533164978027e-03,1.304659806191921234e-02,-2.513211453333497047e-03,-9.188877418637275696e-03,6.613714620471000671e-03,-6.811288651078939438e-03,3.512803232297301292e-03,-4.972843453288078308e-03,-3.021881543099880219e-02,-3.678229823708534241e-02,-1.644889451563358307e-02,3.356752917170524597e-02,-8.790379979473073035e-06,-3.244236111640930176e-02,-5.374689586460590363e-03,1.378331612795591354e-02,-4.232777282595634460e-02,-1.071589160710573196e-02,-1.366276200860738754e-02,2.590566873550415039e-02,1.780177466571331024e-02,1.549785863608121872e-02,1.259117294102907181e-02,6.352514494210481644e-03,1.056854799389839172e-02,1.741332374513149261e-02,-3.252273052930831909e-02,-2.721836417913436890e-02,-1.682394929230213165e-02,-1.652926206588745117e-02,1.583272963762283325e-02,1.262465957552194595e-02,5.307714920490980148e-03,-1.197500899434089661e-02,3.354074060916900635e-02,-2.011908590793609619e-02,-1.076947152614593506e-02,2.650843746960163116e-02,-3.206395776942372322e-03,-4.197950661182403564e-02,-2.772736921906471252e-02,-6.823008880019187927e-04,-8.016826584935188293e-03,1.504410756751894951e-03,1.059533748775720596e-02,-1.616760157048702240e-02,1.506922300904989243e-02,1.015330757945775986e-02,1.259117294102907181e-02,-2.719157561659812927e-02,-1.121819950640201569e-02,1.820362173020839691e-02,-3.321926342323422432e-03,-1.399763394147157669e-02,-8.947769179940223694e-03,-1.009303051978349686e-02,3.512803232297301292e-03,-8.010129444301128387e-03,1.198170613497495651e-02,2.160591632127761841e-02,-2.799526788294315338e-02,5.652633029967546463e-03,1.566571299917995930e-04,9.389800019562244415e-03,-2.555070444941520691e-03,4.473884589970111847e-03,3.696982515975832939e-03,1.904749684035778046e-02,-1.360248494893312454e-02,-3.171904012560844421e-02,-9.336221031844615936e-03,-7.212297641672194004e-04,1.683734543621540070e-02,-1.208216790109872818e-02,-1.381010562181472778e-02,-3.635366261005401611e-02,6.784498691558837891e-03,-2.285163849592208862e-02,2.346780337393283844e-02,3.667514026165008545e-02,-1.510940771549940109e-02,4.524115473031997681e-03,-3.301834221929311752e-03,1.434590015560388565e-02,-1.652926206588745117e-02,-1.501564309000968933e-02,-3.897905582562088966e-03,-2.052763011306524277e-03,-1.083644572645425797e-02,8.063708432018756866e-03,-1.074937917292118073e-02,-2.432507462799549103e-02,-8.097195997834205627e-03,1.330110058188438416e-02,-3.769315034151077271e-02,6.784498691558837891e-03,2.131390869617462158e-01,1.271674991585314274e-03,-6.322375964373350143e-03,2.303916774690151215e-02,2.482068352401256561e-02,-2.357496134936809540e-02,2.666917629539966583e-02,-9.918897412717342377e-03,-3.064745105803012848e-02,-8.659780025482177734e-03,4.048597998917102814e-03,-7.146160118281841278e-03,-3.542941762134432793e-03,1.010642573237419128e-02,7.414057385176420212e-03,-3.236199170351028442e-02,-3.796104714274406433e-02,-1.785535365343093872e-02,-2.748626284301280975e-02,-3.297815844416618347e-02,1.032074354588985443e-02,-6.082105683162808418e-04,-5.823417566716670990e-03,-2.238281816244125366e-02,2.451260108500719070e-03,-8.050313219428062439e-03,-2.238616812974214554e-03,-5.997550673782825470e-03,2.946870215237140656e-02,1.705166324973106384e-02,-3.903263434767723083e-02,-7.065791171044111252e-03,9.075020439922809601e-03,3.486013505607843399e-03,-2.382946386933326721e-02,1.013991236686706543e-02,2.202115766704082489e-02,-1.419855654239654541e-02,1.461379695683717728e-02,-1.756066828966140747e-02,2.149875834584236145e-02,-1.506922300904989243e-02,-1.644889451563358307e-02,9.222364053130149841e-03,2.387634711340069771e-03,2.831674367189407349e-02,-6.787847727537155151e-03,-1.800269819796085358e-02,-5.592355970293283463e-03,1.386368460953235626e-02,-3.212088346481323242e-02,-1.615420728921890259e-02,4.629265144467353821e-02,3.830931335687637329e-02,7.601585704833269119e-03,-8.525831624865531921e-03,-1.896712742745876312e-02,1.790893450379371643e-02,7.306898478418588638e-03,-1.568538695573806763e-02,-1.872602105140686035e-02,1.207547076046466827e-02,-1.745350845158100128e-02,2.044056355953216553e-02,1.008800696581602097e-03,4.436379298567771912e-02,-3.466590866446495056e-02,-2.561098150908946991e-02,-5.046515259891748428e-03,-2.053432725369930267e-02,1.145930681377649307e-02,-7.179647218436002731e-03,1.948952791281044483e-03,1.835096441209316254e-02,-5.964900483377277851e-04,-4.490628372877836227e-03,2.566456049680709839e-02,-3.213093150407075882e-03,-4.969494882971048355e-03,1.773145166225731373e-03,-6.087965797632932663e-03,-8.800426498055458069e-03,-5.157022736966609955e-03,-3.664751129690557718e-04,9.758158586919307709e-03,-5.615127086639404297e-02,1.559162233024835587e-02,1.911447197198867798e-02,-2.866500988602638245e-02,2.440544404089450836e-02,1.936897449195384979e-02,-4.527464043349027634e-03,-1.778838038444519043e-02,-5.143627990037202835e-03,-6.255401764065027237e-03,-1.063217350747436285e-04,-1.379671040922403336e-02,-7.769021671265363693e-03,-1.940581016242504120e-03,4.641320556402206421e-03,-2.399020269513130188e-02,-3.342018695548176765e-03,1.495201722718775272e-03,3.238878399133682251e-02,6.041083950549364090e-03,4.329890012741088867e-03,1.304659806191921234e-02,3.158508986234664917e-02,2.099645091220736504e-03,-2.244979329407215118e-02,-2.342761866748332977e-02,-6.891658063977956772e-03,8.666477166116237640e-03,4.437048919498920441e-03,1.312027033418416977e-02,-4.169151652604341507e-03,-2.479389496147632599e-02,3.492710879072546959e-03,6.677339784801006317e-03,1.441287435591220856e-02,9.088415652513504028e-03,-9.101810865104198456e-03,5.779884289950132370e-03,1.616760157048702240e-02,-3.395598148927092552e-03,2.469678176566958427e-03,-2.389643900096416473e-02,1.847151853144168854e-02,1.943929702974855900e-03,-2.594585344195365906e-02,3.129040449857711792e-02,-1.510940771549940109e-02,9.302733466029167175e-03,2.978682983666658401e-03,1.228978857398033142e-02,2.167289145290851593e-02,2.532968856394290924e-02,-1.565859653055667877e-02,-3.284420818090438843e-02,-9.048230946063995361e-03,-1.027386076748371124e-02,1.034753303974866867e-02,-8.251236751675605774e-03,-6.684037391096353531e-03,-8.679872378706932068e-03,-6.737616844475269318e-03,2.611998654901981354e-02,-2.815600484609603882e-02,-3.693633945658802986e-03,-1.722579635679721832e-02,-9.892107918858528137e-03,-5.736350547522306442e-03,2.396006369963288307e-03,7.916364818811416626e-03,2.933475375175476074e-02,-6.655573379248380661e-04,-1.024037413299083710e-02,-6.945237517356872559e-03,1.350202318280935287e-02,3.380863741040229797e-02,-5.749075859785079956e-02,7.708744611591100693e-03,3.613934293389320374e-02,-2.090938389301300049e-02,-1.044129673391580582e-02,1.484150998294353485e-02,-1.699540466070175171e-01,7.896272465586662292e-03,2.836362691596150398e-03,-3.329963237047195435e-02,3.305852413177490234e-02,-1.647568307816982269e-02,3.493380546569824219e-02,2.617021556943655014e-03,-6.104709580540657043e-03,-7.574795745313167572e-03,6.761057768017053604e-03,-1.722579635679721832e-02,-1.202858798205852509e-02,4.460489843040704727e-03,-8.698290330357849598e-04,-1.730616576969623566e-02,-6.338449567556381226e-02,5.210602190345525742e-03,1.336807478219270706e-02,4.956099670380353928e-03,2.831674367189407349e-02,3.340344410389661789e-03,1.157316286116838455e-02,-3.662155941128730774e-02,2.140499278903007507e-02,7.755626458674669266e-03,-6.801242474466562271e-03,1.671679131686687469e-02,-1.221611630171537399e-02,-2.802205644547939301e-02,1.823375932872295380e-03,5.645935423672199249e-03,2.962944097816944122e-02,-2.075157535728067160e-04,2.357496134936809540e-02,1.636852510273456573e-02,-2.714134519919753075e-03,-4.105526022613048553e-03,1.053506135940551758e-02,6.817986257374286652e-03,4.104186594486236572e-02,1.496206410229206085e-02,1.045469194650650024e-02,-2.953149087261408567e-04,-1.383689511567354202e-02,3.785388916730880737e-02,3.021881543099880219e-02,5.769838113337755203e-03,1.733295433223247528e-02,-2.145857363939285278e-02,-7.594888098537921906e-03,2.675624098628759384e-03,-9.443379938602447510e-03,-1.493527367711067200e-02,4.316495265811681747e-03,8.545923978090286255e-03,-2.011908590793609619e-02,1.537730451673269272e-02,-1.577915064990520477e-02,-1.581933535635471344e-02,7.059093564748764038e-03,-1.083644572645425797e-02,2.379262819886207581e-03,-4.889125470072031021e-03,2.271769009530544281e-02,9.912199340760707855e-03,4.373423289507627487e-03,-2.660555066540837288e-03,-2.179344557225704193e-02,1.630154997110366821e-02,-1.742671802639961243e-02,-2.644146233797073364e-02,-1.141912210732698441e-02,-3.300494700670242310e-02,1.277870126068592072e-02,-3.311880165711045265e-03,-3.624650463461875916e-02,2.703083679080009460e-02,1.237015705555677414e-02,1.291264966130256653e-02,-9.356313385069370270e-03,9.081718511879444122e-03,1.287581399083137512e-03,-1.911447197198867798e-02,4.949402529746294022e-03,-4.457141272723674774e-03,1.539069972932338715e-02,-3.281741961836814880e-02,1.155307050794363022e-02,2.504839748144149780e-02,4.986238200217485428e-03,5.341202486306428909e-03,-5.026422906666994095e-03,-1.030734833329916000e-02,1.419855654239654541e-02,1.402442343533039093e-02,1.667660661041736603e-02,2.218189649283885956e-02,8.646384812891483307e-03,4.524115473031997681e-03,2.147196792066097260e-02,1.712868339382112026e-03,-2.159252204000949860e-02,7.045698817819356918e-03,9.182179346680641174e-03,-1.066900976002216339e-02,1.193482428789138794e-02,2.190060354769229889e-02,2.962944097816944122e-02,-8.278026245534420013e-03,-1.328100822865962982e-02,3.439801186323165894e-02,1.166022941470146179e-02,1.686413399875164032e-02,3.474627807736396790e-02,3.453196212649345398e-02,-1.584612391889095306e-02,-1.888675987720489502e-02,1.421195175498723984e-02,-9.208969771862030029e-03,6.027689203619956970e-02,2.044056355953216553e-02,-1.758745685219764709e-02,1.856528222560882568e-02,-1.769461669027805328e-02,-8.586107753217220306e-03,-1.259117275476455688e-01,-2.307935245335102081e-02,1.813664659857749939e-02,-4.276310559362173080e-03,2.650843746960163116e-02,2.429828420281410217e-02,-1.018846873193979263e-03,1.860546693205833435e-02,-3.608576580882072449e-02,1.482811477035284042e-02,2.502160705626010895e-02,-4.117581248283386230e-02,-1.470756158232688904e-02,1.447984855622053146e-02,-5.698049790225923061e-05,-1.991816423833370209e-02,-2.630416536703705788e-03,-2.052093297243118286e-02,-9.470169432461261749e-03,1.525675039738416672e-02,-6.864868104457855225e-03,1.143921446055173874e-02,-1.352211553603410721e-02,-2.271769009530544281e-02,-1.335467956960201263e-02,3.459223778918385506e-03,-1.585952006280422211e-02,3.027239441871643066e-02,2.006550692021846771e-02,8.787031285464763641e-03,-2.166619291529059410e-03,7.856087759137153625e-03,1.188124530017375946e-02,1.152628101408481598e-02,-2.240291098132729530e-03,-2.558419248089194298e-03,-3.179940953850746155e-02,-2.869180031120777130e-02,-3.804141655564308167e-03,-3.913979604840278625e-02,1.521656662225723267e-02,-4.132315516471862793e-03,-1.591309905052185059e-02,-1.259787008166313171e-02,2.281145378947257996e-02,-7.392290863208472729e-04,-2.003871835768222809e-02,9.577328339219093323e-03,3.236199170351028442e-02,-1.506922300904989243e-02,-3.153151273727416992e-02,-3.851023502647876740e-03,-7.978316280059516430e-04,-2.606640569865703583e-02,2.022624574601650238e-02,-2.155233733355998993e-02,5.083350930362939835e-03,-1.496038981713354588e-03,-1.288586016744375229e-02,2.186041884124279022e-02,-4.500674549490213394e-03,-4.289705306291580200e-03,-1.036092732101678848e-02,2.687009796500205994e-02,-2.777760149911046028e-03,-1.800269819796085358e-02,-1.585952006280422211e-02,-3.198693692684173584e-02,3.040634281933307648e-02,-2.699065208435058594e-02,-1.216253731399774551e-02,9.751461446285247803e-03,-3.951485268771648407e-03,2.759342081844806671e-02,-3.490701690316200256e-02,4.396864213049411774e-03,-3.206395776942372322e-03,-2.783452905714511871e-02,9.925594553351402283e-03,-2.976338937878608704e-02,-2.874537929892539978e-02,-3.059387020766735077e-02,-3.358762245625257492e-03,-5.997550673782825470e-03,2.203455194830894470e-02,2.172647044062614441e-02,1.763099106028676033e-03,-2.167289145290851593e-02,-5.361294373869895935e-03,-2.719157561659812927e-02,-2.970311325043439865e-03,8.438765071332454681e-03,2.826316468417644501e-02,-7.983339019119739532e-03,-7.641770411282777786e-03,1.486829947680234909e-02,1.803283696062862873e-03,-9.485238697379827499e-04,9.811738505959510803e-03,7.333688437938690186e-03,-4.333238583058118820e-03,-1.405121292918920517e-02,-5.577621608972549438e-02,8.639687672257423401e-03,-2.724515460431575775e-02,-1.819022558629512787e-02,2.356156706809997559e-02,-4.444416239857673645e-02,-1.803283696062862873e-03,-1.650247350335121155e-02,-9.563933126628398895e-03,-1.127177849411964417e-02,-3.566382685676217079e-03,4.656054824590682983e-02,-4.179197829216718674e-03,-1.790893450379371643e-02,-1.962347701191902161e-02,1.207547076046466827e-02,1.896712742745876312e-02,2.733891829848289490e-02,-8.385185152292251587e-03,3.857721015810966492e-02,2.567795477807521820e-02,1.581933535635471344e-02,-5.073304753750562668e-03,3.844325989484786987e-02,-2.226896351203322411e-03,2.007890120148658752e-02,-7.849390618503093719e-03,1.173390168696641922e-02,1.830073422752320766e-03,-1.234336756169795990e-02,3.149886033497750759e-04,-3.303173556923866272e-02,1.093020942062139511e-02,9.738066233694553375e-03,1.120480429381132126e-02,-1.125838328152894974e-02,-5.353760207071900368e-04,1.472095586359500885e-02,3.413011506199836731e-02,3.865757957100868225e-02,-1.488169468939304352e-02,-2.301237732172012329e-02,3.417364787310361862e-03,-2.086250111460685730e-03,-4.122269805520772934e-03,-1.593988947570323944e-02,-2.376249060034751892e-02,3.121003508567810059e-02,3.806820511817932129e-02,1.531033031642436981e-02,2.017266675829887390e-02,1.863225735723972321e-02,-1.920823566615581512e-02,-1.906089298427104950e-02,-1.561841182410717010e-02,-2.984375879168510437e-02,-9.397334360983222723e-05,1.468411996029317379e-03,1.658284291625022888e-02,-3.276383876800537109e-02,1.873941533267498016e-02,1.426553074270486832e-02,-1.565524842590093613e-03,-5.666027776896953583e-03,-6.998816970735788345e-03,8.117288351058959961e-03,-4.303100286051630974e-04,1.607383787631988525e-02,-5.659330170601606369e-03,-2.011908590793609619e-02,-2.408396638929843903e-02,-9.275943972170352936e-03,1.757406257092952728e-02,8.452159352600574493e-03,-3.132723970338702202e-03,-6.938539911061525345e-03,-1.887336373329162598e-02,1.752048358321189880e-02,-7.963246665894985199e-03,8.639687672257423401e-03,6.580227054655551910e-03,-1.458700746297836304e-02,1.702822162769734859e-03,8.773636072874069214e-03,1.011982001364231110e-02,1.622118055820465088e-02,-1.062882505357265472e-02,-2.585208974778652191e-03,-1.690431870520114899e-02,3.340344410389661789e-03,-5.649283993989229202e-03,6.382653024047613144e-03,1.924842037260532379e-02,-1.993155851960182190e-02,1.438273582607507706e-03,9.369707666337490082e-03,-4.021808039397001266e-03,1.650247350335121155e-02,5.508637987077236176e-03,3.541602194309234619e-02,8.857354405336081982e-04,-1.348862890154123306e-02,3.038959810510277748e-03,-1.342165470123291016e-02,-5.163720343261957169e-03,2.405717596411705017e-02,-1.786874979734420776e-02,-3.691624850034713745e-02,-2.322669513523578644e-02,1.881978474557399750e-02,-1.305162091739475727e-03,-1.563180610537528992e-02,-5.317761097103357315e-03,4.066597030032426119e-04,-2.002532221376895905e-02,-1.153632765635848045e-03,1.693110913038253784e-02,-7.882878184318542480e-03,-2.602622099220752716e-02,3.774672746658325195e-02,9.443379938602447510e-03,7.862785831093788147e-03,1.275191083550453186e-02,6.573529914021492004e-03,2.917401492595672607e-02,-3.673541592434048653e-03,-1.640870980918407440e-02,-8.150774985551834106e-03,-5.525381769984960556e-03,-1.166022941470146179e-02,1.997456820390652865e-05,-2.464655088260769844e-03,-4.481921717524528503e-02,-5.522032734006643295e-03,6.252053193747997284e-03,4.286356561351567507e-04,-1.970384642481803894e-02,3.552317991852760315e-02,-3.962200880050659180e-02,5.047184973955154419e-02,1.054175850003957748e-02,-1.681055501103401184e-02,1.223620865494012833e-02,1.516298670321702957e-02,2.618695981800556183e-02,2.068167179822921753e-02,9.858620353043079376e-03,-1.837775483727455139e-02,-1.734635047614574432e-02,1.109094824641942978e-02,-5.679422523826360703e-03,4.297072440385818481e-02,-1.477453578263521194e-02,-2.160591632127761841e-02,-1.156646572053432465e-02,-1.170041412115097046e-02,2.475371025502681732e-02,1.216923445463180542e-02,7.139462977647781372e-03,3.455875068902969360e-02,-9.503656066954135895e-03,6.134848110377788544e-03,-3.486013505607843399e-03,-2.989733777940273285e-02,-2.906685695052146912e-02,3.118324466049671173e-02,1.267823949456214905e-02,1.975742634385824203e-03,-3.139756247401237488e-02,1.157986000180244446e-02,1.782856509089469910e-02,-3.750561922788619995e-02,-3.743864595890045166e-03,-2.384285815060138702e-02,-3.694303706288337708e-02,-1.778838038444519043e-02,-2.433846890926361084e-02,-1.143586589023470879e-03,1.910107769072055817e-02,-1.046138908714056015e-02,2.818279527127742767e-02,-1.828398928046226501e-02,-1.505582779645919800e-02,6.515262275934219360e-02,3.599869785830378532e-03,-1.919484138488769531e-02,2.609905786812305450e-04,-1.378331612795591354e-02
-1.281020324677228928e-02,-2.528922259807586670e-02,-1.955311186611652374e-02,-1.273734215646982193e-02,-1.235979236662387848e-02,5.394990090280771255e-03,-1.897022873163223267e-02,-1.381700299680233002e-02,1.179015636444091797e-02,-2.291794307529926300e-02,1.145897200331091881e-03,-7.671053172089159489e-04,-1.606905460357666016e-02,-1.955311186611652374e-02,3.705950686708092690e-03,2.566014789044857025e-02,2.009625360369682312e-02,3.054842725396156311e-02,-2.358031272888183594e-02,-1.891723833978176117e-02,2.411020733416080475e-02,1.151196099817752838e-02,-2.954162657260894775e-03,1.295592449605464935e-02,-2.409364795312285423e-03,-1.054490357637405396e-02,3.015100583434104919e-02,-4.106683656573295593e-02,-1.147884316742420197e-02,-2.338160201907157898e-02,-4.987633321434259415e-03,1.084628165699541569e-03,-2.962111122906208038e-02,-1.783095486462116241e-02,-3.107832185924053192e-02,-2.946214191615581512e-02,-1.722157560288906097e-02,-4.010640084743499756e-03,1.564513891935348511e-02,8.710143156349658966e-03,8.643906563520431519e-03,-6.081368774175643921e-04,2.988605760037899017e-02,1.074361428618431091e-02,-2.430891618132591248e-02,1.740703918039798737e-02,-9.803051128983497620e-03,-5.118782445788383484e-02,-9.326145984232425690e-03,2.384525910019874573e-02,3.698664531111717224e-02,-2.134481910616159439e-03,-2.587210573256015778e-02,-4.527949914336204529e-02,-2.250727452337741852e-02,1.293605286628007889e-02,-1.147221866995096207e-02,2.404396981000900269e-02,1.155832665972411633e-03,-1.418792922049760818e-02,5.249268840998411179e-03,-7.542719249613583088e-04,-3.000528551638126373e-03,1.535038580186665058e-03,-2.179191820323467255e-02,-1.373751834034919739e-02,-4.427932202816009521e-03,2.038769610226154327e-02,-4.157023504376411438e-02,-2.412345446646213531e-02,2.199062705039978027e-02,1.776471734046936035e-02,1.235979236662387848e-02,-9.829545393586158752e-03,1.224718987941741943e-02,-1.636049710214138031e-02,-4.070253111422061920e-03,3.881478216499090195e-03,-1.439988706260919571e-02,-6.110347807407379150e-03,1.829461194574832916e-02,-2.940915338695049286e-02,-8.703519590198993683e-03,2.482225187122821808e-03,-8.299474604427814484e-03,3.097234293818473816e-02,4.759116098284721375e-03,1.608230173587799072e-02,-2.735581016167998314e-03,-1.321424823254346848e-02,4.051044583320617676e-02,2.542169578373432159e-02,5.507592577487230301e-03,3.412521630525588989e-02,7.178416708484292030e-04,1.463420048821717501e-04,-1.687714457511901855e-02,1.808265410363674164e-02,5.123418755829334259e-03,-2.193763852119445801e-02,5.752668716013431549e-03,-1.379050780087709427e-02,3.715886268764734268e-03,2.235493157058954239e-03,-6.835640873759984970e-03,-1.343282964080572128e-02,-1.241112593561410904e-03,-4.633266478776931763e-03,1.131325028836727142e-02,-6.474649999290704727e-04,-1.053165644407272339e-02,1.250551361590623856e-02,-5.600323900580406189e-03,-3.881478309631347656e-02,2.014924399554729462e-02,-1.690363883972167969e-02,-3.149561351165175438e-03,-5.580453202128410339e-03,-1.359510933980345726e-03,-1.773822307586669922e-02,-2.787245810031890869e-02,7.411901373416185379e-03,2.066589146852493286e-02,8.677025325596332550e-03,1.703611202538013458e-02,1.363153941929340363e-02,-3.613881394267082214e-02,-7.690096274018287659e-03,-2.281858818605542183e-03,-1.707585528492927551e-02,2.739555388689041138e-02,2.063939720392227173e-02,1.902321726083755493e-02,-1.121389586478471756e-02,-1.138611137866973877e-02,3.923869878053665161e-02,-1.219420041888952255e-02,-2.755452133715152740e-02,-4.838600289076566696e-03,-1.264461129903793335e-02,-1.174379047006368637e-02,1.723482273519039154e-02,-1.147884316742420197e-02,-2.974033821374177933e-03,1.262473966926336288e-02,1.120064780116081238e-02,2.242779172956943512e-02,2.861431054770946503e-02,5.610259715467691422e-03,2.618010854348540306e-03,-3.283690894022583961e-03,4.921396728605031967e-03,1.408195029944181442e-02,-1.927491836249828339e-02,1.691688597202301025e-02,1.439988706260919571e-02,-1.996378041803836823e-02,8.571045473217964172e-03,-5.570517387241125107e-03,-1.825487054884433746e-02,4.458566545508801937e-04,-1.009449269622564316e-02,9.120811708271503448e-03,-1.251876074820756912e-02,-8.650530129671096802e-03,2.901173196732997894e-02,2.507064025849103928e-03,-1.718183420598506927e-02,-1.647972315549850464e-02,-4.341824445873498917e-03,2.293119020760059357e-02,4.053694009780883789e-02,1.128013245761394501e-02,3.608582541346549988e-02,-7.617235532961785793e-04,2.750153280794620514e-02,-1.042567752301692963e-02,1.392298191785812378e-02,-3.007152117788791656e-02,1.102180872112512589e-02,-4.011302441358566284e-02,1.490328740328550339e-02,1.825487054884433746e-02,2.700806828215718269e-03,-2.783602802082896233e-03,-1.441313419491052628e-02,-2.124546328559517860e-03,-3.489356115460395813e-02,2.980657480657100677e-02,-1.072374265640974045e-02,1.641845447011291981e-03,5.272451788187026978e-03,-5.547334440052509308e-04,-4.792234860360622406e-03,-6.282430887222290039e-01,4.083500709384679794e-03,-2.310340665280818939e-02,2.028502989560365677e-03,2.604432217776775360e-02,-3.002184443175792694e-03,1.780446060001850128e-02,2.845534309744834900e-02,-3.285346925258636475e-02,5.226085893809795380e-03,6.302434485405683517e-03,2.257351204752922058e-02,-1.271747145801782608e-02,-1.568488217890262604e-02,-9.730190038681030273e-03,5.279075354337692261e-03,7.709966972470283508e-03,-1.609555073082447052e-02,-8.160377852618694305e-03,-1.862910925410687923e-03,-9.100941009819507599e-03,2.903822623193264008e-02,1.758587895892560482e-03,-1.447937171906232834e-02,1.498277112841606140e-02,8.160377852618694305e-03,6.768575985915958881e-04,-1.678441278636455536e-02,-3.169432282447814941e-03,2.475932799279689789e-02,-2.132825925946235657e-02,1.928816549479961395e-02,-3.134658094495534897e-03,-3.672832390293478966e-03,2.776647917926311493e-02,-1.724807173013687134e-02,-3.208512067794799805e-02,1.528746075928211212e-02,1.018722448498010635e-02,2.036120183765888214e-02,-1.744678057730197906e-02,-1.424091868102550507e-03,4.517351742833852768e-03,-1.655920781195163727e-02,-1.268435269594192505e-02,2.660071104764938354e-02,1.887749694287776947e-02,4.901525564491748810e-03,1.554081682115793228e-03,2.236155420541763306e-02,1.116752997040748596e-02,-1.612204499542713165e-02,3.652961226180195808e-03,1.931465975940227509e-02,8.783004246652126312e-03,1.606243196874856949e-03,1.620152965188026428e-02,-9.829545393586158752e-03,-9.875911287963390350e-03,6.521015893667936325e-03,8.597540669143199921e-03,3.428418189287185669e-02,-1.455885544419288635e-02,2.004699053941294551e-04,-8.041150867938995361e-03,1.779121346771717072e-02,-7.246309425681829453e-03,1.034619286656379700e-02,1.184976939111948013e-02,1.424091868102550507e-02,1.748652383685112000e-02,1.877151802182197571e-02,-1.201536133885383606e-02,-5.096924025565385818e-03,8.114011958241462708e-03,1.708910241723060608e-02,6.050734315067529678e-03,-4.835288506001234055e-03,-9.405629709362983704e-03,2.744854241609573364e-02,5.100235808640718460e-03,3.676144173368811607e-03,-3.738406673073768616e-02,-6.271799793466925621e-04,2.922368980944156647e-02,-2.721009030938148499e-02,-2.405721694231033325e-02,-2.940915338695049286e-02,1.534045021981000900e-02,1.957298256456851959e-03,1.527421362698078156e-02,3.107832185924053192e-02,8.743261918425559998e-03,-2.490504831075668335e-02,1.259824540466070175e-02,1.417468208819627762e-02,-1.042567752301692963e-02,-5.517527926713228226e-03,3.235006704926490784e-02,-4.677976248785853386e-04,-2.148722857236862183e-02,-5.593700334429740906e-03,1.740703918039798737e-02,-1.142585370689630508e-02,3.298594057559967041e-02,1.078998018056154251e-02,-3.939766809344291687e-02,7.623859215527772903e-03,2.210985496640205383e-02,-3.782123094424605370e-03,1.013423502445220947e-02,5.361871328204870224e-03,1.432040240615606308e-02,-1.271084789186716080e-02,-8.080893196165561676e-03,-2.640200033783912659e-02,2.316964417695999146e-02,1.937427325174212456e-03,-5.365183111280202866e-03,-4.231208935379981995e-02,-1.453236117959022522e-02,-3.441003384068608284e-03,8.259733207523822784e-03,-1.108142174780368805e-02,1.339971087872982025e-02,2.328887023031711578e-02,-9.644082747399806976e-03,-3.155522793531417847e-02,-2.903822623193264008e-02,1.026008557528257370e-02,7.186696399003267288e-03,-6.371983326971530914e-03,1.764549128711223602e-02,-1.091582980006933212e-02,5.648677051067352295e-02,3.407884854823350906e-03,1.231342647224664688e-02,-9.286403656005859375e-03,1.940739154815673828e-02,-1.028657983988523483e-02,-7.332417182624340057e-03,1.871852762997150421e-02,1.434689760208129883e-02,-1.063929084921255708e-04,9.842793457210063934e-03,-2.445463836193084717e-02,4.835288506001234055e-03,-1.748652383685112000e-02,-2.065264433622360229e-02,2.127858169842511415e-04,1.605580747127532959e-02,9.862664155662059784e-03,-9.803051128983497620e-03,1.715533994138240814e-02,2.250727452337741852e-02,-2.233505994081497192e-02,-9.690448641777038574e-03,-5.560582038015127182e-03,8.465066552162170410e-03,-6.487897597253322601e-03,1.112778764218091965e-02,1.309502124786376953e-02,-9.918964933604001999e-04,5.568033666349947453e-04,-4.480259120464324951e-02,-1.957960799336433411e-02,-4.924708511680364609e-03,1.269884232897311449e-04,-2.048042789101600647e-02,-2.967409975826740265e-02,5.570517387241125107e-03,1.779121346771717072e-02,-6.561585905728861690e-05,4.051044583320617676e-02,-1.473107095807790756e-02,1.104167941957712173e-02,-1.170404814183712006e-02,2.261987887322902679e-03,-2.163294889032840729e-02,4.580277018249034882e-03,-1.410844456404447556e-02,2.316633239388465881e-03,-1.486354507505893707e-02,-8.610787801444530487e-03,1.938089728355407715e-02,-1.569812884554266930e-03,-3.858295502141118050e-03,7.418524939566850662e-03,-4.013951867818832397e-02,-8.690272457897663116e-03,-7.113835774362087250e-03,8.372335694730281830e-03,5.332064814865589142e-03,2.457386441528797150e-02,-8.014656603336334229e-03,-1.294267643243074417e-02,1.477081328630447388e-02,-2.011943841353058815e-03,2.717365976423025131e-03,2.408371120691299438e-02,1.200211420655250549e-02,-2.873022574931383133e-03,2.305041812360286713e-02,2.785258693620562553e-03,2.032146044075489044e-02,-3.603283688426017761e-02,1.530070789158344269e-03,-9.591093286871910095e-03,3.685417398810386658e-02,-1.098206639289855957e-02,-1.919543370604515076e-02,-3.097234293818473816e-02,-7.637106813490390778e-03,1.006489328574389219e-04,-3.389669815078377724e-03,-4.404749255627393723e-03,9.478490799665451050e-03,1.594651723280549049e-03,6.418348755687475204e-03,-1.491653453558683395e-02,-1.681090705096721649e-02,-1.126026082783937454e-02,1.053828001022338867e-02,8.657153695821762085e-03,-2.107656002044677734e-02,2.197737991809844971e-02,1.181499450467526913e-03,7.915301248431205750e-03,-1.375076640397310257e-02,-9.612620342522859573e-04,1.150036929175257683e-03,-1.346594747155904770e-02,2.922700252383947372e-03,5.047246348112821579e-03,-2.331536449491977692e-02,1.343282964080572128e-02,5.391677841544151306e-03,-1.965909078717231750e-02,3.325089067220687866e-02,-1.077010855078697205e-02,4.139801952987909317e-03,2.156008966267108917e-03,2.208335883915424347e-02,-1.393622905015945435e-02,1.163781154900789261e-02,1.003487966954708099e-02,3.245604783296585083e-02,-2.452087402343750000e-02,-1.418792922049760818e-02,1.942063868045806885e-02,-2.248740522190928459e-03,3.755628364160656929e-03,-1.992403902113437653e-02,-3.910042869392782450e-04,6.749533116817474365e-03,-2.701137959957122803e-02,2.074537612497806549e-02,1.052337698638439178e-03,1.491653453558683395e-02,4.058992862701416016e-02,-9.240037761628627777e-04,5.040622781962156296e-03,7.524503860622644424e-03,5.024063400924205780e-03,2.787245810031890869e-02,1.433365046977996826e-02,-7.246309425681829453e-03,-3.322439268231391907e-02,-1.793693378567695618e-02,-2.137793693691492081e-03,-3.288658568635582924e-03,-4.484233446419239044e-03,2.144748531281948090e-02,1.543318200856447220e-02,-6.345488596707582474e-03,6.981362123042345047e-03,2.747503668069839478e-02,-1.612038817256689072e-03,-2.073212759569287300e-03,8.398829959332942963e-03,-5.394990090280771255e-03,-2.511700615286827087e-02,-5.861959420144557953e-03,1.653271354734897614e-02,2.470633713528513908e-03,-1.092079794034361839e-03,-1.511524524539709091e-02,-1.252538431435823441e-02,-1.303540822118520737e-02,6.766092497855424881e-03,-1.503576058894395828e-02,1.473107095807790756e-02,-2.051685936748981476e-03,-7.504633162170648575e-03,-3.808617824688553810e-03,-6.607124116271734238e-03,1.086284033954143524e-02,-1.205510366708040237e-02,-1.467145862989127636e-03,2.362005412578582764e-02,1.839727978222072124e-03,-9.910685475915670395e-04,-2.103681676089763641e-02,9.107564575970172882e-03,1.968558691442012787e-02,2.142099104821681976e-02,9.531480260193347931e-03,-1.078998018056154251e-02,-2.523623220622539520e-02,-2.012274973094463348e-02,3.752316581085324287e-03,-1.294930092990398407e-02,-2.207011170685291290e-02,8.445195853710174561e-03,1.530070789158344269e-02,-7.544375024735927582e-03,-1.232667453587055206e-02,-1.551597728393971920e-03,2.050692215561866760e-02,-1.616178639233112335e-02,-6.875383201986551285e-03,-3.149561351165175438e-03,-7.736461702734231949e-03,1.372427120804786682e-02,1.031174957752227783e-01,4.268963821232318878e-03,9.829545393586158752e-03,1.276383735239505768e-02,4.984321421943604946e-04,9.862664155662059784e-03,-4.111982509493827820e-02,-1.720832847058773041e-02,5.456259241327643394e-04,-2.694514207541942596e-02,-2.727301558479666710e-03,-1.106817461550235748e-02,2.148722857236862183e-02,-5.633442662656307220e-03,-3.924532327800989151e-03,1.238628756254911423e-03,-4.076877143234014511e-03,-5.292322952300310135e-03,-1.139273494482040405e-02,1.222897437401115894e-03,-1.175703760236501694e-02,1.660060603171586990e-03,-1.867878623306751251e-02,1.846682839095592499e-02,-5.484409630298614502e-03,2.613042946904897690e-03,2.090434357523918152e-02,2.948863804340362549e-02,-2.903822623193264008e-02,1.137286424636840820e-02,-1.555240806192159653e-02,-3.742380999028682709e-03,7.332417182624340057e-03,2.180847572162747383e-03,-1.731430739164352417e-02,7.690096274018287659e-03,1.846682839095592499e-02,4.366331920027732849e-02,2.070563286542892456e-02,-2.105006575584411621e-02,1.357854995876550674e-02,1.219420041888952255e-02,8.968466892838478088e-03,-8.160377852618694305e-03,8.796251378953456879e-03,3.267131745815277100e-03,-2.506401762366294861e-02,1.890399120748043060e-02,1.079660374671220779e-03,-1.451911311596632004e-02,4.832639172673225403e-02,-2.832286804914474487e-02,-3.452263772487640381e-02,1.153845619410276413e-02,-2.363330125808715820e-02,-1.328048482537269592e-02,-1.818863302469253540e-02,-7.080717012286186218e-03,-4.431243985891342163e-03,2.044068649411201477e-02,-2.238804847002029419e-02,-3.129027783870697021e-02,6.054046563804149628e-03,-5.656625144183635712e-03,-1.761899702250957489e-02,-1.404220797121524811e-02,-9.001585654914379120e-03,-1.740703918039798737e-02,-9.571221657097339630e-03,-2.067913860082626343e-02,-3.407222405076026917e-02,-1.667843386530876160e-02,-3.884127736091613770e-02,1.547292340546846390e-02,5.775851756334304810e-02,1.708910241723060608e-02,-3.190959338098764420e-03,-1.255850307643413544e-02,6.646865978837013245e-03,8.127259090542793274e-03,3.861607285216450691e-03,-1.365306670777499676e-03,1.689039170742034912e-02,-1.818863302469253540e-02,-2.157996036112308502e-02,2.781946957111358643e-02,1.032466650940477848e-03,-6.163337267935276031e-03,-3.666208591312170029e-03,-4.374942742288112640e-03,1.617503352463245392e-02,-8.173624984920024872e-03,6.001057103276252747e-03,-1.787069626152515411e-02,3.267131745815277100e-03,7.100588176399469376e-03,1.943388581275939941e-02,-2.408371120691299438e-02,-1.211471669375896454e-02,5.153225269168615341e-03,2.419300144538283348e-03,-2.786914585158228874e-03,4.146425519138574600e-03,1.730106025934219360e-02,3.081337362527847290e-02,6.299122702330350876e-03,-9.960363386198878288e-04,8.941972628235816956e-03,-1.141260564327239990e-02,-8.677025325596332550e-03,4.117281362414360046e-02,-3.261501714587211609e-02,2.779297344386577606e-02,-2.250727452337741852e-02,1.532720308750867844e-02,1.371102407574653625e-02,1.148546673357486725e-02,4.572990909218788147e-02,3.001853264868259430e-02,-2.425923885311931372e-04,-1.213458739221096039e-02,-5.638078972697257996e-02,3.409872204065322876e-02,1.995053328573703766e-02,-1.191600598394870758e-02,5.507592577487230301e-03,-1.636049710214138031e-02,2.188464812934398651e-02,6.358735729008913040e-03,1.122051943093538284e-02,-1.800317130982875824e-02,1.186964008957147598e-02,3.530423156917095184e-03,3.646337660029530525e-03,-1.563189178705215454e-02,-8.749885484576225281e-03,-2.216284349560737610e-02,1.263798773288726807e-02,-2.842884697020053864e-02,-2.848183736205101013e-03,-2.274572849273681641e-02,-5.176408216357231140e-03,-1.798992417752742767e-02,-1.829461194574832916e-02,1.139935851097106934e-02,-4.628629609942436218e-02,1.654264866374433041e-03,-9.557974524796009064e-03,2.485205978155136108e-02,1.473107095807790756e-02,-1.439988706260919571e-02,-1.496952399611473083e-02,-3.754303604364395142e-02,-7.985677802935242653e-04,5.269140005111694336e-03,-2.771349065005779266e-02,-5.259204190224409103e-03,-2.864080481231212616e-02,1.162456348538398743e-02,1.515498664230108261e-02,4.180868715047836304e-02,1.881125941872596741e-02,3.777569218073040247e-04,3.256202489137649536e-02,-2.397773228585720062e-02,1.432040240615606308e-02,1.159144565463066101e-02,-2.252052165567874908e-02,-3.513201698660850525e-02,2.026847004890441895e-02,2.241454273462295532e-02,3.513863775879144669e-03,3.252228489145636559e-03,-2.573963254690170288e-02,2.866730093955993652e-02,5.123418755829334259e-03,3.338336246088147163e-03,-7.292675320059061050e-03,6.905189366079866886e-04,-3.841736167669296265e-02,-3.356551518663764000e-03,-1.381037873215973377e-03,6.083853077143430710e-03,-3.167776390910148621e-03,-1.681587542407214642e-03,-1.507550291717052460e-02,2.303716912865638733e-02,-1.773491152562201023e-03,-1.040580589324235916e-02,3.424444235861301422e-03,2.108980715274810791e-02,8.286227472126483917e-03,2.661395817995071411e-02,6.583941169083118439e-03,9.028079919517040253e-03,-4.560405854135751724e-03,8.696896024048328400e-03,9.114188142120838165e-03,-6.772716064006090164e-03,1.740703918039798737e-02,2.029496431350708008e-02,2.290469594299793243e-02,-3.134327009320259094e-02,-7.332417182624340057e-03,-9.657329879701137543e-03,6.110347807407379150e-03,-1.340633444488048553e-02,1.576436497271060944e-02,-6.302434485405683517e-03,1.862579770386219025e-02,-2.037444896996021271e-02,-1.466483436524868011e-02,-8.630659431219100952e-03,-4.223260283470153809e-02,2.140774391591548920e-02,-6.718898657709360123e-04,-1.993728615343570709e-02,5.742733366787433624e-03,-2.082485891878604889e-02,-1.936765015125274658e-02,-3.812757495325058699e-04,1.803297782316803932e-03,1.343282964080572128e-02,1.439988706260919571e-02,8.398829959332942963e-03,1.673142425715923309e-02,1.949018798768520355e-03,-2.319613844156265259e-02,1.104167941957712173e-02,4.359211307018995285e-04,-8.153754286468029022e-03,1.715533994138240814e-02,3.364830836653709412e-02,-4.096747841686010361e-03,-8.537927642464637756e-03,-9.852728107944130898e-04,2.518324367702007294e-02,-5.368495360016822815e-03,-5.994433071464300156e-03,-9.776555933058261871e-03,1.670492812991142273e-02,-7.835817523300647736e-03,-2.020223299041390419e-03,-5.236021708697080612e-03,3.669520467519760132e-02,2.128851786255836487e-02,-5.166472983546555042e-04,1.224056631326675415e-02,-2.911771088838577271e-02,-1.318112947046756744e-02,-2.036120183765888214e-02,1.135299261659383774e-02,-6.626994814723730087e-03,1.502251345664262772e-02,1.641348749399185181e-02,-2.281858818605542183e-03,8.730014786124229431e-03,-2.553429920226335526e-03,-2.301067486405372620e-02,-1.658570207655429840e-02,-2.568664215505123138e-02,1.129337958991527557e-02,2.762075746431946754e-03,-1.812239736318588257e-02,4.047070164233446121e-03,8.544551208615303040e-03,-3.038945794105529785e-02,3.115780465304851532e-02,-7.365535479038953781e-03,2.160645462572574615e-02,-1.893048547208309174e-02,3.069663071073591709e-04,4.543846473097801208e-03,2.465666038915514946e-03,2.445463836193084717e-02,-1.528746075928211212e-02,-1.393622905015945435e-02,-1.217929762788116932e-03,-2.890575304627418518e-02,-6.959007005207240582e-04,1.183652132749557495e-02,2.281858818605542183e-03,-1.363153941929340363e-02,-2.673318423330783844e-02,-2.440164797008037567e-02,-1.826811768114566803e-02,6.954867392778396606e-03,-2.290469594299793243e-02,8.816122077405452728e-03,-1.932252489496022463e-04,-2.188464812934398651e-02,-1.773822307586669922e-02,-2.795194275677204132e-03,1.051178481429815292e-02,6.713103037327528000e-03,-2.987281186506152153e-03,2.609731070697307587e-02,7.005207240581512451e-02,-2.343127969652414322e-03,1.463834010064601898e-02,-1.980481203645467758e-03,2.661064732819795609e-03,-7.345664780586957932e-03,-1.528414897620677948e-03,1.965909078717231750e-02,-3.107832185924053192e-02,1.214783452451229095e-02,-1.740703918039798737e-02,-1.980481296777725220e-02,7.266180589795112610e-03,-1.637374423444271088e-02,2.789895236492156982e-02,7.709966972470283508e-03,-1.355867926031351089e-02,3.609907347708940506e-03,2.705112099647521973e-02,2.048042789101600647e-02,-2.554092183709144592e-02,-3.317140415310859680e-02,1.561864465475082397e-02,8.584293536841869354e-03,3.118430078029632568e-02,3.322439268231391907e-02,-2.752802707254886627e-02,2.037444896996021271e-02,4.559743404388427734e-02,2.388500049710273743e-02,1.522122416645288467e-02,-1.067737676203250885e-02,-3.280047699809074402e-02,-8.809498511254787445e-03,-9.412253275513648987e-03,-1.822837628424167633e-02,-1.091582980006933212e-02,1.278370805084705353e-02,-1.614522770978510380e-03,-2.205686410889029503e-03,1.453236117959022522e-02,1.256512664258480072e-02,1.409602555213496089e-04,-2.866730093955993652e-02,2.538526663556694984e-03,-1.150533743202686310e-02,-1.126688532531261444e-02,3.150389238726347685e-04,1.361829228699207306e-02,3.788746660575270653e-03,-1.609555073082447052e-02,-4.056343436241149902e-02,-2.344783768057823181e-02,-1.518148183822631836e-02,3.669520467519760132e-02,5.638410220853984356e-04,-3.391325846314430237e-02,1.720501692034304142e-03,1.408360665664076805e-03,-7.142979651689529419e-02,5.146601703017950058e-03,-9.882534854114055634e-03,1.583060249686241150e-02,2.604432217776775360e-02,1.718183420598506927e-02,4.036306927446275949e-04,-1.076348498463630676e-02,1.951337046921253204e-02,1.869203336536884308e-02,-3.401923552155494690e-02,-1.027333270758390427e-02,-5.093612242490053177e-03,-1.055815070867538452e-02,7.696719840168952942e-03,1.369777694344520569e-02,-2.152696996927261353e-02,-1.972532831132411957e-02,2.948863804340362549e-02,-1.630750857293605804e-02,-9.968643076717853546e-03,2.319613844156265259e-02,-1.426741294562816620e-02,-2.800493128597736359e-02,-1.369777694344520569e-02,1.370274461805820465e-03,-2.156008966267108917e-03,2.798506058752536774e-03,-3.330056788399815559e-03,-3.619180619716644287e-02,-1.187626365572214127e-02,6.464714650064706802e-03,2.130176499485969543e-02,-3.078687936067581177e-02,-6.302434485405683517e-03,2.171243354678153992e-02,1.124039012938737869e-02,-4.977697972208261490e-03,-2.001677080988883972e-02,-9.306274354457855225e-03,3.778811311349272728e-03,1.535866525955498219e-03,2.286495454609394073e-02,3.094584681093692780e-02,-1.963259652256965637e-02,1.553916092962026596e-02,-8.789627812802791595e-03,1.153845619410276413e-02,1.033956930041313171e-02,-4.143941623624414206e-04,-1.000838540494441986e-02,3.155522793531417847e-02,-3.131346078589558601e-03,-3.386026620864868164e-02,-1.508875004947185516e-02,-2.652122639119625092e-02,1.968558691442012787e-02,-1.315463427454233170e-02,8.518056012690067291e-03,-3.632427752017974854e-02,1.312151644378900528e-02,-3.242955356836318970e-02,3.595335036516189575e-02,4.196765646338462830e-02,-8.862487971782684326e-03,1.136623974889516830e-02,-3.755628364160656929e-03,5.954691208899021149e-03,-2.628277428448200226e-02,-1.885100267827510834e-02,-5.888454150408506393e-03,-1.555240806192159653e-02,-6.769404280930757523e-03,1.356530282646417618e-02,-9.875911287963390350e-03,-3.295944631099700928e-02,-1.235979236662387848e-02,5.984497722238302231e-03,-1.643998175859451294e-02,5.587076768279075623e-03,1.632075458765029907e-01,-6.620371248573064804e-03,-3.386026620864868164e-02,2.041419222950935364e-02,2.617679536342620850e-02,9.630835615098476410e-03,2.012274973094463348e-02,-6.979706231504678726e-04,-2.909121662378311157e-02,-9.286403656005859375e-03,-1.602931320667266846e-02,-1.694834907539188862e-03,-3.658922389149665833e-02,9.041327051818370819e-03,-1.055152714252471924e-02,-2.776647917926311493e-02,-3.423119336366653442e-02,-4.663072992116212845e-03,-2.213634923100471497e-02,-2.440164797008037567e-02,1.796342805027961731e-02,-8.994962088763713837e-03,-1.802966557443141937e-02,-2.694514207541942596e-02,3.091935254633426666e-02,-5.457914900034666061e-03,3.739069215953350067e-03,1.502251345664262772e-02,3.550294041633605957e-02,2.603107364848256111e-03,-3.139625862240791321e-02,-1.262473966926336288e-02,-9.662297670729458332e-04,9.465242736041545868e-03,-3.534397482872009277e-02,1.037931162863969803e-02,1.455885544419288635e-02,-7.908677682280540466e-03,-6.901877932250499725e-03,6.050734315067529678e-03,-4.593524150550365448e-03,1.249226648360490799e-02,-2.682591555640101433e-03,1.275059022009372711e-02,1.695662853308022022e-03,4.244456067681312561e-02,-2.022872865200042725e-02,-1.707585528492927551e-02,-1.702286489307880402e-02,-3.623154712840914726e-03,-3.301243484020233154e-02,-2.589860185980796814e-02,4.008653014898300171e-02,1.355867926031351089e-02,2.065264433622360229e-02,-6.954867392778396606e-03,-6.835640873759984970e-03,8.816122077405452728e-03,-3.151217242702841759e-03,-1.318112947046756744e-02,-1.576436497271060944e-02,1.797667518258094788e-02,-3.213810920715332031e-02,6.338864564895629883e-03,-1.016735378652811050e-02,2.715709991753101349e-02,-3.420469909906387329e-02,-1.837409660220146179e-02,-2.779297344386577606e-02,-2.621653862297534943e-02,-1.106155104935169220e-02,2.126202359795570374e-02,1.376401353627443314e-02,1.037268806248903275e-02,-1.163118798285722733e-02,4.709438886493444443e-03,2.760751172900199890e-02,5.504280794411897659e-03,-2.409364795312285423e-03,6.670048926025629044e-03,1.642673392780125141e-03,9.385759010910987854e-03,2.065264433622360229e-02,-1.785082626156508923e-03,1.745340530760586262e-03,-4.199415072798728943e-02,1.294930092990398407e-02,1.952661760151386261e-02,-2.177866920828819275e-02,4.575640335679054260e-02,2.522298507392406464e-02,4.891589749604463577e-03,-1.187626365572214127e-02,-7.286051288247108459e-03,-1.884437864646315575e-03,9.577846154570579529e-03,1.085621677339076996e-02,3.252228489145636559e-03,-2.397773228585720062e-02,4.682944156229496002e-03,-2.159320749342441559e-02,1.261811610311269760e-02,1.224553445354104042e-03,1.795018091797828674e-03,-2.150047570466995239e-02,-1.101518515497446060e-02,2.319613844156265259e-02,3.507902473211288452e-02,-1.816545147448778152e-03,-8.498185314238071442e-03,-2.898523770272731781e-02,-8.213367313146591187e-03,8.014656603336334229e-03,2.336504170671105385e-03,4.166296683251857758e-03,-2.242116723209619522e-03,-1.237304043024778366e-02,8.474174537695944309e-04,2.648148499429225922e-02,1.080322731286287308e-02,-1.053165644407272339e-02,-1.523447106592357159e-03,-1.515995478257536888e-03,1.189613528549671173e-02,1.857280731201171875e-02,2.274572849273681641e-02,-3.537046909332275391e-02,7.107211742550134659e-03,1.425416581332683563e-02,-1.507550291717052460e-02,3.007152117788791656e-02,-8.275464060716331005e-04,2.119578607380390167e-02,1.985780149698257446e-02,-1.492978166788816452e-02,3.923869878053665161e-02,6.113659590482711792e-03,-1.245252415537834167e-02,-2.050692215561866760e-02,-2.530246973037719727e-02,-8.696896024048328400e-03,1.080322731286287308e-02,8.259733207523822784e-03,7.829193025827407837e-03,-2.449437975883483887e-02,-1.779121346771717072e-02,1.988429576158523560e-02,-1.902321726083755493e-02,1.102843228727579117e-02,-1.779121346771717072e-02,-1.522122416645288467e-02,-1.178353186696767807e-02,3.103195456787943840e-03,-3.907972946763038635e-03,3.465510904788970947e-02,-6.309058051556348801e-03,-9.246661327779293060e-03,-2.249402739107608795e-02,5.686432123184204102e-03,4.445816203951835632e-02,-7.508607208728790283e-02,-7.358911912888288498e-03,2.595159038901329041e-02,-2.045393362641334534e-02,-9.438748471438884735e-03,-8.133882656693458557e-03,-1.665988713502883911e-01,2.469309046864509583e-02,1.149209029972553253e-02,-2.885276451706886292e-02,3.192615136504173279e-02,-7.517880294471979141e-03,1.281682681292295456e-02,2.032146044075489044e-02,-2.650797925889492035e-02,-1.225381344556808472e-02,1.808265410363674164e-02,-1.465158723294734955e-02,-1.344607677310705185e-02,2.111630141735076904e-02,-5.656625144183635712e-03,-8.888983167707920074e-03,-5.251256003975868225e-02,1.767198741436004639e-02,-4.510728176683187485e-03,8.690272457897663116e-03,1.080322731286287308e-02,-4.808793775737285614e-03,1.389648672193288803e-02,-2.160645462572574615e-02,9.491737931966781616e-03,-2.753796288743615150e-03,-5.908325314521789551e-03,5.073741078376770020e-03,-3.701313957571983337e-02,-2.055991254746913910e-02,-1.556565519422292709e-02,1.237966399639844894e-02,2.882626838982105255e-02,-4.196103196591138840e-03,2.328887023031711578e-02,1.282345037907361984e-02,1.102180872112512589e-02,1.181665062904357910e-02,-2.891237614676356316e-03,1.318775303661823273e-02,2.834936417639255524e-02,2.625628001987934113e-02,1.965909078717231750e-02,-5.772539880126714706e-03,6.620371248573064804e-03,4.045745730400085449e-02,1.557890232652425766e-02,7.484761998057365417e-03,2.861431054770946503e-02,-1.642673462629318237e-02,1.000838540494441986e-02,9.206919930875301361e-03,-1.061776373535394669e-02,-3.315153298899531364e-03,1.551266573369503021e-02,9.127435274422168732e-03,-5.080365110188722610e-03,1.393622905015945435e-02,7.153577636927366257e-03,-2.095733396708965302e-02,-7.517880294471979141e-03,-4.146425519138574600e-03,1.647972315549850464e-02,-1.360504515469074249e-02,7.305922452360391617e-03,8.352464064955711365e-03,1.979156583547592163e-02,-1.206835079938173294e-02,-5.683119874447584152e-03,5.000880919396877289e-03,-7.829193025827407837e-03,-2.311665378510951996e-02,-2.707761712372303009e-02,-1.327386125922203064e-02,8.571045473217964172e-03,5.941443610936403275e-03,-3.266800567507743835e-02,3.870880231261253357e-02,2.020223438739776611e-02,-5.527463741600513458e-03,-1.318112947046756744e-02,9.670577012002468109e-03,-1.035281643271446228e-02,-2.156671136617660522e-02,-6.491209496743977070e-04,7.113835774362087250e-03,1.507550291717052460e-02,-4.411372821778059006e-03,-5.318817682564258575e-03,4.066941328346729279e-03,1.283007394522428513e-02,-1.377726066857576370e-02,8.902230300009250641e-03,-1.636049710214138031e-02,3.015100583434104919e-02,1.127350889146327972e-02,1.474431902170181274e-02,1.841383986175060272e-02,-8.226614445447921753e-03,5.921572912484407425e-03,6.289186887443065643e-03,-1.229355577379465103e-02,-2.587210573256015778e-02,-4.749180749058723450e-03,2.032146044075489044e-02,-1.471782382577657700e-02,-7.875558920204639435e-03,2.556741610169410706e-02,4.265651851892471313e-02,5.173096433281898499e-03,-2.706436999142169952e-02,3.291970584541559219e-03,2.242779172956943512e-02,1.638699136674404144e-02,1.394947618246078491e-02,3.409872204065322876e-02,5.289011169224977493e-03,-2.713060565292835236e-02,3.192615136504173279e-02,-6.100411992520093918e-03,7.911326736211776733e-02,1.153183262795209885e-02,-7.405277807265520096e-03,1.714209094643592834e-02,-1.787069626152515411e-02,-3.197914361953735352e-02,-1.307779997587203979e-01,-2.026847004890441895e-02,1.098206639289855957e-02,5.954691208899021149e-03,2.446788549423217773e-02,-3.749004565179347992e-03,-7.100588176399469376e-03,-5.070429295301437378e-03,-2.742204815149307251e-02,2.248078025877475739e-02,1.544642914086580276e-02,-1.620152965188026428e-02,-8.339216932654380798e-03,5.163161084055900574e-03,4.590212367475032806e-03,-1.031307503581047058e-02,4.530599340796470642e-03,-1.359179802238941193e-02,3.424444235861301422e-03,3.147574141621589661e-02,-3.176718577742576599e-02,9.524856694042682648e-03,3.493992844596505165e-03,-2.197737991809844971e-02,-1.758587895892560482e-03,1.245252415537834167e-02,2.094739815220236778e-03,3.327738493680953979e-02,6.974738091230392456e-03,7.146954070776700974e-03,1.935440115630626678e-02,6.405101623386144638e-03,1.624127104878425598e-02,4.971073940396308899e-03,-2.677623881027102470e-03,-1.039918232709169388e-02,-3.544995188713073730e-02,-2.171243354678153992e-02,-2.475601620972156525e-03,-1.306190341711044312e-02,1.910270191729068756e-02,-1.024683751165866852e-02,-1.401571370661258698e-02,-4.480921663343906403e-03,2.043406246230006218e-03,-2.061621285974979401e-03,-1.691688597202301025e-02,2.286495454609394073e-02,3.213810920715332031e-02,-1.900997012853622437e-02,-2.449437975883483887e-02,-2.371278591454029083e-02,9.326145984232425690e-03,-2.701137959957122803e-02,4.461050499230623245e-03,-1.324074249714612961e-02,1.771172881126403809e-02,1.070387195795774460e-02,-2.412345446646213531e-02,3.264151141047477722e-02,2.067913860082626343e-02,-1.171729527413845062e-02,-9.140682406723499298e-03,3.046894259750843048e-02,-8.067646063864231110e-03,-1.820188201963901520e-02,4.309533687774091959e-04,-3.317140415310859680e-02,2.213634923100471497e-02,-3.057492151856422424e-02,7.745569455437362194e-04,3.845048137009143829e-03,-1.828136504627764225e-03,-8.677024743519723415e-04,-4.869731888175010681e-02,4.815417807549238205e-03,-1.514173950999975204e-02,-2.628277428448200226e-02,1.911594904959201813e-02,-7.776204030960798264e-03,-3.900024667382240295e-02,-1.632075570523738861e-02,1.430715527385473251e-02,-5.560582038015127182e-03,4.029848799109458923e-02,5.891765933483839035e-03,1.290955860167741776e-02,-9.822921827435493469e-03,3.151217242702841759e-03,-1.414818689227104187e-02,-9.811330819502472878e-04,1.850656978785991669e-02,2.128851786255836487e-02,-9.584469720721244812e-03,-1.788394525647163391e-02,2.245428599417209625e-02,-1.020709611475467682e-02,-1.414818689227104187e-02,1.828136481344699860e-02,2.143423818051815033e-02,-3.164464607834815979e-03,-1.012098789215087891e-02,-4.090786725282669067e-02,1.178353186696767807e-02,-2.319613844156265259e-02,-2.609731070697307587e-02,1.282345037907361984e-02,-2.706436999142169952e-02,1.965909078717231750e-02,-1.583060249686241150e-02,-4.086812492460012436e-03,-2.384525910019874573e-02,2.124877460300922394e-02,1.612204499542713165e-02,5.576313124038279057e-04,-1.111454050987958908e-02,-1.829461194574832916e-02,-8.988337591290473938e-03,1.643998175859451294e-02,1.186964008957147598e-02,-1.160469278693199158e-02,3.348934277892112732e-02,1.142585370689630508e-02,9.716942906379699707e-03,-1.085621677339076996e-02,2.911771088838577271e-02,-6.685780244879424572e-04,2.274572849273681641e-02,-1.010774075984954834e-02,1.025346107780933380e-02,9.928900748491287231e-03,-4.447803366929292679e-03,-6.090476643294095993e-03,-3.685417398810386658e-02,1.859930157661437988e-02,4.831976722925901413e-03,1.625451818108558655e-02,-2.020223299041390419e-03,1.161131635308265686e-02,7.007856853306293488e-03,2.232181280851364136e-02,4.289497062563896179e-02,-2.384525910019874573e-02,-1.844033412635326385e-02,2.917070128023624420e-02,-9.697072207927703857e-03,-1.186301652342081070e-02,-5.461226683109998703e-03,-3.306542709469795227e-02,1.806940697133541107e-02,1.931465975940227509e-02,7.948420010507106781e-03,9.332769550383090973e-03,3.025698475539684296e-02,-4.918084479868412018e-03,-8.842617273330688477e-03,-2.252052165567874908e-02,-9.816298261284828186e-03,2.326237596571445465e-02,-1.194746815599501133e-03,2.254701778292655945e-02,-3.256202489137649536e-02,2.079836465418338776e-02,2.951513230800628662e-02,4.043758381158113480e-03,-8.147129788994789124e-03,-5.547334440052509308e-03,-3.450938966125249863e-03,-1.695662923157215118e-02,1.072374265640974045e-02,5.292322952300310135e-03,-1.775147020816802979e-02,-2.919719554483890533e-02,-1.310826931148767471e-02,1.802966557443141937e-02,3.603283548727631569e-03,1.483704987913370132e-02,2.993904752656817436e-03,-2.355381660163402557e-02,1.522122416645288467e-02,-1.483704987913370132e-02,-2.715709991753101349e-02,2.552767470479011536e-02,-1.276383735239505768e-02,-7.266180589795112610e-03,2.832286804914474487e-02,1.658570207655429840e-02,2.233505994081497192e-02,-1.291618216782808304e-02,-1.350568979978561401e-02,-6.557446438819169998e-03,2.574956743046641350e-03,-6.305746268481016159e-03,-2.622564497869461775e-04,-1.983792986720800400e-03,-1.674467138946056366e-02,2.706436999142169952e-02,1.085621677339076996e-02,-7.544375024735927582e-03,9.498361498117446899e-03,-1.050516124814748764e-02,5.023401230573654175e-02,7.630482781678438187e-03,-1.442307024262845516e-03,9.564598090946674347e-03,-5.236021708697080612e-03,-2.535214647650718689e-03,4.104034230113029480e-02,-3.468160331249237061e-02,-4.180868715047836304e-02,-2.446788549423217773e-02,-6.130218505859375000e-03,3.378078341484069824e-03,-1.420117635279893875e-02,-2.013599686324596405e-02,-3.765149740502238274e-04,-1.328710839152336121e-02,1.274396665394306183e-02,1.724807173013687134e-02,-6.795899011194705963e-03,-3.702638903632760048e-03,3.878828883171081543e-02,1.157819852232933044e-02,5.944755394011735916e-03,2.848183736205101013e-03,3.295282367616891861e-03,2.551442757248878479e-02,8.981714025139808655e-03,-2.437515417113900185e-03,-2.779297344386577606e-02,-1.584384962916374207e-02,2.601451473310589790e-03,1.170404814183712006e-02,-1.418792922049760818e-02,-3.330387920141220093e-02,-1.070387195795774460e-02,2.161970175802707672e-02,9.418877772986888885e-03,-3.237656131386756897e-02,3.852334246039390564e-02,-2.946214191615581512e-02,5.659274756908416748e-02,2.093083783984184265e-02,4.578621010296046734e-04,1.764549128711223602e-02,-2.429235726594924927e-03,1.115428190678358078e-02,2.220589667558670044e-03,3.444315167143940926e-03,-2.399097941815853119e-02,-1.959285512566566467e-02,1.112116407603025436e-02,-1.124039012938737869e-02,2.436190657317638397e-02,-2.262650057673454285e-02,-2.869379520416259766e-02,-1.269263331778347492e-03,-2.877990249544382095e-03,8.597540669143199921e-03,-2.000352367758750916e-02,8.716766722500324249e-03,3.174068778753280640e-02,-1.122051943093538284e-02,1.157157402485609055e-02,1.446612365543842316e-02,-1.172391884028911591e-02,-3.597984835505485535e-02,1.179015636444091797e-02,5.984497722238302231e-03,3.114786930382251740e-03,-2.706436999142169952e-02,2.230856381356716156e-02,1.744678057730197906e-02,-5.691068619489669800e-02,-1.405545510351657867e-02,-2.175879897549748421e-03,-2.834936417639255524e-02,-6.401789840310811996e-03,-1.279033161699771881e-02,-1.167092937976121902e-02,9.173800935968756676e-04,7.226438261568546295e-03,2.302392199635505676e-02,-2.861431054770946503e-02,-9.432124905288219452e-03,4.461712762713432312e-02,-5.484409630298614502e-03,-2.155346423387527466e-02,9.650706313550472260e-03,-1.900997012853622437e-02
-2.544460631906986237e-02,-2.469386905431747437e-02,-1.317140366882085800e-02,-3.309608437120914459e-03,-1.662345230579376221e-02,1.065107434988021851e-02,-3.498968482017517090e-02,-3.268384933471679688e-02,2.165070548653602600e-02,2.751583466306328773e-03,7.825758075341582298e-04,7.031451910734176636e-03,-6.796846631914377213e-03,-9.786386974155902863e-03,-1.231341995298862457e-02,1.867457106709480286e-02,1.255472749471664429e-02,2.431850135326385498e-02,-1.123591093346476555e-03,-4.813595151063054800e-04,6.086328066885471344e-03,1.467957999557256699e-02,-6.847119424492120743e-03,-8.646875619888305664e-03,-5.925456061959266663e-03,-1.052371691912412643e-02,4.818119853734970093e-02,-3.147730976343154907e-02,9.451236575841903687e-03,-1.665026322007179260e-02,-2.506923628970980644e-03,-9.726059623062610626e-03,-1.623467728495597839e-02,6.535429507493972778e-03,-2.181157656013965607e-02,-1.295020524412393570e-02,-1.310437452048063278e-02,2.175795286893844604e-02,3.323014592751860619e-03,6.424829829484224319e-03,1.561800111085176468e-02,4.423982929438352585e-03,2.041735127568244934e-02,5.653984379023313522e-03,-2.767000347375869751e-02,1.343952398747205734e-02,3.080030670389533043e-03,-2.434531226754188538e-02,-3.048526495695114136e-02,4.708860535174608231e-03,3.603535145521163940e-02,-4.129050765186548233e-03,-8.030199445784091949e-03,-3.571360930800437927e-02,-5.845020059496164322e-03,1.347303949296474457e-02,3.021379234269261360e-03,1.047009322792291641e-02,-5.944727454334497452e-04,-1.563140749931335449e-02,4.111874441150575876e-04,3.679949557408690453e-03,-3.348821029067039490e-02,6.532078143209218979e-03,-2.357781864702701569e-03,-1.803108304738998413e-02,1.771269016899168491e-03,2.867210190743207932e-03,-3.772450983524322510e-02,-3.316646814346313477e-02,2.563229016959667206e-02,5.054065492004156113e-03,7.406820077449083328e-03,4.152511246502399445e-03,1.212573517113924026e-02,-2.340689301490783691e-02,3.760385559871792793e-03,1.784339919686317444e-02,-1.498791854828596115e-02,2.280697226524353027e-03,1.116720587015151978e-02,-3.013670817017555237e-02,-2.631599642336368561e-02,1.431761775165796280e-02,-1.235866453498601913e-03,2.283043414354324341e-02,-1.712617697194218636e-03,9.189818985760211945e-03,1.167160691693425179e-03,-2.411741018295288086e-02,2.523010969161987305e-02,3.501649573445320129e-02,-5.108422556077130139e-05,3.748320043087005615e-02,-1.331887021660804749e-02,-2.270642900839447975e-03,-1.117390859872102737e-02,1.086557004600763321e-02,-5.955619737505912781e-03,-2.462683990597724915e-02,7.735267281532287598e-03,5.144556052982807159e-04,8.861372247338294983e-03,-4.467552527785301208e-03,3.142033470794558525e-03,2.868885872885584831e-03,-2.442574873566627502e-02,-8.465894497931003571e-03,7.674940396100282669e-03,-1.183080300688743591e-02,-1.835282705724239349e-02,2.638302557170391083e-02,4.118682045373134315e-05,-3.729551658034324646e-02,1.745462417602539062e-02,-6.827010307461023331e-03,2.753594331443309784e-02,-4.122348036617040634e-03,1.500132400542497635e-02,-2.285724505782127380e-02,-2.777725085616111755e-02,2.243411872768774629e-04,2.604787610471248627e-02,-2.744880504906177521e-03,2.013582549989223480e-02,1.458573807030916214e-02,-4.579492658376693726e-02,-1.663685776293277740e-02,5.188125651329755783e-03,-1.785680465400218964e-02,1.148894988000392914e-02,6.766682956367731094e-03,2.480111643671989441e-02,-6.599108222872018814e-03,1.523257815279066563e-03,3.161136806011199951e-02,-1.006288570351898670e-03,-1.626149006187915802e-02,8.827856741845607758e-03,-2.962728030979633331e-02,-7.755376398563385010e-03,1.791042834520339966e-02,-1.422377582639455795e-02,-3.549240995198488235e-03,-5.238397978246212006e-03,8.506112731993198395e-03,2.510945498943328857e-02,2.069887891411781311e-02,8.567277691327035427e-04,-1.097281835973262787e-02,2.299130521714687347e-02,5.359052214771509171e-03,3.633028641343116760e-02,-1.697200722992420197e-02,-7.212433032691478729e-03,2.085974998772144318e-02,-5.771286785602569580e-03,1.972023956477642059e-02,-3.757034195587038994e-03,-1.715969108045101166e-02,1.282284781336784363e-02,-1.695860177278518677e-02,2.308514714241027832e-02,-3.227496752515435219e-03,1.082535274326801300e-02,2.699970267713069916e-02,2.745550684630870819e-02,-2.037713304162025452e-03,-1.736078225076198578e-02,-1.346633676439523697e-02,2.024307474493980408e-02,2.435871958732604980e-02,7.272759918123483658e-03,1.980067603290081024e-02,-8.888184092938899994e-03,2.450618520379066467e-02,1.304404716938734055e-02,1.544372271746397018e-02,-3.177224099636077881e-02,3.190630301833152771e-02,-3.809987753629684448e-02,2.567250747233629227e-03,3.399764001369476318e-02,1.929124817252159119e-02,2.163813624065369368e-04,1.573865488171577454e-02,1.018856745213270187e-02,-2.437212504446506500e-02,3.312960034236311913e-03,1.202519051730632782e-02,1.182410027831792831e-02,2.637632424011826515e-03,6.143303588032722473e-03,-7.480553351342678070e-03,-6.396275162696838379e-01,3.994990605860948563e-03,-6.347745191305875778e-03,6.170115899294614792e-03,1.797745749354362488e-02,9.075867943465709686e-03,8.573142811655998230e-03,2.059162966907024384e-02,-2.431850135326385498e-02,-1.054382603615522385e-02,1.297031436115503311e-02,1.560459472239017487e-02,-4.159214440733194351e-03,-1.108006667345762253e-02,-3.118237666785717010e-02,-2.501896582543849945e-03,-2.466705627739429474e-03,-3.622974036261439323e-03,-1.752165332436561584e-02,9.766277857124805450e-03,-3.828756138682365417e-02,3.378314152359962463e-02,-5.523276049643754959e-03,-4.206135403364896774e-03,2.010901458561420441e-02,-1.172355469316244125e-02,-9.216631762683391571e-03,-2.236122265458106995e-02,-1.496110670268535614e-02,8.506112731993198395e-03,-3.378314152359962463e-02,2.541779354214668274e-02,-2.761638024821877480e-03,1.732056401669979095e-02,3.308603167533874512e-02,-1.662345230579376221e-02,-3.193311393260955811e-02,9.002135135233402252e-03,1.943871378898620605e-02,2.887654304504394531e-02,-8.914995938539505005e-03,-9.645624086260795593e-03,8.841263130307197571e-03,-1.591293327510356903e-02,-1.275581773370504379e-02,3.016352094709873199e-02,1.600677520036697388e-02,8.452489040791988373e-03,1.521582063287496567e-02,2.589035546407103539e-03,2.144961431622505188e-02,-1.820536144077777863e-02,-4.239650443196296692e-03,2.307509304955601692e-03,-3.284472273662686348e-03,2.161718904972076416e-03,4.013759270310401917e-02,-6.250551901757717133e-03,-2.218694612383842468e-02,-1.714293379336595535e-03,-4.742375575006008148e-03,2.029669843614101410e-02,-9.504860267043113708e-03,-1.125434506684541702e-02,-2.151664532721042633e-02,2.175125060603022575e-03,-2.051119506359100342e-02,2.122171223163604736e-02,3.254979103803634644e-02,7.461282075382769108e-04,1.925102993845939636e-02,8.271507918834686279e-03,-5.855074618011713028e-03,-5.767935421317815781e-03,8.646875619888305664e-03,2.587359771132469177e-02,1.317140366882085800e-02,-9.384206496179103851e-03,-1.706584915518760681e-02,2.336667478084564209e-02,-3.059921553358435631e-03,-5.298725329339504242e-03,-2.112787030637264252e-02,1.079854089766740799e-02,2.508264407515525818e-02,-1.412993390113115311e-02,-1.522922609001398087e-02,-2.695948444306850433e-02,1.302393805235624313e-02,-2.516307868063449860e-02,8.236317080445587635e-04,4.064701870083808899e-02,1.061755977571010590e-02,-1.935827732086181641e-02,7.976575754582881927e-03,3.123600222170352936e-02,-4.953520372509956360e-03,5.727717652916908264e-03,2.577975578606128693e-02,2.253885380923748016e-03,-1.099963020533323288e-02,2.144961385056376457e-03,1.256143022328615189e-02,-1.291668973863124847e-02,1.719990931451320648e-02,-1.007461640983819962e-02,-1.892928592860698700e-02,-5.442839581519365311e-03,-8.090526796877384186e-03,-1.308426540344953537e-02,1.035614218562841415e-02,8.358647115528583527e-03,8.841263130307197571e-03,5.137852858752012253e-03,-1.741440594196319580e-02,-2.847436442971229553e-02,1.127445418387651443e-02,-2.942619146779179573e-03,-1.563140749931335449e-02,-2.714716829359531403e-02,7.880220073275268078e-04,8.747421205043792725e-03,-1.679940498434007168e-03,1.317978254519402981e-03,1.192464493215084076e-02,2.681201882660388947e-02,3.210739232599735260e-03,-3.539186436682939529e-03,-2.079272083938121796e-02,4.346898291260004044e-03,7.152106147259473801e-03,1.634192466735839844e-02,2.541779354214668274e-02,3.877688199281692505e-03,4.091513901948928833e-02,-1.028240937739610672e-02,1.689157076179981232e-02,-3.584766760468482971e-02,2.360798232257366180e-02,-3.662521764636039734e-02,-3.286147955805063248e-03,1.049690507352352142e-02,4.618369974195957184e-03,-3.054894274100661278e-03,1.312448270618915558e-02,-4.735002294182777405e-02,-8.449975284747779369e-04,6.414775270968675613e-03,-2.577975578606128693e-02,9.625514969229698181e-03,1.898290961980819702e-02,8.311726152896881104e-03,-9.089274331927299500e-03,-3.326365957036614418e-03,7.272759918123483658e-03,7.493959274142980576e-03,5.962322466075420380e-03,-1.002769451588392258e-02,3.692014887928962708e-02,-1.622127182781696320e-02,1.256813388317823410e-02,1.144873164594173431e-02,-4.601612687110900879e-03,3.535834839567542076e-03,-1.372440252453088760e-03,-2.089996822178363800e-02,-6.109788548201322556e-03,5.811505019664764404e-03,7.889436557888984680e-03,-2.138258516788482666e-02,1.651452737860381603e-03,1.429080590605735779e-02,-1.016845833510160446e-02,4.209486767649650574e-02,-1.372775342315435410e-02,5.969025660306215286e-03,-1.467957999557256699e-02,-2.346051670610904694e-02,-1.341271214187145233e-02,2.820624411106109619e-02,3.158790990710258484e-03,1.539009902626276016e-02,-2.718738652765750885e-02,6.622568704187870026e-03,-6.391314789652824402e-03,2.615512348711490631e-02,-1.350655406713485718e-02,1.635533198714256287e-02,-2.037713304162025452e-03,4.516149347182363272e-04,2.467543527018278837e-04,1.004780363291501999e-02,1.910356245934963226e-02,2.143285702913999557e-03,-2.059162966907024384e-02,-2.478435868397355080e-03,1.863435283303260803e-02,-1.384840719401836395e-02,5.865129176527261734e-03,3.220123425126075745e-02,-1.006121002137660980e-02,2.218694612383842468e-02,1.559118833392858505e-02,2.010901458561420441e-03,2.825316507369279861e-03,-1.781658641993999481e-02,-2.233776263892650604e-03,-2.061844244599342346e-02,2.016263827681541443e-02,-1.116050314158201218e-02,-1.436118735000491142e-03,-3.061932511627674103e-02,-3.965497389435768127e-02,-6.381260231137275696e-03,4.098887555301189423e-03,1.977386325597763062e-02,6.849633064121007919e-04,1.820536144077777863e-02,1.904993876814842224e-02,-2.581997402012348175e-02,-2.283043414354324341e-02,-4.705509170889854431e-03,3.464112803339958191e-02,-5.408487049862742424e-04,-3.686652705073356628e-02,1.801767572760581970e-02,-1.038965675979852676e-02,-6.468399427831172943e-03,7.614613045006990433e-03,-1.253461814485490322e-03,-1.749484241008758545e-02,7.207039288914529607e-06,-2.971106907352805138e-03,-7.782188244163990021e-03,-1.079854089766740799e-02,8.660282008349895477e-03,1.212405972182750702e-03,-2.434531226754188538e-02,1.894269138574600220e-02,-1.959958486258983612e-02,2.431850135326385498e-02,-1.746132737025618553e-03,1.421036943793296814e-02,-1.226649805903434753e-02,9.719356894493103027e-03,1.497451215982437134e-02,2.174454741179943085e-02,-6.890688557177782059e-03,9.794766083359718323e-04,-2.642659470438957214e-03,3.810658119618892670e-03,5.147907417267560959e-03,-1.772274449467658997e-02,2.123176818713545799e-03,9.598702192306518555e-03,-2.213332056999206543e-02,1.648939214646816254e-02,-1.211232971400022507e-02,2.351414039731025696e-02,2.213332056999206543e-02,7.091778796166181564e-03,1.197826955467462540e-02,2.063184790313243866e-02,1.478682830929756165e-02,2.831349149346351624e-02,1.011483371257781982e-02,1.568503119051456451e-02,-3.525780513882637024e-02,-2.423806488513946533e-02,2.076590806245803833e-02,1.474661007523536682e-02,-1.309767086058855057e-02,2.246847189962863922e-02,1.831260882318019867e-02,-1.236704364418983459e-02,6.049461662769317627e-03,9.203225374221801758e-03,7.983278483152389526e-03,8.271507918834686279e-03,-1.233352813869714737e-02,-2.185179479420185089e-02,-3.834118694067001343e-02,-6.806901190429925919e-03,2.935915999114513397e-02,9.538375772535800934e-03,-2.386269718408584595e-02,-2.571272663772106171e-02,-1.164311915636062622e-02,-2.249528281390666962e-02,-6.150006782263517380e-03,1.943871378898620605e-03,1.061085611581802368e-02,1.880192779935896397e-03,-1.400928013026714325e-02,4.591558128595352173e-03,-1.942530833184719086e-02,2.175795286893844604e-02,-1.412993390113115311e-02,1.746802963316440582e-02,1.747808419167995453e-03,-1.035614171996712685e-03,4.742375749628990889e-04,-1.087897643446922302e-02,2.354430267587304115e-03,-4.186026286333799362e-03,1.408468815498054028e-03,1.314459182322025299e-02,-1.442486606538295746e-02,-2.614171802997589111e-02,-3.110194206237792969e-02,8.928402327001094818e-03,5.838316865265369415e-03,-1.843326352536678314e-02,1.068291370756924152e-03,-1.120742410421371460e-02,-2.552168909460306168e-03,-1.191123947501182556e-02,1.171350013464689255e-03,1.673069968819618225e-02,-1.212573517113924026e-02,1.067118346691131592e-02,8.219559676945209503e-04,-1.615424081683158875e-02,1.902312785387039185e-02,9.786386787891387939e-02,2.679861336946487427e-02,1.543031632900238037e-02,1.933816820383071899e-03,1.821876689791679382e-02,3.263022750616073608e-02,-3.783175721764564514e-02,-2.730804122984409332e-02,-1.222628075629472733e-02,-4.378402605652809143e-02,-1.547053456306457520e-02,9.719356894493103027e-03,8.553033694624900818e-03,-1.963980309665203094e-02,-2.165070502087473869e-03,7.976575754582881927e-03,1.928789541125297546e-03,1.212573517113924026e-02,1.360709965229034424e-02,8.693796582520008087e-03,-2.047097682952880859e-02,1.211903244256973267e-02,-9.987477213144302368e-03,2.741528861224651337e-02,-3.105166833847761154e-03,1.331384293735027313e-03,2.661092765629291534e-02,4.080789163708686829e-02,-2.304493077099323273e-02,-1.020197290927171707e-02,2.567250747233629227e-03,7.500662002712488174e-03,4.993738606572151184e-03,1.156938634812831879e-02,-9.149601683020591736e-03,1.454551983624696732e-02,-5.302076693624258041e-03,2.741528861224651337e-02,2.402356825768947601e-02,-2.378226071596145630e-02,-2.002857811748981476e-02,-1.568503119051456451e-02,3.142368420958518982e-02,-1.529625616967678070e-02,8.620063774287700653e-03,5.979080218821763992e-03,-7.869327440857887268e-03,2.876929566264152527e-02,-1.427739951759576797e-02,-2.210650965571403503e-02,3.879699110984802246e-02,-1.635533198714256287e-02,-3.528461605310440063e-02,-5.050714127719402313e-03,-2.186520025134086609e-02,-3.619622439146041870e-03,-3.120918944478034973e-02,1.656982675194740295e-02,-5.516572855412960052e-03,-6.485157064162194729e-04,-6.592405028641223907e-03,-2.401016280055046082e-02,-7.902842015027999878e-03,-9.035650640726089478e-03,-7.809000555425882339e-03,-7.044857833534479141e-03,-1.623467728495597839e-02,-3.676597960293292999e-03,-9.940556250512599945e-03,-1.002099178731441498e-02,-1.117390859872102737e-02,-8.311726152896881104e-03,-1.399587374180555344e-02,9.625514969229698181e-03,5.651973560452461243e-02,1.563140749931335449e-02,-9.819901548326015472e-03,-2.118149539455771446e-03,-5.402621813118457794e-03,9.069165214896202087e-03,-3.542538033798336983e-03,-5.727717652916908264e-03,8.251398801803588867e-03,-1.126104779541492462e-02,-2.047097682952880859e-02,1.843326352536678314e-02,6.753277033567428589e-03,-1.561800111085176468e-02,6.388801266439259052e-04,7.560989353805780411e-03,8.730663685128092766e-04,7.393414154648780823e-03,-1.722672209143638611e-02,4.175971727818250656e-03,2.295108698308467865e-02,-6.160061340779066086e-03,2.056481875479221344e-02,-6.250551901757717133e-03,-1.470639184117317200e-02,-8.433217881247401237e-04,-1.904993876814842224e-02,-5.571872461587190628e-04,5.942213814705610275e-03,-7.587801199406385422e-03,1.422377582639455795e-02,1.911696977913379669e-02,1.264186669141054153e-02,3.212079778313636780e-02,-1.867457106709480286e-02,-2.268296852707862854e-02,2.073909714818000793e-02,-1.085886731743812561e-02,1.497451215982437134e-02,-6.538780871778726578e-03,5.285318940877914429e-03,7.460444234311580658e-03,1.950574293732643127e-02,4.474925994873046875e-02,3.238891810178756714e-02,4.095535725355148315e-03,-1.746970519889146090e-04,-5.386534705758094788e-02,2.994902431964874268e-02,-6.847119424492120743e-03,-9.846713393926620483e-03,2.199926041066646576e-02,-2.043075859546661377e-02,9.933852590620517731e-03,1.252121292054653168e-02,4.350250121206045151e-03,-2.535076439380645752e-02,2.357781864702701569e-03,-2.228748984634876251e-03,-7.192323915660381317e-03,-2.339348569512367249e-02,2.220370341092348099e-03,-2.144961431622505188e-02,1.861759577877819538e-03,-3.380995616316795349e-02,-1.520241424441337585e-02,-3.453388065099716187e-02,-1.386181358247995377e-02,-1.404949743300676346e-02,-2.232100628316402435e-02,-2.165070548653602600e-02,-4.247023910284042358e-02,-5.952267907559871674e-03,8.727312088012695312e-03,3.860930725932121277e-02,2.009560726583003998e-02,-9.712654165923595428e-03,-7.219135761260986328e-03,-3.297878429293632507e-02,3.086733631789684296e-03,1.807130128145217896e-02,-3.764407336711883545e-02,-1.490748208016157150e-02,-9.437830187380313873e-03,4.137094318866729736e-02,1.019527018070220947e-02,3.120918944478034973e-02,1.788361556828022003e-02,4.940114449709653854e-03,8.633470162749290466e-03,-7.219135761260986328e-03,-4.698806442320346832e-03,1.174366381019353867e-02,-2.039054036140441895e-02,-2.871567197144031525e-02,8.050308562815189362e-03,1.893598819151520729e-03,-7.364926277659833431e-04,6.843767594546079636e-03,-1.026230026036500931e-02,2.965409308671951294e-02,7.844610081519931555e-05,9.933852590620517731e-03,-3.091760911047458649e-03,-3.289834782481193542e-02,-2.451959066092967987e-02,-9.035650640726089478e-03,-1.477342192083597183e-02,1.891587860882282257e-02,9.893635287880897522e-03,-5.372458137571811676e-03,-8.103932254016399384e-03,2.686564251780509949e-02,-9.095977060496807098e-03,1.809811219573020935e-02,-1.573865488171577454e-02,2.324602007865905762e-02,-3.368259873241186142e-03,6.930906791239976883e-03,5.392567254602909088e-03,1.234023179858922958e-02,5.147907417267560959e-03,2.207969687879085541e-02,6.858011474832892418e-04,-8.137447759509086609e-03,1.516219694167375565e-02,1.548394095152616501e-02,3.525780513882637024e-02,6.899905274622142315e-04,-1.064437162131071091e-02,-2.375544793903827667e-02,6.317581865005195141e-04,-2.379566617310047150e-02,3.562646917998790741e-03,-1.336579117923974991e-02,1.226649805903434753e-02,-8.164259605109691620e-03,-1.112698810175061226e-03,2.899049432016909122e-04,-4.056658223271369934e-02,1.362720876932144165e-02,1.138840522617101669e-02,-2.332645654678344727e-02,3.488913876935839653e-03,-5.362403579056262970e-03,-1.650279760360717773e-02,1.112698763608932495e-02,6.800197996199131012e-03,2.478771097958087921e-02,-4.182674922049045563e-03,1.759538659825921059e-03,-1.568503119051456451e-02,3.341447794809937477e-03,-2.690586075186729431e-02,1.142862252891063690e-02,2.091337461024522781e-03,-9.880228899419307709e-03,1.501473039388656616e-02,2.246847189962863922e-02,6.840416230261325836e-03,2.163394819945096970e-03,3.158790990710258484e-03,3.019033372402191162e-02,-6.438235752284526825e-03,-2.777725085616111755e-02,1.375456526875495911e-02,9.089274331927299500e-03,-2.498880214989185333e-02,-8.539628237485885620e-03,-1.159619819372892380e-02,2.001517266035079956e-02,-5.483895656652748585e-04,-2.441234327852725983e-02,-1.630170643329620361e-02,-2.358116954565048218e-02,-7.058263756334781647e-03,-2.619534172117710114e-02,2.189201302826404572e-02,-8.157556876540184021e-03,2.321920730173587799e-02,3.690004115924239159e-03,-1.044328138232231140e-02,3.169180452823638916e-02,-4.088832996785640717e-03,-2.340689301490783691e-02,-1.228325651027262211e-03,-6.971125025302171707e-03,1.545712910592556000e-02,-3.152088029310107231e-03,-1.366742607206106186e-02,1.228660717606544495e-02,5.322185810655355453e-03,-1.595315150916576385e-02,1.174366381019353867e-02,-1.042987499386072159e-02,1.715969108045101166e-02,-2.512286044657230377e-02,-2.134236693382263184e-02,-1.101303659379482269e-02,1.512197870761156082e-02,2.497539483010768890e-02,1.496445736847817898e-03,2.808558987453579903e-03,6.780089344829320908e-03,-3.549911081790924072e-02,2.086310181766748428e-03,1.669048145413398743e-02,-1.814838498830795288e-03,7.741970475763082504e-03,-1.879522576928138733e-02,-2.270977944135665894e-02,-3.753682598471641541e-02,2.627577818930149078e-02,-1.140181068331003189e-02,1.284463214688003063e-03,1.513538416475057602e-02,-2.018944919109344482e-02,-1.602018065750598907e-02,-1.410312205553054810e-02,4.041911568492650986e-03,5.824910942465066910e-03,-3.763737156987190247e-03,-3.617527836468070745e-04,4.667972400784492493e-02,-1.968002133071422577e-02,5.546736530959606171e-03,4.437388852238655090e-03,-1.478682830929756165e-02,-6.314230151474475861e-03,-1.230671629309654236e-02,1.804448850452899933e-02,-2.753259148448705673e-03,1.841985620558261871e-02,-3.565998375415802002e-02,-1.959958486258983612e-02,-8.593251928687095642e-03,1.341271214187145233e-02,9.551781229674816132e-03,1.793724112212657928e-02,-2.206629142165184021e-02,-1.820536144077777863e-02,1.902312785387039185e-02,2.663774043321609497e-02,2.929946094809565693e-05,-1.564481295645236969e-02,1.070469804108142853e-02,6.984530948102474213e-03,1.638214290142059326e-02,2.266956120729446411e-02,-1.285636331886053085e-02,1.199167501181364059e-02,3.997671976685523987e-02,1.096611563116312027e-02,6.585701834410429001e-03,-2.781746909022331238e-03,-1.705244369804859161e-02,1.930465362966060638e-02,-1.777636818587779999e-02,-4.536593705415725708e-02,-1.748143695294857025e-02,-4.588206764310598373e-03,-1.887566037476062775e-02,6.150006782263517380e-03,1.581909134984016418e-02,-2.384593943133950233e-03,-1.851369813084602356e-02,8.204477839171886444e-03,-3.133654594421386719e-03,1.772274449467658997e-02,-9.813198819756507874e-03,8.077120408415794373e-03,1.189113035798072815e-02,9.022244252264499664e-03,-4.464201163500547409e-03,-2.238803543150424957e-02,-3.968178853392601013e-02,-1.969342678785324097e-02,2.736166492104530334e-02,-3.093436593189835548e-03,-1.227990444749593735e-02,1.144202891737222672e-02,7.976575754582881927e-03,-4.592898860573768616e-02,5.690850783139467239e-03,-8.358647115528583527e-03,1.267538219690322876e-02,1.439805421978235245e-02,1.299042254686355591e-02,1.135488972067832947e-02,2.094018645584583282e-02,6.471750792115926743e-03,2.647686749696731567e-02,-4.000353068113327026e-02,-1.593974418938159943e-02,-4.139105323702096939e-03,-2.241484820842742920e-02,1.263516396284103394e-02,1.210562605410814285e-02,-2.903741598129272461e-02,-1.253461837768554688e-02,3.289834782481193542e-02,-9.819901548326015472e-03,-2.295779064297676086e-03,2.954684384167194366e-02,-1.724012754857540131e-02,-7.373305037617683411e-03,4.098887555301189423e-03,-9.424424730241298676e-03,8.191071450710296631e-03,-1.156268268823623657e-02,3.204036271199584007e-03,-3.343458846211433411e-02,2.401351463049650192e-03,1.787021011114120483e-02,1.085216458886861801e-02,-2.524351514875888824e-02,-1.701222546398639679e-02,1.757527887821197510e-02,1.752165332436561584e-02,-1.793724112212657928e-02,-1.463936176151037216e-02,-1.425058767199516296e-02,-6.257254630327224731e-03,-1.248434564331546426e-04,2.224056981503963470e-02,2.378226071596145630e-02,-1.796405203640460968e-02,-2.775043947622179985e-03,-5.918752867728471756e-03,1.090578828006982803e-02,1.140851434320211411e-02,1.488067023456096649e-02,-6.676192395389080048e-03,2.346051670610904694e-02,-1.340600941330194473e-02,-1.614083535969257355e-02,-1.417015213519334793e-02,-4.521176684647798538e-03,-3.403450595214962959e-03,4.909950774163007736e-03,8.894886821508407593e-03,1.100130612030625343e-03,3.679949557408690453e-03,-3.801944106817245483e-02,2.445256151258945465e-02,4.161225259304046631e-02,-5.194173809286439791e-06,-3.204036271199584007e-03,8.566440083086490631e-03,2.190541848540306091e-02,-1.604699343442916870e-02,-2.401016280055046082e-02,-7.185621187090873718e-03,-2.766665071249008179e-03,1.619613496586680412e-03,1.298707094974815845e-03,-5.639949813485145569e-05,-1.799086481332778931e-02,-8.492707274854183197e-03,4.836217965930700302e-03,-6.937609985470771790e-03,-9.551781229674816132e-03,2.228614985942840576e-01,-1.234023179858922958e-02,-1.615424081683158875e-02,5.268561653792858124e-03,2.108765207231044769e-02,-1.537501695565879345e-03,5.456245969980955124e-03,-4.933411255478858948e-03,-1.055052969604730606e-02,1.222628075629472733e-02,4.544637165963649750e-03,-6.689598783850669861e-03,-2.536416985094547272e-02,-2.141610020771622658e-03,-1.634192466735839844e-02,-1.577887311577796936e-02,-4.287241771817207336e-02,-1.522922609001398087e-02,-7.493959274142980576e-03,-3.265703842043876648e-02,3.037801757454872131e-02,-9.404315613210201263e-03,-1.484045200049877167e-02,-2.903741598129272461e-02,3.804625570774078369e-02,1.266197580844163895e-02,-1.391711295582354069e-03,2.741528907790780067e-03,1.963980309665203094e-02,1.007461640983819962e-02,-2.233441174030303955e-02,-2.517648600041866302e-02,8.780935779213905334e-03,-1.679940498434007168e-03,-2.395653910934925079e-02,-6.816955748945474625e-03,3.429257124662399292e-02,-1.744121871888637543e-02,1.270889677107334137e-02,9.350691922008991241e-03,-1.434442959725856781e-02,-8.868074975907802582e-03,4.204040742479264736e-04,-7.058263756334781647e-03,2.897373866289854050e-03,1.372775342315435410e-02,2.270977944135665894e-02,-2.433190587908029556e-03,-2.702651545405387878e-02,1.152078912127763033e-04,-4.300647601485252380e-02,-6.833713036030530930e-03,1.407630927860736847e-02,1.350655406713485718e-02,1.614083535969257355e-02,-2.395653910934925079e-02,-9.571890346705913544e-03,2.567250747233629227e-03,-4.018451087176799774e-03,-1.656982675194740295e-02,-6.632623262703418732e-03,2.171773463487625122e-02,-2.565910108387470245e-02,1.757527887821197510e-02,-1.221957709640264511e-02,6.699653342366218567e-03,-2.898379229009151459e-02,7.152106147259473801e-03,4.869733005762100220e-03,-3.678609058260917664e-02,-1.792383380234241486e-02,1.674410514533519745e-02,9.766277857124805450e-03,1.364731788635253906e-02,1.663182978518307209e-03,-1.564313657581806183e-03,1.190453581511974335e-02,1.847347989678382874e-02,1.931805908679962158e-02,1.399587374180555344e-02,-9.411018341779708862e-03,-1.804448850452899933e-02,1.299042254686355591e-02,8.036902174353599548e-03,-1.085216458886861801e-02,-2.201266773045063019e-02,1.895609684288501740e-02,9.384206496179103851e-03,-6.623406661674380302e-04,3.236210718750953674e-02,6.190224550664424896e-03,-1.579227857291698456e-02,-1.203189324587583542e-02,-3.844173159450292587e-03,1.033603306859731674e-02,1.130126602947711945e-02,1.029581483453512192e-02,1.726694032549858093e-02,-2.170432917773723602e-02,2.329964376986026764e-02,-1.811151765286922455e-02,-1.655642176046967506e-03,2.191044623032212257e-04,9.343988262116909027e-03,6.123194936662912369e-03,3.126951633021235466e-03,1.036954857409000397e-02,3.938685357570648193e-02,7.038154639303684235e-03,-1.215925067663192749e-02,-2.358116954565048218e-02,-2.525692060589790344e-02,8.941807784140110016e-03,8.553033694624900818e-03,5.905346944928169250e-03,-3.753682598471641541e-03,-1.575206057168543339e-03,-4.805216449312865734e-04,2.110105939209461212e-02,7.922951132059097290e-03,-4.186026286333799362e-03,-2.249528281390666962e-02,5.452894140034914017e-03,1.907675154507160187e-02,1.791042834520339966e-02,2.772362716495990753e-02,-2.249528281390666962e-02,-1.947893202304840088e-02,1.699882000684738159e-02,-1.236704364418983459e-02,2.065866068005561829e-02,-8.948511444032192230e-03,3.393396036699414253e-03,1.466617453843355179e-02,-1.337249414063990116e-03,2.469386905431747437e-02,2.992221340537071228e-02,-1.095941290259361267e-02,-1.521582063287496567e-02,2.657741308212280273e-03,2.930888673290610313e-03,2.984512830153107643e-03,2.965409308671951294e-02,9.712654165923595428e-03,-1.451870799064636230e-02,3.857579082250595093e-03,1.310437452048063278e-02,2.754516026470810175e-04,-1.044328138232231140e-02,-1.315799821168184280e-02,-1.576546765863895416e-02,-8.418973535299301147e-03,-1.301053166389465332e-02,-1.446173293516039848e-03,3.665202856063842773e-02,-4.899896215647459030e-03,-1.847347989678382874e-02,-3.863611817359924316e-02,1.202519051730632782e-02,2.366160601377487183e-02,-6.231113150715827942e-02,-4.132402129471302032e-03,1.725353300571441650e-02,-2.649027481675148010e-02,-1.654301583766937256e-02,2.793477149680256844e-03,-1.706316918134689331e-01,2.943959645926952362e-02,1.051701419055461884e-02,-2.217353880405426025e-02,4.110282287001609802e-02,-2.044416405260562897e-02,3.158455714583396912e-02,2.713376283645629883e-02,-2.903741598129272461e-02,-3.824901941698044538e-04,3.107512928545475006e-02,4.122347745578736067e-04,-8.660282008349895477e-03,1.583249680697917938e-02,-1.458573807030916214e-02,-1.411652751266956329e-02,-4.847612977027893066e-02,9.444533847272396088e-03,1.572524942457675934e-02,2.387610264122486115e-02,1.668210257776081562e-03,7.725213072262704372e-04,4.571449011564254761e-03,-2.828667871654033661e-02,1.875793968793004751e-04,5.757880862802267075e-03,-4.561394453048706055e-03,-1.562637975439429283e-03,-1.031592395156621933e-02,-1.655642129480838776e-02,-2.325942553579807281e-02,-3.911203239113092422e-03,3.482881188392639160e-02,3.639731556177139282e-03,7.105184718966484070e-03,4.558043088763952255e-03,-6.210333667695522308e-03,8.907664596335962415e-05,2.418108982965350151e-03,1.548394095152616501e-02,1.419696398079395294e-02,3.053888864815235138e-02,1.855391636490821838e-02,-8.901590481400489807e-03,1.133478060364723206e-02,3.118237666785717010e-02,7.199027109891176224e-03,-7.085076067596673965e-03,3.700058534741401672e-02,-2.135577239096164703e-02,9.967368096113204956e-03,7.105184718966484070e-03,-4.068723879754543304e-03,1.694184378720819950e-03,2.395653910934925079e-02,2.573953755199909210e-02,-9.397612884640693665e-03,7.306274957954883575e-03,-6.046110298484563828e-03,-3.584766760468482971e-02,-9.625514969229698181e-03,-1.904993876814842224e-02,1.895609684288501740e-02,-3.195992484688758850e-02,3.183927154168486595e-03,-1.364061422646045685e-02,-2.614171709865331650e-03,-1.492088846862316132e-02,-6.589053664356470108e-03,1.051031146198511124e-02,-2.758956700563430786e-02,-4.233617708086967468e-02,-1.019527018070220947e-02,-1.488067023456096649e-02,3.445344278588891029e-03,1.736078225076198578e-02,-3.064613789319992065e-02,3.901148587465286255e-02,1.880863122642040253e-02,-3.490924835205078125e-02,3.240902675315737724e-03,1.217265613377094269e-02,-1.064437162131071091e-02,2.230424899607896805e-03,-1.186431851238012314e-02,-2.238803543150424957e-02,1.630170643329620361e-02,1.069129258394241333e-02,-3.525780513882637024e-03,1.305745262652635574e-02,1.669048145413398743e-02,-3.375633060932159424e-02,-3.096788190305233002e-03,-1.662345230579376221e-02,2.209310419857501984e-02,-1.193134812638163567e-03,7.708455435931682587e-03,1.276252046227455139e-02,-5.285318940877914429e-03,3.232104936614632607e-04,5.985782947391271591e-03,6.558889988809823990e-03,-2.720079198479652405e-02,2.458662167191505432e-02,1.709266193211078644e-02,-6.944312714040279388e-03,6.404720712453126907e-03,2.395653910934925079e-02,3.029758110642433167e-02,2.665114589035511017e-02,-2.572613209486007690e-02,1.011483371257781982e-02,3.120918944478034973e-02,1.347303949296474457e-02,1.695022336207330227e-03,8.003387600183486938e-03,-6.505265831947326660e-03,-1.941190101206302643e-02,6.568944663740694523e-04,-1.670388691127300262e-02,7.287506759166717529e-02,1.602018065750598907e-02,-9.504860267043113708e-03,2.477430552244186401e-02,-1.477342192083597183e-02,-2.804537117481231689e-02,-1.134684607386589050e-01,-6.532078143209218979e-03,1.101303659379482269e-02,-5.767935421317815781e-03,1.726694032549858093e-02,2.321920730173587799e-02,-7.393414154648780823e-03,2.232100581750273705e-03,-3.099469281733036041e-02,1.492088846862316132e-02,1.268878765404224396e-02,-2.809899486601352692e-02,3.147060750052332878e-03,1.185761485248804092e-02,-6.656921468675136566e-04,-3.338096197694540024e-03,8.666984736919403076e-03,-3.303240612149238586e-02,-2.434531226754188538e-02,4.284560680389404297e-02,-2.229419350624084473e-02,-8.889859891496598721e-04,1.144202891737222672e-02,-1.252121292054653168e-02,8.666984736919403076e-03,9.276958182454109192e-03,-5.332240369170904160e-03,2.354095317423343658e-02,8.385458961129188538e-03,4.879787564277648926e-03,7.621316239237785339e-03,1.243407372385263443e-02,6.917500868439674377e-03,-2.170432917773723602e-02,3.125275950878858566e-03,-7.587801199406385422e-03,-6.000529602169990540e-02,-2.902400912716984749e-03,-1.229331083595752716e-02,3.193981712684035301e-03,4.159214440733194351e-03,1.552415918558835983e-02,-1.945211924612522125e-02,-9.370800107717514038e-03,-8.412270806729793549e-03,-5.898644216358661652e-03,-1.110687851905822754e-02,2.510945498943328857e-02,3.222804516553878784e-02,-5.010495893657207489e-03,-2.339348569512367249e-02,-3.096788190305233002e-02,-1.308426540344953537e-02,-1.927784085273742676e-02,1.858072914183139801e-02,-2.151664532721042633e-02,3.178899874910712242e-03,1.671729423105716705e-02,-1.879522576928138733e-02,1.540350448340177536e-02,-1.230001356452703476e-02,2.722760476171970367e-02,-2.369512105360627174e-03,2.106084115803241730e-02,-7.011342793703079224e-03,-1.250110380351543427e-02,1.782999257557094097e-03,-1.606039889156818390e-02,2.588700316846370697e-02,-2.181157656013965607e-02,3.264363156631588936e-03,1.931805908679962158e-02,-1.351996045559644699e-02,8.707202970981597900e-03,-2.313877269625663757e-02,5.352349020540714264e-03,-3.429257124662399292e-02,-9.491454809904098511e-03,1.105995755642652512e-02,-8.961916901171207428e-03,-1.071810442954301834e-02,-1.837963797152042389e-02,5.945565178990364075e-03,-1.186431851238012314e-02,2.340689301490783691e-02,3.426576033234596252e-02,8.990404894575476646e-04,-1.213243883103132248e-02,4.470903892070055008e-03,-1.521582063287496567e-02,-7.554286159574985504e-03,5.891941022127866745e-03,3.207387635484337807e-03,-1.407630974426865578e-03,-8.968620561063289642e-03,8.392161689698696136e-03,2.783422591164708138e-03,4.365331842564046383e-04,2.723095705732703209e-03,1.719990931451320648e-02,-3.080700896680355072e-02,-6.592405028641223907e-03,-4.507100209593772888e-02,1.871478930115699768e-02,-2.029669843614101410e-02,-3.868974372744560242e-02,2.796493470668792725e-02,-2.241484820842742920e-02,1.508176047354936600e-02,-1.156268268823623657e-02,-2.150323800742626190e-02,-1.758868433535099030e-02,1.816514297388494015e-03,4.241661354899406433e-02,3.266039071604609489e-03,-8.023496717214584351e-03,-3.729551658034324646e-02,-7.547583431005477905e-03,1.301053166389465332e-02,7.426929194480180740e-03,4.990386776626110077e-03,2.367501147091388702e-02,-4.139105323702096939e-03,7.560989353805780411e-03,-7.431956473737955093e-04,5.399270448833703995e-03,-4.102238919585943222e-03,2.045756950974464417e-02,-1.748143695294857025e-02,5.107689648866653442e-03,-1.209892332553863525e-02,-1.632851921021938324e-02,1.410144614055752754e-03,-1.860754005610942841e-02,1.174366381019353867e-02,1.530966255813837051e-02,1.317810732871294022e-02,1.354216365143656731e-04,1.032262668013572693e-02,1.599336974322795868e-02,2.642324380576610565e-02,3.397082909941673279e-02,-1.909015700221061707e-02,-3.123600222170352936e-02,4.604964051395654678e-03,-2.130214869976043701e-02,-2.451959066092967987e-02,-2.094018645584583282e-02,-2.598084509372711182e-02,2.901060320436954498e-02,1.016845833510160446e-02,9.196522645652294159e-03,2.364820055663585663e-02,3.775132074952125549e-02,5.985782947391271591e-03,-1.950574293732643127e-02,-3.407807648181915283e-02,-2.383588440716266632e-02,1.635533198714256287e-02,1.151576172560453415e-02,2.568926429376006126e-03,-2.386269718408584595e-02,3.222804516553878784e-02,2.180152339860796928e-03,-1.953255571424961090e-02,8.839587098918855190e-04,-2.488490426912903786e-03,-5.348997656255960464e-03,-3.045845218002796173e-02,-1.702982117421925068e-04,1.596655696630477905e-02,-2.433190587908029556e-03,-9.464642964303493500e-03,9.987476514652371407e-04,1.568503119051456451e-02,3.713464597240090370e-03,-5.422730930149555206e-03,8.331834338605403900e-03,-3.965497389435768127e-02,-2.401351463049650192e-03,-2.767000347375869751e-02,-1.165652461349964142e-02,1.596655696630477905e-02,-7.916248403489589691e-03,-4.058669321238994598e-03,3.088744543492794037e-02,-5.157961975783109665e-03,1.250780653208494186e-02,1.141521707177162170e-02,-2.077931351959705353e-02,1.689157215878367424e-03,1.937168301083147526e-03,-1.168333739042282104e-02,6.816955748945474625e-03,7.272759918123483658e-03,-1.338590029627084732e-02,1.532306894659996033e-02,4.789297003298997879e-03,-1.572524942457675934e-02,3.241572901606559753e-02,1.332557294517755508e-02,4.220211878418922424e-02,8.445785380899906158e-03,1.584590226411819458e-02,1.066448073834180832e-02,-1.770933903753757477e-02,4.675345961004495621e-03,2.630259096622467041e-02,-2.627577818930149078e-02,-2.509604953229427338e-02,-3.131643682718276978e-02,7.051561027765274048e-03,-8.050308562815189362e-03,-9.276958182454109192e-03,-5.845020059496164322e-03,7.098481990396976471e-03,-1.059745065867900848e-02,1.433102414011955261e-02,1.425058767199516296e-02,1.273570861667394638e-02,-2.339348569512367249e-02,3.657159209251403809e-02,1.707925647497177124e-02,-6.830361671745777130e-03,5.318833980709314346e-03,-3.743628039956092834e-03,2.919158432632684708e-03,-5.534168449230492115e-04,-2.111446484923362732e-02,-4.494364373385906219e-03,-7.111887913197278976e-03,-2.960046753287315369e-02,-4.851299745496362448e-04,-1.073151081800460815e-02,-2.563229016959667206e-02,-1.256143022328615189e-02,-2.523681148886680603e-03,1.686475984752178192e-02,-3.772450983524322510e-02,2.339348569512367249e-02,-1.686475984752178192e-02,3.166499361395835876e-02,1.878181844949722290e-02,-8.908293209969997406e-03,9.752871468663215637e-03,-2.190206665545701981e-03,1.898290961980819702e-02,-1.581909134984016418e-02,2.745550684630870819e-02,1.146884076297283173e-02,-3.332733735442161560e-02,3.160466672852635384e-03,1.119401771575212479e-02,1.205200236290693283e-02,-2.154345624148845673e-02,-1.533647440373897552e-02,-6.032704375684261322e-03,5.526627413928508759e-03,1.568503119051456451e-02,-3.751001507043838501e-02,9.645624086260795593e-03,1.303064078092575073e-02,-6.046110298484563828e-03,6.330987904220819473e-03,1.749484217725694180e-03,-2.482792921364307404e-02,-5.048703029751777649e-02,1.591293327510356903e-02,1.115379948168992996e-02,-3.532483475282788277e-03,-3.697377443313598633e-02,1.376797165721654892e-02,6.398017983883619308e-03,-3.016352094709873199e-02,-4.132402129471302032e-03,-7.795594166964292526e-03,-1.880863122642040253e-02,-8.539628237485885620e-03,-1.461254991590976715e-02,-7.594504393637180328e-03,-5.302076693624258041e-03,-9.605405852198600769e-03,3.571360930800437927e-02,-2.299130521714687347e-02,-4.340865835547447205e-02,3.351502493023872375e-02,1.906334608793258667e-02,-1.636873744428157806e-02,1.378305372782051563e-03,-1.206540875136852264e-02
-8.792928420007228851e-03,-1.948013156652450562e-02,6.838198285549879074e-03,3.482913365587592125e-03,-8.577975444495677948e-03,2.470618113875389099e-02,-3.321026638150215149e-02,-2.185805141925811768e-02,1.231950428336858749e-02,1.362937502562999725e-02,2.327539958059787750e-03,2.484052814543247223e-02,7.053151261061429977e-03,-1.499844220234081149e-04,-1.014982070773839951e-02,1.025729719549417496e-02,1.880840398371219635e-02,2.005781978368759155e-02,-2.893471391871571541e-03,-2.942171692848205566e-02,1.167464442551136017e-02,-3.976633772253990173e-03,-8.631713688373565674e-03,-1.794859021902084351e-02,-4.752480599563568830e-04,-1.663200184702873230e-02,3.576283529400825500e-02,-2.312090247869491577e-02,5.148800555616617203e-03,-1.622896455228328705e-02,5.399019573815166950e-04,-8.772776462137699127e-03,-2.521669492125511169e-02,2.695311559364199638e-04,-3.619274124503135681e-02,-1.644391939043998718e-02,-4.333993420004844666e-02,1.484520453959703445e-02,1.407943386584520340e-02,-5.195821635425090790e-03,2.506891451776027679e-02,-2.310746815055608749e-03,2.078328654170036316e-02,1.330694556236267090e-02,-3.065769746899604797e-02,7.481378270313143730e-04,-8.020441047847270966e-03,-1.089543942362070084e-02,-2.756774611771106720e-02,1.166792772710323334e-02,1.320618670433759689e-02,9.021316654980182648e-03,-1.118428260087966919e-02,-3.243106231093406677e-02,-1.333381514996290207e-02,-3.042930969968438148e-03,-7.664424367249011993e-03,1.659169909544289112e-03,1.158731989562511444e-02,-1.813667453825473785e-02,1.755898818373680115e-02,1.550349872559309006e-02,-4.849881399422883987e-03,2.677510678768157959e-02,-1.014982070773839951e-02,-1.755898818373680115e-02,8.275697939097881317e-03,2.584476256743073463e-03,-2.694975584745407104e-02,-3.151750937104225159e-02,1.602744683623313904e-02,1.766646467149257660e-02,-1.410630252212285995e-02,-8.631713688373565674e-03,1.075605629011988640e-03,-1.199035719037055969e-02,-5.387264303863048553e-03,6.834839470684528351e-03,-1.266208570450544357e-02,6.797894369810819626e-03,-1.839193142950534821e-02,-1.788141764700412750e-02,-2.654671855270862579e-02,8.752625435590744019e-03,2.564324298873543739e-03,7.650990039110183716e-03,-9.538547135889530182e-03,2.129380032420158386e-02,1.177540421485900879e-02,-2.166996710002422333e-02,2.365828491747379303e-02,4.100231826305389404e-02,1.141267083585262299e-02,2.270442992448806763e-02,-2.747370302677154541e-02,1.434980425983667374e-03,-1.743807643651962280e-02,1.269567292183637619e-02,-1.442873291671276093e-02,-1.394508779048919678e-02,-1.363609218969941139e-03,-9.444505907595157623e-03,-3.744887420907616615e-03,-3.360322909429669380e-03,2.746026962995529175e-02,-2.238200046122074127e-02,-2.428299281746149063e-03,-1.106673036701977253e-03,1.416004076600074768e-02,-1.493924669921398163e-02,5.612293258309364319e-03,2.357767708599567413e-02,2.396392170339822769e-03,-1.852627843618392944e-02,1.416004076600074768e-02,-6.247077137231826782e-03,-3.231015056371688843e-03,-5.004378966987133026e-03,7.845791056752204895e-03,-4.937205929309129715e-03,-2.993223071098327637e-02,4.990944173187017441e-03,2.987849339842796326e-02,6.854991428554058075e-03,6.841556634753942490e-03,7.227800786495208740e-03,-4.282942041754722595e-02,-8.960860781371593475e-03,1.766646467149257660e-02,-8.981012739241123199e-03,2.286564558744430542e-02,-6.448595318943262100e-03,1.118428260087966919e-02,2.072283066809177399e-03,3.650845494121313095e-03,1.800232939422130585e-02,-3.405664581805467606e-03,-2.325860550627112389e-03,5.578706972301006317e-03,-3.141003474593162537e-02,1.121115218847990036e-02,1.858001574873924255e-02,-1.596027426421642303e-02,8.967578411102294922e-03,1.298451609909534454e-02,1.123130414634943008e-02,3.489630529657006264e-03,1.154029928147792816e-02,-5.276429001241922379e-03,-2.054146304726600647e-02,2.287907898426055908e-02,3.714659716933965683e-03,1.042522955685853958e-02,-2.352393977344036102e-02,1.835162751376628876e-02,2.176401019096374512e-02,-7.825639331713318825e-04,3.243106231093406677e-02,-2.244917303323745728e-02,-1.325992494821548462e-02,3.691149177029728889e-03,1.209783367812633514e-02,2.506891451776027679e-02,9.303442784585058689e-04,6.102655082941055298e-03,3.192054852843284607e-02,1.637674495577812195e-02,-1.386447995901107788e-02,-2.441062033176422119e-02,-1.653796061873435974e-02,2.649297937750816345e-02,1.460338197648525238e-02,8.900404907763004303e-03,3.065769746899604797e-02,1.021027658134698868e-02,2.699005976319313049e-02,2.660045633092522621e-03,2.548538707196712494e-02,-3.173246234655380249e-02,1.729029603302478790e-02,-1.606775075197219849e-02,4.984227009117603302e-03,2.744683437049388885e-02,2.035338059067726135e-02,3.190711373463273048e-03,7.247952744364738464e-03,7.233678479678928852e-04,-1.700817048549652100e-02,2.670793235301971436e-02,-2.101167291402816772e-02,1.127160806208848953e-02,-1.482001505792140961e-03,9.686327539384365082e-03,-2.696318924427032471e-02,-6.362614035606384277e-01,8.052347693592309952e-04,-1.243369840085506439e-02,-7.039716932922601700e-03,1.820384711027145386e-02,2.496143803000450134e-02,2.330898679792881012e-02,2.696318924427032471e-02,-4.124414175748825073e-02,-7.200931664556264877e-03,-3.281394718214869499e-03,2.334928885102272034e-02,-1.004234421998262405e-02,7.355429115705192089e-04,-1.523480657488107681e-02,9.525112807750701904e-03,8.127917535603046417e-03,-4.732328932732343674e-03,-2.251634560525417328e-02,-4.725611303001642227e-03,-1.387791521847248077e-02,2.551225572824478149e-02,-3.627334954217076302e-03,-3.892667824402451515e-03,2.704379707574844360e-02,5.031248088926076889e-03,1.583936251699924469e-02,-2.625115774571895599e-02,-8.262262679636478424e-03,1.287032198160886765e-02,-3.197428584098815918e-02,2.611681260168552399e-02,-7.733276579529047012e-04,1.863375492393970490e-02,4.562381282448768616e-02,-2.821260504424571991e-02,-2.396728098392486572e-02,2.501517720520496368e-02,3.310279175639152527e-02,3.393573313951492310e-02,-1.064690016210079193e-02,-9.713197126984596252e-03,8.208524435758590698e-03,-2.257008338347077370e-03,-6.136241834610700607e-03,6.549354642629623413e-03,1.287703961133956909e-02,-1.246896455995738506e-03,7.261387072503566742e-03,-2.995910122990608215e-03,1.351518183946609497e-02,-4.806890711188316345e-02,3.617258975282311440e-03,8.020441047847270966e-03,-1.097436761483550072e-03,-5.662673152983188629e-03,4.462965577840805054e-02,-2.330898679792881012e-02,-3.209183923900127411e-03,1.315244752913713455e-02,-1.135893259197473526e-02,1.886214129626750946e-02,-1.692756265401840210e-02,-1.957417465746402740e-02,-1.192990131676197052e-02,3.862440120428800583e-03,-2.188492193818092346e-02,2.564660273492336273e-02,1.527511049062013626e-02,1.954730600118637085e-02,1.722312346100807190e-02,6.337760481983423233e-03,3.402305766940116882e-03,-1.622896455228328705e-02,8.174938149750232697e-03,1.809637062251567841e-02,1.417347602546215057e-02,-2.599590085446834564e-02,-2.751400694251060486e-02,1.744395412970334291e-04,-1.042522955685853958e-02,-2.665083622559905052e-03,-1.338083576411008835e-02,4.090827889740467072e-03,1.759929209947586060e-02,-2.807825990021228790e-02,-4.014250636100769043e-02,-1.143282279372215271e-02,2.528386749327182770e-02,-8.060744032263755798e-03,1.848597452044487000e-02,4.454904794692993164e-02,1.800232939422130585e-02,-1.111039239913225174e-02,1.016997266560792923e-02,2.110571600496768951e-02,-5.437643732875585556e-03,1.980256289243698120e-02,2.797078341245651245e-02,-6.878501735627651215e-03,-1.418691035360097885e-02,1.191646698862314224e-02,1.446903590112924576e-02,-4.826370626688003540e-03,1.943982951343059540e-02,-8.336152881383895874e-03,-2.055489830672740936e-02,3.613900393247604370e-03,-3.476195968687534332e-03,-2.840068936347961426e-02,2.207300439476966858e-02,2.596231410279870033e-03,-5.260475445538759232e-04,-4.540885798633098602e-03,-1.602744683623313904e-02,-3.372078016400337219e-02,1.492581143975257874e-02,2.891791984438896179e-03,-8.000289089977741241e-03,-2.739309705793857574e-02,-6.468747276812791824e-03,1.856658048927783966e-02,-4.826370626688003540e-03,1.019684132188558578e-02,6.458671297878026962e-03,1.868749223649501801e-02,-2.278503775596618652e-02,-1.259491313248872757e-02,-1.497954968363046646e-02,3.168880240991711617e-03,6.777742411941289902e-03,1.581249386072158813e-02,1.656482927501201630e-02,5.222690757364034653e-03,3.648830205202102661e-02,1.279433199670165777e-04,1.084170117974281311e-02,-2.435688301920890808e-02,2.583468519151210785e-02,-2.670793235301971436e-02,-4.947281908243894577e-03,1.342785637825727463e-02,1.902671530842781067e-03,6.324325688183307648e-03,3.400626592338085175e-03,-5.107824876904487610e-02,-1.866062358021736145e-02,-1.500641927123069763e-02,-3.361330553889274597e-02,1.174181792885065079e-02,2.477335371077060699e-02,-1.555723696947097778e-02,-1.962791197001934052e-02,-7.899529300630092621e-03,-2.040375955402851105e-03,-9.155661799013614655e-03,4.708818159997463226e-03,-1.414660643786191940e-02,3.280723094940185547e-02,-1.952043548226356506e-02,1.977569237351417542e-02,2.093106694519519806e-02,-2.506891451776027679e-02,2.492113504558801651e-03,6.415009032934904099e-03,-1.862031966447830200e-02,-1.520793791860342026e-02,1.620209589600563049e-02,-2.139455871656537056e-03,-9.585568681359291077e-03,9.572134353220462799e-03,1.390478387475013733e-02,-1.210455130785703659e-02,4.970792308449745178e-02,-1.189631503075361252e-02,-6.217688787728548050e-04,-6.344477646052837372e-03,3.983351401984691620e-03,3.728094277903437614e-03,2.832008153200149536e-02,-2.275480888783931732e-03,2.068924345076084137e-02,-2.083702385425567627e-02,4.084110725671052933e-03,-3.701225155964493752e-03,3.106073476374149323e-02,1.490398077294230461e-03,2.175057493150234222e-02,-8.866818621754646301e-03,-3.096669213846325874e-03,8.027157746255397797e-04,-8.102727588266134262e-04,2.297312207520008087e-02,1.307184062898159027e-02,-5.807094741612672806e-03,7.698011118918657303e-03,1.875466480851173401e-02,4.164718091487884521e-03,-1.401226036250591278e-02,1.613492332398891449e-02,-1.147984340786933899e-02,2.371202409267425537e-02,1.672604493796825409e-02,1.186944637447595596e-02,1.051255408674478531e-02,-1.729029603302478790e-02,8.195090107619762421e-03,1.257476117461919785e-02,1.785454899072647095e-02,-2.040711790323257446e-02,-1.986973546445369720e-02,-5.739250034093856812e-02,-3.350582718849182129e-02,-1.353533379733562469e-02,2.931424044072628021e-02,7.986853830516338348e-03,-6.818046327680349350e-03,8.826514706015586853e-03,6.569506600499153137e-03,-4.208380356431007385e-03,-3.244449617341160774e-03,2.409826731309294701e-03,1.441529765725135803e-02,-1.240682881325483322e-02,-4.648362472653388977e-02,2.316120639443397522e-02,-1.125817280262708664e-02,7.355429232120513916e-03,5.306656938046216965e-03,-1.522137224674224854e-02,-2.141471020877361298e-02,6.636679638177156448e-03,2.050871698884293437e-04,4.856598563492298126e-03,-1.373013481497764587e-02,1.379730738699436188e-02,1.011623442173004150e-02,-3.302218392491340637e-02,1.970851980149745941e-02,-1.578562520444393158e-02,6.159752141684293747e-03,2.062207087874412537e-02,-5.726487375795841217e-03,-7.671141996979713440e-03,3.232358396053314209e-02,3.926254343241453171e-03,3.828853741288185120e-02,-5.733204539865255356e-03,-7.200931664556264877e-03,7.718162611126899719e-03,1.328007690608501434e-02,-3.200787352398037910e-03,-3.890652582049369812e-02,-1.282162149436771870e-03,-2.854846883565187454e-03,-1.444216724485158920e-02,3.299867268651723862e-03,-7.100382208591327071e-05,1.203737873584032059e-02,2.692288719117641449e-02,-3.115141764283180237e-03,-4.225173499435186386e-03,1.672604493796825409e-02,2.377919619902968407e-03,3.640769422054290771e-02,-1.718785846605896950e-03,1.960104331374168396e-02,-3.296844288706779480e-02,-3.584344312548637390e-02,3.022779244929552078e-03,3.768397960811853409e-03,-1.535571832209825516e-02,2.832008153200149536e-02,7.796251447871327400e-04,-9.585568681359291077e-03,1.303153671324253082e-02,1.323977299034595490e-02,1.187616307288408279e-02,9.894563816487789154e-03,-2.966353856027126312e-02,-1.984286494553089142e-02,-3.261914476752281189e-02,-7.281539030373096466e-03,1.542289089411497116e-02,-5.454436875879764557e-03,-2.625115774571895599e-02,-1.784111373126506805e-02,-1.684695668518543243e-02,-2.896494232118129730e-02,-6.959109567105770111e-03,-1.084170117974281311e-02,-6.730721797794103622e-03,-4.349443130195140839e-03,-1.253445725888013840e-02,-7.328560110181570053e-03,-1.960104331374168396e-02,1.778737641870975494e-02,-7.294973824173212051e-03,2.563316747546195984e-02,-8.853384293615818024e-03,-1.532884873449802399e-02,5.484664812684059143e-03,-2.446771832183003426e-03,-3.580313874408602715e-03,2.645267546176910400e-02,1.115741394460201263e-02,6.700493860989809036e-03,-7.724880240857601166e-03,-1.025057956576347351e-02,-2.240886911749839783e-02,8.504085242748260498e-03,1.282330136746168137e-02,-1.497954968363046646e-02,1.368983089923858643e-02,-8.782852673903107643e-04,4.150024033151566982e-04,-1.980256289243698120e-02,-1.213813759386539459e-02,-1.508030924014747143e-03,2.550889737904071808e-03,1.032446976751089096e-02,-2.391354180872440338e-02,-1.330022793263196945e-02,6.666907574981451035e-03,9.312846511602401733e-02,4.147924948483705521e-03,1.452277414500713348e-02,-7.026282139122486115e-03,1.240011211484670639e-02,4.063958767801523209e-03,-3.318339958786964417e-02,-2.437031641602516174e-02,2.700349316000938416e-03,-2.869625017046928406e-02,-9.142227470874786377e-03,9.740065783262252808e-03,1.757242344319820404e-02,-2.420910261571407318e-02,-1.547662913799285889e-02,2.447779476642608643e-02,1.840536599047482014e-03,-1.136900857090950012e-03,1.516763400286436081e-02,3.654204076156020164e-03,-2.713784016668796539e-02,9.001164697110652924e-03,-3.427495714277029037e-03,1.939952559769153595e-02,-9.504960849881172180e-03,-1.439178711734712124e-03,1.094246096909046173e-02,2.829321287572383881e-02,-1.440186332911252975e-02,1.776050776243209839e-02,1.471085846424102783e-02,1.813667453825473785e-02,6.404933054000139236e-03,1.738433912396430969e-02,-2.396728098392486572e-02,3.057708963751792908e-02,1.872443710453808308e-03,3.689134120941162109e-02,2.328211627900600433e-02,-3.122195042669773102e-02,-1.349502988159656525e-02,-2.132738707587122917e-03,3.353269770741462708e-02,-5.823887884616851807e-03,2.618062542751431465e-03,-2.626459114253520966e-03,2.174721565097570419e-03,3.124881908297538757e-02,-1.362265832722187042e-02,-1.837849803268909454e-02,4.213082417845726013e-02,-1.618866249918937683e-02,-3.385512530803680420e-02,6.972543895244598389e-03,-2.253649756312370300e-03,-1.996713457629084587e-03,-1.667230576276779175e-02,8.806363679468631744e-03,-9.209400042891502380e-03,-1.121786888688802719e-02,-3.613900393247604370e-02,-2.363141626119613647e-02,-1.507359184324741364e-02,-2.349706925451755524e-02,-1.687382534146308899e-02,-1.178883854299783707e-02,-2.044742181897163391e-02,-3.835570998489856720e-03,2.639893908053636551e-03,-3.320019226521253586e-03,-9.666175581514835358e-03,-4.900260828435420990e-03,-3.694507852196693420e-02,8.369739167392253876e-03,4.726283252239227295e-02,1.786798425018787384e-02,-1.859345100820064545e-02,-1.363609265536069870e-02,-8.759342133998870850e-03,8.826514706015586853e-03,-1.078124623745679855e-03,-4.823012277483940125e-03,9.766935370862483978e-03,-1.365624461323022842e-02,-3.353269770741462708e-02,2.451809681951999664e-02,-7.603968959301710129e-03,-1.853971183300018311e-02,1.848597452044487000e-02,4.332649987190961838e-04,-1.082322909496724606e-03,2.196552930399775505e-03,9.981888346374034882e-03,-1.080643502064049244e-03,1.618026522919535637e-03,1.661856845021247864e-02,8.007005788385868073e-03,4.131131339818239212e-03,-1.149999536573886871e-02,7.435196894221007824e-04,-8.174938149750232697e-03,3.321698401123285294e-03,-5.084146396256983280e-04,-2.427627518773078918e-02,2.008468843996524811e-02,1.223889738321304321e-02,7.170703611336648464e-04,1.417347602546215057e-02,-1.782768033444881439e-02,-1.496611535549163818e-02,1.209111697971820831e-02,-2.669449895620346069e-02,1.937265507876873016e-02,-2.193865925073623657e-02,-8.416760712862014771e-03,4.601341672241687775e-03,-2.626039495225995779e-04,3.380138799548149109e-02,2.596903219819068909e-02,-4.712176974862813950e-03,-6.247077137231826782e-03,-4.691353440284729004e-02,4.994974657893180847e-02,-8.947426453232765198e-03,-1.703503914177417755e-02,1.370326499454677105e-03,-1.004906184971332550e-02,-4.500582348555326462e-03,2.349371090531349182e-03,9.101923555135726929e-03,-1.100291591137647629e-02,7.523361593484878540e-03,-3.667638637125492096e-03,-6.388139910995960236e-03,-2.641237340867519379e-02,-2.243573777377605438e-03,-2.799765206873416901e-02,-2.293953439220786095e-03,-3.141003474593162537e-02,-6.438519805669784546e-03,-1.624239981174468994e-02,4.997661337256431580e-03,-7.476340513676404953e-03,-3.369391337037086487e-02,-3.146377205848693848e-02,-4.629554226994514465e-02,-1.811988186091184616e-03,1.738433912396430969e-02,3.839601203799247742e-02,1.413317210972309113e-02,-8.329436182975769043e-03,1.895618438720703125e-02,-2.145501412451267242e-02,1.645735278725624084e-02,2.149531804025173187e-02,-2.807825990021228790e-02,-1.053270604461431503e-02,-1.263689598999917507e-03,4.164718091487884521e-02,1.773363724350929260e-02,2.532417140901088715e-02,2.400758303701877594e-02,-2.512265462428331375e-03,-2.451809705235064030e-04,-3.562261408660560846e-04,-1.727686263620853424e-02,8.772776462137699127e-03,-2.087732776999473572e-02,-1.949356682598590851e-02,1.954730600118637085e-03,1.170151401311159134e-02,7.080020383000373840e-03,1.575875468552112579e-02,2.062207087874412537e-03,2.829321287572383881e-02,1.594683900475502014e-02,7.625170110259205103e-05,-7.919681258499622345e-03,-2.359111234545707703e-02,-1.980256289243698120e-02,-5.447719711810350418e-03,-9.236269630491733551e-03,1.656482927501201630e-02,5.315053276717662811e-04,4.278911743313074112e-03,1.151342969387769699e-02,1.023714523762464523e-02,-1.910396479070186615e-02,-1.349754893453791738e-04,-1.053270604461431503e-02,3.366704285144805908e-02,-1.414660643786191940e-02,1.049911975860595703e-02,1.247400231659412384e-02,1.598714268766343594e-03,-1.916106091812252998e-03,1.878153532743453979e-02,7.711445447057485580e-03,9.084081102628260851e-05,2.447779476642608643e-02,9.444505907595157623e-03,2.124006114900112152e-02,-2.029964141547679901e-02,4.050523974001407623e-03,-1.735747046768665314e-02,2.119975723326206207e-02,-1.338755339384078979e-02,1.260331016965210438e-03,-6.737438961863517761e-03,7.603968959301710129e-03,-8.376456797122955322e-03,4.255401436239480972e-03,-1.612148806452751160e-02,-3.896026313304901123e-02,2.326868288218975067e-02,1.377043873071670532e-02,-1.381074171513319016e-02,3.862440120428800583e-03,-7.012847810983657837e-03,-4.346084780991077423e-03,1.602744683623313904e-02,1.803591614589095116e-03,3.071143664419651031e-02,-1.075437664985656738e-02,-9.001164697110652924e-03,-5.367112345993518829e-03,-1.581081422045826912e-03,-3.014718368649482727e-02,1.742464303970336914e-02,3.677714616060256958e-03,3.922895528376102448e-03,2.244917303323745728e-02,2.222078479826450348e-02,-4.581189714372158051e-03,-3.424137132242321968e-03,2.090419642627239227e-02,3.699881583452224731e-02,-5.205897614359855652e-03,-2.746026962995529175e-02,1.550014014355838299e-03,8.577975444495677948e-03,-1.789485290646553040e-02,1.673947833478450775e-02,-8.624996989965438843e-03,2.559286355972290039e-02,1.703671878203749657e-03,-1.422721426934003830e-02,-2.334928885102272034e-02,-2.712440490722656250e-02,-5.394821055233478546e-04,-1.205752976238727570e-02,1.118428260087966919e-02,-3.407343756407499313e-03,1.135221496224403381e-02,9.498244151473045349e-03,4.372953902930021286e-03,3.014718368649482727e-02,4.352801945060491562e-03,-1.171494834125041962e-02,5.666031502187252045e-03,-6.804611533880233765e-03,1.781424507498741150e-02,2.827977761626243591e-03,-3.941703960299491882e-02,1.287703961133956909e-02,1.237324252724647522e-02,-2.165653370320796967e-02,-7.026282139122486115e-03,-1.311214454472064972e-02,1.833819411695003510e-02,-2.926050312817096710e-02,-1.510046143084764481e-02,-1.802919805049896240e-02,1.146640907973051071e-02,1.929204910993576050e-02,6.156393326818943024e-03,5.390622653067111969e-03,1.748173963278532028e-03,-2.690945193171501160e-02,-5.521609913557767868e-03,7.906246930360794067e-03,1.338755339384078979e-02,1.513908617198467255e-03,-2.680197544395923615e-02,-3.197428537532687187e-03,-2.775583043694496155e-02,3.527919203042984009e-02,-1.239339448511600494e-02,-9.009561035782098770e-04,-8.819798007607460022e-03,-2.528386749327182770e-02,-3.482241556048393250e-02,-1.173510029911994934e-02,1.112382765859365463e-02,-2.883395412936806679e-03,-1.957459462573751807e-04,5.803735926747322083e-03,5.207240954041481018e-02,-2.684227935969829559e-02,1.082826685160398483e-02,-4.288987722247838974e-03,-1.628270372748374939e-02,-7.187497336417436600e-03,1.027744961902499199e-03,1.563784480094909668e-02,2.146173268556594849e-03,4.994302988052368164e-03,-3.654204308986663818e-02,3.936330322176218033e-03,-1.142610516399145126e-02,1.183586008846759796e-02,1.489894278347492218e-02,2.559286355972290039e-02,-2.021903358399868011e-02,-8.766059763729572296e-03,1.414660643786191940e-02,1.539602223783731461e-02,-5.481305997818708420e-03,-2.552569098770618439e-02,1.886214129626750946e-02,-5.017813295125961304e-03,2.250291174277663231e-03,1.939952559769153595e-02,-1.432125549763441086e-02,1.108352374285459518e-02,3.844974935054779053e-02,1.003562659025192261e-02,1.203737873584032059e-02,-1.274269353598356247e-02,-1.203066110610961914e-02,1.578562520444393158e-02,-2.016865415498614311e-03,-3.866470232605934143e-02,-1.214485522359609604e-02,1.425744150765240192e-03,-2.719157747924327850e-02,9.827391244471073151e-03,1.293077785521745682e-02,-9.625872597098350525e-03,-3.718690201640129089e-02,1.260163076221942902e-02,1.070063840597867966e-02,7.980137132108211517e-03,-1.913083344697952271e-02,3.953123465180397034e-03,-4.728970117866992950e-03,1.221874542534351349e-02,1.420034468173980713e-02,-1.538258697837591171e-02,-1.586623117327690125e-02,-1.178883854299783707e-02,4.710161685943603516e-02,-6.018689367920160294e-03,-2.188492193818092346e-02,-1.924502779729664326e-03,-9.337029419839382172e-03,-3.807358443737030029e-02,-3.694507759064435959e-03,3.590389853343367577e-03,1.792172156274318695e-02,4.288316145539283752e-02,1.323977299034595490e-02,5.115214269608259201e-03,2.455840073525905609e-02,-6.270587444305419922e-03,1.562440954148769379e-02,-3.028153069317340851e-02,-1.551693305373191833e-02,-1.189799513667821884e-03,-3.947077691555023193e-02,9.555340511724352837e-04,1.613492332398891449e-02,-8.839949965476989746e-03,-1.197692286223173141e-02,3.267288580536842346e-02,-1.679321750998497009e-02,2.120983321219682693e-03,2.232826128602027893e-02,9.424353949725627899e-03,-5.988461431115865707e-03,-9.545264765620231628e-03,-1.469742413610219955e-02,2.668442204594612122e-03,5.958233494311571121e-03,8.322718553245067596e-03,-4.728969931602478027e-02,5.954875145107507706e-03,5.978385452181100845e-03,2.485396107658743858e-03,-3.057708963751792908e-02,-1.168136205524206161e-02,2.015186101198196411e-02,-2.237696171505376697e-04,-1.003562659025192261e-02,-1.309870928525924683e-02,-9.028033353388309479e-03,-1.070063840597867966e-02,-5.891060922294855118e-03,1.114230020903050900e-03,1.070063840597867966e-02,-5.252918228507041931e-03,1.116749015636742115e-03,-8.658583275973796844e-03,1.743807643651962280e-02,6.035482510924339294e-03,1.685199327766895294e-03,4.974990733899176121e-04,4.312498122453689575e-02,-1.981599628925323486e-02,-2.025933749973773956e-02,-3.432533703744411469e-03,-2.450130414217710495e-03,1.156716793775558472e-02,-1.808293722569942474e-02,8.819798007607460022e-03,-3.966557793319225311e-03,-2.206628676503896713e-03,-3.046961314976215363e-02,3.965886309742927551e-02,2.767522260546684265e-02,1.578562427312135696e-03,1.611309242434799671e-03,-1.059652073308825493e-03,2.399414964020252228e-02,-1.672604493796825409e-02,-2.105197682976722717e-02,-5.152159370481967926e-03,-3.098348621279001236e-03,-1.258147880434989929e-02,2.743340097367763519e-02,2.670121612027287483e-03,-8.195090107619762421e-03,-2.024590224027633667e-02,1.068048644810914993e-02,-3.052335232496261597e-02,3.039572387933731079e-03,1.905560046434402466e-01,-1.101635047234594822e-03,6.566148251295089722e-03,2.944858558475971222e-02,2.891120314598083496e-02,-2.493456937372684479e-02,1.888901181519031525e-02,2.924118889495730400e-04,-1.029088348150253296e-02,8.188372477889060974e-03,-1.611309242434799671e-03,-6.650113966315984726e-03,-2.617054991424083710e-02,1.355548482388257980e-02,-1.328007690608501434e-02,-3.769741579890251160e-02,-1.833819411695003510e-02,-1.882183738052845001e-02,-2.308059856295585632e-02,-1.667230576276779175e-02,3.009344637393951416e-02,-1.067376881837844849e-02,-2.441062033176422119e-02,-2.415536344051361084e-02,3.844974935054779053e-02,-1.215828931890428066e-03,8.739190176129341125e-03,-2.007125318050384521e-02,1.888901181519031525e-02,2.690273337066173553e-03,-2.029964141547679901e-02,-9.545264765620231628e-03,2.676838776096701622e-03,1.601401157677173615e-02,-2.166996710002422333e-02,-1.754555292427539825e-02,4.205021634697914124e-02,-2.625115774571895599e-02,1.887557655572891235e-02,1.087360782548785210e-03,1.413317210972309113e-02,2.458526985719799995e-03,-1.220531016588211060e-02,-9.807239286601543427e-03,-3.499706508591771126e-03,1.483176928013563156e-02,2.686914755031466484e-03,-1.169479638338088989e-02,9.328632149845361710e-04,2.542493166401982307e-03,-3.267288580536842346e-02,1.478642807342112064e-03,3.159811720252037048e-02,-4.618134698830544949e-04,1.365624461323022842e-02,-2.134753763675689697e-02,-1.612148806452751160e-02,8.148069493472576141e-03,-9.296725504100322723e-03,-3.041251795366406441e-03,-1.753211952745914459e-02,1.299123279750347137e-02,-2.017872966825962067e-02,2.926050312817096710e-02,-8.900404907763004303e-03,1.313229650259017944e-02,-2.754087746143341064e-02,2.035338059067726135e-02,1.578562520444393158e-02,-2.613024599850177765e-02,-1.141938753426074982e-02,2.953927032649517059e-03,2.742332406342029572e-03,1.523480657488107681e-02,-5.333526059985160828e-03,-1.338083576411008835e-02,2.015186101198196411e-02,1.205081306397914886e-02,3.269975259900093079e-02,1.360922306776046753e-02,-1.282330136746168137e-02,-4.110979661345481873e-02,1.328679360449314117e-02,1.899312948808073997e-03,-1.561097521334886551e-02,-2.939484827220439911e-02,3.801984479650855064e-03,1.005577854812145233e-02,2.596231410279870033e-03,1.235980819910764694e-02,7.187497336417436600e-03,-1.921144127845764160e-02,-1.412309589795768261e-03,-2.380606532096862793e-02,-2.913623349741101265e-03,1.840536668896675110e-02,2.886753994971513748e-03,1.458994764834642410e-02,-1.668574102222919464e-02,2.567347139120101929e-02,-1.280314940959215164e-02,-2.874998934566974640e-02,1.434812508523464203e-02,8.886970579624176025e-03,-3.912819549441337585e-03,-1.981599628925323486e-02,1.652452535927295685e-02,3.449998795986175537e-02,2.484052814543247223e-02,-1.952043548226356506e-02,-2.209987491369247437e-02,3.332404230604879558e-05,9.612437337636947632e-03,-2.836479325196705759e-05,1.346144359558820724e-02,7.818922400474548340e-03,-1.410630252212285995e-02,-8.195090107619762421e-03,1.691412925720214844e-02,2.833015751093626022e-03,-3.131935081910341978e-04,-1.941295899450778961e-02,1.634987629950046539e-02,2.891120314598083496e-02,8.483933284878730774e-03,-1.059547066688537598e-04,-3.304905071854591370e-02,-7.073303218930959702e-03,8.080895990133285522e-03,-2.508234977722167969e-02,1.129847671836614609e-02,-2.414864720776677132e-03,9.713197126984596252e-03,7.053151261061429977e-03,-4.191587213426828384e-03,3.060396015644073486e-02,2.767522260546684265e-02,-1.337411813437938690e-02,-2.224765531718730927e-02,3.061403520405292511e-03,3.983351401984691620e-03,-1.715427148155868053e-03,2.587834838777780533e-03,-3.613900393247604370e-03,-1.640361547470092773e-02,-3.818777622655034065e-03,1.577218994498252869e-02,-8.954143151640892029e-03,-2.265405142679810524e-03,-1.914426870644092560e-02,-7.476340513676404953e-03,-4.997661337256431580e-03,-1.559250289574265480e-03,-5.881824181415140629e-04,2.813199721276760101e-02,-4.403181839734315872e-03,-1.733059994876384735e-02,-3.186681121587753296e-02,7.254669908434152603e-03,4.264133796095848083e-02,-5.911212414503097534e-02,1.378387305885553360e-02,1.891588047146797180e-02,-1.714251562952995300e-02,-1.021027658134698868e-02,4.880108870565891266e-03,-1.701354384422302246e-01,2.168340235948562622e-02,2.115945331752300262e-02,-7.536795921623706818e-03,3.535979986190795898e-02,-1.620209589600563049e-02,4.282942041754722595e-02,2.662732638418674469e-02,-1.195005327463150024e-02,6.757590919733047485e-03,2.016529627144336700e-02,2.850648597814142704e-04,-1.190975029021501541e-02,2.294625155627727509e-02,-1.773363724350929260e-02,-1.675291359424591064e-02,-6.040184572339057922e-02,-4.003502894192934036e-03,1.900992169976234436e-02,2.420910261571407318e-02,1.637674495577812195e-02,-3.912819549441337585e-03,4.238608293235301971e-03,-3.049648366868495941e-02,1.554380171000957489e-02,1.251430530101060867e-02,1.953051192685961723e-03,-6.213490385562181473e-03,5.316732451319694519e-03,-3.444624692201614380e-02,-8.430195041000843048e-03,1.310710678808391094e-03,3.103386610746383667e-02,4.386388231068849564e-03,-7.966702803969383240e-03,1.354205049574375153e-02,-6.918805651366710663e-03,1.581249386072158813e-02,-8.114482276141643524e-03,7.785335648804903030e-03,2.657358720898628235e-02,3.721376881003379822e-02,1.207768172025680542e-02,-1.765302941203117371e-02,1.457651238888502121e-02,3.098012693226337433e-02,2.231482788920402527e-02,1.531541463918983936e-03,3.433877229690551758e-02,-2.287907898426055908e-02,6.525844335556030273e-03,-1.069727935828268528e-03,-9.975171647965908051e-03,4.419974982738494873e-03,-5.545120220631361008e-03,2.279847301542758942e-02,-1.491237711161375046e-02,2.729905396699905396e-02,6.676983088254928589e-03,-3.124881908297538757e-02,-1.958760805428028107e-02,-6.428443826735019684e-03,3.127568960189819336e-02,-1.755898818373680115e-02,1.531541463918983936e-03,-1.673947833478450775e-02,-4.211739171296358109e-03,-2.282534167170524597e-02,-6.042199674993753433e-03,2.239543572068214417e-02,-2.269099466502666473e-02,-4.825698956847190857e-02,-1.064690016210079193e-02,-1.938609033823013306e-02,9.672893211245536804e-03,3.247808199375867844e-03,-2.586155571043491364e-02,1.316588278859853745e-02,-2.045413944870233536e-03,-4.121055360883474350e-03,1.106337178498506546e-02,1.633644290268421173e-02,-6.324325688183307648e-03,-1.479146629571914673e-02,-1.349502988159656525e-02,-1.077452860772609711e-02,5.635804031044244766e-03,6.865067407488822937e-03,-1.231782487593591213e-03,8.483933284878730774e-03,4.134490154683589935e-03,-1.132534630596637726e-02,-1.445560157299041748e-02,-2.939484827220439911e-02,2.197896316647529602e-02,7.630838081240653992e-03,-1.613198401173576713e-04,6.062351632863283157e-03,2.059520222246646881e-02,5.011096131056547165e-03,-2.643252490088343620e-03,-1.577218994498252869e-02,-3.683760017156600952e-02,3.627334907650947571e-02,2.649297937750816345e-02,-1.585279777646064758e-02,2.598246559500694275e-02,1.156716793775558472e-02,5.054086819291114807e-02,1.667230576276779175e-02,-1.708877831697463989e-02,3.235045447945594788e-02,2.193865925073623657e-02,1.639018021523952484e-02,1.189631503075361252e-02,1.703503914177417755e-02,-1.409286819398403168e-02,-1.629613898694515228e-02,1.863375492393970490e-02,-1.240682881325483322e-02,3.576283529400825500e-02,1.082826685160398483e-02,-1.837849803268909454e-02,2.278503775596618652e-02,-1.763287815265357494e-03,-1.123802084475755692e-02,-1.338083595037460327e-01,-3.869157284498214722e-02,5.592141300439834595e-03,1.153358165174722672e-02,9.290007874369621277e-03,1.902335695922374725e-02,2.618062542751431465e-03,-7.167345378547906876e-03,-4.828386008739471436e-02,3.275348991155624390e-02,1.425408292561769485e-02,-3.157125040888786316e-02,2.414864720776677132e-03,1.872779615223407745e-02,-4.608058836311101913e-03,1.623904099687933922e-03,1.819041371345520020e-02,-2.246260829269886017e-02,-3.939017280936241150e-02,1.096261199563741684e-02,-1.827102154493331909e-02,9.914715774357318878e-03,1.252102293074131012e-02,-3.033526800572872162e-02,2.344333194196224213e-02,-2.880036772694438696e-04,-2.696318924427032471e-02,1.316588278859853745e-02,3.742872178554534912e-02,1.710221357643604279e-02,1.183921820484101772e-03,1.840536668896675110e-02,1.448247116059064865e-02,-1.724999397993087769e-02,9.827391244471073151e-03,-1.092902570962905884e-02,-5.680137872695922852e-02,3.452685428783297539e-03,3.335132962092757225e-03,-1.539602223783731461e-02,8.698886260390281677e-03,2.089076302945613861e-02,-4.483789205551147461e-03,-1.743807643651962280e-02,-1.308527495712041855e-02,-5.289863329380750656e-03,-1.010280009359121323e-02,1.997721195220947266e-02,2.097137086093425751e-02,1.035805698484182358e-02,-9.995322674512863159e-03,-3.914834931492805481e-02,1.475284108892083168e-03,-3.003970719873905182e-02,1.468398980796337128e-02,-2.840068936347961426e-02,-1.096597057767212391e-03,8.631713688373565674e-03,-7.980137132108211517e-03,-3.781832521781325340e-03,-1.532884873449802399e-02,8.913840167224407196e-03,-1.325992494821548462e-02,3.767054527997970581e-02,2.330898540094494820e-03,1.190639100968837738e-03,-9.397484362125396729e-03,-1.774707250297069550e-02,3.073830530047416687e-02,-2.528386749327182770e-02,9.209400042891502380e-03,1.507359184324741364e-02,-1.311886124312877655e-02,2.020560018718242645e-02,-2.939484827220439911e-02,-1.319107250310480595e-03,-1.862031966447830200e-02,-3.154437988996505737e-02,-4.023654852062463760e-03,-2.387323789298534393e-02,-1.688725873827934265e-02,-2.477335371077060699e-02,4.732328932732343674e-03,-2.384636923670768738e-02,4.691353440284729004e-02,2.764835394918918610e-02,5.454436875879764557e-03,2.562644891440868378e-03,-1.464368589222431183e-02,-2.321494370698928833e-02,-9.451222606003284454e-03,-1.586623117327690125e-02,1.284345239400863647e-02,-9.337029419839382172e-03,-6.509051192551851273e-03,9.017958072945475578e-04,-3.724735695868730545e-03,-2.518982626497745514e-03,-3.953123465180397034e-03,-1.853971160016953945e-03,-1.021027658134698868e-02,-1.309870928525924683e-02,-3.828853741288185120e-02,1.792172156274318695e-02,-8.154786191880702972e-03,-3.804671391844749451e-02,2.164309844374656677e-02,-2.050115913152694702e-02,1.100963354110717773e-02,-2.336272411048412323e-02,-2.244917303323745728e-02,-1.716266851872205734e-03,-1.252774056047201157e-02,1.084841880947351456e-02,2.301342599093914032e-02,-1.145297475159168243e-02,-2.376576140522956848e-02,3.236053045839071274e-03,7.912964560091495514e-03,8.262262679636478424e-03,5.619010422378778458e-03,3.393573313951492310e-02,9.578851051628589630e-03,1.659169979393482208e-02,4.100903868675231934e-03,1.879496872425079346e-02,-1.876810006797313690e-02,1.414660643786191940e-02,-1.653796061873435974e-02,5.155517719686031342e-03,-1.619705813936889172e-03,-1.140595320612192154e-02,-1.246728468686342239e-02,-1.894274912774562836e-02,1.174853462725877762e-02,8.316000923514366150e-03,-2.896829973906278610e-03,-7.691293489187955856e-03,6.905370857566595078e-03,3.159811720252037048e-02,2.146844938397407532e-02,3.697194904088973999e-02,-2.098480425775051117e-02,-4.135162010788917542e-02,3.143690293654799461e-03,2.084038220345973969e-03,-2.201926708221435547e-02,-2.756774611771106720e-02,-2.840068936347961426e-02,1.763959601521492004e-02,1.441529765725135803e-02,6.791177205741405487e-03,1.887557655572891235e-02,4.446844011545181274e-02,7.120324298739433289e-04,-1.544976048171520233e-02,-2.403445355594158173e-02,-2.130723372101783752e-02,2.020560018718242645e-02,1.837849803268909454e-02,7.778618484735488892e-03,-2.966353856027126312e-02,2.059520222246646881e-02,7.966702803969383240e-03,-6.734080379828810692e-04,1.136900857090950012e-03,9.059940930455923080e-04,4.027013666927814484e-03,-1.804263330996036530e-02,1.577218994498252869e-02,5.763432476669549942e-03,5.276429001241922379e-03,-8.564541116356849670e-03,-8.483933284878730774e-03,1.784111373126506805e-02,-9.714876068755984306e-04,-1.133878063410520554e-02,7.821440813131630421e-04,-1.784111373126506805e-02,-7.951588486321270466e-04,-1.315916515886783600e-02,1.383761130273342133e-02,2.341646328568458557e-02,-3.520278260111808777e-04,-1.676634885370731354e-02,2.446435950696468353e-02,-1.285017002373933792e-02,6.404933054000139236e-03,7.839074358344078064e-03,-1.437499467283487320e-02,1.401226036250591278e-02,6.267228629440069199e-03,-2.418223302811384201e-03,1.454964373260736465e-02,6.891936529427766800e-03,-4.168076440691947937e-03,7.933115586638450623e-03,6.304173730313777924e-03,-1.074094232171773911e-02,3.836914524435997009e-02,-3.634052351117134094e-03,3.909461200237274170e-02,-4.547603428363800049e-03,-4.819653462618589401e-03,3.677714616060256958e-03,-1.174181792885065079e-02,-1.026065554469823837e-03,2.392697706818580627e-02,-2.743340097367763519e-02,-2.955606207251548767e-02,-9.189249016344547272e-03,-2.883395412936806679e-03,-9.075054898858070374e-03,-1.020355895161628723e-02,-1.387791521847248077e-02,3.709201992023736238e-04,3.333453787490725517e-04,2.966353856027126312e-02,-1.174853462725877762e-02,-1.102306786924600601e-02,-2.647954598069190979e-02,2.904554829001426697e-02,1.019012462347745895e-02,1.747838035225868225e-02,2.736622653901576996e-02,-2.440054435282945633e-03,1.632300764322280884e-02,-1.805606670677661896e-02,-2.799765206873416901e-02,-5.313374102115631104e-03,-6.468747276812791824e-03,-2.926050312817096710e-02,8.833232335746288300e-03,-3.647486912086606026e-03,3.906102385371923447e-03,-2.340302802622318268e-02,-1.047896780073642731e-02,-2.346012508496642113e-03,-3.861096501350402832e-02,2.461213991045951843e-02,-1.491237711161375046e-02,4.712848737835884094e-02,2.858877368271350861e-02,8.416760712862014771e-03,3.576955292373895645e-03,6.045558489859104156e-03,3.613900393247604370e-03,-8.772776462137699127e-03,1.010951679199934006e-02,2.663404215127229691e-03,-4.304437339305877686e-02,1.305168867111206055e-02,6.419207202270627022e-04,2.481365762650966644e-02,-1.658330293139442801e-04,-2.261038869619369507e-02,-8.302566595375537872e-03,-1.587966643273830414e-02,1.041851192712783813e-02,-4.003503173589706421e-02,1.385104563087224960e-02,1.660513319075107574e-02,1.127832476049661636e-02,1.724999397993087769e-02,-4.147924948483705521e-03,-1.575875468552112579e-02,-3.355956450104713440e-02,1.285688765347003937e-02,1.097604725509881973e-02,-8.342870511114597321e-03,-2.486739680171012878e-02,1.170823164284229279e-02,1.695443317294120789e-02,-4.296376928687095642e-02,1.791836344636976719e-03,1.257812022231519222e-03,-1.301810238510370255e-02,-1.922487467527389526e-02,-1.175525225698947906e-02,-5.645879544317722321e-03,6.388139910995960236e-03,-8.127917535603046417e-03,2.072954736649990082e-02,-1.453620940446853638e-02,-5.054086819291114807e-02,1.694099791347980499e-02,1.909052953124046326e-02,-2.574064396321773529e-02,3.847745829261839390e-04,-2.334928885102272034e-02
-1.612293347716331482e-02,-8.579175919294357300e-03,-1.224347949028015137e-02,1.169215235859155655e-02,-8.162319660186767578e-03,2.249680459499359131e-02,-2.993298694491386414e-02,-1.283514592796564102e-02,2.218752354383468628e-02,-8.286703960038721561e-04,1.748107932507991791e-02,1.594812236726284027e-02,5.325005855411291122e-03,-7.039496209472417831e-03,6.851238198578357697e-03,2.217407710850238800e-02,1.060967054218053818e-02,1.402520481497049332e-02,-1.216952037066221237e-02,-8.592623285949230194e-03,3.660941496491432190e-03,-3.348299069330096245e-03,-1.115259248763322830e-03,-6.629363168030977249e-03,-9.453229606151580811e-03,-1.975362002849578857e-02,2.756631746888160706e-02,-3.827011585235595703e-02,-1.166525855660438538e-02,-8.868286386132240295e-03,-7.510140538215637207e-03,-2.423146553337574005e-02,-2.466176822781562805e-02,-1.394452247768640518e-02,-1.917539909482002258e-02,-1.699698716402053833e-02,-1.573297195136547089e-02,5.230876617133617401e-03,1.944433897733688354e-02,-2.593923173844814301e-02,-3.007081802934408188e-03,2.112521231174468994e-02,8.787604048848152161e-03,-8.787604048848152161e-03,-4.606936872005462646e-02,5.765394307672977448e-03,8.014402352273464203e-03,-2.039907500147819519e-02,-3.092806413769721985e-02,9.362462442368268967e-04,3.412844613194465637e-02,7.557204924523830414e-03,-2.752597630023956299e-02,-1.596157066524028778e-02,-2.058733254671096802e-02,8.861562237143516541e-03,-5.422496236860752106e-03,2.027805149555206299e-02,-5.997355096042156219e-03,-1.580020599067211151e-02,1.243846025317907333e-02,2.023771032691001892e-02,-3.805496497079730034e-03,9.439783170819282532e-03,-1.176611147820949554e-02,-2.714946120977401733e-02,-3.432342782616615295e-03,1.079120486974716187e-02,-4.060989245772361755e-02,-2.205305360257625580e-02,1.145683042705059052e-02,2.292710728943347931e-02,-5.163642112165689468e-03,1.885939505882561207e-03,1.710456423461437225e-02,-5.856161471456289291e-03,3.262574551627039909e-03,9.090160951018333435e-03,-1.407899241894483566e-02,-2.111176494508981705e-03,-4.857723135501146317e-03,-2.021081745624542236e-02,-2.679983898997306824e-02,7.073113694787025452e-03,1.244518347084522247e-02,2.203624462708830833e-03,7.039496209472417831e-03,1.936365664005279541e-02,5.745224189013242722e-03,-1.489925850182771683e-02,1.613638177514076233e-02,4.337996989488601685e-02,4.013924859464168549e-03,9.749063290655612946e-03,-6.138548254966735840e-03,-3.171807387843728065e-03,-1.300323382019996643e-02,1.959225535392761230e-02,-9.305313229560852051e-03,-2.070835605263710022e-02,-3.862646175548434258e-03,-9.345654398202896118e-03,8.748943801037967205e-04,-2.680992474779486656e-03,1.364196557551622391e-02,-1.472444739192724228e-02,1.780044520273804665e-03,4.935043398290872574e-03,1.432103849947452545e-02,-6.841153372079133987e-03,-1.036090124398469925e-02,3.843148052692413330e-02,-8.888456970453262329e-03,-1.121478434652090073e-02,1.640531979501247406e-02,-2.593587152659893036e-03,1.738695055246353149e-02,1.078448165208101273e-02,-8.962415158748626709e-03,-1.469755358994007111e-02,-1.491270586848258972e-02,-1.168542914092540741e-02,3.377882391214370728e-02,3.160041291266679764e-03,5.019086878746747971e-03,7.409288082271814346e-03,-3.388639912009239197e-02,-3.180211642757058144e-03,-1.345538883469998837e-03,-6.299911998212337494e-03,8.693475276231765747e-03,1.274101785384118557e-03,2.269850857555866241e-02,-1.886611804366111755e-02,2.815462416037917137e-03,3.708678111433982849e-02,-9.950768202543258667e-03,-1.049537118524312973e-02,6.367146968841552734e-03,-3.098185174167156219e-02,1.485891733318567276e-02,1.894680038094520569e-02,-7.805974222719669342e-03,-3.892901819199323654e-03,1.939727459102869034e-03,1.329906750470399857e-02,9.688552469015121460e-03,2.548203431069850922e-02,-1.582541968673467636e-03,-2.487692050635814667e-02,1.002472639083862305e-02,1.066345814615488052e-02,3.009434975683689117e-02,-1.788448914885520935e-02,1.262671779841184616e-02,8.471599780023097992e-03,3.321405034512281418e-03,2.366669289767742157e-02,-1.294272206723690033e-02,-8.975861594080924988e-03,2.437265822663903236e-03,8.115255273878574371e-03,1.731971651315689087e-02,-1.256452640518546104e-03,1.221658475697040558e-02,3.859284520149230957e-02,6.599107291549444199e-03,-1.395796984434127808e-02,-1.002472639083862305e-02,-9.110331535339355469e-03,2.618127875030040741e-02,2.599302120506763458e-02,6.434381939470767975e-03,2.759321220219135284e-02,2.424659323878586292e-04,1.247880142182111740e-02,1.264016516506671906e-02,1.649945043027400970e-02,-2.601991407573223114e-02,9.540635161101818085e-03,-5.158263072371482849e-02,1.054915878921747208e-02,1.968638412654399872e-02,1.917539909482002258e-02,-7.711845450103282928e-03,-8.585899136960506439e-03,8.881732821464538574e-03,-1.532956212759017944e-02,2.593923173844814301e-02,2.938166027888655663e-03,-3.277702489867806435e-03,-8.263171650469303131e-03,2.675949828699231148e-03,-5.708244629204273224e-03,-6.402915716171264648e-01,1.325872633606195450e-02,-9.621317498385906219e-03,-1.155095919966697693e-02,1.581365428864955902e-02,8.794327266514301300e-03,5.499816499650478363e-03,1.805930025875568390e-02,-2.019737102091312408e-02,1.211909460835158825e-03,-7.483246736228466034e-03,2.043941617012023926e-02,-1.440171990543603897e-02,-1.870475523173809052e-02,-1.149717159569263458e-02,-8.740539662539958954e-03,-1.491270586848258972e-02,-7.597546093165874481e-03,-3.006745688617229462e-02,-1.564892823807895184e-03,-2.437938190996646881e-02,3.598412871360778809e-02,-2.494415501132607460e-03,-1.280825212597846985e-02,2.238922938704490662e-02,-1.440171990543603897e-02,1.410588622093200684e-02,-1.460342481732368469e-02,-8.364024572074413300e-03,1.559850201010704041e-02,-3.022881969809532166e-02,2.928753197193145752e-02,3.832390531897544861e-03,5.684712436050176620e-03,3.681784123182296753e-02,-2.292710728943347931e-02,-4.160496965050697327e-02,1.162491738796234131e-02,2.425836026668548584e-02,1.918884553015232086e-02,-2.966404706239700317e-02,-6.884855683892965317e-03,5.819182377308607101e-03,-1.508751604706048965e-02,-9.446506388485431671e-03,1.342681329697370529e-02,1.163836475461721420e-02,2.116219140589237213e-03,8.996032178401947021e-03,-8.397641591727733612e-03,8.108531124889850616e-03,-3.084738180041313171e-02,-6.575575098395347595e-03,3.130625918856821954e-05,2.630566246807575226e-03,1.017936691641807556e-02,4.499360918998718262e-02,-2.279263734817504883e-02,-1.608259230852127075e-02,4.545080475509166718e-03,1.772312447428703308e-02,2.185134962201118469e-02,-1.534300856292247772e-02,-2.688052132725715637e-02,-1.197453960776329041e-02,5.990631412714719772e-03,-1.301668025553226471e-02,1.662047207355499268e-02,2.815798483788967133e-02,1.488581113517284393e-02,7.429458783008158207e-04,8.404364809393882751e-03,-2.085963496938347816e-03,5.674627143889665604e-03,1.836857944726943970e-02,6.538596004247665405e-03,2.062767371535301208e-02,-1.692975312471389771e-02,-1.727937534451484680e-02,1.510096341371536255e-02,-6.461275741457939148e-03,-1.074414048343896866e-02,-3.149283677339553833e-02,-8.135425858199596405e-03,2.181100845336914062e-02,-2.271195687353610992e-02,-2.558961138129234314e-02,-1.897369511425495148e-02,1.683562435209751129e-02,-1.247207820415496826e-02,9.762510657310485840e-03,5.069512873888015747e-02,3.030950203537940979e-02,-1.779036037623882294e-02,4.403887316584587097e-03,1.016592048108577728e-02,-1.345370803028345108e-02,1.549092587083578110e-02,2.732427231967449188e-02,-1.366213615983724594e-02,-8.935521356761455536e-03,1.185855944640934467e-03,1.283514592796564102e-02,-7.597546093165874481e-03,2.584510296583175659e-02,1.514130458235740662e-02,-2.134036459028720856e-02,-4.555165767669677734e-03,-4.087883047759532928e-03,-1.389073487371206284e-02,2.537445910274982452e-02,-6.978984922170639038e-03,8.787604048848152161e-03,-2.746546408161520958e-03,-1.173249352723360062e-02,-2.928753197193145752e-02,6.027610506862401962e-03,-1.012725988402962685e-03,-2.120589464902877808e-02,-3.724814578890800476e-02,-9.224630892276763916e-03,2.100418880581855774e-02,-8.429578156210482121e-04,-2.962538565043359995e-04,4.847637843340635300e-03,2.745874226093292236e-02,-9.944044984877109528e-03,-1.054915878921747208e-02,-5.298111587762832642e-03,2.400286728516221046e-03,-3.886178368702530861e-03,-1.005834434181451797e-02,2.796972729265689850e-02,-2.751589054241776466e-03,3.636064380407333374e-02,1.452274248003959656e-02,1.605569943785667419e-02,-1.886611804366111755e-02,3.727503865957260132e-02,-2.533411793410778046e-02,9.675105102360248566e-03,1.852994412183761597e-02,1.906109973788261414e-03,-1.112737972289323807e-02,-7.345415069721639156e-04,-4.945800825953483582e-02,-1.464376598596572876e-02,-1.142993662506341934e-02,-3.969549760222434998e-02,2.155551500618457794e-02,2.565684542059898376e-02,-1.228381972759962082e-02,-1.553126703947782516e-02,-1.836857944726943970e-02,1.632463932037353516e-02,-1.189385727047920227e-02,9.580976329743862152e-03,-2.378771454095840454e-02,2.622161991894245148e-02,-5.173726938664913177e-03,2.316915430128574371e-02,-1.581701566465198994e-03,-8.861562237143516541e-03,-5.005639977753162384e-03,-1.204177457839250565e-02,-1.754831406287848949e-03,9.338930249214172363e-03,2.975145354866981506e-03,1.129546668380498886e-02,-2.425499726086854935e-03,7.772356737405061722e-03,1.198126282542943954e-02,-3.966860473155975342e-03,5.074891820549964905e-02,-1.589433476328849792e-02,1.516819838434457779e-02,-1.387728750705718994e-02,-1.256452640518546104e-03,-1.754831406287848949e-03,1.444206107407808304e-02,1.956536201760172844e-03,1.235777884721755981e-02,-1.826100423932075500e-02,1.215607393532991409e-02,9.547358378767967224e-03,5.015725269913673401e-03,1.153078861534595490e-02,1.213590335100889206e-02,-3.259548917412757874e-02,-2.013013511896133423e-02,9.957491420209407806e-03,-6.024248898029327393e-03,1.984774880111217499e-02,1.617672108113765717e-02,4.726614803075790405e-03,-1.015247311443090439e-02,1.935021020472049713e-02,-3.798773046582937241e-03,6.568011594936251640e-04,6.383955944329500198e-03,-4.588783252984285355e-03,1.409243978559970856e-02,1.042813621461391449e-02,-4.178650211542844772e-03,1.830134540796279907e-02,-2.772768214344978333e-02,7.874889997765421867e-04,-8.021126501262187958e-03,4.031405970454216003e-02,-1.972672529518604279e-02,-1.914850622415542603e-02,-5.206672102212905884e-02,-2.799662016332149506e-02,5.795650184154510498e-03,1.053571235388517380e-02,2.312881313264369965e-02,-1.106224590330384672e-04,1.969983242452144623e-02,3.933242987841367722e-03,-1.773657277226448059e-02,2.178831637138500810e-04,-5.906587932258844376e-03,2.576442249119281769e-02,6.710045039653778076e-03,-4.628451913595199585e-02,7.785803638398647308e-03,-1.443029497750103474e-03,2.215390559285879135e-03,-1.298474380746483803e-03,-1.347387768328189850e-02,-5.345175974071025848e-03,-1.337302569299936295e-02,1.709447824396193027e-03,-1.390418130904436111e-02,-7.812697440385818481e-03,2.887739799916744232e-03,9.412889368832111359e-03,-2.346498705446720123e-02,1.757520809769630432e-02,-1.399831008166074753e-02,6.064590066671371460e-03,2.382805570960044861e-02,1.339991949498653412e-02,-1.963259652256965637e-02,3.135836869478225708e-02,1.473789475858211517e-02,3.614549338817596436e-02,1.926280441693961620e-03,1.264856895431876183e-03,2.443989273160696030e-03,8.464876562356948853e-03,5.849438253790140152e-03,-3.536556661128997803e-02,6.404126062989234924e-03,9.236397454515099525e-04,-2.595268003642559052e-02,-6.091483868658542633e-03,2.692758571356534958e-03,1.901403628289699554e-02,1.432103849947452545e-02,1.243846025317907333e-02,1.622042473172768950e-04,1.232416089624166489e-02,2.116555348038673401e-02,3.208450600504875183e-02,-4.692997317761182785e-03,1.092567481100559235e-02,-2.168998494744300842e-02,-2.127312868833541870e-02,-3.839113982394337654e-03,-8.014402352273464203e-03,-4.753509070724248886e-03,3.802807256579399109e-02,1.007851492613554001e-02,-7.920273579657077789e-03,1.152406539767980576e-02,2.093695476651191711e-02,2.767137193586677313e-04,1.064328756183385849e-02,-2.089661359786987305e-02,-1.519509218633174896e-02,-4.281519725918769836e-02,-2.549884375184774399e-03,1.522198598831892014e-02,1.515475101768970490e-02,-4.770317580550909042e-03,-2.807730250060558319e-02,-1.060967054218053818e-02,-1.994187757372856140e-02,-1.683562435209751129e-02,-2.135381102561950684e-02,9.843192063271999359e-03,-1.160474773496389389e-02,-1.643221452832221985e-02,-1.273429393768310547e-02,-3.472683718428015709e-03,1.429414376616477966e-02,5.105651798658072948e-04,9.957491420209407806e-03,-6.965538021177053452e-03,2.033856464549899101e-03,-4.175288602709770203e-03,1.999566517770290375e-02,2.206986304372549057e-03,3.224586695432662964e-02,2.238922938704490662e-02,-2.667545573785901070e-03,-1.175770652480423450e-03,-1.756176166236400604e-02,-1.291582826524972916e-02,2.623506635427474976e-02,5.846076179295778275e-03,-2.251025103032588959e-02,3.375193104147911072e-03,8.498493582010269165e-03,1.395124592818319798e-03,4.218991380184888840e-03,-6.679789163172245026e-03,1.918884553015232086e-02,5.126662552356719971e-03,1.819377020001411438e-02,-2.478279173374176025e-02,-7.658057380467653275e-03,1.472444739192724228e-02,8.095084130764007568e-02,1.495136530138552189e-03,5.809097085148096085e-03,-2.203624462708830833e-03,5.130024626851081848e-03,1.440171990543603897e-02,-3.359056636691093445e-02,-2.888412214815616608e-02,1.148372422903776169e-02,-2.752597630023956299e-02,-1.600191183388233185e-02,1.028694305568933487e-02,1.068362873047590256e-02,-5.257770884782075882e-03,-2.164964564144611359e-03,2.533075632527470589e-03,1.155768334865570068e-02,-3.069274127483367920e-03,2.603672211989760399e-03,4.464398603886365891e-03,-1.005162112414836884e-02,1.883922517299652100e-02,-1.255948282778263092e-02,1.874509640038013458e-02,-6.030972581356763840e-03,-1.768278330564498901e-02,2.435248903930187225e-02,4.542391374707221985e-02,-1.604225300252437592e-02,2.802351489663124084e-02,1.951157487928867340e-02,-5.862885154783725739e-03,3.465960267931222916e-03,1.982085406780242920e-02,-9.567528963088989258e-03,1.184006966650485992e-02,-1.984774880111217499e-02,4.986141622066497803e-02,1.350077241659164429e-02,-1.713145710527896881e-02,-1.203505042940378189e-02,-1.107359118759632111e-02,2.770078741014003754e-02,-2.296744845807552338e-02,-1.684234710410237312e-03,-1.010204665362834930e-03,-1.368902996182441711e-02,3.383261337876319885e-02,-1.042813621461391449e-02,-2.577786892652511597e-02,3.859284520149230957e-02,-1.042813621461391449e-02,-2.069490775465965271e-02,2.470883307978510857e-03,-1.972672529518604279e-02,-1.004489697515964508e-02,-1.247880142182111740e-02,2.708222530782222748e-02,-3.184245899319648743e-02,-6.723491824232041836e-04,-2.164964377880096436e-02,-2.341119945049285889e-02,-8.115255273878574371e-03,-2.317923819646239281e-03,-1.454963721334934235e-02,-8.801051415503025055e-03,-2.080248482525348663e-02,2.065792912617325783e-03,-1.575986482203006744e-02,-6.698279175907373428e-04,9.723850525915622711e-04,-9.701998904347419739e-03,-4.077125713229179382e-02,1.259982399642467499e-02,4.547769948840141296e-02,2.095040120184421539e-02,-2.195892482995986938e-02,-1.571952365338802338e-02,-2.888412214815616608e-02,-5.274579394608736038e-03,1.398486318066716194e-03,7.631163578480482101e-03,1.852994412183761597e-02,-2.284642681479454041e-02,-2.802351489663124084e-02,3.375193104147911072e-02,-5.614115856587886810e-03,-1.789793558418750763e-02,5.751947406679391861e-03,1.136942487210035324e-02,-9.849915513768792152e-04,3.410491393879055977e-03,8.088360540568828583e-03,-3.111295867711305618e-03,1.058277674019336700e-02,-4.326567053794860840e-03,1.828789897263050079e-02,-1.033400744199752808e-02,-1.971327885985374451e-02,-8.095084689557552338e-03,7.059666793793439865e-03,4.471122287213802338e-03,-1.761554926633834839e-02,-2.521309442818164825e-02,2.714946120977401733e-02,-2.899505896493792534e-03,3.403767943382263184e-03,2.039907500147819519e-02,-2.188496757298707962e-03,-1.150389481335878372e-02,1.737350411713123322e-02,3.769357863347977400e-04,1.727937534451484680e-02,-1.967293769121170044e-02,-1.932331547141075134e-02,2.397597208619117737e-02,1.008523814380168915e-02,3.345609828829765320e-02,1.734660938382148743e-02,7.563928607851266861e-03,-6.656256970018148422e-03,-4.908149316906929016e-02,2.507862634956836700e-02,-2.407010179013013840e-03,-1.596157066524028778e-02,1.202832721173763275e-02,-2.000911161303520203e-02,-2.069490775465965271e-02,-1.078448165208101273e-02,1.909471675753593445e-02,-2.990609221160411835e-02,1.413278002291917801e-02,3.975264553446322680e-04,-1.983430236577987671e-02,-4.703754931688308716e-02,-2.226820588111877441e-02,-4.112087935209274292e-02,-1.955191418528556824e-02,-3.566140308976173401e-02,1.694319956004619598e-02,5.815820768475532532e-03,1.062311697751283646e-03,-1.155095919966697693e-02,-2.288676612079143524e-02,-2.533411793410778046e-02,-4.343375936150550842e-02,-7.900102995336055756e-03,7.994231767952442169e-03,2.362635172903537750e-02,1.021970808506011963e-02,-6.800812203437089920e-03,1.906782388687133789e-02,-6.380593869835138321e-03,1.195436902344226837e-02,2.923374436795711517e-02,-1.346043124794960022e-02,-1.449584867805242538e-02,-4.578697960823774338e-03,3.087427653372287750e-02,1.554471347481012344e-02,3.619928285479545593e-02,1.220313832163810730e-02,3.482769010588526726e-03,5.587222054600715637e-03,-4.988831002265214920e-03,-1.705077663064002991e-02,-8.142149075865745544e-03,-2.058733254671096802e-02,-3.875420987606048584e-02,-1.196109224110841751e-02,2.490381523966789246e-02,9.809575043618679047e-03,1.717179827392101288e-02,-1.020626071840524673e-02,3.493526577949523926e-02,2.558961138129234314e-02,4.313120152801275253e-03,-2.054026816040277481e-03,-3.012124449014663696e-02,-2.650400623679161072e-02,6.723491824232041836e-04,1.676670799497514963e-04,2.877654694020748138e-02,1.567918434739112854e-02,1.861062645912170410e-02,-3.610515268519520760e-03,1.307719200849533081e-02,-4.508101381361484528e-03,-1.424035616219043732e-02,-1.220986153930425644e-02,2.467521652579307556e-02,9.964215569198131561e-03,2.792350423987954855e-04,8.303512819111347198e-03,9.567528963088989258e-03,-3.243412449955940247e-02,1.647255569696426392e-02,1.432103849947452545e-02,-3.149955999106168747e-03,1.460342481732368469e-02,3.420576686039566994e-03,4.434143193066120148e-03,-1.660702563822269440e-02,-7.073113694787025452e-03,-1.440171990543603897e-02,8.827945217490196228e-03,-1.339991949498653412e-02,1.239139586687088013e-02,-1.104669738560914993e-02,7.779080420732498169e-03,-2.000911161303520203e-02,1.410588622093200684e-02,-1.011885516345500946e-02,-1.769623160362243652e-02,3.369814157485961914e-02,1.078448165208101273e-02,-4.028716310858726501e-02,9.621317498385906219e-03,-1.203505042940378189e-02,-1.060967054218053818e-02,1.245190761983394623e-02,4.887978546321392059e-03,2.276574447751045227e-02,-1.183334621600806713e-03,2.916314639151096344e-03,-4.844276234507560730e-03,2.377426810562610626e-02,-3.133147209882736206e-02,5.913311149924993515e-03,3.413853002712130547e-03,-4.595506936311721802e-03,1.084499247372150421e-02,2.907237969338893890e-02,-5.019086878746747971e-03,6.965538021177053452e-03,1.480512972921133041e-02,3.827011585235595703e-02,-4.360184539109468460e-03,-2.283297851681709290e-02,1.162491738796234131e-02,8.706922642886638641e-03,-3.578158502932637930e-04,3.217190969735383987e-03,-3.889540210366249084e-03,2.456763945519924164e-02,1.499338727444410324e-02,-1.949812658131122589e-02,-2.000911161303520203e-02,-4.028716310858726501e-02,-2.612749114632606506e-02,-1.596157066524028778e-02,-1.453618984669446945e-02,-1.126184966415166855e-02,4.178650211542844772e-03,7.244562730193138123e-04,-4.269417375326156616e-03,2.134036459028720856e-02,-1.985531271202489734e-04,-9.648211300373077393e-03,1.884258701466023922e-03,-2.737805992364883423e-02,2.661158144474029541e-02,-1.094584539532661438e-02,-3.490836918354034424e-02,1.352094300091266632e-02,2.198581956326961517e-02,-3.211139887571334839e-02,1.019449438899755478e-03,-7.510140538215637207e-03,2.031839266419410706e-02,-1.586744189262390137e-02,-7.597546093165874481e-03,-1.293599884957075119e-02,1.485891733318567276e-02,1.542369090020656586e-02,-4.941766615957021713e-03,-6.464637815952301025e-03,4.255970474332571030e-03,-3.356367349624633789e-02,-5.755309015512466431e-03,4.000477958470582962e-03,3.045741934329271317e-03,1.101308036595582962e-02,-2.556271664798259735e-02,-7.557204924523830414e-03,-2.815798483788967133e-02,1.836857944726943970e-02,-1.917876070365309715e-03,5.348538048565387726e-03,4.928319714963436127e-03,-4.413300380110740662e-02,-5.392240826040506363e-03,-1.664736680686473846e-02,7.207583636045455933e-03,-3.623962169513106346e-03,-1.510096341371536255e-02,-5.657818634063005447e-03,5.728415399789810181e-02,-7.745462935417890549e-03,7.274818606674671173e-03,-1.657340792007744312e-03,-2.095040120184421539e-02,-1.641876809298992157e-02,-7.456352934241294861e-03,3.221897408366203308e-02,-2.746546408161520958e-03,7.577375508844852448e-03,-3.232654929161071777e-02,-1.410588622093200684e-02,-4.777041263878345490e-03,1.085171662271022797e-02,1.378315873444080353e-02,1.300323382019996643e-02,-2.815798483788967133e-02,-3.943328280001878738e-03,5.691436119377613068e-03,1.889301277697086334e-02,-2.319604856893420219e-03,-3.679094836115837097e-02,2.175049623474478722e-03,1.757520809769630432e-02,1.267378218472003937e-02,2.915306203067302704e-02,-1.349404826760292053e-02,7.133624982088804245e-03,5.185157060623168945e-02,7.442905567586421967e-03,5.563689861446619034e-03,-1.261999458074569702e-02,-3.644132753834128380e-03,1.507406961172819138e-02,-2.246990986168384552e-02,-3.264927864074707031e-02,-2.357256412506103516e-02,-1.296289265155792236e-02,-1.623051054775714874e-02,1.620361581444740295e-02,1.224347949028015137e-02,-1.754831522703170776e-02,-2.074869722127914429e-02,-4.740061704069375992e-03,-3.314681584015488625e-03,1.167198270559310913e-02,-1.706422306597232819e-02,-9.829745627939701080e-03,-4.545080475509166718e-03,-3.079359419643878937e-03,5.358623340725898743e-03,-1.304357498884201050e-02,-2.541480027139186859e-02,-2.909927442669868469e-02,4.515497386455535889e-02,-8.989308960735797882e-03,-1.760210283100605011e-02,1.512785721570253372e-02,-1.729618292301893234e-03,-6.357733905315399170e-02,3.788687754422426224e-03,-6.599107291549444199e-03,1.186696346849203110e-02,3.065912425518035889e-02,3.165083937346935272e-03,1.590778306126594543e-02,2.143449336290359497e-02,3.570174332708120346e-03,1.420001499354839325e-02,-9.251524694263935089e-03,-2.013013511896133423e-02,-1.963259652256965637e-02,-3.536556661128997803e-02,-3.879454918205738068e-03,6.027610506862401962e-03,-2.593923173844814301e-02,7.980785332620143890e-03,3.999133035540580750e-02,-8.337129838764667511e-03,-1.909471675753593445e-02,3.122389689087867737e-02,6.790726911276578903e-03,-1.106686796993017197e-02,6.636086851358413696e-03,-8.437982760369777679e-03,1.314442697912454605e-02,5.402326118201017380e-03,-9.538954473100602627e-04,-2.139415219426155090e-02,1.099290978163480759e-02,9.890256449580192566e-03,1.017936691641807556e-02,-1.313770376145839691e-02,9.631402208469808102e-04,2.530722506344318390e-02,6.868047174066305161e-03,-2.653089910745620728e-02,-3.146594390273094177e-02,-4.629124421626329422e-03,-3.795411204919219017e-03,-1.768278330564498901e-02,2.287331968545913696e-02,1.042813621461391449e-02,-2.265816740691661835e-02,-1.506062224507331848e-02,-1.428069733083248138e-02,1.792483031749725342e-02,6.837791297584772110e-03,2.548203431069850922e-02,-2.003600634634494781e-02,3.294511139392852783e-02,-9.944044984877109528e-03,-2.813109010457992554e-02,-2.396252565085887909e-02,-8.424535393714904785e-03,6.162080448120832443e-03,-5.987269803881645203e-03,4.141671117395162582e-03,-1.402520481497049332e-02,9.527188725769519806e-03,-3.566140308976173401e-02,3.888867795467376709e-02,3.474700823426246643e-02,-1.429414376616477966e-02,5.254409275949001312e-03,-2.563331276178359985e-03,2.540135383605957031e-02,-9.002756327390670776e-03,-2.575097419321537018e-02,3.168445546180009842e-03,-2.132691629230976105e-02,-4.078218189533799887e-04,1.978387590497732162e-03,-7.893379777669906616e-03,-2.493070811033248901e-02,-2.117899991571903229e-02,1.902748271822929382e-02,-1.797861792147159576e-02,-5.113215651363134384e-03,1.941744536161422729e-01,-1.088533364236354828e-02,-3.741623368114233017e-03,3.337541595101356506e-02,1.667425967752933502e-02,7.349617080762982368e-04,5.748585797846317291e-03,3.886178368702530861e-03,-2.557616308331489563e-02,4.582060035318136215e-03,-8.343853987753391266e-03,-8.269894868135452271e-03,-4.001822322607040405e-02,4.017286468297243118e-03,-7.846315391361713409e-03,-2.606025524437427521e-02,-3.033639676868915558e-02,-2.529377676546573639e-02,-2.206650190055370331e-02,-2.150172740221023560e-02,2.942200191318988800e-02,-2.584510296583175659e-02,-5.496454890817403793e-03,-2.753942273557186127e-02,3.117010928690433502e-02,3.483609471004456282e-04,5.556966178119182587e-03,-1.136270165443420410e-02,1.524887979030609131e-02,6.706683430820703506e-03,-3.272996097803115845e-02,-2.807730250060558319e-02,-8.639687672257423401e-03,1.228381972759962082e-02,-3.176177665591239929e-02,-9.722169488668441772e-03,4.060989245772361755e-02,-1.784414798021316528e-02,1.075758691877126694e-02,1.108031533658504486e-02,7.274818606674671173e-03,4.218991380184888840e-03,-1.442861370742321014e-02,-5.106492433696985245e-03,7.745462935417890549e-03,4.773679189383983612e-03,6.098207086324691772e-03,-1.229054387658834457e-02,2.544841729104518890e-03,1.122823217883706093e-03,-2.977162227034568787e-02,4.992193076759576797e-03,4.308413714170455933e-02,1.593467593193054199e-02,1.766933687031269073e-02,-1.465721242129802704e-02,-1.713145710527896881e-02,1.212918013334274292e-02,1.259982399642467499e-02,-6.525149103254079819e-03,-3.480079397559165955e-02,1.355456002056598663e-02,-1.662047207355499268e-02,2.128657512366771698e-02,-1.879888400435447693e-02,1.562539488077163696e-02,-8.807774633169174194e-03,-4.992192843928933144e-04,-7.920273579657077789e-03,-2.070835605263710022e-02,-1.481857616454362869e-02,-5.832629278302192688e-03,3.437385428696870804e-03,2.205305360257625580e-02,-2.438946859911084175e-03,5.677148583345115185e-04,2.603336051106452942e-02,-2.659141086041927338e-03,3.855922725051641464e-03,1.467065978795289993e-02,-9.742340072989463806e-03,-1.222330890595912933e-02,1.858373172581195831e-02,-4.632486030459403992e-03,5.815820768475532532e-03,-3.119700402021408081e-02,2.034528739750385284e-02,-1.058949995785951614e-02,5.103130359202623367e-03,1.325200311839580536e-02,2.432223176583647728e-03,-1.259982399642467499e-02,6.878132466226816177e-03,-1.606914587318897247e-02,-1.341336639598011971e-03,2.091006003320217133e-02,-4.548442550003528595e-03,1.795172318816184998e-02,-4.777041263878345490e-03,6.219230126589536667e-04,-2.006290107965469360e-02,8.816178888082504272e-04,-1.667426084168255329e-03,9.244801476597785950e-03,1.951493555679917336e-03,-2.384150214493274689e-02,1.846271008253097534e-02,4.633830860257148743e-02,5.738500505685806274e-03,-1.385039370507001877e-02,-1.302340440452098846e-02,-7.402564864605665207e-03,1.497993990778923035e-02,3.929880913347005844e-03,1.242501381784677505e-02,-4.585421644151210785e-03,-8.492610650137066841e-04,-1.410252414643764496e-03,1.780380681157112122e-02,9.029650129377841949e-03,-1.981749199330806732e-03,5.449390504509210587e-03,-1.286708284169435501e-03,2.714946120977401733e-02,1.479168236255645752e-02,7.537034805864095688e-03,-2.452729828655719757e-02,9.708722122013568878e-03,-4.255970474332571030e-03,-1.456308364868164062e-02,2.883033454418182373e-02,-9.123778901994228363e-03,4.575336351990699768e-03,1.179972849786281586e-02,-3.074316773563623428e-03,7.826144807040691376e-03,2.221441827714443207e-02,-3.660269081592559814e-02,-3.151972964406013489e-02,-4.410610999912023544e-03,1.613638177514076233e-02,1.712389348540455103e-04,6.296550389379262924e-03,-7.684951648116111755e-03,-6.612554658204317093e-03,3.594967129174619913e-04,-3.476045327261090279e-03,1.432103803381323814e-03,1.023315452039241791e-02,-1.879888400435447693e-02,-6.054504774510860443e-03,7.839592173695564270e-03,-2.904548542574048042e-03,-1.319821458309888840e-02,6.868047174066305161e-03,-4.141671117395162582e-03,-6.410849746316671371e-03,-3.071291185915470123e-02,-3.763054555747658014e-04,2.813109010457992554e-02,-5.712278932332992554e-02,4.733338486403226852e-03,-5.219110753387212753e-04,-2.780836261808872223e-02,-1.752142049372196198e-02,3.620600560680031776e-03,-1.713683605194091797e-01,2.127312868833541870e-02,1.752142049372196198e-02,-1.312761800363659859e-03,1.097273919731378555e-02,-2.386839687824249268e-02,2.762010507285594940e-02,2.529377676546573639e-02,-2.907237969338893890e-02,-1.885267160832881927e-02,1.181989908218383789e-02,-1.083826925605535507e-02,-1.074414048343896866e-02,2.576442249119281769e-02,-2.187824249267578125e-02,-7.577375508844852448e-03,-6.868719309568405151e-02,-9.984385687857866287e-04,3.533867374062538147e-02,1.824755780398845673e-02,1.381005253642797470e-02,-7.034453446976840496e-04,3.644132753834128380e-03,-2.160930447280406952e-02,1.245863083750009537e-02,1.867786049842834473e-02,3.301234683021903038e-03,-2.243965398520231247e-03,-6.478084716945886612e-03,-2.756631746888160706e-02,-3.415533900260925293e-02,-1.609435887075960636e-03,4.843603819608688354e-02,-7.698398549109697342e-03,2.349020069232210517e-04,-1.669947290793061256e-03,1.924599637277424335e-03,4.471122287213802338e-03,-1.008523814380168915e-02,1.918884553015232086e-02,2.733771875500679016e-02,3.907693549990653992e-02,5.644371733069419861e-03,-1.687596552073955536e-02,1.070379931479692459e-02,4.641899093985557556e-02,2.560305781662464142e-02,-1.598846353590488434e-02,1.796517148613929749e-02,-2.537445910274982452e-02,7.994231767952442169e-03,2.440627664327621460e-03,-1.554471347481012344e-02,8.760710246860980988e-03,-7.550481706857681274e-03,-9.295227937400341034e-04,-2.077559009194374084e-02,1.504717487841844559e-02,-4.013924859464168549e-03,-1.471604336984455585e-03,-1.933676376938819885e-02,-1.967293769121170044e-02,2.046630904078483582e-02,-2.312881313264369965e-02,4.958575591444969177e-03,-3.397044260054826736e-03,-8.411088958382606506e-03,-1.874509640038013458e-02,6.104930769652128220e-03,1.641876809298992157e-02,-2.205305360257625580e-02,-3.813564777374267578e-02,-8.290065452456474304e-03,-2.015702985227108002e-02,9.970938786864280701e-03,-2.200262853875756264e-03,-7.772356737405061722e-03,2.213373593986034393e-02,1.697009429335594177e-02,-6.496574496850371361e-04,-5.345175974071025848e-03,1.426724996417760849e-02,-1.386384107172489166e-02,-5.032533779740333557e-03,-4.551804158836603165e-03,-1.846271008253097534e-02,8.417812176048755646e-03,2.906229346990585327e-03,-9.231355041265487671e-03,-1.933003950398415327e-04,1.628429815173149109e-02,-1.948468014597892761e-02,-1.790129812434315681e-03,-2.082937769591808319e-02,3.221897408366203308e-02,1.503372844308614731e-02,7.321882992982864380e-03,1.493959967046976089e-02,-2.405749546596780419e-04,4.951851908117532730e-03,2.128657512366771698e-02,-1.444710418581962585e-03,-2.718980237841606140e-02,2.485002763569355011e-02,3.162730857729911804e-02,-1.138287223875522614e-02,7.859761826694011688e-03,3.057844191789627075e-02,3.399397432804107666e-02,1.277463510632514954e-02,-1.175938732922077179e-02,9.213285375153645873e-05,1.733316294848918915e-02,2.047975733876228333e-02,2.440627664327621460e-02,2.125968225300312042e-02,-3.876093076542019844e-03,-2.003600634634494781e-02,1.058949995785951614e-02,-3.215510165318846703e-03,6.427658349275588989e-02,9.513741359114646912e-03,-2.125968225300312042e-02,1.243846025317907333e-02,-2.035873383283615112e-02,-2.029149979352951050e-02,-1.018205657601356506e-01,-2.869586460292339325e-02,1.933676376938819885e-02,2.246990986168384552e-02,1.555816084146499634e-02,1.274774130433797836e-02,-2.040579915046691895e-03,-7.631163578480482101e-03,-1.605569943785667419e-02,4.394474253058433533e-02,1.914850622415542603e-02,-3.178866952657699585e-02,2.717971568927168846e-03,9.480123408138751984e-03,6.188974250108003616e-03,-2.077559009194374084e-02,2.450040541589260101e-02,-3.600429976359009743e-03,-4.120155796408653259e-02,1.289565768092870712e-02,-1.406554505228996277e-02,1.013902574777603149e-02,2.585855126380920410e-02,-1.647255569696426392e-02,5.206504138186573982e-04,2.558961138129234314e-02,-8.686752058565616608e-03,1.723903417587280273e-02,2.108487114310264587e-02,3.112976904958486557e-03,1.181989908218383789e-02,4.205544479191303253e-03,1.600191183388233185e-02,-7.946327095851302147e-04,9.493570774793624878e-03,-4.192097112536430359e-03,-4.359512403607368469e-02,-4.689635708928108215e-03,1.795172342099249363e-03,5.819182377308607101e-03,2.148155821487307549e-03,7.375670596957206726e-03,-9.774276986718177795e-04,-4.719051066786050797e-04,-1.155768334865570068e-02,-2.423146553337574005e-02,-6.464637815952301025e-03,3.130457922816276550e-02,2.307502552866935730e-02,1.014574989676475525e-02,-3.587655350565910339e-02,-3.738261759281158447e-02,-3.062550676986575127e-03,-2.772768214344978333e-02,2.212028950452804565e-02,-2.074869722127914429e-02,4.773679189383983612e-03,1.543713826686143875e-02,-5.775479599833488464e-03,1.050209440290927887e-02,-1.043485943228006363e-02,-2.412052825093269348e-03,-2.435248903930187225e-02,3.878110274672508240e-02,-4.077797755599021912e-03,-1.912833540700376034e-03,-8.276619017124176025e-03,-2.363979816436767578e-02,3.036328963935375214e-02,-6.340253166854381561e-03,1.613638177514076233e-02,1.159802358597517014e-02,4.424057900905609131e-03,1.500683464109897614e-02,-3.512352332472801208e-02,2.802015282213687897e-03,-2.347843348979949951e-02,-1.092567481100559235e-02,1.313602318987250328e-03,4.060989245772361755e-03,-1.106014475226402283e-02,-1.428069733083248138e-02,2.896480448544025421e-02,-2.058733254671096802e-02,2.393563091754913330e-02,9.567528963088989258e-03,7.463076151907444000e-03,4.563570255413651466e-04,9.755787439644336700e-03,-5.277941469103097916e-03,1.056932937353849411e-02,-1.020626071840524673e-02,9.217907674610614777e-03,-1.937710493803024292e-02,-2.035873383283615112e-02,3.047086670994758606e-02,9.708722122013568878e-03,-1.418236643075942993e-04,-5.637648049741983414e-03,1.721213944256305695e-02,-2.402976155281066895e-02,-1.801895909011363983e-02,-3.845837339758872986e-02,2.550892904400825500e-02,-4.773679189383983612e-03,-3.843148052692413330e-02,3.866008017212152481e-03,-1.134925428777933121e-02,4.761072923429310322e-04,-1.719869300723075867e-02,-1.789793558418750763e-02,-5.374591564759612083e-04,-8.048020303249359131e-03,2.285987325012683868e-02,1.190730463713407516e-02,-5.567051470279693604e-03,-3.364435583353042603e-02,-5.903225857764482498e-03,-7.281541824340820312e-03,-1.415295060724020004e-03,1.617672108113765717e-02,5.744551494717597961e-02,-7.658057380467653275e-03,1.632463932037353516e-02,-3.677750239148736000e-03,3.246102109551429749e-02,-9.816298261284828186e-03,2.302123606204986572e-02,-2.264472097158432007e-02,6.491531617939472198e-03,-4.822004484594799578e-05,-1.376971136778593063e-02,-5.355261266231536865e-03,-2.378771454095840454e-02,7.402564864605665207e-03,-1.113410294055938721e-02,1.179300528019666672e-02,-9.063267149031162262e-03,7.624439895153045654e-03,1.881233043968677521e-02,3.063222952187061310e-02,3.181556612253189087e-02,-2.883033454418182373e-02,-3.350988402962684631e-02,1.653978973627090454e-02,-6.938643753528594971e-03,-1.760210283100605011e-02,-1.764244399964809418e-02,-2.534756436944007874e-02,1.130218990147113800e-02,2.490381523966789246e-02,2.357256412506103516e-02,1.233088411390781403e-02,4.937732592225074768e-02,-5.257770884782075882e-03,-1.010624910122714937e-04,-2.831934951245784760e-02,-1.157785300165414810e-02,1.963259652256965637e-02,2.953293966129422188e-03,2.238922938704490662e-02,-9.069990366697311401e-03,2.682673372328281403e-02,1.559850201010704041e-02,-5.872970446944236755e-03,-8.095084689557552338e-03,8.350577205419540405e-03,8.989308960735797882e-03,-2.060077898204326630e-02,2.955647185444831848e-02,6.841153372079133987e-03,7.274818606674671173e-03,-8.559005334973335266e-03,1.417312119156122208e-02,2.494415640830993652e-02,5.745224189013242722e-03,6.673065945506095886e-03,-6.958814337849617004e-03,-2.583165653049945831e-02,-1.167198270559310913e-02,-1.114755030721426010e-02,7.483246736228466034e-03,1.294944528490304947e-02,-6.104930769652128220e-03,-5.815820768475532532e-03,3.082048706710338593e-02,1.155095919966697693e-02,8.021126501262187958e-03,1.609961145732086152e-05,-7.335329893976449966e-03,8.121978491544723511e-03,-5.681350827217102051e-03,-5.254409275949001312e-03,1.166525855660438538e-02,4.131585825234651566e-03,-1.980740763247013092e-02,3.004056215286254883e-02,-1.123663620091974735e-03,-2.363979816436767578e-02,3.566140308976173401e-02,5.150194745510816574e-03,3.714057058095932007e-02,7.550481706857681274e-03,-1.362851820886135101e-02,-1.438827253878116608e-03,-1.239811908453702927e-02,1.201488077640533447e-02,2.944889478385448456e-02,-2.369358576834201813e-02,-2.464832179248332977e-02,-2.421801909804344177e-02,4.183272831141948700e-04,-1.645910926163196564e-02,-8.646410889923572540e-03,1.247880142182111740e-02,3.627324011176824570e-03,8.175766095519065857e-03,2.706877887248992920e-02,9.769233874976634979e-03,3.148275194689631462e-03,-1.488581113517284393e-02,3.310647606849670410e-02,1.602880470454692841e-02,-3.040699288249015808e-03,4.783764481544494629e-03,1.268050633370876312e-02,-3.338213777169585228e-03,-1.052226498723030090e-02,-3.082048706710338593e-02,-2.365324459969997406e-02,4.242523573338985443e-03,-1.582710072398185730e-02,3.660100919660180807e-04,1.041300827637314796e-03,-2.626195922493934631e-02,-2.140759862959384918e-02,1.663391850888729095e-02,-3.580259624868631363e-03,-2.031839266419410706e-02,2.468866296112537384e-02,-5.395602434873580933e-03,4.483224451541900635e-02,1.194092165678739548e-02,-1.077439635992050171e-03,1.251914259046316147e-02,2.060077898204326630e-02,2.156896330416202545e-02,-8.122030521917622536e-06,1.126857288181781769e-02,2.749908249825239182e-03,-4.077125713229179382e-02,-2.301115076988935471e-03,2.677630633115768433e-03,2.355911582708358765e-02,-1.069707609713077545e-02,-2.558961138129234314e-02,-8.491770364344120026e-03,-3.805496497079730034e-03,2.696120366454124451e-02,-3.482769057154655457e-02,1.850304938852787018e-02,1.477823592722415924e-02,8.451429195702075958e-03,-2.991953864693641663e-03,-1.698354072868824005e-02,-1.905437745153903961e-02,-3.420912846922874451e-02,7.631163578480482101e-03,5.274579394608736038e-03,-1.233088411390781403e-02,-4.227731749415397644e-02,-1.025332510471343994e-02,1.131563726812601089e-02,-1.070379931479692459e-02,-3.834491653833538294e-04,9.083437733352184296e-03,-2.842692472040653229e-02,-2.244301699101924896e-02,1.212749863043427467e-03,-9.977662004530429840e-03,-9.177566971629858017e-04,-2.762010507285594940e-02,2.883033454418182373e-02,-1.717179827392101288e-02,-4.225042462348937988e-02,2.955647185444831848e-02,2.349188178777694702e-02,-2.065456844866275787e-02,-1.136270165443420410e-02,-2.759321220219135284e-02
-5.388426128774881363e-03,-2.300455933436751366e-03,-2.880798280239105225e-02,9.391350671648979187e-03,-1.820105127990245819e-03,1.896569132804870605e-02,-4.088701098226010799e-04,-1.141241868026554585e-03,8.437183685600757599e-03,2.024336019530892372e-03,2.173669449985027313e-02,2.236409299075603485e-02,-5.476654041558504105e-03,-9.842291474342346191e-03,-9.463239461183547974e-03,1.792003028094768524e-02,2.390644326806068420e-02,2.349471440538764000e-03,9.528593160212039948e-03,3.689225530251860619e-03,7.620260585099458694e-03,2.733425470069050789e-03,1.128007657825946808e-02,-2.254708297550678253e-02,2.896809950470924377e-03,-1.086181215941905975e-02,1.896569132804870605e-02,-2.852042578160762787e-02,-4.411385860294103622e-03,-1.700507476925849915e-02,-3.927767276763916016e-03,-8.757418021559715271e-03,-8.018919266760349274e-03,-2.100473269820213318e-02,-8.254192769527435303e-03,4.129547160118818283e-04,-1.571106910705566406e-02,-8.652851916849613190e-03,1.972379535436630249e-02,-2.215496078133583069e-02,-6.126924883574247360e-03,1.431249640882015228e-02,1.116244029253721237e-02,1.118368003517389297e-03,-3.840193152427673340e-02,-5.698856897652149200e-03,5.881847813725471497e-03,-4.234930500388145447e-02,-2.024662680923938751e-02,1.102519687265157700e-02,3.142213821411132812e-02,-3.963711671531200409e-03,-3.445455804467201233e-02,-1.431249640882015228e-02,-1.259368937462568283e-02,3.529108688235282898e-02,5.179293919354677200e-03,2.597162500023841858e-02,-8.005848503671586514e-04,-3.037647530436515808e-02,9.476310573518276215e-03,1.066575106233358383e-02,-9.280248545110225677e-03,1.880884170532226562e-02,-1.797231286764144897e-02,-3.610800951719284058e-03,-2.368424087762832642e-02,1.910947076976299286e-02,-3.087316453456878662e-02,-1.440399140119552612e-02,2.846814319491386414e-02,1.564571447670459747e-02,3.146788571029901505e-03,1.793310046195983887e-02,2.101780287921428680e-02,-1.614240370690822601e-02,-3.499699523672461510e-03,2.095244824886322021e-02,-8.600568398833274841e-03,5.715195555239915848e-03,-7.156248204410076141e-03,-1.026709191501140594e-02,-1.627311296761035919e-02,5.300198215991258621e-03,4.355835262686014175e-03,-9.067848441191017628e-04,1.385501958429813385e-02,3.071631677448749542e-02,-1.249565836042165756e-02,-2.205039374530315399e-02,2.376266568899154663e-02,2.202425152063369751e-02,6.964271306060254574e-04,2.157984673976898193e-02,-2.102760598063468933e-03,7.215066812932491302e-03,-1.869120448827743530e-02,2.355353347957134247e-02,-1.085527706891298294e-02,-2.708264067769050598e-02,-2.429856732487678528e-02,-1.106440927833318710e-02,6.532118655741214752e-03,-4.845988936722278595e-03,8.496002294123172760e-03,-1.401186827570199966e-02,-1.073110476136207581e-02,-1.366712735034525394e-03,2.169748209416866302e-02,-1.393344346433877945e-02,-1.848207227885723114e-02,4.114679247140884399e-02,-4.689139779657125473e-03,-2.397179789841175079e-02,2.388030104339122772e-02,-2.398486807942390442e-02,1.687763491645455360e-03,-1.197936292737722397e-02,-1.730570383369922638e-02,-1.629925332963466644e-02,-8.051595650613307953e-03,2.065182197839021683e-03,7.130106445401906967e-03,-1.034551672637462616e-02,-6.509244907647371292e-03,3.819279745221138000e-02,-3.069017454981803894e-02,-2.363195642828941345e-02,-1.267211418598890305e-02,-8.030356257222592831e-04,3.777453303337097168e-02,1.141731999814510345e-02,1.593327149748802185e-02,-9.182217530906200409e-03,-8.871786994859576225e-04,3.458526358008384705e-02,7.528765127062797546e-03,7.960100658237934113e-03,9.077651426196098328e-03,-1.769782602787017822e-02,1.469154842197895050e-02,9.803079999983310699e-03,9.103793650865554810e-03,-4.852524434681981802e-04,2.369731105864048004e-02,-7.574512623250484467e-03,2.011591941118240356e-02,2.267779037356376648e-02,6.427552551031112671e-03,-1.742334105074405670e-02,2.554029040038585663e-02,1.247441861778497696e-03,3.401014953851699829e-02,-2.201118133962154388e-02,1.441706251353025436e-02,-3.163535438943654299e-04,3.901625750586390495e-03,3.374873474240303040e-02,5.408032331615686417e-03,-1.254794187843799591e-03,6.156334187835454941e-03,1.024421770125627518e-03,2.525273337960243225e-02,1.148594194091856480e-03,-5.623700097203254700e-03,3.610147535800933838e-02,-3.181099426001310349e-03,-1.831215247511863708e-02,-6.257632281631231308e-03,-1.449221977964043617e-03,1.759326085448265076e-02,2.969679608941078186e-02,-4.564967472106218338e-03,2.220724336802959442e-02,-1.323415711522102356e-02,1.120165269821882248e-02,3.513423725962638855e-02,2.500438876450061798e-02,-1.265904307365417480e-02,1.816837489604949951e-02,-3.944759070873260498e-02,1.874348893761634827e-02,1.031937543302774429e-02,1.487453933805227280e-02,-2.350124903023242950e-02,-1.305770222097635269e-02,3.656548680737614632e-03,-1.414911122992634773e-03,1.729263179004192352e-02,1.001874729990959167e-02,5.316536873579025269e-03,1.398572698235511780e-02,9.633159264922142029e-03,3.851793298963457346e-04,-6.587669253349304199e-01,1.092063076794147491e-02,-1.364588644355535507e-02,-2.967065386474132538e-02,2.820672839879989624e-02,8.698599413037300110e-03,-7.979706861078739166e-03,6.424285005778074265e-03,-8.371829986572265625e-03,1.197936292737722397e-02,7.639866787940263748e-03,1.373738236725330353e-02,-4.914610646665096283e-03,-2.529194578528404236e-02,-8.443719707429409027e-03,-1.904411613941192627e-02,-1.071149855852127075e-02,-2.016820199787616730e-02,-1.631232537329196930e-02,-1.578949391841888428e-02,-2.059953846037387848e-02,2.543572336435317993e-02,-2.050477545708417892e-03,-5.800155457109212875e-03,4.806776531040668488e-03,8.208445273339748383e-03,1.859970949590206146e-02,-1.895262114703655243e-02,-3.172930097207427025e-03,7.201995700597763062e-03,-2.401101030409336090e-02,1.814223267138004303e-02,1.505753025412559509e-02,-2.720354590564966202e-03,3.296449035406112671e-02,-7.803251501172780991e-03,-3.505581244826316833e-02,-5.009373649954795837e-03,1.876962929964065552e-02,2.601083740592002869e-02,-1.289431750774383545e-02,1.403800956904888153e-02,-8.149626664817333221e-03,-9.404420852661132812e-03,-9.620089083909988403e-03,2.031198143959045410e-02,2.635067887604236603e-02,1.343675423413515091e-02,2.496517635881900787e-02,-8.430648595094680786e-04,1.243684068322181702e-02,-8.561355993151664734e-03,-3.852610243484377861e-03,3.061828436329960823e-03,-1.568492688238620758e-02,7.633331231772899628e-03,2.501745894551277161e-02,-3.261157777160406113e-03,-5.584487691521644592e-03,-8.522143587470054626e-03,7.071288302540779114e-03,1.946238055825233459e-02,-5.391693674027919769e-03,-6.633417215198278427e-03,-8.783559314906597137e-03,1.450855750590562820e-02,8.692064322531223297e-03,6.084444932639598846e-03,2.654673904180526733e-02,-9.554735384881496429e-03,2.010284923017024994e-02,8.169232867658138275e-03,6.028893985785543919e-04,-1.210353523492813110e-02,1.026055682450532913e-02,-1.700507476925849915e-02,1.308384351432323456e-02,-1.832522265613079071e-02,6.842549424618482590e-03,1.541044097393751144e-02,-7.666008081287145615e-03,-5.117207765579223633e-03,-3.845421224832534790e-02,7.019004784524440765e-03,3.748697787523269653e-02,8.306476287543773651e-03,-1.354132033884525299e-02,-4.447330255061388016e-03,-6.803337484598159790e-03,-8.515608496963977814e-03,-3.138619242236018181e-03,2.956608869135379791e-02,3.878751769661903381e-03,-6.306647788733243942e-03,1.308384351432323456e-02,1.890033669769763947e-02,-1.654759794473648071e-02,-6.770660169422626495e-03,2.959222905337810516e-02,6.999399047344923019e-03,1.454776991158723831e-02,-1.577642187476158142e-02,7.358845323324203491e-03,-1.501505030319094658e-03,4.336882382631301880e-02,1.465233601629734039e-02,-3.848035633563995361e-02,-1.840364746749401093e-02,-1.965844258666038513e-02,-2.805314725264906883e-03,1.555421948432922363e-02,-9.149541147053241730e-03,-6.008470663800835609e-04,9.260642342269420624e-03,-1.973686739802360535e-02,-2.729177288711071014e-02,-1.262636668980121613e-02,1.096637826412916183e-02,-2.402408048510551453e-02,-1.850821450352668762e-02,9.280248545110225677e-03,2.218110114336013794e-02,-6.907903589308261871e-03,1.068535633385181427e-02,1.160031091421842575e-02,2.018127404153347015e-02,-8.358758874237537384e-03,-4.506148863583803177e-03,1.816837466321885586e-03,2.079886617138981819e-03,-1.188786793500185013e-02,-1.823372766375541687e-02,7.594118826091289520e-03,-6.447158753871917725e-03,3.701642900705337524e-02,-1.824679970741271973e-02,1.365895732305943966e-03,-2.424628287553787231e-02,3.489896282553672791e-02,-4.258457943797111511e-02,2.712185261771082878e-03,3.547407686710357666e-02,-4.623786080628633499e-03,-2.940923906862735748e-02,-5.963540170341730118e-04,-3.584006056189537048e-02,7.613725028932094574e-03,-7.848999463021755219e-03,-4.687179252505302429e-02,4.130364395678043365e-03,3.152670338749885559e-02,-1.740046660415828228e-03,-2.791917137801647186e-02,2.393585309619084001e-04,4.257804248481988907e-03,6.698770914226770401e-03,2.458939095959067345e-03,-2.207653596997261047e-02,9.868433699011802673e-03,-2.227259613573551178e-02,9.018832817673683167e-03,4.303551744669675827e-03,-5.836099851876497269e-03,-1.022134441882371902e-02,-6.594204809516668320e-03,-1.190747413784265518e-02,1.433863770216703415e-02,1.354132033884525299e-02,4.578038118779659271e-03,-1.077685225754976273e-02,2.300455980002880096e-02,1.482225675135850906e-02,-8.522143587470054626e-03,3.646745532751083374e-02,-9.312925860285758972e-03,5.728266201913356781e-03,-3.463754896074533463e-03,-1.491375174373388290e-02,4.051939584314823151e-03,9.946858510375022888e-03,-5.421102978289127350e-03,1.879577152431011200e-02,-2.127921767532825470e-02,1.148267369717359543e-02,1.030630432069301605e-02,1.428635511547327042e-02,1.441706251353025436e-02,8.306476287543773651e-03,-2.040674444288015366e-03,3.105942392721772194e-03,1.159377582371234894e-02,1.313612703233957291e-02,-3.174563869833946228e-03,1.243030466139316559e-02,6.698770914226770401e-03,-1.050890143960714340e-02,8.169232867658138275e-03,-6.002752576023340225e-03,2.240330539643764496e-02,2.212881855666637421e-02,8.639780804514884949e-03,4.986499901860952377e-03,1.463926583528518677e-02,-9.214894846081733704e-03,-1.209046505391597748e-02,-3.573549166321754456e-02,-6.394875701516866684e-03,-1.183558441698551178e-02,1.582870632410049438e-02,-1.128007657825946808e-02,3.947373479604721069e-03,-3.631060570478439331e-02,3.855878021568059921e-03,1.864218967966735363e-03,5.613896995782852173e-03,2.828515321016311646e-02,-2.006363682448863983e-02,5.368819925934076309e-03,2.018127404153347015e-02,-1.524052117019891739e-02,-5.675983149558305740e-03,-1.384194847196340561e-02,3.296449035406112671e-02,-5.741336848586797714e-03,-4.715934768319129944e-02,3.706871345639228821e-02,1.531894598156213760e-02,5.904721561819314957e-03,-1.031937543302774429e-02,-1.092716585844755173e-02,1.687436737120151520e-02,-1.541044097393751144e-02,-1.105133816599845886e-02,4.545361269265413284e-03,-2.066489122807979584e-02,1.765861362218856812e-02,1.271786168217658997e-02,-2.687350846827030182e-02,1.365895755589008331e-02,-8.005848154425621033e-03,3.355921013280749321e-03,-2.287385286763310432e-03,2.054725401103496552e-02,-2.588013000786304474e-02,8.005848154425621033e-03,1.066575106233358383e-02,1.623390056192874908e-02,-8.757418021559715271e-03,-8.397971279919147491e-03,-1.164932618848979473e-03,7.417663466185331345e-03,7.672543637454509735e-03,-3.285992145538330078e-02,-1.009717211127281189e-02,3.888554929289966822e-04,-3.207567706704139709e-02,5.806691013276576996e-03,2.865113317966461182e-02,1.017559692263603210e-02,3.819279745221138000e-02,9.946858510375022888e-03,4.842721391469240189e-03,1.810302026569843292e-02,3.344483906403183937e-03,9.397885762155056000e-03,1.323415711522102356e-02,3.514812560752034187e-04,-2.334439940750598907e-02,-4.742076247930526733e-02,7.848999463021755219e-03,-5.303466226905584335e-03,-1.640382036566734314e-02,3.139599785208702087e-02,-3.846074920147657394e-03,-4.924413748085498810e-03,1.912254095077514648e-02,-5.049606988904997706e-05,-1.744948141276836395e-02,-1.163298822939395905e-02,3.169662319123744965e-03,-1.875655911862850189e-02,-9.123399853706359863e-03,-2.834723796695470810e-03,1.145653240382671356e-02,4.770832136273384094e-03,-8.319546468555927277e-03,-3.787909820675849915e-02,-1.331911794841289520e-02,-1.802459545433521271e-02,-9.378279559314250946e-03,-1.066575106233358383e-02,2.270393259823322296e-02,8.025454357266426086e-03,-1.320801582187414169e-02,-2.388683846220374107e-03,4.767564591020345688e-03,1.312305592000484467e-02,-2.244905335828661919e-03,7.012469694018363953e-03,1.653452776372432709e-02,3.751311684027314186e-03,8.221516385674476624e-03,-1.803766563534736633e-02,4.489810671657323837e-03,3.076859936118125916e-02,-2.609252929687500000e-03,9.456704370677471161e-03,2.338034566491842270e-03,-2.742248214781284332e-02,-1.900490373373031616e-02,1.448404975235462189e-03,2.780806971713900566e-03,-2.408943511545658112e-02,-2.336400561034679413e-03,2.321369200944900513e-02,-2.503870055079460144e-04,-2.797145396471023560e-02,4.176111891865730286e-03,5.937398411333560944e-03,-1.458698231726884842e-02,1.121472287923097610e-02,-1.803766563534736633e-02,2.223665127530694008e-03,1.212967745959758759e-02,9.044975042343139648e-02,-2.869034651666879654e-03,-3.249720903113484383e-03,1.409029308706521988e-02,-1.138464268296957016e-02,2.883412502706050873e-02,-3.097773157060146332e-02,-1.224731374531984329e-02,-5.630235187709331512e-03,-2.410250529646873474e-02,1.853394787758588791e-04,3.262791549786925316e-03,-8.901196531951427460e-03,-2.399793826043605804e-02,6.427552551031112671e-03,-3.516854776535183191e-04,-1.013638451695442200e-02,-1.496603526175022125e-02,-6.466764956712722778e-03,-8.737811818718910217e-03,-4.391779657453298569e-03,2.041654661297798157e-02,2.096225274726748466e-03,2.820672839879989624e-02,-3.806862514466047287e-03,-2.253401279449462891e-02,1.856049709022045135e-02,5.416528135538101196e-02,-8.123485371470451355e-03,1.071803364902734756e-02,6.796801928430795670e-03,8.136556483805179596e-03,-1.446771202608942986e-03,1.805073767900466919e-02,-3.829736495390534401e-03,6.862155627459287643e-03,-2.352739125490188599e-02,2.011591941118240356e-02,2.333132922649383545e-02,-2.051498595392331481e-04,4.486542660742998123e-03,-4.862327594310045242e-03,1.937088556587696075e-02,-2.385416068136692047e-02,-2.200791379436850548e-03,6.829478777945041656e-03,-1.359360385686159134e-02,2.103087306022644043e-02,-1.018866710364818573e-02,-4.747304692864418030e-02,3.121300600469112396e-02,-2.056032605469226837e-02,-3.087316453456878662e-02,7.365380413830280304e-03,-4.267607349902391434e-03,9.790008887648582458e-03,-1.693972200155258179e-02,1.653452776372432709e-02,-3.944105468690395355e-03,-3.236650023609399796e-03,-2.402408048510551453e-02,-4.051939398050308228e-02,1.487453933805227280e-02,-6.620346568524837494e-03,-2.556643076241016388e-02,-3.705564187839627266e-03,-2.116158045828342438e-02,1.686129719018936157e-02,-4.898271989077329636e-03,1.405108068138360977e-02,-1.261983159929513931e-02,5.885932478122413158e-04,-2.210267633199691772e-02,-3.751311684027314186e-03,3.089930675923824310e-02,3.500352799892425537e-02,8.005848154425621033e-03,-2.119099022820591927e-03,1.936108164954930544e-04,-7.855534553527832031e-03,-2.097859047353267670e-02,-1.848207227885723114e-02,2.394565567374229431e-02,-1.328644063323736191e-02,-3.285665530711412430e-03,2.256015315651893616e-02,-7.456875871866941452e-03,-1.134543120861053467e-02,-2.223338373005390167e-02,-5.399863002821803093e-04,-1.842978992499411106e-03,9.646230377256870270e-03,1.423407159745693207e-02,-1.586791872978210449e-02,-1.911600469611585140e-03,-2.107662148773670197e-03,1.192054525017738342e-02,-8.319546468555927277e-03,-1.316226832568645477e-02,-2.589320018887519836e-02,1.010370720177888870e-02,-2.542265225201845169e-03,-1.096311025321483612e-03,-1.941009797155857086e-02,3.048104234039783478e-02,6.251097191125154495e-03,2.787342295050621033e-03,2.289999462664127350e-02,-1.952773518860340118e-02,-2.061260864138603210e-02,1.816837489604949951e-02,-1.679594255983829498e-02,8.025454357266426086e-03,2.677874639630317688e-03,-7.698685396462678909e-03,1.274400390684604645e-02,1.380273606628179550e-02,7.391522172838449478e-03,2.713492512702941895e-02,-1.460005342960357666e-02,-1.386808976531028748e-02,-3.840193152427673340e-02,2.951380424201488495e-02,-8.945310255512595177e-04,-2.073024585843086243e-02,-3.032419364899396896e-03,-3.450684016570448875e-03,-2.052111364901065826e-02,8.456789888441562653e-03,3.176197782158851624e-02,-1.423407159745693207e-02,1.798538304865360260e-02,5.375355482101440430e-03,-7.901282049715518951e-03,-3.712099418044090271e-02,-1.165912952274084091e-02,-1.895262114703655243e-02,-9.339067153632640839e-03,-3.058560751378536224e-02,-3.741508815437555313e-03,-6.352395750582218170e-03,-2.649445645511150360e-02,-1.708349958062171936e-02,-1.658681035041809082e-02,7.783645298331975937e-03,-3.688571974635124207e-02,5.858974065631628036e-03,-1.301195472478866577e-02,3.205606946721673012e-03,3.024250036105513573e-03,-1.211007125675678253e-02,5.473386030644178391e-03,-1.098598446696996689e-02,1.624697074294090271e-02,2.444234443828463554e-03,-1.784160546958446503e-02,-2.757932990789413452e-02,-8.561355993151664734e-03,2.595855481922626495e-02,2.001135237514972687e-02,2.499131672084331512e-02,-1.718806661665439606e-02,-1.058079022914171219e-02,1.960615860298275948e-03,-6.156334187835454941e-03,-6.048500072211027145e-03,1.885458943434059620e-03,-1.164605841040611267e-02,-3.450683876872062683e-02,-1.150881592184305191e-02,3.643478034064173698e-03,-1.110362168401479721e-02,1.905718632042407990e-02,5.287127569317817688e-03,2.893869020044803619e-02,1.547579467296600342e-02,-1.795924268662929535e-02,3.261157777160406113e-03,-1.028016302734613419e-02,-1.913561113178730011e-02,-9.319460950791835785e-03,5.809958558529615402e-03,2.470376156270503998e-02,2.627225406467914581e-02,9.528593160212039948e-03,-1.143692620098590851e-02,3.359188511967658997e-02,-1.921403594315052032e-02,2.122366800904273987e-03,1.939375884830951691e-03,1.825986988842487335e-02,-9.816150180995464325e-03,2.529194578528404236e-02,4.555164370685815811e-03,2.943538129329681396e-02,-1.231920346617698669e-02,2.205039374530315399e-02,1.122631329053547233e-05,-2.637028461322188377e-03,-3.558517899364233017e-03,1.646917313337326050e-02,1.856049709022045135e-02,-5.927595309913158417e-03,-2.112236805260181427e-02,-6.339324638247489929e-03,-4.202253650873899460e-03,-3.565053222700953484e-03,1.190093904733657837e-02,-7.306561805307865143e-03,7.764039095491170883e-03,-8.554820902645587921e-03,-2.131843008100986481e-02,-3.372259438037872314e-02,-1.380273606628179550e-02,1.045661862008273602e-03,1.358053274452686310e-02,-2.713492512702941895e-02,8.554820902645587921e-03,-9.299854747951030731e-03,-2.153409877792000771e-03,8.907731622457504272e-03,-5.812409217469394207e-04,1.486146915704011917e-02,-1.167219970375299454e-02,1.454776991158723831e-02,9.221429936587810516e-03,1.126700639724731445e-02,-3.597076609730720520e-02,-4.336229059845209122e-03,-1.665216498076915741e-02,-7.123571354895830154e-03,2.053418383002281189e-02,2.167134173214435577e-02,-9.123399853706359863e-03,6.512512452900409698e-03,2.937656128779053688e-03,3.076859936118125916e-02,-2.032505162060260773e-02,-4.627053439617156982e-02,1.431249640882015228e-02,-1.594634260982275009e-03,1.629925332963466644e-02,-2.225299132987856865e-03,-3.826468717306852341e-03,1.163952331990003586e-02,9.273713454604148865e-03,-2.015513181686401367e-02,-9.450168348848819733e-03,-1.756711862981319427e-02,-7.764039095491170883e-03,-3.487282246351242065e-02,-3.901625750586390495e-03,-5.378623027354478836e-03,4.434259608387947083e-03,4.427724517881870270e-03,-2.811850048601627350e-03,3.868948668241500854e-03,-3.218677826225757599e-03,-9.208359755575656891e-03,-8.496002294123172760e-03,-2.363195642828941345e-02,9.267178364098072052e-03,-1.263290178030729294e-02,-4.676069132983684540e-03,9.012297727167606354e-03,1.629925332963466644e-02,-3.884633630514144897e-02,1.077031716704368591e-02,-1.441706251353025436e-02,1.785467565059661865e-02,-2.530501596629619598e-02,-2.953994646668434143e-02,-3.678115457296371460e-02,8.783559314906597137e-03,2.265165001153945923e-02,9.136470034718513489e-03,-8.064666762948036194e-03,2.324963686987757683e-03,-2.636374905705451965e-02,-6.751053966581821442e-03,1.036512292921543121e-02,1.186172664165496826e-02,6.345860194414854050e-03,-2.116158045828342438e-02,-1.168527081608772278e-02,-1.208392903208732605e-02,-1.395958568900823593e-02,-4.460401367396116257e-03,2.948766387999057770e-02,-3.921231720596551895e-03,-2.526580356061458588e-02,-9.979534894227981567e-03,4.321524174883961678e-04,2.766102319583296776e-03,-6.894832476973533630e-03,4.045404028147459030e-03,-5.025712307542562485e-03,4.302898421883583069e-02,-1.007756590843200684e-02,1.720113679766654968e-02,-9.476310573518276215e-03,-6.437355652451515198e-03,-1.592020131647586823e-02,-1.046478748321533203e-03,3.685957938432693481e-02,5.283860024064779282e-03,1.172448322176933289e-02,-1.396121922880411148e-03,-2.185433171689510345e-02,2.927853167057037354e-02,6.960186641663312912e-03,5.453779827803373337e-03,2.873936202377080917e-03,-2.295227721333503723e-02,-1.222117245197296143e-02,-1.494969590567052364e-03,2.130535989999771118e-02,-2.134457230567932129e-02,-3.014120273292064667e-02,-3.238284029066562653e-03,2.177917631343007088e-03,8.195374161005020142e-03,2.539651095867156982e-02,-1.828601025044918060e-02,5.378623027354478836e-03,2.071717567741870880e-02,-1.300541870296001434e-02,1.520130876451730728e-02,-2.561871521174907684e-02,-6.169404834508895874e-03,1.824679970741271973e-02,-3.813398070633411407e-03,-1.314266212284564972e-02,-1.303809578530490398e-03,-5.136813502758741379e-03,1.038309535942971706e-03,3.057335561607033014e-04,1.038472913205623627e-02,-1.073763985186815262e-02,7.711756043136119843e-03,-4.764296580106019974e-03,1.646100427024066448e-03,1.639074832201004028e-02,-2.117465250194072723e-03,-9.025368839502334595e-03,1.320148073136806488e-02,1.147613860666751862e-02,-8.626709692180156708e-03,-1.343675423413515091e-02,-3.908161073923110962e-02,-1.522745005786418915e-02,2.865113317966461182e-02,7.707671611569821835e-04,-1.015599071979522705e-02,2.921317704021930695e-03,-5.398229230195283890e-03,-5.515865981578826904e-02,-4.519219510257244110e-03,-1.541044097393751144e-02,2.628532424569129944e-02,8.946944028139114380e-03,9.750796481966972351e-03,1.967151276767253876e-02,2.391951344907283783e-02,7.711756043136119843e-03,1.491375174373388290e-02,-2.075638808310031891e-02,-5.800155457109212875e-03,-1.133236009627580643e-02,-1.260676048696041107e-02,8.417577482759952545e-03,1.501831784844398499e-02,-1.475690212100744247e-02,-1.233227457851171494e-02,1.801152527332305908e-02,-2.127921767532825470e-02,-2.625591587275266647e-03,2.676894329488277435e-02,-7.430734578520059586e-03,1.691031269729137421e-03,3.489896422252058983e-03,4.107490181922912598e-03,1.136503741145133972e-02,-1.654759794473648071e-02,-5.953737068921327591e-03,-2.144913747906684875e-02,-3.192536300048232079e-03,9.319460950791835785e-03,1.230613235384225845e-02,-1.665216498076915741e-02,-8.299941197037696838e-03,2.588013000786304474e-02,9.508986957371234894e-03,-2.805314725264906883e-03,-2.005056478083133698e-02,-2.261243760585784912e-02,-1.680901460349559784e-02,-7.424199022352695465e-03,1.463926583528518677e-02,-9.848827496170997620e-03,-3.241551667451858521e-02,-2.762834541499614716e-03,-3.522573271766304970e-03,4.300284199416637421e-03,2.901711501181125641e-02,3.636289015412330627e-02,-1.037165801972150803e-02,2.158311428502202034e-03,-9.208359755575656891e-03,-2.029890939593315125e-02,-1.197936292737722397e-02,-1.588098891079425812e-02,1.332565303891897202e-02,-8.110414259135723114e-03,1.714885421097278595e-02,-3.551982576027512550e-03,1.197282783687114716e-02,-1.961923018097877502e-02,2.046883106231689453e-02,4.151277616620063782e-02,-1.329951174557209015e-02,-3.130450146272778511e-03,1.895262044854462147e-03,9.718119166791439056e-03,2.104394370689988136e-03,-1.856049709022045135e-02,3.233382478356361389e-03,-1.810302026569843292e-02,4.840270557906478643e-04,1.258061849512159824e-03,1.905718632042407990e-02,-1.439092122018337250e-02,-1.861277967691421509e-02,2.967065386474132538e-02,-3.594462526962161064e-03,3.038954688236117363e-03,2.139424085617065430e-01,-1.012331340461969376e-02,-1.156109850853681564e-02,3.032419271767139435e-02,-8.574427105486392975e-03,-1.412950549274682999e-02,3.424542490392923355e-03,9.992606006562709808e-03,-1.214928366243839264e-02,1.576661947183310986e-03,-2.666437625885009766e-02,1.209046458825469017e-03,-2.371038123965263367e-02,-3.695761086419224739e-03,1.687436737120151520e-02,-1.918789371848106384e-02,-1.760633103549480438e-02,-2.368424087762832642e-02,-2.854656800627708435e-02,-2.312219701707363129e-02,2.627225406467914581e-02,-5.783816799521446228e-03,1.439092122018337250e-02,-2.303070202469825745e-02,7.862069644033908844e-03,9.018832817673683167e-03,-1.895262114703655243e-02,-7.430734578520059586e-03,3.163126856088638306e-02,5.947201512753963470e-03,-2.355353347957134247e-02,-1.156109850853681564e-02,8.054864010773599148e-04,2.215904532931745052e-05,-2.859885059297084808e-02,3.463754896074533463e-03,3.246780112385749817e-02,-5.352481268346309662e-03,1.548886578530073166e-02,-1.336486544460058212e-02,2.672973088920116425e-02,9.705048869363963604e-04,3.181916254106909037e-04,-3.150056302547454834e-02,7.600654382258653641e-03,1.863892190158367157e-02,-7.548371329903602600e-03,-1.156763359904289246e-02,-2.059953846037387848e-02,-1.239272649399936199e-03,-2.164519950747489929e-02,7.143177557736635208e-03,2.854656800627708435e-02,2.606312185525894165e-02,6.659558974206447601e-03,-5.473386030644178391e-03,-1.908332854509353638e-02,1.530587486922740936e-02,-1.086508040316402912e-03,-7.848999463021755219e-03,-1.650838553905487061e-02,1.305770222097635269e-02,-1.210353523492813110e-02,5.398229230195283890e-03,8.587497286498546600e-03,2.194582670927047729e-02,-7.711756043136119843e-03,-2.369731105864048004e-02,1.870427653193473816e-02,-2.744862250983715057e-02,9.214894846081733704e-03,-6.888297386467456818e-03,5.166222807019948959e-03,3.719941899180412292e-02,-7.005934137850999832e-03,-7.731362245976924896e-03,1.767168566584587097e-02,1.260676048696041107e-02,-3.587927203625440598e-03,9.143005125224590302e-03,-1.584177650511264801e-02,-6.430820096284151077e-03,-4.930131835862994194e-04,-2.320062182843685150e-02,7.332703564316034317e-03,-3.027191013097763062e-02,1.337140053510665894e-02,-7.025540340691804886e-03,-1.612933352589607239e-02,2.380187809467315674e-02,2.589320018887519836e-02,-1.078992336988449097e-02,-4.372173454612493515e-03,4.424456506967544556e-03,-3.731705714017152786e-03,6.375269498676061630e-03,-2.365809865295886993e-02,1.870427653193473816e-02,-1.869120518676936626e-03,1.386808976531028748e-02,-1.034551672637462616e-02,1.339754182845354080e-02,-9.508986957371234894e-03,2.773617953062057495e-02,9.750796481966972351e-03,9.953393600881099701e-03,1.257408317178487778e-02,3.055946715176105499e-02,-1.102519687265157700e-02,-5.035515408962965012e-03,6.973257288336753845e-03,-2.007670700550079346e-02,9.129934944212436676e-03,7.086809491738677025e-04,-2.460572868585586548e-03,2.409923821687698364e-03,-3.960444126278162003e-03,-1.538429968059062958e-02,1.541044097393751144e-02,1.449548732489347458e-02,-1.175716053694486618e-02,-6.659558974206447601e-03,-2.363195642828941345e-02,4.164348170161247253e-02,1.170651055872440338e-03,-5.636770743876695633e-03,-3.555250121280550957e-03,1.857356727123260498e-02,5.345946177840232849e-03,-6.757589522749185562e-03,9.273713454604148865e-03,-1.663909293711185455e-02,6.215152330696582794e-03,3.144827857613563538e-02,3.421274712309241295e-03,2.126614749431610107e-02,4.460401367396116257e-03,-5.764210596680641174e-03,-2.747476473450660706e-02,-8.071201853454113007e-03,-7.947029545903205872e-03,1.582870632410049438e-02,1.378966495394706726e-02,1.097291335463523865e-02,5.091066006571054459e-03,-1.599862612783908844e-02,1.828601025044918060e-02,-7.064752746373414993e-03,1.865199208259582520e-02,-4.225127398967742920e-03,-1.960615999996662140e-02,5.352481268346309662e-03,1.327500329352915287e-03,7.594118826091289520e-03,2.480832673609256744e-02,-7.528765127062797546e-03,-1.375045254826545715e-02,-1.582870632410049438e-02,3.414085879921913147e-02,2.222031354904174805e-03,-4.911996424198150635e-02,1.324436889262869954e-04,-3.453951794654130936e-03,-2.891254983842372894e-02,2.323329914361238480e-03,-1.874022069387137890e-03,-1.657374054193496704e-01,6.829478777945041656e-03,7.835928350687026978e-03,-1.090102456510066986e-02,1.329951174557209015e-02,-2.118772268295288086e-02,2.099166065454483032e-02,1.627311296761035919e-02,-1.382887735962867737e-02,-1.148267369717359543e-02,3.259850665926933289e-02,-8.802348747849464417e-05,-1.128007657825946808e-02,2.972293831408023834e-02,-3.009545383974909782e-03,2.161578973755240440e-03,-5.364245176315307617e-02,1.696586236357688904e-02,2.475604414939880371e-02,1.547579467296600342e-02,3.662430495023727417e-02,1.148920971900224686e-02,-8.685528300702571869e-03,-3.254622593522071838e-02,4.764296580106019974e-03,9.757331572473049164e-03,-1.568492688238620758e-02,1.433863770216703415e-02,-1.990678720176219940e-02,-3.016734309494495392e-02,-2.618075720965862274e-02,8.136556483805179596e-03,3.819279745221138000e-02,-1.713578402996063232e-02,2.100473269820213318e-02,-5.741336848586797714e-03,1.281589269638061523e-02,1.527973357588052750e-02,-1.131928898394107819e-02,2.708264067769050598e-02,1.892647892236709595e-02,4.033640399575233459e-02,2.637681923806667328e-02,-1.068535633385181427e-02,8.332617580890655518e-03,4.276756942272186279e-02,8.665922097861766815e-03,-1.628618314862251282e-02,6.620346568524837494e-03,-3.510809689760208130e-02,1.316226832568645477e-02,-1.155456341803073883e-02,-3.440880915150046349e-03,6.757589522749185562e-03,7.352309767156839371e-03,-1.079645846039056778e-02,-2.802373655140399933e-02,8.260728791356086731e-03,-3.050391562283039093e-03,5.450512282550334930e-03,-3.125548595562577248e-03,-7.084358949214220047e-03,8.796630427241325378e-03,-5.179293802939355373e-04,1.597248390316963196e-02,-4.581305664032697678e-03,-1.696586236357688904e-02,-1.819451525807380676e-02,-2.427242510020732880e-02,8.979621343314647675e-03,-1.031283941119909286e-02,-4.634895920753479004e-02,-2.169748302549123764e-03,-1.011677831411361694e-02,9.721387177705764771e-04,-1.591366599313914776e-03,-1.465233601629734039e-02,1.746255159378051758e-02,2.859885059297084808e-02,-2.355353347957134247e-02,-2.120079286396503448e-02,1.313612703233957291e-02,-6.934044882655143738e-03,8.574427105486392975e-03,-1.372431125491857529e-02,-8.430648595094680786e-03,-3.362456336617469788e-03,-3.401668742299079895e-03,6.228223443031311035e-03,1.416871789842844009e-02,5.218505859375000000e-03,-9.613553062081336975e-03,-3.473557764664292336e-03,-1.839057728648185730e-02,3.272921591997146606e-02,5.760943051427602768e-03,1.324722822755575180e-02,1.735798642039299011e-02,-1.289431750774383545e-02,-2.127921767532825470e-02,2.099166065454483032e-02,-6.947115529328584671e-03,-3.374873474240303040e-02,1.640382036566734314e-02,4.386551305651664734e-02,-5.492992233484983444e-03,-5.510147893801331520e-04,2.692579291760921478e-02,3.790524229407310486e-02,1.128007657825946808e-02,-5.006106104701757431e-03,-2.236736007034778595e-03,1.283549889922142029e-02,-2.610886935144662857e-03,2.615461684763431549e-02,4.075466841459274292e-02,-2.376266568899154663e-02,-3.155284374952316284e-02,2.010284923017024994e-02,-6.608909461647272110e-04,5.949815735220909119e-02,3.017714712768793106e-03,-6.551724858582019806e-03,1.252833567559719086e-02,-4.963626153767108917e-03,-1.788081787526607513e-02,-1.159638985991477966e-01,-3.516037762165069580e-02,1.530587486922740936e-02,1.263290178030729294e-02,2.961837127804756165e-02,2.012898959219455719e-02,2.109704364556819201e-04,4.421188961714506149e-03,-1.460005342960357666e-02,5.858974065631628036e-03,1.122125890105962753e-02,-2.943538129329681396e-02,-1.368509884923696518e-02,9.391350671648979187e-03,1.375045254826545715e-02,-1.555421948432922363e-02,7.528765127062797546e-03,-1.106440927833318710e-02,-2.276928536593914032e-02,2.402408048510551453e-02,3.970247227698564529e-03,-1.597901922650635242e-03,7.613725028932094574e-03,-1.137157250195741653e-02,-7.300026714801788330e-03,8.966550230979919434e-03,-1.640382036566734314e-02,2.355353347957134247e-02,1.769782602787017822e-02,2.578209852799773216e-03,2.126614749431610107e-02,-9.234501048922538757e-03,1.388116087764501572e-02,1.278975140303373337e-02,-1.299888361245393753e-02,-3.486628644168376923e-03,-4.559085518121719360e-02,-3.256256226450204849e-03,1.980222016572952271e-02,-2.418093010783195496e-02,7.948663551360368729e-04,3.574856324121356010e-03,-8.195374161005020142e-03,4.336229059845209122e-03,6.215152330696582794e-03,-1.036512292921543121e-02,5.542007740586996078e-03,3.594462573528289795e-02,3.531722724437713623e-02,-1.280935760587453842e-02,-2.543572336435317993e-02,-1.713578402996063232e-02,-2.878184244036674500e-02,2.101126825436949730e-03,3.091237740591168404e-03,-1.930553093552589417e-02,5.394961684942245483e-03,-2.300455933436751366e-03,-1.569799892604351044e-02,5.666180048137903214e-03,1.028506434522569180e-03,2.263857796788215637e-02,-1.659988239407539368e-02,2.909553982317447662e-02,-1.029976923018693924e-02,-2.567099779844284058e-02,-1.577642187476158142e-02,-2.496517635881900787e-02,3.197111189365386963e-02,-2.069103345274925232e-02,7.587583735585212708e-03,2.116158045828342438e-02,5.926778540015220642e-04,2.658595144748687744e-02,-2.831129357218742371e-02,2.087402343750000000e-02,-2.432470768690109253e-02,2.195889828726649284e-03,7.816322147846221924e-03,-2.786688692867755890e-02,-2.555336058139801025e-02,-1.680901460349559784e-02,2.852042578160762787e-02,-1.292045880109071732e-02,1.903104595839977264e-02,9.678907692432403564e-03,-8.986156433820724487e-03,-2.020741440355777740e-02,-4.793705884367227554e-03,-1.175716053694486618e-02,-1.249565836042165756e-02,4.904807545244693756e-03,1.275053899735212326e-02,-3.505581244826316833e-02,-1.456084102392196655e-02,2.789302915334701538e-02,8.182303979992866516e-03,-9.110328741371631622e-03,4.924413748085498810e-03,1.525359228253364563e-02,-2.193275652825832367e-02,-1.554114930331707001e-02,-4.083309322595596313e-02,1.278975140303373337e-02,-2.271700277924537659e-02,-2.050804346799850464e-02,-1.751483604311943054e-02,-1.592020131647586823e-02,-5.434173624962568283e-03,-2.618075720965862274e-02,-1.976300776004791260e-02,-2.599776722490787506e-02,-2.131843008100986481e-02,3.095158934593200684e-02,-1.615547575056552887e-02,-2.087402343750000000e-02,-3.369645401835441589e-02,-2.867727540433406830e-02,-9.103793650865554810e-03,1.833829469978809357e-02,6.188193801790475845e-04,3.555250167846679688e-02,1.960615999996662140e-02,-4.646659828722476959e-03,1.065267994999885559e-02,1.355439145117998123e-02,-2.303070202469825745e-02,1.751483604311943054e-02,-9.332532063126564026e-03,7.777109742164611816e-03,7.907817140221595764e-03,-5.421102978289127350e-03,8.238671580329537392e-04,-2.810216136276721954e-02,2.326597645878791809e-02,4.206174612045288086e-02,1.463926583528518677e-02,-8.528679609298706055e-03,-3.135351696982979774e-03,1.484839804470539093e-02,3.829736262559890747e-02,4.647966846823692322e-02,-3.301677107810974121e-02,-2.415478788316249847e-02,7.855534553527832031e-03,-2.525926800444722176e-03,-1.772396825253963470e-02,8.286870084702968597e-03,-2.031198143959045410e-02,1.878270134329795837e-02,2.069103345274925232e-02,7.208531256765127182e-03,2.257322520017623901e-02,3.152670338749885559e-02,-1.496603526175022125e-02,-2.301763184368610382e-02,-1.598555594682693481e-02,-2.029890939593315125e-02,2.489982172846794128e-02,-6.790266372263431549e-03,1.073763985186815262e-02,-4.271528497338294983e-02,3.489896282553672791e-02,3.563827776815742254e-04,-4.591108765453100204e-03,-1.060039643198251724e-02,-4.532290622591972351e-03,-1.640382036566734314e-02,-1.492682285606861115e-02,1.866506412625312805e-02,-9.263910469599068165e-04,-1.655086642131209373e-03,-2.297841943800449371e-02,4.117293283343315125e-03,8.973085321485996246e-03,1.632539555430412292e-02,1.178983692079782486e-02,-4.437527153640985489e-03,-2.671665884554386139e-02,1.359360385686159134e-02,-2.576249279081821442e-02,-3.151690121740102768e-03,7.097429595887660980e-03,-1.964537240564823151e-02,2.202425152063369751e-03,2.901711501181125641e-02,1.679594255983829498e-02,1.101866178214550018e-02,-1.583197386935353279e-03,-1.763247326016426086e-02,-1.656066998839378357e-02,-1.500688144005835056e-03,-7.115401676855981350e-04,5.525669082999229431e-03,8.744346909224987030e-03,-6.633417215198278427e-04,-2.914373762905597687e-04,3.496431745588779449e-03,-6.058303173631429672e-03,2.621996961534023285e-02,-2.235102094709873199e-02,1.047622412443161011e-02,1.552807819098234177e-02,-4.267607349902391434e-03,-6.251377726584905759e-06,-4.643391817808151245e-03,-5.636770743876695633e-03,1.407722197473049164e-02,-1.186826173216104507e-02,-2.633760683238506317e-02,-3.408857434988021851e-02,2.670358866453170776e-02,-1.365895755589008331e-02,1.588915765751153231e-04,9.254107251763343811e-03,8.999227546155452728e-03,-1.062653865665197372e-02,2.948766387999057770e-02,2.836357615888118744e-02,8.443719707429409027e-03,-3.965672478079795837e-02,2.606312185525894165e-02,1.410336419939994812e-02,1.248258748091757298e-03,2.967065386474132538e-02,4.930948838591575623e-03,1.958001777529716492e-02,-1.045661792159080505e-02,-5.875312257558107376e-03,-2.906939946115016937e-02,6.581134162843227386e-03,4.656462930142879486e-03,-9.018832817673683167e-03,1.547252759337425232e-03,-2.935695648193359375e-02,-2.167134173214435577e-02,2.327904663980007172e-02,3.670272976160049438e-02,-1.602476835250854492e-02,2.487368136644363403e-02,-2.789302915334701538e-02,3.495124727487564087e-02,3.783988766372203827e-03,-1.339754182845354080e-02,-2.359274541959166527e-03,3.139599785208702087e-02,3.727784380316734314e-02,1.142875640653073788e-03,2.172362431883811951e-02,-3.017714712768793106e-03,-2.012898959219455719e-02,9.966464713215827942e-03,1.135523431003093719e-03,4.169576615095138550e-02,-1.785467565059661865e-02,-2.168441191315650940e-02,-2.159291692078113556e-02,1.590713113546371460e-02,3.604919090867042542e-02,-1.810302026569843292e-02,3.793791867792606354e-03,2.849428541958332062e-02,-1.490068063139915466e-02,-4.483275115489959717e-03,-6.636684760451316833e-03,-3.069017454981803894e-02,-2.514816634356975555e-02,1.354132033884525299e-02,-1.281752716749906540e-03,-8.646315895020961761e-03,-4.195718094706535339e-02,-4.669533576816320419e-03,2.350124903023242950e-02,-1.662602275609970093e-02,-2.276928536593914032e-02,2.223338373005390167e-02,-1.024748571217060089e-02,-1.750176399946212769e-02,-4.061742685735225677e-03,-7.084358949214220047e-03,-1.395958568900823593e-02,-1.765861362218856812e-02,3.317362070083618164e-02,-3.492510318756103516e-02,-2.742248214781284332e-02,1.714885421097278595e-02,1.134543120861053467e-02,-1.299234852194786072e-02,-2.568406751379370689e-03,-2.723949030041694641e-02
-6.642054300755262375e-03,-4.847862292081117630e-03,-1.637643203139305115e-02,-1.627335511147975922e-02,6.004262249916791916e-03,3.295902162790298462e-02,2.163016237318515778e-03,6.120224483311176300e-03,-5.031468812376260757e-03,-2.792755141854286194e-03,2.256108075380325317e-02,2.397839538753032684e-02,-1.333564706146717072e-02,-1.015313062816858292e-02,-3.730115713551640511e-03,4.934833850711584091e-03,3.880866616964340210e-02,5.572625435888767242e-03,1.682739704847335815e-02,7.176768500357866287e-03,8.375043980777263641e-03,6.036473903805017471e-03,1.157688815146684647e-02,-1.638931781053543091e-02,8.624684996902942657e-04,-1.349026337265968323e-02,2.443258184939622879e-03,-1.611873880028724670e-02,-1.006615930236876011e-03,-2.906784601509571075e-02,2.145299687981605530e-03,-2.256430219858884811e-03,-9.850339964032173157e-03,-3.069131635129451752e-02,-7.286288309842348099e-03,3.949960810132324696e-04,-1.910798624157905579e-02,-8.793796412646770477e-03,1.254968158900737762e-02,-1.664701104164123535e-02,1.865057856775820255e-03,8.226870559155941010e-03,9.322068654000759125e-03,-1.448238361626863480e-02,-2.151742018759250641e-02,2.976361894980072975e-03,-2.370781730860471725e-03,-1.845086738467216492e-02,-5.620942916721105576e-03,2.293473668396472931e-02,2.356608584523200989e-02,-1.046880520880222321e-02,-2.522820979356765747e-02,-4.203627817332744598e-03,-2.192006679251790047e-03,3.525249287486076355e-02,6.107340101152658463e-03,1.955894939601421356e-02,-2.127261273562908173e-02,-2.044799178838729858e-02,1.195054408162832260e-02,6.738689262419939041e-03,-1.401853561401367188e-02,2.165915258228778839e-02,-5.453442223370075226e-03,1.698201335966587067e-02,-7.943407632410526276e-03,2.160761319100856781e-02,-1.488180924206972122e-02,-1.336141675710678101e-02,2.284454368054866791e-02,2.107934094965457916e-02,1.449526846408843994e-02,1.142871379852294922e-02,2.227761782705783844e-02,-1.890183053910732269e-02,-9.032162837684154510e-03,-3.733336925506591797e-03,7.866099476814270020e-03,3.755885176360607147e-03,-2.442936040461063385e-02,-6.706477608531713486e-03,-1.231775712221860886e-02,1.892760023474693298e-02,3.165806992910802364e-05,-1.042370870709419250e-02,3.222781466320157051e-03,1.677585765719413757e-02,-8.813123218715190887e-03,-2.739283628761768341e-02,9.631300345063209534e-03,5.798107478767633438e-03,2.572104800492525101e-03,2.540859580039978027e-02,-1.673720404505729675e-02,1.086178794503211975e-02,-2.628475427627563477e-02,3.264978900551795959e-02,-2.580157713964581490e-03,-1.767778582870960236e-02,-1.614450849592685699e-02,2.047054003924131393e-03,1.595123857259750366e-02,4.686803556978702545e-03,-1.124188583344221115e-02,-1.842509768903255463e-02,-8.336390368640422821e-03,1.526835002005100250e-02,2.888746000826358795e-02,-9.051489643752574921e-03,3.984588198363780975e-03,4.300907254219055176e-02,6.442341487854719162e-03,-3.803558647632598877e-02,2.937707863748073578e-02,-1.557758171111345291e-02,-1.152534876018762589e-02,-2.213588543236255646e-02,-3.063977696001529694e-02,-4.744784440845251083e-03,3.159968648105859756e-03,1.952029578387737274e-02,1.200691447593271732e-03,-2.718668244779109955e-02,-1.753605343401432037e-02,2.312800660729408264e-02,-2.464840002357959747e-02,-4.709351807832717896e-03,-1.569354347884654999e-02,2.277367748320102692e-03,5.246642976999282837e-02,3.226002678275108337e-03,1.347737852483987808e-02,-1.213092915713787079e-02,-1.836067438125610352e-02,5.079786293208599091e-03,1.638931781053543091e-02,1.396699715405702591e-02,-1.796124875545501709e-02,-1.700778119266033173e-02,1.535854209214448929e-02,2.459364011883735657e-03,1.396699715405702591e-02,-1.267852820456027985e-02,1.717528328299522400e-02,5.227960180491209030e-03,9.206105954945087433e-03,-8.826007833704352379e-04,-7.163884118199348450e-03,-1.762624643743038177e-02,1.948164030909538269e-02,1.271073985844850540e-02,3.839635476469993591e-02,-3.462758613750338554e-03,1.840899116359651089e-03,5.682145245373249054e-03,-3.350017592310905457e-03,2.180088497698307037e-02,-1.028841920197010040e-02,4.126319661736488342e-03,5.637048743665218353e-03,-3.507855115458369255e-03,2.929976955056190491e-02,5.537192802876234055e-03,-9.703777031973004341e-04,3.195401281118392944e-02,-1.877942588180303574e-03,-2.401704899966716766e-02,-1.220179535448551178e-02,1.186035107821226120e-02,1.381238084286451340e-02,4.891025647521018982e-02,-1.582239195704460144e-02,1.546161994338035583e-02,-1.439219154417514801e-02,1.232420001178979874e-02,7.318499963730573654e-03,9.740820154547691345e-03,-2.638783119618892670e-02,1.096808700822293758e-03,-2.271569706499576569e-02,3.084593266248703003e-02,5.817434284836053848e-03,2.051241509616374969e-02,-1.334853190928697586e-02,-9.489568881690502167e-03,1.305218413472175598e-02,2.266415767371654510e-02,1.259477809071540833e-02,-1.333564752712845802e-03,2.423608861863613129e-02,2.038356848061084747e-02,-8.864661678671836853e-03,-5.169979296624660492e-03,-6.683542728424072266e-01,-2.841072622686624527e-03,-1.407007407397031784e-02,-1.901779323816299438e-02,2.352743223309516907e-02,1.211804430931806564e-02,-1.593835279345512390e-02,3.897616639733314514e-03,2.282199449837207794e-03,9.966302663087844849e-03,4.735121037811040878e-03,1.221468020230531693e-02,1.000495627522468567e-02,-4.463254287838935852e-02,-9.381659911014139652e-04,-2.149165235459804535e-02,-6.113782059401273727e-03,-4.053521528840065002e-02,-4.152089357376098633e-03,-2.217453904449939728e-02,-2.116953395307064056e-02,2.923212479799985886e-03,7.028594613075256348e-03,-8.400813676416873932e-03,1.503642555326223373e-02,-1.002589473500847816e-03,1.356757152825593948e-02,-3.127756761386990547e-03,-1.471430808305740356e-02,3.190972347510978580e-05,-7.627732586115598679e-03,1.568065956234931946e-02,4.235839471220970154e-03,3.504633903503417969e-02,4.764755815267562866e-02,-9.283414110541343689e-03,-1.842509768903255463e-02,1.247881539165973663e-02,2.218742482364177704e-02,3.914366662502288818e-02,-2.194261550903320312e-02,-4.831756465137004852e-03,5.095892120152711868e-03,-1.104217395186424255e-02,-2.391719259321689606e-03,1.342584006488323212e-02,1.388968899846076965e-02,4.738342482596635818e-03,1.218246761709451675e-02,8.085139095783233643e-03,3.659249981865286827e-03,-3.552951384335756302e-03,-4.139204509556293488e-03,1.596412248909473419e-02,-7.388560334220528603e-04,8.613410405814647675e-03,2.386243268847465515e-02,-4.641707055270671844e-03,2.765052951872348785e-02,7.150999270379543304e-03,-3.678577020764350891e-03,1.580950617790222168e-02,-2.674860320985317230e-02,-5.079786293208599091e-03,-1.123544387519359589e-02,1.271718274801969528e-02,9.831013157963752747e-03,3.372565843164920807e-03,1.369641814380884171e-02,-2.466128394007682800e-02,1.606719940900802612e-02,2.379800938069820404e-02,-1.494623254984617233e-02,-3.159324452280998230e-02,6.919074803590774536e-03,-1.434065215289592743e-02,-3.485306864604353905e-03,-2.734129875898361206e-02,3.222781466320157051e-03,7.337827235460281372e-03,-4.554735496640205383e-03,-4.771359381265938282e-04,-4.512216150760650635e-02,1.820605807006359100e-02,3.625749796628952026e-02,2.098914980888366699e-02,-2.553744241595268250e-02,-1.528123393654823303e-02,-7.692155893892049789e-03,-8.323505520820617676e-03,-8.561871945858001709e-03,1.949452608823776245e-02,2.475147694349288940e-02,-1.168640796095132828e-02,2.685168012976646423e-02,-2.612369600683450699e-03,-1.385103445500135422e-02,1.831235596910119057e-03,1.387680415064096451e-02,-2.617201302200555801e-03,7.659944240003824234e-03,6.413351278752088547e-03,-1.045592036098241806e-02,1.517171505838632584e-03,3.674711659550666809e-02,1.166708115488290787e-02,-3.375786915421485901e-02,-8.220427669584751129e-03,-8.117350749671459198e-03,-7.866099476814270020e-03,3.588384250178933144e-03,-7.357154041528701782e-03,2.932876115664839745e-03,6.596957799047231674e-03,7.589883753098547459e-04,-2.966054156422615051e-02,-6.358591374009847641e-03,8.826008066534996033e-03,2.090300768031738698e-06,-1.468853931874036789e-02,3.476287424564361572e-02,3.056246787309646606e-02,1.145448349416255951e-02,7.705040741711854935e-03,9.953417815268039703e-03,2.208434790372848511e-02,-6.526092067360877991e-03,-6.841766647994518280e-03,5.849646404385566711e-03,7.254076655954122543e-03,-8.007830940186977386e-03,-4.528966266661882401e-03,1.286535616964101791e-02,-1.693047396838665009e-02,1.788393966853618622e-02,-3.344863653182983398e-02,9.985629469156265259e-03,-3.197978436946868896e-02,2.613013796508312225e-02,-2.801130153238773346e-02,5.653154570609331131e-03,2.124684303998947144e-02,-4.976708907634019852e-03,-1.618316210806369781e-02,-8.528049802407622337e-04,-2.034491486847400665e-02,5.076565314084291458e-03,-2.185242250561714172e-02,-4.473562166094779968e-02,5.901184864342212677e-03,1.434065215289592743e-02,-1.458546146750450134e-02,-2.855245769023895264e-02,6.906190421432256699e-03,-1.259477809071540833e-03,1.141582895070314407e-02,-4.776996560394763947e-03,-1.030774693936109543e-02,-5.289162509143352509e-03,-2.873284369707107544e-02,1.575796678662300110e-02,5.321374163031578064e-03,-2.368204854428768158e-02,-1.119034737348556519e-02,5.627385340631008148e-03,-1.797413267195224762e-02,-1.536498428322374821e-03,1.147381030023097992e-02,1.184746623039245605e-02,-2.752168290317058563e-02,9.457357227802276611e-03,1.805144175887107849e-02,-4.841419868171215057e-03,2.078299410641193390e-02,-6.875186227262020111e-05,-3.385450458154082298e-03,-1.006615930236876011e-03,-2.460974501445889473e-03,-8.465236984193325043e-03,-3.627038327977061272e-03,-1.694335788488388062e-02,1.418603584170341492e-02,-2.546013332903385162e-02,1.454559969715774059e-04,1.695624366402626038e-02,1.038505509495735168e-02,8.806681260466575623e-03,2.462182310409843922e-04,1.088111475110054016e-02,1.085534598678350449e-02,1.703999354504048824e-03,2.283165790140628815e-02,-5.878636613488197327e-03,1.106472220271825790e-03,2.689677523449063301e-03,6.010704673826694489e-03,1.207294780761003494e-02,-1.316814590245485306e-02,1.843798160552978516e-02,4.579216614365577698e-02,1.860548183321952820e-02,-9.165237861452624202e-05,3.417018055915832520e-02,-1.196342799812555313e-02,-7.750136777758598328e-03,-4.692601785063743591e-02,-1.093909610062837601e-02,-4.474206361919641495e-03,-1.124188653193414211e-03,1.461123116314411163e-02,4.960603080689907074e-03,-4.130829498171806335e-02,2.489964943379163742e-03,-7.028594613075256348e-03,1.164775341749191284e-02,2.308935299515724182e-02,-1.672431826591491699e-02,1.277194241993129253e-03,5.327011458575725555e-04,1.316653564572334290e-03,3.601268865168094635e-03,5.649933591485023499e-03,1.614450849592685699e-02,3.701125271618366241e-03,-3.630903735756874084e-02,3.759750723838806152e-02,1.957183331251144409e-02,4.538629669696092606e-03,-1.575796678662300110e-02,-1.133852172642946243e-02,3.578720847144722939e-03,-1.404430437833070755e-02,5.282720085233449936e-03,1.449526846408843994e-02,-1.921106316149234772e-02,4.574062477331608534e-04,-3.400348359718918800e-04,-3.710788860917091370e-02,-1.761980471201241016e-03,-8.368602022528648376e-03,-3.730115713551640511e-03,-1.132442848756909370e-04,9.573319926857948303e-03,-2.192973159253597260e-02,1.290401071310043335e-02,2.066703140735626221e-02,2.814014814794063568e-02,2.622033096849918365e-02,-1.269141305238008499e-02,6.307052448391914368e-03,1.328410860151052475e-02,1.220179535448551178e-02,-2.114376612007617950e-02,-1.503642555326223373e-02,-9.934091009199619293e-03,-4.007136449217796326e-02,4.367907531559467316e-03,3.205709159374237061e-02,2.164626866579055786e-02,3.862828016281127930e-02,1.349026337265968323e-02,1.444695168174803257e-03,2.285742759704589844e-02,5.810992326587438583e-03,1.260122004896402359e-02,1.633777841925621033e-02,-2.105035120621323586e-03,-1.367064937949180603e-02,-3.499479964375495911e-02,-8.658506907522678375e-03,6.538976915180683136e-03,-5.838372162543237209e-04,1.135784853249788284e-02,-9.309183806180953979e-03,2.266415767371654510e-02,1.173794642090797424e-02,-7.006046362221240997e-04,-9.631300345063209534e-03,-2.934285294031724334e-05,2.808860875666141510e-02,-1.418120460584759712e-03,-1.281381770968437195e-02,3.881510812789201736e-03,1.995112688746303320e-04,-6.352148950099945068e-03,-6.384360603988170624e-03,-4.548293352127075195e-02,-6.207196041941642761e-03,-1.881163753569126129e-02,-6.989940535277128220e-03,-2.752490574494004250e-03,1.879875361919403076e-02,7.679271046072244644e-03,-1.149957999587059021e-02,6.220886134542524815e-04,-6.756405928172171116e-04,1.062342151999473572e-02,-8.613410405814647675e-03,1.446949969977140427e-02,-1.689504133537411690e-03,-1.575957867316901684e-03,-2.692898735404014587e-03,-1.020466908812522888e-02,-5.508202128112316132e-03,2.780514582991600037e-02,2.852346748113632202e-03,-7.273403927683830261e-03,-2.966698259115219116e-03,-2.888746000826358795e-02,-9.934091009199619293e-03,-2.008722163736820221e-02,-7.235555094666779041e-04,-1.176371611654758453e-02,-1.963625662028789520e-02,1.740720681846141815e-02,-1.345160976052284241e-02,-4.094752296805381775e-02,1.293300068937242031e-03,4.854304250329732895e-03,9.623247897252440453e-04,-1.174116740003228188e-03,-2.594975195825099945e-02,-1.377372629940509796e-02,2.053818479180335999e-02,9.199663996696472168e-02,-5.298825912177562714e-03,1.606719940900802612e-02,9.315625764429569244e-03,-1.958471955731511116e-03,2.538282610476016998e-02,-1.169284991919994354e-02,-1.312949229031801224e-02,4.641707055270671844e-03,4.199601535219699144e-04,-1.389935263432562351e-03,-8.542545139789581299e-03,-2.568883821368217468e-03,-3.728827461600303650e-02,5.240845028311014175e-03,-8.329947479069232941e-03,-2.078299410641193390e-02,-4.451658111065626144e-03,-5.163536872714757919e-03,-5.646712612360715866e-03,-1.629912480711936951e-02,2.144011296331882477e-02,4.081223625689744949e-03,3.561326488852500916e-02,1.273006666451692581e-02,-2.388820238411426544e-02,1.557758171111345291e-02,3.605134412646293640e-02,6.559109315276145935e-04,1.161232125014066696e-03,1.531988848000764847e-02,1.137717533856630325e-02,1.052678655833005905e-02,1.410872861742973328e-02,3.105208743363618851e-03,-1.100996229797601700e-02,-8.999951183795928955e-03,1.888894662261009216e-02,1.046236325055360794e-02,-7.118787616491317749e-03,2.561474964022636414e-02,2.105357311666011810e-02,9.992072358727455139e-03,-1.148025318980216980e-02,-2.042222302407026291e-03,-1.456774538382887840e-03,-2.906784601509571075e-02,1.910798624157905579e-02,-2.164626866579055786e-02,-3.669557720422744751e-02,2.258685044944286346e-02,-1.342584006488323212e-02,-1.592546887695789337e-02,-1.111303921788930893e-02,8.619853295385837555e-03,2.235492458567023277e-03,3.395114094018936157e-03,7.767048082314431667e-04,1.508313231170177460e-03,-2.043510787189006805e-02,-2.798553183674812317e-02,-4.089598357677459717e-02,1.185390818864107132e-02,-1.275583636015653610e-03,-1.957183331251144409e-02,-1.490757893770933151e-02,-3.950443863868713379e-02,2.293473668396472931e-02,-1.725259050726890564e-02,2.038356848061084747e-02,-1.857971400022506714e-02,-3.453095210716128349e-03,-3.455672040581703186e-02,-5.031468812376260757e-03,2.677437104284763336e-02,3.380940854549407959e-02,1.225977577269077301e-02,5.979298148304224014e-04,-1.265920116566121578e-03,4.741563461720943451e-03,-4.952549934387207031e-04,-1.650527864694595337e-02,1.052678655833005905e-02,1.536498428322374821e-03,-2.517344895750284195e-03,1.575796678662300110e-02,-7.498885504901409149e-03,-1.079736463725566864e-02,-2.078299410641193390e-02,-1.881163800135254860e-03,-9.373607113957405090e-03,2.005178947001695633e-03,3.777789324522018433e-02,-2.790822461247444153e-02,-6.867536343634128571e-03,6.052580196410417557e-03,4.580504726618528366e-03,-2.329309209017083049e-04,-3.337132977321743965e-03,-2.713514305651187897e-02,-3.884732024744153023e-03,-7.811339455656707287e-04,-1.597700640559196472e-02,-7.608405314385890961e-03,2.991823479533195496e-02,6.500322837382555008e-03,-6.574409548193216324e-03,1.519104186445474625e-02,-1.991971954703330994e-02,-1.071361452341079712e-02,1.315526198595762253e-02,-1.779374852776527405e-02,1.672431826591491699e-02,1.642797142267227173e-02,-2.430051192641258240e-02,1.373507268726825714e-02,9.560435079038143158e-03,7.698598317801952362e-03,1.675008796155452728e-02,-9.650628082454204559e-03,-1.481738593429327011e-02,-1.626047119498252869e-02,1.908221654593944550e-02,7.994946092367172241e-03,-2.878438308835029602e-02,-7.221865002065896988e-03,1.184102427214384079e-02,-2.083453349769115448e-02,3.771991003304719925e-03,1.680162735283374786e-02,-1.000495627522468567e-02,1.591258309781551361e-02,-1.164131145924329758e-02,-1.608008518815040588e-02,-2.540859580039978027e-02,2.512513194233179092e-03,-8.961297571659088135e-03,-3.023068886250257492e-03,-2.775360830128192902e-02,-4.799544345587491989e-03,-8.882378460839390755e-04,-4.213291406631469727e-02,-3.852520370855927467e-03,-2.187819220125675201e-02,1.211804430931806564e-02,-3.393825516104698181e-02,1.064274832606315613e-02,-1.841221190989017487e-02,-2.932553924620151520e-02,2.248377166688442230e-02,-1.066207513213157654e-02,1.316814590245485306e-02,-1.766490004956722260e-02,8.278409019112586975e-03,3.280762583017349243e-03,-1.524258032441139221e-02,-1.682739704847335815e-02,-1.307151094079017639e-02,9.412260726094245911e-03,2.138857496902346611e-03,1.856682822108268738e-02,1.697557047009468079e-03,1.102284621447324753e-02,1.133852172642946243e-03,-5.540413782000541687e-03,-2.182665280997753143e-02,-1.142227184027433395e-02,-2.556321211159229279e-02,-2.857822738587856293e-02,1.033190521411597729e-03,-8.800238370895385742e-03,-6.207196041941642761e-03,2.656821720302104950e-02,2.525397809222340584e-03,-2.908717142418026924e-03,2.196838613599538803e-03,-1.751028373837471008e-02,7.144556846469640732e-03,-9.908321313560009003e-03,-2.084741741418838501e-02,-1.129342522472143173e-02,-3.469201037660241127e-03,1.998736523091793060e-03,1.446949969977140427e-02,1.008870732039213181e-02,-1.526835025288164616e-03,3.458248823881149292e-02,-2.551167272031307220e-02,1.838644221425056458e-02,1.213092915713787079e-02,1.781951636075973511e-02,-1.049457490444183350e-02,4.326676577329635620e-02,8.817955385893583298e-04,3.179939836263656616e-02,4.992814734578132629e-03,3.038208372890949249e-02,1.694335788488388062e-02,-1.047524716705083847e-02,1.136429049074649811e-02,2.047376148402690887e-02,1.662124134600162506e-02,-2.808860875666141510e-02,-2.285742759704589844e-02,-2.144011296331882477e-02,2.401382895186543465e-03,1.887606107629835606e-03,3.060112241655588150e-03,-6.886863149702548981e-03,9.959859773516654968e-03,-3.971099795307964087e-05,-3.015015833079814911e-02,-2.793399430811405182e-02,-1.726547628641128540e-02,5.949502345174551010e-03,1.352891791611909866e-02,-1.533277332782745361e-02,1.651816442608833313e-02,-1.488180924206972122e-02,-1.055255532264709473e-02,-2.609337116155074909e-06,3.668913617730140686e-03,9.122355841100215912e-03,-1.382526475936174393e-02,1.499777100980281830e-02,2.360473945736885071e-02,-3.691461868584156036e-03,-1.517815701663494110e-02,4.036127123981714249e-03,-2.480301540344953537e-03,-4.859941545873880386e-04,2.485455386340618134e-02,3.402361762709915638e-04,-2.046087756752967834e-02,3.697904059663414955e-03,-2.638138830661773682e-03,1.535854209214448929e-02,-2.201992459595203400e-02,-3.092323988676071167e-02,-4.422667436301708221e-03,-5.279499106109142303e-03,7.787180365994572639e-04,-3.543287981301546097e-03,-1.530700363218784332e-02,9.225433692336082458e-03,6.861093919724225998e-03,4.461321514099836349e-03,3.952376544475555420e-03,-2.232915535569190979e-02,-5.372913088649511337e-03,-2.632340788841247559e-02,-3.562615020200610161e-03,-8.883989416062831879e-03,5.021805409342050552e-03,7.975619286298751831e-03,6.274840794503688812e-03,2.336959354579448700e-03,1.844120328314602375e-03,-2.298627421259880066e-02,-2.989246509969234467e-03,-1.622181572020053864e-02,2.775360830128192902e-02,1.463699992746114731e-02,-2.174290362745523453e-03,1.754893921315670013e-02,2.252242714166641235e-02,-2.279300428926944733e-02,-7.299978169612586498e-04,-1.796124875545501709e-02,2.594975195825099945e-02,-2.151742018759250641e-02,-2.183953858911991119e-02,-3.033054433763027191e-02,7.521433872170746326e-04,2.214877121150493622e-02,1.024332363158464432e-02,2.249987795948982239e-03,7.010073168203234673e-04,-2.623643726110458374e-03,-1.851529069244861603e-02,1.030130404978990555e-02,2.070568688213825226e-02,-1.166708115488290787e-02,-1.080380659550428391e-02,-5.936617963016033173e-03,-1.964914239943027496e-02,-6.635611876845359802e-03,-6.758016534149646759e-03,4.061252251267433167e-02,-5.302047356963157654e-03,-2.850092016160488129e-02,-5.711135920137166977e-03,1.208583265542984009e-02,7.080133538693189621e-03,-7.982061244547367096e-03,7.878983393311500549e-03,8.606968447566032410e-03,3.100054711103439331e-02,-1.694335788488388062e-02,1.885029114782810211e-02,-2.291863085702061653e-03,-3.543287981301546097e-03,-2.021606825292110443e-02,9.992072358727455139e-03,1.271718274801969528e-02,-2.357897115871310234e-03,-4.851083271205425262e-03,-2.171069197356700897e-02,-1.100996229797601700e-02,3.264978900551795959e-02,5.318153183907270432e-03,1.847663521766662598e-02,6.323158275336027145e-03,-1.743297651410102844e-02,-1.595123857259750366e-02,-9.322068654000759125e-03,1.574508287012577057e-02,-1.220823731273412704e-02,-3.661826997995376587e-02,5.846424959599971771e-03,-4.596610553562641144e-03,-6.551056285388767719e-04,2.080876380205154419e-02,-2.150453627109527588e-02,3.043362125754356384e-02,6.796670611947774887e-03,-8.175331167876720428e-03,1.254968158900737762e-02,-1.836067438125610352e-02,-4.883294925093650818e-03,7.569751236587762833e-03,-1.338396454229950905e-03,-2.570494310930371284e-03,-1.744586043059825897e-02,1.584815979003906250e-02,1.557436073198914528e-03,-8.735815063118934631e-03,1.246593077667057514e-03,-8.497448638081550598e-03,6.996382959187030792e-03,-9.921206161379814148e-03,4.374349955469369888e-03,1.524258032441139221e-02,1.108082756400108337e-02,-5.949502345174551010e-03,9.148125536739826202e-03,9.132019476965069771e-04,-5.820655729621648788e-03,-2.873284369707107544e-02,-4.945141449570655823e-02,-1.218246761709451675e-02,2.690321952104568481e-02,1.272362470626831055e-02,-1.979087293148040771e-02,-9.231875650584697723e-03,1.774865086190402508e-03,-5.063680559396743774e-02,-1.367064937949180603e-02,-1.364487968385219574e-02,2.426185831427574158e-02,-3.356460016220808029e-03,1.407651696354150772e-03,2.077011018991470337e-02,1.748451590538024902e-02,3.990225377492606640e-04,1.964914239943027496e-02,-2.728975936770439148e-02,-1.819317229092121124e-02,-5.079786293208599091e-03,-2.423608861863613129e-02,2.469027414917945862e-03,3.385450458154082298e-03,-1.305862609297037125e-02,-2.207146212458610535e-02,3.679865598678588867e-02,-7.292730733752250671e-03,5.907627288252115250e-03,2.765052951872348785e-02,6.055801059119403362e-04,-1.137717533856630325e-02,-1.305218413472175598e-02,1.174438837915658951e-02,1.140938699245452881e-02,-2.253531105816364288e-02,-6.097676232457160950e-03,-3.697904059663414955e-03,4.867189098149538040e-03,-9.077259339392185211e-03,2.222607843577861786e-02,-2.687744982540607452e-02,3.221170743927359581e-03,2.777937799692153931e-02,-1.770355552434921265e-02,8.748699910938739777e-03,-5.414788145571947098e-03,-5.260171834379434586e-03,-1.403142046183347702e-02,-2.311190124601125717e-03,7.389365695416927338e-03,-2.343723922967910767e-02,-1.722682081162929535e-02,4.986372310668230057e-03,-6.294167600572109222e-03,-2.218742482364177704e-02,1.656970195472240448e-02,1.954606547951698303e-02,4.934833850711584091e-03,-1.190544757992029190e-02,-1.911764848046004772e-03,-1.452103815972805023e-02,-9.953417815268039703e-03,1.946875639259815216e-02,-9.148125536739826202e-03,2.491575665771961212e-03,2.230338752269744873e-02,-1.289756782352924347e-02,6.269203731790184975e-04,-7.801675703376531601e-03,1.050101686269044876e-02,2.795976214110851288e-02,-1.973933540284633636e-02,-8.181774057447910309e-03,-9.083701297640800476e-03,-1.061375834979116917e-03,-1.530700363218784332e-02,-2.899053692817687988e-02,-1.541330246254801750e-03,-7.756579201668500900e-03,1.070717163383960724e-02,5.620942916721105576e-03,1.392834261059761047e-02,-1.721393689513206482e-02,-2.284454368054866791e-02,1.142227184027433395e-02,-6.783785764127969742e-03,7.994946092367172241e-03,2.148134410381317139e-01,-2.116953395307064056e-02,-1.001784112304449081e-03,1.372218783944845200e-02,-4.815650172531604767e-03,-5.695030093193054199e-03,2.019029855728149414e-02,1.571931317448616028e-02,-2.298627421259880066e-02,1.758759282529354095e-02,-1.789682544767856598e-02,-7.157441694289445877e-03,-8.130235597491264343e-03,2.555998973548412323e-03,2.265127375721931458e-02,-4.022598266601562500e-02,-1.680162735283374786e-02,-1.378661114722490311e-02,-2.775360830128192902e-02,-2.432628162205219269e-02,1.049457490444183350e-02,6.017147097736597061e-03,1.551315840333700180e-02,-2.606571465730667114e-02,3.337938396725803614e-04,2.046087756752967834e-02,-3.092323988676071167e-02,-5.566183011978864670e-03,4.380792379379272461e-02,9.779474698007106781e-03,-2.209723182022571564e-02,-1.567099592648446560e-03,3.730115713551640511e-03,-2.641360089182853699e-02,-1.146092545241117477e-02,-7.930522784590721130e-03,2.601417526602745056e-02,5.598394665867090225e-03,3.174785897135734558e-02,-1.368353329598903656e-02,2.680014073848724365e-02,-4.892958328127861023e-03,-2.973140683025121689e-03,-1.029486209154129028e-02,6.867536343634128571e-03,2.762476168572902679e-02,-1.794836297631263733e-02,-1.253679674118757248e-02,-2.400416508316993713e-02,1.739432220347225666e-03,-1.684028096497058868e-02,3.897616639733314514e-03,2.299915999174118042e-02,2.146588265895843506e-02,4.197185393422842026e-03,3.858962561935186386e-03,-4.722236655652523041e-03,3.630903735756874084e-02,-4.355023149400949478e-03,-8.091581054031848907e-03,-4.548293072730302811e-03,1.714951358735561371e-02,-1.481738593429327011e-02,1.597700640559196472e-02,2.392685599625110626e-02,3.350017592310905457e-02,-1.278804801404476166e-02,-3.226324543356895447e-02,9.785916656255722046e-03,-1.531988848000764847e-02,9.489568881690502167e-03,-2.070568688213825226e-02,1.484315469861030579e-02,2.692898735404014587e-02,-1.422469038516283035e-02,-1.579662226140499115e-02,1.568065956234931946e-02,5.653154570609331131e-03,9.045047685503959656e-03,1.042370870709419250e-02,-2.100203372538089752e-02,-1.598989218473434448e-02,-1.066851802170276642e-02,-1.249814312905073166e-02,6.712920032441616058e-03,-2.463551424443721771e-02,7.982061244547367096e-03,-2.013875916600227356e-02,-3.228901699185371399e-02,1.865702122449874878e-02,2.821745723485946655e-02,-3.025323711335659027e-02,-1.296199113130569458e-02,4.622380249202251434e-03,1.003716792911291122e-02,6.470527150668203831e-04,-2.834630385041236877e-02,1.206006389111280441e-02,-6.071907002478837967e-03,-8.948815229814499617e-05,-1.557758171111345291e-02,-6.886863149702548981e-03,4.376765864435583353e-04,1.387680415064096451e-02,1.829624990932643414e-03,1.319391559809446335e-02,2.499628579244017601e-03,3.329402208328247070e-02,2.053496427834033966e-04,5.258561577647924423e-04,5.347143393009901047e-03,-1.108082756400108337e-02,4.045790527015924454e-03,-1.206650584936141968e-02,7.672829087823629379e-03,-4.683582577854394913e-03,-3.098766319453716278e-03,-7.279845885932445526e-03,2.958323247730731964e-02,7.518212776631116867e-03,-9.985629469156265259e-03,-1.428911369293928146e-02,-2.630085917189717293e-03,2.355320192873477936e-02,-1.890183053910732269e-02,-2.455820702016353607e-02,-1.827048137784004211e-02,1.296843402087688446e-02,7.357154041528701782e-03,-1.410067547112703323e-03,-5.707914475351572037e-03,-2.208434790372848511e-02,1.489469408988952637e-02,7.292730733752250671e-03,1.787105575203895569e-02,1.814163476228713989e-02,6.113782059401273727e-03,-1.537142693996429443e-02,-2.288319729268550873e-02,1.067495997995138168e-02,-6.738689262419939041e-03,2.521532587707042694e-02,1.030774693936109543e-02,1.162198465317487717e-02,8.452352136373519897e-03,-1.525546517223119736e-02,2.829476445913314819e-02,-2.688067033886909485e-03,-5.150652024894952774e-03,-4.464542958885431290e-03,-1.200852449983358383e-02,1.409584376960992813e-02,3.275930648669600487e-03,1.795802672859281301e-04,2.098914980888366699e-02,5.434114951640367508e-03,-4.501586081460118294e-04,-1.529411878436803818e-02,2.860399708151817322e-02,-5.443778820335865021e-03,-5.251796916127204895e-02,2.858789172023534775e-03,1.231131516396999359e-02,-1.821894198656082153e-02,-5.946281366050243378e-03,1.038022339344024658e-03,-1.627593189477920532e-01,-9.940532967448234558e-03,2.585955895483493805e-02,-1.651816442608833313e-02,1.507507916539907455e-02,-3.517518518492579460e-03,1.605431549251079559e-02,1.146736834198236465e-02,1.154467649757862091e-02,-6.790228188037872314e-03,2.042222209274768829e-02,-2.082164771854877472e-02,-1.161554176360368729e-02,-7.404666393995285034e-04,-5.943060386925935745e-03,7.537539582699537277e-03,-2.638783119618892670e-02,1.028841920197010040e-02,2.765052951872348785e-02,2.187819220125675201e-02,2.806284092366695404e-02,1.455969177186489105e-02,-1.079092267900705338e-02,-2.122107334434986115e-02,2.177511528134346008e-02,1.968779601156711578e-02,-2.296050637960433960e-02,3.780366107821464539e-02,3.407998709008097649e-03,-2.028049156069755554e-02,-2.770206891000270844e-02,8.761584758758544922e-03,3.316517546772956848e-02,-8.935527876019477844e-03,1.834778860211372375e-02,2.343401778489351273e-03,-5.737710744142532349e-04,5.620942916721105576e-03,-2.395262569189071655e-02,2.296050637960433960e-02,3.388671576976776123e-02,2.819168753921985626e-02,2.254819497466087341e-02,-1.186679303646087646e-02,6.977056153118610382e-03,3.958174586296081543e-02,1.213092915713787079e-02,-1.176371611654758453e-02,1.088755764067173004e-02,-2.508647926151752472e-02,-1.399276591837406158e-02,-8.342832326889038086e-03,-4.641707055270671844e-03,9.623247897252440453e-04,7.692155893892049789e-03,1.060570473782718182e-03,-2.511224709451198578e-02,1.037861220538616180e-02,-1.264631655067205429e-02,-2.253209007903933525e-03,-3.685019444674253464e-03,-9.206105954945087433e-03,8.355717174708843231e-03,-2.377224154770374298e-03,1.989395171403884888e-02,-1.649239473044872284e-02,-1.559046655893325806e-02,-1.964914239943027496e-02,-2.878438308835029602e-02,7.885426282882690430e-03,-7.382923737168312073e-03,-3.785520046949386597e-02,1.086178794503211975e-02,-2.245800383388996124e-02,6.996382959187030792e-03,1.922636292874813080e-04,-2.649090811610221863e-02,1.508796401321887970e-02,1.707220566459000111e-03,-2.357897115871310234e-03,-1.946875639259815216e-02,1.324545405805110931e-02,1.472880365327000618e-03,8.606968447566032410e-03,-9.470242075622081757e-03,-8.639180101454257965e-03,-2.833019709214568138e-03,-1.937856338918209076e-02,1.847663521766662598e-02,7.763021625578403473e-03,1.207939069718122482e-02,-2.858789172023534775e-03,-2.178799919784069061e-02,-1.917240954935550690e-02,2.221319451928138733e-02,1.446949969977140427e-02,1.631200872361660004e-02,-4.277714993804693222e-03,-9.045047685503959656e-03,-9.354280307888984680e-03,1.043659355491399765e-02,-1.525546517223119736e-02,-3.079439327120780945e-02,3.491749241948127747e-02,2.401704899966716766e-02,-5.749789997935295105e-03,-7.015710230916738510e-03,3.030477464199066162e-02,2.806284092366695404e-02,1.395411230623722076e-02,-4.145646933466196060e-03,2.268992736935615540e-02,1.202785223722457886e-02,2.357897115871310234e-03,1.104861591011285782e-02,3.187670558691024780e-02,-1.950741000473499298e-02,-2.075722441077232361e-02,4.857525695115327835e-03,7.337827235460281372e-03,4.772486537694931030e-02,2.003568224608898163e-03,-1.324545405805110931e-02,6.300610024482011795e-03,-1.253679674118757248e-02,-2.594975195825099945e-02,-1.358561068773269653e-01,-2.968630939722061157e-02,1.403142046183347702e-02,1.258189324289560318e-02,2.006145194172859192e-02,2.549878880381584167e-02,2.567273098975419998e-03,1.461606239899992943e-03,-1.530700363218784332e-02,-2.093760995194315910e-04,-1.292333751916885376e-02,-2.105357311666011810e-02,-2.222607843577861786e-02,5.205411929637193680e-03,-6.977056153118610382e-03,-1.816740259528160095e-02,7.511770352721214294e-03,-1.035284344106912613e-02,-2.031914517283439636e-02,2.922246232628822327e-02,9.702166542410850525e-03,7.885426282882690430e-03,3.894395427778363228e-03,-2.254819497466087341e-03,9.752094629220664501e-04,9.592646732926368713e-03,-3.185093775391578674e-02,9.128797799348831177e-03,1.687893457710742950e-02,-3.321027150377631187e-03,1.461123116314411163e-02,-2.443258184939622879e-03,-7.891868241131305695e-03,1.848952099680900574e-02,-1.328410860151052475e-02,-1.365776453167200089e-02,-3.558749705553054810e-02,-8.974181488156318665e-03,2.177511528134346008e-02,-2.623321488499641418e-02,1.181525457650423050e-02,1.350314822047948837e-02,2.586600137874484062e-03,-9.888994507491588593e-03,2.386243268847465515e-02,2.755711553618311882e-03,-6.284504197537899017e-03,2.222607843577861786e-02,3.321671485900878906e-02,-1.825759559869766235e-02,-7.093017920851707458e-03,-1.287824101746082306e-02,-2.421032078564167023e-02,9.334953501820564270e-03,1.632489450275897980e-02,-2.623321488499641418e-02,-4.892958328127861023e-03,-6.313494872301816940e-03,-1.064274832606315613e-02,-1.805466250516474247e-03,5.111997947096824646e-03,1.528123393654823303e-02,-5.695030093193054199e-03,3.491749241948127747e-02,-4.113435279577970505e-03,-1.682739704847335815e-02,-2.556321211159229279e-02,-1.221468020230531693e-02,1.976510509848594666e-02,-2.527974918484687805e-02,7.878983393311500549e-03,2.448089793324470520e-02,1.036411733366549015e-03,5.715645477175712585e-02,-1.292333751916885376e-02,1.007582247257232666e-02,-1.651816442608833313e-02,-2.294762060046195984e-02,7.956291548907756805e-03,-3.806135430932044983e-02,-3.800981491804122925e-02,-2.716091275215148926e-02,1.638931781053543091e-02,-3.027900494635105133e-02,1.684028096497058868e-02,3.201843705028295517e-03,3.424104535952210426e-03,-2.453243732452392578e-02,-7.486001122742891312e-03,-1.815451867878437042e-02,4.113435279577970505e-03,-5.434114951640367508e-03,2.100203372538089752e-02,-2.338569983839988708e-02,-7.878983393311500549e-03,1.245304662734270096e-02,-6.162100005894899368e-03,-9.257645346224308014e-03,-9.921206161379814148e-03,5.198969505727291107e-03,-1.351603306829929352e-02,-2.486743964254856110e-03,-3.886020556092262268e-02,1.865702122449874878e-02,-2.378512546420097351e-02,-8.149562403559684753e-03,-5.053211934864521027e-04,-1.220823731273412704e-02,4.693245980888605118e-03,-2.365627884864807129e-02,-1.897913776338100433e-02,-2.128549665212631226e-02,-2.526686340570449829e-02,2.592398226261138916e-02,5.592757952399551868e-04,-1.370930299162864685e-02,-2.606571465730667114e-02,-2.226473204791545868e-02,-8.284850977361202240e-03,4.403340630233287811e-03,3.997473046183586121e-03,1.854105852544307709e-02,2.450666762888431549e-02,6.310273427516222000e-03,-4.902622196823358536e-03,9.341395460069179535e-03,-2.991823479533195496e-02,7.434462197124958038e-03,-4.480648785829544067e-03,2.480301540344953537e-03,6.236186716705560684e-03,-3.916943911463022232e-03,2.850736258551478386e-03,-2.298627421259880066e-02,2.498340047895908356e-02,3.651519119739532471e-02,4.304289468564093113e-04,-4.677139967679977417e-02,8.645622059702873230e-03,1.838644221425056458e-02,3.146439790725708008e-02,4.829179123044013977e-02,-1.635066233575344086e-02,-1.475296262651681900e-02,-3.823529696092009544e-03,3.029511077329516411e-03,-1.090044248849153519e-02,1.271073985844850540e-02,-1.470142323523759842e-02,1.944298669695854187e-02,3.234055638313293457e-02,-7.556866854429244995e-03,3.182516619563102722e-02,3.277863562107086182e-02,-1.939144800417125225e-03,-1.430199854075908661e-02,-2.225184813141822815e-02,-2.375935576856136322e-02,2.178799919784069061e-02,-2.514526422601193190e-04,8.967739529907703400e-03,-5.926954373717308044e-02,3.901482000946998596e-02,-9.740820154547691345e-03,-2.605927176773548126e-03,-2.649090811610221863e-02,-1.114525133743882179e-03,-6.445562932640314102e-03,2.020318247377872467e-02,3.366123419255018234e-03,-4.776996560394763947e-03,-1.060409471392631531e-02,-1.179592777043581009e-02,-1.244177226908504963e-03,9.283414110541343689e-03,1.539719663560390472e-02,5.037911236286163330e-03,2.865231363102793694e-03,-3.369344631209969521e-03,1.464988477528095245e-02,-4.581793397665023804e-02,1.726547628641128540e-02,1.605431549251079559e-02,-2.468705363571643829e-02,1.133046811446547508e-03,2.883592061698436737e-02,1.618316210806369781e-02,8.761584758758544922e-03,-3.823127190116792917e-04,1.877338654594495893e-04,9.798801504075527191e-03,2.908717142418026924e-03,2.289044496137648821e-04,1.502354070544242859e-02,2.966054156422615051e-02,1.137717533856630325e-02,-1.494623254984617233e-02,1.229198742657899857e-02,1.418120460584759712e-03,2.125972649082541466e-03,-5.469548050314188004e-03,4.422667436301708221e-03,6.030031945556402206e-03,4.245503339916467667e-03,-1.131275203078985214e-02,-1.140294503420591354e-02,-4.332474898546934128e-03,-5.215075332671403885e-03,-1.225333381444215775e-02,-1.807721145451068878e-02,-1.667278073728084564e-02,3.257247805595397949e-02,-5.263393279165029526e-03,6.110561080276966095e-03,1.995837502181529999e-02,5.656376015394926071e-03,-1.860548183321952820e-02,1.928837038576602936e-02,2.875861339271068573e-02,-8.922643028199672699e-03,-3.270132467150688171e-02,3.231478482484817505e-02,2.080876380205154419e-02,4.609495401382446289e-03,3.754596784710884094e-02,-7.788790855556726456e-03,1.958471909165382385e-02,1.412483397871255875e-03,7.840329781174659729e-03,-1.276227924972772598e-02,-5.810992326587438583e-03,1.778086274862289429e-02,3.166410839185118675e-03,-4.522523842751979828e-03,-3.870558738708496094e-02,-2.459686063230037689e-02,1.017245743423700333e-02,2.806284092366695404e-02,-6.287725642323493958e-03,2.656821720302104950e-02,-4.306061193346977234e-02,3.772635385394096375e-02,2.319243038073182106e-03,-1.419892068952322006e-02,-2.705783583223819733e-03,3.770058229565620422e-02,3.829327970743179321e-02,-7.382923737168312073e-03,2.160761319100856781e-02,7.801675703376531601e-03,-4.577283747494220734e-03,1.374795753508806229e-02,-7.002825383096933365e-03,1.866990700364112854e-02,-3.907280042767524719e-03,-3.295902162790298462e-02,8.366990950889885426e-04,1.761980471201241016e-03,3.599980473518371582e-02,4.119877703487873077e-03,-1.639575930312275887e-03,1.839932799339294434e-02,-7.370038889348506927e-03,-7.492443546652793884e-03,-9.573319926857948303e-03,-1.655681803822517395e-02,-2.016452886164188385e-02,2.468705363571643829e-02,-7.930522784590721130e-03,-1.166063826531171799e-02,-4.249368607997894287e-02,-2.507681492716073990e-03,2.855245769023895264e-02,-1.751028373837471008e-02,-1.638931781053543091e-02,1.263343170285224915e-02,-6.171763408929109573e-03,-1.209227554500102997e-02,-6.803112570196390152e-03,-1.326317084021866322e-03,-5.398682318627834320e-03,-1.962337270379066467e-02,1.571931317448616028e-02,-2.388820238411426544e-02,-1.453392300754785538e-02,3.373210132122039795e-02,1.400565076619386673e-02,-1.084890309721231461e-02,1.104861614294350147e-03,-1.570642925798892975e-02
-1.610632613301277161e-02,-6.339035928249359131e-03,1.468327734619379044e-02,-2.848685160279273987e-02,-1.148141734302043915e-02,3.777547925710678101e-02,1.193420495837926865e-02,4.155949573032557964e-04,-1.504550781100988388e-02,-1.490320265293121338e-02,2.786588482558727264e-02,2.322157099843025208e-02,-1.934052817523479462e-02,-1.155256945639848709e-02,2.071506343781948090e-03,-6.170857232064008713e-03,2.799525298178195953e-02,1.065346132963895798e-02,1.485145557671785355e-02,-4.592566750943660736e-03,-1.354483794420957565e-02,8.480077609419822693e-03,-7.677995599806308746e-03,-3.014276362955570221e-02,-1.082649105228483677e-03,-1.756818592548370361e-02,1.333784870803356171e-02,-3.163049463182687759e-03,5.779519211500883102e-03,-5.122976005077362061e-02,6.581601221114397049e-03,8.745281957089900970e-03,-7.438664790242910385e-03,-2.732253819704055786e-02,-2.284640260040760040e-02,-6.908255629241466522e-03,-3.444425063207745552e-03,-6.387548986822366714e-03,8.842308074235916138e-03,-1.794335246086120605e-02,-3.657882567495107651e-03,-6.862976588308811188e-03,1.100275479257106781e-02,-1.760699599981307983e-02,-2.990989945828914642e-02,3.344164928421378136e-03,-1.118387095630168915e-02,-4.346767440438270569e-02,-4.010410630144178867e-04,2.512328140437602997e-02,2.170796319842338562e-02,-1.193420495837926865e-02,-2.887495607137680054e-02,-3.041767049580812454e-03,-5.705132149159908295e-03,1.500669773668050766e-02,7.317382260225713253e-04,2.639108896255493164e-02,-1.565353758633136749e-02,1.023301482200622559e-02,1.128089707344770432e-02,6.817698013037443161e-03,-1.425636280328035355e-02,1.000015251338481903e-02,7.121712900698184967e-03,1.745175383985042572e-02,4.518180154263973236e-03,6.513682659715414047e-03,-1.385532133281230927e-02,-3.154963953420519829e-03,1.420461479574441910e-02,1.604164205491542816e-02,1.089926064014434814e-02,8.292494341731071472e-03,1.428223587572574615e-02,-1.482558157294988632e-02,-1.432104688137769699e-02,4.697678377851843834e-04,9.081639349460601807e-03,3.680521855130791664e-03,-2.437294647097587585e-02,-1.279450301080942154e-02,-1.027182582765817642e-02,1.914647594094276428e-02,-8.020821027457714081e-03,-1.182424277067184448e-02,4.016879014670848846e-03,2.131985872983932495e-02,-1.175308972597122192e-02,-1.817621476948261261e-02,2.436001040041446686e-02,1.171427965164184570e-02,4.825429525226354599e-03,1.917234994471073151e-02,-8.777623996138572693e-03,1.137145422399044037e-02,-1.199888903647661209e-02,3.373919427394866943e-02,2.128104912117123604e-03,-2.029785141348838806e-02,-5.866842344403266907e-03,1.207004208117723465e-02,-3.641711547970771790e-03,2.671450842171907425e-03,-3.384269028902053833e-02,-1.457978226244449615e-02,-4.935392178595066071e-03,2.025904133915901184e-02,3.045324608683586121e-02,-5.177957471460103989e-03,-9.929000400006771088e-03,4.908224940299987793e-02,1.377770025283098221e-02,-2.452818863093852997e-02,2.539495378732681274e-02,4.434899601619690657e-04,4.786618985235691071e-03,-1.060818228870630264e-02,-3.278187289834022522e-02,-9.191602468490600586e-03,-9.838442318141460419e-03,1.367420610040426254e-02,4.915987141430377960e-03,-9.346843697130680084e-03,-1.111918687820434570e-02,9.722011163830757141e-03,-1.264572981745004654e-02,-1.438411301933228970e-03,-1.327316462993621826e-02,1.150729041546583176e-02,3.420491889119148254e-02,9.689669124782085419e-03,2.153978496789932251e-02,1.080870348960161209e-02,-2.371316961944103241e-02,5.472269840538501740e-03,3.777547972276806831e-03,-7.529222406446933746e-03,-1.610632613301277161e-02,-2.438588254153728485e-02,-2.432119799777865410e-03,4.417920019477605820e-03,1.972863217815756798e-03,-1.188892684876918793e-02,-1.489349990151822567e-03,3.073785640299320221e-02,2.280759252607822418e-02,-1.688253483735024929e-03,-1.234171446412801743e-02,-1.989681087434291840e-02,1.360952202230691910e-02,-1.959926448762416840e-03,4.103555530309677124e-02,-1.318745897151529789e-03,-1.723182760179042816e-02,1.531718112528324127e-02,-9.573237970471382141e-03,1.504550781100988388e-02,-1.265866681933403015e-02,6.322864908725023270e-03,-4.045986570417881012e-03,-1.294974517077207565e-02,2.509740740060806274e-02,1.743881776928901672e-02,8.719408884644508362e-03,3.267837688326835632e-02,8.708089007996022701e-04,-1.686959713697433472e-02,-1.162372156977653503e-02,8.240746334195137024e-03,1.485145557671785355e-02,4.613265767693519592e-02,4.265103780198842287e-04,2.301458083093166351e-02,1.998736755922436714e-03,1.617101021111011505e-02,7.069965824484825134e-03,6.668924354016780853e-03,-1.891361363232135773e-02,-7.238144055008888245e-03,-2.579276042524725199e-04,1.034944667480885983e-03,7.710337638854980469e-03,4.802790004760026932e-03,3.635243047028779984e-03,-1.662379875779151917e-02,2.812462113797664642e-02,1.289152912795543671e-02,-5.110039375722408295e-03,1.800803653895854950e-02,1.822796277701854706e-02,3.164343163371086121e-02,-2.903019636869430542e-02,7.658590562641620636e-03,-6.689882278442382812e-01,-4.482604097574949265e-03,-1.261338777840137482e-02,-1.205063704401254654e-02,1.049822010099887848e-02,5.773050710558891296e-03,-1.097688172012567520e-02,1.058230921626091003e-02,4.224676231388002634e-04,1.403643656522035599e-02,2.690856112167239189e-03,5.462567321956157684e-03,7.361043710261583328e-03,-3.073785640299320221e-02,-4.665336455218493938e-04,-2.662395127117633820e-02,1.000662147998809814e-02,-4.421801120042800903e-02,-6.060894578695297241e-03,-2.086707204580307007e-02,-2.711554989218711853e-02,5.831266287714242935e-03,1.278803497552871704e-02,-1.484498730860650539e-03,8.829371654428541660e-04,-7.943199947476387024e-03,2.088000811636447906e-02,-1.790130860172212124e-03,-1.824089884757995605e-02,7.807363756000995636e-03,-2.103848382830619812e-03,2.778826281428337097e-02,8.745281957089900970e-03,3.906916081905364990e-02,4.144953191280364990e-02,-5.488440860062837601e-03,-1.315673347562551498e-02,6.452233064919710159e-03,2.483867108821868896e-02,1.959926448762416840e-02,-2.113874442875385284e-02,2.744220430031418800e-03,1.433398295193910599e-02,-6.765950471162796021e-03,2.938272431492805481e-03,1.818915270268917084e-02,4.143012687563896179e-03,5.764965317212045193e-04,7.639185059815645218e-03,-1.571822213008999825e-03,8.337772451341152191e-03,3.418551525101065636e-03,-2.191495336592197418e-02,3.036915790289640427e-03,-4.246507305651903152e-03,4.941860679537057877e-03,2.670157141983509064e-02,-7.471006829291582108e-03,1.234171446412801743e-02,9.948405437171459198e-03,8.499482646584510803e-03,1.380357425659894943e-02,-4.002648591995239258e-02,1.119680702686309814e-02,-8.318367414176464081e-03,6.187028251588344574e-03,3.476767102256417274e-03,1.062758825719356537e-02,3.355808183550834656e-02,-2.328625507652759552e-02,1.460565626621246338e-02,1.469621434807777405e-02,-7.787958253175020218e-03,-1.718008145689964294e-02,1.580716227181255817e-03,-1.018773671239614487e-02,1.113212294876575470e-02,-2.115168049931526184e-02,-2.311807684600353241e-02,1.259398274123668671e-02,-8.900524117052555084e-03,-9.346843697130680084e-03,-3.461889922618865967e-02,-7.587437983602285385e-03,2.690856158733367920e-02,1.693428121507167816e-02,-2.640402503311634064e-02,-1.940521225333213806e-02,-1.132617518305778503e-02,-1.230937242507934570e-02,-3.492938121780753136e-03,2.072476595640182495e-02,2.031078934669494629e-02,-1.754231192171573639e-02,3.767198324203491211e-02,-1.355777494609355927e-02,-1.704424503259360790e-03,7.192865479737520218e-03,1.001955755054950714e-02,3.771079471334815025e-03,8.395988494157791138e-03,-3.900447627529501915e-03,-3.218031022697687149e-03,3.531748661771416664e-03,3.443778306245803833e-02,-7.639185059815645218e-03,-2.209606766700744629e-02,-1.306617632508277893e-02,2.681153360754251480e-03,-8.402456529438495636e-03,-5.971145583316683769e-04,-1.462667831219732761e-03,1.597695797681808472e-02,1.851257309317588806e-02,-2.500038128346204758e-03,-3.425666689872741699e-02,8.680597878992557526e-03,2.789499238133430481e-03,5.381712224334478378e-03,-2.336387522518634796e-02,2.890083007514476776e-02,3.040149807929992676e-02,8.059631101787090302e-03,-7.956136949360370636e-03,5.197362508624792099e-03,1.535599119961261749e-02,-6.377846468240022659e-03,-5.475503858178853989e-03,1.078606350347399712e-03,3.864871396217495203e-04,-3.586729988455772400e-03,-5.165020469576120377e-03,7.458069827407598495e-03,-1.187598984688520432e-02,4.492306616157293320e-03,-4.582217335700988770e-02,1.230937242507934570e-02,-3.523986414074897766e-02,1.299502328038215637e-02,-3.573146462440490723e-02,1.321980031207203865e-03,1.527837011963129044e-02,1.309851836413145065e-02,-2.812462113797664642e-02,-9.015338146127760410e-04,-2.338974922895431519e-02,7.302828133106231689e-03,-1.988387480378150940e-02,-5.480032041668891907e-02,-4.569927230477333069e-03,6.985876243561506271e-03,-2.887495607137680054e-02,-4.667600244283676147e-02,1.977714477106928825e-03,2.310433046659454703e-04,1.287859212607145309e-02,-1.073108240962028503e-02,1.116810381063260138e-04,4.778028232976794243e-05,-2.527852356433868408e-02,7.367512211203575134e-03,6.817698013037443161e-03,-2.455406077206134796e-02,-3.684968978632241488e-04,1.642974652349948883e-02,-1.627450436353683472e-02,-1.411405764520168304e-02,8.648255839943885803e-03,5.863608326762914658e-03,-2.028491534292697906e-02,-1.544654835015535355e-02,4.553756210952997208e-03,-7.800895255059003830e-03,1.987093687057495117e-02,4.576395731419324875e-04,2.399777993559837341e-03,-2.103848382830619812e-03,-1.543320831842720509e-04,-9.230412542819976807e-03,-1.985799986869096756e-03,-1.860312931239604950e-02,7.322233170270919800e-03,-2.009086310863494873e-02,4.472901578992605209e-03,1.202476304024457932e-02,9.793163277208805084e-03,1.141026429831981659e-02,-3.773909411393105984e-04,-7.264017593115568161e-03,-1.104156579822301865e-02,-7.082902360707521439e-03,1.758112199604511261e-02,3.163049463182687759e-03,-2.585744485259056091e-03,-1.351896394044160843e-02,5.401117261499166489e-03,1.252283062785863876e-02,-1.518781296908855438e-02,8.098442107439041138e-03,3.818945586681365967e-02,7.904389873147010803e-03,-1.209793699672445655e-04,3.337696567177772522e-02,-2.075063996016979218e-02,-1.351087936200201511e-03,-4.450261965394020081e-02,-1.101569179445505142e-02,-6.914723664522171021e-03,2.800818998366594315e-03,2.622291073203086853e-02,8.066100068390369415e-03,-4.796968400478363037e-02,-1.757788821123540401e-03,-1.598989404737949371e-02,4.793087486177682877e-03,2.835748344659805298e-02,-1.426929887384176254e-02,1.115799695253372192e-02,-2.027197740972042084e-02,-8.809966035187244415e-03,3.625540528446435928e-03,-3.357101697474718094e-03,4.015585035085678101e-02,1.090572960674762726e-02,-1.827970892190933228e-02,2.993577346205711365e-02,1.489026565104722977e-02,8.842308074235916138e-03,-2.201844751834869385e-02,-1.511989394202828407e-03,-1.573439221829175949e-03,-1.067286636680364609e-02,2.778826281428337097e-02,2.501978725194931030e-02,-1.517487596720457077e-02,-1.121621299535036087e-02,-3.680521855130791664e-03,-4.261384531855583191e-02,9.113981388509273529e-03,-1.067933533340692520e-02,-1.473178970627486706e-03,6.363292341120541096e-04,8.176062256097793579e-03,-1.598989404737949371e-02,1.181777380406856537e-02,2.073770388960838318e-02,2.771064266562461853e-02,3.674053400754928589e-02,-1.407524757087230682e-02,7.154054939746856689e-03,2.328625414520502090e-03,1.714127138257026672e-02,-1.269100885838270187e-02,4.309574142098426819e-04,-1.499376073479652405e-02,-5.324790254235267639e-02,1.034944597631692886e-02,3.366157412528991699e-02,1.329903863370418549e-02,3.161755949258804321e-02,-5.608106497675180435e-03,6.051192060112953186e-03,6.510448642075061798e-03,-1.337665971368551254e-02,1.279450301080942154e-02,1.371301617473363876e-02,6.571898702532052994e-03,-1.162372156977653503e-02,-2.822811529040336609e-02,-9.223944507539272308e-03,1.345428079366683960e-02,9.463274851441383362e-03,3.334462177008390427e-03,-1.689870492555201054e-03,3.234202042222023010e-02,1.976744271814823151e-02,-1.411405764520168304e-02,-7.580969482660293579e-03,-6.242009811103343964e-03,2.526558563113212585e-02,1.376152969896793365e-03,-3.003926761448383331e-02,3.057938069105148315e-03,5.795690231025218964e-03,-2.090911613777279854e-03,-3.476767102256417274e-03,-5.213533714413642883e-02,-3.829295281320810318e-03,-1.104156579822301865e-02,9.139854460954666138e-03,3.140410175547003746e-03,1.351896394044160843e-02,-5.037269438616931438e-04,-1.793041639029979706e-02,9.637922048568725586e-03,-1.145554333925247192e-02,1.542067527770996094e-02,1.068297351594083011e-04,1.952164247632026672e-02,-4.278849344700574875e-03,2.926952904090285301e-03,-1.256164070218801498e-02,-1.705071330070495605e-02,6.406954023987054825e-03,1.403643656522035599e-02,4.941860679537057877e-03,-1.097202999517321587e-03,7.393385749310255051e-03,-2.271703444421291351e-02,-3.725800663232803345e-03,-2.588655240833759308e-02,-8.208404295146465302e-03,-1.950870640575885773e-02,-1.839614100754261017e-02,1.193420495837926865e-02,-1.044000405818223953e-02,-2.479986101388931274e-02,6.539556663483381271e-03,1.238699350506067276e-02,1.646855659782886505e-02,2.220279769971966743e-03,-2.100937627255916595e-02,-1.692134514451026917e-02,1.756818592548370361e-02,8.693534880876541138e-02,-4.133310168981552124e-03,-4.366172943264245987e-03,8.091973140835762024e-03,9.618517011404037476e-03,2.998752146959304810e-02,-8.881119079887866974e-03,-5.129444412887096405e-03,-7.710337638854980469e-03,-1.493392745032906532e-03,2.389266737736761570e-04,4.873942583799362183e-03,1.412699464708566666e-02,-2.838335745036602020e-02,-2.162063959985971451e-03,1.178058097139000893e-03,-2.859034575521945953e-02,3.686990356072783470e-03,5.621043033897876740e-03,-1.924997009336948395e-02,9.650859050452709198e-03,1.006483659148216248e-02,4.595801234245300293e-03,2.392015792429447174e-02,5.093868356198072433e-03,-1.712833344936370850e-02,3.919852897524833679e-02,4.253622516989707947e-02,-2.828309545293450356e-03,-1.622275635600090027e-02,2.090588212013244629e-02,9.230412542819976807e-03,9.262754581868648529e-03,2.063420973718166351e-02,-1.903327880427241325e-03,-6.589686381630599499e-04,2.060186583548784256e-03,2.183733135461807251e-02,1.140379626303911209e-02,-6.070597097277641296e-03,1.503257080912590027e-02,1.272335089743137360e-02,2.366142161190509796e-02,-2.380372770130634308e-02,5.527251400053501129e-03,2.697324380278587341e-03,-2.046602964401245117e-02,2.448937669396400452e-02,-1.081517152488231659e-02,-2.768476866185665131e-02,8.363646455109119415e-03,2.933421172201633453e-03,2.187937730923295021e-03,-1.142320130020380020e-02,4.210931248962879181e-03,-6.161154713481664658e-03,4.350001923739910126e-03,-1.148141734302043915e-02,-8.651490206830203533e-04,-3.842232003808021545e-02,-1.728357560932636261e-02,-3.927614912390708923e-02,5.698664113879203796e-03,6.067363079637289047e-03,-2.313101291656494141e-02,-2.306632883846759796e-02,-3.619718924164772034e-02,-5.937994923442602158e-03,-1.168840564787387848e-02,1.662379829213023186e-03,-3.182454779744148254e-02,2.199257258325815201e-03,-2.815049514174461365e-02,1.013113767839968204e-03,3.790484741330146790e-02,3.221265226602554321e-02,1.730944961309432983e-02,1.137145422399044037e-02,-4.042752552777528763e-03,1.835733093321323395e-02,2.023316733539104462e-02,-1.148788537830114365e-02,8.546378812752664089e-04,-2.076357603073120117e-02,-3.358395397663116455e-02,1.468327734619379044e-02,-7.399854250252246857e-03,-5.459332838654518127e-03,-1.265219785273075104e-02,-1.861606724560260773e-02,-8.965208195149898529e-03,1.103671384043991566e-03,2.460580877959728241e-02,-2.596417441964149475e-02,9.217475540935993195e-03,2.742603188380599022e-03,1.366126909852027893e-02,-1.145554333925247192e-02,6.407762994058430195e-04,-1.974156871438026428e-02,3.282715100795030594e-03,-1.119033899158239365e-03,-2.363554760813713074e-02,-1.591227389872074127e-02,1.729651167988777161e-02,1.296268124133348465e-02,-7.141117937862873077e-03,2.547257579863071442e-02,-1.804684661328792572e-02,-8.894055150449275970e-03,1.256164070218801498e-02,-5.967102479189634323e-03,3.917265310883522034e-02,2.492922917008399963e-02,-3.666291385889053345e-02,1.404937356710433960e-02,1.095747668296098709e-02,2.262647636234760284e-02,3.756849095225334167e-02,5.323496647179126740e-03,-1.224468834698200226e-02,-2.869383990764617920e-02,3.284332109615206718e-03,-3.344164928421378136e-03,-4.486485198140144348e-02,3.051469568163156509e-03,-1.866134582087397575e-03,-6.491043604910373688e-03,6.287288852035999298e-03,2.234186790883541107e-02,1.427900162525475025e-03,1.113212294876575470e-02,-1.299502328038215637e-02,-9.650859050452709198e-03,-2.380372770130634308e-02,8.260152302682399750e-03,-6.035021040588617325e-03,7.820300757884979248e-03,-2.871971391141414642e-02,-6.258180947043001652e-04,-1.062435330823063850e-03,-3.769785910844802856e-02,-3.017510520294308662e-03,-2.357086353003978729e-02,1.618394628167152405e-02,-3.604194894433021545e-02,5.556358955800533295e-03,-1.483851857483386993e-02,-9.612048044800758362e-03,3.047912009060382843e-02,-1.820855773985385895e-03,1.869368739426136017e-02,-2.913369238376617432e-02,-1.098334975540637970e-02,1.075048744678497314e-02,-9.010487236082553864e-03,-1.723829656839370728e-03,5.116507411003112793e-03,1.388119533658027649e-02,-9.637922048568725586e-03,1.582171581685543060e-02,7.893473957665264606e-05,3.357101697474718094e-03,-1.225762534886598587e-03,-6.772418972104787827e-03,-1.051115617156028748e-02,-3.991005476564168930e-03,-5.967102479189634323e-03,-2.840922959148883820e-02,1.856431923806667328e-02,4.754276946187019348e-03,8.551229722797870636e-03,2.420476824045181274e-02,3.735503414645791054e-03,1.311145536601543427e-02,2.297577075660228729e-02,-1.463153026998043060e-02,-8.357178419828414917e-03,-3.024625778198242188e-02,-2.389428392052650452e-02,-4.295020364224910736e-03,-1.571822166442871094e-02,2.238067798316478729e-02,1.693428121507167816e-02,1.160431653261184692e-02,6.083534099161624908e-03,2.817636728286743164e-02,-1.830558292567729950e-02,1.291093416512012482e-02,-4.278849344700574875e-03,3.981949388980865479e-02,-1.913353987038135529e-02,2.701205573976039886e-02,1.342840678989887238e-02,2.322157099843025208e-02,4.482604097574949265e-03,1.818915270268917084e-02,6.387548986822366714e-03,-1.754231192171573639e-02,1.882305555045604706e-02,1.790454238653182983e-02,5.553124938160181046e-03,-4.793087486177682877e-03,-2.605473063886165619e-02,-5.714835133403539658e-03,1.044647302478551865e-03,-1.340253278613090515e-02,-1.820855773985385895e-03,-7.251081056892871857e-03,7.425727788358926773e-03,-3.289183368906378746e-03,-2.102231234312057495e-02,-2.915956452488899231e-02,1.192611991427838802e-03,6.154686212539672852e-03,1.174015342257916927e-03,-1.793041639029979706e-02,2.084119804203510284e-02,-2.120342850685119629e-02,-1.390706840902566910e-02,-2.723198151215910912e-03,-2.435354050248861313e-03,2.711554989218711853e-02,-1.057584024965763092e-02,1.942542585311457515e-04,3.257488086819648743e-02,-2.251813129987567663e-04,-1.316967047750949860e-02,1.178543176501989365e-02,2.082826010882854462e-02,-1.149026047642109916e-05,3.244551271200180054e-02,1.685666106641292572e-02,-3.166930750012397766e-02,5.391414742916822433e-03,-7.652122061699628830e-03,4.126841668039560318e-03,-8.298962377011775970e-03,-2.122930251061916351e-02,1.210885215550661087e-02,4.657250829041004181e-03,-2.394926501438021660e-03,-1.529130712151527405e-02,-1.692134514451026917e-02,-8.648255839943885803e-03,1.441160403192043304e-02,4.386386426631361246e-04,1.207004208117723465e-02,-1.620982028543949127e-02,-2.970614470541477203e-03,-2.055658772587776184e-02,1.307911332696676254e-02,2.598681254312396049e-03,1.108684483915567398e-02,5.042120814323425293e-03,2.300326159456744790e-04,-1.647017430514097214e-03,-1.821502484381198883e-02,-1.367420610040426254e-02,2.833161037415266037e-03,-2.560194395482540131e-02,2.366142161190509796e-02,1.830558292567729950e-02,-1.578290574252605438e-02,2.310513891279697418e-02,1.195361092686653137e-02,-1.353190094232559204e-02,-9.754353202879428864e-03,-2.076357603073120117e-02,2.614528872072696686e-02,-1.937933824956417084e-02,-5.300857126712799072e-03,-2.261354029178619385e-02,2.514592139050364494e-03,1.786896609701216221e-03,4.353235941380262375e-03,4.485838115215301514e-03,-8.182531222701072693e-03,6.287288852035999298e-03,-5.501377396285533905e-03,5.763348191976547241e-03,3.500700369477272034e-02,-3.045001300051808357e-03,-9.330672910436987877e-04,-4.227101802825927734e-03,-6.455467082560062408e-03,-5.559593439102172852e-03,5.789221730083227158e-03,3.645592555403709412e-02,-6.190262734889984131e-03,-2.272997237741947174e-02,-5.805392749607563019e-03,-6.510448642075061798e-03,1.613220013678073883e-02,-8.784092962741851807e-03,-3.203881497029215097e-04,9.262754581868648529e-03,1.164312753826379776e-02,-7.289891131222248077e-03,1.956045441329479218e-02,-2.219956181943416595e-02,-3.932789433747529984e-03,-6.895318627357482910e-03,1.063405629247426987e-02,1.579907722771167755e-03,-2.592536248266696930e-02,-2.791116246953606606e-03,-2.025904133915901184e-02,-2.032696036621928215e-03,3.166930750012397766e-02,7.982010953128337860e-03,1.936640217900276184e-02,1.228996738791465759e-02,-7.529222406446933746e-03,-1.370008010417222977e-02,-1.795629039406776428e-02,4.715466406196355820e-03,-8.738813921809196472e-03,-2.918543852865695953e-02,4.825429525226354599e-03,1.778811099939048290e-03,-4.679890349507331848e-03,2.516209147870540619e-02,-2.420476824045181274e-02,2.077651396393775940e-02,1.045940909534692764e-02,2.103525027632713318e-02,1.600283198058605194e-02,-1.161078549921512604e-02,3.104833886027336121e-03,3.284332109615206718e-03,3.903277684003114700e-04,-1.606751605868339539e-02,-1.092513464391231537e-02,1.946989633142948151e-02,-8.027289062738418579e-03,-7.412790786474943161e-03,1.278803497552871704e-02,-1.250989362597465515e-02,2.014301426243036985e-04,-8.674129843711853027e-03,4.033050034195184708e-03,1.355130691081285477e-03,1.432104688137769699e-02,-4.734871909022331238e-03,1.034297794103622437e-02,-9.696137160062789917e-03,4.861005581915378571e-03,-3.161755949258804321e-02,-2.773651666939258575e-02,-1.152669638395309448e-02,2.648164518177509308e-02,2.530763158574700356e-03,-3.404967859387397766e-02,-1.851580687798559666e-03,-1.799833378754556179e-03,-4.168239608407020569e-02,-1.463153026998043060e-02,-1.966394856572151184e-02,2.456699870526790619e-02,-2.802436007186770439e-03,3.438360872678458691e-04,1.962513849139213562e-02,1.364833209663629532e-02,2.907547634094953537e-03,1.102862879633903503e-02,-3.599020093679428101e-02,-1.525249704718589783e-02,-2.010379917919635773e-02,-3.472239151597023010e-02,-4.763979464769363403e-03,1.411405764520168304e-02,-2.503272332251071930e-02,-1.965101063251495361e-02,3.878454864025115967e-02,1.252929866313934326e-02,-1.255517266690731049e-02,2.703792788088321686e-02,-9.126918390393257141e-03,-2.385547384619712830e-02,-1.540773827582597733e-02,1.084751356393098831e-02,1.610632613301277161e-02,-2.890083007514476776e-02,1.358364825136959553e-03,-1.134558022022247314e-02,1.835409668274223804e-03,1.202314626425504684e-03,1.144260633736848831e-02,-2.580893225967884064e-02,-1.434368547052145004e-03,2.143629081547260284e-02,6.183794233947992325e-03,5.048589315265417099e-03,-1.243227254599332809e-02,7.341638673096895218e-03,9.929000400006771088e-03,2.626172034069895744e-03,3.412083024159073830e-03,-2.436001040041446686e-02,9.290245361626148224e-04,1.560179051011800766e-02,3.919852897524833679e-03,-2.690856158733367920e-02,-8.059631101787090302e-03,2.186320535838603973e-02,9.456806816160678864e-03,4.175354726612567902e-03,2.157212700694799423e-03,-1.816327869892120361e-02,-2.336387522518634796e-02,2.157212700694799423e-03,-1.852550916373729706e-02,9.715543128550052643e-03,1.137145422399044037e-02,-2.152684889733791351e-02,9.631454013288021088e-03,-1.364833209663629532e-02,1.805978454649448395e-02,2.617116272449493408e-02,-4.297607764601707458e-02,-5.365541204810142517e-03,3.331227926537394524e-04,8.467140607535839081e-03,-1.855138316750526428e-02,-3.430841490626335144e-02,-1.001955755054950714e-02,-1.029769890010356903e-02,-1.424666028469800949e-03,7.406322751194238663e-03,2.616469515487551689e-03,-3.275599703192710876e-02,-1.886186562478542328e-02,1.403643656522035599e-02,3.353867447003722191e-03,-1.166900061070919037e-02,2.091623097658157349e-01,-2.644283510744571686e-02,-1.892008120194077492e-03,1.692134514451026917e-02,1.313732843846082687e-02,1.401056349277496338e-02,2.416595816612243652e-02,1.802097447216510773e-02,-1.881011947989463806e-02,3.234202042222023010e-02,-1.583465375006198883e-02,-4.010410513728857040e-03,-1.769755408167839050e-02,3.483235603198409081e-03,8.764687227085232735e-04,-2.285934053361415863e-02,-3.135882318019866943e-02,-1.899123378098011017e-02,-1.813740469515323639e-02,-3.249726071953773499e-02,1.697309128940105438e-02,1.320201251655817032e-02,3.137175925076007843e-03,-2.489041909575462341e-02,2.336387522518634796e-02,2.138454280793666840e-02,-2.980640530586242676e-02,-1.500669773668050766e-02,3.893979266285896301e-02,9.890189394354820251e-03,-1.857725717127323151e-02,-1.628744043409824371e-02,-1.049175113439559937e-02,-1.878424547612667084e-02,-2.037547342479228973e-02,-5.582232493907213211e-03,2.708967588841915131e-02,-4.544053692370653152e-03,4.838366061449050903e-02,-3.375698288436979055e-04,1.384238433092832565e-02,-8.383051492273807526e-03,-8.156657218933105469e-03,1.922733150422573090e-03,5.527251400053501129e-03,2.446350455284118652e-02,-1.355777494609355927e-02,-8.156657218933105469e-03,-2.683093957602977753e-02,6.400485988706350327e-03,-2.270409837365150452e-02,3.997473511844873428e-03,3.337696567177772522e-02,1.802097447216510773e-02,-8.512419648468494415e-03,1.646855659782886505e-02,-5.171488970518112183e-03,3.141057118773460388e-02,-1.237405650317668915e-02,-8.408925496041774750e-03,-1.445041503757238388e-02,2.455406077206134796e-02,-1.543522928841412067e-03,1.494201365858316422e-02,1.472208742052316666e-02,2.177264727652072906e-02,-1.680491305887699127e-02,-2.470930293202400208e-02,4.088031128048896790e-03,-2.587361494079232216e-03,1.880688476376235485e-03,-1.513606496155261993e-02,1.651060068979859352e-03,1.417874172329902649e-02,-2.033666148781776428e-02,-1.696015521883964539e-02,1.904298178851604462e-02,-4.977436736226081848e-03,2.821841277182102203e-03,1.192126888781785965e-02,-1.399762649089097977e-02,-1.676610298454761505e-02,-1.465740334242582321e-02,-1.306617632508277893e-02,-5.100336391478776932e-03,-3.508462384343147278e-02,1.668848283588886261e-02,-3.919852897524833679e-02,-1.740000769495964050e-02,5.617809016257524490e-03,1.778811030089855194e-02,-2.776239067316055298e-02,-1.846082508563995361e-02,-2.241302048787474632e-03,2.024610526859760284e-02,-5.155317950993776321e-03,-2.107406035065650940e-02,2.069889195263385773e-02,-8.113804506137967110e-04,-7.710337638854980469e-03,-1.448922511190176010e-02,-3.125856164842844009e-03,2.498097717761993408e-02,1.969628967344760895e-03,-1.034944597631692886e-02,8.712939918041229248e-03,5.536953918635845184e-03,2.602885849773883820e-02,1.219941023737192154e-02,-3.923086915165185928e-03,4.886879120022058487e-03,-3.567324718460440636e-03,1.549829635769128799e-02,-1.518781296908855438e-02,-2.637491794303059578e-03,-1.046587806195020676e-02,3.864871338009834290e-03,-1.529130712151527405e-02,3.350633382797241211e-02,1.696015521883964539e-02,-1.190833188593387604e-02,-3.635243047028779984e-03,4.369406960904598236e-03,1.575703173875808716e-02,-1.186305284500122070e-02,-4.511711886152625084e-04,-2.574424818158149719e-02,2.027844544500112534e-03,4.071051662322133780e-04,-2.563105197623372078e-03,1.672729291021823883e-02,-2.463168278336524963e-02,6.339035928249359131e-03,-3.512343391776084900e-03,1.281390804797410965e-02,7.729742676019668579e-03,1.684372499585151672e-02,-8.046695031225681305e-03,-2.260060422122478485e-02,1.455390918999910355e-02,-5.569295957684516907e-03,2.053071372210979462e-02,1.212825719267129898e-02,2.109993435442447662e-02,4.036284051835536957e-03,-6.271117832511663437e-03,2.328625507652759552e-02,-7.826768793165683746e-03,-9.204538539052009583e-03,2.011673757806420326e-03,1.987417228519916534e-03,1.517487596720457077e-02,-6.934129167348146439e-03,7.128181401640176773e-03,3.135882318019866943e-02,8.900524117052555084e-03,-1.252929866313934326e-02,-2.586067840456962585e-02,2.680506557226181030e-02,-1.453773817047476768e-03,-3.937964513897895813e-02,1.005189958959817886e-02,1.031063590198755264e-02,-1.020714174956083298e-02,1.791747868992388248e-03,3.622306277975440025e-03,-1.635212600231170654e-01,3.043384058400988579e-03,2.530439570546150208e-02,-2.531733363866806030e-02,2.490335516631603241e-02,-5.889481864869594574e-03,2.440205309540033340e-03,1.185658480972051620e-02,8.117847144603729248e-03,-1.472208742052316666e-02,5.090633872896432877e-03,-1.082163956016302109e-02,1.012305263429880142e-03,-6.529853679239749908e-03,-6.584835238754749298e-03,-1.346721686422824860e-02,-1.692134514451026917e-02,4.320893902331590652e-03,3.886217251420021057e-02,3.195391595363616943e-02,2.029785141348838806e-02,-6.245244294404983521e-03,2.019759267568588257e-03,-1.654617674648761749e-02,3.762023895978927612e-02,3.818945586681365967e-02,-1.946989633142948151e-02,9.851379320025444031e-03,-1.303383382037281990e-03,-2.103525027632713318e-02,-1.622275635600090027e-02,1.089926064014434814e-02,3.637830540537834167e-02,-1.642974652349948883e-02,5.860373843461275101e-03,1.771049015223979950e-02,-8.544761687517166138e-03,-1.350602786988019943e-02,-5.701898131519556046e-03,2.474811300635337830e-02,3.234202042222023010e-02,2.203138358891010284e-02,1.746469177305698395e-02,-3.308588638901710510e-03,-1.157844346016645432e-02,2.106112428009510040e-02,7.626248523592948914e-03,-2.094469219446182251e-02,-2.203300100518390536e-04,-1.080870348960161209e-02,-1.323435455560684204e-02,-5.165020469576120377e-03,2.302751876413822174e-02,-8.227810263633728027e-03,2.134573296643793583e-04,1.618394628167152405e-02,-2.115168049931526184e-02,1.426080998498946428e-04,-8.738813921809196472e-03,3.871339838951826096e-03,-2.284155198140069842e-04,-9.579706005752086639e-03,5.048589315265417099e-03,-1.535599119961261749e-02,2.437294647097587585e-02,-8.939334191381931305e-03,-1.313732843846082687e-02,-7.386917248368263245e-03,-1.919822394847869873e-02,1.460565626621246338e-02,-1.287859212607145309e-02,-2.980640530586242676e-02,1.202476304024457932e-02,-2.208313159644603729e-02,9.288628585636615753e-03,-1.285595353692770004e-04,-2.690856158733367920e-02,2.238067798316478729e-02,9.104278869926929474e-04,7.814640412107110023e-04,-2.504566125571727753e-02,2.408833615481853485e-02,9.320970624685287476e-03,1.249695662409067154e-02,-2.485160902142524719e-02,-2.257473021745681763e-02,7.238144055008888245e-03,-2.412714622914791107e-02,3.112596087157726288e-02,1.323597156442701817e-03,9.217475540935993195e-03,-8.557698689401149750e-03,-1.698602922260761261e-02,-6.043915054760873318e-04,2.706380188465118408e-02,1.606751605868339539e-02,1.667231088504195213e-03,-5.433459300547838211e-03,3.310205647721886635e-03,6.523385643959045410e-03,1.423048879951238632e-02,-1.847376115620136261e-02,-2.072476595640182495e-02,3.560209646821022034e-02,1.859019324183464050e-02,-1.989681087434291840e-02,-1.274922396987676620e-02,1.994855888187885284e-02,2.288521267473697662e-02,2.704601502045989037e-04,1.260328135685995221e-04,1.861606724560260773e-02,4.579630214720964432e-03,1.194714196026325226e-02,-1.107390783727169037e-02,2.623584680259227753e-02,3.441191045567393303e-03,-1.998736895620822906e-02,2.195376344025135040e-02,-3.534982912242412567e-03,3.971600160002708435e-02,8.615913800895214081e-03,-1.926290802657604218e-02,2.912398893386125565e-03,-5.798924248665571213e-03,-2.773651666939258575e-02,-1.292645931243896484e-01,-2.991636749356985092e-03,5.145615432411432266e-03,9.269222617149353027e-03,2.125517651438713074e-02,2.345443330705165863e-02,-3.606135258451104164e-03,-3.463830333203077316e-03,-4.119079560041427612e-02,1.518781296908855438e-02,-3.492938121780753136e-03,-1.741294376552104950e-02,-3.348045796155929565e-02,1.090572960674762726e-02,-8.777623996138572693e-03,-3.293711319565773010e-02,1.584758982062339783e-02,-1.901710778474807739e-02,-1.689547114074230194e-02,2.082826010882854462e-02,4.990373738110065460e-03,1.694721914827823639e-02,1.300149224698543549e-02,1.315511646680533886e-03,1.009071012958884239e-03,5.578998476266860962e-03,-3.617131710052490234e-02,2.350617945194244385e-02,1.168840564787387848e-02,-8.919929154217243195e-03,1.403643656522035599e-02,6.090002600103616714e-03,-8.661192841827869415e-03,-9.916063398122787476e-03,-1.029769890010356903e-02,-8.098442107439041138e-03,-2.041428349912166595e-02,1.512798015028238297e-03,2.547257579863071442e-02,-1.465740334242582321e-02,1.477383449673652649e-02,1.708952337503433228e-02,-8.467140607535839081e-03,2.776562469080090523e-03,1.773636415600776672e-02,2.977082971483469009e-03,-2.399777807295322418e-02,1.495494972914457321e-02,3.179867565631866455e-02,-2.367435954511165619e-02,-3.073785640299320221e-02,-2.292402461171150208e-02,-3.257488086819648743e-02,8.221341297030448914e-03,3.239376842975616455e-02,-6.817698013037443161e-03,-6.811229512095451355e-03,7.225207518786191940e-03,-6.296991370618343353e-03,9.398590773344039917e-03,6.746545433998107910e-03,1.706364937126636505e-02,-1.300149224698543549e-02,2.784001082181930542e-02,-2.359350444748997688e-03,-1.754231192171573639e-02,-1.003896258771419525e-02,-1.833145692944526672e-02,1.457978226244449615e-02,-1.310498639941215515e-02,4.291785880923271179e-03,1.252283062785863876e-02,-6.480532465502619743e-04,3.630068153142929077e-02,-2.280759252607822418e-02,7.134649436920881271e-03,-1.221234723925590515e-02,-3.128120303153991699e-02,1.108522759750485420e-03,-4.644314199686050415e-02,-2.359673753380775452e-02,-2.179852128028869629e-02,-6.487809121608734131e-03,-3.151406347751617432e-02,1.424342580139636993e-02,-1.421431777998805046e-03,1.959926448762416840e-02,-2.509740740060806274e-02,5.958006659056991339e-05,-4.815727006644010544e-03,4.252975806593894958e-03,7.938955241115763783e-05,1.435985695570707321e-02,-2.276878245174884796e-02,-2.346736937761306763e-02,6.914723664522171021e-03,4.644314292818307877e-03,-1.487732958048582077e-02,1.457978226244449615e-02,1.227703038603067398e-02,-2.358380146324634552e-02,-1.435985672287642956e-03,-3.257488086819648743e-02,2.100937627255916595e-02,-1.684372499585151672e-02,-2.031078934669494629e-02,2.072476595640182495e-02,-1.251636166125535965e-02,2.229577949037775397e-04,-2.150097489356994629e-02,-1.699896529316902161e-02,-1.601576805114746094e-02,-1.975450664758682251e-02,1.833145692944526672e-02,-8.687066845595836639e-03,-7.225207518786191940e-03,-8.777623996138572693e-03,-1.654617674648761749e-02,7.982010953128337860e-03,1.372595317661762238e-02,3.564090700820088387e-03,2.207019366323947906e-02,1.652030460536479950e-02,1.491613965481519699e-02,-3.664350835606455803e-03,7.551861926913261414e-04,-2.345443330705165863e-02,1.965101063251495361e-02,-1.000015251338481903e-02,3.002956509590148926e-03,4.696061369031667709e-03,2.700558688957244158e-04,-5.611340515315532684e-03,-1.796922646462917328e-02,1.725770160555839539e-02,3.831882402300834656e-02,5.401117261499166489e-03,-4.514946043491363525e-02,1.723182760179042816e-02,8.286025375127792358e-03,3.102246485650539398e-02,4.432150349020957947e-02,-2.333800122141838074e-02,-1.401056349277496338e-02,-2.318922895938158035e-03,-2.325391164049506187e-03,-1.595108397305011749e-02,2.144275931641459465e-03,-5.042120814323425293e-03,3.407555073499679565e-02,2.370023168623447418e-02,2.542891306802630424e-04,3.208328410983085632e-02,3.153993934392929077e-02,1.411405764520168304e-02,-1.126149110496044159e-02,-3.992298990488052368e-02,-1.974156871438026428e-02,7.069965824484825134e-03,-1.172721665352582932e-02,-6.934129167348146439e-03,-6.421831250190734863e-02,2.182439528405666351e-02,-5.161786451935768127e-03,-2.073770388960838318e-02,-1.760699599981307983e-02,-9.405059739947319031e-03,6.060894578695297241e-03,1.093160267919301987e-02,8.835840038955211639e-03,4.984713741578161716e-04,-6.649519316852092743e-03,-1.820208877325057983e-02,1.107390783727169037e-02,1.513606496155261993e-02,1.940521225333213806e-02,8.497865637764334679e-04,-8.887587115168571472e-03,1.029123086482286453e-02,1.367420610040426254e-02,-2.949592284858226776e-02,1.978037878870964050e-02,1.032357290387153625e-02,-1.058230921626091003e-02,6.203199271112680435e-03,2.452818863093852997e-02,1.600283198058605194e-02,1.692134514451026917e-02,-5.808626767247915268e-03,-9.427698678337037563e-04,2.218662574887275696e-02,9.450337849557399750e-03,1.937933824956417084e-02,1.561472751200199127e-02,1.716714352369308472e-02,-8.900524117052555084e-03,-1.525249704718589783e-02,1.289152912795543671e-02,-1.404937356710433960e-02,1.015539397485554218e-03,-4.139778669923543930e-03,1.287212409079074860e-02,7.309296634048223495e-03,4.291785880923271179e-03,-5.575764458626508713e-03,-7.568032480776309967e-03,-6.031786906532943249e-04,-6.093236617743968964e-03,-8.156657218933105469e-03,-2.388134784996509552e-02,8.036991930566728115e-04,2.489041909575462341e-02,4.282083362340927124e-03,5.135912913829088211e-03,1.862900331616401672e-02,4.016879014670848846e-03,-1.357071194797754288e-02,2.318276092410087585e-02,2.755540050566196442e-02,-1.196007896214723587e-02,-2.570543810725212097e-02,1.808565855026245117e-02,2.027197740972042084e-02,9.042829275131225586e-03,2.284640260040760040e-02,-5.698664113879203796e-03,1.733532361686229706e-02,8.156657218933105469e-03,4.379109479486942291e-03,-7.477474864572286606e-03,1.396366744302213192e-03,3.661116585135459900e-03,3.767845453694462776e-03,-3.774313721805810928e-03,-4.538232088088989258e-02,-1.076342444866895676e-02,4.573161713778972626e-03,1.415286771953105927e-02,-1.545948535203933716e-02,2.443763054907321930e-02,-4.791793599724769592e-02,2.677919343113899231e-02,7.535690907388925552e-03,-1.407524757087230682e-02,-1.526543311774730682e-02,2.721904404461383820e-02,3.733562678098678589e-02,6.503980141133069992e-03,1.061465125530958176e-02,5.928292404860258102e-03,-1.953458040952682495e-02,1.394587941467761993e-02,-1.006483659148216248e-02,5.996210500597953796e-03,-2.511357888579368591e-03,-3.029800392687320709e-02,-7.899538613855838776e-04,2.031078794971108437e-03,2.843510359525680542e-02,6.662456318736076355e-03,1.223822031170129776e-02,2.316982299089431763e-02,-5.436693783849477768e-03,-9.036360308527946472e-03,-2.016848325729370117e-02,-1.087338756769895554e-02,-2.322157099843025208e-02,3.053086623549461365e-02,2.647194312885403633e-03,-2.920484403148293495e-03,-4.714172706007957458e-02,-9.081639349460601807e-03,2.934068068861961365e-02,-2.931480668485164642e-02,-1.099628675729036331e-02,4.192334308754652739e-04,-2.163034304976463318e-02,-1.123561803251504898e-02,5.992976482957601547e-03,4.624908789992332458e-03,7.354575209319591522e-03,-2.684387611225247383e-03,4.427622538059949875e-03,-2.978053130209445953e-02,-2.139748074114322662e-02,5.816388875246047974e-02,1.055643521249294281e-02,-1.965101063251495361e-02,-5.158552434295415878e-03,-2.597711049020290375e-02
-1.482952013611793518e-02,-1.412271708250045776e-02,2.089735306799411774e-02,-1.868359372019767761e-02,-1.936372555792331696e-02,3.200615942478179932e-02,-5.070975515991449356e-03,4.447522573173046112e-03,-9.361800737679004669e-03,-2.304443344473838806e-02,2.427133545279502869e-02,2.284439466893672943e-02,-2.165416721254587173e-03,-1.164890825748443604e-02,-5.817785859107971191e-03,1.965378178283572197e-03,3.928755968809127808e-02,4.474194254726171494e-03,1.992383413016796112e-02,-8.901712484657764435e-03,-1.374931167811155319e-02,3.984099719673395157e-03,-7.294736802577972412e-03,-2.947233617305755615e-02,-9.868565015494823456e-03,-1.804347150027751923e-02,1.070872694253921509e-02,-1.472283247858285904e-02,1.514458097517490387e-03,-5.243675410747528076e-02,4.787587560713291168e-03,1.077707391232252121e-03,-2.797204768285155296e-03,-4.056780412793159485e-02,-3.547349199652671814e-02,-1.863025128841400146e-02,6.101173930801451206e-04,-1.621645316481590271e-02,1.693659275770187378e-02,-3.960762172937393188e-03,-7.968199439346790314e-03,-3.687376156449317932e-03,1.065204967744648457e-03,-1.381599158048629761e-02,-3.880746662616729736e-02,3.392319427803158760e-03,-2.539155259728431702e-02,-3.846073150634765625e-02,-1.237571425735950470e-02,1.045534480363130569e-02,3.883413970470428467e-02,-1.620311662554740906e-02,-3.731384500861167908e-02,1.034574015648104250e-04,6.191191263496875763e-03,1.885696128010749817e-02,-1.060870755463838577e-02,2.180419489741325378e-02,-8.308265358209609985e-03,2.039059065282344818e-02,2.585830911993980408e-02,-3.934090025722980499e-03,-4.027441609650850296e-03,1.722998172044754028e-02,1.963044330477714539e-02,7.918190385680645704e-05,-6.824646145105361938e-03,-6.867988035082817078e-03,-3.499339893460273743e-02,-5.534397903829813004e-03,1.733666844666004181e-02,2.617836929857730865e-02,2.364454977214336395e-02,-1.268243975937366486e-02,7.214721292257308960e-03,-5.150991026312112808e-03,-1.909700781106948853e-02,5.074309650808572769e-03,-1.175226061604917049e-03,2.215426182374358177e-03,-3.158941108267754316e-04,-1.832352578639984131e-02,-1.614977419376373291e-02,1.116881519556045532e-02,-1.660319394432008266e-03,-2.863884437829256058e-03,7.754825521260499954e-03,3.187279775738716125e-02,-1.490953564643859863e-02,-2.327114343643188477e-02,2.052394859492778778e-02,2.387125976383686066e-02,-1.492787152528762817e-03,2.517817728221416473e-02,-2.239097468554973602e-02,1.296916231513023376e-02,-4.674232564866542816e-03,2.757863886654376984e-02,-1.130217406898736954e-02,-2.553824707865715027e-02,-3.290633205324411392e-03,1.888696686364710331e-03,-1.585638336837291718e-02,-4.067449364811182022e-03,-2.204424142837524414e-02,-6.441239267587661743e-03,-1.984381861984729767e-02,3.684042021632194519e-03,2.859216742217540741e-02,-2.457806281745433807e-02,-1.252907700836658478e-02,4.819593951106071472e-02,8.194910362362861633e-03,-3.726050257682800293e-02,2.183086611330509186e-02,-1.388267055153846741e-02,2.169750817120075226e-02,-2.329781651496887207e-02,-2.187087386846542358e-02,-2.700519561767578125e-02,-9.261782281100749969e-03,-1.127550285309553146e-02,1.722998172044754028e-02,2.632173011079430580e-03,-7.948195561766624451e-03,2.407129853963851929e-03,-2.152414061129093170e-02,-1.208232436329126358e-02,-1.314252894371747971e-02,1.112214010208845139e-02,3.408655896782875061e-02,2.481810748577117920e-02,3.656703606247901917e-02,5.097647663205862045e-03,-1.214233599603176117e-02,1.206232048571109772e-02,2.127075800672173500e-03,-4.337501246482133865e-03,-6.042829481884837151e-04,-1.448278687894344330e-02,-1.431108685210347176e-03,1.410938147455453873e-02,-2.677181735634803772e-03,2.732192398980259895e-03,4.427518695592880249e-03,2.328447997570037842e-02,1.552298665046691895e-02,6.737962830811738968e-03,-2.269770018756389618e-02,-2.443136647343635559e-02,-1.649484038352966309e-03,-3.407322335988283157e-03,3.683375194668769836e-02,-1.267577242106199265e-02,-5.234340205788612366e-03,1.763005927205085754e-02,-4.646727466024458408e-04,1.717663742601871490e-02,-1.021529827266931534e-02,-2.790536964312195778e-03,-1.206898875534534454e-02,-2.369789220392704010e-02,2.091068960726261139e-02,-1.309585291892290115e-02,5.164327099919319153e-03,3.990101069211959839e-02,-3.690710058435797691e-03,-6.397897377610206604e-03,-5.611079744994640350e-03,1.377598382532596588e-02,2.952568046748638153e-02,5.035635456442832947e-02,1.178226713091135025e-02,3.232621774077415466e-02,-1.429441734217107296e-03,2.789870090782642365e-02,9.475156664848327637e-03,3.702795656863600016e-04,-1.556299440562725067e-02,-5.367699544876813889e-03,-1.634981296956539154e-02,2.733859233558177948e-02,1.489619910717010498e-02,1.023530215024948120e-02,9.955248795449733734e-03,-2.119074389338493347e-02,1.373597607016563416e-02,8.948388509452342987e-03,1.114214397966861725e-02,1.241572201251983643e-02,5.444380920380353928e-03,2.928563393652439117e-02,-2.155081368982791901e-02,2.305443631485104561e-03,-6.443906426429748535e-01,-6.351221818476915359e-03,-2.452471852302551270e-02,-8.828365243971347809e-03,-4.667564760893583298e-03,-3.490671515464782715e-03,-2.002051798626780510e-03,3.670706180855631828e-03,5.351029336452484131e-03,1.920369453728199005e-02,9.861897677183151245e-03,1.839020475745201111e-02,-1.062204409390687943e-02,-2.645842358469963074e-02,2.465474419295787811e-03,-2.832544967532157898e-02,3.724049776792526245e-03,-3.043252229690551758e-02,2.990158682223409414e-04,2.388792810961604118e-03,-3.245624480769038200e-03,1.537629123777151108e-02,6.407899316400289536e-03,-6.004488561302423477e-03,7.208053488284349442e-03,-1.229403191246092319e-03,1.150221284478902817e-02,4.447522573173046112e-03,-1.589639112353324890e-02,7.054690737277269363e-03,7.034686859697103500e-03,2.749862335622310638e-02,1.665320363827049732e-03,1.076873857527971268e-02,3.838071599602699280e-02,-1.701994100585579872e-03,-1.034365617670118809e-03,-8.508303202688694000e-03,1.420273212715983391e-03,1.673655398190021515e-02,-3.448663651943206787e-02,-3.634032560512423515e-03,4.210810177028179169e-03,-1.561633776873350143e-02,-7.794832810759544373e-03,9.081747382879257202e-03,-5.904469173401594162e-03,8.594986982643604279e-03,5.867795553058385849e-03,6.191191263496875763e-03,-2.610502298921346664e-03,-1.311585679650306702e-02,-3.022248158231377602e-03,-9.518497972749173641e-04,7.954863831400871277e-03,1.426941249519586563e-02,1.769673824310302734e-02,-3.403321281075477600e-02,-8.301597088575363159e-03,6.771302781999111176e-03,2.568827476352453232e-03,3.822068497538566589e-02,-2.739193663001060486e-02,1.701660640537738800e-02,6.881324108690023422e-03,1.222235150635242462e-02,-1.238904986530542374e-02,2.403129078447818756e-02,4.374174773693084717e-02,6.134513532742857933e-04,1.712329499423503876e-02,-3.654036438092589378e-03,-1.308918464928865433e-02,1.513624563813209534e-02,7.808168884366750717e-03,-4.680900368839502335e-03,2.211092039942741394e-02,-4.110123962163925171e-02,-1.927037350833415985e-02,1.184894610196352005e-02,-1.083541847765445709e-02,-4.887606948614120483e-03,-3.963429108262062073e-02,-1.429608371108770370e-02,2.243098244071006775e-02,3.737385617569088936e-03,-1.077540684491395950e-02,-2.917894721031188965e-02,-1.176893059164285660e-02,-7.141374051570892334e-03,-1.324921566992998123e-02,1.258908864110708237e-02,8.695006370544433594e-03,-5.609412328340113163e-04,3.526011854410171509e-02,1.106879580765962601e-02,-2.600500360131263733e-03,-2.242098096758127213e-03,1.586971990764141083e-02,-1.104379189200699329e-03,1.350259780883789062e-02,-8.795025758445262909e-03,-1.234904211014509201e-02,-1.410938147455453873e-02,2.361787669360637665e-02,-7.130538579076528549e-04,-4.110123962163925171e-02,6.574598141014575958e-03,1.972379535436630249e-02,-3.402321366593241692e-03,-8.414952084422111511e-03,1.164223998785018921e-02,9.901905432343482971e-03,1.506956643424928188e-03,7.614798378199338913e-03,-2.640508115291595459e-02,1.087542530149221420e-02,-1.562800724059343338e-03,-5.134321283549070358e-03,-3.744720295071601868e-02,1.622978970408439636e-02,3.518010303378105164e-02,1.202231273055076599e-02,-6.347888149321079254e-03,-3.740719752386212349e-03,1.096877735108137131e-02,-2.092402614653110504e-02,4.037443548440933228e-03,-1.497621461749076843e-02,5.397705361247062683e-03,-1.134885009378194809e-02,-2.103071287274360657e-02,6.981343030929565430e-03,-1.490953564643859863e-02,2.995242923498153687e-02,-3.971430659294128418e-02,1.564300991594791412e-02,-2.805873192846775055e-02,2.445803955197334290e-02,-3.670039400458335876e-02,6.184522993862628937e-03,2.073732204735279083e-03,8.715010248124599457e-03,-2.971238270401954651e-02,-1.130884233862161636e-02,-3.571353852748870850e-02,9.861897677183151245e-03,-1.357594504952430725e-02,-4.606219381093978882e-02,-6.627941969782114029e-03,1.177559886127710342e-02,-1.402936596423387527e-02,-4.638225585222244263e-02,-3.487337613478302956e-03,1.364929229021072388e-02,-4.307495430111885071e-03,-5.637751426547765732e-03,4.570879507809877396e-03,6.694621406495571136e-03,-3.160608187317848206e-02,1.265576854348182678e-02,9.261782281100749969e-03,-2.479143626987934113e-02,-8.354940451681613922e-03,3.453997895121574402e-03,-1.669654622673988342e-02,2.427133545279502869e-02,3.744053654372692108e-03,1.162890437990427017e-02,7.350372470682486892e-05,-2.136410959064960480e-02,1.026864256709814072e-02,2.353786258026957512e-03,3.005911596119403839e-02,8.835032931528985500e-04,3.690710058435797691e-03,-1.001859433017671108e-03,-4.097455181181430817e-03,-4.020773805677890778e-03,3.950760234147310257e-03,-7.521447259932756424e-03,5.781112238764762878e-03,-1.849689148366451263e-02,-1.835353090427815914e-03,8.141566067934036255e-03,9.415145032107830048e-03,-1.840354129672050476e-02,6.374559830874204636e-03,-1.660319417715072632e-02,-1.674988865852355957e-02,-9.101751260459423065e-03,3.133936226367950439e-02,2.583830500952899456e-04,7.328076753765344620e-03,4.584215115755796432e-03,-2.305443631485104561e-03,6.757966708391904831e-03,-4.657562822103500366e-03,6.224530749022960663e-03,3.117933124303817749e-02,-1.722206361591815948e-04,-6.551260594278573990e-04,3.584689646959304810e-02,9.221774525940418243e-03,5.927807185798883438e-03,-3.216619044542312622e-02,-6.174521055072546005e-03,2.547156764194369316e-03,1.626979745924472809e-02,2.023055963218212128e-02,-7.088030222803354263e-03,-3.907418623566627502e-02,6.974675226956605911e-03,-3.760723629966378212e-03,-3.740719752386212349e-03,3.432660549879074097e-02,-8.875041268765926361e-03,1.378931943327188492e-02,1.148220896720886230e-02,-1.456946949474513531e-03,6.284542381763458252e-03,-1.393601484596729279e-02,3.040584921836853027e-02,2.375456970185041428e-03,-1.548297889530658722e-02,3.128601983189582825e-02,1.111547183245420456e-02,9.141759015619754791e-03,-1.111547183245420456e-02,1.830352121032774448e-03,1.168224774301052094e-02,-3.282298101112246513e-03,1.940373331308364868e-02,1.592306420207023621e-02,1.238904986530542374e-02,-2.090402180328965187e-03,1.151888282038271427e-03,-4.195473715662956238e-02,2.140411734580993652e-02,-2.440469525754451752e-02,-2.387125976383686066e-03,-3.210617695003747940e-03,1.284913904964923859e-02,-1.052202470600605011e-02,1.522959675639867783e-02,1.159556396305561066e-02,2.411130629479885101e-02,1.356260944157838821e-02,-6.867988035082817078e-03,2.288440242409706116e-02,1.537629123777151108e-02,2.541822381317615509e-02,-2.513816952705383301e-02,2.157081617042422295e-03,-1.756337843835353851e-02,-5.086312070488929749e-02,1.402936596423387527e-02,3.411322832107543945e-02,1.001526042819023132e-02,3.512675687670707703e-02,-8.494967594742774963e-03,-1.302917301654815674e-02,9.741874411702156067e-03,4.117459058761596680e-03,3.542014956474304199e-02,9.815221652388572693e-03,-6.021991721354424953e-04,-1.577636785805225372e-02,-2.616503462195396423e-02,-1.476284023374319077e-02,-1.580304000526666641e-03,-8.141566067934036255e-03,6.571264471858739853e-03,1.165557559579610825e-02,2.079066634178161621e-02,2.941899374127388000e-02,-8.621659129858016968e-03,-1.356260944157838821e-02,3.357312642037868500e-03,4.147464409470558167e-03,-9.848561137914657593e-03,-1.417606044560670853e-02,4.230814054608345032e-03,1.324921566992998123e-02,3.750721691176295280e-03,-4.400846548378467560e-03,-4.142130166292190552e-02,-1.545630674809217453e-02,-7.821504957973957062e-03,-5.617747548967599869e-03,3.382317489013075829e-03,2.019055187702178955e-02,-3.497339552268385887e-03,-4.830929450690746307e-03,-6.307880394160747528e-03,-1.258242037147283554e-02,1.437609922140836716e-02,-6.437905132770538330e-03,6.084504071623086929e-03,8.608322590589523315e-03,1.562967337667942047e-02,-1.657652296125888824e-02,-5.881131626665592194e-03,1.767006702721118927e-02,2.367122098803520203e-02,3.275296837091445923e-02,-2.302109496667981148e-03,4.420850425958633423e-03,-2.547156810760498047e-02,-3.474001772701740265e-03,-2.377790771424770355e-02,-1.036866195499897003e-02,-3.352645039558410645e-02,-6.948003545403480530e-03,1.140219345688819885e-02,-7.864012732170522213e-04,-3.544681891798973083e-02,1.797012402676045895e-03,9.428480640053749084e-03,2.132410183548927307e-02,1.123549509793519974e-02,-8.354940451681613922e-03,-1.518958900123834610e-02,4.294159356504678726e-03,9.879233688116073608e-02,7.334744557738304138e-03,-1.501622237265110016e-02,1.910367514938116074e-03,1.294249016791582108e-02,3.806065768003463745e-02,-4.314163234084844589e-03,-2.419132180511951447e-02,-2.368789166212081909e-03,-2.819208987057209015e-02,-5.207668524235486984e-03,-8.021543733775615692e-03,2.768532745540142059e-02,-2.471142075955867767e-02,4.400846548378467560e-03,1.510957349091768265e-02,-8.741681464016437531e-03,1.355594117194414139e-02,1.209566090255975723e-02,-2.228428795933723450e-02,8.494967594742774963e-03,1.029531378298997879e-02,-2.511149831116199493e-02,1.232237089425325394e-02,-7.288068998605012894e-03,-6.801308598369359970e-03,4.062115028500556946e-02,4.128794372081756592e-02,5.907803308218717575e-03,-1.352760242298245430e-03,7.514778990298509598e-03,4.024107474833726883e-03,1.130217406898736954e-02,2.003052085638046265e-02,-1.331589557230472565e-02,2.315112017095088959e-02,2.723857294768095016e-03,1.805680803954601288e-02,1.845688372850418091e-02,-2.055395394563674927e-03,8.274924941360950470e-03,-4.590883385390043259e-03,2.055061981081962585e-02,-2.328447997570037842e-02,-2.857216401025652885e-03,-6.407482578651979566e-05,-1.100211683660745621e-02,2.307110466063022614e-02,-8.901712484657764435e-03,-4.387510940432548523e-02,1.915035024285316467e-02,-8.881708607077598572e-03,-1.389600709080696106e-02,1.038866583257913589e-02,2.902641717810183764e-04,-9.721870534121990204e-03,-9.261782281100749969e-03,-3.894499386660754681e-04,-9.495160542428493500e-03,-2.776534110307693481e-02,-1.828351803123950958e-02,-2.819208987057209015e-02,2.441803179681301117e-02,3.960762172937393188e-03,-2.335115894675254822e-02,-1.792344823479652405e-02,-2.140411734580993652e-02,-2.161749266088008881e-02,-1.809681579470634460e-02,-5.574405658990144730e-03,-7.241393439471721649e-03,-1.963711110875010490e-03,-2.949900925159454346e-02,1.808347925543785095e-02,2.127075940370559692e-02,2.381791546940803528e-02,8.081554435193538666e-03,8.254921995103359222e-03,-9.855229407548904419e-03,3.480669576674699783e-03,1.686991192400455475e-02,-1.569635234773159027e-02,-4.580881446599960327e-03,-2.429800853133201599e-02,-1.875027455389499664e-02,1.292915455996990204e-02,-3.143938258290290833e-03,-2.519151382148265839e-02,-2.279105223715305328e-02,-1.316920015960931778e-02,-1.736334152519702911e-02,-1.324921566992998123e-02,1.925703883171081543e-02,-2.145746164023876190e-02,1.775008253753185272e-02,-2.036391757428646088e-02,1.464281696826219559e-02,-2.245765365660190582e-02,4.120792727917432785e-03,-1.361595280468463898e-02,8.755018003284931183e-03,8.848369121551513672e-03,-1.216900814324617386e-02,-9.088415652513504028e-03,2.623171359300613403e-02,1.604308746755123138e-02,-1.460280921310186386e-02,1.957709901034832001e-02,2.825543517246842384e-03,-7.554786745458841324e-03,1.787010394036769867e-02,-1.096210908144712448e-02,2.487145178020000458e-02,-1.418939698487520218e-02,-3.277964144945144653e-02,2.205757796764373779e-02,1.176226325333118439e-02,3.747387602925300598e-02,3.518010303378105164e-02,1.729666069149971008e-02,-1.630980521440505981e-02,-3.165942430496215820e-02,8.728345856070518494e-03,-9.815221652388572693e-03,-3.784728050231933594e-02,-1.244406099431216717e-03,-8.239085436798632145e-04,-3.680708259344100952e-02,1.229569874703884125e-02,1.725665293633937836e-02,-9.915241040289402008e-03,-4.750913940370082855e-03,-2.261768467724323273e-02,-7.134706247597932816e-03,-2.124408818781375885e-02,-1.307751634158194065e-03,-2.031057514250278473e-02,1.631147111766040325e-03,-2.471142075955867767e-02,2.515483880415558815e-03,-2.383792016189545393e-04,-3.221953287720680237e-02,-2.467141300439834595e-02,-2.431134320795536041e-02,1.164223998785018921e-02,-3.574020788073539734e-02,2.822209615260362625e-03,3.490254748612642288e-04,1.099544856697320938e-02,2.641841582953929901e-02,-1.743668806739151478e-03,8.815029636025428772e-03,-1.254241354763507843e-02,-7.027393439784646034e-05,9.541835635900497437e-03,-1.347592566162347794e-02,-1.957043306902050972e-03,1.086875796318054199e-02,2.279105223715305328e-02,2.123075164854526520e-02,3.587356954813003540e-02,-1.312919240444898605e-02,4.844265524297952652e-03,1.331589557230472565e-02,1.063225427060388029e-04,-1.577636785805225372e-02,-1.281579863280057907e-02,-9.281786158680915833e-03,-4.134128615260124207e-02,1.558966562151908875e-02,2.609835378825664520e-02,5.827787797898054123e-03,3.571353852748870850e-02,-6.994679104536771774e-03,2.264435589313507080e-02,3.309969976544380188e-02,-8.748349733650684357e-03,-9.501827880740165710e-03,-2.551157586276531219e-02,-2.144412510097026825e-02,-7.521447259932756424e-03,-1.852356456220149994e-02,3.096595779061317444e-02,1.848355680704116821e-02,1.589639112353324890e-02,4.970956593751907349e-03,3.936757519841194153e-02,-2.465474419295787811e-03,-9.428480640053749084e-03,1.556132687255740166e-03,2.359120547771453857e-02,-8.274924941360950470e-03,2.827210538089275360e-02,1.345592178404331207e-02,2.172417938709259033e-02,-1.204231660813093185e-02,1.825684495270252228e-02,3.008578903973102570e-02,-1.220901589840650558e-02,1.781676150858402252e-02,1.269577629864215851e-02,6.187857128679752350e-03,-7.261396851390600204e-03,-2.327114343643188477e-02,8.034879341721534729e-03,1.119548734277486801e-02,-5.954478867352008820e-03,7.774829398840665817e-03,1.583638018928468227e-03,-4.354170989245176315e-03,3.540681209415197372e-03,-3.149939328432083130e-02,-2.200423367321491241e-02,-1.478951238095760345e-02,1.442944258451461792e-02,1.015528757125139236e-02,-2.068397961556911469e-02,5.697763059288263321e-03,-1.255574915558099747e-02,-1.610976643860340118e-02,-1.421606820076704025e-02,-1.266243588179349899e-02,4.395512491464614868e-02,-1.444277912378311157e-02,-1.123549509793519974e-02,3.333974629640579224e-02,1.350259757600724697e-03,-3.644034499302506447e-03,1.948374882340431213e-02,3.995435312390327454e-02,-6.687953602522611618e-03,2.768532745540142059e-02,1.206898875534534454e-02,-2.213759161531925201e-02,1.346925832331180573e-02,1.644316315650939941e-02,4.390844609588384628e-03,-2.625838480889797211e-02,-2.939232252538204193e-02,2.283105999231338501e-02,-8.593319798819720745e-04,4.350836854428052902e-03,-5.230173119343817234e-04,-2.060396410524845123e-02,-1.432275585830211639e-02,1.602975092828273773e-02,-1.481618359684944153e-02,-1.152721815742552280e-03,-1.844354905188083649e-02,-2.553824707865715027e-02,-1.872360147535800934e-02,1.182894222438335419e-02,-5.674425046890974045e-03,1.928371004760265350e-02,1.638982072472572327e-02,-1.077540684491395950e-02,-8.048214949667453766e-03,-2.099070511758327484e-02,-1.668320968747138977e-02,1.676322519779205322e-02,-3.341976180672645569e-02,2.677848562598228455e-02,1.666987314820289612e-02,-7.928191684186458588e-03,1.885696128010749817e-02,6.367892026901245117e-03,-2.760531194508075714e-02,-1.020863093435764313e-02,-1.626979745924472809e-02,2.004385553300380707e-02,-1.980589440790936351e-04,-2.090402180328965187e-03,-2.704520337283611298e-02,-4.254151601344347000e-03,-6.257870700210332870e-03,2.300442662090063095e-03,-1.000859215855598450e-02,-1.740334741771221161e-02,1.948708202689886093e-03,-1.009527593851089478e-02,4.057447426021099091e-03,3.005911596119403839e-02,-3.178945044055581093e-03,-5.921139381825923920e-03,-4.706634717877022922e-05,-3.163942135870456696e-03,-1.244906149804592133e-02,1.640315540134906769e-02,3.387318551540374756e-02,-1.694992743432521820e-02,-1.678989641368389130e-02,-1.170891895890235901e-02,-6.584600079804658890e-03,2.088401839137077332e-02,-4.944284446537494659e-03,-9.728538803756237030e-03,1.158889662474393845e-02,1.640315540134906769e-02,3.323972923681139946e-03,1.279579475522041321e-02,-1.897698454558849335e-02,2.925896272063255310e-02,-1.743002049624919891e-02,1.552298665046691895e-02,1.292915455996990204e-02,-1.747002825140953064e-02,8.421620354056358337e-03,-2.436468750238418579e-02,-8.234918117523193359e-03,2.385792322456836700e-02,1.204898487776517868e-02,1.452279370278120041e-02,1.588305644690990448e-02,-1.053536031395196915e-02,1.328922342509031296e-02,9.048407897353172302e-03,2.064397186040878296e-02,-2.308444119989871979e-02,-2.741860784590244293e-02,1.751003600656986237e-02,4.830929450690746307e-03,-1.162890437990427017e-02,3.691376745700836182e-02,-2.384458668529987335e-02,6.181189324706792831e-03,1.713662967085838318e-02,1.406937371939420700e-02,1.674988865852355957e-02,-7.350372470682486892e-05,4.890941083431243896e-03,7.201385684311389923e-03,-3.083926625549793243e-03,-5.614413414150476456e-03,-1.232237089425325394e-02,-1.329589169472455978e-02,-2.050394425168633461e-03,-5.524396430701017380e-03,1.654984988272190094e-02,-1.209566090255975723e-02,-1.317753572948276997e-03,-2.602167427539825439e-03,2.857216401025652885e-03,-4.654228687286376953e-03,8.881708607077598572e-03,-4.467525985091924667e-03,1.542963553220033646e-02,-1.440277136862277985e-02,-8.254921995103359222e-03,-3.045919351279735565e-02,-2.080400288105010986e-02,-2.741860784590244293e-02,1.154222059994935989e-02,3.570687025785446167e-03,-1.494954247027635574e-02,-1.097544468939304352e-02,-1.880361814983189106e-03,-5.734436586499214172e-02,-6.164519581943750381e-03,-2.040392532944679260e-02,2.705853991210460663e-02,1.865692250430583954e-02,-4.507533740252256393e-03,1.883029006421566010e-02,2.349785342812538147e-02,2.225761488080024719e-02,5.067641846835613251e-03,-3.048586472868919373e-02,5.754440557211637497e-03,-2.099070511758327484e-02,-1.885696128010749817e-02,-5.157658830285072327e-03,2.827210538089275360e-02,-1.266243588179349899e-02,-3.954093903303146362e-03,4.491530731320381165e-02,1.680323295295238495e-02,-2.155081368982791901e-02,2.835212089121341705e-02,-8.928384631872177124e-03,-2.649843133985996246e-02,-1.215567160397768021e-02,7.781497202813625336e-03,1.960377208888530731e-02,-5.075643211603164673e-02,7.788165006786584854e-03,-1.209566090255975723e-02,7.641470059752464294e-03,1.185561437159776688e-02,1.254241354763507843e-02,-2.787202969193458557e-02,-1.038866583257913589e-02,1.516291685402393341e-02,-1.328922342509031296e-02,-4.897608887404203415e-03,-5.561070051044225693e-03,8.543310104869306087e-04,1.471949857659637928e-03,1.689658500254154205e-02,6.927999667823314667e-03,8.648330345749855042e-03,1.065538357943296432e-02,-4.430852364748716354e-03,6.304546259343624115e-03,-2.205757796764373779e-02,-2.373789995908737183e-02,1.584304869174957275e-02,5.984484683722257614e-03,7.348080631345510483e-03,1.216900814324617386e-02,-1.844354905188083649e-02,-7.448099553585052490e-03,-1.452279370278120041e-02,-6.031160242855548859e-03,-4.410848487168550491e-03,7.401423994451761246e-03,-1.646983623504638672e-02,2.008386328816413879e-02,-2.635173685848712921e-02,1.472283247858285904e-02,3.963429108262062073e-02,-2.917894721031188965e-02,1.326088444329798222e-03,1.088209357112646103e-02,9.626852115616202354e-04,-2.044393308460712433e-02,-2.133743837475776672e-02,-1.324921566992998123e-02,-2.424466423690319061e-02,-5.377701483666896820e-03,9.635186754167079926e-03,1.415272243320941925e-03,-3.659370541572570801e-02,-2.467141300439834595e-02,-6.405399180948734283e-04,1.094377250410616398e-03,8.935051970183849335e-03,2.088935226202011108e-01,-8.668334223330020905e-03,-6.494583096355199814e-03,2.727191336452960968e-02,1.602975092828273773e-02,1.365596055984497070e-02,2.787202969193458557e-02,2.065730839967727661e-02,-5.404373165220022202e-03,2.125742286443710327e-02,-2.741860784590244293e-02,-1.006193552166223526e-02,-3.742053359746932983e-02,5.281016230583190918e-03,-1.274245139211416245e-02,-1.732333377003669739e-02,-3.235289081931114197e-02,-1.661653071641921997e-02,-1.759005151689052582e-02,-2.952568046748638153e-02,1.960377208888530731e-02,1.646983623504638672e-02,1.300250180065631866e-02,-2.005719207227230072e-02,3.357979282736778259e-02,2.696518786251544952e-02,-1.003526430577039719e-02,-1.358928158879280090e-02,2.840546518564224243e-02,5.037636030465364456e-03,-2.131076715886592865e-02,-2.591165155172348022e-02,-3.135603386908769608e-03,-1.306918077170848846e-02,-4.395512491464614868e-02,-1.422148634446784854e-04,1.378931943327188492e-02,-1.168224774301052094e-02,2.629839256405830383e-02,2.892223186790943146e-03,1.388267055153846741e-02,-2.140411874279379845e-03,-1.448278687894344330e-02,6.101173814386129379e-03,4.127460997551679611e-03,2.824543416500091553e-02,-7.341412361711263657e-03,-1.008860766887664795e-02,-1.828351803123950958e-02,8.995063602924346924e-03,-2.792537212371826172e-02,1.109546795487403870e-02,5.080977454781532288e-02,2.519151382148265839e-02,-8.214914239943027496e-03,6.797974463552236557e-03,-1.018862705677747726e-02,2.172417938709259033e-02,-1.397602260112762451e-02,-1.107546407729387283e-02,-1.984381861984729767e-02,2.409796975553035736e-02,-8.895045146346092224e-03,1.673655398190021515e-02,2.033724635839462280e-02,3.061922453343868256e-02,-2.057729288935661316e-02,-1.816349476575851440e-02,-3.000577213242650032e-03,-1.344258617609739304e-02,-8.301597088575363159e-03,-2.784535661339759827e-02,1.026864256709814072e-02,1.172892283648252487e-02,-3.954093903303146362e-03,-1.787010394036769867e-02,1.958710141479969025e-03,5.000961944460868835e-03,-3.517343429848551750e-04,1.166891213506460190e-02,-1.306251343339681625e-02,-1.248240191489458084e-02,-1.151054748333990574e-03,-2.760531147941946983e-03,-8.228249847888946533e-03,-3.515342995524406433e-02,9.021735750138759613e-03,-1.717663742601871490e-02,-1.396268606185913086e-02,-4.990960471332073212e-03,9.401808492839336395e-03,-3.165942430496215820e-02,-2.731192111968994141e-02,-9.715202264487743378e-03,1.795011945068836212e-02,3.947426006197929382e-02,-4.264153540134429932e-03,2.669847011566162109e-02,-6.981343030929565430e-03,4.680900368839502335e-03,-1.725665293633937836e-02,1.298916619271039963e-02,1.100878510624170303e-02,2.993909409269690514e-03,-2.537988184485584497e-04,-3.627364523708820343e-03,-3.177277976647019386e-03,2.417798526585102081e-02,1.409604493528604507e-02,-8.368276990950107574e-03,-5.134321283549070358e-03,-5.997820757329463959e-03,1.365596055984497070e-02,2.137077739462256432e-03,8.701673708856105804e-03,-1.002192776650190353e-02,-3.027249127626419067e-03,-2.035058289766311646e-02,2.136410959064960480e-02,2.249766141176223755e-02,-3.860742785036563873e-03,-1.424274034798145294e-02,-7.228057365864515305e-03,1.622978970408439636e-02,-1.377598382532596588e-02,5.457716528326272964e-03,-2.768532745540142059e-02,-6.934667471796274185e-03,3.310636850073933601e-03,-2.248432673513889313e-02,2.923229150474071503e-02,-2.652510255575180054e-02,1.205231877975165844e-03,-2.763865049928426743e-03,1.789677701890468597e-02,1.013528369367122650e-02,1.416272483766078949e-02,-1.256908476352691650e-02,-2.000384777784347534e-02,6.659614737145602703e-04,-1.040866971015930176e-02,1.470949687063694000e-02,1.632313989102840424e-02,1.076873857527971268e-02,3.667372278869152069e-03,-1.985382055863738060e-03,2.164416387677192688e-02,-1.884362474083900452e-02,2.150413783965632319e-04,-3.647368401288986206e-03,-1.075540296733379364e-02,-7.808168884366750717e-03,-8.988396264612674713e-03,-1.052869204431772232e-02,1.518958900123834610e-02,-1.497788121923804283e-03,-2.332448773086071014e-02,-2.537821605801582336e-02,2.207091264426708221e-02,2.087068278342485428e-03,-4.235481470823287964e-02,1.637648418545722961e-02,2.847214462235569954e-03,2.337949845241382718e-04,-6.251202430576086044e-04,-4.964288324117660522e-03,-1.694192588329315186e-01,3.257293254137039185e-03,1.317586842924356461e-02,-2.621837705373764038e-02,1.674988865852355957e-02,-5.117651075124740601e-03,8.748349733650684357e-03,1.268910802900791168e-02,-1.315586455166339874e-02,-4.744246136397123337e-03,5.488555761985480785e-04,-5.314355716109275818e-03,-1.435276120901107788e-03,2.083067409694194794e-02,-1.642982847988605499e-02,-1.542963553220033646e-02,-3.448663651943206787e-02,7.859845645725727081e-04,2.180419489741325378e-02,3.109931759536266327e-02,2.885888516902923584e-02,9.268450085073709488e-04,-5.441046785563230515e-03,-1.545630674809217453e-02,3.293967247009277344e-02,4.184805229306221008e-02,-2.437802404165267944e-02,1.649484038352966309e-03,-9.521831758320331573e-03,-2.864551171660423279e-02,-1.931038126349449158e-02,8.288261480629444122e-03,3.544681891798973083e-02,-1.101545244455337524e-02,9.435148909687995911e-03,2.440469525754451752e-02,-1.597640663385391235e-02,-1.130217406898736954e-02,3.770725568756461143e-03,1.560300216078758240e-02,3.229954838752746582e-02,1.182894222438335419e-02,2.399128302931785583e-02,9.468488395214080811e-03,-5.341027397662401199e-03,2.224428020417690277e-02,8.341604843735694885e-03,-9.295121766626834869e-03,1.408270932734012604e-02,-3.104597330093383789e-02,5.564403720200061798e-03,-7.601462304592132568e-03,1.661653071641921997e-02,-8.908380754292011261e-03,9.495160542428493500e-03,3.185612848028540611e-03,-1.194229722023010254e-02,-1.115547958761453629e-02,-2.196422591805458069e-02,7.328076753765344620e-03,-6.834648083895444870e-03,-9.948580525815486908e-03,5.811118055135011673e-03,-1.342925056815147400e-02,3.037917800247669220e-02,-1.123549509793519974e-02,-7.961532101035118103e-03,8.174906484782695770e-03,-1.558966562151908875e-02,1.660319417715072632e-02,-1.393601484596729279e-02,-1.091543305665254593e-02,1.520292460918426514e-02,-9.368468890897929668e-04,4.270821809768676758e-03,-1.456946949474513531e-03,-2.520484849810600281e-02,2.233763039112091064e-02,1.693659275770187378e-02,-9.701866656541824341e-04,-2.012387104332447052e-02,1.141552999615669250e-02,1.021029776893556118e-03,-1.192896161228418350e-02,-2.071065083146095276e-02,-1.573636010289192200e-02,8.988396264612674713e-03,-3.291299939155578613e-02,1.864358782768249512e-02,7.874848321080207825e-03,-7.901520468294620514e-03,-3.018914256244897842e-03,-1.082208193838596344e-02,-9.195102378726005554e-03,3.317971527576446533e-02,1.256908476352691650e-02,9.561839513480663300e-03,1.128883846104145050e-02,-5.538565455935895443e-04,-1.818683231249451637e-03,1.729666069149971008e-02,-6.151183508336544037e-03,-3.795396909117698669e-02,1.283580251038074493e-02,2.920561842620372772e-02,-3.099262900650501251e-02,-1.594973541796207428e-02,8.154902607202529907e-03,2.790536964312195778e-03,-9.595178999006748199e-03,1.425607595592737198e-02,1.067538745701313019e-02,1.570968888700008392e-02,-4.470860119909048080e-03,-8.721677586436271667e-03,2.784535661339759827e-02,-1.080207806080579758e-02,-3.472668305039405823e-02,1.385599933564662933e-02,-1.151554845273494720e-02,4.864935949444770813e-02,1.769673824310302734e-02,-1.174892671406269073e-02,6.507918704301118851e-03,-1.381599158048629761e-02,-9.581843391060829163e-03,-1.215167120099067688e-01,-1.780342496931552887e-02,3.844072809442877769e-03,2.208424918353557587e-02,4.134128615260124207e-02,1.804347150027751923e-02,-6.330384640023112297e-04,9.535168297588825226e-03,-4.958287253975868225e-02,2.204424142837524414e-02,2.592165488749742508e-03,-2.635173685848712921e-02,-3.072591125965118408e-02,9.881901554763317108e-03,6.141181569546461105e-03,-2.733859233558177948e-02,7.601462304592132568e-03,-8.601655252277851105e-03,-2.025723084807395935e-02,1.744335517287254333e-02,1.728332601487636566e-02,1.056203246116638184e-02,1.221568323671817780e-02,3.222286701202392578e-03,-5.201000720262527466e-03,1.837686821818351746e-02,-2.472475729882717133e-02,3.032583370804786682e-02,2.175085060298442841e-02,-7.136789645301178098e-05,1.545630674809217453e-02,3.045585937798023224e-03,-7.741489447653293610e-03,-2.862217370420694351e-03,-2.077733166515827179e-02,-9.601847268640995026e-03,-2.215092815458774567e-02,-1.656318642199039459e-02,2.464474178850650787e-02,-2.813874743878841400e-02,1.596307195723056793e-02,1.771007478237152100e-02,-2.293774671852588654e-02,7.681477814912796021e-03,-3.290216263849288225e-04,1.164390705525875092e-03,-2.441803179681301117e-02,1.837686821818351746e-02,4.992960765957832336e-02,-8.895045146346092224e-03,-4.448856040835380554e-02,-2.739193663001060486e-02,-3.614028543233871460e-02,7.009682012721896172e-04,2.589831687510013580e-02,-4.820927511900663376e-03,-5.891133565455675125e-03,1.120882295072078705e-02,-8.268257603049278259e-03,-4.559210501611232758e-04,4.957620520144701004e-03,1.716330274939537048e-02,-1.795011945068836212e-02,2.012387104332447052e-02,-5.471052601933479309e-03,-6.227864883840084076e-03,-8.084888686425983906e-04,-1.342258229851722717e-02,3.927422221750020981e-03,-2.208424918353557587e-02,1.144220121204853058e-02,1.557633001357316971e-02,-8.521639741957187653e-03,2.667179889976978302e-02,-2.541822381317615509e-02,1.030865032225847244e-02,-7.414760068058967590e-03,-2.075065858662128448e-02,4.887606948614120483e-03,-3.654036298394203186e-02,-1.324921566992998123e-02,-2.092402614653110504e-02,1.959043554961681366e-02,-1.909700781106948853e-02,1.120215514674782753e-03,1.120215514674782753e-03,1.889696903526782990e-02,-8.875041268765926361e-03,1.368596684187650681e-03,-4.527537617832422256e-03,9.635186754167079926e-03,6.654613651335239410e-03,1.775008253753185272e-02,-1.509623788297176361e-02,-2.992575801908969879e-02,1.438943482935428619e-02,1.771007478237152100e-02,-8.488299325108528137e-03,5.334359593689441681e-03,6.291210185736417770e-03,-2.329781651496887207e-02,4.992627073079347610e-04,-4.326165840029716492e-02,2.692518010735511780e-02,-8.875041268765926361e-03,-2.495146729052066803e-02,-2.828877652063965797e-03,-2.424466423690319061e-02,-5.777778103947639465e-03,-2.992575801908969879e-02,-1.905700005590915680e-02,-1.050868816673755646e-02,-8.441624231636524200e-03,1.596307195723056793e-02,-2.100404165685176849e-02,-1.071539521217346191e-02,-1.610976643860340118e-02,-7.028019055724143982e-03,5.351029685698449612e-04,3.660704242065548897e-03,3.820735029876232147e-03,1.757671497762203217e-02,3.930756356567144394e-03,3.874078625813126564e-03,-4.174136556684970856e-03,-9.355133399367332458e-03,-4.280823748558759689e-03,1.732333377003669739e-02,-1.223568711429834366e-02,1.973713003098964691e-02,-8.272424747701734304e-05,3.198948688805103302e-03,2.725524245761334896e-04,-2.431134320795536041e-02,2.025723084807395935e-02,1.972379535436630249e-02,1.337590720504522324e-02,-2.347118221223354340e-02,1.621645316481590271e-02,-3.740719752386212349e-03,2.569827809929847717e-02,4.080785065889358521e-02,-1.480284798890352249e-02,-3.384651243686676025e-02,1.052285806508734822e-04,-6.217862945050001144e-03,-2.105738408863544464e-02,-4.082035447936505079e-04,-6.451241206377744675e-03,3.293967247009277344e-02,2.851215191185474396e-02,2.113739959895610809e-02,2.573828585445880890e-02,3.293967247009277344e-02,1.177559886127710342e-02,-2.100404165685176849e-02,-9.675194509327411652e-03,-3.325973078608512878e-02,1.212233211845159531e-02,-2.073732390999794006e-02,-9.128422476351261139e-03,-6.475912779569625854e-02,7.474771235138177872e-03,-8.901712717488408089e-04,-6.384561769664287567e-03,-1.405603811144828796e-02,1.918337875395081937e-05,1.590972766280174255e-02,-5.537732038646936417e-03,1.304250955581665039e-02,-3.704045899212360382e-03,-6.221197079867124557e-03,-1.418939698487520218e-02,1.244906149804592133e-02,1.296916231513023376e-02,2.209758572280406952e-02,-1.484660606365650892e-04,-9.415145032107830048e-03,-8.541643619537353516e-03,7.614798378199338913e-03,-2.355119772255420685e-02,8.394948206841945648e-03,-4.437520634382963181e-03,-1.959043554961681366e-02,-6.854651961475610733e-03,3.987433854490518570e-03,2.744528092443943024e-02,1.640315540134906769e-02,-9.155094623565673828e-03,-1.168891601264476776e-02,3.510008752346038818e-02,1.028864644467830658e-02,1.150221284478902817e-02,1.330922730267047882e-02,9.355133399367332458e-03,-2.104404941201210022e-02,-1.124216336756944656e-02,1.488286349922418594e-02,-2.851215191185474396e-02,2.005385933443903923e-03,8.955055847764015198e-03,2.036391757428646088e-02,1.066038385033607483e-03,-8.088222704827785492e-03,1.978714019060134888e-03,-6.894659716635942459e-03,-6.614605896174907684e-03,-1.448612078092992306e-03,-1.701660640537738800e-02,-2.760531194508075714e-02,-4.660896956920623779e-03,1.500288676470518112e-02,1.132217794656753540e-02,1.577636785805225372e-02,7.848176173865795135e-03,8.141566067934036255e-03,-1.078874245285987854e-02,2.800538763403892517e-02,1.582971215248107910e-02,-7.494775112718343735e-03,-1.216233987361192703e-02,1.568301767110824585e-02,1.343591790646314621e-02,6.581266410648822784e-03,2.880554273724555969e-02,6.697955541312694550e-03,2.928563393652439117e-02,1.258242037147283554e-02,-2.493813168257474899e-03,-3.333974629640579224e-02,2.361787669360637665e-02,6.851318175904452801e-04,-6.976342410780489445e-04,-1.045513636199757457e-04,-4.504866898059844971e-02,-1.925703883171081543e-02,8.021543733775615692e-03,8.968392387032508850e-03,-2.452471852302551270e-02,6.359557155519723892e-04,-3.550016507506370544e-02,2.429800853133201599e-02,1.791011169552803040e-02,-1.235571037977933884e-02,-1.796345598995685577e-02,1.839020475745201111e-02,2.093736082315444946e-02,8.141566067934036255e-03,6.011156365275382996e-03,1.281579863280057907e-02,-1.500288676470518112e-02,2.771199867129325867e-02,-1.174892671406269073e-02,2.795204520225524902e-02,4.877605009824037552e-03,-2.037725411355495453e-02,-6.761300843209028244e-03,1.749669946730136871e-02,3.942091763019561768e-02,-1.170891895890235901e-02,2.752529643476009369e-02,2.564493380486965179e-02,-5.597743671387434006e-03,-1.553632202558219433e-03,-1.190229039639234543e-02,-9.441816247999668121e-03,-1.674988865852355957e-02,2.301776222884654999e-02,-3.534013172611594200e-03,-2.323780441656708717e-03,-4.184805229306221008e-02,-1.552298665046691895e-02,4.203475266695022583e-02,-1.337590720504522324e-02,-9.215106256306171417e-03,2.498814137652516365e-03,-2.837879396975040436e-02,-1.797012402676045895e-03,1.576303318142890930e-02,-1.274245139211416245e-02,-2.012053737416863441e-03,2.800538786686956882e-04,1.242905762046575546e-02,-4.094120860099792480e-02,-2.256434038281440735e-02,4.947618395090103149e-02,-6.011156365275382996e-03,-1.936372555792331696e-02,2.972238464280962944e-03,-1.935038901865482330e-02
-1.387229468673467636e-02,-1.723199151456356049e-02,1.746229268610477448e-02,-7.389977108687162399e-03,-5.300327204167842865e-03,3.381371870636940002e-02,-2.842194773256778717e-02,-1.099352259188890457e-02,4.128498025238513947e-03,-8.223127573728561401e-03,2.801553159952163696e-02,1.878991536796092987e-02,-7.660920266062021255e-03,1.287657767534255981e-02,5.893015768378973007e-03,1.748938672244548798e-02,3.039983287453651428e-02,6.333298515528440475e-03,9.537202306091785431e-03,-2.507579885423183441e-02,-1.154895592480897903e-02,4.900685977190732956e-03,-3.708535805344581604e-03,-1.972466893494129181e-02,1.592638320289552212e-03,-2.060523442924022675e-02,1.543021854013204575e-02,-3.351568058133125305e-02,7.688014768064022064e-03,-3.955771401524543762e-02,9.232391603291034698e-03,-1.511355279944837093e-03,-2.063232846558094025e-02,-3.191711381077766418e-02,-4.335092008113861084e-02,-1.811255700886249542e-02,-3.015598468482494354e-02,1.531676040031015873e-03,1.211116369813680649e-02,-3.620479255914688110e-03,1.237533334642648697e-02,6.038647610694169998e-03,7.715109270066022873e-03,4.030280746519565582e-03,-2.823228761553764343e-02,9.523655287921428680e-03,-8.907259441912174225e-03,-1.168442796915769577e-02,-1.636497303843498230e-02,-2.254332503071054816e-04,4.448888078331947327e-02,-1.341846492141485214e-02,-3.403047099709510803e-02,-8.541486226022243500e-03,-1.320170983672142029e-02,3.010179474949836731e-02,-2.010398916900157928e-02,2.357206307351589203e-02,1.009941007941961288e-02,1.192785348393954337e-04,1.819383911788463593e-02,8.067335002124309540e-03,-1.476640719920396805e-02,-3.307200968265533447e-03,6.502638105303049088e-03,-1.465803012251853943e-02,-1.990078203380107880e-02,-2.545173279941082001e-03,-1.625659503042697906e-02,-1.287657767534255981e-02,1.212471071630716324e-02,2.288115769624710083e-02,1.338459644466638565e-02,-7.247732020914554596e-03,2.327402494847774506e-02,-2.828647568821907043e-02,-1.556568965315818787e-02,-1.561987865716218948e-02,-1.106803212314844131e-02,-2.441876102238893509e-03,6.570373661816120148e-03,-1.851897127926349640e-02,-1.805836707353591919e-02,-3.965931944549083710e-03,1.574180275201797485e-02,-1.386552117764949799e-02,1.418387889862060547e-02,2.888255007565021515e-02,-1.358780451118946075e-02,-2.958700247108936310e-02,2.221734635531902313e-02,2.536028809845447540e-02,1.339814346283674240e-02,1.074967347085475922e-02,-2.033429034054279327e-02,2.480485476553440094e-02,-2.258311957120895386e-02,1.059388089925050735e-02,-1.268691755831241608e-02,-2.991213463246822357e-02,6.905666086822748184e-03,6.106383632868528366e-03,-3.065045457333326340e-03,1.232791808433830738e-03,-2.321983687579631805e-02,-1.071919221431016922e-03,-7.017430383712053299e-03,-6.187666673213243484e-03,1.309333276003599167e-02,-2.004980109632015228e-02,-7.538996171206235886e-03,3.831137716770172119e-02,-6.865024566650390625e-03,-5.529951676726341248e-02,2.301662974059581757e-02,-2.376172319054603577e-02,6.831156555563211441e-03,-1.406195480376482010e-02,-2.834066376090049744e-02,-2.584798634052276611e-02,6.011553574353456497e-03,-4.017580358777195215e-04,-2.150611951947212219e-03,-1.839027274399995804e-03,-1.259886100888252258e-02,1.986352726817131042e-03,-1.589082181453704834e-02,-4.866817966103553772e-03,-4.917620215564966202e-03,-1.207729522138834000e-02,3.161907568573951721e-02,1.371650211513042450e-02,2.877417393028736115e-02,-5.245291977189481258e-04,8.731146343052387238e-03,1.883055642247200012e-02,-1.346587948501110077e-02,3.278413321822881699e-03,2.714512636885046959e-03,-1.693395338952541351e-02,-1.174369710497558117e-03,8.460203185677528381e-03,-3.335988847538828850e-03,9.442372247576713562e-03,1.422452088445425034e-02,1.334395539015531540e-02,9.252712130546569824e-03,1.693395338952541351e-02,-2.036138623952865601e-02,-3.241158556193113327e-03,5.330808460712432861e-03,1.177968151750974357e-04,3.088753111660480499e-02,-4.020797833800315857e-02,1.870863139629364014e-02,2.944814506918191910e-03,-1.364199258387088776e-02,2.498096786439418793e-02,9.940230520442128181e-04,4.280903376638889313e-03,-4.521365743130445480e-03,1.867815037257969379e-03,2.559058926999568939e-02,-5.625459365546703339e-03,2.476421371102333069e-02,4.410956054925918579e-02,1.534893549978733063e-02,5.611911881715059280e-03,-6.194440182298421860e-03,1.295786071568727493e-02,2.244764752686023712e-02,2.869288995862007141e-02,-8.548259735107421875e-03,2.429006248712539673e-02,-2.927880501374602318e-03,2.746009826660156250e-02,8.202807046473026276e-03,1.459029410034418106e-02,-2.844904176890850067e-02,-8.460203185677528381e-03,-3.240481391549110413e-02,1.639206707477569580e-02,1.671719923615455627e-02,2.048330940306186676e-02,-2.765314653515815735e-03,-2.587508037686347961e-02,-5.530629307031631470e-03,1.072257943451404572e-02,2.899092808365821838e-02,8.426334708929061890e-03,1.889829174615442753e-03,5.540789570659399033e-03,-1.297818217426538467e-02,-1.740810461342334747e-02,-6.316229104995727539e-01,-2.534674108028411865e-02,-7.830260321497917175e-03,-1.043808832764625549e-02,8.514391258358955383e-03,1.163701247423887253e-02,1.555214263498783112e-02,-1.259208749979734421e-02,3.664613359433133155e-06,-7.133428007364273071e-04,-6.682137958705425262e-03,3.682118654251098633e-02,2.300900960108265281e-04,-3.335311263799667358e-02,-8.649016381241381168e-04,-1.952146179974079132e-02,-3.481620689854025841e-03,-1.964338496327400208e-02,-4.508665006142109632e-04,4.244071897119283676e-04,-1.483414322137832642e-02,1.885765045881271362e-02,-3.650960279628634453e-03,4.335091914981603622e-03,9.171429090201854706e-03,6.021713837981224060e-03,1.245661638677120209e-02,-1.157605089247226715e-02,-1.225340832024812698e-02,1.366908662021160126e-02,-2.101164869964122772e-02,1.273433305323123932e-02,-1.229405030608177185e-02,4.843110684305429459e-03,2.907221019268035889e-02,-5.838827230036258698e-03,-3.888035565614700317e-02,-6.807449273765087128e-03,1.157605089247226715e-02,3.411175683140754700e-02,-2.538738213479518890e-02,-1.316106878221035004e-02,9.604938328266143799e-03,-1.426516193896532059e-02,-6.844704039394855499e-03,6.350232288241386414e-04,6.651656702160835266e-03,-4.274129867553710938e-03,-5.378223489969968796e-03,1.496961433440446854e-02,7.335788570344448090e-03,-1.654108613729476929e-02,-6.140251643955707550e-03,-7.471260149031877518e-03,-3.823686623945832253e-03,-4.504431504756212234e-03,4.519333317875862122e-02,-4.654804989695549011e-02,-2.072715945541858673e-02,-4.043828230351209641e-03,2.740591019392013550e-02,3.560194373130798340e-02,-2.880126796662807465e-02,-7.789618335664272308e-03,-2.030381001532077789e-03,1.826157607138156891e-02,1.778065110556781292e-03,2.620021253824234009e-02,1.034325826913118362e-02,-1.202988065779209137e-02,3.522262349724769592e-02,-8.447132131550461054e-06,-1.461738813668489456e-02,-1.080386247485876083e-02,9.808145463466644287e-03,9.415277745574712753e-04,2.255602553486824036e-02,-3.755273297429084778e-02,-1.331686042249202728e-02,1.104093715548515320e-02,-6.184279918670654297e-03,-1.501025632023811340e-02,-2.758202329277992249e-02,-1.468173693865537643e-03,2.082198858261108398e-02,-2.297937404364347458e-03,-1.327621936798095703e-02,-1.667655631899833679e-02,1.265305001288652420e-02,1.347942650318145752e-02,-1.236855983734130859e-02,1.297140773385763168e-02,1.692040637135505676e-02,-1.230082381516695023e-02,2.489968575537204742e-02,-4.385893698781728745e-03,-7.640599738806486130e-03,1.341846492141485214e-02,2.158063091337680817e-02,1.083773022401146591e-04,-8.453429676592350006e-03,-1.484769023954868317e-02,6.885345559567213058e-03,-3.586611244827508926e-03,2.338240295648574829e-02,1.417033188045024872e-02,-3.291960433125495911e-02,7.220637518912553787e-03,2.051040343940258026e-02,-3.882616758346557617e-02,6.177505943924188614e-03,3.671281039714813232e-03,1.007231511175632477e-02,1.807191409170627594e-02,-7.207090500742197037e-03,-2.557704225182533264e-02,4.782148171216249466e-03,6.604241672903299332e-03,-4.322391469031572342e-04,-6.025777757167816162e-02,1.747583970427513123e-02,3.156488761305809021e-02,2.223089337348937988e-02,-5.591591354459524155e-03,9.726862423121929169e-03,8.297637104988098145e-03,-2.710787206888198853e-02,-1.093256007879972458e-02,-1.266659703105688095e-03,7.579637691378593445e-03,3.374936990439891815e-03,-1.725908555090427399e-02,1.591791585087776184e-02,-1.666300930082798004e-02,5.324034765362739563e-02,-1.704402384348213673e-03,7.301920559257268906e-03,-3.646896034479141235e-02,5.540789663791656494e-02,-1.553859561681747437e-02,1.026874966919422150e-02,-2.173896209569647908e-04,-8.514391258358955383e-03,-2.323338389396667480e-02,-1.686621829867362976e-02,-4.410956054925918579e-02,-8.433109149336814880e-03,-5.107280332595109940e-03,-4.559974744915962219e-02,3.351568058133125305e-02,3.432850912213325500e-02,-9.144335053861141205e-03,-1.365553960204124451e-02,-7.044524420052766800e-03,-7.532222196459770203e-03,-1.861380226910114288e-02,-1.931825466454029083e-02,-1.590436883270740509e-02,8.385693654417991638e-03,-1.613467000424861908e-02,1.399421878159046173e-02,4.707639105618000031e-03,-1.099352259188890457e-02,-3.064368106424808502e-02,-1.072935294359922409e-02,-1.583663374185562134e-02,2.939734235405921936e-02,1.337782363407313824e-03,1.199601218104362488e-02,-6.268949713557958603e-03,5.012450274080038071e-03,3.942436160286888480e-05,8.182486519217491150e-03,3.877197951078414917e-02,-3.747145086526870728e-02,1.352006848901510239e-02,1.354716252535581589e-03,-8.412787690758705139e-03,-6.309590768069028854e-03,6.942920852452516556e-03,-1.314074732363224030e-03,-7.478033658117055893e-03,-2.342304401099681854e-02,1.338459644466638565e-02,6.377326790243387222e-03,6.697378703393042088e-04,-1.043131481856107712e-02,-6.323138251900672913e-03,-1.818029209971427917e-02,-1.452255807816982269e-02,-9.889428503811359406e-03,-1.663591526448726654e-02,1.119672972708940506e-02,2.508934587240219116e-02,2.610538154840469360e-02,-1.107480493374168873e-03,1.251080445945262909e-02,1.678493432700634003e-02,-8.361139334738254547e-04,1.747583970427513123e-02,7.349335588514804840e-03,1.446837000548839569e-02,3.595416992902755737e-02,-9.124013595283031464e-03,1.545731257647275925e-02,-2.762266434729099274e-02,1.937244203872978687e-03,-3.291960572823882103e-03,2.269149757921695709e-02,8.318804320879280567e-04,-9.564296342432498932e-03,-3.549356758594512939e-02,-3.705149050801992416e-03,-1.149815390817821026e-03,1.321525685489177704e-02,2.828647568821907043e-02,1.720489561557769775e-02,1.272755954414606094e-02,2.330111898481845856e-02,1.146767288446426392e-02,2.685047686100006104e-02,-1.223986130207777023e-02,2.365334518253803253e-02,9.435386891709640622e-05,-4.782148450613021851e-02,1.052614487707614899e-02,1.715070754289627075e-02,1.322880387306213379e-02,-6.430668872781097889e-04,3.952384460717439651e-03,1.149476785212755203e-02,-1.396712474524974823e-02,-7.315467577427625656e-03,4.487497732043266296e-03,2.319274283945560455e-02,5.317261442542076111e-03,2.351787500083446503e-02,-2.235281839966773987e-02,2.357206307351589203e-02,-2.381591126322746277e-02,-1.419911975972354412e-03,2.237991243600845337e-02,1.469867117702960968e-02,-1.487478427588939667e-02,2.422232739627361298e-02,1.406195480376482010e-02,3.123975731432437897e-02,1.838349923491477966e-02,1.522701047360897064e-02,2.991213463246822357e-02,5.103893578052520752e-03,3.619801998138427734e-02,-3.449107706546783447e-02,7.030977401882410049e-03,-2.128597814589738846e-03,-3.378662467002868652e-02,2.472357125952839851e-03,2.244764752686023712e-02,2.061878144741058350e-02,2.195995114743709564e-02,-2.269149757921695709e-03,-1.877636648714542389e-02,1.216535177081823349e-02,1.473931316286325455e-02,4.559974744915962219e-02,9.523655287921428680e-03,1.280206907540559769e-02,-1.822093385271728039e-03,-2.198704518377780914e-02,1.502888393588364124e-03,-1.310010626912117004e-02,1.476640719920396805e-02,1.464448310434818268e-02,1.544376555830240250e-02,2.920768223702907562e-02,1.980595104396343231e-02,1.137284282594919205e-02,1.211793720722198486e-02,7.437392137944698334e-03,-4.914233461022377014e-03,-2.349077910184860229e-02,-2.217670530080795288e-02,1.415678486227989197e-02,2.407330833375453949e-02,-1.979579217731952667e-03,-1.058033388108015060e-02,-3.197130188345909119e-02,-1.032971125096082687e-02,-2.788006141781806946e-02,-1.120350323617458344e-02,-1.463093515485525131e-02,2.263730950653553009e-02,1.373682264238595963e-02,8.932660566642880440e-04,-1.948081888258457184e-02,-1.606693491339683533e-02,1.446837000548839569e-02,-1.223308779299259186e-02,1.610757596790790558e-02,-4.135271534323692322e-03,1.610757596790790558e-02,-3.048111498355865479e-02,-1.117640873417258263e-03,-2.294550649821758270e-03,3.985575214028358459e-02,3.403047099709510803e-02,-2.309791278094053268e-03,-9.069825522601604462e-03,-8.507617749273777008e-03,-1.263272948563098907e-02,-4.328741924837231636e-04,1.426516193896532059e-02,-2.294889278709888458e-02,-1.022810768336057663e-02,1.380455866456031799e-02,7.728656288236379623e-03,-2.286761067807674408e-02,9.703155374154448509e-04,2.004980109632015228e-02,1.040422078222036362e-02,1.962983794510364532e-02,-3.034564480185508728e-02,-8.920806460082530975e-03,-3.041761228814721107e-04,9.092855453491210938e-02,1.156250294297933578e-02,-5.114053841680288315e-03,6.424741819500923157e-03,4.331705160439014435e-03,5.232591647654771805e-03,-1.012650411576032639e-02,-3.652315214276313782e-02,2.385655418038368225e-02,-1.910149864852428436e-02,5.598364863544702530e-03,-1.317673304583877325e-04,-6.604241789318621159e-04,-1.948081888258457184e-02,2.518417499959468842e-02,3.837233874946832657e-03,-1.138638984411954880e-02,1.820738613605499268e-02,-5.974298808723688126e-03,-1.915230066515505314e-03,-1.202310714870691299e-02,1.027552317827939987e-02,-8.900485932826995850e-03,4.917620215564966202e-03,-2.689111744984984398e-03,-1.796353794634342194e-02,1.977885700762271881e-02,4.465144872665405273e-02,8.263769559562206268e-03,2.385655418038368225e-02,2.651179768145084381e-02,1.857654657214879990e-03,2.438489347696304321e-03,1.387229468673467636e-02,-1.450901105999946594e-02,2.017172425985336304e-02,4.196233581751585007e-03,3.568322584033012390e-02,1.881700940430164337e-02,-6.963241379708051682e-03,1.453610509634017944e-02,1.213148422539234161e-02,2.496742084622383118e-02,-2.015817724168300629e-02,4.597568185999989510e-04,-5.330808460712432861e-03,-1.962983794510364532e-02,1.156250294297933578e-02,-1.534893549978733063e-02,-5.370095372200012207e-02,2.323338389396667480e-02,-2.882158849388360977e-03,-2.198704518377780914e-02,-6.329911760985851288e-03,-1.659527420997619629e-03,1.523209037259221077e-03,-2.653550589457154274e-03,1.081063598394393921e-02,-3.226934000849723816e-02,-2.735172212123870850e-02,-1.172506902366876602e-02,-3.080624714493751526e-02,2.229863032698631287e-02,5.960751441307365894e-04,-3.495167940855026245e-02,-8.179099531844258308e-04,-2.693175897002220154e-02,5.882855504751205444e-03,-3.132104128599166870e-02,3.928677178919315338e-03,1.398067176342010498e-02,5.584817845374345779e-03,-2.197349816560745239e-02,2.017172425985336304e-02,2.132323384284973145e-02,2.592926844954490662e-02,-2.291163895279169083e-03,-1.557077048346400261e-03,-2.183802612125873566e-02,5.225818138569593430e-03,1.128647942095994949e-03,-2.590217441320419312e-02,1.586372777819633484e-02,-2.166191302239894867e-02,-1.698814146220684052e-02,3.029145486652851105e-02,-1.400776579976081848e-02,-2.340949699282646179e-02,-1.536248251795768738e-02,6.611015181988477707e-03,5.232591647654771805e-03,1.354716252535581589e-02,1.118995621800422668e-02,-1.163023896515369415e-02,1.509153936058282852e-02,-3.341068979352712631e-03,8.683730848133563995e-03,-1.824802719056606293e-02,-6.617789156734943390e-03,-5.639006383717060089e-03,1.177248451858758926e-02,-1.974922342924401164e-04,-7.342562079429626465e-03,-1.225340832024812698e-02,2.429006248712539673e-02,1.345402561128139496e-03,-5.594978109002113342e-03,2.450681664049625397e-02,2.018527314066886902e-02,-3.638767823576927185e-02,8.121524006128311157e-03,4.799082409590482712e-03,-6.302817258983850479e-03,-1.736746169626712799e-02,-1.314074732363224030e-02,1.278174761682748795e-02,1.249048393219709396e-02,2.834066376090049744e-02,2.311145886778831482e-02,2.301662974059581757e-02,-1.705587841570377350e-02,-3.145651146769523621e-02,1.841059327125549316e-02,3.945610951632261276e-03,-2.495387382805347443e-02,-3.684828290715813637e-03,-6.147025153040885925e-03,-3.514134138822555542e-02,-5.534016061574220657e-03,3.229643404483795166e-02,-6.881958805024623871e-03,1.704233139753341675e-02,-3.210677532479166985e-03,4.233488347381353378e-03,-2.651179768145084381e-02,-1.820738613605499268e-02,-3.636058419942855835e-02,5.984459072351455688e-03,-2.358561009168624878e-02,9.801371954381465912e-03,-3.727586590684950352e-04,-1.656818017363548279e-02,-1.316784229129552841e-02,-1.120350323617458344e-02,-1.298495568335056305e-02,-4.665642976760864258e-02,5.794798955321311951e-03,5.144535098224878311e-03,-8.196033537387847900e-03,2.901802211999893188e-02,-1.294431369751691818e-02,1.092578656971454620e-02,3.522262210026383400e-03,1.908795163035392761e-02,2.135032787919044495e-02,-3.942224197089672089e-03,-1.570116169750690460e-02,1.094610709697008133e-02,2.216315828263759613e-02,3.368163248524069786e-03,2.626794762909412384e-02,-1.922342367470264435e-02,9.191749617457389832e-03,9.706541895866394043e-03,-1.134574878960847855e-02,-2.418168447911739349e-02,-1.524055749177932739e-02,1.118487562052905560e-03,-3.768820688128471375e-02,1.251757796853780746e-02,1.778742484748363495e-02,1.915230066515505314e-03,8.385693654417991638e-03,-1.137961633503437042e-03,7.268052548170089722e-03,2.779877744615077972e-02,-6.922599859535694122e-03,1.188086159527301788e-02,-1.528119947761297226e-02,-7.559316698461771011e-03,1.364876609295606613e-02,-1.869508437812328339e-02,2.620021253824234009e-02,4.250422120094299316e-03,-2.250522375106811523e-03,1.287827151827514172e-03,2.667436376214027405e-02,-1.048550382256507874e-02,-1.003336743451654911e-03,5.408704746514558792e-03,9.713315404951572418e-03,-8.588900789618492126e-03,1.309333276003599167e-02,3.752564080059528351e-03,6.997109390795230865e-03,-1.265982352197170258e-02,9.794598445296287537e-03,2.346368506550788879e-02,6.942920852452516556e-03,1.972466893494129181e-02,1.586372777819633484e-02,-1.043131481856107712e-02,-2.687757089734077454e-02,-9.415278211236000061e-03,-4.846497438848018646e-03,2.313855290412902832e-02,-1.231098431162536144e-03,6.563600152730941772e-03,6.130090914666652679e-03,2.125211176462471485e-04,-1.396712474524974823e-02,-1.961629092693328857e-02,-2.796134352684020996e-02,-2.691821195185184479e-02,4.396054428070783615e-03,1.679001492448151112e-03,-1.215180475264787674e-02,3.901582909747958183e-03,-7.478033658117055893e-03,-2.445262856781482697e-02,-5.053091794252395630e-03,-1.196891814470291138e-02,2.434425055980682373e-02,-1.310687977820634842e-02,1.184022054076194763e-02,1.362844556570053101e-02,1.816674508154392242e-02,-5.706742405891418457e-03,-1.298834220506250858e-03,1.323557831346988678e-02,-2.414781833067536354e-03,1.938598975539207458e-02,1.984659396111965179e-02,-9.110466577112674713e-03,1.002490054816007614e-02,-1.348620001226663589e-02,1.620240695774555206e-02,-3.256737813353538513e-02,-2.499451488256454468e-02,2.377527020871639252e-02,3.810139372944831848e-03,1.001135352998971939e-02,1.043808832764625549e-02,-7.078392431139945984e-03,4.189460072666406631e-03,3.827073378488421440e-03,-1.154218241572380066e-02,-4.992129281163215637e-03,-2.530610002577304840e-02,-3.010179474949836731e-02,-7.572863716632127762e-03,-1.352684199810028076e-02,-1.143041881732642651e-03,2.121485583484172821e-02,1.595855690538883209e-02,-5.280006676912307739e-03,-1.503735035657882690e-02,1.636243250686675310e-04,-6.113157141953706741e-03,1.836995221674442291e-02,-1.957564987242221832e-02,3.449107706546783447e-02,2.345013804733753204e-02,-1.479350123554468155e-02,7.254505529999732971e-03,1.862734905444085598e-03,-3.321764245629310608e-02,-1.074967347085475922e-02,-7.019123877398669720e-04,2.056459337472915649e-02,1.384350704029202461e-03,-6.990335881710052490e-03,-2.273213863372802734e-02,6.092836149036884308e-03,-6.360393017530441284e-03,3.894809167832136154e-03,7.207090500742197037e-03,-2.120130881667137146e-02,-1.815319806337356567e-02,-2.181093208491802216e-02,1.732682064175605774e-02,3.335311263799667358e-02,-2.191253472119569778e-03,-2.796134352684020996e-02,-4.016733728349208832e-03,-4.354058206081390381e-02,6.780354771763086319e-03,1.285625714808702469e-02,1.864089630544185638e-02,-1.382487919181585312e-02,-3.814880922436714172e-02,-3.350806073285639286e-04,-2.573960833251476288e-02,1.093256007879972458e-02,-1.522701047360897064e-02,-1.765195280313491821e-02,2.579041058197617531e-03,4.519333317875862122e-02,-4.095899930689483881e-04,1.415678486227989197e-02,-2.079489454627037048e-02,1.505089737474918365e-02,-3.026436083018779755e-02,-1.618039212189614773e-03,4.933876544237136841e-02,2.712819259613752365e-03,-1.595855690538883209e-02,-1.610757596790790558e-02,-8.351826108992099762e-03,4.013346973806619644e-03,4.487497732043266296e-03,1.433289796113967896e-02,2.785296551883220673e-02,-2.368044108152389526e-02,7.240958511829376221e-03,1.400776579976081848e-02,1.698814146220684052e-02,-1.541667059063911438e-02,-2.347723208367824554e-02,2.126904577016830444e-02,-3.532422706484794617e-03,-7.918316870927810669e-03,4.042473435401916504e-02,-3.142941743135452271e-02,2.983762649819254875e-03,2.709432505071163177e-02,1.095965411514043808e-02,2.098455466330051422e-02,-2.739913528785109520e-03,-1.147444639354944229e-02,-3.146328497678041458e-03,-1.479350123554468155e-02,-1.471221819519996643e-02,-1.986014097929000854e-02,-2.405976131558418274e-02,1.213148422539234161e-02,-5.622072611004114151e-03,1.511863339692354202e-02,-5.032770801335573196e-03,-1.438708696514368057e-02,4.589101299643516541e-03,4.788922145962715149e-03,5.124214105308055878e-03,-7.878521573729813099e-04,-1.183344610035419464e-02,9.855560958385467529e-03,-1.266659703105688095e-03,-1.361489854753017426e-02,-1.788225397467613220e-02,-4.199620336294174194e-02,-3.161907568573951721e-02,1.778742484748363495e-02,-3.844007384032011032e-03,-1.236855983734130859e-02,-1.360812503844499588e-02,7.952184416353702545e-03,-4.253809154033660889e-02,9.394957683980464935e-03,-1.827512308955192566e-02,2.007689513266086578e-02,3.812171518802642822e-02,3.779658349230885506e-03,1.072257943451404572e-02,3.151069954037666321e-02,1.041099429130554199e-02,1.770614087581634521e-02,-1.976530998945236206e-02,-1.121705025434494019e-02,-7.728656288236379623e-03,-2.328757196664810181e-02,-9.855560958385467529e-03,1.781451888382434845e-02,-3.226934000849723816e-02,1.553859561681747437e-02,1.819383911788463593e-02,5.158082116395235062e-03,-1.442772801965475082e-02,3.535809367895126343e-02,2.001593355089426041e-03,-6.536506116390228271e-03,-9.720088914036750793e-03,5.395157728344202042e-03,2.259666658937931061e-02,-2.190576121211051941e-02,2.159079012926667929e-04,-4.843110684305429459e-03,1.068193744868040085e-02,1.183344610035419464e-02,2.102519571781158447e-02,-2.095746062695980072e-02,-6.780354771763086319e-03,4.873591940850019455e-03,-2.060523442924022675e-02,8.460203185677528381e-03,-2.825938165187835693e-02,-2.861838089302182198e-03,1.400776579976081848e-02,-4.650063347071409225e-03,2.105228975415229797e-02,2.007689513266086578e-02,-9.483014233410358429e-03,1.907186524476855993e-04,-9.354315698146820068e-03,-1.986352726817131042e-03,-1.899312250316143036e-02,1.998206414282321930e-02,1.575534977018833160e-02,2.584121190011501312e-03,-1.171152200549840927e-02,-1.960274390876293182e-02,-6.922599859535694122e-03,3.714885970111936331e-04,-1.232791808433830738e-03,-1.426516193896532059e-02,1.614821702241897583e-02,-1.967048086225986481e-02,2.057814039289951324e-02,-1.601274684071540833e-02,2.327402494847774506e-02,4.210457950830459595e-02,-4.690704867243766785e-03,7.166448980569839478e-03,1.024165470153093338e-02,1.944017829373478889e-03,-1.529135974124073982e-03,-1.621595397591590881e-02,-1.949436776340007782e-02,-3.381371870636940002e-02,-1.013327762484550476e-02,-7.315467577427625656e-03,-2.076102653518319130e-03,-3.663152828812599182e-02,-1.378423813730478287e-02,5.649166647344827652e-03,-1.239565387368202209e-02,7.342562079429626465e-03,2.084095478057861328e-01,-1.388584170490503311e-02,5.088652833364903927e-04,1.476640719920396805e-02,1.548440661281347275e-02,-4.694091621786355972e-03,3.701762063428759575e-03,8.839523419737815857e-03,-2.403266727924346924e-02,-1.106125861406326294e-02,-3.069787099957466125e-02,-3.562903730198740959e-03,-2.861160784959793091e-02,6.881958805024623871e-03,-2.104890299960970879e-03,-2.663372084498405457e-02,-2.648470364511013031e-02,-2.469647675752639771e-02,-2.796134352684020996e-02,-1.314074732363224030e-02,1.407550182193517685e-02,-2.279310021549463272e-03,7.403524126857519150e-03,-2.755492925643920898e-02,2.437134459614753723e-02,1.373682264238595963e-02,1.454965304583311081e-02,-6.319751497358083725e-03,1.974498853087425232e-03,8.277316577732563019e-03,-3.405756503343582153e-02,-3.993703424930572510e-02,5.598364863544702530e-03,-2.140451781451702118e-02,-1.861380226910114288e-02,-5.943817552179098129e-03,2.611892856657505035e-02,1.295108720660209656e-02,3.955771680921316147e-03,-6.692298222333192825e-03,3.769498085603117943e-03,-1.608048193156719208e-02,-1.593146286904811859e-02,-2.773781539872288704e-03,1.349974796175956726e-02,2.133678086102008820e-02,-1.352684199810028076e-02,-2.974956855177879333e-02,-1.016037166118621826e-02,1.507799234241247177e-02,-1.708297245204448700e-02,3.911743406206369400e-03,4.589778557419776917e-02,3.706503659486770630e-02,7.491581141948699951e-03,-8.345052599906921387e-03,1.745890593156218529e-03,3.023726679384708405e-02,9.422051720321178436e-03,1.206374820321798325e-02,-8.182486519217491150e-03,4.111563786864280701e-03,-1.259886100888252258e-02,2.896383404731750488e-02,-1.173184253275394440e-02,3.172745555639266968e-02,-1.815319806337356567e-02,-2.503515593707561493e-02,-1.389430835843086243e-03,-3.500586748123168945e-02,-3.103993600234389305e-03,-2.135032787919044495e-02,3.403724636882543564e-03,1.586372777819633484e-02,5.594978109002113342e-03,-2.009044215083122253e-02,7.986051961779594421e-03,7.078392431139945984e-03,-1.088853226974606514e-03,5.090346559882164001e-03,-3.874488407745957375e-03,-2.174319513142108917e-02,4.016733728349208832e-03,-1.011295709758996964e-02,3.422775189392268658e-04,-3.422013297677040100e-02,2.152644097805023193e-02,2.763621276244521141e-03,-1.723199151456356049e-02,-3.197130281478166580e-03,2.874707989394664764e-02,-3.874488547444343567e-02,-1.302559673786163330e-02,-1.472576614469289780e-02,6.238468457013368607e-03,4.248390346765518188e-02,-1.077676750719547272e-02,-9.130788035690784454e-03,1.170136150903999805e-03,-1.259039388969540596e-03,-2.258311957120895386e-02,-4.396054428070783615e-03,-4.782148171216249466e-03,-4.021813801955431700e-04,-3.327521728351712227e-03,-3.583224490284919739e-03,-1.949097961187362671e-03,2.855741791427135468e-02,5.388383753597736359e-03,-2.909930609166622162e-02,-1.115608867257833481e-02,-1.484261010773479939e-03,1.811933005228638649e-03,7.064845412969589233e-03,2.120130881667137146e-02,-4.257195629179477692e-03,2.238668734207749367e-03,-4.043828230351209641e-03,2.731107920408248901e-02,9.821692947298288345e-04,1.109512615948915482e-02,4.572167526930570602e-03,1.079031545668840408e-02,1.214503124356269836e-02,6.299430504441261292e-03,-6.634722929447889328e-03,-3.457235917448997498e-02,1.635142602026462555e-02,2.042234875261783600e-03,-1.494252029806375504e-02,2.507579885423183441e-02,-2.061878144741058350e-02,1.279360149055719376e-03,1.438708696514368057e-02,3.056239895522594452e-02,-4.975195508450269699e-03,1.167765446007251740e-02,-2.812390960752964020e-02,-2.407330833375453949e-02,-7.748976815491914749e-03,-6.296043749898672104e-03,1.160314492881298065e-02,-4.656837321817874908e-03,1.019424013793468475e-02,5.144535098224878311e-03,4.883752204477787018e-03,1.601274684071540833e-02,-1.796353794634342194e-02,5.212270654737949371e-03,-2.189221419394016266e-02,-1.736746169626712799e-02,9.821692481637001038e-03,-1.419742684811353683e-02,-2.117421478033065796e-02,2.220379933714866638e-02,6.896352278999984264e-04,-1.877636648714542389e-02,-1.538957655429840088e-02,-2.838130574673414230e-03,-2.414781833067536354e-03,-4.727959632873535156e-02,3.378662467002868652e-02,1.575534977018833160e-02,-2.281342260539531708e-02,-1.029584370553493500e-02,1.368940807878971100e-02,-1.724282801151275635e-01,1.464448310434818268e-02,1.624304801225662231e-02,-2.812390960752964020e-02,2.725689113140106201e-02,-1.808546297252178192e-02,3.218805789947509766e-02,1.870863139629364014e-02,-1.747583970427513123e-02,-2.737881615757942200e-02,2.290825173258781433e-02,-5.666100885719060898e-03,-2.702658995985984802e-02,-9.195136371999979019e-04,-1.139316335320472717e-02,-9.550749324262142181e-03,-6.269627064466476440e-02,1.639206707477569580e-02,3.608964011073112488e-02,2.662017382681369781e-02,3.776948899030685425e-02,5.198723636567592621e-03,1.186223467811942101e-03,-1.587727479636669159e-02,6.445062812417745590e-03,1.594500988721847534e-02,-9.381409734487533569e-03,-4.331705160439014435e-03,4.257195629179477692e-03,-3.500586748123168945e-02,-1.822093315422534943e-02,2.296243980526924133e-02,3.397628292441368103e-02,5.151308607310056686e-03,1.081740949302911758e-02,1.586372777819633484e-02,-5.313874687999486923e-03,-1.679848134517669678e-02,4.186073318123817444e-03,7.803165819495916367e-03,2.420878037810325623e-02,2.901802211999893188e-02,-3.945610951632261276e-03,-3.508715191856026649e-03,2.089649904519319534e-03,3.375953063368797302e-02,1.158282440155744553e-02,-2.819503191858530045e-03,1.961629092693328857e-02,-3.581869974732398987e-02,-9.000396239571273327e-04,1.678493432700634003e-02,-1.278852112591266632e-02,-9.313674643635749817e-03,3.044724697247147560e-03,1.487478427588939667e-02,-1.780097186565399170e-02,-8.581280708312988281e-04,-3.004760667681694031e-02,2.966828644275665283e-03,-9.550749324262142181e-03,-1.719134859740734100e-02,1.816674508154392242e-02,-1.079031545668840408e-02,1.085127703845500946e-02,-8.555033244192600250e-03,-1.878991536796092987e-02,2.314871409907937050e-03,-9.239165112376213074e-03,1.774678379297256470e-02,-3.272994607686996460e-02,-1.734036765992641449e-02,1.238210685551166534e-02,-3.571031987667083740e-02,1.731327362358570099e-02,-1.796353794634342194e-02,-2.269149757921695709e-02,2.636277861893177032e-02,1.745890593156218529e-03,-1.308655925095081329e-02,-1.179957855492830276e-02,1.934534870088100433e-02,-5.516235250979661942e-04,-2.387010119855403900e-02,3.786431858316063881e-03,-9.936843998730182648e-03,4.040441475808620453e-03,-4.240261763334274292e-02,-1.400776579976081848e-02,-4.352026153355836868e-03,1.087837200611829758e-02,-3.134474856778979301e-03,-1.570116169750690460e-02,-1.980595104396343231e-02,1.417033188045024872e-02,1.929115876555442810e-02,1.093933358788490295e-02,-4.716106050182133913e-04,-2.087956527248024940e-03,-1.683912239968776703e-02,1.407550182193517685e-02,-1.816674508154392242e-02,-2.193285711109638214e-02,2.084569539874792099e-03,2.163481898605823517e-02,-1.457674708217382431e-02,2.548559859860688448e-04,2.456100657582283020e-02,3.023726679384708405e-02,-1.152186188846826553e-02,1.605338789522647858e-02,-1.541667059063911438e-02,2.525191195309162140e-02,2.533319406211376190e-02,1.579599082469940186e-02,3.129394724965095520e-02,-8.060561493039131165e-03,-1.501025632023811340e-02,1.427870895713567734e-02,-3.086043708026409149e-02,4.554555937647819519e-02,3.451817110180854797e-02,-1.864089630544185638e-02,6.597468163818120956e-03,-1.597210392355918884e-02,-2.473711967468261719e-02,-1.279935985803604126e-01,-2.036138623952865601e-02,-9.679447859525680542e-03,1.502380333840847015e-02,2.022591419517993927e-02,5.818506237119436264e-03,-4.538299515843391418e-03,3.178164362907409668e-02,-2.186512015759944916e-02,1.692040637135505676e-02,1.368263456970453262e-02,-3.858231753110885620e-02,-1.585018076002597809e-02,1.026197522878646851e-02,2.006673486903309822e-03,-1.164378598332405090e-02,6.014940328896045685e-03,-1.297818217426538467e-02,-1.842414028942584991e-02,1.005199458450078964e-02,8.351826108992099762e-03,3.766111098229885101e-03,2.204800723120570183e-03,-2.191930823028087616e-02,7.491581141948699951e-03,2.004980109632015228e-02,-3.161907568573951721e-02,2.796134352684020996e-02,1.560633163899183273e-02,1.081063598394393921e-02,-1.130510680377483368e-02,-5.923497024923563004e-03,6.292656995356082916e-03,1.640561409294605255e-02,-1.057356037199497223e-02,-1.188763510435819626e-02,-5.053091794252395630e-02,-2.782587148249149323e-02,1.365553960204124451e-02,-7.119033951312303543e-03,1.628368906676769257e-02,4.917620215564966202e-03,-1.995497010648250580e-02,3.061658702790737152e-03,1.906085759401321411e-02,-1.536248251795768738e-02,-1.505089737474918365e-02,2.301662974059581757e-02,3.459945321083068848e-02,-1.204342767596244812e-02,-2.671500481665134430e-02,-2.737881615757942200e-02,-9.943617507815361023e-03,-6.409501074813306332e-04,3.405756503343582153e-02,-3.439285792410373688e-03,-1.097320206463336945e-02,-8.395007462240755558e-04,-1.616176590323448181e-02,4.531526006758213043e-03,-9.367862716317176819e-03,3.457913175225257874e-03,3.388484008610248566e-03,1.096642855554819107e-02,8.934353478252887726e-03,-4.531526006758213043e-03,-1.900666952133178711e-02,-1.568761467933654785e-02,1.195537112653255463e-02,-2.171610109508037567e-02,1.510508637875318527e-02,3.240481391549110413e-02,2.465583616867661476e-03,1.567406766116619110e-02,-2.801553159952163696e-02,9.909749031066894531e-03,-1.434644497931003571e-02,-1.873572543263435364e-02,1.379778515547513962e-02,-3.500586748123168945e-02,2.082876162603497505e-03,-2.691821195185184479e-02,1.605338789522647858e-02,-1.851897127926349640e-02,1.230759732425212860e-02,1.210439018905162811e-02,2.098455466330051422e-02,-1.934534870088100433e-02,-8.507617749273777008e-03,-1.582308672368526459e-02,1.862734928727149963e-02,-8.582127280533313751e-03,3.083334118127822876e-02,-2.471002377569675446e-02,-1.620240695774555206e-02,2.373462915420532227e-02,1.839704625308513641e-02,-1.958919689059257507e-02,-1.198923867195844650e-02,9.423745214007794857e-04,-3.078592708334326744e-03,-3.620479255914688110e-03,-4.307997599244117737e-02,1.968402788043022156e-02,-1.674429327249526978e-02,-1.212471071630716324e-02,-6.726166233420372009e-03,-2.217670530080795288e-02,-2.364403189858421683e-04,4.091243259608745575e-03,-1.606693491339683533e-02,9.232391603291034698e-03,-8.676957339048385620e-03,1.981949806213378906e-02,-2.327402494847774506e-02,2.004980109632015228e-03,-3.573741391301155090e-02,1.653600484132766724e-03,-1.667655631899833679e-02,1.399591215886175632e-03,-2.861838089302182198e-03,2.136387489736080170e-02,8.466976694762706757e-03,-1.420758664608001709e-03,-4.321544896811246872e-03,1.314752083271741867e-02,1.532184053212404251e-02,8.189260028302669525e-03,2.736950118560343981e-04,2.292179875075817108e-02,-1.721336389891803265e-03,-9.510108269751071930e-03,2.414781833067536354e-03,-2.449326962232589722e-02,1.670365221798419952e-02,-6.678751204162836075e-03,-1.016714517027139664e-02,-1.028229668736457825e-02,7.830260321497917175e-03,1.955871703103184700e-03,2.442553453147411346e-02,5.134374648332595825e-02,1.976192230358719826e-03,-2.947862632572650909e-02,-5.967525299638509750e-03,-1.260563451796770096e-02,-1.464448310434818268e-02,-5.144535098224878311e-03,-4.134593904018402100e-02,2.496742084622383118e-02,4.009960219264030457e-02,9.042731486260890961e-03,2.890964411199092865e-02,3.625220805406570435e-02,-1.249048393219709396e-02,-1.927761174738407135e-02,-7.329015061259269714e-03,-4.337801411747932434e-02,2.353142201900482178e-02,-1.188086159527301788e-02,4.297837149351835251e-03,-3.581869974732398987e-02,2.475066669285297394e-02,1.709651947021484375e-02,-3.803365863859653473e-03,-5.168242380023002625e-03,-2.775474917143583298e-03,2.258311957120895386e-02,-1.130510680377483368e-02,1.173184253275394440e-02,-3.075205953791737556e-03,-7.633826229721307755e-03,-5.605138372629880905e-03,-5.124214105308055878e-03,1.388584170490503311e-02,7.091939449310302734e-03,1.805836707353591919e-02,-2.704013697803020477e-02,-6.675364449620246887e-03,2.391074225306510925e-02,-1.575534977018833160e-02,9.022410027682781219e-03,2.497758017852902412e-03,-1.677138730883598328e-02,-1.449546404182910919e-02,9.333995170891284943e-03,2.141806483268737793e-02,1.832931116223335266e-02,-1.784838619641959667e-03,-4.548459779471158981e-03,1.454965304583311081e-02,1.511863339692354202e-02,-1.193505059927701950e-02,9.740409441292285919e-03,1.899312250316143036e-02,-1.796353794634342194e-02,-9.584617801010608673e-03,1.322880387306213379e-02,-1.021456066519021988e-02,7.484807167202234268e-03,-3.244968829676508904e-04,2.247474342584609985e-02,1.457674708217382431e-02,-1.862734928727149963e-02,4.175913054496049881e-03,-1.656818017363548279e-02,2.535012783482670784e-03,2.087956527248024940e-03,-1.220599375665187836e-02,-2.317919582128524780e-02,-3.316345438361167908e-02,1.712361350655555725e-02,1.048550382256507874e-02,-2.348739420995116234e-03,7.227411027997732162e-03,-4.890525713562965393e-03,-4.602648317813873291e-03,4.004541411995887756e-02,7.423845119774341583e-03,2.963441889733076096e-03,-3.015598468482494354e-02,3.931386768817901611e-02,1.450901105999946594e-02,4.619582556188106537e-03,2.160772494971752167e-02,7.254505529999732971e-03,1.770614087581634521e-02,1.530829351395368576e-03,-8.731146343052387238e-03,-2.964119240641593933e-02,1.373004913330078125e-02,-9.164655581116676331e-03,8.710825815796852112e-03,-2.115050796419382095e-03,-1.889829151332378387e-02,-2.611892856657505035e-02,9.069825522601604462e-03,1.200955919921398163e-02,-1.850542426109313965e-02,3.183583170175552368e-02,-2.250183746218681335e-02,3.259447216987609863e-02,1.324912533164024353e-02,-1.589082181453704834e-02,6.150411907583475113e-03,1.301882322877645493e-02,2.382945828139781952e-02,1.686621829867362976e-02,1.559278368949890137e-02,-1.320170983672142029e-02,-1.705587841570377350e-02,2.747364528477191925e-02,-1.097997557371854782e-02,3.917839378118515015e-02,3.344455733895301819e-03,-2.523836307227611542e-02,-3.697951906360685825e-04,1.543529797345399857e-03,2.777168340981006622e-02,-9.659127332270145416e-03,1.102739013731479645e-02,7.599958218634128571e-03,1.922003692016005516e-03,1.472576614469289780e-02,-9.821692481637001038e-03,-3.232353180646896362e-02,-2.548221312463283539e-02,1.758421771228313446e-02,1.639206707477569580e-02,-7.986051961779594421e-03,-2.641696669161319733e-02,-3.908356186002492905e-03,3.446398302912712097e-02,-9.279806166887283325e-03,-8.080882951617240906e-03,-4.497657995671033859e-03,-2.452036365866661072e-02,-6.566986907273530960e-03,-9.747183881700038910e-03,-4.639903083443641663e-03,3.518875455483794212e-03,-1.923697069287300110e-02,1.162346545606851578e-02,-2.679628692567348480e-02,-1.317461580038070679e-02,4.649386182427406311e-02,8.392467163503170013e-03,-6.092836149036884308e-03,1.090546604245901108e-02,-9.611711837351322174e-03
-2.406614646315574646e-02,-1.876897923648357391e-02,2.519424771890044212e-03,-1.017579436302185059e-02,4.391417838633060455e-03,1.995920576155185699e-02,-7.527210749685764313e-03,-3.260047407820820808e-03,-1.254317071288824081e-02,-1.636236347258090973e-02,2.783302217721939087e-02,1.485823001712560654e-02,-2.587110735476016998e-02,1.648007892072200775e-02,5.990377627313137054e-03,7.978450506925582886e-03,4.742600396275520325e-02,8.186904015019536018e-04,1.259548868983983994e-02,4.911324940621852875e-03,3.645890392363071442e-03,1.837659627199172974e-02,1.270012464374303818e-02,-2.138486318290233612e-02,2.784283133223652840e-03,-9.109821170568466187e-03,1.077744830399751663e-02,-3.552372381091117859e-02,6.606132956221699715e-05,-4.127867519855499268e-02,8.436230942606925964e-03,-2.597492712084203959e-04,-1.808884926140308380e-02,-2.549180388450622559e-02,-2.969030104577541351e-02,-1.379879564046859741e-02,-1.152951549738645554e-02,-1.217694673687219620e-02,-5.591455381363630295e-03,-1.080687739886343479e-03,1.190227922052145004e-02,4.460084717720746994e-03,6.762064062058925629e-03,5.192532669752836227e-03,-1.325599942356348038e-02,1.706865243613719940e-02,-9.979602880775928497e-03,-2.015539817512035370e-02,-4.417576827108860016e-03,1.335409563034772873e-02,2.515173889696598053e-02,6.135068833827972412e-04,-4.057892598211765289e-03,-1.110443379729986191e-02,-1.457048207521438599e-02,1.382495462894439697e-02,-1.307942788116633892e-03,5.143485032021999359e-03,4.590879194438457489e-03,-2.560951933264732361e-02,2.383071742951869965e-02,3.111268859356641769e-03,-1.387727260589599609e-02,2.179032564163208008e-02,-4.041543230414390564e-03,-1.275898143649101257e-02,-1.036544609814882278e-02,4.316211212426424026e-03,-1.931831426918506622e-02,-6.834000814706087112e-03,1.559067796915769577e-02,1.119599025696516037e-02,8.737057447433471680e-03,-1.819675322622060776e-03,4.920480772852897644e-02,-2.066549472510814667e-02,-1.590458303689956665e-02,-2.504710294306278229e-02,-3.050122596323490143e-02,-6.241339142434298992e-04,-2.435389347374439240e-02,-2.648584172129631042e-02,-1.671550795435905457e-02,9.371410124003887177e-03,8.285817690193653107e-03,-5.640503019094467163e-03,-1.743487641215324402e-02,1.360260508954524994e-02,-1.158837322145700455e-02,-2.775454521179199219e-02,1.269358489662408829e-02,1.317098364233970642e-02,-1.076436880975961685e-02,1.636236347258090973e-02,-2.120175212621688843e-02,9.796490892767906189e-03,-2.882705815136432648e-02,1.396882906556129456e-02,1.605499768629670143e-03,-2.389611490070819855e-02,-1.218348648399114609e-02,5.365835037082433701e-03,-5.660122260451316833e-03,-3.799573751166462898e-03,-1.323638111352920532e-02,-4.221385344862937927e-03,5.329866893589496613e-03,2.890553558245301247e-03,3.288168087601661682e-02,-1.110443379729986191e-02,5.741868633776903152e-03,3.345717489719390869e-02,1.031312905251979828e-02,-4.133098945021629333e-02,1.974993571639060974e-02,-1.360260508954524994e-02,1.090170256793498993e-02,-7.363717537373304367e-03,-2.260125055909156799e-02,3.871510503813624382e-03,2.462202217429876328e-03,2.941236365586519241e-03,5.320057272911071777e-03,6.065584602765738964e-04,9.979602880775928497e-03,-9.433536906726658344e-04,-4.070317745208740234e-02,-6.261775735765695572e-03,-1.260202843695878983e-02,6.467776838690042496e-03,6.178721413016319275e-02,-8.599723689258098602e-03,1.653239689767360687e-02,-6.268315482884645462e-03,-1.474051456898450851e-02,2.413154393434524536e-02,-8.190991356968879700e-04,1.429581455886363983e-02,-2.010308019816875458e-02,-3.097208403050899506e-02,1.370724011212587357e-02,-7.115208543837070465e-03,8.133769151754677296e-04,4.247544333338737488e-03,1.930523477494716644e-02,7.030192296952009201e-03,1.046354230493307114e-02,1.820656284689903259e-02,-8.168102242052555084e-03,-2.165953256189823151e-02,7.291780784726142883e-03,9.659157134592533112e-03,4.577799513936042786e-02,-3.191380202770233154e-02,-1.112568774260580540e-03,1.918752118945121765e-02,-1.777494139969348907e-02,2.942871116101741791e-02,-3.907478880137205124e-03,-3.210999537259340286e-03,-1.684630289673805237e-02,1.981533365324139595e-03,2.513865940272808075e-02,-1.049624104052782059e-02,3.036062233150005341e-03,4.146178439259529114e-02,-4.809959325939416885e-03,-8.848233148455619812e-03,-8.141943253576755524e-03,-8.567024953663349152e-03,3.228983609005808830e-03,4.896937683224678040e-02,-1.846815086901187897e-02,2.197343856096267700e-02,-1.332793664187192917e-02,1.361568365246057510e-02,1.667627017013728619e-03,1.905672624707221985e-02,-4.724289104342460632e-02,2.592342533171176910e-02,-3.528829663991928101e-02,1.423041708767414093e-02,1.719944737851619720e-02,1.247123442590236664e-02,-5.035579670220613480e-03,-2.180340513586997986e-02,5.794186610728502274e-03,1.137910177931189537e-03,2.537409029901027679e-02,-1.170608773827552795e-02,2.347757294774055481e-02,4.545100964605808258e-03,-6.026346236467361450e-03,5.617614369839429855e-03,-6.508322954177856445e-01,-1.518521551042795181e-02,-7.736481260508298874e-03,-1.357644610106945038e-02,5.902091506868600845e-03,4.581069573760032654e-03,6.451427470892667770e-03,-1.341949310153722763e-02,-8.704358711838722229e-03,1.280475966632366180e-02,-7.899974472820758820e-03,3.565451875329017639e-02,-2.096632309257984161e-02,-4.452237114310264587e-02,-2.764990925788879395e-02,-2.159413509070873260e-02,-4.888436291366815567e-03,-2.452392689883708954e-02,6.301014218479394913e-03,4.191956482827663422e-03,-7.448733784258365631e-03,1.408654358237981796e-02,6.735905073583126068e-03,-2.523021586239337921e-02,2.165953256189823151e-02,4.218115354888141155e-04,1.519829500466585159e-02,-2.024041488766670227e-03,2.542313653975725174e-03,9.613378904759883881e-03,-2.016847766935825348e-02,1.972377672791481018e-02,-3.544525057077407837e-02,2.152873761951923370e-02,4.585647210478782654e-02,-8.580104447901248932e-03,-3.057970106601715088e-02,9.659157134592533112e-03,1.595690101385116577e-02,2.224810607731342316e-02,-2.469395846128463745e-02,4.522212315350770950e-03,1.489746756851673126e-02,-1.768338680267333984e-02,-1.892593130469322205e-02,1.111751329153776169e-02,9.946905076503753662e-03,-1.287669688463211060e-02,8.933248929679393768e-03,8.133769151754677296e-04,1.637544296681880951e-02,-1.361568365246057510e-02,-7.332654204219579697e-04,5.252207629382610321e-04,-1.288977544754743576e-02,6.327173206955194473e-03,3.340485692024230957e-02,-1.409962307661771774e-02,-1.115021202713251114e-02,-1.205269247293472290e-02,1.844199257902801037e-03,2.192112058401107788e-02,-1.189573947340250015e-02,-2.472011744976043701e-02,6.497205700725317001e-03,-2.447487786412239075e-03,2.723790705204010010e-03,1.714712940156459808e-02,1.333447638899087906e-02,-4.246726748533546925e-04,6.261775735765695572e-03,2.725425641983747482e-03,-2.812076918780803680e-02,-1.014309562742710114e-02,4.276972729712724686e-03,6.529904436320066452e-03,-1.875262940302491188e-03,-1.939679123461246490e-02,-1.248431392014026642e-02,-3.072030609473586082e-03,-6.873239297419786453e-03,-5.679741501808166504e-03,-2.206499502062797546e-02,1.433505304157733917e-02,1.587842591106891632e-02,1.343093696050345898e-03,-8.710898458957672119e-03,-9.816110134124755859e-03,1.740871742367744446e-02,3.825732506811618805e-03,1.274426700547337532e-03,2.634196728467941284e-02,1.624464988708496094e-02,-1.251047290861606598e-02,2.356912940740585327e-02,1.040631905198097229e-03,-3.201189916580915451e-03,7.337559014558792114e-03,1.980225369334220886e-02,-8.298897184431552887e-03,-5.385454278439283371e-03,1.495959586463868618e-03,2.032542973756790161e-02,-2.887283684685826302e-03,3.763605374842882156e-03,1.166521455161273479e-03,-2.969030104577541351e-02,1.757875084877014160e-02,1.570839248597621918e-02,-3.395419567823410034e-02,1.054201833903789520e-02,1.097854459658265114e-03,3.411114588379859924e-02,1.072513032704591751e-02,-1.450181589461863041e-03,-3.125983104109764099e-02,4.133099224418401718e-03,-6.484126206487417221e-03,-2.844775561243295670e-03,-4.261277616024017334e-02,1.670242846012115479e-02,2.489015087485313416e-02,3.488937392830848694e-03,-7.716862484812736511e-03,-4.280242603272199631e-03,1.300095114856958389e-02,-2.146334014832973480e-02,-2.257509157061576843e-02,-5.826884880661964417e-03,-3.711287630721926689e-03,-1.876897923648357391e-02,2.718885894864797592e-03,2.129330858588218689e-02,-1.132024452090263367e-02,2.640736475586891174e-02,1.437429059296846390e-02,1.426965557038784027e-02,-1.149681676179170609e-02,4.004920646548271179e-02,1.445276755839586258e-02,-8.580104447901248932e-03,1.699017733335494995e-02,-4.764181561768054962e-03,-1.841583475470542908e-02,2.339991260669194162e-05,-3.204459697008132935e-02,7.775719743221998215e-03,-4.120019823312759399e-02,-3.858431056141853333e-02,1.099489396438002586e-03,3.680551052093505859e-02,-2.762375026941299438e-02,-2.389611490070819855e-02,4.679165314882993698e-03,5.846504122018814087e-03,-9.770332835614681244e-03,-2.602806081995368004e-03,-1.228812243789434433e-02,-5.754948128014802933e-03,-3.068433701992034912e-02,1.914828270673751831e-02,2.095324359834194183e-02,-9.672236628830432892e-03,-5.633963271975517273e-03,-8.253118954598903656e-03,-1.637544296681880951e-02,-8.979027159512042999e-03,-4.443735349923372269e-03,2.599536208435893059e-03,-2.278436347842216492e-02,-2.731965389102697372e-03,8.364293724298477173e-03,3.188110422343015671e-03,3.220155090093612671e-02,-2.247045747935771942e-02,1.621849089860916138e-02,-2.341217594221234322e-03,-6.036155857145786285e-03,-1.209193095564842224e-02,3.389922130736522377e-05,-9.914206340909004211e-03,-4.836118314415216446e-03,-2.067857421934604645e-02,7.187145296484231949e-03,5.427962634712457657e-03,-1.115021202713251114e-02,-1.437429059296846390e-02,-2.401382848620414734e-02,-8.279277943074703217e-03,-6.032885983586311340e-03,-1.450508553534746170e-02,-1.270339358597993851e-03,2.466780133545398712e-02,1.081014703959226608e-02,1.248431392014026642e-02,1.411270257085561752e-02,1.562991552054882050e-02,1.682014390826225281e-02,1.659779436886310577e-02,2.812076918780803680e-02,5.378914531320333481e-03,7.991530001163482666e-03,3.225386887788772583e-02,-4.361988976597785950e-03,7.455273531377315521e-03,-1.528985053300857544e-02,-9.332171641290187836e-03,-1.348488964140415192e-02,1.566915400326251984e-02,1.028697006404399872e-02,-5.885742604732513428e-03,-1.891285181045532227e-02,3.143967362120747566e-03,5.578375887125730515e-03,1.429581455886363983e-02,1.488438900560140610e-02,3.251872723922133446e-03,1.169791328720748425e-03,2.718885894864797592e-03,-1.531600952148437500e-02,1.572147198021411896e-02,-4.365258850157260895e-03,3.437437117099761963e-04,1.615309342741966248e-02,-2.486399188637733459e-02,2.010308019816875458e-02,1.499229343608021736e-03,7.487972266972064972e-03,4.875356797128915787e-03,-1.022811233997344971e-02,8.547405712306499481e-03,-9.948539081960916519e-04,1.107173506170511246e-02,1.544680353254079819e-02,2.184264361858367920e-02,-4.957103170454502106e-03,9.888047352433204651e-03,-2.584494836628437042e-02,5.617614369839429855e-03,-1.453124359250068665e-02,-4.015384241938591003e-03,-4.590879194438457489e-03,3.672049380838871002e-03,-1.753951236605644226e-02,2.403998747467994690e-02,1.458356156945228577e-02,2.499478682875633240e-02,-5.701812915503978729e-04,-2.681282721459865570e-02,1.859894581139087677e-02,-1.336717512458562851e-02,1.375955808907747269e-02,-2.571415528655052185e-02,5.550581845454871655e-04,2.057394012808799744e-02,-2.146334014832973480e-02,-6.866699550300836563e-03,8.050387725234031677e-03,2.887937612831592560e-02,2.534793131053447723e-02,4.545100964605808258e-04,7.435654755681753159e-03,1.484515052288770676e-02,1.723868586122989655e-02,2.903633005917072296e-02,2.481821458786725998e-03,-1.935755251906812191e-03,-7.128288038074970245e-03,-1.700325496494770050e-02,-1.132187899202108383e-03,-1.004663528874516487e-03,2.182956412434577942e-02,3.892437741160392761e-02,8.017688989639282227e-03,2.128022909164428711e-02,9.122900664806365967e-03,1.596998050808906555e-02,3.722016845131292939e-05,3.887859871610999107e-03,9.783411398530006409e-03,-2.507326193153858185e-02,-2.614577487111091614e-02,7.272161543369293213e-03,2.596266381442546844e-02,1.244997954927384853e-03,1.124830800108611584e-03,-4.025847837328910828e-02,2.947775879874825478e-03,-1.701633445918560028e-02,3.367952536791563034e-03,-2.638120576739311218e-02,2.105787768959999084e-02,1.092786155641078949e-02,-8.795915171504020691e-03,1.777167199179530144e-03,-1.334101613610982895e-02,1.587842591106891632e-02,-2.096632309257984161e-02,1.934447325766086578e-02,-8.580104447901248932e-03,8.325055241584777832e-03,-3.366644680500030518e-02,1.232736092060804367e-02,-1.322330161929130554e-02,3.910749033093452454e-02,1.768338680267333984e-02,-4.401227459311485291e-03,7.004033308476209641e-03,1.186958048492670059e-03,-2.169877104461193085e-02,-1.052893884479999542e-02,-3.927098121494054794e-03,-1.835043728351593018e-02,-2.104479819536209106e-02,-2.053470117971301079e-03,3.776684636250138283e-03,-4.520250111818313599e-02,-1.268050540238618851e-02,2.372608147561550140e-02,-2.141102217137813568e-02,9.253694675862789154e-03,-2.359528653323650360e-02,-1.665992080233991146e-03,6.735905073583126068e-03,1.140526086091995239e-01,7.265621796250343323e-03,2.363452501595020294e-02,1.163415051996707916e-02,-4.188686609268188477e-03,3.688398748636245728e-02,-1.801037229597568512e-02,-1.905672624707221985e-02,-4.391417838633060455e-03,-1.835043728351593018e-02,6.265045609325170517e-03,-9.855348616838455200e-03,-1.140526123344898224e-02,-1.785341836512088776e-02,3.913364559412002563e-02,5.486819893121719360e-03,-3.887859871610999107e-03,5.977298598736524582e-03,-5.983838345855474472e-03,-4.191956482827663422e-03,-1.207885146141052246e-02,4.456814844161272049e-03,-2.624060260131955147e-03,1.200037449598312378e-02,6.807841826230287552e-03,-8.730517700314521790e-03,1.897824928164482117e-02,3.052738308906555176e-02,-8.305436931550502777e-03,7.932673208415508270e-03,2.245737798511981964e-02,-4.064432345330715179e-03,1.060251146554946899e-03,5.251390393823385239e-03,-7.614679052494466305e-04,-6.781683303415775299e-03,3.410869394429028034e-04,2.856547012925148010e-02,1.625772938132286072e-02,-1.608769595623016357e-02,4.222039133310317993e-02,4.777261056005954742e-03,7.022017962299287319e-04,-2.880089916288852692e-02,9.528363123536109924e-03,-8.148483000695705414e-03,-3.900939365848898888e-03,1.991996727883815765e-02,-1.800056197680532932e-03,-2.853931114077568054e-02,1.988073065876960754e-02,-1.973685622215270996e-02,-1.484515052288770676e-02,-1.453124359250068665e-02,-2.112327609211206436e-03,5.526058375835418701e-03,1.071205083280801773e-02,9.292933158576488495e-03,-7.919593714177608490e-03,7.985603588167577982e-05,-1.604845747351646423e-02,-3.884590044617652893e-02,-4.355449229478836060e-03,-1.391651108860969543e-02,-3.861046954989433289e-02,-8.076546713709831238e-03,-3.097208403050899506e-02,3.361412789672613144e-03,-2.882705815136432648e-02,-2.274185419082641602e-03,2.169877104461193085e-02,-1.951450668275356293e-02,-1.496286503970623016e-02,1.547296252101659775e-02,1.769646629691123962e-02,2.184264361858367920e-02,2.006384171545505524e-02,4.937483929097652435e-03,-1.141997519880533218e-03,1.120743458159267902e-03,8.148483000695705414e-03,-1.282437890768051147e-02,4.741292446851730347e-03,-1.869050227105617523e-02,-1.776186190545558929e-02,1.930523477494716644e-02,-8.194261230528354645e-03,-7.111938903108239174e-04,-9.270044392906129360e-04,-5.558756645768880844e-03,2.606075955554842949e-03,2.015539817512035370e-02,9.162139147520065308e-03,-1.773570291697978973e-02,3.492207266390323639e-03,2.470785693731158972e-04,1.602229848504066467e-02,-1.674166694283485413e-02,-2.045622467994689941e-02,-1.891612191684544086e-03,-1.118291076272726059e-02,-1.927907578647136688e-02,-3.436619648709893227e-03,1.540920115076005459e-03,8.573564700782299042e-03,2.052162215113639832e-02,-4.084051121026277542e-03,1.399498712271451950e-02,-1.522445399314165115e-02,-2.859162911772727966e-02,1.675474643707275391e-02,-2.504710294306278229e-02,6.958255544304847717e-03,-9.940364398062229156e-04,-3.337869793176651001e-02,1.623157039284706116e-02,2.723136730492115021e-02,3.196612000465393066e-02,2.623733133077621460e-02,-1.737928949296474457e-03,-3.479127585887908936e-02,-2.576647326350212097e-02,1.459664106369018555e-02,1.228812243789434433e-02,-2.014231868088245392e-02,-9.430266916751861572e-03,-2.088784612715244293e-02,-2.055105054751038551e-03,-6.261775852181017399e-04,2.440621145069599152e-02,-6.170219741761684418e-03,1.532908901572227478e-02,1.675474643707275391e-02,1.740871742367744446e-02,-9.090201929211616516e-03,-1.610077545046806335e-02,-2.249661460518836975e-02,9.992682375013828278e-03,-3.526213765144348145e-02,-6.821738788858056068e-04,2.640409395098686218e-03,-1.784033887088298798e-02,-1.014309562742710114e-02,-1.162761077284812927e-02,-8.959407918155193329e-03,-3.364028781652450562e-02,2.084860764443874359e-02,-1.365165226161479950e-03,-5.550581845454871655e-04,2.525637485086917877e-02,-9.443346410989761353e-03,1.446584705263376236e-02,-9.927285835146903992e-03,1.372031960636377335e-02,-8.580104447901248932e-03,-8.442770689725875854e-03,-1.213116943836212158e-02,-3.596842661499977112e-02,1.327561866492033005e-02,5.807265639305114746e-03,3.301247581839561462e-02,-1.672531827352941036e-03,8.141943253576755524e-03,2.880089916288852692e-02,-2.843467518687248230e-02,-1.202653348445892334e-02,-1.615309272892773151e-03,-1.535524800419807434e-02,-4.849851876497268677e-02,9.763793088495731354e-03,-4.080781247466802597e-03,1.862510479986667633e-02,1.226196344941854477e-02,1.266742590814828873e-02,-9.547982364892959595e-03,2.342852531000971794e-03,-9.868428111076354980e-03,1.220310572534799576e-02,8.902185363695025444e-04,-3.751179948449134827e-02,-1.201672363094985485e-03,-4.823038820177316666e-03,9.214457124471664429e-03,-1.128754578530788422e-02,1.045046281069517136e-02,-1.136602275073528290e-02,2.346449345350265503e-02,-2.630272880196571350e-02,-1.252355147153139114e-02,2.049546316266059875e-02,-1.220310572534799576e-02,-1.600921899080276489e-02,2.712673321366310120e-02,-1.518848584964871407e-03,6.199648603796958923e-03,-2.007692120969295502e-03,1.565607450902462006e-02,4.203727841377258301e-02,1.165703986771404743e-03,1.982841268181800842e-02,2.400074899196624756e-02,4.345639608800411224e-03,-3.952603042125701904e-02,2.372281160205602646e-03,-2.543948590755462646e-02,1.593074202537536621e-02,-2.512885024771094322e-03,1.413886155933141708e-02,4.224655218422412872e-03,-3.443159395828843117e-03,-7.082509808242321014e-03,-3.076281398534774780e-02,-1.132678426802158356e-02,-2.304595150053501129e-02,-1.203961297869682312e-02,-2.430157735943794250e-02,-4.453544970601797104e-03,1.358952559530735016e-02,2.452392596751451492e-03,-1.764414831995964050e-02,-8.795915055088698864e-04,6.886318791657686234e-03,4.237734526395797729e-02,-2.828426193445920944e-03,8.403532207012176514e-03,2.686514332890510559e-02,-4.025193862617015839e-03,1.467348309233784676e-03,1.754278200678527355e-03,-2.375551033765077591e-03,-8.266198448836803436e-03,2.216962911188602448e-02,-1.480591204017400742e-02,1.942294999025762081e-03,-4.538561217486858368e-03,-2.798997424542903900e-02,1.969761773943901062e-02,-2.091400511562824249e-02,-1.938371174037456512e-02,3.416346386075019836e-02,1.829811930656433105e-02,-3.142332425341010094e-03,2.496535656973719597e-03,-1.285053789615631104e-02,-7.259082049131393433e-04,6.153870839625597000e-03,7.520671002566814423e-03,-4.623577464371919632e-03,-3.523597866296768188e-02,-7.899974472820758820e-03,-1.897824928164482117e-02,-1.066627353429794312e-02,6.487396080046892166e-03,6.539713591337203979e-03,4.271250509191304445e-04,1.585226692259311676e-02,2.071454422548413277e-03,-1.407346408814191818e-02,-1.123522873967885971e-02,8.547405712306499481e-03,-1.807576976716518402e-02,1.909596472978591919e-02,3.588994964957237244e-02,-2.475281711667776108e-03,2.723136730492115021e-02,2.345141395926475525e-02,-2.451084740459918976e-02,-2.277455292642116547e-03,6.608380936086177826e-03,2.244429849088191986e-02,-6.722825579345226288e-03,-2.470376901328563690e-03,-1.775532262399792671e-03,1.440044958144426346e-02,7.389876525849103928e-03,3.271491732448339462e-03,9.070582687854766846e-03,7.200224790722131729e-03,-1.043738331645727158e-02,-1.536832749843597412e-02,3.949987236410379410e-03,5.176183301955461502e-03,-1.855970732867717743e-02,-2.281052246689796448e-02,-1.598306000232696533e-02,-3.863662853837013245e-02,5.477010272443294525e-03,-4.365258850157260895e-03,3.842735663056373596e-02,5.048659164458513260e-03,-3.863662853837013245e-02,2.290534786880016327e-03,-2.875839127227663994e-03,2.346449345350265503e-02,-8.115785196423530579e-03,1.019541360437870026e-02,2.070473320782184601e-02,4.794918000698089600e-02,-2.193420007824897766e-02,1.595690101385116577e-02,-1.794497482478618622e-02,5.140215158462524414e-03,-1.704249344766139984e-02,-5.882472731173038483e-03,3.588994964957237244e-02,-1.099979877471923828e-02,6.412189453840255737e-03,-1.616617292165756226e-02,-8.056927472352981567e-03,9.220996871590614319e-03,-5.078087560832500458e-03,1.004500035196542740e-02,1.250393316149711609e-02,-3.050122596323490143e-02,-1.955374516546726227e-02,1.020849309861660004e-02,1.281783916056156158e-02,-1.557759847491979599e-02,-2.969030104577541351e-02,-5.800726357847452164e-03,1.158346771262586117e-03,-8.403531974181532860e-04,1.862510479986667633e-02,-2.368684299290180206e-02,2.827772311866283417e-02,2.538716979324817657e-02,5.174548714421689510e-04,2.363452501595020294e-02,-6.480856332927942276e-03,-2.581878937780857086e-02,1.081014703959226608e-02,-1.491054776124656200e-03,-1.277860067784786224e-02,-2.486399188637733459e-02,5.012690555304288864e-03,7.141367532312870026e-03,-5.764757748693227768e-03,1.812808588147163391e-02,-4.747832193970680237e-03,-1.200037449598312378e-02,1.241891644895076752e-02,-8.652041666209697723e-03,-7.455273880623281002e-04,7.141367532312870026e-03,-1.709481142461299896e-02,2.779378322884440422e-03,3.011538181453943253e-03,-5.185992922633886337e-03,-2.168569155037403107e-02,-3.311711177229881287e-02,-1.105865556746721268e-02,4.072933644056320190e-02,3.264952218160033226e-03,-1.853354834020137787e-02,-7.932673208415508270e-03,1.752643287181854248e-02,-5.807266011834144592e-02,-1.964529976248741150e-02,-2.044314518570899963e-02,2.097940258681774139e-02,8.638962171971797943e-03,8.076546713709831238e-03,1.322330161929130554e-02,-1.215569325722754002e-03,5.627423524856567383e-03,1.451816502958536148e-02,-2.916712313890457153e-02,-1.773570291697978973e-02,-7.328566862270236015e-04,-3.515750169754028320e-02,-1.874282024800777435e-02,1.716020889580249786e-02,-2.095324359834194183e-02,1.502090453868731856e-04,3.337869793176651001e-02,-1.317098364233970642e-02,3.390841651707887650e-03,2.615885436534881592e-02,7.089049555361270905e-03,-1.214424893260002136e-02,-1.621849089860916138e-02,1.460972055792808533e-02,-2.516154898330569267e-03,-8.854772895574569702e-03,1.757875084877014160e-02,-1.560375746339559555e-02,1.645391993224620819e-02,1.338188885711133480e-03,1.893901079893112183e-02,-1.394267007708549500e-02,-7.357177790254354477e-03,1.734332181513309479e-02,-1.982841268181800842e-02,-2.841505687683820724e-03,3.281301353126764297e-03,-1.054201833903789520e-02,8.756676688790321350e-03,-2.794092753902077675e-03,8.619342930614948273e-03,7.448733784258365631e-03,-2.339582657441496849e-03,2.001152373850345612e-02,-2.600190229713916779e-02,-4.030098498333245516e-04,-1.000576186925172806e-02,1.837659627199172974e-02,-4.518942441791296005e-03,-1.203961297869682312e-02,9.240615181624889374e-03,-9.332171641290187836e-03,-3.606652142480015755e-03,2.802267437800765038e-03,6.592031568288803101e-03,-8.011149242520332336e-03,1.279168017208576202e-02,-3.050122596323490143e-02,2.681282721459865570e-02,-8.272738195955753326e-03,2.273204550147056580e-02,3.010884299874305725e-02,-4.718403331935405731e-03,-6.433443631976842880e-04,-4.054622724652290344e-03,7.919593714177608490e-03,-1.653239689767360687e-02,-3.607306256890296936e-02,-1.436121109873056412e-02,3.848621621727943420e-03,-4.597418941557407379e-03,3.215904347598552704e-03,6.069671944715082645e-04,-3.387571871280670166e-02,2.998458687216043472e-03,6.059044972062110901e-03,-9.031345136463642120e-03,1.044392306357622147e-02,2.159675061702728271e-01,-4.044159129261970520e-02,-1.338025461882352829e-02,-8.161562494933605194e-03,3.269856795668601990e-03,6.631269585341215134e-03,3.086744993925094604e-02,5.597995128482580185e-03,-1.857278682291507721e-02,-1.062049530446529388e-02,-2.791149914264678955e-02,-6.431808695197105408e-03,-7.971910759806632996e-03,1.096056029200553894e-02,-4.044404195155948400e-04,-3.526213765144348145e-02,-3.233234584331512451e-02,-2.778070420026779175e-02,-2.147641964256763458e-02,-3.434657678008079529e-02,1.004500035196542740e-02,6.905937567353248596e-03,6.762064062058925629e-03,-2.887937612831592560e-02,2.928156871348619461e-03,-1.612856867723166943e-03,9.541442617774009705e-03,2.140121301636099815e-03,2.005076222121715546e-02,1.264780666679143906e-02,-1.916136220097541809e-02,-2.025676425546407700e-03,5.257929675281047821e-03,-9.580681100487709045e-03,-5.323327146470546722e-03,1.000576186925172806e-02,1.041776407510042191e-02,9.345251135528087616e-03,-2.901997882872819901e-03,-1.935755251906812191e-03,6.232347339391708374e-03,-2.570107579231262207e-02,-1.184996124356985092e-02,4.068928246852010489e-04,2.043660497292876244e-03,2.723136730492115021e-02,-1.689862087368965149e-02,-4.012114368379116058e-03,-3.591610863804817200e-02,1.286361739039421082e-02,-1.570839248597621918e-02,-1.436121109873056412e-02,3.701477870345115662e-02,2.077013067901134491e-02,1.228812243789434433e-02,-3.403920913115143776e-03,-4.921134561300277710e-03,2.504710294306278229e-02,-2.460567338857799768e-04,5.280818790197372437e-03,-9.783411398530006409e-03,1.177965896204113960e-03,-2.699593827128410339e-02,2.513865940272808075e-02,-4.064432345330715179e-03,5.655544623732566833e-02,-2.602806128561496735e-02,-2.584494836628437042e-02,-9.986142627894878387e-03,-2.736216224730014801e-02,-9.240615181624889374e-03,-2.728695515543222427e-03,4.473164211958646774e-03,2.652507834136486053e-02,-5.441041663289070129e-03,-2.108403667807579041e-02,5.588185507804155350e-03,3.080205293372273445e-03,4.528751887846738100e-04,1.705557294189929962e-02,4.440465476363897324e-03,-5.055198911577463150e-03,3.260047407820820808e-03,-4.607228562235832214e-03,6.936183781363070011e-04,-3.806113451719284058e-02,1.241237670183181763e-02,1.167338923551142216e-03,-2.352989092469215393e-02,1.927907578647136688e-02,2.704825624823570251e-02,-1.651931740343570709e-02,-1.037852559238672256e-02,7.677624002099037170e-03,-1.488438900560140610e-02,9.489124640822410583e-03,-3.979415632784366608e-03,-3.009903244674205780e-03,-6.166950333863496780e-03,-4.581887042149901390e-04,-1.522445399314165115e-02,1.193497795611619949e-02,4.551640711724758148e-03,2.215327986050397158e-04,-3.757065627723932266e-03,1.666318997740745544e-02,1.181072276085615158e-02,2.601498179137706757e-02,5.575105897150933743e-04,-1.747411489486694336e-02,-1.998536475002765656e-02,-1.579994894564151764e-02,3.121078480035066605e-03,2.378820907324552536e-03,2.216962911188602448e-02,-6.088473368436098099e-03,1.013001706451177597e-02,1.292901393026113510e-02,3.120751492679119110e-02,-1.109135430306196213e-02,-2.745044883340597153e-03,-4.250813741236925125e-03,6.078663747757673264e-03,1.509365905076265335e-02,-2.947775879874825478e-03,-5.990377627313137054e-03,-2.830388210713863373e-02,1.785341836512088776e-02,1.239275746047496796e-02,-1.595690101385116577e-02,6.840540561825037003e-03,-2.550488337874412537e-02,2.279090229421854019e-03,1.253009121865034103e-02,9.247154928743839264e-03,1.978917419910430908e-02,8.844963158480823040e-04,-1.247123442590236664e-02,-3.416346386075019836e-02,2.723136730492115021e-02,-1.365492213517427444e-02,-2.171184867620468140e-03,1.073820982128381729e-02,1.060087606310844421e-02,6.139156175777316093e-04,4.031733609735965729e-03,2.184264361858367920e-02,-2.113962545990943909e-03,8.317698666360229254e-05,-9.881507605314254761e-03,1.926150143845006824e-04,-1.731389202177524567e-03,2.771203638985753059e-03,8.462389931082725525e-03,2.205191552639007568e-02,1.223580446094274521e-02,-2.609345829114317894e-03,-2.087476663291454315e-02,7.455273531377315521e-03,5.398533772677183151e-03,-4.742600396275520325e-02,-1.705230330117046833e-03,2.434081397950649261e-02,-3.207075595855712891e-02,-8.115785196423530579e-03,6.003457121551036835e-03,-1.656378656625747681e-01,3.423540154471993446e-03,2.075705118477344513e-02,-5.119287967681884766e-02,4.865546897053718567e-02,-5.277548916637897491e-03,2.853931114077568054e-02,9.992682375013828278e-03,2.328138099983334541e-03,-2.330753952264785767e-02,5.977298598736524582e-03,-1.648825360462069511e-03,-3.267240896821022034e-02,-6.431808695197105408e-03,-7.631845772266387939e-03,-1.422387722413986921e-04,-5.325942859053611755e-02,2.265356853604316711e-02,2.168569155037403107e-02,1.612693443894386292e-02,1.515905652195215225e-02,5.163103807717561722e-03,-7.697243243455886841e-03,-1.167338900268077850e-02,1.768338680267333984e-02,1.051585935056209564e-02,-2.906248718500137329e-02,3.537985263392329216e-03,-1.806269027292728424e-02,-1.913520321249961853e-02,-3.225713735446333885e-03,1.256932970136404037e-02,3.369260579347610474e-02,-9.057503193616867065e-03,1.451816502958536148e-02,1.509038964286446571e-03,1.314482465386390686e-02,1.151602700701914728e-04,-1.220310572534799576e-02,1.233390066772699356e-02,4.044159129261970520e-02,1.641468144953250885e-02,-4.273702856153249741e-03,-1.504134200513362885e-02,-6.382760591804981232e-03,2.696977928280830383e-02,2.091400511562824249e-02,6.088473368436098099e-03,1.330831740051507950e-02,-5.807265639305114746e-03,-1.660269801504909992e-03,8.939788676798343658e-03,-1.343257166445255280e-02,-3.982685506343841553e-03,1.500210352241992950e-02,3.068760735914111137e-03,-1.942295022308826447e-02,5.836694501340389252e-03,2.310153795406222343e-03,7.082509808242321014e-03,-1.330177765339612961e-02,-2.292823605239391327e-02,1.933139376342296600e-02,-1.536832749843597412e-02,1.028697006404399872e-02,-1.175840571522712708e-02,-1.462280005216598511e-02,-2.147641964256763458e-02,-1.494978554546833038e-02,7.285241037607192993e-03,-2.014231868088245392e-02,-8.508167229592800140e-03,-9.593760594725608826e-03,-2.730984427034854889e-02,2.341217547655105591e-02,-4.979991819709539413e-03,-3.068433701992034912e-02,4.091244935989379883e-02,1.308596692979335785e-02,1.023465208709239960e-02,-2.971646003425121307e-02,1.002538111060857773e-02,9.888047352433204651e-03,-5.548947025090456009e-03,9.600299410521984100e-03,1.811500638723373413e-02,1.176494546234607697e-02,-2.447160892188549042e-02,-7.926133461296558380e-03,-4.757641814649105072e-03,1.980225369334220886e-02,2.857854822650551796e-03,-1.610077545046806335e-02,-1.602229848504066467e-02,3.097208403050899506e-02,1.279821991920471191e-02,1.880821771919727325e-02,1.556451898068189621e-02,-1.446584705263376236e-02,-1.880821771919727325e-02,1.426965557038784027e-02,-2.271896600723266602e-02,-2.945487014949321747e-02,5.424692761152982712e-03,2.614577487111091614e-02,-2.892188495025038719e-03,1.302057038992643356e-02,2.483783289790153503e-02,3.641312569379806519e-02,1.927580684423446655e-03,-3.210999537259340286e-03,-5.833424627780914307e-03,1.491054706275463104e-02,2.324214205145835876e-02,1.245815493166446686e-02,3.094592504203319550e-02,-4.496053152251988649e-04,-7.520671002566814423e-03,6.794762797653675079e-03,-7.520671002566814423e-03,4.117403924465179443e-02,2.109711617231369019e-02,7.607526640640571713e-05,1.997228525578975677e-02,-1.392959058284759521e-02,-2.486399188637733459e-02,-1.114367246627807617e-01,-2.160721458494663239e-02,-5.159834399819374084e-03,1.481899153441190720e-02,2.308518998324871063e-02,2.199959754943847656e-02,1.267069601453840733e-03,-3.400651272386312485e-03,-2.788534015417098999e-02,-5.640503368340432644e-04,-1.976628554984927177e-03,-4.099092632532119751e-02,-1.863818429410457611e-02,3.802843624725937843e-03,9.534902870655059814e-03,-1.578686945140361786e-02,7.442194502800703049e-03,-9.861888363957405090e-03,-2.312442846596240997e-02,2.040390670299530029e-02,-1.338188885711133480e-03,1.099325902760028839e-02,-2.283668145537376404e-02,-9.096741676330566406e-03,1.616617292165756226e-02,1.742179691791534424e-02,-2.097940258681774139e-02,2.987341210246086121e-02,7.801878731697797775e-03,7.579528260976076126e-03,-1.692477986216545105e-02,-5.114056169986724854e-03,6.788223050534725189e-03,2.444544993340969086e-02,-1.663703098893165588e-02,-1.603537797927856445e-02,-3.290783986449241638e-02,-2.236582152545452118e-02,2.202575653791427612e-02,-1.215732749551534653e-02,2.189496159553527832e-02,8.344674482941627502e-03,-7.082509808242321014e-03,-8.370833471417427063e-03,6.451427470892667770e-03,-1.467511802911758423e-02,-8.828613907098770142e-03,1.433505304157733917e-02,4.219423234462738037e-02,-1.458356156945228577e-02,-1.900440827012062073e-02,-2.434081397950649261e-02,-1.131370430812239647e-03,-1.091314712539315224e-03,9.443346410989761353e-03,-2.369992248713970184e-02,-5.084627307951450348e-03,-3.629541024565696716e-04,-2.648584172129631042e-02,2.817308716475963593e-02,1.093440130352973938e-02,7.586068008095026016e-03,2.939601428806781769e-03,7.409495767205953598e-03,3.112903796136379242e-03,7.272161543369293213e-03,-1.710789091885089874e-02,-2.490323036909103394e-02,2.108403667807579041e-02,-2.744063921272754669e-02,1.621849089860916138e-02,1.582610793411731720e-02,4.718403331935405731e-03,2.288899756968021393e-02,-3.905517235398292542e-02,-1.840929384343326092e-03,-5.477010272443294525e-03,-1.164069026708602905e-02,3.063201904296875000e-02,-4.242966324090957642e-02,-1.759183034300804138e-02,-1.583918742835521698e-02,1.889977231621742249e-02,6.298561929725110531e-04,3.523597866296768188e-02,1.382495462894439697e-02,1.723868586122989655e-02,-3.013500198721885681e-02,-4.038273356854915619e-03,-2.577955089509487152e-02,8.226959966123104095e-03,-1.888342318125069141e-03,2.122791111469268799e-02,-2.643352374434471130e-02,-3.528175642713904381e-03,2.315058745443820953e-02,2.411519410088658333e-03,-1.320368237793445587e-02,6.114632124081254005e-04,1.854662783443927765e-02,-7.631845772266387939e-03,-8.390452712774276733e-03,-6.387992203235626221e-02,1.646699942648410797e-02,-2.449776791036128998e-02,-7.004033308476209641e-03,-4.061162471771240234e-03,-3.222770988941192627e-02,-5.297168157994747162e-03,-1.447892654687166214e-02,-9.260234422981739044e-03,-1.498902402818202972e-02,-1.251701265573501587e-02,1.514597702771425247e-02,-6.729365326464176178e-03,-1.170608773827552795e-02,-2.172493003308773041e-02,-2.308518858626484871e-03,-2.071454422548413277e-03,-9.989412501454353333e-04,-8.168102242052555084e-03,4.597418941557407379e-03,-1.786976819857954979e-03,-3.502016654238104820e-03,-2.414462342858314514e-02,1.386419311165809631e-02,-5.681376205757260323e-05,7.481432519853115082e-03,-1.066627353429794312e-02,2.513865940272808075e-02,-3.606652142480015755e-03,-4.603958688676357269e-03,-3.346698591485619545e-03,-2.152873761951923370e-02,1.264126691967248917e-02,2.944506239145994186e-03,1.510673854500055313e-02,-3.133830800652503967e-02,6.166745879454538226e-05,1.149027701467275620e-02,9.953444823622703552e-03,5.430578440427780151e-02,-1.194805745035409927e-02,-2.339909598231315613e-02,1.547296252101659775e-02,9.462965652346611023e-03,2.211240789620205760e-04,1.186958048492670059e-03,-2.538716979324817657e-02,2.052162215113639832e-02,1.940987072885036469e-02,9.325631894171237946e-03,3.790418058633804321e-02,2.880089916288852692e-02,-1.968453824520111084e-02,-1.667626947164535522e-02,-3.772106766700744629e-02,-3.845351561903953552e-02,1.542554935440421104e-03,-2.269280608743429184e-03,1.079052779823541641e-02,-3.910749033093452454e-02,4.656276106834411621e-02,2.803902374580502510e-03,-2.588091650977730751e-03,-1.789265684783458710e-02,6.621460430324077606e-03,2.526945434510707855e-02,1.445276779122650623e-03,8.867851458489894867e-03,2.029610368481371552e-05,-2.557028084993362427e-02,-2.388303540647029877e-02,-5.800726357847452164e-03,6.729365326464176178e-03,1.224888395518064499e-02,5.823615007102489471e-03,-1.090824231505393982e-02,1.718309824354946613e-03,6.938636302947998047e-03,-3.152142092585563660e-02,2.950718812644481659e-02,6.366411224007606506e-03,-1.016271486878395081e-02,-4.322750959545373917e-03,1.780110038816928864e-02,8.226959966123104095e-03,1.921367831528186798e-02,-1.770627452060580254e-03,-6.762064062058925629e-03,-2.736870199441909790e-03,8.737057447433471680e-03,1.790573634207248688e-02,1.392959058284759521e-02,2.231350354850292206e-02,-2.519424771890044212e-03,-1.291593443602323532e-02,1.252355147153139114e-02,2.282360102981328964e-03,6.144061218947172165e-03,1.504134200513362885e-02,2.958566509187221527e-02,2.274512499570846558e-02,-5.830154754221439362e-03,6.860159803181886673e-03,-1.382495462894439697e-02,-8.135403506457805634e-03,6.130981724709272385e-03,-3.536677360534667969e-02,-2.359528653323650360e-02,-1.802345179021358490e-02,-1.362876314669847488e-02,1.389035210013389587e-02,7.566448766738176346e-03,3.068433701992034912e-02,8.534326334483921528e-04,-1.106519531458616257e-02,1.433505304157733917e-02,3.115519694983959198e-02,5.545677151530981064e-03,-2.619809284806251526e-02,3.115519694983959198e-02,2.592342533171176910e-02,8.488548919558525085e-03,2.672127075493335724e-02,-1.153605524450540543e-02,1.324292086064815521e-02,-1.167338900268077850e-02,2.804229222238063812e-02,-1.952758617699146271e-02,8.894010446965694427e-03,-7.684163749217987061e-03,1.594382151961326599e-02,1.204942236654460430e-03,-3.717173263430595398e-02,-1.912212371826171875e-02,1.547296252101659775e-02,3.468664363026618958e-02,-8.168102242052555084e-03,4.020616039633750916e-02,-1.994612626731395721e-02,3.902901336550712585e-02,2.299363352358341217e-02,-1.759183034300804138e-02,3.300511743873357773e-04,2.198651805520057678e-02,2.431465499103069305e-02,-1.115675177425146103e-02,1.774878241121768951e-02,-3.920558374375104904e-03,-1.701633445918560028e-02,1.275898143649101257e-02,-1.179764326661825180e-02,2.898401208221912384e-02,-1.262164767831563950e-02,-1.188265997916460037e-02,-4.538561217486858368e-03,-2.184264361858367920e-02,6.919834413565695286e-04,1.742179691791534424e-02,1.318406313657760620e-02,3.005652502179145813e-02,3.212634474039077759e-04,2.645314205437898636e-03,-9.149059653282165527e-03,-2.919328212738037109e-02,-2.385687641799449921e-02,1.325599942356348038e-02,-1.149354735389351845e-03,-1.340641290880739689e-03,-1.258894894272089005e-02,-4.914594814181327820e-03,1.836351677775382996e-02,-2.364760451018810272e-02,-5.437771789729595184e-03,-1.389035210013389587e-02,-2.638120576739311218e-02,2.763029187917709351e-03,-3.711941465735435486e-02,-3.737446386367082596e-03,1.670242846012115479e-02,-1.022157259285449982e-02,1.866434328258037567e-02,-1.746103540062904358e-02,-2.283668145537376404e-02,6.089781597256660461e-02,3.371876478195190430e-02,-1.360260508954524994e-02,1.827196031808853149e-02,-1.709481142461299896e-02
-1.771581172943115234e-02,-2.384617179632186890e-02,-1.099624950438737869e-02,-1.046000886708498001e-02,-2.820230089128017426e-03,1.704054512083530426e-02,-7.116777822375297546e-03,5.238279700279235840e-04,-1.565029099583625793e-02,-2.137019485235214233e-02,1.353842858225107193e-02,1.786145754158496857e-02,-7.235942874103784561e-03,-2.554095722734928131e-02,2.065520733594894409e-03,9.751641191542148590e-03,3.964211046695709229e-02,-3.485979977995157242e-04,3.187654539942741394e-03,-6.938030943274497986e-03,1.069171726703643799e-02,1.615343056619167328e-02,-2.072140946984291077e-02,-1.795745105482637882e-03,-1.576945558190345764e-02,-7.904589176177978516e-03,1.576945558190345764e-02,-2.302525937557220459e-02,-1.873533241450786591e-03,-3.402812778949737549e-02,2.252543112263083458e-03,3.435914171859622002e-03,-2.330331131815910339e-02,-2.011234499514102936e-02,-3.222741931676864624e-02,-2.472004666924476624e-02,-6.034365855157375336e-03,-4.902301356196403503e-03,5.415371619164943695e-03,1.731859706342220306e-02,-7.295525167137384415e-03,5.127390380948781967e-03,1.124781928956508636e-02,6.474612746387720108e-03,-2.719602175056934357e-02,1.772905327379703522e-02,-3.667623270303010941e-03,-2.295905724167823792e-02,3.498806618154048920e-03,2.441551350057125092e-02,3.614661097526550293e-02,-5.898650269955396652e-03,-9.155817329883575439e-03,-2.527614682912826538e-02,-1.453808788210153580e-02,6.623568944633007050e-03,-1.815274916589260101e-02,2.370052598416805267e-02,-8.440829697065055370e-04,-2.942042984068393707e-02,1.643148250877857208e-02,1.423355564475059509e-02,-1.833811588585376740e-02,1.217465568333864212e-02,-1.914578862488269806e-02,-1.032760366797447205e-02,-1.534575968980789185e-02,1.103597134351730347e-02,-1.222761813551187515e-02,-1.955624483525753021e-02,2.981764450669288635e-02,2.658695913851261139e-02,5.600738804787397385e-03,-3.588180243968963623e-02,3.445182740688323975e-02,-2.981764450669288635e-02,-8.222361095249652863e-03,-1.000321097671985626e-02,-2.597789466381072998e-02,1.908289501443505287e-03,-9.665577672421932220e-03,-3.228038176894187927e-02,-2.960579656064510345e-02,2.001966163516044617e-02,1.395550556480884552e-02,1.331996079534292221e-02,-1.697434298694133759e-02,4.558048211038112640e-03,-2.246915735304355621e-02,-2.028447203338146210e-02,2.213814482092857361e-02,8.785082958638668060e-03,1.100949011743068695e-02,4.046301916241645813e-02,-1.800710335373878479e-02,8.712260052561759949e-03,-1.913254708051681519e-02,2.912913821637630463e-02,5.455092992633581161e-03,-1.547816488891839981e-02,-3.657692810520529747e-03,-7.394828833639621735e-03,1.300053321756422520e-03,-1.269765570759773254e-02,-2.273396775126457214e-02,-7.361727766692638397e-03,1.053945161402225494e-02,2.716374874580651522e-04,2.673260495066642761e-02,-5.200213287025690079e-03,-1.171123795211315155e-02,3.010893613100051880e-02,2.772233216091990471e-03,-4.189299792051315308e-02,1.498826593160629272e-02,-3.635846078395843506e-02,-1.886773738078773022e-03,-9.409042540937662125e-04,2.758992835879325867e-03,-4.207174293696880341e-03,-2.356812171638011932e-02,4.700383637100458145e-03,5.935061722993850708e-03,-4.667282570153474808e-03,2.146287821233272552e-02,6.189941894263029099e-03,-4.233655519783496857e-03,-1.809978671371936798e-02,-1.329347956925630569e-02,5.713283084332942963e-03,6.005898490548133850e-02,1.458939514122903347e-03,2.685176953673362732e-02,-8.818184956908226013e-03,1.982767367735505104e-03,3.286296501755714417e-02,-2.212821505963802338e-03,1.992697827517986298e-03,-1.670953258872032166e-02,-2.576604671776294708e-02,9.850945323705673218e-03,4.836098756641149521e-03,-1.507763867266476154e-03,8.612956851720809937e-03,3.474311903119087219e-02,6.100568454712629318e-03,-3.720585256814956665e-03,2.388258231803774834e-03,-5.267243250273168087e-04,-1.602102629840373993e-02,6.434064125642180443e-04,9.235261008143424988e-03,1.664333045482635498e-02,-1.918550953269004822e-02,5.508054979145526886e-03,1.449836604297161102e-02,-1.603426598012447357e-02,2.020503021776676178e-02,-1.588862016797065735e-02,-3.982085734605789185e-03,-1.286316290497779846e-02,-6.580537185072898865e-03,2.117158658802509308e-02,-2.003290317952632904e-02,-7.328626234084367752e-03,4.327001050114631653e-02,-9.559653699398040771e-03,-1.254539005458354950e-02,-5.587498191744089127e-03,-9.771501645445823669e-03,1.469697430729866028e-02,5.884085968136787415e-02,-1.813950948417186737e-02,1.903986372053623199e-02,5.564327351748943329e-03,1.956948451697826385e-02,2.965875901281833649e-03,1.509418990463018417e-02,-4.581218957901000977e-02,1.697434298694133759e-02,-2.799045294523239136e-02,2.695769257843494415e-02,2.107890322804450989e-02,9.533172473311424255e-03,5.273036193102598190e-03,-2.187333442270755768e-02,3.106556367129087448e-03,-1.014885678887367249e-02,2.143639698624610901e-02,-1.582241803407669067e-02,8.897627703845500946e-03,7.169740274548530579e-03,3.245581872761249542e-03,1.304190978407859802e-02,-6.461372375488281250e-01,4.875820595771074295e-03,3.919193055480718613e-03,-3.071800060570240021e-02,-1.098962966352701187e-02,7.851626724004745483e-03,-4.091319628059864044e-03,5.292896647006273270e-03,-4.515016451478004456e-02,1.927819289267063141e-02,-1.653740555047988892e-02,1.370393577963113785e-02,-1.124119944870471954e-02,-3.498144820332527161e-02,-1.373041607439517975e-02,-1.990049704909324646e-02,-8.368006907403469086e-03,-2.317090518772602081e-02,-1.164503488689661026e-02,5.938372109085321426e-03,-8.937349193729460239e-04,2.285313233733177185e-02,1.351856812834739685e-02,5.971473176032304764e-03,1.840431988239288330e-02,-5.395510699599981308e-03,2.656378783285617828e-04,-5.623909644782543182e-03,-1.306839101016521454e-02,2.706361748278141022e-02,-3.106225281953811646e-02,2.867896109819412231e-02,-1.392902433872222900e-02,2.577928639948368073e-02,3.993339836597442627e-02,-5.494814831763505936e-03,-1.382310036569833755e-02,2.697093412280082703e-02,-3.073455067351460457e-03,2.513050101697444916e-02,-2.013882622122764587e-02,7.422965136356651783e-04,2.737476956099271774e-03,-1.332658063620328903e-02,-4.031737335026264191e-03,1.451160665601491928e-02,2.050956152379512787e-02,-6.378619000315666199e-03,2.368728630244731903e-02,3.882781602442264557e-03,2.722250297665596008e-02,-9.850945323705673218e-03,-5.901960656046867371e-03,1.075130049139261246e-02,-9.149197489023208618e-03,5.984713789075613022e-03,3.254519030451774597e-02,-1.670953258872032166e-02,-7.712601218372583389e-03,2.982426434755325317e-03,5.342548713088035583e-03,2.327683009207248688e-02,-3.862507292069494724e-04,-1.027464121580123901e-02,3.644452430307865143e-03,9.903906844556331635e-03,-1.419383473694324493e-02,4.793067462742328644e-03,2.417718432843685150e-02,2.633538842201232910e-02,-3.925813362002372742e-03,9.870805777609348297e-03,-2.436255104839801788e-02,-1.900014281272888184e-02,1.514715142548084259e-02,9.831083938479423523e-03,2.426324877887964249e-03,-1.762312836945056915e-02,-2.106566354632377625e-02,1.178406062535941601e-03,-2.318414673209190369e-02,-7.265734020620584488e-04,-4.059542715549468994e-02,9.539792314171791077e-03,1.668305136263370514e-02,-5.729834083467721939e-03,-2.611030079424381256e-02,-1.151925045996904373e-02,9.698678739368915558e-03,-4.439711046870797873e-04,2.550454577431082726e-03,2.487893216311931610e-02,2.066844701766967773e-02,-8.533513173460960388e-03,2.555419877171516418e-02,6.544125732034444809e-03,-8.248842321336269379e-03,-3.998636268079280853e-03,1.275061815977096558e-02,2.247577765956521034e-03,1.411439105868339539e-02,2.548799617215991020e-03,3.251871094107627869e-02,-8.129677735269069672e-03,1.996007980778813362e-03,8.056854829192161560e-03,-4.093968123197555542e-02,1.909282617270946503e-02,1.498826593160629272e-02,-1.349208690226078033e-02,-2.336951205506920815e-03,1.245932653546333313e-02,1.502798683941364288e-02,2.277368912473320961e-03,-1.281682029366493225e-02,-2.686500921845436096e-02,1.896704081445932388e-03,3.889401908963918686e-03,5.491504445672035217e-03,-2.270748652517795563e-02,1.764960959553718567e-02,2.572632580995559692e-02,-3.657692810520529747e-03,-2.134371362626552582e-02,2.716954238712787628e-02,1.603426598012447357e-02,-1.660360954701900482e-02,-3.935081884264945984e-02,-4.769896157085895538e-03,1.349870767444372177e-02,-9.440489113330841064e-03,-5.014846101403236389e-03,1.685517840087413788e-02,-1.785814762115478516e-03,4.509720206260681152e-02,1.129581592977046967e-03,1.893394067883491516e-02,-6.977752782404422760e-03,4.101912304759025574e-02,-1.862940751016139984e-02,-1.997662940993905067e-03,5.365719553083181381e-03,-5.590808577835559845e-03,-1.086384430527687073e-02,-1.439906307496130466e-03,-5.243244767189025879e-02,-2.941877464763820171e-04,-4.133689403533935547e-02,-2.359460107982158661e-02,-1.276882365345954895e-03,2.780508622527122498e-02,4.485225304961204529e-03,-6.362068466842174530e-03,5.570947658270597458e-03,2.419704571366310120e-03,-1.313459314405918121e-02,1.100949011743068695e-02,-1.115513592958450317e-02,-6.368688773363828659e-03,-3.760306909680366516e-02,1.253214944154024124e-02,1.297570671886205673e-02,-7.282284786924719810e-04,-7.792044430971145630e-03,-1.600778475403785706e-02,-8.440829813480377197e-03,-1.039380580186843872e-02,-4.640801344066858292e-03,-1.656388677656650543e-02,-1.860292628407478333e-02,-6.127049215137958527e-03,1.501474622637033463e-02,-9.850945323705673218e-03,1.241960562765598297e-02,-7.416758307954296470e-05,-1.744438195601105690e-03,-1.377013791352510452e-02,5.892030429095029831e-03,-1.371717639267444611e-02,1.024154014885425568e-02,7.977412082254886627e-03,-3.459085244685411453e-03,-2.854655496776103973e-02,-1.127430051565170288e-02,1.223423797637224197e-02,-1.256525050848722458e-02,-9.804602712392807007e-03,-1.263145357370376587e-02,-2.432283014059066772e-02,8.490481995977461338e-04,-5.332618486136198044e-03,6.563986651599407196e-03,7.136638741940259933e-03,-8.295184001326560974e-03,1.631893799640238285e-03,4.826168529689311981e-03,2.830822579562664032e-02,1.657712832093238831e-02,1.025478076189756393e-02,2.640159241855144501e-02,-5.160491447895765305e-03,-2.698417380452156067e-02,2.093325741589069366e-02,1.571649312973022461e-02,1.742452010512351990e-02,-1.500150654464960098e-02,5.412061233073472977e-03,4.455434158444404602e-03,3.098281100392341614e-02,-2.949325134977698326e-03,-5.948302336037158966e-03,-4.154874384403228760e-02,-1.122133806347846985e-02,3.601420670747756958e-03,-5.756314843893051147e-03,2.551447600126266479e-02,-1.469697430729866028e-02,-3.010562621057033539e-03,-3.829819615930318832e-03,-2.575280610471963882e-03,7.063815835863351822e-03,8.440829813480377197e-03,1.938411779701709747e-02,7.911209017038345337e-03,-6.080045551061630249e-02,3.419363638386130333e-03,7.249183021485805511e-03,1.649768464267253876e-02,-6.017815321683883667e-03,-1.951652206480503082e-02,6.957891862839460373e-03,-2.204546239227056503e-03,9.797982871532440186e-03,2.637511119246482849e-02,1.543844304978847504e-02,3.207515226677060127e-03,-5.554397124797105789e-03,-2.248239889740943909e-02,1.137360464781522751e-02,-2.035067602992057800e-02,6.547435652464628220e-03,-3.760306863114237785e-03,1.439244206994771957e-02,-9.943628683686256409e-03,-9.553032927215099335e-03,1.353842858225107193e-02,2.101270109415054321e-02,-8.778463117778301239e-03,-2.754027582705020905e-02,2.650751546025276184e-02,-1.760988868772983551e-02,2.501133643090724945e-02,-1.787469908595085144e-02,4.462054464966058731e-03,1.138022448867559433e-02,-1.700082421302795410e-02,1.327361818403005600e-02,1.127430051565170288e-02,2.407126128673553467e-02,3.458423167467117310e-02,9.480210021138191223e-03,-3.790098126046359539e-04,2.798714442178606987e-03,-3.902642522007226944e-03,3.143298625946044922e-02,-1.751058385707437992e-03,1.186681329272687435e-03,-9.884046390652656555e-03,-1.076454017311334610e-02,-1.578269712626934052e-02,-1.247918792068958282e-02,-1.080426201224327087e-02,3.450478985905647278e-02,-7.606677245348691940e-03,3.866231068968772888e-03,8.930728770792484283e-03,1.500150654464960098e-02,5.448472686111927032e-03,2.952635288238525391e-02,1.407467015087604523e-02,-3.392882645130157471e-03,-1.890745945274829865e-02,9.970109909772872925e-03,1.535072457045316696e-03,-2.146618906408548355e-03,-4.273376893252134323e-03,-3.204205259680747986e-02,2.970841014757752419e-03,-1.513391174376010895e-02,7.957550697028636932e-03,-4.448813851922750473e-03,2.094649896025657654e-02,2.450819686055183411e-02,-2.011234499514102936e-02,-1.300880871713161469e-02,-3.439886495471000671e-02,1.269765570759773254e-02,-1.149276923388242722e-02,1.285654213279485703e-02,1.194956712424755096e-02,6.305796559900045395e-03,-3.564347326755523682e-02,-1.386282127350568771e-02,-1.420707534998655319e-02,2.663992159068584442e-02,2.073465101420879364e-02,-1.542520243674516678e-02,-1.734507828950881958e-02,-1.880153454840183258e-02,-2.149929059669375420e-03,-2.809637784957885742e-02,-1.122795883566141129e-02,-1.027464121580123901e-02,-1.108231302350759506e-02,1.329016871750354767e-03,1.322727650403976440e-02,-4.387907311320304871e-02,-1.600778475403785706e-02,1.326037850230932236e-02,-3.318073600530624390e-02,9.076374582946300507e-03,-1.322727650403976440e-02,-7.911209017038345337e-03,3.000632161274552345e-03,9.485506266355514526e-02,8.619576692581176758e-03,9.155817329883575439e-03,2.265452593564987183e-02,-7.831766270101070404e-03,3.913896903395652771e-02,-1.734507828950881958e-02,-9.182298555970191956e-03,7.845006883144378662e-03,-2.618974260985851288e-02,-1.553112640976905823e-02,-1.206873171031475067e-02,1.516039203852415085e-02,-1.747748255729675293e-02,1.306177023798227310e-02,2.313118427991867065e-02,-1.145304739475250244e-02,-1.789124915376305580e-03,6.438201759010553360e-03,1.357153058052062988e-02,-2.587197162210941315e-02,-2.724236343055963516e-03,5.872169509530067444e-03,3.259815275669097900e-02,1.327361911535263062e-03,-8.897627703845500946e-03,1.962244696915149689e-02,2.166148647665977478e-02,-1.509418990463018417e-02,2.384948078542947769e-03,4.104560241103172302e-03,5.570947658270597458e-03,1.662512426264584064e-03,1.877505332231521606e-02,-3.862920915707945824e-03,-1.071157865226268768e-02,1.799386367201805115e-02,7.931069470942020416e-03,1.189660467207431793e-02,-1.266455464065074921e-02,3.770899400115013123e-02,5.316067487001419067e-03,-9.506691247224807739e-03,-1.567677222192287445e-02,7.778803817927837372e-03,-4.879130516201257706e-03,-1.918550953269004822e-02,2.838766947388648987e-02,6.348827853798866272e-03,-2.780508622527122498e-02,3.066503815352916718e-02,-3.053263202309608459e-02,-3.651734814047813416e-02,-1.631231792271137238e-02,-6.378619000315666199e-03,8.977070450782775879e-03,-3.435914171859622002e-03,-4.952781018801033497e-04,1.194294635206460953e-02,2.379982965067028999e-03,-3.651734814047813416e-02,-3.474311903119087219e-02,1.193632651120424271e-02,-1.087708491832017899e-02,-3.913896903395652771e-02,-9.036652743816375732e-03,-4.038357734680175781e-02,1.038056518882513046e-02,-2.178065106272697449e-02,-1.997994072735309601e-02,-8.692399598658084869e-03,-1.067185681313276291e-02,-2.013882622122764587e-02,3.063855692744255066e-02,3.784139826893806458e-02,1.518687326461076736e-02,1.513391174376010895e-02,-2.462736330926418304e-03,2.298553846776485443e-02,1.471021492034196854e-02,-1.075792009942233562e-03,7.625710568390786648e-04,-4.256826359778642654e-03,-2.678556740283966064e-02,-1.453808788210153580e-02,4.213132709264755249e-02,6.512679392471909523e-04,-2.792921732179820538e-04,1.093004737049341202e-02,1.102273119613528252e-03,-1.767609035596251488e-03,-2.376672811806201935e-03,1.517363265156745911e-02,-1.606074720621109009e-02,1.170461717993021011e-02,-1.712991972453892231e-03,1.285654213279485703e-02,-7.646398618817329407e-03,-2.358136139810085297e-02,2.156549366191029549e-03,-2.258832193911075592e-02,3.892712062224745750e-03,1.569001376628875732e-02,5.445162765681743622e-03,-2.020213287323713303e-04,2.466708421707153320e-02,-1.444540452212095261e-02,-5.984713789075613022e-03,-2.360784262418746948e-02,-1.561057008802890778e-02,2.767268195748329163e-02,-3.908600658178329468e-02,1.345898583531379700e-02,-3.273055702447891235e-02,-3.773547336459159851e-02,1.411439105868339539e-02,4.389231558889150620e-03,3.437238186597824097e-02,2.178065106272697449e-02,-9.202159941196441650e-03,-1.902662403881549835e-02,-2.479948848485946655e-02,6.871828343719244003e-03,1.947680115699768066e-02,-2.801693417131900787e-02,-1.372048631310462952e-03,-7.904589176177978516e-03,-3.169448813423514366e-03,1.898690126836299896e-02,-2.227717079222202301e-03,-7.560335565358400345e-03,1.343250460922718048e-02,1.851024292409420013e-02,4.865889903157949448e-03,-6.504404358565807343e-03,-9.824464097619056702e-03,-1.945031993091106415e-02,-4.528257064521312714e-03,-2.334303222596645355e-02,5.438542459160089493e-03,-2.757337642833590508e-03,-1.722591370344161987e-02,-1.927819289267063141e-02,1.369069516658782959e-02,4.203864373266696930e-03,-3.675567731261253357e-02,5.378960166126489639e-03,-8.884387090802192688e-03,8.023753762245178223e-03,2.426986768841743469e-02,-7.275664247572422028e-03,2.505105920135974884e-02,-6.799005437642335892e-03,1.749072410166263580e-02,-1.925171166658401489e-02,-2.126426994800567627e-02,-2.691797167062759399e-02,-2.366080507636070251e-02,1.685517840087413788e-02,2.008586563169956207e-02,1.206211093813180923e-02,3.541838377714157104e-03,2.310470305383205414e-02,2.907617576420307159e-02,-1.746424287557601929e-02,-6.057536695152521133e-03,-4.078079480677843094e-03,-1.513391174376010895e-02,-3.235982358455657959e-02,1.539872121065855026e-02,1.853672415018081665e-02,1.211507339030504227e-02,1.297570671886205673e-02,-2.426324877887964249e-03,2.205870114266872406e-02,1.730535551905632019e-02,-5.842378363013267517e-03,1.104259118437767029e-02,3.690794110298156738e-03,-4.297871887683868408e-02,-6.037675775587558746e-03,-8.685779757797718048e-03,1.302204839885234833e-02,-7.315385621041059494e-03,1.346560567617416382e-02,-1.990049704909324646e-02,5.594118847511708736e-04,-3.408109024167060852e-02,-3.760306863114237785e-03,1.243284530937671661e-02,-1.054607238620519638e-02,-1.445864513516426086e-02,3.061207570135593414e-02,7.758943364024162292e-03,7.189600728452205658e-03,2.161928277928382158e-04,7.712601218372583389e-03,4.308464378118515015e-02,4.839409142732620239e-03,1.214155461639165878e-02,8.507031947374343872e-03,6.547435652464628220e-03,-1.845728047192096710e-02,-2.036391571164131165e-02,-9.943628683686256409e-03,1.024154014885425568e-02,-6.799005437642335892e-03,-3.942363895475864410e-03,-2.111862413585186005e-03,-7.302145473659038544e-03,1.186350360512733459e-02,-1.553112640976905823e-02,-3.108873404562473297e-02,-2.070816978812217712e-02,1.551788672804832458e-02,-5.627220030874013901e-03,-2.154232189059257507e-02,7.302145473659038544e-03,-9.665577672421932220e-03,-2.434931136667728424e-02,1.309487130492925644e-02,4.564668517559766769e-03,1.941059902310371399e-02,5.875479429960250854e-03,-5.855618976056575775e-03,3.495496511459350586e-02,1.140670571476221085e-02,-5.100909154862165451e-03,1.305432233493775129e-04,-1.237326301634311676e-02,1.531927846372127533e-02,2.560716122388839722e-02,-8.498756797052919865e-04,-5.954922642558813095e-03,-8.248842321336269379e-03,-1.136036403477191925e-02,1.783497631549835205e-02,-2.080085314810276031e-02,-3.739121928811073303e-02,2.008586563169956207e-02,4.799687594641000032e-04,1.102273073047399521e-02,8.378764614462852478e-04,-3.020493080839514732e-03,5.196902900934219360e-03,7.864867337048053741e-03,9.394147433340549469e-03,-6.375309079885482788e-03,-2.915561944246292114e-02,-1.079102139919996262e-02,-1.640500128269195557e-02,-1.489558164030313492e-02,-1.196280773729085922e-02,1.518687326461076736e-02,2.656378783285617828e-03,-7.408069446682929993e-03,1.215479522943496704e-02,4.677212797105312347e-03,-1.146628800779581070e-02,1.009589433670043945e-02,-4.496479779481887817e-02,2.579252794384956360e-02,1.369069516658782959e-02,-1.197604835033416748e-02,2.252211980521678925e-02,2.399181760847568512e-02,-2.166148647665977478e-02,-5.696732550859451294e-03,-4.058218561112880707e-03,1.970189064741134644e-02,-1.445864513516426086e-02,-1.553112640976905823e-02,-8.089955896139144897e-03,2.019178867340087891e-02,1.873533241450786591e-02,1.608722843229770660e-03,-2.295574638992547989e-03,-1.551623106934130192e-03,-1.865588873624801636e-02,-1.432623993605375290e-02,-1.282675075344741344e-03,2.577928639948368073e-02,1.166489534080028534e-02,-1.982105523347854614e-02,-2.722250297665596008e-02,-2.179389074444770813e-02,-1.080426201224327087e-02,-6.454752292484045029e-03,1.471021492034196854e-02,-1.709681819193065166e-03,-1.893394067883491516e-02,-2.886432688683271408e-03,-3.809958929196000099e-03,3.159187361598014832e-02,-3.103246213868260384e-03,6.832106970250606537e-03,1.010251510888338089e-02,5.102895200252532959e-02,-1.092342659831047058e-02,3.180372342467308044e-02,-2.630890719592571259e-02,1.569828833453357220e-03,-1.612694934010505676e-02,-2.169789746403694153e-03,3.691456094384193420e-02,-1.991373859345912933e-02,3.846370382234454155e-03,-1.996669918298721313e-02,-3.243926912546157837e-02,1.262483280152082443e-02,-8.884387090802192688e-03,2.352839894592761993e-02,8.420969359576702118e-03,-3.339258581399917603e-02,-1.310811191797256470e-02,1.882801577448844910e-02,3.032078407704830170e-02,-3.058559447526931763e-02,-3.757658973336219788e-02,4.283307120203971863e-03,6.623568944633007050e-03,-2.571970457211136818e-03,2.491865307092666626e-02,-2.568660303950309753e-02,2.061548456549644470e-02,3.204205259680747986e-02,-2.557074883952736855e-03,2.767268195748329163e-02,-2.031591866398230195e-04,-1.270427647978067398e-02,1.302866917103528976e-02,1.052621100097894669e-02,-1.366421394050121307e-02,-6.669910624623298645e-03,3.704034723341464996e-03,-1.902662403881549835e-02,-1.035408489406108856e-02,-1.237160875461995602e-03,-4.783136770129203796e-03,1.848707208409905434e-03,7.315385621041059494e-03,1.410115137696266174e-02,-6.924790330231189728e-03,1.022829907014966011e-03,-1.353842858225107193e-02,1.439906307496130466e-03,4.829478915780782700e-03,-9.857565164566040039e-03,-3.005597367882728577e-02,-2.616326138377189636e-02,-2.129075117409229279e-02,4.086023569107055664e-02,2.391568385064601898e-03,-4.879130516201257706e-03,2.191305626183748245e-03,1.325706834904849529e-03,-4.891047254204750061e-02,-6.299176253378391266e-03,-4.081389401108026505e-03,1.669629290699958801e-02,1.163841504603624344e-02,1.614019088447093964e-02,1.144642755389213562e-02,2.865330607164651155e-04,5.465023685246706009e-03,1.531927846372127533e-02,-2.429634891450405121e-02,-1.443216390907764435e-02,1.009589433670043945e-02,-3.230686113238334656e-02,-8.228981867432594299e-03,2.131723240017890930e-02,-2.187333442270755768e-02,-9.314703755080699921e-03,3.238630667328834534e-02,-1.572973467409610748e-02,5.855618976056575775e-03,3.585531935095787048e-02,1.240636501461267471e-02,-1.587538048624992371e-02,-2.616326138377189636e-02,1.739803887903690338e-02,-8.089955896139144897e-03,-7.666259538382291794e-03,8.851286023855209351e-03,-2.039039693772792816e-02,1.902662403881549835e-02,-5.491504445672035217e-03,1.288964319974184036e-02,-3.159187361598014832e-02,-3.086695680394768715e-03,2.285313233733177185e-02,-2.404478006064891815e-02,-6.293383194133639336e-04,1.365097332745790482e-02,-1.191646512597799301e-02,-6.454752292484045029e-03,-1.224747858941555023e-02,2.139667607843875885e-02,2.196601778268814087e-02,-7.792044430971145630e-03,3.737136023119091988e-03,-1.177744008600711823e-02,-2.954290481284260750e-03,-1.440733787603676319e-03,2.078761160373687744e-02,4.088009707629680634e-03,2.477631904184818268e-03,1.252552960067987442e-02,-1.676249504089355469e-02,3.598110517486929893e-03,1.506108790636062622e-03,1.292274519801139832e-02,-2.391237393021583557e-02,8.844665251672267914e-03,-1.933115534484386444e-02,1.578269712626934052e-02,-2.474652603268623352e-02,1.607398875057697296e-02,2.634862996637821198e-02,-7.202841341495513916e-03,1.136698387563228607e-02,6.719562690705060959e-03,1.760988845489919186e-03,-6.557366345077753067e-03,-1.349870767444372177e-02,-1.562381070107221603e-02,-1.148614846169948578e-02,-6.007884629070758820e-03,7.917829789221286774e-03,3.647762583568692207e-03,-3.378979861736297607e-02,-1.026802137494087219e-02,-1.804020488634705544e-03,-5.988024175167083740e-03,1.967540942132472992e-02,2.068698406219482422e-01,-4.377315193414688110e-02,-1.432623993605375290e-02,1.168475672602653503e-02,-1.363773271441459656e-02,-4.994985181838274002e-03,3.246574848890304565e-02,2.030764240771532059e-03,-1.157883275300264359e-02,1.276054885238409042e-03,-2.249563857913017273e-02,-9.049893356859683990e-03,-1.263807341456413269e-02,7.110157981514930725e-03,1.534575968980789185e-02,-4.176058992743492126e-02,-2.336951345205307007e-02,-2.219110727310180664e-02,-1.411770121194422245e-03,-4.880454763770103455e-02,1.188336405903100967e-02,1.715970970690250397e-02,2.706030616536736488e-03,-8.010513149201869965e-03,1.684193871915340424e-02,1.456456910818815231e-02,8.030373603105545044e-03,9.215399622917175293e-03,2.564688213169574738e-02,1.718619093298912048e-02,-2.138343453407287598e-02,-2.111862599849700928e-02,1.337292231619358063e-02,-6.014504935592412949e-03,-7.335246540606021881e-03,7.269043941050767899e-03,1.917226985096931458e-02,5.226694047451019287e-03,1.079929643310606480e-03,-2.586866030469536781e-03,-4.250206053256988525e-03,-1.300218794494867325e-02,-1.439906307496130466e-03,8.434209972620010376e-03,1.573966466821730137e-03,2.405801974236965179e-02,-1.686841994524002075e-02,-1.366421394050121307e-02,-2.363432385027408600e-02,1.945031993091106415e-02,-1.521335449069738388e-02,-2.622946538031101227e-02,3.492848575115203857e-02,1.304852962493896484e-02,1.182378176599740982e-02,-1.094990782439708710e-02,-6.034365855157375336e-03,2.828174456954002380e-02,-2.073465101420879364e-02,-1.323389727622270584e-02,-1.492206286638975143e-02,1.412763167172670364e-02,-1.865588873624801636e-02,2.162176556885242462e-02,1.784821785986423492e-02,3.932433575391769409e-02,-2.709009870886802673e-02,-5.431922152638435364e-03,-1.514715142548084259e-02,-1.824543252587318420e-02,-5.693422630429267883e-03,-8.897627703845500946e-03,3.482256084680557251e-03,1.461753156036138535e-02,8.632817305624485016e-03,-1.064537558704614639e-02,-5.630529951304197311e-03,3.475635894574224949e-04,1.200914941728115082e-02,1.571649312973022461e-02,3.370125486981123686e-04,2.259163185954093933e-03,-9.665577672421932220e-04,1.941390801221132278e-03,-3.743756329640746117e-03,-4.382611066102981567e-02,9.420627728104591370e-03,1.263807341456413269e-02,-2.282665111124515533e-02,2.923506312072277069e-02,1.200914941728115082e-02,-1.697434298694133759e-02,-1.268441602587699890e-02,4.111180547624826431e-03,-2.433607168495655060e-02,-3.690794110298156738e-03,3.641142277047038078e-03,-1.031932770274579525e-03,-1.136698387563228607e-02,-3.339920425787568092e-03,-1.764960959553718567e-02,1.714647002518177032e-02,6.378619000315666199e-03,6.084017921239137650e-03,-8.109817281365394592e-03,-2.504112897440791130e-03,2.572632580995559692e-02,3.177724033594131470e-02,8.467311039566993713e-03,-1.355828996747732162e-02,-8.056026999838650227e-04,-2.862599864602088928e-02,-1.060068956576287746e-03,-1.089032553136348724e-02,-2.040694700554013252e-03,-1.752713462337851524e-03,-6.871828343719244003e-03,-2.535559050738811493e-02,3.500792756676673889e-02,7.606677245348691940e-03,-1.195784192532300949e-03,-7.414689753204584122e-03,1.531927846372127533e-02,8.904247544705867767e-03,-9.129337035119533539e-03,6.451441906392574310e-03,-2.148935943841934204e-02,7.772183511406183243e-03,-9.884046390652656555e-03,-1.897366158664226532e-02,9.553032927215099335e-03,-2.040363661944866180e-02,1.420707534998655319e-02,6.547849625349044800e-05,1.878498354926705360e-03,2.825526334345340729e-02,-5.892030429095029831e-03,-6.474612746387720108e-03,-3.447830677032470703e-02,-6.014504935592412949e-03,-1.587538048624992371e-02,1.124781928956508636e-02,2.372700721025466919e-02,1.169799733906984329e-02,1.299225725233554840e-03,-4.375990945845842361e-03,2.309146150946617126e-02,-2.201898023486137390e-02,-4.687143024057149887e-03,7.361727766692638397e-03,-9.308083914220333099e-03,-1.885449700057506561e-02,8.129677735269069672e-03,1.506770867854356766e-02,1.480289828032255173e-02,1.060565467923879623e-02,2.388258231803774834e-03,-2.354164049029350281e-02,3.886091755703091621e-03,1.147952862083911896e-02,-4.382611066102981567e-02,1.500936778029426932e-04,1.230044104158878326e-02,-8.348146453499794006e-03,-5.594118498265743256e-03,3.139657666906714439e-03,-1.678897589445114136e-01,-3.229031106457114220e-03,2.381638158112764359e-03,-2.184685319662094116e-02,1.886773668229579926e-02,-1.863602781668305397e-03,1.352518796920776367e-02,-1.036732550710439682e-02,-2.008586563169956207e-02,-2.694445196539163589e-03,2.025799080729484558e-02,-6.424961145967245102e-03,-2.033743448555469513e-02,-6.050916388630867004e-03,-1.390254357829689980e-03,1.529279723763465881e-02,-4.573274776339530945e-02,2.544827386736869812e-02,8.705640211701393127e-03,1.008927449584007263e-02,1.127430051565170288e-02,4.217104986310005188e-03,-2.179389074444770813e-02,-2.449495717883110046e-02,2.861606888473033905e-03,4.922162275761365891e-03,-2.309146150946617126e-02,2.012558653950691223e-02,-2.693121135234832764e-02,-1.972837001085281372e-02,-4.276687279343605042e-03,1.402170769870281219e-02,4.454110190272331238e-02,-1.403494831174612045e-02,3.612013161182403564e-02,1.704054512083530426e-02,-8.480551652610301971e-03,1.714647002518177032e-02,2.719271229580044746e-03,4.852649755775928497e-03,4.801011458039283752e-02,8.738741278648376465e-03,1.132064219564199448e-02,-1.296908687800168991e-02,-5.501435138285160065e-03,2.037715539336204529e-02,1.316769421100616455e-02,8.228981867432594299e-03,2.775212377309799194e-02,1.939735747873783112e-02,9.127681842073798180e-04,-3.200895152986049652e-03,-6.689771544188261032e-03,-1.188336405903100967e-02,3.809958929196000099e-03,3.903883916791528463e-04,-1.223423797637224197e-02,2.481273002922534943e-02,3.690794110298156738e-03,-3.634521970525383949e-03,-2.234337385743856430e-03,-1.765953958965837955e-03,1.429975870996713638e-02,-1.984753459692001343e-02,1.579593680799007416e-02,-2.291933633387088776e-02,4.074769094586372375e-03,-1.159207336604595184e-02,-1.730535551905632019e-02,5.524605978280305862e-03,-6.851967889815568924e-03,1.020181830972433090e-02,-6.984373088926076889e-03,-2.820230275392532349e-02,4.594459384679794312e-02,-1.026802137494087219e-02,-4.515016451478004456e-02,2.085381560027599335e-02,1.600778475403785706e-02,-5.071118008345365524e-03,-1.451160665601491928e-02,2.367404475808143616e-02,5.521295592188835144e-03,1.026140060275793076e-03,-1.717957085929811001e-03,1.657712832093238831e-02,-1.599619979970157146e-03,-9.890666231513023376e-03,5.786105990409851074e-03,-1.386116608045995235e-03,2.305174060165882111e-02,-9.877425618469715118e-03,-4.008566495031118393e-03,-2.175416983664035797e-02,3.145946934819221497e-02,8.096576668322086334e-03,9.023412130773067474e-03,1.051959116011857986e-02,4.088009591214358807e-04,-2.160852402448654175e-02,6.189941894263029099e-03,-2.117158658802509308e-02,-3.190964832901954651e-02,3.278683172538876534e-03,1.228057965636253357e-02,-3.684174036607146263e-03,9.817843325436115265e-03,2.000642195343971252e-02,2.224406972527503967e-02,-3.518667537719011307e-03,-1.798062212765216827e-02,-1.921530114486813545e-03,1.284330151975154877e-02,1.655064709484577179e-02,3.082392364740371704e-02,1.496178470551967621e-02,1.079102139919996262e-02,-2.147611975669860840e-02,9.844324551522731781e-03,-8.215741254389286041e-03,4.345537722110748291e-02,3.119465894997119904e-02,1.511901617050170898e-03,1.718619093298912048e-02,-1.085060369223356247e-02,1.148614916019141674e-03,-1.173639446496963501e-01,-2.338275313377380371e-02,1.108893286436796188e-02,2.049631997942924500e-02,2.507754042744636536e-02,2.117158658802509308e-02,1.365097332745790482e-02,-8.679158985614776611e-03,-3.617309406399726868e-02,-1.389426761306822300e-03,1.116175577044487000e-02,-2.183361351490020752e-02,-1.070495788007974625e-02,-2.004283247515559196e-03,1.607398875057697296e-02,9.342840057797729969e-04,2.933602081611752510e-04,-1.900014281272888184e-02,-7.302145473659038544e-03,2.085381560027599335e-02,-1.551788672804832458e-02,7.275664247572422028e-03,-1.958272419869899750e-02,-7.573575712740421295e-03,1.787469908595085144e-02,1.083736307919025421e-02,-1.371717639267444611e-02,3.482256084680557251e-02,2.196601778268814087e-02,-7.897968403995037079e-03,-5.130700301378965378e-04,1.083736307919025421e-02,-7.365038036368787289e-04,8.725500665605068207e-03,-1.411439105868339539e-02,-1.079764217138290405e-02,-1.394226495176553726e-02,-2.261480316519737244e-02,3.002949245274066925e-02,-3.336610272526741028e-02,1.051297038793563843e-02,1.320079620927572250e-02,-2.468032389879226685e-02,-4.951953422278165817e-03,8.149538189172744751e-03,-1.843079924583435059e-02,3.076765220612287521e-03,1.192308589816093445e-02,4.631533101201057434e-02,-1.537224091589450836e-02,-1.384958066046237946e-02,-2.738139033317565918e-02,-8.288564160466194153e-03,-1.804682426154613495e-02,-9.889011271297931671e-04,-1.293598581105470657e-02,1.610377919860184193e-03,-3.301854012534022331e-04,-3.577587753534317017e-02,3.410757333040237427e-02,1.384958066046237946e-02,1.248580776154994965e-02,-6.951271556317806244e-03,6.049261428415775299e-04,2.719271229580044746e-03,2.394878538325428963e-03,-5.180352367460727692e-03,-2.886432781815528870e-02,3.045319020748138428e-02,-3.601420670747756958e-02,3.040022775530815125e-02,-1.154573075473308563e-02,-1.113527547568082809e-02,3.053263202309608459e-02,-3.535218164324760437e-02,-6.322347093373537064e-03,-1.264469418674707413e-02,-4.872510209679603577e-03,3.659678995609283447e-02,-4.888398945331573486e-02,-3.834453970193862915e-02,-3.866231068968772888e-03,8.268702775239944458e-03,-1.714647002518177032e-02,5.783458054065704346e-02,8.287736563943326473e-04,2.793749235570430756e-02,-2.126426994800567627e-02,-2.934429561719298363e-03,-1.134050264954566956e-02,-5.077738314867019653e-03,1.268193300347775221e-04,2.282334258779883385e-03,-3.241278603672981262e-02,-7.368348073214292526e-03,2.383293025195598602e-02,-1.629907637834548950e-02,-5.875479429960250854e-03,-1.028126198798418045e-02,7.480892352759838104e-03,-2.867896109819412231e-02,6.633499171584844589e-03,-4.374666884541511536e-02,2.628242596983909607e-02,-4.583867266774177551e-02,8.606336079537868500e-03,1.291612442582845688e-02,-3.145946934819221497e-02,5.521295592188835144e-03,-1.986077614128589630e-02,-1.127430051565170288e-02,-2.256184071302413940e-02,-1.367910997942090034e-03,6.626878865063190460e-03,-1.251890882849693298e-02,-8.738741278648376465e-03,-8.897627703845500946e-03,-5.948302336037158966e-03,4.362750332802534103e-03,1.799386367201805115e-02,-1.239312440156936646e-02,1.295584626495838165e-02,7.441170513629913330e-03,3.674760591820813715e-05,-1.824543252587318420e-02,2.245591767132282257e-02,-1.758340746164321899e-02,-1.901669311337172985e-03,-2.049631997942924500e-02,2.947339229285717010e-02,6.583847105503082275e-03,5.329308100044727325e-03,-9.089615195989608765e-03,-3.948322311043739319e-02,6.703011691570281982e-03,9.996590204536914825e-03,8.712260052561759949e-03,-2.780508622527122498e-02,7.639778312295675278e-03,9.500071406364440918e-03,8.315044455230236053e-03,4.599755629897117615e-02,-6.504404358565807343e-03,-1.722591370344161987e-02,5.633840337395668030e-03,8.507031947374343872e-03,-1.147290784865617752e-02,9.129337035119533539e-03,-1.000983081758022308e-02,4.544145613908767700e-02,1.219451613724231720e-02,-4.704521270468831062e-04,2.918210066854953766e-02,2.618974260985851288e-02,-1.134712342172861099e-02,-4.297871887683868408e-02,-2.199249900877475739e-02,-3.069151937961578369e-02,1.431299932301044464e-02,-7.050575688481330872e-03,1.616667211055755615e-02,-3.813268989324569702e-02,3.659678995609283447e-02,2.280016988515853882e-02,8.189260028302669525e-03,-1.330009941011667252e-02,-1.021505892276763916e-02,1.241298485547304153e-02,2.399843797320500016e-04,4.736795090138912201e-03,-4.154212307184934616e-03,-1.844404079020023346e-02,-2.085381560027599335e-02,3.614661283791065216e-03,7.818525657057762146e-03,1.265793479979038239e-02,2.183361351490020752e-02,1.275434187846258283e-04,8.712260052561759949e-03,1.272413693368434906e-02,-2.023150958120822906e-02,1.216141507029533386e-02,2.256184071302413940e-02,-9.639096446335315704e-03,-5.845688283443450928e-03,1.383634097874164581e-02,-2.666309243068099022e-03,7.149879354983568192e-03,-3.184344386681914330e-03,-7.811905350536108017e-03,-9.711919352412223816e-03,1.220610225573182106e-03,1.502798683941364288e-02,1.327361818403005600e-02,1.636527851223945618e-02,-5.057877395302057266e-03,-1.037394534796476364e-02,1.775884418748319149e-03,1.295915688388049603e-03,1.612694934010505676e-02,9.387526661157608032e-03,2.457440085709095001e-02,6.259454414248466492e-03,8.348146453499794006e-03,1.078440155833959579e-02,-2.639828249812126160e-03,-2.167472615838050842e-02,1.893394067883491516e-02,-4.064838960766792297e-02,-1.408791076391935349e-02,8.526893332600593567e-03,-2.187333442270755768e-02,9.210435091517865658e-04,1.693462207913398743e-02,1.520011387765407562e-02,-1.420872984454035759e-03,-7.666259538382291794e-03,2.677232585847377777e-02,2.233675308525562286e-02,-1.955624483525753021e-02,-8.136297576129436493e-03,2.615002170205116272e-02,1.591510139405727386e-02,1.922523044049739838e-02,1.943708024919033051e-02,-2.187333442270755768e-02,3.111521527171134949e-02,-6.659980397671461105e-03,1.455132849514484406e-02,-1.234678272157907486e-02,1.153911091387271881e-02,1.002969220280647278e-03,2.618974260985851288e-02,-2.663992159068584442e-02,-3.826509416103363037e-02,-1.509418990463018417e-02,-2.267438685521483421e-03,4.226373136043548584e-02,4.346199799329042435e-03,3.246574848890304565e-02,-1.923847198486328125e-02,3.696752339601516724e-02,1.888097822666168213e-02,-2.462736144661903381e-02,4.750035703182220459e-03,1.382310036569833755e-02,2.078761160373687744e-02,6.918170489370822906e-03,6.977752782404422760e-03,3.215790726244449615e-03,-1.156559213995933533e-02,1.326699834316968918e-02,-4.296547733247280121e-03,7.950930856168270111e-03,-2.444199472665786743e-02,-1.903986372053623199e-02,-1.414087228477001190e-02,2.634862903505563736e-03,2.805334515869617462e-03,1.236664317548274994e-02,3.399502718821167946e-03,4.011876881122589111e-02,-6.865208037197589874e-03,2.801693417131900787e-02,-7.679500151425600052e-03,-2.191305533051490784e-02,-3.005597367882728577e-02,-3.948984201997518539e-03,-1.528452266938984394e-03,8.103196509182453156e-03,-8.248842321336269379e-03,1.249904837459325790e-02,1.394226495176553726e-02,-2.013882622122764587e-02,-2.077437192201614380e-02,1.212169323116540909e-02,-7.222702261060476303e-03,7.348487153649330139e-03,-2.438903227448463440e-02,1.166820642538368702e-03,-1.116837654262781143e-02,-1.549140550196170807e-02,3.310129418969154358e-02,-1.132064219564199448e-02,-7.957550697028636932e-03,5.415371432900428772e-02,7.858246564865112305e-03,-1.443216390907764435e-02,2.605733834207057953e-02,-1.298232749104499817e-02
-2.024144120514392853e-02,-3.801535442471504211e-02,-6.747147068381309509e-03,-1.632167026400566101e-02,-5.339885130524635315e-03,2.773398719727993011e-02,-6.734295282512903214e-03,1.616744883358478546e-02,-9.446006268262863159e-03,-8.739162236452102661e-03,2.017718367278575897e-02,2.301741018891334534e-02,1.267178449779748917e-02,-2.407125011086463928e-02,-7.646766956895589828e-03,-1.245009247213602066e-03,3.798964992165565491e-02,-1.844220212660729885e-03,8.405017666518688202e-03,-1.244045421481132507e-02,-2.676368458196520805e-03,7.357603404670953751e-03,-9.401025250554084778e-03,1.091752666980028152e-02,-1.948319002985954285e-02,-3.325379686430096626e-03,6.695740390568971634e-03,-1.225410401821136475e-02,2.116676419973373413e-02,-3.027862682938575745e-02,3.849086817353963852e-03,-7.325474172830581665e-03,-3.624181961640715599e-03,-1.966311410069465637e-02,-1.833938807249069214e-02,-1.495938934385776520e-02,-1.161548516392940655e-05,8.051595650613307953e-03,1.573049090802669525e-02,-3.277185838669538498e-03,1.874743029475212097e-03,8.295778185129165649e-03,3.463535569608211517e-03,2.732594497501850128e-03,-2.367284707725048065e-02,3.099832125008106232e-02,-1.489191781729459763e-03,-3.094691410660743713e-02,-3.197505325078964233e-02,1.998440735042095184e-02,3.675588592886924744e-02,-1.665581390261650085e-02,-2.278607897460460663e-02,-1.485978835262358189e-03,-1.017212774604558945e-02,2.445037709549069405e-03,-9.780150838196277618e-03,3.940333798527717590e-02,1.198421884328126907e-02,-3.665307536721229553e-02,1.454813405871391296e-02,1.669437065720558167e-02,-1.249828655272722244e-02,1.585900783538818359e-02,-1.021710876375436783e-02,9.805853478610515594e-03,-2.413550950586795807e-02,3.114932915195822716e-03,-3.370360704138875008e-03,-9.426728822290897369e-03,2.304311469197273254e-02,3.757839649915695190e-02,1.606463640928268433e-02,-4.744850844144821167e-02,2.111535705626010895e-02,-2.281178347766399384e-02,-6.432280410081148148e-03,-2.578373998403549194e-03,-9.208248928189277649e-03,9.490987285971641541e-03,-1.358425617218017578e-02,-1.387984585016965866e-02,-9.548819623887538910e-03,1.682288758456707001e-02,-7.833116687834262848e-03,-8.051595650613307953e-03,-6.082070991396903992e-03,6.734295282512903214e-03,-6.715017836540937424e-03,-2.678296156227588654e-02,2.053702995181083679e-02,9.105435572564601898e-03,2.067839913070201874e-02,3.570204600691795349e-02,-1.887916028499603271e-02,1.917474903166294098e-02,-2.567771449685096741e-02,4.235923290252685547e-02,4.565569572150707245e-03,-6.534290732815861702e-04,1.959885656833648682e-02,-1.313444599509239197e-02,1.507505401968955994e-02,-1.377703156322240829e-02,-1.896912232041358948e-02,1.355453714495524764e-04,2.192822867073118687e-04,-8.302204310894012451e-03,3.182082995772361755e-02,-2.608896978199481964e-02,-1.048699487000703812e-02,4.487816616892814636e-02,1.911691739223897457e-03,-2.605041302740573883e-02,2.027999609708786011e-02,-1.891771517693996429e-02,9.598620235919952393e-04,-2.253868384286761284e-03,-7.466842886060476303e-03,-1.652729697525501251e-02,-6.670036818832159042e-03,3.233489766716957092e-02,-1.392000704072415829e-03,-9.966500103473663330e-03,-4.475607536733150482e-03,2.724562305957078934e-03,-7.299770601093769073e-03,-1.294167060405015945e-02,-2.412265725433826447e-02,8.861253038048744202e-03,4.711436480283737183e-02,1.292881928384304047e-02,2.914767526090145111e-02,-1.893056742846965790e-02,4.839471657760441303e-04,2.065269649028778076e-02,-1.021068263798952103e-02,-6.939922925084829330e-03,-1.075045485049486160e-02,-2.180935069918632507e-02,8.437146432697772980e-03,4.626614972949028015e-03,1.621885597705841064e-02,-5.835479241795837879e-04,1.069262158125638962e-02,8.090150542557239532e-03,-3.328592516481876373e-03,-1.470235455781221390e-02,1.026851497590541840e-02,-5.233858246356248856e-03,1.327581517398357391e-02,1.688714511692523956e-02,2.101254463195800781e-02,5.759171908721327782e-04,1.086772652342915535e-03,2.088402630761265755e-03,-2.119246870279312134e-02,8.000188507139682770e-03,-3.433976694941520691e-02,-2.683436870574951172e-02,-3.405702766031026840e-03,2.181577496230602264e-03,2.607611753046512604e-02,-1.259467471390962601e-02,9.804448200156912208e-05,2.832516655325889587e-02,4.186443984508514404e-03,-7.923078723251819611e-03,2.951073693111538887e-03,-1.431680377572774887e-02,2.966174483299255371e-02,5.361732840538024902e-02,-3.328592702746391296e-02,2.937900647521018982e-02,-1.197779271751642227e-02,3.385140001773834229e-02,-1.808878034353256226e-03,8.160835132002830505e-03,-2.025429345667362213e-02,2.359573729336261749e-02,-4.009732976555824280e-02,1.274889521300792694e-02,1.709277369081974030e-02,2.608896978199481964e-02,9.412872896064072847e-05,-3.248912096023559570e-02,-3.710930934175848961e-03,-8.899808162823319435e-04,1.200349628925323486e-02,-3.726995550096035004e-03,2.760547026991844177e-02,1.623170822858810425e-02,1.190068200230598450e-02,4.498098045587539673e-03,-6.617087721824645996e-01,-1.128540723584592342e-03,-1.421399042010307312e-02,-1.094323024153709412e-02,-4.832242615520954132e-03,5.349523853510618210e-03,-9.105435572564601898e-03,3.701292211189866066e-03,-4.251345247030258179e-02,1.530638523399829865e-02,-8.970492519438266754e-03,1.819801889359951019e-02,-3.784828353673219681e-03,-3.431406244635581970e-02,7.274067029356956482e-03,-1.764539629220962524e-02,-4.661957267671823502e-03,-1.073760259896516800e-02,-2.355718240141868591e-02,-4.453117027878761292e-03,-7.858820259571075439e-03,9.407450444996356964e-03,-3.547071712091565132e-03,-8.674903772771358490e-03,2.135954052209854126e-02,-1.303805876523256302e-02,3.360721748322248459e-03,-5.468402057886123657e-03,-1.751687936484813690e-02,2.166798152029514313e-02,-9.966500103473663330e-03,2.106394991278648376e-02,-1.003075856715440750e-02,3.246341645717620850e-02,5.536516010761260986e-02,-1.287098601460456848e-02,-2.128243073821067810e-02,3.040714375674724579e-02,-6.078858394175767899e-03,3.960896655917167664e-02,-1.821087114512920380e-02,1.019783131778240204e-02,1.538349594920873642e-02,-2.312022447586059570e-02,-5.092489533126354218e-03,1.754258200526237488e-02,1.184284966439008713e-02,-6.223440170288085938e-03,9.471709839999675751e-03,1.078900974243879318e-02,1.611604355275630951e-02,-6.403363775461912155e-03,-1.957315206527709961e-02,1.315372437238693237e-02,3.637033514678478241e-03,1.853216439485549927e-02,3.084410168230533600e-02,-2.160372212529182434e-02,1.616744883358478546e-02,-3.614543005824089050e-03,3.230598289519548416e-03,2.418691664934158325e-02,-1.896912232041358948e-02,1.692570000886917114e-02,6.184884812682867050e-03,-2.590422518551349640e-04,9.703040122985839844e-03,1.133520714938640594e-02,2.652592770755290985e-02,1.085326820611953735e-02,4.369581118226051331e-03,1.553771644830703735e-02,-1.426539663225412369e-02,-1.542205084115266800e-02,4.649105481803417206e-03,9.233952499926090240e-03,7.139124441891908646e-03,-7.209808565676212311e-03,-9.876538068056106567e-03,-1.256254501640796661e-02,-1.300592906773090363e-02,-5.503744352608919144e-03,-2.535642124712467194e-02,1.666866615414619446e-02,2.387847565114498138e-02,5.060360301285982132e-03,-1.576904766261577606e-02,-1.422684174031019211e-02,1.754258293658494949e-03,3.118145745247602463e-03,-8.931937627494335175e-03,2.285033836960792542e-02,4.806539043784141541e-03,-5.044295918196439743e-03,1.760684070177376270e-03,7.306196261197328568e-03,-9.664485231041908264e-03,-5.291691049933433533e-03,9.998629800975322723e-03,3.730208380147814751e-03,2.184790559113025665e-02,-1.693855226039886475e-02,3.192364424467086792e-02,6.803373107686638832e-04,2.880389336496591568e-03,-1.006931345909833908e-02,-4.665170237421989441e-02,2.336440607905387878e-02,1.858357153832912445e-02,-9.503838606178760529e-03,-6.046729162335395813e-03,1.693212660029530525e-03,6.387299392372369766e-03,2.811311278492212296e-03,8.083724416792392731e-03,-2.637170627713203430e-02,8.539960719645023346e-03,5.041082855314016342e-03,-1.448226976208388805e-03,-8.931937627494335175e-03,1.253041625022888184e-02,1.772250607609748840e-02,-8.835549815557897091e-04,-1.463809609413146973e-02,8.083724416792392731e-03,2.632029913365840912e-02,-1.705421693623065948e-02,-3.742417693138122559e-02,-1.090467534959316254e-02,9.985777549445629120e-03,-6.339105311781167984e-03,9.073306806385517120e-03,1.105889584869146347e-02,-4.963972605764865875e-03,2.922478504478931427e-02,-2.585763856768608093e-02,3.670448064804077148e-02,-1.026851497590541840e-02,3.017581254243850708e-02,-3.490523993968963623e-02,2.548493817448616028e-02,4.861158784478902817e-03,-1.694819075055420399e-03,-9.388172999024391174e-03,-3.469961462542414665e-03,-2.799102105200290680e-02,-1.006288826465606689e-02,-2.552349306643009186e-02,-2.927619218826293945e-02,-6.735098431818187237e-04,1.367421820759773254e-02,1.288383826613426208e-02,-3.961539361625909805e-03,1.734980754554271698e-02,-1.819801889359951019e-02,-1.168220303952693939e-02,5.156747996807098389e-03,-1.231836248189210892e-02,-1.193281169980764389e-02,-2.610182017087936401e-02,2.184790559113025665e-02,1.358425617218017578e-02,-1.396980788558721542e-02,-3.207786381244659424e-02,-2.954286523163318634e-03,-1.917474903166294098e-02,-1.449672784656286240e-02,3.852299647405743599e-03,-1.041791634634137154e-03,-1.968881860375404358e-02,1.097535900771617889e-02,1.150227896869182587e-02,-1.639878004789352417e-02,1.199064403772354126e-02,-8.867679163813591003e-03,-8.681328967213630676e-03,-2.106394991278648376e-02,1.104604359716176987e-02,5.288477987051010132e-03,1.916189864277839661e-02,9.947222657501697540e-03,1.225410401821136475e-02,-2.873642183840274811e-02,-8.617070503532886505e-03,2.192501537501811981e-02,-9.490987285971641541e-03,2.581587061285972595e-03,1.459954120218753815e-02,-4.359942395240068436e-03,1.153440866619348526e-02,-1.530638523399829865e-02,1.327581517398357391e-02,2.907699206843972206e-03,-1.975307613611221313e-02,1.678754459135234356e-03,1.378988381475210190e-02,1.899482496082782745e-02,1.387984585016965866e-02,8.019465953111648560e-03,2.917337976396083832e-02,4.671595990657806396e-03,-3.606189414858818054e-02,2.106394991278648376e-02,4.668383393436670303e-03,-3.079590620473027229e-03,-2.994448132812976837e-02,9.940796531736850739e-03,6.229865830391645432e-03,2.703999541699886322e-02,3.482813015580177307e-03,-9.972926229238510132e-03,-4.377292096614837646e-02,-1.260752603411674500e-02,7.653192616999149323e-03,2.096113748848438263e-02,2.530501410365104675e-02,6.804979871958494186e-03,-1.750402711331844330e-02,-1.899482496082782745e-02,-1.768716378137469292e-03,8.494979701936244965e-03,1.272961776703596115e-02,5.018592346459627151e-03,3.295258502475917339e-04,-4.919634014368057251e-02,2.031855098903179169e-02,1.210630964487791061e-02,1.255611982196569443e-02,-8.668477647006511688e-03,-1.077937078662216663e-03,7.595359813421964645e-03,-1.439391355961561203e-02,-6.715017836540937424e-03,2.533071860671043396e-02,1.971130957826972008e-03,-8.822698146104812622e-03,-9.015473537147045135e-03,-1.417543459683656693e-02,8.501405827701091766e-03,-1.734980754554271698e-02,5.265987478196620941e-03,3.537432756274938583e-03,2.773398719727993011e-02,-8.244371041655540466e-03,-1.427824888378381729e-02,2.426402643322944641e-02,2.472347579896450043e-03,2.668014727532863617e-02,-1.891771517693996429e-02,1.260270713828504086e-03,-7.331899832934141159e-03,1.220269780606031418e-02,-1.300592906773090363e-02,2.562309382483363152e-03,4.392071627080440521e-03,-1.304448489099740982e-02,6.650759372860193253e-03,1.236976962536573410e-02,1.620600558817386627e-02,3.431406244635581970e-02,6.207375321537256241e-03,-4.186443984508514404e-03,4.514162894338369370e-03,-6.188097875565290451e-03,4.685733094811439514e-02,-2.363107865676283836e-03,8.192964829504489899e-03,-4.038006812334060669e-02,-9.728743694722652435e-03,-1.012072060257196426e-02,2.372746821492910385e-03,-1.280030235648155212e-02,2.164227701723575592e-02,-6.120626349002122879e-03,6.265208125114440918e-03,-5.116586689837276936e-04,1.299629104323685169e-03,-2.231377875432372093e-03,4.385645501315593719e-03,6.082070991396903992e-03,-3.781615290790796280e-03,-2.458531968295574188e-02,1.028136722743511200e-02,-1.476661302149295807e-02,1.363566331565380096e-02,-4.054713994264602661e-03,-2.673155441880226135e-02,1.077615749090909958e-02,-1.692570000886917114e-02,2.437005285173654556e-03,1.746547222137451172e-02,1.704136654734611511e-02,2.174509130418300629e-02,-1.558912266045808792e-02,8.096576668322086334e-03,-2.191216312348842621e-02,3.102402575314044952e-02,-1.402121409773826599e-02,5.436272826045751572e-03,-3.357508918270468712e-03,7.826690562069416046e-03,-1.818516757339239120e-03,-1.186212711036205292e-02,-3.238630667328834534e-02,1.407262124121189117e-02,-1.526943640783429146e-03,-5.886082537472248077e-03,-2.668014727532863617e-02,-3.086980432271957397e-02,-4.610550589859485626e-03,-3.215497732162475586e-02,3.060313174501061440e-03,-8.340759202837944031e-03,-2.287604101002216339e-02,1.849039574153721333e-03,1.796668954193592072e-02,-4.896501079201698303e-02,-1.768395118415355682e-02,7.126272656023502350e-03,2.554277016315609217e-04,-8.618677384220063686e-04,-1.258824858814477921e-02,-1.990729756653308868e-02,2.604077570140361786e-03,1.016827225685119629e-01,4.212147556245326996e-03,1.749117486178874969e-02,3.089550882577896118e-02,1.463809609413146973e-02,3.726995736360549927e-02,-1.750402711331844330e-02,-3.053566068410873413e-02,1.420113816857337952e-02,-2.241338044404983521e-02,-2.160372212529182434e-02,4.626614972949028015e-03,2.481664903461933136e-02,-2.084547095000743866e-02,1.759398914873600006e-02,6.085284054279327393e-03,-6.795341032557189465e-04,-8.308629505336284637e-03,9.658059105277061462e-03,5.594509420916438103e-04,-1.055767852813005447e-02,-9.632355533540248871e-03,-8.398591540753841400e-03,3.151239082217216492e-02,6.059580948203802109e-03,-3.816957585513591766e-03,1.136733684688806534e-02,9.915092960000038147e-03,2.714923582971096039e-03,-1.681003533303737640e-02,3.939851885661482811e-04,7.441139314323663712e-03,-1.022353395819664001e-02,1.071832515299320221e-02,1.025727018713951111e-03,6.779276300221681595e-03,5.950341001152992249e-03,6.078858394175767899e-03,2.907056547701358795e-02,-9.034750983119010925e-03,3.631892800331115723e-02,-7.563230581581592560e-03,-1.224125269800424576e-02,-2.276358893141150475e-03,1.638592965900897980e-02,-1.696425490081310272e-02,-2.665444463491439819e-02,1.854501664638519287e-02,-1.445817202329635620e-02,-2.709140256047248840e-02,2.999588847160339355e-02,-1.463809609413146973e-02,-2.394273318350315094e-02,-1.582045294344425201e-02,1.089824922382831573e-02,1.477946527302265167e-02,-9.863686747848987579e-03,-1.470235455781221390e-02,-1.010786928236484528e-02,-2.224951982498168945e-03,-2.650022320449352264e-02,-3.660166636109352112e-02,1.624456048011779785e-02,-8.109427988529205322e-03,-1.967596635222434998e-02,-8.083724416792392731e-03,-2.484235353767871857e-02,-4.662760475184768438e-04,-5.172812845557928085e-03,-8.482127450406551361e-03,-4.726215731352567673e-03,-1.623170822858810425e-02,3.187826223438605666e-05,2.886493876576423645e-02,4.279619082808494568e-02,1.974022388458251953e-02,1.186373410746455193e-03,-8.784143254160881042e-03,2.263185940682888031e-02,-5.664390511810779572e-03,6.695740390568971634e-03,-1.584374695084989071e-04,-5.182451568543910980e-03,-2.378851361572742462e-02,-2.292744815349578857e-02,1.543490216135978699e-02,1.084362971596419811e-03,-1.058659516274929047e-03,-2.006473019719123840e-03,1.304448489099740982e-02,-1.071832515299320221e-02,-1.017855387181043625e-02,2.824805676937103271e-02,1.983982510864734650e-03,-2.104467246681451797e-03,-8.475702255964279175e-03,9.298210963606834412e-03,-1.069904770702123642e-02,-2.891634404659271240e-02,-6.946348585188388824e-03,-3.283611498773097992e-03,-4.829029552638530731e-03,7.610621396452188492e-04,7.017033174633979797e-03,6.178459152579307556e-03,1.201634760946035385e-02,-7.704599294811487198e-03,-8.205816149711608887e-03,-2.500942535698413849e-02,-9.433154016733169556e-03,2.192501537501811981e-02,-1.045486517250537872e-02,3.288431093096733093e-03,-3.860653191804885864e-02,-1.358425617218017578e-02,2.236197330057621002e-02,8.295778185129165649e-03,2.508653514087200165e-02,2.171938866376876831e-02,1.777391321957111359e-02,-1.353284902870655060e-02,-1.634737290441989899e-02,2.259330451488494873e-02,1.314890454523265362e-03,-2.146235294640064240e-02,-1.181714609265327454e-02,1.515216473489999771e-02,-2.268326655030250549e-02,3.709003329277038574e-02,-9.921519085764884949e-03,-2.186075598001480103e-02,1.003075856715440750e-02,1.244688034057617188e-02,1.850646105594933033e-03,-3.354296088218688965e-02,-1.026851497590541840e-02,-2.228165045380592346e-03,-4.356729332357645035e-03,-1.665581390261650085e-02,-1.098178513348102570e-02,-9.889390319585800171e-03,-3.135817125439643860e-02,-1.732410304248332977e-02,1.345573924481868744e-02,-5.741500761359930038e-03,-2.981596440076828003e-02,-2.663516672328114510e-03,1.152155734598636627e-02,1.047414261847734451e-02,1.570478826761245728e-02,7.113420870155096054e-03,2.606326527893543243e-02,-2.686007134616374969e-02,3.441687673330307007e-02,-1.779961585998535156e-02,-2.330014854669570923e-02,-2.873642183840274811e-02,6.165607366710901260e-03,2.670585177838802338e-02,1.498027268098667264e-04,2.396843768656253815e-02,-1.308464561589062214e-03,1.904623210430145264e-02,3.457109676674008369e-03,-8.687755092978477478e-03,-9.915092960000038147e-03,4.939875725540332496e-05,-2.513794228434562683e-02,-2.314592711627483368e-02,3.379999427124857903e-03,5.908573046326637268e-03,1.302520651370286942e-02,2.597330324351787567e-02,-3.855512768495827913e-04,2.083583269268274307e-03,4.138250369578599930e-03,-9.690188802778720856e-03,2.943041268736124039e-03,-2.855649776756763458e-02,-4.390143603086471558e-02,7.466842886060476303e-03,-1.767109893262386322e-02,1.316014956682920456e-02,-9.311063215136528015e-03,6.043516099452972412e-03,-2.503512799739837646e-02,-4.083630628883838654e-03,-2.832516655325889587e-02,1.389269717037677765e-02,2.303026244044303894e-02,1.521642319858074188e-02,-1.268303021788597107e-03,2.783680148422718048e-02,1.350714638829231262e-02,1.337862852960824966e-02,7.267641369253396988e-03,1.117456052452325821e-02,1.501079555600881577e-02,-5.153535399585962296e-03,7.409813115373253822e-04,3.498877631500363350e-03,2.228486351668834686e-02,-1.943178288638591766e-02,-2.524075657129287720e-02,-1.623170822858810425e-02,1.575619541108608246e-02,-1.466379966586828232e-02,-1.932897046208381653e-02,-8.739162003621459007e-04,-1.795383729040622711e-02,1.351999770849943161e-02,-1.005646213889122009e-02,-3.863223642110824585e-02,-2.093543298542499542e-02,2.755406312644481659e-02,-2.054988220334053040e-02,-2.462387457489967346e-02,9.454038226976990700e-04,-1.979163102805614471e-02,-1.788957789540290833e-02,1.552486419677734375e-02,-8.244371041655540466e-03,1.763254404067993164e-02,1.211273577064275742e-02,-4.568782635033130646e-03,4.202508926391601562e-02,5.789694841951131821e-03,-1.364851463586091995e-02,1.069904770702123642e-02,-8.764865808188915253e-03,5.076425150036811829e-03,2.346722036600112915e-02,-6.258781999349594116e-03,-1.178501732647418976e-02,-1.293524540960788727e-02,-1.571764051914215088e-02,-5.227432586252689362e-03,-2.038281038403511047e-02,-4.654888808727264404e-02,1.309589110314846039e-02,-1.111030206084251404e-02,1.385414227843284607e-02,-1.648231642320752144e-03,1.179144252091646194e-03,4.976824391633272171e-03,1.905265846289694309e-03,7.672470062971115112e-03,-2.234590938314795494e-03,-2.416121214628219604e-02,5.680455360561609268e-03,-3.642174229025840759e-02,-1.700281165540218353e-02,-4.960759542882442474e-03,1.533208880573511124e-02,-2.201497741043567657e-02,-3.171801567077636719e-02,-1.869923621416091919e-02,1.292239315807819366e-02,-8.848401717841625214e-03,-5.179238505661487579e-03,-2.241338044404983521e-02,1.877634599804878235e-02,-1.167095848359167576e-03,1.234406605362892151e-02,7.248363923281431198e-03,1.417543459683656693e-02,-1.152798254042863846e-02,-2.232341840863227844e-02,-2.914767526090145111e-02,2.544638328254222870e-02,-2.763117477297782898e-02,-1.301235519349575043e-03,2.139809541404247284e-03,3.089550882577896118e-02,1.668151840567588806e-02,7.177679333835840225e-03,9.574522846378386021e-04,-2.316520549356937408e-03,-4.938269034028053284e-03,-1.589756458997726440e-02,1.926471106708049774e-02,3.413413837552070618e-02,1.430395152419805527e-02,-1.129022613167762756e-02,-1.393125206232070923e-02,-1.417543459683656693e-02,-2.786250412464141846e-02,1.413687970489263535e-02,1.818516850471496582e-02,-1.144444663077592850e-02,-1.483087241649627686e-02,1.092395279556512833e-02,1.340593909844756126e-03,3.328592702746391296e-02,3.897280665114521980e-03,-2.412908244878053665e-03,1.045004581101238728e-03,3.981459513306617737e-02,-2.193786762654781342e-02,4.230782389640808105e-02,-2.071695402264595032e-02,-6.004960741847753525e-03,1.948640332557260990e-03,1.571121392771601677e-03,1.844220235943794250e-02,-7.608211599290370941e-03,-7.659618277102708817e-03,-6.377660320140421391e-04,-1.918760128319263458e-02,2.192501537501811981e-02,-1.133520714938640594e-02,1.402121409773826599e-02,3.312527900561690331e-03,-2.130813337862491608e-02,-7.653192616999149323e-03,-1.304448489099740982e-02,2.971315011382102966e-02,-2.883923426270484924e-02,-2.295315265655517578e-02,8.764865808188915253e-03,1.193552270706277341e-05,-1.877955975942313671e-03,8.970492519438266754e-03,-2.265756204724311829e-02,2.358288504183292389e-02,2.318448200821876526e-02,-1.308946590870618820e-02,1.914904639124870300e-02,-1.233121473342180252e-02,-7.833116687834262848e-03,8.077299222350120544e-03,8.758439682424068451e-03,-3.010512795299291611e-03,-9.079732000827789307e-03,-9.052422246895730495e-04,-8.385740220546722412e-03,-5.988896358758211136e-03,-1.627026312053203583e-02,-1.846790499985218048e-02,4.314961377531290054e-03,-8.032318204641342163e-03,1.494653709232807159e-02,-2.148645144188776612e-04,2.330978633835911751e-03,6.297337356954813004e-03,8.115854114294052124e-03,3.974391147494316101e-03,-1.017212774604558945e-02,-3.891497477889060974e-02,-3.362007066607475281e-02,-2.989307418465614319e-02,3.061277046799659729e-02,6.901367567479610443e-03,-8.180112577974796295e-03,-6.422641687095165253e-03,7.068439852446317673e-03,-3.505946323275566101e-02,-7.132698316127061844e-03,-3.363934811204671860e-03,2.087117545306682587e-02,2.289210679009556770e-03,-1.273925649002194405e-03,3.971178084611892700e-02,2.634600363671779633e-02,-4.118972457945346832e-03,1.677148044109344482e-02,-2.912197262048721313e-02,-1.277459878474473953e-02,5.285265389829874039e-03,-2.006151713430881500e-02,-1.141874305903911591e-02,-1.770322909578680992e-03,-2.599900774657726288e-02,-8.520683273673057556e-03,1.484372373670339584e-02,1.844220212660729885e-03,1.861489727161824703e-04,4.089413583278656006e-02,1.696425490081310272e-02,-4.517375491559505463e-03,-9.818705730140209198e-03,1.654014922678470612e-02,4.697299562394618988e-03,-2.788820862770080566e-02,-5.474828183650970459e-03,-1.257539726793766022e-02,5.529447924345731735e-03,9.066479105968028307e-05,1.751687936484813690e-02,-1.170790661126375198e-02,1.244688034057617188e-02,4.762843251228332520e-02,-4.475607536733150482e-03,-5.018592346459627151e-03,8.205816149711608887e-03,-1.217056810855865479e-02,-1.547345705330371857e-02,-2.538212575018405914e-02,1.476661302149295807e-02,-5.461976397782564163e-03,-1.127094868570566177e-02,5.245103384368121624e-04,-1.655300147831439972e-02,-1.677148044109344482e-02,-1.013452583720209077e-05,2.062699198722839355e-02,5.956767126917839050e-03,-1.289026439189910889e-02,7.229086011648178101e-03,-1.772250607609748840e-02,-8.270074613392353058e-03,2.290817210450768471e-03,-4.716577008366584778e-03,-2.125672623515129089e-02,1.513931341469287872e-02,1.749037182889878750e-04,-1.343003567308187485e-02,-2.652592770755290985e-02,1.300592906773090363e-02,2.950752340257167816e-02,-2.792033832520246506e-03,3.900493727996945381e-03,1.229265984147787094e-02,5.362375639379024506e-03,6.092513212934136391e-04,-2.210493944585323334e-02,-1.520357187837362289e-02,-1.105246972292661667e-02,-2.039566263556480408e-02,-2.053060568869113922e-03,-1.689999713562428951e-03,-2.660303749144077301e-02,-5.275626666843891144e-03,-1.445817202329635620e-02,2.423832379281520844e-02,1.495938934385776520e-02,2.251619398593902588e-01,-2.637170627713203430e-02,-1.539795310236513615e-03,1.488227862864732742e-02,-2.649058587849140167e-03,1.201634760946035385e-02,2.273467369377613068e-02,-4.633041098713874817e-03,-9.208248928189277649e-03,2.466242946684360504e-02,-1.929041557013988495e-02,-1.084041595458984375e-02,-8.482127450406551361e-03,-1.927756355144083500e-03,2.758298069238662720e-03,-4.323314875364303589e-02,-7.248363923281431198e-03,-1.664296351373195648e-02,-5.404143594205379486e-03,-3.816957399249076843e-02,3.215497732162475586e-02,1.707992143929004669e-02,1.791206886991858482e-03,-1.553450361825525761e-03,2.984166704118251801e-02,2.371140196919441223e-02,-1.578189805150032043e-02,1.621725037693977356e-03,2.562630735337734222e-02,1.638592965900897980e-02,-2.183505333960056305e-02,-2.206638455390930176e-02,1.427824888378381729e-02,-2.979990094900131226e-03,-3.752698889002203941e-03,3.881216049194335938e-03,2.206638455390930176e-02,4.986463114619255066e-03,1.881490088999271393e-02,-1.067334413528442383e-02,1.853216439485549927e-02,-3.193649696186184883e-03,8.469276130199432373e-03,9.478135034441947937e-03,6.731082685291767120e-04,1.533208880573511124e-02,-1.380273513495922089e-02,-3.387710452079772949e-02,-2.251619473099708557e-02,1.373847667127847672e-02,-7.858820259571075439e-03,-1.068619545549154282e-02,1.995870471000671387e-02,1.398265920579433441e-02,1.153440866619348526e-02,-3.224172396585345268e-03,1.304448489099740982e-02,1.381558738648891449e-02,-1.226695626974105835e-02,-1.578189805150032043e-02,2.061414159834384918e-02,1.990729756653308868e-02,-1.715703122317790985e-02,1.566623337566852570e-02,8.572089485824108124e-03,3.649885207414627075e-02,-2.341581322252750397e-02,-1.141231786459684372e-02,6.470032385550439358e-04,-1.217699423432350159e-02,-1.840364746749401093e-02,-1.084041595458984375e-02,1.258824858814477921e-02,2.398128807544708252e-02,-2.393630798906087875e-03,-3.598478389903903008e-03,-1.579475030303001404e-02,2.169368416070938110e-02,1.760684140026569366e-02,1.265893317759037018e-02,-1.072475127875804901e-02,-1.063478877767920494e-03,-1.564052887260913849e-02,-6.946348585188388824e-03,2.501263748854398727e-03,-5.963192787021398544e-03,3.251482173800468445e-02,4.285241593606770039e-04,-2.143665030598640442e-02,3.462250530719757080e-02,1.754258200526237488e-02,-1.961170695722103119e-02,-1.596182212233543396e-02,-2.825769595801830292e-03,-1.335292588919401169e-02,2.094828523695468903e-03,-2.322946442291140556e-03,1.222197525203227997e-02,-1.141392393037676811e-03,1.903659431263804436e-03,-7.460416760295629501e-03,4.716577008366584778e-03,1.638592965900897980e-02,5.857166368514299393e-03,-8.109427988529205322e-03,6.268421187996864319e-03,1.250471267849206924e-02,3.649885207414627075e-02,6.474048364907503128e-03,-1.245330553501844406e-02,6.670036818832159042e-03,-9.131139144301414490e-03,8.951215073466300964e-03,-1.682288758456707001e-02,4.989676177501678467e-03,-1.789600471965968609e-03,1.007573958486318588e-02,-2.243908308446407318e-02,8.951215073466300964e-03,2.129528112709522247e-02,7.312622386962175369e-03,-1.650159433484077454e-02,9.658059105277061462e-03,1.135448459535837173e-02,-1.911049149930477142e-02,-1.210630964487791061e-02,-3.454539179801940918e-02,1.743013039231300354e-03,3.823383478447794914e-03,-2.878782711923122406e-02,3.502090694382786751e-03,-2.336440607905387878e-02,1.151513122022151947e-02,-2.632993739098310471e-03,9.401025250554084778e-03,1.679718308150768280e-02,1.228623371571302414e-02,-7.177679333835840225e-03,-1.633452251553535461e-02,1.440676581114530563e-02,-1.566623337566852570e-02,8.784143254160881042e-03,2.348007261753082275e-02,2.534356899559497833e-02,1.360674621537327766e-03,-3.265137202106416225e-04,1.768395118415355682e-02,-1.204847730696201324e-02,-3.601691452786326408e-03,-6.429870845749974251e-04,-5.545512307435274124e-03,-2.502870280295610428e-03,-2.202863252023234963e-04,9.780150838196277618e-03,9.266082197427749634e-03,1.732410304248332977e-02,-1.229908503592014313e-02,-2.562630735337734222e-02,2.098684012889862061e-02,-2.485199132934212685e-03,-4.911923035979270935e-02,-1.328866649419069290e-02,1.284166792174801230e-04,-9.743201662786304951e-04,-9.426728822290897369e-03,2.323348016943782568e-04,-1.620343476533889771e-01,5.638687405735254288e-03,6.573649123311042786e-03,-2.214349433779716492e-02,1.503649912774562836e-02,6.592926569283008575e-03,1.183642353862524033e-02,8.090150542557239532e-03,-1.661725901067256927e-02,2.137239091098308563e-02,2.303026244044303894e-02,2.750265644863247871e-03,-2.597330324351787567e-02,8.047378651099279523e-05,1.008859183639287949e-02,1.115528307855129242e-02,-7.916652597486972809e-03,2.509938739240169525e-02,1.673935097642242908e-03,1.358425617218017578e-02,1.705421693623065948e-02,1.633452251553535461e-02,-3.176942467689514160e-02,-1.454813405871391296e-02,3.755911951884627342e-03,2.038281038403511047e-02,-1.998440735042095184e-02,4.636896401643753052e-02,-6.734295282512903214e-03,-1.204847730696201324e-02,-1.611604355275630951e-02,3.855512768495827913e-04,3.631892800331115723e-02,-3.916558343917131424e-03,1.211916189640760422e-02,7.987337186932563782e-03,3.309315070509910583e-03,1.497224066406488419e-02,-7.389732636511325836e-03,1.649838173761963844e-03,1.096893381327390671e-02,1.612889394164085388e-02,-2.785607939586043358e-03,-1.140589156420901418e-04,-9.837983176112174988e-03,2.819664962589740753e-02,3.836235031485557556e-03,-1.064764056354761124e-02,2.551064128056168556e-03,-8.841975592076778412e-03,-1.213201321661472321e-02,-1.096893381327390671e-02,-9.979352355003356934e-03,-3.559923265129327774e-03,9.503838606178760529e-03,-6.220227107405662537e-03,-1.868638396263122559e-02,9.645207785069942474e-03,-1.791528239846229553e-02,-2.346722036600112915e-02,-7.023458834737539291e-03,-1.394410431385040283e-02,1.913619413971900940e-02,-2.066554874181747437e-02,2.054988220334053040e-02,-1.211273577064275742e-02,1.016891445033252239e-03,-1.884060539305210114e-02,-2.170653641223907471e-02,1.242760289460420609e-02,1.394410431385040283e-02,-9.137565270066261292e-03,1.136091072112321854e-02,-1.791528239846229553e-02,3.901778906583786011e-02,5.044295918196439743e-03,-4.323314875364303589e-02,1.444532070308923721e-02,1.609033904969692230e-02,-3.007299825549125671e-02,-6.265208125114440918e-03,3.210356831550598145e-02,-1.913619413971900940e-02,1.567908562719821930e-02,-1.480516884475946426e-02,1.308303978294134140e-02,-1.286777318455278873e-03,-1.326296385377645493e-02,1.282600499689579010e-02,1.606463640928268433e-02,1.745261996984481812e-02,-1.752973161637783051e-02,-5.763991270214319229e-03,-3.369718044996261597e-02,2.374995872378349304e-02,1.810805685818195343e-02,2.049847505986690521e-02,8.398591540753841400e-03,1.513931341469287872e-02,-1.411278266459703445e-03,9.658059105277061462e-03,-2.716851234436035156e-02,-4.269337654113769531e-02,1.378988381475210190e-02,1.487986883148550987e-04,-6.355170160531997681e-03,1.168862916529178619e-02,1.697710715234279633e-02,1.891771517693996429e-02,-1.204205118119716644e-02,-2.904486283659934998e-02,1.396870266034966335e-05,6.502964533865451813e-03,1.803094707429409027e-02,3.020151518285274506e-02,5.686881020665168762e-03,4.472394473850727081e-03,-1.791528239846229553e-02,-3.690850280690938234e-04,-6.310189142823219299e-03,3.899208456277847290e-02,2.012577652931213379e-02,-8.482127450406551361e-03,-2.973564201965928078e-03,-1.729840040206909180e-02,-7.987337186932563782e-03,-1.245073527097702026e-01,-2.105109952390193939e-02,9.638781659305095673e-03,1.566623337566852570e-02,6.425854284316301346e-03,3.061277046799659729e-02,9.131139144301414490e-03,-1.229908503592014313e-02,-2.783680148422718048e-02,-1.047414261847734451e-02,-1.133520714938640594e-02,-2.108965441584587097e-02,-1.495938934385776520e-02,-1.305733621120452881e-02,9.452431462705135345e-03,-3.052280750125646591e-03,4.012946039438247681e-03,-1.833938807249069214e-02,-5.214580800384283066e-03,2.634600363671779633e-02,-7.492546457797288895e-03,5.381653085350990295e-03,-1.340433210134506226e-02,-1.828798092901706696e-02,5.754352547228336334e-03,1.746547222137451172e-02,-1.963741146028041840e-02,2.976455725729465485e-02,2.085832320153713226e-02,-9.118287824094295502e-03,-7.698173634707927704e-03,-7.576082367449998856e-03,-7.128682336769998074e-04,6.576862186193466187e-03,-1.325011160224676132e-02,-3.683299571275711060e-02,-1.476661302149295807e-02,-9.799428284168243408e-03,2.711710520088672638e-02,-3.721854835748672485e-02,1.804379932582378387e-02,-4.237047687638550997e-04,-5.805759690701961517e-03,-2.732273377478122711e-02,8.437146432697772980e-03,-1.031349645927548409e-03,-4.147889092564582825e-03,1.026208978146314621e-02,3.341444209218025208e-02,7.929503917694091797e-03,-1.046129129827022552e-02,-2.757976762950420380e-02,-2.752836048603057861e-02,-6.792128086090087891e-03,1.228623371571302414e-02,-1.674577593803405762e-02,3.845873987302184105e-03,1.007573958486318588e-02,-3.601048886775970459e-02,3.583056479692459106e-02,-6.531881168484687805e-03,1.466379966586828232e-02,-7.479694671928882599e-03,-1.220269780606031418e-02,1.853216439485549927e-02,-1.768395118415355682e-02,5.783269181847572327e-03,-4.096482414752244949e-03,1.999725960195064545e-02,-1.857071928679943085e-02,2.778539434075355530e-02,-1.618030108511447906e-02,-1.788957789540290833e-02,2.191216312348842621e-02,-2.139809541404247284e-02,7.473268546164035797e-03,-1.358425617218017578e-02,-7.184105459600687027e-03,2.294030040502548218e-02,-4.485246539115905762e-02,-2.601185813546180725e-02,-1.095608156174421310e-02,-6.229865830391645432e-03,-2.432828396558761597e-02,4.495527595281600952e-02,-5.015379283577203751e-03,1.278102491050958633e-02,-1.605178415775299072e-02,1.288383849896490574e-03,-2.051132731139659882e-02,-1.841007266193628311e-03,-1.194566302001476288e-02,9.349618107080459595e-03,-1.628311537206172943e-02,2.414514776319265366e-03,1.253041625022888184e-02,-3.184653446078300476e-02,-7.081291638314723969e-03,3.370360704138875008e-03,3.153488039970397949e-03,-3.038143925368785858e-02,1.890486292541027069e-02,-5.212653055787086487e-02,1.570478826761245728e-02,-1.630881801247596741e-02,4.604124464094638824e-03,-4.372793715447187424e-03,-3.354296088218688965e-02,7.068439852446317673e-03,-2.788820862770080566e-02,-2.276037633419036865e-02,6.911809905432164669e-04,-8.514257147908210754e-03,1.530638523399829865e-02,-9.741595014929771423e-03,9.889390319585800171e-03,-4.308535251766443253e-03,6.618630141019821167e-03,-7.739138673059642315e-04,6.278059910982847214e-03,-1.229908503592014313e-02,1.250471267849206924e-02,2.787214471027255058e-03,8.430721238255500793e-03,-1.078900974243879318e-02,1.309589110314846039e-02,-2.560060471296310425e-02,8.160835132002830505e-03,-1.552486419677734375e-02,9.850834496319293976e-03,9.362470358610153198e-03,-5.776843056082725525e-03,-1.102676615118980408e-02,-2.886493876576423645e-02,1.692570000886917114e-02,1.689999736845493317e-02,1.776106096804141998e-02,-3.552212193608283997e-02,1.096893381327390671e-02,2.550260978750884533e-04,3.566349158063530922e-03,2.968744747340679169e-02,-1.438106223940849304e-02,-1.069904770702123642e-02,3.444258123636245728e-02,1.364851463586091995e-02,-5.089276935905218124e-03,1.159866712987422943e-02,-9.542393498122692108e-03,2.115391194820404053e-02,4.408136010169982910e-03,-1.562767848372459412e-02,1.827513054013252258e-02,3.094691410660743713e-02,-1.728554838337004185e-03,-2.912197262048721313e-02,-3.608759865164756775e-02,-2.989307418465614319e-02,2.706569805741310120e-02,-1.551201287657022476e-02,1.417543459683656693e-02,-4.410706460475921631e-02,4.834812879562377930e-02,4.504524171352386475e-03,7.402584422379732132e-03,-1.271034032106399536e-02,-5.169599782675504684e-03,1.674577593803405762e-02,1.135448459535837173e-02,-6.422641687095165253e-03,9.054028429090976715e-03,-8.649200201034545898e-03,-1.841007266193628311e-03,1.322440803050994873e-02,8.051595650613307953e-03,2.314592711627483368e-02,1.513931341469287872e-02,1.111030206084251404e-02,5.500531289726495743e-03,1.483569154515862465e-03,-2.765687741339206696e-02,-3.122965339571237564e-03,3.030432946979999542e-02,-1.073117647320032120e-02,-8.475702255964279175e-03,8.848401717841625214e-03,-1.326135708950459957e-03,1.372562535107135773e-02,-1.498509291559457779e-02,-3.220959566533565521e-03,5.966405849903821945e-03,-3.386425320059061050e-03,6.695740390568971634e-03,-2.544638467952609062e-03,2.078121341764926910e-02,-4.841881338506937027e-03,3.884429112076759338e-03,1.373847667127847672e-02,5.670816637575626373e-03,2.549779042601585388e-02,3.018545219674706459e-03,3.909489884972572327e-02,-8.231519721448421478e-03,1.813376136124134064e-02,1.156653836369514465e-02,-5.108554381877183914e-03,5.735075101256370544e-04,8.077299222350120544e-03,-2.211779169738292694e-02,-1.169505529105663300e-02,8.122280240058898926e-03,-3.034609835594892502e-03,-4.755132249556481838e-04,2.955893054604530334e-02,1.308303978294134140e-02,8.970492519438266754e-03,-2.748659346252679825e-03,1.894341967999935150e-02,1.220269780606031418e-02,-3.536790236830711365e-02,-1.226053014397621155e-02,1.327581517398357391e-02,1.435535866767168045e-02,1.193281169980764389e-02,1.821087114512920380e-02,-2.835086919367313385e-02,1.088539697229862213e-02,1.603893190622329712e-02,-1.749117486178874969e-02,-6.143116857856512070e-03,-7.907816907390952110e-04,1.339148078113794327e-02,1.036490313708782196e-02,-4.130539298057556152e-02,-3.547071665525436401e-02,-2.423832379281520844e-02,-4.520588554441928864e-03,2.721991948783397675e-02,1.373847667127847672e-02,2.340296097099781036e-02,-5.098915658891201019e-03,2.976455725729465485e-02,1.022996008396148682e-02,-1.971452124416828156e-02,3.206501249223947525e-03,3.870934620499610901e-02,1.399551052600145340e-02,-8.192964829504489899e-03,2.692433074116706848e-03,1.479231659322977066e-02,-2.135954052209854126e-02,2.864324720576405525e-03,2.931796014308929443e-03,-1.307018753141164780e-02,-1.742691732943058014e-02,-1.759398914873600006e-02,-8.507831022143363953e-03,-1.667509204708039761e-03,-5.648326128721237183e-03,1.578189805150032043e-02,1.184284966439008713e-02,2.620463445782661438e-02,-4.205721896141767502e-03,1.669437065720558167e-02,-1.341718435287475586e-02,-1.348144281655550003e-02,-1.265893317759037018e-02,1.143802073784172535e-03,-1.199064403772354126e-02,1.746225985698401928e-03,-1.977878063917160034e-02,6.804979871958494186e-03,1.538349594920873642e-02,-2.786250412464141846e-02,-5.959980189800262451e-03,1.733695529401302338e-02,-3.144652582705020905e-04,-1.132235582917928696e-02,-2.427366562187671661e-03,-4.025797825306653976e-03,-7.910226471722126007e-03,-9.895815514028072357e-03,2.637170627713203430e-02,-1.318585313856601715e-02,-8.623496629297733307e-03,5.536516010761260986e-02,1.086772652342915535e-03,-7.145550101995468140e-03,1.362281106412410736e-02,-1.230551116168498993e-02
-3.055225498974323273e-02,-3.244419395923614502e-02,-1.332027185708284378e-02,-1.061019673943519592e-02,1.633075531572103500e-03,3.525653481483459473e-02,7.516621612012386322e-03,8.743825368583202362e-03,-7.836205884814262390e-03,-2.046937122941017151e-03,2.147606201469898224e-02,2.942731790244579315e-02,3.050431609153747559e-03,-2.285666577517986298e-02,-1.129410788416862488e-02,-1.036092173308134079e-02,3.323676064610481262e-02,1.588972844183444977e-02,1.476479228585958481e-02,-1.793506741523742676e-02,7.574146613478660583e-03,-8.109450573101639748e-04,-4.707476124167442322e-03,2.928989706560969353e-03,-1.390830706804990768e-02,-4.656342789530754089e-03,5.218810867518186569e-03,-2.042782492935657501e-02,1.151142455637454987e-02,-3.561446815729141235e-02,-1.147946622222661972e-02,-2.187554258853197098e-03,-1.144910580478608608e-03,-2.060679346323013306e-02,-1.624766364693641663e-02,-1.246378570795059204e-02,3.191048745065927505e-03,1.519623096100986004e-03,6.222305353730916977e-03,-7.011678535491228104e-03,7.516621612012386322e-03,8.066306822001934052e-03,4.292016383260488510e-03,-4.780980292707681656e-03,-2.740754559636116028e-02,1.849753595888614655e-02,2.847495721653103828e-03,-3.016875311732292175e-02,-2.827681414783000946e-02,2.937618456780910492e-02,2.965741790831089020e-02,-1.936680637300014496e-02,-2.000597491860389709e-02,1.875959569588303566e-03,-8.999492973089218140e-03,1.880433782935142517e-02,-1.287125633098185062e-03,3.477076813578605652e-02,-6.306795694399625063e-05,-3.359469771385192871e-02,2.917165122926235199e-02,1.020112913101911545e-02,-1.328192185610532761e-02,1.038648840039968491e-02,-6.283026188611984253e-03,3.927690442651510239e-03,-1.453469227999448776e-02,6.602610461413860321e-03,2.658941084519028664e-03,3.930886276066303253e-03,2.316346578299999237e-02,3.280212730169296265e-02,2.727971225976943970e-02,-3.497530147433280945e-02,3.525653481483459473e-02,-3.080792166292667389e-02,5.260356701910495758e-03,-7.574146729893982410e-04,-1.279615331441164017e-02,5.845196079462766647e-03,-1.784558407962322235e-02,-1.335862185806035995e-02,1.578746247105300426e-03,1.019473746418952942e-02,-7.821824401617050171e-04,-2.189791388809680939e-02,-1.453469227999448776e-02,4.419850185513496399e-03,8.913404599297791719e-05,-3.259759396314620972e-02,2.298449911177158356e-02,1.422789134085178375e-02,1.839526928961277008e-02,3.052668832242488861e-02,-2.339356765151023865e-02,8.353932760655879974e-03,-2.233254723250865936e-02,4.103461652994155884e-02,1.266352599486708641e-03,-2.264254493638873100e-03,4.231295548379421234e-03,-6.132822018116712570e-03,1.422789134085178375e-02,-5.512828473001718521e-03,-2.095194347202777863e-02,-1.508437655866146088e-02,1.788073917850852013e-03,8.437024080194532871e-04,2.712631225585937500e-02,-2.511932142078876495e-02,4.307995550334453583e-03,3.978184610605239868e-02,2.019772538915276527e-03,-2.684507705271244049e-02,1.812681928277015686e-02,-1.147946622222661972e-02,-1.133884955197572708e-02,-1.328192185610532761e-02,-3.969236277043819427e-03,-1.495654322206974030e-02,-4.341851672506891191e-05,2.924835123121738434e-02,-3.684806404635310173e-03,-2.616755850613117218e-02,-2.794764237478375435e-03,2.960948040708899498e-03,-9.517218917608261108e-03,-1.560849510133266449e-02,-2.786774747073650360e-02,5.436128005385398865e-03,4.793763905763626099e-02,7.171470671892166138e-03,3.763424232602119446e-02,-3.249532729387283325e-02,-2.361727645620703697e-03,1.209306810051202774e-02,-8.349138661287724972e-04,1.630678656511008739e-03,-1.681013219058513641e-02,-2.015937492251396179e-02,3.803052706643939018e-03,8.111048489809036255e-03,1.356315612792968750e-02,-1.096813194453716278e-02,1.724476553499698639e-02,-1.361229224130511284e-04,9.779278188943862915e-04,-2.465592464432120323e-03,7.580538280308246613e-03,-1.705301553010940552e-02,1.836970262229442596e-02,5.410561338067054749e-03,3.165162354707717896e-02,-1.845599035732448101e-03,1.008288352750241756e-03,-1.192848198115825653e-03,-2.403273619711399078e-02,1.568519510328769684e-02,-3.538436815142631531e-02,-1.743651740252971649e-02,-1.054628007113933563e-02,-5.468086339533329010e-03,2.950401790440082550e-02,-5.305098369717597961e-03,9.478868916630744934e-03,2.418613620102405548e-02,5.177265033125877380e-03,-1.583859510719776154e-02,4.307995550334453583e-03,-1.194605976343154907e-02,1.789671741425991058e-02,6.770072877407073975e-02,-1.775610074400901794e-02,1.649054698646068573e-02,-8.021565154194831848e-03,3.408046439290046692e-02,-4.717063624411821365e-03,-3.959648776799440384e-03,-1.597921177744865417e-02,1.259801164269447327e-02,-4.279872402548789978e-02,7.388787809759378433e-03,1.403614040464162827e-02,1.417675707489252090e-02,4.263253882527351379e-03,-2.784218080341815948e-02,1.792867667973041534e-03,-5.995400715619325638e-03,1.141554955393075943e-02,-1.592807844281196594e-02,2.868588268756866455e-02,1.897052116692066193e-02,7.292912807315587997e-03,-2.208327176049351692e-03,-6.590083241462707520e-01,-1.001577079296112061e-02,-1.592807844281196594e-02,-4.183358047157526016e-03,3.617294132709503174e-04,8.718258701264858246e-03,-7.120337337255477905e-03,-1.984618138521909714e-03,-2.812341414391994476e-02,1.847196929156780243e-02,-1.185018382966518402e-02,2.022329159080982208e-02,-1.053988840430974960e-02,-3.663713857531547546e-02,7.043636869639158249e-03,-2.556673996150493622e-02,-1.179265882819890976e-02,-5.688599776476621628e-03,-1.715528219938278198e-02,-6.174367852509021759e-03,-1.530169416218996048e-02,9.817628189921379089e-03,1.788073917850852013e-03,-1.178626716136932373e-02,1.721919886767864227e-02,-2.331367228180170059e-03,1.518664415925741196e-02,-2.127152867615222931e-02,-1.324357185512781143e-02,2.812341414391994476e-02,-1.675899885594844818e-02,2.189791388809680939e-02,-1.453469227999448776e-02,1.613261364400386810e-02,5.057101324200630188e-02,-1.957133971154689789e-02,-2.380263432860374451e-02,1.631158031523227692e-02,4.809742793440818787e-03,3.610023856163024902e-02,-3.080792166292667389e-02,2.277996577322483063e-02,7.625280413776636124e-03,-2.970855124294757843e-02,-1.510994322597980499e-02,1.114709861576557159e-02,2.023607492446899414e-02,-7.414354477077722549e-03,8.059915155172348022e-03,5.186852533370256424e-03,1.371655613183975220e-02,8.684702333994209766e-04,-1.410005707293748856e-02,7.593322079628705978e-03,9.894328191876411438e-03,2.340635098516941071e-02,3.819670900702476501e-02,-1.548066083341836929e-02,9.702578186988830566e-03,-7.280129473656415939e-03,4.637167323380708694e-03,1.769218407571315765e-02,-2.458242140710353851e-02,1.972473971545696259e-02,4.755413625389337540e-03,2.014978788793087006e-03,1.489262655377388000e-02,-9.603506769053637981e-04,2.459520474076271057e-02,2.451211214065551758e-03,-3.103462586295790970e-05,2.341913431882858276e-02,-1.011164579540491104e-02,3.502643434330821037e-03,-5.950658582150936127e-03,9.811236523091793060e-03,-6.399674457497894764e-04,-8.456199429929256439e-03,-7.618888746947050095e-03,-9.523610584437847137e-03,-3.940473776310682297e-03,-1.294955424964427948e-02,-2.771434560418128967e-02,1.755156740546226501e-02,1.916227117180824280e-02,4.196141380816698074e-03,-1.092338934540748596e-02,-4.493354819715023041e-03,3.483468433842062950e-03,-1.172874215990304947e-02,-3.633673069998621941e-03,1.491819322109222412e-02,3.585735335946083069e-03,-1.342253852635622025e-02,-1.724157016724348068e-03,7.932080887258052826e-03,-5.503240972757339478e-03,4.314387217164039612e-03,3.796661039814352989e-03,7.376004476100206375e-03,2.586075849831104279e-02,-1.427902467548847198e-02,4.059998318552970886e-02,-3.499447600916028023e-03,7.995997555553913116e-03,-7.280129473656415939e-03,-4.811660572886466980e-02,1.504602655768394470e-02,-1.752919633872807026e-03,-3.378005465492606163e-03,-8.411457762122154236e-03,4.250470548868179321e-03,-3.425543764024041593e-05,9.574743919074535370e-03,1.401057373732328415e-02,-2.442901954054832458e-02,6.609002128243446350e-03,4.077895078808069229e-03,-8.731042034924030304e-03,-1.526334416121244431e-02,7.638063747435808182e-03,1.925175450742244720e-02,2.489561215043067932e-03,-2.205131389200687408e-02,-1.074602012522518635e-03,2.487643808126449585e-02,-9.427735581994056702e-03,-2.891598269343376160e-02,-3.932883846573531628e-04,-6.435628165490925312e-04,-6.022165689500980079e-05,1.305182091891765594e-02,1.200997643172740936e-02,-9.530002251267433167e-03,2.540055662393569946e-02,-2.394325286149978638e-02,3.597240522503852844e-02,-2.006989158689975739e-02,2.549003995954990387e-02,-3.165162354707717896e-02,2.064514346420764923e-02,-1.621091156266629696e-03,-3.783877473324537277e-03,-1.494375988841056824e-02,3.908515442162752151e-03,-2.357253432273864746e-02,3.047235775738954544e-03,-2.340635098516941071e-02,-3.405489772558212280e-02,4.784176126122474670e-03,3.264553146436810493e-03,-1.673023565672338009e-03,-1.402335707098245621e-02,1.056545507162809372e-02,-2.093916013836860657e-02,-1.565163838677108288e-03,3.294913563877344131e-03,-1.447077468037605286e-02,-1.167760882526636124e-02,-3.029658645391464233e-02,9.907111525535583496e-03,1.476479228585958481e-02,-2.733084559440612793e-02,-2.214079722762107849e-02,1.119823195040225983e-02,-2.165502868592739105e-02,-1.513550989329814911e-02,2.023607492446899414e-02,-1.762507134117186069e-03,-2.615477517247200012e-02,1.379325613379478455e-02,9.606702253222465515e-03,-1.291759591549634933e-02,1.379325613379478455e-02,-1.004133746027946472e-02,-1.135323080234229565e-03,-1.811403594911098480e-02,9.683403186500072479e-03,8.667125366628170013e-03,2.111812680959701538e-02,1.628601364791393280e-02,2.295893244445323944e-02,-2.580962516367435455e-02,-3.547385102137923241e-03,1.826743595302104950e-02,-1.806290261447429657e-02,-5.804448737762868404e-04,3.950061276555061340e-03,-5.122935399413108826e-03,1.160090882331132889e-02,-3.193285688757896423e-02,1.064854767173528671e-02,-1.335862185806035995e-02,-1.241904404014348984e-02,2.914608456194400787e-03,9.306292980909347534e-03,9.446910582482814789e-03,1.603034697473049164e-02,8.532899431884288788e-03,2.789331413805484772e-02,1.140915788710117340e-02,-2.340635098516941071e-02,2.482530474662780762e-02,8.379499427974224091e-03,3.106895746896043420e-06,-4.088121652603149414e-02,-5.487261805683374405e-03,-4.912009928375482559e-03,3.441283106803894043e-02,1.000298745930194855e-02,-1.261079497635364532e-02,-3.137039020657539368e-02,-1.335862209089100361e-03,3.317284630611538887e-03,1.426624134182929993e-02,2.311233244836330414e-02,1.678456552326679230e-02,-6.270242854952812195e-03,-2.432675287127494812e-02,1.762826740741729736e-02,1.940515637397766113e-02,1.424067467451095581e-02,-7.855380885303020477e-03,-8.763000369071960449e-03,-3.599797189235687256e-02,2.500427141785621643e-02,1.847196929156780243e-02,2.179564535617828369e-02,-1.473922561854124069e-02,-4.797758592758327723e-04,3.879752941429615021e-03,-1.404892373830080032e-02,6.116043659858405590e-04,2.197461389005184174e-02,6.479570874944329262e-04,-2.417654963210225105e-03,1.231677737087011337e-02,-1.527612749487161636e-02,3.272542729973793030e-03,-1.738538406789302826e-02,3.004092024639248848e-03,3.521818434819579124e-03,2.533663995563983917e-02,-1.332027185708284378e-02,-1.378047280013561249e-02,2.983638644218444824e-02,1.534004416316747665e-02,1.911113783717155457e-02,-1.966082304716110229e-02,3.783877473324537277e-03,-1.537839416414499283e-02,1.849753595888614655e-02,-1.167121715843677521e-02,3.165482077747583389e-03,2.882649889215826988e-03,-1.688683219254016876e-02,5.164481699466705322e-03,2.061957679688930511e-02,3.464293479919433594e-02,3.494973480701446533e-02,2.203533425927162170e-03,5.509632639586925507e-03,8.775783702731132507e-03,-3.529408713802695274e-04,3.985854983329772949e-02,5.416953004896640778e-03,1.403614040464162827e-02,-3.960287943482398987e-02,-1.264275331050157547e-02,-4.677914548665285110e-04,6.845494732260704041e-03,-1.262357807718217373e-03,2.505540475249290466e-02,-1.195245143026113510e-02,5.496849305927753448e-03,-4.739434458315372467e-03,-3.263754188083112240e-04,-1.068689767271280289e-02,1.290321466512978077e-03,1.049514673650264740e-02,-3.863773541525006294e-03,-3.134482353925704956e-02,1.609426364302635193e-02,-1.590251177549362183e-02,-7.405366341117769480e-05,2.535901032388210297e-03,-3.377366438508033752e-02,4.215316381305456161e-03,-2.165502868592739105e-02,1.137080788612365723e-02,5.826021078974008560e-03,3.190729022026062012e-02,1.968638971447944641e-02,-1.146029122173786163e-02,1.323078852146863937e-02,-1.863815449178218842e-02,3.804330900311470032e-02,-2.036390826106071472e-02,1.847196929156780243e-02,-1.854866929352283478e-02,-2.465592464432120323e-03,-5.784474778920412064e-03,8.993101306259632111e-03,-2.022329159080982208e-02,1.802455261349678040e-02,-2.585436683148145676e-03,-1.352480519562959671e-02,-2.733084559440612793e-02,-2.717744559049606323e-02,-8.743825368583202362e-03,-3.443839773535728455e-02,-3.847794374451041222e-03,-5.758908111602067947e-03,-1.825465261936187744e-02,-9.005884639918804169e-03,1.664394699037075043e-02,-3.456623107194900513e-02,-1.392109040170907974e-02,1.717765349894762039e-03,-1.682291552424430847e-02,5.020668730139732361e-03,-1.945628970861434937e-02,-1.475200895220041275e-02,-6.092074909247457981e-04,9.388107061386108398e-02,8.181356824934482574e-03,1.866372115910053253e-02,2.569457329809665680e-02,1.392109040170907974e-02,4.471622779965400696e-02,-4.570054821670055389e-03,-3.597240522503852844e-02,1.636271364986896515e-02,-8.302798494696617126e-03,-1.366542279720306396e-02,-1.505241845734417439e-03,2.146327868103981018e-02,-2.087524347007274628e-02,1.609426364302635193e-02,-9.568352252244949341e-03,-1.580344163812696934e-03,-4.538096487522125244e-03,-8.620785083621740341e-04,1.337260328000411391e-04,-1.050153840333223343e-02,-1.032656582538038492e-04,5.222006700932979584e-03,1.859980262815952301e-02,1.450912468135356903e-02,-1.819073595106601715e-02,1.913670450448989868e-02,-1.538798213005065918e-03,8.552074432373046875e-03,-1.467530895024538040e-02,3.083988092839717865e-03,1.587694510817527771e-02,-6.756010930985212326e-03,5.423344671726226807e-03,-4.576446488499641418e-03,8.603207767009735107e-03,1.855186535976827145e-03,4.586033988744020462e-03,2.560508996248245239e-02,-2.542612329125404358e-02,3.970514610409736633e-02,1.019473746418952942e-02,-7.855380885303020477e-03,-1.204193476587533951e-02,2.416056953370571136e-02,-2.454407140612602234e-02,-2.455685473978519440e-02,3.050112165510654449e-02,-2.175729535520076752e-02,-2.169337868690490723e-02,3.103802353143692017e-02,-1.977587305009365082e-02,-2.394325286149978638e-02,-1.211224310100078583e-02,2.679714001715183258e-03,1.637549698352813721e-02,-6.966936867684125900e-03,-1.252770237624645233e-02,-1.443242467939853668e-02,4.244078882038593292e-03,-1.172075280919671059e-03,-3.124255686998367310e-02,8.098265156149864197e-03,-8.290015161037445068e-03,-2.017215825617313385e-02,-5.726949777454137802e-03,-2.449293620884418488e-02,9.753711521625518799e-03,-9.996595792472362518e-03,-2.099668607115745544e-03,-1.209945976734161377e-02,-2.572013996541500092e-02,-1.120142755098640919e-03,3.507756814360618591e-02,3.464293479919433594e-02,1.742373406887054443e-02,1.084668934345245361e-02,2.625384600833058357e-03,1.436850801110267639e-02,4.048733098898082972e-04,6.255861953832209110e-04,4.959947429597377777e-03,-4.605208989232778549e-03,-2.054287493228912354e-02,-2.247316390275955200e-02,1.874042116105556488e-02,-8.104656822979450226e-03,-3.099967259913682938e-03,-3.815836040303111076e-03,9.619485586881637573e-03,-4.020370077341794968e-03,-1.104483194649219513e-02,2.840464748442173004e-02,3.251769812777638435e-03,3.448314033448696136e-03,2.454407047480344772e-03,-2.773991320282220840e-03,-1.271945331245660782e-02,-2.753537893295288086e-02,-8.488157764077186584e-03,1.128132455050945282e-02,-9.108151309192180634e-03,1.561968005262315273e-03,-1.112792361527681351e-02,1.371655613183975220e-02,8.641557767987251282e-03,-3.175069577991962433e-03,-1.687404816038906574e-03,-2.352140098810195923e-02,-1.048875506967306137e-02,8.609599433839321136e-03,-1.757713407278060913e-02,3.780681639909744263e-03,-2.738197892904281616e-02,-6.826319731771945953e-03,1.663116365671157837e-02,5.873958580195903778e-03,2.373871766030788422e-02,2.952958457171916962e-02,1.421510800719261169e-02,-2.614199183881282806e-02,-1.415119040757417679e-02,1.797341927886009216e-02,8.123831823468208313e-03,-1.265553664416074753e-02,-3.908515442162752151e-03,9.255159646272659302e-03,-1.720641553401947021e-02,3.689280524849891663e-02,6.382097490131855011e-03,-2.802114747464656830e-02,2.456963807344436646e-02,1.456025894731283188e-02,8.929183706641197205e-03,-3.203512728214263916e-02,-1.371655613183975220e-02,5.506436806172132492e-03,6.922194734215736389e-03,-1.721919886767864227e-02,-5.432932171970605850e-03,-7.708372082561254501e-03,-2.440345287322998047e-02,-1.983978971838951111e-02,8.200531825423240662e-03,-1.466252561658620834e-02,-2.802114747464656830e-02,7.471879944205284119e-03,1.261079497635364532e-02,1.650333032011985779e-02,2.400716952979564667e-02,-8.481766097247600555e-03,2.070906013250350952e-02,-1.532726082950830460e-02,3.379923105239868164e-02,-1.641384698450565338e-02,-1.710414886474609375e-02,-2.079854346811771393e-02,-7.855380885303020477e-03,3.111472353339195251e-02,1.514829322695732117e-02,2.188513055443763733e-02,4.461396019905805588e-03,2.768877893686294556e-02,1.546787796542048454e-03,-1.072524767369031906e-02,-9.721753187477588654e-03,2.249873243272304535e-03,-2.527272328734397888e-02,-2.822568081319332123e-02,1.486705988645553589e-02,8.353932760655879974e-03,6.318180821835994720e-03,1.250852737575769424e-02,-3.266151063144207001e-03,-2.198739675804972649e-03,5.321078002452850342e-03,8.532899664714932442e-04,3.841402707621455193e-03,-2.891598269343376160e-02,-3.801774233579635620e-02,1.282811164855957031e-02,-2.142492868006229401e-02,1.232956070452928543e-02,-4.304799716919660568e-03,1.426624134182929993e-02,-1.932845637202262878e-02,1.484149228781461716e-02,-2.633374184370040894e-02,1.053988840430974960e-02,1.839526928961277008e-02,1.689961552619934082e-02,-9.830411523580551147e-03,2.648714371025562286e-02,6.468385457992553711e-03,1.325635518878698349e-02,1.379805034957826138e-03,1.393387373536825180e-02,1.089782267808914185e-02,-1.001577079296112061e-02,1.080993679352104664e-03,9.635465103201568127e-04,2.494355197995901108e-03,-3.216296061873435974e-02,-3.254646062850952148e-02,-1.372933946549892426e-02,8.143006823956966400e-03,-1.689961552619934082e-02,-6.922194734215736389e-03,-1.477757561951875687e-02,-1.417675707489252090e-02,1.286646164953708649e-02,-1.459860894829034805e-02,-2.607807517051696777e-02,-3.011761978268623352e-02,3.479633480310440063e-02,-2.499148808419704437e-02,-2.097751013934612274e-02,1.597921177744865417e-02,-2.317624911665916443e-02,-1.014999579638242722e-02,4.339954350143671036e-03,2.029360039159655571e-03,4.058720078319311142e-03,5.472880438901484013e-04,6.254263687878847122e-03,3.707177191972732544e-02,4.586033988744020462e-03,-2.699847705662250519e-02,1.701466552913188934e-02,-1.154977455735206604e-02,1.666631898842751980e-03,2.185956202447414398e-02,-8.309190161526203156e-03,-2.490200474858283997e-02,-1.588972844183444977e-02,-1.751321740448474884e-02,2.107658190652728081e-03,-1.688683219254016876e-02,-4.711950197815895081e-02,1.045679673552513123e-02,-9.721753187477588654e-03,3.665631404146552086e-03,-1.159451715648174286e-02,-1.472644228488206863e-02,1.005891477689146996e-03,1.036092173308134079e-02,-2.838307700585573912e-04,8.277231827378273010e-03,-1.349923852831125259e-02,7.388787809759378433e-03,-3.998638316988945007e-02,-1.764105050824582577e-03,-6.947761867195367813e-03,1.545509416610002518e-02,-1.614539697766304016e-02,-2.712631225585937500e-02,-2.720301225781440735e-02,1.479035895317792892e-02,-5.081389565020799637e-03,-1.221450977027416229e-02,-1.608148030936717987e-02,7.759505882859230042e-03,-3.384397132322192192e-03,1.172874215990304947e-02,3.576147835701704025e-03,3.070565499365329742e-02,-1.872763782739639282e-02,-2.173172868788242340e-02,-3.346686437726020813e-02,2.485087141394615173e-02,-2.886484935879707336e-02,-3.475478733889758587e-04,1.267151557840406895e-03,1.721919886767864227e-02,1.914948783814907074e-02,1.160730049014091492e-02,-2.098070690408349037e-03,7.162682013586163521e-04,-2.382900129305198789e-04,-6.410859990864992142e-03,1.355037186294794083e-02,3.032215312123298645e-02,5.592724308371543884e-03,-1.776888407766819000e-02,-1.029061339795589447e-02,-1.542952749878168106e-02,-2.410943619906902313e-02,1.149864122271537781e-02,8.059915155172348022e-03,-3.937277942895889282e-03,-2.058122679591178894e-02,7.848989218473434448e-03,-2.203533425927162170e-03,3.408046439290046692e-02,5.707774776965379715e-03,5.209223367273807526e-03,-6.998895201832056046e-03,4.236408695578575134e-02,-2.555395662784576416e-02,4.566219821572303772e-02,-2.727971225976943970e-02,2.799557987600564957e-03,-5.838804412633180618e-03,5.653445608913898468e-03,1.181822549551725388e-02,-6.609002128243446350e-03,-6.030554883182048798e-03,-3.895732108503580093e-03,-2.133544534444808960e-02,3.257202729582786560e-02,-7.235387340188026428e-03,2.224306389689445496e-02,-4.474179353564977646e-03,-2.651271037757396698e-02,7.254562340676784515e-03,-7.574146613478660583e-03,2.940175123512744904e-02,-2.648714371025562286e-02,-1.640106365084648132e-02,1.176070049405097961e-02,3.723156638443470001e-03,-8.200531825423240662e-03,1.528891082853078842e-02,-1.872763782739639282e-02,1.748765073716640472e-02,1.884268783032894135e-02,-8.468982763588428497e-03,2.505540475249290466e-02,-7.938472554087638855e-03,-1.518664415925741196e-02,1.136920996941626072e-03,1.603034697473049164e-02,-1.326913852244615555e-02,-1.075081434100866318e-02,-6.813536398112773895e-03,1.577947288751602173e-03,-8.155790157616138458e-03,3.213818999938666821e-04,-1.842083595693111420e-02,4.365521017462015152e-03,-2.814338949974626303e-04,9.319077245891094208e-03,-4.656342789530754089e-03,9.037842974066734314e-03,-1.866372069343924522e-03,3.237388562411069870e-03,2.358531812205910683e-03,-1.295594591647386551e-02,-4.006308317184448242e-02,-4.359129071235656738e-02,-3.564003482460975647e-02,2.750981226563453674e-02,1.337140519171953201e-02,-8.660733699798583984e-03,-1.954577304422855377e-02,1.335862185806035995e-02,-5.138914659619331360e-02,-1.152420789003372192e-02,-1.458582561463117599e-02,2.651271037757396698e-02,5.068606231361627579e-03,1.883949153125286102e-03,3.702063858509063721e-02,3.188172355294227600e-02,3.723156405612826347e-04,1.459860894829034805e-02,-2.550282329320907593e-02,-7.088378537446260452e-03,7.126729004085063934e-03,-1.517385989427566528e-02,-1.565962843596935272e-02,-9.824019856750965118e-03,-2.817454747855663300e-02,-3.969236277043819427e-03,2.114369347691535950e-02,-3.346047131344676018e-03,1.719363266602158546e-03,2.630817517638206482e-02,2.699847705662250519e-02,-1.234394148923456669e-03,-6.839103065431118011e-03,1.150503288954496384e-02,1.479035895317792892e-02,-2.116926014423370361e-02,-1.125575695186853409e-02,-1.007968746125698090e-02,-4.157790914177894592e-03,6.359726539812982082e-04,2.669167704880237579e-02,-9.114542976021766663e-03,1.655446365475654602e-02,3.428499773144721985e-02,1.085947267711162567e-02,-4.336758516728878021e-03,5.541590973734855652e-03,-8.507332764565944672e-03,-1.861258596181869507e-02,-4.080451652407646179e-02,2.155276201665401459e-02,-1.672064885497093201e-02,-1.410005707293748856e-02,-5.116543732583522797e-03,-1.560849510133266449e-02,-1.782001741230487823e-02,-7.498245686292648315e-04,1.796063408255577087e-02,2.609405433759093285e-03,-2.436829963698983192e-03,8.807742036879062653e-03,-9.613093920052051544e-03,-6.420447491109371185e-03,1.398500707000494003e-02,9.855978190898895264e-03,-1.411284040659666061e-02,1.797341927886009216e-02,-9.913503192365169525e-03,-1.224646810442209244e-02,-2.494035474956035614e-02,1.590251177549362183e-02,3.909154608845710754e-02,-9.926286526024341583e-03,-6.743227597326040268e-03,1.628601364791393280e-02,9.427735349163413048e-04,1.425345777533948421e-03,-2.504262141883373260e-02,-2.064514346420764923e-02,3.096771426498889923e-03,-2.436510287225246429e-02,-3.828619373962283134e-03,-7.069203536957502365e-03,-3.001535311341285706e-02,-7.562162354588508606e-04,-1.163925882428884506e-02,1.064215600490570068e-02,2.205131389200687408e-02,2.123062163591384888e-01,-3.167719021439552307e-02,-4.042740911245346069e-03,6.209522020071744919e-03,-4.755413625389337540e-03,1.546787749975919724e-02,2.275439910590648651e-02,-2.702084835618734360e-03,-1.491819322109222412e-02,2.858361601829528809e-02,-3.180502355098724365e-02,-1.043123006820678711e-02,-1.732146600261330605e-03,5.812438321299850941e-04,3.796661039814352989e-03,-2.504262141883373260e-02,-8.411457762122154236e-03,-1.480314228683710098e-02,-3.940473776310682297e-03,-2.208966389298439026e-02,2.462077140808105469e-02,1.594086177647113800e-02,3.512230934575200081e-03,-1.441964134573936462e-02,1.849753595888614655e-02,1.208028476685285568e-02,-2.125874534249305725e-02,3.812640206888318062e-03,1.314130425453186035e-02,2.113091014325618744e-02,-2.469747141003608704e-02,-2.221749722957611084e-02,1.452190801501274109e-02,-4.097070079296827316e-03,-5.948261823505163193e-04,6.762402597814798355e-03,2.265213243663311005e-02,2.278635744005441666e-03,1.811403594911098480e-02,-7.951255887746810913e-03,1.392109040170907974e-02,-4.186553880572319031e-03,2.201935509219765663e-03,9.721753187477588654e-03,-8.692692033946514130e-03,9.159284643828868866e-03,-2.413500286638736725e-02,-2.750981226563453674e-02,-2.712631225585937500e-02,5.883546080440282822e-03,-7.714763749390840530e-03,8.251665160059928894e-03,2.804671414196491241e-02,2.246038056910037994e-02,1.429180800914764404e-02,-4.033153411000967026e-03,1.242543570697307587e-02,7.248170673847198486e-03,-1.525056082755327225e-02,-1.139637455344200134e-02,2.093916013836860657e-02,1.231677737087011337e-02,-2.988751977682113647e-02,3.323676297441124916e-03,6.110450718551874161e-03,2.478695474565029144e-02,-3.032215312123298645e-02,-5.311490502208471298e-03,8.935575373470783234e-03,-1.982700638473033905e-02,-1.668229885399341583e-02,-1.351202186197042465e-02,1.257244404405355453e-02,2.881371602416038513e-02,-1.752600073814392090e-02,-9.657836519181728363e-03,-1.453469227999448776e-02,2.403273619711399078e-02,7.567754946649074554e-03,8.238881826400756836e-03,-1.569957588799297810e-03,-1.572354510426521301e-02,-5.937875248491764069e-03,-1.496932655572891235e-02,6.110450718551874161e-03,-1.169039215892553329e-02,3.044998832046985626e-02,3.223007079213857651e-03,-2.047895826399326324e-02,4.374469071626663208e-02,1.835691928863525391e-02,-2.266491577029228210e-02,-1.165843382477760315e-02,1.813640585169196129e-03,-9.657836519181728363e-03,-3.707177238538861275e-03,-1.323078852146863937e-02,1.646498031914234161e-02,-1.503324322402477264e-02,-2.403273480013012886e-03,-1.591529510915279388e-02,-2.845578268170356750e-02,3.009205311536788940e-02,3.138317260891199112e-03,-4.034751327708363533e-04,1.276419498026371002e-02,6.251067854464054108e-03,3.027101978659629822e-02,6.458797957748174667e-03,-1.179265882819890976e-02,2.890639472752809525e-03,-1.626044698059558868e-02,6.442818325012922287e-03,-6.337355822324752808e-03,1.645219698548316956e-02,4.899226594716310501e-03,2.336800098419189453e-02,-2.643600851297378540e-02,1.163925882428884506e-02,1.916227117180824280e-02,1.595364511013031006e-02,-1.224646810442209244e-02,-1.962247304618358612e-03,9.996595792472362518e-03,-1.764105074107646942e-02,-1.894495449960231781e-02,-3.845237568020820618e-02,-1.978226471692323685e-03,-6.391684990376234055e-03,-2.311233244836330414e-02,-9.731340687721967697e-04,-1.811403594911098480e-02,1.591529510915279388e-02,-9.926286526024341583e-03,1.057823840528726578e-02,8.392282761633396149e-03,5.679012276232242584e-03,-1.480314228683710098e-02,-1.693796552717685699e-02,1.952020637691020966e-02,-8.916400838643312454e-04,1.006051246076822281e-02,1.105761528015136719e-02,1.472644228488206863e-02,-7.644455414265394211e-03,1.807568594813346863e-02,2.707517705857753754e-02,2.350542228668928146e-03,-4.445416852831840515e-03,1.992607722058892250e-03,-2.563065616413950920e-03,5.340253002941608429e-03,6.062513217329978943e-03,7.586929947137832642e-03,2.252429723739624023e-02,1.580024510622024536e-02,-1.996762491762638092e-02,-2.745867893099784851e-02,1.720641553401947021e-02,-7.286521140486001968e-03,-6.059317290782928467e-02,-1.882990449666976929e-02,6.324572488665580750e-03,-5.576745141297578812e-03,-6.088079884648323059e-03,-7.874555885791778564e-03,-1.605591326951980591e-01,-3.854985116049647331e-04,7.529404945671558380e-03,-2.086246013641357422e-02,2.348305098712444305e-02,9.242376312613487244e-03,1.587694510817527771e-02,8.673517033457756042e-03,-1.237430237233638763e-02,1.022030413150787354e-02,1.542952749878168106e-02,1.399778993800282478e-03,-2.465912140905857086e-02,-4.100265912711620331e-03,3.928888763766735792e-04,6.244676187634468079e-03,-1.351202186197042465e-02,3.267429396510124207e-02,1.306460425257682800e-02,1.147946622222661972e-02,1.103844027966260910e-02,1.978865638375282288e-02,-3.006648644804954529e-02,-9.210417978465557098e-03,4.768196959048509598e-03,2.216636389493942261e-02,-1.813960261642932892e-02,3.819670900702476501e-02,1.751321717165410519e-03,-1.775610074400901794e-02,-1.843361929059028625e-02,3.230996895581483841e-03,3.914267942309379578e-02,-5.397778004407882690e-03,9.076192975044250488e-03,1.804053084924817085e-03,-5.963442381471395493e-03,1.730868220329284668e-02,-1.355037186294794083e-02,1.424067467451095581e-02,1.976308971643447876e-02,1.049514673650264740e-02,-1.091699767857789993e-02,9.434127248823642731e-03,-1.101926527917385101e-02,3.535880148410797119e-02,8.941967040300369263e-03,-1.087225601077079773e-02,4.045936744660139084e-03,-1.254048570990562439e-02,-1.298151258379220963e-02,-9.306292980909347534e-03,-1.107039861381053925e-02,-9.005884639918804169e-03,1.519942749291658401e-02,-4.034751327708363533e-04,-3.218852728605270386e-02,-3.908515442162752151e-03,-1.810125261545181274e-02,-2.549003995954990387e-02,-1.429180800914764404e-02,-1.632436364889144897e-02,1.526334416121244431e-02,-9.913503192365169525e-03,2.079854346811771393e-02,-1.813960261642932892e-02,4.720259457826614380e-03,-1.737260073423385620e-02,-2.878814935684204102e-02,1.600478030741214752e-02,5.985813215374946594e-03,-2.422448620200157166e-02,4.739434458315372467e-03,-2.674281038343906403e-02,3.788990899920463562e-02,-1.122379861772060394e-02,-3.673940524458885193e-02,2.384098619222640991e-02,1.129410788416862488e-02,-3.888701274991035461e-02,-8.807742036879062653e-03,2.876258268952369690e-02,-2.322738431394100189e-02,1.968638971447944641e-02,2.726053586229681969e-03,1.587694510817527771e-02,1.600478030741214752e-02,-4.285624716430902481e-03,2.465912140905857086e-02,6.391684990376234055e-03,1.290481258183717728e-02,-1.998040825128555298e-02,7.937673944979906082e-04,-3.047555498778820038e-02,2.269048243761062622e-02,1.159451715648174286e-02,2.863474935293197632e-02,9.811236523091793060e-03,-7.050028536468744278e-03,-2.217914676293730736e-03,1.936680637300014496e-02,-2.082411013543605804e-02,-3.753197565674781799e-02,2.281831577420234680e-02,-3.008885774761438370e-03,-4.950359929352998734e-03,1.666951552033424377e-02,1.198440976440906525e-02,1.127493288367986679e-02,-1.271945331245660782e-02,-3.496251767501235008e-03,-4.090678412467241287e-04,2.123637357726693153e-03,1.491819322109222412e-02,4.059998318552970886e-02,1.078277267515659332e-02,8.814133703708648682e-03,-5.410561338067054749e-03,-4.742630291730165482e-03,-7.721155416220426559e-03,4.287542402744293213e-02,8.679908700287342072e-03,-5.493653472512960434e-03,-3.371613798663020134e-03,-3.975627943873405457e-03,-2.440025797113776207e-03,-1.267087608575820923e-01,-2.332965098321437836e-02,1.739816740155220032e-02,1.776888407766819000e-02,1.066133100539445877e-02,3.374809771776199341e-02,1.314130425453186035e-02,-6.484364625066518784e-03,-2.524715662002563477e-02,-8.596816100180149078e-03,-1.663116365671157837e-02,-1.330748852342367172e-02,-9.223201312124729156e-03,2.734043169766664505e-03,1.476479228585958481e-02,-5.500045139342546463e-03,-6.890236400067806244e-03,-2.137379534542560577e-02,-1.193327642977237701e-02,3.323676064610481262e-02,-4.077895078808069229e-03,7.753113750368356705e-03,-1.629879698157310486e-02,-2.037669159471988678e-02,1.668229885399341583e-02,1.865093782544136047e-02,-3.295552730560302734e-02,2.502983808517456055e-02,1.317965425550937653e-02,-5.672620609402656555e-03,-1.449634134769439697e-02,-9.459693916141986847e-03,-3.202234162017703056e-03,1.553179509937763214e-02,-1.248296070843935013e-02,-3.124255686998367310e-02,-2.748424559831619263e-02,-1.833135262131690979e-02,1.808846928179264069e-02,-3.198399022221565247e-02,1.225286070257425308e-02,-1.005412079393863678e-02,-1.507159322500228882e-02,-2.899268269538879395e-02,9.542785584926605225e-03,2.968937624245882034e-03,-3.969236277043819427e-03,1.406170707195997238e-02,3.078235499560832977e-02,5.480870138853788376e-03,-5.710970610380172729e-03,-2.658941037952899933e-02,-1.140276622027158737e-02,4.547683987766504288e-03,8.392282761633396149e-03,-1.305821258574724197e-02,-6.388489156961441040e-03,1.522499416023492813e-02,-2.348305098712444305e-02,2.074741013348102570e-02,-7.471879944205284119e-03,5.966638214886188507e-03,-6.455602124333381653e-03,-1.065493933856487274e-02,1.585137844085693359e-02,-1.425345800817012787e-02,-6.330964155495166779e-03,-4.988710395991802216e-03,1.302625425159931183e-02,-1.805011928081512451e-02,3.259759396314620972e-02,-2.913010539487004280e-03,-1.136441621929407120e-02,2.454407140612602234e-02,-2.127152867615222931e-02,5.653445608913898468e-03,-8.801350370049476624e-03,-2.087524347007274628e-02,1.548066083341836929e-02,-4.313109070062637329e-02,-2.242203056812286377e-02,-1.115988194942474365e-02,-1.914309686981141567e-03,-8.353932760655879974e-03,3.553776815533638000e-02,-9.645053185522556305e-03,1.299429591745138168e-02,-2.866031602025032043e-02,5.588729400187730789e-04,-4.733042791485786438e-03,5.448911339044570923e-03,-9.753711521625518799e-03,2.032555826008319855e-02,-2.018494158983230591e-02,-6.941370200365781784e-03,1.301986258476972580e-02,-2.506818808615207672e-02,-2.532705198973417282e-03,-2.878255618270486593e-04,3.882948774844408035e-03,-2.533663995563983917e-02,2.104142680764198303e-02,-3.699507191777229309e-02,1.784558407962322235e-02,-1.922618784010410309e-02,-7.146702846512198448e-04,-2.184358425438404083e-03,-4.249192401766777039e-02,4.806546960026025772e-03,-2.932505123317241669e-02,-1.084668934345245361e-02,1.041045761667191982e-03,-1.464974228292703629e-02,1.248296070843935013e-02,-1.393387373536825180e-02,2.224306343123316765e-03,-1.265553664416074753e-02,9.772886522114276886e-03,4.036349244415760040e-03,3.352438798174262047e-03,1.091060601174831390e-02,2.929948456585407257e-02,4.125832580029964447e-03,2.612601267173886299e-03,-4.800155293196439743e-03,2.082411013543605804e-02,-3.408046439290046692e-02,1.245739404112100601e-02,-1.099369861185550690e-02,1.753878407180309296e-02,1.347846584394574165e-03,-9.031451307237148285e-03,-4.522117320448160172e-03,-1.991648972034454346e-02,9.274334646761417389e-03,2.467190474271774292e-02,1.151142455637454987e-02,-3.916824609041213989e-02,1.493097655475139618e-02,4.803351126611232758e-03,1.020112913101911545e-02,2.015937492251396179e-02,-2.568178996443748474e-02,-1.097452361136674881e-02,2.537498995661735535e-02,1.766661740839481354e-02,4.382299084682017565e-04,9.657836519181728363e-03,-1.535282749682664871e-02,2.003154158592224121e-02,8.508930914103984833e-04,-2.068349346518516541e-02,1.277697831392288208e-02,2.669167704880237579e-02,-4.880051594227552414e-03,-2.563065662980079651e-02,-4.195502027869224548e-02,-2.148884534835815430e-02,2.390490286052227020e-02,-1.163286715745925903e-02,1.747486740350723267e-02,-3.842680901288986206e-02,5.044317990541458130e-02,6.275835912674665451e-04,7.618888746947050095e-03,-6.596218794584274292e-03,7.395179476588964462e-03,2.669167704880237579e-02,2.032555826008319855e-02,-1.625085948035120964e-03,1.820351928472518921e-02,-1.741095073521137238e-02,2.285027410835027695e-03,6.858278065919876099e-03,1.182461716234683990e-02,1.963525637984275818e-02,1.222090143710374832e-02,1.835691928863525391e-02,2.089781446557026356e-05,-7.880947552621364594e-03,-3.149822354316711426e-02,6.570652127265930176e-03,3.328789398074150085e-02,-1.420232374221086502e-02,-1.454358061891980469e-05,4.017174243927001953e-03,-2.088483190163969994e-03,2.432675287127494812e-02,-1.038648840039968491e-02,6.330964155495166779e-03,2.505540614947676659e-03,1.549983571749180555e-04,-4.081090912222862244e-03,3.307697130367159843e-03,1.467530895024538040e-02,7.024461869150400162e-03,-5.752516444772481918e-03,2.139936201274394989e-02,1.289522508159279823e-03,9.402168914675712585e-03,1.537839416414499283e-02,3.267429396510124207e-02,-1.241265237331390381e-02,1.334583852440118790e-02,1.092978101223707199e-02,4.841701593250036240e-03,-2.980123274028301239e-03,1.636271364986896515e-02,-8.571249432861804962e-03,1.938278437592089176e-03,6.692094262689352036e-03,9.357427246868610382e-03,9.987007360905408859e-04,1.990370638668537140e-02,3.129369020462036133e-02,1.504602655768394470e-02,-2.342952066101133823e-04,2.221749722957611084e-02,1.124297361820936203e-02,-2.702404372394084930e-02,-1.661838032305240631e-02,2.998978644609451294e-02,1.886825449764728546e-02,7.721155416220426559e-03,2.427561953663825989e-02,-2.702404372394084930e-02,1.721919886767864227e-02,8.609599433839321136e-03,-2.720301225781440735e-02,-7.209820672869682312e-03,8.673517033457756042e-03,1.401057373732328415e-02,1.820351928472518921e-02,-3.349243104457855225e-02,-3.564003482460975647e-02,-2.313789911568164825e-02,-9.357427246868610382e-03,2.578405663371086121e-02,3.390789031982421875e-03,2.797001414000988007e-02,-2.408067230135202408e-03,2.027442492544651031e-02,1.940515637397766113e-02,-1.650333032011985779e-02,-7.158687338232994080e-03,2.605250850319862366e-02,2.704961039125919342e-02,-7.695588748902082443e-03,1.671425648964941502e-03,2.012102492153644562e-02,-2.008267492055892944e-02,2.721259836107492447e-03,-8.878050372004508972e-03,-2.879454055801033974e-03,-2.643600851297378540e-02,-3.400376439094543457e-02,-8.341149426996707916e-03,-8.437024429440498352e-03,9.951853193342685699e-03,1.558292843401432037e-02,6.461993791162967682e-03,2.658941037952899933e-02,-3.962844610214233398e-03,3.966040443629026413e-03,-1.424067467451095581e-02,-1.105761528015136719e-02,-1.813960261642932892e-02,8.577641099691390991e-03,-1.112153194844722748e-02,9.204026311635971069e-03,-2.375150099396705627e-02,4.566858988255262375e-03,2.833114471286535263e-03,-3.226522728800773621e-02,-6.954153534024953842e-03,2.371315099298954010e-02,2.130029024556279182e-03,-1.747486740350723267e-02,-8.948358707129955292e-03,1.136441621929407120e-02,-7.382396142929792404e-03,-1.241265237331390381e-02,2.021050825715065002e-02,-1.788393408060073853e-02,-9.632268920540809631e-03,5.977503955364227295e-02,-3.860577708110213280e-03,6.311789155006408691e-03,1.468809228390455246e-02,-2.101586014032363892e-02
